Frequency (Hz),Measurement
2000000000.0,0.1892307847738266
2000937472.0,0.18258395791053772
2001874944.0,0.17379777133464813
2002812544.0,0.16539229452610016
2003750016.0,0.15531307458877563
2004687488.0,0.14535655081272125
2005624960.0,0.13391797244548798
2006562560.0,0.12152284383773804
2007500032.0,0.10943219065666199
2008437504.0,0.09759461879730225
2009374976.0,0.08405277878046036
2010312448.0,0.07044383883476257
2011250048.0,0.05694198980927467
2012187520.0,0.042162854224443436
2013124992.0,0.02791205793619156
2014062464.0,0.013225548900663853
2015000064.0,-0.0009563029161654413
2015937536.0,-0.014985729940235615
2016875008.0,-0.028767848387360573
2017812480.0,-0.04162406921386719
2018749952.0,-0.053673163056373596
2019687552.0,-0.06585224717855453
2020625024.0,-0.07646674662828445
2021562496.0,-0.0867123231291771
2022499968.0,-0.09445057809352875
2023437440.0,-0.10269820690155029
2024375040.0,-0.10806562751531601
2025312512.0,-0.11228582262992859
2026249984.0,-0.11525987833738327
2027187456.0,-0.11653148382902145
2028125056.0,-0.11713951826095581
2029062528.0,-0.11537771672010422
2030000000.0,-0.11099585890769958
2030937472.0,-0.10575409978628159
2031874944.0,-0.10050679743289948
2032812544.0,-0.09347624331712723
2033750016.0,-0.08342395722866058
2034687488.0,-0.07416203618049622
2035624960.0,-0.06245023384690285
2036562560.0,-0.05062472075223923
2037500032.0,-0.037802550941705704
2038437504.0,-0.024492235854268074
2039374976.0,-0.00984932016581297
2040312448.0,0.004113819450139999
2041250048.0,0.017805971205234528
2042187520.0,0.03177277743816376
2043124992.0,0.04631529003381729
2044062464.0,0.060031693428754807
2044999936.0,0.07265374809503555
2045937536.0,0.0850396454334259
2046875008.0,0.09619815647602081
2047812480.0,0.10717707872390747
2048749952.0,0.10384614020586014
2049687552.0,0.11361853778362274
2050625024.0,0.12004812061786652
2051562496.0,0.12524233758449554
2052499968.0,0.12975789606571198
2053437440.0,0.13139712810516357
2054375040.0,0.13146565854549408
2055312512.0,0.12934191524982452
2056249984.0,0.12534081935882568
2057187456.0,0.11830565333366394
2058125056.0,0.11017392575740814
2059062528.0,0.10074169188737869
2060000000.0,0.0884445458650589
2060937472.0,0.07471062988042831
2061874944.0,0.059965211898088455
2062812544.0,0.04477761685848236
2063750016.0,0.027843642979860306
2064687488.0,0.010313103906810284
2065624960.0,-0.006563267204910517
2066562560.0,-0.024543846026062965
2067500032.0,-0.04139980673789978
2068437504.0,-0.05773743614554405
2069374976.0,-0.07293593138456345
2070312448.0,-0.08724337071180344
2071250048.0,-0.09988690167665482
2072187520.0,-0.11137674003839493
2073124992.0,-0.12100182473659515
2074062464.0,-0.12912586331367493
2075000064.0,-0.134720116853714
2075937536.0,-0.13800442218780518
2076875008.0,-0.13917790353298187
2077812480.0,-0.13864803314208984
2078749952.0,-0.13572163879871368
2079687552.0,-0.13164681196212769
2080625024.0,-0.1253671497106552
2081562496.0,-0.11738470196723938
2082499968.0,-0.10792573541402817
2083437440.0,-0.09759097546339035
2084375040.0,-0.08618240058422089
2085312512.0,-0.0753466784954071
2086249984.0,-0.06261754035949707
2087187456.0,-0.05027506873011589
2088125056.0,-0.03827058523893356
2089062528.0,-0.02573193795979023
2090000000.0,-0.013858704827725887
2090937472.0,-0.0026405262760818005
2091874944.0,0.007847310975193977
2092812544.0,0.01772432029247284
2093750016.0,0.02723766677081585
2094687488.0,0.034437865018844604
2095624960.0,0.04212522879242897
2096562560.0,0.04790029674768448
2097500032.0,0.054262660443782806
2098437504.0,0.05972432345151901
2099374976.0,0.06488639116287231
2100312448.0,0.06860896199941635
2101250048.0,0.07316956669092178
2102187520.0,0.07712956517934799
2103124992.0,0.08170204609632492
2104062464.0,0.0865255668759346
2104999936.0,0.09066145867109299
2105937536.0,0.094398133456707
2106875008.0,0.09941719472408295
2107812480.0,0.1046254113316536
2108749952.0,0.13447247445583344
2109687552.0,0.14028120040893555
2110625024.0,0.1450272500514984
2111562496.0,0.15049149096012115
2112499968.0,0.15413011610507965
2113437440.0,0.1569044440984726
2114375040.0,0.1592697948217392
2115312512.0,0.15913885831832886
2116249984.0,0.15868353843688965
2117187456.0,0.1554749459028244
2118125056.0,0.15295760333538055
2119062528.0,0.14716488122940063
2120000000.0,0.14228945970535278
2120937472.0,0.13524994254112244
2121874944.0,0.1264762282371521
2122812544.0,0.11711292713880539
2123750016.0,0.10587161034345627
2124687488.0,0.09481348097324371
2125624960.0,0.08310294896364212
2126562560.0,0.06928931176662445
2127500032.0,0.056292638182640076
2128437504.0,0.04292468726634979
2129374976.0,0.029858672991394997
2130312448.0,0.015474432148039341
2131250048.0,0.0027690078131854534
2132187520.0,-0.010468224994838238
2133124992.0,-0.021670518442988396
2134062464.0,-0.03369646146893501
2135000064.0,-0.042524971067905426
2135937536.0,-0.05223952606320381
2136875008.0,-0.06086018681526184
2137812480.0,-0.06706360727548599
2138749952.0,-0.07259006798267365
2139687552.0,-0.07618340104818344
2140625024.0,-0.07880173623561859
2141562496.0,-0.08015861362218857
2142499968.0,-0.07900822907686234
2143437440.0,-0.07789411395788193
2144375040.0,-0.0748118981719017
2145312512.0,-0.07018609344959259
2146249984.0,-0.06481444090604782
2147187456.0,-0.05847032368183136
2148124928.0,-0.05123000964522362
2149062400.0,-0.04322012886404991
2150000128.0,-0.03400208428502083
2150937600.0,-0.02485606074333191
2151875072.0,-0.015365101397037506
2152812544.0,-0.0067122760228812695
2153750016.0,0.003739145817235112
2154687488.0,0.01304915826767683
2155624960.0,0.021056633442640305
2156562432.0,0.030373098328709602
2157499904.0,0.03832097724080086
2158437376.0,0.04523418843746185
2159375104.0,0.052160363644361496
2160312576.0,0.05875837057828903
2161250048.0,0.06441980600357056
2162187520.0,0.06947758048772812
2163124992.0,0.07284492999315262
2164062464.0,0.07622560113668442
2164999936.0,0.08043394982814789
2165937408.0,0.08232445269823074
2166874880.0,0.08487445116043091
2167812608.0,0.08592935651540756
2168750080.0,0.15806828439235687
2169687552.0,0.1605493575334549
2170625024.0,0.1590798944234848
2171562496.0,0.15643277764320374
2172499968.0,0.1533016711473465
2173437440.0,0.1473279446363449
2174374912.0,0.14037860929965973
2175312384.0,0.13225191831588745
2176250112.0,0.1228201612830162
2177187584.0,0.11238914728164673
2178125056.0,0.10080160200595856
2179062528.0,0.08887758105993271
2180000000.0,0.0768008902668953
2180937472.0,0.06303633004426956
2181874944.0,0.05002433434128761
2182812416.0,0.0362711027264595
2183749888.0,0.021757055073976517
2184687616.0,0.008787844330072403
2185625088.0,-0.00449252687394619
2186562560.0,-0.017933480441570282
2187500032.0,-0.03024028241634369
2188437504.0,-0.04251209646463394
2189374976.0,-0.05409380793571472
2190312448.0,-0.06480516493320465
2191249920.0,-0.0744682103395462
2192187392.0,-0.0844205692410469
2193125120.0,-0.0913095772266388
2194062592.0,-0.09920625388622284
2195000064.0,-0.10508393496274948
2195937536.0,-0.1103215217590332
2196875008.0,-0.11450815945863724
2197812480.0,-0.11758570373058319
2198749952.0,-0.12033790349960327
2199687424.0,-0.12249653041362762
2200624896.0,-0.1220722496509552
2201562624.0,-0.12292646616697311
2202500096.0,-0.1221640557050705
2203437568.0,-0.1203543096780777
2204375040.0,-0.11842022091150284
2205312512.0,-0.11472292989492416
2206249984.0,-0.11216700077056885
2207187456.0,-0.1078723594546318
2208124928.0,-0.10377412289381027
2209062400.0,-0.09978686273097992
2209999872.0,-0.09391605108976364
2210937600.0,-0.0887756198644638
2211875072.0,-0.08152370899915695
2212812544.0,-0.07515987008810043
2213750016.0,-0.06708104908466339
2214687488.0,-0.05921531096100807
2215624960.0,-0.05101411044597626
2216562432.0,-0.043908681720495224
2217499904.0,-0.035965580493211746
2218437376.0,-0.02739691361784935
2219375104.0,-0.018764277920126915
2220312576.0,-0.009595454670488834
2221250048.0,1.426040216756519e-05
2222187520.0,0.009112710133194923
2223124992.0,0.01946103759109974
2224062464.0,0.02935902029275894
2224999936.0,0.039512887597084045
2225937408.0,0.04959488287568092
2226874880.0,0.06036829203367233
2227812608.0,0.06910236179828644
2228750080.0,0.07645832747220993
2229687552.0,0.08489158004522324
2230625024.0,0.09356141835451126
2231562496.0,0.10040450841188431
2232499968.0,0.1075986698269844
2233437440.0,0.11355549842119217
2234374912.0,0.11730271577835083
2235312384.0,0.12092094123363495
2236250112.0,0.12300869822502136
2237187584.0,0.12281258404254913
2238125056.0,0.12077818065881729
2239062528.0,0.11659440398216248
2240000000.0,0.11161377280950546
2240937472.0,0.1045764684677124
2241874944.0,0.09782663732767105
2242812416.0,0.08799715340137482
2243749888.0,0.07782217860221863
2244687616.0,0.06726235151290894
2245625088.0,0.055045634508132935
2246562560.0,0.04146681725978851
2247500032.0,0.028404051437973976
2248437504.0,0.012860899791121483
2249374976.0,-0.0023657067213207483
2250312448.0,-0.01917535811662674
2251249920.0,-0.03665052726864815
2252187392.0,-0.05506254732608795
2253125120.0,-0.07352137565612793
2254062592.0,-0.0924963429570198
2255000064.0,-0.11146725714206696
2255937536.0,-0.13072074949741364
2256875008.0,-0.1500968337059021
2257812480.0,-0.1695042997598648
2258749952.0,-0.18816693127155304
2259687424.0,-0.20826295018196106
2260624896.0,-0.22697454690933228
2261562624.0,-0.24529968202114105
2262500096.0,-0.26280102133750916
2263437568.0,-0.28008294105529785
2264375040.0,-0.2949649691581726
2265312512.0,-0.31038492918014526
2266249984.0,-0.32220661640167236
2267187456.0,-0.3358492851257324
2268124928.0,-0.346567839384079
2269062400.0,-0.35549068450927734
2270000128.0,-0.3633946478366852
2270937600.0,-0.3685131072998047
2271875072.0,-0.37297335267066956
2272812544.0,-0.3757878541946411
2273750016.0,-0.37687090039253235
2274687488.0,-0.37765100598335266
2275624960.0,-0.3755358159542084
2276562432.0,-0.3730989992618561
2277499904.0,-0.3694510757923126
2278437376.0,-0.36372435092926025
2279375104.0,-0.35641154646873474
2280312576.0,-0.3484891355037689
2281250048.0,-0.34015214443206787
2282187520.0,-0.33073002099990845
2283124992.0,-0.32121542096138
2284062464.0,-0.30935412645339966
2284999936.0,-0.298482745885849
2285937408.0,-0.288034588098526
2286874880.0,-0.278459757566452
2287812608.0,-0.26900461316108704
2288750080.0,-0.2830025255680084
2289687552.0,-0.28534621000289917
2290625024.0,-0.2894507646560669
2291562496.0,-0.29178890585899353
2292499968.0,-0.295673668384552
2293437440.0,-0.29951316118240356
2294374912.0,-0.3044026792049408
2295312384.0,-0.3098655045032501
2296250112.0,-0.3160458505153656
2297187584.0,-0.3234214782714844
2298125056.0,-0.3325548470020294
2299062528.0,-0.3435872495174408
2300000000.0,-0.35535454750061035
2300937472.0,-0.36876752972602844
2301874944.0,-0.38465455174446106
2302812416.0,-0.40202829241752625
2303749888.0,-0.4217458665370941
2304687616.0,-0.44405344128608704
2305625088.0,-0.46956565976142883
2306562560.0,-0.4964245557785034
2307500032.0,-0.5261827707290649
2308437504.0,-0.5586162209510803
2309374976.0,-0.5897843837738037
2310312448.0,-0.6170411705970764
2311249920.0,-0.644112229347229
2312187392.0,-0.6737849712371826
2313125120.0,-0.7042604088783264
2314062592.0,-0.7364833354949951
2315000064.0,-0.7693963646888733
2315937536.0,-0.8028466105461121
2316875008.0,-0.8377812504768372
2317812480.0,-0.8737213015556335
2318749952.0,-0.9077258110046387
2319687424.0,-0.9425991177558899
2320624896.0,-0.9764712452888489
2321562624.0,-1.0095136165618896
2322500096.0,-1.0401300191879272
2323437568.0,-1.0703325271606445
2324375040.0,-1.0980355739593506
2325312512.0,-1.124468445777893
2326249984.0,-1.1495378017425537
2327187456.0,-1.1719970703125
2328124928.0,-1.191927194595337
2329062400.0,-1.2104376554489136
2329999872.0,-1.2260559797286987
2330937600.0,-1.2391165494918823
2331875072.0,-1.2485491037368774
2332812544.0,-1.2563440799713135
2333750016.0,-1.2618578672409058
2334687488.0,-1.2636609077453613
2335624960.0,-1.2639830112457275
2336562432.0,-1.2617846727371216
2337499904.0,-1.2582658529281616
2338437376.0,-1.2524091005325317
2339375104.0,-1.2441619634628296
2340312576.0,-1.2332228422164917
2341250048.0,-1.221627950668335
2342187520.0,-1.2090554237365723
2343124992.0,-1.1955164670944214
2344062464.0,-1.1806550025939941
2344999936.0,-1.1656960248947144
2345937408.0,-1.1505553722381592
2346874880.0,-1.135302186012268
2347812608.0,-1.1208264827728271
2348750080.0,-1.0914835929870605
2349687552.0,-1.080901861190796
2350625024.0,-1.070614218711853
2351562496.0,-1.0602964162826538
2352499968.0,-1.0511157512664795
2353437440.0,-1.0417828559875488
2354374912.0,-1.0327924489974976
2355312384.0,-1.0262579917907715
2356250112.0,-1.0186946392059326
2357187584.0,-1.0124590396881104
2358125056.0,-1.0074456930160522
2359062528.0,-1.0031734704971313
2360000000.0,-1.000686764717102
2360937472.0,-0.9995667338371277
2361874944.0,-1.0000232458114624
2362812416.0,-1.0015428066253662
2363749888.0,-1.0049611330032349
2364687616.0,-1.0097719430923462
2365625088.0,-1.0157688856124878
2366562560.0,-1.023041009902954
2367500032.0,-1.0317647457122803
2368437504.0,-1.040824055671692
2369374976.0,-1.050173044204712
2370312448.0,-1.059999942779541
2371249920.0,-1.0701351165771484
2372187392.0,-1.0770363807678223
2373125120.0,-1.0842827558517456
2374062592.0,-1.09054434299469
2375000064.0,-1.0937291383743286
2375937536.0,-1.0955920219421387
2376875008.0,-1.0932698249816895
2377812480.0,-1.0891859531402588
2378749952.0,-1.0808907747268677
2379687424.0,-1.0687373876571655
2380624896.0,-1.0547703504562378
2381562624.0,-1.036662220954895
2382500096.0,-1.016482949256897
2383437568.0,-0.9929336309432983
2384375040.0,-0.9663071632385254
2385312512.0,-0.9377180933952332
2386249984.0,-0.906079888343811
2387187456.0,-0.8732190132141113
2388124928.0,-0.8393034338951111
2389062400.0,-0.8032490611076355
2390000128.0,-0.7674726843833923
2390937600.0,-0.7313811182975769
2391875072.0,-0.6952205896377563
2392812544.0,-0.6601836681365967
2393750016.0,-0.6255422830581665
2394687488.0,-0.5909771919250488
2395624960.0,-0.558256208896637
2396562432.0,-0.5250707268714905
2397499904.0,-0.4945090115070343
2398437376.0,-0.4639149606227875
2399375104.0,-0.43388116359710693
2400312576.0,-0.4056948125362396
2401250048.0,-0.3782249689102173
2402187520.0,-0.3521597683429718
2403124992.0,-0.32547760009765625
2404062464.0,-0.29985108971595764
2404999936.0,-0.2760987877845764
2405937408.0,-0.2511889636516571
2406874880.0,-0.22791798412799835
2407812608.0,-0.20428135991096497
2408750080.0,-0.13091404736042023
2409687552.0,-0.10829519480466843
2410625024.0,-0.08760552853345871
2411562496.0,-0.06758073717355728
2412499968.0,-0.050021056085824966
2413437440.0,-0.03387172147631645
2414374912.0,-0.020507553592324257
2415312384.0,-0.010351274162530899
2416250112.0,-0.0015096147544682026
2417187584.0,0.003847699612379074
2418125056.0,0.0063379374332726
2419062528.0,0.004553135018795729
2420000000.0,-9.916626731865108e-05
2420937472.0,-0.008420025929808617
2421874944.0,-0.01882478967308998
2422812416.0,-0.03352714702486992
2423749888.0,-0.05190663784742355
2424687616.0,-0.07215678691864014
2425625088.0,-0.09489603340625763
2426562560.0,-0.12064513564109802
2427500032.0,-0.14725765585899353
2428437504.0,-0.1761021763086319
2429374976.0,-0.20573508739471436
2430312448.0,-0.23553942143917084
2431249920.0,-0.26639291644096375
2432187392.0,-0.29557526111602783
2433125120.0,-0.32294607162475586
2434062592.0,-0.3498581647872925
2435000064.0,-0.3745681643486023
2435937536.0,-0.39745795726776123
2436875008.0,-0.41824907064437866
2437812480.0,-0.43458184599876404
2438749952.0,-0.4488348364830017
2439687424.0,-0.45805951952934265
2440624896.0,-0.46566107869148254
2441562624.0,-0.46821922063827515
2442500096.0,-0.4680458903312683
2443437568.0,-0.4635932445526123
2444375040.0,-0.4556036591529846
2445312512.0,-0.4439776837825775
2446249984.0,-0.4303276240825653
2447187456.0,-0.41059595346450806
2448124928.0,-0.3913990557193756
2449062400.0,-0.3673415780067444
2449999872.0,-0.3419705331325531
2450937600.0,-0.3133932948112488
2451875072.0,-0.28482019901275635
2452812544.0,-0.2541825771331787
2453750016.0,-0.22208701074123383
2454687488.0,-0.18866248428821564
2455624960.0,-0.1559089869260788
2456562432.0,-0.12195070832967758
2457499904.0,-0.08917571604251862
2458437376.0,-0.05623582750558853
2459375104.0,-0.02438194490969181
2460312576.0,0.007829255424439907
2461250048.0,0.037948522716760635
2462187520.0,0.0666058212518692
2463124992.0,0.09595145285129547
2464062464.0,0.12270014733076096
2464999936.0,0.1483721286058426
2465937408.0,0.17333142459392548
2466874880.0,0.1959342211484909
2467812608.0,0.21739022433757782
2468750080.0,0.12888488173484802
2469687552.0,0.14293316006660461
2470625024.0,0.15994924306869507
2471562496.0,0.17276491224765778
2472499968.0,0.18390405178070068
2473437440.0,0.19345861673355103
2474374912.0,0.20125329494476318
2475312384.0,0.20788197219371796
2476250112.0,0.21187056601047516
2477187584.0,0.2139139622449875
2478125056.0,0.21426932513713837
2479062528.0,0.2125299870967865
2480000000.0,0.20844116806983948
2480937472.0,0.20270882546901703
2481874944.0,0.19504313170909882
2482812416.0,0.18587371706962585
2483749888.0,0.17432807385921478
2484687616.0,0.1612836718559265
2485625088.0,0.1460961401462555
2486562560.0,0.13064280152320862
2487500032.0,0.1121058464050293
2488437504.0,0.09415885806083679
2489374976.0,0.07462797313928604
2490312448.0,0.053675293922424316
2491249920.0,0.033992700278759
2492187392.0,0.01347646676003933
2493125120.0,-0.007694488391280174
2494062592.0,-0.028456013649702072
2495000064.0,-0.04905756935477257
2495937536.0,-0.06961438059806824
2496875008.0,-0.0880519449710846
2497812480.0,-0.10593964904546738
2498749952.0,-0.12222857773303986
2499687424.0,-0.1382514089345932
2500624896.0,-0.15144133567810059
2501562624.0,-0.16304725408554077
2502500096.0,-0.17479413747787476
2503437568.0,-0.183064803481102
2504375040.0,-0.1889215111732483
2505312512.0,-0.19322945177555084
2506249984.0,-0.19629041850566864
2507187456.0,-0.19649061560630798
2508124928.0,-0.19527919590473175
2509062400.0,-0.19163699448108673
2510000128.0,-0.18577119708061218
2510937600.0,-0.1783706545829773
2511875072.0,-0.16879910230636597
2512812544.0,-0.15781809389591217
2513750016.0,-0.1452101767063141
2514687488.0,-0.13127835094928741
2515624960.0,-0.1163221076130867
2516562432.0,-0.10099818557500839
2517499904.0,-0.08266761153936386
2518437376.0,-0.06464149802923203
2519375104.0,-0.04635530337691307
2520312576.0,-0.027576295658946037
2521250048.0,-0.0073110973462462425
2522187520.0,0.01163483876734972
2523124992.0,0.03149290382862091
2524062464.0,0.04914291575551033
2524999936.0,0.0687747672200203
2525937408.0,0.08489042520523071
2526874880.0,0.10057685524225235
2527812608.0,0.11705747991800308
2528750080.0,0.16982652246952057
2529687552.0,0.1757931411266327
2530625024.0,0.18038246035575867
2531562496.0,0.18483270704746246
2532499968.0,0.18776576220989227
2533437440.0,0.19054283201694489
2534374912.0,0.19186171889305115
2535312384.0,0.1918025016784668
2536250112.0,0.19147531688213348
2537187584.0,0.18941375613212585
2538125056.0,0.18809282779693604
2539062528.0,0.18374864757061005
2540000000.0,0.1795474886894226
2540937472.0,0.17234665155410767
2541874944.0,0.1665276139974594
2542812416.0,0.15782462060451508
2543749888.0,0.14927616715431213
2544687616.0,0.139022096991539
2545625088.0,0.12851281464099884
2546562560.0,0.11563416570425034
2547500032.0,0.10189390182495117
2548437504.0,0.0889691561460495
2549374976.0,0.07491900771856308
2550312448.0,0.05900777876377106
2551249920.0,0.04322990030050278
2552187392.0,0.027961209416389465
2553125120.0,0.011991174891591072
2554062592.0,-0.004753939341753721
2555000064.0,-0.02117213048040867
2555937536.0,-0.0361938402056694
2556875008.0,-0.05253221467137337
2557812480.0,-0.06668631732463837
2558749952.0,-0.07981786876916885
2559687424.0,-0.09281887114048004
2560624896.0,-0.10442161560058594
2561562624.0,-0.1146555244922638
2562500096.0,-0.12331171333789825
2563437568.0,-0.12991991639137268
2564375040.0,-0.135661318898201
2565312512.0,-0.13845786452293396
2566249984.0,-0.1394517868757248
2567187456.0,-0.13879919052124023
2568124928.0,-0.13637354969978333
2569062400.0,-0.1318514496088028
2569999872.0,-0.12481110543012619
2570937600.0,-0.11656229197978973
2571875072.0,-0.10539213567972183
2572812544.0,-0.09314566850662231
2573750016.0,-0.08055904507637024
2574687488.0,-0.06410074234008789
2575624960.0,-0.048569805920124054
2576562432.0,-0.031114701181650162
2577499904.0,-0.01347427163273096
2578437376.0,0.006222274154424667
2579375104.0,0.025687897577881813
2580312576.0,0.046303726732730865
2581250048.0,0.06630898267030716
2582187520.0,0.08601725846529007
2583124992.0,0.10584468394517899
2584062464.0,0.1262032836675644
2584999936.0,0.14407861232757568
2585937408.0,0.16003920137882233
2586874880.0,0.17596226930618286
2587812608.0,0.18968091905117035
2588750080.0,0.21394945681095123
2589687552.0,0.22164028882980347
2590625024.0,0.22759316861629486
2591562496.0,0.23045989871025085
2592499968.0,0.2313331663608551
2593437440.0,0.23016412556171417
2594374912.0,0.22663360834121704
2595312384.0,0.22048093378543854
2596250112.0,0.21201781928539276
2597187584.0,0.2024402767419815
2598125056.0,0.19118830561637878
2599062528.0,0.17780238389968872
2600000000.0,0.16352225840091705
2600937472.0,0.147698312997818
2601874944.0,0.13156834244728088
2602812416.0,0.11476212739944458
2603749888.0,0.09721506386995316
2604687616.0,0.07993391901254654
2605625088.0,0.06209883093833923
2606562560.0,0.04556596651673317
2607500032.0,0.029251933097839355
2608437504.0,0.012687629088759422
2609374976.0,-0.0028046832885593176
2610312448.0,-0.017091363668441772
2611249920.0,-0.030061446130275726
2612187392.0,-0.04216286167502403
2613125120.0,-0.052836935967206955
2614062592.0,-0.06341225653886795
2615000064.0,-0.07266931980848312
2615937536.0,-0.07974851876497269
2616875008.0,-0.08637508749961853
2617812480.0,-0.09158726781606674
2618749952.0,-0.09563601016998291
2619687424.0,-0.09771378338336945
2620624896.0,-0.10047364234924316
2621562624.0,-0.10114514827728271
2622500096.0,-0.10155526548624039
2623437568.0,-0.10038457065820694
2624375040.0,-0.09933775663375854
2625312512.0,-0.09666238725185394
2626249984.0,-0.09333834052085876
2627187456.0,-0.08921752870082855
2628124928.0,-0.08400736004114151
2629062400.0,-0.07925637811422348
2630000128.0,-0.07284361869096756
2630937600.0,-0.0664171651005745
2631875072.0,-0.05927116796374321
2632812544.0,-0.05128435418009758
2633750016.0,-0.04373261705040932
2634687488.0,-0.034310661256313324
2635624960.0,-0.02482726238667965
2636562432.0,-0.013985528610646725
2637499904.0,-0.0028354348614811897
2638437376.0,0.009338844567537308
2639375104.0,0.022355396300554276
2640312576.0,0.0359923392534256
2641250048.0,0.049930937588214874
2642187520.0,0.065676249563694
2643124992.0,0.08200091123580933
2644062464.0,0.09766288846731186
2644999936.0,0.11341772973537445
2645937408.0,0.13083967566490173
2646874880.0,0.1477126032114029
2647812608.0,0.22363600134849548
2648750080.0,0.23490788042545319
2649687552.0,0.24372729659080505
2650625024.0,0.2520405352115631
2651562496.0,0.25719183683395386
2652499968.0,0.2593272924423218
2653437440.0,0.26117032766342163
2654374912.0,0.2588951885700226
2655312384.0,0.2540174424648285
2656250112.0,0.2463807314634323
2657187584.0,0.20793719589710236
2658125056.0,0.19117853045463562
2659062528.0,0.1711081564426422
2660000000.0,0.148638516664505
2660937472.0,0.1235404908657074
2661874944.0,0.09733026474714279
2662812416.0,0.07026896625757217
2663749888.0,0.04077115282416344
2664687616.0,0.01229185052216053
2665625088.0,-0.017252767458558083
2666562560.0,-0.04721851274371147
2667500032.0,-0.07557475566864014
2668437504.0,-0.10496410727500916
2669374976.0,-0.12958237528800964
2670312448.0,-0.15405313670635223
2671249920.0,-0.17609819769859314
2672187392.0,-0.19673898816108704
2673125120.0,-0.21410024166107178
2674062592.0,-0.2278154045343399
2675000064.0,-0.23965220153331757
2675937536.0,-0.24786376953125
2676875008.0,-0.25341418385505676
2677812480.0,-0.2561201751232147
2678749952.0,-0.2555074095726013
2679687424.0,-0.25298503041267395
2680624896.0,-0.24652087688446045
2681562624.0,-0.23801879584789276
2682500096.0,-0.2262691855430603
2683437568.0,-0.2133166342973709
2684375040.0,-0.1991645246744156
2685312512.0,-0.1840791404247284
2686249984.0,-0.165235698223114
2687187456.0,-0.1470423936843872
2688124928.0,-0.127341166138649
2689062400.0,-0.10744762420654297
2689999872.0,-0.0878206342458725
2690937600.0,-0.06883896887302399
2691875072.0,-0.04830334708094597
2692812544.0,-0.02804023027420044
2693750016.0,-0.008647308684885502
2694687488.0,0.011085874401032925
2695624960.0,0.030380401760339737
2696562432.0,0.04860784113407135
2697499904.0,0.06639096140861511
2698437376.0,0.08541516959667206
2699375104.0,0.10253062099218369
2700312576.0,0.1192689910531044
2701250048.0,0.13481369614601135
2702187520.0,0.15158911049365997
2703124992.0,0.16717053949832916
2704062464.0,0.1827513575553894
2704999936.0,0.19719605147838593
2705937408.0,0.21152478456497192
2706874880.0,0.22424796223640442
2707812608.0,0.19747886061668396
2708750080.0,0.20332153141498566
2709687552.0,0.2096879929304123
2710625024.0,0.213065043091774
2711562496.0,0.21509714424610138
2712499968.0,0.2173057347536087
2713437440.0,0.2176872044801712
2714374912.0,0.21596293151378632
2715312384.0,0.21382403373718262
2716250112.0,0.20866206288337708
2717187584.0,0.203220933675766
2718125056.0,0.19573582708835602
2719062528.0,0.18817439675331116
2720000000.0,0.17812895774841309
2720937472.0,0.16623236238956451
2721874944.0,0.15313725173473358
2722812416.0,0.14002573490142822
2723749888.0,0.1247776672244072
2724687616.0,0.10847464203834534
2725625088.0,0.09197047352790833
2726562560.0,0.07440159469842911
2727500032.0,0.05673915892839432
2728437504.0,0.038493383675813675
2729374976.0,0.01905285194516182
2730312448.0,8.260544564109296e-05
2731249920.0,-0.017915379256010056
2732187392.0,-0.03641901910305023
2733125120.0,-0.05516193062067032
2734062592.0,-0.07270052284002304
2735000064.0,-0.08935625106096268
2735937536.0,-0.1052175909280777
2736875008.0,-0.12094923108816147
2737812480.0,-0.1343555599451065
2738749952.0,-0.14679144322872162
2739687424.0,-0.1571720540523529
2740624896.0,-0.1669786274433136
2741562624.0,-0.17504467070102692
2742500096.0,-0.1808222383260727
2743437568.0,-0.18490174412727356
2744375040.0,-0.18772216141223907
2745312512.0,-0.1884547919034958
2746249984.0,-0.18792212009429932
2747187456.0,-0.18389366567134857
2748124928.0,-0.17944204807281494
2749062400.0,-0.17245663702487946
2750000128.0,-0.16490688920021057
2750937600.0,-0.15520335733890533
2751875072.0,-0.14275164902210236
2752812544.0,-0.1306988000869751
2753750016.0,-0.1168447956442833
2754687488.0,-0.10110719501972198
2755624960.0,-0.08509262651205063
2756562432.0,-0.06773241609334946
2757499904.0,-0.049424681812524796
2758437376.0,-0.030537890270352364
2759375104.0,-0.012402613647282124
2760312576.0,0.006375899538397789
2761250048.0,0.025707488879561424
2762187520.0,0.04441005364060402
2763124992.0,0.06288264691829681
2764062464.0,0.07950284332036972
2764999936.0,0.09624385088682175
2765937408.0,0.11291823536157608
2766874880.0,0.12746839225292206
2767812608.0,0.18317823112010956
2768750080.0,0.18401941657066345
2769687552.0,0.18231147527694702
2770625024.0,0.17965814471244812
2771562496.0,0.17650167644023895
2772499968.0,0.1729084998369217
2773437440.0,0.1662682741880417
2774374912.0,0.15993236005306244
2775312384.0,0.15365907549858093
2776250112.0,0.1452663093805313
2777187584.0,0.1371050626039505
2778125056.0,0.12826071679592133
2779062528.0,0.11910772323608398
2780000000.0,0.10820294171571732
2780937472.0,0.09837109595537186
2781874944.0,0.08642208576202393
2782812416.0,0.07579072564840317
2783749888.0,0.06263591349124908
2784687616.0,0.05041620135307312
2785625088.0,0.037906378507614136
2786562560.0,0.02483840100467205
2787500032.0,0.012099175713956356
2788437504.0,-0.00017873641627375036
2789374976.0,-0.012762232683598995
2790312448.0,-0.025365618988871574
2791249920.0,-0.03789491578936577
2792187392.0,-0.04938451573252678
2793125120.0,-0.06032571569085121
2794062592.0,-0.07090266793966293
2795000064.0,-0.0801582857966423
2795937536.0,-0.08836395293474197
2796875008.0,-0.09595762193202972
2797812480.0,-0.10288392752408981
2798749952.0,-0.10772374272346497
2799687424.0,-0.1107071191072464
2800624896.0,-0.11315418034791946
2801562624.0,-0.11314532905817032
2802500096.0,-0.1133672371506691
2803437568.0,-0.111678846180439
2804375040.0,-0.10747139900922775
2805312512.0,-0.10313072055578232
2806249984.0,-0.09592702239751816
2807187456.0,-0.08821956068277359
2808124928.0,-0.07874400913715363
2809062400.0,-0.06749530881643295
2809999872.0,-0.05574753135442734
2810937600.0,-0.0429903045296669
2811875072.0,-0.02882859669625759
2812812544.0,-0.013838750310242176
2813750016.0,0.003025866113603115
2814687488.0,0.0197906456887722
2815624960.0,0.036380328238010406
2816562432.0,0.05335913226008415
2817499904.0,0.07075770944356918
2818437376.0,0.08776984363794327
2819375104.0,0.10501900315284729
2820312576.0,0.12044543027877808
2821250048.0,0.13630272448062897
2822187520.0,0.1509208083152771
2823124992.0,0.1643163114786148
2824062464.0,0.17611588537693024
2824999936.0,0.18632537126541138
2825937408.0,0.19466182589530945
2826874880.0,0.20253174006938934
2827812608.0,0.21699728071689606
2828750080.0,0.21809545159339905
2829687552.0,0.21786567568778992
2830625024.0,0.21474036574363708
2831562496.0,0.2092597782611847
2832499968.0,0.2008592188358307
2833437440.0,0.19099758565425873
2834374912.0,0.1779966503381729
2835312384.0,0.16459831595420837
2836250112.0,0.14857032895088196
2837187584.0,0.13154782354831696
2838125056.0,0.11363998800516129
2839062528.0,0.0932936817407608
2840000000.0,0.07379507273435593
2840937472.0,0.05394500866532326
2841874944.0,0.03408655896782875
2842812416.0,0.01445792056620121
2843749888.0,-0.0049164071679115295
2844687616.0,-0.02299547754228115
2845625088.0,-0.039537616074085236
2846562560.0,-0.05500045418739319
2847500032.0,-0.06914591789245605
2848437504.0,-0.08329801261425018
2849374976.0,-0.09433207660913467
2850312448.0,-0.10367806255817413
2851249920.0,-0.11186104267835617
2852187392.0,-0.11784878373146057
2853125120.0,-0.12130990624427795
2854062592.0,-0.12318918853998184
2855000064.0,-0.12395220249891281
2855937536.0,-0.12226615846157074
2856875008.0,-0.11967932432889938
2857812480.0,-0.11571056395769119
2858749952.0,-0.10996760427951813
2859687424.0,-0.10274805128574371
2860624896.0,-0.09506263583898544
2861562624.0,-0.08651509881019592
2862500096.0,-0.0760941281914711
2863437568.0,-0.06611527502536774
2864375040.0,-0.05344220623373985
2865312512.0,-0.04210836812853813
2866249984.0,-0.03005022369325161
2867187456.0,-0.016888951882719994
2868124928.0,-0.005303524434566498
2869062400.0,0.007807577028870583
2870000128.0,0.02015375904738903
2870937600.0,0.03422746807336807
2871875072.0,0.04755158722400665
2872812544.0,0.060097429901361465
2873750016.0,0.07224759459495544
2874687488.0,0.08539734780788422
2875624960.0,0.0980117991566658
2876562432.0,0.10852383077144623
2877499904.0,0.11974738538265228
2878437376.0,0.13153395056724548
2879375104.0,0.14115697145462036
2880312576.0,0.15124666690826416
2881250048.0,0.16048388183116913
2882187520.0,0.16902649402618408
2883124992.0,0.17722825706005096
2884062464.0,0.18372848629951477
2884999936.0,0.18917681276798248
2885937408.0,0.19368672370910645
2886874880.0,0.19664713740348816
2887812608.0,0.20035983622074127
2888750080.0,0.20199210941791534
2889687552.0,0.20214128494262695
2890625024.0,0.20110252499580383
2891562496.0,0.1980622112751007
2892499968.0,0.1941956877708435
2893437440.0,0.18780753016471863
2894374912.0,0.18038378655910492
2895312384.0,0.17140832543373108
2896250112.0,0.15903490781784058
2897187584.0,0.14649221301078796
2898125056.0,0.13251537084579468
2899062528.0,0.11701905727386475
2900000000.0,0.10066401213407516
2900937472.0,0.08300404995679855
2901874944.0,0.06496162712574005
2902812416.0,0.04519405588507652
2903749888.0,0.026566585525870323
2904687616.0,0.00680426973849535
2905625088.0,-0.012446585111320019
2906562560.0,-0.031101837754249573
2907500032.0,-0.048821136355400085
2908437504.0,-0.06587501615285873
2909374976.0,-0.08199873566627502
2910312448.0,-0.0965782031416893
2911249920.0,-0.11062809079885483
2912187392.0,-0.12308472394943237
2913125120.0,-0.13278831541538239
2914062592.0,-0.14112932980060577
2915000064.0,-0.1469978541135788
2915937536.0,-0.15140700340270996
2916875008.0,-0.15386752784252167
2917812480.0,-0.1531778872013092
2918749952.0,-0.1510586440563202
2919687424.0,-0.14642371237277985
2920624896.0,-0.13952291011810303
2921562624.0,-0.13186092674732208
2922500096.0,-0.12194222956895828
2923437568.0,-0.10999519377946854
2924375040.0,-0.09744149446487427
2925312512.0,-0.08255642652511597
2926249984.0,-0.06693413108587265
2927187456.0,-0.050740499049425125
2928124928.0,-0.0333767905831337
2929062400.0,-0.015849178656935692
2929999872.0,0.0019401905592530966
2930937600.0,0.019616330042481422
2931875072.0,0.03776777163147926
2932812544.0,0.054014306515455246
2933750016.0,0.07129102945327759
2934687488.0,0.08716181665658951
2935624960.0,0.10181351751089096
2936562432.0,0.11559677124023438
2937499904.0,0.12717585265636444
2938437376.0,0.13821162283420563
2939375104.0,0.14804352819919586
2940312576.0,0.15575389564037323
2941250048.0,0.16219422221183777
2942187520.0,0.1676478236913681
2943124992.0,0.17055268585681915
2944062464.0,0.17268189787864685
2944999936.0,0.17387962341308594
2945937408.0,0.1733424961566925
2946874880.0,0.1724044680595398
2947812608.0,0.1668170541524887
2948750080.0,0.16580405831336975
2949687552.0,0.16338324546813965
2950625024.0,0.16004224121570587
2951562496.0,0.15608099102973938
2952499968.0,0.15079693496227264
2953437440.0,0.14488039910793304
2954374912.0,0.13790959119796753
2955312384.0,0.13094834983348846
2956250112.0,0.12280482053756714
2957187584.0,0.11457377672195435
2958125056.0,0.10460131615400314
2959062528.0,0.09459491819143295
2960000000.0,0.08405479788780212
2960937472.0,0.07277289777994156
2961874944.0,0.06225857138633728
2962812416.0,0.051325831562280655
2963749888.0,0.040148232132196426
2964687616.0,0.028445327654480934
2965625088.0,0.015485131181776524
2966562560.0,0.005444846581667662
2967500032.0,-0.0061317854560911655
2968437504.0,-0.017126018181443214
2969374976.0,-0.02821173705160618
2970312448.0,-0.03873823955655098
2971249920.0,-0.047874752432107925
2972187392.0,-0.05800850689411163
2973125120.0,-0.06642447412014008
2974062592.0,-0.07413613796234131
2975000064.0,-0.08191186934709549
2975937536.0,-0.085748091340065
2976875008.0,-0.09298064559698105
2977812480.0,-0.09626071155071259
2978749952.0,-0.09942853450775146
2979687424.0,-0.10086856037378311
2980624896.0,-0.10255230218172073
2981562624.0,-0.10199896991252899
2982500096.0,-0.10071791708469391
2983437568.0,-0.09832451492547989
2984375040.0,-0.09564265608787537
2985312512.0,-0.09137327969074249
2986249984.0,-0.08544474840164185
2987187456.0,-0.08096227794885635
2988124928.0,-0.0743236392736435
2989062400.0,-0.06670035421848297
2990000128.0,-0.05694768950343132
2990937600.0,-0.04938853159546852
2991875072.0,-0.04076980799436569
2992812544.0,-0.03213213384151459
2993750016.0,-0.024158112704753876
2994687488.0,-0.014827192761003971
2995624960.0,-0.006287395488470793
2996562432.0,0.000473023799713701
2997499904.0,0.00875705387443304
2998437376.0,0.014712762087583542
2999375104.0,0.021537398919463158
3000312576.0,0.024337196722626686
3001250048.0,0.0292129535228014
3002187520.0,0.0329752042889595
3003124992.0,0.035573650151491165
3004062464.0,0.03716086968779564
3004999936.0,0.03771257773041725
3005937408.0,0.037030547857284546
3006874880.0,0.03508667275309563
3007812608.0,0.030093004927039146
3008750080.0,0.027244197204709053
3009687552.0,0.02262880466878414
3010625024.0,0.01820235885679722
3011562496.0,0.01425129547715187
3012499968.0,0.009360129944980145
3013437440.0,0.004352428950369358
3014374912.0,-0.00024770843447186053
3015312384.0,-0.00518046086654067
3016250112.0,-0.010524541139602661
3017187584.0,-0.016109470278024673
3018125056.0,-0.02079795114696026
3019062528.0,-0.026637962087988853
3020000000.0,-0.031111035495996475
3020937472.0,-0.03546839952468872
3021874944.0,-0.040353547781705856
3022812416.0,-0.04560546576976776
3023749888.0,-0.05024769529700279
3024687616.0,-0.055282384157180786
3025625088.0,-0.05946279689669609
3026562560.0,-0.06363159418106079
3027500032.0,-0.06708278506994247
3028437504.0,-0.07208817452192307
3029374976.0,-0.07568083703517914
3030312448.0,-0.07959918677806854
3031249920.0,-0.08289560675621033
3032187392.0,-0.08610710501670837
3033125120.0,-0.08925420045852661
3034062592.0,-0.09272508323192596
3035000064.0,-0.09495895355939865
3035937536.0,-0.09721007198095322
3036875008.0,-0.10007918626070023
3037812480.0,-0.10032189637422562
3038749952.0,-0.10204266011714935
3039687424.0,-0.10288667678833008
3040624896.0,-0.10255426913499832
3041562624.0,-0.10201486945152283
3042500096.0,-0.10097659379243851
3043437568.0,-0.09856916964054108
3044375040.0,-0.0963391661643982
3045312512.0,-0.09399113059043884
3046249984.0,-0.09003189206123352
3047187456.0,-0.0866348072886467
3048124928.0,-0.0826851949095726
3049062400.0,-0.0785597711801529
3049999872.0,-0.07391873002052307
3050937600.0,-0.06878028810024261
3051875072.0,-0.06281749159097672
3052812544.0,-0.057639364153146744
3053750016.0,-0.05159103497862816
3054687488.0,-0.045527953654527664
3055624960.0,-0.04003244638442993
3056562432.0,-0.03415893018245697
3057499904.0,-0.029153164476156235
3058437376.0,-0.02258279174566269
3059375104.0,-0.01853395625948906
3060312576.0,-0.013728048652410507
3061250048.0,-0.010092712007462978
3062187520.0,-0.005605638027191162
3063124992.0,-0.003542807651683688
3064062464.0,-0.000765496923122555
3064999936.0,0.0013928248081356287
3065937408.0,0.0023027046117931604
3066874880.0,0.0016478312900289893
3067812608.0,0.016355618834495544
3068750080.0,0.010329178534448147
3069687552.0,0.003908623941242695
3070625024.0,-0.0036487795878201723
3071562496.0,-0.01282796822488308
3072499968.0,-0.021138619631528854
3073437440.0,-0.029533671215176582
3074374912.0,-0.03892939165234566
3075312384.0,-0.04930463060736656
3076250112.0,-0.05937899649143219
3077187584.0,-0.06786466389894485
3078125056.0,-0.07690806686878204
3079062528.0,-0.08515498042106628
3080000000.0,-0.09408535063266754
3080937472.0,-0.10089244693517685
3081874944.0,-0.10703706741333008
3082812416.0,-0.11229491978883743
3083749888.0,-0.11676959693431854
3084687616.0,-0.11981653422117233
3085625088.0,-0.12104161828756332
3086562560.0,-0.12234996259212494
3087500032.0,-0.12125768512487411
3088437504.0,-0.12088790535926819
3089374976.0,-0.11717798560857773
3090312448.0,-0.11487845331430435
3091249920.0,-0.10799448937177658
3092187392.0,-0.10287366807460785
3093125120.0,-0.09715503454208374
3094062592.0,-0.0898960754275322
3095000064.0,-0.08164122700691223
3095937536.0,-0.0727376714348793
3096875008.0,-0.06323476135730743
3097812480.0,-0.05263129994273186
3098749952.0,-0.04392879456281662
3099687424.0,-0.03378164395689964
3100624896.0,-0.02373243309557438
3101562624.0,-0.013083441182971
3102500096.0,-0.003484949469566345
3103437568.0,0.006398027762770653
3104375040.0,0.015928981825709343
3105312512.0,0.025972897186875343
3106249984.0,0.034986402839422226
3107187456.0,0.04343216121196747
3108124928.0,0.05199611559510231
3109062400.0,0.059282805770635605
3110000128.0,0.06627658754587173
3110937600.0,0.07232741266489029
3111875072.0,0.07798489183187485
3112812544.0,0.0841524675488472
3113750016.0,0.08882343769073486
3114687488.0,0.09309494495391846
3115624960.0,0.09650556743144989
3116562432.0,0.09930922836065292
3117499904.0,0.10308356583118439
3118437376.0,0.10540779680013657
3119375104.0,0.10797255486249924
3120312576.0,0.11048155277967453
3121250048.0,0.11136455833911896
3122187520.0,0.1134086474776268
3123124992.0,0.1156032606959343
3124062464.0,0.11739350110292435
3124999936.0,0.11954551935195923
3125937408.0,0.11975088715553284
3126874880.0,0.12003644555807114
3127812608.0,0.139712393283844
3128750080.0,0.13705484569072723
3129687552.0,0.13444267213344574
3130625024.0,0.1324615180492401
3131562496.0,0.12957511842250824
3132499968.0,0.12799812853336334
3133437440.0,0.12636594474315643
3134374912.0,0.12396235764026642
3135312384.0,0.1233791783452034
3136250112.0,0.12156427651643753
3137187584.0,0.12050245702266693
3138125056.0,0.12003876268863678
3139062528.0,0.11899455636739731
3140000000.0,0.11873451620340347
3140937472.0,0.11744274199008942
3141874944.0,0.1173834577202797
3142812416.0,0.116488516330719
3143749888.0,0.11545594036579132
3144687616.0,0.11423700302839279
3145625088.0,0.11344750225543976
3146562560.0,0.1108459085226059
3147500032.0,0.1093381717801094
3148437504.0,0.10696318745613098
3149374976.0,0.10345348715782166
3150312448.0,0.09903588145971298
3151249920.0,0.09469549357891083
3152187392.0,0.0900091603398323
3153125120.0,0.08484932780265808
3154062592.0,0.07827762514352798
3155000064.0,0.07153438776731491
3155937536.0,0.0633528083562851
3156875008.0,0.056001558899879456
3157812480.0,0.047483451664447784
3158749952.0,0.037573039531707764
3159687424.0,0.028136786073446274
3160624896.0,0.016605539247393608
3161562624.0,0.005874474998563528
3162500096.0,-0.005258909892290831
3163437568.0,-0.017531514167785645
3164375040.0,-0.03055046871304512
3165312512.0,-0.04249100387096405
3166249984.0,-0.05461430177092552
3167187456.0,-0.06505107134580612
3168124928.0,-0.0763566866517067
3169062400.0,-0.0871097669005394
3169999872.0,-0.09707491099834442
3170937600.0,-0.10680020600557327
3171875072.0,-0.1141805350780487
3172812544.0,-0.12286008149385452
3173750016.0,-0.12860068678855896
3174687488.0,-0.1321488916873932
3175624960.0,-0.13702578842639923
3176562432.0,-0.1393800675868988
3177499904.0,-0.14123311638832092
3178437376.0,-0.14047729969024658
3179375104.0,-0.13799011707305908
3180312576.0,-0.13498669862747192
3181250048.0,-0.1292189061641693
3182187520.0,-0.1230580136179924
3183124992.0,-0.11471769213676453
3184062464.0,-0.10392098873853683
3184999936.0,-0.09303910285234451
3185937408.0,-0.08035896718502045
3186874880.0,-0.06731902062892914
3187812608.0,0.061436835676431656
3188750080.0,0.059490401297807693
3189687552.0,0.05941830575466156
3190625024.0,0.059450600296258926
3191562496.0,0.06044940650463104
3192499968.0,0.06210656091570854
3193437440.0,0.06536246836185455
3194374912.0,0.06824324280023575
3195312384.0,0.07295521348714828
3196250112.0,0.07749724388122559
3197187584.0,0.08180269598960876
3198125056.0,0.08722566813230515
3199062528.0,0.09212678670883179
3200000000.0,0.0968034565448761
3200937472.0,0.10114825516939163
3201874944.0,0.10481318831443787
3202812416.0,0.10785969346761703
3203749888.0,0.1106053814291954
3204687616.0,0.11122959852218628
3205625088.0,0.11192333698272705
3206562560.0,0.1107267439365387
3207500032.0,0.10896144062280655
3208437504.0,0.10624831169843674
3209374976.0,0.10138513147830963
3210312448.0,0.09663145244121552
3211249920.0,0.08934231102466583
3212187392.0,0.08144641667604446
3213125120.0,0.07241468131542206
3214062592.0,0.062179695814847946
3215000064.0,0.05045175552368164
3215937536.0,0.03986679017543793
3216875008.0,0.026317935436964035
3217812480.0,0.014582466334104538
3218749952.0,0.002276262268424034
3219687424.0,-0.011283149011433125
3220624896.0,-0.02437938004732132
3221562624.0,-0.036769479513168335
3222500096.0,-0.04807572439312935
3223437568.0,-0.05848138406872749
3224375040.0,-0.06984563916921616
3225312512.0,-0.07917556911706924
3226249984.0,-0.08816977590322495
3227187456.0,-0.09499436616897583
3228124928.0,-0.10117926448583603
3229062400.0,-0.10693838447332382
3230000128.0,-0.11062679439783096
3230937600.0,-0.11267471313476562
3231875072.0,-0.11368042230606079
3232812544.0,-0.11258632689714432
3233750016.0,-0.11146456003189087
3234687488.0,-0.10956069082021713
3235624960.0,-0.10531868785619736
3236562432.0,-0.10172495245933533
3237499904.0,-0.09731289744377136
3238437376.0,-0.09294330328702927
3239375104.0,-0.08739965409040451
3240312576.0,-0.08210600167512894
3241250048.0,-0.07651855796575546
3242187520.0,-0.07274703681468964
3243124992.0,-0.06907354295253754
3244062464.0,-0.06505531072616577
3244999936.0,-0.06261247396469116
3245937408.0,-0.06051662936806679
3246874880.0,-0.06098297983407974
3247812608.0,-0.05237947404384613
3248750080.0,-0.056826502084732056
3249687552.0,-0.0604107603430748
3250625024.0,-0.06509800255298615
3251562496.0,-0.06709930300712585
3252499968.0,-0.07072718441486359
3253437440.0,-0.07176121324300766
3254374912.0,-0.07300537079572678
3255312384.0,-0.07304301857948303
3256250112.0,-0.07129315286874771
3257187584.0,-0.06967966258525848
3258125056.0,-0.06619656831026077
3259062528.0,-0.06188078597187996
3260000000.0,-0.05530750751495361
3260937472.0,-0.04912318289279938
3261874944.0,-0.042554426938295364
3262812416.0,-0.03345542028546333
3263749888.0,-0.025800108909606934
3264687616.0,-0.016137907281517982
3265625088.0,-0.008958903141319752
3266562560.0,-0.0006373492651619017
3267500032.0,0.007262246683239937
3268437504.0,0.013405081816017628
3269374976.0,0.019101763144135475
3270312448.0,0.02335836924612522
3271249920.0,0.02633323147892952
3272187392.0,0.028222406283020973
3273125120.0,0.02972240559756756
3274062592.0,0.028734399005770683
3275000064.0,0.02764553390443325
3275937536.0,0.025957800447940826
3276875008.0,0.024307625368237495
3277812480.0,0.021095242351293564
3278749952.0,0.018943913280963898
3279687424.0,0.01639482006430626
3280624896.0,0.014668571762740612
3281562624.0,0.013370376080274582
3282500096.0,0.0142444409430027
3283437568.0,0.014902997761964798
3284375040.0,0.015040702186524868
3285312512.0,0.01631990261375904
3286249984.0,0.018538054078817368
3287187456.0,0.020740998908877373
3288124928.0,0.02215934358537197
3289062400.0,0.02284809947013855
3289999872.0,0.02325274609029293
3290937600.0,0.024067213758826256
3291875072.0,0.02361755259335041
3292812544.0,0.021201880648732185
3293750016.0,0.016985300928354263
3294687488.0,0.013237448409199715
3295624960.0,0.0075856223702430725
3296562432.0,0.0007904715021140873
3297499904.0,-0.00615201098844409
3298437376.0,-0.013838337734341621
3299375104.0,-0.022280676290392876
3300312576.0,-0.03162021562457085
3301250048.0,-0.039845678955316544
3302187520.0,-0.0488889105618
3303124992.0,-0.05839536339044571
3304062464.0,-0.06679252535104752
3304999936.0,-0.0757029578089714
3305937408.0,-0.08420606702566147
3306874880.0,-0.09241675585508347
3307812608.0,-0.06077186018228531
3308750080.0,-0.058464787900447845
3309687552.0,-0.05533811077475548
3310625024.0,-0.05419505387544632
3311562496.0,-0.05338018387556076
3312499968.0,-0.05193128436803818
3313437440.0,-0.051139626652002335
3314374912.0,-0.0505133680999279
3315312384.0,-0.05166802555322647
3316250112.0,-0.05163387581706047
3317187584.0,-0.05338967964053154
3318125056.0,-0.055854856967926025
3319062528.0,-0.05826660245656967
3320000000.0,-0.06241906061768532
3320937472.0,-0.06586482375860214
3321874944.0,-0.07093057781457901
3322812416.0,-0.07617603987455368
3323749888.0,-0.08236677199602127
3324687616.0,-0.0886325016617775
3325625088.0,-0.09478697925806046
3326562560.0,-0.1015104278922081
3327500032.0,-0.1073075532913208
3328437504.0,-0.11386112868785858
3329374976.0,-0.12046664208173752
3330312448.0,-0.126205176115036
3331249920.0,-0.1319059431552887
3332187392.0,-0.13714641332626343
3333125120.0,-0.1401524394750595
3334062592.0,-0.14373940229415894
3335000064.0,-0.14600686728954315
3335937536.0,-0.1457287073135376
3336875008.0,-0.14699490368366241
3337812480.0,-0.1460479199886322
3338749952.0,-0.14352943003177643
3339687424.0,-0.14061316847801208
3340624896.0,-0.13592712581157684
3341562624.0,-0.130105659365654
3342500096.0,-0.12449689209461212
3343437568.0,-0.11755228787660599
3344375040.0,-0.10907180607318878
3345312512.0,-0.10069388151168823
3346249984.0,-0.09258639812469482
3347187456.0,-0.08222592622041702
3348124928.0,-0.07261667400598526
3349062400.0,-0.06242796778678894
3350000128.0,-0.05435141175985336
3350937600.0,-0.04456419497728348
3351875072.0,-0.03474225476384163
3352812544.0,-0.025954624637961388
3353750016.0,-0.017404688522219658
3354687488.0,-0.009798404760658741
3355624960.0,-0.0031788062769919634
3356562432.0,0.003231750102713704
3357499904.0,0.008934261277318
3358437376.0,0.014033079147338867
3359375104.0,0.018241941928863525
3360312576.0,0.020884405821561813
3361250048.0,0.02431035414338112
3362187520.0,0.02735670655965805
3363124992.0,0.028839020058512688
3364062464.0,0.030856726691126823
3364999936.0,0.03290930017828941
3365937408.0,0.034376852214336395
3366874880.0,0.03690790385007858
3367812608.0,0.04519769921898842
3368750080.0,0.052849359810352325
3369687552.0,0.06121280416846275
3370625024.0,0.06825096905231476
3371562496.0,0.07462377846240997
3372499968.0,0.07956361025571823
3373437440.0,0.08311453461647034
3374374912.0,0.08598053455352783
3375312384.0,0.08685355633497238
3376250112.0,0.08736158162355423
3377187584.0,0.0865052342414856
3378125056.0,0.08408662676811218
3379062528.0,0.07998786121606827
3380000000.0,0.07517129927873611
3380937472.0,0.07024490088224411
3381874944.0,0.06298679113388062
3382812416.0,0.05537066236138344
3383749888.0,0.04646914452314377
3384687616.0,0.03731432184576988
3385625088.0,0.028048217296600342
3386562560.0,0.017215296626091003
3387500032.0,0.007093575317412615
3388437504.0,-0.0028521190397441387
3389374976.0,-0.013737041503190994
3390312448.0,-0.02398151345551014
3391249920.0,-0.03289198502898216
3392187392.0,-0.0423094667494297
3393125120.0,-0.05072775110602379
3394062592.0,-0.05902655050158501
3395000064.0,-0.06699095666408539
3395937536.0,-0.07283318787813187
3396875008.0,-0.07910178601741791
3397812480.0,-0.08480887115001678
3398749952.0,-0.08897662162780762
3399687424.0,-0.09191590547561646
3400624896.0,-0.09451870620250702
3401562624.0,-0.09575927257537842
3402500096.0,-0.09657587856054306
3403437568.0,-0.096888966858387
3404375040.0,-0.09592854976654053
3405312512.0,-0.09591037780046463
3406249984.0,-0.09327220171689987
3407187456.0,-0.09026405960321426
3408124928.0,-0.0876750499010086
3409062400.0,-0.08446884900331497
3409999872.0,-0.08215261995792389
3410937600.0,-0.07780857384204865
3411875072.0,-0.07362166047096252
3412812544.0,-0.069243423640728
3413750016.0,-0.06562016904354095
3414687488.0,-0.06208895891904831
3415624960.0,-0.05744333192706108
3416562432.0,-0.053480688482522964
3417499904.0,-0.04938158765435219
3418437376.0,-0.044318851083517075
3419375104.0,-0.040385276079177856
3420312576.0,-0.036609288305044174
3421250048.0,-0.033164575695991516
3422187520.0,-0.029418671503663063
3423124992.0,-0.025512995198369026
3424062464.0,-0.022000936791300774
3424999936.0,-0.017844006419181824
3425937408.0,-0.014773393049836159
3426874880.0,-0.011174947954714298
3427812608.0,-0.006828740239143372
3428750080.0,-0.003719703759998083
3429687552.0,-0.00017301288607995957
3430625024.0,0.0027147994842380285
3431562496.0,0.005765936337411404
3432499968.0,0.00989976804703474
3433437440.0,0.015056518837809563
3434374912.0,0.019784769043326378
3435312384.0,0.026142364367842674
3436250112.0,0.03337210789322853
3437187584.0,0.04092508926987648
3438125056.0,0.04963654279708862
3439062528.0,0.06021088734269142
3440000000.0,0.07132740318775177
3440937472.0,0.08306147158145905
3441874944.0,0.09620692580938339
3442812416.0,0.11044245958328247
3443749888.0,0.12433229386806488
3444687616.0,0.13861200213432312
3445625088.0,0.15250739455223083
3446562560.0,0.16519474983215332
3447500032.0,0.17773230373859406
3448437504.0,0.18962061405181885
3449374976.0,0.20013019442558289
3450312448.0,0.20856508612632751
3451249920.0,0.2158646285533905
3452187392.0,0.2211264669895172
3453125120.0,0.22326619923114777
3454062592.0,0.2231445610523224
3455000064.0,0.22124983370304108
3455937536.0,0.21545502543449402
3456875008.0,0.20709441602230072
3457812480.0,0.19727756083011627
3458749952.0,0.18454359471797943
3459687424.0,0.17052391171455383
3460624896.0,0.15420642495155334
3461562624.0,0.1367618441581726
3462500096.0,0.11810142546892166
3463437568.0,0.09848537296056747
3464375040.0,0.07880929112434387
3465312512.0,0.0591382198035717
3466249984.0,0.0396825410425663
3467187456.0,0.0206246767193079
3468124928.0,0.002317211590707302
3469062400.0,-0.012696611694991589
3470000128.0,-0.027032537385821342
3470937600.0,-0.041447654366493225
3471875072.0,-0.05272623896598816
3472812544.0,-0.0613652728497982
3473750016.0,-0.06885275989770889
3474687488.0,-0.07395575940608978
3475624960.0,-0.07782617956399918
3476562432.0,-0.07837405055761337
3477499904.0,-0.07930073887109756
3478437376.0,-0.07680463045835495
3479375104.0,-0.07461751252412796
3480312576.0,-0.07033977657556534
3481250048.0,-0.06575731933116913
3482187520.0,-0.06052124500274658
3483124992.0,-0.05497003719210625
3484062464.0,-0.04961635172367096
3484999936.0,-0.044673796743154526
3485937408.0,-0.03927094116806984
3486874880.0,-0.03466319292783737
3487812608.0,-0.02077123336493969
3488750080.0,-0.024059796705842018
3489687552.0,-0.02777600847184658
3490625024.0,-0.03201261907815933
3491562496.0,-0.03726379573345184
3492499968.0,-0.042523499578237534
3493437440.0,-0.047944050282239914
3494374912.0,-0.05438314378261566
3495312384.0,-0.060036223381757736
3496250112.0,-0.0649295523762703
3497187584.0,-0.06943003833293915
3498125056.0,-0.07357417792081833
3499062528.0,-0.07673908025026321
3500000000.0,-0.0785209909081459
3500937472.0,-0.07777935266494751
3501874944.0,-0.07644566148519516
3502812416.0,-0.07351735979318619
3503749888.0,-0.0702291876077652
3504687616.0,-0.06495385617017746
3505625088.0,-0.05949142947793007
3506562560.0,-0.053565479815006256
3507500032.0,-0.04697117954492569
3508437504.0,-0.03830670192837715
3509374976.0,-0.030108410865068436
3510312448.0,-0.021318919956684113
3511249920.0,-0.011680279858410358
3512187392.0,-0.002851703902706504
3513125120.0,0.00630025751888752
3514062592.0,0.016026413068175316
3515000064.0,0.023573337122797966
3515937536.0,0.03246936947107315
3516875008.0,0.0391937792301178
3517812480.0,0.04614106938242912
3518749952.0,0.051946010440588
3519687424.0,0.0569319874048233
3520624896.0,0.06087304651737213
3521562624.0,0.06316792219877243
3522500096.0,0.06437193602323532
3523437568.0,0.06450549513101578
3524375040.0,0.06398887187242508
3525312512.0,0.0613018199801445
3526249984.0,0.05914424732327461
3527187456.0,0.05527448654174805
3528124928.0,0.05104416608810425
3529062400.0,0.04491201415657997
3529999872.0,0.03992859274148941
3530937600.0,0.03458241745829582
3531875072.0,0.02754976600408554
3532812544.0,0.021582428365945816
3533750016.0,0.01682492159307003
3534687488.0,0.011599344201385975
3535624960.0,0.006771992426365614
3536562432.0,0.003225723747164011
3537499904.0,-7.186220318544656e-05
3538437376.0,-0.0015474174870178103
3539375104.0,-0.002336360514163971
3540312576.0,-0.0023221406154334545
3541250048.0,-0.002273249439895153
3542187520.0,-0.0011018485529348254
3543124992.0,0.0017959348624572158
3544062464.0,0.004615815822035074
3544999936.0,0.007942764088511467
3545937408.0,0.012762486934661865
3546874880.0,0.017018022015690804
3547812608.0,0.018988830968737602
3548750080.0,0.017574841156601906
3549687552.0,0.015635382384061813
3550625024.0,0.013219584710896015
3551562496.0,0.01112915575504303
3552499968.0,0.008215030655264854
3553437440.0,0.005673104897141457
3554374912.0,0.0028954532463103533
3555312384.0,-0.0010201181285083294
3556250112.0,-0.005929010920226574
3557187584.0,-0.008977447636425495
3558125056.0,-0.013493400067090988
3559062528.0,-0.016307031735777855
3560000000.0,-0.019918695092201233
3560937472.0,-0.022547807544469833
3561874944.0,-0.026419710367918015
3562812416.0,-0.029511472210288048
3563749888.0,-0.030603162944316864
3564687616.0,-0.034279901534318924
3565625088.0,-0.03631296381354332
3566562560.0,-0.037890635430812836
3567500032.0,-0.03962535038590431
3568437504.0,-0.04056314006447792
3569374976.0,-0.041487302631139755
3570312448.0,-0.04200424253940582
3571249920.0,-0.04173168167471886
3572187392.0,-0.040743354707956314
3573125120.0,-0.039518024772405624
3574062592.0,-0.03788810595870018
3575000064.0,-0.03564085066318512
3575937536.0,-0.035322174429893494
3576875008.0,-0.03258999064564705
3577812480.0,-0.0316023975610733
3578749952.0,-0.028779305517673492
3579687424.0,-0.027768516913056374
3580624896.0,-0.024854211136698723
3581562624.0,-0.022433655336499214
3582500096.0,-0.02035140059888363
3583437568.0,-0.018231520429253578
3584375040.0,-0.017390552908182144
3585312512.0,-0.017409658059477806
3586249984.0,-0.01582953706383705
3587187456.0,-0.016529206186532974
3588124928.0,-0.016962885856628418
3589062400.0,-0.015981197357177734
3590000128.0,-0.01706012338399887
3590937600.0,-0.017545221373438835
3591875072.0,-0.016706092283129692
3592812544.0,-0.017114585265517235
3593750016.0,-0.017098914831876755
3594687488.0,-0.016684575006365776
3595624960.0,-0.01654360070824623
3596562432.0,-0.014557613991200924
3597499904.0,-0.013723671436309814
3598437376.0,-0.011328427121043205
3599375104.0,-0.009360537864267826
3600312576.0,-0.005626825150102377
3601250048.0,-0.002149788895621896
3602187520.0,0.0019067134708166122
3603124992.0,0.0063197980634868145
3604062464.0,0.010683704167604446
3604999936.0,0.015694189816713333
3605937408.0,0.021585067734122276
3606874880.0,0.028188148513436317
3607812608.0,0.05145107954740524
3608750080.0,0.06011909618973732
3609687552.0,0.06891060620546341
3610625024.0,0.07780036330223083
3611562496.0,0.08580145984888077
3612499968.0,0.09288009256124496
3613437440.0,0.09949322044849396
3614374912.0,0.10495689511299133
3615312384.0,0.10982183367013931
3616250112.0,0.11300927400588989
3617187584.0,0.1159416064620018
3618125056.0,0.11786120384931564
3619062528.0,0.11805616319179535
3620000000.0,0.11746203899383545
3620937472.0,0.11556955426931381
3621874944.0,0.11306996643543243
3622812416.0,0.10993260145187378
3623749888.0,0.10607195645570755
3624687616.0,0.10052315890789032
3625625088.0,0.09522062540054321
3626562560.0,0.08792725205421448
3627500032.0,0.08131932467222214
3628437504.0,0.07390626519918442
3629374976.0,0.06586617231369019
3630312448.0,0.05718115717172623
3631249920.0,0.046983323991298676
3632187392.0,0.03906146436929703
3633125120.0,0.02932749129831791
3634062592.0,0.019723255187273026
3635000064.0,0.009455958381295204
3635937536.0,-1.6623840792817646e-06
3636875008.0,-0.010446207597851753
3637812480.0,-0.019688958302140236
3638749952.0,-0.028832940384745598
3639687424.0,-0.03837539255619049
3640624896.0,-0.04750287905335426
3641562624.0,-0.056055959314107895
3642500096.0,-0.06330934911966324
3643437568.0,-0.07072927802801132
3644375040.0,-0.07810614258050919
3645312512.0,-0.08320420980453491
3646249984.0,-0.0894128605723381
3647187456.0,-0.09467571973800659
3648124928.0,-0.09950917214155197
3649062400.0,-0.1039806455373764
3649999872.0,-0.10690677165985107
3650937600.0,-0.11124082654714584
3651875072.0,-0.11263752728700638
3652812544.0,-0.11522751301527023
3653750016.0,-0.11660487204790115
3654687488.0,-0.11709485948085785
3655624960.0,-0.11799672991037369
3656562432.0,-0.11726079881191254
3657499904.0,-0.1152951642870903
3658437376.0,-0.11489751935005188
3659375104.0,-0.11335743218660355
3660312576.0,-0.11128626763820648
3661250048.0,-0.10723467171192169
3662187520.0,-0.10427015274763107
3663124992.0,-0.10093449801206589
3664062464.0,-0.09702116250991821
3664999936.0,-0.09253271669149399
3665937408.0,-0.08890477567911148
3666874880.0,-0.08423298597335815
3667812608.0,-0.0666276067495346
3668750080.0,-0.06710383296012878
3669687552.0,-0.06563927978277206
3670625024.0,-0.06370867043733597
3671562496.0,-0.061066918075084686
3672499968.0,-0.058416515588760376
3673437440.0,-0.05396148934960365
3674374912.0,-0.04997335001826286
3675312384.0,-0.04394133761525154
3676250112.0,-0.038166824728250504
3677187584.0,-0.03173726797103882
3678125056.0,-0.02482053078711033
3679062528.0,-0.01673668995499611
3680000000.0,-0.008659743703901768
3680937472.0,-8.340967178810388e-05
3681874944.0,0.008628434501588345
3682812416.0,0.01773502491414547
3683749888.0,0.027218934148550034
3684687616.0,0.03642720729112625
3685625088.0,0.044757548719644547
3686562560.0,0.05254874750971794
3687500032.0,0.060829274356365204
3688437504.0,0.0671086460351944
3689374976.0,0.07498198747634888
3690312448.0,0.08048660308122635
3691249920.0,0.08518151938915253
3692187392.0,0.09184670448303223
3693125120.0,0.09438388049602509
3694062592.0,0.09731794893741608
3695000064.0,0.0999545082449913
3695937536.0,0.10038014501333237
3696875008.0,0.10020064562559128
3697812480.0,0.09915099292993546
3698749952.0,0.09720806032419205
3699687424.0,0.0938776284456253
3700624896.0,0.08912375569343567
3701562624.0,0.08419497311115265
3702500096.0,0.07873939722776413
3703437568.0,0.07318776100873947
3704375040.0,0.06622716784477234
3705312512.0,0.05943484976887703
3706249984.0,0.05116618424654007
3707187456.0,0.04399033635854721
3708124928.0,0.03574465960264206
3709062400.0,0.02696026675403118
3710000128.0,0.017268424853682518
3710937600.0,0.008308236487209797
3711875072.0,0.0002884633431676775
3712812544.0,-0.007582796737551689
3713750016.0,-0.014415143057703972
3714687488.0,-0.02070038765668869
3715624960.0,-0.025352487340569496
3716562432.0,-0.03047424741089344
3717499904.0,-0.03442730754613876
3718437376.0,-0.037488266825675964
3719375104.0,-0.04018903896212578
3720312576.0,-0.04055888205766678
3721250048.0,-0.04122529178857803
3722187520.0,-0.04101293534040451
3723124992.0,-0.039824798703193665
3724062464.0,-0.039166875183582306
3724999936.0,-0.03715343400835991
3725937408.0,-0.03447125852108002
3726874880.0,-0.033000633120536804
3727812608.0,-0.036423441022634506
3728750080.0,-0.03687090426683426
3729687552.0,-0.0359148234128952
3730625024.0,-0.035234976559877396
3731562496.0,-0.03285426273941994
3732499968.0,-0.03302841633558273
3733437440.0,-0.031782183796167374
3734374912.0,-0.031996581703424454
3735312384.0,-0.031749337911605835
3736250112.0,-0.032999638468027115
3737187584.0,-0.03529979661107063
3738125056.0,-0.03674947842955589
3739062528.0,-0.03973740339279175
3740000000.0,-0.04371649771928787
3740937472.0,-0.047453492879867554
3741874944.0,-0.05214625969529152
3742812416.0,-0.056483712047338486
3743749888.0,-0.06214537099003792
3744687616.0,-0.06669079512357712
3745625088.0,-0.07270291447639465
3746562560.0,-0.07840331643819809
3747500032.0,-0.08381389826536179
3748437504.0,-0.08905506879091263
3749374976.0,-0.09519844502210617
3750312448.0,-0.10093970596790314
3751249920.0,-0.10729020833969116
3752187392.0,-0.11191463470458984
3753125120.0,-0.11695438623428345
3754062592.0,-0.1218380331993103
3755000064.0,-0.12471964955329895
3755937536.0,-0.12725524604320526
3756875008.0,-0.12930075824260712
3757812480.0,-0.12951742112636566
3758749952.0,-0.12932075560092926
3759687424.0,-0.12645313143730164
3760624896.0,-0.12351017445325851
3761562624.0,-0.11801976710557938
3762500096.0,-0.11252745985984802
3763437568.0,-0.10490869730710983
3764375040.0,-0.09614270180463791
3765312512.0,-0.08716980367898941
3766249984.0,-0.07607924193143845
3767187456.0,-0.06528866291046143
3768124928.0,-0.05421492084860802
3769062400.0,-0.042192064225673676
3769999872.0,-0.03079981729388237
3770937600.0,-0.019387995824217796
3771875072.0,-0.00816427543759346
3772812544.0,0.0018723149551078677
3773750016.0,0.01116892322897911
3774687488.0,0.020442655310034752
3775624960.0,0.027011170983314514
3776562432.0,0.033725179731845856
3777499904.0,0.03817136213183403
3778437376.0,0.042141035199165344
3779375104.0,0.04341623932123184
3780312576.0,0.043375164270401
3781250048.0,0.04238513484597206
3782187520.0,0.038288455456495285
3783124992.0,0.033425211906433105
3784062464.0,0.027786847203969955
3784999936.0,0.019938651472330093
3785937408.0,0.01220704521983862
3786874880.0,0.014404678717255592
3787812608.0,0.0061187767423689365
3788750080.0,-0.002761744661256671
3789687552.0,-0.014682061038911343
3790625024.0,-0.025091344490647316
3791562496.0,-0.03857462853193283
3792499968.0,-0.049249131232500076
3793437440.0,-0.0617414191365242
3794374912.0,-0.07232727110385895
3795312384.0,-0.0838095173239708
3796250112.0,-0.094783253967762
3797187584.0,-0.10555242002010345
3798125056.0,-0.1154792383313179
3799062528.0,-0.12446729838848114
3800000000.0,-0.13220401108264923
3800937472.0,-0.1400483399629593
3801874944.0,-0.1460946500301361
3802812416.0,-0.15000717341899872
3803749888.0,-0.15440477430820465
3804687616.0,-0.1552451252937317
3805625088.0,-0.1551322191953659
3806562560.0,-0.15481479465961456
3807500032.0,-0.1530621349811554
3808437504.0,-0.1503995805978775
3809374976.0,-0.14554724097251892
3810312448.0,-0.14028632640838623
3811249920.0,-0.1341734081506729
3812187392.0,-0.1256570667028427
3813125120.0,-0.11575260013341904
3814062592.0,-0.1076844334602356
3815000064.0,-0.09824211150407791
3815937536.0,-0.08823522180318832
3816875008.0,-0.07825842499732971
3817812480.0,-0.06875018030405045
3818749952.0,-0.05962742492556572
3819687424.0,-0.04987337067723274
3820624896.0,-0.04020628333091736
3821562624.0,-0.032415080815553665
3822500096.0,-0.02413097210228443
3823437568.0,-0.018204331398010254
3824375040.0,-0.011552839539945126
3825312512.0,-0.005256244912743568
3826249984.0,-0.001317400368861854
3827187456.0,0.0011709542013704777
3828124928.0,0.001874336157925427
3829062400.0,0.0032693245448172092
3830000128.0,0.004531065933406353
3830937600.0,0.0029783316422253847
3831875072.0,0.0016021616756916046
3832812544.0,-0.0006586119998246431
3833750016.0,-0.00348804984241724
3834687488.0,-0.007051861844956875
3835624960.0,-0.01199195347726345
3836562432.0,-0.01490641850978136
3837499904.0,-0.019664186984300613
3838437376.0,-0.02456028386950493
3839375104.0,-0.02849012054502964
3840312576.0,-0.03245894983410835
3841250048.0,-0.036732085049152374
3842187520.0,-0.039597343653440475
3843124992.0,-0.0430833175778389
3844062464.0,-0.04553970322012901
3844999936.0,-0.048935484141111374
3845937408.0,-0.049470383673906326
3846874880.0,-0.04085923358798027
3847812608.0,-0.03719235956668854
3848750080.0,-0.033635467290878296
3849687552.0,-0.029875831678509712
3850625024.0,-0.027104826644062996
3851562496.0,-0.024857297539711
3852499968.0,-0.020919565111398697
3853437440.0,-0.01972714252769947
3854374912.0,-0.0183924101293087
3855312384.0,-0.01811874657869339
3856250112.0,-0.017723090946674347
3857187584.0,-0.01789717748761177
3858125056.0,-0.01894129440188408
3859062528.0,-0.019301531836390495
3860000000.0,-0.020980071276426315
3860937472.0,-0.022819405421614647
3861874944.0,-0.02420014888048172
3862812416.0,-0.026793595403432846
3863749888.0,-0.02970585785806179
3864687616.0,-0.03276057168841362
3865625088.0,-0.03553575649857521
3866562560.0,-0.03865639492869377
3867500032.0,-0.04224430397152901
3868437504.0,-0.04500434547662735
3869374976.0,-0.04705391824245453
3870312448.0,-0.049530621618032455
3871249920.0,-0.05137341469526291
3872187392.0,-0.053626950830221176
3873125120.0,-0.05432414636015892
3874062592.0,-0.055745795369148254
3875000064.0,-0.05760056897997856
3875937536.0,-0.059439972043037415
3876875008.0,-0.06207910180091858
3877812480.0,-0.06390192359685898
3878749952.0,-0.06591268628835678
3879687424.0,-0.06667142361402512
3880624896.0,-0.06815401464700699
3881562624.0,-0.0688014030456543
3882500096.0,-0.06960549205541611
3883437568.0,-0.07003062218427658
3884375040.0,-0.07011713832616806
3885312512.0,-0.06957998871803284
3886249984.0,-0.06962962448596954
3887187456.0,-0.06824922561645508
3888124928.0,-0.06799060851335526
3889062400.0,-0.06764291971921921
3889999872.0,-0.06743312627077103
3890937600.0,-0.06772301346063614
3891875072.0,-0.06692813336849213
3892812544.0,-0.06932622194290161
3893750016.0,-0.06996054947376251
3894687488.0,-0.07109997421503067
3895624960.0,-0.07275494188070297
3896562432.0,-0.07477785646915436
3897499904.0,-0.07777443528175354
3898437376.0,-0.08093827962875366
3899375104.0,-0.08399742841720581
3900312576.0,-0.08736418187618256
3901250048.0,-0.09286268055438995
3902187520.0,-0.09761463105678558
3903124992.0,-0.10201286524534225
3904062464.0,-0.10533933341503143
3904999936.0,-0.11057999730110168
3905937408.0,-0.11437159031629562
3906874880.0,-0.1313231885433197
3907812608.0,-0.13802392780780792
3908750080.0,-0.1438072919845581
3909687552.0,-0.14761318266391754
3910625024.0,-0.15084616839885712
3911562496.0,-0.15123790502548218
3912499968.0,-0.1493806689977646
3913437440.0,-0.14586812257766724
3914374912.0,-0.1391434520483017
3915312384.0,-0.13008245825767517
3916250112.0,-0.12014928460121155
3917187584.0,-0.10926856845617294
3918125056.0,-0.09600010514259338
3919062528.0,-0.08077651262283325
3920000000.0,-0.06611449271440506
3920937472.0,-0.04998505488038063
3921874944.0,-0.03381572291254997
3922812416.0,-0.01702875643968582
3923749888.0,-0.0018563709454610944
3924687616.0,0.013258339837193489
3925625088.0,0.027638938277959824
3926562560.0,0.04184630885720253
3927500032.0,0.05368124321103096
3928437504.0,0.06484793871641159
3929374976.0,0.07468744367361069
3930312448.0,0.08071067929267883
3931249920.0,0.08734717965126038
3932187392.0,0.09001174569129944
3933125120.0,0.09106479585170746
3934062592.0,0.09062394499778748
3935000064.0,0.08805487304925919
3935937536.0,0.08367912471294403
3936875008.0,0.07814887911081314
3937812480.0,0.0712471753358841
3938749952.0,0.06336824595928192
3939687424.0,0.05502106621861458
3940624896.0,0.04644057899713516
3941562624.0,0.03668314591050148
3942500096.0,0.027313675731420517
3943437568.0,0.018574971705675125
3944375040.0,0.009702686220407486
3945312512.0,0.0022110380232334137
3946249984.0,-0.004245439078658819
3947187456.0,-0.011870302259922028
3948124928.0,-0.017582854256033897
3949062400.0,-0.02252041921019554
3950000128.0,-0.02739894948899746
3950937600.0,-0.03066839650273323
3951875072.0,-0.03364860266447067
3952812544.0,-0.03633034974336624
3953750016.0,-0.0379725880920887
3954687488.0,-0.03879091516137123
3955624960.0,-0.03996211662888527
3956562432.0,-0.041221123188734055
3957499904.0,-0.04219306632876396
3958437376.0,-0.04485078155994415
3959375104.0,-0.04432397708296776
3960312576.0,-0.04572749882936478
3961250048.0,-0.04633229970932007
3962187520.0,-0.04910854995250702
3963124992.0,-0.05222370848059654
3964062464.0,-0.05593743175268173
3964999936.0,-0.061178192496299744
3965937408.0,-0.06709988415241241
3966874880.0,-0.08127396553754807
3967812608.0,-0.09539219737052917
3968750080.0,-0.10735548287630081
3969687552.0,-0.12106365710496902
3970625024.0,-0.13498783111572266
3971562496.0,-0.14850853383541107
3972499968.0,-0.16179487109184265
3973437440.0,-0.17282868921756744
3974374912.0,-0.18332572281360626
3975312384.0,-0.1921612024307251
3976250112.0,-0.19899462163448334
3977187584.0,-0.20464114844799042
3978125056.0,-0.20869816839694977
3979062528.0,-0.20959749817848206
3980000000.0,-0.20932766795158386
3980937472.0,-0.20658691227436066
3981874944.0,-0.20356273651123047
3982812416.0,-0.19879183173179626
3983749888.0,-0.19241660833358765
3984687616.0,-0.1849016398191452
3985625088.0,-0.1760900318622589
3986562560.0,-0.16602417826652527
3987500032.0,-0.15567179024219513
3988437504.0,-0.14437510073184967
3989374976.0,-0.13350793719291687
3990312448.0,-0.12200715392827988
3991249920.0,-0.11063694953918457
3992187392.0,-0.09822077304124832
3993125120.0,-0.08735474199056625
3994062592.0,-0.07669275999069214
3995000064.0,-0.06651619076728821
3995937536.0,-0.056901466101408005
3996875008.0,-0.049506064504384995
3997812480.0,-0.04200112447142601
3998749952.0,-0.036318570375442505
3999687424.0,-0.031042050570249557
4000624896.0,-0.03663774952292442
4001562624.0,-0.03517569974064827
4002500096.0,-0.03374850004911423
4003437568.0,-0.035035137087106705
4004375040.0,-0.03586205095052719
4005312512.0,-0.03926863893866539
4006249984.0,-0.04277505725622177
4007187456.0,-0.04827575385570526
4008124928.0,-0.05427530035376549
4009062400.0,-0.06164959445595741
4009999872.0,-0.06848408281803131
4010937600.0,-0.07684263586997986
4011875072.0,-0.08351436257362366
4012812544.0,-0.09228774160146713
4013750016.0,-0.10087284445762634
4014687488.0,-0.10887058079242706
4015624960.0,-0.11629321426153183
4016562432.0,-0.12437888234853745
4017499904.0,-0.13171681761741638
4018437376.0,-0.13941112160682678
4019375104.0,-0.1456606090068817
4020312576.0,-0.15126259624958038
4021250048.0,-0.15675804018974304
4022187520.0,-0.16141730546951294
4023124992.0,-0.16584399342536926
4024062464.0,-0.16879874467849731
4024999936.0,-0.1727728396654129
4025937408.0,-0.17632143199443817
4026874880.0,-0.1693350225687027
4027812608.0,-0.1749250739812851
4028750080.0,-0.18259580433368683
4029687552.0,-0.18869850039482117
4030625024.0,-0.19350674748420715
4031562496.0,-0.19838085770606995
4032499968.0,-0.20135146379470825
4033437440.0,-0.20514549314975739
4034374912.0,-0.20741426944732666
4035312384.0,-0.20817933976650238
4036250112.0,-0.2071624994277954
4037187584.0,-0.20493724942207336
4038125056.0,-0.20151732861995697
4039062528.0,-0.1974211484193802
4040000000.0,-0.1915564388036728
4040937472.0,-0.18548807501792908
4041874944.0,-0.17977337539196014
4042812416.0,-0.1721162050962448
4043749888.0,-0.16336049139499664
4044687616.0,-0.15339529514312744
4045625088.0,-0.14325805008411407
4046562560.0,-0.13154089450836182
4047500032.0,-0.11930527538061142
4048437504.0,-0.10658300668001175
4049374976.0,-0.09379815310239792
4050312448.0,-0.08015724271535873
4051249920.0,-0.06670494377613068
4052187392.0,-0.05229531228542328
4053125120.0,-0.03928716480731964
4054062592.0,-0.02598188817501068
4055000064.0,-0.013461326248943806
4055937536.0,-0.0013386617647483945
4056875008.0,0.008647807873785496
4057812480.0,0.017377223819494247
4058749952.0,0.02511376515030861
4059687424.0,0.03150002285838127
4060624896.0,0.035359565168619156
4061562624.0,0.03795662894845009
4062500096.0,0.03967520222067833
4063437568.0,0.03839582949876785
4064375040.0,0.03589966520667076
4065312512.0,0.03163968399167061
4066249984.0,0.025845015421509743
4067187456.0,0.019230840727686882
4068124928.0,0.010298342444002628
4069062400.0,-6.62899692542851e-05
4070000128.0,-0.011194603517651558
4070937600.0,-0.022105196490883827
4071875072.0,-0.03466854244470596
4072812544.0,-0.047592852264642715
4073750016.0,-0.06116875261068344
4074687488.0,-0.07328305393457413
4075624960.0,-0.08570586144924164
4076562432.0,-0.09807343035936356
4077499904.0,-0.11071030795574188
4078437376.0,-0.1220451295375824
4079375104.0,-0.13283303380012512
4080312576.0,-0.14177754521369934
4081250048.0,-0.15032906830310822
4082187520.0,-0.15805202722549438
4083124992.0,-0.16443607211112976
4084062464.0,-0.16877365112304688
4084999936.0,-0.17232052981853485
4085937408.0,-0.1750502735376358
4086874880.0,-0.15720947086811066
4087812608.0,-0.15767918527126312
4088750080.0,-0.15522362291812897
4089687552.0,-0.15292181074619293
4090625024.0,-0.1503530740737915
4091562496.0,-0.14666233956813812
4092499968.0,-0.1427493691444397
4093437440.0,-0.13781005144119263
4094374912.0,-0.13182063400745392
4095312384.0,-0.12699173390865326
4096250112.0,-0.11963198333978653
4097187584.0,-0.11355951428413391
4098125056.0,-0.10813837498426437
4099062528.0,-0.10175395756959915
4100000000.0,-0.09515969455242157
4100937472.0,-0.08960559219121933
4101874944.0,-0.08462783694267273
4102812416.0,-0.07842256873846054
4103749888.0,-0.07289940118789673
4104687616.0,-0.06681672483682632
4105625088.0,-0.06184385344386101
4106562560.0,-0.0573706291615963
4107500032.0,-0.05175603926181793
4108437504.0,-0.04800742492079735
4109374976.0,-0.04304052144289017
4110312448.0,-0.03918987140059471
4111249920.0,-0.035380106419324875
4112187392.0,-0.03314200043678284
4113125120.0,-0.03161638602614403
4114062592.0,-0.030045747756958008
4115000064.0,-0.027653351426124573
4115937536.0,-0.027597419917583466
4116875008.0,-0.026338089257478714
4117812480.0,-0.02569122426211834
4118749952.0,-0.025597354397177696
4119687424.0,-0.025572694838047028
4120624896.0,-0.02703111059963703
4121562624.0,-0.027183009311556816
4122500096.0,-0.027994131669402122
4123437568.0,-0.027838731184601784
4124375040.0,-0.029440050944685936
4125312512.0,-0.030622901394963264
4126249984.0,-0.03303518891334534
4127187456.0,-0.035140469670295715
4128124928.0,-0.03579752519726753
4129062400.0,-0.039963044226169586
4129999872.0,-0.04442440718412399
4130937600.0,-0.04853789508342743
4131875072.0,-0.053495436906814575
4132812544.0,-0.05794142931699753
4133750016.0,-0.06420692801475525
4134687488.0,-0.0708400309085846
4135624960.0,-0.07717252522706985
4136562432.0,-0.08471260219812393
4137499904.0,-0.09137766808271408
4138437376.0,-0.09985822439193726
4139375104.0,-0.10883263498544693
4140312576.0,-0.11869359761476517
4141250048.0,-0.1269463449716568
4142187520.0,-0.1357068419456482
4143124992.0,-0.14499185979366302
4144062464.0,-0.1529359221458435
4144999936.0,-0.1621856689453125
4145937408.0,-0.17040446400642395
4146874880.0,-0.19000713527202606
4147812608.0,-0.19795148074626923
4148750080.0,-0.2018703669309616
4149687552.0,-0.205861434340477
4150625024.0,-0.20781682431697845
4151562496.0,-0.2065485715866089
4152499968.0,-0.20404596626758575
4153437440.0,-0.19973130524158478
4154374912.0,-0.1934240609407425
4155312384.0,-0.18648724257946014
4156250112.0,-0.17733338475227356
4157187584.0,-0.1671966165304184
4158125056.0,-0.15722429752349854
4159062528.0,-0.1456110030412674
4160000000.0,-0.13516929745674133
4160937472.0,-0.12260749936103821
4161874944.0,-0.10996750742197037
4162812416.0,-0.09815369546413422
4163749888.0,-0.08555998653173447
4164687616.0,-0.07363355904817581
4165625088.0,-0.06258615106344223
4166562560.0,-0.052070725709199905
4167500032.0,-0.04156789928674698
4168437504.0,-0.03210790082812309
4169374976.0,-0.02449759654700756
4170312448.0,-0.01597500778734684
4171249920.0,-0.00944722443819046
4172187392.0,-0.002615132834762335
4173125120.0,0.0027138669975101948
4174062592.0,0.008115367032587528
4175000064.0,0.012759119272232056
4175937536.0,0.015610853210091591
4176875008.0,0.018458466976881027
4177812480.0,0.020452197641134262
4178749952.0,0.023574883118271828
4179687424.0,0.025059174746274948
4180624896.0,0.026055892929434776
4181562624.0,0.026189425960183144
4182500096.0,0.02615838684141636
4183437568.0,0.025797966867685318
4184375040.0,0.024754764512181282
4185312512.0,0.022212030366063118
4186249984.0,0.02085700072348118
4187187456.0,0.01727408915758133
4188124928.0,0.01393786072731018
4189062400.0,0.010310173034667969
4190000128.0,0.005719101056456566
4190937600.0,-0.0005942119751125574
4191875072.0,-0.006455938797444105
4192812544.0,-0.013644433580338955
4193750016.0,-0.02107422985136509
4194687488.0,-0.029857952147722244
4195624960.0,-0.039515066891908646
4196562432.0,-0.04817383736371994
4197499904.0,-0.058718860149383545
4198437376.0,-0.06958039104938507
4199375104.0,-0.0812387689948082
4200312576.0,-0.09145210683345795
4201250048.0,-0.10361865907907486
4202187520.0,-0.11543735861778259
4203124992.0,-0.1278495341539383
4204062464.0,-0.13999038934707642
4204999936.0,-0.15146470069885254
4205937408.0,-0.1637314409017563
4206874880.0,-0.1667974293231964
4207812608.0,-0.17853735387325287
4208750080.0,-0.19071227312088013
4209687552.0,-0.20167176425457
4210625024.0,-0.21255144476890564
4211562496.0,-0.22290824353694916
4212499968.0,-0.23151011765003204
4213437440.0,-0.2388342171907425
4214374912.0,-0.24476347863674164
4215312384.0,-0.24942658841609955
4216250112.0,-0.2503798305988312
4217187584.0,-0.2495599240064621
4218125056.0,-0.24625729024410248
4219062528.0,-0.24077315628528595
4220000000.0,-0.23346689343452454
4220937472.0,-0.22269783914089203
4221874944.0,-0.210508793592453
4222812416.0,-0.19579970836639404
4223749888.0,-0.18009422719478607
4224687616.0,-0.16035428643226624
4225625088.0,-0.14111527800559998
4226562560.0,-0.1200583428144455
4227500032.0,-0.0986793041229248
4228437504.0,-0.0759710744023323
4229374976.0,-0.05454748123884201
4230312448.0,-0.032232098281383514
4231249920.0,-0.010534321889281273
4232187392.0,0.011172972619533539
4233125120.0,0.031317632645368576
4234062592.0,0.050506435334682465
4235000064.0,0.06783851981163025
4235937536.0,0.08378873020410538
4236875008.0,0.09793050587177277
4237812480.0,0.11037174612283707
4238749952.0,0.11933477967977524
4239687424.0,0.1257501095533371
4240624896.0,0.12997348606586456
4241562624.0,0.1315646767616272
4242500096.0,0.12980438768863678
4243437568.0,0.12590757012367249
4244375040.0,0.12037759274244308
4245312512.0,0.1126151829957962
4246249984.0,0.10207408666610718
4247187456.0,0.09040330350399017
4248124928.0,0.07726073265075684
4249062400.0,0.06272176653146744
4249999872.0,0.045973680913448334
4250937600.0,0.029739193618297577
4251875072.0,0.011211988516151905
4252812544.0,-0.005777718033641577
4253750016.0,-0.02489885501563549
4254687488.0,-0.04318750649690628
4255624960.0,-0.06120368465781212
4256562432.0,-0.07939370721578598
4257499904.0,-0.09646733850240707
4258437376.0,-0.11349599808454514
4259375104.0,-0.13069577515125275
4260312576.0,-0.14604422450065613
4261250048.0,-0.1614856868982315
4262187520.0,-0.1771731823682785
4263124992.0,-0.19218039512634277
4264062464.0,-0.2054106891155243
4264999936.0,-0.21781770884990692
4265937408.0,-0.2315886914730072
4266874880.0,-0.24137140810489655
4267812608.0,-0.245299831032753
4268750080.0,-0.24990803003311157
4269687552.0,-0.2542983293533325
4270625024.0,-0.25818538665771484
4271562496.0,-0.2621228098869324
4272499968.0,-0.2671607434749603
4273437440.0,-0.26904812455177307
4274374912.0,-0.27297642827033997
4275312384.0,-0.2750109136104584
4276250112.0,-0.27371737360954285
4277187584.0,-0.27281659841537476
4278125056.0,-0.2688230276107788
4279062528.0,-0.2643124759197235
4280000000.0,-0.2563314437866211
4280937472.0,-0.24778522551059723
4281874944.0,-0.2377067357301712
4282812416.0,-0.22448763251304626
4283749888.0,-0.20984606444835663
4284687616.0,-0.19499391317367554
4285625088.0,-0.17659947276115417
4286562560.0,-0.1572829782962799
4287500032.0,-0.13734768331050873
4288437504.0,-0.11640431731939316
4289374976.0,-0.09339642524719238
4290312448.0,-0.07068383693695068
4291249920.0,-0.04751740023493767
4292187392.0,-0.024447767063975334
4293125120.0,-0.0007332809618674219
4294062592.0,0.021336447447538376
4295000064.0,0.043926797807216644
4295937536.0,0.06415874511003494
4296875008.0,0.08453410863876343
4297812480.0,0.1027631163597107
4298749952.0,0.12024392187595367
4299687424.0,0.13469643890857697
4300624896.0,0.14844369888305664
4301562368.0,0.15974046289920807
4302499840.0,0.16855007410049438
4303437312.0,0.17380276322364807
4304374784.0,0.17593683302402496
4305312256.0,0.17688272893428802
4306250240.0,0.17389316856861115
4307187712.0,0.16768237948417664
4308125184.0,0.15829794108867645
4309062656.0,0.14724233746528625
4310000128.0,0.13184814155101776
4310937600.0,0.11508315056562424
4311875072.0,0.09392275661230087
4312812544.0,0.07218849658966064
4313750016.0,0.04731069132685661
4314687488.0,0.021295122802257538
4315624960.0,-0.006878507789224386
4316562432.0,-0.034455396234989166
4317499904.0,-0.06391462683677673
4318437376.0,-0.0943891853094101
4319374848.0,-0.12424100935459137
4320312320.0,-0.154261976480484
4321249792.0,-0.18436630070209503
4322187264.0,-0.211996391415596
4323125248.0,-0.23760630190372467
4324062720.0,-0.2626861333847046
4325000192.0,-0.28531789779663086
4325937664.0,-0.3053174912929535
4326875136.0,-0.33809688687324524
4327812608.0,-0.3336178660392761
4328750080.0,-0.32690659165382385
4329687552.0,-0.3193783462047577
4330625024.0,-0.31247153878211975
4331562496.0,-0.3028956353664398
4332499968.0,-0.29472142457962036
4333437440.0,-0.2863781154155731
4334374912.0,-0.2773541212081909
4335312384.0,-0.2694641649723053
4336249856.0,-0.2613410949707031
4337187328.0,-0.25433191657066345
4338124800.0,-0.24812182784080505
4339062272.0,-0.24162819981575012
4339999744.0,-0.23544271290302277
4340937728.0,-0.23018190264701843
4341875200.0,-0.2249028980731964
4342812672.0,-0.22003519535064697
4343750144.0,-0.21459220349788666
4344687616.0,-0.20851410925388336
4345625088.0,-0.20285741984844208
4346562560.0,-0.19640544056892395
4347500032.0,-0.18901894986629486
4348437504.0,-0.18064013123512268
4349374976.0,-0.1717069447040558
4350312448.0,-0.16182251274585724
4351249920.0,-0.15019650757312775
4352187392.0,-0.13893470168113708
4353124864.0,-0.12334506213665009
4354062336.0,-0.10818911343812943
4354999808.0,-0.09178857505321503
4355937280.0,-0.07533580809831619
4356874752.0,-0.057576779276132584
4357812736.0,-0.040912892669439316
4358750208.0,-0.0266912579536438
4359687680.0,-0.013984019868075848
4360625152.0,-0.006215713452547789
4361562624.0,-0.0007124289404600859
4362500096.0,0.00252179685048759
4363437568.0,0.003416224382817745
4364375040.0,0.005753975827246904
4365312512.0,0.005711240693926811
4366249984.0,0.007637208793312311
4367187456.0,0.0066267745569348335
4368124928.0,0.005692476872354746
4369062400.0,0.003256669035181403
4369999872.0,0.0013649531174451113
4370937344.0,-0.0007409628597088158
4371874816.0,-0.004134716931730509
4372812288.0,-0.008935731835663319
4373749760.0,-0.014706285670399666
4374687744.0,-0.021895399317145348
4375625216.0,-0.030199334025382996
4376562688.0,-0.03967173770070076
4377500160.0,-0.05232638493180275
4378437632.0,-0.06616611033678055
4379375104.0,-0.08190647512674332
4380312576.0,-0.1006380170583725
4381250048.0,-0.11987952888011932
4382187520.0,-0.14118358492851257
4383124992.0,-0.16363221406936646
4384062464.0,-0.1871449053287506
4384999936.0,-0.21099309623241425
4385937408.0,-0.2355390340089798
4386874880.0,-0.3278043568134308
4387812352.0,-0.3437243700027466
4388749824.0,-0.3566828668117523
4389687296.0,-0.36684516072273254
4390624768.0,-0.37434715032577515
4391562752.0,-0.3801165521144867
4392500224.0,-0.38116455078125
4393437696.0,-0.3804258704185486
4394375168.0,-0.3753347098827362
4395312640.0,-0.3680451214313507
4396250112.0,-0.356184720993042
4397187584.0,-0.34151923656463623
4398125056.0,-0.3247649073600769
4399062528.0,-0.30389538407325745
4400000000.0,-0.28068509697914124
4400937472.0,-0.2552165985107422
4401874944.0,-0.22774125635623932
4402812416.0,-0.1983235478401184
4403749888.0,-0.16743320226669312
4404687360.0,-0.13672113418579102
4405624832.0,-0.10407716035842896
4406562304.0,-0.0719730481505394
4407499776.0,-0.04038984701037407
4408437248.0,-0.008219415321946144
4409375232.0,0.0212717242538929
4410312704.0,0.05029949173331261
4411250176.0,0.07763014733791351
4412187648.0,0.10225449502468109
4413125120.0,0.12421318143606186
4414062592.0,0.1431168168783188
4415000064.0,0.15956437587738037
4415937536.0,0.17316120862960815
4416875008.0,0.18429909646511078
4417812480.0,0.19095434248447418
4418749952.0,0.19536052644252777
4419687424.0,0.19435285031795502
4420624896.0,0.19199559092521667
4421562368.0,0.18530713021755219
4422499840.0,0.174984872341156
4423437312.0,0.16313007473945618
4424374784.0,0.1470048427581787
4425312256.0,0.12885251641273499
4426250240.0,0.10879387706518173
4427187712.0,0.08585208654403687
4428125184.0,0.062026649713516235
4429062656.0,0.03711410611867905
4430000128.0,0.01043714676052332
4430937600.0,-0.015726761892437935
4431875072.0,-0.04277496039867401
4432812544.0,-0.06838458776473999
4433750016.0,-0.09598717093467712
4434687488.0,-0.12028232216835022
4435624960.0,-0.14375661313533783
4436562432.0,-0.16659703850746155
4437499904.0,-0.18624986708164215
4438437376.0,-0.20514337718486786
4439374848.0,-0.2204955369234085
4440312320.0,-0.23266686499118805
4441249792.0,-0.24382498860359192
4442187264.0,-0.2531857490539551
4443125248.0,-0.2584497332572937
4444062720.0,-0.26279762387275696
4445000192.0,-0.2640230655670166
4445937664.0,-0.26335808634757996
4446875136.0,-0.2059551477432251
4447812608.0,-0.20989328622817993
4448750080.0,-0.21264386177062988
4449687552.0,-0.2124045491218567
4450625024.0,-0.20901897549629211
4451562496.0,-0.2034303992986679
4452499968.0,-0.1947467029094696
4453437440.0,-0.18318583071231842
4454374912.0,-0.16888990998268127
4455312384.0,-0.15378718078136444
4456249856.0,-0.13471351563930511
4457187328.0,-0.11481110006570816
4458124800.0,-0.09404241293668747
4459062272.0,-0.07096445560455322
4460000256.0,-0.04896882176399231
4460937728.0,-0.026762360706925392
4461875200.0,-0.004106634296476841
4462812672.0,0.016980312764644623
4463750144.0,0.03747107833623886
4464687616.0,0.05563434213399887
4465625088.0,0.07186633348464966
4466562560.0,0.08713184297084808
4467500032.0,0.09931503236293793
4468437504.0,0.10893071442842484
4469374976.0,0.11637520790100098
4470312448.0,0.12117621302604675
4471249920.0,0.12242445349693298
4472187392.0,0.12210924178361893
4473124864.0,0.11751344054937363
4474062336.0,0.11046945303678513
4474999808.0,0.10073965787887573
4475937280.0,0.08770043402910233
4476874752.0,0.07263412326574326
4477812736.0,0.05478334799408913
4478750208.0,0.03417704254388809
4479687680.0,0.012410018593072891
4480625152.0,-0.011546151712536812
4481562624.0,-0.036535244435071945
4482500096.0,-0.06340102851390839
4483437568.0,-0.09095163643360138
4484375040.0,-0.1191776916384697
4485312512.0,-0.14848729968070984
4486249984.0,-0.17642036080360413
4487187456.0,-0.20444929599761963
4488124928.0,-0.2319924235343933
4489062400.0,-0.25700774788856506
4489999872.0,-0.2812482416629791
4490937344.0,-0.30349254608154297
4491874816.0,-0.32409635186195374
4492812288.0,-0.3412601351737976
4493749760.0,-0.357843279838562
4494687744.0,-0.37261271476745605
4495625216.0,-0.38314780592918396
4496562688.0,-0.3909130096435547
4497500160.0,-0.39753565192222595
4498437632.0,-0.4027813971042633
4499375104.0,-0.4053995907306671
4500312576.0,-0.40670084953308105
4501250048.0,-0.4067787826061249
4502187520.0,-0.406779021024704
4503124992.0,-0.4021851122379303
4504062464.0,-0.3993512988090515
4504999936.0,-0.39460405707359314
4505937408.0,-0.39100804924964905
4506874880.0,-0.2699417471885681
4507812352.0,-0.26792535185813904
4508749824.0,-0.26567304134368896
4509687296.0,-0.2644045352935791
4510624768.0,-0.2644980251789093
4511562752.0,-0.2643839716911316
4512500224.0,-0.2650962173938751
4513437696.0,-0.26632043719291687
4514375168.0,-0.26920831203460693
4515312640.0,-0.27350670099258423
4516250112.0,-0.2786423861980438
4517187584.0,-0.28408053517341614
4518125056.0,-0.29026100039482117
4519062528.0,-0.29711130261421204
4520000000.0,-0.30585628747940063
4520937472.0,-0.31454190611839294
4521874944.0,-0.32393041253089905
4522812416.0,-0.33191725611686707
4523749888.0,-0.341660737991333
4524687360.0,-0.35185787081718445
4525624832.0,-0.36042919754981995
4526562304.0,-0.37035053968429565
4527499776.0,-0.3790675103664398
4528437248.0,-0.38722866773605347
4529375232.0,-0.3967435359954834
4530312704.0,-0.40380147099494934
4531250176.0,-0.4116823971271515
4532187648.0,-0.41852691769599915
4533125120.0,-0.4255615770816803
4534062592.0,-0.4321862757205963
4535000064.0,-0.4367290735244751
4535937536.0,-0.44122880697250366
4536875008.0,-0.4447382390499115
4537812480.0,-0.44776663184165955
4538749952.0,-0.4498137831687927
4539687424.0,-0.4519166648387909
4540624896.0,-0.45252254605293274
4541562368.0,-0.4528312683105469
4542499840.0,-0.4523870050907135
4543437312.0,-0.4519452750682831
4544374784.0,-0.45143258571624756
4545312256.0,-0.4486866891384125
4546250240.0,-0.4460936486721039
4547187712.0,-0.4440717101097107
4548125184.0,-0.440034955739975
4549062656.0,-0.43851789832115173
4550000128.0,-0.4354659914970398
4550937600.0,-0.43365710973739624
4551875072.0,-0.4305230975151062
4552812544.0,-0.42960792779922485
4553750016.0,-0.4279289245605469
4554687488.0,-0.42631351947784424
4555624960.0,-0.4245830476284027
4556562432.0,-0.421841025352478
4557499904.0,-0.42138367891311646
4558437376.0,-0.42044246196746826
4559374848.0,-0.4182246923446655
4560312320.0,-0.4181632697582245
4561249792.0,-0.4165247976779938
4562187264.0,-0.41481927037239075
4563125248.0,-0.41299203038215637
4564062720.0,-0.4111783504486084
4565000192.0,-0.4098166525363922
4565937664.0,-0.40835872292518616
4566875136.0,-0.3613402247428894
4567812608.0,-0.36834660172462463
4568750080.0,-0.37198635935783386
4569687552.0,-0.37626051902770996
4570625024.0,-0.3759395480155945
4571562496.0,-0.37534937262535095
4572499968.0,-0.373025119304657
4573437440.0,-0.3678819537162781
4574374912.0,-0.35960209369659424
4575312384.0,-0.3509857654571533
4576249856.0,-0.33932021260261536
4577187328.0,-0.32604533433914185
4578124800.0,-0.3100086450576782
4579062272.0,-0.2930927276611328
4579999744.0,-0.2745203673839569
4580937728.0,-0.2548648715019226
4581875200.0,-0.2343861311674118
4582812672.0,-0.2125871628522873
4583750144.0,-0.1910865604877472
4584687616.0,-0.16821220517158508
4585625088.0,-0.14595282077789307
4586562560.0,-0.12331337481737137
4587500032.0,-0.10237743705511093
4588437504.0,-0.08159123361110687
4589374976.0,-0.06195344403386116
4590312448.0,-0.04218057170510292
4591249920.0,-0.025775080546736717
4592187392.0,-0.010744703002274036
4593124864.0,0.001986956922337413
4594062336.0,0.012807170860469341
4594999808.0,0.021500805392861366
4595937280.0,0.0267775971442461
4596874752.0,0.030445443466305733
4597812736.0,0.0306476391851902
4598750208.0,0.028625883162021637
4599687680.0,0.023546792566776276
4600625152.0,0.015568115748465061
4601562624.0,0.005825337488204241
4602500096.0,-0.006693462375551462
4603437568.0,-0.021655866876244545
4604375040.0,-0.03869076818227768
4605312512.0,-0.05694027245044708
4606249984.0,-0.07880173623561859
4607187456.0,-0.10020136833190918
4608124928.0,-0.12204908579587936
4609062400.0,-0.1459536999464035
4609999872.0,-0.16999214887619019
4610937344.0,-0.19263294339179993
4611874816.0,-0.21575875580310822
4612812288.0,-0.23775726556777954
4613749760.0,-0.26024129986763
4614687744.0,-0.28034108877182007
4615625216.0,-0.2997303009033203
4616562688.0,-0.31806352734565735
4617500160.0,-0.3348533809185028
4618437632.0,-0.35149991512298584
4619375104.0,-0.36676454544067383
4620312576.0,-0.38052451610565186
4621250048.0,-0.391986608505249
4622187520.0,-0.40415772795677185
4623124992.0,-0.4148590564727783
4624062464.0,-0.4252026379108429
4624999936.0,-0.4338715970516205
4625937408.0,-0.4412524700164795
4626874880.0,-0.45471030473709106
4627812352.0,-0.44870176911354065
4628749824.0,-0.44188806414604187
4629687296.0,-0.4334491789340973
4630624768.0,-0.42473044991493225
4631562752.0,-0.4149879813194275
4632500224.0,-0.4051833152770996
4633437696.0,-0.3944278359413147
4634375168.0,-0.38409432768821716
4635312640.0,-0.3727389872074127
4636250112.0,-0.36368608474731445
4637187584.0,-0.3543323576450348
4638125056.0,-0.3447766900062561
4639062528.0,-0.3359532058238983
4640000000.0,-0.3279281258583069
4640937472.0,-0.32125458121299744
4641874944.0,-0.31442829966545105
4642812416.0,-0.3092285692691803
4643749888.0,-0.3046957552433014
4644687360.0,-0.3022286593914032
4645624832.0,-0.30047741532325745
4646562304.0,-0.2997950315475464
4647499776.0,-0.300873339176178
4648437248.0,-0.30253690481185913
4649375232.0,-0.30619534850120544
4650312704.0,-0.31032758951187134
4651250176.0,-0.3147639036178589
4652187648.0,-0.3205122649669647
4653125120.0,-0.32709062099456787
4654062592.0,-0.33434346318244934
4655000064.0,-0.34248030185699463
4655937536.0,-0.35159751772880554
4656875008.0,-0.3611874580383301
4657812480.0,-0.3716069459915161
4658749952.0,-0.3817973732948303
4659687424.0,-0.39334025979042053
4660624896.0,-0.4057082235813141
4661562368.0,-0.41900187730789185
4662499840.0,-0.43171441555023193
4663437312.0,-0.4440246820449829
4664374784.0,-0.4576466679573059
4665312256.0,-0.47160446643829346
4666250240.0,-0.48546361923217773
4667187712.0,-0.4995792806148529
4668125184.0,-0.514091432094574
4669062656.0,-0.5276630520820618
4670000128.0,-0.5428224802017212
4670937600.0,-0.5579153299331665
4671875072.0,-0.5720582008361816
4672812544.0,-0.5866744518280029
4673750016.0,-0.6003905534744263
4674687488.0,-0.6129490733146667
4675624960.0,-0.6261773705482483
4676562432.0,-0.6382465958595276
4677499904.0,-0.6492987275123596
4678437376.0,-0.660937488079071
4679374848.0,-0.6707040071487427
4680312320.0,-0.6783420443534851
4681249792.0,-0.6873931884765625
4682187264.0,-0.692596971988678
4683125248.0,-0.6967356204986572
4684062720.0,-0.6996287107467651
4685000192.0,-0.7010236382484436
4685937664.0,-0.6998029351234436
4686875136.0,-0.6777563095092773
4687812608.0,-0.6774430274963379
4688750080.0,-0.6742479205131531
4689687552.0,-0.6682671308517456
4690625024.0,-0.6597275137901306
4691562496.0,-0.6479946374893188
4692499968.0,-0.633958101272583
4693437440.0,-0.6185409426689148
4694374912.0,-0.6004360318183899
4695312384.0,-0.5796467661857605
4696249856.0,-0.5585965514183044
4697187328.0,-0.5348179936408997
4698124800.0,-0.5109105706214905
4699062272.0,-0.4867408871650696
4700000256.0,-0.46255359053611755
4700937728.0,-0.4389389753341675
4701875200.0,-0.4170706272125244
4702812672.0,-0.39791300892829895
4703750144.0,-0.38084498047828674
4704687616.0,-0.36667823791503906
4705625088.0,-0.35564738512039185
4706562560.0,-0.3482975959777832
4707500032.0,-0.34475570917129517
4708437504.0,-0.343779057264328
4709374976.0,-0.34806209802627563
4710312448.0,-0.3564665615558624
4711249920.0,-0.3696933090686798
4712187392.0,-0.3886456787586212
4713124864.0,-0.41073980927467346
4714062336.0,-0.43918800354003906
4714999808.0,-0.4712625741958618
4715937280.0,-0.506647527217865
4716874752.0,-0.5464838743209839
4717812736.0,-0.5900222063064575
4718750208.0,-0.6360554695129395
4719687680.0,-0.6837379932403564
4720625152.0,-0.7330449819564819
4721562624.0,-0.7831015586853027
4722500096.0,-0.8328498601913452
4723437568.0,-0.8803937435150146
4724375040.0,-0.9265971779823303
4725312512.0,-0.9703221321105957
4726249984.0,-1.0110734701156616
4727187456.0,-1.0469716787338257
4728124928.0,-1.0792081356048584
4729062400.0,-1.1056307554244995
4729999872.0,-1.1274524927139282
4730937344.0,-1.1458358764648438
4731874816.0,-1.1589350700378418
4732812288.0,-1.168054223060608
4733749760.0,-1.1752283573150635
4734687744.0,-1.1766953468322754
4735625216.0,-1.1761420965194702
4736562688.0,-1.1728498935699463
4737500160.0,-1.1661877632141113
4738437632.0,-1.1576007604599
4739375104.0,-1.1485706567764282
4740312576.0,-1.1351735591888428
4741250048.0,-1.1225992441177368
4742187520.0,-1.1093885898590088
4743124992.0,-1.0946052074432373
4744062464.0,-1.0794644355773926
4744999936.0,-1.0651806592941284
4745937408.0,-1.0497701168060303
4746874880.0,-0.807478666305542
4747812352.0,-0.8145445585250854
4748749824.0,-0.8202704191207886
4749687296.0,-0.8263566493988037
4750624768.0,-0.8315913081169128
4751562752.0,-0.8382267951965332
4752500224.0,-0.8434755802154541
4753437696.0,-0.8479666709899902
4754375168.0,-0.8523157835006714
4755312640.0,-0.8554516434669495
4756250112.0,-0.8582000732421875
4757187584.0,-0.8603995442390442
4758125056.0,-0.8614353537559509
4759062528.0,-0.8611848950386047
4760000000.0,-0.8605251312255859
4760937472.0,-0.8585712909698486
4761874944.0,-0.85701584815979
4762812416.0,-0.8550820350646973
4763749888.0,-0.8515371084213257
4764687360.0,-0.8478044867515564
4765624832.0,-0.8431869745254517
4766562304.0,-0.8387938141822815
4767499776.0,-0.8326246738433838
4768437248.0,-0.8267893195152283
4769375232.0,-0.8213302493095398
4770312704.0,-0.8172136545181274
4771250176.0,-0.8120520710945129
4772187648.0,-0.8075211644172668
4773125120.0,-0.8049057126045227
4774062592.0,-0.8016825914382935
4775000064.0,-0.7998269200325012
4775937536.0,-0.7990387678146362
4776875008.0,-0.8006047010421753
4777812480.0,-0.8030381798744202
4778749952.0,-0.8062483072280884
4779687424.0,-0.8121006488800049
4780624896.0,-0.8190652132034302
4781562368.0,-0.828909158706665
4782499840.0,-0.8404391407966614
4783437312.0,-0.8542615175247192
4784374784.0,-0.8690028190612793
4785312256.0,-0.887042760848999
4786250240.0,-0.9052813649177551
4787187712.0,-0.9264017939567566
4788125184.0,-0.9498894214630127
4789062656.0,-0.97427898645401
4790000128.0,-1.0003697872161865
4790937600.0,-1.026558756828308
4791875072.0,-1.053302526473999
4792812544.0,-1.080816388130188
4793750016.0,-1.1090596914291382
4794687488.0,-1.136420488357544
4795624960.0,-1.1648800373077393
4796562432.0,-1.1922489404678345
4797499904.0,-1.2175028324127197
4798437376.0,-1.2423176765441895
4799374848.0,-1.2649543285369873
4800312320.0,-1.2877252101898193
4801249792.0,-1.3077515363693237
4802187264.0,-1.3264702558517456
4803125248.0,-1.3426576852798462
4804062720.0,-1.357742190361023
4805000192.0,-1.3690444231033325
4805937664.0,-1.3779821395874023
4806875136.0,-1.234873652458191
4807812608.0,-1.239165186882019
4808750080.0,-1.240945816040039
4809687552.0,-1.242352843284607
4810625024.0,-1.2428228855133057
4811562496.0,-1.2403593063354492
4812499968.0,-1.2369474172592163
4813437440.0,-1.2330849170684814
4814374912.0,-1.227453351020813
4815312384.0,-1.223048448562622
4816249856.0,-1.2165330648422241
4817187328.0,-1.21049964427948
4818124800.0,-1.202938199043274
4819062272.0,-1.1966760158538818
4819999744.0,-1.1913704872131348
4820937728.0,-1.186502456665039
4821875200.0,-1.1832107305526733
4822812672.0,-1.1804991960525513
4823750144.0,-1.1781917810440063
4824687616.0,-1.1771695613861084
4825625088.0,-1.1778610944747925
4826562560.0,-1.1793237924575806
4827500032.0,-1.1826953887939453
4828437504.0,-1.1888296604156494
4829374976.0,-1.1952296495437622
4830312448.0,-1.2037726640701294
4831249920.0,-1.2146930694580078
4832187392.0,-1.228373646736145
4833124864.0,-1.244127869606018
4834062336.0,-1.2619707584381104
4834999808.0,-1.280150294303894
4835937280.0,-1.2997461557388306
4836874752.0,-1.3200469017028809
4837812736.0,-1.3409266471862793
4838750208.0,-1.3617216348648071
4839687680.0,-1.3842967748641968
4840625152.0,-1.4075522422790527
4841562624.0,-1.4298326969146729
4842500096.0,-1.452232003211975
4843437568.0,-1.4735052585601807
4844375040.0,-1.4944310188293457
4845312512.0,-1.5132660865783691
4846249984.0,-1.5325708389282227
4847187456.0,-1.549656629562378
4848124928.0,-1.5658661127090454
4849062400.0,-1.5811023712158203
4849999872.0,-1.5951277017593384
4850937344.0,-1.6080492734909058
4851874816.0,-1.6186233758926392
4852812288.0,-1.6278657913208008
4853749760.0,-1.635951042175293
4854687744.0,-1.642356038093567
4855625216.0,-1.6479778289794922
4856562688.0,-1.652772307395935
4857500160.0,-1.656686544418335
4858437632.0,-1.65964674949646
4859375104.0,-1.6618578433990479
4860312576.0,-1.664955973625183
4861250048.0,-1.6679058074951172
4862187520.0,-1.6700316667556763
4863124992.0,-1.6737688779830933
4864062464.0,-1.677751898765564
4864999936.0,-1.6808444261550903
4865937408.0,-1.6851264238357544
4866874880.0,-1.6680152416229248
4867812352.0,-1.6728564500808716
4868749824.0,-1.6777799129486084
4869687296.0,-1.6824361085891724
4870624768.0,-1.687657117843628
4871562752.0,-1.6939399242401123
4872500224.0,-1.6994097232818604
4873437696.0,-1.7078967094421387
4874375168.0,-1.7140145301818848
4875312640.0,-1.7226535081863403
4876250112.0,-1.730515718460083
4877187584.0,-1.7395281791687012
4878125056.0,-1.7513686418533325
4879062528.0,-1.762498140335083
4880000000.0,-1.7754336595535278
4880937472.0,-1.7882609367370605
4881874944.0,-1.8014644384384155
4882812416.0,-1.8142740726470947
4883749888.0,-1.826895833015442
4884687360.0,-1.8396906852722168
4885624832.0,-1.8531980514526367
4886562304.0,-1.865092158317566
4887499776.0,-1.8734740018844604
4888437248.0,-1.883596420288086
4889375232.0,-1.8907338380813599
4890312704.0,-1.8960318565368652
4891250176.0,-1.898125171661377
4892187648.0,-1.8990215063095093
4893125120.0,-1.8959861993789673
4894062592.0,-1.8905731439590454
4895000064.0,-1.8818788528442383
4895937536.0,-1.8706339597702026
4896875008.0,-1.8589246273040771
4897812480.0,-1.8420864343643188
4898749952.0,-1.8254389762878418
4899687424.0,-1.80455482006073
4900624896.0,-1.7832701206207275
4901562368.0,-1.7596184015274048
4902499840.0,-1.7341572046279907
4903437312.0,-1.7091937065124512
4904374784.0,-1.6816555261611938
4905312256.0,-1.6557948589324951
4906250240.0,-1.628841757774353
4907187712.0,-1.603901743888855
4908125184.0,-1.5777009725570679
4909062656.0,-1.554451584815979
4910000128.0,-1.5306620597839355
4910937600.0,-1.507814645767212
4911875072.0,-1.4865539073944092
4912812544.0,-1.4678205251693726
4913750016.0,-1.4509239196777344
4914687488.0,-1.4355659484863281
4915624960.0,-1.4235786199569702
4916562432.0,-1.4127861261367798
4917499904.0,-1.4054534435272217
4918437376.0,-1.39932382106781
4919374848.0,-1.3967727422714233
4920312320.0,-1.3961747884750366
4921249792.0,-1.396995186805725
4922187264.0,-1.3453874588012695
4923125248.0,-1.3327741622924805
4924062720.0,-1.3233743906021118
4925000192.0,-1.312360405921936
4925937664.0,-1.4183584451675415
4926875136.0,-1.4248707294464111
4927812608.0,-1.4301934242248535
4928750080.0,-1.4361647367477417
4929687552.0,-1.4401216506958008
4930625024.0,-1.4423002004623413
4931562496.0,-1.444270372390747
4932499968.0,-1.4425140619277954
4933437440.0,-1.4395076036453247
4934374912.0,-1.43255615234375
4935312384.0,-1.4231809377670288
4936249856.0,-1.4121173620224
4937187328.0,-1.396945595741272
4938124800.0,-1.3806527853012085
4939062272.0,-1.3639721870422363
4940000256.0,-1.3450220823287964
4940937728.0,-1.324401617050171
4941875200.0,-1.301817774772644
4942812672.0,-1.277922511100769
4943750144.0,-1.2537071704864502
4944687616.0,-1.230448842048645
4945625088.0,-1.2067995071411133
4946562560.0,-1.1849960088729858
4947500032.0,-1.1640286445617676
4948437504.0,-1.143126368522644
4949374976.0,-1.125370740890503
4950312448.0,-1.1094613075256348
4951249920.0,-1.0950216054916382
4952187392.0,-1.0827515125274658
4953124864.0,-1.0729053020477295
4954062336.0,-1.066599726676941
4954999808.0,-1.0606447458267212
4955937280.0,-1.0549094676971436
4956874752.0,-1.0509687662124634
4957812736.0,-1.0491479635238647
4958750208.0,-1.046191692352295
4959687680.0,-1.0436933040618896
4960625152.0,-1.0413323640823364
4961562624.0,-1.0376300811767578
4962500096.0,-1.034051775932312
4963437568.0,-1.0297296047210693
4964375040.0,-1.0238215923309326
4965312512.0,-1.0174537897109985
4966249984.0,-1.0097252130508423
4967187456.0,-1.0007516145706177
4968124928.0,-0.9925156831741333
4969062400.0,-0.9834853410720825
4969999872.0,-0.9739668965339661
4970937344.0,-0.9644133448600769
4971874816.0,-0.9535455703735352
4972812288.0,-0.9436301589012146
4973749760.0,-0.9329009056091309
4974687744.0,-0.9237251281738281
4975625216.0,-0.9153732657432556
4976562688.0,-0.9069913625717163
4977500160.0,-0.8992817401885986
4978437632.0,-0.8914787769317627
4979375104.0,-0.8846988677978516
4980312576.0,-0.876576840877533
4981250048.0,-0.868826150894165
4982187520.0,-0.8606035113334656
4983124992.0,-0.8523664474487305
4984062464.0,-0.8435564041137695
4984999936.0,-0.8351722359657288
4985937408.0,-0.8134706020355225
4986874880.0,-0.8041930794715881
4987812352.0,-0.7959293127059937
4988749824.0,-0.7877675294876099
4989687296.0,-0.782373309135437
4990624768.0,-0.777010440826416
4991562752.0,-0.772974967956543
4992500224.0,-0.770557701587677
4993437696.0,-0.7698463201522827
4994375168.0,-0.7694775462150574
4995312640.0,-0.7707759737968445
4996250112.0,-0.7739236950874329
4997187584.0,-0.7786091566085815
4998125056.0,-0.7841110825538635
4999062528.0,-0.7904121279716492
5000000000.0,-0.7976722717285156
5000937472.0,-0.8050636649131775
5001874944.0,-0.8125367164611816
5002812416.0,-0.8207414150238037
5003749888.0,-0.8289751410484314
5004687360.0,-0.8368871808052063
5005624832.0,-0.8430256843566895
5006562304.0,-0.8484581708908081
5007499776.0,-0.8530237078666687
5008437248.0,-0.8560430407524109
5009375232.0,-0.8568105697631836
5010312704.0,-0.8556084632873535
5011250176.0,-0.850337564945221
5012187648.0,-0.8447460532188416
5013125120.0,-0.8347630500793457
5014062592.0,-0.8232618570327759
5015000064.0,-0.8098176717758179
5015937536.0,-0.792456865310669
5016875008.0,-0.7731552124023438
5017812480.0,-0.751901388168335
5018749952.0,-0.7285328507423401
5019687424.0,-0.7035991549491882
5020624896.0,-0.6769171953201294
5021562368.0,-0.6474936008453369
5022499840.0,-0.6179507374763489
5023437312.0,-0.5867531299591064
5024374784.0,-0.5553029775619507
5025312256.0,-0.5231050252914429
5026250240.0,-0.4925358295440674
5027187712.0,-0.46140992641448975
5028125184.0,-0.43196719884872437
5029062656.0,-0.4043106436729431
5030000128.0,-0.3765864074230194
5030937600.0,-0.351540744304657
5031875072.0,-0.32801198959350586
5032812544.0,-0.30794551968574524
5033750016.0,-0.28933414816856384
5034687488.0,-0.2751593589782715
5035624960.0,-0.2636794149875641
5036562432.0,-0.25454026460647583
5037499904.0,-0.25003188848495483
5038437376.0,-0.24802570044994354
5039374848.0,-0.24889369308948517
5040312320.0,-0.2537081837654114
5041249792.0,-0.2600709795951843
5042187264.0,-0.27033036947250366
5043125248.0,-0.2832534611225128
5044062720.0,-0.29781797528266907
5045000192.0,-0.31565192341804504
5045937664.0,-0.5827968716621399
5046875136.0,-0.5914563536643982
5047812608.0,-0.6009148955345154
5048750080.0,-0.6090874075889587
5049687552.0,-0.6185166835784912
5050625024.0,-0.6278525590896606
5051562496.0,-0.6374104022979736
5052499968.0,-0.6468868255615234
5053437440.0,-0.6556263566017151
5054374912.0,-0.6646758317947388
5055312384.0,-0.6726077198982239
5056249856.0,-0.680286169052124
5057187328.0,-0.6866953372955322
5058124800.0,-0.6913176774978638
5059062272.0,-0.6970272660255432
5059999744.0,-0.6999515295028687
5060937728.0,-0.7006884217262268
5061875200.0,-0.700753927230835
5062812672.0,-0.699808657169342
5063750144.0,-0.6954336166381836
5064687616.0,-0.6917572617530823
5065625088.0,-0.6847085952758789
5066562560.0,-0.6769373416900635
5067500032.0,-0.6667447090148926
5068437504.0,-0.6537052392959595
5069374976.0,-0.6406363844871521
5070312448.0,-0.6248038411140442
5071249920.0,-0.6064555644989014
5072187392.0,-0.5875734686851501
5073124864.0,-0.5667028427124023
5074062336.0,-0.5453094244003296
5074999808.0,-0.5198656320571899
5075937280.0,-0.49632197618484497
5076874752.0,-0.4710814356803894
5077812736.0,-0.445660799741745
5078750208.0,-0.41993895173072815
5079687680.0,-0.3948162794113159
5080625152.0,-0.3711104094982147
5081562624.0,-0.34645915031433105
5082500096.0,-0.32430705428123474
5083437568.0,-0.3014388382434845
5084375040.0,-0.2810460329055786
5085312512.0,-0.2624693214893341
5086249984.0,-0.24681638181209564
5087187456.0,-0.23139774799346924
5088124928.0,-0.2203674465417862
5089062400.0,-0.2104843407869339
5089999872.0,-0.2027921825647354
5090937344.0,-0.1983053833246231
5091874816.0,-0.19604431092739105
5092812288.0,-0.19671019911766052
5093749760.0,-0.19933894276618958
5094687744.0,-0.205594003200531
5095625216.0,-0.2135825753211975
5096562688.0,-0.22438082098960876
5097500160.0,-0.2369295060634613
5098437632.0,-0.252051442861557
5099375104.0,-0.26997068524360657
5100312576.0,-0.28901833295822144
5101250048.0,-0.3103606700897217
5102187520.0,-0.3329230546951294
5103124992.0,-0.35596388578414917
5104062464.0,-0.3804950416088104
5104999936.0,-0.40607818961143494
5105937408.0,-0.5027604103088379
5106874880.0,-0.5208857655525208
5107812352.0,-0.5376726984977722
5108749824.0,-0.5520921945571899
5109687296.0,-0.5644011497497559
5110624768.0,-0.5761446952819824
5111562752.0,-0.5852090716362
5112500224.0,-0.5915014743804932
5113437696.0,-0.5965170860290527
5114375168.0,-0.5985615849494934
5115312640.0,-0.5993445515632629
5116250112.0,-0.5994212031364441
5117187584.0,-0.5969293713569641
5118125056.0,-0.5925470590591431
5119062528.0,-0.5873594880104065
5120000000.0,-0.5827722549438477
5120937472.0,-0.5768600106239319
5121874944.0,-0.5693020820617676
5122812416.0,-0.5617493987083435
5123749888.0,-0.5550172328948975
5124687360.0,-0.5484347343444824
5125624832.0,-0.5424370169639587
5126562304.0,-0.5344566702842712
5127499776.0,-0.5264745354652405
5128437248.0,-0.5169402956962585
5129375232.0,-0.5082511901855469
5130312704.0,-0.49722591042518616
5131250176.0,-0.4859910309314728
5132187648.0,-0.4728465676307678
5133125120.0,-0.458214670419693
5134062592.0,-0.44327855110168457
5135000064.0,-0.4275200068950653
5135937536.0,-0.4101791977882385
5136875008.0,-0.39104223251342773
5137812480.0,-0.37174510955810547
5138749952.0,-0.3525518774986267
5139687424.0,-0.33387550711631775
5140624896.0,-0.3164251446723938
5141562368.0,-0.30053001642227173
5142499840.0,-0.28661611676216125
5143437312.0,-0.2753906846046448
5144374784.0,-0.26849907636642456
5145312256.0,-0.2664240598678589
5146250240.0,-0.27331018447875977
5147187712.0,-0.284377783536911
5148125184.0,-0.299385130405426
5149062656.0,-0.3176592290401459
5150000128.0,-0.3378232419490814
5150937600.0,-0.3596145510673523
5151875072.0,-0.37948372960090637
5152812544.0,-0.39952653646469116
5153750016.0,-0.4203938841819763
5154687488.0,-0.43853959441185
5155624960.0,-0.45513004064559937
5156562432.0,-0.4704597592353821
5157499904.0,-0.4843238890171051
5158437376.0,-0.4974385201931
5159374848.0,-0.5092304944992065
5160312320.0,-0.5197258591651917
5161249792.0,-0.5287683606147766
5162187264.0,-0.5369670987129211
5163125248.0,-0.5442834496498108
5164062720.0,-0.5517202615737915
5165000192.0,-0.5582740902900696
5165937664.0,-0.5657166242599487
5166875136.0,-0.5796629786491394
5167812608.0,-0.595405638217926
5168750080.0,-0.6106155514717102
5169687552.0,-0.6265541911125183
5170625024.0,-0.6433562636375427
5171562496.0,-0.6599409580230713
5172499968.0,-0.6763203740119934
5173437440.0,-0.6926442980766296
5174374912.0,-0.7086129784584045
5175312384.0,-0.7223364114761353
5176249856.0,-0.7342595458030701
5177187328.0,-0.7437840104103088
5178124800.0,-0.7530386447906494
5179062272.0,-0.7600218653678894
5180000256.0,-0.7634302973747253
5180937728.0,-0.7654682397842407
5181875200.0,-0.7630648016929626
5182812672.0,-0.7586819529533386
5183750144.0,-0.7521854639053345
5184687616.0,-0.7420001029968262
5185625088.0,-0.7289775013923645
5186562560.0,-0.714619517326355
5187500032.0,-0.6967977285385132
5188437504.0,-0.6777275800704956
5189374976.0,-0.6566083431243896
5190312448.0,-0.6340266466140747
5191249920.0,-0.6115511059761047
5192187392.0,-0.5874279737472534
5193124864.0,-0.5633751153945923
5194062336.0,-0.5384925603866577
5194999808.0,-0.5148143172264099
5195937280.0,-0.4926958382129669
5196874752.0,-0.4699157178401947
5197812736.0,-0.4493703246116638
5198750208.0,-0.43012312054634094
5199687680.0,-0.4123651683330536
5200625152.0,-0.3978273272514343
5201562624.0,-0.38448718190193176
5202500096.0,-0.37406983971595764
5203437568.0,-0.3642054498195648
5204375040.0,-0.35893797874450684
5205312512.0,-0.3558652698993683
5206249984.0,-0.357253760099411
5207187456.0,-0.36106836795806885
5208124928.0,-0.3667367696762085
5209062400.0,-0.3767898678779602
5209999872.0,-0.38811537623405457
5210937344.0,-0.40255337953567505
5211874816.0,-0.4181741178035736
5212812288.0,-0.4368829131126404
5213749760.0,-0.4580829441547394
5214687744.0,-0.4800895154476166
5215625216.0,-0.5055815577507019
5216562688.0,-0.5307436585426331
5217500160.0,-0.5582823157310486
5218437632.0,-0.5852780938148499
5219375104.0,-0.6136394143104553
5220312576.0,-0.6422096490859985
5221250048.0,-0.6708291172981262
5222187520.0,-0.6979176998138428
5223124992.0,-0.7259094715118408
5224062464.0,-0.7506670355796814
5224999936.0,-0.7760655283927917
5225937408.0,-0.8271033763885498
5226874880.0,-0.8508043885231018
5227812352.0,-0.8733351826667786
5228749824.0,-0.8955276012420654
5229687296.0,-0.9139127731323242
5230624768.0,-0.932010293006897
5231562752.0,-0.9456883072853088
5232500224.0,-0.9572668671607971
5233437696.0,-0.9654408097267151
5234375168.0,-0.9729453325271606
5235312640.0,-0.9773837327957153
5236250112.0,-0.9774855971336365
5237187584.0,-0.9772529006004333
5238125056.0,-0.9734012484550476
5239062528.0,-0.9669371247291565
5240000000.0,-0.9606620669364929
5240937472.0,-0.9521240592002869
5241874944.0,-0.9412752389907837
5242812416.0,-0.9302586317062378
5243749888.0,-0.918400764465332
5244687360.0,-0.9049668312072754
5245624832.0,-0.8908094167709351
5246562304.0,-0.8760203123092651
5247499776.0,-0.8604492545127869
5248437248.0,-0.8442592024803162
5249375232.0,-0.8289803266525269
5250312704.0,-0.8132798075675964
5251250176.0,-0.7989059686660767
5252187648.0,-0.7838287949562073
5253125120.0,-0.7696524262428284
5254062592.0,-0.7561743259429932
5255000064.0,-0.7440914511680603
5255937536.0,-0.734428882598877
5256875008.0,-0.7266217470169067
5257812480.0,-0.7211843132972717
5258749952.0,-0.7172812223434448
5259687424.0,-0.7146692872047424
5260624896.0,-0.7131648659706116
5261562368.0,-0.7131747007369995
5262499840.0,-0.7157248258590698
5263437312.0,-0.7193426489830017
5264374784.0,-0.7246818542480469
5265312256.0,-0.7324745655059814
5266250240.0,-0.7428566217422485
5267187712.0,-0.7558597326278687
5268125184.0,-0.7721474170684814
5269062656.0,-0.7902178764343262
5270000128.0,-0.8108658194541931
5270937600.0,-0.8338682651519775
5271875072.0,-0.8591585159301758
5272812544.0,-0.8865066766738892
5273750016.0,-0.9157347679138184
5274687488.0,-0.9476957321166992
5275624960.0,-0.9806032776832581
5276562432.0,-1.0140960216522217
5277499904.0,-1.0498462915420532
5278437376.0,-1.0854097604751587
5279374848.0,-1.1230103969573975
5280312320.0,-1.1599345207214355
5281249792.0,-1.1985963582992554
5282187264.0,-1.238041639328003
5283125248.0,-1.2791308164596558
5284062720.0,-1.321312427520752
5285000192.0,-1.3610539436340332
5285937664.0,-1.3916956186294556
5286875136.0,-1.4258778095245361
5287812608.0,-1.4596155881881714
5288750080.0,-1.4892425537109375
5289687552.0,-1.5163086652755737
5290625024.0,-1.5407458543777466
5291562496.0,-1.561848521232605
5292499968.0,-1.5814344882965088
5293437440.0,-1.5991405248641968
5294374912.0,-1.6112948656082153
5295312384.0,-1.6198772192001343
5296249856.0,-1.6252758502960205
5297187328.0,-1.6279126405715942
5298124800.0,-1.6276168823242188
5299062272.0,-1.625841498374939
5299999744.0,-1.6206167936325073
5300937728.0,-1.6137232780456543
5301875200.0,-1.6043953895568848
5302812672.0,-1.5935508012771606
5303750144.0,-1.5811214447021484
5304687616.0,-1.5668917894363403
5305625088.0,-1.552686095237732
5306562560.0,-1.5381983518600464
5307500032.0,-1.5236648321151733
5308437504.0,-1.506355881690979
5309374976.0,-1.4925473928451538
5310312448.0,-1.4771205186843872
5311249920.0,-1.461722493171692
5312187392.0,-1.4479812383651733
5313124864.0,-1.4357378482818604
5314062336.0,-1.4247146844863892
5314999808.0,-1.4162962436676025
5315937280.0,-1.4085923433303833
5316874752.0,-1.4040718078613281
5317812736.0,-1.4011437892913818
5318750208.0,-1.4010668992996216
5319687680.0,-1.4037352800369263
5320625152.0,-1.408872365951538
5321562624.0,-1.4161317348480225
5322500096.0,-1.4262171983718872
5323437568.0,-1.439571738243103
5324375040.0,-1.4549309015274048
5325312512.0,-1.4739608764648438
5326249984.0,-1.4959574937820435
5327187456.0,-1.522291898727417
5328124928.0,-1.551810383796692
5329062400.0,-1.583876371383667
5329999872.0,-1.617994785308838
5330937344.0,-1.6559709310531616
5331874816.0,-1.6949540376663208
5332812288.0,-1.7651362419128418
5333749760.0,-1.8141226768493652
5334687744.0,-1.8649365901947021
5335625216.0,-1.916858196258545
5336562688.0,-1.9701485633850098
5337500160.0,-2.0257396697998047
5338437632.0,-2.0810163021087646
5339375104.0,-2.139036178588867
5340312576.0,-2.1974282264709473
5341250048.0,-2.257319211959839
5342187520.0,-2.315948963165283
5343124992.0,-2.3734753131866455
5344062464.0,-2.4289679527282715
5344999936.0,-2.482969284057617
5345937408.0,-2.4273853302001953
5346874880.0,-2.4601526260375977
5347812352.0,-2.490788459777832
5348749824.0,-2.51993465423584
5349687296.0,-2.546044111251831
5350624768.0,-2.5672168731689453
5351562752.0,-2.584388017654419
5352500224.0,-2.5971853733062744
5353437696.0,-2.6084554195404053
5354375168.0,-2.614574670791626
5355312640.0,-2.615978717803955
5356250112.0,-2.614298105239868
5357187584.0,-2.609985828399658
5358125056.0,-2.5998616218566895
5359062528.0,-2.5862090587615967
5360000000.0,-2.5693039894104004
5360937472.0,-2.550227165222168
5361874944.0,-2.5296425819396973
5362812416.0,-2.5066282749176025
5363749888.0,-2.4842207431793213
5364687360.0,-2.45853590965271
5365624832.0,-2.434103488922119
5366562304.0,-2.407665967941284
5367499776.0,-2.3801934719085693
5368437248.0,-2.354180097579956
5369375232.0,-2.3276913166046143
5370312704.0,-2.300931215286255
5371250176.0,-2.2738254070281982
5372187648.0,-2.2463982105255127
5373125120.0,-2.221865177154541
5374062592.0,-2.196599245071411
5375000064.0,-2.173673629760742
5375937536.0,-2.150689125061035
5376875008.0,-2.129848003387451
5377812480.0,-2.1116037368774414
5378749952.0,-2.0947182178497314
5379687424.0,-2.0790483951568604
5380624896.0,-2.065737009048462
5381562368.0,-2.053185224533081
5382499840.0,-2.0427582263946533
5383437312.0,-2.033097267150879
5384374784.0,-2.024435520172119
5385312256.0,-2.018298387527466
5386250240.0,-2.011195421218872
5387187712.0,-2.006686210632324
5388125184.0,-2.004750967025757
5389062656.0,-2.0038161277770996
5390000128.0,-2.004420280456543
5390937600.0,-2.005467414855957
5391875072.0,-2.008967161178589
5392812544.0,-2.011680841445923
5393750016.0,-2.0142295360565186
5394687488.0,-2.018284320831299
5395624960.0,-2.0202527046203613
5396562432.0,-2.024534225463867
5397499904.0,-2.0295300483703613
5398437376.0,-2.0347018241882324
5399374848.0,-2.0395491123199463
5400312320.0,-2.045409917831421
5401249792.0,-2.0497493743896484
5402187264.0,-2.053121328353882
5403125248.0,-2.055591344833374
5404062720.0,-2.0577290058135986
5405000192.0,-2.0585813522338867
5405937664.0,-2.202014684677124
5406875136.0,-2.200761079788208
5407812608.0,-2.196341037750244
5408750080.0,-2.1900408267974854
5409687552.0,-2.181140422821045
5410625024.0,-2.1661853790283203
5411562496.0,-2.1504862308502197
5412499968.0,-2.131934642791748
5413437440.0,-2.111671209335327
5414374912.0,-2.087050199508667
5415312384.0,-2.061084508895874
5416249856.0,-2.034242630004883
5417187328.0,-2.003561019897461
5418124800.0,-1.9729207754135132
5419062272.0,-1.94088876247406
5420000256.0,-1.9073055982589722
5420937728.0,-1.8744995594024658
5421875200.0,-1.8423969745635986
5422812672.0,-1.8096303939819336
5423750144.0,-1.7777706384658813
5424687616.0,-1.7463129758834839
5425625088.0,-1.7150462865829468
5426562560.0,-1.684558391571045
5427500032.0,-1.654207468032837
5428437504.0,-1.6246620416641235
5429374976.0,-1.5955784320831299
5430312448.0,-1.5670026540756226
5431249920.0,-1.540248990058899
5432187392.0,-1.514824628829956
5433124864.0,-1.491067886352539
5434062336.0,-1.4688081741333008
5434999808.0,-1.4472649097442627
5435937280.0,-1.4269535541534424
5436874752.0,-1.407096266746521
5437812736.0,-1.3893738985061646
5438750208.0,-1.3716531991958618
5439687680.0,-1.3558313846588135
5440625152.0,-1.34286367893219
5441562624.0,-1.3297165632247925
5442500096.0,-1.3182522058486938
5443437568.0,-1.307673454284668
5444375040.0,-1.3000564575195312
5445312512.0,-1.2938026189804077
5446249984.0,-1.288261890411377
5447187456.0,-1.2858731746673584
5448124928.0,-1.2841393947601318
5449062400.0,-1.284741759300232
5449999872.0,-1.287325143814087
5450937344.0,-1.2908014059066772
5451874816.0,-1.2958974838256836
5452812288.0,-1.3023293018341064
5453749760.0,-1.3094301223754883
5454687744.0,-1.3164269924163818
5455625216.0,-1.3262218236923218
5456562688.0,-1.3359699249267578
5457500160.0,-1.3479455709457397
5458437632.0,-1.358487844467163
5459375104.0,-1.3697125911712646
5460312576.0,-1.3799067735671997
5461250048.0,-1.389434576034546
5462187520.0,-1.4004815816879272
5463124992.0,-1.4073400497436523
5464062464.0,-1.414790391921997
5464999936.0,-1.4195842742919922
5465937408.0,-1.4283033609390259
5466874880.0,-1.4293885231018066
5467812352.0,-1.4280588626861572
5468749824.0,-1.424005150794983
5469687296.0,-1.4174211025238037
5470624768.0,-1.4095865488052368
5471562752.0,-1.3984004259109497
5472500224.0,-1.3855503797531128
5473437696.0,-1.3709805011749268
5474375168.0,-1.3526434898376465
5475312640.0,-1.3351492881774902
5476250112.0,-1.3121669292449951
5477187584.0,-1.2916849851608276
5478125056.0,-1.2671759128570557
5479062528.0,-1.2418200969696045
5480000000.0,-1.216794490814209
5480937472.0,-1.1901500225067139
5481874944.0,-1.1628388166427612
5482812416.0,-1.135635495185852
5483749888.0,-1.10720694065094
5484687360.0,-1.0793180465698242
5485624832.0,-1.0523298978805542
5486562304.0,-1.024052619934082
5487499776.0,-0.9976032376289368
5488437248.0,-0.9722835421562195
5489375232.0,-0.9458019137382507
5490312704.0,-0.9224713444709778
5491250176.0,-0.8986854553222656
5492187648.0,-0.8755350112915039
5493125120.0,-0.8544753193855286
5494062592.0,-0.8343414664268494
5495000064.0,-0.8158594965934753
5495937536.0,-0.7997325658798218
5496875008.0,-0.7856874465942383
5497812480.0,-0.7744345664978027
5498749952.0,-0.7652813196182251
5499687424.0,-0.7579300403594971
5500624896.0,-0.7536600828170776
5501562368.0,-0.7515233755111694
5502499840.0,-0.7525914311408997
5503437312.0,-0.7556546926498413
5504374784.0,-0.7626042366027832
5505312256.0,-0.7724193930625916
5506250240.0,-0.7849960923194885
5507187712.0,-0.799849271774292
5508125184.0,-0.8187829256057739
5509062656.0,-0.8393983840942383
5510000128.0,-0.862592875957489
5510937600.0,-0.887398898601532
5511875072.0,-0.914302408695221
5512812544.0,-0.9431068301200867
5513750016.0,-0.9728384017944336
5514687488.0,-1.0040175914764404
5515624960.0,-1.0361994504928589
5516562432.0,-1.0684281587600708
5517499904.0,-1.1008083820343018
5518437376.0,-1.1318538188934326
5519374848.0,-1.162807583808899
5520312320.0,-1.1913188695907593
5521249792.0,-1.218869924545288
5522187264.0,-1.2437939643859863
5523125248.0,-1.2655810117721558
5524062720.0,-1.284149408340454
5525000192.0,-1.2988182306289673
5525937664.0,-1.1348421573638916
5526875136.0,-1.141111135482788
5527812608.0,-1.1461710929870605
5528750080.0,-1.1481260061264038
5529687552.0,-1.1472415924072266
5530625024.0,-1.146056056022644
5531562496.0,-1.1441199779510498
5532499968.0,-1.1384263038635254
5533437440.0,-1.1323235034942627
5534374912.0,-1.1236402988433838
5535312384.0,-1.1144747734069824
5536249856.0,-1.1044672727584839
5537187328.0,-1.0915359258651733
5538124800.0,-1.0787714719772339
5539062272.0,-1.0641454458236694
5539999744.0,-1.0487700700759888
5540937728.0,-1.0339610576629639
5541875200.0,-1.0187344551086426
5542812672.0,-1.0034255981445312
5543750144.0,-0.9865610599517822
5544687616.0,-0.9716349840164185
5545625088.0,-0.9572585225105286
5546562560.0,-0.9415969252586365
5547500032.0,-0.9270341396331787
5548437504.0,-0.9123000502586365
5549374976.0,-0.9003841280937195
5550312448.0,-0.8887732028961182
5551249920.0,-0.87748783826828
5552187392.0,-0.8674191236495972
5553124864.0,-0.8597742915153503
5554062336.0,-0.8529621362686157
5554999808.0,-0.8489329218864441
5555937280.0,-0.8464414477348328
5556874752.0,-0.8466503620147705
5557812736.0,-0.8477333188056946
5558750208.0,-0.8507811427116394
5559687680.0,-0.8569261431694031
5560625152.0,-0.8656654953956604
5561562624.0,-0.8771581649780273
5562500096.0,-0.8926029205322266
5563437568.0,-0.9090989232063293
5564375040.0,-0.9290614724159241
5565312512.0,-0.9507427215576172
5566249984.0,-0.973355770111084
5567187456.0,-1.0001827478408813
5568124928.0,-1.0277290344238281
5569062400.0,-1.056503176689148
5569999872.0,-1.0847952365875244
5570937344.0,-1.1160331964492798
5571874816.0,-1.1473461389541626
5572812288.0,-1.1776021718978882
5573749760.0,-1.2063064575195312
5574687744.0,-1.2356077432632446
5575625216.0,-1.26042640209198
5576562688.0,-1.2858405113220215
5577500160.0,-1.3079819679260254
5578437632.0,-1.327101469039917
5579375104.0,-1.3439263105392456
5580312576.0,-1.3582509756088257
5581250048.0,-1.3699307441711426
5582187520.0,-1.3787119388580322
5583124992.0,-1.3835217952728271
5584062464.0,-1.3873083591461182
5584999936.0,-1.3875311613082886
5585937408.0,-1.3093012571334839
5586874880.0,-1.3154464960098267
5587812352.0,-1.3212254047393799
5588749824.0,-1.323553204536438
5589687296.0,-1.326193928718567
5590624768.0,-1.3281129598617554
5591562752.0,-1.328762173652649
5592500224.0,-1.3275469541549683
5593437696.0,-1.325490951538086
5594375168.0,-1.3247153759002686
5595312640.0,-1.3211796283721924
5596250112.0,-1.317672610282898
5597187584.0,-1.3130356073379517
5598125056.0,-1.308274507522583
5599062528.0,-1.3035773038864136
5600000000.0,-1.2985297441482544
5600937472.0,-1.2922526597976685
5601874944.0,-1.2856248617172241
5602812416.0,-1.2804310321807861
5603749888.0,-1.273887276649475
5604687360.0,-1.2683618068695068
5605624832.0,-1.2615560293197632
5606562304.0,-1.2543179988861084
5607499776.0,-1.248038649559021
5608437248.0,-1.2419419288635254
5609375232.0,-1.2365939617156982
5610312704.0,-1.2311673164367676
5611250176.0,-1.2264434099197388
5612187648.0,-1.219102382659912
5613125120.0,-1.2132660150527954
5614062592.0,-1.20759916305542
5615000064.0,-1.2014681100845337
5615937536.0,-1.1953611373901367
5616875008.0,-1.1905831098556519
5617812480.0,-1.1854350566864014
5618749952.0,-1.1803133487701416
5619687424.0,-1.1764804124832153
5620624896.0,-1.1724841594696045
5621562368.0,-1.1689469814300537
5622499840.0,-1.167325735092163
5623437312.0,-1.1650081872940063
5624374784.0,-1.1637831926345825
5625312256.0,-1.16208815574646
5626250240.0,-1.1601048707962036
5627187712.0,-1.1584392786026
5628125184.0,-1.155848503112793
5629062656.0,-1.1544764041900635
5630000128.0,-1.1514182090759277
5630937600.0,-1.149286150932312
5631875072.0,-1.145928144454956
5632812544.0,-1.1433826684951782
5633750016.0,-1.1386375427246094
5634687488.0,-1.1345423460006714
5635624960.0,-1.1295545101165771
5636562432.0,-1.1236897706985474
5637499904.0,-1.116071343421936
5638437376.0,-1.1086705923080444
5639374848.0,-1.0987240076065063
5640312320.0,-1.0898500680923462
5641249792.0,-1.0806516408920288
5642187264.0,-1.0703235864639282
5643125248.0,-1.0584660768508911
5644062720.0,-1.0482836961746216
5645000192.0,-1.0354893207550049
5645937664.0,-1.0318289995193481
5646875136.0,-1.0186767578125
5647812608.0,-1.003607153892517
5648750080.0,-0.9882256984710693
5649687552.0,-0.9711270928382874
5650625024.0,-0.9536993503570557
5651562496.0,-0.9354255199432373
5652499968.0,-0.9153553247451782
5653437440.0,-0.894963800907135
5654374912.0,-0.8747917413711548
5655312384.0,-0.8533332347869873
5656249856.0,-0.8311935067176819
5657187328.0,-0.8093227744102478
5658124800.0,-0.7879957556724548
5659062272.0,-0.7652205228805542
5660000256.0,-0.7436186075210571
5660937728.0,-0.722432017326355
5661875200.0,-0.7009158134460449
5662812672.0,-0.6805048584938049
5663750144.0,-0.6605304479598999
5664687616.0,-0.6419869065284729
5665625088.0,-0.624893307685852
5666562560.0,-0.6089335083961487
5667500032.0,-0.5938113927841187
5668437504.0,-0.5799911022186279
5669374976.0,-0.5677109956741333
5670312448.0,-0.5578405261039734
5671249920.0,-0.5481513738632202
5672187392.0,-0.5400612354278564
5673124864.0,-0.5349127054214478
5674062336.0,-0.5315371751785278
5674999808.0,-0.5284525752067566
5675937280.0,-0.5281583070755005
5676874752.0,-0.5279357433319092
5677812736.0,-0.527681827545166
5678750208.0,-0.530086100101471
5679687680.0,-0.5317537784576416
5680625152.0,-0.5356566309928894
5681562624.0,-0.5390142798423767
5682500096.0,-0.5427782535552979
5683437568.0,-0.546271026134491
5684375040.0,-0.5504463315010071
5685312512.0,-0.553463339805603
5686249984.0,-0.5569334030151367
5687187456.0,-0.5591394901275635
5688124928.0,-0.5614399909973145
5689062400.0,-0.5622621178627014
5689999872.0,-0.5629629492759705
5690937344.0,-0.5602840185165405
5691874816.0,-0.558255672454834
5692812288.0,-0.554218590259552
5693749760.0,-0.5489747524261475
5694687744.0,-0.5414026975631714
5695625216.0,-0.5340317487716675
5696562688.0,-0.523699164390564
5697500160.0,-0.5114194750785828
5698437632.0,-0.4989365041255951
5699375104.0,-0.4851488173007965
5700312576.0,-0.4709555208683014
5701250048.0,-0.45635363459587097
5702187520.0,-0.4431453347206116
5703124992.0,-0.43022868037223816
5704062464.0,-0.41523370146751404
5704999936.0,-0.4019941985607147
5705937408.0,-0.3695359528064728
5706874880.0,-0.36888086795806885
5707812352.0,-0.3672517240047455
5708749824.0,-0.36698123812675476
5709687296.0,-0.3659718930721283
5710624768.0,-0.3648737967014313
5711562752.0,-0.36300599575042725
5712500224.0,-0.36139053106307983
5713437696.0,-0.360492467880249
5714375168.0,-0.35979506373405457
5715312640.0,-0.3581980764865875
5716250112.0,-0.35588139295578003
5717187584.0,-0.35360318422317505
5718125056.0,-0.3491775095462799
5719062528.0,-0.34456560015678406
5720000000.0,-0.3396766185760498
5720937472.0,-0.33251217007637024
5721874944.0,-0.3250254690647125
5722812416.0,-0.31608161330223083
5723749888.0,-0.3076256513595581
5724687360.0,-0.29859375953674316
5725624832.0,-0.2901441156864166
5726562304.0,-0.2803265154361725
5727499776.0,-0.27315419912338257
5728437248.0,-0.26576539874076843
5729375232.0,-0.2596694529056549
5730312704.0,-0.25308823585510254
5731250176.0,-0.24900288879871368
5732187648.0,-0.24603857100009918
5733125120.0,-0.24562422931194305
5734062592.0,-0.24657109379768372
5735000064.0,-0.24940745532512665
5735937536.0,-0.2536620795726776
5736875008.0,-0.2613726854324341
5737812480.0,-0.2704378366470337
5738749952.0,-0.28122782707214355
5739687424.0,-0.293300986289978
5740624896.0,-0.3065771460533142
5741562368.0,-0.32049891352653503
5742499840.0,-0.3345361649990082
5743437312.0,-0.34766125679016113
5744374784.0,-0.35963714122772217
5745312256.0,-0.37056416273117065
5746250240.0,-0.37950319051742554
5747187712.0,-0.3864382803440094
5748125184.0,-0.3907255530357361
5749062656.0,-0.3927827775478363
5750000128.0,-0.39152806997299194
5750937600.0,-0.3883472979068756
5751875072.0,-0.3835061490535736
5752812544.0,-0.3773508071899414
5753750016.0,-0.3695576786994934
5754687488.0,-0.3624631464481354
5755624960.0,-0.3544509708881378
5756562432.0,-0.34537479281425476
5757499904.0,-0.3375956416130066
5758437376.0,-0.32892659306526184
5759374848.0,-0.3227975070476532
5760312320.0,-0.3167492151260376
5761249792.0,-0.3124701678752899
5762187264.0,-0.30881088972091675
5763125248.0,-0.3049755096435547
5764062720.0,-0.3012057840824127
5765000192.0,-0.2988530099391937
5765937664.0,-0.22156181931495667
5766875136.0,-0.2249671071767807
5767812608.0,-0.2292233258485794
5768750080.0,-0.23248976469039917
5769687552.0,-0.23869676887989044
5770625024.0,-0.24321432411670685
5771562496.0,-0.2504495680332184
5772499968.0,-0.25766533613204956
5773437440.0,-0.2642378807067871
5774374912.0,-0.27162468433380127
5775312384.0,-0.27954885363578796
5776249856.0,-0.28718024492263794
5777187328.0,-0.2951461970806122
5778124800.0,-0.30337846279144287
5779062272.0,-0.31067219376564026
5779999744.0,-0.317111074924469
5780937728.0,-0.3238080143928528
5781875200.0,-0.3303990960121155
5782812672.0,-0.3352619707584381
5783750144.0,-0.34052857756614685
5784687616.0,-0.3450233042240143
5785625088.0,-0.34837156534194946
5786562560.0,-0.35127517580986023
5787500032.0,-0.3542937636375427
5788437504.0,-0.3566175103187561
5789374976.0,-0.354900598526001
5790312448.0,-0.35318872332572937
5791249920.0,-0.3512749969959259
5792187392.0,-0.3473724126815796
5793124864.0,-0.34298625588417053
5794062336.0,-0.3366585373878479
5794999808.0,-0.33105725049972534
5795937280.0,-0.3245517909526825
5796874752.0,-0.3172595202922821
5797812736.0,-0.30912327766418457
5798750208.0,-0.3005636930465698
5799687680.0,-0.28936949372291565
5800625152.0,-0.27929550409317017
5801562624.0,-0.26869773864746094
5802500096.0,-0.2546583116054535
5803437568.0,-0.24285508692264557
5804375040.0,-0.2283639907836914
5805312512.0,-0.2134803980588913
5806249984.0,-0.20080505311489105
5807187456.0,-0.18515212833881378
5808124928.0,-0.17158135771751404
5809062400.0,-0.15615510940551758
5809999872.0,-0.14009474217891693
5810937344.0,-0.12466225773096085
5811874816.0,-0.1105215772986412
5812812288.0,-0.0942423939704895
5813749760.0,-0.07966011762619019
5814687744.0,-0.06591042131185532
5815625216.0,-0.052405767142772675
5816562688.0,-0.039513517171144485
5817500160.0,-0.027930058538913727
5818437632.0,-0.015424739569425583
5819375104.0,-0.004376098979264498
5820312576.0,0.005973856430500746
5821250048.0,0.01611725427210331
5822187520.0,0.024650169536471367
5823124992.0,0.033057983964681625
5824062464.0,0.039570655673742294
5824999936.0,0.04621513932943344
5825937408.0,-0.13871996104717255
5826874880.0,-0.14313119649887085
5827812352.0,-0.1471296101808548
5828749824.0,-0.14920036494731903
5829687296.0,-0.14928877353668213
5830624768.0,-0.1488213837146759
5831562752.0,-0.14702989161014557
5832500224.0,-0.14569911360740662
5833437696.0,-0.14185646176338196
5834375168.0,-0.13853216171264648
5835312640.0,-0.1352875530719757
5836250112.0,-0.13215436041355133
5837187584.0,-0.12868396937847137
5838125056.0,-0.12639357149600983
5839062528.0,-0.12399872392416
5840000000.0,-0.12423771619796753
5840937472.0,-0.12474096566438675
5841874944.0,-0.1261957734823227
5842812416.0,-0.12864689528942108
5843749888.0,-0.13253147900104523
5844687360.0,-0.1358177214860916
5845624832.0,-0.1415197104215622
5846562304.0,-0.14840030670166016
5847499776.0,-0.1553662121295929
5848437248.0,-0.16384510695934296
5849375232.0,-0.17257176339626312
5850312704.0,-0.18199461698532104
5851250176.0,-0.19230537116527557
5852187648.0,-0.20258687436580658
5853125120.0,-0.21254828572273254
5854062592.0,-0.2224990725517273
5855000064.0,-0.23242241144180298
5855937536.0,-0.2412133663892746
5856875008.0,-0.2493852972984314
5857812480.0,-0.2558556795120239
5858749952.0,-0.2626188099384308
5859687424.0,-0.26670199632644653
5860624896.0,-0.2687407433986664
5861562368.0,-0.26961439847946167
5862499840.0,-0.2663649320602417
5863437312.0,-0.26227790117263794
5864374784.0,-0.25629350543022156
5865312256.0,-0.25044241547584534
5866250240.0,-0.24257071316242218
5867187712.0,-0.23182371258735657
5868125184.0,-0.2210402637720108
5869062656.0,-0.20916971564292908
5870000128.0,-0.19541983306407928
5870937600.0,-0.18286912143230438
5871875072.0,-0.16911305487155914
5872812544.0,-0.15552830696105957
5873750016.0,-0.14364227652549744
5874687488.0,-0.13192182779312134
5875624960.0,-0.12173574417829514
5876562432.0,-0.11462491005659103
5877499904.0,-0.10649610310792923
5878437376.0,-0.10304968059062958
5879374848.0,-0.10094325989484787
5880312320.0,-0.10052309185266495
5881249792.0,-0.10248638689517975
5882187264.0,-0.10645801573991776
5883125248.0,-0.11169897764921188
5884062720.0,-0.1186421737074852
5885000192.0,-0.12651149928569794
5885937664.0,-0.06621582061052322
5886875136.0,-0.07143177837133408
5887812608.0,-0.07696062326431274
5888750080.0,-0.08358598500490189
5889687552.0,-0.0905165746808052
5890625024.0,-0.09685683995485306
5891562496.0,-0.1043865978717804
5892499968.0,-0.11167660355567932
5893437440.0,-0.12050803750753403
5894374912.0,-0.12765872478485107
5895312384.0,-0.1366032510995865
5896249856.0,-0.1456998884677887
5897187328.0,-0.15329144895076752
5898124800.0,-0.16287875175476074
5899062272.0,-0.17095428705215454
5900000256.0,-0.18012410402297974
5900937728.0,-0.19001133739948273
5901875200.0,-0.19901302456855774
5902812672.0,-0.2079465091228485
5903750144.0,-0.21759596467018127
5904687616.0,-0.22782506048679352
5905625088.0,-0.23529799282550812
5906562560.0,-0.24345466494560242
5907500032.0,-0.2520173490047455
5908437504.0,-0.2601628303527832
5909374976.0,-0.26872706413269043
5910312448.0,-0.2769472897052765
5911249920.0,-0.28444337844848633
5912187392.0,-0.29143476486206055
5913124864.0,-0.30055469274520874
5914062336.0,-0.306977242231369
5914999808.0,-0.3128461241722107
5915937280.0,-0.3178665339946747
5916874752.0,-0.3228617310523987
5917812736.0,-0.32652726769447327
5918750208.0,-0.3285215198993683
5919687680.0,-0.3321869969367981
5920625152.0,-0.33247998356819153
5921562624.0,-0.33370259404182434
5922500096.0,-0.33250856399536133
5923437568.0,-0.3312618136405945
5924375040.0,-0.3278227150440216
5925312512.0,-0.3248234987258911
5926249984.0,-0.31843918561935425
5927187456.0,-0.31176671385765076
5928124928.0,-0.30435097217559814
5929062400.0,-0.2956486940383911
5929999872.0,-0.2836589813232422
5930937344.0,-0.27144095301628113
5931874816.0,-0.2578975260257721
5932812288.0,-0.24291476607322693
5933749760.0,-0.2274637222290039
5934687744.0,-0.2111326903104782
5935625216.0,-0.19370310008525848
5936562688.0,-0.17716725170612335
5937500160.0,-0.15753699839115143
5938437632.0,-0.13908228278160095
5939375104.0,-0.12038229405879974
5940312576.0,-0.10252709686756134
5941250048.0,-0.08471463620662689
5942187520.0,-0.06762537360191345
5943124992.0,-0.04988095164299011
5944062464.0,-0.03532002493739128
5944999936.0,-0.022671159356832504
5945937408.0,-0.12526822090148926
5946874880.0,-0.1342354416847229
5947812352.0,-0.14429877698421478
5948749824.0,-0.15665772557258606
5949687296.0,-0.1701153963804245
5950624768.0,-0.18414434790611267
5951562752.0,-0.20052604377269745
5952500224.0,-0.2182902693748474
5953437696.0,-0.2376949042081833
5954375168.0,-0.25639379024505615
5955312640.0,-0.2757059633731842
5956250112.0,-0.2949064373970032
5957187584.0,-0.31455421447753906
5958125056.0,-0.33409854769706726
5959062528.0,-0.35325902700424194
5960000000.0,-0.37214726209640503
5960937472.0,-0.38921934366226196
5961874944.0,-0.40508711338043213
5962812416.0,-0.41972729563713074
5963749888.0,-0.4318361282348633
5964687360.0,-0.441762238740921
5965624832.0,-0.44900691509246826
5966562304.0,-0.453402578830719
5967499776.0,-0.45294997096061707
5968437248.0,-0.45040857791900635
5969375232.0,-0.44305962324142456
5970312704.0,-0.43313780426979065
5971250176.0,-0.42152708768844604
5972187648.0,-0.4065653383731842
5973125120.0,-0.3877912759780884
5974062592.0,-0.36751842498779297
5975000064.0,-0.3454780876636505
5975937536.0,-0.3216170072555542
5976875008.0,-0.29690787196159363
5977812480.0,-0.27276068925857544
5978749952.0,-0.2478598952293396
5979687424.0,-0.22449617087841034
5980624896.0,-0.2015051692724228
5981562368.0,-0.1786167025566101
5982499840.0,-0.15858013927936554
5983437312.0,-0.1415279358625412
5984374784.0,-0.12518341839313507
5985312256.0,-0.11055437475442886
5986250240.0,-0.09874534606933594
5987187712.0,-0.09012573957443237
5988125184.0,-0.08484964817762375
5989062656.0,-0.08073750138282776
5990000128.0,-0.07968470454216003
5990937600.0,-0.08017686754465103
5991875072.0,-0.08203823119401932
5992812544.0,-0.08790113776922226
5993750016.0,-0.09368924051523209
5994687488.0,-0.10159089416265488
5995624960.0,-0.11047885566949844
5996562432.0,-0.11945009976625443
5997499904.0,-0.12823812663555145
5998437376.0,-0.136510968208313
5999374848.0,-0.1455492526292801
6000312320.0,-0.1536589115858078
6001249792.0,-0.16178961098194122
6002187264.0,-0.16887156665325165
6003125248.0,-0.17443284392356873
6004062720.0,-0.180626779794693
6005000192.0,-0.1429971605539322
6005937664.0,-0.14837028086185455
6006875136.0,-0.15642887353897095
6007812608.0,-0.16477607190608978
6008750080.0,-0.17277933657169342
6009687552.0,-0.18264934420585632
6010625024.0,-0.19193288683891296
6011562496.0,-0.20367321372032166
6012499968.0,-0.21578377485275269
6013437440.0,-0.2278817594051361
6014374912.0,-0.24286068975925446
6015312384.0,-0.2567868232727051
6016249856.0,-0.2707548439502716
6017187328.0,-0.285094678401947
6018124800.0,-0.2988404929637909
6019062272.0,-0.3126852214336395
6019999744.0,-0.32538092136383057
6020937728.0,-0.3373038172721863
6021875200.0,-0.3484693765640259
6022812672.0,-0.35951414704322815
6023750144.0,-0.36800697445869446
6024687616.0,-0.37528830766677856
6025625088.0,-0.3822859227657318
6026562560.0,-0.3884356915950775
6027500032.0,-0.39228126406669617
6028437504.0,-0.3946172297000885
6029374976.0,-0.3947312533855438
6030312448.0,-0.3930736780166626
6031249920.0,-0.39046987891197205
6032187392.0,-0.38616713881492615
6033124864.0,-0.3795524835586548
6034062336.0,-0.3725397288799286
6034999808.0,-0.36354026198387146
6035937280.0,-0.35366159677505493
6036874752.0,-0.34264397621154785
6037812736.0,-0.33046263456344604
6038750208.0,-0.3191136419773102
6039687680.0,-0.3080306351184845
6040625152.0,-0.29726481437683105
6041562624.0,-0.2854362726211548
6042500096.0,-0.2747136950492859
6043437568.0,-0.26417577266693115
6044375040.0,-0.25386470556259155
6045312512.0,-0.24563570320606232
6046249984.0,-0.2368597686290741
6047187456.0,-0.22962257266044617
6048124928.0,-0.22293797135353088
6049062400.0,-0.21739095449447632
6049999872.0,-0.21390947699546814
6050937344.0,-0.21092723309993744
6051874816.0,-0.20813970267772675
6052812288.0,-0.20699197053909302
6053749760.0,-0.20688796043395996
6054687744.0,-0.20713339745998383
6055625216.0,-0.20780116319656372
6056562688.0,-0.21101829409599304
6057500160.0,-0.2147418111562729
6058437632.0,-0.21819618344306946
6059375104.0,-0.22192144393920898
6060312576.0,-0.2262614369392395
6061250048.0,-0.23166735470294952
6062187520.0,-0.23701512813568115
6063124992.0,-0.2419717162847519
6064062464.0,-0.24785956740379333
6064999936.0,-0.14780858159065247
6065937408.0,-0.16795073449611664
6066874880.0,-0.1888294219970703
6067812352.0,-0.2105461061000824
6068749824.0,-0.23075217008590698
6069687296.0,-0.2511635720729828
6070624768.0,-0.27140283584594727
6071562752.0,-0.2911105155944824
6072500224.0,-0.3095172941684723
6073437696.0,-0.3280967175960541
6074375168.0,-0.3441128432750702
6075312640.0,-0.3607582449913025
6076250112.0,-0.37521541118621826
6077187584.0,-0.38837018609046936
6078125056.0,-0.40092456340789795
6079062528.0,-0.4127531349658966
6080000000.0,-0.42178642749786377
6080937472.0,-0.4304168224334717
6081874944.0,-0.43693259358406067
6082812416.0,-0.44251424074172974
6083749888.0,-0.44556882977485657
6084687360.0,-0.448622465133667
6085624832.0,-0.44955599308013916
6086562304.0,-0.44777053594589233
6087499776.0,-0.44656383991241455
6088437248.0,-0.44342535734176636
6089375232.0,-0.43951281905174255
6090312704.0,-0.43346530199050903
6091250176.0,-0.4266320466995239
6092187648.0,-0.4177779257297516
6093125120.0,-0.4093289077281952
6094062592.0,-0.3983425796031952
6095000064.0,-0.38699832558631897
6095937536.0,-0.3738156855106354
6096875008.0,-0.36152875423431396
6097812480.0,-0.3474113941192627
6098749952.0,-0.3331829905509949
6099687424.0,-0.3190840482711792
6100624896.0,-0.3042398989200592
6101562368.0,-0.28936967253685
6102499840.0,-0.2738115191459656
6103437312.0,-0.2595539689064026
6104374784.0,-0.24424858391284943
6105312256.0,-0.22901275753974915
6106250240.0,-0.21530985832214355
6107187712.0,-0.20158907771110535
6108125184.0,-0.18698449432849884
6109062656.0,-0.17398032546043396
6110000128.0,-0.15981745719909668
6110937600.0,-0.14871588349342346
6111875072.0,-0.1363258957862854
6112812544.0,-0.12390698492527008
6113750016.0,-0.11298126727342606
6114687488.0,-0.10260923951864243
6115624960.0,-0.09302815794944763
6116562432.0,-0.08543863147497177
6117499904.0,-0.07882250845432281
6118437376.0,-0.07464532554149628
6119374848.0,-0.07411590963602066
6120312320.0,-0.07435277104377747
6121249792.0,-0.07621260732412338
6122187264.0,-0.08110268414020538
6123125248.0,-0.08562998473644257
6124062720.0,-0.09264630824327469
6125000192.0,-0.1453353762626648
6125937664.0,-0.1598261445760727
6126875136.0,-0.17546358704566956
6127812608.0,-0.19031430780887604
6128750080.0,-0.20594505965709686
6129687552.0,-0.22196897864341736
6130625024.0,-0.23752115666866302
6131562496.0,-0.2528964877128601
6132499968.0,-0.26922497153282166
6133437440.0,-0.2860506772994995
6134374912.0,-0.30149441957473755
6135312384.0,-0.317666620016098
6136249856.0,-0.3331393897533417
6137187328.0,-0.34804242849349976
6138124800.0,-0.36172521114349365
6139062272.0,-0.3754805028438568
6140000256.0,-0.3886313736438751
6140937728.0,-0.3996982276439667
6141875200.0,-0.41056790947914124
6142812672.0,-0.4208259880542755
6143750144.0,-0.4284614324569702
6144687616.0,-0.43765661120414734
6145625088.0,-0.44528186321258545
6146562560.0,-0.45088323950767517
6147500032.0,-0.45552629232406616
6148437504.0,-0.45941534638404846
6149374976.0,-0.4592180550098419
6150312448.0,-0.45827630162239075
6151249920.0,-0.4558141231536865
6152187392.0,-0.4512847065925598
6153124864.0,-0.44579342007637024
6154062336.0,-0.44007861614227295
6154999808.0,-0.43210574984550476
6155937280.0,-0.4230552017688751
6156874752.0,-0.41160404682159424
6157812736.0,-0.39987725019454956
6158750208.0,-0.3875427842140198
6159687680.0,-0.37446707487106323
6160625152.0,-0.3608996272087097
6161562624.0,-0.3463795483112335
6162500096.0,-0.332258939743042
6163437568.0,-0.31795358657836914
6164375040.0,-0.3031918704509735
6165312512.0,-0.28865280747413635
6166249984.0,-0.2754655182361603
6167187456.0,-0.26034778356552124
6168124928.0,-0.24625486135482788
6169062400.0,-0.23453138768672943
6169999872.0,-0.21806290745735168
6170937344.0,-0.20505039393901825
6171874816.0,-0.19199766218662262
6172812288.0,-0.1786806732416153
6173749760.0,-0.16761048138141632
6174687744.0,-0.15639033913612366
6175625216.0,-0.14673978090286255
6176562688.0,-0.1376194804906845
6177500160.0,-0.13146576285362244
6178437632.0,-0.12511539459228516
6179375104.0,-0.12038307636976242
6180312576.0,-0.11677416414022446
6181250048.0,-0.11467213183641434
6182187520.0,-0.11513840407133102
6183124992.0,-0.11612102389335632
6184062464.0,-0.11967532336711884
6184999936.0,-0.2648804187774658
6185937408.0,-0.2802107334136963
6186874880.0,-0.29535090923309326
6187812352.0,-0.3118610680103302
6188749824.0,-0.32914644479751587
6189687296.0,-0.34586071968078613
6190624768.0,-0.3622036576271057
6191562752.0,-0.37846556305885315
6192500224.0,-0.3938172459602356
6193437696.0,-0.40901437401771545
6194375168.0,-0.42133986949920654
6195312640.0,-0.43089520931243896
6196250112.0,-0.43934696912765503
6197187584.0,-0.4475235044956207
6198125056.0,-0.45323655009269714
6199062528.0,-0.45858898758888245
6200000000.0,-0.4616321623325348
6200937472.0,-0.4647713899612427
6201874944.0,-0.46789899468421936
6202812416.0,-0.4692228436470032
6203749888.0,-0.47004270553588867
6204687360.0,-0.47245416045188904
6205624832.0,-0.47532138228416443
6206562304.0,-0.479653924703598
6207499776.0,-0.4842917323112488
6208437248.0,-0.489406019449234
6209375232.0,-0.49608516693115234
6210312704.0,-0.5043523907661438
6211250176.0,-0.5118022561073303
6212187648.0,-0.5205753445625305
6213125120.0,-0.5279285311698914
6214062592.0,-0.534564733505249
6215000064.0,-0.5365061163902283
6215937536.0,-0.5315076112747192
6216875008.0,-0.5257115960121155
6217812480.0,-0.5174520015716553
6218749952.0,-0.508618950843811
6219687424.0,-0.4981892704963684
6220624896.0,-0.48516207933425903
6221562368.0,-0.4733797311782837
6222499840.0,-0.459930956363678
6223437312.0,-0.4473561644554138
6224374784.0,-0.4344439208507538
6225312256.0,-0.42234963178634644
6226250240.0,-0.41048702597618103
6227187712.0,-0.3992011547088623
6228125184.0,-0.39011672139167786
6229062656.0,-0.3821435272693634
6230000128.0,-0.3744843304157257
6230937600.0,-0.36620020866394043
6231875072.0,-0.35968124866485596
6232812544.0,-0.3533976674079895
6233750016.0,-0.34615904092788696
6234687488.0,-0.3402467668056488
6235624960.0,-0.33486223220825195
6236562432.0,-0.3279544711112976
6237499904.0,-0.32137149572372437
6238437376.0,-0.314243346452713
6239374848.0,-0.30655038356781006
6240312320.0,-0.2974918484687805
6241249792.0,-0.29027193784713745
6242187264.0,-0.28240177035331726
6243125248.0,-0.2748714089393616
6244062720.0,-0.26810550689697266
6245000192.0,-0.4186459481716156
6245937664.0,-0.420759916305542
6246875136.0,-0.42393389344215393
6247812608.0,-0.42811036109924316
6248750080.0,-0.43445414304733276
6249687552.0,-0.4424584209918976
6250625024.0,-0.4541465640068054
6251562496.0,-0.46690887212753296
6252499968.0,-0.4828784763813019
6253437440.0,-0.5005609393119812
6254374912.0,-0.5232983827590942
6255312384.0,-0.5459362268447876
6256249856.0,-0.5709890127182007
6257187328.0,-0.5978834629058838
6258124800.0,-0.6253674626350403
6259062272.0,-0.6544525027275085
6259999744.0,-0.6824473738670349
6260937728.0,-0.7102645039558411
6261875200.0,-0.7361302375793457
6262812672.0,-0.7608947157859802
6263750144.0,-0.7843126654624939
6264687616.0,-0.805687665939331
6265625088.0,-0.8245086073875427
6266562560.0,-0.8406181335449219
6267500032.0,-0.8537082672119141
6268437504.0,-0.8634251356124878
6269374976.0,-0.8696038722991943
6270312448.0,-0.8728684782981873
6271249920.0,-0.8741097450256348
6272187392.0,-0.8705461025238037
6273124864.0,-0.8644987344741821
6274062336.0,-0.8535584211349487
6274999808.0,-0.8406140208244324
6275937280.0,-0.8250855803489685
6276874752.0,-0.8068395256996155
6277812736.0,-0.7842743992805481
6278750208.0,-0.7599145770072937
6279687680.0,-0.734697163105011
6280625152.0,-0.7077817916870117
6281562624.0,-0.6772596836090088
6282500096.0,-0.6475408673286438
6283437568.0,-0.6162340044975281
6284375040.0,-0.5865012407302856
6285312512.0,-0.5552241802215576
6286249984.0,-0.5253356695175171
6287187456.0,-0.49596497416496277
6288124928.0,-0.46875670552253723
6289062400.0,-0.44251957535743713
6289999872.0,-0.4180791676044464
6290937344.0,-0.3942769765853882
6291874816.0,-0.3740549385547638
6292812288.0,-0.35508233308792114
6293749760.0,-0.3395373225212097
6294687744.0,-0.3266633152961731
6295625216.0,-0.31594762206077576
6296562688.0,-0.3127897083759308
6297500160.0,-0.31401950120925903
6298437632.0,-0.31632933020591736
6299375104.0,-0.3231011927127838
6300312576.0,-0.33165332674980164
6301250048.0,-0.3441768288612366
6302187520.0,-0.35740911960601807
6303124992.0,-0.3752079904079437
6304062464.0,-0.3954400420188904
6304999936.0,-0.534717321395874
6305937408.0,-0.555708110332489
6306874880.0,-0.5780680179595947
6307812352.0,-0.6017449498176575
6308749824.0,-0.6256462335586548
6309687296.0,-0.6502462029457092
6310624768.0,-0.6745858788490295
6311562752.0,-0.699101448059082
6312500224.0,-0.7244047522544861
6313437696.0,-0.750542938709259
6314375168.0,-0.7762227058410645
6315312640.0,-0.8016252517700195
6316250112.0,-0.8259934186935425
6317187584.0,-0.8491774797439575
6318125056.0,-0.8722655773162842
6319062528.0,-0.8930999636650085
6320000000.0,-0.9113589525222778
6320937472.0,-0.9276267886161804
6321874944.0,-0.9447517395019531
6322812416.0,-0.9574249982833862
6323749888.0,-0.9680413603782654
6324687360.0,-0.9764666557312012
6325624832.0,-0.9814403653144836
6326562304.0,-0.9840375185012817
6327499776.0,-0.982266366481781
6328437248.0,-0.9778897166252136
6329375232.0,-0.9724547863006592
6330312704.0,-0.9633309245109558
6331250176.0,-0.9521990418434143
6332187648.0,-0.9386678338050842
6333125120.0,-0.9253406524658203
6334062592.0,-0.910802960395813
6335000064.0,-0.8924108743667603
6335937536.0,-0.8753702044487
6336875008.0,-0.8557264804840088
6337812480.0,-0.8361653685569763
6338749952.0,-0.8146432042121887
6339687424.0,-0.7929067015647888
6340624896.0,-0.7710375189781189
6341562368.0,-0.7471885681152344
6342499840.0,-0.7248304486274719
6343437312.0,-0.7014146447181702
6344374784.0,-0.6807422041893005
6345312256.0,-0.658516526222229
6346250240.0,-0.6375359296798706
6347187712.0,-0.6149702668190002
6348125184.0,-0.594947099685669
6349062656.0,-0.5757157206535339
6350000128.0,-0.5572266578674316
6350937600.0,-0.5396857261657715
6351875072.0,-0.5249055624008179
6352812544.0,-0.5117700099945068
6353750016.0,-0.5012701153755188
6354687488.0,-0.4935896098613739
6355624960.0,-0.4883764088153839
6356562432.0,-0.485710471868515
6357499904.0,-0.48562517762184143
6358437376.0,-0.4873569905757904
6359374848.0,-0.49161866307258606
6360312320.0,-0.4989021122455597
6361249792.0,-0.5090245008468628
6362187264.0,-0.521543025970459
6363125248.0,-0.5360421538352966
6364062720.0,-0.5523592233657837
6365000192.0,-0.8261154890060425
6365937664.0,-0.8323875665664673
6366875136.0,-0.8389297723770142
6367812608.0,-0.8473671674728394
6368750080.0,-0.8548820614814758
6369687552.0,-0.8631430268287659
6370625024.0,-0.8718014359474182
6371562496.0,-0.8795604109764099
6372499968.0,-0.8889495730400085
6373437440.0,-0.8971037268638611
6374374912.0,-0.9058727025985718
6375312384.0,-0.9155672788619995
6376249856.0,-0.9253612756729126
6377187328.0,-0.9328559041023254
6378124800.0,-0.941765546798706
6379062272.0,-0.9494419693946838
6380000256.0,-0.956681489944458
6380937728.0,-0.96275794506073
6381875200.0,-0.9690020680427551
6382812672.0,-0.9747298359870911
6383750144.0,-0.9800086617469788
6384687616.0,-0.9844198822975159
6385625088.0,-0.9894630312919617
6386562560.0,-0.9919500946998596
6387500032.0,-0.9958822131156921
6388437504.0,-0.9985575079917908
6389374976.0,-1.001540184020996
6390312448.0,-1.0034375190734863
6391249920.0,-1.005729079246521
6392187392.0,-1.00696861743927
6393124864.0,-1.0074676275253296
6394062336.0,-1.0056222677230835
6394999808.0,-1.0046213865280151
6395937280.0,-1.0026376247406006
6396874752.0,-0.9991352558135986
6397812736.0,-0.9962064623832703
6398750208.0,-0.9921888113021851
6399687680.0,-0.9887124300003052
6400625152.0,-0.9850655794143677
6401562624.0,-0.9814144968986511
6402500096.0,-0.978172779083252
6403437568.0,-0.9777156114578247
6404375040.0,-0.9765427112579346
6405312512.0,-0.9764834642410278
6406249984.0,-0.9771127104759216
6407187456.0,-0.978837788105011
6408124928.0,-0.9811480045318604
6409062400.0,-0.9840499758720398
6409999872.0,-0.988231360912323
6410937344.0,-0.9918257594108582
6411874816.0,-0.99770188331604
6412812288.0,-1.0032631158828735
6413749760.0,-1.0087387561798096
6414687744.0,-1.0154967308044434
6415625216.0,-1.0239259004592896
6416562688.0,-1.0319743156433105
6417500160.0,-1.0402668714523315
6418437632.0,-1.0499508380889893
6419375104.0,-1.0589708089828491
6420312576.0,-1.0682978630065918
6421250048.0,-1.0774352550506592
6422187520.0,-1.0847922563552856
6423124992.0,-1.0902725458145142
6424062464.0,-1.0941773653030396
6424999936.0,-1.110987663269043
6425937408.0,-1.1229370832443237
6426874880.0,-1.1337676048278809
6427812352.0,-1.142491102218628
6428749824.0,-1.1523683071136475
6429687296.0,-1.1613174676895142
6430624768.0,-1.1667280197143555
6431562752.0,-1.1710156202316284
6432500224.0,-1.1725553274154663
6433437696.0,-1.1712772846221924
6434375168.0,-1.1700373888015747
6435312640.0,-1.1659644842147827
6436250112.0,-1.1610476970672607
6437187584.0,-1.1550356149673462
6438125056.0,-1.146047830581665
6439062528.0,-1.1368194818496704
6440000000.0,-1.1281932592391968
6440937472.0,-1.1173046827316284
6441874944.0,-1.1049354076385498
6442812416.0,-1.0923470258712769
6443749888.0,-1.0808050632476807
6444687360.0,-1.0688867568969727
6445624832.0,-1.0559192895889282
6446562304.0,-1.0425204038619995
6447499776.0,-1.03146493434906
6448437248.0,-1.019819974899292
6449375232.0,-1.0077041387557983
6450312704.0,-0.9984918832778931
6451250176.0,-0.9880266785621643
6452187648.0,-0.9790160059928894
6453125120.0,-0.9712117910385132
6454062592.0,-0.9637512564659119
6455000064.0,-0.9572280049324036
6455937536.0,-0.9518865942955017
6456875008.0,-0.9452615976333618
6457812480.0,-0.9406049251556396
6458749952.0,-0.9365343451499939
6459687424.0,-0.9303210377693176
6460624896.0,-0.9265981912612915
6461562368.0,-0.9218980669975281
6462499840.0,-0.9179933667182922
6463437312.0,-0.9139989614486694
6464374784.0,-0.9099129438400269
6465312256.0,-0.9060283303260803
6466250240.0,-0.9030829071998596
6467187712.0,-0.8991057872772217
6468125184.0,-0.8956959247589111
6469062656.0,-0.8912237286567688
6470000128.0,-0.8872021436691284
6470937600.0,-0.8818665146827698
6471875072.0,-0.8772509694099426
6472812544.0,-0.8727794885635376
6473750016.0,-0.868722677230835
6474687488.0,-0.8647997975349426
6475624960.0,-0.8617942929267883
6476562432.0,-0.8587254881858826
6477499904.0,-0.8555861711502075
6478437376.0,-0.851860761642456
6479374848.0,-0.8474904894828796
6480312320.0,-0.843945324420929
6481249792.0,-0.8410472273826599
6482187264.0,-0.838110625743866
6483125248.0,-0.8370420336723328
6484062720.0,-0.8367409110069275
6485000192.0,-0.9383683800697327
6485937664.0,-0.9459798336029053
6486875136.0,-0.9538548588752747
6487812608.0,-0.9612915515899658
6488750080.0,-0.9683651924133301
6489687552.0,-0.9745669364929199
6490625024.0,-0.9807120561599731
6491562496.0,-0.9870755672454834
6492499968.0,-0.9934378862380981
6493437440.0,-0.9990779757499695
6494374912.0,-1.005133867263794
6495312384.0,-1.0103206634521484
6496249856.0,-1.0153911113739014
6497187328.0,-1.0198341608047485
6498124800.0,-1.0221205949783325
6499062272.0,-1.0228700637817383
6499999744.0,-1.0239951610565186
6500937728.0,-1.0235595703125
6501875200.0,-1.0217126607894897
6502812672.0,-1.017298936843872
6503750144.0,-1.0129694938659668
6504687616.0,-1.0068024396896362
6505625088.0,-0.999009370803833
6506562560.0,-0.9901065230369568
6507500032.0,-0.9812900424003601
6508437504.0,-0.9704195857048035
6509374976.0,-0.9582162499427795
6510312448.0,-0.9468981027603149
6511249920.0,-0.9345374703407288
6512187392.0,-0.9221725463867188
6513124864.0,-0.9105051159858704
6514062336.0,-0.8988392949104309
6514999808.0,-0.8873907923698425
6515937280.0,-0.8772184252738953
6516874752.0,-0.8668424487113953
6517812736.0,-0.856133222579956
6518750208.0,-0.8474229574203491
6519687680.0,-0.8386958241462708
6520625152.0,-0.8308139443397522
6521562624.0,-0.8228334188461304
6522500096.0,-0.8149706721305847
6523437568.0,-0.8089582324028015
6524375040.0,-0.8045926094055176
6525312512.0,-0.799554705619812
6526249984.0,-0.7956376671791077
6527187456.0,-0.7929627299308777
6528124928.0,-0.7905816435813904
6529062400.0,-0.7906956672668457
6529999872.0,-0.7908290028572083
6530937344.0,-0.7923231720924377
6531874816.0,-0.7931413054466248
6532812288.0,-0.7952939867973328
6533749760.0,-0.7975090146064758
6534687744.0,-0.8006486296653748
6535625216.0,-0.805927038192749
6536562688.0,-0.8110352754592896
6537500160.0,-0.8156676292419434
6538437632.0,-0.8223896622657776
6539375104.0,-0.8294163346290588
6540312576.0,-0.8356350064277649
6541250048.0,-0.8440734148025513
6542187520.0,-0.8518202900886536
6543124992.0,-0.85895174741745
6544062464.0,-0.868074893951416
6544999936.0,-0.8657103776931763
6545937408.0,-0.8701961040496826
6546874880.0,-0.8745112419128418
6547812352.0,-0.8793140649795532
6548749824.0,-0.8826888203620911
6549687296.0,-0.885977566242218
6550624768.0,-0.889746367931366
6551562752.0,-0.8932704329490662
6552500224.0,-0.8962427377700806
6553437696.0,-0.9009014368057251
6554375168.0,-0.9064149856567383
6555312640.0,-0.9120816588401794
6556250112.0,-0.9189879894256592
6557187584.0,-0.9280644655227661
6558125056.0,-0.9377193450927734
6559062528.0,-0.9494341611862183
6560000000.0,-0.9597634673118591
6560937472.0,-0.9724053740501404
6561874944.0,-0.9839311242103577
6562812416.0,-0.9974468946456909
6563749888.0,-1.008695125579834
6564687360.0,-1.0220491886138916
6565624832.0,-1.0355507135391235
6566562304.0,-1.0489070415496826
6567499776.0,-1.0616323947906494
6568437248.0,-1.0759302377700806
6569375232.0,-1.0891293287277222
6570312704.0,-1.1013355255126953
6571250176.0,-1.1136994361877441
6572187648.0,-1.1249552965164185
6573125120.0,-1.1352903842926025
6574062592.0,-1.1439788341522217
6575000064.0,-1.1516295671463013
6575937536.0,-1.1571485996246338
6576875008.0,-1.1633952856063843
6577812480.0,-1.1690980195999146
6578749952.0,-1.1754335165023804
6579687424.0,-1.18043053150177
6580624896.0,-1.1843464374542236
6581562368.0,-1.1871631145477295
6582499840.0,-1.1894488334655762
6583437312.0,-1.1909470558166504
6584374784.0,-1.1915287971496582
6585312256.0,-1.192393183708191
6586250240.0,-1.1895490884780884
6587187712.0,-1.1885058879852295
6588125184.0,-1.1852444410324097
6589062656.0,-1.181740164756775
6590000128.0,-1.1777969598770142
6590937600.0,-1.1742737293243408
6591875072.0,-1.1688569784164429
6592812544.0,-1.1654300689697266
6593750016.0,-1.1608306169509888
6594687488.0,-1.1578301191329956
6595624960.0,-1.1548044681549072
6596562432.0,-1.1529664993286133
6597499904.0,-1.1498947143554688
6598437376.0,-1.1481910943984985
6599374848.0,-1.1460719108581543
6600312320.0,-1.1449666023254395
6601249792.0,-1.1436721086502075
6602187264.0,-1.143640160560608
6603125248.0,-1.143760323524475
6604062720.0,-1.144486904144287
6605000192.0,-1.1423612833023071
6605937664.0,-1.1452902555465698
6606875136.0,-1.1496566534042358
6607812608.0,-1.154821515083313
6608750080.0,-1.1579148769378662
6609687552.0,-1.161165714263916
6610625024.0,-1.1649028062820435
6611562496.0,-1.1688650846481323
6612499968.0,-1.171760082244873
6613437440.0,-1.1752195358276367
6614374912.0,-1.177858591079712
6615312384.0,-1.1813292503356934
6616249856.0,-1.1853959560394287
6617187328.0,-1.1904321908950806
6618124800.0,-1.1957194805145264
6619062272.0,-1.2022655010223389
6620000256.0,-1.2077372074127197
6620937728.0,-1.215150237083435
6621875200.0,-1.2223278284072876
6622812672.0,-1.231345295906067
6623750144.0,-1.241664171218872
6624687616.0,-1.2533560991287231
6625625088.0,-1.2679048776626587
6626562560.0,-1.2867892980575562
6627500032.0,-1.306523323059082
6628437504.0,-1.3256371021270752
6629374976.0,-1.3462860584259033
6630312448.0,-1.3663182258605957
6631249920.0,-1.3871145248413086
6632187392.0,-1.407780647277832
6633124864.0,-1.4275612831115723
6634062336.0,-1.4484597444534302
6634999808.0,-1.4683239459991455
6635937280.0,-1.489912509918213
6636874752.0,-1.5095710754394531
6637812736.0,-1.5287792682647705
6638750208.0,-1.5465689897537231
6639687680.0,-1.5629314184188843
6640625152.0,-1.5802061557769775
6641562624.0,-1.5958079099655151
6642500096.0,-1.6109980344772339
6643437568.0,-1.6232887506484985
6644375040.0,-1.6337437629699707
6645312512.0,-1.6429791450500488
6646249984.0,-1.6497207880020142
6647187456.0,-1.6563299894332886
6648124928.0,-1.6611651182174683
6649062400.0,-1.6637836694717407
6649999872.0,-1.665185570716858
6650937344.0,-1.6690725088119507
6651874816.0,-1.6738203763961792
6652812288.0,-1.6779627799987793
6653749760.0,-1.681640863418579
6654687744.0,-1.6844263076782227
6655625216.0,-1.6890547275543213
6656562688.0,-1.693657398223877
6657500160.0,-1.6991060972213745
6658437632.0,-1.7060017585754395
6659375104.0,-1.712916374206543
6660312576.0,-1.723084807395935
6661250048.0,-1.7305008172988892
6662187520.0,-1.743133544921875
6663124992.0,-1.7538665533065796
6664062464.0,-1.7678767442703247
6664999936.0,-1.789147138595581
6665937408.0,-1.8034535646438599
6666874880.0,-1.8186595439910889
6667812352.0,-1.8327444791793823
6668749824.0,-1.8473453521728516
6669687296.0,-1.8629419803619385
6670624768.0,-1.8765709400177002
6671562752.0,-1.8884477615356445
6672500224.0,-1.9010709524154663
6673437696.0,-1.9126026630401611
6674375168.0,-1.923492670059204
6675312640.0,-1.9343332052230835
6676250112.0,-1.9433282613754272
6677187584.0,-1.9494295120239258
6678125056.0,-1.9535067081451416
6679062528.0,-1.955995798110962
6680000000.0,-1.9564253091812134
6680937472.0,-1.9570469856262207
6681874944.0,-1.9550554752349854
6682812416.0,-1.954920768737793
6683749888.0,-1.9559766054153442
6684687360.0,-1.9563705921173096
6685624832.0,-1.9579331874847412
6686562304.0,-1.959152340888977
6687499776.0,-1.9606881141662598
6688437248.0,-1.962354302406311
6689375232.0,-1.9657673835754395
6690312704.0,-1.9686267375946045
6691250176.0,-1.974167823791504
6692187648.0,-1.9817365407943726
6693125120.0,-1.9909921884536743
6694062592.0,-2.0014727115631104
6695000064.0,-2.014281749725342
6695937536.0,-2.030940294265747
6696875008.0,-2.049034833908081
6697812480.0,-2.067823648452759
6698749952.0,-2.088946580886841
6699687424.0,-2.112772226333618
6700624896.0,-2.1371099948883057
6701562368.0,-2.1614506244659424
6702499840.0,-2.18514084815979
6703437312.0,-2.20906662940979
6704374784.0,-2.2317700386047363
6705312256.0,-2.2548441886901855
6706250240.0,-2.2771782875061035
6707187712.0,-2.2988171577453613
6708125184.0,-2.3218603134155273
6709062656.0,-2.342172622680664
6710000128.0,-2.362483263015747
6710937600.0,-2.381349802017212
6711875072.0,-2.397901773452759
6712812544.0,-2.4112658500671387
6713750016.0,-2.42287278175354
6714687488.0,-2.4294850826263428
6715624960.0,-2.435415506362915
6716562432.0,-2.439974546432495
6717499904.0,-2.443408250808716
6718437376.0,-2.4458115100860596
6719374848.0,-2.4451911449432373
6720312320.0,-2.444729804992676
6721249792.0,-2.4426913261413574
6722187264.0,-2.4394071102142334
6723125248.0,-2.437312126159668
6724062720.0,-2.4358127117156982
6725000192.0,-2.412353515625
6725937664.0,-2.414411783218384
6726875136.0,-2.4204049110412598
6727812608.0,-2.427330493927002
6728750080.0,-2.4345614910125732
6729687552.0,-2.4447264671325684
6730625024.0,-2.4545273780822754
6731562496.0,-2.4657628536224365
6732499968.0,-2.4790186882019043
6733437440.0,-2.494189500808716
6734374912.0,-2.510246753692627
6735312384.0,-2.5297276973724365
6736249856.0,-2.5509889125823975
6737187328.0,-2.573723077774048
6738124800.0,-2.596961259841919
6739062272.0,-2.6240110397338867
6739999744.0,-2.6533942222595215
6740937728.0,-2.686131000518799
6741875200.0,-2.719020366668701
6742812672.0,-2.751648426055908
6743750144.0,-2.78403902053833
6744687616.0,-2.817678928375244
6745625088.0,-2.8513569831848145
6746562560.0,-2.8850252628326416
6747500032.0,-2.9168894290924072
6748437504.0,-2.948179006576538
6749374976.0,-2.9784862995147705
6750312448.0,-3.0077993869781494
6751249920.0,-3.034217596054077
6752187392.0,-3.061615228652954
6753124864.0,-3.0789732933044434
6754062336.0,-3.0921521186828613
6754999808.0,-3.1025731563568115
6755937280.0,-3.1062276363372803
6756874752.0,-3.108025074005127
6757812736.0,-3.1054084300994873
6758750208.0,-3.0995945930480957
6759687680.0,-3.0886690616607666
6760625152.0,-3.075963020324707
6761562624.0,-3.0584754943847656
6762500096.0,-3.0349740982055664
6763437568.0,-3.003218412399292
6764375040.0,-2.9673805236816406
6765312512.0,-2.9250102043151855
6766249984.0,-2.878185749053955
6767187456.0,-2.8282907009124756
6768124928.0,-2.7741105556488037
6769062400.0,-2.716285228729248
6769999872.0,-2.6569926738739014
6770937344.0,-2.5944063663482666
6771874816.0,-2.5291526317596436
6772812288.0,-2.4626872539520264
6773749760.0,-2.3971011638641357
6774687744.0,-2.3326640129089355
6775625216.0,-2.269056558609009
6776562688.0,-2.2091197967529297
6777500160.0,-2.151571035385132
6778437632.0,-2.1019153594970703
6779375104.0,-2.0550289154052734
6780312576.0,-2.0113606452941895
6781250048.0,-1.9714956283569336
6782187520.0,-1.9364371299743652
6783124992.0,-1.904937505722046
6784062464.0,-1.877537727355957
6784999936.0,-2.330176591873169
6785937408.0,-2.3124730587005615
6786874880.0,-2.293731212615967
6787812352.0,-2.2758336067199707
6788749824.0,-2.2591469287872314
6789687296.0,-2.2451417446136475
6790624768.0,-2.2325074672698975
6791562752.0,-2.221393346786499
6792500224.0,-2.2122933864593506
6793437696.0,-2.2036185264587402
6794375168.0,-2.1959331035614014
6795312640.0,-2.1902012825012207
6796250112.0,-2.1847426891326904
6797187584.0,-2.1809380054473877
6798125056.0,-2.178727865219116
6799062528.0,-2.1791927814483643
6800000000.0,-2.1818408966064453
6800937472.0,-2.188227891921997
6801874944.0,-2.1969852447509766
6802812416.0,-2.2080276012420654
6803749888.0,-2.2239861488342285
6804687360.0,-2.24064564704895
6805624832.0,-2.257685422897339
6806562304.0,-2.2759816646575928
6807499776.0,-2.293680191040039
6808437248.0,-2.3128111362457275
6809375232.0,-2.33318829536438
6810312704.0,-2.351956605911255
6811250176.0,-2.370586395263672
6812187648.0,-2.389028310775757
6813125120.0,-2.4036858081817627
6814062592.0,-2.418250322341919
6815000064.0,-2.431945562362671
6815937536.0,-2.4412591457366943
6816875008.0,-2.44901180267334
6817812480.0,-2.454016923904419
6818749952.0,-2.4553775787353516
6819687424.0,-2.45340633392334
6820624896.0,-2.4469494819641113
6821562368.0,-2.4369258880615234
6822499840.0,-2.4238579273223877
6823437312.0,-2.4043691158294678
6824374784.0,-2.3813226222991943
6825312256.0,-2.355710029602051
6826250240.0,-2.3275232315063477
6827187712.0,-2.297152042388916
6828125184.0,-2.2636497020721436
6829062656.0,-2.228658676147461
6830000128.0,-2.1916797161102295
6830937600.0,-2.153701066970825
6831875072.0,-2.1143980026245117
6832812544.0,-2.0737364292144775
6833750016.0,-2.033165216445923
6834687488.0,-1.990956425666809
6835624960.0,-1.9473028182983398
6836562432.0,-1.9045618772506714
6837499904.0,-1.8612836599349976
6838437376.0,-1.8177123069763184
6839374848.0,-1.7777695655822754
6840312320.0,-1.7391538619995117
6841249792.0,-1.702934980392456
6842187264.0,-1.669252634048462
6843125248.0,-1.6377166509628296
6844062720.0,-1.6100730895996094
6845000192.0,-1.5056848526000977
6845937664.0,-1.4796690940856934
6846875136.0,-1.4555104970932007
6847812608.0,-1.4346399307250977
6848750080.0,-1.4160797595977783
6849687552.0,-1.400731086730957
6850625024.0,-1.3870285749435425
6851562496.0,-1.3768967390060425
6852499968.0,-1.3688197135925293
6853437440.0,-1.3644180297851562
6854374912.0,-1.3624730110168457
6855312384.0,-1.362716794013977
6856249856.0,-1.3663852214813232
6857187328.0,-1.3724963665008545
6858124800.0,-1.3807058334350586
6859062272.0,-1.3914223909378052
6860000256.0,-1.4052592515945435
6860937728.0,-1.4199492931365967
6861875200.0,-1.4368911981582642
6862812672.0,-1.4549438953399658
6863750144.0,-1.4760491847991943
6864687616.0,-1.4970734119415283
6865625088.0,-1.5176621675491333
6866562560.0,-1.5391825437545776
6867500032.0,-1.5590425729751587
6868437504.0,-1.5789011716842651
6869374976.0,-1.5965720415115356
6870312448.0,-1.612758994102478
6871249920.0,-1.6265654563903809
6872187392.0,-1.639181137084961
6873124864.0,-1.6504944562911987
6874062336.0,-1.6582684516906738
6874999808.0,-1.665755271911621
6875937280.0,-1.6691025495529175
6876874752.0,-1.6695101261138916
6877812736.0,-1.6660866737365723
6878750208.0,-1.6591036319732666
6879687680.0,-1.649287223815918
6880625152.0,-1.6344445943832397
6881562624.0,-1.6192891597747803
6882500096.0,-1.5997213125228882
6883437568.0,-1.577952265739441
6884375040.0,-1.5545727014541626
6885312512.0,-1.527055025100708
6886249984.0,-1.4998658895492554
6887187456.0,-1.4705454111099243
6888124928.0,-1.439404010772705
6889062400.0,-1.4086204767227173
6889999872.0,-1.3769162893295288
6890937344.0,-1.344636082649231
6891874816.0,-1.3137365579605103
6892812288.0,-1.2816098928451538
6893749760.0,-1.2512388229370117
6894687744.0,-1.220132827758789
6895625216.0,-1.1897518634796143
6896562688.0,-1.1619185209274292
6897500160.0,-1.1347992420196533
6898437632.0,-1.1078038215637207
6899375104.0,-1.083749532699585
6900312576.0,-1.0611644983291626
6901250048.0,-1.0414199829101562
6902187520.0,-1.0211191177368164
6903124992.0,-1.0048365592956543
6904062464.0,-0.9888262748718262
6904999936.0,-0.9890382885932922
6905937408.0,-0.9840620160102844
6906874880.0,-0.9821100234985352
6907812352.0,-0.9823949933052063
6908749824.0,-0.9846853613853455
6909687296.0,-0.9883708357810974
6910624768.0,-0.9929153323173523
6911562752.0,-0.9989336133003235
6912500224.0,-1.005012035369873
6913437696.0,-1.0119191408157349
6914375168.0,-1.0166593790054321
6915312640.0,-1.0223662853240967
6916250112.0,-1.0275726318359375
6917187584.0,-1.0298746824264526
6918125056.0,-1.030495524406433
6919062528.0,-1.030311942100525
6920000000.0,-1.0283647775650024
6920937472.0,-1.0247339010238647
6921874944.0,-1.0198255777359009
6922812416.0,-1.0144518613815308
6923749888.0,-1.0069599151611328
6924687360.0,-0.9963306784629822
6925624832.0,-0.9853066802024841
6926562304.0,-0.9721279144287109
6927499776.0,-0.9569940567016602
6928437248.0,-0.9401336908340454
6929375232.0,-0.9213017821311951
6930312704.0,-0.9024160504341125
6931250176.0,-0.8832141757011414
6932187648.0,-0.8624480962753296
6933125120.0,-0.8408195376396179
6934062592.0,-0.8178107142448425
6935000064.0,-0.795689046382904
6935937536.0,-0.7731385231018066
6936875008.0,-0.7516880035400391
6937812480.0,-0.729335606098175
6938749952.0,-0.7081811428070068
6939687424.0,-0.6876004934310913
6940624896.0,-0.666865348815918
6941562368.0,-0.6468648910522461
6942499840.0,-0.6284914612770081
6943437312.0,-0.6112433075904846
6944374784.0,-0.5952255129814148
6945312256.0,-0.5808426737785339
6946250240.0,-0.566501796245575
6947187712.0,-0.5560371279716492
6948125184.0,-0.548607587814331
6949062656.0,-0.5413656234741211
6950000128.0,-0.5358282327651978
6950937600.0,-0.5317450165748596
6951875072.0,-0.5310245752334595
6952812544.0,-0.5291070938110352
6953750016.0,-0.5310268998146057
6954687488.0,-0.5324713587760925
6955624960.0,-0.5372160077095032
6956562432.0,-0.5434116721153259
6957499904.0,-0.5528973340988159
6958437376.0,-0.5611663460731506
6959374848.0,-0.5712486505508423
6960312320.0,-0.5818734765052795
6961249792.0,-0.5918981432914734
6962187264.0,-0.6031603217124939
6963125248.0,-0.6153718829154968
6964062720.0,-0.6268810629844666
6965000192.0,-0.5329018831253052
6965937664.0,-0.5429039001464844
6966875136.0,-0.5519817471504211
6967812608.0,-0.5611182451248169
6968750080.0,-0.5704181790351868
6969687552.0,-0.5811794996261597
6970625024.0,-0.5918893218040466
6971562496.0,-0.6030523180961609
6972499968.0,-0.6159148216247559
6973437440.0,-0.6271248459815979
6974374912.0,-0.6388067603111267
6975312384.0,-0.650455117225647
6976249856.0,-0.6621152758598328
6977187328.0,-0.6738388538360596
6978124800.0,-0.6847671866416931
6979062272.0,-0.697214663028717
6979999744.0,-0.7082160711288452
6980937728.0,-0.7199118137359619
6981875200.0,-0.7307680249214172
6982812672.0,-0.7396401762962341
6983750144.0,-0.7501539587974548
6984687616.0,-0.7593821287155151
6985625088.0,-0.766934871673584
6986562560.0,-0.7739560604095459
6987500032.0,-0.780746579170227
6988437504.0,-0.7859379649162292
6989374976.0,-0.7903084754943848
6990312448.0,-0.7923337817192078
6991249920.0,-0.7950811982154846
6992187392.0,-0.7946909070014954
6993124864.0,-0.7936028838157654
6994062336.0,-0.7919644713401794
6994999808.0,-0.7880790829658508
6995937280.0,-0.7831369638442993
6996874752.0,-0.7752493619918823
6997812736.0,-0.7667788863182068
6998750208.0,-0.7578556537628174
6999687680.0,-0.747247576713562
7000625152.0,-0.7365393042564392
7001562624.0,-0.7256247997283936
7002500096.0,-0.7136372327804565
7003437568.0,-0.7007032036781311
7004375040.0,-0.6884930729866028
7005312512.0,-0.6755602955818176
7006249984.0,-0.6617650389671326
7007187456.0,-0.6464217305183411
7008124928.0,-0.6284925937652588
7009062400.0,-0.6118728518486023
7009999872.0,-0.5945322513580322
7010937344.0,-0.5780388712882996
7011874816.0,-0.561557412147522
7012812288.0,-0.5439767837524414
7013749760.0,-0.5279595851898193
7014687744.0,-0.5122441649436951
7015625216.0,-0.4956401288509369
7016562688.0,-0.4805048108100891
7017500160.0,-0.4654104709625244
7018437632.0,-0.4505007565021515
7019375104.0,-0.4373794198036194
7020312576.0,-0.4237298369407654
7021250048.0,-0.4123629629611969
7022187520.0,-0.40073323249816895
7023124992.0,-0.3898988366127014
7024062464.0,-0.38040411472320557
7024999936.0,-0.29271450638771057
7025937408.0,-0.2957138419151306
7026874880.0,-0.3004412353038788
7027812352.0,-0.3062235713005066
7028749824.0,-0.31245478987693787
7029687296.0,-0.31935015320777893
7030624768.0,-0.3264732360839844
7031562752.0,-0.3350616991519928
7032500224.0,-0.3453921973705292
7033437696.0,-0.35729682445526123
7034375168.0,-0.36962857842445374
7035312640.0,-0.3830554485321045
7036250112.0,-0.3961683511734009
7037187584.0,-0.40884849429130554
7038125056.0,-0.4233810305595398
7039062528.0,-0.4384176731109619
7040000000.0,-0.45262423157691956
7040937472.0,-0.4667017161846161
7041874944.0,-0.4805513024330139
7042812416.0,-0.4946504831314087
7043749888.0,-0.5082400441169739
7044687360.0,-0.5212283730506897
7045624832.0,-0.5330156683921814
7046562304.0,-0.5441386699676514
7047499776.0,-0.5538786053657532
7048437248.0,-0.5639813542366028
7049375232.0,-0.5725857019424438
7050312704.0,-0.5793987512588501
7051250176.0,-0.586767315864563
7052187648.0,-0.5909746289253235
7053125120.0,-0.59615159034729
7054062592.0,-0.5992756485939026
7055000064.0,-0.6011227369308472
7055937536.0,-0.6022674441337585
7056875008.0,-0.6002505421638489
7057812480.0,-0.5996444821357727
7058749952.0,-0.5985985398292542
7059687424.0,-0.5982165336608887
7060624896.0,-0.5961146354675293
7061562368.0,-0.5919880270957947
7062499840.0,-0.5874167680740356
7063437312.0,-0.5812364816665649
7064374784.0,-0.5733891129493713
7065312256.0,-0.5648441910743713
7066250240.0,-0.5563868880271912
7067187712.0,-0.545256495475769
7068125184.0,-0.5351801514625549
7069062656.0,-0.523664116859436
7070000128.0,-0.5118226408958435
7070937600.0,-0.4995202124118805
7071875072.0,-0.48714324831962585
7072812544.0,-0.4736458361148834
7073750016.0,-0.46005722880363464
7074687488.0,-0.4451673924922943
7075624960.0,-0.43113622069358826
7076562432.0,-0.41681572794914246
7077499904.0,-0.40227553248405457
7078437376.0,-0.3860638439655304
7079374848.0,-0.37122437357902527
7080312320.0,-0.35448262095451355
7081249792.0,-0.33958470821380615
7082187264.0,-0.3240794539451599
7083125248.0,-0.308794766664505
7084062720.0,-0.2932232618331909
7085000192.0,-0.35638880729675293
7085937664.0,-0.3447350263595581
7086875136.0,-0.3356130123138428
7087812608.0,-0.3248049020767212
7088750080.0,-0.3146800696849823
7089687552.0,-0.30507007241249084
7090625024.0,-0.2961893677711487
7091562496.0,-0.28925034403800964
7092499968.0,-0.2824687957763672
7093437440.0,-0.27495697140693665
7094374912.0,-0.27086594700813293
7095312384.0,-0.2668069899082184
7096249856.0,-0.2652145326137543
7097187328.0,-0.2640683948993683
7098124800.0,-0.2639841139316559
7099062272.0,-0.2663109302520752
7100000256.0,-0.26880642771720886
7100937728.0,-0.2744075655937195
7101875200.0,-0.28180041909217834
7102812672.0,-0.2896125316619873
7103750144.0,-0.30091527104377747
7104687616.0,-0.3128305971622467
7105625088.0,-0.3266439735889435
7106562560.0,-0.3414527475833893
7107500032.0,-0.35937562584877014
7108437504.0,-0.3766863942146301
7109374976.0,-0.3977290391921997
7110312448.0,-0.4191761314868927
7111249920.0,-0.44097086787223816
7112187392.0,-0.4641016125679016
7113124864.0,-0.48680296540260315
7114062336.0,-0.5098092555999756
7114999808.0,-0.5328747034072876
7115937280.0,-0.5554136633872986
7116874752.0,-0.5775737762451172
7117812736.0,-0.5991660952568054
7118750208.0,-0.6198845505714417
7119687680.0,-0.6414182186126709
7120625152.0,-0.659338116645813
7121562624.0,-0.6765925884246826
7122500096.0,-0.6928953528404236
7123437568.0,-0.7070416808128357
7124375040.0,-0.7198817133903503
7125312512.0,-0.7300357222557068
7126249984.0,-0.7392176389694214
7127187456.0,-0.7453386187553406
7128124928.0,-0.7505344748497009
7129062400.0,-0.7531057000160217
7129999872.0,-0.7537200450897217
7130937344.0,-0.7517247200012207
7131874816.0,-0.7482477426528931
7132812288.0,-0.7416711449623108
7133749760.0,-0.732908308506012
7134687744.0,-0.7230029702186584
7135625216.0,-0.7114216089248657
7136562688.0,-0.6969980597496033
7137500160.0,-0.6826221346855164
7138437632.0,-0.6659517884254456
7139375104.0,-0.6469472050666809
7140312576.0,-0.6275053024291992
7141250048.0,-0.6078839898109436
7142187520.0,-0.5871520042419434
7143124992.0,-0.5645220875740051
7144062464.0,-0.43336471915245056
7144999936.0,-0.4314732551574707
7145937408.0,-0.4282865822315216
7146874880.0,-0.42566049098968506
7147812352.0,-0.42266297340393066
7148749824.0,-0.4196820855140686
7149687296.0,-0.41807955503463745
7150624768.0,-0.4153395891189575
7151562752.0,-0.4152226448059082
7152500224.0,-0.41413408517837524
7153437696.0,-0.4142533242702484
7154375168.0,-0.41584280133247375
7155312640.0,-0.41858431696891785
7156250112.0,-0.4232772886753082
7157187584.0,-0.42830970883369446
7158125056.0,-0.4361688196659088
7159062528.0,-0.44405364990234375
7160000000.0,-0.4519449472427368
7160937472.0,-0.4585058391094208
7161874944.0,-0.4662444293498993
7162812416.0,-0.4744635820388794
7163749888.0,-0.4854276478290558
7164687360.0,-0.4949694871902466
7165624832.0,-0.503879964351654
7166562304.0,-0.514604926109314
7167499776.0,-0.5250855088233948
7168437248.0,-0.5351946949958801
7169375232.0,-0.5449880957603455
7170312704.0,-0.5539172887802124
7171250176.0,-0.5612656474113464
7172187648.0,-0.5682134628295898
7173125120.0,-0.5735839009284973
7174062592.0,-0.5764968395233154
7175000064.0,-0.5793416500091553
7175937536.0,-0.5803585052490234
7176875008.0,-0.5795873999595642
7177812480.0,-0.5771676898002625
7178749952.0,-0.5741922855377197
7179687424.0,-0.5670771598815918
7180624896.0,-0.5598233342170715
7181562368.0,-0.5518500804901123
7182499840.0,-0.5427483320236206
7183437312.0,-0.531606912612915
7184374784.0,-0.5198869705200195
7185312256.0,-0.505264163017273
7186250240.0,-0.48708242177963257
7187187712.0,-0.4689491093158722
7188125184.0,-0.44912099838256836
7189062656.0,-0.4301535189151764
7190000128.0,-0.41037431359291077
7190937600.0,-0.3895231783390045
7191875072.0,-0.3686443269252777
7192812544.0,-0.348732054233551
7193750016.0,-0.3297332525253296
7194687488.0,-0.31150147318840027
7195624960.0,-0.2930199205875397
7196562432.0,-0.27629709243774414
7197499904.0,-0.2610689103603363
7198437376.0,-0.24629050493240356
7199374848.0,-0.23379600048065186
7200312320.0,-0.2230500727891922
7201249792.0,-0.21537713706493378
7202187264.0,-0.20961259305477142
7203125248.0,-0.20604676008224487
7204062720.0,-0.31119996309280396
7205000192.0,-0.3235786259174347
7205937664.0,-0.33805808424949646
7206875136.0,-0.35658708214759827
7207812608.0,-0.37760186195373535
7208750080.0,-0.4019664227962494
7209687552.0,-0.4281511902809143
7210625024.0,-0.4567270874977112
7211562496.0,-0.48804405331611633
7212499968.0,-0.5208060145378113
7213437440.0,-0.5545067191123962
7214374912.0,-0.5892278552055359
7215312384.0,-0.622580349445343
7216249856.0,-0.656361997127533
7217187328.0,-0.6886510252952576
7218124800.0,-0.7211357951164246
7219062272.0,-0.7510693669319153
7219999744.0,-0.780365526676178
7220937728.0,-0.8066926002502441
7221875200.0,-0.8296736478805542
7222812672.0,-0.8503026366233826
7223750144.0,-0.8658471703529358
7224687616.0,-0.8783227205276489
7225625088.0,-0.8858188986778259
7226562560.0,-0.8893119692802429
7227500032.0,-0.8887970447540283
7228437504.0,-0.8821007013320923
7229374976.0,-0.8723593354225159
7230312448.0,-0.8569781184196472
7231249920.0,-0.839349091053009
7232187392.0,-0.8158841133117676
7233124864.0,-0.7911322116851807
7234062336.0,-0.7603137493133545
7234999808.0,-0.7288393378257751
7235937280.0,-0.6930930018424988
7236874752.0,-0.6582345962524414
7237812736.0,-0.6210252046585083
7238750208.0,-0.5812529921531677
7239687680.0,-0.5411859154701233
7240625152.0,-0.4995759427547455
7241562624.0,-0.45745208859443665
7242500096.0,-0.4151827394962311
7243437568.0,-0.37218302488327026
7244375040.0,-0.3298729956150055
7245312512.0,-0.28811943531036377
7246249984.0,-0.24851635098457336
7247187456.0,-0.2083538919687271
7248124928.0,-0.17272689938545227
7249062400.0,-0.13829050958156586
7249999872.0,-0.1071612685918808
7250937344.0,-0.07951311767101288
7251874816.0,-0.053721070289611816
7252812288.0,-0.03143478184938431
7253749760.0,-0.012836555950343609
7254687744.0,0.002669934183359146
7255625216.0,0.01430666632950306
7256562688.0,0.022681480273604393
7257500160.0,0.027993392199277878
7258437632.0,0.02791101671755314
7259375104.0,0.023691808804869652
7260312576.0,0.01508849672973156
7261250048.0,0.0021401618141680956
7262187520.0,-0.01653364486992359
7263124992.0,-0.03931661695241928
7264062464.0,-0.3099716305732727
7264999936.0,-0.3061743974685669
7265937408.0,-0.3059646189212799
7266874880.0,-0.3069242238998413
7267812352.0,-0.31106260418891907
7268749824.0,-0.31758537888526917
7269687296.0,-0.3250713348388672
7270624768.0,-0.33479470014572144
7271562752.0,-0.34694012999534607
7272500224.0,-0.36045974493026733
7273437696.0,-0.3754602074623108
7274375168.0,-0.3905678987503052
7275312640.0,-0.40709689259529114
7276250112.0,-0.4243793487548828
7277187584.0,-0.4418187141418457
7278125056.0,-0.4571593999862671
7279062528.0,-0.47339269518852234
7280000000.0,-0.4871906638145447
7280937472.0,-0.5010621547698975
7281874944.0,-0.5119800567626953
7282812416.0,-0.5214088559150696
7283749888.0,-0.5285362601280212
7284687360.0,-0.5353303551673889
7285624832.0,-0.537839949131012
7286562304.0,-0.53822261095047
7287499776.0,-0.5393339395523071
7288437248.0,-0.5385858416557312
7289375232.0,-0.535962700843811
7290312704.0,-0.529386579990387
7291250176.0,-0.5214604139328003
7292187648.0,-0.5113682746887207
7293125120.0,-0.4990604519844055
7294062592.0,-0.4868052899837494
7295000064.0,-0.47121936082839966
7295937536.0,-0.45541006326675415
7296875008.0,-0.4383108913898468
7297812480.0,-0.42059826850891113
7298749952.0,-0.40324997901916504
7299687424.0,-0.3846683204174042
7300624896.0,-0.3674626648426056
7301562368.0,-0.35005927085876465
7302499840.0,-0.33115750551223755
7303437312.0,-0.3154083490371704
7304374784.0,-0.29947495460510254
7305312256.0,-0.2849343419075012
7306250240.0,-0.2713431715965271
7307187712.0,-0.2595342695713043
7308125184.0,-0.24931634962558746
7309062656.0,-0.23995806276798248
7310000128.0,-0.23249438405036926
7310937600.0,-0.22548355162143707
7311875072.0,-0.2209138572216034
7312812544.0,-0.21901308000087738
7313750016.0,-0.21762366592884064
7314687488.0,-0.2171476185321808
7315624960.0,-0.2165977507829666
7316562432.0,-0.21655210852622986
7317499904.0,-0.21563871204853058
7318437376.0,-0.21386276185512543
7319374848.0,-0.21143750846385956
7320312320.0,-0.20825587213039398
7321249792.0,-0.20263947546482086
7322187264.0,-0.19592967629432678
7323125248.0,-0.1868206262588501
7324062720.0,-0.33103251457214355
7325000192.0,-0.3095339834690094
7325937664.0,-0.2865663766860962
7326875136.0,-0.2611195147037506
7327812608.0,-0.23365600407123566
7328750080.0,-0.20634320378303528
7329687552.0,-0.179155632853508
7330625024.0,-0.15178392827510834
7331562496.0,-0.12596382200717926
7332499968.0,-0.1018560603260994
7333437440.0,-0.08089066296815872
7334374912.0,-0.0638972669839859
7335312384.0,-0.050226952880620956
7336249856.0,-0.04080399125814438
7337187328.0,-0.038032494485378265
7338124800.0,-0.03856048732995987
7339062272.0,-0.04051848500967026
7340000256.0,-0.04852942004799843
7340937728.0,-0.06011025235056877
7341875200.0,-0.07569579780101776
7342812672.0,-0.09612011164426804
7343750144.0,-0.11928616464138031
7344687616.0,-0.1429263800382614
7345625088.0,-0.16899703443050385
7346562560.0,-0.19524526596069336
7347500032.0,-0.22016958892345428
7348437504.0,-0.2444305121898651
7349374976.0,-0.267225444316864
7350312448.0,-0.2855478525161743
7351249920.0,-0.30158138275146484
7352187392.0,-0.3133409023284912
7353124864.0,-0.32029855251312256
7354062336.0,-0.3224990963935852
7354999808.0,-0.3209854066371918
7355937280.0,-0.3132128119468689
7356874752.0,-0.30140358209609985
7357812736.0,-0.28507086634635925
7358750208.0,-0.2633311450481415
7359687680.0,-0.23881573975086212
7360625152.0,-0.21227078139781952
7361562624.0,-0.1820492148399353
7362500096.0,-0.15080739557743073
7363437568.0,-0.11875917762517929
7364375040.0,-0.08352679014205933
7365312512.0,-0.04983868449926376
7366249984.0,-0.018194233998656273
7367187456.0,0.010743633843958378
7368124928.0,0.03576286509633064
7369062400.0,0.05691588297486305
7369999872.0,0.07283683121204376
7370937344.0,0.08629310131072998
7371874816.0,0.09623370319604874
7372812288.0,0.10275844484567642
7373749760.0,0.10736491531133652
7374687744.0,0.11024601012468338
7375625216.0,0.11085287481546402
7376562688.0,0.11128224432468414
7377500160.0,0.11025889962911606
7378437632.0,0.10920904576778412
7379375104.0,0.10621513426303864
7380312576.0,0.1008339524269104
7381250048.0,0.09622940421104431
7382187520.0,0.08930663019418716
7383124992.0,0.08117452263832092
7384062464.0,-0.22396959364414215
7384999936.0,-0.24203179776668549
7385937408.0,-0.2597716450691223
7386874880.0,-0.2764166295528412
7387812352.0,-0.2933051884174347
7388749824.0,-0.3094951808452606
7389687296.0,-0.32191693782806396
7390624768.0,-0.333011656999588
7391562752.0,-0.34269946813583374
7392500224.0,-0.3485416769981384
7393437696.0,-0.35098686814308167
7394375168.0,-0.35042232275009155
7395312640.0,-0.34709838032722473
7396250112.0,-0.3400510847568512
7397187584.0,-0.32898250222206116
7398125056.0,-0.3146238923072815
7399062528.0,-0.2957957684993744
7400000000.0,-0.2753429412841797
7400937472.0,-0.2503775358200073
7401874944.0,-0.2231680303812027
7402812416.0,-0.19366559386253357
7403749888.0,-0.16120539605617523
7404687360.0,-0.12731771171092987
7405624832.0,-0.09114304929971695
7406562304.0,-0.05405747517943382
7407499776.0,-0.01803264580667019
7408437248.0,0.01972327008843422
7409375232.0,0.05559215694665909
7410312704.0,0.09105440974235535
7411250176.0,0.12592659890651703
7412187648.0,0.15883669257164001
7413125120.0,0.18846864998340607
7414062592.0,0.2157192826271057
7415000064.0,0.2416127622127533
7415937536.0,0.26483914256095886
7416875008.0,0.2843340337276459
7417812480.0,0.29996421933174133
7418749952.0,0.3113946318626404
7419687424.0,0.3202264606952667
7420624896.0,0.3250594437122345
7421562368.0,0.3262421488761902
7422499840.0,0.3244025409221649
7423437312.0,0.3182891309261322
7424374784.0,0.3087935149669647
7425312256.0,0.2961937487125397
7426250240.0,0.2806406319141388
7427187712.0,0.26167258620262146
7428125184.0,0.24126289784908295
7429062656.0,0.21712729334831238
7430000128.0,0.1914755254983902
7430937600.0,0.16397279500961304
7431875072.0,0.13372738659381866
7432812544.0,0.1030716747045517
7433750016.0,0.07191234081983566
7434687488.0,0.03985095024108887
7435624960.0,0.007409512531012297
7436562432.0,-0.024346591904759407
7437499904.0,-0.05478302016854286
7438437376.0,-0.08496551215648651
7439374848.0,-0.11449172347784042
7440312320.0,-0.1448727399110794
7441249792.0,-0.17281460762023926
7442187264.0,-0.19954252243041992
7443125248.0,-0.22417666018009186
7444062720.0,0.02650914341211319
7445000192.0,0.011594885028898716
7445937664.0,-0.004328955430537462
7446875136.0,-0.0206424780189991
7447812608.0,-0.0385773703455925
7448750080.0,-0.055025141686201096
7449687552.0,-0.0711025670170784
7450625024.0,-0.08621465414762497
7451562496.0,-0.10067995637655258
7452499968.0,-0.11302773654460907
7453437440.0,-0.12327553331851959
7454374912.0,-0.13241346180438995
7455312384.0,-0.13873665034770966
7456249856.0,-0.14227041602134705
7457187328.0,-0.14299511909484863
7458124800.0,-0.14237305521965027
7459062272.0,-0.14086535573005676
7459999744.0,-0.13550712168216705
7460937728.0,-0.1291830688714981
7461875200.0,-0.12135933339595795
7462812672.0,-0.11257167160511017
7463750144.0,-0.10239469259977341
7464687616.0,-0.09096938371658325
7465625088.0,-0.08213505148887634
7466562560.0,-0.07279007881879807
7467500032.0,-0.065106101334095
7468437504.0,-0.05789783596992493
7469374976.0,-0.05043217912316322
7470312448.0,-0.04199352115392685
7471249920.0,-0.03627293184399605
7472187392.0,-0.03292262554168701
7473124864.0,-0.0289154015481472
7474062336.0,-0.026470253244042397
7474999808.0,-0.025927891954779625
7475937280.0,-0.02755732461810112
7476874752.0,-0.029854724183678627
7477812736.0,-0.03454459831118584
7478750208.0,-0.040287889540195465
7479687680.0,-0.0463390052318573
7480625152.0,-0.05514715239405632
7481562624.0,-0.06458734720945358
7482500096.0,-0.07415460795164108
7483437568.0,-0.08480732887983322
7484375040.0,-0.09613031893968582
7485312512.0,-0.10672207176685333
7486249984.0,-0.11927317082881927
7487187456.0,-0.1290561407804489
7488124928.0,-0.13978180289268494
7489062400.0,-0.150053471326828
7489999872.0,-0.15772902965545654
7490937344.0,-0.1652958244085312
7491874816.0,-0.16984206438064575
7492812288.0,-0.17313170433044434
7493749760.0,-0.17506662011146545
7494687744.0,-0.17319059371948242
7495625216.0,-0.17079319059848785
7496562688.0,-0.16741572320461273
7497500160.0,-0.162312313914299
7498437632.0,-0.1548997163772583
7499375104.0,-0.14572250843048096
7500312576.0,-0.13579872250556946
7501250048.0,-0.12675416469573975
7502187520.0,-0.11586526781320572
7503124992.0,-0.10509318858385086
7504062464.0,-0.08876188844442368
7504999936.0,-0.063864566385746
7505937408.0,-0.04135698080062866
7506874880.0,-0.022100014612078667
7507812352.0,-0.006051664240658283
7508749824.0,0.005268299486488104
7509687296.0,0.01278175413608551
7510624768.0,0.016131190583109856
7511562752.0,0.016451353207230568
7512500224.0,0.012180385179817677
7513437696.0,0.0055098747834563255
7514375168.0,-0.0042394245974719524
7515312640.0,-0.01825721003115177
7516250112.0,-0.032982829958200455
7517187584.0,-0.04680321738123894
7518125056.0,-0.06112879142165184
7519062528.0,-0.07658118009567261
7520000000.0,-0.09233155846595764
7520937472.0,-0.10645811259746552
7521874944.0,-0.11985744535923004
7522812416.0,-0.13219837844371796
7523749888.0,-0.14216236770153046
7524687360.0,-0.14951179921627045
7525624832.0,-0.1551494598388672
7526562304.0,-0.15674658119678497
7527499776.0,-0.15590526163578033
7528437248.0,-0.15243104100227356
7529375232.0,-0.1469937413930893
7530312704.0,-0.13928718864917755
7531250176.0,-0.1279510259628296
7532187648.0,-0.11633448302745819
7533125120.0,-0.10317232459783554
7534062592.0,-0.08838225156068802
7535000064.0,-0.07376185804605484
7535937536.0,-0.06013435125350952
7536875008.0,-0.04692843183875084
7537812480.0,-0.03546721115708351
7538749952.0,-0.02641131356358528
7539687424.0,-0.01962984912097454
7540624896.0,-0.01658760756254196
7541562368.0,-0.015671754255890846
7542499840.0,-0.020068086683750153
7543437312.0,-0.02802971750497818
7544374784.0,-0.03995569422841072
7545312256.0,-0.05609229952096939
7546250240.0,-0.07550561428070068
7547187712.0,-0.0983315110206604
7548125184.0,-0.12451404333114624
7549062656.0,-0.15397869050502777
7550000128.0,-0.18327687680721283
7550937600.0,-0.2137734293937683
7551875072.0,-0.24359913170337677
7552812544.0,-0.27206918597221375
7553750016.0,-0.2971873879432678
7554687488.0,-0.31985360383987427
7555624960.0,-0.3399585783481598
7556562432.0,-0.35942599177360535
7557499904.0,-0.37432071566581726
7558437376.0,-0.3886251151561737
7559374848.0,-0.4025973379611969
7560312320.0,-0.415568083524704
7561249792.0,-0.4275873601436615
7562187264.0,-0.4391299784183502
7563125248.0,-0.4506705403327942
7564062720.0,-0.45109859108924866
7565000192.0,-0.4369741380214691
7565937664.0,-0.4188731908798218
7566875136.0,-0.3996855914592743
7567812608.0,-0.3773115575313568
7568750080.0,-0.3522520363330841
7569687552.0,-0.32869890332221985
7570625024.0,-0.30311113595962524
7571562496.0,-0.2761096656322479
7572499968.0,-0.2475094497203827
7573437440.0,-0.22035467624664307
7574374912.0,-0.19301249086856842
7575312384.0,-0.16573579609394073
7576249856.0,-0.13857601583003998
7577187328.0,-0.11069634556770325
7578124800.0,-0.0852552130818367
7579062272.0,-0.060740210115909576
7580000256.0,-0.03728028014302254
7580937728.0,-0.01654953695833683
7581875200.0,0.002989637665450573
7582812672.0,0.01892583630979061
7583750144.0,0.033483006060123444
7584687616.0,0.0461856871843338
7585625088.0,0.056930992752313614
7586562560.0,0.06420666724443436
7587500032.0,0.06962738931179047
7588437504.0,0.07236290723085403
7589374976.0,0.07270875573158264
7590312448.0,0.07109886407852173
7591249920.0,0.06683941185474396
7592187392.0,0.06016979739069939
7593124864.0,0.05244925618171692
7594062336.0,0.042630307376384735
7594999808.0,0.03109988570213318
7595937280.0,0.021163763478398323
7596874752.0,0.005856222938746214
7597812736.0,-0.00972302071750164
7598750208.0,-0.025898370891809464
7599687680.0,-0.04284875839948654
7600625152.0,-0.06078615412116051
7601562624.0,-0.07939253002405167
7602500096.0,-0.0980476588010788
7603437568.0,-0.11594446003437042
7604375040.0,-0.13497544825077057
7605312512.0,-0.15080897510051727
7606249984.0,-0.16700315475463867
7607187456.0,-0.18191957473754883
7608124928.0,-0.19686801731586456
7609062400.0,-0.21056264638900757
7609999872.0,-0.2216472178697586
7610937344.0,-0.23263490200042725
7611874816.0,-0.24232929944992065
7612812288.0,-0.25066763162612915
7613749760.0,-0.2555010914802551
7614687744.0,-0.26168355345726013
7615625216.0,-0.2660774290561676
7616562688.0,-0.2687138319015503
7617500160.0,-0.27145999670028687
7618437632.0,-0.27386459708213806
7619375104.0,-0.2777823507785797
7620312576.0,-0.2814915180206299
7621250048.0,-0.2839013338088989
7622187520.0,-0.2870398461818695
7623124992.0,-0.2901420593261719
7624062464.0,-0.2866087555885315
7624999936.0,-0.29178586602211
7625937408.0,-0.2947627604007721
7626874880.0,-0.29731279611587524
7627812352.0,-0.2964920699596405
7628749824.0,-0.2936965525150299
7629687296.0,-0.2894211709499359
7630624768.0,-0.2844245135784149
7631562752.0,-0.2771320044994354
7632500224.0,-0.2688252031803131
7633437696.0,-0.256613552570343
7634375168.0,-0.24745731055736542
7635312640.0,-0.23600518703460693
7636250112.0,-0.22265519201755524
7637187584.0,-0.2099432647228241
7638125056.0,-0.19741465151309967
7639062528.0,-0.18551605939865112
7640000000.0,-0.17327579855918884
7640937472.0,-0.16103340685367584
7641874944.0,-0.14905577898025513
7642812416.0,-0.1384321004152298
7643749888.0,-0.13092122972011566
7644687360.0,-0.1253739297389984
7645624832.0,-0.12129088491201401
7646562304.0,-0.11887798458337784
7647499776.0,-0.11627079546451569
7648437248.0,-0.11411456763744354
7649375232.0,-0.11468324810266495
7650312704.0,-0.11713449656963348
7651250176.0,-0.12024127691984177
7652187648.0,-0.12382259219884872
7653125120.0,-0.12974108755588531
7654062592.0,-0.1343957930803299
7655000064.0,-0.14207780361175537
7655937536.0,-0.14957855641841888
7656875008.0,-0.15755954384803772
7657812480.0,-0.16500172019004822
7658749952.0,-0.17454145848751068
7659687424.0,-0.18117287755012512
7660624896.0,-0.1905827671289444
7661562368.0,-0.19967232644557953
7662499840.0,-0.2070385068655014
7663437312.0,-0.21569322049617767
7664374784.0,-0.22160740196704865
7665312256.0,-0.22929278016090393
7666250240.0,-0.234379842877388
7667187712.0,-0.24039942026138306
7668125184.0,-0.24433334171772003
7669062656.0,-0.24669063091278076
7670000128.0,-0.24775026738643646
7670937600.0,-0.2478463351726532
7671875072.0,-0.24561908841133118
7672812544.0,-0.24243661761283875
7673750016.0,-0.23846454918384552
7674687488.0,-0.23322433233261108
7675624960.0,-0.22785718739032745
7676562432.0,-0.22065046429634094
7677499904.0,-0.21347643435001373
7678437376.0,-0.20484837889671326
7679374848.0,-0.19645465910434723
7680312320.0,-0.187605619430542
7681249792.0,-0.17874689400196075
7682187264.0,-0.1689106822013855
7683125248.0,-0.15985724329948425
7684062720.0,0.07402435690164566
7685000192.0,0.08767182379961014
7685937664.0,0.09831158816814423
7686875136.0,0.10726098716259003
7687812608.0,0.11414957791566849
7688750080.0,0.11648941040039062
7689687552.0,0.11723020672798157
7690625024.0,0.11566197127103806
7691562496.0,0.11098778247833252
7692499968.0,0.10425028949975967
7693437440.0,0.09482023864984512
7694374912.0,0.08230485022068024
7695312384.0,0.0668780505657196
7696249856.0,0.05014997348189354
7697187328.0,0.03082454763352871
7698124800.0,0.01052891556173563
7699062272.0,-0.011955357156693935
7699999744.0,-0.03472462669014931
7700937728.0,-0.05893155559897423
7701875200.0,-0.0828738585114479
7702812672.0,-0.10640955716371536
7703750144.0,-0.13033531606197357
7704687616.0,-0.15330351889133453
7705625088.0,-0.17660808563232422
7706562560.0,-0.19693142175674438
7707500032.0,-0.21612340211868286
7708437504.0,-0.23501282930374146
7709374976.0,-0.25126999616622925
7710312448.0,-0.2672237455844879
7711249920.0,-0.2803856432437897
7712187392.0,-0.29026880860328674
7713124864.0,-0.30053186416625977
7714062336.0,-0.30820342898368835
7714999808.0,-0.3142434358596802
7715937280.0,-0.31789663434028625
7716874752.0,-0.32004156708717346
7717812736.0,-0.3206646144390106
7718750208.0,-0.3203243911266327
7719687680.0,-0.3189036548137665
7720625152.0,-0.31435659527778625
7721562624.0,-0.3086008131504059
7722500096.0,-0.3034706115722656
7723437568.0,-0.2963767647743225
7724375040.0,-0.28893670439720154
7725312512.0,-0.28080040216445923
7726249984.0,-0.27206891775131226
7727187456.0,-0.2640162408351898
7728124928.0,-0.2558716833591461
7729062400.0,-0.24897128343582153
7729999872.0,-0.2413131445646286
7730937344.0,-0.2352701723575592
7731874816.0,-0.22846153378486633
7732812288.0,-0.2227632701396942
7733749760.0,-0.2178238034248352
7734687744.0,-0.21464402973651886
7735625216.0,-0.21210385859012604
7736562688.0,-0.20855370163917542
7737500160.0,-0.20638278126716614
7738437632.0,-0.2045149803161621
7739375104.0,-0.20462742447853088
7740312576.0,-0.2064589560031891
7741250048.0,-0.20785173773765564
7742187520.0,-0.21120606362819672
7743124992.0,-0.21587073802947998
7744062464.0,-0.19272089004516602
7744999936.0,-0.1572670191526413
7745937408.0,-0.11848638951778412
7746874880.0,-0.07706927508115768
7747812352.0,-0.037808459252119064
7748749824.0,-0.0004659503174480051
7749687296.0,0.03605358675122261
7750624768.0,0.06947969645261765
7751562752.0,0.10172110050916672
7752500224.0,0.13007670640945435
7753437696.0,0.15497422218322754
7754375168.0,0.17698633670806885
7755312640.0,0.19458289444446564
7756250112.0,0.20885629951953888
7757187584.0,0.2210266888141632
7758125056.0,0.2278405725955963
7759062528.0,0.23119252920150757
7760000000.0,0.23068934679031372
7760937472.0,0.22731734812259674
7761874944.0,0.22319120168685913
7762812416.0,0.21559903025627136
7763749888.0,0.20458616316318512
7764687360.0,0.1921485960483551
7765624832.0,0.17797353863716125
7766562304.0,0.16182948648929596
7767499776.0,0.14413289725780487
7768437248.0,0.12501411139965057
7769375232.0,0.10431293398141861
7770312704.0,0.08341421186923981
7771250176.0,0.06254792958498001
7772187648.0,0.041897933930158615
7773125120.0,0.022787170484662056
7774062592.0,0.0018527742940932512
7775000064.0,-0.01843045838177204
7775937536.0,-0.03776628151535988
7776875008.0,-0.056280460208654404
7777812480.0,-0.07559137791395187
7778749952.0,-0.09428148716688156
7779687424.0,-0.11197257041931152
7780624896.0,-0.1271442174911499
7781562368.0,-0.14259900152683258
7782499840.0,-0.15729095041751862
7783437312.0,-0.16980761289596558
7784374784.0,-0.18343903124332428
7785312256.0,-0.19569428265094757
7786250240.0,-0.20556171238422394
7787187712.0,-0.21542952954769135
7788125184.0,-0.2246822714805603
7789062656.0,-0.23237431049346924
7790000128.0,-0.24014681577682495
7790937600.0,-0.24593977630138397
7791875072.0,-0.2523129880428314
7792812544.0,-0.25597476959228516
7793750016.0,-0.263004332780838
7794687488.0,-0.2671942412853241
7795624960.0,-0.27111682295799255
7796562432.0,-0.2753180265426636
7797499904.0,-0.2825639545917511
7798437376.0,-0.28822168707847595
7799374848.0,-0.2926313877105713
7800312320.0,-0.29604825377464294
7801249792.0,-0.29735854268074036
7802187264.0,-0.2994385361671448
7803125248.0,-0.29715028405189514
7804062720.0,-0.279053658246994
7805000192.0,-0.27011650800704956
7805937664.0,-0.25969454646110535
7806875136.0,-0.24864937365055084
7807812608.0,-0.23793868720531464
7808750080.0,-0.2239188551902771
7809687552.0,-0.21066328883171082
7810625024.0,-0.19645504653453827
7811562496.0,-0.18104000389575958
7812499968.0,-0.16674992442131042
7813437440.0,-0.14994239807128906
7814374912.0,-0.13289572298526764
7815312384.0,-0.11759888380765915
7816249856.0,-0.09978928416967392
7817187328.0,-0.08353351801633835
7818124800.0,-0.06777109205722809
7819062272.0,-0.050706446170806885
7820000256.0,-0.03585561364889145
7820937728.0,-0.019220618531107903
7821875200.0,-0.005566921550780535
7822812672.0,0.0054659154266119
7823750144.0,0.016475554555654526
7824687616.0,0.025673789903521538
7825625088.0,0.03454503044486046
7826562560.0,0.04355699196457863
7827500032.0,0.049503445625305176
7828437504.0,0.05628426745533943
7829374976.0,0.06225777044892311
7830312448.0,0.06774768978357315
7831249920.0,0.07283498346805573
7832187392.0,0.07667011767625809
7833124864.0,0.07985387742519379
7834062336.0,0.0827336460351944
7834999808.0,0.08423026651144028
7835937280.0,0.0861523374915123
7836874752.0,0.0877901166677475
7837812736.0,0.08813899755477905
7838750208.0,0.08927467465400696
7839687680.0,0.08921156823635101
7840625152.0,0.08944039791822433
7841562624.0,0.08906203508377075
7842500096.0,0.09019047766923904
7843437568.0,0.0885232463479042
7844375040.0,0.0880294069647789
7845312512.0,0.08690790832042694
7846249984.0,0.08503667265176773
7847187456.0,0.08367133885622025
7848124928.0,0.07939331978559494
7849062400.0,0.07449217885732651
7849999872.0,0.07066240161657333
7850937344.0,0.06551258265972137
7851874816.0,0.059659287333488464
7852812288.0,0.05338321998715401
7853749760.0,0.04672771319746971
7854687744.0,0.03835504129528999
7855625216.0,0.031713567674160004
7856562688.0,0.022727003321051598
7857500160.0,0.012854189611971378
7858437632.0,0.0027556109707802534
7859375104.0,-0.006786768790334463
7860312576.0,-0.018396811559796333
7861250048.0,-0.028991881757974625
7862187520.0,-0.039538223296403885
7863124992.0,-0.050518184900283813
7864062464.0,0.04653497040271759
7864999936.0,0.03798293694853783
7865937408.0,0.030311189591884613
7866874880.0,0.021026460453867912
7867812352.0,0.013419358059763908
7868749824.0,0.009033005684614182
7869687296.0,0.002251952886581421
7870624768.0,-0.0026343553327023983
7871562752.0,-0.007201185915619135
7872500224.0,-0.010788297280669212
7873437696.0,-0.01702139712870121
7874375168.0,-0.02404624968767166
7875312640.0,-0.03031652793288231
7876250112.0,-0.03729444742202759
7877187584.0,-0.043443743139505386
7878125056.0,-0.051565900444984436
7879062528.0,-0.059427645057439804
7880000000.0,-0.0688505470752716
7880937472.0,-0.07946832478046417
7881874944.0,-0.09118843823671341
7882812416.0,-0.10419322550296783
7883749888.0,-0.11910547316074371
7884687360.0,-0.13550633192062378
7885624832.0,-0.15233440697193146
7886562304.0,-0.17309187352657318
7887499776.0,-0.19334155321121216
7888437248.0,-0.2146414965391159
7889375232.0,-0.23867487907409668
7890312704.0,-0.26349249482154846
7891250176.0,-0.28815576434135437
7892187648.0,-0.31380701065063477
7893125120.0,-0.3390789330005646
7894062592.0,-0.3645591735839844
7895000064.0,-0.3886180818080902
7895937536.0,-0.412475049495697
7896875008.0,-0.43405818939208984
7897812480.0,-0.4558648467063904
7898749952.0,-0.47313499450683594
7899687424.0,-0.48763611912727356
7900624896.0,-0.5008348822593689
7901562368.0,-0.5108246803283691
7902499840.0,-0.5181761384010315
7903437312.0,-0.5228943824768066
7904374784.0,-0.5257139205932617
7905312256.0,-0.5232812166213989
7906250240.0,-0.5196561217308044
7907187712.0,-0.511367678642273
7908125184.0,-0.5016877055168152
7909062656.0,-0.48847758769989014
7910000128.0,-0.47368547320365906
7910937600.0,-0.4544648826122284
7911875072.0,-0.4338712692260742
7912812544.0,-0.4113253951072693
7913750016.0,-0.38531041145324707
7914687488.0,-0.3590935468673706
7915624960.0,-0.3309386968612671
7916562432.0,-0.30255812406539917
7917499904.0,-0.2731093764305115
7918437376.0,-0.2428600788116455
7919374848.0,-0.2124590128660202
7920312320.0,-0.1813417375087738
7921249792.0,-0.15076901018619537
7922187264.0,-0.12220556288957596
7923125248.0,-0.09287931770086288
7924062720.0,0.05320604890584946
7925000192.0,0.07436394691467285
7925937664.0,0.09386731684207916
7926875136.0,0.11042141914367676
7927812608.0,0.12488466501235962
7928750080.0,0.13663259148597717
7929687552.0,0.14622512459754944
7930625024.0,0.15448473393917084
7931562496.0,0.15947401523590088
7932499968.0,0.1622607707977295
7933437440.0,0.1625249981880188
7934374912.0,0.15995563566684723
7935312384.0,0.15490223467350006
7936249856.0,0.14893664419651031
7937187328.0,0.1417427957057953
7938124800.0,0.13033080101013184
7939062272.0,0.11904656141996384
7939999744.0,0.10529059916734695
7940937728.0,0.0901278555393219
7941875200.0,0.07340968400239944
7942812672.0,0.05676135793328285
7943750144.0,0.038511551916599274
7944687616.0,0.017967982217669487
7945625088.0,-0.004013551864773035
7946562560.0,-0.02451990358531475
7947500032.0,-0.046659767627716064
7948437504.0,-0.06866886466741562
7949374976.0,-0.09127672761678696
7950312448.0,-0.11143951863050461
7951249920.0,-0.13405874371528625
7952187392.0,-0.15474867820739746
7953124864.0,-0.17599104344844818
7954062336.0,-0.19762787222862244
7954999808.0,-0.2197171300649643
7955937280.0,-0.24153736233711243
7956874752.0,-0.26271501183509827
7957812736.0,-0.2847048342227936
7958750208.0,-0.3055741786956787
7959687680.0,-0.3265056014060974
7960625152.0,-0.3475101590156555
7961562624.0,-0.36827701330184937
7962500096.0,-0.38705816864967346
7963437568.0,-0.40551015734672546
7964375040.0,-0.4229870140552521
7965312512.0,-0.43912357091903687
7966249984.0,-0.4553491771221161
7967187456.0,-0.4697405993938446
7968124928.0,-0.4822651445865631
7969062400.0,-0.4949299097061157
7969999872.0,-0.5026604533195496
7970937344.0,-0.5128656625747681
7971874816.0,-0.5188685059547424
7972812288.0,-0.5229302048683167
7973749760.0,-0.5260184407234192
7974687744.0,-0.5253967046737671
7975625216.0,-0.5252431035041809
7976562688.0,-0.5207918286323547
7977500160.0,-0.5149683952331543
7978437632.0,-0.5076919794082642
7979375104.0,-0.4974727928638458
7980312576.0,-0.486293762922287
7981250048.0,-0.4714182913303375
7982187520.0,-0.45556512475013733
7983124992.0,-0.43678319454193115
7984062464.0,-0.4140791893005371
7984999936.0,-0.39919376373291016
7985937408.0,-0.38372889161109924
7986874880.0,-0.36767128109931946
7987812352.0,-0.3509713113307953
7988749824.0,-0.3323977291584015
7989687296.0,-0.31387361884117126
7990624768.0,-0.29341089725494385
7991562752.0,-0.2736915647983551
7992500224.0,-0.25325220823287964
7993437696.0,-0.23291319608688354
7994375168.0,-0.2123202681541443
7995312640.0,-0.19204863905906677
7996250112.0,-0.17169977724552155
7997187584.0,-0.15222519636154175
7998125056.0,-0.13257290422916412
7999062528.0,-0.1140550822019577
8000000000.0,-0.09418365359306335
