Frequency (Hz),Measurement
2000000000.0,0.1935899406671524
2000937472.0,0.18539200723171234
2001874944.0,0.17660701274871826
2002812544.0,0.16801781952381134
2003750016.0,0.15816232562065125
2004687488.0,0.1483590453863144
2005624960.0,0.13738663494586945
2006562560.0,0.12542212009429932
2007500032.0,0.11310803890228271
2008437504.0,0.1007680669426918
2009374976.0,0.08647474646568298
2010312448.0,0.07366682589054108
2011250048.0,0.05967050418257713
2012187520.0,0.045290328562259674
2013124992.0,0.031238894909620285
2014062464.0,0.016614165157079697
2015000064.0,0.0019726601894944906
2015937536.0,-0.010830748826265335
2016875008.0,-0.02458975836634636
2017812480.0,-0.037422895431518555
2018749952.0,-0.050558269023895264
2019687552.0,-0.06141331419348717
2020625024.0,-0.07265927642583847
2021562496.0,-0.08268975466489792
2022499968.0,-0.09078043699264526
2023437440.0,-0.09873256832361221
2024375040.0,-0.10405682027339935
2025312512.0,-0.10844944417476654
2026249984.0,-0.11081074923276901
2027187456.0,-0.11216089129447937
2028125056.0,-0.11189977824687958
2029062528.0,-0.11081413179636002
2030000000.0,-0.10785812884569168
2030937472.0,-0.10313214361667633
2031874944.0,-0.09693869203329086
2032812544.0,-0.08833472430706024
2033750016.0,-0.0801306739449501
2034687488.0,-0.06966334581375122
2035624960.0,-0.05864572152495384
2036562560.0,-0.04581253603100777
2037500032.0,-0.03362296149134636
2038437504.0,-0.02069549262523651
2039374976.0,-0.00644049933180213
2040312448.0,0.007673581130802631
2041250048.0,0.021848630160093307
2042187520.0,0.03546721860766411
2043124992.0,0.04905151203274727
2044062464.0,0.06246504187583923
2044999936.0,0.07543725520372391
2045937536.0,0.08795967698097229
2046875008.0,0.09896575659513474
2047812480.0,0.10931659489870071
2048749952.0,0.10675788670778275
2049687552.0,0.11601747572422028
2050625024.0,0.12336014211177826
2051562496.0,0.12871085107326508
2052499968.0,0.13222232460975647
2053437440.0,0.1351400762796402
2054375040.0,0.1349513977766037
2055312512.0,0.1329197883605957
2056249984.0,0.12876182794570923
2057187456.0,0.12289844453334808
2058125056.0,0.1136443242430687
2059062528.0,0.104468435049057
2060000000.0,0.09217097610235214
2060937472.0,0.07860381156206131
2061874944.0,0.06330904364585876
2062812544.0,0.04737798497080803
2063750016.0,0.031034376472234726
2064687488.0,0.013952309265732765
2065624960.0,-0.0036486999597400427
2066562560.0,-0.020370954647660255
2067500032.0,-0.038275111466646194
2068437504.0,-0.05430826544761658
2069374976.0,-0.07048299163579941
2070312448.0,-0.08479034900665283
2071250048.0,-0.09736288338899612
2072187520.0,-0.10865718871355057
2073124992.0,-0.11746612936258316
2074062464.0,-0.12437677383422852
2075000064.0,-0.13109463453292847
2075937536.0,-0.13381335139274597
2076875008.0,-0.13549454510211945
2077812480.0,-0.1350996047258377
2078749952.0,-0.13215607404708862
2079687552.0,-0.12711624801158905
2080625024.0,-0.12033747136592865
2081562496.0,-0.11256447434425354
2082499968.0,-0.10427200794219971
2083437440.0,-0.09279685467481613
2084375040.0,-0.0814099907875061
2085312512.0,-0.07025084644556046
2086249984.0,-0.05774623900651932
2087187456.0,-0.04629654809832573
2088125056.0,-0.03367527946829796
2089062528.0,-0.021498151123523712
2090000000.0,-0.00984131544828415
2090937472.0,0.0014876920031383634
2091874944.0,0.011537021026015282
2092812544.0,0.021747704595327377
2093750016.0,0.030761685222387314
2094687488.0,0.03882851079106331
2095624960.0,0.046236928552389145
2096562560.0,0.05228414759039879
2097500032.0,0.05859728157520294
2098437504.0,0.06321866810321808
2099374976.0,0.06854431331157684
2100312448.0,0.07247462868690491
2101250048.0,0.07728153467178345
2102187520.0,0.08069557696580887
2103124992.0,0.08559262007474899
2104062464.0,0.08976295590400696
2104999936.0,0.09442378580570221
2105937536.0,0.09885769337415695
2106875008.0,0.10304384678602219
2107812480.0,0.10832604765892029
2108749952.0,0.13871626555919647
2109687552.0,0.14542728662490845
2110625024.0,0.1499551385641098
2111562496.0,0.15447036921977997
2112499968.0,0.1590566337108612
2113437440.0,0.16030210256576538
2114375040.0,0.1616038978099823
2115312512.0,0.16236408054828644
2116249984.0,0.16122591495513916
2117187456.0,0.1593979299068451
2118125056.0,0.15589411556720734
2119062528.0,0.15226565301418304
2120000000.0,0.14546312391757965
2120937472.0,0.13980050384998322
2121874944.0,0.1302601546049118
2122812544.0,0.12090349197387695
2123750016.0,0.10996237397193909
2124687488.0,0.09940594434738159
2125624960.0,0.08607689291238785
2126562560.0,0.07460913807153702
2127500032.0,0.06000765785574913
2128437504.0,0.04711473360657692
2129374976.0,0.033029451966285706
2130312448.0,0.020367953926324844
2131250048.0,0.00692359684035182
2132187520.0,-0.005508828908205032
2133124992.0,-0.017158450558781624
2134062464.0,-0.027375483885407448
2135000064.0,-0.03773360699415207
2135937536.0,-0.04751214385032654
2136875008.0,-0.05513991415500641
2137812480.0,-0.06165028363466263
2138749952.0,-0.06778006255626678
2139687552.0,-0.07158563286066055
2140625024.0,-0.07383766025304794
2141562496.0,-0.0740574523806572
2142499968.0,-0.07419072091579437
2143437440.0,-0.07281670719385147
2144375040.0,-0.0697602704167366
2145312512.0,-0.06514717638492584
2146249984.0,-0.0595984011888504
2147187456.0,-0.05330950766801834
2148124928.0,-0.046242862939834595
2149062400.0,-0.03855597972869873
2150000128.0,-0.03002958744764328
2150937600.0,-0.020325247198343277
2151875072.0,-0.010081234388053417
2152812544.0,-0.0014640830922871828
2153750016.0,0.008421922102570534
2154687488.0,0.01748163439333439
2155624960.0,0.02675948478281498
2156562432.0,0.035676538944244385
2157499904.0,0.04447042942047119
2158437376.0,0.05162283405661583
2159375104.0,0.05820929631590843
2160312576.0,0.06401930749416351
2161250048.0,0.07053473591804504
2162187520.0,0.07447084039449692
2163124992.0,0.07826948165893555
2164062464.0,0.08246816694736481
2164999936.0,0.08493360877037048
2165937408.0,0.08723282068967819
2166874880.0,0.0890405923128128
2167812608.0,0.09070498496294022
2168750080.0,0.16261304914951324
2169687552.0,0.16396069526672363
2170625024.0,0.16363006830215454
2171562496.0,0.16143731772899628
2172499968.0,0.1580221801996231
2173437440.0,0.15204142034053802
2174374912.0,0.1455947756767273
2175312384.0,0.13706715404987335
2176250112.0,0.12733463943004608
2177187584.0,0.11734621971845627
2178125056.0,0.10579946637153625
2179062528.0,0.09450060874223709
2180000000.0,0.08110632747411728
2180937472.0,0.0677381306886673
2181874944.0,0.0545344240963459
2182812416.0,0.040481019765138626
2183749888.0,0.02638961747288704
2184687616.0,0.013263965956866741
2185625088.0,-0.00040431873640045524
2186562560.0,-0.014463295228779316
2187500032.0,-0.025329628959298134
2188437504.0,-0.03699474036693573
2189374976.0,-0.049833640456199646
2190312448.0,-0.06020422652363777
2191249920.0,-0.0703018307685852
2192187392.0,-0.07857076078653336
2193125120.0,-0.08563840389251709
2194062592.0,-0.09328291565179825
2195000064.0,-0.09987680613994598
2195937536.0,-0.10483135282993317
2196875008.0,-0.10891663283109665
2197812480.0,-0.11334414780139923
2198749952.0,-0.1145034208893776
2199687424.0,-0.11517956107854843
2200624896.0,-0.1164674386382103
2201562624.0,-0.11536425352096558
2202500096.0,-0.11610651761293411
2203437568.0,-0.11434425413608551
2204375040.0,-0.11244358122348785
2205312512.0,-0.10929252207279205
2206249984.0,-0.10639311373233795
2207187456.0,-0.10251831263303757
2208124928.0,-0.0990569069981575
2209062400.0,-0.09449061751365662
2209999872.0,-0.08844900876283646
2210937600.0,-0.08337786793708801
2211875072.0,-0.07534986734390259
2212812544.0,-0.06877833604812622
2213750016.0,-0.06221605837345123
2214687488.0,-0.054042283445596695
2215624960.0,-0.04634954035282135
2216562432.0,-0.038146477192640305
2217499904.0,-0.030919136479496956
2218437376.0,-0.021843692287802696
2219375104.0,-0.012961161322891712
2220312576.0,-0.004198169335722923
2221250048.0,0.004952477291226387
2222187520.0,0.01503532100468874
2223124992.0,0.02396276593208313
2224062464.0,0.03512471169233322
2224999936.0,0.04470982402563095
2225937408.0,0.05464756488800049
2226874880.0,0.06395905464887619
2227812608.0,0.07487054914236069
2228750080.0,0.08131968230009079
2229687552.0,0.09015049785375595
2230625024.0,0.09817709028720856
2231562496.0,0.10622332245111465
2232499968.0,0.11240864545106888
2233437440.0,0.1185719296336174
2234374912.0,0.12295457720756531
2235312384.0,0.12619009613990784
2236250112.0,0.1279807835817337
2237187584.0,0.12704570591449738
2238125056.0,0.12694434821605682
2239062528.0,0.12359433621168137
2240000000.0,0.11805353313684464
2240937472.0,0.11160890012979507
2241874944.0,0.10307963192462921
2242812416.0,0.09418128430843353
2243749888.0,0.0842377245426178
2244687616.0,0.07234591990709305
2245625088.0,0.05983324348926544
2246562560.0,0.047503869980573654
2247500032.0,0.03344249725341797
2248437504.0,0.01866901107132435
2249374976.0,0.0031780332792550325
2250312448.0,-0.013553713448345661
2251249920.0,-0.03116266056895256
2252187392.0,-0.04847332090139389
2253125120.0,-0.06757066398859024
2254062592.0,-0.08667987585067749
2255000064.0,-0.10525922477245331
2255937536.0,-0.12486161291599274
2256875008.0,-0.14455316960811615
2257812480.0,-0.16363517940044403
2258749952.0,-0.183099165558815
2259687424.0,-0.20223835110664368
2260624896.0,-0.22134047746658325
2261562624.0,-0.23901720345020294
2262500096.0,-0.2572867274284363
2263437568.0,-0.27391940355300903
2264375040.0,-0.28960520029067993
2265312512.0,-0.30443650484085083
2266249984.0,-0.3168005347251892
2267187456.0,-0.3291642963886261
2268124928.0,-0.33955463767051697
2269062400.0,-0.34950509667396545
2270000128.0,-0.3568750023841858
2270937600.0,-0.36186718940734863
2271875072.0,-0.36695489287376404
2272812544.0,-0.3689200282096863
2273750016.0,-0.3714217245578766
2274687488.0,-0.37123098969459534
2275624960.0,-0.369779109954834
2276562432.0,-0.3670928180217743
2277499904.0,-0.3623816967010498
2278437376.0,-0.35724684596061707
2279375104.0,-0.35003307461738586
2280312576.0,-0.34140413999557495
2281250048.0,-0.3327578008174896
2282187520.0,-0.3233897089958191
2283124992.0,-0.313268780708313
2284062464.0,-0.30170220136642456
2284999936.0,-0.2921004593372345
2285937408.0,-0.28164106607437134
2286874880.0,-0.2712690234184265
2287812608.0,-0.2621285617351532
2288750080.0,-0.27641966938972473
2289687552.0,-0.27869296073913574
2290625024.0,-0.2821091115474701
2291562496.0,-0.28477299213409424
2292499968.0,-0.2885325849056244
2293437440.0,-0.29173538088798523
2294374912.0,-0.296178936958313
2295312384.0,-0.3016416132450104
2296250112.0,-0.3089985251426697
2297187584.0,-0.31659558415412903
2298125056.0,-0.3258989453315735
2299062528.0,-0.33621376752853394
2300000000.0,-0.3481002449989319
2300937472.0,-0.3629647493362427
2301874944.0,-0.37781259417533875
2302812416.0,-0.3958997130393982
2303749888.0,-0.416292667388916
2304687616.0,-0.4384474456310272
2305625088.0,-0.46304526925086975
2306562560.0,-0.4910510182380676
2307500032.0,-0.5212212204933167
2308437504.0,-0.5540680885314941
2309374976.0,-0.5867680907249451
2310312448.0,-0.6131672263145447
2311249920.0,-0.640645444393158
2312187392.0,-0.670128583908081
2313125120.0,-0.7010999917984009
2314062592.0,-0.7330073714256287
2315000064.0,-0.7665389180183411
2315937536.0,-0.8004036545753479
2316875008.0,-0.8357188701629639
2317812480.0,-0.871667742729187
2318749952.0,-0.9074511528015137
2319687424.0,-0.9430635571479797
2320624896.0,-0.9773909449577332
2321562624.0,-1.0115138292312622
2322500096.0,-1.0432201623916626
2323437568.0,-1.0730009078979492
2324375040.0,-1.102400302886963
2325312512.0,-1.1300959587097168
2326249984.0,-1.1548645496368408
2327187456.0,-1.1778031587600708
2328124928.0,-1.1987379789352417
2329062400.0,-1.2163028717041016
2329999872.0,-1.2328253984451294
2330937600.0,-1.2468949556350708
2331875072.0,-1.2562875747680664
2332812544.0,-1.263507604598999
2333750016.0,-1.268864393234253
2334687488.0,-1.271622657775879
2335624960.0,-1.2722381353378296
2336562432.0,-1.2707750797271729
2337499904.0,-1.2664505243301392
2338437376.0,-1.260819911956787
2339375104.0,-1.2533496618270874
2340312576.0,-1.2443770170211792
2341250048.0,-1.233568549156189
2342187520.0,-1.22036874294281
2343124992.0,-1.2065927982330322
2344062464.0,-1.1932260990142822
2344999936.0,-1.1785370111465454
2345937408.0,-1.1639561653137207
2346874880.0,-1.148445725440979
2347812608.0,-1.134047508239746
2348750080.0,-1.1049602031707764
2349687552.0,-1.0954301357269287
2350625024.0,-1.084161639213562
2351562496.0,-1.0747106075286865
2352499968.0,-1.065004587173462
2353437440.0,-1.055680751800537
2354374912.0,-1.047200083732605
2355312384.0,-1.0396273136138916
2356250112.0,-1.0327675342559814
2357187584.0,-1.0265862941741943
2358125056.0,-1.0220365524291992
2359062528.0,-1.0174120664596558
2360000000.0,-1.014472484588623
2360937472.0,-1.0137217044830322
2361874944.0,-1.0137732028961182
2362812416.0,-1.0155519247055054
2363749888.0,-1.0187885761260986
2364687616.0,-1.023071527481079
2365625088.0,-1.029268503189087
2366562560.0,-1.036659836769104
2367500032.0,-1.044236660003662
2368437504.0,-1.0540298223495483
2369374976.0,-1.062782645225525
2370312448.0,-1.0712871551513672
2371249920.0,-1.0792487859725952
2372187392.0,-1.0876821279525757
2373125120.0,-1.095022439956665
2374062592.0,-1.0998204946517944
2375000064.0,-1.1030467748641968
2375937536.0,-1.104203462600708
2376875008.0,-1.1013519763946533
2377812480.0,-1.0966838598251343
2378749952.0,-1.0882328748703003
2379687424.0,-1.076966643333435
2380624896.0,-1.0628474950790405
2381562624.0,-1.0440688133239746
2382500096.0,-1.0228575468063354
2383437568.0,-0.9989539980888367
2384375040.0,-0.9721534252166748
2385312512.0,-0.9427830576896667
2386249984.0,-0.912058413028717
2387187456.0,-0.8790116310119629
2388124928.0,-0.8432518243789673
2389062400.0,-0.8079661130905151
2390000128.0,-0.7725399732589722
2390937600.0,-0.736447274684906
2391875072.0,-0.6997706890106201
2392812544.0,-0.6641890406608582
2393750016.0,-0.6286519765853882
2394687488.0,-0.5948361754417419
2395624960.0,-0.561723530292511
2396562432.0,-0.5287894606590271
2397499904.0,-0.49746254086494446
2398437376.0,-0.4672039747238159
2399375104.0,-0.4377060532569885
2400312576.0,-0.40912237763404846
2401250048.0,-0.3817470967769623
2402187520.0,-0.35421478748321533
2403124992.0,-0.3279927670955658
2404062464.0,-0.3026430606842041
2404999936.0,-0.27732452750205994
2405937408.0,-0.25321292877197266
2406874880.0,-0.23049652576446533
2407812608.0,-0.20625779032707214
2408750080.0,-0.13324101269245148
2409687552.0,-0.1109078973531723
2410625024.0,-0.0898149162530899
2411562496.0,-0.06986851990222931
2412499968.0,-0.052203770726919174
2413437440.0,-0.0361798033118248
2414374912.0,-0.023075049743056297
2415312384.0,-0.012100030668079853
2416250112.0,-0.0037950805854052305
2417187584.0,0.0017922719707712531
2418125056.0,0.003372594015672803
2419062528.0,0.002571954857558012
2420000000.0,-0.0023602365981787443
2420937472.0,-0.010263373143970966
2421874944.0,-0.021853026002645493
2422812416.0,-0.035663455724716187
2423749888.0,-0.05331108719110489
2424687616.0,-0.07467177510261536
2425625088.0,-0.09701984375715256
2426562560.0,-0.12181171029806137
2427500032.0,-0.14899183809757233
2428437504.0,-0.17684677243232727
2429374976.0,-0.20649950206279755
2430312448.0,-0.23728470504283905
2431249920.0,-0.2673608660697937
2432187392.0,-0.2971019446849823
2433125120.0,-0.3248567581176758
2434062592.0,-0.351931095123291
2435000064.0,-0.3771122992038727
2435937536.0,-0.39872652292251587
2436875008.0,-0.4194298982620239
2437812480.0,-0.4358043968677521
2438749952.0,-0.4498840570449829
2439687424.0,-0.4603680372238159
2440624896.0,-0.46796026825904846
2441562624.0,-0.46947139501571655
2442500096.0,-0.4702186584472656
2443437568.0,-0.4646048843860626
2444375040.0,-0.4567583501338959
2445312512.0,-0.44517621397972107
2446249984.0,-0.43034735321998596
2447187456.0,-0.4122304320335388
2448124928.0,-0.39222952723503113
2449062400.0,-0.3685254752635956
2449999872.0,-0.34283071756362915
2450937600.0,-0.31479403376579285
2451875072.0,-0.2848592698574066
2452812544.0,-0.2531565725803375
2453750016.0,-0.22194087505340576
2454687488.0,-0.18825390934944153
2455624960.0,-0.15577058494091034
2456562432.0,-0.12111516296863556
2457499904.0,-0.08824297040700912
2458437376.0,-0.05505439639091492
2459375104.0,-0.023527394980192184
2460312576.0,0.007878541946411133
2461250048.0,0.037854619324207306
2462187520.0,0.0674232691526413
2463124992.0,0.09613003581762314
2464062464.0,0.12336469441652298
2464999936.0,0.14869171380996704
2465937408.0,0.172671839594841
2466874880.0,0.19611279666423798
2467812608.0,0.21748404204845428
2468750080.0,0.13040415942668915
2469687552.0,0.14424626529216766
2470625024.0,0.16042554378509521
2471562496.0,0.17340779304504395
2472499968.0,0.1848747730255127
2473437440.0,0.1946348249912262
2474374912.0,0.20234176516532898
2475312384.0,0.20858952403068542
2476250112.0,0.21278342604637146
2477187584.0,0.2143932431936264
2478125056.0,0.2148015797138214
2479062528.0,0.21306724846363068
2480000000.0,0.20936989784240723
2480937472.0,0.20310062170028687
2481874944.0,0.1958443820476532
2482812416.0,0.1860916018486023
2483749888.0,0.17483195662498474
2484687616.0,0.1618495136499405
2485625088.0,0.14711634814739227
2486562560.0,0.1311713308095932
2487500032.0,0.11343090236186981
2488437504.0,0.0944504588842392
2489374976.0,0.07549141347408295
2490312448.0,0.05589159205555916
2491249920.0,0.03527341037988663
2492187392.0,0.013391480781137943
2493125120.0,-0.0075600226409733295
2494062592.0,-0.028330061584711075
2495000064.0,-0.04830202832818031
2495937536.0,-0.06818349659442902
2496875008.0,-0.08736027777194977
2497812480.0,-0.10527463257312775
2498749952.0,-0.12144972383975983
2499687424.0,-0.1375330239534378
2500624896.0,-0.15022625029087067
2501562624.0,-0.16254393756389618
2502500096.0,-0.17212848365306854
2503437568.0,-0.18022270500659943
2504375040.0,-0.18719106912612915
2505312512.0,-0.19175025820732117
2506249984.0,-0.19457009434700012
2507187456.0,-0.1956445872783661
2508124928.0,-0.19341982901096344
2509062400.0,-0.1893944889307022
2510000128.0,-0.18407520651817322
2510937600.0,-0.17697790265083313
2511875072.0,-0.16802673041820526
2512812544.0,-0.1570032685995102
2513750016.0,-0.1444910168647766
2514687488.0,-0.13029871881008148
2515624960.0,-0.11473885178565979
2516562432.0,-0.09805481135845184
2517499904.0,-0.08092435449361801
2518437376.0,-0.06267023831605911
2519375104.0,-0.04406076669692993
2520312576.0,-0.02485630102455616
2521250048.0,-0.005098532419651747
2522187520.0,0.013879010453820229
2523124992.0,0.033180758357048035
2524062464.0,0.05155576765537262
2524999936.0,0.07003913074731827
2525937408.0,0.08708588033914566
2526874880.0,0.10372272878885269
2527812608.0,0.11915964633226395
2528750080.0,0.1717168688774109
2529687552.0,0.17794005572795868
2530625024.0,0.18268705904483795
2531562496.0,0.18682008981704712
2532499968.0,0.19025646150112152
2533437440.0,0.1923787146806717
2534374912.0,0.19334779679775238
2535312384.0,0.19368304312229156
2536250112.0,0.19351963698863983
2537187584.0,0.1922982782125473
2538125056.0,0.18967077136039734
2539062528.0,0.18536514043807983
2540000000.0,0.18115103244781494
2540937472.0,0.17549411952495575
2541874944.0,0.16879503428936005
2542812416.0,0.16102157533168793
2543749888.0,0.1521744430065155
2544687616.0,0.14239121973514557
2545625088.0,0.13114546239376068
2546562560.0,0.11870643496513367
2547500032.0,0.10600734502077103
2548437504.0,0.09206463396549225
2549374976.0,0.07719197869300842
2550312448.0,0.06116974353790283
2551249920.0,0.04653046280145645
2552187392.0,0.030724788084626198
2553125120.0,0.01520699542015791
2554062592.0,-0.0029482298996299505
2555000064.0,-0.018936360254883766
2555937536.0,-0.03506377339363098
2556875008.0,-0.04964323341846466
2557812480.0,-0.06460929661989212
2558749952.0,-0.07880905270576477
2559687424.0,-0.09127961844205856
2560624896.0,-0.10203283280134201
2561562624.0,-0.11202093213796616
2562500096.0,-0.1197100579738617
2563437568.0,-0.1272849440574646
2564375040.0,-0.13228067755699158
2565312512.0,-0.13554096221923828
2566249984.0,-0.13651955127716064
2567187456.0,-0.13551607728004456
2568124928.0,-0.1335282176733017
2569062400.0,-0.12863227725028992
2569999872.0,-0.12224724143743515
2570937600.0,-0.11316931247711182
2571875072.0,-0.10322008281946182
2572812544.0,-0.0911894142627716
2573750016.0,-0.07722417265176773
2574687488.0,-0.06291227787733078
2575624960.0,-0.04591798782348633
2576562432.0,-0.027857312932610512
2577499904.0,-0.009976664558053017
2578437376.0,0.008932703174650669
2579375104.0,0.02877074107527733
2580312576.0,0.04969014227390289
2581250048.0,0.06974467635154724
2582187520.0,0.09074976295232773
2583124992.0,0.10992563515901566
2584062464.0,0.12825411558151245
2584999936.0,0.14664100110530853
2585937408.0,0.16304942965507507
2586874880.0,0.17827796936035156
2587812608.0,0.1930532604455948
2588750080.0,0.21646709740161896
2589687552.0,0.22432880103588104
2590625024.0,0.22974029183387756
2591562496.0,0.23290590941905975
2592499968.0,0.23394113779067993
2593437440.0,0.2317701280117035
2594374912.0,0.22775404155254364
2595312384.0,0.2225261628627777
2596250112.0,0.2148747444152832
2597187584.0,0.20544488728046417
2598125056.0,0.19351142644882202
2599062528.0,0.1809677928686142
2600000000.0,0.1666666716337204
2600937472.0,0.15156269073486328
2601874944.0,0.13433974981307983
2602812416.0,0.11780838668346405
2603749888.0,0.10002223402261734
2604687616.0,0.08270058780908585
2605625088.0,0.06557395309209824
2606562560.0,0.048791855573654175
2607500032.0,0.032449498772621155
2608437504.0,0.01638292893767357
2609374976.0,0.0014163907617330551
2610312448.0,-0.01315738819539547
2611249920.0,-0.026894118636846542
2612187392.0,-0.03813666105270386
2613125120.0,-0.049466438591480255
2614062592.0,-0.060895051807165146
2615000064.0,-0.06877579540014267
2615937536.0,-0.07552632689476013
2616875008.0,-0.08278338611125946
2617812480.0,-0.08797358721494675
2618749952.0,-0.09218957275152206
2619687424.0,-0.0941905677318573
2620624896.0,-0.09585931897163391
2621562624.0,-0.09780974686145782
2622500096.0,-0.09747632592916489
2623437568.0,-0.09683232009410858
2624375040.0,-0.096011221408844
2625312512.0,-0.09278515726327896
2626249984.0,-0.08993126451969147
2627187456.0,-0.0857846811413765
2628124928.0,-0.0805676057934761
2629062400.0,-0.07648512721061707
2630000128.0,-0.06942933052778244
2630937600.0,-0.0632399171590805
2631875072.0,-0.05664493516087532
2632812544.0,-0.048611413687467575
2633750016.0,-0.039774321019649506
2634687488.0,-0.030503414571285248
2635624960.0,-0.021225690841674805
2636562432.0,-0.010486547835171223
2637499904.0,0.0007428014650940895
2638437376.0,0.012653960846364498
2639375104.0,0.025247732177376747
2640312576.0,0.03918122500181198
2641250048.0,0.054682619869709015
2642187520.0,0.06977161020040512
2643124992.0,0.08456821739673615
2644062464.0,0.1014673113822937
2644999936.0,0.11748892068862915
2645937408.0,0.13504481315612793
2646874880.0,0.1508324146270752
2647812608.0,0.2277698814868927
2648750080.0,0.23819632828235626
2649687552.0,0.24818198382854462
2650625024.0,0.2560707628726959
2651562496.0,0.26129963994026184
2652499968.0,0.26411503553390503
2653437440.0,0.2645711302757263
2654374912.0,0.26240381598472595
2655312384.0,0.25706812739372253
2656250112.0,0.2497454583644867
2657187584.0,0.21194541454315186
2658125056.0,0.1949130743741989
2659062528.0,0.17451830208301544
2660000000.0,0.1522018015384674
2660937472.0,0.12754681706428528
2661874944.0,0.10145772248506546
2662812416.0,0.07379715889692307
2663749888.0,0.044941239058971405
2664687616.0,0.015906529501080513
2665625088.0,-0.014707911759614944
2666562560.0,-0.04417341947555542
2667500032.0,-0.07274580746889114
2668437504.0,-0.10078372061252594
2669374976.0,-0.12707628309726715
2670312448.0,-0.15093374252319336
2671249920.0,-0.17309561371803284
2672187392.0,-0.19291484355926514
2673125120.0,-0.21089570224285126
2674062592.0,-0.22347263991832733
2675000064.0,-0.23543420433998108
2675937536.0,-0.24396294355392456
2676875008.0,-0.2488744556903839
2677812480.0,-0.2512536346912384
2678749952.0,-0.2508554458618164
2679687424.0,-0.24708610773086548
2680624896.0,-0.24158039689064026
2681562624.0,-0.23341763019561768
2682500096.0,-0.22253842651844025
2683437568.0,-0.20952263474464417
2684375040.0,-0.1950436234474182
2685312512.0,-0.17796920239925385
2686249984.0,-0.16105282306671143
2687187456.0,-0.14207972586154938
2688124928.0,-0.12268968671560287
2689062400.0,-0.10323108732700348
2689999872.0,-0.0841045156121254
2690937600.0,-0.0626579225063324
2691875072.0,-0.042562611401081085
2692812544.0,-0.02257872000336647
2693750016.0,-0.0032270164228975773
2694687488.0,0.01542097982019186
2695624960.0,0.03429625183343887
2696562432.0,0.05293794348835945
2697499904.0,0.07087396085262299
2698437376.0,0.08866886049509048
2699375104.0,0.10664834082126617
2700312576.0,0.12297455966472626
2701250048.0,0.14016816020011902
2702187520.0,0.15560245513916016
2703124992.0,0.17165736854076385
2704062464.0,0.1876094788312912
2704999936.0,0.2021888941526413
2705937408.0,0.21651865541934967
2706874880.0,0.2288145124912262
2707812608.0,0.20205198228359222
2708750080.0,0.20790399610996246
2709687552.0,0.21381010115146637
2710625024.0,0.21675004065036774
2711562496.0,0.22060228884220123
2712499968.0,0.22175249457359314
2713437440.0,0.2219642847776413
2714374912.0,0.2203686386346817
2715312384.0,0.21693357825279236
2716250112.0,0.21291586756706238
2717187584.0,0.2075226604938507
2718125056.0,0.19989800453186035
2719062528.0,0.1910925656557083
2720000000.0,0.18141810595989227
2720937472.0,0.1697743833065033
2721874944.0,0.15661168098449707
2722812416.0,0.14331378042697906
2723749888.0,0.1279827356338501
2724687616.0,0.11259893327951431
2725625088.0,0.09564675390720367
2726562560.0,0.07814238220453262
2727500032.0,0.05972973257303238
2728437504.0,0.041361283510923386
2729374976.0,0.023236116394400597
2730312448.0,0.003491506678983569
2731249920.0,-0.014337675645947456
2732187392.0,-0.03249833732843399
2733125120.0,-0.0508386492729187
2734062592.0,-0.06978737562894821
2735000064.0,-0.08520205318927765
2735937536.0,-0.10221366584300995
2736875008.0,-0.11693199723958969
2737812480.0,-0.1298520714044571
2738749952.0,-0.14228877425193787
2739687424.0,-0.15343618392944336
2740624896.0,-0.16267916560173035
2741562624.0,-0.17007669806480408
2742500096.0,-0.1768687665462494
2743437568.0,-0.1808353215456009
2744375040.0,-0.18333561718463898
2745312512.0,-0.18397021293640137
2746249984.0,-0.18227845430374146
2747187456.0,-0.17982357740402222
2748124928.0,-0.1753823161125183
2749062400.0,-0.16856567561626434
2750000128.0,-0.16029484570026398
2750937600.0,-0.15055875480175018
2751875072.0,-0.13897208869457245
2752812544.0,-0.12632793188095093
2753750016.0,-0.11252401769161224
2754687488.0,-0.09707649052143097
2755624960.0,-0.07986108958721161
2756562432.0,-0.062082234770059586
2757499904.0,-0.04411616921424866
2758437376.0,-0.02544872835278511
2759375104.0,-0.007842661812901497
2760312576.0,0.01162889413535595
2761250048.0,0.030710924416780472
2762187520.0,0.05008759722113609
2763124992.0,0.06811664998531342
2764062464.0,0.08676396310329437
2764999936.0,0.10300131887197495
2765937408.0,0.11879468709230423
2766874880.0,0.13261190056800842
2767812608.0,0.19020333886146545
2768750080.0,0.19041652977466583
2769687552.0,0.1881016194820404
2770625024.0,0.18586407601833344
2771562496.0,0.18246065080165863
2772499968.0,0.17764510214328766
2773437440.0,0.17237232625484467
2774374912.0,0.16636544466018677
2775312384.0,0.1592041403055191
2776250112.0,0.15104719996452332
2777187584.0,0.14287933707237244
2778125056.0,0.13412682712078094
2779062528.0,0.12458197772502899
2780000000.0,0.1141585186123848
2780937472.0,0.10382596403360367
2781874944.0,0.09107572585344315
2782812416.0,0.08004070073366165
2783749888.0,0.06724745780229568
2784687616.0,0.054975077509880066
2785625088.0,0.042257506400346756
2786562560.0,0.030051250010728836
2787500032.0,0.016982780769467354
2788437504.0,0.0036133714020252228
2789374976.0,-0.008986431173980236
2790312448.0,-0.021384568884968758
2791249920.0,-0.03359554708003998
2792187392.0,-0.04518100991845131
2793125120.0,-0.05560737103223801
2794062592.0,-0.06551064550876617
2795000064.0,-0.07483494281768799
2795937536.0,-0.08354503661394119
2796875008.0,-0.09131766855716705
2797812480.0,-0.09715349972248077
2798749952.0,-0.10221941024065018
2799687424.0,-0.10638067871332169
2800624896.0,-0.10902813822031021
2801562624.0,-0.10964477062225342
2802500096.0,-0.1086605042219162
2803437568.0,-0.10672172158956528
2804375040.0,-0.10345819592475891
2805312512.0,-0.09893928468227386
2806249984.0,-0.09147697687149048
2807187456.0,-0.0845610648393631
2808124928.0,-0.07521481812000275
2809062400.0,-0.06336840242147446
2809999872.0,-0.051283519715070724
2810937600.0,-0.03880418464541435
2811875072.0,-0.022991977632045746
2812812544.0,-0.008155151270329952
2813750016.0,0.0074797943234443665
2814687488.0,0.024236254394054413
2815624960.0,0.04109376668930054
2816562432.0,0.05723317712545395
2817499904.0,0.07461348921060562
2818437376.0,0.09203224629163742
2819375104.0,0.10888764262199402
2820312576.0,0.12457018345594406
2821250048.0,0.14108075201511383
2822187520.0,0.15509046614170074
2823124992.0,0.16793493926525116
2824062464.0,0.18040500581264496
2824999936.0,0.19090740382671356
2825937408.0,0.1990075260400772
2826874880.0,0.20551195740699768
2827812608.0,0.22045829892158508
2828750080.0,0.2228480726480484
2829687552.0,0.22088408470153809
2830625024.0,0.21822814643383026
2831562496.0,0.21286658942699432
2832499968.0,0.20572228729724884
2833437440.0,0.19470979273319244
2834374912.0,0.18271183967590332
2835312384.0,0.16763393580913544
2836250112.0,0.1522422432899475
2837187584.0,0.13499468564987183
2838125056.0,0.11676978319883347
2839062528.0,0.09779506176710129
2840000000.0,0.07798679172992706
2840937472.0,0.05881814286112785
2841874944.0,0.03857888653874397
2842812416.0,0.018526267260313034
2843749888.0,0.0004059486382175237
2844687616.0,-0.017442895099520683
2845625088.0,-0.03471716120839119
2846562560.0,-0.05126785486936569
2847500032.0,-0.06593532115221024
2848437504.0,-0.07819727808237076
2849374976.0,-0.08897564560174942
2850312448.0,-0.09858392924070358
2851249920.0,-0.10559242963790894
2852187392.0,-0.11204710602760315
2853125120.0,-0.11538466811180115
2854062592.0,-0.11825308948755264
2855000064.0,-0.11926554888486862
2855937536.0,-0.11760834604501724
2856875008.0,-0.11479590833187103
2857812480.0,-0.11003873497247696
2858749952.0,-0.104108065366745
2859687424.0,-0.09759469330310822
2860624896.0,-0.08942349255084991
2861562624.0,-0.08088482171297073
2862500096.0,-0.07013510912656784
2863437568.0,-0.05973724275827408
2864375040.0,-0.0484200194478035
2865312512.0,-0.0367293506860733
2866249984.0,-0.024269167333841324
2867187456.0,-0.012161493301391602
2868124928.0,0.00131685147061944
2869062400.0,0.013801614753901958
2870000128.0,0.025783294811844826
2870937600.0,0.0396043136715889
2871875072.0,0.052996568381786346
2872812544.0,0.06564422696828842
2873750016.0,0.0776175856590271
2874687488.0,0.0894395038485527
2875624960.0,0.10219008475542068
2876562432.0,0.1142706349492073
2877499904.0,0.12537148594856262
2878437376.0,0.13640382885932922
2879375104.0,0.1464480757713318
2880312576.0,0.15702782571315765
2881250048.0,0.1657675802707672
2882187520.0,0.17242571711540222
2883124992.0,0.180593803524971
2884062464.0,0.18793387711048126
2884999936.0,0.1943655163049698
2885937408.0,0.1984967291355133
2886874880.0,0.20175330340862274
2887812608.0,0.20462116599082947
2888750080.0,0.2061683088541031
2889687552.0,0.20657657086849213
2890625024.0,0.20539605617523193
2891562496.0,0.20208050310611725
2892499968.0,0.19887322187423706
2893437440.0,0.19241584837436676
2894374912.0,0.18423087894916534
2895312384.0,0.17499464750289917
2896250112.0,0.16397017240524292
2897187584.0,0.15137609839439392
2898125056.0,0.13650986552238464
2899062528.0,0.12006956338882446
2900000000.0,0.10392662137746811
2900937472.0,0.08625893294811249
2901874944.0,0.06763661652803421
2902812416.0,0.049579840153455734
2903749888.0,0.029503826051950455
2904687616.0,0.011567890644073486
2905625088.0,-0.007863522507250309
2906562560.0,-0.02699272148311138
2907500032.0,-0.04491511359810829
2908437504.0,-0.061700623482465744
2909374976.0,-0.07954058796167374
2910312448.0,-0.09423518180847168
2911249920.0,-0.10764926671981812
2912187392.0,-0.11921350657939911
2913125120.0,-0.12904809415340424
2914062592.0,-0.13789376616477966
2915000064.0,-0.14312873780727386
2915937536.0,-0.14765796065330505
2916875008.0,-0.14860403537750244
2917812480.0,-0.14887812733650208
2918749952.0,-0.1468714475631714
2919687424.0,-0.14190594851970673
2920624896.0,-0.1356784552335739
2921562624.0,-0.12735626101493835
2922500096.0,-0.1159047931432724
2923437568.0,-0.10473153740167618
2924375040.0,-0.09158483147621155
2925312512.0,-0.0764199048280716
2926249984.0,-0.062245335429906845
2927187456.0,-0.045369576662778854
2928124928.0,-0.028535792604088783
2929062400.0,-0.010553366504609585
2929999872.0,0.007132070139050484
2930937600.0,0.025286845862865448
2931875072.0,0.04175843670964241
2932812544.0,0.05917941778898239
2933750016.0,0.07543814927339554
2934687488.0,0.09137170016765594
2935624960.0,0.10588490217924118
2936562432.0,0.11968643963336945
2937499904.0,0.13166360557079315
2938437376.0,0.1423862874507904
2939375104.0,0.1521146595478058
2940312576.0,0.16013504564762115
2941250048.0,0.1658349186182022
2942187520.0,0.17046180367469788
2943124992.0,0.17471858859062195
2944062464.0,0.17713236808776855
2944999936.0,0.1777094453573227
2945937408.0,0.17780855298042297
2946874880.0,0.17637322843074799
2947812608.0,0.1719909906387329
2948750080.0,0.16940157115459442
2949687552.0,0.1674806773662567
2950625024.0,0.1636437028646469
2951562496.0,0.1589907705783844
2952499968.0,0.15413819253444672
2953437440.0,0.148130863904953
2954374912.0,0.14170660078525543
2955312384.0,0.13417203724384308
2956250112.0,0.12663845717906952
2957187584.0,0.11831995099782944
2958125056.0,0.10840938985347748
2959062528.0,0.09793971478939056
2960000000.0,0.08852361142635345
2960937472.0,0.07706638425588608
2961874944.0,0.06660166382789612
2962812416.0,0.05482049658894539
2963749888.0,0.04449779912829399
2964687616.0,0.03224840387701988
2965625088.0,0.02025543339550495
2966562560.0,0.009065346792340279
2967500032.0,-0.002067769644781947
2968437504.0,-0.012803871184587479
2969374976.0,-0.023787593469023705
2970312448.0,-0.034156445413827896
2971249920.0,-0.043505191802978516
2972187392.0,-0.05311429873108864
2973125120.0,-0.062655009329319
2974062592.0,-0.0702752098441124
2975000064.0,-0.07610709965229034
2975937536.0,-0.0827990472316742
2976875008.0,-0.08769065141677856
2977812480.0,-0.0910416692495346
2978749952.0,-0.0943281352519989
2979687424.0,-0.09607161581516266
2980624896.0,-0.09649623930454254
2981562624.0,-0.0958358570933342
2982500096.0,-0.09516006708145142
2983437568.0,-0.09182848781347275
2984375040.0,-0.08876846730709076
2985312512.0,-0.08477190136909485
2986249984.0,-0.07934893667697906
2987187456.0,-0.0735010877251625
2988124928.0,-0.06614934653043747
2989062400.0,-0.05917930603027344
2990000128.0,-0.05139068141579628
2990937600.0,-0.04406571760773659
2991875072.0,-0.03495417907834053
2992812544.0,-0.026238800957798958
2993750016.0,-0.0176042802631855
2994687488.0,-0.008931539952754974
2995624960.0,-0.00013509223936125636
2996562432.0,0.008178353309631348
2997499904.0,0.014776960015296936
2998437376.0,0.021753501147031784
2999375104.0,0.027803519740700722
3000312576.0,0.03178727254271507
3001250048.0,0.03600204363465309
3002187520.0,0.0396031029522419
3003124992.0,0.04238477349281311
3004062464.0,0.043333493173122406
3004999936.0,0.04400750994682312
3005937408.0,0.04392867907881737
3006874880.0,0.042794495820999146
3007812608.0,0.03842833638191223
3008750080.0,0.034584254026412964
3009687552.0,0.030231649056077003
3010625024.0,0.024939974769949913
3011562496.0,0.021476438269019127
3012499968.0,0.016402022913098335
3013437440.0,0.01180687639862299
3014374912.0,0.006297750864177942
3015312384.0,0.001216259552165866
3016250112.0,-0.0035063859540969133
3017187584.0,-0.008658082224428654
3018125056.0,-0.013205030001699924
3019062528.0,-0.017842859029769897
3020000000.0,-0.02316630817949772
3020937472.0,-0.02846352942287922
3021874944.0,-0.033905573189258575
3022812416.0,-0.039262060075998306
3023749888.0,-0.04353858530521393
3024687616.0,-0.04711989313364029
3025625088.0,-0.05230522155761719
3026562560.0,-0.05639126896858215
3027500032.0,-0.060396116226911545
3028437504.0,-0.06510436534881592
3029374976.0,-0.06982443481683731
3030312448.0,-0.07277138531208038
3031249920.0,-0.0757908821105957
3032187392.0,-0.0798836499452591
3033125120.0,-0.08293265849351883
3034062592.0,-0.08538371324539185
3035000064.0,-0.08769366145133972
3035937536.0,-0.0901959091424942
3036875008.0,-0.09243962168693542
3037812480.0,-0.09371308237314224
3038749952.0,-0.09447405487298965
3039687424.0,-0.09533391892910004
3040624896.0,-0.09517813473939896
3041562624.0,-0.09425568580627441
3042500096.0,-0.09344594925642014
3043437568.0,-0.09133049845695496
3044375040.0,-0.08890130370855331
3045312512.0,-0.08608867228031158
3046249984.0,-0.08321912586688995
3047187456.0,-0.07919903844594955
3048124928.0,-0.07575862109661102
3049062400.0,-0.07064320892095566
3049999872.0,-0.06587289273738861
3050937600.0,-0.06060164421796799
3051875072.0,-0.05665193870663643
3052812544.0,-0.05041515454649925
3053750016.0,-0.04504114389419556
3054687488.0,-0.039546601474285126
3055624960.0,-0.033807333558797836
3056562432.0,-0.0286380834877491
3057499904.0,-0.022576715797185898
3058437376.0,-0.017568256705999374
3059375104.0,-0.012276959605515003
3060312576.0,-0.007365571800619364
3061250048.0,-0.0026108170859515667
3062187520.0,0.0006723558763042092
3063124992.0,0.003813122631981969
3064062464.0,0.006612377241253853
3064999936.0,0.007879127748310566
3065937408.0,0.008722239173948765
3066874880.0,0.009672394022345543
3067812608.0,0.022840920835733414
3068750080.0,0.016846468672156334
3069687552.0,0.01006136555224657
3070625024.0,0.002987316809594631
3071562496.0,-0.005427451804280281
3072499968.0,-0.014407013542950153
3073437440.0,-0.023828405886888504
3074374912.0,-0.0331142283976078
3075312384.0,-0.04185020551085472
3076250112.0,-0.052241191267967224
3077187584.0,-0.06092844158411026
3078125056.0,-0.06921029090881348
3079062528.0,-0.07858732342720032
3080000000.0,-0.08680617809295654
3080937472.0,-0.09373951703310013
3081874944.0,-0.10061440616846085
3082812416.0,-0.10619756579399109
3083749888.0,-0.11004015058279037
3084687616.0,-0.1126977726817131
3085625088.0,-0.1148822084069252
3086562560.0,-0.11552266776561737
3087500032.0,-0.11568228900432587
3088437504.0,-0.11354337632656097
3089374976.0,-0.1114865392446518
3090312448.0,-0.10770591348409653
3091249920.0,-0.1025068461894989
3092187392.0,-0.09713875502347946
3093125120.0,-0.09011205285787582
3094062592.0,-0.08296730369329453
3095000064.0,-0.07447678595781326
3095937536.0,-0.0653500035405159
3096875008.0,-0.05614195764064789
3097812480.0,-0.04669227451086044
3098749952.0,-0.03654203191399574
3099687424.0,-0.026946701109409332
3100624896.0,-0.016001103445887566
3101562624.0,-0.0056984000839293
3102500096.0,0.005029239691793919
3103437568.0,0.015140500850975513
3104375040.0,0.02419947274029255
3105312512.0,0.03377138823270798
3106249984.0,0.04232094809412956
3107187456.0,0.05062444508075714
3108124928.0,0.05875987559556961
3109062400.0,0.06682142615318298
3110000128.0,0.07356339693069458
3110937600.0,0.07999373227357864
3111875072.0,0.08515138179063797
3112812544.0,0.09038478881120682
3113750016.0,0.09496337175369263
3114687488.0,0.09929587692022324
3115624960.0,0.1038145050406456
3116562432.0,0.10684942454099655
3117499904.0,0.1103266254067421
3118437376.0,0.11269791424274445
3119375104.0,0.11481956392526627
3120312576.0,0.117064468562603
3121250048.0,0.1193222627043724
3122187520.0,0.12084423750638962
3123124992.0,0.12231661379337311
3124062464.0,0.1246166080236435
3124999936.0,0.12519028782844543
3125937408.0,0.12672793865203857
3126874880.0,0.12604737281799316
3127812608.0,0.14707089960575104
3128750080.0,0.14373177289962769
3129687552.0,0.14055600762367249
3130625024.0,0.13866764307022095
3131562496.0,0.13677753508090973
3132499968.0,0.1341923028230667
3133437440.0,0.13366132974624634
3134374912.0,0.13087721168994904
3135312384.0,0.13024988770484924
3136250112.0,0.12895987927913666
3137187584.0,0.12759380042552948
3138125056.0,0.12677767872810364
3139062528.0,0.12639549374580383
3140000000.0,0.12528766691684723
3140937472.0,0.12585124373435974
3141874944.0,0.12456977367401123
3142812416.0,0.12273197621107101
3143749888.0,0.1226520761847496
3144687616.0,0.1218743622303009
3145625088.0,0.1201542317867279
3146562560.0,0.11881619691848755
3147500032.0,0.11649677902460098
3148437504.0,0.11369922757148743
3149374976.0,0.11082527786493301
3150312448.0,0.10715628415346146
3151249920.0,0.10260166227817535
3152187392.0,0.0990978479385376
3153125120.0,0.09246943145990372
3154062592.0,0.08583463728427887
3155000064.0,0.0795540064573288
3155937536.0,0.07147828489542007
3156875008.0,0.06346826255321503
3157812480.0,0.054183170199394226
3158749952.0,0.04413822293281555
3159687424.0,0.03477415442466736
3160624896.0,0.024375418201088905
3161562624.0,0.013657105155289173
3162500096.0,0.0023145368322730064
3163437568.0,-0.009925485588610172
3164375040.0,-0.021076306700706482
3165312512.0,-0.03305556997656822
3166249984.0,-0.04596845805644989
3167187456.0,-0.057120222598314285
3168124928.0,-0.06795033067464828
3169062400.0,-0.07828473299741745
3169999872.0,-0.08911754190921783
3170937600.0,-0.09811042249202728
3171875072.0,-0.10664749890565872
3172812544.0,-0.11384652554988861
3173750016.0,-0.12022148817777634
3174687488.0,-0.12514634430408478
3175624960.0,-0.1289692223072052
3176562432.0,-0.13086681067943573
3177499904.0,-0.1316882222890854
3178437376.0,-0.13076338171958923
3179375104.0,-0.12927457690238953
3180312576.0,-0.1255473792552948
3181250048.0,-0.1208299770951271
3182187520.0,-0.1135517805814743
3183124992.0,-0.10656920075416565
3184062464.0,-0.09613823890686035
3184999936.0,-0.08409483730792999
3185937408.0,-0.07197754830121994
3186874880.0,-0.05908713489770889
3187812608.0,0.0695890262722969
3188750080.0,0.06795570999383926
3189687552.0,0.0674603134393692
3190625024.0,0.06746253371238708
3191562496.0,0.06859814375638962
3192499968.0,0.07037562876939774
3193437440.0,0.07290950417518616
3194374912.0,0.07603469491004944
3195312384.0,0.08034709841012955
3196250112.0,0.08550199866294861
3197187584.0,0.08971330523490906
3198125056.0,0.09506653249263763
3199062528.0,0.09972941130399704
3200000000.0,0.10440554469823837
3200937472.0,0.10825858265161514
3201874944.0,0.11252117902040482
3202812416.0,0.11563011258840561
3203749888.0,0.11776721477508545
3204687616.0,0.11921268701553345
3205625088.0,0.11940150707960129
3206562560.0,0.11765805631875992
3207500032.0,0.11555793136358261
3208437504.0,0.11244259029626846
3209374976.0,0.108907051384449
3210312448.0,0.10249997675418854
3211249920.0,0.09621226042509079
3212187392.0,0.08872146904468536
3213125120.0,0.07942518591880798
3214062592.0,0.06948079913854599
3215000064.0,0.058863475918769836
3215937536.0,0.04695969447493553
3216875008.0,0.03469303622841835
3217812480.0,0.022231750190258026
3218749952.0,0.008879752829670906
3219687424.0,-0.003863420570269227
3220624896.0,-0.01648302935063839
3221562624.0,-0.028299402445554733
3222500096.0,-0.0402304045855999
3223437568.0,-0.0517425574362278
3224375040.0,-0.06245306134223938
3225312512.0,-0.07207857817411423
3226249984.0,-0.08060897886753082
3227187456.0,-0.08736526966094971
3228124928.0,-0.09345369040966034
3229062400.0,-0.09815685451030731
3230000128.0,-0.10172969847917557
3230937600.0,-0.10372688621282578
3231875072.0,-0.1047469973564148
3232812544.0,-0.10530490428209305
3233750016.0,-0.10313716530799866
3234687488.0,-0.10033585131168365
3235624960.0,-0.09675373882055283
3236562432.0,-0.09337176382541656
3237499904.0,-0.08887361735105515
3238437376.0,-0.08375684171915054
3239375104.0,-0.0777614414691925
3240312576.0,-0.07234139740467072
3241250048.0,-0.06808814406394958
3242187520.0,-0.06335998326539993
3243124992.0,-0.05952059105038643
3244062464.0,-0.05614421144127846
3244999936.0,-0.05346759408712387
3245937408.0,-0.051543671637773514
3246874880.0,-0.05037832632660866
3247812608.0,-0.04387970268726349
3248750080.0,-0.04881926253437996
3249687552.0,-0.05183480307459831
3250625024.0,-0.05494341626763344
3251562496.0,-0.05835127830505371
3252499968.0,-0.061153389513492584
3253437440.0,-0.06327728182077408
3254374912.0,-0.06380713731050491
3255312384.0,-0.06426351517438889
3256250112.0,-0.06344199925661087
3257187584.0,-0.06038040295243263
3258125056.0,-0.0573822483420372
3259062528.0,-0.05255816504359245
3260000000.0,-0.046906519681215286
3260937472.0,-0.04004523530602455
3261874944.0,-0.0327216200530529
3262812416.0,-0.025147896260023117
3263749888.0,-0.01594780571758747
3264687616.0,-0.00743236904963851
3265625088.0,9.008159395307302e-06
3266562560.0,0.008333522826433182
3267500032.0,0.015931446105241776
3268437504.0,0.021691495552659035
3269374976.0,0.027401182800531387
3270312448.0,0.031138785183429718
3271249920.0,0.034049760550260544
3272187392.0,0.036301467567682266
3273125120.0,0.03757200017571449
3274062592.0,0.036997485905885696
3275000064.0,0.035899121314287186
3275937536.0,0.033641453832387924
3276875008.0,0.031639933586120605
3277812480.0,0.028877798467874527
3278749952.0,0.02704036980867386
3279687424.0,0.02437080629169941
3280624896.0,0.022604670375585556
3281562624.0,0.021845947951078415
3282500096.0,0.02151062898337841
3283437568.0,0.0218126829713583
3284375040.0,0.02299327217042446
3285312512.0,0.023213831707835197
3286249984.0,0.025738228112459183
3287187456.0,0.026462052017450333
3288124928.0,0.028364835307002068
3289062400.0,0.029907606542110443
3289999872.0,0.030448801815509796
3290937600.0,0.030625293031334877
3291875072.0,0.029017897322773933
3292812544.0,0.027152374386787415
3293750016.0,0.024036215618252754
3294687488.0,0.018782131373882294
3295624960.0,0.013564201071858406
3296562432.0,0.006546781398355961
3297499904.0,-0.0005281128687784076
3298437376.0,-0.008709984831511974
3299375104.0,-0.016684355214238167
3300312576.0,-0.025279317051172256
3301250048.0,-0.03358529880642891
3302187520.0,-0.041939735412597656
3303124992.0,-0.05122735723853111
3304062464.0,-0.060239557176828384
3304999936.0,-0.06866411119699478
3305937408.0,-0.07720950245857239
3306874880.0,-0.08506891131401062
3307812608.0,-0.053441982716321945
3308750080.0,-0.05104457587003708
3309687552.0,-0.04947151616215706
3310625024.0,-0.047406136989593506
3311562496.0,-0.04568349942564964
3312499968.0,-0.045221854001283646
3313437440.0,-0.04403693601489067
3314374912.0,-0.043865688145160675
3315312384.0,-0.04367750138044357
3316250112.0,-0.044403430074453354
3317187584.0,-0.04612252116203308
3318125056.0,-0.0481393001973629
3319062528.0,-0.05140930041670799
3320000000.0,-0.054557427763938904
3320937472.0,-0.05885929986834526
3321874944.0,-0.06475517898797989
3322812416.0,-0.07070425897836685
3323749888.0,-0.07735207676887512
3324687616.0,-0.08274252712726593
3325625088.0,-0.08983106911182404
3326562560.0,-0.09662383049726486
3327500032.0,-0.10215046256780624
3328437504.0,-0.1086072325706482
3329374976.0,-0.1148979514837265
3330312448.0,-0.12140796333551407
3331249920.0,-0.1252247840166092
3332187392.0,-0.13125035166740417
3333125120.0,-0.13521303236484528
3334062592.0,-0.13799627125263214
3335000064.0,-0.13954636454582214
3335937536.0,-0.14140760898590088
3336875008.0,-0.14172904193401337
3337812480.0,-0.1399722695350647
3338749952.0,-0.13690388202667236
3339687424.0,-0.13461506366729736
3340624896.0,-0.1292411983013153
3341562624.0,-0.12472598254680634
3342500096.0,-0.11782760918140411
3343437568.0,-0.11040525138378143
3344375040.0,-0.10183122754096985
3345312512.0,-0.09343314170837402
3346249984.0,-0.08382784575223923
3347187456.0,-0.07467469573020935
3348124928.0,-0.06542887538671494
3349062400.0,-0.05526842549443245
3350000128.0,-0.04572903737425804
3350937600.0,-0.0361429862678051
3351875072.0,-0.027319923043251038
3352812544.0,-0.018851397559046745
3353750016.0,-0.010645788162946701
3354687488.0,-0.003166602458804846
3355624960.0,0.004223486874252558
3356562432.0,0.009646091610193253
3357499904.0,0.015482212416827679
3358437376.0,0.020498335361480713
3359375104.0,0.02400476671755314
3360312576.0,0.027837807312607765
3361250048.0,0.030908167362213135
3362187520.0,0.03364000469446182
3363124992.0,0.03497340530157089
3364062464.0,0.037652306258678436
3364999936.0,0.039338089525699615
3365937408.0,0.04125376418232918
3366874880.0,0.043279752135276794
3367812608.0,0.05257910490036011
3368750080.0,0.060379382222890854
3369687552.0,0.06834890693426132
3370625024.0,0.07417602837085724
3371562496.0,0.08134139329195023
3372499968.0,0.08658316731452942
3373437440.0,0.08979379385709763
3374374912.0,0.09270621091127396
3375312384.0,0.09397213160991669
3376250112.0,0.09400024265050888
3377187584.0,0.09240520745515823
3378125056.0,0.09025634825229645
3379062528.0,0.08603274077177048
3380000000.0,0.0812232494354248
3380937472.0,0.07614681124687195
3381874944.0,0.06901649385690689
3382812416.0,0.06211115047335625
3383749888.0,0.05360887944698334
3384687616.0,0.04459069296717644
3385625088.0,0.03443899750709534
3386562560.0,0.024559449404478073
3387500032.0,0.01460599061101675
3388437504.0,0.004274535924196243
3389374976.0,-0.006174418143928051
3390312448.0,-0.015940120443701744
3391249920.0,-0.026023592799901962
3392187392.0,-0.035139575600624084
3393125120.0,-0.043247003108263016
3394062592.0,-0.05180671066045761
3395000064.0,-0.05830583721399307
3395937536.0,-0.06588159501552582
3396875008.0,-0.07166432589292526
3397812480.0,-0.07632387429475784
3398749952.0,-0.08054997771978378
3399687424.0,-0.08439439535140991
3400624896.0,-0.08684221655130386
3401562624.0,-0.08794841170310974
3402500096.0,-0.08886394649744034
3403437568.0,-0.08822928369045258
3404375040.0,-0.08702290058135986
3405312512.0,-0.08661743998527527
3406249984.0,-0.08428703248500824
3407187456.0,-0.08225934207439423
3408124928.0,-0.07913372665643692
3409062400.0,-0.07619884610176086
3409999872.0,-0.07217404991388321
3410937600.0,-0.06945866346359253
3411875072.0,-0.06607967615127563
3412812544.0,-0.06067901477217674
3413750016.0,-0.05786444991827011
3414687488.0,-0.05416036769747734
3415624960.0,-0.04945921525359154
3416562432.0,-0.0451582632958889
3417499904.0,-0.0404437780380249
3418437376.0,-0.036824747920036316
3419375104.0,-0.03240044414997101
3420312576.0,-0.02889922633767128
3421250048.0,-0.025303956121206284
3422187520.0,-0.020928364247083664
3423124992.0,-0.01715690828859806
3424062464.0,-0.014043199829757214
3424999936.0,-0.010570851154625416
3425937408.0,-0.006373700685799122
3426874880.0,-0.0023834705352783203
3427812608.0,0.0014978834660723805
3428750080.0,0.005172041244804859
3429687552.0,0.007559559773653746
3430625024.0,0.010576787404716015
3431562496.0,0.01406716275960207
3432499968.0,0.017286747694015503
3433437440.0,0.0210710521787405
3434374912.0,0.02725382149219513
3435312384.0,0.03277522325515747
3436250112.0,0.040193814784288406
3437187584.0,0.04783407971262932
3438125056.0,0.05714559555053711
3439062528.0,0.06764937192201614
3440000000.0,0.0792265236377716
3440937472.0,0.09144313633441925
3441874944.0,0.10431256890296936
3442812416.0,0.11897306889295578
3443749888.0,0.13270758092403412
3444687616.0,0.14631584286689758
3445625088.0,0.1606459766626358
3446562560.0,0.1738518327474594
3447500032.0,0.18718647956848145
3448437504.0,0.19830027222633362
3449374976.0,0.20738734304904938
3450312448.0,0.21654686331748962
3451249920.0,0.22365033626556396
3452187392.0,0.22819289565086365
3453125120.0,0.23097887635231018
3454062592.0,0.23162774741649628
3455000064.0,0.2275211215019226
3455937536.0,0.22318772971630096
3456875008.0,0.2146877646446228
3457812480.0,0.20474191009998322
3458749952.0,0.191350057721138
3459687424.0,0.1773320734500885
3460624896.0,0.16075249016284943
3461562624.0,0.1438421905040741
3462500096.0,0.12408129870891571
3463437568.0,0.10637881606817245
3464375040.0,0.08595819026231766
3465312512.0,0.0667145624756813
3466249984.0,0.04657236486673355
3467187456.0,0.027368173003196716
3468124928.0,0.009974673390388489
3469062400.0,-0.007613607216626406
3470000128.0,-0.02203003130853176
3470937600.0,-0.035032011568546295
3471875072.0,-0.04623612388968468
3472812544.0,-0.05534416809678078
3473750016.0,-0.06227448210120201
3474687488.0,-0.06804431974887848
3475624960.0,-0.07097102701663971
3476562432.0,-0.07248716801404953
3477499904.0,-0.07181356102228165
3478437376.0,-0.07102182507514954
3479375104.0,-0.06758313626050949
3480312576.0,-0.06514608860015869
3481250048.0,-0.06027495488524437
3482187520.0,-0.05538356676697731
3483124992.0,-0.04990019276738167
3484062464.0,-0.04409824684262276
3484999936.0,-0.03878249228000641
3485937408.0,-0.03326869010925293
3486874880.0,-0.027843287214636803
3487812608.0,-0.013823401182889938
3488750080.0,-0.01720617711544037
3489687552.0,-0.02043958194553852
3490625024.0,-0.024572910740971565
3491562496.0,-0.030598176643252373
3492499968.0,-0.03588027507066727
3493437440.0,-0.04130494222044945
3494374912.0,-0.04687931388616562
3495312384.0,-0.05209052935242653
3496250112.0,-0.058040983974933624
3497187584.0,-0.0634407252073288
3498125056.0,-0.06504341214895248
3499062528.0,-0.06769510358572006
3500000000.0,-0.06964656710624695
3500937472.0,-0.07039192318916321
3501874944.0,-0.06807083636522293
3502812416.0,-0.06582420319318771
3503749888.0,-0.06164754182100296
3504687616.0,-0.05821359530091286
3505625088.0,-0.052733730524778366
3506562560.0,-0.046103883534669876
3507500032.0,-0.03855142369866371
3508437504.0,-0.0312124565243721
3509374976.0,-0.022786622866988182
3510312448.0,-0.013387603685259819
3511249920.0,-0.0045070587657392025
3512187392.0,0.005078451242297888
3513125120.0,0.01420321874320507
3514062592.0,0.022993776947259903
3515000064.0,0.03133518621325493
3515937536.0,0.03941575437784195
3516875008.0,0.046658437699079514
3517812480.0,0.053179819136857986
3518749952.0,0.05869552865624428
3519687424.0,0.06348331272602081
3520624896.0,0.06670675426721573
3521562624.0,0.06990882754325867
3522500096.0,0.07050178945064545
3523437568.0,0.07069694250822067
3524375040.0,0.06975552439689636
3525312512.0,0.06838757544755936
3526249984.0,0.06551948189735413
3527187456.0,0.061392221599817276
3528124928.0,0.0563960000872612
3529062400.0,0.051102861762046814
3529999872.0,0.04627940058708191
3530937600.0,0.0403444766998291
3531875072.0,0.033967405557632446
3532812544.0,0.027826540172100067
3533750016.0,0.022823672741651535
3534687488.0,0.01805812306702137
3535624960.0,0.013929944485425949
3536562432.0,0.010655807331204414
3537499904.0,0.0068881213665008545
3538437376.0,0.004040916450321674
3539375104.0,0.00280342111364007
3540312576.0,0.0023914927151054144
3541250048.0,0.004164845682680607
3542187520.0,0.005370963364839554
3543124992.0,0.008584285154938698
3544062464.0,0.011816841550171375
3544999936.0,0.01631510630249977
3545937408.0,0.019925007596611977
3546874880.0,0.02473490871489048
3547812608.0,0.026864169165492058
3548750080.0,0.02524719201028347
3549687552.0,0.02267543599009514
3550625024.0,0.01973067969083786
3551562496.0,0.018670106306672096
3552499968.0,0.015070846304297447
3553437440.0,0.011670400388538837
3554374912.0,0.00919665303081274
3555312384.0,0.006315796636044979
3556250112.0,0.0032841311767697334
3557187584.0,-0.0004497378249652684
3558125056.0,-0.0043414561077952385
3559062528.0,-0.007611725479364395
3560000000.0,-0.010907033458352089
3560937472.0,-0.014015874825417995
3561874944.0,-0.016315201297402382
3562812416.0,-0.019674571231007576
3563749888.0,-0.022839460521936417
3564687616.0,-0.025317220017313957
3565625088.0,-0.02760506235063076
3566562560.0,-0.02949880249798298
3567500032.0,-0.0298771895468235
3568437504.0,-0.03167591989040375
3569374976.0,-0.0331231914460659
3570312448.0,-0.03336767852306366
3571249920.0,-0.03351830691099167
3572187392.0,-0.03382081910967827
3573125120.0,-0.03126798942685127
3574062592.0,-0.02980992943048477
3575000064.0,-0.028477054089307785
3575937536.0,-0.026931555941700935
3576875008.0,-0.02519470453262329
3577812480.0,-0.023154241964221
3578749952.0,-0.021759340539574623
3579687424.0,-0.019136495888233185
3580624896.0,-0.01694965921342373
3581562624.0,-0.014358030632138252
3582500096.0,-0.011796158738434315
3583437568.0,-0.009633704088628292
3584375040.0,-0.009448947384953499
3585312512.0,-0.00878169946372509
3586249984.0,-0.00850136298686266
3587187456.0,-0.007336774840950966
3588124928.0,-0.007368498016148806
3589062400.0,-0.008197826333343983
3590000128.0,-0.007835843600332737
3590937600.0,-0.00815451517701149
3591875072.0,-0.007771981414407492
3592812544.0,-0.008006359450519085
3593750016.0,-0.007531361188739538
3594687488.0,-0.007588565815240145
3595624960.0,-0.00700142839923501
3596562432.0,-0.005995600484311581
3597499904.0,-0.004077545367181301
3598437376.0,-0.002721446566283703
3599375104.0,-0.0005280482000671327
3600312576.0,0.0025993736926466227
3601250048.0,0.005957957357168198
3602187520.0,0.01023002341389656
3603124992.0,0.014832668006420135
3604062464.0,0.01893714815378189
3604999936.0,0.023793146014213562
3605937408.0,0.029830705374479294
3606874880.0,0.035972483456134796
3607812608.0,0.05880944803357124
3608750080.0,0.06884247809648514
3609687552.0,0.07862477004528046
3610625024.0,0.08633622527122498
3611562496.0,0.09360946714878082
3612499968.0,0.10094074159860611
3613437440.0,0.10748738050460815
3614374912.0,0.1127530112862587
3615312384.0,0.11710274964570999
3616250112.0,0.12145161628723145
3617187584.0,0.12423726916313171
3618125056.0,0.12482650578022003
3619062528.0,0.12571170926094055
3620000000.0,0.12526005506515503
3620937472.0,0.12368674576282501
3621874944.0,0.12201497703790665
3622812416.0,0.11817388236522675
3623749888.0,0.11342914402484894
3624687616.0,0.10827300697565079
3625625088.0,0.10232917964458466
3626562560.0,0.09610527008771896
3627500032.0,0.08925605565309525
3628437504.0,0.08182062208652496
3629374976.0,0.07470372319221497
3630312448.0,0.06515824049711227
3631249920.0,0.05617254972457886
3632187392.0,0.04749533161520958
3633125120.0,0.037459585815668106
3634062592.0,0.027775440365076065
3635000064.0,0.018985772505402565
3635937536.0,0.007992099039256573
3636875008.0,-0.0019312906078994274
3637812480.0,-0.010862049646675587
3638749952.0,-0.0211892519146204
3639687424.0,-0.030144693329930305
3640624896.0,-0.039519309997558594
3641562624.0,-0.04774264618754387
3642500096.0,-0.055346179753541946
3643437568.0,-0.062103331089019775
3644375040.0,-0.06786322593688965
3645312512.0,-0.07512347400188446
3646249984.0,-0.08090770989656448
3647187456.0,-0.08630409836769104
3648124928.0,-0.0916966050863266
3649062400.0,-0.09585513919591904
3649999872.0,-0.09795800596475601
3650937600.0,-0.10157277435064316
3651875072.0,-0.10462718456983566
3652812544.0,-0.10680703818798065
3653750016.0,-0.10887851566076279
3654687488.0,-0.10922826081514359
3655624960.0,-0.10964188724756241
3656562432.0,-0.10975518077611923
3657499904.0,-0.1079970970749855
3658437376.0,-0.10771645605564117
3659375104.0,-0.10585019737482071
3660312576.0,-0.10300301760435104
3661250048.0,-0.09955667704343796
3662187520.0,-0.09667651355266571
3663124992.0,-0.09319941699504852
3664062464.0,-0.08923731744289398
3664999936.0,-0.08546645939350128
3665937408.0,-0.08136641979217529
3666874880.0,-0.0758933499455452
3667812608.0,-0.058519262820482254
3668750080.0,-0.058210644870996475
3669687552.0,-0.057388629764318466
3670625024.0,-0.05512833222746849
3671562496.0,-0.05256892740726471
3672499968.0,-0.04969807341694832
3673437440.0,-0.046029653400182724
3674374912.0,-0.04108425974845886
3675312384.0,-0.03586050495505333
3676250112.0,-0.030712293460965157
3677187584.0,-0.023244302719831467
3678125056.0,-0.016691675409674644
3679062528.0,-0.008710023015737534
3680000000.0,-0.001117147272452712
3680937472.0,0.008111894130706787
3681874944.0,0.01671908050775528
3682812416.0,0.026043018326163292
3683749888.0,0.03529403358697891
3684687616.0,0.04435249790549278
3685625088.0,0.052578262984752655
3686562560.0,0.06083710119128227
3687500032.0,0.06941670179367065
3688437504.0,0.07653895765542984
3689374976.0,0.08390361815690994
3690312448.0,0.08964461833238602
3691249920.0,0.09423291683197021
3692187392.0,0.09844912588596344
3693125120.0,0.10266245901584625
3694062592.0,0.10515305399894714
3695000064.0,0.10699551552534103
3695937536.0,0.10782710462808609
3696875008.0,0.10826671868562698
3697812480.0,0.10780541598796844
3698749952.0,0.10510263592004776
3699687424.0,0.10280013829469681
3700624896.0,0.09797926992177963
3701562624.0,0.0940091460943222
3702500096.0,0.08836915343999863
3703437568.0,0.0820917934179306
3704375040.0,0.07496805489063263
3705312512.0,0.06833383440971375
3706249984.0,0.06042950600385666
3707187456.0,0.05182403326034546
3708124928.0,0.04403883218765259
3709062400.0,0.03531213849782944
3710000128.0,0.02687200717628002
3710937600.0,0.01772191748023033
3711875072.0,0.010109342634677887
3712812544.0,0.0020907865837216377
3713750016.0,-0.004773834254592657
3714687488.0,-0.010398125275969505
3715624960.0,-0.016090089455246925
3716562432.0,-0.020613528788089752
3717499904.0,-0.02502618543803692
3718437376.0,-0.02856561169028282
3719375104.0,-0.03033905103802681
3720312576.0,-0.03144358843564987
3721250048.0,-0.03171487897634506
3722187520.0,-0.03239905461668968
3723124992.0,-0.03135328367352486
3724062464.0,-0.029058318585157394
3724999936.0,-0.028154006227850914
3725937408.0,-0.026174208149313927
3726874880.0,-0.023952143266797066
3727812608.0,-0.026350490748882294
3728750080.0,-0.025880232453346252
3729687552.0,-0.026363682001829147
3730625024.0,-0.024654077365994453
3731562496.0,-0.023347720503807068
3732499968.0,-0.021959399804472923
3733437440.0,-0.022085539996623993
3734374912.0,-0.021779490634799004
3735312384.0,-0.02230737917125225
3736250112.0,-0.023619860410690308
3737187584.0,-0.02432616613805294
3738125056.0,-0.02735282853245735
3739062528.0,-0.031194565817713737
3740000000.0,-0.033807601779699326
3740937472.0,-0.03802761062979698
3741874944.0,-0.0418890155851841
3742812416.0,-0.04709901660680771
3743749888.0,-0.051704589277505875
3744687616.0,-0.05674469843506813
3745625088.0,-0.0620865523815155
3746562560.0,-0.06766332685947418
3747500032.0,-0.07309561222791672
3748437504.0,-0.0788365826010704
3749374976.0,-0.08480695635080338
3750312448.0,-0.09058241546154022
3751249920.0,-0.09647558629512787
3752187392.0,-0.10225967317819595
3753125120.0,-0.10778982192277908
3754062592.0,-0.11148868501186371
3755000064.0,-0.11433571577072144
3755937536.0,-0.11736515164375305
3756875008.0,-0.11858941614627838
3757812480.0,-0.11928655952215195
3758749952.0,-0.1188841313123703
3759687424.0,-0.11614114046096802
3760624896.0,-0.11321967840194702
3761562624.0,-0.10821162164211273
3762500096.0,-0.10174080729484558
3763437568.0,-0.09365220367908478
3764375040.0,-0.0853939801454544
3765312512.0,-0.07566163688898087
3766249984.0,-0.06518080830574036
3767187456.0,-0.05494920536875725
3768124928.0,-0.042539309710264206
3769062400.0,-0.03200490400195122
3769999872.0,-0.020548824220895767
3770937600.0,-0.009075243957340717
3771875072.0,0.0023055088240653276
3772812544.0,0.012578302063047886
3773750016.0,0.02275337092578411
3774687488.0,0.03076362796127796
3775624960.0,0.038244109600782394
3776562432.0,0.044864632189273834
3777499904.0,0.048925675451755524
3778437376.0,0.052721887826919556
3779375104.0,0.05401511862874031
3780312576.0,0.05478590354323387
3781250048.0,0.0522296205163002
3782187520.0,0.048344679176807404
3783124992.0,0.044224467128515244
3784062464.0,0.03826095163822174
3784999936.0,0.02985413558781147
3785937408.0,0.021814165636897087
3786874880.0,0.023677261546254158
3787812608.0,0.015626531094312668
3788750080.0,0.006243747193366289
3789687552.0,-0.0040838755667209625
3790625024.0,-0.014911503531038761
3791562496.0,-0.027763541787862778
3792499968.0,-0.039309073239564896
3793437440.0,-0.05075251683592796
3794374912.0,-0.06233908236026764
3795312384.0,-0.07365503907203674
3796250112.0,-0.08479645848274231
3797187584.0,-0.09457134455442429
3798125056.0,-0.10435312986373901
3799062528.0,-0.11347626894712448
3800000000.0,-0.12252452224493027
3800937472.0,-0.12983286380767822
3801874944.0,-0.13497498631477356
3802812416.0,-0.1408858448266983
3803749888.0,-0.14372296631336212
3804687616.0,-0.14537595212459564
3805625088.0,-0.1457076221704483
3806562560.0,-0.14533568918704987
3807500032.0,-0.14340047538280487
3808437504.0,-0.1405663639307022
3809374976.0,-0.13570064306259155
3810312448.0,-0.13055889308452606
3811249920.0,-0.12294211238622665
3812187392.0,-0.11553428322076797
3813125120.0,-0.10686858743429184
3814062592.0,-0.09777308255434036
3815000064.0,-0.08928690105676651
3815937536.0,-0.07929134368896484
3816875008.0,-0.06874092668294907
3817812480.0,-0.05971311405301094
3818749952.0,-0.04894757270812988
3819687424.0,-0.040316637605428696
3820624896.0,-0.03128204494714737
3821562624.0,-0.02199435606598854
3822500096.0,-0.01596624031662941
3823437568.0,-0.008100434206426144
3824375040.0,-0.0008117073448374867
3825312512.0,0.003457143669947982
3826249984.0,0.007481852080672979
3827187456.0,0.00983438640832901
3828124928.0,0.012101007625460625
3829062400.0,0.012716864235699177
3830000128.0,0.012384358793497086
3830937600.0,0.012278393842279911
3831875072.0,0.01036882121115923
3832812544.0,0.007435263134539127
3833750016.0,0.004788356367498636
3834687488.0,0.002077483106404543
3835624960.0,-0.0013850708492100239
3836562432.0,-0.005415583495050669
3837499904.0,-0.00951409712433815
3838437376.0,-0.013647138141095638
3839375104.0,-0.018323708325624466
3840312576.0,-0.022250549867749214
3841250048.0,-0.025678500533103943
3842187520.0,-0.029642660170793533
3843124992.0,-0.03295625001192093
3844062464.0,-0.03618006408214569
3844999936.0,-0.03836360573768616
3845937408.0,-0.03981142118573189
3846874880.0,-0.031156810000538826
3847812608.0,-0.02719399891793728
3848750080.0,-0.023396966978907585
3849687552.0,-0.0203551035374403
3850625024.0,-0.017858484759926796
3851562496.0,-0.01455911248922348
3852499968.0,-0.012834849767386913
3853437440.0,-0.010747242718935013
3854374912.0,-0.010524964891374111
3855312384.0,-0.008922717534005642
3856250112.0,-0.008431188762187958
3857187584.0,-0.0075807166285812855
3858125056.0,-0.00876416452229023
3859062528.0,-0.010532933287322521
3860000000.0,-0.011795193888247013
3860937472.0,-0.013418812304735184
3861874944.0,-0.016185404732823372
3862812416.0,-0.018479397520422935
3863749888.0,-0.02120361104607582
3864687616.0,-0.02364242821931839
3865625088.0,-0.026858055964112282
3866562560.0,-0.029618550091981888
3867500032.0,-0.03286656737327576
3868437504.0,-0.03488687798380852
3869374976.0,-0.03859715536236763
3870312448.0,-0.0405767597258091
3871249920.0,-0.04183998703956604
3872187392.0,-0.04368171468377113
3873125120.0,-0.04502309858798981
3874062592.0,-0.04611684009432793
3875000064.0,-0.04787452518939972
3875937536.0,-0.05091503635048866
3876875008.0,-0.05306851118803024
3877812480.0,-0.05474994331598282
3878749952.0,-0.05736049264669418
3879687424.0,-0.05788862332701683
3880624896.0,-0.059142522513866425
3881562624.0,-0.06029272451996803
3882500096.0,-0.060538820922374725
3883437568.0,-0.059986550360918045
3884375040.0,-0.0603325217962265
3885312512.0,-0.05992268770933151
3886249984.0,-0.059421390295028687
3887187456.0,-0.058578383177518845
3888124928.0,-0.05838264152407646
3889062400.0,-0.0579661950469017
3889999872.0,-0.058330945670604706
3890937600.0,-0.058216020464897156
3891875072.0,-0.05783796310424805
3892812544.0,-0.05882585421204567
3893750016.0,-0.059919022023677826
3894687488.0,-0.06141029670834541
3895624960.0,-0.0630754828453064
3896562432.0,-0.064359150826931
3897499904.0,-0.0677587017416954
3898437376.0,-0.07050563395023346
3899375104.0,-0.07357034087181091
3900312576.0,-0.07760538160800934
3901250048.0,-0.08200863003730774
3902187520.0,-0.08581295609474182
3903124992.0,-0.09001827239990234
3904062464.0,-0.09502840042114258
3904999936.0,-0.09844379872083664
3905937408.0,-0.10251954197883606
3906874880.0,-0.12046170234680176
3907812608.0,-0.12720662355422974
3908750080.0,-0.13273708522319794
3909687552.0,-0.13665398955345154
3910625024.0,-0.1387965977191925
3911562496.0,-0.13912175595760345
3912499968.0,-0.13660044968128204
3913437440.0,-0.13260047137737274
3914374912.0,-0.1255989819765091
3915312384.0,-0.1172415018081665
3916250112.0,-0.10770991444587708
3917187584.0,-0.0957878977060318
3918125056.0,-0.08301138132810593
3919062528.0,-0.06894826889038086
3920000000.0,-0.05403025075793266
3920937472.0,-0.03824431449174881
3921874944.0,-0.021718233823776245
3922812416.0,-0.004945004358887672
3923749888.0,0.009827966801822186
3924687616.0,0.026261696591973305
3925625088.0,0.04000332951545715
3926562560.0,0.05364122614264488
3927500032.0,0.06579206883907318
3928437504.0,0.07670123875141144
3929374976.0,0.08565094321966171
3930312448.0,0.09255059063434601
3931249920.0,0.09776881337165833
3932187392.0,0.10149770230054855
3933125120.0,0.10226144641637802
3934062592.0,0.10076167434453964
3935000064.0,0.09788568317890167
3935937536.0,0.0931505560874939
3936875008.0,0.0874844565987587
3937812480.0,0.08108945190906525
3938749952.0,0.07296403497457504
3939687424.0,0.06444783508777618
3940624896.0,0.055409859865903854
3941562624.0,0.047146689146757126
3942500096.0,0.03755044937133789
3943437568.0,0.02894250676035881
3944375040.0,0.02015375718474388
3945312512.0,0.012982123531401157
3946249984.0,0.004517564550042152
3947187456.0,-0.0015011660289019346
3948124928.0,-0.007235185708850622
3949062400.0,-0.0128096304833889
3950000128.0,-0.01642066426575184
3950937600.0,-0.020181458443403244
3951875072.0,-0.022263258695602417
3952812544.0,-0.024268411099910736
3953750016.0,-0.026619963347911835
3954687488.0,-0.027392104268074036
3955624960.0,-0.029584219679236412
3956562432.0,-0.031440675258636475
3957499904.0,-0.031788650900125504
3958437376.0,-0.03360598534345627
3959375104.0,-0.03417599946260452
3960312576.0,-0.03470779210329056
3961250048.0,-0.03636517375707626
3962187520.0,-0.03859167918562889
3963124992.0,-0.04237647354602814
3964062464.0,-0.04637325182557106
3964999936.0,-0.051674213260412216
3965937408.0,-0.05756279081106186
3966874880.0,-0.07093427330255508
3967812608.0,-0.08474266529083252
3968750080.0,-0.09822520613670349
3969687552.0,-0.11255645751953125
3970625024.0,-0.12517443299293518
3971562496.0,-0.1376088261604309
3972499968.0,-0.1508791595697403
3973437440.0,-0.16201451420783997
3974374912.0,-0.1727922260761261
3975312384.0,-0.18082045018672943
3976250112.0,-0.18825434148311615
3977187584.0,-0.19420872628688812
3978125056.0,-0.19725804030895233
3979062528.0,-0.1998792588710785
3980000000.0,-0.19931235909461975
3980937472.0,-0.19680292904376984
3981874944.0,-0.19350141286849976
3982812416.0,-0.1886485517024994
3983749888.0,-0.18270085752010345
3984687616.0,-0.17546971142292023
3985625088.0,-0.16571739315986633
3986562560.0,-0.15622858703136444
3987500032.0,-0.14602917432785034
3988437504.0,-0.13462644815444946
3989374976.0,-0.12249357253313065
3990312448.0,-0.11037995666265488
3991249920.0,-0.09906242042779922
3992187392.0,-0.08831363171339035
3993125120.0,-0.07624241709709167
3994062592.0,-0.0657743364572525
3995000064.0,-0.055826108902692795
3995937536.0,-0.047590602189302444
3996875008.0,-0.03922838345170021
3997812480.0,-0.03265141323208809
3998749952.0,-0.02716582827270031
3999687424.0,-0.020517563447356224
4000624896.0,-0.026898019015789032
4001562624.0,-0.02587008848786354
4002500096.0,-0.02384292706847191
4003437568.0,-0.024220945313572884
4004375040.0,-0.02634313888847828
4005312512.0,-0.028455033898353577
4006249984.0,-0.032788004726171494
4007187456.0,-0.03792727738618851
4008124928.0,-0.043748144060373306
4009062400.0,-0.05143681541085243
4009999872.0,-0.05826694518327713
4010937600.0,-0.06625011563301086
4011875072.0,-0.07471948117017746
4012812544.0,-0.08236401528120041
4013750016.0,-0.09004148095846176
4014687488.0,-0.0979788601398468
4015624960.0,-0.10677708685398102
4016562432.0,-0.11469954997301102
4017499904.0,-0.12219853699207306
4018437376.0,-0.12831158936023712
4019375104.0,-0.13442589342594147
4020312576.0,-0.14117597043514252
4021250048.0,-0.14660391211509705
4022187520.0,-0.15099307894706726
4023124992.0,-0.15554480254650116
4024062464.0,-0.16002002358436584
4024999936.0,-0.163439080119133
4025937408.0,-0.1664842963218689
4026874880.0,-0.15897756814956665
4027812608.0,-0.16491857171058655
4028750080.0,-0.1706898957490921
4029687552.0,-0.17729419469833374
4030625024.0,-0.18254029750823975
4031562496.0,-0.18813377618789673
4032499968.0,-0.19175462424755096
4033437440.0,-0.19472536444664001
4034374912.0,-0.1958199292421341
4035312384.0,-0.1961357444524765
4036250112.0,-0.1961701661348343
4037187584.0,-0.1947399526834488
4038125056.0,-0.190853089094162
4039062528.0,-0.18612465262413025
4040000000.0,-0.1807410567998886
4040937472.0,-0.1755700409412384
4041874944.0,-0.16832931339740753
4042812416.0,-0.16150984168052673
4043749888.0,-0.1519256979227066
4044687616.0,-0.1424333155155182
4045625088.0,-0.13118407130241394
4046562560.0,-0.11980459094047546
4047500032.0,-0.10753986984491348
4048437504.0,-0.09542234987020493
4049374976.0,-0.08251117169857025
4050312448.0,-0.06839882582426071
4051249920.0,-0.05442259460687637
4052187392.0,-0.04059356451034546
4053125120.0,-0.02666839398443699
4054062592.0,-0.01328230183571577
4055000064.0,-0.001471240073442459
4055937536.0,0.010709121823310852
4056875008.0,0.0200177151709795
4057812480.0,0.02906172163784504
4058749952.0,0.03650572896003723
4059687424.0,0.04211743175983429
4060624896.0,0.04638069495558739
4061562624.0,0.04872996732592583
4062500096.0,0.04959053918719292
4063437568.0,0.048923056572675705
4064375040.0,0.04679881036281586
4065312512.0,0.04299662262201309
4066249984.0,0.03712797909975052
4067187456.0,0.029352983459830284
4068124928.0,0.020384473726153374
4069062400.0,0.011385888792574406
4070000128.0,-0.0007733717793598771
4070937600.0,-0.01181755866855383
4071875072.0,-0.024164536967873573
4072812544.0,-0.03694199025630951
4073750016.0,-0.04894992709159851
4074687488.0,-0.061448682099580765
4075624960.0,-0.07454217970371246
4076562432.0,-0.08762367069721222
4077499904.0,-0.09954375773668289
4078437376.0,-0.1113172173500061
4079375104.0,-0.12161997705698013
4080312576.0,-0.1305607706308365
4081250048.0,-0.1394065022468567
4082187520.0,-0.14760389924049377
4083124992.0,-0.1529032289981842
4084062464.0,-0.15803590416908264
4084999936.0,-0.16113826632499695
4085937408.0,-0.16300581395626068
4086874880.0,-0.14458760619163513
4087812608.0,-0.14425964653491974
4088750080.0,-0.14331777393817902
4089687552.0,-0.1409873068332672
4090625024.0,-0.13776272535324097
4091562496.0,-0.13406702876091003
4092499968.0,-0.12992388010025024
4093437440.0,-0.12517496943473816
4094374912.0,-0.12065175920724869
4095312384.0,-0.11328638345003128
4096250112.0,-0.107614666223526
4097187584.0,-0.10084893554449081
4098125056.0,-0.09508300572633743
4099062528.0,-0.0888645276427269
4100000000.0,-0.0837417021393776
4100937472.0,-0.07732095569372177
4101874944.0,-0.07182086259126663
4102812416.0,-0.06652969866991043
4103749888.0,-0.060566242784261703
4104687616.0,-0.05493997037410736
4105625088.0,-0.04834015294909477
4106562560.0,-0.04403410479426384
4107500032.0,-0.039558183401823044
4108437504.0,-0.03468885272741318
4109374976.0,-0.030933927744627
4110312448.0,-0.027553441002964973
4111249920.0,-0.02431337721645832
4112187392.0,-0.02241787314414978
4113125120.0,-0.01951211504638195
4114062592.0,-0.01816003955900669
4115000064.0,-0.016804615035653114
4115937536.0,-0.016186349093914032
4116875008.0,-0.014414161443710327
4117812480.0,-0.014722730964422226
4118749952.0,-0.014733419753611088
4119687424.0,-0.015584250912070274
4120624896.0,-0.01674427092075348
4121562624.0,-0.01653130166232586
4122500096.0,-0.017055753618478775
4123437568.0,-0.0177442766726017
4124375040.0,-0.019150640815496445
4125312512.0,-0.019702652469277382
4126249984.0,-0.021466130390763283
4127187456.0,-0.02429981902241707
4128124928.0,-0.02668784372508526
4129062400.0,-0.029907986521720886
4129999872.0,-0.03336810693144798
4130937600.0,-0.038030944764614105
4131875072.0,-0.042966943234205246
4132812544.0,-0.04846256971359253
4133750016.0,-0.05416020378470421
4134687488.0,-0.05862995237112045
4135624960.0,-0.0663464367389679
4136562432.0,-0.07425015419721603
4137499904.0,-0.08181104063987732
4138437376.0,-0.08988939970731735
4139375104.0,-0.09902637451887131
4140312576.0,-0.1075986921787262
4141250048.0,-0.11553390324115753
4142187520.0,-0.1255536675453186
4143124992.0,-0.13450849056243896
4144062464.0,-0.14362387359142303
4144999936.0,-0.15220248699188232
4145937408.0,-0.16058635711669922
4146874880.0,-0.18074394762516022
4147812608.0,-0.1885140836238861
4148750080.0,-0.19362694025039673
4149687552.0,-0.1955050528049469
4150625024.0,-0.19652226567268372
4151562496.0,-0.1953534483909607
4152499968.0,-0.19316649436950684
4153437440.0,-0.18830010294914246
4154374912.0,-0.18190020322799683
4155312384.0,-0.1746223121881485
4156250112.0,-0.166282057762146
4157187584.0,-0.15649370849132538
4158125056.0,-0.14592932164669037
4159062528.0,-0.13471348583698273
4160000000.0,-0.12337470054626465
4160937472.0,-0.11104944348335266
4161874944.0,-0.09890598058700562
4162812416.0,-0.08648915588855743
4163749888.0,-0.07416936755180359
4164687616.0,-0.06298907101154327
4165625088.0,-0.0514233261346817
4166562560.0,-0.041520487517118454
4167500032.0,-0.031209459528326988
4168437504.0,-0.021924881264567375
4169374976.0,-0.01383740734308958
4170312448.0,-0.005678753834217787
4171249920.0,0.001070538186468184
4172187392.0,0.008024663664400578
4173125120.0,0.012919320724904537
4174062592.0,0.017355535179376602
4175000064.0,0.021031679585576057
4175937536.0,0.024740949273109436
4176875008.0,0.02715369686484337
4177812480.0,0.03069952502846718
4178749952.0,0.03208741918206215
4179687424.0,0.03382572904229164
4180624896.0,0.03486010059714317
4181562624.0,0.03596222773194313
4182500096.0,0.03553855046629906
4183437568.0,0.03487834334373474
4184375040.0,0.034126412123441696
4185312512.0,0.032428890466690063
4186249984.0,0.030216511338949203
4187187456.0,0.0267055444419384
4188124928.0,0.023621784523129463
4189062400.0,0.019317857921123505
4190000128.0,0.014192403294146061
4190937600.0,0.009310717694461346
4191875072.0,0.002349438611418009
4192812544.0,-0.004172290675342083
4193750016.0,-0.011588290333747864
4194687488.0,-0.020219434052705765
4195624960.0,-0.02852417342364788
4196562432.0,-0.038291968405246735
4197499904.0,-0.04838448017835617
4198437376.0,-0.05929651856422424
4199375104.0,-0.07031678408384323
4200312576.0,-0.08228106051683426
4201250048.0,-0.09443529695272446
4202187520.0,-0.10585592687129974
4203124992.0,-0.117751345038414
4204062464.0,-0.12967035174369812
4204999936.0,-0.14179055392742157
4205937408.0,-0.15377596020698547
4206874880.0,-0.1559358537197113
4207812608.0,-0.1685074269771576
4208750080.0,-0.17973195016384125
4209687552.0,-0.1915065497159958
4210625024.0,-0.20184442400932312
4211562496.0,-0.21193477511405945
4212499968.0,-0.22045356035232544
4213437440.0,-0.2274164855480194
4214374912.0,-0.2335532158613205
4215312384.0,-0.23710355162620544
4216250112.0,-0.23844705522060394
4217187584.0,-0.2381669580936432
4218125056.0,-0.234972283244133
4219062528.0,-0.22883008420467377
4220000000.0,-0.22064657509326935
4220937472.0,-0.21147756278514862
4221874944.0,-0.19912786781787872
4222812416.0,-0.18388518691062927
4223749888.0,-0.16782917082309723
4224687616.0,-0.15007264912128448
4225625088.0,-0.12961211800575256
4226562560.0,-0.10866254568099976
4227500032.0,-0.08698372542858124
4228437504.0,-0.06444226950407028
4229374976.0,-0.041396722197532654
4230312448.0,-0.018278807401657104
4231249920.0,0.0028502282220870256
4232187392.0,0.02527708001434803
4233125120.0,0.04541844129562378
4234062592.0,0.0647432878613472
4235000064.0,0.08244574815034866
4235937536.0,0.09878197312355042
4236875008.0,0.11196614801883698
4237812480.0,0.12316668778657913
4238749952.0,0.13209347426891327
4239687424.0,0.13809780776500702
4240624896.0,0.14229410886764526
4241562624.0,0.14412537217140198
4242500096.0,0.1430482417345047
4243437568.0,0.13876642286777496
4244375040.0,0.1323946863412857
4245312512.0,0.12386351078748703
4246249984.0,0.11410293728113174
4247187456.0,0.10276586562395096
4248124928.0,0.08908583223819733
4249062400.0,0.07471071183681488
4249999872.0,0.05876123905181885
4250937600.0,0.042378176003694534
4251875072.0,0.024206029251217842
4252812544.0,0.0061569055542349815
4253750016.0,-0.013093294575810432
4254687488.0,-0.031429242342710495
4255624960.0,-0.051001522690057755
4256562432.0,-0.06871367245912552
4257499904.0,-0.0867885947227478
4258437376.0,-0.10446180403232574
4259375104.0,-0.12096454203128815
4260312576.0,-0.13712558150291443
4261250048.0,-0.15143512189388275
4262187520.0,-0.16593509912490845
4263124992.0,-0.18066205084323883
4264062464.0,-0.1937112808227539
4264999936.0,-0.20733723044395447
4265937408.0,-0.220294788479805
4266874880.0,-0.22965644299983978
4267812608.0,-0.23429642617702484
4268750080.0,-0.2379220724105835
4269687552.0,-0.2424687296152115
4270625024.0,-0.24754822254180908
4271562496.0,-0.25093376636505127
4272499968.0,-0.25556114315986633
4273437440.0,-0.25860080122947693
4274374912.0,-0.26080262660980225
4275312384.0,-0.26148515939712524
4276250112.0,-0.2627502679824829
4277187584.0,-0.25983187556266785
4278125056.0,-0.2560952603816986
4279062528.0,-0.2517557442188263
4280000000.0,-0.2444034367799759
4280937472.0,-0.23542946577072144
4281874944.0,-0.2239011824131012
4282812416.0,-0.2118598073720932
4283749888.0,-0.19696509838104248
4284687616.0,-0.1816832721233368
4285625088.0,-0.16375072300434113
4286562560.0,-0.14592388272285461
4287500032.0,-0.1256917268037796
4288437504.0,-0.10341813415288925
4289374976.0,-0.0808572992682457
4290312448.0,-0.05830645561218262
4291249920.0,-0.0347474068403244
4292187392.0,-0.01223129965364933
4293125120.0,0.010692443698644638
4294062592.0,0.03332994505763054
4295000064.0,0.05438218265771866
4295937536.0,0.07632321864366531
4296875008.0,0.09662021696567535
4297812480.0,0.11463736742734909
4298749952.0,0.13230431079864502
4299687424.0,0.14658677577972412
4300624896.0,0.15991169214248657
4301562368.0,0.1721540093421936
4302499840.0,0.1804286390542984
4303437312.0,0.18630170822143555
4304374784.0,0.18940873444080353
4305312256.0,0.18816439807415009
4306250240.0,0.18499767780303955
4307187712.0,0.17976176738739014
4308125184.0,0.17036445438861847
4309062656.0,0.15874844789505005
4310000128.0,0.14345644414424896
4310937600.0,0.12570920586585999
4311875072.0,0.10542335361242294
4312812544.0,0.08282717317342758
4313750016.0,0.05831923708319664
4314687488.0,0.031963977962732315
4315624960.0,0.0036887808237224817
4316562432.0,-0.02454005740582943
4317499904.0,-0.054294653236866
4318437376.0,-0.08476167917251587
4319374848.0,-0.11526386439800262
4320312320.0,-0.1442600041627884
4321249792.0,-0.17379571497440338
4322187264.0,-0.2019542008638382
4323125248.0,-0.22828371822834015
4324062720.0,-0.25272563099861145
4325000192.0,-0.27496761083602905
4325937664.0,-0.2949256896972656
4326875136.0,-0.3258264660835266
4327812608.0,-0.32220491766929626
4328750080.0,-0.31524592638015747
4329687552.0,-0.30845630168914795
4330625024.0,-0.3005305528640747
4331562496.0,-0.2915019392967224
4332499968.0,-0.28298288583755493
4333437440.0,-0.2743123471736908
4334374912.0,-0.26611724495887756
4335312384.0,-0.2580898702144623
4336249856.0,-0.24994541704654694
4337187328.0,-0.24319833517074585
4338124800.0,-0.23703214526176453
4339062272.0,-0.22986295819282532
4339999744.0,-0.22515949606895447
4340937728.0,-0.219570592045784
4341875200.0,-0.21526005864143372
4342812672.0,-0.20965862274169922
4343750144.0,-0.2045612782239914
4344687616.0,-0.19811426103115082
4345625088.0,-0.19141091406345367
4346562560.0,-0.18432478606700897
4347500032.0,-0.17732416093349457
4348437504.0,-0.16990262269973755
4349374976.0,-0.1610102504491806
4350312448.0,-0.1509259194135666
4351249920.0,-0.14008834958076477
4352187392.0,-0.1267525553703308
4353124864.0,-0.11214543133974075
4354062336.0,-0.09569787979125977
4354999808.0,-0.07882050424814224
4355937280.0,-0.061893753707408905
4356874752.0,-0.04503779858350754
4357812736.0,-0.02848273143172264
4358750208.0,-0.014219962060451508
4359687680.0,-0.0035406206734478474
4360625152.0,0.004364201333373785
4361562624.0,0.010504980571568012
4362500096.0,0.014599403366446495
4363437568.0,0.016130665317177773
4364375040.0,0.01835337094962597
4365312512.0,0.01924123801290989
4366249984.0,0.018593307584524155
4367187456.0,0.01813933253288269
4368124928.0,0.01745438575744629
4369062400.0,0.015822771936655045
4369999872.0,0.014267905615270138
4370937344.0,0.010766382329165936
4371874816.0,0.007426792290061712
4372812288.0,0.0017068710876628757
4373749760.0,-0.003968388773500919
4374687744.0,-0.01135969627648592
4375625216.0,-0.018792249262332916
4376562688.0,-0.028278574347496033
4377500160.0,-0.04053531959652901
4378437632.0,-0.05463515594601631
4379375104.0,-0.07027200609445572
4380312576.0,-0.08893526345491409
4381250048.0,-0.10829794406890869
4382187520.0,-0.12973527610301971
4383124992.0,-0.15191566944122314
4384062464.0,-0.1748591959476471
4384999936.0,-0.19957059621810913
4385937408.0,-0.22357521951198578
4386874880.0,-0.31464558839797974
4387812352.0,-0.3300616145133972
4388749824.0,-0.34255251288414
4389687296.0,-0.35440799593925476
4390624768.0,-0.3613818287849426
4391562752.0,-0.36706238985061646
4392500224.0,-0.3686961829662323
4393437696.0,-0.36770862340927124
4394375168.0,-0.3630450367927551
4395312640.0,-0.3543580174446106
4396250112.0,-0.34319770336151123
4397187584.0,-0.32880717515945435
4398125056.0,-0.3102269768714905
4399062528.0,-0.2897425591945648
4400000000.0,-0.2656362056732178
4400937472.0,-0.239655002951622
4401874944.0,-0.21310873329639435
4402812416.0,-0.1838005781173706
4403749888.0,-0.15362216532230377
4404687360.0,-0.12252508103847504
4405624832.0,-0.0903540700674057
4406562304.0,-0.05798325687646866
4407499776.0,-0.026253527030348778
4408437248.0,0.004172156564891338
4409375232.0,0.03398725762963295
4410312704.0,0.06185055524110794
4411250176.0,0.0891885757446289
4412187648.0,0.11368061602115631
4413125120.0,0.13590434193611145
4414062592.0,0.155793696641922
4415000064.0,0.17216716706752777
4415937536.0,0.1849762350320816
4416875008.0,0.19550400972366333
4417812480.0,0.20327068865299225
4418749952.0,0.2066042572259903
4419687424.0,0.20579999685287476
4420624896.0,0.20359285175800323
4421562368.0,0.19587567448616028
4422499840.0,0.1872391253709793
4423437312.0,0.1744290441274643
4424374784.0,0.15890148282051086
4425312256.0,0.1409948468208313
4426250240.0,0.11994240432977676
4427187712.0,0.0971972793340683
4428125184.0,0.07458902150392532
4429062656.0,0.048765502870082855
4430000128.0,0.021314412355422974
4430937600.0,-0.0037804781459271908
4431875072.0,-0.03132874146103859
4432812544.0,-0.05811252072453499
4433750016.0,-0.08363518863916397
4434687488.0,-0.10889394581317902
4435624960.0,-0.13315242528915405
4436562432.0,-0.1547565460205078
4437499904.0,-0.17417477071285248
4438437376.0,-0.19182659685611725
4439374848.0,-0.20769499242305756
4440312320.0,-0.22090628743171692
4441249792.0,-0.231416717171669
4442187264.0,-0.23993119597434998
4443125248.0,-0.24496546387672424
4444062720.0,-0.2479872852563858
4445000192.0,-0.24903100728988647
4445937664.0,-0.2488374263048172
4446875136.0,-0.1921200156211853
4447812608.0,-0.19539079070091248
4448750080.0,-0.19776976108551025
4449687552.0,-0.19764478504657745
4450625024.0,-0.1944054216146469
4451562496.0,-0.189546599984169
4452499968.0,-0.1812254935503006
4453437440.0,-0.1695341169834137
4454374912.0,-0.155246764421463
4455312384.0,-0.138876810669899
4456249856.0,-0.12045751512050629
4457187328.0,-0.10109730064868927
4458124800.0,-0.07889679074287415
4459062272.0,-0.058307796716690063
4460000256.0,-0.035457123070955276
4460937728.0,-0.013651341199874878
4461875200.0,0.008052600547671318
4462812672.0,0.029188483953475952
4463750144.0,0.049531321972608566
4464687616.0,0.0677269995212555
4465625088.0,0.08508379757404327
4466562560.0,0.09961245954036713
4467500032.0,0.11202812194824219
4468437504.0,0.12179721891880035
4469374976.0,0.12933625280857086
4470312448.0,0.1325741708278656
4471249920.0,0.13452892005443573
4472187392.0,0.13318397104740143
4473124864.0,0.12887249886989594
4474062336.0,0.12163067609071732
4474999808.0,0.11126069724559784
4475937280.0,0.09874002635478973
4476874752.0,0.08428565412759781
4477812736.0,0.06588063389062881
4478750208.0,0.04570414870977402
4479687680.0,0.023755155503749847
4480625152.0,-0.0003684746043290943
4481562624.0,-0.02669844776391983
4482500096.0,-0.05309534817934036
4483437568.0,-0.08158499747514725
4484375040.0,-0.10879620909690857
4485312512.0,-0.13658681511878967
4486249984.0,-0.1643715649843216
4487187456.0,-0.19277450442314148
4488124928.0,-0.22023066878318787
4489062400.0,-0.24548377096652985
4489999872.0,-0.26946839690208435
4490937344.0,-0.2913568317890167
4491874816.0,-0.3115951120853424
4492812288.0,-0.33097392320632935
4493749760.0,-0.34717652201652527
4494687744.0,-0.3599133789539337
4495625216.0,-0.3711110055446625
4496562688.0,-0.3788883090019226
4497500160.0,-0.3868560492992401
4498437632.0,-0.3903905153274536
4499375104.0,-0.3940002918243408
4500312576.0,-0.3937389552593231
4501250048.0,-0.3937227129936218
4502187520.0,-0.39159196615219116
4503124992.0,-0.3896388113498688
4504062464.0,-0.38571029901504517
4504999936.0,-0.3826821446418762
4505937408.0,-0.37897995114326477
4506874880.0,-0.2585085332393646
4507812352.0,-0.2557947337627411
4508749824.0,-0.25226590037345886
4509687296.0,-0.2511650025844574
4510624768.0,-0.25037825107574463
4511562752.0,-0.2514646053314209
4512500224.0,-0.2520410120487213
4513437696.0,-0.253939151763916
4514375168.0,-0.25637874007225037
4515312640.0,-0.26090121269226074
4516250112.0,-0.2652434706687927
4517187584.0,-0.27137860655784607
4518125056.0,-0.278097003698349
4519062528.0,-0.2851654589176178
4520000000.0,-0.2922167479991913
4520937472.0,-0.30099767446517944
4521874944.0,-0.3097442090511322
4522812416.0,-0.3204139769077301
4523749888.0,-0.32900652289390564
4524687360.0,-0.3398745656013489
4525624832.0,-0.34874752163887024
4526562304.0,-0.35748201608657837
4527499776.0,-0.3671332597732544
4528437248.0,-0.3759726583957672
4529375232.0,-0.38374823331832886
4530312704.0,-0.3916882574558258
4531250176.0,-0.3992796242237091
4532187648.0,-0.4059847891330719
4533125120.0,-0.41265350580215454
4534062592.0,-0.4177328050136566
4535000064.0,-0.42304444313049316
4535937536.0,-0.4274808466434479
4536875008.0,-0.4306785464286804
4537812480.0,-0.4341692328453064
4538749952.0,-0.4353260397911072
4539687424.0,-0.43863585591316223
4540624896.0,-0.43872636556625366
4541562368.0,-0.4393235445022583
4542499840.0,-0.4395122826099396
4543437312.0,-0.43875187635421753
4544374784.0,-0.4372307360172272
4545312256.0,-0.43592551350593567
4546250240.0,-0.4348725378513336
4547187712.0,-0.4320512115955353
4548125184.0,-0.42811712622642517
4549062656.0,-0.424635112285614
4550000128.0,-0.4227220118045807
4550937600.0,-0.4202744960784912
4551875072.0,-0.418896347284317
4552812544.0,-0.4174191355705261
4553750016.0,-0.41454625129699707
4554687488.0,-0.4130938947200775
4555624960.0,-0.41143307089805603
4556562432.0,-0.410011887550354
4557499904.0,-0.40643781423568726
4558437376.0,-0.4055178165435791
4559374848.0,-0.4048754572868347
4560312320.0,-0.4041668772697449
4561249792.0,-0.4029063582420349
4562187264.0,-0.40261152386665344
4563125248.0,-0.4002631902694702
4564062720.0,-0.39872944355010986
4565000192.0,-0.3974355459213257
4565937664.0,-0.3948051333427429
4566875136.0,-0.3498976230621338
4567812608.0,-0.3558616638183594
4568750080.0,-0.3608973026275635
4569687552.0,-0.36353349685668945
4570625024.0,-0.36478087306022644
4571562496.0,-0.36279094219207764
4572499968.0,-0.36003515124320984
4573437440.0,-0.3542218804359436
4574374912.0,-0.3463191092014313
4575312384.0,-0.3368625342845917
4576249856.0,-0.3255436420440674
4577187328.0,-0.31204187870025635
4578124800.0,-0.29658615589141846
4579062272.0,-0.2790842056274414
4579999744.0,-0.2608160674571991
4580937728.0,-0.24229665100574493
4581875200.0,-0.22093740105628967
4582812672.0,-0.2000020295381546
4583750144.0,-0.1774887889623642
4584687616.0,-0.1548166126012802
4585625088.0,-0.13269850611686707
4586562560.0,-0.11143206804990768
4587500032.0,-0.08940389007329941
4588437504.0,-0.0685429647564888
4589374976.0,-0.04974854737520218
4590312448.0,-0.02984258346259594
4591249920.0,-0.013159454800188541
4592187392.0,0.00208832835778594
4593124864.0,0.015832876786589622
4594062336.0,0.02605084888637066
4594999808.0,0.034293774515390396
4595937280.0,0.04131880775094032
4596874752.0,0.04336966946721077
4597812736.0,0.04345276206731796
4598750208.0,0.04162854328751564
4599687680.0,0.035510797053575516
4600625152.0,0.02816985920071602
4601562624.0,0.01799297146499157
4602500096.0,0.006097225937992334
4603437568.0,-0.008864053525030613
4604375040.0,-0.025289494544267654
4605312512.0,-0.043929554522037506
4606249984.0,-0.06380753964185715
4607187456.0,-0.08660106360912323
4608124928.0,-0.10902450233697891
4609062400.0,-0.1322094053030014
4609999872.0,-0.15586413443088531
4610937344.0,-0.17871636152267456
4611874816.0,-0.201860710978508
4612812288.0,-0.22445112466812134
4613749760.0,-0.24572648108005524
4614687744.0,-0.26658394932746887
4615625216.0,-0.2861584722995758
4616562688.0,-0.30416950583457947
4617500160.0,-0.32131707668304443
4618437632.0,-0.33839747309684753
4619375104.0,-0.352401465177536
4620312576.0,-0.36598387360572815
4621250048.0,-0.3794054090976715
4622187520.0,-0.3905811309814453
4623124992.0,-0.40017834305763245
4624062464.0,-0.4104313850402832
4624999936.0,-0.41936150193214417
4625937408.0,-0.4279337525367737
4626874880.0,-0.44061630964279175
4627812352.0,-0.43508437275886536
4628749824.0,-0.4291674494743347
4629687296.0,-0.4214414358139038
4630624768.0,-0.4121246337890625
4631562752.0,-0.40101900696754456
4632500224.0,-0.39178088307380676
4633437696.0,-0.381740003824234
4634375168.0,-0.37021082639694214
4635312640.0,-0.360624223947525
4636250112.0,-0.3506028652191162
4637187584.0,-0.3409280776977539
4638125056.0,-0.33135104179382324
4639062528.0,-0.3229895532131195
4640000000.0,-0.31573486328125
4640937472.0,-0.3081706464290619
4641874944.0,-0.3031904995441437
4642812416.0,-0.2985762357711792
4643749888.0,-0.29376956820487976
4644687360.0,-0.29054540395736694
4645624832.0,-0.2895033657550812
4646562304.0,-0.28867605328559875
4647499776.0,-0.28920072317123413
4648437248.0,-0.2906894087791443
4649375232.0,-0.2938225567340851
4650312704.0,-0.2982354164123535
4651250176.0,-0.30242711305618286
4652187648.0,-0.307538777589798
4653125120.0,-0.3138570189476013
4654062592.0,-0.3208535611629486
4655000064.0,-0.3289445638656616
4655937536.0,-0.3373841345310211
4656875008.0,-0.3479158282279968
4657812480.0,-0.3597966134548187
4658749952.0,-0.3703511655330658
4659687424.0,-0.3817908763885498
4660624896.0,-0.39465510845184326
4661562368.0,-0.40650302171707153
4662499840.0,-0.4196009635925293
4663437312.0,-0.4329049289226532
4664374784.0,-0.4456457495689392
4665312256.0,-0.4590732455253601
4666250240.0,-0.47356104850769043
4667187712.0,-0.48694705963134766
4668125184.0,-0.4995429217815399
4669062656.0,-0.5149381160736084
4670000128.0,-0.5291287899017334
4670937600.0,-0.5444891452789307
4671875072.0,-0.5589098930358887
4672812544.0,-0.5733070373535156
4673750016.0,-0.5866771340370178
4674687488.0,-0.5999884009361267
4675624960.0,-0.6113571524620056
4676562432.0,-0.6235542297363281
4677499904.0,-0.6365311145782471
4678437376.0,-0.6461153626441956
4679374848.0,-0.655579149723053
4680312320.0,-0.6654199361801147
4681249792.0,-0.6719338297843933
4682187264.0,-0.6787291169166565
4683125248.0,-0.6822512149810791
4684062720.0,-0.6845600605010986
4685000192.0,-0.6856746077537537
4685937664.0,-0.6849117875099182
4686875136.0,-0.661990225315094
4687812608.0,-0.6622152924537659
4688750080.0,-0.6594122648239136
4689687552.0,-0.6530013680458069
4690625024.0,-0.645408570766449
4691562496.0,-0.6345781683921814
4692499968.0,-0.6205555200576782
4693437440.0,-0.6046170592308044
4694374912.0,-0.5870307087898254
4695312384.0,-0.566536545753479
4696249856.0,-0.5449915528297424
4697187328.0,-0.5223965048789978
4698124800.0,-0.4980921745300293
4699062272.0,-0.47413796186447144
4700000256.0,-0.4517201781272888
4700937728.0,-0.428647518157959
4701875200.0,-0.40776899456977844
4702812672.0,-0.38799920678138733
4703750144.0,-0.3710395097732544
4704687616.0,-0.3568454682826996
4705625088.0,-0.34473249316215515
4706562560.0,-0.3380148112773895
4707500032.0,-0.3344711363315582
4708437504.0,-0.33487704396247864
4709374976.0,-0.33980923891067505
4710312448.0,-0.3483158051967621
4711249920.0,-0.36182159185409546
4712187392.0,-0.3796364963054657
4713124864.0,-0.402887225151062
4714062336.0,-0.430288702249527
4714999808.0,-0.46148228645324707
4715937280.0,-0.4983501434326172
4716874752.0,-0.5374935865402222
4717812736.0,-0.5805703401565552
4718750208.0,-0.6261991262435913
4719687680.0,-0.6743183135986328
4720625152.0,-0.7225710153579712
4721562624.0,-0.7716856598854065
4722500096.0,-0.8205943703651428
4723437568.0,-0.8692607879638672
4724375040.0,-0.9151816368103027
4725312512.0,-0.9596008658409119
4726249984.0,-0.9984544515609741
4727187456.0,-1.035162091255188
4728124928.0,-1.0667028427124023
4729062400.0,-1.0932140350341797
4729999872.0,-1.1154221296310425
4730937344.0,-1.1329435110092163
4731874816.0,-1.1449062824249268
4732812288.0,-1.1551475524902344
4733749760.0,-1.1602568626403809
4734687744.0,-1.1628332138061523
4735625216.0,-1.161387324333191
4736562688.0,-1.1582257747650146
4737500160.0,-1.1530150175094604
4738437632.0,-1.1441223621368408
4739375104.0,-1.1338998079299927
4740312576.0,-1.1223505735397339
4741250048.0,-1.108051061630249
4742187520.0,-1.0944873094558716
4743124992.0,-1.0789912939071655
4744062464.0,-1.0646169185638428
4744999936.0,-1.0489577054977417
4745937408.0,-1.0343741178512573
4746874880.0,-0.7953182458877563
4747812352.0,-0.800233781337738
4748749824.0,-0.8065770268440247
4749687296.0,-0.8135490417480469
4750624768.0,-0.8197013735771179
4751562752.0,-0.824285089969635
4752500224.0,-0.8309534192085266
4753437696.0,-0.8355377912521362
4754375168.0,-0.8395643830299377
4755312640.0,-0.8429844379425049
4756250112.0,-0.8455392718315125
4757187584.0,-0.8475356698036194
4758125056.0,-0.8494678139686584
4759062528.0,-0.8492136001586914
4760000000.0,-0.8488109707832336
4760937472.0,-0.8479175567626953
4761874944.0,-0.8448163270950317
4762812416.0,-0.842065691947937
4763749888.0,-0.8383533954620361
4764687360.0,-0.8351802825927734
4765624832.0,-0.8300877809524536
4766562304.0,-0.8249756097793579
4767499776.0,-0.8207603096961975
4768437248.0,-0.8137496113777161
4769375232.0,-0.8090343475341797
4770312704.0,-0.8039860725402832
4771250176.0,-0.7992368936538696
4772187648.0,-0.795093297958374
4773125120.0,-0.7925667762756348
4774062592.0,-0.7898553609848022
4775000064.0,-0.7887424230575562
4775937536.0,-0.7886652946472168
4776875008.0,-0.7898160219192505
4777812480.0,-0.7920505404472351
4778749952.0,-0.7956987619400024
4779687424.0,-0.8006616830825806
4780624896.0,-0.8096624612808228
4781562368.0,-0.8185003995895386
4782499840.0,-0.8294539451599121
4783437312.0,-0.8434417247772217
4784374784.0,-0.8586870431900024
4785312256.0,-0.8766099810600281
4786250240.0,-0.895037055015564
4787187712.0,-0.9163625836372375
4788125184.0,-0.9391289949417114
4789062656.0,-0.9629005193710327
4790000128.0,-0.9884140491485596
4790937600.0,-1.014994740486145
4791875072.0,-1.0411865711212158
4792812544.0,-1.0695689916610718
4793750016.0,-1.0969624519348145
4794687488.0,-1.123945951461792
4795624960.0,-1.1518441438674927
4796562432.0,-1.1774743795394897
4797499904.0,-1.204422116279602
4798437376.0,-1.229155421257019
4799374848.0,-1.2527207136154175
4800312320.0,-1.2758586406707764
4801249792.0,-1.2964088916778564
4802187264.0,-1.314958930015564
4803125248.0,-1.331950068473816
4804062720.0,-1.3459346294403076
4805000192.0,-1.3584073781967163
4805937664.0,-1.3677771091461182
4806875136.0,-1.224059820175171
4807812608.0,-1.2280762195587158
4808750080.0,-1.2311636209487915
4809687552.0,-1.2321501970291138
4810625024.0,-1.2313339710235596
4811562496.0,-1.2288583517074585
4812499968.0,-1.2263879776000977
4813437440.0,-1.222625732421875
4814374912.0,-1.217572808265686
4815312384.0,-1.212198257446289
4816249856.0,-1.2070688009262085
4817187328.0,-1.2001211643218994
4818124800.0,-1.193858027458191
4819062272.0,-1.1864019632339478
4819999744.0,-1.1821931600570679
4820937728.0,-1.177079439163208
4821875200.0,-1.1725780963897705
4822812672.0,-1.1695740222930908
4823750144.0,-1.1670209169387817
4824687616.0,-1.1660512685775757
4825625088.0,-1.1680998802185059
4826562560.0,-1.169921875
4827500032.0,-1.1737643480300903
4828437504.0,-1.1800129413604736
4829374976.0,-1.1873087882995605
4830312448.0,-1.1966516971588135
4831249920.0,-1.2072938680648804
4832187392.0,-1.222479224205017
4833124864.0,-1.2357358932495117
4834062336.0,-1.2535099983215332
4834999808.0,-1.2711743116378784
4835937280.0,-1.289886474609375
4836874752.0,-1.3109867572784424
4837812736.0,-1.332925796508789
4838750208.0,-1.3547720909118652
4839687680.0,-1.3772122859954834
4840625152.0,-1.399466872215271
4841562624.0,-1.4217649698257446
4842500096.0,-1.4439496994018555
4843437568.0,-1.4654372930526733
4844375040.0,-1.4868621826171875
4845312512.0,-1.5074139833450317
4846249984.0,-1.5269886255264282
4847187456.0,-1.5440402030944824
4848124928.0,-1.5621367692947388
4849062400.0,-1.5772960186004639
4849999872.0,-1.5921276807785034
4850937344.0,-1.6051862239837646
4851874816.0,-1.6171282529830933
4852812288.0,-1.6266947984695435
4853749760.0,-1.6342175006866455
4854687744.0,-1.6413978338241577
4855625216.0,-1.6466178894042969
4856562688.0,-1.65129816532135
4857500160.0,-1.6551021337509155
4858437632.0,-1.6581445932388306
4859375104.0,-1.6620004177093506
4860312576.0,-1.664193868637085
4861250048.0,-1.668230652809143
4862187520.0,-1.6706475019454956
4863124992.0,-1.6737338304519653
4864062464.0,-1.6780916452407837
4864999936.0,-1.6813085079193115
4865937408.0,-1.6853889226913452
4866874880.0,-1.667847752571106
4867812352.0,-1.6721445322036743
4868749824.0,-1.6763752698898315
4869687296.0,-1.680389165878296
4870624768.0,-1.6872836351394653
4871562752.0,-1.6924890279769897
4872500224.0,-1.6993457078933716
4873437696.0,-1.7058436870574951
4874375168.0,-1.7126479148864746
4875312640.0,-1.7220309972763062
4876250112.0,-1.7302032709121704
4877187584.0,-1.741308331489563
4878125056.0,-1.7513757944107056
4879062528.0,-1.7625640630722046
4880000000.0,-1.774868369102478
4880937472.0,-1.7874788045883179
4881874944.0,-1.8011020421981812
4882812416.0,-1.8119590282440186
4883749888.0,-1.825466275215149
4884687360.0,-1.8384976387023926
4885624832.0,-1.8514368534088135
4886562304.0,-1.8628714084625244
4887499776.0,-1.873403787612915
4888437248.0,-1.8833647966384888
4889375232.0,-1.8907138109207153
4890312704.0,-1.8965587615966797
4891250176.0,-1.8992904424667358
4892187648.0,-1.900984287261963
4893125120.0,-1.897727608680725
4894062592.0,-1.891750454902649
4895000064.0,-1.8836742639541626
4895937536.0,-1.8727463483810425
4896875008.0,-1.8594478368759155
4897812480.0,-1.8430033922195435
4898749952.0,-1.8241729736328125
4899687424.0,-1.803990125656128
4900624896.0,-1.78097665309906
4901562368.0,-1.7585673332214355
4902499840.0,-1.7322230339050293
4903437312.0,-1.7073808908462524
4904374784.0,-1.6803600788116455
4905312256.0,-1.655019998550415
4906250240.0,-1.6282540559768677
4907187712.0,-1.602995753288269
4908125184.0,-1.5774179697036743
4909062656.0,-1.5530762672424316
4910000128.0,-1.530836820602417
4910937600.0,-1.5085355043411255
4911875072.0,-1.4877865314483643
4912812544.0,-1.4686672687530518
4913750016.0,-1.4526904821395874
4914687488.0,-1.4367603063583374
4915624960.0,-1.423435926437378
4916562432.0,-1.4135680198669434
4917499904.0,-1.4072704315185547
4918437376.0,-1.4021632671356201
4919374848.0,-1.39920973777771
4920312320.0,-1.3992239236831665
4921249792.0,-1.3997267484664917
4922187264.0,-1.3471384048461914
4923125248.0,-1.3354957103729248
4924062720.0,-1.3248592615127563
4925000192.0,-1.3147311210632324
4925937664.0,-1.4215795993804932
4926875136.0,-1.4280227422714233
4927812608.0,-1.4333165884017944
4928750080.0,-1.437978744506836
4929687552.0,-1.4417287111282349
4930625024.0,-1.4447284936904907
4931562496.0,-1.4465490579605103
4932499968.0,-1.4451267719268799
4933437440.0,-1.440879464149475
4934374912.0,-1.4347463846206665
4935312384.0,-1.4264198541641235
4936249856.0,-1.414418339729309
4937187328.0,-1.4001495838165283
4938124800.0,-1.3834935426712036
4939062272.0,-1.3660913705825806
4940000256.0,-1.345597743988037
4940937728.0,-1.3249273300170898
4941875200.0,-1.3014121055603027
4942812672.0,-1.2779490947723389
4943750144.0,-1.2542672157287598
4944687616.0,-1.229739785194397
4945625088.0,-1.2062159776687622
4946562560.0,-1.1833109855651855
4947500032.0,-1.1620739698410034
4948437504.0,-1.1421953439712524
4949374976.0,-1.1234376430511475
4950312448.0,-1.107543706893921
4951249920.0,-1.0931262969970703
4952187392.0,-1.0819581747055054
4953124864.0,-1.0717970132827759
4954062336.0,-1.0637270212173462
4954999808.0,-1.057194709777832
4955937280.0,-1.0532262325286865
4956874752.0,-1.0496190786361694
4957812736.0,-1.0468380451202393
4958750208.0,-1.0448600053787231
4959687680.0,-1.04219388961792
4960625152.0,-1.0401794910430908
4961562624.0,-1.0370616912841797
4962500096.0,-1.032113790512085
4963437568.0,-1.0278137922286987
4964375040.0,-1.021759033203125
4965312512.0,-1.014941692352295
4966249984.0,-1.0073407888412476
4967187456.0,-0.9990751147270203
4968124928.0,-0.9905226826667786
4969062400.0,-0.98149174451828
4969999872.0,-0.971932590007782
4970937344.0,-0.9620160460472107
4971874816.0,-0.9511644244194031
4972812288.0,-0.9402970671653748
4973749760.0,-0.9308488368988037
4974687744.0,-0.9199466109275818
4975625216.0,-0.9117499589920044
4976562688.0,-0.9045882821083069
4977500160.0,-0.8965211510658264
4978437632.0,-0.8885406851768494
4979375104.0,-0.8806307315826416
4980312576.0,-0.8732408881187439
4981250048.0,-0.8662211298942566
4982187520.0,-0.8574901223182678
4983124992.0,-0.849459707736969
4984062464.0,-0.8398560285568237
4984999936.0,-0.8302449584007263
4985937408.0,-0.8090152144432068
4986874880.0,-0.7995314598083496
4987812352.0,-0.7915679812431335
4988749824.0,-0.783664882183075
4989687296.0,-0.7771543264389038
4990624768.0,-0.7715002298355103
4991562752.0,-0.7681542038917542
4992500224.0,-0.7669175863265991
4993437696.0,-0.7647718191146851
4994375168.0,-0.764106273651123
4995312640.0,-0.7664791345596313
4996250112.0,-0.7698456048965454
4997187584.0,-0.7730681896209717
4998125056.0,-0.7776457071304321
4999062528.0,-0.7847952842712402
5000000000.0,-0.7917798757553101
5000937472.0,-0.7987542748451233
5001874944.0,-0.805916428565979
5002812416.0,-0.8139102458953857
5003749888.0,-0.822623074054718
5004687360.0,-0.8292615413665771
5005624832.0,-0.8361610174179077
5006562304.0,-0.842395007610321
5007499776.0,-0.8471125364303589
5008437248.0,-0.8495895862579346
5009375232.0,-0.8498411774635315
5010312704.0,-0.8495410680770874
5011250176.0,-0.8449523448944092
5012187648.0,-0.8378452658653259
5013125120.0,-0.8297913670539856
5014062592.0,-0.8183913826942444
5015000064.0,-0.8034462332725525
5015937536.0,-0.7875891327857971
5016875008.0,-0.7682046890258789
5017812480.0,-0.7461395263671875
5018749952.0,-0.7223184108734131
5019687424.0,-0.6967262625694275
5020624896.0,-0.6688928604125977
5021562368.0,-0.6400483846664429
5022499840.0,-0.6094745993614197
5023437312.0,-0.5785530209541321
5024374784.0,-0.547444224357605
5025312256.0,-0.5155611634254456
5026250240.0,-0.48467859625816345
5027187712.0,-0.45548582077026367
5028125184.0,-0.4262145757675171
5029062656.0,-0.3971005082130432
5030000128.0,-0.37064069509506226
5030937600.0,-0.34617918729782104
5031875072.0,-0.322670042514801
5032812544.0,-0.30300334095954895
5033750016.0,-0.2851036787033081
5034687488.0,-0.2712061405181885
5035624960.0,-0.2585442364215851
5036562432.0,-0.24946919083595276
5037499904.0,-0.24302849173545837
5038437376.0,-0.24133652448654175
5039374848.0,-0.24177943170070648
5040312320.0,-0.2462235540151596
5041249792.0,-0.25278109312057495
5042187264.0,-0.26317062973976135
5043125248.0,-0.275996595621109
5044062720.0,-0.29120543599128723
5045000192.0,-0.30921217799186707
5045937664.0,-0.5766522288322449
5046875136.0,-0.5850380659103394
5047812608.0,-0.5943096280097961
5048750080.0,-0.6043365597724915
5049687552.0,-0.6130488514900208
5050625024.0,-0.6214669346809387
5051562496.0,-0.6303254961967468
5052499968.0,-0.6389256715774536
5053437440.0,-0.6489851474761963
5054374912.0,-0.6572002172470093
5055312384.0,-0.6650701761245728
5056249856.0,-0.6725931763648987
5057187328.0,-0.678621768951416
5058124800.0,-0.6835604310035706
5059062272.0,-0.6868463158607483
5059999744.0,-0.6900678873062134
5060937728.0,-0.6920587420463562
5061875200.0,-0.6922214031219482
5062812672.0,-0.6909962296485901
5063750144.0,-0.6884561777114868
5064687616.0,-0.6836866736412048
5065625088.0,-0.6762197613716125
5066562560.0,-0.6686668992042542
5067500032.0,-0.6581412553787231
5068437504.0,-0.6448001265525818
5069374976.0,-0.6304471492767334
5070312448.0,-0.6152557730674744
5071249920.0,-0.5968261957168579
5072187392.0,-0.5767112374305725
5073124864.0,-0.5560910105705261
5074062336.0,-0.5338068604469299
5074999808.0,-0.5102536678314209
5075937280.0,-0.4853699803352356
5076874752.0,-0.4606326222419739
5077812736.0,-0.43478167057037354
5078750208.0,-0.4099096655845642
5079687680.0,-0.38423168659210205
5080625152.0,-0.35944101214408875
5081562624.0,-0.33624765276908875
5082500096.0,-0.31314602494239807
5083437568.0,-0.29217422008514404
5084375040.0,-0.27162879705429077
5085312512.0,-0.2539779841899872
5086249984.0,-0.2378409057855606
5087187456.0,-0.22395607829093933
5088124928.0,-0.2124219387769699
5089062400.0,-0.20298658311367035
5089999872.0,-0.19587139785289764
5090937344.0,-0.19027282297611237
5091874816.0,-0.186844140291214
5092812288.0,-0.18739572167396545
5093749760.0,-0.18995214998722076
5094687744.0,-0.1965600699186325
5095625216.0,-0.20515872538089752
5096562688.0,-0.21545322239398956
5097500160.0,-0.22931790351867676
5098437632.0,-0.24439001083374023
5099375104.0,-0.2615828812122345
5100312576.0,-0.2809339761734009
5101250048.0,-0.3012841045856476
5102187520.0,-0.32327383756637573
5103124992.0,-0.34695345163345337
5104062464.0,-0.3715048134326935
5104999936.0,-0.3961494266986847
5105937408.0,-0.4922981858253479
5106874880.0,-0.5098467469215393
5107812352.0,-0.5267037749290466
5108749824.0,-0.540955662727356
5109687296.0,-0.5538700819015503
5110624768.0,-0.5659056901931763
5111562752.0,-0.5735276341438293
5112500224.0,-0.5804337859153748
5113437696.0,-0.5845310091972351
5114375168.0,-0.5866944789886475
5115312640.0,-0.5869125723838806
5116250112.0,-0.5859073996543884
5117187584.0,-0.5831330418586731
5118125056.0,-0.5797282457351685
5119062528.0,-0.5760589838027954
5120000000.0,-0.5699206590652466
5120937472.0,-0.563931941986084
5121874944.0,-0.5573720335960388
5122812416.0,-0.550635814666748
5123749888.0,-0.5431970953941345
5124687360.0,-0.5365893840789795
5125624832.0,-0.5281254649162292
5126562304.0,-0.5207204222679138
5127499776.0,-0.5121810436248779
5128437248.0,-0.503500759601593
5129375232.0,-0.494188517332077
5130312704.0,-0.48340556025505066
5131250176.0,-0.47303274273872375
5132187648.0,-0.4600961208343506
5133125120.0,-0.44572359323501587
5134062592.0,-0.43011412024497986
5135000064.0,-0.413971871137619
5135937536.0,-0.39760348200798035
5136875008.0,-0.3789096474647522
5137812480.0,-0.3610385060310364
5138749952.0,-0.34183210134506226
5139687424.0,-0.32330983877182007
5140624896.0,-0.30656173825263977
5141562368.0,-0.28955239057540894
5142499840.0,-0.27533796429634094
5143437312.0,-0.2637861371040344
5144374784.0,-0.2564004361629486
5145312256.0,-0.25474733114242554
5146250240.0,-0.26081547141075134
5147187712.0,-0.2726302146911621
5148125184.0,-0.2881498634815216
5149062656.0,-0.3070177435874939
5150000128.0,-0.3267100155353546
5150937600.0,-0.3471183180809021
5151875072.0,-0.36812135577201843
5152812544.0,-0.38841065764427185
5153750016.0,-0.40820980072021484
5154687488.0,-0.42567065358161926
5155624960.0,-0.443348228931427
5156562432.0,-0.4575936198234558
5157499904.0,-0.47330886125564575
5158437376.0,-0.4854928255081177
5159374848.0,-0.49654731154441833
5160312320.0,-0.5073010325431824
5161249792.0,-0.5165748000144958
5162187264.0,-0.5244885683059692
5163125248.0,-0.5328502058982849
5164062720.0,-0.5405527353286743
5165000192.0,-0.5470365285873413
5165937664.0,-0.5537951588630676
5166875136.0,-0.5676961541175842
5167812608.0,-0.583301842212677
5168750080.0,-0.5992598533630371
5169687552.0,-0.6154786944389343
5170625024.0,-0.6304327249526978
5171562496.0,-0.6476718187332153
5172499968.0,-0.6628324389457703
5173437440.0,-0.6796411871910095
5174374912.0,-0.6948074698448181
5175312384.0,-0.7080197334289551
5176249856.0,-0.7209269404411316
5177187328.0,-0.7313466668128967
5178124800.0,-0.7403091192245483
5179062272.0,-0.7462445497512817
5180000256.0,-0.7495895028114319
5180937728.0,-0.7513030767440796
5181875200.0,-0.7492350935935974
5182812672.0,-0.7451215386390686
5183750144.0,-0.7380615472793579
5184687616.0,-0.7289592027664185
5185625088.0,-0.7153677344322205
5186562560.0,-0.7003005743026733
5187500032.0,-0.6827874183654785
5188437504.0,-0.663093090057373
5189374976.0,-0.6426781415939331
5190312448.0,-0.6201222538948059
5191249920.0,-0.5970765948295593
5192187392.0,-0.5738359689712524
5193124864.0,-0.5492176413536072
5194062336.0,-0.5249861478805542
5194999808.0,-0.4988795220851898
5195937280.0,-0.47582533955574036
5196874752.0,-0.45334336161613464
5197812736.0,-0.4332153797149658
5198750208.0,-0.41462308168411255
5199687680.0,-0.39743244647979736
5200625152.0,-0.3836628794670105
5201562624.0,-0.3708922266960144
5202500096.0,-0.3597271144390106
5203437568.0,-0.3520665466785431
5204375040.0,-0.34632906317710876
5205312512.0,-0.34475433826446533
5206249984.0,-0.3446541130542755
5207187456.0,-0.3474111557006836
5208124928.0,-0.354597270488739
5209062400.0,-0.3630298972129822
5209999872.0,-0.37394317984580994
5210937344.0,-0.3891705274581909
5211874816.0,-0.4054888188838959
5212812288.0,-0.4247848391532898
5213749760.0,-0.44568783044815063
5214687744.0,-0.4686487317085266
5215625216.0,-0.4927079379558563
5216562688.0,-0.519209623336792
5217500160.0,-0.5465677976608276
5218437632.0,-0.5728065967559814
5219375104.0,-0.601876974105835
5220312576.0,-0.6296914219856262
5221250048.0,-0.6571378707885742
5222187520.0,-0.6852308511734009
5223124992.0,-0.7125547528266907
5224062464.0,-0.7404712438583374
5224999936.0,-0.7656436562538147
5225937408.0,-0.8173500895500183
5226874880.0,-0.8423509001731873
5227812352.0,-0.8653241991996765
5228749824.0,-0.886187732219696
5229687296.0,-0.9054996371269226
5230624768.0,-0.9216012358665466
5231562752.0,-0.9372842907905579
5232500224.0,-0.9485935568809509
5233437696.0,-0.9588611721992493
5234375168.0,-0.96434485912323
5235312640.0,-0.9682586193084717
5236250112.0,-0.9687936305999756
5237187584.0,-0.9680394530296326
5238125056.0,-0.96445631980896
5239062528.0,-0.9569976329803467
5240000000.0,-0.9500353932380676
5240937472.0,-0.9406681656837463
5241874944.0,-0.9300147294998169
5242812416.0,-0.9179818034172058
5243749888.0,-0.9063379764556885
5244687360.0,-0.8930643796920776
5245624832.0,-0.8795769810676575
5246562304.0,-0.8638744354248047
5247499776.0,-0.8490673899650574
5248437248.0,-0.8330798745155334
5249375232.0,-0.8175028562545776
5250312704.0,-0.8028935194015503
5251250176.0,-0.7880731225013733
5252187648.0,-0.7732535600662231
5253125120.0,-0.7601892352104187
5254062592.0,-0.7473224997520447
5255000064.0,-0.7355917692184448
5255937536.0,-0.7258649468421936
5256875008.0,-0.7189722657203674
5257812480.0,-0.7127705812454224
5258749952.0,-0.7095291018486023
5259687424.0,-0.7081878781318665
5260624896.0,-0.7074186205863953
5261562368.0,-0.7092509269714355
5262499840.0,-0.7119101881980896
5263437312.0,-0.7152900695800781
5264374784.0,-0.7212190628051758
5265312256.0,-0.7285163998603821
5266250240.0,-0.7384386658668518
5267187712.0,-0.7510269284248352
5268125184.0,-0.7652782201766968
5269062656.0,-0.7832432985305786
5270000128.0,-0.8025603294372559
5270937600.0,-0.8250125050544739
5271875072.0,-0.8496007323265076
5272812544.0,-0.8761175870895386
5273750016.0,-0.9059315323829651
5274687488.0,-0.937624990940094
5275624960.0,-0.9702069163322449
5276562432.0,-1.004468560218811
5277499904.0,-1.0406912565231323
5278437376.0,-1.0770525932312012
5279374848.0,-1.1146458387374878
5280312320.0,-1.153958797454834
5281249792.0,-1.192271113395691
5282187264.0,-1.2326496839523315
5283125248.0,-1.2731975317001343
5284062720.0,-1.31394362449646
5285000192.0,-1.3550184965133667
5285937664.0,-1.3844811916351318
5286875136.0,-1.4195712804794312
5287812608.0,-1.451316475868225
5288750080.0,-1.481253981590271
5289687552.0,-1.5088139772415161
5290625024.0,-1.5327855348587036
5291562496.0,-1.5540008544921875
5292499968.0,-1.5736984014511108
5293437440.0,-1.590177059173584
5294374912.0,-1.6041827201843262
5295312384.0,-1.6123559474945068
5296249856.0,-1.6201688051223755
5297187328.0,-1.6234052181243896
5298124800.0,-1.6252286434173584
5299062272.0,-1.6228059530258179
5299999744.0,-1.6166448593139648
5300937728.0,-1.609985589981079
5301875200.0,-1.6017496585845947
5302812672.0,-1.5904650688171387
5303750144.0,-1.578210473060608
5304687616.0,-1.5642950534820557
5305625088.0,-1.5504833459854126
5306562560.0,-1.5341957807540894
5307500032.0,-1.519534945487976
5308437504.0,-1.5042999982833862
5309374976.0,-1.4888145923614502
5310312448.0,-1.4745062589645386
5311249920.0,-1.4623039960861206
5312187392.0,-1.4480303525924683
5313124864.0,-1.436489462852478
5314062336.0,-1.425650715827942
5314999808.0,-1.4170023202896118
5315937280.0,-1.4095216989517212
5316874752.0,-1.4050630331039429
5317812736.0,-1.4030927419662476
5318750208.0,-1.4040199518203735
5319687680.0,-1.408263087272644
5320625152.0,-1.4140212535858154
5321562624.0,-1.422589898109436
5322500096.0,-1.4335778951644897
5323437568.0,-1.4472249746322632
5324375040.0,-1.4638434648513794
5325312512.0,-1.4830032587051392
5326249984.0,-1.5061542987823486
5327187456.0,-1.53140389919281
5328124928.0,-1.561056137084961
5329062400.0,-1.593333125114441
5329999872.0,-1.6279933452606201
5330937344.0,-1.6662702560424805
5331874816.0,-1.7053837776184082
5332812288.0,-1.7761304378509521
5333749760.0,-1.8261908292770386
5334687744.0,-1.8774210214614868
5335625216.0,-1.9316126108169556
5336562688.0,-1.9858424663543701
5337500160.0,-2.040940999984741
5338437632.0,-2.0990045070648193
5339375104.0,-2.158616542816162
5340312576.0,-2.218259572982788
5341250048.0,-2.2779934406280518
5342187520.0,-2.3382203578948975
5343124992.0,-2.396731376647949
5344062464.0,-2.4536073207855225
5344999936.0,-2.5080389976501465
5345937408.0,-2.450115919113159
5346874880.0,-2.483733892440796
5347812352.0,-2.5150389671325684
5348749824.0,-2.5425336360931396
5349687296.0,-2.568002223968506
5350624768.0,-2.5891380310058594
5351562752.0,-2.6065452098846436
5352500224.0,-2.620210647583008
5353437696.0,-2.630887269973755
5354375168.0,-2.636319160461426
5355312640.0,-2.6376278400421143
5356250112.0,-2.6365785598754883
5357187584.0,-2.6311793327331543
5358125056.0,-2.6211163997650146
5359062528.0,-2.608450174331665
5360000000.0,-2.593057632446289
5360937472.0,-2.575026273727417
5361874944.0,-2.5546011924743652
5362812416.0,-2.529916286468506
5363749888.0,-2.5070579051971436
5364687360.0,-2.48233699798584
5365624832.0,-2.458250045776367
5366562304.0,-2.4314494132995605
5367499776.0,-2.4041194915771484
5368437248.0,-2.3786730766296387
5369375232.0,-2.3528189659118652
5370312704.0,-2.32602858543396
5371250176.0,-2.2988944053649902
5372187648.0,-2.2726409435272217
5373125120.0,-2.2464678287506104
5374062592.0,-2.221799612045288
5375000064.0,-2.198262929916382
5375937536.0,-2.1765925884246826
5376875008.0,-2.157078742980957
5377812480.0,-2.137500047683716
5378749952.0,-2.1216297149658203
5379687424.0,-2.105832576751709
5380624896.0,-2.092909812927246
5381562368.0,-2.080378532409668
5382499840.0,-2.0678281784057617
5383437312.0,-2.059692859649658
5384374784.0,-2.051453113555908
5385312256.0,-2.0441031455993652
5386250240.0,-2.0395541191101074
5387187712.0,-2.0356156826019287
5388125184.0,-2.0336532592773438
5389062656.0,-2.031291961669922
5390000128.0,-2.03292179107666
5390937600.0,-2.033925771713257
5391875072.0,-2.0366525650024414
5392812544.0,-2.039508581161499
5393750016.0,-2.042621374130249
5394687488.0,-2.0458767414093018
5395624960.0,-2.050670862197876
5396562432.0,-2.0549752712249756
5397499904.0,-2.060666084289551
5398437376.0,-2.066331624984741
5399374848.0,-2.0709643363952637
5400312320.0,-2.0769436359405518
5401249792.0,-2.0812416076660156
5402187264.0,-2.085007429122925
5403125248.0,-2.0878641605377197
5404062720.0,-2.0882081985473633
5405000192.0,-2.0890908241271973
5405937664.0,-2.233416795730591
5406875136.0,-2.231177568435669
5407812608.0,-2.227227210998535
5408750080.0,-2.2196359634399414
5409687552.0,-2.20913028717041
5410625024.0,-2.1960575580596924
5411562496.0,-2.1795270442962646
5412499968.0,-2.158827781677246
5413437440.0,-2.1371803283691406
5414374912.0,-2.113071918487549
5415312384.0,-2.0866546630859375
5416249856.0,-2.0587174892425537
5417187328.0,-2.0306243896484375
5418124800.0,-1.9988985061645508
5419062272.0,-1.9674030542373657
5420000256.0,-1.9334906339645386
5420937728.0,-1.900202751159668
5421875200.0,-1.8662700653076172
5422812672.0,-1.8331657648086548
5423750144.0,-1.8002711534500122
5424687616.0,-1.7681947946548462
5425625088.0,-1.734382152557373
5426562560.0,-1.7029863595962524
5427500032.0,-1.6726690530776978
5428437504.0,-1.642137885093689
5429374976.0,-1.6141698360443115
5430312448.0,-1.5859307050704956
5431249920.0,-1.558220386505127
5432187392.0,-1.5326367616653442
5433124864.0,-1.5094518661499023
5434062336.0,-1.4869296550750732
5434999808.0,-1.4646892547607422
5435937280.0,-1.4434624910354614
5436874752.0,-1.4229315519332886
5437812736.0,-1.4055519104003906
5438750208.0,-1.3881522417068481
5439687680.0,-1.3733162879943848
5440625152.0,-1.3585221767425537
5441562624.0,-1.3460441827774048
5442500096.0,-1.3349497318267822
5443437568.0,-1.3257603645324707
5444375040.0,-1.3163022994995117
5445312512.0,-1.309524655342102
5446249984.0,-1.306111454963684
5447187456.0,-1.3020492792129517
5448124928.0,-1.3012269735336304
5449062400.0,-1.3028321266174316
5449999872.0,-1.3046938180923462
5450937344.0,-1.3096036911010742
5451874816.0,-1.3138048648834229
5452812288.0,-1.3211240768432617
5453749760.0,-1.328038215637207
5454687744.0,-1.3364678621292114
5455625216.0,-1.3459596633911133
5456562688.0,-1.355454683303833
5457500160.0,-1.36635160446167
5458437632.0,-1.376725435256958
5459375104.0,-1.386448621749878
5460312576.0,-1.3989168405532837
5461250048.0,-1.4085354804992676
5462187520.0,-1.417203664779663
5463124992.0,-1.4262373447418213
5464062464.0,-1.4333381652832031
5464999936.0,-1.4387127161026
5465937408.0,-1.4486148357391357
5466874880.0,-1.4479600191116333
5467812352.0,-1.4470033645629883
5468749824.0,-1.4422188997268677
5469687296.0,-1.4359649419784546
5470624768.0,-1.4264342784881592
5471562752.0,-1.4150378704071045
5472500224.0,-1.4015461206436157
5473437696.0,-1.3868855237960815
5474375168.0,-1.3678563833236694
5475312640.0,-1.348917007446289
5476250112.0,-1.329278826713562
5477187584.0,-1.3063921928405762
5478125056.0,-1.2838172912597656
5479062528.0,-1.2582298517227173
5480000000.0,-1.231372594833374
5480937472.0,-1.204956293106079
5481874944.0,-1.1767423152923584
5482812416.0,-1.1491833925247192
5483749888.0,-1.1213328838348389
5484687360.0,-1.0936305522918701
5485624832.0,-1.0668292045593262
5486562304.0,-1.0388085842132568
5487499776.0,-1.0118706226348877
5488437248.0,-0.9860419034957886
5489375232.0,-0.9601194858551025
5490312704.0,-0.9356594085693359
5491250176.0,-0.912780225276947
5492187648.0,-0.8901493549346924
5493125120.0,-0.8688557147979736
5494062592.0,-0.8486678004264832
5495000064.0,-0.8305455446243286
5495937536.0,-0.8151588439941406
5496875008.0,-0.8002426624298096
5497812480.0,-0.7885398268699646
5498749952.0,-0.7795707583427429
5499687424.0,-0.7732487916946411
5500624896.0,-0.7690920829772949
5501562368.0,-0.7677342295646667
5502499840.0,-0.7693578600883484
5503437312.0,-0.7728423476219177
5504374784.0,-0.7795299291610718
5505312256.0,-0.7897148132324219
5506250240.0,-0.8020524978637695
5507187712.0,-0.8183001279830933
5508125184.0,-0.8366590142250061
5509062656.0,-0.857734739780426
5510000128.0,-0.8800035119056702
5510937600.0,-0.9053758978843689
5511875072.0,-0.9323688745498657
5512812544.0,-0.9623342156410217
5513750016.0,-0.9926192164421082
5514687488.0,-1.0231727361679077
5515624960.0,-1.0555976629257202
5516562432.0,-1.0873147249221802
5517499904.0,-1.1205263137817383
5518437376.0,-1.1509889364242554
5519374848.0,-1.1816242933273315
5520312320.0,-1.2122323513031006
5521249792.0,-1.240455150604248
5522187264.0,-1.2642011642456055
5523125248.0,-1.286180019378662
5524062720.0,-1.3031600713729858
5525000192.0,-1.319348692893982
5525937664.0,-1.155432939529419
5526875136.0,-1.1602007150650024
5527812608.0,-1.1642706394195557
5528750080.0,-1.168071985244751
5529687552.0,-1.168348789215088
5530625024.0,-1.1668384075164795
5531562496.0,-1.162536859512329
5532499968.0,-1.1584841012954712
5533437440.0,-1.1511716842651367
5534374912.0,-1.1434695720672607
5535312384.0,-1.1329443454742432
5536249856.0,-1.1228386163711548
5537187328.0,-1.1110787391662598
5538124800.0,-1.0971907377243042
5539062272.0,-1.083858609199524
5539999744.0,-1.0682170391082764
5540937728.0,-1.0539190769195557
5541875200.0,-1.0377253293991089
5542812672.0,-1.0216726064682007
5543750144.0,-1.006829023361206
5544687616.0,-0.9911954998970032
5545625088.0,-0.9759032130241394
5546562560.0,-0.9605434536933899
5547500032.0,-0.94654381275177
5548437504.0,-0.9336285591125488
5549374976.0,-0.9203072190284729
5550312448.0,-0.9085953831672668
5551249920.0,-0.8982585072517395
5552187392.0,-0.888562798500061
5553124864.0,-0.8813645243644714
5554062336.0,-0.8754891753196716
5554999808.0,-0.8717501163482666
5555937280.0,-0.8688411116600037
5556874752.0,-0.869361162185669
5557812736.0,-0.8709610104560852
5558750208.0,-0.8753671646118164
5559687680.0,-0.8812940716743469
5560625152.0,-0.8923483490943909
5561562624.0,-0.9038178324699402
5562500096.0,-0.9194102883338928
5563437568.0,-0.9374256134033203
5564375040.0,-0.9570863246917725
5565312512.0,-0.9811551570892334
5566249984.0,-1.0060759782791138
5567187456.0,-1.032131552696228
5568124928.0,-1.0604490041732788
5569062400.0,-1.0896819829940796
5569999872.0,-1.1219518184661865
5570937344.0,-1.1518837213516235
5571874816.0,-1.1831066608428955
5572812288.0,-1.2138402462005615
5573749760.0,-1.244121789932251
5574687744.0,-1.2731965780258179
5575625216.0,-1.300668716430664
5576562688.0,-1.324806809425354
5577500160.0,-1.3473538160324097
5578437632.0,-1.3673968315124512
5579375104.0,-1.3847627639770508
5580312576.0,-1.3990761041641235
5581250048.0,-1.4106824398040771
5582187520.0,-1.4184092283248901
5583124992.0,-1.4252381324768066
5584062464.0,-1.4287468194961548
5584999936.0,-1.4304224252700806
5585937408.0,-1.3534613847732544
5586874880.0,-1.3605070114135742
5587812352.0,-1.364524006843567
5588749824.0,-1.3687665462493896
5589687296.0,-1.3719816207885742
5590624768.0,-1.3742048740386963
5591562752.0,-1.3746552467346191
5592500224.0,-1.3753011226654053
5593437696.0,-1.3742364645004272
5594375168.0,-1.371938943862915
5595312640.0,-1.3692610263824463
5596250112.0,-1.3640068769454956
5597187584.0,-1.3599419593811035
5598125056.0,-1.3550477027893066
5599062528.0,-1.3495385646820068
5600000000.0,-1.3442163467407227
5600937472.0,-1.3380030393600464
5601874944.0,-1.3330936431884766
5602812416.0,-1.3259350061416626
5603749888.0,-1.3183602094650269
5604687360.0,-1.3130351305007935
5605624832.0,-1.3063157796859741
5606562304.0,-1.2987831830978394
5607499776.0,-1.2931452989578247
5608437248.0,-1.2867825031280518
5609375232.0,-1.2814011573791504
5610312704.0,-1.274856686592102
5611250176.0,-1.2682030200958252
5612187648.0,-1.2614080905914307
5613125120.0,-1.2553192377090454
5614062592.0,-1.2487415075302124
5615000064.0,-1.2414292097091675
5615937536.0,-1.23545503616333
5616875008.0,-1.2279276847839355
5617812480.0,-1.2226262092590332
5618749952.0,-1.2174257040023804
5619687424.0,-1.2115132808685303
5620624896.0,-1.20749831199646
5621562368.0,-1.2039165496826172
5622499840.0,-1.2010148763656616
5623437312.0,-1.1981931924819946
5624374784.0,-1.1948392391204834
5625312256.0,-1.193890929222107
5626250240.0,-1.191585898399353
5627187712.0,-1.188412070274353
5628125184.0,-1.1850059032440186
5629062656.0,-1.1815117597579956
5630000128.0,-1.1780747175216675
5630937600.0,-1.1742595434188843
5631875072.0,-1.1707454919815063
5632812544.0,-1.1659936904907227
5633750016.0,-1.1608725786209106
5634687488.0,-1.1556116342544556
5635624960.0,-1.149927020072937
5636562432.0,-1.1430712938308716
5637499904.0,-1.1351929903030396
5638437376.0,-1.1266553401947021
5639374848.0,-1.1167147159576416
5640312320.0,-1.1057895421981812
5641249792.0,-1.0943354368209839
5642187264.0,-1.08362877368927
5643125248.0,-1.0718207359313965
5644062720.0,-1.0596410036087036
5645000192.0,-1.0462396144866943
5645937664.0,-1.0427254438400269
5646875136.0,-1.0275038480758667
5647812608.0,-1.0111004114151
5648750080.0,-0.99411940574646
5649687552.0,-0.9755335450172424
5650625024.0,-0.958058774471283
5651562496.0,-0.9386744499206543
5652499968.0,-0.918271005153656
5653437440.0,-0.8980342149734497
5654374912.0,-0.8758783936500549
5655312384.0,-0.8549764752388
5656249856.0,-0.8336049318313599
5657187328.0,-0.8112218379974365
5658124800.0,-0.7889636754989624
5659062272.0,-0.7661265730857849
5660000256.0,-0.7445157766342163
5660937728.0,-0.7225399613380432
5661875200.0,-0.701201319694519
5662812672.0,-0.6803059577941895
5663750144.0,-0.6607468724250793
5664687616.0,-0.6411910653114319
5665625088.0,-0.6236801147460938
5666562560.0,-0.6067765951156616
5667500032.0,-0.5919439196586609
5668437504.0,-0.5779358148574829
5669374976.0,-0.5648899674415588
5670312448.0,-0.5540403723716736
5671249920.0,-0.5457900762557983
5672187392.0,-0.5375821590423584
5673124864.0,-0.5317434668540955
5674062336.0,-0.5275256037712097
5674999808.0,-0.5249710083007812
5675937280.0,-0.5227871537208557
5676874752.0,-0.5232086777687073
5677812736.0,-0.5237710475921631
5678750208.0,-0.5252091288566589
5679687680.0,-0.5284860730171204
5680625152.0,-0.531012237071991
5681562624.0,-0.5356786847114563
5682500096.0,-0.5392332077026367
5683437568.0,-0.5431391596794128
5684375040.0,-0.5471201539039612
5685312512.0,-0.5511329770088196
5686249984.0,-0.5541216135025024
5687187456.0,-0.5560734868049622
5688124928.0,-0.5586345791816711
5689062400.0,-0.5605732798576355
5689999872.0,-0.5601829886436462
5690937344.0,-0.5584617853164673
5691874816.0,-0.5561155080795288
5692812288.0,-0.5525645613670349
5693749760.0,-0.5460143685340881
5694687744.0,-0.5391884446144104
5695625216.0,-0.5307494401931763
5696562688.0,-0.5209207534790039
5697500160.0,-0.509299099445343
5698437632.0,-0.4969375729560852
5699375104.0,-0.4834076166152954
5700312576.0,-0.4688859283924103
5701250048.0,-0.45584601163864136
5702187520.0,-0.4409988522529602
5703124992.0,-0.42707088589668274
5704062464.0,-0.4135498106479645
5704999936.0,-0.4005105197429657
5705937408.0,-0.36826425790786743
5706874880.0,-0.3662092387676239
5707812352.0,-0.3649977445602417
5708749824.0,-0.3647724986076355
5709687296.0,-0.36283600330352783
5710624768.0,-0.3618069291114807
5711562752.0,-0.36161917448043823
5712500224.0,-0.3598763942718506
5713437696.0,-0.35804298520088196
5714375168.0,-0.35871392488479614
5715312640.0,-0.35636141896247864
5716250112.0,-0.354204922914505
5717187584.0,-0.35108599066734314
5718125056.0,-0.34632790088653564
5719062528.0,-0.3424251675605774
5720000000.0,-0.33610889315605164
5720937472.0,-0.3301267623901367
5721874944.0,-0.3228837847709656
5722812416.0,-0.31562191247940063
5723749888.0,-0.30675309896469116
5724687360.0,-0.29733866453170776
5725624832.0,-0.28980469703674316
5726562304.0,-0.2811298668384552
5727499776.0,-0.27279752492904663
5728437248.0,-0.26605916023254395
5729375232.0,-0.25911206007003784
5730312704.0,-0.252957820892334
5731250176.0,-0.24841268360614777
5732187648.0,-0.24524857103824615
5733125120.0,-0.24388185143470764
5734062592.0,-0.24493920803070068
5735000064.0,-0.24898435175418854
5735937536.0,-0.25356870889663696
5736875008.0,-0.2608506679534912
5737812480.0,-0.27003127336502075
5738749952.0,-0.2808724641799927
5739687424.0,-0.29377177357673645
5740624896.0,-0.30739888548851013
5741562368.0,-0.32079458236694336
5742499840.0,-0.33471450209617615
5743437312.0,-0.3483450710773468
5744374784.0,-0.3612653911113739
5745312256.0,-0.3711070120334625
5746250240.0,-0.38019707798957825
5747187712.0,-0.38657575845718384
5748125184.0,-0.3910629153251648
5749062656.0,-0.3931486904621124
5750000128.0,-0.39177924394607544
5750937600.0,-0.38964876532554626
5751875072.0,-0.3850400149822235
5752812544.0,-0.37943708896636963
5753750016.0,-0.37025824189186096
5754687488.0,-0.3628886938095093
5755624960.0,-0.3545076847076416
5756562432.0,-0.34578052163124084
5757499904.0,-0.3385942876338959
5758437376.0,-0.3301199972629547
5759374848.0,-0.32353895902633667
5760312320.0,-0.31711795926094055
5761249792.0,-0.31211990118026733
5762187264.0,-0.3074696362018585
5763125248.0,-0.30482780933380127
5764062720.0,-0.3019716143608093
5765000192.0,-0.29922690987586975
5765937664.0,-0.22171808779239655
5766875136.0,-0.2250472903251648
5767812608.0,-0.22984305024147034
5768750080.0,-0.23421107232570648
5769687552.0,-0.23996615409851074
5770625024.0,-0.24507305026054382
5771562496.0,-0.25174546241760254
5772499968.0,-0.25808605551719666
5773437440.0,-0.265542596578598
5774374912.0,-0.2726243734359741
5775312384.0,-0.27905258536338806
5776249856.0,-0.28666165471076965
5777187328.0,-0.2947622239589691
5778124800.0,-0.3032882809638977
5779062272.0,-0.3101666569709778
5779999744.0,-0.3173061013221741
5780937728.0,-0.32426217198371887
5781875200.0,-0.32948315143585205
5782812672.0,-0.3354676067829132
5783750144.0,-0.3406711518764496
5784687616.0,-0.3445527255535126
5785625088.0,-0.34981468319892883
5786562560.0,-0.35320571064949036
5787500032.0,-0.35618194937705994
5788437504.0,-0.357861191034317
5789374976.0,-0.3565158247947693
5790312448.0,-0.3544383943080902
5791249920.0,-0.35191139578819275
5792187392.0,-0.34915798902511597
5793124864.0,-0.34413859248161316
5794062336.0,-0.33879053592681885
5794999808.0,-0.3328389823436737
5795937280.0,-0.3252045810222626
5796874752.0,-0.3169328570365906
5797812736.0,-0.30856984853744507
5798750208.0,-0.29956284165382385
5799687680.0,-0.2889086902141571
5800625152.0,-0.27870580554008484
5801562624.0,-0.2678048014640808
5802500096.0,-0.25597599148750305
5803437568.0,-0.2434883713722229
5804375040.0,-0.22943146526813507
5805312512.0,-0.2152826488018036
5806249984.0,-0.2016579806804657
5807187456.0,-0.18714343011379242
5808124928.0,-0.1720546931028366
5809062400.0,-0.15700270235538483
5809999872.0,-0.14125840365886688
5810937344.0,-0.12547875940799713
5811874816.0,-0.11058082431554794
5812812288.0,-0.09598694741725922
5813749760.0,-0.08043813705444336
5814687744.0,-0.06809292733669281
5815625216.0,-0.05428276211023331
5816562688.0,-0.04152568429708481
5817500160.0,-0.029342668130993843
5818437632.0,-0.016837043687701225
5819375104.0,-0.005088748876005411
5820312576.0,0.005435050930827856
5821250048.0,0.015877755358815193
5822187520.0,0.025202777236700058
5823124992.0,0.03195669874548912
5824062464.0,0.03883235901594162
5824999936.0,0.04542380943894386
5825937408.0,-0.13935960829257965
5826874880.0,-0.14426366984844208
5827812352.0,-0.14772091805934906
5828749824.0,-0.15038396418094635
5829687296.0,-0.15044696629047394
5830624768.0,-0.14964181184768677
5831562752.0,-0.14885114133358002
5832500224.0,-0.14613701403141022
5833437696.0,-0.14251460134983063
5834375168.0,-0.13973945379257202
5835312640.0,-0.1356498897075653
5836250112.0,-0.13251256942749023
5837187584.0,-0.12873630225658417
5838125056.0,-0.12643630802631378
5839062528.0,-0.1243685930967331
5840000000.0,-0.12485191971063614
5840937472.0,-0.12537163496017456
5841874944.0,-0.1275618076324463
5842812416.0,-0.12948565185070038
5843749888.0,-0.1335078775882721
5844687360.0,-0.1379171907901764
5845624832.0,-0.1428522914648056
5846562304.0,-0.1494467556476593
5847499776.0,-0.15724021196365356
5848437248.0,-0.16526257991790771
5849375232.0,-0.17353218793869019
5850312704.0,-0.18296568095684052
5851250176.0,-0.1934930980205536
5852187648.0,-0.20371611416339874
5853125120.0,-0.21361428499221802
5854062592.0,-0.22382649779319763
5855000064.0,-0.23361064493656158
5855937536.0,-0.24157260358333588
5856875008.0,-0.25019434094429016
5857812480.0,-0.25739336013793945
5858749952.0,-0.26259946823120117
5859687424.0,-0.26773902773857117
5860624896.0,-0.2695947587490082
5861562368.0,-0.2694888114929199
5862499840.0,-0.26730287075042725
5863437312.0,-0.26297661662101746
5864374784.0,-0.2580290138721466
5865312256.0,-0.2522740662097931
5866250240.0,-0.2427767813205719
5867187712.0,-0.23195093870162964
5868125184.0,-0.220798060297966
5869062656.0,-0.20796270668506622
5870000128.0,-0.1962357759475708
5870937600.0,-0.1821354180574417
5871875072.0,-0.16788853704929352
5872812544.0,-0.15646472573280334
5873750016.0,-0.14328978955745697
5874687488.0,-0.13327711820602417
5875624960.0,-0.12258676439523697
5876562432.0,-0.1142117977142334
5877499904.0,-0.10835912078619003
5878437376.0,-0.1040722131729126
5879374848.0,-0.10189579427242279
5880312320.0,-0.10213280469179153
5881249792.0,-0.1047264039516449
5882187264.0,-0.1080750897526741
5883125248.0,-0.1141420230269432
5884062720.0,-0.12118349969387054
5885000192.0,-0.12916328012943268
5885937664.0,-0.06962978839874268
5886875136.0,-0.07433334738016129
5887812608.0,-0.07881008833646774
5888750080.0,-0.08572472631931305
5889687552.0,-0.09167875349521637
5890625024.0,-0.09997057169675827
5891562496.0,-0.10612279176712036
5892499968.0,-0.11339692026376724
5893437440.0,-0.12194325774908066
5894374912.0,-0.1302710771560669
5895312384.0,-0.13907204568386078
5896249856.0,-0.1484346091747284
5897187328.0,-0.15643790364265442
5898124800.0,-0.1651192307472229
5899062272.0,-0.17425577342510223
5900000256.0,-0.18349573016166687
5900937728.0,-0.1934666484594345
5901875200.0,-0.20170928537845612
5902812672.0,-0.21088944375514984
5903750144.0,-0.21938668191432953
5904687616.0,-0.22836968302726746
5905625088.0,-0.2377540022134781
5906562560.0,-0.24677707254886627
5907500032.0,-0.2548903524875641
5908437504.0,-0.2617994546890259
5909374976.0,-0.2707691192626953
5910312448.0,-0.27808934450149536
5911249920.0,-0.28585922718048096
5912187392.0,-0.29420679807662964
5913124864.0,-0.3003782331943512
5914062336.0,-0.30744731426239014
5914999808.0,-0.3144035041332245
5915937280.0,-0.31919077038764954
5916874752.0,-0.3237383961677551
5917812736.0,-0.32787609100341797
5918750208.0,-0.3295956552028656
5919687680.0,-0.33175092935562134
5920625152.0,-0.3337544798851013
5921562624.0,-0.3334766626358032
5922500096.0,-0.3327299654483795
5923437568.0,-0.3314349055290222
5924375040.0,-0.32838645577430725
5925312512.0,-0.32340168952941895
5926249984.0,-0.31861603260040283
5927187456.0,-0.31235843896865845
5928124928.0,-0.3048264682292938
5929062400.0,-0.2954834997653961
5929999872.0,-0.2845954895019531
5930937344.0,-0.27248167991638184
5931874816.0,-0.25876858830451965
5932812288.0,-0.2447308599948883
5933749760.0,-0.22977814078330994
5934687744.0,-0.21325674653053284
5935625216.0,-0.19520093500614166
5936562688.0,-0.17776119709014893
5937500160.0,-0.15948213636875153
5938437632.0,-0.13990801572799683
5939375104.0,-0.12140001356601715
5940312576.0,-0.10338913649320602
5941250048.0,-0.08536480367183685
5942187520.0,-0.06834710389375687
5943124992.0,-0.051270220428705215
5944062464.0,-0.03636562451720238
5944999936.0,-0.023803478106856346
5945937408.0,-0.12690013647079468
5946874880.0,-0.13425913453102112
5947812352.0,-0.1451110541820526
5948749824.0,-0.15770259499549866
5949687296.0,-0.17071770131587982
5950624768.0,-0.18577291071414948
5951562752.0,-0.20116198062896729
5952500224.0,-0.21951749920845032
5953437696.0,-0.23867034912109375
5954375168.0,-0.25798264145851135
5955312640.0,-0.2769453227519989
5956250112.0,-0.29630333185195923
5957187584.0,-0.31607961654663086
5958125056.0,-0.33641451597213745
5959062528.0,-0.35566848516464233
5960000000.0,-0.37439611554145813
5960937472.0,-0.3911401033401489
5961874944.0,-0.40607893466949463
5962812416.0,-0.4209029972553253
5963749888.0,-0.431989461183548
5964687360.0,-0.4423185884952545
5965624832.0,-0.4482001066207886
5966562304.0,-0.45270204544067383
5967499776.0,-0.4528200924396515
5968437248.0,-0.45146939158439636
5969375232.0,-0.4448121190071106
5970312704.0,-0.43615004420280457
5971250176.0,-0.4237944483757019
5972187648.0,-0.4075499475002289
5973125120.0,-0.38901659846305847
5974062592.0,-0.3689486086368561
5975000064.0,-0.3469923436641693
5975937536.0,-0.3230210542678833
5976875008.0,-0.29867735505104065
5977812480.0,-0.2737177312374115
5978749952.0,-0.24821867048740387
5979687424.0,-0.22432175278663635
5980624896.0,-0.2011307179927826
5981562368.0,-0.17906787991523743
5982499840.0,-0.15875326097011566
5983437312.0,-0.14100749790668488
5984374784.0,-0.12520258128643036
5985312256.0,-0.11149435490369797
5986250240.0,-0.10045517981052399
5987187712.0,-0.09129416942596436
5988125184.0,-0.08501330018043518
5989062656.0,-0.08178266137838364
5990000128.0,-0.08043207228183746
5990937600.0,-0.08072743564844131
5991875072.0,-0.08317216485738754
5992812544.0,-0.0880494937300682
5993750016.0,-0.09488700330257416
5994687488.0,-0.10185562074184418
5995624960.0,-0.10917302966117859
5996562432.0,-0.11770036816596985
5997499904.0,-0.12738780677318573
5998437376.0,-0.1363382786512375
5999374848.0,-0.1449175924062729
6000312320.0,-0.1540619432926178
6001249792.0,-0.16236311197280884
6002187264.0,-0.16957345604896545
6003125248.0,-0.17585793137550354
6004062720.0,-0.18110325932502747
6005000192.0,-0.1420065462589264
6005937664.0,-0.14863184094429016
6006875136.0,-0.1568954586982727
6007812608.0,-0.1649796962738037
6008750080.0,-0.17294108867645264
6009687552.0,-0.1818857640028
6010625024.0,-0.19333592057228088
6011562496.0,-0.20415006577968597
6012499968.0,-0.21657457947731018
6013437440.0,-0.22995571792125702
6014374912.0,-0.2439100295305252
6015312384.0,-0.2582056224346161
6016249856.0,-0.272285521030426
6017187328.0,-0.28709638118743896
6018124800.0,-0.29972317814826965
6019062272.0,-0.3139384090900421
6019999744.0,-0.3254745602607727
6020937728.0,-0.3390764892101288
6021875200.0,-0.3486032485961914
6022812672.0,-0.358978807926178
6023750144.0,-0.3684210777282715
6024687616.0,-0.3759252429008484
6025625088.0,-0.3834804892539978
6026562560.0,-0.38895654678344727
6027500032.0,-0.39258459210395813
6028437504.0,-0.39396193623542786
6029374976.0,-0.3952726423740387
6030312448.0,-0.39396488666534424
6031249920.0,-0.390514075756073
6032187392.0,-0.3858877122402191
6033124864.0,-0.3794516623020172
6034062336.0,-0.3717080354690552
6034999808.0,-0.3629752993583679
6035937280.0,-0.35426759719848633
6036874752.0,-0.3424980342388153
6037812736.0,-0.3313503563404083
6038750208.0,-0.3203077018260956
6039687680.0,-0.3087916970252991
6040625152.0,-0.29653680324554443
6041562624.0,-0.28579583764076233
6042500096.0,-0.27489805221557617
6043437568.0,-0.2636343538761139
6044375040.0,-0.2537977397441864
6045312512.0,-0.24563665688037872
6046249984.0,-0.23674027621746063
6047187456.0,-0.2298419028520584
6048124928.0,-0.2234150916337967
6049062400.0,-0.21778501570224762
6049999872.0,-0.2134975790977478
6050937344.0,-0.21016018092632294
6051874816.0,-0.20795968174934387
6052812288.0,-0.20706430077552795
6053749760.0,-0.2074395716190338
6054687744.0,-0.2084987908601761
6055625216.0,-0.21002322435379028
6056562688.0,-0.2125333994626999
6057500160.0,-0.21514421701431274
6058437632.0,-0.2190077155828476
6059375104.0,-0.2230379730463028
6060312576.0,-0.22762387990951538
6061250048.0,-0.2322244793176651
6062187520.0,-0.23779647052288055
6063124992.0,-0.2436961531639099
6064062464.0,-0.24923647940158844
6064999936.0,-0.14968182146549225
6065937408.0,-0.17035208642482758
6066874880.0,-0.19206944108009338
6067812352.0,-0.21244269609451294
6068749824.0,-0.2320396453142166
6069687296.0,-0.25251826643943787
6070624768.0,-0.2723144590854645
6071562752.0,-0.2927664518356323
6072500224.0,-0.31091034412384033
6073437696.0,-0.328492671251297
6074375168.0,-0.3451780378818512
6075312640.0,-0.361347496509552
6076250112.0,-0.3758147954940796
6077187584.0,-0.3885802626609802
6078125056.0,-0.40226107835769653
6079062528.0,-0.4128117263317108
6080000000.0,-0.42349547147750854
6080937472.0,-0.4309561550617218
6081874944.0,-0.4384753108024597
6082812416.0,-0.44371160864830017
6083749888.0,-0.44740718603134155
6084687360.0,-0.4490492045879364
6085624832.0,-0.4493356943130493
6086562304.0,-0.4481637179851532
6087499776.0,-0.44675737619400024
6088437248.0,-0.44244179129600525
6089375232.0,-0.43913623690605164
6090312704.0,-0.4331415891647339
6091250176.0,-0.4249764382839203
6092187648.0,-0.4186788499355316
6093125120.0,-0.4089583158493042
6094062592.0,-0.3980655074119568
6095000064.0,-0.386246919631958
6095937536.0,-0.3746892809867859
6096875008.0,-0.3606480360031128
6097812480.0,-0.3475727438926697
6098749952.0,-0.3336600065231323
6099687424.0,-0.31852057576179504
6100624896.0,-0.30321207642555237
6101562368.0,-0.2889745235443115
6102499840.0,-0.2740200161933899
6103437312.0,-0.2586149573326111
6104374784.0,-0.24401742219924927
6105312256.0,-0.22924479842185974
6106250240.0,-0.21505479514598846
6107187712.0,-0.20031259953975677
6108125184.0,-0.18685027956962585
6109062656.0,-0.17299100756645203
6110000128.0,-0.1596713364124298
6110937600.0,-0.14724446833133698
6111875072.0,-0.1342749148607254
6112812544.0,-0.12265868484973907
6113750016.0,-0.11148285120725632
6114687488.0,-0.10178349912166595
6115624960.0,-0.09338732063770294
6116562432.0,-0.08508811146020889
6117499904.0,-0.07817529141902924
6118437376.0,-0.0751274898648262
6119374848.0,-0.07386863231658936
6120312320.0,-0.07531871646642685
6121249792.0,-0.0765356570482254
6122187264.0,-0.08047892898321152
6123125248.0,-0.08589862287044525
6124062720.0,-0.09342531859874725
6125000192.0,-0.14639469981193542
6125937664.0,-0.16073128581047058
6126875136.0,-0.17662176489830017
6127812608.0,-0.19171996414661407
6128750080.0,-0.20771454274654388
6129687552.0,-0.22322487831115723
6130625024.0,-0.23854199051856995
6131562496.0,-0.2540851831436157
6132499968.0,-0.26999717950820923
6133437440.0,-0.2868475914001465
6134374912.0,-0.3012210726737976
6135312384.0,-0.3165106773376465
6136249856.0,-0.3319295346736908
6137187328.0,-0.34623247385025024
6138124800.0,-0.36041077971458435
6139062272.0,-0.37458324432373047
6140000256.0,-0.3856627345085144
6140937728.0,-0.3965989947319031
6141875200.0,-0.4083262085914612
6142812672.0,-0.4171053469181061
6143750144.0,-0.42546021938323975
6144687616.0,-0.4346637427806854
6145625088.0,-0.44193750619888306
6146562560.0,-0.4483143389225006
6147500032.0,-0.45267632603645325
6148437504.0,-0.4551343321800232
6149374976.0,-0.4562770128250122
6150312448.0,-0.45596039295196533
6151249920.0,-0.4529803991317749
6152187392.0,-0.4488958418369293
6153124864.0,-0.4433610439300537
6154062336.0,-0.4362558126449585
6154999808.0,-0.428347647190094
6155937280.0,-0.41899529099464417
6156874752.0,-0.4075061082839966
6157812736.0,-0.39697009325027466
6158750208.0,-0.3850483298301697
6159687680.0,-0.37201055884361267
6160625152.0,-0.35847207903862
6161562624.0,-0.34367915987968445
6162500096.0,-0.32985806465148926
6163437568.0,-0.3154279887676239
6164375040.0,-0.3010445237159729
6165312512.0,-0.2879549562931061
6166249984.0,-0.2736682593822479
6167187456.0,-0.258883535861969
6168124928.0,-0.24556270241737366
6169062400.0,-0.23282010853290558
6169999872.0,-0.21799522638320923
6170937344.0,-0.2023710459470749
6171874816.0,-0.19005662202835083
6172812288.0,-0.1777285486459732
6173749760.0,-0.16717931628227234
6174687744.0,-0.15546150505542755
6175625216.0,-0.14545169472694397
6176562688.0,-0.13703903555870056
6177500160.0,-0.12989471852779388
6178437632.0,-0.12338877469301224
6179375104.0,-0.11894164979457855
6180312576.0,-0.11496588587760925
6181250048.0,-0.1136106550693512
6182187520.0,-0.11308912187814713
6183124992.0,-0.11502298712730408
6184062464.0,-0.11780177801847458
6184999936.0,-0.26250651478767395
6185937408.0,-0.2787577509880066
6186874880.0,-0.2951492667198181
6187812352.0,-0.3120020031929016
6188749824.0,-0.32783040404319763
6189687296.0,-0.34463027119636536
6190624768.0,-0.3622395098209381
6191562752.0,-0.3786822557449341
6192500224.0,-0.393917053937912
6193437696.0,-0.4082249701023102
6194375168.0,-0.42155659198760986
6195312640.0,-0.4315604269504547
6196250112.0,-0.4404236078262329
6197187584.0,-0.44719192385673523
6198125056.0,-0.4535364508628845
6199062528.0,-0.4584258496761322
6200000000.0,-0.4613593816757202
6200937472.0,-0.46378615498542786
6201874944.0,-0.465816855430603
6202812416.0,-0.4679597318172455
6203749888.0,-0.47041791677474976
6204687360.0,-0.4723486602306366
6205624832.0,-0.476081520318985
6206562304.0,-0.4787804186344147
6207499776.0,-0.48291265964508057
6208437248.0,-0.48934534192085266
6209375232.0,-0.4971240162849426
6210312704.0,-0.5047491192817688
6211250176.0,-0.5114232897758484
6212187648.0,-0.5211074352264404
6213125120.0,-0.5294225215911865
6214062592.0,-0.5332250595092773
6215000064.0,-0.5344129800796509
6215937536.0,-0.5302805304527283
6216875008.0,-0.5242563486099243
6217812480.0,-0.514822781085968
6218749952.0,-0.5067824721336365
6219687424.0,-0.4969575107097626
6220624896.0,-0.4845748543739319
6221562368.0,-0.4718504250049591
6222499840.0,-0.45816072821617126
6223437312.0,-0.4465748965740204
6224374784.0,-0.43212586641311646
6225312256.0,-0.42074882984161377
6226250240.0,-0.4091276526451111
6227187712.0,-0.39892011880874634
6228125184.0,-0.3894588351249695
6229062656.0,-0.3807913661003113
6230000128.0,-0.37263280153274536
6230937600.0,-0.36586010456085205
6231875072.0,-0.3585050404071808
6232812544.0,-0.3516140878200531
6233750016.0,-0.3442193269729614
6234687488.0,-0.33796846866607666
6235624960.0,-0.3322194814682007
6236562432.0,-0.3256583511829376
6237499904.0,-0.3190750479698181
6238437376.0,-0.3120436370372772
6239374848.0,-0.3045458197593689
6240312320.0,-0.29868367314338684
6241249792.0,-0.29117849469184875
6242187264.0,-0.28235864639282227
6243125248.0,-0.27455464005470276
6244062720.0,-0.26816463470458984
6245000192.0,-0.4201644957065582
6245937664.0,-0.4223025441169739
6246875136.0,-0.4252849519252777
6247812608.0,-0.4301376938819885
6248750080.0,-0.4368307888507843
6249687552.0,-0.4457016587257385
6250625024.0,-0.45604589581489563
6251562496.0,-0.4696907699108124
6252499968.0,-0.48446667194366455
6253437440.0,-0.5035608410835266
6254374912.0,-0.524445652961731
6255312384.0,-0.5472550392150879
6256249856.0,-0.5718650817871094
6257187328.0,-0.5987638235092163
6258124800.0,-0.6260232329368591
6259062272.0,-0.6550027132034302
6259999744.0,-0.6839143633842468
6260937728.0,-0.7109835743904114
6261875200.0,-0.7375897765159607
6262812672.0,-0.7634952068328857
6263750144.0,-0.7858856320381165
6264687616.0,-0.8074759244918823
6265625088.0,-0.8271529674530029
6266562560.0,-0.8422841429710388
6267500032.0,-0.8555917739868164
6268437504.0,-0.865066647529602
6269374976.0,-0.8713459372520447
6270312448.0,-0.8742984533309937
6271249920.0,-0.8755361437797546
6272187392.0,-0.8717636466026306
6273124864.0,-0.8657750487327576
6274062336.0,-0.8546735048294067
6274999808.0,-0.8422830104827881
6275937280.0,-0.8262847065925598
6276874752.0,-0.8067245483398438
6277812736.0,-0.7855150103569031
6278750208.0,-0.7601804733276367
6279687680.0,-0.7338615655899048
6280625152.0,-0.7055276036262512
6281562624.0,-0.6767611503601074
6282500096.0,-0.6468719244003296
6283437568.0,-0.6154913306236267
6284375040.0,-0.5846105813980103
6285312512.0,-0.5540481805801392
6286249984.0,-0.5247290134429932
6287187456.0,-0.4960436224937439
6288124928.0,-0.4690381586551666
6289062400.0,-0.4415629804134369
6289999872.0,-0.4167521297931671
6290937344.0,-0.3926302492618561
6291874816.0,-0.3719135522842407
6292812288.0,-0.354002982378006
6293749760.0,-0.3384115993976593
6294687744.0,-0.32484695315361023
6295625216.0,-0.31541672348976135
6296562688.0,-0.31211239099502563
6297500160.0,-0.3127812445163727
6298437632.0,-0.3166516125202179
6299375104.0,-0.32184645533561707
6300312576.0,-0.33041292428970337
6301250048.0,-0.34249719977378845
6302187520.0,-0.3575875759124756
6303124992.0,-0.3745958209037781
6304062464.0,-0.3945375680923462
6304999936.0,-0.5346353054046631
6305937408.0,-0.554932713508606
6306874880.0,-0.5767431259155273
6307812352.0,-0.599784791469574
6308749824.0,-0.6240534782409668
6309687296.0,-0.6490782499313354
6310624768.0,-0.6737738847732544
6311562752.0,-0.6996484398841858
6312500224.0,-0.7253694534301758
6313437696.0,-0.7508958578109741
6314375168.0,-0.7759578227996826
6315312640.0,-0.8007998466491699
6316250112.0,-0.8262189626693726
6317187584.0,-0.8477686643600464
6318125056.0,-0.8715183734893799
6319062528.0,-0.8904132843017578
6320000000.0,-0.9084075689315796
6320937472.0,-0.9231728911399841
6321874944.0,-0.9382491111755371
6322812416.0,-0.953218400478363
6323749888.0,-0.9625928401947021
6324687360.0,-0.9699910879135132
6325624832.0,-0.9756888747215271
6326562304.0,-0.9785985350608826
6327499776.0,-0.9786272048950195
6328437248.0,-0.9748884439468384
6329375232.0,-0.9688683748245239
6330312704.0,-0.9603886008262634
6331250176.0,-0.949683427810669
6332187648.0,-0.9383301138877869
6333125120.0,-0.922852635383606
6334062592.0,-0.9081497192382812
6335000064.0,-0.8909788727760315
6335937536.0,-0.8722794651985168
6336875008.0,-0.854411780834198
6337812480.0,-0.8340588212013245
6338749952.0,-0.8134363889694214
6339687424.0,-0.7907469868659973
6340624896.0,-0.767794132232666
6341562368.0,-0.7448668479919434
6342499840.0,-0.7224507331848145
6343437312.0,-0.7003840208053589
6344374784.0,-0.6769970059394836
6345312256.0,-0.656103789806366
6346250240.0,-0.634716808795929
6347187712.0,-0.6136313080787659
6348125184.0,-0.5925441384315491
6349062656.0,-0.5738773941993713
6350000128.0,-0.5544320344924927
6350937600.0,-0.5381802916526794
6351875072.0,-0.5223870277404785
6352812544.0,-0.5100085735321045
6353750016.0,-0.4999481737613678
6354687488.0,-0.4913833439350128
6355624960.0,-0.48696818947792053
6356562432.0,-0.48441359400749207
6357499904.0,-0.4843907058238983
6358437376.0,-0.4865056276321411
6359374848.0,-0.49184489250183105
6360312320.0,-0.4988281726837158
6361249792.0,-0.5079326629638672
6362187264.0,-0.5189264416694641
6363125248.0,-0.5338481068611145
6364062720.0,-0.5503844022750854
6365000192.0,-0.823671281337738
6365937664.0,-0.8293879628181458
6366875136.0,-0.8369979858398438
6367812608.0,-0.844582200050354
6368750080.0,-0.8535425662994385
6369687552.0,-0.8612857460975647
6370625024.0,-0.8704352378845215
6371562496.0,-0.8799301981925964
6372499968.0,-0.8889976739883423
6373437440.0,-0.8990522027015686
6374374912.0,-0.9082618355751038
6375312384.0,-0.9175592660903931
6376249856.0,-0.9265661239624023
6377187328.0,-0.9353513717651367
6378124800.0,-0.9431935548782349
6379062272.0,-0.9508050680160522
6380000256.0,-0.9582177400588989
6380937728.0,-0.96396404504776
6381875200.0,-0.9696351885795593
6382812672.0,-0.9760890007019043
6383750144.0,-0.9812219142913818
6384687616.0,-0.9865781664848328
6385625088.0,-0.9905414581298828
6386562560.0,-0.995001494884491
6387500032.0,-0.9984008073806763
6388437504.0,-1.0017292499542236
6389374976.0,-1.004919409751892
6390312448.0,-1.0067248344421387
6391249920.0,-1.0081952810287476
6392187392.0,-1.008650302886963
6393124864.0,-1.0094616413116455
6394062336.0,-1.008638620376587
6394999808.0,-1.0063424110412598
6395937280.0,-1.00309419631958
6396874752.0,-0.9999487400054932
6397812736.0,-0.9961649179458618
6398750208.0,-0.9924245476722717
6399687680.0,-0.9894163012504578
6400625152.0,-0.98432457447052
6401562624.0,-0.9826394319534302
6402500096.0,-0.9798908829689026
6403437568.0,-0.9788936972618103
6404375040.0,-0.9787513613700867
6405312512.0,-0.9794314503669739
6406249984.0,-0.9806188941001892
6407187456.0,-0.9815992116928101
6408124928.0,-0.9849722385406494
6409062400.0,-0.9870511293411255
6409999872.0,-0.9910622239112854
6410937344.0,-0.9960311651229858
6411874816.0,-1.0023629665374756
6412812288.0,-1.008034586906433
6413749760.0,-1.0160188674926758
6414687744.0,-1.0224406719207764
6415625216.0,-1.0310423374176025
6416562688.0,-1.0385358333587646
6417500160.0,-1.0467597246170044
6418437632.0,-1.0554064512252808
6419375104.0,-1.0647027492523193
6420312576.0,-1.073364019393921
6421250048.0,-1.0802477598190308
6422187520.0,-1.0892077684402466
6423124992.0,-1.0947030782699585
6424062464.0,-1.100260853767395
6424999936.0,-1.1166781187057495
6425937408.0,-1.1297545433044434
6426874880.0,-1.1393707990646362
6427812352.0,-1.148971438407898
6428749824.0,-1.1569547653198242
6429687296.0,-1.1646631956100464
6430624768.0,-1.1694464683532715
6431562752.0,-1.1733266115188599
6432500224.0,-1.1746923923492432
6433437696.0,-1.1748148202896118
6434375168.0,-1.1735244989395142
6435312640.0,-1.170223355293274
6436250112.0,-1.165298342704773
6437187584.0,-1.1582978963851929
6438125056.0,-1.1510894298553467
6439062528.0,-1.1422255039215088
6440000000.0,-1.131907343864441
6440937472.0,-1.1203584671020508
6441874944.0,-1.108605980873108
6442812416.0,-1.0965063571929932
6443749888.0,-1.0835152864456177
6444687360.0,-1.070374608039856
6445624832.0,-1.057384967803955
6446562304.0,-1.0447895526885986
6447499776.0,-1.0328491926193237
6448437248.0,-1.020725131034851
6449375232.0,-1.0100717544555664
6450312704.0,-0.9998276829719543
6451250176.0,-0.9898285865783691
6452187648.0,-0.981200098991394
6453125120.0,-0.973192572593689
6454062592.0,-0.9664772748947144
6455000064.0,-0.9586082696914673
6455937536.0,-0.9522151947021484
6456875008.0,-0.9471033811569214
6457812480.0,-0.9417884945869446
6458749952.0,-0.9362612962722778
6459687424.0,-0.9310837388038635
6460624896.0,-0.9270502328872681
6461562368.0,-0.9230705499649048
6462499840.0,-0.9198073744773865
6463437312.0,-0.9166797399520874
6464374784.0,-0.913197934627533
6465312256.0,-0.9090602397918701
6466250240.0,-0.9046632647514343
6467187712.0,-0.9013376832008362
6468125184.0,-0.8969009518623352
6469062656.0,-0.8936372995376587
6470000128.0,-0.8890602588653564
6470937600.0,-0.8838273882865906
6471875072.0,-0.8785682320594788
6472812544.0,-0.8725708723068237
6473750016.0,-0.8689017295837402
6474687488.0,-0.8672317266464233
6475624960.0,-0.8638472557067871
6476562432.0,-0.8605285286903381
6477499904.0,-0.856630265712738
6478437376.0,-0.8539259433746338
6479374848.0,-0.8491595983505249
6480312320.0,-0.8452391624450684
6481249792.0,-0.8427755832672119
6482187264.0,-0.8406658172607422
6483125248.0,-0.8382620811462402
6484062720.0,-0.8391889333724976
6485000192.0,-0.9410625100135803
6485937664.0,-0.9484472274780273
6486875136.0,-0.9566026926040649
6487812608.0,-0.9622776508331299
6488750080.0,-0.9707698822021484
6489687552.0,-0.9764330983161926
6490625024.0,-0.9828959107398987
6491562496.0,-0.9891391396522522
6492499968.0,-0.9960325956344604
6493437440.0,-1.0016539096832275
6494374912.0,-1.0072619915008545
6495312384.0,-1.0136802196502686
6496249856.0,-1.0169185400009155
6497187328.0,-1.022041916847229
6498124800.0,-1.024625539779663
6499062272.0,-1.0263324975967407
6499999744.0,-1.0264849662780762
6500937728.0,-1.0257060527801514
6501875200.0,-1.023983120918274
6502812672.0,-1.018506646156311
6503750144.0,-1.014090895652771
6504687616.0,-1.0075230598449707
6505625088.0,-0.998188853263855
6506562560.0,-0.9894158840179443
6507500032.0,-0.9805279970169067
6508437504.0,-0.9700019955635071
6509374976.0,-0.9587956070899963
6510312448.0,-0.9471703767776489
6511249920.0,-0.9354463815689087
6512187392.0,-0.9239218235015869
6513124864.0,-0.9115965962409973
6514062336.0,-0.8993527889251709
6514999808.0,-0.8887356519699097
6515937280.0,-0.8773984313011169
6516874752.0,-0.8661168813705444
6517812736.0,-0.8566884994506836
6518750208.0,-0.8466696739196777
6519687680.0,-0.8365978598594666
6520625152.0,-0.8298092484474182
6521562624.0,-0.8215798735618591
6522500096.0,-0.8149228096008301
6523437568.0,-0.8089038729667664
6524375040.0,-0.8041066527366638
6525312512.0,-0.799069344997406
6526249984.0,-0.7960667610168457
6527187456.0,-0.7934983372688293
6528124928.0,-0.7926549911499023
6529062400.0,-0.7918154001235962
6529999872.0,-0.7930166125297546
6530937344.0,-0.7934643030166626
6531874816.0,-0.7955005764961243
6532812288.0,-0.799251914024353
6533749760.0,-0.8023519515991211
6534687744.0,-0.8053135871887207
6535625216.0,-0.8094764947891235
6536562688.0,-0.8150983452796936
6537500160.0,-0.8197991847991943
6538437632.0,-0.8263833522796631
6539375104.0,-0.8322941064834595
6540312576.0,-0.8391306400299072
6541250048.0,-0.8457832336425781
6542187520.0,-0.8540376424789429
6543124992.0,-0.8607848882675171
6544062464.0,-0.8682602643966675
6544999936.0,-0.866162121295929
6545937408.0,-0.8691550493240356
6546874880.0,-0.8746720552444458
6547812352.0,-0.8795247673988342
6548749824.0,-0.8841891288757324
6549687296.0,-0.8880761861801147
6550624768.0,-0.8918211460113525
6551562752.0,-0.896303117275238
6552500224.0,-0.8993828892707825
6553437696.0,-0.9048756957054138
6554375168.0,-0.9099187850952148
6555312640.0,-0.9157788157463074
6556250112.0,-0.9234954118728638
6557187584.0,-0.9321873188018799
6558125056.0,-0.94284588098526
6559062528.0,-0.9553106427192688
6560000000.0,-0.9664273858070374
6560937472.0,-0.9788613319396973
6561874944.0,-0.9920486211776733
6562812416.0,-1.00546133518219
6563749888.0,-1.017966389656067
6564687360.0,-1.0309499502182007
6565624832.0,-1.0434041023254395
6566562304.0,-1.05588698387146
6567499776.0,-1.0690172910690308
6568437248.0,-1.0816859006881714
6569375232.0,-1.094088077545166
6570312704.0,-1.106395959854126
6571250176.0,-1.1171355247497559
6572187648.0,-1.1272443532943726
6573125120.0,-1.1372132301330566
6574062592.0,-1.1464905738830566
6575000064.0,-1.1541285514831543
6575937536.0,-1.1602916717529297
6576875008.0,-1.1659374237060547
6577812480.0,-1.1718007326126099
6578749952.0,-1.1772613525390625
6579687424.0,-1.1811777353286743
6580624896.0,-1.185681939125061
6581562368.0,-1.1893893480300903
6582499840.0,-1.1922061443328857
6583437312.0,-1.1946079730987549
6584374784.0,-1.1956452131271362
6585312256.0,-1.195137858390808
6586250240.0,-1.1943293809890747
6587187712.0,-1.1926337480545044
6588125184.0,-1.1889417171478271
6589062656.0,-1.186394453048706
6590000128.0,-1.1820979118347168
6590937600.0,-1.1772953271865845
6591875072.0,-1.1722084283828735
6592812544.0,-1.1677019596099854
6593750016.0,-1.1626715660095215
6594687488.0,-1.1595427989959717
6595624960.0,-1.156041145324707
6596562432.0,-1.1533372402191162
6597499904.0,-1.1501415967941284
6598437376.0,-1.1495593786239624
6599374848.0,-1.1475400924682617
6600312320.0,-1.1467278003692627
6601249792.0,-1.1468640565872192
6602187264.0,-1.1448075771331787
6603125248.0,-1.145917534828186
6604062720.0,-1.1481202840805054
6605000192.0,-1.1452217102050781
6605937664.0,-1.1501330137252808
6606875136.0,-1.1536976099014282
6607812608.0,-1.1568551063537598
6608750080.0,-1.1617563962936401
6609687552.0,-1.1641672849655151
6610625024.0,-1.1674656867980957
6611562496.0,-1.1698774099349976
6612499968.0,-1.1720916032791138
6613437440.0,-1.1743903160095215
6614374912.0,-1.1777302026748657
6615312384.0,-1.1805331707000732
6616249856.0,-1.1847970485687256
6617187328.0,-1.1891262531280518
6618124800.0,-1.1939998865127563
6619062272.0,-1.199385404586792
6620000256.0,-1.2048393487930298
6620937728.0,-1.2118979692459106
6621875200.0,-1.2192416191101074
6622812672.0,-1.2293040752410889
6623750144.0,-1.239916205406189
6624687616.0,-1.2530572414398193
6625625088.0,-1.2699527740478516
6626562560.0,-1.2878228425979614
6627500032.0,-1.3079298734664917
6628437504.0,-1.3283597230911255
6629374976.0,-1.3505699634552002
6630312448.0,-1.3718347549438477
6631249920.0,-1.3932124376296997
6632187392.0,-1.413733959197998
6633124864.0,-1.434094786643982
6634062336.0,-1.4531623125076294
6634999808.0,-1.473167061805725
6635937280.0,-1.49347984790802
6636874752.0,-1.5123072862625122
6637812736.0,-1.532343864440918
6638750208.0,-1.5487034320831299
6639687680.0,-1.5657832622528076
6640625152.0,-1.5816538333892822
6641562624.0,-1.5965182781219482
6642500096.0,-1.611706018447876
6643437568.0,-1.6244016885757446
6644375040.0,-1.6345027685165405
6645312512.0,-1.6446107625961304
6646249984.0,-1.6526466608047485
6647187456.0,-1.658447265625
6648124928.0,-1.662288784980774
6649062400.0,-1.6654609441757202
6649999872.0,-1.667357087135315
6650937344.0,-1.6686135530471802
6651874816.0,-1.6713305711746216
6652812288.0,-1.6750508546829224
6653749760.0,-1.6774835586547852
6654687744.0,-1.6807736158370972
6655625216.0,-1.6851624250411987
6656562688.0,-1.6910549402236938
6657500160.0,-1.6963305473327637
6658437632.0,-1.7044782638549805
6659375104.0,-1.7119545936584473
6660312576.0,-1.7201170921325684
6661250048.0,-1.7314587831497192
6662187520.0,-1.7440532445907593
6663124992.0,-1.7574012279510498
6664062464.0,-1.769715428352356
6664999936.0,-1.7924349308013916
6665937408.0,-1.8059051036834717
6666874880.0,-1.8192801475524902
6667812352.0,-1.833883285522461
6668749824.0,-1.8493090867996216
6669687296.0,-1.8635958433151245
6670624768.0,-1.8774055242538452
6671562752.0,-1.8898286819458008
6672500224.0,-1.901371955871582
6673437696.0,-1.9123131036758423
6674375168.0,-1.9220771789550781
6675312640.0,-1.932774305343628
6676250112.0,-1.940460443496704
6677187584.0,-1.9450289011001587
6678125056.0,-1.9502660036087036
6679062528.0,-1.952163815498352
6680000000.0,-1.9532325267791748
6680937472.0,-1.9534629583358765
6681874944.0,-1.9534982442855835
6682812416.0,-1.9540643692016602
6683749888.0,-1.9553929567337036
6684687360.0,-1.9561115503311157
6685624832.0,-1.9587287902832031
6686562304.0,-1.9608025550842285
6687499776.0,-1.9620318412780762
6688437248.0,-1.964929223060608
6689375232.0,-1.968347430229187
6690312704.0,-1.972508430480957
6691250176.0,-1.9769850969314575
6692187648.0,-1.9853169918060303
6693125120.0,-1.9938985109329224
6694062592.0,-2.0067942142486572
6695000064.0,-2.0203969478607178
6695937536.0,-2.0351011753082275
6696875008.0,-2.0540809631347656
6697812480.0,-2.074143648147583
6698749952.0,-2.095898389816284
6699687424.0,-2.119272232055664
6700624896.0,-2.1455283164978027
6701562368.0,-2.1704909801483154
6702499840.0,-2.1944775581359863
6703437312.0,-2.2183597087860107
6704374784.0,-2.2417263984680176
6705312256.0,-2.2657134532928467
6706250240.0,-2.2894320487976074
6707187712.0,-2.3102900981903076
6708125184.0,-2.3311235904693604
6709062656.0,-2.3514530658721924
6710000128.0,-2.3704657554626465
6710937600.0,-2.386716604232788
6711875072.0,-2.403184175491333
6712812544.0,-2.41622257232666
6713750016.0,-2.4271864891052246
6714687488.0,-2.436001777648926
6715624960.0,-2.44319748878479
6716562432.0,-2.448768377304077
6717499904.0,-2.4524340629577637
6718437376.0,-2.454362392425537
6719374848.0,-2.455887794494629
6720312320.0,-2.454166889190674
6721249792.0,-2.453256845474243
6722187264.0,-2.4503061771392822
6723125248.0,-2.447781562805176
6724062720.0,-2.44754958152771
6725000192.0,-2.421741485595703
6725937664.0,-2.4246292114257812
6726875136.0,-2.427668333053589
6727812608.0,-2.431720733642578
6728750080.0,-2.438105821609497
6729687552.0,-2.4461162090301514
6730625024.0,-2.4545600414276123
6731562496.0,-2.4657998085021973
6732499968.0,-2.478353500366211
6733437440.0,-2.494206428527832
6734374912.0,-2.511998176574707
6735312384.0,-2.5310027599334717
6736249856.0,-2.55340838432312
6737187328.0,-2.5786941051483154
6738124800.0,-2.603898525238037
6739062272.0,-2.631248950958252
6739999744.0,-2.660214424133301
6740937728.0,-2.693913221359253
6741875200.0,-2.7261178493499756
6742812672.0,-2.760371208190918
6743750144.0,-2.7933168411254883
6744687616.0,-2.826521158218384
6745625088.0,-2.8609766960144043
6746562560.0,-2.8933708667755127
6747500032.0,-2.926535129547119
6748437504.0,-2.9587011337280273
6749374976.0,-2.9897990226745605
6750312448.0,-3.0180370807647705
6751249920.0,-3.043830394744873
6752187392.0,-3.0699477195739746
6753124864.0,-3.0883164405822754
6754062336.0,-3.1023473739624023
6754999808.0,-3.1097686290740967
6755937280.0,-3.113063097000122
6756874752.0,-3.1126461029052734
6757812736.0,-3.110731840133667
6758750208.0,-3.102879285812378
6759687680.0,-3.09220814704895
6760625152.0,-3.0777924060821533
6761562624.0,-3.0574100017547607
6762500096.0,-3.032196044921875
6763437568.0,-3.000501871109009
6764375040.0,-2.9635813236236572
6765312512.0,-2.9207448959350586
6766249984.0,-2.8738317489624023
6767187456.0,-2.8235156536102295
6768124928.0,-2.7692923545837402
6769062400.0,-2.713289260864258
6769999872.0,-2.6533761024475098
6770937344.0,-2.5922293663024902
6771874816.0,-2.5291762351989746
6772812288.0,-2.4634549617767334
6773749760.0,-2.398975372314453
6774687744.0,-2.334240674972534
6775625216.0,-2.2718899250030518
6776562688.0,-2.214015007019043
6777500160.0,-2.1576311588287354
6778437632.0,-2.1068484783172607
6779375104.0,-2.060225009918213
6780312576.0,-2.0162274837493896
6781250048.0,-1.976819634437561
6782187520.0,-1.9407801628112793
6783124992.0,-1.9092938899993896
6784062464.0,-1.8834216594696045
6784999936.0,-2.3361077308654785
6785937408.0,-2.31916880607605
6786874880.0,-2.3015048503875732
6787812352.0,-2.2832114696502686
6788749824.0,-2.2659237384796143
6789687296.0,-2.25114369392395
6790624768.0,-2.2373969554901123
6791562752.0,-2.225494623184204
6792500224.0,-2.2156617641448975
6793437696.0,-2.2062723636627197
6794375168.0,-2.2000792026519775
6795312640.0,-2.194213390350342
6796250112.0,-2.1899895668029785
6797187584.0,-2.1875009536743164
6798125056.0,-2.1854872703552246
6799062528.0,-2.187244176864624
6800000000.0,-2.190861701965332
6800937472.0,-2.196261167526245
6801874944.0,-2.205881118774414
6802812416.0,-2.2169363498687744
6803749888.0,-2.230464220046997
6804687360.0,-2.246886730194092
6805624832.0,-2.262897491455078
6806562304.0,-2.2807772159576416
6807499776.0,-2.298846960067749
6808437248.0,-2.3172247409820557
6809375232.0,-2.334735870361328
6810312704.0,-2.355680227279663
6811250176.0,-2.3727478981018066
6812187648.0,-2.390197515487671
6813125120.0,-2.4063522815704346
6814062592.0,-2.4201345443725586
6815000064.0,-2.4323508739471436
6815937536.0,-2.442535877227783
6816875008.0,-2.4526774883270264
6817812480.0,-2.4587817192077637
6818749952.0,-2.461423635482788
6819687424.0,-2.4597980976104736
6820624896.0,-2.4549543857574463
6821562368.0,-2.4439682960510254
6822499840.0,-2.42899227142334
6823437312.0,-2.4092042446136475
6824374784.0,-2.3864400386810303
6825312256.0,-2.3598997592926025
6826250240.0,-2.329890727996826
6827187712.0,-2.298166036605835
6828125184.0,-2.267554521560669
6829062656.0,-2.2314414978027344
6830000128.0,-2.195408582687378
6830937600.0,-2.1581389904022217
6831875072.0,-2.1189072132110596
6832812544.0,-2.0792107582092285
6833750016.0,-2.037811517715454
6834687488.0,-1.9955227375030518
6835624960.0,-1.9513788223266602
6836562432.0,-1.908369779586792
6837499904.0,-1.864047884941101
6838437376.0,-1.8223053216934204
6839374848.0,-1.7811371088027954
6840312320.0,-1.7437350749969482
6841249792.0,-1.708231806755066
6842187264.0,-1.675452470779419
6843125248.0,-1.643812894821167
6844062720.0,-1.6156320571899414
6845000192.0,-1.5107792615890503
6845937664.0,-1.483075499534607
6846875136.0,-1.4593451023101807
6847812608.0,-1.437100887298584
6848750080.0,-1.4183416366577148
6849687552.0,-1.4026947021484375
6850625024.0,-1.3900419473648071
6851562496.0,-1.3794392347335815
6852499968.0,-1.3722429275512695
6853437440.0,-1.3677221536636353
6854374912.0,-1.3660820722579956
6855312384.0,-1.366255521774292
6856249856.0,-1.369178056716919
6857187328.0,-1.3755868673324585
6858124800.0,-1.383471131324768
6859062272.0,-1.3951866626739502
6860000256.0,-1.409242033958435
6860937728.0,-1.4240260124206543
6861875200.0,-1.4417513608932495
6862812672.0,-1.460659384727478
6863750144.0,-1.4819022417068481
6864687616.0,-1.502766489982605
6865625088.0,-1.5244498252868652
6866562560.0,-1.5447797775268555
6867500032.0,-1.5659172534942627
6868437504.0,-1.5851460695266724
6869374976.0,-1.6009879112243652
6870312448.0,-1.617356538772583
6871249920.0,-1.6312705278396606
6872187392.0,-1.642166256904602
6873124864.0,-1.653098464012146
6874062336.0,-1.6598081588745117
6874999808.0,-1.6658474206924438
6875937280.0,-1.66892409324646
6876874752.0,-1.6689324378967285
6877812736.0,-1.6658596992492676
6878750208.0,-1.6612228155136108
6879687680.0,-1.6510590314865112
6880625152.0,-1.6389821767807007
6881562624.0,-1.6227941513061523
6882500096.0,-1.6030769348144531
6883437568.0,-1.5814975500106812
6884375040.0,-1.5563561916351318
6885312512.0,-1.5292359590530396
6886249984.0,-1.5005152225494385
6887187456.0,-1.471129059791565
6888124928.0,-1.440517544746399
6889062400.0,-1.4094072580337524
6889999872.0,-1.3789225816726685
6890937344.0,-1.3467148542404175
6891874816.0,-1.313768744468689
6892812288.0,-1.2833455801010132
6893749760.0,-1.2509723901748657
6894687744.0,-1.2202177047729492
6895625216.0,-1.191071629524231
6896562688.0,-1.1613049507141113
6897500160.0,-1.1357918977737427
6898437632.0,-1.1097559928894043
6899375104.0,-1.0856317281723022
6900312576.0,-1.0620787143707275
6901250048.0,-1.04135262966156
6902187520.0,-1.0211131572723389
6903124992.0,-1.0040833950042725
6904062464.0,-0.9888954162597656
6904999936.0,-0.9903229475021362
6905937408.0,-0.9857525825500488
6906874880.0,-0.9837527871131897
6907812352.0,-0.9837976694107056
6908749824.0,-0.985733687877655
6909687296.0,-0.9906444549560547
6910624768.0,-0.9949028491973877
6911562752.0,-1.0009551048278809
6912500224.0,-1.006920337677002
6913437696.0,-1.0131345987319946
6914375168.0,-1.019171953201294
6915312640.0,-1.0240305662155151
6916250112.0,-1.0280053615570068
6917187584.0,-1.0313842296600342
6918125056.0,-1.0331023931503296
6919062528.0,-1.0315327644348145
6920000000.0,-1.0293227434158325
6920937472.0,-1.0275852680206299
6921874944.0,-1.0232242345809937
6922812416.0,-1.017221450805664
6923749888.0,-1.0097949504852295
6924687360.0,-1.001254916191101
6925624832.0,-0.9896230101585388
6926562304.0,-0.9761447906494141
6927499776.0,-0.9602624177932739
6928437248.0,-0.9436236619949341
6929375232.0,-0.9258054494857788
6930312704.0,-0.9055038094520569
6931250176.0,-0.8860437273979187
6932187648.0,-0.8646301627159119
6933125120.0,-0.842605471611023
6934062592.0,-0.8188289403915405
6935000064.0,-0.7955251336097717
6935937536.0,-0.7718065977096558
6936875008.0,-0.7497663497924805
6937812480.0,-0.72775799036026
6938749952.0,-0.7063331007957458
6939687424.0,-0.684834361076355
6940624896.0,-0.6651115417480469
6941562368.0,-0.645318329334259
6942499840.0,-0.6270840167999268
6943437312.0,-0.6105999946594238
6944374784.0,-0.5952721238136292
6945312256.0,-0.5803067088127136
6946250240.0,-0.5683979392051697
6947187712.0,-0.5569272041320801
6948125184.0,-0.5480890274047852
6949062656.0,-0.541148841381073
6950000128.0,-0.5362772941589355
6950937600.0,-0.5325555801391602
6951875072.0,-0.530397891998291
6952812544.0,-0.5303237438201904
6953750016.0,-0.5312522649765015
6954687488.0,-0.5335686206817627
6955624960.0,-0.5373403429985046
6956562432.0,-0.5442865490913391
6957499904.0,-0.5529813766479492
6958437376.0,-0.5616932511329651
6959374848.0,-0.571441113948822
6960312320.0,-0.582800567150116
6961249792.0,-0.5936050415039062
6962187264.0,-0.6049357652664185
6963125248.0,-0.6159908175468445
6964062720.0,-0.6270169019699097
6965000192.0,-0.5333224534988403
6965937664.0,-0.5419716835021973
6966875136.0,-0.5514316558837891
6967812608.0,-0.5603572726249695
6968750080.0,-0.5719709992408752
6969687552.0,-0.5823805928230286
6970625024.0,-0.593306839466095
6971562496.0,-0.6050497889518738
6972499968.0,-0.6173140406608582
6973437440.0,-0.6282763481140137
6974374912.0,-0.6408448815345764
6975312384.0,-0.6527345180511475
6976249856.0,-0.6645973920822144
6977187328.0,-0.6747684478759766
6978124800.0,-0.6871803998947144
6979062272.0,-0.6986914873123169
6979999744.0,-0.7108017206192017
6980937728.0,-0.7220116257667542
6981875200.0,-0.7314929366111755
6982812672.0,-0.7414001226425171
6983750144.0,-0.7501346468925476
6984687616.0,-0.75951087474823
6985625088.0,-0.7673822641372681
6986562560.0,-0.7752583622932434
6987500032.0,-0.7807337641716003
6988437504.0,-0.7877151370048523
6989374976.0,-0.7911335229873657
6990312448.0,-0.7948192954063416
6991249920.0,-0.7963048219680786
6992187392.0,-0.7952697277069092
6993124864.0,-0.7941724061965942
6994062336.0,-0.7918374538421631
6994999808.0,-0.7872279286384583
6995937280.0,-0.7821481227874756
6996874752.0,-0.7748961448669434
6997812736.0,-0.7651307582855225
6998750208.0,-0.7561259865760803
6999687680.0,-0.7458609938621521
7000625152.0,-0.7347216606140137
7001562624.0,-0.7241448760032654
7002500096.0,-0.7123581767082214
7003437568.0,-0.7006179094314575
7004375040.0,-0.6868453025817871
7005312512.0,-0.6741287112236023
7006249984.0,-0.6609302163124084
7007187456.0,-0.6443069577217102
7008124928.0,-0.6275128722190857
7009062400.0,-0.6099849343299866
7009999872.0,-0.5926287770271301
7010937344.0,-0.575849711894989
7011874816.0,-0.5595811605453491
7012812288.0,-0.5425604581832886
7013749760.0,-0.5266464352607727
7014687744.0,-0.5098411440849304
7015625216.0,-0.4938453733921051
7016562688.0,-0.4787973165512085
7017500160.0,-0.4632130265235901
7018437632.0,-0.44818824529647827
7019375104.0,-0.43522006273269653
7020312576.0,-0.4221339821815491
7021250048.0,-0.41001802682876587
7022187520.0,-0.39956316351890564
7023124992.0,-0.38884785771369934
7024062464.0,-0.3791440427303314
7024999936.0,-0.29252442717552185
7025937408.0,-0.29586562514305115
7026874880.0,-0.3007696270942688
7027812352.0,-0.3060168921947479
7028749824.0,-0.3119947612285614
7029687296.0,-0.31978321075439453
7030624768.0,-0.3271435797214508
7031562752.0,-0.33493298292160034
7032500224.0,-0.3447415828704834
7033437696.0,-0.3567159175872803
7034375168.0,-0.36965274810791016
7035312640.0,-0.38198110461235046
7036250112.0,-0.3950790762901306
7037187584.0,-0.40924233198165894
7038125056.0,-0.42387494444847107
7039062528.0,-0.4374963939189911
7040000000.0,-0.4510379135608673
7040937472.0,-0.4662178158760071
7041874944.0,-0.479392409324646
7042812416.0,-0.4927418529987335
7043749888.0,-0.5067765712738037
7044687360.0,-0.5190503597259521
7045624832.0,-0.5309799313545227
7046562304.0,-0.5425606966018677
7047499776.0,-0.5528832077980042
7048437248.0,-0.5616852641105652
7049375232.0,-0.5703309178352356
7050312704.0,-0.5778136849403381
7051250176.0,-0.5843480825424194
7052187648.0,-0.5902453064918518
7053125120.0,-0.5938235521316528
7054062592.0,-0.5974540710449219
7055000064.0,-0.598223090171814
7055937536.0,-0.5994808077812195
7056875008.0,-0.5974189639091492
7057812480.0,-0.5969478487968445
7058749952.0,-0.597787082195282
7059687424.0,-0.5954598784446716
7060624896.0,-0.5944795608520508
7061562368.0,-0.5908718109130859
7062499840.0,-0.5855243802070618
7063437312.0,-0.579954206943512
7064374784.0,-0.5723984837532043
7065312256.0,-0.5647740960121155
7066250240.0,-0.5557202100753784
7067187712.0,-0.5462311506271362
7068125184.0,-0.5347446203231812
7069062656.0,-0.5239742398262024
7070000128.0,-0.5112619996070862
7070937600.0,-0.4980672299861908
7071875072.0,-0.4854767918586731
7072812544.0,-0.47168833017349243
7073750016.0,-0.45762068033218384
7074687488.0,-0.44282013177871704
7075624960.0,-0.42852526903152466
7076562432.0,-0.4139487147331238
7077499904.0,-0.3982181251049042
7078437376.0,-0.38343894481658936
7079374848.0,-0.3683772683143616
7080312320.0,-0.35204219818115234
7081249792.0,-0.33671218156814575
7082187264.0,-0.32161691784858704
7083125248.0,-0.3064602315425873
7084062720.0,-0.2908920347690582
7085000192.0,-0.3541540205478668
7085937664.0,-0.3424619734287262
7086875136.0,-0.33246204257011414
7087812608.0,-0.3221549689769745
7088750080.0,-0.3119737207889557
7089687552.0,-0.3020944595336914
7090625024.0,-0.2944336235523224
7091562496.0,-0.28606587648391724
7092499968.0,-0.2795812785625458
7093437440.0,-0.2730719745159149
7094374912.0,-0.27046650648117065
7095312384.0,-0.26606422662734985
7096249856.0,-0.2632479965686798
7097187328.0,-0.2623734772205353
7098124800.0,-0.2621859014034271
7099062272.0,-0.2641408145427704
7100000256.0,-0.2680895924568176
7100937728.0,-0.27361926436424255
7101875200.0,-0.2794705927371979
7102812672.0,-0.2886972725391388
7103750144.0,-0.2989479899406433
7104687616.0,-0.31132298707962036
7105625088.0,-0.3256426453590393
7106562560.0,-0.3397236764431
7107500032.0,-0.3567065894603729
7108437504.0,-0.374633252620697
7109374976.0,-0.3955425024032593
7110312448.0,-0.4156986176967621
7111249920.0,-0.4376358389854431
7112187392.0,-0.4612573981285095
7113124864.0,-0.48460233211517334
7114062336.0,-0.5080219507217407
7114999808.0,-0.5311224460601807
7115937280.0,-0.5540801882743835
7116874752.0,-0.5764783024787903
7117812736.0,-0.5983871221542358
7118750208.0,-0.6183897256851196
7119687680.0,-0.6388187408447266
7120625152.0,-0.6577339172363281
7121562624.0,-0.675081729888916
7122500096.0,-0.6898583173751831
7123437568.0,-0.703430712223053
7124375040.0,-0.7170576453208923
7125312512.0,-0.7278066277503967
7126249984.0,-0.7376783490180969
7127187456.0,-0.743295431137085
7128124928.0,-0.7481876611709595
7129062400.0,-0.750260591506958
7129999872.0,-0.7506221532821655
7130937344.0,-0.7481227517127991
7131874816.0,-0.7440606951713562
7132812288.0,-0.7373392581939697
7133749760.0,-0.7295132875442505
7134687744.0,-0.7206554412841797
7135625216.0,-0.7085974216461182
7136562688.0,-0.695771336555481
7137500160.0,-0.6792199015617371
7138437632.0,-0.6631620526313782
7139375104.0,-0.6444831490516663
7140312576.0,-0.6245104670524597
7141250048.0,-0.6044178605079651
7142187520.0,-0.5830123424530029
7143124992.0,-0.5604651570320129
7144062464.0,-0.4300737679004669
7144999936.0,-0.42932039499282837
7145937408.0,-0.4270467758178711
7146874880.0,-0.42401155829429626
7147812352.0,-0.4213133454322815
7148749824.0,-0.41850152611732483
7149687296.0,-0.4163980782032013
7150624768.0,-0.4137917757034302
7151562752.0,-0.41235148906707764
7152500224.0,-0.4120943546295166
7153437696.0,-0.41231730580329895
7154375168.0,-0.4143025279045105
7155312640.0,-0.4166310131549835
7156250112.0,-0.42193368077278137
7157187584.0,-0.42790910601615906
7158125056.0,-0.4350825548171997
7159062528.0,-0.44370341300964355
7160000000.0,-0.4507705867290497
7160937472.0,-0.4578048586845398
7161874944.0,-0.4662458896636963
7162812416.0,-0.4741460084915161
7163749888.0,-0.48358824849128723
7164687360.0,-0.4935229420661926
7165624832.0,-0.5031216740608215
7166562304.0,-0.512942910194397
7167499776.0,-0.5230953693389893
7168437248.0,-0.5335569977760315
7169375232.0,-0.5420847535133362
7170312704.0,-0.5506740808486938
7171250176.0,-0.5576080083847046
7172187648.0,-0.5640150308609009
7173125120.0,-0.5698785781860352
7174062592.0,-0.5734878778457642
7175000064.0,-0.5751648545265198
7175937536.0,-0.5764525532722473
7176875008.0,-0.5761634707450867
7177812480.0,-0.5739851593971252
7178749952.0,-0.5697268843650818
7179687424.0,-0.5637364387512207
7180624896.0,-0.5574090480804443
7181562368.0,-0.5490956902503967
7182499840.0,-0.5394891500473022
7183437312.0,-0.5279945731163025
7184374784.0,-0.5160916447639465
7185312256.0,-0.5019083023071289
7186250240.0,-0.48482492566108704
7187187712.0,-0.4659240245819092
7188125184.0,-0.4471331238746643
7189062656.0,-0.4262125492095947
7190000128.0,-0.40711018443107605
7190937600.0,-0.38649341464042664
7191875072.0,-0.36712536215782166
7192812544.0,-0.3477144241333008
7193750016.0,-0.32817384600639343
7194687488.0,-0.3101230263710022
7195624960.0,-0.29262641072273254
7196562432.0,-0.27561935782432556
7197499904.0,-0.2591385841369629
7198437376.0,-0.24445867538452148
7199374848.0,-0.2328721582889557
7200312320.0,-0.22161827981472015
7201249792.0,-0.2136911004781723
7202187264.0,-0.20768268406391144
7203125248.0,-0.2039385586977005
7204062720.0,-0.3092266619205475
7205000192.0,-0.32221782207489014
7205937664.0,-0.3372756540775299
7206875136.0,-0.35582461953163147
7207812608.0,-0.377494752407074
7208750080.0,-0.4005204737186432
7209687552.0,-0.42746031284332275
7210625024.0,-0.45650237798690796
7211562496.0,-0.4871278405189514
7212499968.0,-0.5207369327545166
7213437440.0,-0.5550537109375
7214374912.0,-0.5886663794517517
7215312384.0,-0.6233789920806885
7216249856.0,-0.6569913029670715
7217187328.0,-0.6911469101905823
7218124800.0,-0.7231444120407104
7219062272.0,-0.753901481628418
7219999744.0,-0.7815783619880676
7220937728.0,-0.8075404167175293
7221875200.0,-0.8304020166397095
7222812672.0,-0.8516550064086914
7223750144.0,-0.8662843108177185
7224687616.0,-0.8784010410308838
7225625088.0,-0.8852148056030273
7226562560.0,-0.8870970606803894
7227500032.0,-0.8859466910362244
7228437504.0,-0.8792223334312439
7229374976.0,-0.868457019329071
7230312448.0,-0.8550339937210083
7231249920.0,-0.8370050191879272
7232187392.0,-0.8138381838798523
7233124864.0,-0.7887706756591797
7234062336.0,-0.759000301361084
7234999808.0,-0.7266911864280701
7235937280.0,-0.6916489601135254
7236874752.0,-0.6562221646308899
7237812736.0,-0.6188919544219971
7238750208.0,-0.5792854428291321
7239687680.0,-0.5393985509872437
7240625152.0,-0.49780502915382385
7241562624.0,-0.456123411655426
7242500096.0,-0.4140058755874634
7243437568.0,-0.3707120716571808
7244375040.0,-0.32819730043411255
7245312512.0,-0.2873024642467499
7246249984.0,-0.2465759962797165
7247187456.0,-0.20844601094722748
7248124928.0,-0.17223425209522247
7249062400.0,-0.13803508877754211
7249999872.0,-0.10659974813461304
7250937344.0,-0.07763145864009857
7251874816.0,-0.05233895778656006
7252812288.0,-0.030287958681583405
7253749760.0,-0.01157767977565527
7254687744.0,0.0036409746389836073
7255625216.0,0.01606091670691967
7256562688.0,0.023112358525395393
7257500160.0,0.028334567323327065
7258437632.0,0.027692638337612152
7259375104.0,0.024220790714025497
7260312576.0,0.015252107754349709
7261250048.0,0.0015000641578808427
7262187520.0,-0.016323955729603767
7263124992.0,-0.03985544666647911
7264062464.0,-0.30857816338539124
7264999936.0,-0.305667906999588
7265937408.0,-0.30582764744758606
7266874880.0,-0.3064020276069641
7267812352.0,-0.3101695775985718
7268749824.0,-0.3169165551662445
7269687296.0,-0.32396966218948364
7270624768.0,-0.3335385024547577
7271562752.0,-0.346398264169693
7272500224.0,-0.3596979081630707
7273437696.0,-0.37383097410202026
7274375168.0,-0.3896019756793976
7275312640.0,-0.40708616375923157
7276250112.0,-0.4243736267089844
7277187584.0,-0.44072797894477844
7278125056.0,-0.4575086832046509
7279062528.0,-0.47268611192703247
7280000000.0,-0.48734554648399353
7280937472.0,-0.5016275644302368
7281874944.0,-0.5122008919715881
7282812416.0,-0.5214818120002747
7283749888.0,-0.5297960638999939
7284687360.0,-0.5340326428413391
7285624832.0,-0.5383548736572266
7286562304.0,-0.5381826758384705
7287499776.0,-0.5371598601341248
7288437248.0,-0.5364877581596375
7289375232.0,-0.5336536765098572
7290312704.0,-0.5286068916320801
7291250176.0,-0.5203734636306763
7292187648.0,-0.509600818157196
7293125120.0,-0.49777212738990784
7294062592.0,-0.483797550201416
7295000064.0,-0.46855485439300537
7295937536.0,-0.4531700611114502
7296875008.0,-0.4361186623573303
7297812480.0,-0.4187443256378174
7298749952.0,-0.40080204606056213
7299687424.0,-0.38306090235710144
7300624896.0,-0.3652728497982025
7301562368.0,-0.34729304909706116
7302499840.0,-0.32998421788215637
7303437312.0,-0.31397995352745056
7304374784.0,-0.29821330308914185
7305312256.0,-0.28303635120391846
7306250240.0,-0.27119627594947815
7307187712.0,-0.2605634033679962
7308125184.0,-0.24823541939258575
7309062656.0,-0.23945748805999756
7310000128.0,-0.23158487677574158
7310937600.0,-0.225926473736763
7311875072.0,-0.2214691936969757
7312812544.0,-0.21797338128089905
7313750016.0,-0.21721534430980682
7314687488.0,-0.21691100299358368
7315624960.0,-0.2156560719013214
7316562432.0,-0.21585488319396973
7317499904.0,-0.214991495013237
7318437376.0,-0.21383732557296753
7319374848.0,-0.21192666888237
7320312320.0,-0.2082241177558899
7321249792.0,-0.20223639905452728
7322187264.0,-0.19538412988185883
7323125248.0,-0.1871234029531479
7324062720.0,-0.3301573693752289
7325000192.0,-0.30904248356819153
7325937664.0,-0.2842295467853546
7326875136.0,-0.25926339626312256
7327812608.0,-0.23195675015449524
7328750080.0,-0.20400658249855042
7329687552.0,-0.1769670695066452
7330625024.0,-0.15049070119857788
7331562496.0,-0.12567785382270813
7332499968.0,-0.10287320613861084
7333437440.0,-0.08159036934375763
7334374912.0,-0.0650814101099968
7335312384.0,-0.051204536110162735
7336249856.0,-0.0425383560359478
7337187328.0,-0.03865126147866249
7338124800.0,-0.03935633972287178
7339062272.0,-0.04199596121907234
7340000256.0,-0.04927844926714897
7340937728.0,-0.06121804565191269
7341875200.0,-0.07761792838573456
7342812672.0,-0.09665079414844513
7343750144.0,-0.11963675171136856
7344687616.0,-0.14456787705421448
7345625088.0,-0.16952817142009735
7346562560.0,-0.19619429111480713
7347500032.0,-0.22116488218307495
7348437504.0,-0.2452264279127121
7349374976.0,-0.2669055759906769
7350312448.0,-0.28548523783683777
7351249920.0,-0.30229106545448303
7352187392.0,-0.3134003281593323
7353124864.0,-0.3203238248825073
7354062336.0,-0.3224678635597229
7354999808.0,-0.3194575905799866
7355937280.0,-0.31323227286338806
7356874752.0,-0.3009776473045349
7357812736.0,-0.2838035225868225
7358750208.0,-0.2627510726451874
7359687680.0,-0.23814208805561066
7360625152.0,-0.21172969043254852
7361562624.0,-0.18156911432743073
7362500096.0,-0.14999310672283173
7363437568.0,-0.11842283606529236
7364375040.0,-0.08290575444698334
7365312512.0,-0.049421992152929306
7366249984.0,-0.018182970583438873
7367187456.0,0.010101272724568844
7368124928.0,0.03511744737625122
7369062400.0,0.05690664052963257
7369999872.0,0.07406456768512726
7370937344.0,0.08630707114934921
7371874816.0,0.09549588710069656
7372812288.0,0.1024056002497673
7373749760.0,0.10697264224290848
7374687744.0,0.10951753705739975
7375625216.0,0.11089945584535599
7376562688.0,0.11202508211135864
7377500160.0,0.11023712158203125
7378437632.0,0.10849318653345108
7379375104.0,0.10530855506658554
7380312576.0,0.10125984251499176
7381250048.0,0.09563635289669037
7382187520.0,0.08912578225135803
7383124992.0,0.08255840837955475
7384062464.0,-0.22323806583881378
7384999936.0,-0.24228449165821075
7385937408.0,-0.2586737275123596
7386874880.0,-0.27491894364356995
7387812352.0,-0.29108530282974243
7388749824.0,-0.30806460976600647
7389687296.0,-0.32153311371803284
7390624768.0,-0.3322376608848572
7391562752.0,-0.3421860933303833
7392500224.0,-0.3470470607280731
7393437696.0,-0.3496658504009247
7394375168.0,-0.34997662901878357
7395312640.0,-0.34562382102012634
7396250112.0,-0.3388616144657135
7397187584.0,-0.3271835744380951
7398125056.0,-0.31320080161094666
7399062528.0,-0.29478245973587036
7400000000.0,-0.272808700799942
7400937472.0,-0.24849173426628113
7401874944.0,-0.22057493031024933
7402812416.0,-0.19150446355342865
7403749888.0,-0.15900617837905884
7404687360.0,-0.12545934319496155
7405624832.0,-0.09031282365322113
7406562304.0,-0.053346164524555206
7407499776.0,-0.015984253957867622
7408437248.0,0.021223168820142746
7409375232.0,0.057556409388780594
7410312704.0,0.09323219954967499
7411250176.0,0.12780259549617767
7412187648.0,0.16057167947292328
7413125120.0,0.19029125571250916
7414062592.0,0.21858888864517212
7415000064.0,0.24459804594516754
7415937536.0,0.2659775912761688
7416875008.0,0.2848919630050659
7417812480.0,0.30099838972091675
7418749952.0,0.31367772817611694
7419687424.0,0.32178494334220886
7420624896.0,0.3266681730747223
7421562368.0,0.3277030885219574
7422499840.0,0.325100839138031
7423437312.0,0.31946951150894165
7424374784.0,0.31005990505218506
7425312256.0,0.29642635583877563
7426250240.0,0.2814686596393585
7427187712.0,0.26199743151664734
7428125184.0,0.24093718826770782
7429062656.0,0.2164730429649353
7430000128.0,0.19109846651554108
7430937600.0,0.16253328323364258
7431875072.0,0.1339171975851059
7432812544.0,0.1026371568441391
7433750016.0,0.07211017608642578
7434687488.0,0.040005870163440704
7435624960.0,0.008353067561984062
7436562432.0,-0.02292053960263729
7437499904.0,-0.054986048489809036
7438437376.0,-0.08504432439804077
7439374848.0,-0.11460968852043152
7440312320.0,-0.14333052933216095
7441249792.0,-0.17255331575870514
7442187264.0,-0.19947922229766846
7443125248.0,-0.22493499517440796
7444062720.0,0.02665221318602562
7445000192.0,0.011434337124228477
7445937664.0,-0.00463038170710206
7446875136.0,-0.02148628421127796
7447812608.0,-0.03829559311270714
7448750080.0,-0.0543595589697361
7449687552.0,-0.07186572253704071
7450625024.0,-0.08751527965068817
7451562496.0,-0.10029155761003494
7452499968.0,-0.11244378983974457
7453437440.0,-0.12315146625041962
7454374912.0,-0.1311192810535431
7455312384.0,-0.13601341843605042
7456249856.0,-0.14138314127922058
7457187328.0,-0.1434599757194519
7458124800.0,-0.1424238085746765
7459062272.0,-0.13964740931987762
7459999744.0,-0.13461332023143768
7460937728.0,-0.12832768261432648
7461875200.0,-0.12054688483476639
7462812672.0,-0.11203130334615707
7463750144.0,-0.10065291821956635
7464687616.0,-0.09101934731006622
7465625088.0,-0.08090643584728241
7466562560.0,-0.07236600667238235
7467500032.0,-0.06388189643621445
7468437504.0,-0.055824704468250275
7469374976.0,-0.04825662076473236
7470312448.0,-0.041271381080150604
7471249920.0,-0.036044102162122726
7472187392.0,-0.03140760958194733
7473124864.0,-0.0288704764097929
7474062336.0,-0.02778852917253971
7474999808.0,-0.026847941800951958
7475937280.0,-0.028472064062952995
7476874752.0,-0.031017985194921494
7477812736.0,-0.03517848998308182
7478750208.0,-0.04062710702419281
7479687680.0,-0.04856279864907265
7480625152.0,-0.055883150547742844
7481562624.0,-0.06543469429016113
7482500096.0,-0.07510007917881012
7483437568.0,-0.08599904924631119
7484375040.0,-0.09639353305101395
7485312512.0,-0.10794029384851456
7486249984.0,-0.11870601028203964
7487187456.0,-0.12970799207687378
7488124928.0,-0.1399199515581131
7489062400.0,-0.14937832951545715
7489999872.0,-0.1583176851272583
7490937344.0,-0.16466876864433289
7491874816.0,-0.1691281944513321
7492812288.0,-0.17238152027130127
7493749760.0,-0.1742979884147644
7494687744.0,-0.172517791390419
7495625216.0,-0.17106790840625763
7496562688.0,-0.166024848818779
7497500160.0,-0.16039614379405975
7498437632.0,-0.15371885895729065
7499375104.0,-0.14510108530521393
7500312576.0,-0.13588544726371765
7501250048.0,-0.12592504918575287
7502187520.0,-0.11475258320569992
7503124992.0,-0.10380195826292038
7504062464.0,-0.08704333007335663
7504999936.0,-0.062318067997694016
7505937408.0,-0.03949855640530586
7506874880.0,-0.021335743367671967
7507812352.0,-0.006550275720655918
7508749824.0,0.005796040408313274
7509687296.0,0.014263266697525978
7510624768.0,0.01784631796181202
7511562752.0,0.017139984294772148
7512500224.0,0.013958177529275417
7513437696.0,0.006722752004861832
7514375168.0,-0.004645659122616053
7515312640.0,-0.016810240224003792
7516250112.0,-0.030808500945568085
7517187584.0,-0.04612407088279724
7518125056.0,-0.06042255461215973
7519062528.0,-0.07693605124950409
7520000000.0,-0.09190942347049713
7520937472.0,-0.10608166456222534
7521874944.0,-0.11988405883312225
7522812416.0,-0.13137108087539673
7523749888.0,-0.14225292205810547
7524687360.0,-0.1496531367301941
7525624832.0,-0.1548975259065628
7526562304.0,-0.15654967725276947
7527499776.0,-0.15601424872875214
7528437248.0,-0.1524139791727066
7529375232.0,-0.14592812955379486
7530312704.0,-0.13636206090450287
7531250176.0,-0.12606562674045563
7532187648.0,-0.11414995044469833
7533125120.0,-0.10086804628372192
7534062592.0,-0.08610107004642487
7535000064.0,-0.0719837099313736
7535937536.0,-0.057861700654029846
7536875008.0,-0.04444746673107147
7537812480.0,-0.03299837186932564
7538749952.0,-0.024382280185818672
7539687424.0,-0.017139576375484467
7540624896.0,-0.013246028684079647
7541562368.0,-0.013982954435050488
7542499840.0,-0.017777487635612488
7543437312.0,-0.026501232758164406
7544374784.0,-0.03898702189326286
7545312256.0,-0.05465943366289139
7546250240.0,-0.07466061413288116
7547187712.0,-0.09790702909231186
7548125184.0,-0.12396664172410965
7549062656.0,-0.1531059890985489
7550000128.0,-0.18172204494476318
7550937600.0,-0.21265168488025665
7551875072.0,-0.24183496832847595
7552812544.0,-0.27160587906837463
7553750016.0,-0.2965942919254303
7554687488.0,-0.31979694962501526
7555624960.0,-0.33889755606651306
7556562432.0,-0.358656644821167
7557499904.0,-0.37429535388946533
7558437376.0,-0.3875569999217987
7559374848.0,-0.4016050100326538
7560312320.0,-0.4129333794116974
7561249792.0,-0.42516985535621643
7562187264.0,-0.4360857903957367
7563125248.0,-0.44913044571876526
7564062720.0,-0.446931928396225
7565000192.0,-0.4328485429286957
7565937664.0,-0.41513991355895996
7566875136.0,-0.3964214324951172
7567812608.0,-0.3743302822113037
7568750080.0,-0.3499259650707245
7569687552.0,-0.3249635696411133
7570625024.0,-0.29821914434432983
7571562496.0,-0.2717340886592865
7572499968.0,-0.24410980939865112
7573437440.0,-0.21557234227657318
7574374912.0,-0.18761588633060455
7575312384.0,-0.16065196692943573
7576249856.0,-0.1330525279045105
7577187328.0,-0.10524015128612518
7578124800.0,-0.08015398681163788
7579062272.0,-0.05615503713488579
7580000256.0,-0.03379834443330765
7580937728.0,-0.011942173354327679
7581875200.0,0.0062956297770142555
7582812672.0,0.023071497678756714
7583750144.0,0.03848424181342125
7584687616.0,0.05050777271389961
7585625088.0,0.06049874424934387
7586562560.0,0.0671873614192009
7587500032.0,0.07340041548013687
7588437504.0,0.0762648805975914
7589374976.0,0.07658635079860687
7590312448.0,0.0751672014594078
7591249920.0,0.0714939534664154
7592187392.0,0.06509435176849365
7593124864.0,0.05653363838791847
7594062336.0,0.04807444289326668
7594999808.0,0.03499748185276985
7595937280.0,0.02277163229882717
7596874752.0,0.008744845166802406
7597812736.0,-0.006982239428907633
7598750208.0,-0.023030074313282967
7599687680.0,-0.04038805142045021
7600625152.0,-0.057616375386714935
7601562624.0,-0.07627179473638535
7602500096.0,-0.0938950628042221
7603437568.0,-0.11266500502824783
7604375040.0,-0.12974490225315094
7605312512.0,-0.1456872522830963
7606249984.0,-0.1622752547264099
7607187456.0,-0.17752622067928314
7608124928.0,-0.19121314585208893
7609062400.0,-0.20396727323532104
7609999872.0,-0.2165367752313614
7610937344.0,-0.22680191695690155
7611874816.0,-0.23540371656417847
7612812288.0,-0.2420690804719925
7613749760.0,-0.24943993985652924
7614687744.0,-0.25500404834747314
7615625216.0,-0.2591264843940735
7616562688.0,-0.2607278525829315
7617500160.0,-0.26445063948631287
7618437632.0,-0.26681455969810486
7619375104.0,-0.2707614600658417
7620312576.0,-0.27428048849105835
7621250048.0,-0.2765086889266968
7622187520.0,-0.27882733941078186
7623124992.0,-0.28094494342803955
7624062464.0,-0.27866920828819275
7624999936.0,-0.2829720079898834
7625937408.0,-0.2882460057735443
7626874880.0,-0.28884437680244446
7627812352.0,-0.2891165614128113
7628749824.0,-0.28532782196998596
7629687296.0,-0.28188493847846985
7630624768.0,-0.27519285678863525
7631562752.0,-0.26771992444992065
7632500224.0,-0.25854361057281494
7633437696.0,-0.25018447637557983
7634375168.0,-0.23790240287780762
7635312640.0,-0.22734902799129486
7636250112.0,-0.21382242441177368
7637187584.0,-0.2018985152244568
7638125056.0,-0.18874278664588928
7639062528.0,-0.1752626597881317
7640000000.0,-0.16391506791114807
7640937472.0,-0.15180765092372894
7641874944.0,-0.14109037816524506
7642812416.0,-0.1309768408536911
7643749888.0,-0.12190934270620346
7644687360.0,-0.11677572131156921
7645624832.0,-0.1131829023361206
7646562304.0,-0.10982600599527359
7647499776.0,-0.10800778865814209
7648437248.0,-0.1076957955956459
7649375232.0,-0.10667179524898529
7650312704.0,-0.10915960371494293
7651250176.0,-0.11161283403635025
7652187648.0,-0.11756683886051178
7653125120.0,-0.12232675403356552
7654062592.0,-0.12799158692359924
7655000064.0,-0.13518725335597992
7655937536.0,-0.1428532749414444
7656875008.0,-0.1515595018863678
7657812480.0,-0.15982380509376526
7658749952.0,-0.16679242253303528
7659687424.0,-0.17480795085430145
7660624896.0,-0.18431870639324188
7661562368.0,-0.1923561841249466
7662499840.0,-0.20083048939704895
7663437312.0,-0.2087993025779724
7664374784.0,-0.21585123240947723
7665312256.0,-0.2222939282655716
7666250240.0,-0.22909940779209137
7667187712.0,-0.23299135267734528
7668125184.0,-0.23794250190258026
7669062656.0,-0.24025237560272217
7670000128.0,-0.24107688665390015
7670937600.0,-0.24147813022136688
7671875072.0,-0.23999203741550446
7672812544.0,-0.23708811402320862
7673750016.0,-0.23198461532592773
7674687488.0,-0.2272057831287384
7675624960.0,-0.2209249883890152
7676562432.0,-0.21507976949214935
7677499904.0,-0.20758137106895447
7678437376.0,-0.19949916005134583
7679374848.0,-0.19133985042572021
7680312320.0,-0.18203499913215637
7681249792.0,-0.17257210612297058
7682187264.0,-0.16380758583545685
7683125248.0,-0.15376530587673187
7684062720.0,0.07941924035549164
7685000192.0,0.09314067661762238
7685937664.0,0.10379720479249954
7686875136.0,0.1114954948425293
7687812608.0,0.1181149110198021
7688750080.0,0.12183277308940887
7689687552.0,0.12269917130470276
7690625024.0,0.12046300619840622
7691562496.0,0.11557269096374512
7692499968.0,0.10883482545614243
7693437440.0,0.09780572354793549
7694374912.0,0.08596491813659668
7695312384.0,0.07104412466287613
7696249856.0,0.05436771363019943
7697187328.0,0.034903381019830704
7698124800.0,0.01360310334712267
7699062272.0,-0.0073873684741556644
7699999744.0,-0.03099951148033142
7700937728.0,-0.05528080835938454
7701875200.0,-0.07984616607427597
7702812672.0,-0.10327363014221191
7703750144.0,-0.12822717428207397
7704687616.0,-0.15101754665374756
7705625088.0,-0.17340967059135437
7706562560.0,-0.19419091939926147
7707500032.0,-0.21488314867019653
7708437504.0,-0.23260943591594696
7709374976.0,-0.2488766461610794
7710312448.0,-0.26385432481765747
7711249920.0,-0.2766799330711365
7712187392.0,-0.28768619894981384
7713124864.0,-0.29699528217315674
7714062336.0,-0.3053034543991089
7714999808.0,-0.3092893064022064
7715937280.0,-0.31405600905418396
7716874752.0,-0.31509098410606384
7717812736.0,-0.3161031901836395
7718750208.0,-0.3156525194644928
7719687680.0,-0.3138199746608734
7720625152.0,-0.30867552757263184
7721562624.0,-0.30314457416534424
7722500096.0,-0.29719385504722595
7723437568.0,-0.29072076082229614
7724375040.0,-0.2829189598560333
7725312512.0,-0.27411648631095886
7726249984.0,-0.26667359471321106
7727187456.0,-0.25898969173431396
7728124928.0,-0.2509947419166565
7729062400.0,-0.2435043752193451
7729999872.0,-0.2371595948934555
7730937344.0,-0.22993238270282745
7731874816.0,-0.2232673019170761
7732812288.0,-0.2176666408777237
7733749760.0,-0.21171675622463226
7734687744.0,-0.20795553922653198
7735625216.0,-0.20394445955753326
7736562688.0,-0.20174294710159302
7737500160.0,-0.20092569291591644
7738437632.0,-0.20043005049228668
7739375104.0,-0.1991562396287918
7740312576.0,-0.20088623464107513
7741250048.0,-0.2030196487903595
7742187520.0,-0.20694896578788757
7743124992.0,-0.2108570784330368
7744062464.0,-0.18598316609859467
7744999936.0,-0.15083441138267517
7745937408.0,-0.11124777793884277
7746874880.0,-0.07163120806217194
7747812352.0,-0.033281147480010986
7748749824.0,0.005627790000289679
7749687296.0,0.04229305684566498
7750624768.0,0.07582564651966095
7751562752.0,0.10612667351961136
7752500224.0,0.134992778301239
7753437696.0,0.16013456881046295
7754375168.0,0.18149717152118683
7755312640.0,0.2001689076423645
7756250112.0,0.2138696014881134
7757187584.0,0.22527976334095
7758125056.0,0.23159553110599518
7759062528.0,0.2350805103778839
7760000000.0,0.23590552806854248
7760937472.0,0.2322583645582199
7761874944.0,0.22719044983386993
7762812416.0,0.21851825714111328
7763749888.0,0.20807698369026184
7764687360.0,0.19572854042053223
7765624832.0,0.1797507107257843
7766562304.0,0.16389431059360504
7767499776.0,0.1461004614830017
7768437248.0,0.12641404569149017
7769375232.0,0.10649331659078598
7770312704.0,0.08690442889928818
7771250176.0,0.0653691217303276
7772187648.0,0.045631010085344315
7773125120.0,0.024983422830700874
7774062592.0,0.003859160700812936
7775000064.0,-0.016505885869264603
7775937536.0,-0.03590567409992218
7776875008.0,-0.055192187428474426
7777812480.0,-0.07451419532299042
7778749952.0,-0.09126535058021545
7779687424.0,-0.10794119536876678
7780624896.0,-0.12453050911426544
7781562368.0,-0.14111529290676117
7782499840.0,-0.15505047142505646
7783437312.0,-0.1688842475414276
7784374784.0,-0.18039368093013763
7785312256.0,-0.1921474039554596
7786250240.0,-0.20213034749031067
7787187712.0,-0.21247905492782593
7788125184.0,-0.22113583981990814
7789062656.0,-0.22945252060890198
7790000128.0,-0.2365071028470993
7790937600.0,-0.24338388442993164
7791875072.0,-0.25074803829193115
7792812544.0,-0.25535404682159424
7793750016.0,-0.2606180012226105
7794687488.0,-0.2650737762451172
7795624960.0,-0.26934683322906494
7796562432.0,-0.27368009090423584
7797499904.0,-0.2791299521923065
7798437376.0,-0.2841596007347107
7799374848.0,-0.2886140048503876
7800312320.0,-0.29266029596328735
7801249792.0,-0.2943045198917389
7802187264.0,-0.2942826747894287
7803125248.0,-0.29233935475349426
7804062720.0,-0.27371513843536377
7805000192.0,-0.2649924159049988
7805937664.0,-0.25520265102386475
7806875136.0,-0.2440229207277298
7807812608.0,-0.23127824068069458
7808750080.0,-0.21821367740631104
7809687552.0,-0.20523139834403992
7810625024.0,-0.1903240829706192
7811562496.0,-0.17627856135368347
7812499968.0,-0.16027241945266724
7813437440.0,-0.1435626596212387
7814374912.0,-0.12743690609931946
7815312384.0,-0.11072368174791336
7816249856.0,-0.09417010843753815
7817187328.0,-0.0781998485326767
7818124800.0,-0.06158261373639107
7819062272.0,-0.04597196727991104
7820000256.0,-0.03040403500199318
7820937728.0,-0.01483870018273592
7821875200.0,-1.099471774068661e-05
7822812672.0,0.010694765485823154
7823750144.0,0.02109992317855358
7824687616.0,0.03060138411819935
7825625088.0,0.038937799632549286
7826562560.0,0.04838745296001434
7827500032.0,0.055619705468416214
7828437504.0,0.06253410875797272
7829374976.0,0.06794797629117966
7830312448.0,0.07283797115087509
7831249920.0,0.07691134512424469
7832187392.0,0.0804702639579773
7833124864.0,0.0835077166557312
7834062336.0,0.08633102476596832
7834999808.0,0.08872497826814651
7835937280.0,0.08965203166007996
7836874752.0,0.0906473770737648
7837812736.0,0.09213164448738098
7838750208.0,0.09188982099294662
7839687680.0,0.09292013198137283
7840625152.0,0.09369367361068726
7841562624.0,0.09232138097286224
7842500096.0,0.0922030434012413
7843437568.0,0.09232135117053986
7844375040.0,0.0911765918135643
7845312512.0,0.08988920599222183
7846249984.0,0.08842017501592636
7847187456.0,0.08668703585863113
7848124928.0,0.08249107748270035
7849062400.0,0.07836144417524338
7849999872.0,0.07312246412038803
7850937344.0,0.06799887865781784
7851874816.0,0.062348946928977966
7852812288.0,0.05560220032930374
7853749760.0,0.04974781721830368
7854687744.0,0.042021773755550385
7855625216.0,0.03362612426280975
7856562688.0,0.025510378181934357
7857500160.0,0.016512366011738777
7858437632.0,0.0060767303220927715
7859375104.0,-0.004399174824357033
7860312576.0,-0.014969449490308762
7861250048.0,-0.02508162148296833
7862187520.0,-0.035491954535245895
7863124992.0,-0.047316618263721466
7864062464.0,0.051862284541130066
7864999936.0,0.04175327718257904
7865937408.0,0.03329523280262947
7866874880.0,0.026092620566487312
7867812352.0,0.016851885244250298
7868749824.0,0.010983658023178577
7869687296.0,0.005197983700782061
7870624768.0,0.00037782310391776264
7871562752.0,-0.004115750547498465
7872500224.0,-0.006842693313956261
7873437696.0,-0.014250054955482483
7874375168.0,-0.020888127386569977
7875312640.0,-0.0270253773778677
7876250112.0,-0.03286304324865341
7877187584.0,-0.04002032428979874
7878125056.0,-0.04880519583821297
7879062528.0,-0.05733251944184303
7880000000.0,-0.06555525213479996
7880937472.0,-0.07666139304637909
7881874944.0,-0.08741580694913864
7882812416.0,-0.10134746134281158
7883749888.0,-0.11506249010562897
7884687360.0,-0.13258570432662964
7885624832.0,-0.15079361200332642
7886562304.0,-0.17031817138195038
7887499776.0,-0.19119730591773987
7888437248.0,-0.21347485482692719
7889375232.0,-0.23699308931827545
7890312704.0,-0.2612936794757843
7891250176.0,-0.28626447916030884
7892187648.0,-0.31115803122520447
7893125120.0,-0.3376394212245941
7894062592.0,-0.36228013038635254
7895000064.0,-0.38692179322242737
7895937536.0,-0.40985026955604553
7896875008.0,-0.4322180449962616
7897812480.0,-0.45298710465431213
7898749952.0,-0.4699300527572632
7899687424.0,-0.4846862256526947
7900624896.0,-0.4977506697177887
7901562368.0,-0.5084054470062256
7902499840.0,-0.5146185755729675
7903437312.0,-0.5197941064834595
7904374784.0,-0.5206673741340637
7905312256.0,-0.5201035141944885
7906250240.0,-0.5155414938926697
7907187712.0,-0.5079477429389954
7908125184.0,-0.4968920052051544
7909062656.0,-0.4838294982910156
7910000128.0,-0.4686698913574219
7910937600.0,-0.44953325390815735
7911875072.0,-0.4293080270290375
7912812544.0,-0.4064754545688629
7913750016.0,-0.3808121681213379
7914687488.0,-0.35519784688949585
7915624960.0,-0.3266926109790802
7916562432.0,-0.2976827025413513
7917499904.0,-0.2682637572288513
7918437376.0,-0.23616181313991547
7919374848.0,-0.20711812376976013
7920312320.0,-0.1777762919664383
7921249792.0,-0.14753754436969757
7922187264.0,-0.11851119995117188
7923125248.0,-0.08988721668720245
7924062720.0,0.055714793503284454
7925000192.0,0.07604437321424484
7925937664.0,0.09578614681959152
7926875136.0,0.11268705874681473
7927812608.0,0.12753926217556
7928750080.0,0.1399431675672531
7929687552.0,0.1490248590707779
7930625024.0,0.15603414177894592
7931562496.0,0.15980885922908783
7932499968.0,0.16229163110256195
7933437440.0,0.16246190667152405
7934374912.0,0.16045761108398438
7935312384.0,0.1545678675174713
7936249856.0,0.148355633020401
7937187328.0,0.1407981812953949
7938124800.0,0.12910230457782745
7939062272.0,0.11789576709270477
7939999744.0,0.10357353091239929
7940937728.0,0.09002096951007843
7941875200.0,0.0728781446814537
7942812672.0,0.055397626012563705
7943750144.0,0.035760462284088135
7944687616.0,0.017147479578852654
7945625088.0,-0.004067219328135252
7946562560.0,-0.02588123083114624
7947500032.0,-0.04720979556441307
7948437504.0,-0.06994831562042236
7949374976.0,-0.09297855198383331
7950312448.0,-0.11356569826602936
7951249920.0,-0.13627876341342926
7952187392.0,-0.15884801745414734
7953124864.0,-0.17945559322834015
7954062336.0,-0.2018539309501648
7954999808.0,-0.22267594933509827
7955937280.0,-0.2446831613779068
7956874752.0,-0.26579150557518005
7957812736.0,-0.28713536262512207
7958750208.0,-0.30968889594078064
7959687680.0,-0.3291061818599701
7960625152.0,-0.34960445761680603
7961562624.0,-0.36982566118240356
7962500096.0,-0.38807085156440735
7963437568.0,-0.4079643785953522
7964375040.0,-0.42483919858932495
7965312512.0,-0.4416232109069824
7966249984.0,-0.45665621757507324
7967187456.0,-0.4716077148914337
7968124928.0,-0.4840983748435974
7969062400.0,-0.49640244245529175
7969999872.0,-0.5054524540901184
7970937344.0,-0.5139871835708618
7971874816.0,-0.5196190476417542
7972812288.0,-0.523935079574585
7973749760.0,-0.5261783599853516
7974687744.0,-0.5277729630470276
7975625216.0,-0.5252484679222107
7976562688.0,-0.5223504900932312
7977500160.0,-0.5170019865036011
7978437632.0,-0.5092673897743225
7979375104.0,-0.4989969730377197
7980312576.0,-0.48636043071746826
7981250048.0,-0.4704957604408264
7982187520.0,-0.4551665186882019
7983124992.0,-0.4370366632938385
7984062464.0,-0.41399767994880676
7984999936.0,-0.40076127648353577
7985937408.0,-0.3838605582714081
7986874880.0,-0.3678593039512634
7987812352.0,-0.35007789731025696
7988749824.0,-0.3321494162082672
7989687296.0,-0.31383103132247925
7990624768.0,-0.29354339838027954
7991562752.0,-0.2732436954975128
7992500224.0,-0.25311732292175293
7993437696.0,-0.232634037733078
7994375168.0,-0.21329976618289948
7995312640.0,-0.1915256232023239
7996250112.0,-0.1716051697731018
7997187584.0,-0.15132836997509003
7998125056.0,-0.1328275501728058
7999062528.0,-0.11398965120315552
8000000000.0,-0.0954417884349823
