Frequency (Hz),Measurement
2000000000.0,0.18109899759292603
2000937472.0,0.17221222817897797
2001874944.0,0.1649356484413147
2002812544.0,0.1555842012166977
2003750016.0,0.14654254913330078
2004687488.0,0.13539232313632965
2005624960.0,0.12495122849941254
2006562560.0,0.11270551383495331
2007500032.0,0.10076654702425003
2008437504.0,0.08763536065816879
2009374976.0,0.07474953681230545
2010312448.0,0.060115985572338104
2011250048.0,0.045622650533914566
2012187520.0,0.03273056447505951
2013124992.0,0.0175300482660532
2014062464.0,0.0032628835178911686
2015000064.0,-0.01143953762948513
2015937536.0,-0.025587158277630806
2016875008.0,-0.03867774456739426
2017812480.0,-0.051854249089956284
2018749952.0,-0.06420749425888062
2019687552.0,-0.07593100517988205
2020625024.0,-0.08639008551836014
2021562496.0,-0.09645035117864609
2022499968.0,-0.10439898073673248
2023437440.0,-0.1115175113081932
2024375040.0,-0.11752224713563919
2025312512.0,-0.12137793004512787
2026249984.0,-0.12513218820095062
2027187456.0,-0.12614527344703674
2028125056.0,-0.12598061561584473
2029062528.0,-0.12420285493135452
2030000000.0,-0.11992865800857544
2030937472.0,-0.11541999876499176
2031874944.0,-0.10842258483171463
2032812544.0,-0.10062113404273987
2033750016.0,-0.09264014661312103
2034687488.0,-0.08181796222925186
2035624960.0,-0.07138410955667496
2036562560.0,-0.05836241692304611
2037500032.0,-0.04442363604903221
2038437504.0,-0.031171703711152077
2039374976.0,-0.01812983676791191
2040312448.0,-0.0035981349647045135
2041250048.0,0.009932368993759155
2042187520.0,0.023819800466299057
2043124992.0,0.03789767250418663
2044062464.0,0.05139680951833725
2044999936.0,0.0639384314417839
2045937536.0,0.07632970809936523
2046875008.0,0.08706741780042648
2047812480.0,0.09815369546413422
2048749952.0,0.09368342161178589
2049687552.0,0.10322505235671997
2050625024.0,0.10964763909578323
2051562496.0,0.11579665541648865
2052499968.0,0.1189211905002594
2053437440.0,0.12066067010164261
2054375040.0,0.12143433839082718
2055312512.0,0.11939357221126556
2056249984.0,0.11495672911405563
2057187456.0,0.10851852595806122
2058125056.0,0.09981825947761536
2059062528.0,0.09032834321260452
2060000000.0,0.07695510983467102
2060937472.0,0.0634329691529274
2061874944.0,0.04872017726302147
2062812544.0,0.03303093463182449
2063750016.0,0.015732860192656517
2064687488.0,-0.001168037997558713
2065624960.0,-0.01903441734611988
2066562560.0,-0.036308806389570236
2067500032.0,-0.05315210297703743
2068437504.0,-0.06988029181957245
2069374976.0,-0.08566227555274963
2070312448.0,-0.10019795596599579
2071250048.0,-0.11304458975791931
2072187520.0,-0.12441917508840561
2073124992.0,-0.13360562920570374
2074062464.0,-0.14103172719478607
2075000064.0,-0.14582814276218414
2075937536.0,-0.15073248744010925
2076875008.0,-0.15233755111694336
2077812480.0,-0.1510736495256424
2078749952.0,-0.14739270508289337
2079687552.0,-0.14279267191886902
2080625024.0,-0.13659046590328217
2081562496.0,-0.12859441339969635
2082499968.0,-0.1193731352686882
2083437440.0,-0.10864569246768951
2084375040.0,-0.09741920232772827
2085312512.0,-0.08490104973316193
2086249984.0,-0.07389537990093231
2087187456.0,-0.06070869415998459
2088125056.0,-0.048503339290618896
2089062528.0,-0.035552747547626495
2090000000.0,-0.0226458627730608
2090937472.0,-0.013140606693923473
2091874944.0,-0.0015358609380200505
2092812544.0,0.0074561829678714275
2093750016.0,0.015755362808704376
2094687488.0,0.024328021332621574
2095624960.0,0.031553927809000015
2096562560.0,0.038216110318899155
2097500032.0,0.0437137633562088
2098437504.0,0.04927479848265648
2099374976.0,0.05410338565707207
2100312448.0,0.05810605734586716
2101250048.0,0.06266578286886215
2102187520.0,0.06710908561944962
2103124992.0,0.07082638889551163
2104062464.0,0.07552395761013031
2104999936.0,0.07904703170061111
2105937536.0,0.08408321440219879
2106875008.0,0.0883045345544815
2107812480.0,0.0927996039390564
2108749952.0,0.12369299679994583
2109687552.0,0.1302603781223297
2110625024.0,0.13531912863254547
2111562496.0,0.13992780447006226
2112499968.0,0.14323638379573822
2113437440.0,0.14635317027568817
2114375040.0,0.14812079071998596
2115312512.0,0.1476559042930603
2116249984.0,0.14616693556308746
2117187456.0,0.14435184001922607
2118125056.0,0.14083091914653778
2119062528.0,0.1361938714981079
2120000000.0,0.12905359268188477
2120937472.0,0.1216326504945755
2121874944.0,0.11381930112838745
2122812544.0,0.10466805845499039
2123750016.0,0.09296763688325882
2124687488.0,0.08277633786201477
2125624960.0,0.07012511789798737
2126562560.0,0.057170700281858444
2127500032.0,0.043868958950042725
2128437504.0,0.029385318979620934
2129374976.0,0.016201063990592957
2130312448.0,0.0033028547186404467
2131250048.0,-0.010813994333148003
2132187520.0,-0.023255426436662674
2133124992.0,-0.034802135080099106
2134062464.0,-0.04600316658616066
2135000064.0,-0.05737403780221939
2135937536.0,-0.06584601104259491
2136875008.0,-0.07381973415613174
2137812480.0,-0.0806175172328949
2138749952.0,-0.08552762866020203
2139687552.0,-0.08942367881536484
2140625024.0,-0.09146817028522491
2141562496.0,-0.09296732395887375
2142499968.0,-0.09204263240098953
2143437440.0,-0.09015749394893646
2144375040.0,-0.08743543177843094
2145312512.0,-0.08296982944011688
2146249984.0,-0.07724528014659882
2147187456.0,-0.07068449258804321
2148124928.0,-0.06417915970087051
2149062400.0,-0.05584682524204254
2150000128.0,-0.046220071613788605
2150937600.0,-0.03740518167614937
2151875072.0,-0.028230750933289528
2152812544.0,-0.018327176570892334
2153750016.0,-0.009720019064843655
2154687488.0,0.0004652485949918628
2155624960.0,0.009795326739549637
2156562432.0,0.018605384975671768
2157499904.0,0.026659520342946053
2158437376.0,0.03438529372215271
2159375104.0,0.04050721973180771
2160312576.0,0.04724812135100365
2161250048.0,0.05233063921332359
2162187520.0,0.05735981836915016
2163124992.0,0.06024112179875374
2164062464.0,0.06453681737184525
2164999936.0,0.06742458045482635
2165937408.0,0.06976059824228287
2166874880.0,0.07150962203741074
2167812608.0,0.0733538419008255
2168750080.0,0.14495520293712616
2169687552.0,0.14645439386367798
2170625024.0,0.14645177125930786
2171562496.0,0.14342665672302246
2172499968.0,0.13799691200256348
2173437440.0,0.13277752697467804
2174374912.0,0.1251852959394455
2175312384.0,0.11758510768413544
2176250112.0,0.10752931237220764
2177187584.0,0.09666313230991364
2178125056.0,0.08552491664886475
2179062528.0,0.07285873591899872
2180000000.0,0.06047065183520317
2180937472.0,0.04676065966486931
2181874944.0,0.03277916461229324
2182812416.0,0.019355233758687973
2183749888.0,0.006001092027872801
2184687616.0,-0.0072921328246593475
2185625088.0,-0.02156730927526951
2186562560.0,-0.03365328535437584
2187500032.0,-0.0475270114839077
2188437504.0,-0.05973031371831894
2189374976.0,-0.07054320722818375
2190312448.0,-0.08167438954114914
2191249920.0,-0.09076929837465286
2192187392.0,-0.09998206049203873
2193125120.0,-0.10851305723190308
2194062592.0,-0.11511420458555222
2195000064.0,-0.12095296382904053
2195937536.0,-0.12593530118465424
2196875008.0,-0.1302630454301834
2197812480.0,-0.13369624316692352
2198749952.0,-0.13602319359779358
2199687424.0,-0.13796325027942657
2200624896.0,-0.13859742879867554
2201562624.0,-0.1385456919670105
2202500096.0,-0.1375288963317871
2203437568.0,-0.13533654808998108
2204375040.0,-0.13338831067085266
2205312512.0,-0.13102179765701294
2206249984.0,-0.12705621123313904
2207187456.0,-0.12319585680961609
2208124928.0,-0.11900432407855988
2209062400.0,-0.11404108256101608
2209999872.0,-0.10998914390802383
2210937600.0,-0.10447313636541367
2211875072.0,-0.09731677174568176
2212812544.0,-0.08998481184244156
2213750016.0,-0.08270294219255447
2214687488.0,-0.0755658745765686
2215624960.0,-0.06797239929437637
2216562432.0,-0.060217149555683136
2217499904.0,-0.0531749427318573
2218437376.0,-0.04416421800851822
2219375104.0,-0.035550475120544434
2220312576.0,-0.02611692063510418
2221250048.0,-0.017374275252223015
2222187520.0,-0.006755494046956301
2223124992.0,0.0019181326497346163
2224062464.0,0.012542027048766613
2224999936.0,0.0222691111266613
2225937408.0,0.03247390687465668
2226874880.0,0.0430791936814785
2227812608.0,0.05204704403877258
2228750080.0,0.05916992947459221
2229687552.0,0.06776486337184906
2230625024.0,0.0752391368150711
2231562496.0,0.08212769776582718
2232499968.0,0.08897846937179565
2233437440.0,0.09497386962175369
2234374912.0,0.0989745482802391
2235312384.0,0.10262051969766617
2236250112.0,0.10358273237943649
2237187584.0,0.10367249697446823
2238125056.0,0.10129491984844208
2239062528.0,0.09699375182390213
2240000000.0,0.09212403744459152
2240937472.0,0.08456921577453613
2241874944.0,0.07693061232566833
2242812416.0,0.0683043897151947
2243749888.0,0.0575665719807148
2244687616.0,0.046287652105093
2245625088.0,0.0352884940803051
2246562560.0,0.021436138078570366
2247500032.0,0.00645076297223568
2248437504.0,-0.008270206861197948
2249374976.0,-0.024690506979823112
2250312448.0,-0.04107113182544708
2251249920.0,-0.05914094299077988
2252187392.0,-0.0760374516248703
2253125120.0,-0.09511518478393555
2254062592.0,-0.11425910890102386
2255000064.0,-0.1330787092447281
2255937536.0,-0.15287351608276367
2256875008.0,-0.17176230251789093
2257812480.0,-0.19223245978355408
2258749952.0,-0.21094632148742676
2259687424.0,-0.23005269467830658
2260624896.0,-0.24894115328788757
2261562624.0,-0.2674166262149811
2262500096.0,-0.2844516336917877
2263437568.0,-0.3010837733745575
2264375040.0,-0.31659841537475586
2265312512.0,-0.33035823702812195
2266249984.0,-0.3439626693725586
2267187456.0,-0.3557732105255127
2268124928.0,-0.36642035841941833
2269062400.0,-0.3755483031272888
2270000128.0,-0.38337624073028564
2270937600.0,-0.38911232352256775
2271875072.0,-0.39327436685562134
2272812544.0,-0.3962588608264923
2273750016.0,-0.39779096841812134
2274687488.0,-0.3970909118652344
2275624960.0,-0.3957313001155853
2276562432.0,-0.39363446831703186
2277499904.0,-0.3893977701663971
2278437376.0,-0.3839178681373596
2279375104.0,-0.3765288293361664
2280312576.0,-0.3691408336162567
2281250048.0,-0.3606151044368744
2282187520.0,-0.35117051005363464
2283124992.0,-0.3410966098308563
2284062464.0,-0.33086806535720825
2284999936.0,-0.3190055787563324
2285937408.0,-0.3089255690574646
2286874880.0,-0.29816484451293945
2287812608.0,-0.2884829342365265
2288750080.0,-0.3027051091194153
2289687552.0,-0.30507683753967285
2290625024.0,-0.30766192078590393
2291562496.0,-0.3105691075325012
2292499968.0,-0.3141804039478302
2293437440.0,-0.31860750913619995
2294374912.0,-0.32314902544021606
2295312384.0,-0.3275519013404846
2296250112.0,-0.33465391397476196
2297187584.0,-0.34124720096588135
2298125056.0,-0.34934690594673157
2299062528.0,-0.35857975482940674
2300000000.0,-0.3708040714263916
2300937472.0,-0.3844829499721527
2301874944.0,-0.39961543679237366
2302812416.0,-0.4156404435634613
2303749888.0,-0.4355848431587219
2304687616.0,-0.4578542709350586
2305625088.0,-0.4826286733150482
2306562560.0,-0.508629322052002
2307500032.0,-0.5387440323829651
2308437504.0,-0.5698118209838867
2309374976.0,-0.6000418066978455
2310312448.0,-0.6250157952308655
2311249920.0,-0.6513120532035828
2312187392.0,-0.6781627535820007
2313125120.0,-0.7068049311637878
2314062592.0,-0.7372204661369324
2315000064.0,-0.7681857943534851
2315937536.0,-0.8009821176528931
2316875008.0,-0.8339354991912842
2317812480.0,-0.8673030734062195
2318749952.0,-0.8998042941093445
2319687424.0,-0.9331068992614746
2320624896.0,-0.9655770659446716
2321562624.0,-0.9965415000915527
2322500096.0,-1.0248631238937378
2323437568.0,-1.0535202026367188
2324375040.0,-1.0790140628814697
2325312512.0,-1.1027090549468994
2326249984.0,-1.1255184412002563
2327187456.0,-1.1446439027786255
2328124928.0,-1.1625127792358398
2329062400.0,-1.1772600412368774
2329999872.0,-1.1900484561920166
2330937600.0,-1.2004542350769043
2331875072.0,-1.2083369493484497
2332812544.0,-1.2130844593048096
2333750016.0,-1.2151260375976562
2334687488.0,-1.214614987373352
2335624960.0,-1.2113821506500244
2336562432.0,-1.2051713466644287
2337499904.0,-1.1979246139526367
2338437376.0,-1.1881500482559204
2339375104.0,-1.176293134689331
2340312576.0,-1.1629408597946167
2341250048.0,-1.1491254568099976
2342187520.0,-1.134802222251892
2343124992.0,-1.118852138519287
2344062464.0,-1.102371096611023
2344999936.0,-1.085623025894165
2345937408.0,-1.068498969078064
2346874880.0,-1.0504554510116577
2347812608.0,-1.034024953842163
2348750080.0,-1.0028938055038452
2349687552.0,-0.9917164444923401
2350625024.0,-0.9797390103340149
2351562496.0,-0.9698879718780518
2352499968.0,-0.9601224660873413
2353437440.0,-0.9497401714324951
2354374912.0,-0.9420255422592163
2355312384.0,-0.9341249465942383
2356250112.0,-0.92743980884552
2357187584.0,-0.9221037030220032
2358125056.0,-0.9182934761047363
2359062528.0,-0.9168569445610046
2360000000.0,-0.91620272397995
2360937472.0,-0.9173466563224792
2361874944.0,-0.9207653403282166
2362812416.0,-0.9247526526451111
2363749888.0,-0.9305456876754761
2364687616.0,-0.9386981725692749
2365625088.0,-0.9476655125617981
2366562560.0,-0.95769864320755
2367500032.0,-0.969966471195221
2368437504.0,-0.9816946983337402
2369374976.0,-0.9938147664070129
2370312448.0,-1.0058120489120483
2371249920.0,-1.0186066627502441
2372187392.0,-1.0285953283309937
2373125120.0,-1.037981390953064
2374062592.0,-1.0457881689071655
2375000064.0,-1.052315592765808
2375937536.0,-1.0556632280349731
2376875008.0,-1.0558401346206665
2377812480.0,-1.0533162355422974
2378749952.0,-1.0472736358642578
2379687424.0,-1.038326621055603
2380624896.0,-1.025309681892395
2381562624.0,-1.008986473083496
2382500096.0,-0.9903360605239868
2383437568.0,-0.9680257439613342
2384375040.0,-0.9420896768569946
2385312512.0,-0.9149725437164307
2386249984.0,-0.8858230710029602
2387187456.0,-0.8539263010025024
2388124928.0,-0.8215389847755432
2389062400.0,-0.7869439721107483
2390000128.0,-0.7521474361419678
2390937600.0,-0.7181129455566406
2391875072.0,-0.6830107569694519
2392812544.0,-0.6491442322731018
2393750016.0,-0.6150174140930176
2394687488.0,-0.581967830657959
2395624960.0,-0.5499952435493469
2396562432.0,-0.5181065201759338
2397499904.0,-0.4882349371910095
2398437376.0,-0.4583408832550049
2399375104.0,-0.4295181632041931
2400312576.0,-0.40208685398101807
2401250048.0,-0.37450912594795227
2402187520.0,-0.3491497039794922
2403124992.0,-0.32460319995880127
2404062464.0,-0.30048736929893494
2404999936.0,-0.2755277752876282
2405937408.0,-0.25162944197654724
2406874880.0,-0.22873704135417938
2407812608.0,-0.2064783275127411
2408750080.0,-0.13313794136047363
2409687552.0,-0.11165697127580643
2410625024.0,-0.09142167121171951
2411562496.0,-0.07237248867750168
2412499968.0,-0.054562218487262726
2413437440.0,-0.03957010805606842
2414374912.0,-0.027059100568294525
2415312384.0,-0.015488171949982643
2416250112.0,-0.00923492293804884
2417187584.0,-0.004063246306031942
2418125056.0,-0.0028723259456455708
2419062528.0,-0.004929566290229559
2420000000.0,-0.011269919574260712
2420937472.0,-0.019817732274532318
2421874944.0,-0.031053265556693077
2422812416.0,-0.04641122370958328
2423749888.0,-0.06450255960226059
2424687616.0,-0.08535788953304291
2425625088.0,-0.1083902046084404
2426562560.0,-0.13400502502918243
2427500032.0,-0.16125574707984924
2428437504.0,-0.19018617272377014
2429374976.0,-0.22035592794418335
2430312448.0,-0.2507161796092987
2431249920.0,-0.2805171608924866
2432187392.0,-0.3090830445289612
2433125120.0,-0.33852729201316833
2434062592.0,-0.3655450642108917
2435000064.0,-0.38965684175491333
2435937536.0,-0.41278326511383057
2436875008.0,-0.43207404017448425
2437812480.0,-0.44838201999664307
2438749952.0,-0.46257880330085754
2439687424.0,-0.47205445170402527
2440624896.0,-0.4789995849132538
2441562624.0,-0.4808058738708496
2442500096.0,-0.4787658452987671
2443437568.0,-0.47471874952316284
2444375040.0,-0.4663499593734741
2445312512.0,-0.4541257321834564
2446249984.0,-0.43926379084587097
2447187456.0,-0.4205833673477173
2448124928.0,-0.40022900700569153
2449062400.0,-0.3766624629497528
2449999872.0,-0.35106632113456726
2450937600.0,-0.3227108418941498
2451875072.0,-0.29311761260032654
2452812544.0,-0.2617296278476715
2453750016.0,-0.23006537556648254
2454687488.0,-0.1971280872821808
2455624960.0,-0.16369828581809998
2456562432.0,-0.13048309087753296
2457499904.0,-0.09661164879798889
2458437376.0,-0.0646209642291069
2459375104.0,-0.03233875706791878
2460312576.0,-0.0012762864353135228
2461250048.0,0.02975875698029995
2462187520.0,0.058783791959285736
2463124992.0,0.08729509264230728
2464062464.0,0.11342985928058624
2464999936.0,0.13915513455867767
2465937408.0,0.16305610537528992
2466874880.0,0.1866201013326645
2467812608.0,0.20783837139606476
2468750080.0,0.1182975247502327
2469687552.0,0.13067437708377838
2470625024.0,0.14791259169578552
2471562496.0,0.16059169173240662
2472499968.0,0.17167627811431885
2473437440.0,0.1816483587026596
2474374912.0,0.18988294899463654
2475312384.0,0.19588735699653625
2476250112.0,0.1997137814760208
2477187584.0,0.20154833793640137
2478125056.0,0.20109689235687256
2479062528.0,0.19964151084423065
2480000000.0,0.19532911479473114
2480937472.0,0.18955647945404053
2481874944.0,0.18118324875831604
2482812416.0,0.17204411327838898
2483749888.0,0.16082663834095
2484687616.0,0.14697127044200897
2485625088.0,0.13193239271640778
2486562560.0,0.11564786732196808
2487500032.0,0.09803149849176407
2488437504.0,0.08000864833593369
2489374976.0,0.05957907438278198
2490312448.0,0.039318159222602844
2491249920.0,0.018888462334871292
2492187392.0,-0.0019479244947433472
2493125120.0,-0.022951731458306313
2494062592.0,-0.04393407329916954
2495000064.0,-0.06438847631216049
2495937536.0,-0.08393023908138275
2496875008.0,-0.10184232145547867
2497812480.0,-0.11987398564815521
2498749952.0,-0.13708819448947906
2499687424.0,-0.15144655108451843
2500624896.0,-0.1644783616065979
2501562624.0,-0.1768997311592102
2502500096.0,-0.18704251945018768
2503437568.0,-0.1961730569601059
2504375040.0,-0.20175515115261078
2505312512.0,-0.20597681403160095
2506249984.0,-0.20816481113433838
2507187456.0,-0.2082989364862442
2508124928.0,-0.20642319321632385
2509062400.0,-0.20305758714675903
2510000128.0,-0.1967308521270752
2510937600.0,-0.1892375648021698
2511875072.0,-0.1803736388683319
2512812544.0,-0.1693076342344284
2513750016.0,-0.15662819147109985
2514687488.0,-0.1430828720331192
2515624960.0,-0.12737485766410828
2516562432.0,-0.11132300645112991
2517499904.0,-0.0941133201122284
2518437376.0,-0.07568853348493576
2519375104.0,-0.05695786699652672
2520312576.0,-0.03776279091835022
2521250048.0,-0.018179232254624367
2522187520.0,0.0011767036048695445
2523124992.0,0.02075439877808094
2524062464.0,0.03952392190694809
2524999936.0,0.057200100272893906
2525937408.0,0.07441621273756027
2526874880.0,0.09004277735948563
2527812608.0,0.10483448952436447
2528750080.0,0.15869255363941193
2529687552.0,0.16370081901550293
2530625024.0,0.16924868524074554
2531562496.0,0.17243607342243195
2532499968.0,0.17480771243572235
2533437440.0,0.1767413318157196
2534374912.0,0.17778588831424713
2535312384.0,0.17886489629745483
2536250112.0,0.17750585079193115
2537187584.0,0.1758415549993515
2538125056.0,0.17336684465408325
2539062528.0,0.16868773102760315
2540000000.0,0.1644032895565033
2540937472.0,0.15883636474609375
2541874944.0,0.15159013867378235
2542812416.0,0.1433228999376297
2543749888.0,0.13328655064105988
2544687616.0,0.1231534332036972
2545625088.0,0.11203321069478989
2546562560.0,0.09958848357200623
2547500032.0,0.08722072094678879
2548437504.0,0.073850117623806
2549374976.0,0.05858911946415901
2550312448.0,0.043839022517204285
2551249920.0,0.027599364519119263
2552187392.0,0.01266564056277275
2553125120.0,-0.0037169749848544598
2554062592.0,-0.020340964198112488
2555000064.0,-0.03580934926867485
2555937536.0,-0.052069783210754395
2556875008.0,-0.06662829965353012
2557812480.0,-0.08102025836706161
2558749952.0,-0.09537269920110703
2559687424.0,-0.10759661346673965
2560624896.0,-0.11840058118104935
2561562624.0,-0.12973158061504364
2562500096.0,-0.13631831109523773
2563437568.0,-0.14375841617584229
2564375040.0,-0.14822009205818176
2565312512.0,-0.1502847969532013
2566249984.0,-0.15142616629600525
2567187456.0,-0.1506938338279724
2568124928.0,-0.1475488394498825
2569062400.0,-0.14261780679225922
2569999872.0,-0.1363750845193863
2570937600.0,-0.12780281901359558
2571875072.0,-0.11631064116954803
2572812544.0,-0.10421444475650787
2573750016.0,-0.09089228510856628
2574687488.0,-0.07557402551174164
2575624960.0,-0.059254929423332214
2576562432.0,-0.04207168146967888
2577499904.0,-0.023208949714899063
2578437376.0,-0.004049234092235565
2579375104.0,0.015581212006509304
2580312576.0,0.035859424620866776
2581250048.0,0.05654079094529152
2582187520.0,0.07648120075464249
2583124992.0,0.0953698605298996
2584062464.0,0.11425528675317764
2584999936.0,0.13175423443317413
2585937408.0,0.14913897216320038
2586874880.0,0.16399826109409332
2587812608.0,0.17734329402446747
2588750080.0,0.20145660638809204
2589687552.0,0.20925964415073395
2590625024.0,0.21444332599639893
2591562496.0,0.2176102250814438
2592499968.0,0.21799762547016144
2593437440.0,0.21515782177448273
2594374912.0,0.212265744805336
2595312384.0,0.20577239990234375
2596250112.0,0.19731874763965607
2597187584.0,0.18754105269908905
2598125056.0,0.17567771673202515
2599062528.0,0.16209657490253448
2600000000.0,0.14750322699546814
2600937472.0,0.13264362514019012
2601874944.0,0.11592579632997513
2602812416.0,0.09949347376823425
2603749888.0,0.08283715695142746
2604687616.0,0.06427787244319916
2605625088.0,0.047577787190675735
2606562560.0,0.029960060492157936
2607500032.0,0.01377377100288868
2608437504.0,-0.0028192319441586733
2609374976.0,-0.018155856058001518
2610312448.0,-0.03256966918706894
2611249920.0,-0.044705696403980255
2612187392.0,-0.057143308222293854
2613125120.0,-0.06847690790891647
2614062592.0,-0.07857724279165268
2615000064.0,-0.0869980901479721
2615937536.0,-0.0940723717212677
2616875008.0,-0.0997609868645668
2617812480.0,-0.10468997806310654
2618749952.0,-0.10882673412561417
2619687424.0,-0.11134351044893265
2620624896.0,-0.11386030912399292
2621562624.0,-0.1138274297118187
2622500096.0,-0.11408870667219162
2623437568.0,-0.11265373975038528
2624375040.0,-0.11101342737674713
2625312512.0,-0.10762179642915726
2626249984.0,-0.10393635928630829
2627187456.0,-0.10015707463026047
2628124928.0,-0.09554669260978699
2629062400.0,-0.0903429463505745
2630000128.0,-0.08444585651159286
2630937600.0,-0.07781851291656494
2631875072.0,-0.07017239183187485
2632812544.0,-0.06200943514704704
2633750016.0,-0.053324032574892044
2634687488.0,-0.04435117915272713
2635624960.0,-0.03410881385207176
2636562432.0,-0.023594772443175316
2637499904.0,-0.012871280312538147
2638437376.0,-0.00021967131760902703
2639375104.0,0.013420437462627888
2640312576.0,0.026984229683876038
2641250048.0,0.04098377004265785
2642187520.0,0.0566166415810585
2643124992.0,0.07212793081998825
2644062464.0,0.08818041533231735
2644999936.0,0.10453516244888306
2645937408.0,0.12258068472146988
2646874880.0,0.1377122700214386
2647812608.0,0.21366851031780243
2648750080.0,0.22493381798267365
2649687552.0,0.23457302153110504
2650625024.0,0.24181818962097168
2651562496.0,0.24749857187271118
2652499968.0,0.250543475151062
2653437440.0,0.2500554025173187
2654374912.0,0.24698388576507568
2655312384.0,0.24099357426166534
2656250112.0,0.23322661221027374
2657187584.0,0.1958123743534088
2658125056.0,0.17720554769039154
2659062528.0,0.15825609862804413
2660000000.0,0.13545946776866913
2660937472.0,0.11055423319339752
2661874944.0,0.08389083296060562
2662812416.0,0.05727221444249153
2663749888.0,0.027379298582673073
2664687616.0,-0.0014711354160681367
2665625088.0,-0.03106786124408245
2666562560.0,-0.059981007128953934
2667500032.0,-0.08934885263442993
2668437504.0,-0.11790476739406586
2669374976.0,-0.14302366971969604
2670312448.0,-0.16789035499095917
2671249920.0,-0.19051788747310638
2672187392.0,-0.20892836153507233
2673125120.0,-0.22587572038173676
2674062592.0,-0.24008993804454803
2675000064.0,-0.25244566798210144
2675937536.0,-0.26083827018737793
2676875008.0,-0.26469844579696655
2677812480.0,-0.2670665979385376
2678749952.0,-0.2655113637447357
2679687424.0,-0.262664794921875
2680624896.0,-0.2561662197113037
2681562624.0,-0.24829591810703278
2682500096.0,-0.23612430691719055
2683437568.0,-0.22426864504814148
2684375040.0,-0.20819346606731415
2685312512.0,-0.19184452295303345
2686249984.0,-0.174155130982399
2687187456.0,-0.1559145450592041
2688124928.0,-0.13690172135829926
2689062400.0,-0.1171853169798851
2689999872.0,-0.0961977168917656
2690937600.0,-0.07587879151105881
2691875072.0,-0.05689480900764465
2692812544.0,-0.03626808896660805
2693750016.0,-0.01685190759599209
2694687488.0,0.002586087677627802
2695624960.0,0.02065809816122055
2696562432.0,0.04051178693771362
2697499904.0,0.05861228331923485
2698437376.0,0.07483404129743576
2699375104.0,0.0933133214712143
2700312576.0,0.11015758663415909
2701250048.0,0.12688766419887543
2702187520.0,0.14232803881168365
2703124992.0,0.15812262892723083
2704062464.0,0.17269814014434814
2704999936.0,0.18756604194641113
2705937408.0,0.2019999772310257
2706874880.0,0.2151637226343155
2707812608.0,0.1860988736152649
2708750080.0,0.1927463710308075
2709687552.0,0.1987956315279007
2710625024.0,0.20103394985198975
2711562496.0,0.20397275686264038
2712499968.0,0.20635131001472473
2713437440.0,0.20550945401191711
2714374912.0,0.20348399877548218
2715312384.0,0.2012062519788742
2716250112.0,0.19652773439884186
2717187584.0,0.19128140807151794
2718125056.0,0.18324322998523712
2719062528.0,0.175202414393425
2720000000.0,0.1648939847946167
2720937472.0,0.1538691520690918
2721874944.0,0.1403091996908188
2722812416.0,0.12646420300006866
2723749888.0,0.11200372129678726
2724687616.0,0.09572988003492355
2725625088.0,0.07853548228740692
2726562560.0,0.060860808938741684
2727500032.0,0.04279300570487976
2728437504.0,0.02438635192811489
2729374976.0,0.0052252765744924545
2730312448.0,-0.012781381607055664
2731249920.0,-0.0319066159427166
2732187392.0,-0.05012418329715729
2733125120.0,-0.06813980638980865
2734062592.0,-0.08485473692417145
2735000064.0,-0.10203486680984497
2735937536.0,-0.11745761334896088
2736875008.0,-0.13291704654693604
2737812480.0,-0.14686468243598938
2738749952.0,-0.15850569307804108
2739687424.0,-0.1689894199371338
2740624896.0,-0.1784171611070633
2741562624.0,-0.1860935539007187
2742500096.0,-0.19142550230026245
2743437568.0,-0.1959490031003952
2744375040.0,-0.1986554116010666
2745312512.0,-0.1994876265525818
2746249984.0,-0.1981292963027954
2747187456.0,-0.19475334882736206
2748124928.0,-0.1898421049118042
2749062400.0,-0.18277913331985474
2750000128.0,-0.17459134757518768
2750937600.0,-0.16427375376224518
2751875072.0,-0.15296342968940735
2752812544.0,-0.14010895788669586
2753750016.0,-0.1252363920211792
2754687488.0,-0.1085013821721077
2755624960.0,-0.09328218549489975
2756562432.0,-0.07491224259138107
2757499904.0,-0.05747954174876213
2758437376.0,-0.03926228731870651
2759375104.0,-0.020675651729106903
2760312576.0,-0.002008866984397173
2761250048.0,0.016787730157375336
2762187520.0,0.036366771906614304
2763124992.0,0.05442066118121147
2764062464.0,0.07123751938343048
2764999936.0,0.08828170597553253
2765937408.0,0.10342498123645782
2766874880.0,0.11738411337137222
2767812608.0,0.17365819215774536
2768750080.0,0.17345364391803741
2769687552.0,0.17078621685504913
2770625024.0,0.16819584369659424
2771562496.0,0.16583946347236633
2772499968.0,0.1601383090019226
2773437440.0,0.15523943305015564
2774374912.0,0.14931395649909973
2775312384.0,0.1419985294342041
2776250112.0,0.13422660529613495
2777187584.0,0.12560923397541046
2778125056.0,0.11663208901882172
2779062528.0,0.10591526329517365
2780000000.0,0.09658773243427277
2780937472.0,0.08538930118083954
2781874944.0,0.07416225969791412
2782812416.0,0.06105000898241997
2783749888.0,0.04990237578749657
2784687616.0,0.03738440200686455
2785625088.0,0.024860238656401634
2786562560.0,0.01204270776361227
2787500032.0,-0.0003969857352785766
2788437504.0,-0.013802530243992805
2789374976.0,-0.02616237662732601
2790312448.0,-0.03839871287345886
2791249920.0,-0.05029483139514923
2792187392.0,-0.06148374453186989
2793125120.0,-0.07200052589178085
2794062592.0,-0.08305694162845612
2795000064.0,-0.09253109246492386
2795937536.0,-0.10028357058763504
2796875008.0,-0.10797242075204849
2797812480.0,-0.11408072710037231
2798749952.0,-0.11860089004039764
2799687424.0,-0.1222052276134491
2800624896.0,-0.12502621114253998
2801562624.0,-0.12577934563159943
2802500096.0,-0.12464507669210434
2803437568.0,-0.12189500778913498
2804375040.0,-0.11834051460027695
2805312512.0,-0.11263500899076462
2806249984.0,-0.1063203364610672
2807187456.0,-0.09732845425605774
2808124928.0,-0.08731291443109512
2809062400.0,-0.07661311328411102
2809999872.0,-0.06437452137470245
2810937600.0,-0.05051744729280472
2811875072.0,-0.03675127401947975
2812812544.0,-0.021361276507377625
2813750016.0,-0.0058021992444992065
2814687488.0,0.01051374338567257
2815624960.0,0.027994273230433464
2816562432.0,0.04523419588804245
2817499904.0,0.06265094131231308
2818437376.0,0.07927561551332474
2819375104.0,0.09650424122810364
2820312576.0,0.11192863434553146
2821250048.0,0.1271088719367981
2822187520.0,0.14188352227210999
2823124992.0,0.1544640213251114
2824062464.0,0.16703449189662933
2824999936.0,0.1763070523738861
2825937408.0,0.18525181710720062
2826874880.0,0.19199854135513306
2827812608.0,0.2056524008512497
2828750080.0,0.20719611644744873
2829687552.0,0.20723016560077667
2830625024.0,0.20360460877418518
2831562496.0,0.1974010318517685
2832499968.0,0.1888885498046875
2833437440.0,0.17844164371490479
2834374912.0,0.16583307087421417
2835312384.0,0.1512783169746399
2836250112.0,0.135444775223732
2837187584.0,0.11782515048980713
2838125056.0,0.09961667656898499
2839062528.0,0.0798482894897461
2840000000.0,0.059719670563936234
2840937472.0,0.039368536323308945
2841874944.0,0.020004699006676674
2842812416.0,0.0006753151537850499
2843749888.0,-0.018343757838010788
2844687616.0,-0.03586546331644058
2845625088.0,-0.05340074747800827
2846562560.0,-0.06918685138225555
2847500032.0,-0.08397510647773743
2848437504.0,-0.09655112773180008
2849374976.0,-0.10799087584018707
2850312448.0,-0.11736290156841278
2851249920.0,-0.12451666593551636
2852187392.0,-0.1300755888223648
2853125120.0,-0.1334633231163025
2854062592.0,-0.13653162121772766
2855000064.0,-0.13637380301952362
2855937536.0,-0.13430219888687134
2856875008.0,-0.13141444325447083
2857812480.0,-0.12646175920963287
2858749952.0,-0.12089897692203522
2859687424.0,-0.11416108161211014
2860624896.0,-0.10572431236505508
2861562624.0,-0.09618303924798965
2862500096.0,-0.08657142519950867
2863437568.0,-0.07538142055273056
2864375040.0,-0.06412847340106964
2865312512.0,-0.05251177027821541
2866249984.0,-0.040495846420526505
2867187456.0,-0.027133043855428696
2868124928.0,-0.014653830789029598
2869062400.0,-0.0016016563167795539
2870000128.0,0.011401690542697906
2870937600.0,0.024109510704874992
2871875072.0,0.03611905127763748
2872812544.0,0.050470296293497086
2873750016.0,0.06262156367301941
2874687488.0,0.07492320239543915
2875624960.0,0.0870983675122261
2876562432.0,0.09913217276334763
2877499904.0,0.11041905730962753
2878437376.0,0.12078692018985748
2879375104.0,0.13204368948936462
2880312576.0,0.14222374558448792
2881250048.0,0.15075741708278656
2882187520.0,0.15861214697360992
2883124992.0,0.16611292958259583
2884062464.0,0.17257513105869293
2884999936.0,0.17824417352676392
2885937408.0,0.18324624001979828
2886874880.0,0.18648044764995575
2887812608.0,0.18925753235816956
2888750080.0,0.19137975573539734
2889687552.0,0.19125142693519592
2890625024.0,0.18976826965808868
2891562496.0,0.18767821788787842
2892499968.0,0.1833123117685318
2893437440.0,0.1763102412223816
2894374912.0,0.16783636808395386
2895312384.0,0.15906046330928802
2896250112.0,0.14753279089927673
2897187584.0,0.1340208798646927
2898125056.0,0.12011922895908356
2899062528.0,0.10479755699634552
2900000000.0,0.0877915546298027
2900937472.0,0.06988442689180374
2901874944.0,0.05181029438972473
2902812416.0,0.032384444028139114
2903749888.0,0.013070018030703068
2904687616.0,-0.006669142283499241
2905625088.0,-0.025099417194724083
2906562560.0,-0.04394002631306648
2907500032.0,-0.06247541680932045
2908437504.0,-0.0798308253288269
2909374976.0,-0.09551920741796494
2910312448.0,-0.11063387244939804
2911249920.0,-0.12350112199783325
2912187392.0,-0.1355637162923813
2913125120.0,-0.14467495679855347
2914062592.0,-0.15334969758987427
2915000064.0,-0.15907257795333862
2915937536.0,-0.16350388526916504
2916875008.0,-0.16497403383255005
2917812480.0,-0.16539625823497772
2918749952.0,-0.16214363276958466
2919687424.0,-0.15881645679473877
2920624896.0,-0.15128181874752045
2921562624.0,-0.14359097182750702
2922500096.0,-0.13255387544631958
2923437568.0,-0.12095565348863602
2924375040.0,-0.10711809247732162
2925312512.0,-0.09331420063972473
2926249984.0,-0.07774662971496582
2927187456.0,-0.060123372822999954
2928124928.0,-0.04325628653168678
2929062400.0,-0.026252657175064087
2929999872.0,-0.007587640546262264
2930937600.0,0.008936906233429909
2931875072.0,0.02661670371890068
2932812544.0,0.04363611340522766
2933750016.0,0.05966844782233238
2934687488.0,0.07615432888269424
2935624960.0,0.09107241034507751
2936562432.0,0.10323518514633179
2937499904.0,0.11518173664808273
2938437376.0,0.12621626257896423
2939375104.0,0.13563388586044312
2940312576.0,0.14313232898712158
2941250048.0,0.14990568161010742
2942187520.0,0.15413092076778412
2943124992.0,0.1570531725883484
2944062464.0,0.1590087115764618
2944999936.0,0.15972140431404114
2945937408.0,0.15983794629573822
2946874880.0,0.158344566822052
2947812608.0,0.15380126237869263
2948750080.0,0.1524406224489212
2949687552.0,0.14969050884246826
2950625024.0,0.14661449193954468
2951562496.0,0.14123599231243134
2952499968.0,0.13632836937904358
2953437440.0,0.13018295168876648
2954374912.0,0.1231728345155716
2955312384.0,0.1156003475189209
2956250112.0,0.1072651669383049
2957187584.0,0.09898388385772705
2958125056.0,0.09003827720880508
2959062528.0,0.08010803163051605
2960000000.0,0.07006873935461044
2960937472.0,0.05931025743484497
2961874944.0,0.04730313643813133
2962812416.0,0.036731474101543427
2963749888.0,0.024880195036530495
2964687616.0,0.0138022992759943
2965625088.0,0.0021082402672618628
2966562560.0,-0.009499777108430862
2967500032.0,-0.02099655754864216
2968437504.0,-0.031499747186899185
2969374976.0,-0.042727138847112656
2970312448.0,-0.05212324112653732
2971249920.0,-0.06241469085216522
2972187392.0,-0.07188520580530167
2973125120.0,-0.07958794385194778
2974062592.0,-0.0878639817237854
2975000064.0,-0.09443143755197525
2975937536.0,-0.10103262215852737
2976875008.0,-0.10625335574150085
2977812480.0,-0.11066616326570511
2978749952.0,-0.1135176569223404
2979687424.0,-0.11568867415189743
2980624896.0,-0.11636457592248917
2981562624.0,-0.11561111360788345
2982500096.0,-0.11369612067937851
2983437568.0,-0.11272500455379486
2984375040.0,-0.10824914276599884
2985312512.0,-0.1044435128569603
2986249984.0,-0.09892787039279938
2987187456.0,-0.09271501004695892
2988124928.0,-0.08604943007230759
2989062400.0,-0.07870706170797348
2990000128.0,-0.07077062875032425
2990937600.0,-0.062340494245290756
2991875072.0,-0.054271917790174484
2992812544.0,-0.04578980803489685
2993750016.0,-0.03712262585759163
2994687488.0,-0.028719117864966393
2995624960.0,-0.01922961324453354
2996562432.0,-0.012768811546266079
2997499904.0,-0.0052342489361763
2998437376.0,0.0009359310497529805
2999375104.0,0.006876825820654631
3000312576.0,0.010767434723675251
3001250048.0,0.013626637868583202
3002187520.0,0.01814163662493229
3003124992.0,0.019966907799243927
3004062464.0,0.021388418972492218
3004999936.0,0.02133490890264511
3005937408.0,0.020386526361107826
3006874880.0,0.01930106431245804
3007812608.0,0.015001202002167702
3008750080.0,0.01182169746607542
3009687552.0,0.00722130574285984
3010625024.0,0.002205685945227742
3011562496.0,-0.002738106297329068
3012499968.0,-0.007404339034110308
3013437440.0,-0.011759757995605469
3014374912.0,-0.017276640981435776
3015312384.0,-0.022982073947787285
3016250112.0,-0.02780803292989731
3017187584.0,-0.033209215849637985
3018125056.0,-0.0390332005918026
3019062528.0,-0.043089643120765686
3020000000.0,-0.04863964393734932
3020937472.0,-0.053000081330537796
3021874944.0,-0.05860074982047081
3022812416.0,-0.06367521733045578
3023749888.0,-0.06816448271274567
3024687616.0,-0.07265716046094894
3025625088.0,-0.07727441191673279
3026562560.0,-0.08190646767616272
3027500032.0,-0.08579600602388382
3028437504.0,-0.09042434394359589
3029374976.0,-0.09340442717075348
3030312448.0,-0.09736628830432892
3031249920.0,-0.10156062990427017
3032187392.0,-0.104464091360569
3033125120.0,-0.10757162421941757
3034062592.0,-0.11074456572532654
3035000064.0,-0.11251834034919739
3035937536.0,-0.1146460473537445
3036875008.0,-0.11659775674343109
3037812480.0,-0.11834368109703064
3038749952.0,-0.11897681653499603
3039687424.0,-0.11919347941875458
3040624896.0,-0.11920075863599777
3041562624.0,-0.11840993165969849
3042500096.0,-0.11737050116062164
3043437568.0,-0.1158195361495018
3044375040.0,-0.11261125653982162
3045312512.0,-0.11064562946557999
3046249984.0,-0.10641176253557205
3047187456.0,-0.10332822799682617
3048124928.0,-0.09836884588003159
3049062400.0,-0.09377475082874298
3049999872.0,-0.08836333453655243
3050937600.0,-0.08320733904838562
3051875072.0,-0.07778529077768326
3052812544.0,-0.07206713408231735
3053750016.0,-0.06723890453577042
3054687488.0,-0.062161821871995926
3055624960.0,-0.05611676722764969
3056562432.0,-0.05055849999189377
3057499904.0,-0.045098066329956055
3058437376.0,-0.03968348726630211
3059375104.0,-0.034099120646715164
3060312576.0,-0.029294228181242943
3061250048.0,-0.025697816163301468
3062187520.0,-0.021184906363487244
3063124992.0,-0.019735902547836304
3064062464.0,-0.0168040469288826
3064999936.0,-0.014793355949223042
3065937408.0,-0.014866734854876995
3066874880.0,-0.01393677294254303
3067812608.0,-0.0004822817863896489
3068750080.0,-0.007442797534167767
3069687552.0,-0.013625902123749256
3070625024.0,-0.022298289462924004
3071562496.0,-0.029856352135539055
3072499968.0,-0.038553882390260696
3073437440.0,-0.04811565950512886
3074374912.0,-0.05754070729017258
3075312384.0,-0.066646508872509
3076250112.0,-0.0759020671248436
3077187584.0,-0.08542238920927048
3078125056.0,-0.09455275535583496
3079062528.0,-0.10417505353689194
3080000000.0,-0.1114744171500206
3080937472.0,-0.11791464686393738
3081874944.0,-0.12462344765663147
3082812416.0,-0.13029460608959198
3083749888.0,-0.13428694009780884
3084687616.0,-0.13782998919487
3085625088.0,-0.14001186192035675
3086562560.0,-0.13997136056423187
3087500032.0,-0.13982346653938293
3088437504.0,-0.13833455741405487
3089374976.0,-0.1353069692850113
3090312448.0,-0.13165327906608582
3091249920.0,-0.1268443614244461
3092187392.0,-0.12101739645004272
3093125120.0,-0.11419377475976944
3094062592.0,-0.10636956244707108
3095000064.0,-0.09853610396385193
3095937536.0,-0.08967719227075577
3096875008.0,-0.08041476458311081
3097812480.0,-0.07109816372394562
3098749952.0,-0.06131516396999359
3099687424.0,-0.050624266266822815
3100624896.0,-0.039825018495321274
3101562624.0,-0.029949111863970757
3102500096.0,-0.02008056454360485
3103437568.0,-0.009677634574472904
3104375040.0,-4.8415960918646306e-05
3105312512.0,0.00906307715922594
3106249984.0,0.018266966566443443
3107187456.0,0.026186734437942505
3108124928.0,0.03471917659044266
3109062400.0,0.041489940136671066
3110000128.0,0.048827726393938065
3110937600.0,0.05542896315455437
3111875072.0,0.061084114015102386
3112812544.0,0.06622921675443649
3113750016.0,0.07076431065797806
3114687488.0,0.07581444829702377
3115624960.0,0.08005661517381668
3116562432.0,0.08358077704906464
3117499904.0,0.08649224042892456
3118437376.0,0.08970018476247787
3119375104.0,0.0920277014374733
3120312576.0,0.09363958984613419
3121250048.0,0.09581781178712845
3122187520.0,0.09694025665521622
3123124992.0,0.09884178638458252
3124062464.0,0.0999448224902153
3124999936.0,0.1013333797454834
3125937408.0,0.10294143110513687
3126874880.0,0.10286504775285721
3127812608.0,0.1231347918510437
3128750080.0,0.12060395628213882
3129687552.0,0.1179320439696312
3130625024.0,0.11624114215373993
3131562496.0,0.1138862892985344
3132499968.0,0.11259464174509048
3133437440.0,0.11043048650026321
3134374912.0,0.10869578272104263
3135312384.0,0.10705066472291946
3136250112.0,0.10634353011846542
3137187584.0,0.10385849326848984
3138125056.0,0.1038341149687767
3139062528.0,0.10268920660018921
3140000000.0,0.10162780433893204
3140937472.0,0.10105980187654495
3141874944.0,0.10006272792816162
3142812416.0,0.09975247830152512
3143749888.0,0.09879031777381897
3144687616.0,0.09791304916143417
3145625088.0,0.09554208070039749
3146562560.0,0.09340774267911911
3147500032.0,0.09111642092466354
3148437504.0,0.0886685848236084
3149374976.0,0.08559546619653702
3150312448.0,0.08151360601186752
3151249920.0,0.07665643841028214
3152187392.0,0.07186643034219742
3153125120.0,0.06553869694471359
3154062592.0,0.059756118804216385
3155000064.0,0.0532689169049263
3155937536.0,0.04535960778594017
3156875008.0,0.036721762269735336
3157812480.0,0.027615861967206
3158749952.0,0.01831636019051075
3159687424.0,0.007582762744277716
3160624896.0,-0.0030501000583171844
3161562624.0,-0.014582802541553974
3162500096.0,-0.026116399094462395
3163437568.0,-0.038958895951509476
3164375040.0,-0.0510641485452652
3165312512.0,-0.06170489266514778
3166249984.0,-0.07436002045869827
3167187456.0,-0.08501391857862473
3168124928.0,-0.09644906967878342
3169062400.0,-0.1077011376619339
3169999872.0,-0.11723000556230545
3170937600.0,-0.12625984847545624
3171875072.0,-0.13506413996219635
3172812544.0,-0.14338180422782898
3173750016.0,-0.14925110340118408
3174687488.0,-0.15327167510986328
3175624960.0,-0.15728093683719635
3176562432.0,-0.15927401185035706
3177499904.0,-0.15899722278118134
3178437376.0,-0.15936221182346344
3179375104.0,-0.15722019970417023
3180312576.0,-0.15306362509727478
3181250048.0,-0.1472434550523758
3182187520.0,-0.14035125076770782
3183124992.0,-0.13284285366535187
3184062464.0,-0.12160861492156982
3184999936.0,-0.11143853515386581
3185937408.0,-0.09824222326278687
3186874880.0,-0.08305682986974716
3187812608.0,0.043062690645456314
3188750080.0,0.04106642305850983
3189687552.0,0.0408296212553978
3190625024.0,0.04103470221161842
3191562496.0,0.042089421302080154
3192499968.0,0.04441758617758751
3193437440.0,0.04745028540492058
3194374912.0,0.05005685240030289
3195312384.0,0.054168518632650375
3196250112.0,0.05853435397148132
3197187584.0,0.06368847191333771
3198125056.0,0.06847453117370605
3199062528.0,0.07313833385705948
3200000000.0,0.07863893359899521
3200937472.0,0.08270727097988129
3201874944.0,0.08653633296489716
3202812416.0,0.08974232524633408
3203749888.0,0.09267063438892365
3204687616.0,0.09316278994083405
3205625088.0,0.09369635581970215
3206562560.0,0.09328646957874298
3207500032.0,0.09000039845705032
3208437504.0,0.08662044256925583
3209374976.0,0.08237230777740479
3210312448.0,0.07804712653160095
3211249920.0,0.07013198733329773
3212187392.0,0.0631553903222084
3213125120.0,0.053701501339673996
3214062592.0,0.043424881994724274
3215000064.0,0.032209448516368866
3215937536.0,0.020249200984835625
3216875008.0,0.008440696634352207
3217812480.0,-0.003763239597901702
3218749952.0,-0.017235631123185158
3219687424.0,-0.03011782467365265
3220624896.0,-0.043689943850040436
3221562624.0,-0.05561941862106323
3222500096.0,-0.06817400455474854
3223437568.0,-0.07874076813459396
3224375040.0,-0.08936678618192673
3225312512.0,-0.0989055335521698
3226249984.0,-0.1075684204697609
3227187456.0,-0.11478487402200699
3228124928.0,-0.1208638846874237
3229062400.0,-0.1254633367061615
3230000128.0,-0.12874579429626465
3230937600.0,-0.13130204379558563
3231875072.0,-0.13215595483779907
3232812544.0,-0.13164450228214264
3233750016.0,-0.13001027703285217
3234687488.0,-0.12851986289024353
3235624960.0,-0.12510785460472107
3236562432.0,-0.1212310716509819
3237499904.0,-0.1157645508646965
3238437376.0,-0.10958880931138992
3239375104.0,-0.10526568442583084
3240312576.0,-0.1000647246837616
3241250048.0,-0.09483087807893753
3242187520.0,-0.09065428376197815
3243124992.0,-0.08696920424699783
3244062464.0,-0.08359111100435257
3244999936.0,-0.08219897001981735
3245937408.0,-0.0790862888097763
3246874880.0,-0.07907731831073761
3247812608.0,-0.07190924882888794
3248750080.0,-0.0757533460855484
3249687552.0,-0.07995472848415375
3250625024.0,-0.08300454169511795
3251562496.0,-0.08714188635349274
3252499968.0,-0.08900688588619232
3253437440.0,-0.09087057411670685
3254374912.0,-0.09111326187849045
3255312384.0,-0.0917658805847168
3256250112.0,-0.09075693786144257
3257187584.0,-0.08752384036779404
3258125056.0,-0.08349702507257462
3259062528.0,-0.0795489177107811
3260000000.0,-0.07371373474597931
3260937472.0,-0.06684176623821259
3261874944.0,-0.05976918339729309
3262812416.0,-0.05150100216269493
3263749888.0,-0.04296379163861275
3264687616.0,-0.035029586404561996
3265625088.0,-0.02600768208503723
3266562560.0,-0.018691401928663254
3267500032.0,-0.010745793581008911
3268437504.0,-0.004577066283673048
3269374976.0,0.0007233454380184412
3270312448.0,0.005331163760274649
3271249920.0,0.008200381882488728
3272187392.0,0.009394979104399681
3273125120.0,0.01054395642131567
3274062592.0,0.009859452955424786
3275000064.0,0.008784418925642967
3275937536.0,0.007532330695539713
3276875008.0,0.005840723402798176
3277812480.0,0.0034295974764972925
3278749952.0,0.0008155585383065045
3279687424.0,-0.0005566593608818948
3280624896.0,-0.0006758423987776041
3281562624.0,-0.0018263107631355524
3282500096.0,-0.002482835901901126
3283437568.0,-0.0011555766686797142
3284375040.0,0.00033244298538193107
3285312512.0,0.0015287901042029262
3286249984.0,0.003974640741944313
3287187456.0,0.005678307265043259
3288124928.0,0.006532377563416958
3289062400.0,0.008237610571086407
3289999872.0,0.00901692733168602
3290937600.0,0.008992417715489864
3291875072.0,0.008219857700169086
3292812544.0,0.006026832852512598
3293750016.0,0.00333231664262712
3294687488.0,-0.0015777534572407603
3295624960.0,-0.007466208189725876
3296562432.0,-0.013156944885849953
3297499904.0,-0.019253157079219818
3298437376.0,-0.02773328684270382
3299375104.0,-0.03593989089131355
3300312576.0,-0.045041732490062714
3301250048.0,-0.05444705858826637
3302187520.0,-0.06335548311471939
3303124992.0,-0.07254773378372192
3304062464.0,-0.08204982429742813
3304999936.0,-0.09064030647277832
3305937408.0,-0.09889679402112961
3306874880.0,-0.10689540207386017
3307812608.0,-0.07420468330383301
3308750080.0,-0.07275409251451492
3309687552.0,-0.07085588574409485
3310625024.0,-0.0696546882390976
3311562496.0,-0.06713953614234924
3312499968.0,-0.06689087301492691
3313437440.0,-0.06627577543258667
3314374912.0,-0.06556004285812378
3315312384.0,-0.06660764664411545
3316250112.0,-0.0671420693397522
3317187584.0,-0.06948545575141907
3318125056.0,-0.07103662937879562
3319062528.0,-0.07477708160877228
3320000000.0,-0.07836586982011795
3320937472.0,-0.08348546177148819
3321874944.0,-0.0884949341416359
3322812416.0,-0.0940956324338913
3323749888.0,-0.09951885789632797
3324687616.0,-0.10659249126911163
3325625088.0,-0.11263737082481384
3326562560.0,-0.11977596580982208
3327500032.0,-0.12648938596248627
3328437504.0,-0.13342946767807007
3329374976.0,-0.1400589793920517
3330312448.0,-0.14568816125392914
3331249920.0,-0.1510971337556839
3332187392.0,-0.15636740624904633
3333125120.0,-0.15908947587013245
3334062592.0,-0.16150133311748505
3335000064.0,-0.16396012902259827
3335937536.0,-0.16440553963184357
3336875008.0,-0.16448716819286346
3337812480.0,-0.16414648294448853
3338749952.0,-0.1608290821313858
3339687424.0,-0.1578410416841507
3340624896.0,-0.15369057655334473
3341562624.0,-0.1473495364189148
3342500096.0,-0.14050987362861633
3343437568.0,-0.13387039303779602
3344375040.0,-0.125949427485466
3345312512.0,-0.11767679452896118
3346249984.0,-0.10842296481132507
3347187456.0,-0.09865042567253113
3348124928.0,-0.08806226402521133
3349062400.0,-0.0790511816740036
3350000128.0,-0.06955300271511078
3350937600.0,-0.05985504016280174
3351875072.0,-0.050122182816267014
3352812544.0,-0.04144839569926262
3353750016.0,-0.033830635249614716
3354687488.0,-0.025758741423487663
3355624960.0,-0.019087810069322586
3356562432.0,-0.01194609422236681
3357499904.0,-0.0072189620696008205
3358437376.0,-0.002622171537950635
3359375104.0,0.0018830746412277222
3360312576.0,0.006029090378433466
3361250048.0,0.00882723182439804
3362187520.0,0.011257125064730644
3363124992.0,0.014075493440032005
3364062464.0,0.015308414585888386
3364999936.0,0.01706572435796261
3365937408.0,0.01912442408502102
3366874880.0,0.021871235221624374
3367812608.0,0.030019331723451614
3368750080.0,0.037654582411050797
3369687552.0,0.0456986129283905
3370625024.0,0.05252671614289284
3371562496.0,0.05816011503338814
3372499968.0,0.06294514238834381
3373437440.0,0.06723490357398987
3374374912.0,0.06836050003767014
3375312384.0,0.07065863162279129
3376250112.0,0.07026985287666321
3377187584.0,0.0692083016037941
3378125056.0,0.06615263968706131
3379062528.0,0.0629420354962349
3380000000.0,0.05795243754982948
3380937472.0,0.05083965137600899
3381874944.0,0.04508231580257416
3382812416.0,0.03674832358956337
3383749888.0,0.028656166046857834
3384687616.0,0.019101981073617935
3385625088.0,0.010141890496015549
3386562560.0,-0.00012522618635557592
3387500032.0,-0.011332623660564423
3388437504.0,-0.021181274205446243
3389374976.0,-0.03229612857103348
3390312448.0,-0.0428202748298645
3391249920.0,-0.05280282720923424
3392187392.0,-0.061238497495651245
3393125120.0,-0.07111237943172455
3394062592.0,-0.07844413816928864
3395000064.0,-0.08612372726202011
3395937536.0,-0.09265944361686707
3396875008.0,-0.09917103499174118
3397812480.0,-0.1045093685388565
3398749952.0,-0.10888901352882385
3399687424.0,-0.11183175444602966
3400624896.0,-0.11393777281045914
3401562624.0,-0.11629679799079895
3402500096.0,-0.11694780737161636
3403437568.0,-0.11646320670843124
3404375040.0,-0.11596018075942993
3405312512.0,-0.11469955742359161
3406249984.0,-0.1125062108039856
3407187456.0,-0.10962596535682678
3408124928.0,-0.10666555911302567
3409062400.0,-0.10409244894981384
3409999872.0,-0.1011434942483902
3410937600.0,-0.09693576395511627
3411875072.0,-0.09280236065387726
3412812544.0,-0.08921878784894943
3413750016.0,-0.08532772958278656
3414687488.0,-0.08024343848228455
3415624960.0,-0.07572458684444427
3416562432.0,-0.07159355282783508
3417499904.0,-0.06783866137266159
3418437376.0,-0.06249643862247467
3419375104.0,-0.05879053846001625
3420312576.0,-0.054885540157556534
3421250048.0,-0.05118600279092789
3422187520.0,-0.047334540635347366
3423124992.0,-0.04333401843905449
3424062464.0,-0.0399053618311882
3424999936.0,-0.03557204082608223
3425937408.0,-0.03205625340342522
3426874880.0,-0.028182847425341606
3427812608.0,-0.023517638444900513
3428750080.0,-0.02123875916004181
3429687552.0,-0.017862699925899506
3430625024.0,-0.014871201477944851
3431562496.0,-0.010597881861031055
3432499968.0,-0.006768899969756603
3433437440.0,-0.003052525455132127
3434374912.0,0.0037311124615371227
3435312384.0,0.009120889939367771
3436250112.0,0.01631830260157585
3437187584.0,0.024215828627347946
3438125056.0,0.03398072347044945
3439062528.0,0.04445822536945343
3440000000.0,0.05521600320935249
3440937472.0,0.0683363750576973
3441874944.0,0.08073320984840393
3442812416.0,0.0938115268945694
3443749888.0,0.10791890323162079
3444687616.0,0.12142465263605118
3445625088.0,0.13550198078155518
3446562560.0,0.14864572882652283
3447500032.0,0.16218864917755127
3448437504.0,0.17337822914123535
3449374976.0,0.18435761332511902
3450312448.0,0.19338753819465637
3451249920.0,0.20029033720493317
3452187392.0,0.20484143495559692
3453125120.0,0.2065325230360031
3454062592.0,0.20580758154392242
3455000064.0,0.2034832090139389
3455937536.0,0.19751663506031036
3456875008.0,0.1889662891626358
3457812480.0,0.17837025225162506
3458749952.0,0.16586408019065857
3459687424.0,0.1511685848236084
3460624896.0,0.13487859070301056
3461562624.0,0.11736036837100983
3462500096.0,0.09819493442773819
3463437568.0,0.07798373699188232
3464375040.0,0.058490630239248276
3465312512.0,0.03820902854204178
3466249984.0,0.018763739615678787
3467187456.0,0.0009793522767722607
3468124928.0,-0.016760164871811867
3469062400.0,-0.03277204930782318
3470000128.0,-0.04753543436527252
3470937600.0,-0.06032416969537735
3471875072.0,-0.0719255730509758
3472812544.0,-0.08100073784589767
3473750016.0,-0.08831692487001419
3474687488.0,-0.09306108951568604
3475624960.0,-0.09636516869068146
3476562432.0,-0.09819687902927399
3477499904.0,-0.09850535541772842
3478437376.0,-0.09609391540288925
3479375104.0,-0.09472507238388062
3480312576.0,-0.09118413925170898
3481250048.0,-0.085816890001297
3482187520.0,-0.08149377256631851
3483124992.0,-0.07626146078109741
3484062464.0,-0.07105881720781326
3484999936.0,-0.06559526175260544
3485937408.0,-0.060267213732004166
3486874880.0,-0.05540267005562782
3487812608.0,-0.042033225297927856
3488750080.0,-0.04507835954427719
3489687552.0,-0.04840473458170891
3490625024.0,-0.05345868691802025
3491562496.0,-0.05795426666736603
3492499968.0,-0.06400495022535324
3493437440.0,-0.07016295194625854
3494374912.0,-0.07466079294681549
3495312384.0,-0.07923958450555801
3496250112.0,-0.08434794843196869
3497187584.0,-0.08892203867435455
3498125056.0,-0.09276586025953293
3499062528.0,-0.0967346578836441
3500000000.0,-0.0977337583899498
3500937472.0,-0.09773416072130203
3501874944.0,-0.09764144569635391
3502812416.0,-0.09480690211057663
3503749888.0,-0.09127385169267654
3504687616.0,-0.08623654395341873
3505625088.0,-0.07962585985660553
3506562560.0,-0.07334832102060318
3507500032.0,-0.065767303109169
3508437504.0,-0.05756961554288864
3509374976.0,-0.049104757606983185
3510312448.0,-0.03903941065073013
3511249920.0,-0.03036104142665863
3512187392.0,-0.02071431465446949
3513125120.0,-0.011303890496492386
3514062592.0,-0.002261212095618248
3515000064.0,0.006372737232595682
3515937536.0,0.014847061596810818
3516875008.0,0.02282041870057583
3517812480.0,0.029263729229569435
3518749952.0,0.03474167734384537
3519687424.0,0.03935606777667999
3520624896.0,0.04310520365834236
3521562624.0,0.04521837830543518
3522500096.0,0.04672369733452797
3523437568.0,0.04625534638762474
3524375040.0,0.04554945230484009
3525312512.0,0.04364404082298279
3526249984.0,0.04031196981668472
3527187456.0,0.036067284643650055
3528124928.0,0.031190285459160805
3529062400.0,0.0255813580006361
3529999872.0,0.02025565318763256
3530937600.0,0.013379783369600773
3531875072.0,0.007952711544930935
3532812544.0,0.0015800724504515529
3533750016.0,-0.0035135422367602587
3534687488.0,-0.00826590321958065
3535624960.0,-0.012930410914123058
3536562432.0,-0.016086749732494354
3537499904.0,-0.0201826561242342
3538437376.0,-0.021757561713457108
3539375104.0,-0.02333088032901287
3540312576.0,-0.023260507732629776
3541250048.0,-0.021604979410767555
3542187520.0,-0.02018596976995468
3543124992.0,-0.019110042601823807
3544062464.0,-0.015616606920957565
3544999936.0,-0.012484421022236347
3545937408.0,-0.008345971815288067
3546874880.0,-0.004518438130617142
3547812608.0,-0.0022058063186705112
3548750080.0,-0.0035913370084017515
3549687552.0,-0.0053797196596860886
3550625024.0,-0.008218126371502876
3551562496.0,-0.011299665085971355
3552499968.0,-0.013632649555802345
3553437440.0,-0.015192735008895397
3554374912.0,-0.01862339675426483
3555312384.0,-0.021343160420656204
3556250112.0,-0.025037191808223724
3557187584.0,-0.029240291565656662
3558125056.0,-0.032970450818538666
3559062528.0,-0.036088280379772186
3560000000.0,-0.039933137595653534
3560937472.0,-0.04217028617858887
3561874944.0,-0.04619304835796356
3562812416.0,-0.04958600923418999
3563749888.0,-0.052360907196998596
3564687616.0,-0.05492054671049118
3565625088.0,-0.05617682263255119
3566562560.0,-0.05775441229343414
3567500032.0,-0.059820402413606644
3568437504.0,-0.06075052544474602
3569374976.0,-0.06111344322562218
3570312448.0,-0.06116392835974693
3571249920.0,-0.06082654744386673
3572187392.0,-0.060929954051971436
3573125120.0,-0.05874559283256531
3574062592.0,-0.05726239085197449
3575000064.0,-0.05684220418334007
3575937536.0,-0.05433901026844978
3576875008.0,-0.0540643110871315
3577812480.0,-0.051629871129989624
3578749952.0,-0.04966355860233307
3579687424.0,-0.047934118658304214
3580624896.0,-0.04507509246468544
3581562624.0,-0.042434971779584885
3582500096.0,-0.03965446725487709
3583437568.0,-0.03808587044477463
3584375040.0,-0.03671545907855034
3585312512.0,-0.03693823516368866
3586249984.0,-0.03637399524450302
3587187456.0,-0.03596151992678642
3588124928.0,-0.03509688377380371
3589062400.0,-0.03514371067285538
3590000128.0,-0.035619013011455536
3590937600.0,-0.03589196503162384
3591875072.0,-0.03665145859122276
3592812544.0,-0.035946767777204514
3593750016.0,-0.035613879561424255
3594687488.0,-0.03500549867749214
3595624960.0,-0.03486810252070427
3596562432.0,-0.032962098717689514
3597499904.0,-0.03144044429063797
3598437376.0,-0.029909547418355942
3599375104.0,-0.02702297642827034
3600312576.0,-0.023738162592053413
3601250048.0,-0.02046729065477848
3602187520.0,-0.016821760684251785
3603124992.0,-0.011790962889790535
3604062464.0,-0.006814886350184679
3604999936.0,-0.000940157740842551
3605937408.0,0.004530537407845259
3606874880.0,0.010524406097829342
3607812608.0,0.03325187787413597
3608750080.0,0.04189421609044075
3609687552.0,0.05057935044169426
3610625024.0,0.05910249426960945
3611562496.0,0.06712864339351654
3612499968.0,0.07415968179702759
3613437440.0,0.07968548685312271
3614374912.0,0.08600343018770218
3615312384.0,0.09135587513446808
3616250112.0,0.09563202410936356
3617187584.0,0.09846944361925125
3618125056.0,0.09927494078874588
3619062528.0,0.10051003843545914
3620000000.0,0.09939157217741013
3620937472.0,0.09858180582523346
3621874944.0,0.09543780982494354
3622812416.0,0.09111534804105759
3623749888.0,0.08608879894018173
3624687616.0,0.08084055781364441
3625625088.0,0.07523683458566666
3626562560.0,0.0681089535355568
3627500032.0,0.06067979335784912
3628437504.0,0.05236884951591492
3629374976.0,0.04445281997323036
3630312448.0,0.03597929701209068
3631249920.0,0.02699681930243969
3632187392.0,0.017420807853341103
3633125120.0,0.007242295425385237
3634062592.0,-0.0032943892292678356
3635000064.0,-0.013870175927877426
3635937536.0,-0.02288188599050045
3636875008.0,-0.03271172195672989
3637812480.0,-0.04256284236907959
3638749952.0,-0.05219198390841484
3639687424.0,-0.06061076000332832
3640624896.0,-0.0692320466041565
3641562624.0,-0.07789627462625504
3642500096.0,-0.08544468134641647
3643437568.0,-0.09336745738983154
3644375040.0,-0.10037913173437119
3645312512.0,-0.10524651408195496
3646249984.0,-0.11141108721494675
3647187456.0,-0.1167391687631607
3648124928.0,-0.12075799703598022
3649062400.0,-0.12627992033958435
3649999872.0,-0.12833017110824585
3650937600.0,-0.13070742785930634
3651875072.0,-0.13436809182167053
3652812544.0,-0.13614676892757416
3653750016.0,-0.1370486170053482
3654687488.0,-0.1380327045917511
3655624960.0,-0.13718220591545105
3656562432.0,-0.13598911464214325
3657499904.0,-0.13542647659778595
3658437376.0,-0.13386158645153046
3659375104.0,-0.1316850334405899
3660312576.0,-0.1291206330060959
3661250048.0,-0.12575002014636993
3662187520.0,-0.12318889796733856
3663124992.0,-0.11912719905376434
3664062464.0,-0.11530069261789322
3664999936.0,-0.11188815534114838
3665937408.0,-0.10722663253545761
3666874880.0,-0.10217739641666412
3667812608.0,-0.08494878560304642
3668750080.0,-0.08507484942674637
3669687552.0,-0.0839296504855156
3670625024.0,-0.08168962597846985
3671562496.0,-0.07991240918636322
3672499968.0,-0.07598628848791122
3673437440.0,-0.07196713238954544
3674374912.0,-0.0668983981013298
3675312384.0,-0.0624174103140831
3676250112.0,-0.05574088543653488
3677187584.0,-0.04979313164949417
3678125056.0,-0.042279262095689774
3679062528.0,-0.034725580364465714
3680000000.0,-0.026113461703062057
3680937472.0,-0.01741888001561165
3681874944.0,-0.008049863390624523
3682812416.0,0.000464767828816548
3683749888.0,0.01004841085523367
3684687616.0,0.019210495054721832
3685625088.0,0.028363727033138275
3686562560.0,0.03630855679512024
3687500032.0,0.04453342780470848
3688437504.0,0.05171358957886696
3689374976.0,0.05907560884952545
3690312448.0,0.06495887041091919
3691249920.0,0.07015398144721985
3692187392.0,0.07556979358196259
3693125120.0,0.0793161541223526
3694062592.0,0.08223845809698105
3695000064.0,0.08454740792512894
3695937536.0,0.08466432243585587
3696875008.0,0.08423654735088348
3697812480.0,0.08324457705020905
3698749952.0,0.080475814640522
3699687424.0,0.07729332149028778
3700624896.0,0.07324926555156708
3701562624.0,0.06791017949581146
3702500096.0,0.0619148351252079
3703437568.0,0.05563187226653099
3704375040.0,0.04748708754777908
3705312512.0,0.04073460400104523
3706249984.0,0.033884644508361816
3707187456.0,0.025465460494160652
3708124928.0,0.017232106998562813
3709062400.0,0.009212935343384743
3710000128.0,-0.0012859656708315015
3710937600.0,-0.009696158580482006
3711875072.0,-0.018019486218690872
3712812544.0,-0.026285214349627495
3713750016.0,-0.03259192034602165
3714687488.0,-0.0390501543879509
3715624960.0,-0.04525512084364891
3716562432.0,-0.04917896166443825
3717499904.0,-0.053590450435876846
3718437376.0,-0.0559777170419693
3719375104.0,-0.05787913501262665
3720312576.0,-0.05895134061574936
3721250048.0,-0.059929993003606796
3722187520.0,-0.0598602369427681
3723124992.0,-0.05975239351391792
3724062464.0,-0.059138547629117966
3724999936.0,-0.057354625314474106
3725937408.0,-0.05546793341636658
3726874880.0,-0.053913015872240067
3727812608.0,-0.05676606670022011
3728750080.0,-0.055295009166002274
3729687552.0,-0.055191729217767715
3730625024.0,-0.052950263023376465
3731562496.0,-0.05250285193324089
3732499968.0,-0.05155392736196518
3733437440.0,-0.05073012039065361
3734374912.0,-0.05129675939679146
3735312384.0,-0.05170874670147896
3736250112.0,-0.052366115152835846
3737187584.0,-0.05475868284702301
3738125056.0,-0.05723462253808975
3739062528.0,-0.060462456196546555
3740000000.0,-0.06320163607597351
3740937472.0,-0.06679259240627289
3741874944.0,-0.07159461081027985
3742812416.0,-0.07609711587429047
3743749888.0,-0.08042865991592407
3744687616.0,-0.08547697216272354
3745625088.0,-0.09102033823728561
3746562560.0,-0.09548134356737137
3747500032.0,-0.10217843949794769
3748437504.0,-0.10746042430400848
3749374976.0,-0.11184212565422058
3750312448.0,-0.11844798922538757
3751249920.0,-0.12440350651741028
3752187392.0,-0.12927789986133575
3753125120.0,-0.13392707705497742
3754062592.0,-0.1381184160709381
3755000064.0,-0.1424582302570343
3755937536.0,-0.1438913643360138
3756875008.0,-0.1452217698097229
3757812480.0,-0.14654096961021423
3758749952.0,-0.14506690204143524
3759687424.0,-0.14202725887298584
3760624896.0,-0.13762395083904266
3761562624.0,-0.132926344871521
3762500096.0,-0.12566690146923065
3763437568.0,-0.11991902440786362
3764375040.0,-0.1102544516324997
3765312512.0,-0.10140203684568405
3766249984.0,-0.09197411686182022
3767187456.0,-0.08066125959157944
3768124928.0,-0.07010548561811447
3769062400.0,-0.05831971392035484
3769999872.0,-0.04601537063717842
3770937600.0,-0.03426096960902214
3771875072.0,-0.023624617606401443
3772812544.0,-0.012722384184598923
3773750016.0,-0.0035292920656502247
3774687488.0,0.003840668825432658
3775624960.0,0.012410897761583328
3776562432.0,0.01783091202378273
3777499904.0,0.02170584350824356
3778437376.0,0.025119055062532425
3779375104.0,0.026720678433775902
3780312576.0,0.02650432474911213
3781250048.0,0.02506181225180626
3782187520.0,0.021383170038461685
3783124992.0,0.01694759726524353
3784062464.0,0.01023781392723322
3784999936.0,0.004052628297358751
3785937408.0,-0.005141041707247496
3786874880.0,-0.003838383359834552
3787812608.0,-0.011217872612178326
3788750080.0,-0.021050050854682922
3789687552.0,-0.03116287849843502
3790625024.0,-0.04226993769407272
3791562496.0,-0.05525347962975502
3792499968.0,-0.06631983816623688
3793437440.0,-0.07691465318202972
3794374912.0,-0.08848106861114502
3795312384.0,-0.10012722760438919
3796250112.0,-0.11046972870826721
3797187584.0,-0.12163226306438446
3798125056.0,-0.1317586600780487
3799062528.0,-0.14183883368968964
3800000000.0,-0.149142324924469
3800937472.0,-0.15606479346752167
3801874944.0,-0.16310004889965057
3802812416.0,-0.16702429950237274
3803749888.0,-0.17021659016609192
3804687616.0,-0.17215359210968018
3805625088.0,-0.17226891219615936
3806562560.0,-0.17068007588386536
3807500032.0,-0.1685168594121933
3808437504.0,-0.16497522592544556
3809374976.0,-0.16068099439144135
3810312448.0,-0.15395505726337433
3811249920.0,-0.14814835786819458
3812187392.0,-0.14040598273277283
3813125120.0,-0.13275998830795288
3814062592.0,-0.1232747733592987
3815000064.0,-0.11396480351686478
3815937536.0,-0.10354321449995041
3816875008.0,-0.09457073360681534
3817812480.0,-0.08413993567228317
3818749952.0,-0.07425717264413834
3819687424.0,-0.0650688111782074
3820624896.0,-0.05559883639216423
3821562624.0,-0.04721584916114807
3822500096.0,-0.038726888597011566
3823437568.0,-0.03195633366703987
3824375040.0,-0.02555137500166893
3825312512.0,-0.021046850830316544
3826249984.0,-0.01596028357744217
3827187456.0,-0.013148021884262562
3828124928.0,-0.010816739872097969
3829062400.0,-0.010123646818101406
3830000128.0,-0.008840137161314487
3830937600.0,-0.010030494071543217
3831875072.0,-0.01166027132421732
3832812544.0,-0.01515753474086523
3833750016.0,-0.017632901668548584
3834687488.0,-0.021734250709414482
3835624960.0,-0.025838924571871758
3836562432.0,-0.030202046036720276
3837499904.0,-0.03504867106676102
3838437376.0,-0.03951672837138176
3839375104.0,-0.04378135874867439
3840312576.0,-0.04825393110513687
3841250048.0,-0.05172859877347946
3842187520.0,-0.05513627082109451
3843124992.0,-0.05849923565983772
3844062464.0,-0.060517266392707825
3844999936.0,-0.06251056492328644
3845937408.0,-0.06331706047058105
3846874880.0,-0.054790105670690536
3847812608.0,-0.05036492273211479
3848750080.0,-0.046291034668684006
3849687552.0,-0.043372247368097305
3850625024.0,-0.04063932225108147
3851562496.0,-0.03821742534637451
3852499968.0,-0.0360766276717186
3853437440.0,-0.035263799130916595
3854374912.0,-0.03473072499036789
3855312384.0,-0.03399617597460747
3856250112.0,-0.03452307730913162
3857187584.0,-0.03457489237189293
3858125056.0,-0.035482268780469894
3859062528.0,-0.03607088699936867
3860000000.0,-0.03849884495139122
3860937472.0,-0.04064664617180824
3861874944.0,-0.04293614625930786
3862812416.0,-0.04562438279390335
3863749888.0,-0.050060100853443146
3864687616.0,-0.052160825580358505
3865625088.0,-0.0549965426325798
3866562560.0,-0.057749193161726
3867500032.0,-0.05916330963373184
3868437504.0,-0.06239304319024086
3869374976.0,-0.06480135023593903
3870312448.0,-0.06696940958499908
3871249920.0,-0.0680965706706047
3872187392.0,-0.06937534362077713
3873125120.0,-0.07121764123439789
3874062592.0,-0.07193341106176376
3875000064.0,-0.07317980378866196
3875937536.0,-0.0753805935382843
3876875008.0,-0.07833483815193176
3877812480.0,-0.08068669587373734
3878749952.0,-0.0811397135257721
3879687424.0,-0.08299499750137329
3880624896.0,-0.08351148664951324
3881562624.0,-0.08365247398614883
3882500096.0,-0.08399035036563873
3883437568.0,-0.08335781842470169
3884375040.0,-0.08460716903209686
3885312512.0,-0.08394196629524231
3886249984.0,-0.0830855742096901
3887187456.0,-0.0832040011882782
3888124928.0,-0.08376875519752502
3889062400.0,-0.08320745080709457
3889999872.0,-0.08368416875600815
3890937600.0,-0.0839371308684349
3891875072.0,-0.08432671427726746
3892812544.0,-0.0857071727514267
3893750016.0,-0.0869317501783371
3894687488.0,-0.08831247687339783
3895624960.0,-0.09029195457696915
3896562432.0,-0.09118388593196869
3897499904.0,-0.09500674903392792
3898437376.0,-0.09919025748968124
3899375104.0,-0.10309179127216339
3900312576.0,-0.1072758361697197
3901250048.0,-0.11097616702318192
3902187520.0,-0.11567635089159012
3903124992.0,-0.11959705501794815
3904062464.0,-0.12445786595344543
3904999936.0,-0.12938277423381805
3905937408.0,-0.13336262106895447
3906874880.0,-0.15222156047821045
3907812608.0,-0.15871509909629822
3908750080.0,-0.16349279880523682
3909687552.0,-0.1678784340620041
3910625024.0,-0.1697024554014206
3911562496.0,-0.16988520324230194
3912499968.0,-0.16768506169319153
3913437440.0,-0.16394568979740143
3914374912.0,-0.1566539853811264
3915312384.0,-0.14913254976272583
3916250112.0,-0.139112189412117
3917187584.0,-0.12706682085990906
3918125056.0,-0.11422499269247055
3919062528.0,-0.10055294632911682
3920000000.0,-0.08521116524934769
3920937472.0,-0.06925659626722336
3921874944.0,-0.053600531071424484
3922812416.0,-0.036620669066905975
3923749888.0,-0.01927621103823185
3924687616.0,-0.00369075033813715
3925625088.0,0.011244401335716248
3926562560.0,0.025451263412833214
3927500032.0,0.03818998113274574
3928437504.0,0.048876043409109116
3929374976.0,0.057976819574832916
3930312448.0,0.06545735895633698
3931249920.0,0.0700555071234703
3932187392.0,0.07275029271841049
3933125120.0,0.07420290261507034
3934062592.0,0.07320050895214081
3935000064.0,0.07017919421195984
3935937536.0,0.06574563682079315
3936875008.0,0.0603141225874424
3937812480.0,0.053539007902145386
3938749952.0,0.04551004245877266
3939687424.0,0.03567152097821236
3940624896.0,0.027588166296482086
3941562624.0,0.017831722274422646
3942500096.0,0.009275734424591064
3943437568.0,0.0007169647142291069
3944375040.0,-0.008069445379078388
3945312512.0,-0.016914289444684982
3946249984.0,-0.023552434518933296
3947187456.0,-0.02995031699538231
3948124928.0,-0.0353580005466938
3949062400.0,-0.040855541825294495
3950000128.0,-0.04505639523267746
3950937600.0,-0.04876888543367386
3951875072.0,-0.05076034367084503
3952812544.0,-0.053380049765110016
3953750016.0,-0.05566120892763138
3954687488.0,-0.05785144120454788
3955624960.0,-0.05955769866704941
3956562432.0,-0.06148301437497139
3957499904.0,-0.06257849931716919
3958437376.0,-0.06497109681367874
3959375104.0,-0.06393348425626755
3960312576.0,-0.06537219136953354
3961250048.0,-0.0662306696176529
3962187520.0,-0.06875409185886383
3963124992.0,-0.07154995948076248
3964062464.0,-0.07682725042104721
3964999936.0,-0.0809519812464714
3965937408.0,-0.08692231774330139
3966874880.0,-0.10238270461559296
3967812608.0,-0.11454380303621292
3968750080.0,-0.12888063490390778
3969687552.0,-0.14397214353084564
3970625024.0,-0.15699370205402374
3971562496.0,-0.1707298755645752
3972499968.0,-0.1824963390827179
3973437440.0,-0.1931283175945282
3974374912.0,-0.20301371812820435
3975312384.0,-0.21077263355255127
3976250112.0,-0.21778739988803864
3977187584.0,-0.22258228063583374
3978125056.0,-0.22620336711406708
3979062528.0,-0.22624793648719788
3980000000.0,-0.22655434906482697
3980937472.0,-0.22439630329608917
3981874944.0,-0.22096705436706543
3982812416.0,-0.216182678937912
3983749888.0,-0.20856626331806183
3984687616.0,-0.19977107644081116
3985625088.0,-0.19048355519771576
3986562560.0,-0.17948098480701447
3987500032.0,-0.16916145384311676
3988437504.0,-0.15771181881427765
3989374976.0,-0.14612461626529694
3990312448.0,-0.1337132602930069
3991249920.0,-0.12195105105638504
3992187392.0,-0.1104629784822464
3993125120.0,-0.09963851422071457
3994062592.0,-0.0890042707324028
3995000064.0,-0.08085524290800095
3995937536.0,-0.07173488289117813
3996875008.0,-0.06424974650144577
3997812480.0,-0.05771720036864281
3998749952.0,-0.052383508533239365
3999687424.0,-0.04663614183664322
4000624896.0,-0.053097546100616455
4001562624.0,-0.05181611701846123
4002500096.0,-0.051434364169836044
4003437568.0,-0.05214749276638031
4004375040.0,-0.05290638655424118
4005312512.0,-0.05606831610202789
4006249984.0,-0.06047460809350014
4007187456.0,-0.0666746124625206
4008124928.0,-0.07254007458686829
4009062400.0,-0.07989736646413803
4009999872.0,-0.0876610204577446
4010937600.0,-0.09492794424295425
4011875072.0,-0.10318365693092346
4012812544.0,-0.11145041137933731
4013750016.0,-0.11968659609556198
4014687488.0,-0.12776702642440796
4015624960.0,-0.1351020187139511
4016562432.0,-0.14322736859321594
4017499904.0,-0.1512054204940796
4018437376.0,-0.1582859307527542
4019375104.0,-0.16466183960437775
4020312576.0,-0.17090579867362976
4021250048.0,-0.1767580211162567
4022187520.0,-0.1806366890668869
4023124992.0,-0.18577706813812256
4024062464.0,-0.18863947689533234
4024999936.0,-0.19304858148097992
4025937408.0,-0.19438572227954865
4026874880.0,-0.18823182582855225
4027812608.0,-0.19389708340168
4028750080.0,-0.19984760880470276
4029687552.0,-0.20590853691101074
4030625024.0,-0.21099837124347687
4031562496.0,-0.2155858278274536
4032499968.0,-0.21898780763149261
4033437440.0,-0.2227438986301422
4034374912.0,-0.2232842892408371
4035312384.0,-0.2248213291168213
4036250112.0,-0.22404059767723083
4037187584.0,-0.2228875607252121
4038125056.0,-0.21966375410556793
4039062528.0,-0.21466641128063202
4040000000.0,-0.20958136022090912
4040937472.0,-0.20291048288345337
4041874944.0,-0.19689880311489105
4042812416.0,-0.18894554674625397
4043749888.0,-0.1801411360502243
4044687616.0,-0.17107556760311127
4045625088.0,-0.1593327671289444
4046562560.0,-0.1489221453666687
4047500032.0,-0.13606813549995422
4048437504.0,-0.12360867112874985
4049374976.0,-0.11008897423744202
4050312448.0,-0.09616447985172272
4051249920.0,-0.0824364721775055
4052187392.0,-0.069256491959095
4053125120.0,-0.05576544627547264
4054062592.0,-0.043283138424158096
4055000064.0,-0.03107709065079689
4055937536.0,-0.02027580700814724
4056875008.0,-0.009984944947063923
4057812480.0,-0.0015268402639776468
4058749952.0,0.006107017397880554
4059687424.0,0.011488774791359901
4060624896.0,0.016346629709005356
4061562624.0,0.018741484731435776
4062500096.0,0.018816009163856506
4063437568.0,0.01770860329270363
4064375040.0,0.014447370544075966
4065312512.0,0.01056980062276125
4066249984.0,0.004067776724696159
4067187456.0,-0.0038028366398066282
4068124928.0,-0.012863008305430412
4069062400.0,-0.022178487852215767
4070000128.0,-0.03203609585762024
4070937600.0,-0.04404367879033089
4071875072.0,-0.0553157813847065
4072812544.0,-0.06861719489097595
4073750016.0,-0.081306092441082
4074687488.0,-0.09459567815065384
4075624960.0,-0.10690111666917801
4076562432.0,-0.11986438184976578
4077499904.0,-0.1317194551229477
4078437376.0,-0.14306779205799103
4079375104.0,-0.15255793929100037
4080312576.0,-0.16264012455940247
4081250048.0,-0.1710308939218521
4082187520.0,-0.178421288728714
4083124992.0,-0.18503549695014954
4084062464.0,-0.18999721109867096
4084999936.0,-0.19325095415115356
4085937408.0,-0.1944451928138733
4086874880.0,-0.17618410289287567
4087812608.0,-0.17552053928375244
4088750080.0,-0.173949733376503
4089687552.0,-0.17089881002902985
4090625024.0,-0.16787344217300415
4091562496.0,-0.16369318962097168
4092499968.0,-0.15953736007213593
4093437440.0,-0.15498416125774384
4094374912.0,-0.15038524568080902
4095312384.0,-0.1431780308485031
4096250112.0,-0.1377606838941574
4097187584.0,-0.1314999759197235
4098125056.0,-0.12518727779388428
4099062528.0,-0.11950050294399261
4100000000.0,-0.11272098869085312
4100937472.0,-0.10720691084861755
4101874944.0,-0.10065065324306488
4102812416.0,-0.09587022662162781
4103749888.0,-0.09007083624601364
4104687616.0,-0.08538441359996796
4105625088.0,-0.0805002823472023
4106562560.0,-0.07612285763025284
4107500032.0,-0.07117272913455963
4108437504.0,-0.06673687696456909
4109374976.0,-0.06269660592079163
4110312448.0,-0.05925337225198746
4111249920.0,-0.05698533356189728
4112187392.0,-0.05401405692100525
4113125120.0,-0.052116509526968
4114062592.0,-0.049944035708904266
4115000064.0,-0.04854121804237366
4115937536.0,-0.046291738748550415
4116875008.0,-0.0456085279583931
4117812480.0,-0.0463680624961853
4118749952.0,-0.046177130192518234
4119687424.0,-0.04648495838046074
4120624896.0,-0.04663858935236931
4121562624.0,-0.04756603017449379
4122500096.0,-0.048533033579587936
4123437568.0,-0.049346745014190674
4124375040.0,-0.05105294659733772
4125312512.0,-0.05202030763030052
4126249984.0,-0.055848389863967896
4127187456.0,-0.057832639664411545
4128124928.0,-0.06066128611564636
4129062400.0,-0.064066581428051
4129999872.0,-0.068196140229702
4130937600.0,-0.07246142625808716
4131875072.0,-0.07730898261070251
4132812544.0,-0.08185350149869919
4133750016.0,-0.08754172176122665
4134687488.0,-0.09355451166629791
4135624960.0,-0.10186479985713959
4136562432.0,-0.10846618562936783
4137499904.0,-0.11698884516954422
4138437376.0,-0.1262122243642807
4139375104.0,-0.13474152982234955
4140312576.0,-0.14311467111110687
4141250048.0,-0.15231730043888092
4142187520.0,-0.16076649725437164
4143124992.0,-0.17042754590511322
4144062464.0,-0.1782587766647339
4144999936.0,-0.18815520405769348
4145937408.0,-0.1968023031949997
4146874880.0,-0.21622268855571747
4147812608.0,-0.22271357476711273
4148750080.0,-0.22809827327728271
4149687552.0,-0.23148435354232788
4150625024.0,-0.23246218264102936
4151562496.0,-0.23119322955608368
4152499968.0,-0.22812671959400177
4153437440.0,-0.22449614107608795
4154374912.0,-0.2172771394252777
4155312384.0,-0.2100011557340622
4156250112.0,-0.20005416870117188
4157187584.0,-0.18971465528011322
4158125056.0,-0.17903298139572144
4159062528.0,-0.1673918068408966
4160000000.0,-0.1555049866437912
4160937472.0,-0.142405703663826
4161874944.0,-0.1286608725786209
4162812416.0,-0.11648546904325485
4163749888.0,-0.10440029948949814
4164687616.0,-0.09181839972734451
4165625088.0,-0.08045858889818192
4166562560.0,-0.06981150060892105
4167500032.0,-0.06067103147506714
4168437504.0,-0.050354234874248505
4169374976.0,-0.04271354898810387
4170312448.0,-0.03551952913403511
4171249920.0,-0.02797081135213375
4172187392.0,-0.022290220484137535
4173125120.0,-0.016547363251447678
4174062592.0,-0.012369229458272457
4175000064.0,-0.007674230728298426
4175937536.0,-0.0038943947292864323
4176875008.0,-0.0006625920650549233
4177812480.0,0.002269493183121085
4178749952.0,0.004528804216533899
4179687424.0,0.005463402718305588
4180624896.0,0.005913254339247942
4181562624.0,0.007002588361501694
4182500096.0,0.006688995752483606
4183437568.0,0.0055514187552034855
4184375040.0,0.004463392775505781
4185312512.0,0.0025013063568621874
4186249984.0,-0.0002402869431534782
4187187456.0,-0.0027692122384905815
4188124928.0,-0.00650010397657752
4189062400.0,-0.011320732533931732
4190000128.0,-0.016354994848370552
4190937600.0,-0.02261642925441265
4191875072.0,-0.028284292668104172
4192812544.0,-0.03625903278589249
4193750016.0,-0.04421037808060646
4194687488.0,-0.05181043967604637
4195624960.0,-0.0592963732779026
4196562432.0,-0.06906164437532425
4197499904.0,-0.07900484651327133
4198437376.0,-0.08943993598222733
4199375104.0,-0.10105880349874496
4200312576.0,-0.11333183944225311
4201250048.0,-0.126152902841568
4202187520.0,-0.13785722851753235
4203124992.0,-0.15081511437892914
4204062464.0,-0.16324657201766968
4204999936.0,-0.17571675777435303
4205937408.0,-0.18814484775066376
4206874880.0,-0.1917968988418579
4207812608.0,-0.2031213641166687
4208750080.0,-0.2145841121673584
4209687552.0,-0.2253141552209854
4210625024.0,-0.23648899793624878
4211562496.0,-0.24467512965202332
4212499968.0,-0.2535417079925537
4213437440.0,-0.2606872320175171
4214374912.0,-0.26600226759910583
4215312384.0,-0.2691775858402252
4216250112.0,-0.2705762982368469
4217187584.0,-0.26987209916114807
4218125056.0,-0.26619753241539
4219062528.0,-0.26108017563819885
4220000000.0,-0.2529248595237732
4220937472.0,-0.24207109212875366
4221874944.0,-0.22924984991550446
4222812416.0,-0.21528705954551697
4223749888.0,-0.19888806343078613
4224687616.0,-0.17982374131679535
4225625088.0,-0.16050757467746735
4226562560.0,-0.1393652707338333
4227500032.0,-0.11786866933107376
4228437504.0,-0.09465368092060089
4229374976.0,-0.07305163145065308
4230312448.0,-0.05010127276182175
4231249920.0,-0.028080765157938004
4232187392.0,-0.0057921698316931725
4233125120.0,0.014310784637928009
4234062592.0,0.03262132406234741
4235000064.0,0.05159737542271614
4235937536.0,0.06711894273757935
4236875008.0,0.08146730065345764
4237812480.0,0.09312239289283752
4238749952.0,0.10254007577896118
4239687424.0,0.1088961809873581
4240624896.0,0.11245821416378021
4241562624.0,0.11438581347465515
4242500096.0,0.1119462326169014
4243437568.0,0.10810486972332001
4244375040.0,0.10216383635997772
4245312512.0,0.09310883283615112
4246249984.0,0.08305367082357407
4247187456.0,0.07021139562129974
4248124928.0,0.05457359552383423
4249062400.0,0.038793373852968216
4249999872.0,0.022786317393183708
4250937600.0,0.005390025209635496
4251875072.0,-0.013242139481008053
4252812544.0,-0.03151111677289009
4253750016.0,-0.05015884339809418
4254687488.0,-0.06971246004104614
4255624960.0,-0.08727424591779709
4256562432.0,-0.10495510697364807
4257499904.0,-0.12265468388795853
4258437376.0,-0.1403254270553589
4259375104.0,-0.15611226856708527
4260312576.0,-0.17209160327911377
4261250048.0,-0.1871436983346939
4262187520.0,-0.20208309590816498
4263124992.0,-0.21575795114040375
4264062464.0,-0.22981205582618713
4264999936.0,-0.24289268255233765
4265937408.0,-0.2554525136947632
4266874880.0,-0.26487213373184204
4267812608.0,-0.2680698037147522
4268750080.0,-0.2726326286792755
4269687552.0,-0.2764429450035095
4270625024.0,-0.28151604533195496
4271562496.0,-0.2874051034450531
4272499968.0,-0.29095834493637085
4273437440.0,-0.2944009304046631
4274374912.0,-0.29713377356529236
4275312384.0,-0.2986908555030823
4276250112.0,-0.29814353585243225
4277187584.0,-0.2963038682937622
4278125056.0,-0.29153499007225037
4279062528.0,-0.2864867150783539
4280000000.0,-0.27939119935035706
4280937472.0,-0.27043771743774414
4281874944.0,-0.2588115930557251
4282812416.0,-0.2458401471376419
4283749888.0,-0.23250514268875122
4284687616.0,-0.21589018404483795
4285625088.0,-0.19819676876068115
4286562560.0,-0.17856477200984955
4287500032.0,-0.15788321197032928
4288437504.0,-0.13604086637496948
4289374976.0,-0.11289889365434647
4290312448.0,-0.09023270010948181
4291249920.0,-0.0664190724492073
4292187392.0,-0.0427553653717041
4293125120.0,-0.01919115148484707
4294062592.0,0.002619113540276885
4295000064.0,0.025982627645134926
4295937536.0,0.04679185152053833
4296875008.0,0.06769382953643799
4297812480.0,0.08566717803478241
4298749952.0,0.10248925536870956
4299687424.0,0.1165655329823494
4300624896.0,0.129258394241333
4301562368.0,0.1393776684999466
4302499840.0,0.14654289186000824
4303437312.0,0.15218336880207062
4304374784.0,0.1550997793674469
4305312256.0,0.15384700894355774
4306250240.0,0.15065112709999084
4307187712.0,0.14436525106430054
4308125184.0,0.13530530035495758
4309062656.0,0.1230403482913971
4310000128.0,0.10703335702419281
4310937600.0,0.09095486998558044
4311875072.0,0.07028207182884216
4312812544.0,0.047619208693504333
4313750016.0,0.02322823740541935
4314687488.0,-0.0033044633455574512
4315624960.0,-0.03097190149128437
4316562432.0,-0.060171425342559814
4317499904.0,-0.09049255400896072
4318437376.0,-0.12188901752233505
4319374848.0,-0.15260136127471924
4320312320.0,-0.18153750896453857
4321249792.0,-0.21193398535251617
4322187264.0,-0.24095332622528076
4323125248.0,-0.26628604531288147
4324062720.0,-0.2901245057582855
4325000192.0,-0.31482994556427
4325937664.0,-0.3337815999984741
4326875136.0,-0.36247310042381287
4327812608.0,-0.3570869565010071
4328750080.0,-0.3511306941509247
4329687552.0,-0.34311556816101074
4330625024.0,-0.33431276679039
4331562496.0,-0.32494640350341797
4332499968.0,-0.31670889258384705
4333437440.0,-0.30664482712745667
4334374912.0,-0.2984023988246918
4335312384.0,-0.28908678889274597
4336249856.0,-0.28144845366477966
4337187328.0,-0.2743774354457855
4338124800.0,-0.26756519079208374
4339062272.0,-0.2619856595993042
4339999744.0,-0.25617218017578125
4340937728.0,-0.2501511871814728
4341875200.0,-0.24535389244556427
4342812672.0,-0.23944388329982758
4343750144.0,-0.23484669625759125
4344687616.0,-0.22875985503196716
4345625088.0,-0.22232845425605774
4346562560.0,-0.2150297313928604
4347500032.0,-0.20682492852210999
4348437504.0,-0.19892019033432007
4349374976.0,-0.18914608657360077
4350312448.0,-0.17942693829536438
4351249920.0,-0.1675085872411728
4352187392.0,-0.15431836247444153
4353124864.0,-0.1406482756137848
4354062336.0,-0.12555839121341705
4354999808.0,-0.10904904454946518
4355937280.0,-0.09212283790111542
4356874752.0,-0.07491627335548401
4357812736.0,-0.05986934155225754
4358750208.0,-0.045595552772283554
4359687680.0,-0.03441013768315315
4360625152.0,-0.028066668659448624
4361562624.0,-0.022701509296894073
4362500096.0,-0.01937243342399597
4363437568.0,-0.0176165159791708
4364375040.0,-0.016390889883041382
4365312512.0,-0.01578490622341633
4366249984.0,-0.016627656295895576
4367187456.0,-0.016344567760825157
4368124928.0,-0.018945233896374702
4369062400.0,-0.019689053297042847
4369999872.0,-0.022564144805073738
4370937344.0,-0.025608370080590248
4371874816.0,-0.029210766777396202
4372812288.0,-0.034357085824012756
4373749760.0,-0.040000129491090775
4374687744.0,-0.04732386767864227
4375625216.0,-0.05688647925853729
4376562688.0,-0.06656209379434586
4377500160.0,-0.07874203473329544
4378437632.0,-0.09328363835811615
4379375104.0,-0.10980034619569778
4380312576.0,-0.12793031334877014
4381250048.0,-0.14762923121452332
4382187520.0,-0.16878335177898407
4383124992.0,-0.1908281296491623
4384062464.0,-0.21412114799022675
4384999936.0,-0.2382708191871643
4385937408.0,-0.2635916471481323
4386874880.0,-0.35226377844810486
4387812352.0,-0.36838188767433167
4388749824.0,-0.3810911476612091
4389687296.0,-0.391533762216568
4390624768.0,-0.39952611923217773
4391562752.0,-0.40374401211738586
4392500224.0,-0.40579870343208313
4393437696.0,-0.40359020233154297
4394375168.0,-0.39920714497566223
4395312640.0,-0.3912610411643982
4396250112.0,-0.37937942147254944
4397187584.0,-0.36431020498275757
4398125056.0,-0.3466959595680237
4399062528.0,-0.3263751268386841
4400000000.0,-0.30287325382232666
4400937472.0,-0.2766619920730591
4401874944.0,-0.2496521919965744
4402812416.0,-0.22033220529556274
4403749888.0,-0.18972043693065643
4404687360.0,-0.15825778245925903
4405624832.0,-0.1251673847436905
4406562304.0,-0.09308139234781265
4407499776.0,-0.06151120737195015
4408437248.0,-0.03082157112658024
4409375232.0,-0.0010883144568651915
4410312704.0,0.02743995003402233
4411250176.0,0.053341273218393326
4412187648.0,0.07803916931152344
4413125120.0,0.09926467388868332
4414062592.0,0.11827246844768524
4415000064.0,0.1346745789051056
4415937536.0,0.14843808114528656
4416875008.0,0.1578797549009323
4417812480.0,0.16485288739204407
4418749952.0,0.16742843389511108
4419687424.0,0.16702620685100555
4420624896.0,0.1631389558315277
4421562368.0,0.1563311517238617
4422499840.0,0.14484263956546783
4423437312.0,0.13156075775623322
4424374784.0,0.11584234237670898
4425312256.0,0.09682214260101318
4426250240.0,0.07632819563150406
4427187712.0,0.05347202718257904
4428125184.0,0.028773941099643707
4429062656.0,0.0028227248694747686
4430000128.0,-0.024600960314273834
4430937600.0,-0.051051367074251175
4431875072.0,-0.07824459671974182
4432812544.0,-0.1047157496213913
4433750016.0,-0.13022884726524353
4434687488.0,-0.1547670215368271
4435624960.0,-0.17885363101959229
4436562432.0,-0.20044858753681183
4437499904.0,-0.22080697119235992
4438437376.0,-0.23889772593975067
4439374848.0,-0.2545987665653229
4440312320.0,-0.26678380370140076
4441249792.0,-0.27712374925613403
4442187264.0,-0.28512680530548096
4443125248.0,-0.2900727689266205
4444062720.0,-0.2924919128417969
4445000192.0,-0.2944648563861847
4445937664.0,-0.2945963144302368
4446875136.0,-0.23810067772865295
4447812608.0,-0.2426462173461914
4448750080.0,-0.24475683271884918
4449687552.0,-0.24346743524074554
4450625024.0,-0.23955516517162323
4451562496.0,-0.23329584300518036
4452499968.0,-0.22367149591445923
4453437440.0,-0.211569681763649
4454374912.0,-0.1977771669626236
4455312384.0,-0.18041019141674042
4456249856.0,-0.16319558024406433
4457187328.0,-0.1437985748052597
4458124800.0,-0.12323743104934692
4459062272.0,-0.10038934648036957
4460000256.0,-0.07871609181165695
4460937728.0,-0.05618828535079956
4461875200.0,-0.033538054674863815
4462812672.0,-0.011778314597904682
4463750144.0,0.008355286903679371
4464687616.0,0.027922233566641808
4465625088.0,0.04400496184825897
4466562560.0,0.05948407202959061
4467500032.0,0.07233026623725891
4468437504.0,0.08200770616531372
4469374976.0,0.08950062841176987
4470312448.0,0.09360628575086594
4471249920.0,0.09527534991502762
4472187392.0,0.09442778676748276
4473124864.0,0.08922053873538971
4474062336.0,0.08180516213178635
4474999808.0,0.07220422476530075
4475937280.0,0.058799777179956436
4476874752.0,0.04337238520383835
4477812736.0,0.0245798472315073
4478750208.0,0.0038645046297460794
4479687680.0,-0.0187275018543005
4480625152.0,-0.04294724389910698
4481562624.0,-0.06876194477081299
4482500096.0,-0.0960334986448288
4483437568.0,-0.12524062395095825
4484375040.0,-0.1529521644115448
4485312512.0,-0.18186816573143005
4486249984.0,-0.21019166707992554
4487187456.0,-0.23806527256965637
4488124928.0,-0.2653728723526001
4489062400.0,-0.29041868448257446
4489999872.0,-0.31435346603393555
4490937344.0,-0.33728453516960144
4491874816.0,-0.3572729229927063
4492812288.0,-0.375470906496048
4493749760.0,-0.3915662467479706
4494687744.0,-0.40488097071647644
4495625216.0,-0.4155440628528595
4496562688.0,-0.42490628361701965
4497500160.0,-0.43205252289772034
4498437632.0,-0.4369860291481018
4499375104.0,-0.4389953017234802
4500312576.0,-0.4390374720096588
4501250048.0,-0.4387699067592621
4502187520.0,-0.4369370937347412
4503124992.0,-0.4341484010219574
4504062464.0,-0.4308489263057709
4504999936.0,-0.4276709258556366
4505937408.0,-0.42340803146362305
4506874880.0,-0.30246755480766296
4507812352.0,-0.3001105785369873
4508749824.0,-0.29731234908103943
4509687296.0,-0.2955429255962372
4510624768.0,-0.29495343565940857
4511562752.0,-0.29528194665908813
4512500224.0,-0.29682573676109314
4513437696.0,-0.2972028851509094
4514375168.0,-0.29999542236328125
4515312640.0,-0.3042510449886322
4516250112.0,-0.30824482440948486
4517187584.0,-0.31433236598968506
4518125056.0,-0.32009249925613403
4519062528.0,-0.32759708166122437
4520000000.0,-0.33560964465141296
4520937472.0,-0.3438640236854553
4521874944.0,-0.35296255350112915
4522812416.0,-0.36248672008514404
4523749888.0,-0.3715991973876953
4524687360.0,-0.38100749254226685
4525624832.0,-0.38902515172958374
4526562304.0,-0.3968234360218048
4527499776.0,-0.40649184584617615
4528437248.0,-0.4146893620491028
4529375232.0,-0.42355525493621826
4530312704.0,-0.43050792813301086
4531250176.0,-0.43899035453796387
4532187648.0,-0.44525977969169617
4533125120.0,-0.45088276267051697
4534062592.0,-0.45715031027793884
4535000064.0,-0.46279263496398926
4535937536.0,-0.4674588143825531
4536875008.0,-0.4717538356781006
4537812480.0,-0.47539299726486206
4538749952.0,-0.4786107838153839
4539687424.0,-0.48014113306999207
4540624896.0,-0.48131680488586426
4541562368.0,-0.4818613529205322
4542499840.0,-0.4816182553768158
4543437312.0,-0.4808637797832489
4544374784.0,-0.4790622293949127
4545312256.0,-0.4784456491470337
4546250240.0,-0.4762721061706543
4547187712.0,-0.47302931547164917
4548125184.0,-0.4692317843437195
4549062656.0,-0.4668674170970917
4550000128.0,-0.4638981223106384
4550937600.0,-0.46064862608909607
4551875072.0,-0.4574125409126282
4552812544.0,-0.455370157957077
4553750016.0,-0.4530690610408783
4554687488.0,-0.45099568367004395
4555624960.0,-0.4485582709312439
4556562432.0,-0.44730663299560547
4557499904.0,-0.44570785760879517
4558437376.0,-0.4447396993637085
4559374848.0,-0.442682147026062
4560312320.0,-0.4411366283893585
4561249792.0,-0.4401497542858124
4562187264.0,-0.43875810503959656
4563125248.0,-0.43779629468917847
4564062720.0,-0.43619024753570557
4565000192.0,-0.4355772137641907
4565937664.0,-0.4320789873600006
4566875136.0,-0.3885384500026703
4567812608.0,-0.39347389340400696
4568750080.0,-0.39726972579956055
4569687552.0,-0.39991289377212524
4570625024.0,-0.4004698097705841
4571562496.0,-0.3995223045349121
4572499968.0,-0.3966844975948334
4573437440.0,-0.3909159302711487
4574374912.0,-0.3837849795818329
4575312384.0,-0.3741374909877777
4576249856.0,-0.36163732409477234
4577187328.0,-0.3471711277961731
4578124800.0,-0.3313281834125519
4579062272.0,-0.31391602754592896
4579999744.0,-0.2947043776512146
4580937728.0,-0.27405062317848206
4581875200.0,-0.25348472595214844
4582812672.0,-0.23093758523464203
4583750144.0,-0.20800933241844177
4584687616.0,-0.18566545844078064
4585625088.0,-0.16253763437271118
4586562560.0,-0.14018473029136658
4587500032.0,-0.11850998550653458
4588437504.0,-0.09722457081079483
4589374976.0,-0.07787548750638962
4590312448.0,-0.05885055288672447
4591249920.0,-0.04256525635719299
4592187392.0,-0.02853390946984291
4593124864.0,-0.014952189289033413
4594062336.0,-0.00448767002671957
4594999808.0,0.003310436150059104
4595937280.0,0.008283443748950958
4596874752.0,0.010806852951645851
4597812736.0,0.010031432844698429
4598750208.0,0.0073258415795862675
4599687680.0,0.0014083748683333397
4600625152.0,-0.0065077743493020535
4601562624.0,-0.017840497195720673
4602500096.0,-0.03132116422057152
4603437568.0,-0.047379400581121445
4604375040.0,-0.06456542760133743
4605312512.0,-0.08450667560100555
4606249984.0,-0.10505586117506027
4607187456.0,-0.12711285054683685
4608124928.0,-0.15028934180736542
4609062400.0,-0.17382648587226868
4609999872.0,-0.19599896669387817
4610937344.0,-0.21905802190303802
4611874816.0,-0.24208734929561615
4612812288.0,-0.2643934488296509
4613749760.0,-0.2854309380054474
4614687744.0,-0.3063070476055145
4615625216.0,-0.3251316249370575
4616562688.0,-0.3439542353153229
4617500160.0,-0.3608301281929016
4618437632.0,-0.37649497389793396
4619375104.0,-0.3917739689350128
4620312576.0,-0.40470123291015625
4621250048.0,-0.4172166883945465
4622187520.0,-0.4279520809650421
4623124992.0,-0.4375309944152832
4624062464.0,-0.4455426335334778
4624999936.0,-0.4537965655326843
4625937408.0,-0.4623739719390869
4626874880.0,-0.47308385372161865
4627812352.0,-0.46741342544555664
4628749824.0,-0.4598940312862396
4629687296.0,-0.45265474915504456
4630624768.0,-0.44350770115852356
4631562752.0,-0.43316584825515747
4632500224.0,-0.4226401150226593
4633437696.0,-0.41180428862571716
4634375168.0,-0.4008352756500244
4635312640.0,-0.3902813792228699
4636250112.0,-0.3798831105232239
4637187584.0,-0.3701893389225006
4638125056.0,-0.36077460646629333
4639062528.0,-0.3532833755016327
4640000000.0,-0.3453647494316101
4640937472.0,-0.3393634855747223
4641874944.0,-0.3339298963546753
4642812416.0,-0.32908424735069275
4643749888.0,-0.3245205879211426
4644687360.0,-0.32175859808921814
4645624832.0,-0.31973928213119507
4646562304.0,-0.31997165083885193
4647499776.0,-0.3206760883331299
4648437248.0,-0.3237478733062744
4649375232.0,-0.3265259563922882
4650312704.0,-0.32964080572128296
4651250176.0,-0.3355838656425476
4652187648.0,-0.3408754765987396
4653125120.0,-0.3482762575149536
4654062592.0,-0.3553478717803955
4655000064.0,-0.36287611722946167
4655937536.0,-0.37262701988220215
4656875008.0,-0.3820843994617462
4657812480.0,-0.392337441444397
4658749952.0,-0.4035094976425171
4659687424.0,-0.41541680693626404
4660624896.0,-0.4285905957221985
4661562368.0,-0.4413163363933563
4662499840.0,-0.4549683630466461
4663437312.0,-0.4674318730831146
4664374784.0,-0.48144930601119995
4665312256.0,-0.4955643117427826
4666250240.0,-0.5102721452713013
4667187712.0,-0.5241990089416504
4668125184.0,-0.5387092232704163
4669062656.0,-0.5530472993850708
4670000128.0,-0.5679600238800049
4670937600.0,-0.5822407603263855
4671875072.0,-0.5970118045806885
4672812544.0,-0.6111016273498535
4673750016.0,-0.6252304911613464
4674687488.0,-0.6380835771560669
4675624960.0,-0.650301456451416
4676562432.0,-0.6623866558074951
4677499904.0,-0.674692690372467
4678437376.0,-0.6847461462020874
4679374848.0,-0.6939123868942261
4680312320.0,-0.7024494409561157
4681249792.0,-0.7082445025444031
4682187264.0,-0.7130789756774902
4683125248.0,-0.7162671089172363
4684062720.0,-0.7175594568252563
4685000192.0,-0.7164837121963501
4685937664.0,-0.7168781757354736
4686875136.0,-0.6929953694343567
4687812608.0,-0.6914047598838806
4688750080.0,-0.687697172164917
4689687552.0,-0.6818792819976807
4690625024.0,-0.6729795336723328
4691562496.0,-0.6607078313827515
4692499968.0,-0.6460303664207458
4693437440.0,-0.6310648918151855
4694374912.0,-0.6133391857147217
4695312384.0,-0.5934507846832275
4696249856.0,-0.5720760226249695
4697187328.0,-0.5488176345825195
4698124800.0,-0.5252676010131836
4699062272.0,-0.5019804239273071
4700000256.0,-0.4795563817024231
4700937728.0,-0.45652255415916443
4701875200.0,-0.435433954000473
4702812672.0,-0.415745347738266
4703750144.0,-0.3986567258834839
4704687616.0,-0.38444823026657104
4705625088.0,-0.3735116124153137
4706562560.0,-0.36605527997016907
4707500032.0,-0.36285173892974854
4708437504.0,-0.3634651005268097
4709374976.0,-0.36716994643211365
4710312448.0,-0.3772110342979431
4711249920.0,-0.39081770181655884
4712187392.0,-0.4089184105396271
4713124864.0,-0.43332722783088684
4714062336.0,-0.46161454916000366
4714999808.0,-0.4936630129814148
4715937280.0,-0.5318227410316467
4716874752.0,-0.5714831948280334
4717812736.0,-0.6149592399597168
4718750208.0,-0.6620226502418518
4719687680.0,-0.7095213532447815
4720625152.0,-0.7585925459861755
4721562624.0,-0.8089835047721863
4722500096.0,-0.8579798340797424
4723437568.0,-0.9048805236816406
4724375040.0,-0.9512401819229126
4725312512.0,-0.9931265115737915
4726249984.0,-1.0326578617095947
4727187456.0,-1.0678805112838745
4728124928.0,-1.0983633995056152
4729062400.0,-1.1243430376052856
4729999872.0,-1.1458231210708618
4730937344.0,-1.1633301973342896
4731874816.0,-1.1762555837631226
4732812288.0,-1.1848669052124023
4733749760.0,-1.1904255151748657
4734687744.0,-1.191760540008545
4735625216.0,-1.1900455951690674
4736562688.0,-1.185165524482727
4737500160.0,-1.1773959398269653
4738437632.0,-1.1688045263290405
4739375104.0,-1.1574063301086426
4740312576.0,-1.1441640853881836
4741250048.0,-1.1314616203308105
4742187520.0,-1.1169850826263428
4743124992.0,-1.1018664836883545
4744062464.0,-1.0860488414764404
4744999936.0,-1.0711692571640015
4745937408.0,-1.0549027919769287
4746874880.0,-0.8198992609977722
4747812352.0,-0.8257298469543457
4748749824.0,-0.8314052820205688
4749687296.0,-0.839077889919281
4750624768.0,-0.8450412750244141
4751562752.0,-0.8507615923881531
4752500224.0,-0.8566174507141113
4753437696.0,-0.8612698316574097
4754375168.0,-0.8656862378120422
4755312640.0,-0.869210958480835
4756250112.0,-0.8715210556983948
4757187584.0,-0.8737483024597168
4758125056.0,-0.8744485974311829
4759062528.0,-0.8744191527366638
4760000000.0,-0.8738678097724915
4760937472.0,-0.8723030090332031
4761874944.0,-0.868863046169281
4762812416.0,-0.866817057132721
4763749888.0,-0.8621684908866882
4764687360.0,-0.8581849932670593
4765624832.0,-0.8542011976242065
4766562304.0,-0.849278450012207
4767499776.0,-0.8433589339256287
4768437248.0,-0.8381090760231018
4769375232.0,-0.8324924111366272
4770312704.0,-0.8265362977981567
4771250176.0,-0.8210123777389526
4772187648.0,-0.8151682019233704
4773125120.0,-0.8122774362564087
4774062592.0,-0.8093273639678955
4775000064.0,-0.8074122071266174
4775937536.0,-0.8072425723075867
4776875008.0,-0.8081486225128174
4777812480.0,-0.8097464442253113
4778749952.0,-0.8126909732818604
4779687424.0,-0.8174595236778259
4780624896.0,-0.8260968327522278
4781562368.0,-0.8352364897727966
4782499840.0,-0.8481054902076721
4783437312.0,-0.8625646233558655
4784374784.0,-0.8783450126647949
4785312256.0,-0.8964229822158813
4786250240.0,-0.9158132076263428
4787187712.0,-0.9368312358856201
4788125184.0,-0.9598936438560486
4789062656.0,-0.9833629131317139
4790000128.0,-1.008648157119751
4790937600.0,-1.0343437194824219
4791875072.0,-1.0611690282821655
4792812544.0,-1.0889918804168701
4793750016.0,-1.1169131994247437
4794687488.0,-1.143826961517334
4795624960.0,-1.171251654624939
4796562432.0,-1.1992977857589722
4797499904.0,-1.2251839637756348
4798437376.0,-1.2501795291900635
4799374848.0,-1.2744752168655396
4800312320.0,-1.2968993186950684
4801249792.0,-1.316921591758728
4802187264.0,-1.3364289999008179
4803125248.0,-1.35227632522583
4804062720.0,-1.3661235570907593
4805000192.0,-1.375512719154358
4805937664.0,-1.3831006288528442
4806875136.0,-1.2386932373046875
4807812608.0,-1.2412151098251343
4808750080.0,-1.2424236536026
4809687552.0,-1.2422523498535156
4810625024.0,-1.240272045135498
4811562496.0,-1.2380242347717285
4812499968.0,-1.2342482805252075
4813437440.0,-1.2296808958053589
4814374912.0,-1.2256085872650146
4815312384.0,-1.2187293767929077
4816249856.0,-1.2131646871566772
4817187328.0,-1.205477237701416
4818124800.0,-1.1999571323394775
4819062272.0,-1.1931205987930298
4819999744.0,-1.1879957914352417
4820937728.0,-1.1826303005218506
4821875200.0,-1.1781096458435059
4822812672.0,-1.1745444536209106
4823750144.0,-1.1727490425109863
4824687616.0,-1.171501636505127
4825625088.0,-1.1721793413162231
4826562560.0,-1.1733819246292114
4827500032.0,-1.1768195629119873
4828437504.0,-1.1815556287765503
4829374976.0,-1.1880438327789307
4830312448.0,-1.1964449882507324
4831249920.0,-1.2075729370117188
4832187392.0,-1.221758246421814
4833124864.0,-1.237080693244934
4834062336.0,-1.2532097101211548
4834999808.0,-1.27061927318573
4835937280.0,-1.2896475791931152
4836874752.0,-1.309846043586731
4837812736.0,-1.3291696310043335
4838750208.0,-1.3507875204086304
4839687680.0,-1.3712201118469238
4840625152.0,-1.3916822671890259
4841562624.0,-1.41307532787323
4842500096.0,-1.4341565370559692
4843437568.0,-1.4548343420028687
4844375040.0,-1.474985957145691
4845312512.0,-1.4935684204101562
4846249984.0,-1.5110431909561157
4847187456.0,-1.527767300605774
4848124928.0,-1.5425196886062622
4849062400.0,-1.5578436851501465
4849999872.0,-1.5705113410949707
4850937344.0,-1.5829116106033325
4851874816.0,-1.5930724143981934
4852812288.0,-1.6021513938903809
4853749760.0,-1.6088260412216187
4854687744.0,-1.6131746768951416
4855625216.0,-1.6164954900741577
4856562688.0,-1.6193222999572754
4857500160.0,-1.6206005811691284
4858437632.0,-1.6233450174331665
4859375104.0,-1.6254174709320068
4860312576.0,-1.628069519996643
4861250048.0,-1.6320490837097168
4862187520.0,-1.635763168334961
4863124992.0,-1.6394305229187012
4864062464.0,-1.6425042152404785
4864999936.0,-1.64651620388031
4865937408.0,-1.6512675285339355
4866874880.0,-1.6340726613998413
4867812352.0,-1.638630747795105
4868749824.0,-1.6436508893966675
4869687296.0,-1.647266149520874
4870624768.0,-1.6521707773208618
4871562752.0,-1.6569185256958008
4872500224.0,-1.6631566286087036
4873437696.0,-1.6698226928710938
4874375168.0,-1.6750670671463013
4875312640.0,-1.6838411092758179
4876250112.0,-1.6930524110794067
4877187584.0,-1.703020453453064
4878125056.0,-1.7139434814453125
4879062528.0,-1.7263623476028442
4880000000.0,-1.7369619607925415
4880937472.0,-1.7489348649978638
4881874944.0,-1.7608526945114136
4882812416.0,-1.77219557762146
4883749888.0,-1.7835767269134521
4884687360.0,-1.794657588005066
4885624832.0,-1.8067299127578735
4886562304.0,-1.818687081336975
4887499776.0,-1.828011155128479
4888437248.0,-1.8372710943222046
4889375232.0,-1.8448392152786255
4890312704.0,-1.8496562242507935
4891250176.0,-1.8526965379714966
4892187648.0,-1.85248863697052
4893125120.0,-1.8485512733459473
4894062592.0,-1.8425970077514648
4895000064.0,-1.834659457206726
4895937536.0,-1.8223754167556763
4896875008.0,-1.8091425895690918
4897812480.0,-1.792677640914917
4898749952.0,-1.7743438482284546
4899687424.0,-1.7540087699890137
4900624896.0,-1.7307320833206177
4901562368.0,-1.7061964273452759
4902499840.0,-1.6810543537139893
4903437312.0,-1.6555514335632324
4904374784.0,-1.6282050609588623
4905312256.0,-1.6010853052139282
4906250240.0,-1.574707269668579
4907187712.0,-1.5479692220687866
4908125184.0,-1.521804690361023
4909062656.0,-1.4978002309799194
4910000128.0,-1.4747565984725952
4910937600.0,-1.4526972770690918
4911875072.0,-1.4335541725158691
4912812544.0,-1.416218638420105
4913750016.0,-1.3984586000442505
4914687488.0,-1.3849135637283325
4915624960.0,-1.3721977472305298
4916562432.0,-1.362822413444519
4917499904.0,-1.3560980558395386
4918437376.0,-1.3529846668243408
4919374848.0,-1.3515874147415161
4920312320.0,-1.3515242338180542
4921249792.0,-1.3531869649887085
4922187264.0,-1.3000596761703491
4923125248.0,-1.2882038354873657
4924062720.0,-1.2770905494689941
4925000192.0,-1.2677571773529053
4925937664.0,-1.3765008449554443
4926875136.0,-1.3835246562957764
4927812608.0,-1.3892866373062134
4928750080.0,-1.3939310312271118
4929687552.0,-1.3993629217147827
4930625024.0,-1.4013105630874634
4931562496.0,-1.4021698236465454
4932499968.0,-1.4015369415283203
4933437440.0,-1.3981846570968628
4934374912.0,-1.3930330276489258
4935312384.0,-1.3849689960479736
4936249856.0,-1.3732776641845703
4937187328.0,-1.3592678308486938
4938124800.0,-1.3424752950668335
4939062272.0,-1.3257830142974854
4940000256.0,-1.3055552244186401
4940937728.0,-1.2838592529296875
4941875200.0,-1.2624564170837402
4942812672.0,-1.2393065690994263
4943750144.0,-1.2166999578475952
4944687616.0,-1.192421793937683
4945625088.0,-1.168649673461914
4946562560.0,-1.1458815336227417
4947500032.0,-1.1245341300964355
4948437504.0,-1.1050786972045898
4949374976.0,-1.0876694917678833
4950312448.0,-1.0720152854919434
4951249920.0,-1.0569661855697632
4952187392.0,-1.0452771186828613
4953124864.0,-1.0350300073623657
4954062336.0,-1.0275660753250122
4954999808.0,-1.0227391719818115
4955937280.0,-1.017983078956604
4956874752.0,-1.0161412954330444
4957812736.0,-1.0135904550552368
4958750208.0,-1.0122056007385254
4959687680.0,-1.0109812021255493
4960625152.0,-1.0093313455581665
4961562624.0,-1.0081443786621094
4962500096.0,-1.005614995956421
4963437568.0,-1.001428246498108
4964375040.0,-0.9966599345207214
4965312512.0,-0.9915839433670044
4966249984.0,-0.9845637083053589
4967187456.0,-0.9771832227706909
4968124928.0,-0.9683075547218323
4969062400.0,-0.9598421454429626
4969999872.0,-0.9509894847869873
4970937344.0,-0.9426577687263489
4971874816.0,-0.9313303232192993
4972812288.0,-0.9220947623252869
4973749760.0,-0.9137485027313232
4974687744.0,-0.9041790962219238
4975625216.0,-0.8964244723320007
4976562688.0,-0.8891221284866333
4977500160.0,-0.881576418876648
4978437632.0,-0.8740490078926086
4979375104.0,-0.8664494156837463
4980312576.0,-0.8591740727424622
4981250048.0,-0.8511175513267517
4982187520.0,-0.8431851267814636
4983124992.0,-0.8346661925315857
4984062464.0,-0.8245746493339539
4984999936.0,-0.8167206645011902
4985937408.0,-0.79726642370224
4986874880.0,-0.788429856300354
4987812352.0,-0.7815842032432556
4988749824.0,-0.774334728717804
4989687296.0,-0.7693896293640137
4990624768.0,-0.7641851902008057
4991562752.0,-0.7613717317581177
4992500224.0,-0.7602934837341309
4993437696.0,-0.7592992186546326
4994375168.0,-0.7603022456169128
4995312640.0,-0.7613259553909302
4996250112.0,-0.7652571201324463
4997187584.0,-0.7701322436332703
4998125056.0,-0.7755798697471619
4999062528.0,-0.7826176881790161
5000000000.0,-0.790068507194519
5000937472.0,-0.797939658164978
5001874944.0,-0.8057847023010254
5002812416.0,-0.8133894801139832
5003749888.0,-0.8217238187789917
5004687360.0,-0.8301536440849304
5005624832.0,-0.8374229073524475
5006562304.0,-0.8420616984367371
5007499776.0,-0.8467245101928711
5008437248.0,-0.8486242294311523
5009375232.0,-0.8495833873748779
5010312704.0,-0.8481366038322449
5011250176.0,-0.8441121578216553
5012187648.0,-0.8371347784996033
5013125120.0,-0.8285341858863831
5014062592.0,-0.816010057926178
5015000064.0,-0.8021966814994812
5015937536.0,-0.7856208086013794
5016875008.0,-0.765661358833313
5017812480.0,-0.7440682053565979
5018749952.0,-0.7194311022758484
5019687424.0,-0.692281186580658
5020624896.0,-0.6644347906112671
5021562368.0,-0.6353909969329834
5022499840.0,-0.6053122878074646
5023437312.0,-0.5744309425354004
5024374784.0,-0.5430816411972046
5025312256.0,-0.5128994584083557
5026250240.0,-0.48186832666397095
5027187712.0,-0.4511609375476837
5028125184.0,-0.42156434059143066
5029062656.0,-0.3937816619873047
5030000128.0,-0.368671178817749
5030937600.0,-0.3443281948566437
5031875072.0,-0.32246503233909607
5032812544.0,-0.3026414215564728
5033750016.0,-0.2853749990463257
5034687488.0,-0.2717199921607971
5035624960.0,-0.26000964641571045
5036562432.0,-0.2527014911174774
5037499904.0,-0.24849742650985718
5038437376.0,-0.24749307334423065
5039374848.0,-0.24978816509246826
5040312320.0,-0.25523558259010315
5041249792.0,-0.26342475414276123
5042187264.0,-0.274926096200943
5043125248.0,-0.2879815101623535
5044062720.0,-0.3035583794116974
5045000192.0,-0.3213712275028229
5045937664.0,-0.5878608822822571
5046875136.0,-0.5963529348373413
5047812608.0,-0.6055797338485718
5048750080.0,-0.6147319674491882
5049687552.0,-0.624457597732544
5050625024.0,-0.6336721181869507
5051562496.0,-0.6429474353790283
5052499968.0,-0.6515833735466003
5053437440.0,-0.6608920097351074
5054374912.0,-0.6690100431442261
5055312384.0,-0.677960991859436
5056249856.0,-0.6837162375450134
5057187328.0,-0.6900324821472168
5058124800.0,-0.6953186392784119
5059062272.0,-0.6994370818138123
5059999744.0,-0.7017359733581543
5060937728.0,-0.7039117813110352
5061875200.0,-0.7043837904930115
5062812672.0,-0.7031497359275818
5063750144.0,-0.6988693475723267
5064687616.0,-0.6937079429626465
5065625088.0,-0.6879580020904541
5066562560.0,-0.6788532137870789
5067500032.0,-0.6676895022392273
5068437504.0,-0.6549200415611267
5069374976.0,-0.640097975730896
5070312448.0,-0.624726414680481
5071249920.0,-0.6064248085021973
5072187392.0,-0.5864955186843872
5073124864.0,-0.5656630992889404
5074062336.0,-0.5425591468811035
5074999808.0,-0.5193501114845276
5075937280.0,-0.49497362971305847
5076874752.0,-0.46980953216552734
5077812736.0,-0.4446468949317932
5078750208.0,-0.4204935133457184
5079687680.0,-0.3958672881126404
5080625152.0,-0.3709068298339844
5081562624.0,-0.3477623760700226
5082500096.0,-0.32540711760520935
5083437568.0,-0.30395376682281494
5084375040.0,-0.2843572497367859
5085312512.0,-0.2652241587638855
5086249984.0,-0.24869388341903687
5087187456.0,-0.23427385091781616
5088124928.0,-0.22243982553482056
5089062400.0,-0.21229331195354462
5089999872.0,-0.20550541579723358
5090937344.0,-0.20103409886360168
5091874816.0,-0.1985369622707367
5092812288.0,-0.1993938535451889
5093749760.0,-0.2035260647535324
5094687744.0,-0.20963260531425476
5095625216.0,-0.21834178268909454
5096562688.0,-0.22980807721614838
5097500160.0,-0.24255792796611786
5098437632.0,-0.25816935300827026
5099375104.0,-0.27551576495170593
5100312576.0,-0.295847088098526
5101250048.0,-0.31744396686553955
5102187520.0,-0.33967408537864685
5103124992.0,-0.3643309473991394
5104062464.0,-0.389200896024704
5104999936.0,-0.4147675335407257
5105937408.0,-0.5100180506706238
5106874880.0,-0.5275116562843323
5107812352.0,-0.5441142916679382
5108749824.0,-0.5589691400527954
5109687296.0,-0.5714807510375977
5110624768.0,-0.5828088521957397
5111562752.0,-0.5913571715354919
5112500224.0,-0.5991917252540588
5113437696.0,-0.6037100553512573
5114375168.0,-0.6057960391044617
5115312640.0,-0.6061729192733765
5116250112.0,-0.6070398688316345
5117187584.0,-0.6041297316551208
5118125056.0,-0.6000998616218567
5119062528.0,-0.5957583785057068
5120000000.0,-0.5901719927787781
5120937472.0,-0.5836393237113953
5121874944.0,-0.5768564343452454
5122812416.0,-0.569598376750946
5123749888.0,-0.5623961687088013
5124687360.0,-0.5553058981895447
5125624832.0,-0.5473520755767822
5126562304.0,-0.5394055843353271
5127499776.0,-0.5315366983413696
5128437248.0,-0.5210771560668945
5129375232.0,-0.5122038125991821
5130312704.0,-0.5015344023704529
5131250176.0,-0.4908221960067749
5132187648.0,-0.4779912829399109
5133125120.0,-0.46418020129203796
5134062592.0,-0.4488261938095093
5135000064.0,-0.43278101086616516
5135937536.0,-0.4152354896068573
5136875008.0,-0.39660435914993286
5137812480.0,-0.3771229684352875
5138749952.0,-0.35863494873046875
5139687424.0,-0.3398754298686981
5140624896.0,-0.3228347897529602
5141562368.0,-0.3072923719882965
5142499840.0,-0.29235395789146423
5143437312.0,-0.28108593821525574
5144374784.0,-0.27332133054733276
5145312256.0,-0.2726292014122009
5146250240.0,-0.2774727940559387
5147187712.0,-0.2891138195991516
5148125184.0,-0.30417755246162415
5149062656.0,-0.32181161642074585
5150000128.0,-0.3416050672531128
5150937600.0,-0.36232349276542664
5151875072.0,-0.38314753770828247
5152812544.0,-0.40350058674812317
5153750016.0,-0.4233193099498749
5154687488.0,-0.4415687024593353
5155624960.0,-0.46041518449783325
5156562432.0,-0.475877046585083
5157499904.0,-0.4904179573059082
5158437376.0,-0.5027997493743896
5159374848.0,-0.5150262117385864
5160312320.0,-0.5254611968994141
5161249792.0,-0.5358460545539856
5162187264.0,-0.5447389483451843
5163125248.0,-0.5524665117263794
5164062720.0,-0.5603998303413391
5165000192.0,-0.5676071643829346
5165937664.0,-0.572333812713623
5166875136.0,-0.5857512950897217
5167812608.0,-0.6006250381469727
5168750080.0,-0.6166013479232788
5169687552.0,-0.6333436369895935
5170625024.0,-0.6496505737304688
5171562496.0,-0.6668261289596558
5172499968.0,-0.6826076507568359
5173437440.0,-0.6983582973480225
5174374912.0,-0.7137587070465088
5175312384.0,-0.7282423973083496
5176249856.0,-0.7411054968833923
5177187328.0,-0.7512964010238647
5178124800.0,-0.7608681321144104
5179062272.0,-0.7666636109352112
5180000256.0,-0.7703965306282043
5180937728.0,-0.7703380584716797
5181875200.0,-0.7687786221504211
5182812672.0,-0.7648497819900513
5183750144.0,-0.758019745349884
5184687616.0,-0.7474218606948853
5185625088.0,-0.7350107431411743
5186562560.0,-0.7191479206085205
5187500032.0,-0.7016644477844238
5188437504.0,-0.6815879344940186
5189374976.0,-0.6585851907730103
5190312448.0,-0.6365595459938049
5191249920.0,-0.6122019290924072
5192187392.0,-0.5877360701560974
5193124864.0,-0.5630994439125061
5194062336.0,-0.5394791960716248
5194999808.0,-0.5158137679100037
5195937280.0,-0.4922924339771271
5196874752.0,-0.47066062688827515
5197812736.0,-0.4503701627254486
5198750208.0,-0.4317586123943329
5199687680.0,-0.41613471508026123
5200625152.0,-0.40118974447250366
5201562624.0,-0.3889975845813751
5202500096.0,-0.37807345390319824
5203437568.0,-0.3707486093044281
5204375040.0,-0.3646993339061737
5205312512.0,-0.36316463351249695
5206249984.0,-0.3635762333869934
5207187456.0,-0.3682314157485962
5208124928.0,-0.37419751286506653
5209062400.0,-0.38348817825317383
5209999872.0,-0.39469245076179504
5210937344.0,-0.40968650579452515
5211874816.0,-0.42535126209259033
5212812288.0,-0.44534480571746826
5213749760.0,-0.46693265438079834
5214687744.0,-0.4901280999183655
5215625216.0,-0.5143840312957764
5216562688.0,-0.5392012000083923
5217500160.0,-0.5662676692008972
5218437632.0,-0.5943416357040405
5219375104.0,-0.6222786903381348
5220312576.0,-0.651511549949646
5221250048.0,-0.6806618571281433
5222187520.0,-0.709456741809845
5223124992.0,-0.7377492189407349
5224062464.0,-0.7653152942657471
5224999936.0,-0.7905020713806152
5225937408.0,-0.8414538502693176
5226874880.0,-0.8656004071235657
5227812352.0,-0.887516438961029
5228749824.0,-0.9085505604743958
5229687296.0,-0.9255650639533997
5230624768.0,-0.9408624172210693
5231562752.0,-0.9546055793762207
5232500224.0,-0.964952826499939
5233437696.0,-0.9736229777336121
5234375168.0,-0.9787923097610474
5235312640.0,-0.9823520183563232
5236250112.0,-0.9834408760070801
5237187584.0,-0.9819108247756958
5238125056.0,-0.9789771437644958
5239062528.0,-0.9730235934257507
5240000000.0,-0.9652500748634338
5240937472.0,-0.9549182653427124
5241874944.0,-0.9441561102867126
5242812416.0,-0.9313936233520508
5243749888.0,-0.9179644584655762
5244687360.0,-0.904456615447998
5245624832.0,-0.8893580436706543
5246562304.0,-0.8741099834442139
5247499776.0,-0.8590322732925415
5248437248.0,-0.844580352306366
5249375232.0,-0.8281798362731934
5250312704.0,-0.8136023283004761
5251250176.0,-0.7980751991271973
5252187648.0,-0.7816656827926636
5253125120.0,-0.7667873501777649
5254062592.0,-0.7530009746551514
5255000064.0,-0.7398777604103088
5255937536.0,-0.7296136021614075
5256875008.0,-0.7207885384559631
5257812480.0,-0.7135617136955261
5258749952.0,-0.7083401679992676
5259687424.0,-0.7047848105430603
5260624896.0,-0.703525960445404
5261562368.0,-0.703870415687561
5262499840.0,-0.7064114809036255
5263437312.0,-0.7112847566604614
5264374784.0,-0.7175307869911194
5265312256.0,-0.7258883118629456
5266250240.0,-0.7361288666725159
5267187712.0,-0.7501519322395325
5268125184.0,-0.7657541036605835
5269062656.0,-0.7834627032279968
5270000128.0,-0.8048492670059204
5270937600.0,-0.827145516872406
5271875072.0,-0.8531932830810547
5272812544.0,-0.8803403973579407
5273750016.0,-0.9089572429656982
5274687488.0,-0.9406934976577759
5275624960.0,-0.9725236296653748
5276562432.0,-1.0062988996505737
5277499904.0,-1.04147207736969
5278437376.0,-1.0779285430908203
5279374848.0,-1.1147462129592896
5280312320.0,-1.1538242101669312
5281249792.0,-1.1922534704208374
5282187264.0,-1.2311749458312988
5283125248.0,-1.2729798555374146
5284062720.0,-1.3130422830581665
5285000192.0,-1.3524128198623657
5285937664.0,-1.3803046941757202
5286875136.0,-1.4143379926681519
5287812608.0,-1.4469338655471802
5288750080.0,-1.4755606651306152
5289687552.0,-1.5014584064483643
5290625024.0,-1.526391863822937
5291562496.0,-1.5457260608673096
5292499968.0,-1.5646692514419556
5293437440.0,-1.5810483694076538
5294374912.0,-1.5944864749908447
5295312384.0,-1.6028783321380615
5296249856.0,-1.6108015775680542
5297187328.0,-1.6134129762649536
5298124800.0,-1.6138187646865845
5299062272.0,-1.609794020652771
5299999744.0,-1.6031544208526611
5300937728.0,-1.5944650173187256
5301875200.0,-1.583113193511963
5302812672.0,-1.5712729692459106
5303750144.0,-1.5578261613845825
5304687616.0,-1.542123794555664
5305625088.0,-1.5266914367675781
5306562560.0,-1.509768009185791
5307500032.0,-1.4925262928009033
5308437504.0,-1.4751942157745361
5309374976.0,-1.4580566883087158
5310312448.0,-1.4430783987045288
5311249920.0,-1.4267247915267944
5312187392.0,-1.4132330417633057
5313124864.0,-1.399559497833252
5314062336.0,-1.3875876665115356
5314999808.0,-1.3770883083343506
5315937280.0,-1.3680500984191895
5316874752.0,-1.3633400201797485
5317812736.0,-1.3612996339797974
5318750208.0,-1.36139714717865
5319687680.0,-1.3637447357177734
5320625152.0,-1.3679234981536865
5321562624.0,-1.3756473064422607
5322500096.0,-1.3850047588348389
5323437568.0,-1.3966901302337646
5324375040.0,-1.4122834205627441
5325312512.0,-1.4300627708435059
5326249984.0,-1.4514461755752563
5327187456.0,-1.4741395711898804
5328124928.0,-1.500779151916504
5329062400.0,-1.530206561088562
5329999872.0,-1.5642033815383911
5330937344.0,-1.60050368309021
5331874816.0,-1.6378953456878662
5332812288.0,-1.7067482471466064
5333749760.0,-1.7543673515319824
5334687744.0,-1.8025939464569092
5335625216.0,-1.8525103330612183
5336562688.0,-1.9034156799316406
5337500160.0,-1.9572395086288452
5338437632.0,-2.0118649005889893
5339375104.0,-2.0661284923553467
5340312576.0,-2.1224520206451416
5341250048.0,-2.1801564693450928
5342187520.0,-2.237743854522705
5343124992.0,-2.293229341506958
5344062464.0,-2.3464653491973877
5344999936.0,-2.3968727588653564
5345937408.0,-2.33669114112854
5346874880.0,-2.364992141723633
5347812352.0,-2.390981674194336
5348749824.0,-2.4150407314300537
5349687296.0,-2.4389162063598633
5350624768.0,-2.4584310054779053
5351562752.0,-2.4733550548553467
5352500224.0,-2.4863409996032715
5353437696.0,-2.4949400424957275
5354375168.0,-2.4993832111358643
5355312640.0,-2.5005648136138916
5356250112.0,-2.496443033218384
5357187584.0,-2.4899845123291016
5358125056.0,-2.477393865585327
5359062528.0,-2.464080572128296
5360000000.0,-2.448773145675659
5360937472.0,-2.432616710662842
5361874944.0,-2.4141929149627686
5362812416.0,-2.394754409790039
5363749888.0,-2.3721823692321777
5364687360.0,-2.3492183685302734
5365624832.0,-2.3231401443481445
5366562304.0,-2.296917676925659
5367499776.0,-2.268876791000366
5368437248.0,-2.2418949604034424
5369375232.0,-2.2147157192230225
5370312704.0,-2.1886823177337646
5371250176.0,-2.163977861404419
5372187648.0,-2.1400065422058105
5373125120.0,-2.115849733352661
5374062592.0,-2.092486619949341
5375000064.0,-2.0714659690856934
5375937536.0,-2.051388740539551
5376875008.0,-2.0316226482391357
5377812480.0,-2.013597249984741
5378749952.0,-1.9975874423980713
5379687424.0,-1.9819507598876953
5380624896.0,-1.9695286750793457
5381562368.0,-1.9581736326217651
5382499840.0,-1.94829261302948
5383437312.0,-1.937868595123291
5384374784.0,-1.9303077459335327
5385312256.0,-1.9236191511154175
5386250240.0,-1.918811559677124
5387187712.0,-1.9149394035339355
5388125184.0,-1.9129208326339722
5389062656.0,-1.9122556447982788
5390000128.0,-1.9123542308807373
5390937600.0,-1.9134840965270996
5391875072.0,-1.9161381721496582
5392812544.0,-1.9201428890228271
5393750016.0,-1.924174189567566
5394687488.0,-1.9288324117660522
5395624960.0,-1.9328759908676147
5396562432.0,-1.938173532485962
5397499904.0,-1.943979263305664
5398437376.0,-1.9503992795944214
5399374848.0,-1.9569199085235596
5400312320.0,-1.9618932008743286
5401249792.0,-1.9666225910186768
5402187264.0,-1.969264268875122
5403125248.0,-1.9713801145553589
5404062720.0,-1.9722657203674316
5405000192.0,-1.971665859222412
5405937664.0,-2.1109418869018555
5406875136.0,-2.108631134033203
5407812608.0,-2.1038870811462402
5408750080.0,-2.0959057807922363
5409687552.0,-2.0850512981414795
5410625024.0,-2.070909261703491
5411562496.0,-2.0543243885040283
5412499968.0,-2.036245584487915
5413437440.0,-2.014610767364502
5414374912.0,-1.991698145866394
5415312384.0,-1.967057704925537
5416249856.0,-1.940438151359558
5417187328.0,-1.9129416942596436
5418124800.0,-1.8836393356323242
5419062272.0,-1.8539272546768188
5420000256.0,-1.823243260383606
5420937728.0,-1.7912347316741943
5421875200.0,-1.7588562965393066
5422812672.0,-1.7287530899047852
5423750144.0,-1.6964930295944214
5424687616.0,-1.6650954484939575
5425625088.0,-1.6345850229263306
5426562560.0,-1.603777289390564
5427500032.0,-1.5746052265167236
5428437504.0,-1.54710054397583
5429374976.0,-1.519698143005371
5430312448.0,-1.4933362007141113
5431249920.0,-1.467848300933838
5432187392.0,-1.443737506866455
5433124864.0,-1.4207344055175781
5434062336.0,-1.3984345197677612
5434999808.0,-1.3767250776290894
5435937280.0,-1.356056809425354
5436874752.0,-1.337611198425293
5437812736.0,-1.3207635879516602
5438750208.0,-1.3053622245788574
5439687680.0,-1.2900537252426147
5440625152.0,-1.276833415031433
5441562624.0,-1.2641735076904297
5442500096.0,-1.2542526721954346
5443437568.0,-1.244858980178833
5444375040.0,-1.238036036491394
5445312512.0,-1.2332329750061035
5446249984.0,-1.2292298078536987
5447187456.0,-1.226409912109375
5448124928.0,-1.2269748449325562
5449062400.0,-1.2275744676589966
5449999872.0,-1.2294387817382812
5450937344.0,-1.2335518598556519
5451874816.0,-1.2396820783615112
5452812288.0,-1.246430516242981
5453749760.0,-1.2557141780853271
5454687744.0,-1.263722538948059
5455625216.0,-1.2741481065750122
5456562688.0,-1.284191608428955
5457500160.0,-1.295491099357605
5458437632.0,-1.3061554431915283
5459375104.0,-1.3172309398651123
5460312576.0,-1.3277112245559692
5461250048.0,-1.3391281366348267
5462187520.0,-1.3486050367355347
5463124992.0,-1.3572231531143188
5464062464.0,-1.3629441261291504
5464999936.0,-1.3667409420013428
5465937408.0,-1.3748939037322998
5466874880.0,-1.374653697013855
5467812352.0,-1.371889352798462
5468749824.0,-1.3665249347686768
5469687296.0,-1.361169695854187
5470624768.0,-1.352068305015564
5471562752.0,-1.3412890434265137
5472500224.0,-1.3282430171966553
5473437696.0,-1.314560890197754
5474375168.0,-1.2969402074813843
5475312640.0,-1.2770885229110718
5476250112.0,-1.2572184801101685
5477187584.0,-1.2349025011062622
5478125056.0,-1.2119861841201782
5479062528.0,-1.1875779628753662
5480000000.0,-1.1620455980300903
5480937472.0,-1.1350282430648804
5481874944.0,-1.1097118854522705
5482812416.0,-1.0817300081253052
5483749888.0,-1.0533149242401123
5484687360.0,-1.0262377262115479
5485624832.0,-0.99955815076828
5486562304.0,-0.9721946120262146
5487499776.0,-0.9462702870368958
5488437248.0,-0.9198624491691589
5489375232.0,-0.8947798013687134
5490312704.0,-0.8699442148208618
5491250176.0,-0.8459911942481995
5492187648.0,-0.8243552446365356
5493125120.0,-0.8031535744667053
5494062592.0,-0.7841262817382812
5495000064.0,-0.7663693428039551
5495937536.0,-0.7502262592315674
5496875008.0,-0.7358999252319336
5497812480.0,-0.7242574095726013
5498749952.0,-0.7153580784797668
5499687424.0,-0.7087505459785461
5500624896.0,-0.703899085521698
5501562368.0,-0.7034646272659302
5502499840.0,-0.7045567631721497
5503437312.0,-0.709714412689209
5504374784.0,-0.715927243232727
5505312256.0,-0.7260335683822632
5506250240.0,-0.738240659236908
5507187712.0,-0.7525832056999207
5508125184.0,-0.770602285861969
5509062656.0,-0.7910403609275818
5510000128.0,-0.8134175539016724
5510937600.0,-0.8375303745269775
5511875072.0,-0.8641763925552368
5512812544.0,-0.8923844695091248
5513750016.0,-0.9215705990791321
5514687488.0,-0.9528065919876099
5515624960.0,-0.9848382472991943
5516562432.0,-1.017250895500183
5517499904.0,-1.0480225086212158
5518437376.0,-1.0793393850326538
5519374848.0,-1.1088366508483887
5520312320.0,-1.1369646787643433
5521249792.0,-1.1645481586456299
5522187264.0,-1.1884911060333252
5523125248.0,-1.2099909782409668
5524062720.0,-1.2274590730667114
5525000192.0,-1.2426259517669678
5525937664.0,-1.0784249305725098
5526875136.0,-1.0827202796936035
5527812608.0,-1.0868098735809326
5528750080.0,-1.0878850221633911
5529687552.0,-1.089295744895935
5530625024.0,-1.0869916677474976
5531562496.0,-1.0831960439682007
5532499968.0,-1.0774970054626465
5533437440.0,-1.0709131956100464
5534374912.0,-1.0613125562667847
5535312384.0,-1.0520610809326172
5536249856.0,-1.0404434204101562
5537187328.0,-1.028246521949768
5538124800.0,-1.0139133930206299
5539062272.0,-0.9995805025100708
5539999744.0,-0.9852601289749146
5540937728.0,-0.9699769020080566
5541875200.0,-0.9539423584938049
5542812672.0,-0.937938392162323
5543750144.0,-0.9227695465087891
5544687616.0,-0.9052121639251709
5545625088.0,-0.8900825381278992
5546562560.0,-0.8740888833999634
5547500032.0,-0.8585035800933838
5548437504.0,-0.8448741436004639
5549374976.0,-0.8310325741767883
5550312448.0,-0.8186674118041992
5551249920.0,-0.8078316450119019
5552187392.0,-0.7976648807525635
5553124864.0,-0.7896506786346436
5554062336.0,-0.7815210223197937
5554999808.0,-0.7772164940834045
5555937280.0,-0.7737035751342773
5556874752.0,-0.7717594504356384
5557812736.0,-0.7728695273399353
5558750208.0,-0.7756156921386719
5559687680.0,-0.7800609469413757
5560625152.0,-0.7878987193107605
5561562624.0,-0.7997311353683472
5562500096.0,-0.811150848865509
5563437568.0,-0.8273954391479492
5564375040.0,-0.8457877039909363
5565312512.0,-0.8666688799858093
5566249984.0,-0.8893322348594666
5567187456.0,-0.9122058153152466
5568124928.0,-0.9397276043891907
5569062400.0,-0.9673044681549072
5569999872.0,-0.9957992434501648
5570937344.0,-1.0241109132766724
5571874816.0,-1.0528466701507568
5572812288.0,-1.081312894821167
5573749760.0,-1.1075448989868164
5574687744.0,-1.1343873739242554
5575625216.0,-1.158374547958374
5576562688.0,-1.181221842765808
5577500160.0,-1.1997755765914917
5578437632.0,-1.2181148529052734
5579375104.0,-1.2332760095596313
5580312576.0,-1.2440687417984009
5581250048.0,-1.2533159255981445
5582187520.0,-1.2593988180160522
5583124992.0,-1.262863039970398
5584062464.0,-1.2652475833892822
5584999936.0,-1.2637169361114502
5585937408.0,-1.1892198324203491
5586874880.0,-1.194261908531189
5587812352.0,-1.1986768245697021
5588749824.0,-1.2030251026153564
5589687296.0,-1.2049766778945923
5590624768.0,-1.2071632146835327
5591562752.0,-1.20771324634552
5592500224.0,-1.2077780961990356
5593437696.0,-1.2057745456695557
5594375168.0,-1.203750491142273
5595312640.0,-1.2000162601470947
5596250112.0,-1.1960093975067139
5597187584.0,-1.1924771070480347
5598125056.0,-1.1879574060440063
5599062528.0,-1.183336853981018
5600000000.0,-1.178619146347046
5600937472.0,-1.174039363861084
5601874944.0,-1.1690090894699097
5602812416.0,-1.164626955986023
5603749888.0,-1.158445119857788
5604687360.0,-1.1534959077835083
5605624832.0,-1.1475059986114502
5606562304.0,-1.1422162055969238
5607499776.0,-1.1378461122512817
5608437248.0,-1.132776141166687
5609375232.0,-1.1273354291915894
5610312704.0,-1.1235710382461548
5611250176.0,-1.1187080144882202
5612187648.0,-1.1150864362716675
5613125120.0,-1.1094077825546265
5614062592.0,-1.1058396100997925
5615000064.0,-1.1010957956314087
5615937536.0,-1.0971122980117798
5616875008.0,-1.0943204164505005
5617812480.0,-1.0904076099395752
5618749952.0,-1.0888607501983643
5619687424.0,-1.0870990753173828
5620624896.0,-1.085076928138733
5621562368.0,-1.0860663652420044
5622499840.0,-1.085803508758545
5623437312.0,-1.0861085653305054
5624374784.0,-1.0876096487045288
5625312256.0,-1.088716983795166
5626250240.0,-1.0903183221817017
5627187712.0,-1.091040849685669
5628125184.0,-1.0929838418960571
5629062656.0,-1.0932676792144775
5630000128.0,-1.0945510864257812
5630937600.0,-1.0950089693069458
5631875072.0,-1.0945186614990234
5632812544.0,-1.093709945678711
5633750016.0,-1.0932469367980957
5634687488.0,-1.0924246311187744
5635624960.0,-1.0893043279647827
5636562432.0,-1.0866084098815918
5637499904.0,-1.081815242767334
5638437376.0,-1.076579213142395
5639374848.0,-1.0698344707489014
5640312320.0,-1.0633794069290161
5641249792.0,-1.0563240051269531
5642187264.0,-1.049084186553955
5643125248.0,-1.0403203964233398
5644062720.0,-1.0307561159133911
5645000192.0,-1.0212239027023315
5645937664.0,-1.0163770914077759
5646875136.0,-1.0057522058486938
5647812608.0,-0.9930362701416016
5648750080.0,-0.9790178537368774
5649687552.0,-0.9640040397644043
5650625024.0,-0.9468030333518982
5651562496.0,-0.9304477572441101
5652499968.0,-0.9129987955093384
5653437440.0,-0.8936653733253479
5654374912.0,-0.8751184940338135
5655312384.0,-0.8557626008987427
5656249856.0,-0.8360209465026855
5657187328.0,-0.8157375454902649
5658124800.0,-0.7957999110221863
5659062272.0,-0.7758822441101074
5660000256.0,-0.754084050655365
5660937728.0,-0.7342182993888855
5661875200.0,-0.7142396569252014
5662812672.0,-0.6945109963417053
5663750144.0,-0.6761427521705627
5664687616.0,-0.6587672233581543
5665625088.0,-0.64264976978302
5666562560.0,-0.6268467903137207
5667500032.0,-0.6126829385757446
5668437504.0,-0.599854588508606
5669374976.0,-0.588173508644104
5670312448.0,-0.5776777863502502
5671249920.0,-0.5699285268783569
5672187392.0,-0.5620810389518738
5673124864.0,-0.5564979910850525
5674062336.0,-0.5521071553230286
5674999808.0,-0.5503530502319336
5675937280.0,-0.5488425493240356
5676874752.0,-0.5486062169075012
5677812736.0,-0.5507068037986755
5678750208.0,-0.5524175763130188
5679687680.0,-0.5557165145874023
5680625152.0,-0.5588303208351135
5681562624.0,-0.5632921457290649
5682500096.0,-0.567840039730072
5683437568.0,-0.5725440979003906
5684375040.0,-0.576731264591217
5685312512.0,-0.5796266794204712
5686249984.0,-0.5830509066581726
5687187456.0,-0.5855726599693298
5688124928.0,-0.5880321264266968
5689062400.0,-0.5891913175582886
5689999872.0,-0.5902754068374634
5690937344.0,-0.5874150991439819
5691874816.0,-0.5845436453819275
5692812288.0,-0.5795290470123291
5693749760.0,-0.5731560587882996
5694687744.0,-0.5652238130569458
5695625216.0,-0.5569254159927368
5696562688.0,-0.5457027554512024
5697500160.0,-0.5339257121086121
5698437632.0,-0.522105872631073
5699375104.0,-0.5081971287727356
5700312576.0,-0.495134562253952
5701250048.0,-0.48045656085014343
5702187520.0,-0.4658688008785248
5703124992.0,-0.45211970806121826
5704062464.0,-0.4383174479007721
5704999936.0,-0.4254705309867859
5705937408.0,-0.3926067054271698
5706874880.0,-0.39082828164100647
5707812352.0,-0.3882830739021301
5708749824.0,-0.3875843286514282
5709687296.0,-0.3861660659313202
5710624768.0,-0.3837006688117981
5711562752.0,-0.3826190233230591
5712500224.0,-0.38013947010040283
5713437696.0,-0.37960144877433777
5714375168.0,-0.37834230065345764
5715312640.0,-0.3760993778705597
5716250112.0,-0.373068630695343
5717187584.0,-0.37007278203964233
5718125056.0,-0.3656599521636963
5719062528.0,-0.36017534136772156
5720000000.0,-0.35398244857788086
5720937472.0,-0.3461676239967346
5721874944.0,-0.3395446836948395
5722812416.0,-0.33089563250541687
5723749888.0,-0.32201698422431946
5724687360.0,-0.31283894181251526
5725624832.0,-0.3044686019420624
5726562304.0,-0.295615553855896
5727499776.0,-0.2872929573059082
5728437248.0,-0.2797669470310211
5729375232.0,-0.27314966917037964
5730312704.0,-0.26741504669189453
5731250176.0,-0.2622440457344055
5732187648.0,-0.2605828046798706
5733125120.0,-0.25898778438568115
5734062592.0,-0.2609459459781647
5735000064.0,-0.26419615745544434
5735937536.0,-0.2696686089038849
5736875008.0,-0.2767145037651062
5737812480.0,-0.2860822379589081
5738749952.0,-0.29663610458374023
5739687424.0,-0.3088482618331909
5740624896.0,-0.3229370713233948
5741562368.0,-0.33722183108329773
5742499840.0,-0.35031530261039734
5743437312.0,-0.36337414383888245
5744374784.0,-0.3760831654071808
5745312256.0,-0.38489559292793274
5746250240.0,-0.39382028579711914
5747187712.0,-0.3994297981262207
5748125184.0,-0.4034361243247986
5749062656.0,-0.40384337306022644
5750000128.0,-0.4027298092842102
5750937600.0,-0.3997025191783905
5751875072.0,-0.39368122816085815
5752812544.0,-0.3872823119163513
5753750016.0,-0.38129153847694397
5754687488.0,-0.37229007482528687
5755624960.0,-0.36323800683021545
5756562432.0,-0.3546341359615326
5757499904.0,-0.3477764129638672
5758437376.0,-0.33900442719459534
5759374848.0,-0.3327561914920807
5760312320.0,-0.3252444565296173
5761249792.0,-0.3206305503845215
5762187264.0,-0.3160571753978729
5763125248.0,-0.31319135427474976
5764062720.0,-0.30915525555610657
5765000192.0,-0.30602091550827026
5765937664.0,-0.23409026861190796
5766875136.0,-0.23694831132888794
5767812608.0,-0.24127791821956635
5768750080.0,-0.24502351880073547
5769687552.0,-0.2502189874649048
5770625024.0,-0.2562723755836487
5771562496.0,-0.2616175413131714
5772499968.0,-0.26825082302093506
5773437440.0,-0.2738919258117676
5774374912.0,-0.2812245786190033
5775312384.0,-0.2881663143634796
5776249856.0,-0.2947772145271301
5777187328.0,-0.302047461271286
5778124800.0,-0.309977650642395
5779062272.0,-0.31730592250823975
5779999744.0,-0.32510682940483093
5780937728.0,-0.3315761983394623
5781875200.0,-0.3375592827796936
5782812672.0,-0.34396639466285706
5783750144.0,-0.3492116928100586
5784687616.0,-0.35406678915023804
5785625088.0,-0.3575528860092163
5786562560.0,-0.361702561378479
5787500032.0,-0.3649378716945648
5788437504.0,-0.3664560914039612
5789374976.0,-0.36479803919792175
5790312448.0,-0.36263909935951233
5791249920.0,-0.36039257049560547
5792187392.0,-0.3567039966583252
5793124864.0,-0.35112711787223816
5794062336.0,-0.3457975387573242
5794999808.0,-0.3386199474334717
5795937280.0,-0.3322834074497223
5796874752.0,-0.3243459165096283
5797812736.0,-0.3151022493839264
5798750208.0,-0.30576688051223755
5799687680.0,-0.2953943908214569
5800625152.0,-0.2842569649219513
5801562624.0,-0.2720312476158142
5802500096.0,-0.25961995124816895
5803437568.0,-0.24698381125926971
5804375040.0,-0.23273861408233643
5805312512.0,-0.2180304229259491
5806249984.0,-0.20290882885456085
5807187456.0,-0.18749691545963287
5808124928.0,-0.17118684947490692
5809062400.0,-0.15602551400661469
5809999872.0,-0.14093026518821716
5810937344.0,-0.12634892761707306
5811874816.0,-0.11121279001235962
5812812288.0,-0.09477464854717255
5813749760.0,-0.08135789632797241
5814687744.0,-0.06664849817752838
5815625216.0,-0.052853330969810486
5816562688.0,-0.041060492396354675
5817500160.0,-0.027557160705327988
5818437632.0,-0.015595383010804653
5819375104.0,-0.0037286942824721336
5820312576.0,0.006073438096791506
5821250048.0,0.01568935066461563
5822187520.0,0.02553997002542019
5823124992.0,0.033297348767519
5824062464.0,0.040072400122880936
5824999936.0,0.04541521891951561
5825937408.0,-0.1436275690793991
5826874880.0,-0.14799222350120544
5827812352.0,-0.15109503269195557
5828749824.0,-0.15312887728214264
5829687296.0,-0.15381066501140594
5830624768.0,-0.15437960624694824
5831562752.0,-0.15217344462871552
5832500224.0,-0.15032653510570526
5833437696.0,-0.14758379757404327
5834375168.0,-0.14421482384204865
5835312640.0,-0.14046771824359894
5836250112.0,-0.13560663163661957
5837187584.0,-0.13259175419807434
5838125056.0,-0.13045500218868256
5839062528.0,-0.12779060006141663
5840000000.0,-0.1274530291557312
5840937472.0,-0.12794229388237
5841874944.0,-0.12987440824508667
5842812416.0,-0.13166587054729462
5843749888.0,-0.13643184304237366
5844687360.0,-0.14115022122859955
5845624832.0,-0.14688171446323395
5846562304.0,-0.15350957214832306
5847499776.0,-0.16078589856624603
5848437248.0,-0.16926172375679016
5849375232.0,-0.1783180832862854
5850312704.0,-0.18831080198287964
5851250176.0,-0.19835399091243744
5852187648.0,-0.2088904231786728
5853125120.0,-0.2188415825366974
5854062592.0,-0.22884608805179596
5855000064.0,-0.23865960538387299
5855937536.0,-0.2478601187467575
5856875008.0,-0.2555927038192749
5857812480.0,-0.2627129852771759
5858749952.0,-0.267800897359848
5859687424.0,-0.27125340700149536
5860624896.0,-0.2731284201145172
5861562368.0,-0.27130991220474243
5862499840.0,-0.270455002784729
5863437312.0,-0.26505541801452637
5864374784.0,-0.2580943703651428
5865312256.0,-0.2510737478733063
5866250240.0,-0.24049612879753113
5867187712.0,-0.232035294175148
5868125184.0,-0.22091886401176453
5869062656.0,-0.20837101340293884
5870000128.0,-0.19582419097423553
5870937600.0,-0.1824798732995987
5871875072.0,-0.16904392838478088
5872812544.0,-0.15555931627750397
5873750016.0,-0.14482173323631287
5874687488.0,-0.13119667768478394
5875624960.0,-0.12081822752952576
5876562432.0,-0.11301753669977188
5877499904.0,-0.1061287671327591
5878437376.0,-0.10267017781734467
5879374848.0,-0.10082348436117172
5880312320.0,-0.1004522293806076
5881249792.0,-0.1028636023402214
5882187264.0,-0.10608664900064468
5883125248.0,-0.11209681630134583
5884062720.0,-0.11860712617635727
5885000192.0,-0.12768763303756714
5885937664.0,-0.06694571673870087
5886875136.0,-0.07145052403211594
5887812608.0,-0.07699320465326309
5888750080.0,-0.08350098878145218
5889687552.0,-0.08975762873888016
5890625024.0,-0.09699508547782898
5891562496.0,-0.1056632325053215
5892499968.0,-0.1130441203713417
5893437440.0,-0.1210770383477211
5894374912.0,-0.1298724114894867
5895312384.0,-0.1379818618297577
5896249856.0,-0.14662475883960724
5897187328.0,-0.15539930760860443
5898124800.0,-0.16401563584804535
5899062272.0,-0.17306993901729584
5900000256.0,-0.18220606446266174
5900937728.0,-0.19102714955806732
5901875200.0,-0.20053231716156006
5902812672.0,-0.20773957669734955
5903750144.0,-0.21736101806163788
5904687616.0,-0.22692568600177765
5905625088.0,-0.23634947836399078
5906562560.0,-0.24515467882156372
5907500032.0,-0.25437813997268677
5908437504.0,-0.2624790668487549
5909374976.0,-0.2718621790409088
5910312448.0,-0.2797044813632965
5911249920.0,-0.2877906262874603
5912187392.0,-0.2947917878627777
5913124864.0,-0.30164867639541626
5914062336.0,-0.3086187541484833
5914999808.0,-0.31432393193244934
5915937280.0,-0.31859445571899414
5916874752.0,-0.3223334848880768
5917812736.0,-0.32553887367248535
5918750208.0,-0.32742562890052795
5919687680.0,-0.32898882031440735
5920625152.0,-0.3300509750843048
5921562624.0,-0.3299497067928314
5922500096.0,-0.32897233963012695
5923437568.0,-0.32801690697669983
5924375040.0,-0.32429298758506775
5925312512.0,-0.3208538591861725
5926249984.0,-0.3167125880718231
5927187456.0,-0.30919599533081055
5928124928.0,-0.30070921778678894
5929062400.0,-0.292833536863327
5929999872.0,-0.2805693447589874
5930937344.0,-0.2693193256855011
5931874816.0,-0.254955917596817
5932812288.0,-0.24019762873649597
5933749760.0,-0.22458918392658234
5934687744.0,-0.20758818089962006
5935625216.0,-0.1899396777153015
5936562688.0,-0.17329178750514984
5937500160.0,-0.15426060557365417
5938437632.0,-0.13553285598754883
5939375104.0,-0.11767490208148956
5940312576.0,-0.10068250447511673
5941250048.0,-0.08351261913776398
5942187520.0,-0.06676508486270905
5943124992.0,-0.051838431507349014
5944062464.0,-0.03683949634432793
5944999936.0,-0.024846047163009644
5945937408.0,-0.1314823478460312
5946874880.0,-0.14082303643226624
5947812352.0,-0.1516433209180832
5948749824.0,-0.1650632917881012
5949687296.0,-0.1777261197566986
5950624768.0,-0.19382157921791077
5951562752.0,-0.20915237069129944
5952500224.0,-0.22658345103263855
5953437696.0,-0.24576322734355927
5954375168.0,-0.26505425572395325
5955312640.0,-0.2848987877368927
5956250112.0,-0.30461475253105164
5957187584.0,-0.3247488737106323
5958125056.0,-0.3430258631706238
5959062528.0,-0.36367782950401306
5960000000.0,-0.3811784088611603
5960937472.0,-0.3987812101840973
5961874944.0,-0.41324368119239807
5962812416.0,-0.42753487825393677
5963749888.0,-0.43862730264663696
5964687360.0,-0.4472799301147461
5965624832.0,-0.45423319935798645
5966562304.0,-0.45661842823028564
5967499776.0,-0.455579936504364
5968437248.0,-0.45338931679725647
5969375232.0,-0.4452436566352844
5970312704.0,-0.43586140871047974
5971250176.0,-0.4230271279811859
5972187648.0,-0.4070708751678467
5973125120.0,-0.38734862208366394
5974062592.0,-0.3666212260723114
5975000064.0,-0.34452179074287415
5975937536.0,-0.3198937177658081
5976875008.0,-0.2956349551677704
5977812480.0,-0.26991501450538635
5978749952.0,-0.24525129795074463
5979687424.0,-0.22197112441062927
5980624896.0,-0.19845399260520935
5981562368.0,-0.1767013818025589
5982499840.0,-0.15881305932998657
5983437312.0,-0.14010155200958252
5984374784.0,-0.1244153156876564
5985312256.0,-0.11084610223770142
5986250240.0,-0.10054174065589905
5987187712.0,-0.09234804660081863
5988125184.0,-0.08862530440092087
5989062656.0,-0.08476522564888
5990000128.0,-0.08490917086601257
5990937600.0,-0.08683696389198303
5991875072.0,-0.08919083327054977
5992812544.0,-0.09431544691324234
5993750016.0,-0.10076843947172165
5994687488.0,-0.10816334933042526
5995624960.0,-0.11590329557657242
5996562432.0,-0.12409289181232452
5997499904.0,-0.1327827125787735
5998437376.0,-0.14151902496814728
5999374848.0,-0.1500830203294754
6000312320.0,-0.15917092561721802
6001249792.0,-0.16804373264312744
6002187264.0,-0.1752939522266388
6003125248.0,-0.1811443418264389
6004062720.0,-0.18703638017177582
6005000192.0,-0.14909131824970245
6005937664.0,-0.15759019553661346
6006875136.0,-0.1655239313840866
6007812608.0,-0.1757587343454361
6008750080.0,-0.1847551017999649
6009687552.0,-0.19595487415790558
6010625024.0,-0.2064731866121292
6011562496.0,-0.21752239763736725
6012499968.0,-0.23024551570415497
6013437440.0,-0.2431558519601822
6014374912.0,-0.25674036145210266
6015312384.0,-0.2697238326072693
6016249856.0,-0.2835847735404968
6017187328.0,-0.2982231378555298
6018124800.0,-0.3116830289363861
6019062272.0,-0.32359009981155396
6019999744.0,-0.33644717931747437
6020937728.0,-0.34830841422080994
6021875200.0,-0.3588066101074219
6022812672.0,-0.3685753047466278
6023750144.0,-0.3768349885940552
6024687616.0,-0.3841128945350647
6025625088.0,-0.39041003584861755
6026562560.0,-0.39580032229423523
6027500032.0,-0.3992801606655121
6028437504.0,-0.39967188239097595
6029374976.0,-0.40016189217567444
6030312448.0,-0.39851051568984985
6031249920.0,-0.39592427015304565
6032187392.0,-0.3902375102043152
6033124864.0,-0.382825642824173
6034062336.0,-0.374785840511322
6034999808.0,-0.36559298634529114
6035937280.0,-0.3560575544834137
6036874752.0,-0.3449581563472748
6037812736.0,-0.3323383629322052
6038750208.0,-0.32108816504478455
6039687680.0,-0.3080836832523346
6040625152.0,-0.2964511513710022
6041562624.0,-0.28456544876098633
6042500096.0,-0.2739391326904297
6043437568.0,-0.26243656873703003
6044375040.0,-0.25324052572250366
6045312512.0,-0.24519382417201996
6046249984.0,-0.23775941133499146
6047187456.0,-0.23066309094429016
6048124928.0,-0.224749356508255
6049062400.0,-0.21912819147109985
6049999872.0,-0.21505770087242126
6050937344.0,-0.21244512498378754
6051874816.0,-0.20986036956310272
6052812288.0,-0.2083006501197815
6053749760.0,-0.2088770568370819
6054687744.0,-0.20916683971881866
6055625216.0,-0.21152907609939575
6056562688.0,-0.2130330353975296
6057500160.0,-0.21611388027668
6058437632.0,-0.21909864246845245
6059375104.0,-0.2243642956018448
6060312576.0,-0.2289556860923767
6061250048.0,-0.23374560475349426
6062187520.0,-0.23890464007854462
6063124992.0,-0.243985116481781
6064062464.0,-0.2501193583011627
6064999936.0,-0.1536664366722107
6065937408.0,-0.17394453287124634
6066874880.0,-0.1948365569114685
6067812352.0,-0.21503321826457977
6068749824.0,-0.23612435162067413
6069687296.0,-0.25628918409347534
6070624768.0,-0.27573853731155396
6071562752.0,-0.29553717374801636
6072500224.0,-0.31412893533706665
6073437696.0,-0.3324180543422699
6074375168.0,-0.3484768569469452
6075312640.0,-0.36414387822151184
6076250112.0,-0.3794243633747101
6077187584.0,-0.39314740896224976
6078125056.0,-0.4047861099243164
6079062528.0,-0.41571661829948425
6080000000.0,-0.4249918758869171
6080937472.0,-0.43365874886512756
6081874944.0,-0.4399991035461426
6082812416.0,-0.4451192617416382
6083749888.0,-0.4479197859764099
6084687360.0,-0.44981274008750916
6085624832.0,-0.4507162868976593
6086562304.0,-0.45077812671661377
6087499776.0,-0.44913482666015625
6088437248.0,-0.4449351727962494
6089375232.0,-0.44003838300704956
6090312704.0,-0.43380096554756165
6091250176.0,-0.4255877137184143
6092187648.0,-0.4164794385433197
6093125120.0,-0.4067106544971466
6094062592.0,-0.39534488320350647
6095000064.0,-0.3831518590450287
6095937536.0,-0.3718220591545105
6096875008.0,-0.35797426104545593
6097812480.0,-0.3445667326450348
6098749952.0,-0.3302674889564514
6099687424.0,-0.31560635566711426
6100624896.0,-0.3013109266757965
6101562368.0,-0.2865961492061615
6102499840.0,-0.27129027247428894
6103437312.0,-0.25535398721694946
6104374784.0,-0.24192968010902405
6105312256.0,-0.22671866416931152
6106250240.0,-0.21278439462184906
6107187712.0,-0.19901888072490692
6108125184.0,-0.18482248485088348
6109062656.0,-0.1713009625673294
6110000128.0,-0.15859444439411163
6110937600.0,-0.14527201652526855
6111875072.0,-0.13281774520874023
6112812544.0,-0.12165116518735886
6113750016.0,-0.11107198148965836
6114687488.0,-0.10247691720724106
6115624960.0,-0.09380184859037399
6116562432.0,-0.08628588914871216
6117499904.0,-0.08030149340629578
6118437376.0,-0.07617651671171188
6119374848.0,-0.07583200186491013
6120312320.0,-0.07642977684736252
6121249792.0,-0.07970552146434784
6122187264.0,-0.08314840495586395
6123125248.0,-0.08915752172470093
6124062720.0,-0.09554024785757065
6125000192.0,-0.1494632363319397
6125937664.0,-0.16329926252365112
6126875136.0,-0.17866478860378265
6127812608.0,-0.19460329413414001
6128750080.0,-0.20979183912277222
6129687552.0,-0.22607606649398804
6130625024.0,-0.24331481754779816
6131562496.0,-0.2599848508834839
6132499968.0,-0.27659347653388977
6133437440.0,-0.2936767041683197
6134374912.0,-0.309762567281723
6135312384.0,-0.32513171434402466
6136249856.0,-0.34030473232269287
6137187328.0,-0.3546838164329529
6138124800.0,-0.36862990260124207
6139062272.0,-0.38088393211364746
6140000256.0,-0.3923095166683197
6140937728.0,-0.4026242792606354
6141875200.0,-0.41407510638237
6142812672.0,-0.42263439297676086
6143750144.0,-0.4302009046077728
6144687616.0,-0.4384641945362091
6145625088.0,-0.4450628161430359
6146562560.0,-0.45071884989738464
6147500032.0,-0.4550553262233734
6148437504.0,-0.4570339620113373
6149374976.0,-0.45826733112335205
6150312448.0,-0.45815300941467285
6151249920.0,-0.4565315246582031
6152187392.0,-0.4518929421901703
6153124864.0,-0.44680821895599365
6154062336.0,-0.44039222598075867
6154999808.0,-0.43308544158935547
6155937280.0,-0.4237360954284668
6156874752.0,-0.41227737069129944
6157812736.0,-0.4014773964881897
6158750208.0,-0.388538658618927
6159687680.0,-0.37572214007377625
6160625152.0,-0.36312928795814514
6161562624.0,-0.3496573269367218
6162500096.0,-0.33490654826164246
6163437568.0,-0.3207803964614868
6164375040.0,-0.3051605522632599
6165312512.0,-0.29105809330940247
6166249984.0,-0.2766399383544922
6167187456.0,-0.263836532831192
6168124928.0,-0.24993805587291718
6169062400.0,-0.23724181950092316
6169999872.0,-0.2227395623922348
6170937344.0,-0.20935870707035065
6171874816.0,-0.19678162038326263
6172812288.0,-0.18341109156608582
6173749760.0,-0.17301185429096222
6174687744.0,-0.1622258573770523
6175625216.0,-0.15275461971759796
6176562688.0,-0.14589639008045197
6177500160.0,-0.13920730352401733
6178437632.0,-0.13288551568984985
6179375104.0,-0.12949293851852417
6180312576.0,-0.1271996796131134
6181250048.0,-0.12546111643314362
6182187520.0,-0.12545041739940643
6183124992.0,-0.12740881741046906
6184062464.0,-0.1321176439523697
6184999936.0,-0.27874842286109924
6185937408.0,-0.29299303889274597
6186874880.0,-0.30908623337745667
6187812352.0,-0.3243747353553772
6188749824.0,-0.3401790261268616
6189687296.0,-0.35662251710891724
6190624768.0,-0.3734748661518097
6191562752.0,-0.38995182514190674
6192500224.0,-0.4048314690589905
6193437696.0,-0.41919270157814026
6194375168.0,-0.4309297502040863
6195312640.0,-0.43885037302970886
6196250112.0,-0.44712507724761963
6197187584.0,-0.45333361625671387
6198125056.0,-0.45963045954704285
6199062528.0,-0.4642883241176605
6200000000.0,-0.467935174703598
6200937472.0,-0.4689328372478485
6201874944.0,-0.4714197516441345
6202812416.0,-0.47490692138671875
6203749888.0,-0.4762132167816162
6204687360.0,-0.4791548252105713
6205624832.0,-0.4818577468395233
6206562304.0,-0.48508086800575256
6207499776.0,-0.49030420184135437
6208437248.0,-0.49583113193511963
6209375232.0,-0.503218412399292
6210312704.0,-0.5108462572097778
6211250176.0,-0.519630491733551
6212187648.0,-0.5270227193832397
6213125120.0,-0.5341697335243225
6214062592.0,-0.5391475558280945
6215000064.0,-0.5402470231056213
6215937536.0,-0.5348331332206726
6216875008.0,-0.5276270508766174
6217812480.0,-0.5200881958007812
6218749952.0,-0.5099822282791138
6219687424.0,-0.49875834584236145
6220624896.0,-0.4858793318271637
6221562368.0,-0.47229188680648804
6222499840.0,-0.45821353793144226
6223437312.0,-0.44449371099472046
6224374784.0,-0.43211933970451355
6225312256.0,-0.421043336391449
6226250240.0,-0.41074931621551514
6227187712.0,-0.4002464711666107
6228125184.0,-0.39152851700782776
6229062656.0,-0.38388940691947937
6230000128.0,-0.3772975504398346
6230937600.0,-0.3701445162296295
6231875072.0,-0.36295947432518005
6232812544.0,-0.35675716400146484
6233750016.0,-0.3513163626194
6234687488.0,-0.3436885178089142
6235624960.0,-0.3375150263309479
6236562432.0,-0.33152997493743896
6237499904.0,-0.32462167739868164
6238437376.0,-0.3177463412284851
6239374848.0,-0.3115406334400177
6240312320.0,-0.3048321008682251
6241249792.0,-0.2970474362373352
6242187264.0,-0.29042837023735046
6243125248.0,-0.28320157527923584
6244062720.0,-0.27709290385246277
6245000192.0,-0.4337526261806488
6245937664.0,-0.43586108088493347
6246875136.0,-0.4394165575504303
6247812608.0,-0.4443339407444
6248750080.0,-0.4517400860786438
6249687552.0,-0.46083569526672363
6250625024.0,-0.4722982347011566
6251562496.0,-0.48627689480781555
6252499968.0,-0.5032533407211304
6253437440.0,-0.5220359563827515
6254374912.0,-0.5429231524467468
6255312384.0,-0.5655122995376587
6256249856.0,-0.5902246832847595
6257187328.0,-0.6185128092765808
6258124800.0,-0.6453427672386169
6259062272.0,-0.671845555305481
6259999744.0,-0.7001783847808838
6260937728.0,-0.7267513871192932
6261875200.0,-0.7516948580741882
6262812672.0,-0.7755823135375977
6263750144.0,-0.7976728677749634
6264687616.0,-0.8186363577842712
6265625088.0,-0.8367660641670227
6266562560.0,-0.851930558681488
6267500032.0,-0.8632330894470215
6268437504.0,-0.8739808797836304
6269374976.0,-0.8790138959884644
6270312448.0,-0.8816429972648621
6271249920.0,-0.8807722330093384
6272187392.0,-0.878383457660675
6273124864.0,-0.8701590299606323
6274062336.0,-0.8599536418914795
6274999808.0,-0.8457316160202026
6275937280.0,-0.8294466137886047
6276874752.0,-0.8089188933372498
6277812736.0,-0.7852824330329895
6278750208.0,-0.7614688873291016
6279687680.0,-0.7346575856208801
6280625152.0,-0.7050687074661255
6281562624.0,-0.6767937541007996
6282500096.0,-0.6457911133766174
6283437568.0,-0.6150391697883606
6284375040.0,-0.5831114053726196
6285312512.0,-0.5529826283454895
6286249984.0,-0.5224406123161316
6287187456.0,-0.49455079436302185
6288124928.0,-0.4669564962387085
6289062400.0,-0.44050198793411255
6289999872.0,-0.4162360727787018
6290937344.0,-0.3927578926086426
6291874816.0,-0.37239477038383484
6292812288.0,-0.3547416031360626
6293749760.0,-0.3393847346305847
6294687744.0,-0.32624268531799316
6295625216.0,-0.3175770938396454
6296562688.0,-0.3151288628578186
6297500160.0,-0.3156464099884033
6298437632.0,-0.3193311393260956
6299375104.0,-0.3266811966896057
6300312576.0,-0.3357810080051422
6301250048.0,-0.3498573303222656
6302187520.0,-0.3650769591331482
6303124992.0,-0.3838944733142853
6304062464.0,-0.4037855863571167
6304999936.0,-0.5440835356712341
6305937408.0,-0.5645619630813599
6306874880.0,-0.5856351256370544
6307812352.0,-0.6088841557502747
6308749824.0,-0.6330912709236145
6309687296.0,-0.658277690410614
6310624768.0,-0.6842665672302246
6311562752.0,-0.7106164693832397
6312500224.0,-0.7375067472457886
6313437696.0,-0.7640523314476013
6314375168.0,-0.7898974418640137
6315312640.0,-0.8146108388900757
6316250112.0,-0.8387359380722046
6317187584.0,-0.8612846732139587
6318125056.0,-0.883195698261261
6319062528.0,-0.9025473594665527
6320000000.0,-0.9204472303390503
6320937472.0,-0.9349254369735718
6321874944.0,-0.9491279125213623
6322812416.0,-0.9613669514656067
6323749888.0,-0.9717255234718323
6324687360.0,-0.9772772192955017
6325624832.0,-0.981525182723999
6326562304.0,-0.9826074838638306
6327499776.0,-0.9810671806335449
6328437248.0,-0.9760100841522217
6329375232.0,-0.9693814516067505
6330312704.0,-0.9603800177574158
6331250176.0,-0.948297381401062
6332187648.0,-0.9351538419723511
6333125120.0,-0.9191975593566895
6334062592.0,-0.904293954372406
6335000064.0,-0.8864667415618896
6335937536.0,-0.8676151633262634
6336875008.0,-0.8480066657066345
6337812480.0,-0.8291459083557129
6338749952.0,-0.8089026808738708
6339687424.0,-0.786666750907898
6340624896.0,-0.7650204300880432
6341562368.0,-0.7419898509979248
6342499840.0,-0.7193982601165771
6343437312.0,-0.6978188753128052
6344374784.0,-0.6759321093559265
6345312256.0,-0.6550048589706421
6346250240.0,-0.6357859969139099
6347187712.0,-0.6137921214103699
6348125184.0,-0.5942586064338684
6349062656.0,-0.5755854845046997
6350000128.0,-0.5578209757804871
6350937600.0,-0.5423876047134399
6351875072.0,-0.5279160141944885
6352812544.0,-0.5167751908302307
6353750016.0,-0.5069034695625305
6354687488.0,-0.4985336661338806
6355624960.0,-0.49467700719833374
6356562432.0,-0.49122706055641174
6357499904.0,-0.4911014437675476
6358437376.0,-0.4916168749332428
6359374848.0,-0.49687615036964417
6360312320.0,-0.5021048784255981
6361249792.0,-0.512956976890564
6362187264.0,-0.5259394645690918
6363125248.0,-0.5416392087936401
6364062720.0,-0.5594400763511658
6365000192.0,-0.8303521275520325
6365937664.0,-0.8371810913085938
6366875136.0,-0.8452551364898682
6367812608.0,-0.8528962135314941
6368750080.0,-0.8611634969711304
6369687552.0,-0.8695770502090454
6370625024.0,-0.877967119216919
6371562496.0,-0.8878169655799866
6372499968.0,-0.8966827392578125
6373437440.0,-0.9058551788330078
6374374912.0,-0.9151149988174438
6375312384.0,-0.9238209128379822
6376249856.0,-0.9321382641792297
6377187328.0,-0.9391682147979736
6378124800.0,-0.9473967552185059
6379062272.0,-0.9543259739875793
6380000256.0,-0.9605578184127808
6380937728.0,-0.9671444296836853
6381875200.0,-0.9727563261985779
6382812672.0,-0.9785011410713196
6383750144.0,-0.9840500950813293
6384687616.0,-0.9885286688804626
6385625088.0,-0.9931556582450867
6386562560.0,-0.9967459440231323
6387500032.0,-0.9997733235359192
6388437504.0,-1.0031437873840332
6389374976.0,-1.0053538084030151
6390312448.0,-1.0070301294326782
6391249920.0,-1.0077401399612427
6392187392.0,-1.0078636407852173
6393124864.0,-1.006780743598938
6394062336.0,-1.0067353248596191
6394999808.0,-1.0039316415786743
6395937280.0,-1.001610517501831
6396874752.0,-0.9990811944007874
6397812736.0,-0.9940096139907837
6398750208.0,-0.9913151264190674
6399687680.0,-0.9878519773483276
6400625152.0,-0.9835063815116882
6401562624.0,-0.980056643486023
6402500096.0,-0.9775295853614807
6403437568.0,-0.9759763479232788
6404375040.0,-0.9751530885696411
6405312512.0,-0.9756754040718079
6406249984.0,-0.9764878749847412
6407187456.0,-0.9784634709358215
6408124928.0,-0.9808654189109802
6409062400.0,-0.9852834343910217
6409999872.0,-0.9877340793609619
6410937344.0,-0.9946333765983582
6411874816.0,-0.999051034450531
6412812288.0,-1.004843831062317
6413749760.0,-1.0117374658584595
6414687744.0,-1.01994788646698
6415625216.0,-1.0268086194992065
6416562688.0,-1.0341877937316895
6417500160.0,-1.0419743061065674
6418437632.0,-1.0502184629440308
6419375104.0,-1.0586254596710205
6420312576.0,-1.066603422164917
6421250048.0,-1.0761830806732178
6422187520.0,-1.084240198135376
6423124992.0,-1.0900475978851318
6424062464.0,-1.09520423412323
6424999936.0,-1.110290288925171
6425937408.0,-1.1224181652069092
6426874880.0,-1.1329602003097534
6427812352.0,-1.1421335935592651
6428749824.0,-1.149794101715088
6429687296.0,-1.155555009841919
6430624768.0,-1.1607756614685059
6431562752.0,-1.1620757579803467
6432500224.0,-1.1639114618301392
6433437696.0,-1.1644574403762817
6434375168.0,-1.163399338722229
6435312640.0,-1.1612191200256348
6436250112.0,-1.1572818756103516
6437187584.0,-1.1518045663833618
6438125056.0,-1.1438288688659668
6439062528.0,-1.13508939743042
6440000000.0,-1.1253584623336792
6440937472.0,-1.1147966384887695
6441874944.0,-1.104074478149414
6442812416.0,-1.0919922590255737
6443749888.0,-1.0803204774856567
6444687360.0,-1.0681869983673096
6445624832.0,-1.0572947263717651
6446562304.0,-1.0433470010757446
6447499776.0,-1.0316311120986938
6448437248.0,-1.0200024843215942
6449375232.0,-1.0092829465866089
6450312704.0,-0.998663067817688
6451250176.0,-0.9887194633483887
6452187648.0,-0.9797157645225525
6453125120.0,-0.9719128012657166
6454062592.0,-0.9649277329444885
6455000064.0,-0.9584757685661316
6455937536.0,-0.952678382396698
6456875008.0,-0.9478090405464172
6457812480.0,-0.944081723690033
6458749952.0,-0.9395635724067688
6459687424.0,-0.9355025887489319
6460624896.0,-0.9316461682319641
6461562368.0,-0.9278736710548401
6462499840.0,-0.9238631725311279
6463437312.0,-0.919870913028717
6464374784.0,-0.9155610203742981
6465312256.0,-0.9126332998275757
6466250240.0,-0.9093770384788513
6467187712.0,-0.9060934782028198
6468125184.0,-0.9031790494918823
6469062656.0,-0.8984851241111755
6470000128.0,-0.8938351273536682
6470937600.0,-0.8900759816169739
6471875072.0,-0.8836882710456848
6472812544.0,-0.8784506916999817
6473750016.0,-0.874789834022522
6474687488.0,-0.8728397488594055
6475624960.0,-0.8688433766365051
6476562432.0,-0.8657094836235046
6477499904.0,-0.862571656703949
6478437376.0,-0.8608189225196838
6479374848.0,-0.858356237411499
6480312320.0,-0.8561126589775085
6481249792.0,-0.855851948261261
6482187264.0,-0.8552358150482178
6483125248.0,-0.854938268661499
6484062720.0,-0.8546507358551025
6485000192.0,-0.9586260914802551
6485937664.0,-0.9654245972633362
6486875136.0,-0.9714677333831787
6487812608.0,-0.9796732664108276
6488750080.0,-0.9871771335601807
6489687552.0,-0.9928750395774841
6490625024.0,-0.999238908290863
6491562496.0,-1.0046188831329346
6492499968.0,-1.009695053100586
6493437440.0,-1.0141557455062866
6494374912.0,-1.0179189443588257
6495312384.0,-1.020180106163025
6496249856.0,-1.02267324924469
6497187328.0,-1.0237576961517334
6498124800.0,-1.024308204650879
6499062272.0,-1.0256248712539673
6499999744.0,-1.0255458354949951
6500937728.0,-1.024200201034546
6501875200.0,-1.0214614868164062
6502812672.0,-1.0171574354171753
6503750144.0,-1.0116342306137085
6504687616.0,-1.0053881406784058
6505625088.0,-0.9975366592407227
6506562560.0,-0.9893712401390076
6507500032.0,-0.981182873249054
6508437504.0,-0.9705524444580078
6509374976.0,-0.9588884115219116
6510312448.0,-0.9476684927940369
6511249920.0,-0.936576783657074
6512187392.0,-0.9249616265296936
6513124864.0,-0.9129114151000977
6514062336.0,-0.9007493257522583
6514999808.0,-0.8889267444610596
6515937280.0,-0.8777817487716675
6516874752.0,-0.8668338656425476
6517812736.0,-0.8558938503265381
6518750208.0,-0.8461073637008667
6519687680.0,-0.8372980952262878
6520625152.0,-0.8295344114303589
6521562624.0,-0.8226776123046875
6522500096.0,-0.8155604600906372
6523437568.0,-0.8099592328071594
6524375040.0,-0.8045440316200256
6525312512.0,-0.7990660667419434
6526249984.0,-0.7952950596809387
6527187456.0,-0.7933925986289978
6528124928.0,-0.7921081185340881
6529062400.0,-0.7904348969459534
6529999872.0,-0.7912372946739197
6530937344.0,-0.7928346991539001
6531874816.0,-0.7951751351356506
6532812288.0,-0.7984424829483032
6533749760.0,-0.8018197417259216
6534687744.0,-0.806231677532196
6535625216.0,-0.8119404315948486
6536562688.0,-0.816558837890625
6537500160.0,-0.8216217160224915
6538437632.0,-0.8279639482498169
6539375104.0,-0.835106611251831
6540312576.0,-0.8425729274749756
6541250048.0,-0.8496555685997009
6542187520.0,-0.8575676083564758
6543124992.0,-0.8656688332557678
6544062464.0,-0.8734319806098938
6544999936.0,-0.8698697686195374
6545937408.0,-0.8757379055023193
6546874880.0,-0.8806982040405273
6547812352.0,-0.8862757682800293
6548749824.0,-0.8912259340286255
6549687296.0,-0.8948774337768555
6550624768.0,-0.8973454236984253
6551562752.0,-0.9007045030593872
6552500224.0,-0.904463529586792
6553437696.0,-0.9100418090820312
6554375168.0,-0.9141598343849182
6555312640.0,-0.9197261333465576
6556250112.0,-0.9287709593772888
6557187584.0,-0.9371435642242432
6558125056.0,-0.9475570917129517
6559062528.0,-0.959461510181427
6560000000.0,-0.9714642763137817
6560937472.0,-0.9823626279830933
6561874944.0,-0.9954394698143005
6562812416.0,-1.0078413486480713
6563749888.0,-1.0200754404067993
6564687360.0,-1.0322175025939941
6565624832.0,-1.045028805732727
6566562304.0,-1.0573550462722778
6567499776.0,-1.0685960054397583
6568437248.0,-1.0810613632202148
6569375232.0,-1.0929977893829346
6570312704.0,-1.1042301654815674
6571250176.0,-1.1153764724731445
6572187648.0,-1.1251802444458008
6573125120.0,-1.1362582445144653
6574062592.0,-1.1472505331039429
6575000064.0,-1.155294418334961
6575937536.0,-1.163103699684143
6576875008.0,-1.1691607236862183
6577812480.0,-1.1752169132232666
6578749952.0,-1.179713487625122
6579687424.0,-1.18559992313385
6580624896.0,-1.1881871223449707
6581562368.0,-1.1907753944396973
6582499840.0,-1.1929535865783691
6583437312.0,-1.1922246217727661
6584374784.0,-1.1924569606781006
6585312256.0,-1.1916424036026
6586250240.0,-1.1895402669906616
6587187712.0,-1.188676118850708
6588125184.0,-1.1846880912780762
6589062656.0,-1.1821067333221436
6590000128.0,-1.1767526865005493
6590937600.0,-1.1704524755477905
6591875072.0,-1.163109540939331
6592812544.0,-1.1590462923049927
6593750016.0,-1.152449369430542
6594687488.0,-1.1489572525024414
6595624960.0,-1.1442681550979614
6596562432.0,-1.1402686834335327
6597499904.0,-1.138372540473938
6598437376.0,-1.136828064918518
6599374848.0,-1.1338021755218506
6600312320.0,-1.1325665712356567
6601249792.0,-1.1303577423095703
6602187264.0,-1.129801630973816
6603125248.0,-1.129578709602356
6604062720.0,-1.131626009941101
6605000192.0,-1.1300333738327026
6605937664.0,-1.1350929737091064
6606875136.0,-1.1418758630752563
6607812608.0,-1.1481496095657349
6608750080.0,-1.1542255878448486
6609687552.0,-1.1587450504302979
6610625024.0,-1.1640394926071167
6611562496.0,-1.1671379804611206
6612499968.0,-1.1697535514831543
6613437440.0,-1.1729100942611694
6614374912.0,-1.1747510433197021
6615312384.0,-1.17867112159729
6616249856.0,-1.1820883750915527
6617187328.0,-1.1864030361175537
6618124800.0,-1.1921967267990112
6619062272.0,-1.1967555284500122
6620000256.0,-1.2029361724853516
6620937728.0,-1.2089565992355347
6621875200.0,-1.215675711631775
6622812672.0,-1.2245908975601196
6623750144.0,-1.2341187000274658
6624687616.0,-1.2440351247787476
6625625088.0,-1.2593307495117188
6626562560.0,-1.2772715091705322
6627500032.0,-1.2982913255691528
6628437504.0,-1.3189010620117188
6629374976.0,-1.3404325246810913
6630312448.0,-1.3623450994491577
6631249920.0,-1.3823835849761963
6632187392.0,-1.4040974378585815
6633124864.0,-1.4238147735595703
6634062336.0,-1.442793846130371
6634999808.0,-1.4628971815109253
6635937280.0,-1.4812787771224976
6636874752.0,-1.5012867450714111
6637812736.0,-1.5208019018173218
6638750208.0,-1.539148211479187
6639687680.0,-1.5583997964859009
6640625152.0,-1.5760654211044312
6641562624.0,-1.5936213731765747
6642500096.0,-1.6086006164550781
6643437568.0,-1.6244930028915405
6644375040.0,-1.6376739740371704
6645312512.0,-1.649763822555542
6646249984.0,-1.6590527296066284
6647187456.0,-1.6666126251220703
6648124928.0,-1.6734566688537598
6649062400.0,-1.6790393590927124
6649999872.0,-1.6830925941467285
6650937344.0,-1.6854987144470215
6651874816.0,-1.6910455226898193
6652812288.0,-1.6933209896087646
6653749760.0,-1.6962356567382812
6654687744.0,-1.698667049407959
6655625216.0,-1.7006325721740723
6656562688.0,-1.7036197185516357
6657500160.0,-1.7064048051834106
6658437632.0,-1.7088265419006348
6659375104.0,-1.7139099836349487
6660312576.0,-1.7204431295394897
6661250048.0,-1.7269965410232544
6662187520.0,-1.7374578714370728
6663124992.0,-1.749660849571228
6664062464.0,-1.7642078399658203
6664999936.0,-1.7852731943130493
6665937408.0,-1.7999846935272217
6666874880.0,-1.815699815750122
6667812352.0,-1.830077052116394
6668749824.0,-1.844796895980835
6669687296.0,-1.8592420816421509
6670624768.0,-1.8720993995666504
6671562752.0,-1.8843202590942383
6672500224.0,-1.896207571029663
6673437696.0,-1.9067270755767822
6674375168.0,-1.9179176092147827
6675312640.0,-1.927791953086853
6676250112.0,-1.9368456602096558
6677187584.0,-1.9439975023269653
6678125056.0,-1.950069546699524
6679062528.0,-1.9547706842422485
6680000000.0,-1.9590049982070923
6680937472.0,-1.9620428085327148
6681874944.0,-1.9628517627716064
6682812416.0,-1.9634429216384888
6683749888.0,-1.9621118307113647
6684687360.0,-1.96036958694458
6685624832.0,-1.9581382274627686
6686562304.0,-1.9560554027557373
6687499776.0,-1.9556151628494263
6688437248.0,-1.958011269569397
6689375232.0,-1.9608707427978516
6690312704.0,-1.9671225547790527
6691250176.0,-1.972880244255066
6692187648.0,-1.9814801216125488
6693125120.0,-1.9917768239974976
6694062592.0,-2.003391742706299
6695000064.0,-2.0173988342285156
6695937536.0,-2.0326054096221924
6696875008.0,-2.0485453605651855
6697812480.0,-2.0668928623199463
6698749952.0,-2.0847322940826416
6699687424.0,-2.1053626537323
6700624896.0,-2.125589609146118
6701562368.0,-2.1478750705718994
6702499840.0,-2.169609785079956
6703437312.0,-2.1940693855285645
6704374784.0,-2.2186501026153564
6705312256.0,-2.2439467906951904
6706250240.0,-2.2696168422698975
6707187712.0,-2.2936394214630127
6708125184.0,-2.3159019947052
6709062656.0,-2.337447166442871
6710000128.0,-2.3565080165863037
6710937600.0,-2.3759353160858154
6711875072.0,-2.3913633823394775
6712812544.0,-2.4049253463745117
6713750016.0,-2.4176025390625
6714687488.0,-2.428110361099243
6715624960.0,-2.436077833175659
6716562432.0,-2.441986083984375
6717499904.0,-2.4465274810791016
6718437376.0,-2.448239326477051
6719374848.0,-2.448686122894287
6720312320.0,-2.4475362300872803
6721249792.0,-2.4451355934143066
6722187264.0,-2.442348003387451
6723125248.0,-2.4403202533721924
6724062720.0,-2.4401798248291016
6725000192.0,-2.417771577835083
6725937664.0,-2.421452283859253
6726875136.0,-2.426583766937256
6727812608.0,-2.4308249950408936
6728750080.0,-2.436876058578491
6729687552.0,-2.4456493854522705
6730625024.0,-2.4552857875823975
6731562496.0,-2.467078685760498
6732499968.0,-2.4806859493255615
6733437440.0,-2.4964828491210938
6734374912.0,-2.5157370567321777
6735312384.0,-2.537895679473877
6736249856.0,-2.562795400619507
6737187328.0,-2.588763952255249
6738124800.0,-2.616422176361084
6739062272.0,-2.646608829498291
6739999744.0,-2.6764943599700928
6740937728.0,-2.707318067550659
6741875200.0,-2.7390356063842773
6742812672.0,-2.771256446838379
6743750144.0,-2.8039357662200928
6744687616.0,-2.83754825592041
6745625088.0,-2.8705861568450928
6746562560.0,-2.9050183296203613
6747500032.0,-2.936842203140259
6748437504.0,-2.967611074447632
6749374976.0,-2.995805263519287
6750312448.0,-3.0218470096588135
6751249920.0,-3.0467898845672607
6752187392.0,-3.071413993835449
6753124864.0,-3.088242530822754
6754062336.0,-3.099996566772461
6754999808.0,-3.1064670085906982
6755937280.0,-3.1085901260375977
6756874752.0,-3.1047425270080566
6757812736.0,-3.0957250595092773
6758750208.0,-3.0856807231903076
6759687680.0,-3.071061611175537
6760625152.0,-3.05458927154541
6761562624.0,-3.0334885120391846
6762500096.0,-3.0092060565948486
6763437568.0,-2.978090763092041
6764375040.0,-2.942326545715332
6765312512.0,-2.902090072631836
6766249984.0,-2.8573615550994873
6767187456.0,-2.8075711727142334
6768124928.0,-2.7524070739746094
6769062400.0,-2.6939945220947266
6769999872.0,-2.634620189666748
6770937344.0,-2.5728273391723633
6771874816.0,-2.5086588859558105
6772812288.0,-2.4433069229125977
6773749760.0,-2.3779051303863525
6774687744.0,-2.3132522106170654
6775625216.0,-2.2523906230926514
6776562688.0,-2.1931231021881104
6777500160.0,-2.1378519535064697
6778437632.0,-2.0878846645355225
6779375104.0,-2.0416572093963623
6780312576.0,-1.997861385345459
6781250048.0,-1.9564309120178223
6782187520.0,-1.9182758331298828
6783124992.0,-1.8859810829162598
6784062464.0,-1.8579524755477905
6784999936.0,-2.3132731914520264
6785937408.0,-2.2951879501342773
6786874880.0,-2.2789430618286133
6787812352.0,-2.2618844509124756
6788749824.0,-2.246208906173706
6789687296.0,-2.2325544357299805
6790624768.0,-2.220327138900757
6791562752.0,-2.2087643146514893
6792500224.0,-2.1996285915374756
6793437696.0,-2.1913745403289795
6794375168.0,-2.185035228729248
6795312640.0,-2.181295871734619
6796250112.0,-2.177349090576172
6797187584.0,-2.174828290939331
6798125056.0,-2.174394369125366
6799062528.0,-2.1765522956848145
6800000000.0,-2.1825883388519287
6800937472.0,-2.1906850337982178
6801874944.0,-2.201704740524292
6802812416.0,-2.215480327606201
6803749888.0,-2.232595205307007
6804687360.0,-2.2522060871124268
6805624832.0,-2.272038221359253
6806562304.0,-2.2931320667266846
6807499776.0,-2.3151299953460693
6808437248.0,-2.3377742767333984
6809375232.0,-2.3596460819244385
6810312704.0,-2.3799967765808105
6811250176.0,-2.399402379989624
6812187648.0,-2.4167087078094482
6813125120.0,-2.4317612648010254
6814062592.0,-2.444740056991577
6815000064.0,-2.45501971244812
6815937536.0,-2.461756706237793
6816875008.0,-2.4676971435546875
6817812480.0,-2.4715487957000732
6818749952.0,-2.472259283065796
6819687424.0,-2.467230796813965
6820624896.0,-2.4602200984954834
6821562368.0,-2.44614577293396
6822499840.0,-2.4291205406188965
6823437312.0,-2.4056901931762695
6824374784.0,-2.379307508468628
6825312256.0,-2.350130081176758
6826250240.0,-2.3189122676849365
6827187712.0,-2.287489891052246
6828125184.0,-2.254011869430542
6829062656.0,-2.217153549194336
6830000128.0,-2.1800456047058105
6830937600.0,-2.1405136585235596
6831875072.0,-2.101409673690796
6832812544.0,-2.0600626468658447
6833750016.0,-2.0174362659454346
6834687488.0,-1.9737075567245483
6835624960.0,-1.929903507232666
6836562432.0,-1.8874362707138062
6837499904.0,-1.8444323539733887
6838437376.0,-1.8038876056671143
6839374848.0,-1.7642700672149658
6840312320.0,-1.7281640768051147
6841249792.0,-1.6939356327056885
6842187264.0,-1.660988211631775
6843125248.0,-1.631069540977478
6844062720.0,-1.603484034538269
6845000192.0,-1.499226689338684
6845937664.0,-1.4733339548110962
6846875136.0,-1.4494808912277222
6847812608.0,-1.428194284439087
6848750080.0,-1.41046941280365
6849687552.0,-1.396012306213379
6850625024.0,-1.3842791318893433
6851562496.0,-1.3769060373306274
6852499968.0,-1.3727915287017822
6853437440.0,-1.3709622621536255
6854374912.0,-1.3700140714645386
6855312384.0,-1.3712999820709229
6856249856.0,-1.376030445098877
6857187328.0,-1.381934404373169
6858124800.0,-1.3908336162567139
6859062272.0,-1.4011132717132568
6860000256.0,-1.4119693040847778
6860937728.0,-1.4259717464447021
6861875200.0,-1.441398024559021
6862812672.0,-1.4572721719741821
6863750144.0,-1.4746644496917725
6864687616.0,-1.4947748184204102
6865625088.0,-1.5132625102996826
6866562560.0,-1.5328254699707031
6867500032.0,-1.5521246194839478
6868437504.0,-1.5697274208068848
6869374976.0,-1.5878323316574097
6870312448.0,-1.603930950164795
6871249920.0,-1.6180509328842163
6872187392.0,-1.6322309970855713
6873124864.0,-1.6429094076156616
6874062336.0,-1.652169942855835
6874999808.0,-1.6584398746490479
6875937280.0,-1.6625605821609497
6876874752.0,-1.6616978645324707
6877812736.0,-1.6578116416931152
6878750208.0,-1.6499476432800293
6879687680.0,-1.6392083168029785
6880625152.0,-1.6260793209075928
6881562624.0,-1.6082227230072021
6882500096.0,-1.5891021490097046
6883437568.0,-1.5682754516601562
6884375040.0,-1.5441581010818481
6885312512.0,-1.5178574323654175
6886249984.0,-1.4889808893203735
6887187456.0,-1.4581139087677002
6888124928.0,-1.4275708198547363
6889062400.0,-1.3954856395721436
6889999872.0,-1.3629437685012817
6890937344.0,-1.331492304801941
6891874816.0,-1.2990977764129639
6892812288.0,-1.2686861753463745
6893749760.0,-1.2385807037353516
6894687744.0,-1.208249568939209
6895625216.0,-1.1799728870391846
6896562688.0,-1.15300714969635
6897500160.0,-1.1277053356170654
6898437632.0,-1.1029857397079468
6899375104.0,-1.079487681388855
6900312576.0,-1.0569311380386353
6901250048.0,-1.0367310047149658
6902187520.0,-1.0167748928070068
6903124992.0,-1.000715970993042
6904062464.0,-0.9850221872329712
6904999936.0,-0.9903655648231506
6905937408.0,-0.9877896904945374
6906874880.0,-0.9856634736061096
6907812352.0,-0.9876433610916138
6908749824.0,-0.9900839328765869
6909687296.0,-0.9931008815765381
6910624768.0,-0.9979892373085022
6911562752.0,-1.0028849840164185
6912500224.0,-1.0077948570251465
6913437696.0,-1.0127912759780884
6914375168.0,-1.0171687602996826
6915312640.0,-1.0226786136627197
6916250112.0,-1.0251708030700684
6917187584.0,-1.0279364585876465
6918125056.0,-1.0291688442230225
6919062528.0,-1.0279715061187744
6920000000.0,-1.026649832725525
6920937472.0,-1.0232563018798828
6921874944.0,-1.0179888010025024
6922812416.0,-1.011776089668274
6923749888.0,-1.0054450035095215
6924687360.0,-0.9961591958999634
6925624832.0,-0.9845181107521057
6926562304.0,-0.9721540212631226
6927499776.0,-0.957321286201477
6928437248.0,-0.9410357475280762
6929375232.0,-0.9223912358283997
6930312704.0,-0.9019890427589417
6931250176.0,-0.8804375529289246
6932187648.0,-0.8576669096946716
6933125120.0,-0.8341467976570129
6934062592.0,-0.8102737665176392
6935000064.0,-0.7865514755249023
6935937536.0,-0.7638380527496338
6936875008.0,-0.7399696707725525
6937812480.0,-0.7176303863525391
6938749952.0,-0.6954797506332397
6939687424.0,-0.6750082969665527
6940624896.0,-0.6550482511520386
6941562368.0,-0.6371576189994812
6942499840.0,-0.6188511252403259
6943437312.0,-0.6035149097442627
6944374784.0,-0.5899054408073425
6945312256.0,-0.5773307681083679
6946250240.0,-0.5658733248710632
6947187712.0,-0.5564660429954529
6948125184.0,-0.5507537722587585
6949062656.0,-0.5454110503196716
6950000128.0,-0.541749894618988
6950937600.0,-0.5395485162734985
6951875072.0,-0.5397132039070129
6952812544.0,-0.5404621362686157
6953750016.0,-0.5406266450881958
6954687488.0,-0.5440461039543152
6955624960.0,-0.5484297871589661
6956562432.0,-0.5552390217781067
6957499904.0,-0.563939094543457
6958437376.0,-0.5732930898666382
6959374848.0,-0.5839157104492188
6960312320.0,-0.5935825705528259
6961249792.0,-0.6037634015083313
6962187264.0,-0.6137640476226807
6963125248.0,-0.6245765089988708
6964062720.0,-0.635153591632843
6965000192.0,-0.5386251211166382
6965937664.0,-0.5482056140899658
6966875136.0,-0.557685911655426
6967812608.0,-0.5671359896659851
6968750080.0,-0.5763275623321533
6969687552.0,-0.5866019129753113
6970625024.0,-0.5974265336990356
6971562496.0,-0.609226405620575
6972499968.0,-0.6200400590896606
6973437440.0,-0.6322194337844849
6974374912.0,-0.6449280381202698
6975312384.0,-0.6562423706054688
6976249856.0,-0.6689757108688354
6977187328.0,-0.6815316081047058
6978124800.0,-0.6935493350028992
6979062272.0,-0.7069224715232849
6979999744.0,-0.719209611415863
6980937728.0,-0.7323040962219238
6981875200.0,-0.7442481517791748
6982812672.0,-0.7532383799552917
6983750144.0,-0.7624133229255676
6984687616.0,-0.7704612612724304
6985625088.0,-0.7778328657150269
6986562560.0,-0.7839011549949646
6987500032.0,-0.7890850305557251
6988437504.0,-0.7936379313468933
6989374976.0,-0.7965878248214722
6990312448.0,-0.7995284795761108
6991249920.0,-0.8016982674598694
6992187392.0,-0.8018057942390442
6993124864.0,-0.801799476146698
6994062336.0,-0.7999279499053955
6994999808.0,-0.7961353063583374
6995937280.0,-0.7913097143173218
6996874752.0,-0.7861899733543396
6997812736.0,-0.7788904905319214
6998750208.0,-0.7705114483833313
6999687680.0,-0.7593434453010559
7000625152.0,-0.747597873210907
7001562624.0,-0.7367692589759827
7002500096.0,-0.7245423197746277
7003437568.0,-0.7112636566162109
7004375040.0,-0.6983790397644043
7005312512.0,-0.6856665015220642
7006249984.0,-0.6715189814567566
7007187456.0,-0.6565704345703125
7008124928.0,-0.6385970711708069
7009062400.0,-0.6215314865112305
7009999872.0,-0.603657603263855
7010937344.0,-0.5865785479545593
7011874816.0,-0.5694699883460999
7012812288.0,-0.5505334138870239
7013749760.0,-0.5338294506072998
7014687744.0,-0.5162931680679321
7015625216.0,-0.49999743700027466
7016562688.0,-0.48332443833351135
7017500160.0,-0.46845707297325134
7018437632.0,-0.45353659987449646
7019375104.0,-0.4403221011161804
7020312576.0,-0.42849016189575195
7021250048.0,-0.41677403450012207
7022187520.0,-0.4060741364955902
7023124992.0,-0.3948718309402466
7024062464.0,-0.38637372851371765
7024999936.0,-0.30217626690864563
7025937408.0,-0.30516427755355835
7026874880.0,-0.31041422486305237
7027812352.0,-0.31488317251205444
7028749824.0,-0.3207162320613861
7029687296.0,-0.32714203000068665
7030624768.0,-0.334566593170166
7031562752.0,-0.3424582779407501
7032500224.0,-0.35125771164894104
7033437696.0,-0.3640974462032318
7034375168.0,-0.37644243240356445
7035312640.0,-0.3900417685508728
7036250112.0,-0.40432119369506836
7037187584.0,-0.41879844665527344
7038125056.0,-0.43212708830833435
7039062528.0,-0.44820040464401245
7040000000.0,-0.4611525535583496
7040937472.0,-0.47543197870254517
7041874944.0,-0.48987123370170593
7042812416.0,-0.5037183165550232
7043749888.0,-0.516549825668335
7044687360.0,-0.5291174650192261
7045624832.0,-0.5413216352462769
7046562304.0,-0.5522579550743103
7047499776.0,-0.563460648059845
7048437248.0,-0.57355135679245
7049375232.0,-0.5822098255157471
7050312704.0,-0.5910841822624207
7051250176.0,-0.5974525213241577
7052187648.0,-0.6027041077613831
7053125120.0,-0.6072015166282654
7054062592.0,-0.6091698408126831
7055000064.0,-0.6103032231330872
7055937536.0,-0.6098018288612366
7056875008.0,-0.6079813241958618
7057812480.0,-0.6073121428489685
7058749952.0,-0.605301558971405
7059687424.0,-0.6038785576820374
7060624896.0,-0.6009398102760315
7061562368.0,-0.5981707572937012
7062499840.0,-0.5927302837371826
7063437312.0,-0.5868294835090637
7064374784.0,-0.5780849456787109
7065312256.0,-0.5698035359382629
7066250240.0,-0.5594722032546997
7067187712.0,-0.5492953658103943
7068125184.0,-0.5372458696365356
7069062656.0,-0.5249714851379395
7070000128.0,-0.5114906430244446
7070937600.0,-0.49930116534233093
7071875072.0,-0.485708087682724
7072812544.0,-0.471780389547348
7073750016.0,-0.45893773436546326
7074687488.0,-0.4449397921562195
7075624960.0,-0.43122461438179016
7076562432.0,-0.41668951511383057
7077499904.0,-0.4008888006210327
7078437376.0,-0.386254221200943
7079374848.0,-0.370733380317688
7080312320.0,-0.3553180694580078
7081249792.0,-0.3393644094467163
7082187264.0,-0.3257072865962982
7083125248.0,-0.30993175506591797
7084062720.0,-0.2958400547504425
7085000192.0,-0.35952630639076233
7085937664.0,-0.3491207957267761
7086875136.0,-0.33834514021873474
7087812608.0,-0.329086035490036
7088750080.0,-0.3205412030220032
7089687552.0,-0.31332123279571533
7090625024.0,-0.3064238131046295
7091562496.0,-0.29919034242630005
7092499968.0,-0.2940729260444641
7093437440.0,-0.28959012031555176
7094374912.0,-0.28569310903549194
7095312384.0,-0.28230851888656616
7096249856.0,-0.2802996039390564
7097187328.0,-0.27982693910598755
7098124800.0,-0.28098487854003906
7099062272.0,-0.28298160433769226
7100000256.0,-0.2869410216808319
7100937728.0,-0.2919675409793854
7101875200.0,-0.3000936806201935
7102812672.0,-0.3093934655189514
7103750144.0,-0.3189470171928406
7104687616.0,-0.3315775990486145
7105625088.0,-0.3456864356994629
7106562560.0,-0.36022916436195374
7107500032.0,-0.37676694989204407
7108437504.0,-0.39244407415390015
7109374976.0,-0.4130265414714813
7110312448.0,-0.4340783357620239
7111249920.0,-0.4563724398612976
7112187392.0,-0.4794667363166809
7113124864.0,-0.5023515224456787
7114062336.0,-0.5257369875907898
7114999808.0,-0.5484633445739746
7115937280.0,-0.5710980296134949
7116874752.0,-0.5924314260482788
7117812736.0,-0.6136762499809265
7118750208.0,-0.6344518661499023
7119687680.0,-0.6531068682670593
7120625152.0,-0.6717413067817688
7121562624.0,-0.6886287331581116
7122500096.0,-0.7050975561141968
7123437568.0,-0.7193640470504761
7124375040.0,-0.73228919506073
7125312512.0,-0.742980420589447
7126249984.0,-0.749722957611084
7127187456.0,-0.7555699348449707
7128124928.0,-0.7596893310546875
7129062400.0,-0.7608535289764404
7129999872.0,-0.760342001914978
7130937344.0,-0.7565562725067139
7131874816.0,-0.7513152956962585
7132812288.0,-0.7448475956916809
7133749760.0,-0.7353813648223877
7134687744.0,-0.7253013849258423
7135625216.0,-0.7125188708305359
7136562688.0,-0.6990011930465698
7137500160.0,-0.6840205192565918
7138437632.0,-0.6676506400108337
7139375104.0,-0.6489814519882202
7140312576.0,-0.6297371983528137
7141250048.0,-0.6093491315841675
7142187520.0,-0.5877786874771118
7143124992.0,-0.5650300979614258
7144062464.0,-0.4404876232147217
7144999936.0,-0.43822604417800903
7145937408.0,-0.43650874495506287
7146874880.0,-0.4336060583591461
7147812352.0,-0.4308527410030365
7148749824.0,-0.42745205760002136
7149687296.0,-0.4252988398075104
7150624768.0,-0.42428627610206604
7151562752.0,-0.4224209189414978
7152500224.0,-0.4228643476963043
7153437696.0,-0.4238278865814209
7154375168.0,-0.42509138584136963
7155312640.0,-0.4283141791820526
7156250112.0,-0.4325356185436249
7157187584.0,-0.43901270627975464
7158125056.0,-0.4464273750782013
7159062528.0,-0.45506709814071655
7160000000.0,-0.4636334776878357
7160937472.0,-0.47045427560806274
7161874944.0,-0.47706618905067444
7162812416.0,-0.4863640367984772
7163749888.0,-0.4950167238712311
7164687360.0,-0.503710925579071
7165624832.0,-0.5142983794212341
7166562304.0,-0.5231693983078003
7167499776.0,-0.5333160758018494
7168437248.0,-0.5409376621246338
7169375232.0,-0.5494648218154907
7170312704.0,-0.5573512315750122
7171250176.0,-0.5641225576400757
7172187648.0,-0.5705755352973938
7173125120.0,-0.57431960105896
7174062592.0,-0.577292799949646
7175000064.0,-0.5789400935173035
7175937536.0,-0.5792654156684875
7176875008.0,-0.5784948468208313
7177812480.0,-0.5753603577613831
7178749952.0,-0.5715915560722351
7179687424.0,-0.5656772255897522
7180624896.0,-0.5589261054992676
7181562368.0,-0.550708532333374
7182499840.0,-0.5398532152175903
7183437312.0,-0.5298231244087219
7184374784.0,-0.5181110501289368
7185312256.0,-0.5035269856452942
7186250240.0,-0.485617995262146
7187187712.0,-0.4679672122001648
7188125184.0,-0.44923728704452515
7189062656.0,-0.4294412136077881
7190000128.0,-0.40925559401512146
7190937600.0,-0.38943058252334595
7191875072.0,-0.36858442425727844
7192812544.0,-0.34857094287872314
7193750016.0,-0.32863155007362366
7194687488.0,-0.309406042098999
7195624960.0,-0.29202091693878174
7196562432.0,-0.2758970856666565
7197499904.0,-0.26004576683044434
7198437376.0,-0.24697011709213257
7199374848.0,-0.23519739508628845
7200312320.0,-0.2253749817609787
7201249792.0,-0.2172883301973343
7202187264.0,-0.21198894083499908
7203125248.0,-0.20825010538101196
7204062720.0,-0.318304181098938
7205000192.0,-0.3316500186920166
7205937664.0,-0.3481076657772064
7206875136.0,-0.36636650562286377
7207812608.0,-0.3874325752258301
7208750080.0,-0.411914199590683
7209687552.0,-0.4382648766040802
7210625024.0,-0.4669279456138611
7211562496.0,-0.4988059997558594
7212499968.0,-0.5324587225914001
7213437440.0,-0.5653069615364075
7214374912.0,-0.6007487773895264
7215312384.0,-0.6348233819007874
7216249856.0,-0.6685739159584045
7217187328.0,-0.7018665075302124
7218124800.0,-0.7338217496871948
7219062272.0,-0.7636691927909851
7219999744.0,-0.7916866540908813
7220937728.0,-0.8168392181396484
7221875200.0,-0.8381227254867554
7222812672.0,-0.8569795489311218
7223750144.0,-0.8705310821533203
7224687616.0,-0.8820894360542297
7225625088.0,-0.8871023058891296
7226562560.0,-0.8903007507324219
7227500032.0,-0.8864775896072388
7228437504.0,-0.8789098262786865
7229374976.0,-0.8684045076370239
7230312448.0,-0.8525429368019104
7231249920.0,-0.8322518467903137
7232187392.0,-0.8089033961296082
7233124864.0,-0.7820034027099609
7234062336.0,-0.7506374716758728
7234999808.0,-0.7165334224700928
7235937280.0,-0.6803330183029175
7236874752.0,-0.6445755958557129
7237812736.0,-0.6048887968063354
7238750208.0,-0.5659268498420715
7239687680.0,-0.5250242948532104
7240625152.0,-0.48253709077835083
7241562624.0,-0.4403676390647888
7242500096.0,-0.39805924892425537
7243437568.0,-0.3563578724861145
7244375040.0,-0.3141666054725647
7245312512.0,-0.27290502190589905
7246249984.0,-0.23283864557743073
7247187456.0,-0.19513393938541412
7248124928.0,-0.15851782262325287
7249062400.0,-0.1260528266429901
7249999872.0,-0.0953606441617012
7250937344.0,-0.06822144240140915
7251874816.0,-0.04353999346494675
7252812288.0,-0.022809650748968124
7253749760.0,-0.0051249242387712
7254687744.0,0.009031334891915321
7255625216.0,0.019509918987751007
7256562688.0,0.026772039011120796
7257500160.0,0.02907887101173401
7258437632.0,0.027632001787424088
7259375104.0,0.0198141448199749
7260312576.0,0.009391390718519688
7261250048.0,-0.00580244418233633
7262187520.0,-0.025880953297019005
7263124992.0,-0.05005268007516861
7264062464.0,-0.31106171011924744
7264999936.0,-0.3099452555179596
7265937408.0,-0.3096843957901001
7266874880.0,-0.31197866797447205
7267812352.0,-0.3153587877750397
7268749824.0,-0.3233805298805237
7269687296.0,-0.3317839205265045
7270624768.0,-0.34191954135894775
7271562752.0,-0.355286180973053
7272500224.0,-0.36877870559692383
7273437696.0,-0.38405048847198486
7274375168.0,-0.4012381434440613
7275312640.0,-0.41750410199165344
7276250112.0,-0.43458065390586853
7277187584.0,-0.4514603614807129
7278125056.0,-0.46791160106658936
7279062528.0,-0.4837406873703003
7280000000.0,-0.49762970209121704
7280937472.0,-0.5119991898536682
7281874944.0,-0.5231605172157288
7282812416.0,-0.5336790680885315
7283749888.0,-0.5405640006065369
7284687360.0,-0.5455158352851868
7285624832.0,-0.5483537912368774
7286562304.0,-0.5484674572944641
7287499776.0,-0.5488366484642029
7288437248.0,-0.5479870438575745
7289375232.0,-0.5443033576011658
7290312704.0,-0.5386468768119812
7291250176.0,-0.5311803817749023
7292187648.0,-0.5206807255744934
7293125120.0,-0.5090271830558777
7294062592.0,-0.49469420313835144
7295000064.0,-0.48093175888061523
7295937536.0,-0.464530348777771
7296875008.0,-0.44744643568992615
7297812480.0,-0.42932265996932983
7298749952.0,-0.4106590747833252
7299687424.0,-0.39115282893180847
7300624896.0,-0.37363821268081665
7301562368.0,-0.3542327284812927
7302499840.0,-0.33724698424339294
7303437312.0,-0.3200196325778961
7304374784.0,-0.3054105043411255
7305312256.0,-0.29085516929626465
7306250240.0,-0.27741724252700806
7307187712.0,-0.26599857211112976
7308125184.0,-0.25506463646888733
7309062656.0,-0.24629579484462738
7310000128.0,-0.2373168170452118
7310937600.0,-0.23099125921726227
7311875072.0,-0.22484496235847473
7312812544.0,-0.2226334661245346
7313750016.0,-0.22085143625736237
7314687488.0,-0.21910026669502258
7315624960.0,-0.21855896711349487
7316562432.0,-0.21791604161262512
7317499904.0,-0.21685588359832764
7318437376.0,-0.215691938996315
7319374848.0,-0.21273067593574524
7320312320.0,-0.20980897545814514
7321249792.0,-0.20370984077453613
7322187264.0,-0.19772714376449585
7323125248.0,-0.1882493793964386
7324062720.0,-0.3308663070201874
7325000192.0,-0.309704452753067
7325937664.0,-0.28459101915359497
7326875136.0,-0.25926661491394043
7327812608.0,-0.23229634761810303
7328750080.0,-0.20479534566402435
7329687552.0,-0.1772618144750595
7330625024.0,-0.1513282209634781
7331562496.0,-0.1257680207490921
7332499968.0,-0.10323510318994522
7333437440.0,-0.08336260914802551
7334374912.0,-0.06705069541931152
7335312384.0,-0.05428149551153183
7336249856.0,-0.04701633006334305
7337187328.0,-0.044797834008932114
7338124800.0,-0.0446823313832283
7339062272.0,-0.048018813133239746
7340000256.0,-0.05621838942170143
7340937728.0,-0.068101666867733
7341875200.0,-0.08346258848905563
7342812672.0,-0.10298759490251541
7343750144.0,-0.12704484164714813
7344687616.0,-0.15090949833393097
7345625088.0,-0.17717918753623962
7346562560.0,-0.2015109360218048
7347500032.0,-0.2275550365447998
7348437504.0,-0.25199875235557556
7349374976.0,-0.2731781005859375
7350312448.0,-0.29159706830978394
7351249920.0,-0.30675891041755676
7352187392.0,-0.31709861755371094
7353124864.0,-0.32395270466804504
7354062336.0,-0.3259086608886719
7354999808.0,-0.32218578457832336
7355937280.0,-0.3145809769630432
7356874752.0,-0.3009416460990906
7357812736.0,-0.2842344641685486
7358750208.0,-0.2631106674671173
7359687680.0,-0.23758302628993988
7360625152.0,-0.21006549894809723
7361562624.0,-0.17920655012130737
7362500096.0,-0.14865943789482117
7363437568.0,-0.11607833951711655
7364375040.0,-0.08043740689754486
7365312512.0,-0.04771842435002327
7366249984.0,-0.01671345718204975
7367187456.0,0.012419136241078377
7368124928.0,0.03643792122602463
7369062400.0,0.05738023295998573
7369999872.0,0.0725589171051979
7370937344.0,0.08509304374456406
7371874816.0,0.09371355175971985
7372812288.0,0.09976793080568314
7373749760.0,0.1036669909954071
7374687744.0,0.10481754690408707
7375625216.0,0.10521598905324936
7376562688.0,0.10481136292219162
7377500160.0,0.10338668525218964
7378437632.0,0.10111586004495621
7379375104.0,0.09734387695789337
7380312576.0,0.09135057777166367
7381250048.0,0.08568599075078964
7382187520.0,0.07848431915044785
7383124992.0,0.06893203407526016
7384062464.0,-0.23407268524169922
7384999936.0,-0.250990092754364
7385937408.0,-0.2689337134361267
7386874880.0,-0.2859653830528259
7387812352.0,-0.3012077808380127
7388749824.0,-0.3168909251689911
7389687296.0,-0.3297557234764099
7390624768.0,-0.34098637104034424
7391562752.0,-0.3485470712184906
7392500224.0,-0.35360339283943176
7393437696.0,-0.35567593574523926
7394375168.0,-0.35442060232162476
7395312640.0,-0.34888923168182373
7396250112.0,-0.33920326828956604
7397187584.0,-0.3280833065509796
7398125056.0,-0.31137794256210327
7399062528.0,-0.2932169437408447
7400000000.0,-0.27116841077804565
7400937472.0,-0.2452298253774643
7401874944.0,-0.21773482859134674
7402812416.0,-0.18735834956169128
7403749888.0,-0.15527400374412537
7404687360.0,-0.12016914784908295
7405624832.0,-0.08431002497673035
7406562304.0,-0.04800530895590782
7407499776.0,-0.009985164739191532
7408437248.0,0.026473132893443108
7409375232.0,0.06216957047581673
7410312704.0,0.09822922199964523
7411250176.0,0.13227254152297974
7412187648.0,0.1643352210521698
7413125120.0,0.19400863349437714
7414062592.0,0.2214980274438858
7415000064.0,0.2470868080854416
7415937536.0,0.2688814401626587
7416875008.0,0.28727802634239197
7417812480.0,0.3020232319831848
7418749952.0,0.3134743869304657
7419687424.0,0.32117903232574463
7420624896.0,0.32589635252952576
7421562368.0,0.32673323154449463
7422499840.0,0.32460662722587585
7423437312.0,0.3167304992675781
7424374784.0,0.30596619844436646
7425312256.0,0.29242759943008423
7426250240.0,0.2763235867023468
7427187712.0,0.2570202052593231
7428125184.0,0.23424653708934784
7429062656.0,0.2093045562505722
7430000128.0,0.1823612004518509
7430937600.0,0.15519216656684875
7431875072.0,0.12438428401947021
7432812544.0,0.09450658410787582
7433750016.0,0.06223158538341522
7434687488.0,0.031081976369023323
7435624960.0,-0.0011896338546648622
7436562432.0,-0.03262597322463989
7437499904.0,-0.06424117833375931
7438437376.0,-0.09344246983528137
7439374848.0,-0.12384096533060074
7440312320.0,-0.15240684151649475
7441249792.0,-0.1804780513048172
7442187264.0,-0.20729504525661469
7443125248.0,-0.2316066175699234
7444062720.0,0.02385614439845085
7445000192.0,0.009689344093203545
7445937664.0,-0.007576565723866224
7446875136.0,-0.025065913796424866
7447812608.0,-0.04360644146800041
7448750080.0,-0.060292817652225494
7449687552.0,-0.07612974941730499
7450625024.0,-0.09135489165782928
7451562496.0,-0.10580281168222427
7452499968.0,-0.11723139882087708
7453437440.0,-0.12821878492832184
7454374912.0,-0.13483761250972748
7455312384.0,-0.1405555158853531
7456249856.0,-0.14450889825820923
7457187328.0,-0.146235391497612
7458124800.0,-0.14536431431770325
7459062272.0,-0.14381510019302368
7459999744.0,-0.1379724144935608
7460937728.0,-0.13072936236858368
7461875200.0,-0.12406739592552185
7462812672.0,-0.11444972455501556
7463750144.0,-0.10417188704013824
7464687616.0,-0.0935933068394661
7465625088.0,-0.08395586162805557
7466562560.0,-0.07552573829889297
7467500032.0,-0.06787802278995514
7468437504.0,-0.059342242777347565
7469374976.0,-0.05252443626523018
7470312448.0,-0.0453534834086895
7471249920.0,-0.04110925272107124
7472187392.0,-0.03678103908896446
7473124864.0,-0.03360850363969803
7474062336.0,-0.033117588609457016
7474999808.0,-0.033635467290878296
7475937280.0,-0.03609929978847504
7476874752.0,-0.039012935012578964
7477812736.0,-0.043724462389945984
7478750208.0,-0.050446029752492905
7479687680.0,-0.05807677283883095
7480625152.0,-0.06646376848220825
7481562624.0,-0.07667865604162216
7482500096.0,-0.08734631538391113
7483437568.0,-0.09773089736700058
7484375040.0,-0.10890116542577744
7485312512.0,-0.12051741033792496
7486249984.0,-0.1306747943162918
7487187456.0,-0.14149868488311768
7488124928.0,-0.15289223194122314
7489062400.0,-0.16206976771354675
7489999872.0,-0.1703854650259018
7490937344.0,-0.17789559066295624
7491874816.0,-0.18116550147533417
7492812288.0,-0.1844012439250946
7493749760.0,-0.18471793830394745
7494687744.0,-0.18324671685695648
7495625216.0,-0.1810184121131897
7496562688.0,-0.17631499469280243
7497500160.0,-0.16981810331344604
7498437632.0,-0.1631900519132614
7499375104.0,-0.15338347852230072
7500312576.0,-0.1428060382604599
7501250048.0,-0.13206736743450165
7502187520.0,-0.12125803530216217
7503124992.0,-0.11151357740163803
7504062464.0,-0.08392227441072464
7504999936.0,-0.05959945544600487
7505937408.0,-0.037193987518548965
7506874880.0,-0.0186796672642231
7507812352.0,-0.0035275716800242662
7508749824.0,0.0071264165453612804
7509687296.0,0.014038242399692535
7510624768.0,0.016919342800974846
7511562752.0,0.01700647547841072
7512500224.0,0.013038411736488342
7513437696.0,0.006000251974910498
7514375168.0,-0.005458485335111618
7515312640.0,-0.018879907205700874
7516250112.0,-0.034508734941482544
7517187584.0,-0.04743088781833649
7518125056.0,-0.06321924179792404
7519062528.0,-0.07929082959890366
7520000000.0,-0.09363909065723419
7520937472.0,-0.10875872522592545
7521874944.0,-0.12141025811433792
7522812416.0,-0.13413181900978088
7523749888.0,-0.144121453166008
7524687360.0,-0.15150710940361023
7525624832.0,-0.15675044059753418
7526562304.0,-0.15809383988380432
7527499776.0,-0.15645290911197662
7528437248.0,-0.15292640030384064
7529375232.0,-0.14682318270206451
7530312704.0,-0.13796642422676086
7531250176.0,-0.12762166559696198
7532187648.0,-0.11464140564203262
7533125120.0,-0.10108023881912231
7534062592.0,-0.0870969370007515
7535000064.0,-0.07301998138427734
7535937536.0,-0.05885903537273407
7536875008.0,-0.046400751918554306
7537812480.0,-0.036134056746959686
7538749952.0,-0.026942651718854904
7539687424.0,-0.021797023713588715
7540624896.0,-0.019348420202732086
7541562368.0,-0.02172395959496498
7542499840.0,-0.024985764175653458
7543437312.0,-0.03454827517271042
7544374784.0,-0.04853383079171181
7545312256.0,-0.0646982192993164
7546250240.0,-0.08566971868276596
7547187712.0,-0.10849477350711823
7548125184.0,-0.13483428955078125
7549062656.0,-0.16447526216506958
7550000128.0,-0.19437551498413086
7550937600.0,-0.22614535689353943
7551875072.0,-0.25696781277656555
7552812544.0,-0.28479933738708496
7553750016.0,-0.3113228678703308
7554687488.0,-0.3335750102996826
7555624960.0,-0.35318881273269653
7556562432.0,-0.37092769145965576
7557499904.0,-0.3870847523212433
7558437376.0,-0.40107181668281555
7559374848.0,-0.41424769163131714
7560312320.0,-0.42633017897605896
7561249792.0,-0.4384826421737671
7562187264.0,-0.4512239992618561
7563125248.0,-0.46151837706565857
7564062720.0,-0.4483211040496826
7565000192.0,-0.4332546293735504
7565937664.0,-0.4154278039932251
7566875136.0,-0.3969251811504364
7567812608.0,-0.374109148979187
7568750080.0,-0.34926852583885193
7569687552.0,-0.3234323561191559
7570625024.0,-0.2957122027873993
7571562496.0,-0.2689247131347656
7572499968.0,-0.24162445962429047
7573437440.0,-0.21313713490962982
7574374912.0,-0.18439126014709473
7575312384.0,-0.1557447761297226
7576249856.0,-0.1286841779947281
7577187328.0,-0.1030786857008934
7578124800.0,-0.07747045159339905
7579062272.0,-0.054352857172489166
7580000256.0,-0.03241704776883125
7580937728.0,-0.012247192673385143
7581875200.0,0.006094065494835377
7582812672.0,0.02174500748515129
7583750144.0,0.03559880331158638
7584687616.0,0.04688212648034096
7585625088.0,0.05613056570291519
7586562560.0,0.063574880361557
7587500032.0,0.06722301244735718
7588437504.0,0.06882171332836151
7589374976.0,0.06801264733076096
7590312448.0,0.06560146808624268
7591249920.0,0.060357894748449326
7592187392.0,0.05265505611896515
7593124864.0,0.044014085084199905
7594062336.0,0.03565780818462372
7594999808.0,0.024068178609013557
7595937280.0,0.011144816875457764
7596874752.0,-0.004972648806869984
7597812736.0,-0.02038157917559147
7598750208.0,-0.03736279159784317
7599687680.0,-0.054075345396995544
7600625152.0,-0.07181692123413086
7601562624.0,-0.09003136307001114
7602500096.0,-0.10848652571439743
7603437568.0,-0.12708458304405212
7604375040.0,-0.1438882201910019
7605312512.0,-0.16232842206954956
7606249984.0,-0.17800255119800568
7607187456.0,-0.19353625178337097
7608124928.0,-0.20767775177955627
7609062400.0,-0.22018784284591675
7609999872.0,-0.23278498649597168
7610937344.0,-0.2420802265405655
7611874816.0,-0.25173771381378174
7612812288.0,-0.25944316387176514
7613749760.0,-0.2670176029205322
7614687744.0,-0.27251046895980835
7615625216.0,-0.2752448618412018
7616562688.0,-0.2797629237174988
7617500160.0,-0.28148001432418823
7618437632.0,-0.2844512462615967
7619375104.0,-0.2892267405986786
7620312576.0,-0.2929692566394806
7621250048.0,-0.29695895314216614
7622187520.0,-0.29961058497428894
7623124992.0,-0.30166178941726685
7624062464.0,-0.2980264127254486
7624999936.0,-0.3028378188610077
7625937408.0,-0.3069930970668793
7626874880.0,-0.3070300817489624
7627812352.0,-0.30694931745529175
7628749824.0,-0.3043796420097351
7629687296.0,-0.29903149604797363
7630624768.0,-0.29320675134658813
7631562752.0,-0.28548911213874817
7632500224.0,-0.2763674259185791
7633437696.0,-0.26609545946121216
7634375168.0,-0.25506556034088135
7635312640.0,-0.24315135180950165
7636250112.0,-0.2311408668756485
7637187584.0,-0.21725410223007202
7638125056.0,-0.20487269759178162
7639062528.0,-0.19249869883060455
7640000000.0,-0.17969350516796112
7640937472.0,-0.1679697036743164
7641874944.0,-0.15674783289432526
7642812416.0,-0.1482466161251068
7643749888.0,-0.13916823267936707
7644687360.0,-0.1339493840932846
7645624832.0,-0.1301187425851822
7646562304.0,-0.12758369743824005
7647499776.0,-0.1249772310256958
7648437248.0,-0.12478857487440109
7649375232.0,-0.12387693673372269
7650312704.0,-0.12616536021232605
7651250176.0,-0.12910763919353485
7652187648.0,-0.13346566259860992
7653125120.0,-0.13800294697284698
7654062592.0,-0.14361706376075745
7655000064.0,-0.1506466567516327
7655937536.0,-0.15654492378234863
7656875008.0,-0.16508068144321442
7657812480.0,-0.17350170016288757
7658749952.0,-0.1817055493593216
7659687424.0,-0.18927393853664398
7660624896.0,-0.1976555734872818
7661562368.0,-0.2059307098388672
7662499840.0,-0.2136063575744629
7663437312.0,-0.2209709882736206
7664374784.0,-0.22811700403690338
7665312256.0,-0.23345500230789185
7666250240.0,-0.23898093402385712
7667187712.0,-0.24311508238315582
7668125184.0,-0.24755997955799103
7669062656.0,-0.25009775161743164
7670000128.0,-0.24944353103637695
7670937600.0,-0.24844151735305786
7671875072.0,-0.24641521275043488
7672812544.0,-0.24317346513271332
7673750016.0,-0.23785078525543213
7674687488.0,-0.2324058562517166
7675624960.0,-0.2244473099708557
7676562432.0,-0.2184823602437973
7677499904.0,-0.20893186330795288
7678437376.0,-0.20064227283000946
7679374848.0,-0.1917385756969452
7680312320.0,-0.18364356458187103
7681249792.0,-0.1736973226070404
7682187264.0,-0.16514872014522552
7683125248.0,-0.15453176200389862
7684062720.0,0.08298306912183762
7685000192.0,0.0961323007941246
7685937664.0,0.10612016916275024
7686875136.0,0.11370391398668289
7687812608.0,0.11986906826496124
7688750080.0,0.12199252843856812
7689687552.0,0.12247501313686371
7690625024.0,0.12066961824893951
7691562496.0,0.11409838497638702
7692499968.0,0.10656852275133133
7693437440.0,0.09555286169052124
7694374912.0,0.08091425150632858
7695312384.0,0.06587064266204834
7696249856.0,0.04825390875339508
7697187328.0,0.029254913330078125
7698124800.0,0.007879073731601238
7699062272.0,-0.015025910921394825
7699999744.0,-0.03870394825935364
7700937728.0,-0.06299218535423279
7701875200.0,-0.08757947385311127
7702812672.0,-0.11271978914737701
7703750144.0,-0.13655559718608856
7704687616.0,-0.15953291952610016
7705625088.0,-0.18181073665618896
7706562560.0,-0.202818363904953
7707500032.0,-0.22312261164188385
7708437504.0,-0.24037712812423706
7709374976.0,-0.2561112344264984
7710312448.0,-0.27121099829673767
7711249920.0,-0.28163930773735046
7712187392.0,-0.2931095361709595
7713124864.0,-0.302435040473938
7714062336.0,-0.3091598451137543
7714999808.0,-0.3144330680370331
7715937280.0,-0.3172565698623657
7716874752.0,-0.32003605365753174
7717812736.0,-0.320068895816803
7718750208.0,-0.31858858466148376
7719687680.0,-0.31679767370224
7720625152.0,-0.31206214427948
7721562624.0,-0.3064630925655365
7722500096.0,-0.29960736632347107
7723437568.0,-0.2934810519218445
7724375040.0,-0.28578823804855347
7725312512.0,-0.27691614627838135
7726249984.0,-0.26882925629615784
7727187456.0,-0.2606513798236847
7728124928.0,-0.252906858921051
7729062400.0,-0.24513620138168335
7729999872.0,-0.23756824433803558
7730937344.0,-0.23091007769107819
7731874816.0,-0.22415360808372498
7732812288.0,-0.2182510644197464
7733749760.0,-0.21332085132598877
7734687744.0,-0.20801931619644165
7735625216.0,-0.20395836234092712
7736562688.0,-0.20209680497646332
7737500160.0,-0.1995919644832611
7738437632.0,-0.20013242959976196
7739375104.0,-0.20034094154834747
7740312576.0,-0.2003117948770523
7741250048.0,-0.20283448696136475
7742187520.0,-0.20724067091941833
7743124992.0,-0.21092137694358826
7744062464.0,-0.17339396476745605
7744999936.0,-0.13754622638225555
7745937408.0,-0.09747118502855301
7746874880.0,-0.05762210115790367
7747812352.0,-0.017695067450404167
7748749824.0,0.019802657887339592
7749687296.0,0.05549667030572891
7750624768.0,0.08849429339170456
7751562752.0,0.11952902376651764
7752500224.0,0.14678028225898743
7753437696.0,0.17081475257873535
7754375168.0,0.19129678606987
7755312640.0,0.20816202461719513
7756250112.0,0.2215171754360199
7757187584.0,0.231998011469841
7758125056.0,0.23793365061283112
7759062528.0,0.24000099301338196
7760000000.0,0.23979604244232178
7760937472.0,0.23604492843151093
7761874944.0,0.22993074357509613
7762812416.0,0.22085125744342804
7763749888.0,0.21004007756710052
7764687360.0,0.1959235668182373
7765624832.0,0.18091396987438202
7766562304.0,0.16304796934127808
7767499776.0,0.14417985081672668
7768437248.0,0.12477527558803558
7769375232.0,0.10487304627895355
7770312704.0,0.08420124650001526
7771250176.0,0.06338608264923096
7772187648.0,0.042692944407463074
7773125120.0,0.02225165255367756
7774062592.0,0.00121683266479522
7775000064.0,-0.0190229844301939
7775937536.0,-0.03876850754022598
7776875008.0,-0.05865796282887459
7777812480.0,-0.07707235962152481
7778749952.0,-0.09502798318862915
7779687424.0,-0.1116853803396225
7780624896.0,-0.12861162424087524
7781562368.0,-0.14380621910095215
7782499840.0,-0.15711821615695953
7783437312.0,-0.17125533521175385
7784374784.0,-0.18389371037483215
7785312256.0,-0.19506818056106567
7786250240.0,-0.20470575988292694
7787187712.0,-0.2138214260339737
7788125184.0,-0.22296714782714844
7789062656.0,-0.2297607809305191
7790000128.0,-0.23686662316322327
7790937600.0,-0.24394004046916962
7791875072.0,-0.24974070489406586
7792812544.0,-0.25420287251472473
7793750016.0,-0.26025232672691345
7794687488.0,-0.26466572284698486
7795624960.0,-0.2678403854370117
7796562432.0,-0.2726190686225891
7797499904.0,-0.2797299027442932
7798437376.0,-0.28358447551727295
7799374848.0,-0.2890549600124359
7800312320.0,-0.291821151971817
7801249792.0,-0.29197362065315247
7802187264.0,-0.2922531068325043
7803125248.0,-0.28987324237823486
7804062720.0,-0.2707993686199188
7805000192.0,-0.2618742883205414
7805937664.0,-0.2508719563484192
7806875136.0,-0.24042698740959167
7807812608.0,-0.22645063698291779
7808750080.0,-0.21381305158138275
7809687552.0,-0.19965007901191711
7810625024.0,-0.18478812277317047
7811562496.0,-0.1694050282239914
7812499968.0,-0.15364113450050354
7813437440.0,-0.13817942142486572
7814374912.0,-0.1214437186717987
7815312384.0,-0.10475824773311615
7816249856.0,-0.08791141957044601
7817187328.0,-0.07205499708652496
7818124800.0,-0.05407531186938286
7819062272.0,-0.03804294764995575
7820000256.0,-0.02240649051964283
7820937728.0,-0.00666268402710557
7821875200.0,0.007361586205661297
7822812672.0,0.017828909680247307
7823750144.0,0.027861429378390312
7824687616.0,0.03541120886802673
7825625088.0,0.0446721613407135
7826562560.0,0.05299071967601776
7827500032.0,0.06059912219643593
7828437504.0,0.06722395122051239
7829374976.0,0.07297243922948837
7830312448.0,0.0785447508096695
7831249920.0,0.082199327647686
7832187392.0,0.08599153161048889
7833124864.0,0.08937230706214905
7834062336.0,0.09131398797035217
7834999808.0,0.0939006432890892
7835937280.0,0.09617442637681961
7836874752.0,0.0961550772190094
7837812736.0,0.09626336395740509
7838750208.0,0.09664026647806168
7839687680.0,0.09808509796857834
7840625152.0,0.09763794392347336
7841562624.0,0.09771431237459183
7842500096.0,0.09694712609052658
7843437568.0,0.09596042335033417
7844375040.0,0.09517714381217957
7845312512.0,0.09462201595306396
7846249984.0,0.0928451418876648
7847187456.0,0.09028200805187225
7848124928.0,0.08618469536304474
7849062400.0,0.08210701495409012
7849999872.0,0.07647202163934708
7850937344.0,0.07031144946813583
7851874816.0,0.06463345140218735
7852812288.0,0.05900004878640175
7853749760.0,0.052008841186761856
7854687744.0,0.04421935975551605
7855625216.0,0.036005087196826935
7856562688.0,0.02857295610010624
7857500160.0,0.018958555534482002
7858437632.0,0.008952420204877853
7859375104.0,-0.0011695728171616793
7860312576.0,-0.01210529264062643
7861250048.0,-0.023550599813461304
7862187520.0,-0.036028020083904266
7863124992.0,-0.046867504715919495
7864062464.0,0.053781792521476746
7864999936.0,0.04362332075834274
7865937408.0,0.035095613449811935
7866874880.0,0.025848427787423134
7867812352.0,0.01809784397482872
7868749824.0,0.012599825859069824
7869687296.0,0.006647286470979452
7870624768.0,0.0009526966605335474
7871562752.0,-0.002713752444833517
7872500224.0,-0.006451273337006569
7873437696.0,-0.013208000920712948
7874375168.0,-0.019955147057771683
7875312640.0,-0.026748528704047203
7876250112.0,-0.032532960176467896
7877187584.0,-0.039754439145326614
7878125056.0,-0.047504112124443054
7879062528.0,-0.056496165692806244
7880000000.0,-0.06567373126745224
7880937472.0,-0.07631470263004303
7881874944.0,-0.08835147321224213
7882812416.0,-0.10355786979198456
7883749888.0,-0.11839908361434937
7884687360.0,-0.13435153663158417
7885624832.0,-0.15344570577144623
7886562304.0,-0.17227943241596222
7887499776.0,-0.19391945004463196
7888437248.0,-0.2164698839187622
7889375232.0,-0.24016240239143372
7890312704.0,-0.26457679271698
7891250176.0,-0.2882675230503082
7892187648.0,-0.3130122721195221
7893125120.0,-0.3372592628002167
7894062592.0,-0.36265233159065247
7895000064.0,-0.38698843121528625
7895937536.0,-0.4091079533100128
7896875008.0,-0.43018844723701477
7897812480.0,-0.44925573468208313
7898749952.0,-0.465275377035141
7899687424.0,-0.47910168766975403
7900624896.0,-0.4903137683868408
7901562368.0,-0.4989980161190033
7902499840.0,-0.5050983428955078
7903437312.0,-0.507813572883606
7904374784.0,-0.5092557072639465
7905312256.0,-0.5065634846687317
7906250240.0,-0.4999423027038574
7907187712.0,-0.49305298924446106
7908125184.0,-0.4816138446331024
7909062656.0,-0.467305988073349
7910000128.0,-0.4493965208530426
7910937600.0,-0.42936304211616516
7911875072.0,-0.4081784188747406
7912812544.0,-0.38337966799736023
7913750016.0,-0.35747388005256653
7914687488.0,-0.33040851354599
7915624960.0,-0.30070358514785767
7916562432.0,-0.27133846282958984
7917499904.0,-0.24001997709274292
7918437376.0,-0.21064263582229614
7919374848.0,-0.17859089374542236
7920312320.0,-0.14779596030712128
7921249792.0,-0.11637385934591293
7922187264.0,-0.08741889894008636
7923125248.0,-0.058470744639635086
7924062720.0,0.08147142082452774
7925000192.0,0.10362514853477478
7925937664.0,0.12200359255075455
7926875136.0,0.13792000710964203
7927812608.0,0.15286917984485626
7928750080.0,0.1647227704524994
7929687552.0,0.17372611165046692
7930625024.0,0.18039119243621826
7931562496.0,0.18384721875190735
7932499968.0,0.18510493636131287
7933437440.0,0.184492826461792
7934374912.0,0.18160928785800934
7935312384.0,0.17671586573123932
7936249856.0,0.16941596567630768
7937187328.0,0.16103419661521912
7938124800.0,0.15041793882846832
7939062272.0,0.1375056356191635
7939999744.0,0.12353210151195526
7940937728.0,0.10718071460723877
7941875200.0,0.09077155590057373
7942812672.0,0.07265181094408035
7943750144.0,0.053299736231565475
7944687616.0,0.03354164958000183
7945625088.0,0.012784910388290882
7946562560.0,-0.010225114412605762
7947500032.0,-0.03241654112935066
7948437504.0,-0.056473493576049805
7949374976.0,-0.07850431650876999
7950312448.0,-0.10060283541679382
7951249920.0,-0.12116740643978119
7952187392.0,-0.14401401579380035
7953124864.0,-0.16535775363445282
7954062336.0,-0.18693818151950836
7954999808.0,-0.20846498012542725
7955937280.0,-0.23088304698467255
7956874752.0,-0.2527740001678467
7957812736.0,-0.2747590243816376
7958750208.0,-0.29567402601242065
7959687680.0,-0.31684598326683044
7960625152.0,-0.3383197486400604
7961562624.0,-0.3582668602466583
7962500096.0,-0.37699922919273376
7963437568.0,-0.3962951600551605
7964375040.0,-0.4136531949043274
7965312512.0,-0.43043866753578186
7966249984.0,-0.44482308626174927
7967187456.0,-0.4584125280380249
7968124928.0,-0.4716954231262207
7969062400.0,-0.48245465755462646
7969999872.0,-0.4911928176879883
7970937344.0,-0.500551164150238
7971874816.0,-0.5056096315383911
7972812288.0,-0.5104587078094482
7973749760.0,-0.5112345814704895
7974687744.0,-0.512387752532959
7975625216.0,-0.511589765548706
7976562688.0,-0.5079466700553894
7977500160.0,-0.5007675290107727
7978437632.0,-0.49208879470825195
7979375104.0,-0.48124077916145325
7980312576.0,-0.46866530179977417
7981250048.0,-0.45359593629837036
7982187520.0,-0.43559104204177856
7983124992.0,-0.4167530834674835
7984062464.0,-0.39323705434799194
7984999936.0,-0.3795093894004822
7985937408.0,-0.3624463677406311
7986874880.0,-0.344897985458374
7987812352.0,-0.3279668688774109
7988749824.0,-0.3082917332649231
7989687296.0,-0.28826701641082764
7990624768.0,-0.26841095089912415
7991562752.0,-0.2482123225927353
7992500224.0,-0.22635814547538757
7993437696.0,-0.20645983517169952
7994375168.0,-0.18589362502098083
7995312640.0,-0.16569742560386658
7996250112.0,-0.14523665606975555
7997187584.0,-0.12539125978946686
7998125056.0,-0.10709696263074875
7999062528.0,-0.08920768648386002
8000000000.0,-0.07088202983140945
