Frequency (Hz),Measurement
2000000000.0,0.13610081374645233
2000937472.0,0.1305760145187378
2001874944.0,0.12681448459625244
2002812544.0,0.1221427470445633
2003750016.0,0.11880737543106079
2004687488.0,0.11288629472255707
2005624960.0,0.10897208750247955
2006562560.0,0.10434778034687042
2007500032.0,0.09950356930494308
2008437504.0,0.09375686943531036
2009374976.0,0.088949054479599
2010312448.0,0.08295899629592896
2011250048.0,0.07780633866786957
2012187520.0,0.07179833948612213
2013124992.0,0.0663534477353096
2014062464.0,0.06027566269040108
2015000064.0,0.053951237350702286
2015937536.0,0.048909079283475876
2016875008.0,0.0430167093873024
2017812480.0,0.037807539105415344
2018749952.0,0.03262265399098396
2019687552.0,0.027362024411559105
2020625024.0,0.023603705689311028
2021562496.0,0.01951897144317627
2022499968.0,0.01587243750691414
2023437440.0,0.013043610379099846
2024375040.0,0.00999374594539404
2025312512.0,0.008760171942412853
2026249984.0,0.00767910573631525
2027187456.0,0.007875818759202957
2028125056.0,0.00839413795620203
2029062528.0,0.00983822625130415
2030000000.0,0.011509645730257034
2030937472.0,0.014626688323915005
2031874944.0,0.018613984808325768
2032812544.0,0.023656513541936874
2033750016.0,0.02872113324701786
2034687488.0,0.034407999366521835
2035624960.0,0.04103356972336769
2036562560.0,0.04763500392436981
2037500032.0,0.055316172540187836
2038437504.0,0.06323258578777313
2039374976.0,0.07057850062847137
2040312448.0,0.07944073528051376
2041250048.0,0.08756987750530243
2042187520.0,0.09571761637926102
2043124992.0,0.10323093831539154
2044062464.0,0.11036057770252228
2044999936.0,0.11729195713996887
2045937536.0,0.12310805916786194
2046875008.0,0.12731602787971497
2047812480.0,0.1308547407388687
2048749952.0,0.14028549194335938
2049687552.0,0.13574562966823578
2050625024.0,0.13081039488315582
2051562496.0,0.12473609298467636
2052499968.0,0.11797156929969788
2053437440.0,0.11125700175762177
2054375040.0,0.10458634048700333
2055312512.0,0.09635033458471298
2056249984.0,0.08958498388528824
2057187456.0,0.08210717886686325
2058125056.0,0.07435612380504608
2059062528.0,0.06767860054969788
2060000000.0,0.06053465977311134
2060937472.0,0.0532706081867218
2061874944.0,0.0473911389708519
2062812544.0,0.041708655655384064
2063750016.0,0.03518059849739075
2064687488.0,0.030009528622031212
2065624960.0,0.02438429184257984
2066562560.0,0.020021354779601097
2067500032.0,0.016424482688307762
2068437504.0,0.011523670516908169
2069374976.0,0.0087181581184268
2070312448.0,0.0050503406673669815
2071250048.0,0.0011806938564404845
2072187520.0,-0.001229330082423985
2073124992.0,-0.00331310136243701
2074062464.0,-0.005477321799844503
2075000064.0,-0.007114634849131107
2075937536.0,-0.008983655832707882
2076875008.0,-0.009577191434800625
2077812480.0,-0.00963290873914957
2078749952.0,-0.00994868017733097
2079687552.0,-0.00921975914388895
2080625024.0,-0.009618435055017471
2081562496.0,-0.008495151996612549
2082499968.0,-0.0075329686515033245
2083437440.0,-0.005619267001748085
2084375040.0,-0.002965228632092476
2085312512.0,0.0006858626729808748
2086249984.0,0.0031031183898448944
2087187456.0,0.007653652224689722
2088125056.0,0.011831133626401424
2089062528.0,0.016736041754484177
2090000000.0,0.022562529891729355
2090937472.0,0.029032878577709198
2091874944.0,0.036118749529123306
2092812544.0,0.04328744485974312
2093750016.0,0.050985436886548996
2094687488.0,0.06010369956493378
2095624960.0,0.06918132305145264
2096562560.0,0.07888378947973251
2097500032.0,0.09018079191446304
2098437504.0,0.10185447335243225
2099374976.0,0.1128825843334198
2100312448.0,0.1250244379043579
2101250048.0,0.1378738284111023
2102187520.0,0.15046145021915436
2103124992.0,0.16387169063091278
2104062464.0,0.17720110714435577
2104999936.0,0.19082726538181305
2105937536.0,0.20453694462776184
2106875008.0,0.21633531153202057
2107812480.0,0.22939477860927582
2108749952.0,0.26799288392066956
2109687552.0,0.27591386437416077
2110625024.0,0.28347039222717285
2111562496.0,0.29159075021743774
2112499968.0,0.29705342650413513
2113437440.0,0.3017770051956177
2114375040.0,0.30533215403556824
2115312512.0,0.3058428168296814
2116249984.0,0.3047742247581482
2117187456.0,0.3011750876903534
2118125056.0,0.29465600848197937
2119062528.0,0.2848149240016937
2120000000.0,0.2730562686920166
2120937472.0,0.2572912275791168
2121874944.0,0.23819002509117126
2122812544.0,0.21763484179973602
2123750016.0,0.1943599134683609
2124687488.0,0.16981270909309387
2125624960.0,0.14528656005859375
2126562560.0,0.1180865466594696
2127500032.0,0.09022968262434006
2128437504.0,0.06324812024831772
2129374976.0,0.036580443382263184
2130312448.0,0.01084352470934391
2131250048.0,-0.013437091372907162
2132187520.0,-0.03594858571887016
2133124992.0,-0.05602315813302994
2134062464.0,-0.07358485460281372
2135000064.0,-0.08877360820770264
2135937536.0,-0.10079032182693481
2136875008.0,-0.11013997346162796
2137812480.0,-0.11694294959306717
2138749952.0,-0.12061157077550888
2139687552.0,-0.12167983502149582
2140625024.0,-0.120909184217453
2141562496.0,-0.11720520257949829
2142499968.0,-0.11032302677631378
2143437440.0,-0.10196952521800995
2144375040.0,-0.0908207893371582
2145312512.0,-0.07962421327829361
2146249984.0,-0.06677603721618652
2147187456.0,-0.05281803384423256
2148124928.0,-0.038266588002443314
2149062400.0,-0.023705942556262016
2150000128.0,-0.00935945101082325
2150937600.0,0.004905098117887974
2151875072.0,0.019560793414711952
2152812544.0,0.03348778188228607
2153750016.0,0.046721845865249634
2154687488.0,0.059438932687044144
2155624960.0,0.07188515365123749
2156562432.0,0.08267907798290253
2157499904.0,0.09433513879776001
2158437376.0,0.104497030377388
2159375104.0,0.11418074369430542
2160312576.0,0.12411312758922577
2161250048.0,0.13305440545082092
2162187520.0,0.14220257103443146
2163124992.0,0.15026168525218964
2164062464.0,0.15956144034862518
2164999936.0,0.16854454576969147
2165937408.0,0.1764383465051651
2166874880.0,0.18503762781620026
2167812608.0,0.1930375099182129
2168750080.0,0.2186404913663864
2169687552.0,0.22916556894779205
2170625024.0,0.240824356675148
2171562496.0,0.2526318430900574
2172499968.0,0.2630903720855713
2173437440.0,0.2734778821468353
2174374912.0,0.28254276514053345
2175312384.0,0.2905615270137787
2176250112.0,0.2970218062400818
2177187584.0,0.30260005593299866
2178125056.0,0.3055786192417145
2179062528.0,0.3082495331764221
2180000000.0,0.30789923667907715
2180937472.0,0.3059254586696625
2181874944.0,0.3016115725040436
2182812416.0,0.2954748570919037
2183749888.0,0.2871776819229126
2184687616.0,0.27677038311958313
2185625088.0,0.26422664523124695
2186562560.0,0.250475138425827
2187500032.0,0.23441575467586517
2188437504.0,0.21704861521720886
2189374976.0,0.19771644473075867
2190312448.0,0.17800265550613403
2191249920.0,0.15768210589885712
2192187392.0,0.13738280534744263
2193125120.0,0.11592885106801987
2194062592.0,0.09496211260557175
2195000064.0,0.07377678900957108
2195937536.0,0.05327741429209709
2196875008.0,0.03425941243767738
2197812480.0,0.016956351697444916
2198749952.0,-0.0007559874211438
2199687424.0,-0.015920134261250496
2200624896.0,-0.027998851612210274
2201562624.0,-0.039089955389499664
2202500096.0,-0.048965804278850555
2203437568.0,-0.05643531307578087
2204375040.0,-0.06095093861222267
2205312512.0,-0.06209225952625275
2206249984.0,-0.06296992301940918
2207187456.0,-0.05986492335796356
2208124928.0,-0.05636690557003021
2209062400.0,-0.04929598048329353
2209999872.0,-0.040789321064949036
2210937600.0,-0.0308509673923254
2211875072.0,-0.018688946962356567
2212812544.0,-0.005960350390523672
2213750016.0,0.009002233855426311
2214687488.0,0.025513138622045517
2215624960.0,0.04067334160208702
2216562432.0,0.05799520015716553
2217499904.0,0.07517655938863754
2218437376.0,0.09343138337135315
2219375104.0,0.11028339713811874
2220312576.0,0.1273200958967209
2221250048.0,0.1430802047252655
2222187520.0,0.15898272395133972
2223124992.0,0.17290474474430084
2224062464.0,0.18624944984912872
2224999936.0,0.1982506811618805
2225937408.0,0.20800365507602692
2226874880.0,0.21689839661121368
2227812608.0,0.224121555685997
2228750080.0,0.19647976756095886
2229687552.0,0.2034004032611847
2230625024.0,0.20818230509757996
2231562496.0,0.2115139663219452
2232499968.0,0.21480628848075867
2233437440.0,0.2154531329870224
2234374912.0,0.21431685984134674
2235312384.0,0.21134278178215027
2236250112.0,0.20604132115840912
2237187584.0,0.1992800384759903
2238125056.0,0.18961122632026672
2239062528.0,0.1786285787820816
2240000000.0,0.1654430329799652
2240937472.0,0.15105268359184265
2241874944.0,0.1335580050945282
2242812416.0,0.11637350171804428
2243749888.0,0.09661310166120529
2244687616.0,0.07705224305391312
2245625088.0,0.0565604642033577
2246562560.0,0.03505236655473709
2247500032.0,0.015233646146953106
2248437504.0,-0.005701499059796333
2249374976.0,-0.025135397911071777
2250312448.0,-0.04340490326285362
2251249920.0,-0.060468245297670364
2252187392.0,-0.07598847150802612
2253125120.0,-0.08876467496156693
2254062592.0,-0.09981852769851685
2255000064.0,-0.10850707441568375
2255937536.0,-0.11476316303014755
2256875008.0,-0.11866433918476105
2257812480.0,-0.12038662284612656
2258749952.0,-0.1182599738240242
2259687424.0,-0.11551666259765625
2260624896.0,-0.10988647490739822
2261562624.0,-0.10193038731813431
2262500096.0,-0.09165535122156143
2263437568.0,-0.08079902082681656
2264375040.0,-0.06862754374742508
2265312512.0,-0.05409576743841171
2266249984.0,-0.03867051750421524
2267187456.0,-0.022655906155705452
2268124928.0,-0.006586995907127857
2269062400.0,0.010661480948328972
2270000128.0,0.027691565454006195
2270937600.0,0.04539529234170914
2271875072.0,0.06231546029448509
2272812544.0,0.07952350378036499
2273750016.0,0.09664376825094223
2274687488.0,0.11218105256557465
2275624960.0,0.1268673986196518
2276562432.0,0.14087289571762085
2277499904.0,0.15493270754814148
2278437376.0,0.1679384559392929
2279375104.0,0.17895211279392242
2280312576.0,0.189269557595253
2281250048.0,0.1984577476978302
2282187520.0,0.20708003640174866
2283124992.0,0.21539892256259918
2284062464.0,0.22159424424171448
2284999936.0,0.22760950028896332
2285937408.0,0.23330040276050568
2286874880.0,0.23852284252643585
2287812608.0,0.24218367040157318
2288750080.0,0.25358808040618896
2289687552.0,0.26173537969589233
2290625024.0,0.26952508091926575
2291562496.0,0.27668866515159607
2292499968.0,0.28322499990463257
2293437440.0,0.29090267419815063
2294374912.0,0.29692161083221436
2295312384.0,0.3022249937057495
2296250112.0,0.3066115379333496
2297187584.0,0.31077393889427185
2298125056.0,0.3122017979621887
2299062528.0,0.31260791420936584
2300000000.0,0.31123241782188416
2300937472.0,0.3072781264781952
2301874944.0,0.30122002959251404
2302812416.0,0.29292234778404236
2303749888.0,0.2815908193588257
2304687616.0,0.26722168922424316
2305625088.0,0.250179260969162
2306562560.0,0.2310425192117691
2307500032.0,0.2096807211637497
2308437504.0,0.18601815402507782
2309374976.0,0.1607140302658081
2310312448.0,0.13405092060565948
2311249920.0,0.1053350567817688
2312187392.0,0.0762656107544899
2313125120.0,0.04709407314658165
2314062592.0,0.018663467839360237
2315000064.0,-0.010320370085537434
2315937536.0,-0.037991225719451904
2316875008.0,-0.06328167766332626
2317812480.0,-0.08736102283000946
2318749952.0,-0.10943108797073364
2319687424.0,-0.128366619348526
2320624896.0,-0.14566238224506378
2321562624.0,-0.16002315282821655
2322500096.0,-0.17369872331619263
2323437568.0,-0.18257567286491394
2324375040.0,-0.19083884358406067
2325312512.0,-0.19559909403324127
2326249984.0,-0.1997726410627365
2327187456.0,-0.201223224401474
2328124928.0,-0.20168572664260864
2329062400.0,-0.20054176449775696
2329999872.0,-0.19615475833415985
2330937600.0,-0.1914120465517044
2331875072.0,-0.18515446782112122
2332812544.0,-0.17759573459625244
2333750016.0,-0.1671607345342636
2334687488.0,-0.1558886468410492
2335624960.0,-0.1433115303516388
2336562432.0,-0.12882263958454132
2337499904.0,-0.11275234818458557
2338437376.0,-0.09499341994524002
2339375104.0,-0.07499655336141586
2340312576.0,-0.055278729647397995
2341250048.0,-0.032729655504226685
2342187520.0,-0.010607006028294563
2343124992.0,0.014288647100329399
2344062464.0,0.03880897909402847
2344999936.0,0.06398232281208038
2345937408.0,0.09010031074285507
2346874880.0,0.11659911274909973
2347812608.0,0.14307302236557007
2348750080.0,0.1987086683511734
2349687552.0,0.21344022452831268
2350625024.0,0.22573894262313843
2351562496.0,0.23563610017299652
2352499968.0,0.241363987326622
2353437440.0,0.2442089021205902
2354374912.0,0.24344384670257568
2355312384.0,0.239656463265419
2356250112.0,0.23115137219429016
2357187584.0,0.2197088748216629
2358125056.0,0.20440514385700226
2359062528.0,0.18729667365550995
2360000000.0,0.1672803908586502
2360937472.0,0.1447553038597107
2361874944.0,0.11957384645938873
2362812416.0,0.09276124089956284
2363749888.0,0.06496002525091171
2364687616.0,0.03482009097933769
2365625088.0,0.006560388952493668
2366562560.0,-0.023091265931725502
2367500032.0,-0.051640938967466354
2368437504.0,-0.08023601025342941
2369374976.0,-0.10772719234228134
2370312448.0,-0.13452479243278503
2371249920.0,-0.15947479009628296
2372187392.0,-0.18220078945159912
2373125120.0,-0.20355504751205444
2374062592.0,-0.22160370647907257
2375000064.0,-0.2372700721025467
2375937536.0,-0.25054118037223816
2376875008.0,-0.25958558917045593
2377812480.0,-0.2674950957298279
2378749952.0,-0.27177000045776367
2379687424.0,-0.272871196269989
2380624896.0,-0.27068018913269043
2381562624.0,-0.26744261384010315
2382500096.0,-0.26076868176460266
2383437568.0,-0.25208747386932373
2384375040.0,-0.24052003026008606
2385312512.0,-0.22827628254890442
2386249984.0,-0.21388857066631317
2387187456.0,-0.19828973710536957
2388124928.0,-0.18061842024326324
2389062400.0,-0.16370545327663422
2390000128.0,-0.14486220479011536
2390937600.0,-0.12730464339256287
2391875072.0,-0.10906998813152313
2392812544.0,-0.09160691499710083
2393750016.0,-0.07479250431060791
2394687488.0,-0.059444162994623184
2395624960.0,-0.044030189514160156
2396562432.0,-0.031501609832048416
2397499904.0,-0.01911567524075508
2398437376.0,-0.008047457784414291
2399375104.0,0.0014548302860930562
2400312576.0,0.009938981384038925
2401250048.0,0.01657848060131073
2402187520.0,0.02189403399825096
2403124992.0,0.025924477726221085
2404062464.0,0.029118098318576813
2404999936.0,0.031423065811395645
2405937408.0,0.0309730377048254
2406874880.0,0.03127235919237137
2407812608.0,0.029026871547102928
2408750080.0,0.02358890511095524
2409687552.0,0.030524790287017822
2410625024.0,0.03321397304534912
2411562496.0,0.03485044091939926
2412499968.0,0.03414472937583923
2413437440.0,0.03086320497095585
2414374912.0,0.025466548278927803
2415312384.0,0.018075548112392426
2416250112.0,0.007734217680990696
2417187584.0,-0.005120083224028349
2418125056.0,-0.020420299842953682
2419062528.0,-0.03644254058599472
2420000000.0,-0.05454038083553314
2420937472.0,-0.07416225224733353
2421874944.0,-0.09335529804229736
2422812416.0,-0.11476600170135498
2423749888.0,-0.13534995913505554
2424687616.0,-0.15719403326511383
2425625088.0,-0.1797553151845932
2426562560.0,-0.20096714794635773
2427500032.0,-0.22368842363357544
2428437504.0,-0.2462468445301056
2429374976.0,-0.2676528990268707
2430312448.0,-0.2877964973449707
2431249920.0,-0.3072786033153534
2432187392.0,-0.32572415471076965
2433125120.0,-0.34124335646629333
2434062592.0,-0.35650715231895447
2435000064.0,-0.3630344271659851
2435937536.0,-0.3864016830921173
2436875008.0,-0.3982284963130951
2437812480.0,-0.4093018174171448
2438749952.0,-0.41898760199546814
2439687424.0,-0.4263121485710144
2440624896.0,-0.432149201631546
2441562624.0,-0.4364672601222992
2442500096.0,-0.43971356749534607
2443437568.0,-0.4413546621799469
2444375040.0,-0.4413050413131714
2445312512.0,-0.44029462337493896
2446249984.0,-0.43762117624282837
2447187456.0,-0.4341176152229309
2448124928.0,-0.430042564868927
2449062400.0,-0.4246065020561218
2449999872.0,-0.418921560049057
2450937600.0,-0.41397619247436523
2451875072.0,-0.407767117023468
2452812544.0,-0.4014490842819214
2453750016.0,-0.39518049359321594
2454687488.0,-0.38861143589019775
2455624960.0,-0.38410866260528564
2456562432.0,-0.3788311779499054
2457499904.0,-0.37318170070648193
2458437376.0,-0.36802566051483154
2459375104.0,-0.364422082901001
2460312576.0,-0.36064526438713074
2461250048.0,-0.3581748306751251
2462187520.0,-0.35715290904045105
2463124992.0,-0.3569992184638977
2464062464.0,-0.3582904636859894
2464999936.0,-0.3615204989910126
2465937408.0,-0.3659873604774475
2466874880.0,-0.37385231256484985
2467812608.0,-0.382885605096817
2468750080.0,-0.47048190236091614
2469687552.0,-0.4914318025112152
2470625024.0,-0.5159515738487244
2471562496.0,-0.5431522130966187
2472499968.0,-0.5739604830741882
2473437440.0,-0.6069230437278748
2474374912.0,-0.6435986161231995
2475312384.0,-0.6825959086418152
2476250112.0,-0.7254054546356201
2477187584.0,-0.7710857391357422
2478125056.0,-0.8208953142166138
2479062528.0,-0.8729487657546997
2480000000.0,-0.9284647107124329
2480937472.0,-0.9866806268692017
2481874944.0,-1.0473825931549072
2482812416.0,-1.1128005981445312
2483749888.0,-1.1839133501052856
2484687616.0,-1.2580492496490479
2485625088.0,-1.335343837738037
2486562560.0,-1.416490912437439
2487500032.0,-1.5009294748306274
2488437504.0,-1.5894463062286377
2489374976.0,-1.6823573112487793
2490312448.0,-1.7792527675628662
2491249920.0,-1.8811506032943726
2492187392.0,-1.9871876239776611
2493125120.0,-2.097743034362793
2494062592.0,-2.213348150253296
2495000064.0,-2.3346445560455322
2495937536.0,-2.4629194736480713
2496875008.0,-2.596155881881714
2497812480.0,-2.738206624984741
2498749952.0,-2.8865551948547363
2499687424.0,-3.0423309803009033
2500624896.0,-3.2086496353149414
2501562624.0,-3.389261484146118
2502500096.0,-3.583855628967285
2503437568.0,-3.795318365097046
2504375040.0,-4.024008750915527
2505312512.0,-4.271821022033691
2506249984.0,-4.536986827850342
2507187456.0,-4.821390151977539
2508124928.0,-5.121598720550537
2509062400.0,-5.440645694732666
2510000128.0,-5.774623394012451
2510937600.0,-6.1194047927856445
2511875072.0,-6.474549770355225
2512812544.0,-6.8253889083862305
2513750016.0,-7.162200927734375
2514687488.0,-7.466339588165283
2515624960.0,-7.720578193664551
2516562432.0,-7.908754825592041
2517499904.0,-8.017799377441406
2518437376.0,-8.033127784729004
2519375104.0,-7.951979637145996
2520312576.0,-7.78297758102417
2521250048.0,-7.5384721755981445
2522187520.0,-7.2355570793151855
2523124992.0,-6.891509056091309
2524062464.0,-6.518609046936035
2524999936.0,-6.137487411499023
2525937408.0,-5.747826099395752
2526874880.0,-5.3656721115112305
2527812608.0,-4.992427349090576
2528750080.0,-4.631731033325195
2529687552.0,-4.298354148864746
2530625024.0,-3.98624324798584
2531562496.0,-3.6950840950012207
2532499968.0,-3.424555778503418
2533437440.0,-3.1743175983428955
2534374912.0,-2.9439637660980225
2535312384.0,-2.7322566509246826
2536250112.0,-2.5385279655456543
2537187584.0,-2.3615055084228516
2538125056.0,-2.199873208999634
2539062528.0,-2.0518441200256348
2540000000.0,-1.9184035062789917
2540937472.0,-1.7975419759750366
2541874944.0,-1.6863847970962524
2542812416.0,-1.5868403911590576
2543749888.0,-1.4956107139587402
2544687616.0,-1.4125479459762573
2545625088.0,-1.33896803855896
2546562560.0,-1.2721987962722778
2547500032.0,-1.2131006717681885
2548437504.0,-1.1603046655654907
2549374976.0,-1.1112865209579468
2550312448.0,-1.068560242652893
2551249920.0,-1.0291755199432373
2552187392.0,-0.9935405254364014
2553125120.0,-0.9611666798591614
2554062592.0,-0.9322713017463684
2555000064.0,-0.9059460759162903
2555937536.0,-0.8829079270362854
2556875008.0,-0.860811710357666
2557812480.0,-0.8406378030776978
2558749952.0,-0.8204491138458252
2559687424.0,-0.8015797138214111
2560624896.0,-0.7833279371261597
2561562624.0,-0.7648423314094543
2562500096.0,-0.7462649345397949
2563437568.0,-0.7276740670204163
2564375040.0,-0.7078227400779724
2565312512.0,-0.6885104775428772
2566249984.0,-0.6682530641555786
2567187456.0,-0.6469952464103699
2568124928.0,-0.6255443692207336
2569062400.0,-0.6029049754142761
2569999872.0,-0.5785947442054749
2570937600.0,-0.5536426901817322
2571875072.0,-0.5277407169342041
2572812544.0,-0.5019630193710327
2573750016.0,-0.4750247299671173
2574687488.0,-0.4475526213645935
2575624960.0,-0.4183012545108795
2576562432.0,-0.38937908411026
2577499904.0,-0.35916590690612793
2578437376.0,-0.3280922770500183
2579375104.0,-0.2982389032840729
2580312576.0,-0.26812002062797546
2581250048.0,-0.23776456713676453
2582187520.0,-0.20916055142879486
2583124992.0,-0.18018625676631927
2584062464.0,-0.1511019617319107
2584999936.0,-0.12349634617567062
2585937408.0,-0.0978255644440651
2586874880.0,-0.0732278823852539
2587812608.0,-0.05134182795882225
2588750080.0,-0.027231894433498383
2589687552.0,-0.013412254862487316
2590625024.0,-8.506813901476562e-05
2591562496.0,0.009079982526600361
2592499968.0,0.018261615186929703
2593437440.0,0.024033157154917717
2594374912.0,0.027870673686265945
2595312384.0,0.03065723180770874
2596250112.0,0.031245047226548195
2597187584.0,0.028691207990050316
2598125056.0,0.026005825027823448
2599062528.0,0.021371642127633095
2600000000.0,0.013732019811868668
2600937472.0,0.0062187365256249905
2601874944.0,-0.0030744625255465508
2602812416.0,-0.013421617448329926
2603749888.0,-0.02456100657582283
2604687616.0,-0.03683611378073692
2605625088.0,-0.050147537142038345
2606562560.0,-0.06373067945241928
2607500032.0,-0.07749593257904053
2608437504.0,-0.09117135405540466
2609374976.0,-0.10511406511068344
2610312448.0,-0.11870180070400238
2611249920.0,-0.13244952261447906
2612187392.0,-0.14555513858795166
2613125120.0,-0.1581953465938568
2614062592.0,-0.17077244818210602
2615000064.0,-0.18077142536640167
2615937536.0,-0.1910274773836136
2616875008.0,-0.2007327526807785
2617812480.0,-0.20825454592704773
2618749952.0,-0.2156115472316742
2619687424.0,-0.22147196531295776
2620624896.0,-0.22538219392299652
2621562624.0,-0.22733817994594574
2622500096.0,-0.22902165353298187
2623437568.0,-0.22792580723762512
2624375040.0,-0.22531192004680634
2625312512.0,-0.2229606807231903
2626249984.0,-0.21766233444213867
2627187456.0,-0.21042412519454956
2628124928.0,-0.20225970447063446
2629062400.0,-0.19260023534297943
2630000128.0,-0.18191762268543243
2630937600.0,-0.16908131539821625
2631875072.0,-0.1562921702861786
2632812544.0,-0.14110293984413147
2633750016.0,-0.1255052387714386
2634687488.0,-0.10859062522649765
2635624960.0,-0.09066103398799896
2636562432.0,-0.0728970617055893
2637499904.0,-0.05410716310143471
2638437376.0,-0.03558927774429321
2639375104.0,-0.016880672425031662
2640312576.0,0.0034704403951764107
2641250048.0,0.022213943302631378
2642187520.0,0.041499216109514236
2643124992.0,0.05952892825007439
2644062464.0,0.07761950045824051
2644999936.0,0.09378816932439804
2645937408.0,0.11018304526805878
2646874880.0,0.12593847513198853
2647812608.0,0.15107080340385437
2648750080.0,0.16585318744182587
2649687552.0,0.1786148101091385
2650625024.0,0.1899602860212326
2651562496.0,0.19787046313285828
2652499968.0,0.2043563276529312
2653437440.0,0.2077769786119461
2654374912.0,0.20901431143283844
2655312384.0,0.207468643784523
2656250112.0,0.20200155675411224
2657187584.0,0.19676677882671356
2658125056.0,0.1881537139415741
2659062528.0,0.1776733696460724
2660000000.0,0.1648356169462204
2660937472.0,0.150452122092247
2661874944.0,0.13431265950202942
2662812416.0,0.1167059913277626
2663749888.0,0.0975474864244461
2664687616.0,0.07853010296821594
2665625088.0,0.05763603001832962
2666562560.0,0.03735281899571419
2667500032.0,0.015783054754137993
2668437504.0,-0.005320336669683456
2669374976.0,-0.024937108159065247
2670312448.0,-0.04510707035660744
2671249920.0,-0.06457916647195816
2672187392.0,-0.08237780630588531
2673125120.0,-0.09851297736167908
2674062592.0,-0.11370980739593506
2675000064.0,-0.12762592732906342
2675937536.0,-0.14029812812805176
2676875008.0,-0.1506214588880539
2677812480.0,-0.15944208204746246
2678749952.0,-0.16490204632282257
2679687424.0,-0.16967636346817017
2680624896.0,-0.17225337028503418
2681562624.0,-0.17269039154052734
2682500096.0,-0.17102378606796265
2683437568.0,-0.16679948568344116
2684375040.0,-0.16149389743804932
2685312512.0,-0.1536322981119156
2686249984.0,-0.14405417442321777
2687187456.0,-0.13333943486213684
2688124928.0,-0.12047737836837769
2689062400.0,-0.10491672903299332
2689999872.0,-0.09110844880342484
2690937600.0,-0.07515296339988708
2691875072.0,-0.058547914028167725
2692812544.0,-0.04148460552096367
2693750016.0,-0.023415539413690567
2694687488.0,-0.005726882256567478
2695624960.0,0.013013812713325024
2696562432.0,0.03018367663025856
2697499904.0,0.04881402850151062
2698437376.0,0.06594879180192947
2699375104.0,0.08308321237564087
2700312576.0,0.09902893006801605
2701250048.0,0.11403749138116837
2702187520.0,0.1275845766067505
2703124992.0,0.14125661551952362
2704062464.0,0.15369091928005219
2704999936.0,0.16454072296619415
2705937408.0,0.17387156188488007
2706874880.0,0.1826716661453247
2707812608.0,0.20242485404014587
2708750080.0,0.20646874606609344
2709687552.0,0.2101011872291565
2710625024.0,0.2127780318260193
2711562496.0,0.21316345036029816
2712499968.0,0.21268720924854279
2713437440.0,0.2121056467294693
2714374912.0,0.20971953868865967
2715312384.0,0.20522156357765198
2716250112.0,0.2012074887752533
2717187584.0,0.19468165934085846
2718125056.0,0.1863611936569214
2719062528.0,0.17686745524406433
2720000000.0,0.16709434986114502
2720937472.0,0.15546609461307526
2721874944.0,0.14314743876457214
2722812416.0,0.1282179206609726
2723749888.0,0.11323249340057373
2724687616.0,0.09729456901550293
2725625088.0,0.07960022240877151
2726562560.0,0.06234326586127281
2727500032.0,0.04294731840491295
2728437504.0,0.024916276335716248
2729374976.0,0.004790101200342178
2730312448.0,-0.013929614797234535
2731249920.0,-0.034253112971782684
2732187392.0,-0.05335375294089317
2733125120.0,-0.0718127191066742
2734062592.0,-0.09031134098768234
2735000064.0,-0.10797517001628876
2735937536.0,-0.12323615700006485
2736875008.0,-0.13861726224422455
2737812480.0,-0.15189440548419952
2738749952.0,-0.1643785983324051
2739687424.0,-0.1747533082962036
2740624896.0,-0.18249115347862244
2741562624.0,-0.18781611323356628
2742500096.0,-0.19192376732826233
2743437568.0,-0.19399799406528473
2744375040.0,-0.1928652673959732
2745312512.0,-0.19013571739196777
2746249984.0,-0.1842435896396637
2747187456.0,-0.17758044600486755
2748124928.0,-0.16711705923080444
2749062400.0,-0.1558600515127182
2750000128.0,-0.1408444046974182
2750937600.0,-0.12519703805446625
2751875072.0,-0.10813355445861816
2752812544.0,-0.08945034444332123
2753750016.0,-0.06856321543455124
2754687488.0,-0.047699831426143646
2755624960.0,-0.02611652761697769
2756562432.0,-0.003533744951710105
2757499904.0,0.01982000097632408
2758437376.0,0.04100628197193146
2759375104.0,0.0631868839263916
2760312576.0,0.0844016820192337
2761250048.0,0.10500466078519821
2762187520.0,0.12446536123752594
2763124992.0,0.14244462549686432
2764062464.0,0.1584813892841339
2764999936.0,0.171595498919487
2765937408.0,0.18485577404499054
2766874880.0,0.1950482428073883
2767812608.0,0.23648247122764587
2768750080.0,0.24005219340324402
2769687552.0,0.2419867366552353
2770625024.0,0.24138851463794708
2771562496.0,0.24043701589107513
2772499968.0,0.23731863498687744
2773437440.0,0.2326907366514206
2774374912.0,0.226971834897995
2775312384.0,0.21930254995822906
2776250112.0,0.20994117856025696
2777187584.0,0.20021629333496094
2778125056.0,0.1898050159215927
2779062528.0,0.1779371201992035
2780000000.0,0.16512928903102875
2780937472.0,0.15121184289455414
2781874944.0,0.13700805604457855
2782812416.0,0.12284168601036072
2783749888.0,0.10784699767827988
2784687616.0,0.09242971241474152
2785625088.0,0.07734880596399307
2786562560.0,0.061348021030426025
2787500032.0,0.047105010598897934
2788437504.0,0.03161386027932167
2789374976.0,0.016759788617491722
2790312448.0,0.002495856024324894
2791249920.0,-0.011340237222611904
2792187392.0,-0.023849889636039734
2793125120.0,-0.03726581111550331
2794062592.0,-0.04921840503811836
2795000064.0,-0.05939299240708351
2795937536.0,-0.06957253068685532
2796875008.0,-0.07857880741357803
2797812480.0,-0.08587665855884552
2798749952.0,-0.09251193702220917
2799687424.0,-0.09690479934215546
2800624896.0,-0.10094449669122696
2801562624.0,-0.10292655229568481
2802500096.0,-0.10376865416765213
2803437568.0,-0.10257144272327423
2804375040.0,-0.10115602612495422
2805312512.0,-0.09599311649799347
2806249984.0,-0.09008760750293732
2807187456.0,-0.08334605395793915
2808124928.0,-0.07546672224998474
2809062400.0,-0.06494227796792984
2809999872.0,-0.053449247032403946
2810937600.0,-0.04119698330760002
2811875072.0,-0.027498608455061913
2812812544.0,-0.013477051630616188
2813750016.0,0.0013646816369146109
2814687488.0,0.017482269555330276
2815624960.0,0.03411620482802391
2816562432.0,0.05219806358218193
2817499904.0,0.06821288168430328
2818437376.0,0.08588411659002304
2819375104.0,0.1030028834939003
2820312576.0,0.11982609331607819
2821250048.0,0.13559061288833618
2822187520.0,0.15208572149276733
2823124992.0,0.16767121851444244
2824062464.0,0.18147972226142883
2824999936.0,0.19378477334976196
2825937408.0,0.20571523904800415
2826874880.0,0.2159237116575241
2827812608.0,0.22944653034210205
2828750080.0,0.2352336198091507
2829687552.0,0.23899748921394348
2830625024.0,0.2401365041732788
2831562496.0,0.2391194850206375
2832499968.0,0.23787648975849152
2833437440.0,0.23275476694107056
2834374912.0,0.2274370789527893
2835312384.0,0.21968118846416473
2836250112.0,0.21020585298538208
2837187584.0,0.19927382469177246
2838125056.0,0.1872188001871109
2839062528.0,0.174047589302063
2840000000.0,0.15951895713806152
2840937472.0,0.14381617307662964
2841874944.0,0.12792649865150452
2842812416.0,0.10986756533384323
2843749888.0,0.09304206073284149
2844687616.0,0.07559417188167572
2845625088.0,0.0578339546918869
2846562560.0,0.03981278836727142
2847500032.0,0.02211543172597885
2848437504.0,0.004479509312659502
2849374976.0,-0.01194689329713583
2850312448.0,-0.027868812903761864
2851249920.0,-0.04350310191512108
2852187392.0,-0.05707336962223053
2853125120.0,-0.06951583921909332
2854062592.0,-0.08223719149827957
2855000064.0,-0.09212030470371246
2855937536.0,-0.10063059628009796
2856875008.0,-0.10912337899208069
2857812480.0,-0.11522422730922699
2858749952.0,-0.11881700903177261
2859687424.0,-0.12093693763017654
2860624896.0,-0.1214989423751831
2861562624.0,-0.1201356053352356
2862500096.0,-0.11760473996400833
2863437568.0,-0.1133929118514061
2864375040.0,-0.10692325979471207
2865312512.0,-0.09928515553474426
2866249984.0,-0.089872807264328
2867187456.0,-0.07760454714298248
2868124928.0,-0.06679654121398926
2869062400.0,-0.05222931504249573
2870000128.0,-0.03788077086210251
2870937600.0,-0.02192726545035839
2871875072.0,-0.006678199395537376
2872812544.0,0.010585197247564793
2873750016.0,0.02731342986226082
2874687488.0,0.04443934187293053
2875624960.0,0.06215184926986694
2876562432.0,0.07994499057531357
2877499904.0,0.0977066233754158
2878437376.0,0.11388744413852692
2879375104.0,0.13025502860546112
2880312576.0,0.14582018554210663
2881250048.0,0.16125792264938354
2882187520.0,0.17550355195999146
2883124992.0,0.1889108270406723
2884062464.0,0.20011939108371735
2884999936.0,0.21134403347969055
2885937408.0,0.2203788310289383
2886874880.0,0.2287292331457138
2887812608.0,0.2120094746351242
2888750080.0,0.21608425676822662
2889687552.0,0.2189173400402069
2890625024.0,0.22130471467971802
2891562496.0,0.2216777205467224
2892499968.0,0.22227005660533905
2893437440.0,0.22079867124557495
2894374912.0,0.2177305668592453
2895312384.0,0.215130016207695
2896250112.0,0.20892645418643951
2897187584.0,0.20137664675712585
2898125056.0,0.19277019798755646
2899062528.0,0.18352974951267242
2900000000.0,0.17111940681934357
2900937472.0,0.15962575376033783
2901874944.0,0.14460083842277527
2902812416.0,0.13040336966514587
2903749888.0,0.11362188309431076
2904687616.0,0.09689042717218399
2905625088.0,0.07994218170642853
2906562560.0,0.06289920955896378
2907500032.0,0.04433297738432884
2908437504.0,0.026615936309099197
2909374976.0,0.00945206731557846
2910312448.0,-0.008249196223914623
2911249920.0,-0.023550445213913918
2912187392.0,-0.038146089762449265
2913125120.0,-0.05410800129175186
2914062592.0,-0.06599752604961395
2915000064.0,-0.07654769718647003
2915937536.0,-0.08603236079216003
2916875008.0,-0.09254594892263412
2917812480.0,-0.0981929674744606
2918749952.0,-0.10108372569084167
2919687424.0,-0.10351145267486572
2920624896.0,-0.1018776148557663
2921562624.0,-0.09865971654653549
2922500096.0,-0.09254512935876846
2923437568.0,-0.08539450913667679
2924375040.0,-0.07595105469226837
2925312512.0,-0.06496740132570267
2926249984.0,-0.052827369421720505
2927187456.0,-0.03778037056326866
2928124928.0,-0.02293202467262745
2929062400.0,-0.006342874374240637
2929999872.0,0.010436194948852062
2930937600.0,0.028314344584941864
2931875072.0,0.04584093391895294
2932812544.0,0.06381312757730484
2933750016.0,0.08127062767744064
2934687488.0,0.09854394197463989
2935624960.0,0.11474575102329254
2936562432.0,0.1299503743648529
2937499904.0,0.14499609172344208
2938437376.0,0.15811219811439514
2939375104.0,0.17071744799613953
2940312576.0,0.18157602846622467
2941250048.0,0.19104257225990295
2942187520.0,0.19911350309848785
2943124992.0,0.20626024901866913
2944062464.0,0.21113194525241852
2944999936.0,0.215785950422287
2945937408.0,0.21835006773471832
2946874880.0,0.2204485684633255
2947812608.0,0.2007196992635727
2948750080.0,0.19914354383945465
2949687552.0,0.19643238186836243
2950625024.0,0.1943882703781128
2951562496.0,0.19167569279670715
2952499968.0,0.18777824938297272
2953437440.0,0.1842276155948639
2954374912.0,0.18073998391628265
2955312384.0,0.17612145841121674
2956250112.0,0.17204926908016205
2957187584.0,0.1687340885400772
2958125056.0,0.16466642916202545
2959062528.0,0.16100235283374786
2960000000.0,0.1556987762451172
2960937472.0,0.15128664672374725
2961874944.0,0.1460409015417099
2962812416.0,0.14186044037342072
2963749888.0,0.13594847917556763
2964687616.0,0.12987256050109863
2965625088.0,0.12418240308761597
2966562560.0,0.11778730154037476
2967500032.0,0.11115062236785889
2968437504.0,0.10539528727531433
2969374976.0,0.09871082752943039
2970312448.0,0.09162549674510956
2971249920.0,0.08472539484500885
2972187392.0,0.07689224928617477
2973125120.0,0.06939943134784698
2974062592.0,0.062412768602371216
2975000064.0,0.055615149438381195
2975937536.0,0.04832998290657997
2976875008.0,0.04128681868314743
2977812480.0,0.03485052287578583
2978749952.0,0.028076622635126114
2979687424.0,0.022639190778136253
2980624896.0,0.016666408628225327
2981562624.0,0.011381221935153008
2982500096.0,0.0072251963429152966
2983437568.0,0.0039913468062877655
2984375040.0,0.0007696358952671289
2985312512.0,-0.0017273043049499393
2986249984.0,-0.0029788503888994455
2987187456.0,-0.004371308721601963
2988124928.0,-0.004674553405493498
2989062400.0,-0.004761644639074802
2990000128.0,-0.004117358475923538
2990937600.0,-0.0021154724527150393
2991875072.0,-0.0014221308520063758
2992812544.0,-0.0001245511375600472
2993750016.0,0.0028771786019206047
2994687488.0,0.0043871128000319
2995624960.0,0.007077984511852264
2996562432.0,0.009536857716739178
2997499904.0,0.012878082692623138
2998437376.0,0.01424899511039257
2999375104.0,0.016675809398293495
3000312576.0,0.021618369966745377
3001250048.0,0.02507389709353447
3002187520.0,0.02693113125860691
3003124992.0,0.029487203806638718
3004062464.0,0.0308800358325243
3004999936.0,0.03293870761990547
3005937408.0,0.0346248634159565
3006874880.0,0.035795725882053375
3007812608.0,0.12788371741771698
3008750080.0,0.12475847452878952
3009687552.0,0.12244605273008347
3010625024.0,0.1180371344089508
3011562496.0,0.11399993300437927
3012499968.0,0.10941461473703384
3013437440.0,0.10540452599525452
3014374912.0,0.09970074892044067
3015312384.0,0.09434227645397186
3016250112.0,0.08854594081640244
3017187584.0,0.08419451862573624
3018125056.0,0.0777193009853363
3019062528.0,0.07246110588312149
3020000000.0,0.06569516658782959
3020937472.0,0.06004415825009346
3021874944.0,0.054058294743299484
3022812416.0,0.049097102135419846
3023749888.0,0.04211408644914627
3024687616.0,0.03615030646324158
3025625088.0,0.02991211600601673
3026562560.0,0.023716246709227562
3027500032.0,0.0177430622279644
3028437504.0,0.012338579632341862
3029374976.0,0.006460314150899649
3030312448.0,0.0012276998022571206
3031249920.0,-0.004936769604682922
3032187392.0,-0.009168775752186775
3033125120.0,-0.014936250634491444
3034062592.0,-0.019906677305698395
3035000064.0,-0.025133712217211723
3035937536.0,-0.030285276472568512
3036875008.0,-0.03460218012332916
3037812480.0,-0.03870762512087822
3038749952.0,-0.04386894032359123
3039687424.0,-0.04761698096990585
3040624896.0,-0.05144791677594185
3041562624.0,-0.054949551820755005
3042500096.0,-0.05775420367717743
3043437568.0,-0.06023323908448219
3044375040.0,-0.062320854514837265
3045312512.0,-0.06424956023693085
3046249984.0,-0.06520391255617142
3047187456.0,-0.06565642356872559
3048124928.0,-0.0663471594452858
3049062400.0,-0.06595691293478012
3049999872.0,-0.06489801406860352
3050937600.0,-0.06336610019207001
3051875072.0,-0.06070052459836006
3052812544.0,-0.05866169556975365
3053750016.0,-0.05457198619842529
3054687488.0,-0.05034944787621498
3055624960.0,-0.04419232904911041
3056562432.0,-0.03799066320061684
3057499904.0,-0.03153523802757263
3058437376.0,-0.024033332243561745
3059375104.0,-0.015166549012064934
3060312576.0,-0.0074124024249613285
3061250048.0,0.0017054055351763964
3062187520.0,0.013138499110937119
3063124992.0,0.024221453815698624
3064062464.0,0.036206334829330444
3064999936.0,0.04800037294626236
3065937408.0,0.05959424003958702
3066874880.0,0.07237399369478226
3067812608.0,0.13898777961730957
3068750080.0,0.1438760608434677
3069687552.0,0.14791053533554077
3070625024.0,0.1513720452785492
3071562496.0,0.1519169807434082
3072499968.0,0.15193283557891846
3073437440.0,0.1504543125629425
3074374912.0,0.14740096032619476
3075312384.0,0.1424989104270935
3076250112.0,0.13651767373085022
3077187584.0,0.13012948632240295
3078125056.0,0.1232588067650795
3079062528.0,0.11366517841815948
3080000000.0,0.1038392186164856
3080937472.0,0.09375479072332382
3081874944.0,0.08439573645591736
3082812416.0,0.07300212979316711
3083749888.0,0.06138574331998825
3084687616.0,0.05021838843822479
3085625088.0,0.03903039172291756
3086562560.0,0.02813512273132801
3087500032.0,0.01943650282919407
3088437504.0,0.008760293014347553
3089374976.0,-0.0002920818224083632
3090312448.0,-0.008158157579600811
3091249920.0,-0.014695974998176098
3092187392.0,-0.02149222418665886
3093125120.0,-0.025844544172286987
3094062592.0,-0.030229732394218445
3095000064.0,-0.032498396933078766
3095937536.0,-0.0342400036752224
3096875008.0,-0.03530540317296982
3097812480.0,-0.0337766632437706
3098749952.0,-0.03167421743273735
3099687424.0,-0.02868308685719967
3100624896.0,-0.024554362520575523
3101562624.0,-0.01968664675951004
3102500096.0,-0.014177227392792702
3103437568.0,-0.008160111494362354
3104375040.0,-0.0005227456567808986
3105312512.0,0.007237242069095373
3106249984.0,0.014713622629642487
3107187456.0,0.024079404771327972
3108124928.0,0.032012734562158585
3109062400.0,0.040644459426403046
3110000128.0,0.04920818656682968
3110937600.0,0.057311225682497025
3111875072.0,0.06500063836574554
3112812544.0,0.07322262972593307
3113750016.0,0.07995276898145676
3114687488.0,0.0866299420595169
3115624960.0,0.09322769939899445
3116562432.0,0.09913108497858047
3117499904.0,0.10536260157823563
3118437376.0,0.11064270883798599
3119375104.0,0.1154436394572258
3120312576.0,0.11942656338214874
3121250048.0,0.1231105625629425
3122187520.0,0.126669779419899
3123124992.0,0.1292944699525833
3124062464.0,0.13224582374095917
3124999936.0,0.1352505385875702
3125937408.0,0.13703149557113647
3126874880.0,0.13923974335193634
3127812608.0,0.14544065296649933
3128750080.0,0.14556670188903809
3129687552.0,0.1452665776014328
3130625024.0,0.14411327242851257
3131562496.0,0.14205236732959747
3132499968.0,0.13972243666648865
3133437440.0,0.13756810128688812
3134374912.0,0.13507942855358124
3135312384.0,0.13108958303928375
3136250112.0,0.1282978653907776
3137187584.0,0.12508882582187653
3138125056.0,0.12297897785902023
3139062528.0,0.12000848352909088
3140000000.0,0.11991731077432632
3140937472.0,0.12052023410797119
3141874944.0,0.12068577110767365
3142812416.0,0.12383291125297546
3143749888.0,0.12835952639579773
3144687616.0,0.13245229423046112
3145625088.0,0.13759490847587585
3146562560.0,0.14310963451862335
3147500032.0,0.1480977088212967
3148437504.0,0.15160465240478516
3149374976.0,0.1539880335330963
3150312448.0,0.15486936271190643
3151249920.0,0.15340588986873627
3152187392.0,0.15082505345344543
3153125120.0,0.14490020275115967
3154062592.0,0.13701346516609192
3155000064.0,0.1278291940689087
3155937536.0,0.11770925670862198
3156875008.0,0.10427773743867874
3157812480.0,0.09001510590314865
3158749952.0,0.07522805035114288
3159687424.0,0.05922641605138779
3160624896.0,0.043644461780786514
3161562624.0,0.028901511803269386
3162500096.0,0.014329162426292896
3163437568.0,0.0009773402707651258
3164375040.0,-0.010167914442718029
3165312512.0,-0.021136708557605743
3166249984.0,-0.029081471264362335
3167187456.0,-0.03512369841337204
3168124928.0,-0.039591457694768906
3169062400.0,-0.04007602483034134
3169999872.0,-0.03903995454311371
3170937600.0,-0.03517955169081688
3171875072.0,-0.0297835823148489
3172812544.0,-0.02139297127723694
3173750016.0,-0.01248010154813528
3174687488.0,-0.001360014546662569
3175624960.0,0.011362174525856972
3176562432.0,0.024836240336298943
3177499904.0,0.0383656807243824
3178437376.0,0.054632317274808884
3179375104.0,0.07013126462697983
3180312576.0,0.08545412868261337
3181250048.0,0.1002117320895195
3182187520.0,0.11578303575515747
3183124992.0,0.13103342056274414
3184062464.0,0.14461959898471832
3184999936.0,0.1584790199995041
3185937408.0,0.1702103167772293
3186874880.0,0.18231098353862762
3187812608.0,0.14966627955436707
3188750080.0,0.14560623466968536
3189687552.0,0.14102213084697723
3190625024.0,0.13499002158641815
3191562496.0,0.13010472059249878
3192499968.0,0.1229466050863266
3193437440.0,0.11768778413534164
3194374912.0,0.11219672113656998
3195312384.0,0.10634706169366837
3196250112.0,0.10141202062368393
3197187584.0,0.09704559296369553
3198125056.0,0.09295158088207245
3199062528.0,0.08944576978683472
3200000000.0,0.08681228011846542
3200937472.0,0.08517619222402573
3201874944.0,0.08423648774623871
3202812416.0,0.08228490501642227
3203749888.0,0.08276690542697906
3204687616.0,0.08256561309099197
3205625088.0,0.08331640064716339
3206562560.0,0.0853007510304451
3207500032.0,0.08797003328800201
3208437504.0,0.09039232134819031
3209374976.0,0.09265031665563583
3210312448.0,0.0949973538517952
3211249920.0,0.09831909090280533
3212187392.0,0.1008344516158104
3213125120.0,0.10292728245258331
3214062592.0,0.10599839687347412
3215000064.0,0.10842537879943848
3215937536.0,0.11066899448633194
3216875008.0,0.11246991902589798
3217812480.0,0.1124773919582367
3218749952.0,0.11346743255853653
3219687424.0,0.11464677006006241
3220624896.0,0.11563347280025482
3221562624.0,0.11478132009506226
3222500096.0,0.11428753286600113
3223437568.0,0.1132415235042572
3224375040.0,0.11251906305551529
3225312512.0,0.11009975522756577
3226249984.0,0.1099146381020546
3227187456.0,0.10865078121423721
3228124928.0,0.10785265266895294
3229062400.0,0.1068941205739975
3230000128.0,0.10637056082487106
3230937600.0,0.10642500221729279
3231875072.0,0.10730176419019699
3232812544.0,0.10784866660833359
3233750016.0,0.10908089578151703
3234687488.0,0.11090254038572311
3235624960.0,0.11389225721359253
3236562432.0,0.1173897385597229
3237499904.0,0.12052417546510696
3238437376.0,0.12468680739402771
3239375104.0,0.1291128695011139
3240312576.0,0.13524450361728668
3241250048.0,0.1414860188961029
3242187520.0,0.14783373475074768
3243124992.0,0.1539708971977234
3244062464.0,0.15953132510185242
3244999936.0,0.16659680008888245
3245937408.0,0.17201939225196838
3246874880.0,0.1770058423280716
3247812608.0,0.08803349733352661
3248750080.0,0.07953442633152008
3249687552.0,0.07023853063583374
3250625024.0,0.060519326478242874
3251562496.0,0.049419306218624115
3252499968.0,0.04107201471924782
3253437440.0,0.03134513273835182
3254374912.0,0.023193733766674995
3255312384.0,0.01734175719320774
3256250112.0,0.01285725086927414
3257187584.0,0.01019203569740057
3258125056.0,0.009074379689991474
3259062528.0,0.009452607482671738
3260000000.0,0.012304004281759262
3260937472.0,0.015773873776197433
3261874944.0,0.01993553899228573
3262812416.0,0.02441088669002056
3263749888.0,0.029323667287826538
3264687616.0,0.03438781946897507
3265625088.0,0.0391782745718956
3266562560.0,0.04281524568796158
3267500032.0,0.04755614325404167
3268437504.0,0.05286345258355141
3269374976.0,0.05531586334109306
3270312448.0,0.05792893469333649
3271249920.0,0.060436345636844635
3272187392.0,0.06274353712797165
3273125120.0,0.06483032554388046
3274062592.0,0.06652393937110901
3275000064.0,0.06837058812379837
3275937536.0,0.07002387940883636
3276875008.0,0.07173486053943634
3277812480.0,0.0740082636475563
3278749952.0,0.07471887767314911
3279687424.0,0.07692703604698181
3280624896.0,0.07694421708583832
3281562624.0,0.07819102704524994
3282500096.0,0.07845646142959595
3283437568.0,0.0792875662446022
3284375040.0,0.08030971884727478
3285312512.0,0.07936645299196243
3286249984.0,0.08030540496110916
3287187456.0,0.08025267720222473
3288124928.0,0.08046217262744904
3289062400.0,0.08042119443416595
3289999872.0,0.07949279993772507
3290937600.0,0.07952874898910522
3291875072.0,0.07932907342910767
3292812544.0,0.07993672788143158
3293750016.0,0.08028829097747803
3294687488.0,0.07973367720842361
3295624960.0,0.08094438165426254
3296562432.0,0.0818975418806076
3297499904.0,0.0831095352768898
3298437376.0,0.08445483446121216
3299375104.0,0.08638033270835876
3300312576.0,0.08916478604078293
3301250048.0,0.0917913168668747
3302187520.0,0.09449518471956253
3303124992.0,0.09820622950792313
3304062464.0,0.10256385803222656
3304999936.0,0.10638684034347534
3305937408.0,0.11123672872781754
3306874880.0,0.11590644717216492
3307812608.0,0.1287548542022705
3308750080.0,0.13546757400035858
3309687552.0,0.14313921332359314
3310625024.0,0.15096305310726166
3311562496.0,0.1587701439857483
3312499968.0,0.1671881377696991
3313437440.0,0.1752164661884308
3314374912.0,0.18169955909252167
3315312384.0,0.18857093155384064
3316250112.0,0.1946471929550171
3317187584.0,0.2013077288866043
3318125056.0,0.20573830604553223
3319062528.0,0.21041783690452576
3320000000.0,0.2132037729024887
3320937472.0,0.21586906909942627
3321874944.0,0.21657268702983856
3322812416.0,0.21716716885566711
3323749888.0,0.215495303273201
3324687616.0,0.21237146854400635
3325625088.0,0.2096397429704666
3326562560.0,0.20507942140102386
3327500032.0,0.1985301822423935
3328437504.0,0.19234392046928406
3329374976.0,0.18383419513702393
3330312448.0,0.1751227080821991
3331249920.0,0.16579343378543854
3332187392.0,0.15580880641937256
3333125120.0,0.14433076977729797
3334062592.0,0.13408388197422028
3335000064.0,0.12273052334785461
3335937536.0,0.11181037873029709
3336875008.0,0.10132414102554321
3337812480.0,0.08945638686418533
3338749952.0,0.07890734076499939
3339687424.0,0.06873045861721039
3340624896.0,0.05894898623228073
3341562624.0,0.04968542233109474
3342500096.0,0.0420026034116745
3343437568.0,0.034893251955509186
3344375040.0,0.02787708304822445
3345312512.0,0.02252850867807865
3346249984.0,0.018126018345355988
3347187456.0,0.015567397698760033
3348124928.0,0.01451396569609642
3349062400.0,0.013827876187860966
3350000128.0,0.01441816333681345
3350937600.0,0.016214096918702126
3351875072.0,0.018748944625258446
3352812544.0,0.02325580082833767
3353750016.0,0.028481928631663322
3354687488.0,0.03454357385635376
3355624960.0,0.04082746058702469
3356562432.0,0.0492725670337677
3357499904.0,0.057828016579151154
3358437376.0,0.06735746562480927
3359375104.0,0.07730941474437714
3360312576.0,0.08699139952659607
3361250048.0,0.09625411778688431
3362187520.0,0.10588729381561279
3363124992.0,0.11641425639390945
3364062464.0,0.12650847434997559
3364999936.0,0.1356697678565979
3365937408.0,0.1445719301700592
3366874880.0,0.15219935774803162
3367812608.0,0.03469954803586006
3368750080.0,0.0383446104824543
3369687552.0,0.042276881635189056
3370625024.0,0.045123618096113205
3371562496.0,0.04852670058608055
3372499968.0,0.05035435035824776
3373437440.0,0.051340337842702866
3374374912.0,0.05274941772222519
3375312384.0,0.05240323394536972
3376250112.0,0.051011424511671066
3377187584.0,0.04798378050327301
3378125056.0,0.04400753974914551
3379062528.0,0.03933149203658104
3380000000.0,0.03343401476740837
3380937472.0,0.026379955932497978
3381874944.0,0.01859377883374691
3382812416.0,0.010032868944108486
3383749888.0,0.0009178828331641853
3384687616.0,-0.008760474622249603
3385625088.0,-0.019086549058556557
3386562560.0,-0.02951856330037117
3387500032.0,-0.04089881479740143
3388437504.0,-0.05157387629151344
3389374976.0,-0.06319970637559891
3390312448.0,-0.07395578175783157
3391249920.0,-0.0851462334394455
3392187392.0,-0.09505856782197952
3393125120.0,-0.10517174005508423
3394062592.0,-0.11329595744609833
3395000064.0,-0.12257124483585358
3395937536.0,-0.13013483583927155
3396875008.0,-0.13867782056331635
3397812480.0,-0.14386436343193054
3398749952.0,-0.14918315410614014
3399687424.0,-0.15273799002170563
3400624896.0,-0.15661302208900452
3401562624.0,-0.15929540991783142
3402500096.0,-0.1615525335073471
3403437568.0,-0.16279710829257965
3404375040.0,-0.1631697416305542
3405312512.0,-0.1630149632692337
3406249984.0,-0.16274084150791168
3407187456.0,-0.16240672767162323
3408124928.0,-0.16197620332241058
3409062400.0,-0.16140590608119965
3409999872.0,-0.1607419103384018
3410937600.0,-0.16025544703006744
3411875072.0,-0.1615913212299347
3412812544.0,-0.163770392537117
3413750016.0,-0.16669714450836182
3414687488.0,-0.17038746178150177
3415624960.0,-0.17600052058696747
3416562432.0,-0.18339084088802338
3417499904.0,-0.19222062826156616
3418437376.0,-0.20298989117145538
3419375104.0,-0.2157609611749649
3420312576.0,-0.22984164953231812
3421250048.0,-0.24643851816654205
3422187520.0,-0.2648461163043976
3423124992.0,-0.2858844995498657
3424062464.0,-0.3072453439235687
3424999936.0,-0.33248311281204224
3425937408.0,-0.35920339822769165
3426874880.0,-0.38700878620147705
3427812608.0,-0.4171542525291443
3428750080.0,-0.4457326829433441
3429687552.0,-0.4726853668689728
3430625024.0,-0.5006629228591919
3431562496.0,-0.5281714200973511
3432499968.0,-0.5564522743225098
3433437440.0,-0.5845140814781189
3434374912.0,-0.6109542846679688
3435312384.0,-0.6384364366531372
3436250112.0,-0.6650623679161072
3437187584.0,-0.6934190392494202
3438125056.0,-0.7214189767837524
3439062528.0,-0.7496231198310852
3440000000.0,-0.7795659899711609
3440937472.0,-0.8107296228408813
3441874944.0,-0.843652069568634
3442812416.0,-0.8782487511634827
3443749888.0,-0.9140987396240234
3444687616.0,-0.9530701041221619
3445625088.0,-0.9952830076217651
3446562560.0,-1.0390397310256958
3447500032.0,-1.0855493545532227
3448437504.0,-1.134953498840332
3449374976.0,-1.1863542795181274
3450312448.0,-1.2421600818634033
3451249920.0,-1.2997146844863892
3452187392.0,-1.3586269617080688
3453125120.0,-1.419525146484375
3454062592.0,-1.4814553260803223
3455000064.0,-1.5432841777801514
3455937536.0,-1.605090856552124
3456875008.0,-1.6648775339126587
3457812480.0,-1.7187167406082153
3458749952.0,-1.7695716619491577
3459687424.0,-1.8120794296264648
3460624896.0,-1.8496583700180054
3461562624.0,-1.8805886507034302
3462500096.0,-1.9050284624099731
3463437568.0,-1.9229151010513306
3464375040.0,-1.934674620628357
3465312512.0,-1.9386940002441406
3466249984.0,-1.9368135929107666
3467187456.0,-1.9296956062316895
3468124928.0,-1.9169889688491821
3469062400.0,-1.8972424268722534
3470000128.0,-1.8712011575698853
3470937600.0,-1.8398290872573853
3471875072.0,-1.8026503324508667
3472812544.0,-1.7618380784988403
3473750016.0,-1.7165323495864868
3474687488.0,-1.667443871498108
3475624960.0,-1.6134920120239258
3476562432.0,-1.5584497451782227
3477499904.0,-1.5034247636795044
3478437376.0,-1.4483736753463745
3479375104.0,-1.3936594724655151
3480312576.0,-1.3449517488479614
3481250048.0,-1.2980912923812866
3482187520.0,-1.2532168626785278
3483124992.0,-1.2080426216125488
3484062464.0,-1.1625491380691528
3484999936.0,-1.1186288595199585
3485937408.0,-1.075413465499878
3486874880.0,-1.0336742401123047
3487812608.0,-1.0289678573608398
3488750080.0,-0.9901806116104126
3489687552.0,-0.9543323516845703
3490625024.0,-0.919502854347229
3491562496.0,-0.8878968954086304
3492499968.0,-0.8576367497444153
3493437440.0,-0.828315794467926
3494374912.0,-0.8010333180427551
3495312384.0,-0.7753964066505432
3496250112.0,-0.7514017820358276
3497187584.0,-0.7307642698287964
3498125056.0,-0.7132717370986938
3499062528.0,-0.6966779232025146
3500000000.0,-0.6820083856582642
3500937472.0,-0.6686062216758728
3501874944.0,-0.6547359228134155
3502812416.0,-0.6405864357948303
3503749888.0,-0.6286048293113708
3504687616.0,-0.6166223287582397
3505625088.0,-0.6036772131919861
3506562560.0,-0.5919828414916992
3507500032.0,-0.5796000957489014
3508437504.0,-0.5663210153579712
3509374976.0,-0.5537885427474976
3510312448.0,-0.5415375828742981
3511249920.0,-0.5297076106071472
3512187392.0,-0.5173676609992981
3513125120.0,-0.5063056349754333
3514062592.0,-0.4933916926383972
3515000064.0,-0.4789128303527832
3515937536.0,-0.4631554186344147
3516875008.0,-0.4463866651058197
3517812480.0,-0.42893627285957336
3518749952.0,-0.4114806056022644
3519687424.0,-0.3931187689304352
3520624896.0,-0.37366780638694763
3521562624.0,-0.35534045100212097
3522500096.0,-0.33700329065322876
3523437568.0,-0.3196978271007538
3524375040.0,-0.3014610707759857
3525312512.0,-0.2825047969818115
3526249984.0,-0.26421552896499634
3527187456.0,-0.24622249603271484
3528124928.0,-0.22747880220413208
3529062400.0,-0.20957164466381073
3529999872.0,-0.19166630506515503
3530937600.0,-0.17613713443279266
3531875072.0,-0.16095447540283203
3532812544.0,-0.14852385222911835
3533750016.0,-0.13728442788124084
3534687488.0,-0.12846940755844116
3535624960.0,-0.12156613171100616
3536562432.0,-0.117233045399189
3537499904.0,-0.11428122222423553
3538437376.0,-0.11395654082298279
3539375104.0,-0.11478390544652939
3540312576.0,-0.11743553727865219
3541250048.0,-0.1223737820982933
3542187520.0,-0.12747099995613098
3543124992.0,-0.13426095247268677
3544062464.0,-0.14241118729114532
3544999936.0,-0.1510310024023056
3545937408.0,-0.16162079572677612
3546874880.0,-0.17308367788791656
3547812608.0,-0.20913220942020416
3548750080.0,-0.20067597925662994
3549687552.0,-0.193446084856987
3550625024.0,-0.18562693893909454
3551562496.0,-0.17895817756652832
3552499968.0,-0.17137682437896729
3553437440.0,-0.16527502238750458
3554374912.0,-0.15948614478111267
3555312384.0,-0.15462380647659302
3556250112.0,-0.15065845847129822
3557187584.0,-0.14736002683639526
3558125056.0,-0.14447654783725739
3559062528.0,-0.14204727113246918
3560000000.0,-0.14014163613319397
3560937472.0,-0.13682271540164948
3561874944.0,-0.13413506746292114
3562812416.0,-0.13118822872638702
3563749888.0,-0.12834088504314423
3564687616.0,-0.12497460097074509
3565625088.0,-0.12198590487241745
3566562560.0,-0.11968786269426346
3567500032.0,-0.11645586043596268
3568437504.0,-0.11404098570346832
3569374976.0,-0.11179940402507782
3570312448.0,-0.10887928307056427
3571249920.0,-0.1067633405327797
3572187392.0,-0.10402482002973557
3573125120.0,-0.10070612281560898
3574062592.0,-0.09705090522766113
3575000064.0,-0.09296689927577972
3575937536.0,-0.08889215439558029
3576875008.0,-0.08496652543544769
3577812480.0,-0.08152682334184647
3578749952.0,-0.07820197939872742
3579687424.0,-0.0732526183128357
3580624896.0,-0.07058132439851761
3581562624.0,-0.06614819169044495
3582500096.0,-0.06199263408780098
3583437568.0,-0.05975649878382683
3584375040.0,-0.056455858051776886
3585312512.0,-0.05439678579568863
3586249984.0,-0.05227915197610855
3587187456.0,-0.05095234513282776
3588124928.0,-0.04894772544503212
3589062400.0,-0.04726118966937065
3590000128.0,-0.04669666662812233
3590937600.0,-0.04543699324131012
3591875072.0,-0.04487626254558563
3592812544.0,-0.045371826738119125
3593750016.0,-0.04532983526587486
3594687488.0,-0.04645952209830284
3595624960.0,-0.0485636442899704
3596562432.0,-0.05026423558592796
3597499904.0,-0.05286655202507973
3598437376.0,-0.05634121224284172
3599375104.0,-0.05862639844417572
3600312576.0,-0.060988593846559525
3601250048.0,-0.0643438845872879
3602187520.0,-0.06690675020217896
3603124992.0,-0.06932348012924194
3604062464.0,-0.07190434634685516
3604999936.0,-0.07507460564374924
3605937408.0,-0.07624184340238571
3606874880.0,-0.07825928181409836
3607812608.0,-0.08384042978286743
3608750080.0,-0.08104677498340607
3609687552.0,-0.08003035932779312
3610625024.0,-0.07929599285125732
3611562496.0,-0.07970736920833588
3612499968.0,-0.07898306846618652
3613437440.0,-0.07993923872709274
3614374912.0,-0.08170326054096222
3615312384.0,-0.08398670703172684
3616250112.0,-0.08583204448223114
3617187584.0,-0.08863745629787445
3618125056.0,-0.09156831353902817
3619062528.0,-0.09368617087602615
3620000000.0,-0.09642986953258514
3620937472.0,-0.10034783184528351
3621874944.0,-0.10250281542539597
3622812416.0,-0.1046738252043724
3623749888.0,-0.107358917593956
3624687616.0,-0.10957435518503189
3625625088.0,-0.11271773278713226
3626562560.0,-0.11552079766988754
3627500032.0,-0.11766380071640015
3628437504.0,-0.11982446163892746
3629374976.0,-0.12043799459934235
3630312448.0,-0.12031048536300659
3631249920.0,-0.12053520977497101
3632187392.0,-0.1204238161444664
3633125120.0,-0.11782136559486389
3634062592.0,-0.1166270524263382
3635000064.0,-0.11265447735786438
3635937536.0,-0.10982213169336319
3636875008.0,-0.10497143864631653
3637812480.0,-0.09997657686471939
3638749952.0,-0.09403536468744278
3639687424.0,-0.0875304564833641
3640624896.0,-0.07991158962249756
3641562624.0,-0.07240056991577148
3642500096.0,-0.06451115012168884
3643437568.0,-0.05743866413831711
3644375040.0,-0.04926954209804535
3645312512.0,-0.04100797325372696
3646249984.0,-0.032144755125045776
3647187456.0,-0.024699000641703606
3648124928.0,-0.016113977879285812
3649062400.0,-0.008917261846363544
3649999872.0,-0.0012780335964635015
3650937600.0,0.0061613814905285835
3651875072.0,0.012291204184293747
3652812544.0,0.018694475293159485
3653750016.0,0.024808073416352272
3654687488.0,0.02991108037531376
3655624960.0,0.03423868119716644
3656562432.0,0.038092467933893204
3657499904.0,0.03932402282953262
3658437376.0,0.04287329316139221
3659375104.0,0.04381858929991722
3660312576.0,0.04386649653315544
3661250048.0,0.043237194418907166
3662187520.0,0.04224778339266777
3663124992.0,0.03969058021903038
3664062464.0,0.03619471937417984
3664999936.0,0.031278323382139206
3665937408.0,0.0266767218708992
3666874880.0,0.02030670829117298
3667812608.0,0.012822277843952179
3668750080.0,0.00804633367806673
3669687552.0,0.0024368115700781345
3670625024.0,-0.0013608246808871627
3671562496.0,-0.004740636330097914
3672499968.0,-0.007889957167208195
3673437440.0,-0.010450690053403378
3674374912.0,-0.01219132449477911
3675312384.0,-0.013906008563935757
3676250112.0,-0.014255274087190628
3677187584.0,-0.014376575127243996
3678125056.0,-0.01479203999042511
3679062528.0,-0.01516173779964447
3680000000.0,-0.013795359060168266
3680937472.0,-0.01358083076775074
3681874944.0,-0.011762180365622044
3682812416.0,-0.010673414915800095
3683749888.0,-0.008739612065255642
3684687616.0,-0.0068678949028253555
3685625088.0,-0.004985176958143711
3686562560.0,-0.0015559899620711803
3687500032.0,0.0004543586983345449
3688437504.0,0.003552869660779834
3689374976.0,0.005499927327036858
3690312448.0,0.009244958870112896
3691249920.0,0.010958968661725521
3692187392.0,0.01448582299053669
3693125120.0,0.017324382439255714
3694062592.0,0.019520558416843414
3695000064.0,0.022106686607003212
3695937536.0,0.024150732904672623
3696875008.0,0.026461616158485413
3697812480.0,0.02827111817896366
3698749952.0,0.029760293662548065
3699687424.0,0.031130153685808182
3700624896.0,0.03111206740140915
3701562624.0,0.03223707154393196
3702500096.0,0.03025154210627079
3703437568.0,0.027851397171616554
3704375040.0,0.02517060376703739
3705312512.0,0.020990664139389992
3706249984.0,0.015389268286526203
3707187456.0,0.009419459849596024
3708124928.0,0.000555936770979315
3709062400.0,-0.007866051979362965
3710000128.0,-0.018105510622262955
3710937600.0,-0.030378658324480057
3711875072.0,-0.04346175491809845
3712812544.0,-0.0583820678293705
3713750016.0,-0.07516811043024063
3714687488.0,-0.09309185296297073
3715624960.0,-0.11159728467464447
3716562432.0,-0.13084577023983002
3717499904.0,-0.1508878916501999
3718437376.0,-0.1724701225757599
3719375104.0,-0.193955659866333
3720312576.0,-0.21521103382110596
3721250048.0,-0.23651902377605438
3722187520.0,-0.25754618644714355
3723124992.0,-0.27736297249794006
3724062464.0,-0.29693305492401123
3724999936.0,-0.3137425184249878
3725937408.0,-0.330054372549057
3726874880.0,-0.343904048204422
3727812608.0,-0.030734507367014885
3728750080.0,-0.031175032258033752
3729687552.0,-0.030727757140994072
3730625024.0,-0.03287047892808914
3731562496.0,-0.034424394369125366
3732499968.0,-0.037209395319223404
3733437440.0,-0.0397794209420681
3734374912.0,-0.043647006154060364
3735312384.0,-0.0449860543012619
3736250112.0,-0.047798145562410355
3737187584.0,-0.04924209415912628
3738125056.0,-0.05050758272409439
3739062528.0,-0.05119379237294197
3740000000.0,-0.051350295543670654
3740937472.0,-0.050219204276800156
3741874944.0,-0.04873834550380707
3742812416.0,-0.045354217290878296
3743749888.0,-0.043003130704164505
3744687616.0,-0.03903450444340706
3745625088.0,-0.03432152047753334
3746562560.0,-0.02738729864358902
3747500032.0,-0.02040734328329563
3748437504.0,-0.012111813761293888
3749374976.0,-0.004230645019561052
3750312448.0,0.006095813121646643
3751249920.0,0.016762012615799904
3752187392.0,0.027496052905917168
3753125120.0,0.03920263051986694
3754062592.0,0.05042595416307449
3755000064.0,0.06097057834267616
3755937536.0,0.07230672240257263
3756875008.0,0.08167699724435806
3757812480.0,0.09049257636070251
3758749952.0,0.09934268891811371
3759687424.0,0.10706444829702377
3760624896.0,0.11395759880542755
3761562624.0,0.11974108964204788
3762500096.0,0.12526337802410126
3763437568.0,0.12786191701889038
3764375040.0,0.1299070119857788
3765312512.0,0.1298258900642395
3766249984.0,0.12796123325824738
3767187456.0,0.1258624941110611
3768124928.0,0.1212523952126503
3769062400.0,0.11624155938625336
3769999872.0,0.10935749858617783
3770937600.0,0.10121602565050125
3771875072.0,0.09291490167379379
3772812544.0,0.08290542662143707
3773750016.0,0.07141777127981186
3774687488.0,0.05936872214078903
3775624960.0,0.04686606675386429
3776562432.0,0.03498455509543419
3777499904.0,0.023234020918607712
3778437376.0,0.009064718149602413
3779375104.0,-0.003013655776157975
3780312576.0,-0.015877114608883858
3781250048.0,-0.028071554377675056
3782187520.0,-0.039759647101163864
3783124992.0,-0.05175583064556122
3784062464.0,-0.06326768547296524
3784999936.0,-0.07353870570659637
3785937408.0,-0.08252730965614319
3786874880.0,-0.07420326769351959
3787812608.0,-0.0784439891576767
3788750080.0,-0.08278848230838776
3789687552.0,-0.08659670501947403
3790625024.0,-0.0913928672671318
3791562496.0,-0.09397662431001663
3792499968.0,-0.09847384691238403
3793437440.0,-0.10150642693042755
3794374912.0,-0.10418158769607544
3795312384.0,-0.10569648444652557
3796250112.0,-0.10718268901109695
3797187584.0,-0.10707569122314453
3798125056.0,-0.10493624955415726
3799062528.0,-0.10268654674291611
3800000000.0,-0.09896345436573029
3800937472.0,-0.09437152743339539
3801874944.0,-0.08896705508232117
3802812416.0,-0.08239267021417618
3803749888.0,-0.07626384496688843
3804687616.0,-0.06775061786174774
3805625088.0,-0.05967934429645538
3806562560.0,-0.050342101603746414
3807500032.0,-0.04147324711084366
3808437504.0,-0.03264883905649185
3809374976.0,-0.022348476573824883
3810312448.0,-0.01399681344628334
3811249920.0,-0.005357374437153339
3812187392.0,0.0032084884587675333
3813125120.0,0.010527527891099453
3814062592.0,0.0172396469861269
3815000064.0,0.02536076493561268
3815937536.0,0.03196246549487114
3816875008.0,0.03789908066391945
3817812480.0,0.04259319230914116
3818749952.0,0.046681180596351624
3819687424.0,0.050145767629146576
3820624896.0,0.051810331642627716
3821562624.0,0.05323270708322525
3822500096.0,0.052594903856515884
3823437568.0,0.05305137112736702
3824375040.0,0.05166754126548767
3825312512.0,0.05009195953607559
3826249984.0,0.0470874160528183
3827187456.0,0.0445965975522995
3828124928.0,0.04017134755849838
3829062400.0,0.03555286303162575
3830000128.0,0.030726313591003418
3830937600.0,0.02489561215043068
3831875072.0,0.019834432750940323
3832812544.0,0.013856451958417892
3833750016.0,0.008268898352980614
3834687488.0,0.0018897218396887183
3835624960.0,-0.0046224817633628845
3836562432.0,-0.010092640295624733
3837499904.0,-0.015868425369262695
3838437376.0,-0.02105427160859108
3839375104.0,-0.02557350881397724
3840312576.0,-0.03031127154827118
3841250048.0,-0.03362827003002167
3842187520.0,-0.03800569474697113
3843124992.0,-0.04173693805932999
3844062464.0,-0.04650934413075447
3844999936.0,-0.05024367570877075
3845937408.0,-0.053226131945848465
3846874880.0,-0.05032343417406082
3847812608.0,-0.05287908762693405
3848750080.0,-0.055358078330755234
3849687552.0,-0.057398565113544464
3850625024.0,-0.05912606790661812
3851562496.0,-0.06129159405827522
3852499968.0,-0.06153062731027603
3853437440.0,-0.06313047558069229
3854374912.0,-0.06407921761274338
3855312384.0,-0.06478402763605118
3856250112.0,-0.0650070309638977
3857187584.0,-0.06489413231611252
3858125056.0,-0.06376553326845169
3859062528.0,-0.06381091475486755
3860000000.0,-0.061750516295433044
3860937472.0,-0.06037146970629692
3861874944.0,-0.05826684460043907
3862812416.0,-0.05648196116089821
3863749888.0,-0.054867520928382874
3864687616.0,-0.05384846404194832
3865625088.0,-0.05357469245791435
3866562560.0,-0.05622057244181633
3867500032.0,-0.05933095142245293
3868437504.0,-0.06413624435663223
3869374976.0,-0.07067626714706421
3870312448.0,-0.07934389263391495
3871249920.0,-0.08868806064128876
3872187392.0,-0.09921997785568237
3873125120.0,-0.11046391725540161
3874062592.0,-0.1218937411904335
3875000064.0,-0.1333572417497635
3875937536.0,-0.14424771070480347
3876875008.0,-0.15409238636493683
3877812480.0,-0.16352400183677673
3878749952.0,-0.1709446907043457
3879687424.0,-0.17666754126548767
3880624896.0,-0.18039433658123016
3881562624.0,-0.18116335570812225
3882500096.0,-0.180066779255867
3883437568.0,-0.17733171582221985
3884375040.0,-0.1716994196176529
3885312512.0,-0.164925679564476
3886249984.0,-0.15633779764175415
3887187456.0,-0.1467512845993042
3888124928.0,-0.13593727350234985
3889062400.0,-0.12455295771360397
3889999872.0,-0.11241306364536285
3890937600.0,-0.10032396018505096
3891875072.0,-0.0881875529885292
3892812544.0,-0.07742844521999359
3893750016.0,-0.06748952716588974
3894687488.0,-0.05714500695466995
3895624960.0,-0.047424908727407455
3896562432.0,-0.04170335456728935
3897499904.0,-0.03455028682947159
3898437376.0,-0.028246253728866577
3899375104.0,-0.024981746450066566
3900312576.0,-0.020434726029634476
3901250048.0,-0.018227234482765198
3902187520.0,-0.016397524625062943
3903124992.0,-0.014343386515974998
3904062464.0,-0.014131290838122368
3904999936.0,-0.01283782534301281
3905937408.0,-0.011107186786830425
3906874880.0,-0.01947452686727047
3907812608.0,-0.028009576722979546
3908750080.0,-0.03405020013451576
3909687552.0,-0.03932376950979233
3910625024.0,-0.04219776764512062
3911562496.0,-0.043910592794418335
3912499968.0,-0.043145909905433655
3913437440.0,-0.040996652096509933
3914374912.0,-0.0371830090880394
3915312384.0,-0.03218423202633858
3916250112.0,-0.02506389282643795
3917187584.0,-0.01729333959519863
3918125056.0,-0.007173287682235241
3919062528.0,0.0032653487287461758
3920000000.0,0.014244075864553452
3920937472.0,0.02650933898985386
3921874944.0,0.037757325917482376
3922812416.0,0.048813652247190475
3923749888.0,0.058777906000614166
3924687616.0,0.06956049799919128
3925625088.0,0.07899490743875504
3926562560.0,0.08737767487764359
3927500032.0,0.09546316415071487
3928437504.0,0.10173505544662476
3929374976.0,0.10624919086694717
3930312448.0,0.11010734736919403
3931249920.0,0.11212732642889023
3932187392.0,0.11333669722080231
3933125120.0,0.11084241420030594
3934062592.0,0.10863084346055984
3935000064.0,0.10336214303970337
3935937536.0,0.09713774919509888
3936875008.0,0.08925915509462357
3937812480.0,0.08102096617221832
3938749952.0,0.07109883427619934
3939687424.0,0.06077396497130394
3940624896.0,0.049960553646087646
3941562624.0,0.03822384774684906
3942500096.0,0.025983888655900955
3943437568.0,0.013108760118484497
3944375040.0,-0.0009913863614201546
3945312512.0,-0.015024691820144653
3946249984.0,-0.028760148212313652
3947187456.0,-0.04254557192325592
3948124928.0,-0.05710418149828911
3949062400.0,-0.06950036436319351
3950000128.0,-0.08236187696456909
3950937600.0,-0.09385010600090027
3951875072.0,-0.10479031503200531
3952812544.0,-0.1153121292591095
3953750016.0,-0.12534312903881073
3954687488.0,-0.13454480469226837
3955624960.0,-0.14295770227909088
3956562432.0,-0.15100392699241638
3957499904.0,-0.15858320891857147
3958437376.0,-0.16576695442199707
3959375104.0,-0.17219993472099304
3960312576.0,-0.1783677637577057
3961250048.0,-0.18472018837928772
3962187520.0,-0.18964804708957672
3963124992.0,-0.195066899061203
3964062464.0,-0.20039652287960052
3964999936.0,-0.2040231078863144
3965937408.0,-0.20894953608512878
3966874880.0,-0.10024171322584152
3967812608.0,-0.10561618953943253
3968750080.0,-0.11081923544406891
3969687552.0,-0.11594478785991669
3970625024.0,-0.11922865360975266
3971562496.0,-0.12158186733722687
3972499968.0,-0.12337885051965714
3973437440.0,-0.12460531294345856
3974374912.0,-0.12414940446615219
3975312384.0,-0.12444879114627838
3976250112.0,-0.12253393232822418
3977187584.0,-0.12073459476232529
3978125056.0,-0.11753600090742111
3979062528.0,-0.11321701109409332
3980000000.0,-0.10954352468252182
3980937472.0,-0.10373696684837341
3981874944.0,-0.09840691834688187
3982812416.0,-0.09179570525884628
3983749888.0,-0.08604345470666885
3984687616.0,-0.07952338457107544
3985625088.0,-0.07234594970941544
3986562560.0,-0.06644438207149506
3987500032.0,-0.060278620570898056
3988437504.0,-0.0541548877954483
3989374976.0,-0.04791250824928284
3990312448.0,-0.04226734861731529
3991249920.0,-0.0369759239256382
3992187392.0,-0.032843805849552155
3993125120.0,-0.02878260798752308
3994062592.0,-0.02472451888024807
3995000064.0,-0.02197621576488018
3995937536.0,-0.020376207306981087
3996875008.0,-0.01903044991195202
3997812480.0,-0.018422605469822884
3998749952.0,-0.019527878612279892
3999687424.0,-0.018670426681637764
4000624896.0,-0.010963738895952702
4001562624.0,-0.016706455498933792
4002500096.0,-0.021851181983947754
4003437568.0,-0.027873538434505463
4004375040.0,-0.03507537767291069
4005312512.0,-0.04274333268404007
4006249984.0,-0.05048495531082153
4007187456.0,-0.05889275670051575
4008124928.0,-0.06609003245830536
4009062400.0,-0.07402453571557999
4009999872.0,-0.08364237844944
4010937600.0,-0.09156052023172379
4011875072.0,-0.10035140067338943
4012812544.0,-0.11000130325555801
4013750016.0,-0.1188410297036171
4014687488.0,-0.12881523370742798
4015624960.0,-0.13598421216011047
4016562432.0,-0.14496666193008423
4017499904.0,-0.153290793299675
4018437376.0,-0.16093885898590088
4019375104.0,-0.16737808287143707
4020312576.0,-0.1745217740535736
4021250048.0,-0.1815759837627411
4022187520.0,-0.18717695772647858
4023124992.0,-0.19185486435890198
4024062464.0,-0.19600056111812592
4024999936.0,-0.20173868536949158
4025937408.0,-0.20596642792224884
4026874880.0,-0.19908040761947632
4027812608.0,-0.20045800507068634
4028750080.0,-0.20354236662387848
4029687552.0,-0.20578747987747192
4030625024.0,-0.20691989362239838
4031562496.0,-0.20897172391414642
4032499968.0,-0.2109215259552002
4033437440.0,-0.21221907436847687
4034374912.0,-0.21331889927387238
4035312384.0,-0.21420446038246155
4036250112.0,-0.2144349068403244
4037187584.0,-0.21457654237747192
4038125056.0,-0.2149331122636795
4039062528.0,-0.213936448097229
4040000000.0,-0.2126729041337967
4040937472.0,-0.21035388112068176
4041874944.0,-0.2087172418832779
4042812416.0,-0.20478476583957672
4043749888.0,-0.20089863240718842
4044687616.0,-0.19631743431091309
4045625088.0,-0.1911909580230713
4046562560.0,-0.18518362939357758
4047500032.0,-0.17839564383029938
4048437504.0,-0.17083685100078583
4049374976.0,-0.16233287751674652
4050312448.0,-0.15262387692928314
4051249920.0,-0.14374512434005737
4052187392.0,-0.1331564337015152
4053125120.0,-0.12125455588102341
4054062592.0,-0.11103985458612442
4055000064.0,-0.09953472763299942
4055937536.0,-0.08760536462068558
4056875008.0,-0.07492362707853317
4057812480.0,-0.06226581335067749
4058749952.0,-0.04981696978211403
4059687424.0,-0.037338223308324814
4060624896.0,-0.02587980031967163
4061562624.0,-0.015324779786169529
4062500096.0,-0.003961767535656691
4063437568.0,0.005421037785708904
4064375040.0,0.013647002167999744
4065312512.0,0.021254686638712883
4066249984.0,0.028445973992347717
4067187456.0,0.0341477245092392
4068124928.0,0.03867257013916969
4069062400.0,0.041728634387254715
4070000128.0,0.04255341365933418
4070937600.0,0.04311925172805786
4071875072.0,0.04292668029665947
4072812544.0,0.04046917334198952
4073750016.0,0.03872637450695038
4074687488.0,0.03468812257051468
4075624960.0,0.028706178069114685
4076562432.0,0.023981798440217972
4077499904.0,0.01685815490782261
4078437376.0,0.010009084828197956
4079375104.0,0.0019993523601442575
4080312576.0,-0.006911087781190872
4081250048.0,-0.016191737726330757
4082187520.0,-0.026122720912098885
4083124992.0,-0.03661412373185158
4084062464.0,-0.04619479179382324
4084999936.0,-0.05625678226351738
4085937408.0,-0.06489601731300354
4086874880.0,-0.09011554718017578
4087812608.0,-0.0973707064986229
4088750080.0,-0.10200153291225433
4089687552.0,-0.10616890341043472
4090625024.0,-0.11057496070861816
4091562496.0,-0.11363552510738373
4092499968.0,-0.11553671956062317
4093437440.0,-0.11776310205459595
4094374912.0,-0.11979133635759354
4095312384.0,-0.12108652293682098
4096250112.0,-0.12278174608945847
4097187584.0,-0.1245584785938263
4098125056.0,-0.1263306587934494
4099062528.0,-0.12831422686576843
4100000000.0,-0.13040798902511597
4100937472.0,-0.13137198984622955
4101874944.0,-0.13352248072624207
4102812416.0,-0.13542190194129944
4103749888.0,-0.13646924495697021
4104687616.0,-0.1376589983701706
4105625088.0,-0.1396423876285553
4106562560.0,-0.14162565767765045
4107500032.0,-0.1439201384782791
4108437504.0,-0.1440977305173874
4109374976.0,-0.14687205851078033
4110312448.0,-0.1471804976463318
4111249920.0,-0.14780403673648834
4112187392.0,-0.14910554885864258
4113125120.0,-0.14938481152057648
4114062592.0,-0.14999845623970032
4115000064.0,-0.14907127618789673
4115937536.0,-0.14865261316299438
4116875008.0,-0.14763718843460083
4117812480.0,-0.14559951424598694
4118749952.0,-0.1436205953359604
4119687424.0,-0.1410987675189972
4120624896.0,-0.1371103972196579
4121562624.0,-0.1326097697019577
4122500096.0,-0.12949776649475098
4123437568.0,-0.12459554523229599
4124375040.0,-0.12046937644481659
4125312512.0,-0.11567578464746475
4126249984.0,-0.1114601120352745
4127187456.0,-0.10710437595844269
4128124928.0,-0.10245633125305176
4129062400.0,-0.09853606671094894
4129999872.0,-0.093895822763443
4130937600.0,-0.08909670263528824
4131875072.0,-0.0855344906449318
4132812544.0,-0.08187106996774673
4133750016.0,-0.07737482339143753
4134687488.0,-0.07465185970067978
4135624960.0,-0.07127109915018082
4136562432.0,-0.06876540184020996
4137499904.0,-0.06666170060634613
4138437376.0,-0.06442810595035553
4139375104.0,-0.06281807273626328
4140312576.0,-0.060712724924087524
4141250048.0,-0.05909007415175438
4142187520.0,-0.05719873309135437
4143124992.0,-0.055921521037817
4144062464.0,-0.05439267307519913
4144999936.0,-0.052587345242500305
4145937408.0,-0.050422485917806625
4146874880.0,-0.08965145796537399
4147812608.0,-0.0912620946764946
4148750080.0,-0.09204847365617752
4149687552.0,-0.09346692264080048
4150625024.0,-0.09210798889398575
4151562496.0,-0.09069856256246567
4152499968.0,-0.08885511755943298
4153437440.0,-0.08650165051221848
4154374912.0,-0.0838051587343216
4155312384.0,-0.07957185804843903
4156250112.0,-0.07519446313381195
4157187584.0,-0.07039966434240341
4158125056.0,-0.06515965610742569
4159062528.0,-0.06075914576649666
4160000000.0,-0.055885300040245056
4160937472.0,-0.05043003335595131
4161874944.0,-0.04652414098381996
4162812416.0,-0.04094596952199936
4163749888.0,-0.03792230039834976
4164687616.0,-0.03366977721452713
4165625088.0,-0.031161434948444366
4166562560.0,-0.028993802145123482
4167500032.0,-0.028401244431734085
4168437504.0,-0.02705400437116623
4169374976.0,-0.026902809739112854
4170312448.0,-0.027359817177057266
4171249920.0,-0.02940317802131176
4172187392.0,-0.031543802469968796
4173125120.0,-0.03354202210903168
4174062592.0,-0.03566280007362366
4175000064.0,-0.04165862500667572
4175937536.0,-0.04514405503869057
4176875008.0,-0.04981924220919609
4177812480.0,-0.05525587871670723
4178749952.0,-0.06114047393202782
4179687424.0,-0.06563917547464371
4180624896.0,-0.07104155421257019
4181562624.0,-0.07657016813755035
4182500096.0,-0.08241447806358337
4183437568.0,-0.0876174196600914
4184375040.0,-0.09267564862966537
4185312512.0,-0.09797003120183945
4186249984.0,-0.10199937224388123
4187187456.0,-0.10605926066637039
4188124928.0,-0.1102537140250206
4189062400.0,-0.11348385363817215
4190000128.0,-0.11756682395935059
4190937600.0,-0.12075792998075485
4191875072.0,-0.12381710112094879
4192812544.0,-0.126578688621521
4193750016.0,-0.12998484075069427
4194687488.0,-0.1332266628742218
4195624960.0,-0.13704858720302582
4196562432.0,-0.14051930606365204
4197499904.0,-0.14403948187828064
4198437376.0,-0.14835257828235626
4199375104.0,-0.15359993278980255
4200312576.0,-0.15813344717025757
4201250048.0,-0.16342872381210327
4202187520.0,-0.16891540586948395
4203124992.0,-0.1736726313829422
4204062464.0,-0.17810000479221344
4204999936.0,-0.18374399840831757
4205937408.0,-0.1892690509557724
4206874880.0,-0.17913398146629333
4207812608.0,-0.18447630107402802
4208750080.0,-0.1899677813053131
4209687552.0,-0.19336341321468353
4210625024.0,-0.19760218262672424
4211562496.0,-0.20155364274978638
4212499968.0,-0.20393483340740204
4213437440.0,-0.20625191926956177
4214374912.0,-0.20742833614349365
4215312384.0,-0.2072259783744812
4216250112.0,-0.2051566243171692
4217187584.0,-0.2013385146856308
4218125056.0,-0.19612573087215424
4219062528.0,-0.19028842449188232
4220000000.0,-0.1814911663532257
4220937472.0,-0.1715015172958374
4221874944.0,-0.16166959702968597
4222812416.0,-0.14893744885921478
4223749888.0,-0.1365063637495041
4224687616.0,-0.12264786660671234
4225625088.0,-0.10709217935800552
4226562560.0,-0.09213580936193466
4227500032.0,-0.07576308399438858
4228437504.0,-0.05901224911212921
4229374976.0,-0.04307549446821213
4230312448.0,-0.026131300255656242
4231249920.0,-0.009523177519440651
4232187392.0,0.00815103854984045
4233125120.0,0.024003474041819572
4234062592.0,0.03944860026240349
4235000064.0,0.05497889593243599
4235937536.0,0.06908029317855835
4236875008.0,0.0835711658000946
4237812480.0,0.095958411693573
4238749952.0,0.10771604627370834
4239687424.0,0.11725394427776337
4240624896.0,0.12686477601528168
4241562624.0,0.1351974755525589
4242500096.0,0.14109842479228973
4243437568.0,0.14508439600467682
4244375040.0,0.1476784497499466
4245312512.0,0.14911888539791107
4246249984.0,0.1475444883108139
4247187456.0,0.145647794008255
4248124928.0,0.140632763504982
4249062400.0,0.13409988582134247
4249999872.0,0.1262243539094925
4250937600.0,0.11705657839775085
4251875072.0,0.10548797249794006
4252812544.0,0.09196396172046661
4253750016.0,0.07637244462966919
4254687488.0,0.0596500001847744
4255624960.0,0.04265209659934044
4256562432.0,0.0238485224545002
4257499904.0,0.004833166487514973
4258437376.0,-0.014837940223515034
4259375104.0,-0.03541063144803047
4260312576.0,-0.0580860897898674
4261250048.0,-0.08160374313592911
4262187520.0,-0.10323604196310043
4263124992.0,-0.12540856003761292
4264062464.0,-0.14853641390800476
4264999936.0,-0.17018260061740875
4265937408.0,-0.19255463778972626
4266874880.0,-0.20446032285690308
4267812608.0,-0.21428924798965454
4268750080.0,-0.22311986982822418
4269687552.0,-0.23059675097465515
4270625024.0,-0.2392660230398178
4271562496.0,-0.2456713765859604
4272499968.0,-0.2509136497974396
4273437440.0,-0.25501349568367004
4274374912.0,-0.2574251890182495
4275312384.0,-0.259740948677063
4276250112.0,-0.258778840303421
4277187584.0,-0.2561546266078949
4278125056.0,-0.2530147135257721
4279062528.0,-0.24656151235103607
4280000000.0,-0.23763896524906158
4280937472.0,-0.22630661725997925
4281874944.0,-0.21304893493652344
4282812416.0,-0.198123037815094
4283749888.0,-0.18197545409202576
4284687616.0,-0.16386926174163818
4285625088.0,-0.14385665953159332
4286562560.0,-0.12329572439193726
4287500032.0,-0.09938473999500275
4288437504.0,-0.07632903754711151
4289374976.0,-0.05153034254908562
4290312448.0,-0.025883551687002182
4291249920.0,-0.0019358225399628282
4292187392.0,0.021711045876145363
4293125120.0,0.04456130042672157
4294062592.0,0.06632645428180695
4295000064.0,0.08752270042896271
4295937536.0,0.10533050447702408
4296875008.0,0.12300068885087967
4297812480.0,0.13922788202762604
4298749952.0,0.1523825079202652
4299687424.0,0.16460207104682922
4300624896.0,0.17485176026821136
4301562368.0,0.18144750595092773
4302499840.0,0.18602243065834045
4303437312.0,0.18857374787330627
4304374784.0,0.1874714493751526
4305312256.0,0.18316328525543213
4306250240.0,0.17829380929470062
4307187712.0,0.16967983543872833
4308125184.0,0.1606755554676056
4309062656.0,0.14737847447395325
4310000128.0,0.13365472853183746
4310937600.0,0.11746668070554733
4311875072.0,0.1008232906460762
4312812544.0,0.08363562077283859
4313750016.0,0.06528200954198837
4314687488.0,0.04618948698043823
4315624960.0,0.02714570239186287
4316562432.0,0.00768749974668026
4317499904.0,-0.012076153419911861
4318437376.0,-0.03262070193886757
4319374848.0,-0.05114579573273659
4320312320.0,-0.06989149004220963
4321249792.0,-0.08738064020872116
4322187264.0,-0.10394483804702759
4323125248.0,-0.1186695322394371
4324062720.0,-0.1337997317314148
4325000192.0,-0.14689379930496216
4325937664.0,-0.15924890339374542
4326875136.0,-0.22068214416503906
4327812608.0,-0.22143176198005676
4328750080.0,-0.2209496796131134
4329687552.0,-0.21787278354167938
4330625024.0,-0.21352456510066986
4331562496.0,-0.2091015726327896
4332499968.0,-0.20275476574897766
4333437440.0,-0.19529055058956146
4334374912.0,-0.187483549118042
4335312384.0,-0.1785045862197876
4336249856.0,-0.16916342079639435
4337187328.0,-0.16033360362052917
4338124800.0,-0.15107131004333496
4339062272.0,-0.1418510377407074
4339999744.0,-0.1327243596315384
4340937728.0,-0.12596085667610168
4341875200.0,-0.11920405924320221
4342812672.0,-0.11238116025924683
4343750144.0,-0.10643990337848663
4344687616.0,-0.10135766118764877
4345625088.0,-0.09748351573944092
4346562560.0,-0.09407255798578262
4347500032.0,-0.09123654663562775
4348437504.0,-0.08855137974023819
4349374976.0,-0.08869011700153351
4350312448.0,-0.08722838759422302
4351249920.0,-0.08718240261077881
4352187392.0,-0.0880940780043602
4353124864.0,-0.08961550891399384
4354062336.0,-0.09079298377037048
4354999808.0,-0.09188809245824814
4355937280.0,-0.09401769191026688
4356874752.0,-0.09573052078485489
4357812736.0,-0.09768892079591751
4358750208.0,-0.10045524686574936
4359687680.0,-0.10318981111049652
4360625152.0,-0.10642481595277786
4361562624.0,-0.10978424549102783
4362500096.0,-0.11350266635417938
4363437568.0,-0.11685787886381149
4364375040.0,-0.1200636774301529
4365312512.0,-0.12296103686094284
4366249984.0,-0.12685362994670868
4367187456.0,-0.13004657626152039
4368124928.0,-0.13380257785320282
4369062400.0,-0.13692982494831085
4369999872.0,-0.14120735228061676
4370937344.0,-0.14396987855434418
4371874816.0,-0.14773868024349213
4372812288.0,-0.15110942721366882
4373749760.0,-0.15587124228477478
4374687744.0,-0.15967458486557007
4375625216.0,-0.1640324592590332
4376562688.0,-0.1693209558725357
4377500160.0,-0.17457276582717896
4378437632.0,-0.18112227320671082
4379375104.0,-0.1869860738515854
4380312576.0,-0.19481942057609558
4381250048.0,-0.20233982801437378
4382187520.0,-0.21031196415424347
4383124992.0,-0.22009240090847015
4384062464.0,-0.22886693477630615
4384999936.0,-0.24025802314281464
4385937408.0,-0.25211071968078613
4386874880.0,-0.3233746290206909
4387812352.0,-0.3318173885345459
4388749824.0,-0.33982640504837036
4389687296.0,-0.346339613199234
4390624768.0,-0.35012272000312805
4391562752.0,-0.3519625961780548
4392500224.0,-0.3529258668422699
4393437696.0,-0.35075846314430237
4394375168.0,-0.3484731614589691
4395312640.0,-0.3428681492805481
4396250112.0,-0.33725854754447937
4397187584.0,-0.3277731239795685
4398125056.0,-0.31760165095329285
4399062528.0,-0.30554330348968506
4400000000.0,-0.29309892654418945
4400937472.0,-0.2782445251941681
4401874944.0,-0.26123666763305664
4402812416.0,-0.2449398636817932
4403749888.0,-0.22812123596668243
4404687360.0,-0.20981182157993317
4405624832.0,-0.19172067940235138
4406562304.0,-0.17446261644363403
4407499776.0,-0.15620452165603638
4408437248.0,-0.1396576315164566
4409375232.0,-0.12311480939388275
4410312704.0,-0.10650591552257538
4411250176.0,-0.09085167944431305
4412187648.0,-0.0774228423833847
4413125120.0,-0.06511495262384415
4414062592.0,-0.05476801097393036
4415000064.0,-0.04646392539143562
4415937536.0,-0.04029970243573189
4416875008.0,-0.03621523454785347
4417812480.0,-0.03535385802388191
4418749952.0,-0.03655741363763809
4419687424.0,-0.041130322962999344
4420624896.0,-0.04803863540291786
4421562368.0,-0.05662781000137329
4422499840.0,-0.06722430139780045
4423437312.0,-0.07797040045261383
4424374784.0,-0.09232429414987564
4425312256.0,-0.10782352089881897
4426250240.0,-0.1247057169675827
4427187712.0,-0.1430472880601883
4428125184.0,-0.1626887172460556
4429062656.0,-0.1841307133436203
4430000128.0,-0.20622539520263672
4430937600.0,-0.22931303083896637
4431875072.0,-0.2527979910373688
4432812544.0,-0.27686449885368347
4433750016.0,-0.3006236255168915
4434687488.0,-0.32541966438293457
4435624960.0,-0.34945937991142273
4436562432.0,-0.3726236820220947
4437499904.0,-0.3947324752807617
4438437376.0,-0.4164450764656067
4439374848.0,-0.43724822998046875
4440312320.0,-0.45717746019363403
4441249792.0,-0.47483551502227783
4442187264.0,-0.49033528566360474
4443125248.0,-0.5055290460586548
4444062720.0,-0.5174949765205383
4445000192.0,-0.528156042098999
4445937664.0,-0.535427451133728
4446875136.0,-0.5469210147857666
4447812608.0,-0.5545264482498169
4448750080.0,-0.5589764714241028
4449687552.0,-0.5630955100059509
4450625024.0,-0.5630024671554565
4451562496.0,-0.5609622001647949
4452499968.0,-0.5572214126586914
4453437440.0,-0.5515312552452087
4454374912.0,-0.5428467988967896
4455312384.0,-0.5330264568328857
4456249856.0,-0.5216604471206665
4457187328.0,-0.5092210173606873
4458124800.0,-0.4950420558452606
4459062272.0,-0.4788414239883423
4460000256.0,-0.4624585807323456
4460937728.0,-0.4463239014148712
4461875200.0,-0.42967283725738525
4462812672.0,-0.41292324662208557
4463750144.0,-0.3959049582481384
4464687616.0,-0.3793359100818634
4465625088.0,-0.3626340329647064
4466562560.0,-0.3477123975753784
4467500032.0,-0.3320428729057312
4468437504.0,-0.31925275921821594
4469374976.0,-0.30561888217926025
4470312448.0,-0.29431262612342834
4471249920.0,-0.2835899889469147
4472187392.0,-0.2744384706020355
4473124864.0,-0.26611489057540894
4474062336.0,-0.2603486478328705
4474999808.0,-0.2574859857559204
4475937280.0,-0.25625041127204895
4476874752.0,-0.25570544600486755
4477812736.0,-0.2581796646118164
4478750208.0,-0.2629390358924866
4479687680.0,-0.269662082195282
4480625152.0,-0.2779749631881714
4481562624.0,-0.2899448573589325
4482500096.0,-0.3022348880767822
4483437568.0,-0.3179369568824768
4484375040.0,-0.3357767164707184
4485312512.0,-0.3560439646244049
4486249984.0,-0.3777720630168915
4487187456.0,-0.40216127038002014
4488124928.0,-0.4287703037261963
4489062400.0,-0.4569423198699951
4489999872.0,-0.48693346977233887
4490937344.0,-0.5178735852241516
4491874816.0,-0.550365686416626
4492812288.0,-0.582764744758606
4493749760.0,-0.6155487895011902
4494687744.0,-0.6511884927749634
4495625216.0,-0.6837820410728455
4496562688.0,-0.7175073623657227
4497500160.0,-0.7503596544265747
4498437632.0,-0.7817698121070862
4499375104.0,-0.8122835159301758
4500312576.0,-0.8412129878997803
4501250048.0,-0.8681879043579102
4502187520.0,-0.893799364566803
4503124992.0,-0.9178841710090637
4504062464.0,-0.9405025243759155
4504999936.0,-0.9605429768562317
4505937408.0,-0.9785478711128235
4506874880.0,-0.9439893364906311
4507812352.0,-0.9581577777862549
4508749824.0,-0.9707731604576111
4509687296.0,-0.9800392389297485
4510624768.0,-0.9880220293998718
4511562752.0,-0.9928984642028809
4512500224.0,-0.9942979216575623
4513437696.0,-0.9919527173042297
4514375168.0,-0.9869556427001953
4515312640.0,-0.9806774258613586
4516250112.0,-0.9717008471488953
4517187584.0,-0.9604439735412598
4518125056.0,-0.9478829503059387
4519062528.0,-0.936462938785553
4520000000.0,-0.9215822815895081
4520937472.0,-0.9066537022590637
4521874944.0,-0.8890771865844727
4522812416.0,-0.8725013136863708
4523749888.0,-0.8562370538711548
4524687360.0,-0.8409929275512695
4525624832.0,-0.8281821012496948
4526562304.0,-0.815769374370575
4527499776.0,-0.8061805963516235
4528437248.0,-0.7964508533477783
4529375232.0,-0.7885423898696899
4530312704.0,-0.7814741730690002
4531250176.0,-0.7778099179267883
4532187648.0,-0.7771683931350708
4533125120.0,-0.7812407612800598
4534062592.0,-0.7866584062576294
4535000064.0,-0.7975285649299622
4535937536.0,-0.8117058873176575
4536875008.0,-0.8308534026145935
4537812480.0,-0.851856529712677
4538749952.0,-0.877590000629425
4539687424.0,-0.9067530632019043
4540624896.0,-0.9373962879180908
4541562368.0,-0.9707282781600952
4542499840.0,-1.0069801807403564
4543437312.0,-1.0459219217300415
4544374784.0,-1.08873450756073
4545312256.0,-1.1341885328292847
4546250240.0,-1.1848453283309937
4547187712.0,-1.2382404804229736
4548125184.0,-1.2948954105377197
4549062656.0,-1.3559542894363403
4550000128.0,-1.4192559719085693
4550937600.0,-1.4853557348251343
4551875072.0,-1.552600383758545
4552812544.0,-1.6208418607711792
4553750016.0,-1.691375494003296
4554687488.0,-1.7612184286117554
4555624960.0,-1.8316586017608643
4556562432.0,-1.902559518814087
4557499904.0,-1.974109411239624
4558437376.0,-2.0454046726226807
4559374848.0,-2.1164917945861816
4560312320.0,-2.1869378089904785
4561249792.0,-2.2551887035369873
4562187264.0,-2.321235418319702
4563125248.0,-2.3841500282287598
4564062720.0,-2.4477193355560303
4565000192.0,-2.511817455291748
4565937664.0,-2.5756077766418457
4566875136.0,-2.4559214115142822
4567812608.0,-2.494549512863159
4568750080.0,-2.53043794631958
4569687552.0,-2.565459728240967
4570625024.0,-2.5985560417175293
4571562496.0,-2.6303458213806152
4572499968.0,-2.6608667373657227
4573437440.0,-2.690615653991699
4574374912.0,-2.721512794494629
4575312384.0,-2.753183603286743
4576249856.0,-2.7865355014801025
4577187328.0,-2.820362091064453
4578124800.0,-2.853391647338867
4579062272.0,-2.886934757232666
4579999744.0,-2.918689727783203
4580937728.0,-2.95076584815979
4581875200.0,-2.980229616165161
4582812672.0,-3.009037494659424
4583750144.0,-3.0398595333099365
4584687616.0,-3.0722367763519287
4585625088.0,-3.1077969074249268
4586562560.0,-3.1454007625579834
4587500032.0,-3.1853585243225098
4588437504.0,-3.223325490951538
4589374976.0,-3.261108160018921
4590312448.0,-3.2969858646392822
4591249920.0,-3.3350377082824707
4592187392.0,-3.37235689163208
4593124864.0,-3.412504196166992
4594062336.0,-3.4552721977233887
4594999808.0,-3.498688220977783
4595937280.0,-3.5452468395233154
4596874752.0,-3.5919766426086426
4597812736.0,-3.6373283863067627
4598750208.0,-3.6813294887542725
4599687680.0,-3.726668357849121
4600625152.0,-3.7739696502685547
4601562624.0,-3.8224055767059326
4602500096.0,-3.871323347091675
4603437568.0,-3.919691324234009
4604375040.0,-3.968585252761841
4605312512.0,-4.018424987792969
4606249984.0,-4.0677170753479
4607187456.0,-4.1174774169921875
4608124928.0,-4.166125297546387
4609062400.0,-4.211345195770264
4609999872.0,-4.256686687469482
4610937344.0,-4.299927711486816
4611874816.0,-4.341822147369385
4612812288.0,-4.3786492347717285
4613749760.0,-4.412130355834961
4614687744.0,-4.440755367279053
4615625216.0,-4.464638710021973
4616562688.0,-4.481345176696777
4617500160.0,-4.492173194885254
4618437632.0,-4.496999740600586
4619375104.0,-4.49685001373291
4620312576.0,-4.492950916290283
4621250048.0,-4.488410472869873
4622187520.0,-4.480126857757568
4623124992.0,-4.468028545379639
4624062464.0,-4.45114278793335
4624999936.0,-4.428470134735107
4625937408.0,-4.403689861297607
4626874880.0,-4.559494972229004
4627812352.0,-4.511065483093262
4628749824.0,-4.455247402191162
4629687296.0,-4.397543430328369
4630624768.0,-4.331843852996826
4631562752.0,-4.261495113372803
4632500224.0,-4.185791969299316
4633437696.0,-4.101171016693115
4634375168.0,-4.011176109313965
4635312640.0,-3.916856050491333
4636250112.0,-3.819366931915283
4637187584.0,-3.7176620960235596
4638125056.0,-3.6136839389801025
4639062528.0,-3.5069782733917236
4640000000.0,-3.397390127182007
4640937472.0,-3.287323474884033
4641874944.0,-3.175431489944458
4642812416.0,-3.064012289047241
4643749888.0,-2.955038547515869
4644687360.0,-2.8479225635528564
4645624832.0,-2.743351936340332
4646562304.0,-2.641403913497925
4647499776.0,-2.542559862136841
4648437248.0,-2.447328567504883
4649375232.0,-2.354867696762085
4650312704.0,-2.265958786010742
4651250176.0,-2.1819608211517334
4652187648.0,-2.101245403289795
4653125120.0,-2.025784730911255
4654062592.0,-1.9528814554214478
4655000064.0,-1.8838577270507812
4655937536.0,-1.8157992362976074
4656875008.0,-1.7521848678588867
4657812480.0,-1.690800428390503
4658749952.0,-1.6330446004867554
4659687424.0,-1.5798799991607666
4660624896.0,-1.5337293148040771
4661562368.0,-1.493018388748169
4662499840.0,-1.45680832862854
4663437312.0,-1.4273720979690552
4664374784.0,-1.400640845298767
4665312256.0,-1.3777940273284912
4666250240.0,-1.3576866388320923
4667187712.0,-1.342808485031128
4668125184.0,-1.329351544380188
4669062656.0,-1.318081259727478
4670000128.0,-1.3066444396972656
4670937600.0,-1.297632098197937
4671875072.0,-1.2892671823501587
4672812544.0,-1.2837344408035278
4673750016.0,-1.2782862186431885
4674687488.0,-1.2730454206466675
4675624960.0,-1.2662726640701294
4676562432.0,-1.2592203617095947
4677499904.0,-1.249314546585083
4678437376.0,-1.2394102811813354
4679374848.0,-1.2247014045715332
4680312320.0,-1.2107858657836914
4681249792.0,-1.1931730508804321
4682187264.0,-1.1747024059295654
4683125248.0,-1.155713677406311
4684062720.0,-1.1357117891311646
4685000192.0,-1.1146215200424194
4685937664.0,-1.092792272567749
4686875136.0,-1.095606803894043
4687812608.0,-1.0716813802719116
4688750080.0,-1.0457602739334106
4689687552.0,-1.0183594226837158
4690625024.0,-0.990414023399353
4691562496.0,-0.9604337215423584
4692499968.0,-0.9306633472442627
4693437440.0,-0.8999418020248413
4694374912.0,-0.8680486083030701
4695312384.0,-0.8369963765144348
4696249856.0,-0.8052438497543335
4697187328.0,-0.772707998752594
4698124800.0,-0.7402980327606201
4699062272.0,-0.706497848033905
4700000256.0,-0.6734355688095093
4700937728.0,-0.6404847502708435
4701875200.0,-0.6071903109550476
4702812672.0,-0.5749284625053406
4703750144.0,-0.5430822968482971
4704687616.0,-0.5130762457847595
4705625088.0,-0.4841935634613037
4706562560.0,-0.45681658387184143
4707500032.0,-0.43075546622276306
4708437504.0,-0.40619635581970215
4709374976.0,-0.383086234331131
4710312448.0,-0.36129218339920044
4711249920.0,-0.3419722616672516
4712187392.0,-0.32444241642951965
4713124864.0,-0.3084350824356079
4714062336.0,-0.2951916754245758
4714999808.0,-0.28326764702796936
4715937280.0,-0.2725681960582733
4716874752.0,-0.2648681402206421
4717812736.0,-0.2578999102115631
4718750208.0,-0.25405240058898926
4719687680.0,-0.25126591324806213
4720625152.0,-0.2505481243133545
4721562624.0,-0.25291910767555237
4722500096.0,-0.2565751075744629
4723437568.0,-0.26253849267959595
4724375040.0,-0.2711887061595917
4725312512.0,-0.28066402673721313
4726249984.0,-0.29169222712516785
4727187456.0,-0.3052319288253784
4728124928.0,-0.31903916597366333
4729062400.0,-0.3353048264980316
4729999872.0,-0.3526046872138977
4730937344.0,-0.37003445625305176
4731874816.0,-0.38818976283073425
4732812288.0,-0.4067155122756958
4733749760.0,-0.4250818192958832
4734687744.0,-0.4441767632961273
4735625216.0,-0.4626823365688324
4736562688.0,-0.48094385862350464
4737500160.0,-0.4993678629398346
4738437632.0,-0.5162583589553833
4739375104.0,-0.531865119934082
4740312576.0,-0.5478605628013611
4741250048.0,-0.5622373223304749
4742187520.0,-0.57585209608078
4743124992.0,-0.5872739553451538
4744062464.0,-0.5987200736999512
4744999936.0,-0.608870267868042
4745937408.0,-0.6172365546226501
4746874880.0,-0.43537914752960205
4747812352.0,-0.43446505069732666
4748749824.0,-0.43345892429351807
4749687296.0,-0.43265360593795776
4750624768.0,-0.4308633506298065
4751562752.0,-0.42879143357276917
4752500224.0,-0.42611366510391235
4753437696.0,-0.4234060049057007
4754375168.0,-0.41996094584465027
4755312640.0,-0.41498875617980957
4756250112.0,-0.41019847989082336
4757187584.0,-0.40520817041397095
4758125056.0,-0.40076014399528503
4759062528.0,-0.394819051027298
4760000000.0,-0.3875959813594818
4760937472.0,-0.38087770342826843
4761874944.0,-0.3726919889450073
4762812416.0,-0.3639679551124573
4763749888.0,-0.35520973801612854
4764687360.0,-0.3457919657230377
4765624832.0,-0.33561187982559204
4766562304.0,-0.32423314452171326
4767499776.0,-0.3117678463459015
4768437248.0,-0.3010518550872803
4769375232.0,-0.28801411390304565
4770312704.0,-0.2746802568435669
4771250176.0,-0.2603253424167633
4772187648.0,-0.24502670764923096
4773125120.0,-0.22906261682510376
4774062592.0,-0.2119240164756775
4775000064.0,-0.19325672090053558
4775937536.0,-0.17622442543506622
4776875008.0,-0.15771357715129852
4777812480.0,-0.1375586986541748
4778749952.0,-0.1170545443892479
4779687424.0,-0.09665540605783463
4780624896.0,-0.07574670761823654
4781562368.0,-0.053869690746068954
4782499840.0,-0.03158363327383995
4783437312.0,-0.011027812957763672
4784374784.0,0.00994033832103014
4785312256.0,0.03177046403288841
4786250240.0,0.052384696900844574
4787187712.0,0.07157536596059799
4788125184.0,0.08966874331235886
4789062656.0,0.10809290409088135
4790000128.0,0.12408828735351562
4790937600.0,0.13840481638908386
4791875072.0,0.15222527086734772
4792812544.0,0.16273926198482513
4793750016.0,0.1726444661617279
4794687488.0,0.17963197827339172
4795624960.0,0.18513847887516022
4796562432.0,0.1868898570537567
4797499904.0,0.18666504323482513
4798437376.0,0.18346968293190002
4799374848.0,0.17722807824611664
4800312320.0,0.168551966547966
4801249792.0,0.15759919583797455
4802187264.0,0.14356477558612823
4803125248.0,0.1275862753391266
4804062720.0,0.10856253653764725
4805000192.0,0.08687790483236313
4805937664.0,0.06334060430526733
4806875136.0,-0.21749930083751678
4807812608.0,-0.2237410992383957
4808750080.0,-0.23064380884170532
4809687552.0,-0.23744194209575653
4810625024.0,-0.24556750059127808
4811562496.0,-0.2511105239391327
4812499968.0,-0.2570716440677643
4813437440.0,-0.26288291811943054
4814374912.0,-0.26719728112220764
4815312384.0,-0.27143731713294983
4816249856.0,-0.27544766664505005
4817187328.0,-0.27715155482292175
4818124800.0,-0.2788749039173126
4819062272.0,-0.27965062856674194
4819999744.0,-0.27972611784935
4820937728.0,-0.278260737657547
4821875200.0,-0.2763880789279938
4822812672.0,-0.2734581530094147
4823750144.0,-0.26871901750564575
4824687616.0,-0.2632022202014923
4825625088.0,-0.25756168365478516
4826562560.0,-0.2501159608364105
4827500032.0,-0.2418685108423233
4828437504.0,-0.23292577266693115
4829374976.0,-0.22483012080192566
4830312448.0,-0.21439555287361145
4831249920.0,-0.20353585481643677
4832187392.0,-0.192776158452034
4833124864.0,-0.18162378668785095
4834062336.0,-0.17014549672603607
4834999808.0,-0.15902259945869446
4835937280.0,-0.14844626188278198
4836874752.0,-0.13799823820590973
4837812736.0,-0.1278458535671234
4838750208.0,-0.11817106604576111
4839687680.0,-0.1095944494009018
4840625152.0,-0.10298987478017807
4841562624.0,-0.09623439610004425
4842500096.0,-0.09141967445611954
4843437568.0,-0.08820883929729462
4844375040.0,-0.08709167689085007
4845312512.0,-0.08719294518232346
4846249984.0,-0.08816155791282654
4847187456.0,-0.09100937098264694
4848124928.0,-0.0964057445526123
4849062400.0,-0.1015004888176918
4849999872.0,-0.10837182402610779
4850937344.0,-0.11764073371887207
4851874816.0,-0.1264573335647583
4852812288.0,-0.13875681161880493
4853749760.0,-0.15099531412124634
4854687744.0,-0.16378065943717957
4855625216.0,-0.17836984992027283
4856562688.0,-0.19209586083889008
4857500160.0,-0.20639875531196594
4858437632.0,-0.22070010006427765
4859375104.0,-0.23420898616313934
4860312576.0,-0.24840790033340454
4861250048.0,-0.2601706087589264
4862187520.0,-0.27312910556793213
4863124992.0,-0.28425833582878113
4864062464.0,-0.29514336585998535
4864999936.0,-0.30378296971321106
4865937408.0,-0.31201034784317017
4866874880.0,-0.2968750596046448
4867812352.0,-0.30394884943962097
4868749824.0,-0.3098171651363373
4869687296.0,-0.31532108783721924
4870624768.0,-0.31921976804733276
4871562752.0,-0.3227809965610504
4872500224.0,-0.3248545825481415
4873437696.0,-0.32710838317871094
4874375168.0,-0.3277144134044647
4875312640.0,-0.3264812231063843
4876250112.0,-0.32508429884910583
4877187584.0,-0.3237813413143158
4878125056.0,-0.31925976276397705
4879062528.0,-0.31426510214805603
4880000000.0,-0.30914217233657837
4880937472.0,-0.30163607001304626
4881874944.0,-0.2937774658203125
4882812416.0,-0.28471970558166504
4883749888.0,-0.27597275376319885
4884687360.0,-0.26525959372520447
4885624832.0,-0.25444167852401733
4886562304.0,-0.2440531849861145
4887499776.0,-0.23181995749473572
4888437248.0,-0.2194160521030426
4889375232.0,-0.20647774636745453
4890312704.0,-0.1925252228975296
4891250176.0,-0.17877696454524994
4892187648.0,-0.16562896966934204
4893125120.0,-0.1517438292503357
4894062592.0,-0.1386222392320633
4895000064.0,-0.12435056269168854
4895937536.0,-0.11076109856367111
4896875008.0,-0.09710954874753952
4897812480.0,-0.08389678597450256
4898749952.0,-0.07138068228960037
4899687424.0,-0.05935929715633392
4900624896.0,-0.04760550707578659
4901562368.0,-0.03753640502691269
4902499840.0,-0.027207467705011368
4903437312.0,-0.020000476390123367
4904374784.0,-0.01062293816357851
4905312256.0,-0.00510921236127615
4906250240.0,0.00023206943296827376
4907187712.0,0.004622809123247862
4908125184.0,0.0081143444404006
4909062656.0,0.009573476389050484
4910000128.0,0.009683138690888882
4910937600.0,0.007954258471727371
4911875072.0,0.0052397893741726875
4912812544.0,0.0013321870937943459
4913750016.0,-0.002557121217250824
4914687488.0,-0.008735990151762962
4915624960.0,-0.016282878816127777
4916562432.0,-0.023292213678359985
4917499904.0,-0.03259146586060524
4918437376.0,-0.04155664145946503
4919374848.0,-0.05140354111790657
4920312320.0,-0.06226494908332825
4921249792.0,-0.07249892503023148
4922187264.0,-0.08469142019748688
4923125248.0,-0.0969274491071701
4924062720.0,-0.10872720927000046
4925000192.0,-0.12153571844100952
4925937664.0,-0.1831713169813156
4926875136.0,-0.1834365874528885
4927812608.0,-0.18420709669589996
4928750080.0,-0.18542131781578064
4929687552.0,-0.1856154203414917
4930625024.0,-0.1861506700515747
4931562496.0,-0.18595539033412933
4932499968.0,-0.18478691577911377
4933437440.0,-0.18459506332874298
4934374912.0,-0.18265603482723236
4935312384.0,-0.17972545325756073
4936249856.0,-0.1770629584789276
4937187328.0,-0.17456091940402985
4938124800.0,-0.1701904833316803
4939062272.0,-0.1652907282114029
4940000256.0,-0.1606369912624359
4940937728.0,-0.15449120104312897
4941875200.0,-0.1485779732465744
4942812672.0,-0.14143723249435425
4943750144.0,-0.1338270902633667
4944687616.0,-0.125865176320076
4945625088.0,-0.1173454150557518
4946562560.0,-0.1078997552394867
4947500032.0,-0.0978502631187439
4948437504.0,-0.0880851149559021
4949374976.0,-0.07752674072980881
4950312448.0,-0.06640231609344482
4951249920.0,-0.05543322488665581
4952187392.0,-0.044153954833745956
4953124864.0,-0.033714886754751205
4954062336.0,-0.0231461338698864
4954999808.0,-0.011911633424460888
4955937280.0,-0.002475289162248373
4956874752.0,0.006615683902055025
4957812736.0,0.01568676345050335
4958750208.0,0.02240954339504242
4959687680.0,0.030757984146475792
4960625152.0,0.03667226433753967
4961562624.0,0.041504260152578354
4962500096.0,0.04562867805361748
4963437568.0,0.04987739399075508
4964375040.0,0.05141369625926018
4965312512.0,0.0514809750020504
4966249984.0,0.05124758929014206
4967187456.0,0.0495503805577755
4968124928.0,0.046197183430194855
4969062400.0,0.04234228655695915
4969999872.0,0.03784283250570297
4970937344.0,0.03161120414733887
4971874816.0,0.024466639384627342
4972812288.0,0.01692195236682892
4973749760.0,0.008272026665508747
4974687744.0,-0.0013375572161749005
4975625216.0,-0.010363945737481117
4976562688.0,-0.02010776475071907
4977500160.0,-0.030980143696069717
4978437632.0,-0.04142960533499718
4979375104.0,-0.050741150975227356
4980312576.0,-0.061183515936136246
4981250048.0,-0.07126525044441223
4982187520.0,-0.08165017515420914
4983124992.0,-0.09118521958589554
4984062464.0,-0.1024286150932312
4984999936.0,-0.11071491986513138
4985937408.0,-0.15422186255455017
4986874880.0,-0.16391132771968842
4987812352.0,-0.17369839549064636
4988749824.0,-0.18256770074367523
4989687296.0,-0.1892349272966385
4990624768.0,-0.19543296098709106
4991562752.0,-0.20032155513763428
4992500224.0,-0.2034527212381363
4993437696.0,-0.2054499238729477
4994375168.0,-0.20539261400699615
4995312640.0,-0.20516790449619293
4996250112.0,-0.20298828184604645
4997187584.0,-0.19935104250907898
4998125056.0,-0.1946004182100296
4999062528.0,-0.1887022703886032
5000000000.0,-0.1821216493844986
5000937472.0,-0.17397314310073853
5001874944.0,-0.1643090695142746
5002812416.0,-0.1542341560125351
5003749888.0,-0.1440049409866333
5004687360.0,-0.13296791911125183
5005624832.0,-0.11999448388814926
5006562304.0,-0.10816609859466553
5007499776.0,-0.0956445187330246
5008437248.0,-0.08355054259300232
5009375232.0,-0.07196802645921707
5010312704.0,-0.05955834314227104
5011250176.0,-0.04744294285774231
5012187648.0,-0.0352613665163517
5013125120.0,-0.024098040536046028
5014062592.0,-0.01394178532063961
5015000064.0,-0.0031189729925245047
5015937536.0,0.006213518790900707
5016875008.0,0.01601726934313774
5017812480.0,0.024353530257940292
5018749952.0,0.03261532634496689
5019687424.0,0.040154069662094116
5020624896.0,0.04505490884184837
5021562368.0,0.04933740198612213
5022499840.0,0.05258713290095329
5023437312.0,0.0548812672495842
5024374784.0,0.05611107125878334
5025312256.0,0.05737444385886192
5026250240.0,0.05652448534965515
5027187712.0,0.05573364719748497
5028125184.0,0.053139615803956985
5029062656.0,0.0500783734023571
5030000128.0,0.04598304629325867
5030937600.0,0.04104454070329666
5031875072.0,0.03558934107422829
5032812544.0,0.029983608052134514
5033750016.0,0.023297037929296494
5034687488.0,0.015264831483364105
5035624960.0,0.008481788448989391
5036562432.0,-0.0009392028441652656
5037499904.0,-0.009837315417826176
5038437376.0,-0.018031544983386993
5039374848.0,-0.027289578691124916
5040312320.0,-0.03692779317498207
5041249792.0,-0.04515637829899788
5042187264.0,-0.054199349135160446
5043125248.0,-0.0635746642947197
5044062720.0,-0.07117217779159546
5045000192.0,-0.07955658435821533
5045937664.0,-0.09658454358577728
5046875136.0,-0.10663312673568726
5047812608.0,-0.11489289253950119
5048750080.0,-0.12290101498365402
5049687552.0,-0.12968800961971283
5050625024.0,-0.13752135634422302
5051562496.0,-0.14411567151546478
5052499968.0,-0.15046855807304382
5053437440.0,-0.15542015433311462
5054374912.0,-0.16057834029197693
5055312384.0,-0.16488300263881683
5056249856.0,-0.1688891053199768
5057187328.0,-0.17242713272571564
5058124800.0,-0.1747799664735794
5059062272.0,-0.1763221174478531
5059999744.0,-0.17652735114097595
5060937728.0,-0.17654815316200256
5061875200.0,-0.17670097947120667
5062812672.0,-0.17429715394973755
5063750144.0,-0.17203933000564575
5064687616.0,-0.16910472512245178
5065625088.0,-0.16470178961753845
5066562560.0,-0.1598624736070633
5067500032.0,-0.15462584793567657
5068437504.0,-0.1484868824481964
5069374976.0,-0.14271657168865204
5070312448.0,-0.13510414958000183
5071249920.0,-0.1280049979686737
5072187392.0,-0.1196671575307846
5073124864.0,-0.11240294575691223
5074062336.0,-0.10529132187366486
5074999808.0,-0.09846103191375732
5075937280.0,-0.09152775257825851
5076874752.0,-0.08418667316436768
5077812736.0,-0.07831916213035583
5078750208.0,-0.07159842550754547
5079687680.0,-0.0655321255326271
5080625152.0,-0.05753601714968681
5081562624.0,-0.0524095818400383
5082500096.0,-0.04695398733019829
5083437568.0,-0.042451512068510056
5084375040.0,-0.03787104785442352
5085312512.0,-0.03391085937619209
5086249984.0,-0.030734794214367867
5087187456.0,-0.02859300747513771
5088124928.0,-0.026910237967967987
5089062400.0,-0.02506699599325657
5089999872.0,-0.02433287538588047
5090937344.0,-0.022691937163472176
5091874816.0,-0.02264617569744587
5092812288.0,-0.022613175213336945
5093749760.0,-0.0234391987323761
5094687744.0,-0.02438347600400448
5095625216.0,-0.025554407387971878
5096562688.0,-0.028133776038885117
5097500160.0,-0.03071196749806404
5098437632.0,-0.03308878466486931
5099375104.0,-0.03531565144658089
5100312576.0,-0.03923112154006958
5101250048.0,-0.043036088347435
5102187520.0,-0.04636699706315994
5103124992.0,-0.05074099451303482
5104062464.0,-0.05453771725296974
5104999936.0,-0.0588347427546978
5105937408.0,-0.132145494222641
5106874880.0,-0.13715338706970215
5107812352.0,-0.14263595640659332
5108749824.0,-0.14677925407886505
5109687296.0,-0.1510634869337082
5110624768.0,-0.15363451838493347
5111562752.0,-0.15556831657886505
5112500224.0,-0.15650202333927155
5113437696.0,-0.15775321424007416
5114375168.0,-0.15843592584133148
5115312640.0,-0.15761536359786987
5116250112.0,-0.15631942451000214
5117187584.0,-0.15426865220069885
5118125056.0,-0.1516062319278717
5119062528.0,-0.14833495020866394
5120000000.0,-0.1440310925245285
5120937472.0,-0.1399906575679779
5121874944.0,-0.1350237876176834
5122812416.0,-0.13077783584594727
5123749888.0,-0.12582503259181976
5124687360.0,-0.1208484098315239
5125624832.0,-0.1160738617181778
5126562304.0,-0.11170665919780731
5127499776.0,-0.1058017835021019
5128437248.0,-0.10259100049734116
5129375232.0,-0.09795205295085907
5130312704.0,-0.09459754824638367
5131250176.0,-0.08897782862186432
5132187648.0,-0.08453565090894699
5133125120.0,-0.08027846366167068
5134062592.0,-0.07681508362293243
5135000064.0,-0.07364901155233383
5135937536.0,-0.07132203876972198
5136875008.0,-0.06913566589355469
5137812480.0,-0.06655944138765335
5138749952.0,-0.06558634340763092
5139687424.0,-0.06536827981472015
5140624896.0,-0.06470654159784317
5141562368.0,-0.06420215964317322
5142499840.0,-0.06467681378126144
5143437312.0,-0.06562875956296921
5144374784.0,-0.06820741295814514
5145312256.0,-0.07083237916231155
5146250240.0,-0.07343477010726929
5147187712.0,-0.07673323154449463
5148125184.0,-0.08078684657812119
5149062656.0,-0.08569104969501495
5150000128.0,-0.08949528634548187
5150937600.0,-0.09401385486125946
5151875072.0,-0.09914985299110413
5152812544.0,-0.10532686859369278
5153750016.0,-0.11141751706600189
5154687488.0,-0.11650144308805466
5155624960.0,-0.12226671725511551
5156562432.0,-0.12938624620437622
5157499904.0,-0.13638268411159515
5158437376.0,-0.1430402398109436
5159374848.0,-0.15170283615589142
5160312320.0,-0.16038617491722107
5161249792.0,-0.16809244453907013
5162187264.0,-0.17695705592632294
5163125248.0,-0.1860424131155014
5164062720.0,-0.1950656920671463
5165000192.0,-0.20328417420387268
5165937664.0,-0.20284238457679749
5166875136.0,-0.21382629871368408
5167812608.0,-0.2247176319360733
5168750080.0,-0.23411798477172852
5169687552.0,-0.24208427965641022
5170625024.0,-0.24910253286361694
5171562496.0,-0.25477418303489685
5172499968.0,-0.2590281367301941
5173437440.0,-0.26169872283935547
5174374912.0,-0.26464447379112244
5175312384.0,-0.26454445719718933
5176249856.0,-0.2639199495315552
5177187328.0,-0.26174086332321167
5178124800.0,-0.25810375809669495
5179062272.0,-0.25390854477882385
5180000256.0,-0.2483351230621338
5180937728.0,-0.24152490496635437
5181875200.0,-0.233293354511261
5182812672.0,-0.22472096979618073
5183750144.0,-0.21546044945716858
5184687616.0,-0.2046210616827011
5185625088.0,-0.1936825066804886
5186562560.0,-0.1804947406053543
5187500032.0,-0.1681727170944214
5188437504.0,-0.1560206413269043
5189374976.0,-0.143236443400383
5190312448.0,-0.13035793602466583
5191249920.0,-0.11748436093330383
5192187392.0,-0.10418042540550232
5193124864.0,-0.09283647686243057
5194062336.0,-0.08008667081594467
5194999808.0,-0.06772512197494507
5195937280.0,-0.05701033025979996
5196874752.0,-0.04488256201148033
5197812736.0,-0.03377499431371689
5198750208.0,-0.02310844324529171
5199687680.0,-0.01467178575694561
5200625152.0,-0.007571134250611067
5201562624.0,-0.0014255682472139597
5202500096.0,0.005063412711024284
5203437568.0,0.009735874831676483
5204375040.0,0.012730458751320839
5205312512.0,0.014497030526399612
5206249984.0,0.015266449190676212
5207187456.0,0.014499804936349392
5208124928.0,0.01231048721820116
5209062400.0,0.009960723109543324
5209999872.0,0.005747592076659203
5210937344.0,-9.407324978383258e-05
5211874816.0,-0.00606407830491662
5212812288.0,-0.015532844699919224
5213749760.0,-0.02603846974670887
5214687744.0,-0.03750310093164444
5215625216.0,-0.04948434978723526
5216562688.0,-0.06339704990386963
5217500160.0,-0.07774326950311661
5218437632.0,-0.09229574352502823
5219375104.0,-0.10760002583265305
5220312576.0,-0.12393318861722946
5221250048.0,-0.1403152197599411
5222187520.0,-0.15695835649967194
5223124992.0,-0.17332860827445984
5224062464.0,-0.1892905831336975
5224999936.0,-0.2072100043296814
5225937408.0,-0.2180839478969574
5226874880.0,-0.23147878050804138
5227812352.0,-0.24555888772010803
5228749824.0,-0.25785908102989197
5229687296.0,-0.26950451731681824
5230624768.0,-0.28011876344680786
5231562752.0,-0.28906092047691345
5232500224.0,-0.2961603105068207
5233437696.0,-0.3015589714050293
5234375168.0,-0.3050351142883301
5235312640.0,-0.3075488209724426
5236250112.0,-0.3068022131919861
5237187584.0,-0.3037531077861786
5238125056.0,-0.29802292585372925
5239062528.0,-0.29249221086502075
5240000000.0,-0.28461334109306335
5240937472.0,-0.2737337350845337
5241874944.0,-0.26192981004714966
5242812416.0,-0.24948276579380035
5243749888.0,-0.23515276610851288
5244687360.0,-0.21968720853328705
5245624832.0,-0.2044399231672287
5246562304.0,-0.18755950033664703
5247499776.0,-0.16905143857002258
5248437248.0,-0.15227484703063965
5249375232.0,-0.13410858809947968
5250312704.0,-0.1168140098452568
5251250176.0,-0.09817557036876678
5252187648.0,-0.08057084679603577
5253125120.0,-0.06347471475601196
5254062592.0,-0.04703893885016441
5255000064.0,-0.031372200697660446
5255937536.0,-0.016388315707445145
5256875008.0,-0.002237088279798627
5257812480.0,0.010557813569903374
5258749952.0,0.02203761599957943
5259687424.0,0.032377712428569794
5260624896.0,0.040183961391448975
5261562368.0,0.04735709726810455
5262499840.0,0.05243571102619171
5263437312.0,0.05590333417057991
5264374784.0,0.05896534025669098
5265312256.0,0.05855637416243553
5266250240.0,0.05827973037958145
5267187712.0,0.05635431781411171
5268125184.0,0.05198339745402336
5269062656.0,0.04787030443549156
5270000128.0,0.041440486907958984
5270937600.0,0.03327716514468193
5271875072.0,0.02478949911892414
5272812544.0,0.01483889576047659
5273750016.0,0.0048369974829256535
5274687488.0,-0.007099442183971405
5275624960.0,-0.019806455820798874
5276562432.0,-0.03241873160004616
5277499904.0,-0.04730821028351784
5278437376.0,-0.06193132326006889
5279374848.0,-0.07711482048034668
5280312320.0,-0.09265898913145065
5281249792.0,-0.10843252390623093
5282187264.0,-0.12395927309989929
5283125248.0,-0.13997478783130646
5284062720.0,-0.15451699495315552
5285000192.0,-0.1706051528453827
5285937664.0,-0.19710539281368256
5286875136.0,-0.21284833550453186
5287812608.0,-0.2275613397359848
5288750080.0,-0.2429087907075882
5289687552.0,-0.25732043385505676
5290625024.0,-0.2715735137462616
5291562496.0,-0.2851383090019226
5292499968.0,-0.2991790473461151
5293437440.0,-0.31232842803001404
5294374912.0,-0.3255433142185211
5295312384.0,-0.3361586034297943
5296249856.0,-0.34635844826698303
5297187328.0,-0.35539305210113525
5298124800.0,-0.36285480856895447
5299062272.0,-0.3692686855792999
5299999744.0,-0.37291884422302246
5300937728.0,-0.3758189380168915
5301875200.0,-0.37854573130607605
5302812672.0,-0.3782525360584259
5303750144.0,-0.3752594590187073
5304687616.0,-0.3733188509941101
5305625088.0,-0.36776742339134216
5306562560.0,-0.3619011342525482
5307500032.0,-0.3539917767047882
5308437504.0,-0.34476661682128906
5309374976.0,-0.3348827064037323
5310312448.0,-0.32316678762435913
5311249920.0,-0.31126177310943604
5312187392.0,-0.29729726910591125
5313124864.0,-0.282177209854126
5314062336.0,-0.26681089401245117
5314999808.0,-0.25087815523147583
5315937280.0,-0.2328745275735855
5316874752.0,-0.21471378207206726
5317812736.0,-0.1972271054983139
5318750208.0,-0.17873592674732208
5319687680.0,-0.16052713990211487
5320625152.0,-0.14226628839969635
5321562624.0,-0.12435797601938248
5322500096.0,-0.10603147745132446
5323437568.0,-0.08926799148321152
5324375040.0,-0.07125062495470047
5325312512.0,-0.0544351227581501
5326249984.0,-0.03788282722234726
5327187456.0,-0.02249707281589508
5328124928.0,-0.008416355587542057
5329062400.0,0.005373348481953144
5329999872.0,0.017064293846488
5330937344.0,0.028016112744808197
5331874816.0,0.03874700516462326
5332812288.0,0.043393224477767944
5333749760.0,0.04748920351266861
5334687744.0,0.04913999140262604
5335625216.0,0.049181848764419556
5336562688.0,0.04751944914460182
5337500160.0,0.04447939991950989
5338437632.0,0.03933009132742882
5339375104.0,0.03230563551187515
5340312576.0,0.021833181381225586
5341250048.0,0.010090800933539867
5342187520.0,-0.004967466928064823
5343124992.0,-0.02067665569484234
5344062464.0,-0.039125822484493256
5344999936.0,-0.06008734926581383
5345937408.0,-0.3420792520046234
5346874880.0,-0.35653194785118103
5347812352.0,-0.370669424533844
5348749824.0,-0.3849242031574249
5349687296.0,-0.39800339937210083
5350624768.0,-0.4103410840034485
5351562752.0,-0.42215242981910706
5352500224.0,-0.43120110034942627
5353437696.0,-0.44013556838035583
5354375168.0,-0.44687405228614807
5355312640.0,-0.4532524645328522
5356250112.0,-0.4593360722064972
5357187584.0,-0.46249619126319885
5358125056.0,-0.4631524085998535
5359062528.0,-0.46287626028060913
5360000000.0,-0.4610525965690613
5360937472.0,-0.45581039786338806
5361874944.0,-0.451147198677063
5362812416.0,-0.443437397480011
5363749888.0,-0.435057669878006
5364687360.0,-0.42534396052360535
5365624832.0,-0.4124744236469269
5366562304.0,-0.39923998713493347
5367499776.0,-0.3855859041213989
5368437248.0,-0.37062373757362366
5369375232.0,-0.35358473658561707
5370312704.0,-0.33817607164382935
5371250176.0,-0.32087981700897217
5372187648.0,-0.3037374019622803
5373125120.0,-0.28602853417396545
5374062592.0,-0.26795098185539246
5375000064.0,-0.2498772293329239
5375937536.0,-0.23110398650169373
5376875008.0,-0.21396957337856293
5377812480.0,-0.19570127129554749
5378749952.0,-0.17868542671203613
5379687424.0,-0.16205230355262756
5380624896.0,-0.1471257209777832
5381562368.0,-0.1320241391658783
5382499840.0,-0.11824077367782593
5383437312.0,-0.1042926162481308
5384374784.0,-0.09084689617156982
5385312256.0,-0.08083269745111465
5386250240.0,-0.0706779956817627
5387187712.0,-0.06272460520267487
5388125184.0,-0.05739152804017067
5389062656.0,-0.05491037666797638
5390000128.0,-0.05472205951809883
5390937600.0,-0.05627203360199928
5391875072.0,-0.06085436791181564
5392812544.0,-0.06676191836595535
5393750016.0,-0.07478844374418259
5394687488.0,-0.08547902852296829
5395624960.0,-0.09783287346363068
5396562432.0,-0.11167532950639725
5397499904.0,-0.1277640014886856
5398437376.0,-0.1450474113225937
5399374848.0,-0.16448387503623962
5400312320.0,-0.18524269759655
5401249792.0,-0.20546944439411163
5402187264.0,-0.2265557497739792
5403125248.0,-0.24852344393730164
5404062720.0,-0.2694082260131836
5405000192.0,-0.2909030020236969
5405937664.0,-0.3351711332798004
5406875136.0,-0.34900668263435364
5407812608.0,-0.3639717698097229
5408750080.0,-0.37650230526924133
5409687552.0,-0.3874025344848633
5410625024.0,-0.39587509632110596
5411562496.0,-0.40202048420906067
5412499968.0,-0.4052654206752777
5413437440.0,-0.407541424036026
5414374912.0,-0.40630844235420227
5415312384.0,-0.4038366973400116
5416249856.0,-0.39837315678596497
5417187328.0,-0.3904244899749756
5418124800.0,-0.37988540530204773
5419062272.0,-0.36730626225471497
5420000256.0,-0.35330620408058167
5420937728.0,-0.33670774102211
5421875200.0,-0.31873688101768494
5422812672.0,-0.29903271794319153
5423750144.0,-0.27934250235557556
5424687616.0,-0.25777387619018555
5425625088.0,-0.236837238073349
5426562560.0,-0.21465548872947693
5427500032.0,-0.19238033890724182
5428437504.0,-0.17168040573596954
5429374976.0,-0.1495489776134491
5430312448.0,-0.12957042455673218
5431249920.0,-0.11189951747655869
5432187392.0,-0.09337365627288818
5433124864.0,-0.07785426825284958
5434062336.0,-0.06328970193862915
5434999808.0,-0.051745157688856125
5435937280.0,-0.039963796734809875
5436874752.0,-0.031341202557086945
5437812736.0,-0.02466452866792679
5438750208.0,-0.019144952297210693
5439687680.0,-0.015697423368692398
5440625152.0,-0.017085473984479904
5441562624.0,-0.01865137182176113
5442500096.0,-0.022861139848828316
5443437568.0,-0.030834775418043137
5444375040.0,-0.04091987758874893
5445312512.0,-0.053443700075149536
5446249984.0,-0.06999140232801437
5447187456.0,-0.0874631330370903
5448124928.0,-0.10730940848588943
5449062400.0,-0.1295841783285141
5449999872.0,-0.15311606228351593
5450937344.0,-0.1784345805644989
5451874816.0,-0.2055552452802658
5452812288.0,-0.23256921768188477
5453749760.0,-0.2621620297431946
5454687744.0,-0.2904396653175354
5455625216.0,-0.3193030059337616
5456562688.0,-0.34865549206733704
5457500160.0,-0.3769991993904114
5458437632.0,-0.4049834907054901
5459375104.0,-0.43267232179641724
5460312576.0,-0.45777061581611633
5461250048.0,-0.4819725751876831
5462187520.0,-0.5043036341667175
5463124992.0,-0.5234251618385315
5464062464.0,-0.5413342118263245
5464999936.0,-0.5569536685943604
5465937408.0,-0.4803330600261688
5466874880.0,-0.4938894212245941
5467812352.0,-0.5075504183769226
5468749824.0,-0.5175694823265076
5469687296.0,-0.5256128311157227
5470624768.0,-0.5310903787612915
5471562752.0,-0.5336496233940125
5472500224.0,-0.5335013270378113
5473437696.0,-0.5307850241661072
5474375168.0,-0.5253339409828186
5475312640.0,-0.5172244906425476
5476250112.0,-0.5066770911216736
5477187584.0,-0.49429723620414734
5478125056.0,-0.47944116592407227
5479062528.0,-0.4635493755340576
5480000000.0,-0.44443055987358093
5480937472.0,-0.42436927556991577
5481874944.0,-0.40433555841445923
5482812416.0,-0.3820675313472748
5483749888.0,-0.36047905683517456
5484687360.0,-0.33841216564178467
5485624832.0,-0.317735493183136
5486562304.0,-0.2968849241733551
5487499776.0,-0.27571389079093933
5488437248.0,-0.25627025961875916
5489375232.0,-0.23810872435569763
5490312704.0,-0.22070275247097015
5491250176.0,-0.20504502952098846
5492187648.0,-0.19131872057914734
5493125120.0,-0.17850139737129211
5494062592.0,-0.16864611208438873
5495000064.0,-0.15957747399806976
5495937536.0,-0.15377941727638245
5496875008.0,-0.15099221467971802
5497812480.0,-0.1502695381641388
5498749952.0,-0.15207256376743317
5499687424.0,-0.15749591588974
5500624896.0,-0.16427907347679138
5501562368.0,-0.1739206165075302
5502499840.0,-0.18606345355510712
5503437312.0,-0.20076803863048553
5504374784.0,-0.21796251833438873
5505312256.0,-0.23689615726470947
5506250240.0,-0.25972849130630493
5507187712.0,-0.28368714451789856
5508125184.0,-0.3090520203113556
5509062656.0,-0.3373889923095703
5510000128.0,-0.3673841059207916
5510937600.0,-0.4001861810684204
5511875072.0,-0.43352076411247253
5512812544.0,-0.4678235948085785
5513750016.0,-0.502176821231842
5514687488.0,-0.5371014475822449
5515624960.0,-0.5725959539413452
5516562432.0,-0.6060246229171753
5517499904.0,-0.6396392583847046
5518437376.0,-0.6735089421272278
5519374848.0,-0.7059324383735657
5520312320.0,-0.7388234734535217
5521249792.0,-0.7711853384971619
5522187264.0,-0.8018836975097656
5523125248.0,-0.8333490490913391
5524062720.0,-0.861506998538971
5525000192.0,-0.8920691013336182
5525937664.0,-0.7628889083862305
5526875136.0,-0.7743273973464966
5527812608.0,-0.7891741394996643
5528750080.0,-0.8032155632972717
5529687552.0,-0.8191697001457214
5530625024.0,-0.837026834487915
5531562496.0,-0.8552668690681458
5532499968.0,-0.8748655319213867
5533437440.0,-0.8961413502693176
5534374912.0,-0.9166862368583679
5535312384.0,-0.9394604563713074
5536249856.0,-0.9618170261383057
5537187328.0,-0.9853326082229614
5538124800.0,-1.0065613985061646
5539062272.0,-1.0287501811981201
5539999744.0,-1.0465278625488281
5540937728.0,-1.063557744026184
5541875200.0,-1.0773847103118896
5542812672.0,-1.08899986743927
5543750144.0,-1.0961356163024902
5544687616.0,-1.1006652116775513
5545625088.0,-1.100154995918274
5546562560.0,-1.0964319705963135
5547500032.0,-1.0882319211959839
5548437504.0,-1.075088381767273
5549374976.0,-1.0588128566741943
5550312448.0,-1.037663221359253
5551249920.0,-1.0149575471878052
5552187392.0,-0.986869752407074
5553124864.0,-0.957384467124939
5554062336.0,-0.9260808825492859
5554999808.0,-0.8935867547988892
5555937280.0,-0.8609880805015564
5556874752.0,-0.82883220911026
5557812736.0,-0.7964618802070618
5558750208.0,-0.7661905288696289
5559687680.0,-0.7357016205787659
5560625152.0,-0.7068520784378052
5561562624.0,-0.6791427731513977
5562500096.0,-0.6525627970695496
5563437568.0,-0.6301655769348145
5564375040.0,-0.6099056601524353
5565312512.0,-0.591103732585907
5566249984.0,-0.5760309100151062
5567187456.0,-0.5626101493835449
5568124928.0,-0.5507471561431885
5569062400.0,-0.5394226908683777
5569999872.0,-0.5281639695167542
5570937344.0,-0.5170227289199829
5571874816.0,-0.5049749612808228
5572812288.0,-0.4944131672382355
5573749760.0,-0.4846039116382599
5574687744.0,-0.4757431149482727
5575625216.0,-0.4688428044319153
5576562688.0,-0.4632705748081207
5577500160.0,-0.4579622149467468
5578437632.0,-0.4541928172111511
5579375104.0,-0.4535611867904663
5580312576.0,-0.4528515338897705
5581250048.0,-0.452734112739563
5582187520.0,-0.4550265073776245
5583124992.0,-0.456928014755249
5584062464.0,-0.4594399034976959
5584999936.0,-0.46197792887687683
5585937408.0,-0.43620970845222473
5586874880.0,-0.42802315950393677
5587812352.0,-0.41819673776626587
5588749824.0,-0.40568724274635315
5589687296.0,-0.39239251613616943
5590624768.0,-0.3771075904369354
5591562752.0,-0.36217203736305237
5592500224.0,-0.34558188915252686
5593437696.0,-0.32737046480178833
5594375168.0,-0.3087988793849945
5595312640.0,-0.290837824344635
5596250112.0,-0.2712896168231964
5597187584.0,-0.2526240944862366
5598125056.0,-0.23239482939243317
5599062528.0,-0.21336129307746887
5600000000.0,-0.19560904800891876
5600937472.0,-0.17715497314929962
5601874944.0,-0.16012586653232574
5602812416.0,-0.1434868425130844
5603749888.0,-0.12877807021141052
5604687360.0,-0.11627858877182007
5605624832.0,-0.10384015738964081
5606562304.0,-0.09270598739385605
5607499776.0,-0.08383990824222565
5608437248.0,-0.0773644968867302
5609375232.0,-0.07213719189167023
5610312704.0,-0.06878401339054108
5611250176.0,-0.06639458239078522
5612187648.0,-0.06753581762313843
5613125120.0,-0.06853289157152176
5614062592.0,-0.07176816463470459
5615000064.0,-0.07709625363349915
5615937536.0,-0.08363639563322067
5616875008.0,-0.09187762439250946
5617812480.0,-0.10180637240409851
5618749952.0,-0.11253504455089569
5619687424.0,-0.12401352822780609
5620624896.0,-0.13688641786575317
5621562368.0,-0.14909197390079498
5622499840.0,-0.16363336145877838
5623437312.0,-0.17727893590927124
5624374784.0,-0.19116085767745972
5625312256.0,-0.20620140433311462
5626250240.0,-0.21982763707637787
5627187712.0,-0.23267361521720886
5628125184.0,-0.2443544566631317
5629062656.0,-0.25604525208473206
5630000128.0,-0.26655346155166626
5630937600.0,-0.2757381200790405
5631875072.0,-0.2834995985031128
5632812544.0,-0.28965476155281067
5633750016.0,-0.295792818069458
5634687488.0,-0.29925408959388733
5635624960.0,-0.30042630434036255
5636562432.0,-0.30116766691207886
5637499904.0,-0.29899823665618896
5638437376.0,-0.29583513736724854
5639374848.0,-0.2897096872329712
5640312320.0,-0.2841866612434387
5641249792.0,-0.275234580039978
5642187264.0,-0.2652503550052643
5643125248.0,-0.2547464072704315
5644062720.0,-0.24209149181842804
5645000192.0,-0.22973382472991943
5645937664.0,-0.19593629240989685
5646875136.0,-0.19925950467586517
5647812608.0,-0.19995875656604767
5648750080.0,-0.20080383121967316
5649687552.0,-0.19905422627925873
5650625024.0,-0.19636690616607666
5651562496.0,-0.1928001344203949
5652499968.0,-0.18779310584068298
5653437440.0,-0.1823689341545105
5654374912.0,-0.17452210187911987
5655312384.0,-0.1671568751335144
5656249856.0,-0.15842124819755554
5657187328.0,-0.14974933862686157
5658124800.0,-0.141317680478096
5659062272.0,-0.13278067111968994
5660000256.0,-0.12502358853816986
5660937728.0,-0.11719562858343124
5661875200.0,-0.11022420972585678
5662812672.0,-0.10490572452545166
5663750144.0,-0.09887384623289108
5664687616.0,-0.09430239349603653
5665625088.0,-0.09059768170118332
5666562560.0,-0.08847224712371826
5667500032.0,-0.0870940312743187
5668437504.0,-0.08700788766145706
5669374976.0,-0.08800555765628815
5670312448.0,-0.0904795452952385
5671249920.0,-0.0933312252163887
5672187392.0,-0.09891324490308762
5673124864.0,-0.10428795963525772
5674062336.0,-0.11007329821586609
5674999808.0,-0.11822044104337692
5675937280.0,-0.12475108355283737
5676874752.0,-0.13283386826515198
5677812736.0,-0.1414274275302887
5678750208.0,-0.15042507648468018
5679687680.0,-0.15877081453800201
5680625152.0,-0.1684304028749466
5681562624.0,-0.177364781498909
5682500096.0,-0.18718799948692322
5683437568.0,-0.19512008130550385
5684375040.0,-0.20463527739048004
5685312512.0,-0.21333186328411102
5686249984.0,-0.2193845957517624
5687187456.0,-0.22592395544052124
5688124928.0,-0.23201070725917816
5689062400.0,-0.23744350671768188
5689999872.0,-0.24379503726959229
5690937344.0,-0.24756748974323273
5691874816.0,-0.2509125769138336
5692812288.0,-0.2541082203388214
5693749760.0,-0.2584584951400757
5694687744.0,-0.2618212103843689
5695625216.0,-0.2651445269584656
5696562688.0,-0.26939794421195984
5697500160.0,-0.27298086881637573
5698437632.0,-0.278613418340683
5699375104.0,-0.2821163237094879
5700312576.0,-0.28943631052970886
5701250048.0,-0.29534849524497986
5702187520.0,-0.30296722054481506
5703124992.0,-0.3113628327846527
5704062464.0,-0.3215138912200928
5704999936.0,-0.33260035514831543
5705937408.0,-0.2213205099105835
5706874880.0,-0.24139820039272308
5707812352.0,-0.261294424533844
5708749824.0,-0.2812066972255707
5709687296.0,-0.30080315470695496
5710624768.0,-0.31976279616355896
5711562752.0,-0.33628347516059875
5712500224.0,-0.35256582498550415
5713437696.0,-0.36487069725990295
5714375168.0,-0.37480857968330383
5715312640.0,-0.3797343671321869
5716250112.0,-0.3821762800216675
5717187584.0,-0.37976646423339844
5718125056.0,-0.37276315689086914
5719062528.0,-0.36293119192123413
5720000000.0,-0.34700465202331543
5720937472.0,-0.3283222019672394
5721874944.0,-0.30451011657714844
5722812416.0,-0.27683964371681213
5723749888.0,-0.24528242647647858
5724687360.0,-0.2101573497056961
5725624832.0,-0.17347094416618347
5726562304.0,-0.1346883922815323
5727499776.0,-0.09406372159719467
5728437248.0,-0.05265107750892639
5729375232.0,-0.012683697044849396
5730312704.0,0.02738657221198082
5731250176.0,0.06577498465776443
5732187648.0,0.10124489665031433
5733125120.0,0.13245758414268494
5734062592.0,0.16248074173927307
5735000064.0,0.18582849204540253
5735937536.0,0.20591707527637482
5736875008.0,0.22026892006397247
5737812480.0,0.23076659440994263
5738749952.0,0.2358412742614746
5739687424.0,0.2381582111120224
5740624896.0,0.234597846865654
5741562368.0,0.22937804460525513
5742499840.0,0.22067679464817047
5743437312.0,0.20907199382781982
5744374784.0,0.19531890749931335
5745312256.0,0.18081143498420715
5746250240.0,0.16599683463573456
5747187712.0,0.15040263533592224
5748125184.0,0.13412952423095703
5749062656.0,0.11827794462442398
5750000128.0,0.10439499467611313
5750937600.0,0.09150997549295425
5751875072.0,0.07895804196596146
5752812544.0,0.06711535900831223
5753750016.0,0.05745242163538933
5754687488.0,0.046043068170547485
5755624960.0,0.03247310221195221
5756562432.0,0.01291794702410698
5757499904.0,-0.009765848517417908
5758437376.0,-0.03613370656967163
5759374848.0,-0.0630914494395256
5760312320.0,-0.09091895073652267
5761249792.0,-0.12189735472202301
5762187264.0,-0.1526285707950592
5763125248.0,-0.18531262874603271
5764062720.0,-0.2152498960494995
5765000192.0,-0.24720633029937744
5765937664.0,-0.1876107156276703
5766875136.0,-0.19474834203720093
5767812608.0,-0.20353421568870544
5768750080.0,-0.21115818619728088
5769687552.0,-0.22026678919792175
5770625024.0,-0.23057407140731812
5771562496.0,-0.23998278379440308
5772499968.0,-0.25022411346435547
5773437440.0,-0.26029205322265625
5774374912.0,-0.2708612084388733
5775312384.0,-0.2811072766780853
5776249856.0,-0.29196348786354065
5777187328.0,-0.3027775287628174
5778124800.0,-0.31504854559898376
5779062272.0,-0.32564911246299744
5779999744.0,-0.3375037908554077
5780937728.0,-0.3481290936470032
5781875200.0,-0.3579079508781433
5782812672.0,-0.3691044747829437
5783750144.0,-0.3787819743156433
5784687616.0,-0.38981419801712036
5785625088.0,-0.39855507016181946
5786562560.0,-0.4075775742530823
5787500032.0,-0.41504421830177307
5788437504.0,-0.42201659083366394
5789374976.0,-0.4284093976020813
5790312448.0,-0.432708203792572
5791249920.0,-0.43527549505233765
5792187392.0,-0.4373663365840912
5793124864.0,-0.4377789795398712
5794062336.0,-0.4375418424606323
5794999808.0,-0.4364583194255829
5795937280.0,-0.43252092599868774
5796874752.0,-0.4295977056026459
5797812736.0,-0.4216495752334595
5798750208.0,-0.4142552316188812
5799687680.0,-0.40451323986053467
5800625152.0,-0.3936718702316284
5801562624.0,-0.3807987570762634
5802500096.0,-0.36711347103118896
5803437568.0,-0.3517734408378601
5804375040.0,-0.33580824732780457
5805312512.0,-0.31864500045776367
5806249984.0,-0.29970476031303406
5807187456.0,-0.28150978684425354
5808124928.0,-0.26340195536613464
5809062400.0,-0.24355587363243103
5809999872.0,-0.22334279119968414
5810937344.0,-0.20404167473316193
5811874816.0,-0.1856822669506073
5812812288.0,-0.16658338904380798
5813749760.0,-0.14756709337234497
5814687744.0,-0.13210895657539368
5815625216.0,-0.11676377803087234
5816562688.0,-0.10361291468143463
5817500160.0,-0.09133050590753555
5818437632.0,-0.08134176582098007
5819375104.0,-0.07098802179098129
5820312576.0,-0.06329511106014252
5821250048.0,-0.05776743218302727
5822187520.0,-0.05354950949549675
5823124992.0,-0.05102287977933884
5824062464.0,-0.05030762404203415
5824999936.0,-0.0526689775288105
5825937408.0,-0.24556581676006317
5826874880.0,-0.2481800615787506
5827812352.0,-0.25025346875190735
5828749824.0,-0.25156518816947937
5829687296.0,-0.2540554702281952
5830624768.0,-0.2550767660140991
5831562752.0,-0.2581159472465515
5832500224.0,-0.2590997517108917
5833437696.0,-0.2619186043739319
5834375168.0,-0.2648070454597473
5835312640.0,-0.26752254366874695
5836250112.0,-0.2708156108856201
5837187584.0,-0.27369028329849243
5838125056.0,-0.27619779109954834
5839062528.0,-0.28001970052719116
5840000000.0,-0.28607288002967834
5840937472.0,-0.29160287976264954
5841874944.0,-0.297432005405426
5842812416.0,-0.30470526218414307
5843749888.0,-0.3104407787322998
5844687360.0,-0.31832367181777954
5845624832.0,-0.3246208131313324
5846562304.0,-0.33114179968833923
5847499776.0,-0.33758097887039185
5848437248.0,-0.3443595767021179
5849375232.0,-0.3496980667114258
5850312704.0,-0.3544372618198395
5851250176.0,-0.35913190245628357
5852187648.0,-0.3639421761035919
5853125120.0,-0.3675652742385864
5854062592.0,-0.3706077039241791
5855000064.0,-0.37330102920532227
5855937536.0,-0.3749558925628662
5856875008.0,-0.3756939470767975
5857812480.0,-0.37698373198509216
5858749952.0,-0.37698298692703247
5859687424.0,-0.3754209876060486
5860624896.0,-0.3736759126186371
5861562368.0,-0.37237563729286194
5862499840.0,-0.3682992458343506
5863437312.0,-0.3663111925125122
5864374784.0,-0.3623042106628418
5865312256.0,-0.35928183794021606
5866250240.0,-0.3557206094264984
5867187712.0,-0.35378602147102356
5868125184.0,-0.34927618503570557
5869062656.0,-0.3450111746788025
5870000128.0,-0.34154850244522095
5870937600.0,-0.33945393562316895
5871875072.0,-0.33686500787734985
5872812544.0,-0.3358013331890106
5873750016.0,-0.33537524938583374
5874687488.0,-0.3347444534301758
5875624960.0,-0.3354148864746094
5876562432.0,-0.33596518635749817
5877499904.0,-0.3376738429069519
5878437376.0,-0.3392593264579773
5879374848.0,-0.3422435522079468
5880312320.0,-0.3443126976490021
5881249792.0,-0.3484525978565216
5882187264.0,-0.351936399936676
5883125248.0,-0.35599735379219055
5884062720.0,-0.3599088191986084
5885000192.0,-0.36355462670326233
5885937664.0,-0.3765767812728882
5886875136.0,-0.3814161717891693
5887812608.0,-0.38540706038475037
5888750080.0,-0.38936278223991394
5889687552.0,-0.3930451273918152
5890625024.0,-0.39485111832618713
5891562496.0,-0.3981993794441223
5892499968.0,-0.40004727244377136
5893437440.0,-0.4008146822452545
5894374912.0,-0.40099188685417175
5895312384.0,-0.4020787179470062
5896249856.0,-0.4018881320953369
5897187328.0,-0.4018537998199463
5898124800.0,-0.4014452397823334
5899062272.0,-0.40163013339042664
5900000256.0,-0.4012265205383301
5900937728.0,-0.4012351632118225
5901875200.0,-0.39937567710876465
5902812672.0,-0.39738473296165466
5903750144.0,-0.39681166410446167
5904687616.0,-0.3958289921283722
5905625088.0,-0.3950393795967102
5906562560.0,-0.3940401077270508
5907500032.0,-0.39383193850517273
5908437504.0,-0.3942784070968628
5909374976.0,-0.3945713937282562
5910312448.0,-0.3954010009765625
5911249920.0,-0.3966260254383087
5912187392.0,-0.3970453143119812
5913124864.0,-0.39982089400291443
5914062336.0,-0.4021261930465698
5914999808.0,-0.4050333499908447
5915937280.0,-0.40821072459220886
5916874752.0,-0.41190478205680847
5917812736.0,-0.41694578528404236
5918750208.0,-0.4218372106552124
5919687680.0,-0.42800429463386536
5920625152.0,-0.43432095646858215
5921562624.0,-0.4412473142147064
5922500096.0,-0.44996821880340576
5923437568.0,-0.46004846692085266
5924375040.0,-0.46932828426361084
5925312512.0,-0.48049840331077576
5926249984.0,-0.49193689227104187
5927187456.0,-0.5025162100791931
5928124928.0,-0.5133345127105713
5929062400.0,-0.5247514843940735
5929999872.0,-0.5367010235786438
5930937344.0,-0.5473007559776306
5931874816.0,-0.5576202273368835
5932812288.0,-0.5675978064537048
5933749760.0,-0.5785017013549805
5934687744.0,-0.5886355638504028
5935625216.0,-0.5987036228179932
5936562688.0,-0.6077503561973572
5937500160.0,-0.6180834770202637
5938437632.0,-0.6264800429344177
5939375104.0,-0.6343541741371155
5940312576.0,-0.6397830247879028
5941250048.0,-0.6467726826667786
5942187520.0,-0.6501279473304749
5943124992.0,-0.6527347564697266
5944062464.0,-0.6537438631057739
5944999936.0,-0.6551497578620911
5945937408.0,-0.43405768275260925
5946874880.0,-0.449141263961792
5947812352.0,-0.4654489755630493
5948749824.0,-0.4821792244911194
5949687296.0,-0.49691665172576904
5950624768.0,-0.5122687816619873
5951562752.0,-0.5258784294128418
5952500224.0,-0.53811115026474
5953437696.0,-0.549561619758606
5954375168.0,-0.5590103268623352
5955312640.0,-0.5665550827980042
5956250112.0,-0.5740044713020325
5957187584.0,-0.5794409513473511
5958125056.0,-0.5842028260231018
5959062528.0,-0.585446834564209
5960000000.0,-0.5865663290023804
5960937472.0,-0.5860164761543274
5961874944.0,-0.5830127000808716
5962812416.0,-0.5777469277381897
5963749888.0,-0.5723474621772766
5964687360.0,-0.5647063255310059
5965624832.0,-0.5568713545799255
5966562304.0,-0.5472376346588135
5967499776.0,-0.5367897748947144
5968437248.0,-0.5259405970573425
5969375232.0,-0.515302836894989
5970312704.0,-0.5027159452438354
5971250176.0,-0.49117785692214966
5972187648.0,-0.47926580905914307
5973125120.0,-0.46876242756843567
5974062592.0,-0.45873013138771057
5975000064.0,-0.4498673677444458
5975937536.0,-0.44160109758377075
5976875008.0,-0.43389785289764404
5977812480.0,-0.4273490309715271
5978749952.0,-0.4212561845779419
5979687424.0,-0.41652122139930725
5980624896.0,-0.41352173686027527
5981562368.0,-0.41066834330558777
5982499840.0,-0.40930548310279846
5983437312.0,-0.40862032771110535
5984374784.0,-0.4083644151687622
5985312256.0,-0.4094103276729584
5986250240.0,-0.4117105305194855
5987187712.0,-0.41419461369514465
5988125184.0,-0.41771766543388367
5989062656.0,-0.42215555906295776
5990000128.0,-0.4261929988861084
5990937600.0,-0.4306696057319641
5991875072.0,-0.4341312050819397
5992812544.0,-0.43872177600860596
5993750016.0,-0.44377589225769043
5994687488.0,-0.44797033071517944
5995624960.0,-0.45238980650901794
5996562432.0,-0.45742067694664
5997499904.0,-0.46212196350097656
5998437376.0,-0.4659320116043091
5999374848.0,-0.4700796902179718
6000312320.0,-0.474069744348526
6001249792.0,-0.4776013493537903
6002187264.0,-0.48063990473747253
6003125248.0,-0.4848270118236542
6004062720.0,-0.48761460185050964
6005000192.0,-0.38507652282714844
6005937664.0,-0.39418143033981323
6006875136.0,-0.4034266769886017
6007812608.0,-0.4134994149208069
6008750080.0,-0.42581674456596375
6009687552.0,-0.43941113352775574
6010625024.0,-0.4542772173881531
6011562496.0,-0.4693770408630371
6012499968.0,-0.4859269857406616
6013437440.0,-0.502682626247406
6014374912.0,-0.5208130478858948
6015312384.0,-0.5381929874420166
6016249856.0,-0.556355893611908
6017187328.0,-0.5736210942268372
6018124800.0,-0.5909756422042847
6019062272.0,-0.6097431778907776
6019999744.0,-0.6255073547363281
6020937728.0,-0.6415430903434753
6021875200.0,-0.6556915640830994
6022812672.0,-0.6687940359115601
6023750144.0,-0.6812438368797302
6024687616.0,-0.6928879618644714
6025625088.0,-0.7013360857963562
6026562560.0,-0.7085827589035034
6027500032.0,-0.7139567732810974
6028437504.0,-0.717298686504364
6029374976.0,-0.7185004353523254
6030312448.0,-0.716329038143158
6031249920.0,-0.7134644389152527
6032187392.0,-0.7082961797714233
6033124864.0,-0.7015697956085205
6034062336.0,-0.6924057602882385
6034999808.0,-0.6821937561035156
6035937280.0,-0.6704148054122925
6036874752.0,-0.6567302942276001
6037812736.0,-0.641316831111908
6038750208.0,-0.6263881921768188
6039687680.0,-0.6089462041854858
6040625152.0,-0.5909996032714844
6041562624.0,-0.5738718509674072
6042500096.0,-0.5554352402687073
6043437568.0,-0.5385684967041016
6044375040.0,-0.5225920081138611
6045312512.0,-0.5060192346572876
6046249984.0,-0.4917900860309601
6047187456.0,-0.47664812207221985
6048124928.0,-0.462368369102478
6049062400.0,-0.4488239288330078
6049999872.0,-0.4385263919830322
6050937344.0,-0.42650189995765686
6051874816.0,-0.4175121784210205
6052812288.0,-0.4085533022880554
6053749760.0,-0.4020974338054657
6054687744.0,-0.3957250416278839
6055625216.0,-0.39125537872314453
6056562688.0,-0.389094740152359
6057500160.0,-0.3871316909790039
6058437632.0,-0.3871234059333801
6059375104.0,-0.3871818780899048
6060312576.0,-0.38826313614845276
6061250048.0,-0.3906191885471344
6062187520.0,-0.3937663435935974
6063124992.0,-0.39751338958740234
6064062464.0,-0.40219172835350037
6064999936.0,-0.3995961844921112
6065937408.0,-0.4048472046852112
6066874880.0,-0.4103738069534302
6067812352.0,-0.4163421094417572
6068749824.0,-0.424334853887558
6069687296.0,-0.4314022958278656
6070624768.0,-0.43997710943222046
6071562752.0,-0.44865697622299194
6072500224.0,-0.4582829475402832
6073437696.0,-0.46679550409317017
6074375168.0,-0.4765087962150574
6075312640.0,-0.4876324236392975
6076250112.0,-0.4977289140224457
6077187584.0,-0.50808185338974
6078125056.0,-0.5178661942481995
6079062528.0,-0.5287472605705261
6080000000.0,-0.5376145243644714
6080937472.0,-0.5469095706939697
6081874944.0,-0.556428074836731
6082812416.0,-0.563706636428833
6083749888.0,-0.5700579881668091
6084687360.0,-0.5771629214286804
6085624832.0,-0.5810666084289551
6086562304.0,-0.5853497982025146
6087499776.0,-0.5881564617156982
6088437248.0,-0.589471161365509
6089375232.0,-0.5891643762588501
6090312704.0,-0.5879312753677368
6091250176.0,-0.5863686800003052
6092187648.0,-0.5829494595527649
6093125120.0,-0.5796111822128296
6094062592.0,-0.573891818523407
6095000064.0,-0.5676481127738953
6095937536.0,-0.5601323843002319
6096875008.0,-0.5527194738388062
6097812480.0,-0.5440013408660889
6098749952.0,-0.5351648330688477
6099687424.0,-0.5253598093986511
6100624896.0,-0.5158214569091797
6101562368.0,-0.5056420564651489
6102499840.0,-0.4954211711883545
6103437312.0,-0.4857986867427826
6104374784.0,-0.47639715671539307
6105312256.0,-0.4672376215457916
6106250240.0,-0.4584008455276489
6107187712.0,-0.45051485300064087
6108125184.0,-0.44304919242858887
6109062656.0,-0.43487808108329773
6110000128.0,-0.4298987090587616
6110937600.0,-0.42278051376342773
6111875072.0,-0.4168803095817566
6112812544.0,-0.4116871654987335
6113750016.0,-0.40674129128456116
6114687488.0,-0.40218842029571533
6115624960.0,-0.39815184473991394
6116562432.0,-0.3949969708919525
6117499904.0,-0.39145925641059875
6118437376.0,-0.39083921909332275
6119374848.0,-0.38858646154403687
6120312320.0,-0.3881584107875824
6121249792.0,-0.38665828108787537
6122187264.0,-0.38688069581985474
6123125248.0,-0.3878338038921356
6124062720.0,-0.3888436555862427
6125000192.0,-0.5805619359016418
6125937664.0,-0.5918917059898376
6126875136.0,-0.6026819944381714
6127812608.0,-0.6129847764968872
6128750080.0,-0.6220219135284424
6129687552.0,-0.6303718686103821
6130625024.0,-0.6388963460922241
6131562496.0,-0.6454964280128479
6132499968.0,-0.651524007320404
6133437440.0,-0.6566774249076843
6134374912.0,-0.6615445613861084
6135312384.0,-0.6624608635902405
6136249856.0,-0.6653183698654175
6137187328.0,-0.6672305464744568
6138124800.0,-0.6664988994598389
6139062272.0,-0.6675153374671936
6140000256.0,-0.667171835899353
6140937728.0,-0.6660374999046326
6141875200.0,-0.6641658544540405
6142812672.0,-0.6622449159622192
6143750144.0,-0.6596840023994446
6144687616.0,-0.6566435694694519
6145625088.0,-0.6530852317810059
6146562560.0,-0.6498356461524963
6147500032.0,-0.6474135518074036
6148437504.0,-0.643966794013977
6149374976.0,-0.64087975025177
6150312448.0,-0.6395168304443359
6151249920.0,-0.6363020539283752
6152187392.0,-0.6349142789840698
6153124864.0,-0.6346461772918701
6154062336.0,-0.6340597867965698
6154999808.0,-0.634092390537262
6155937280.0,-0.634323000907898
6156874752.0,-0.634438157081604
6157812736.0,-0.6354532241821289
6158750208.0,-0.6359829306602478
6159687680.0,-0.6378858685493469
6160625152.0,-0.6403351426124573
6161562624.0,-0.6431421637535095
6162500096.0,-0.6475385427474976
6163437568.0,-0.651700496673584
6164375040.0,-0.6556895971298218
6165312512.0,-0.6620947122573853
6166249984.0,-0.6670275330543518
6167187456.0,-0.6735299825668335
6168124928.0,-0.6802457571029663
6169062400.0,-0.6878675222396851
6169999872.0,-0.6949957013130188
6170937344.0,-0.7037864327430725
6171874816.0,-0.7110738158226013
6172812288.0,-0.7188982963562012
6173749760.0,-0.7248867750167847
6174687744.0,-0.7331497073173523
6175625216.0,-0.7414916157722473
6176562688.0,-0.7489864230155945
6177500160.0,-0.7574582099914551
6178437632.0,-0.7641509175300598
6179375104.0,-0.7718612551689148
6180312576.0,-0.7784836888313293
6181250048.0,-0.7861881852149963
6182187520.0,-0.7925360202789307
6183124992.0,-0.7986120581626892
6184062464.0,-0.805691123008728
6184999936.0,-0.6410714387893677
6185937408.0,-0.6593260765075684
6186874880.0,-0.6798677444458008
6187812352.0,-0.6976891756057739
6188749824.0,-0.7178789973258972
6189687296.0,-0.7358366250991821
6190624768.0,-0.7550946474075317
6191562752.0,-0.7722533941268921
6192500224.0,-0.7895102500915527
6193437696.0,-0.805426836013794
6194375168.0,-0.8194903135299683
6195312640.0,-0.8352254033088684
6196250112.0,-0.8493704199790955
6197187584.0,-0.8616337180137634
6198125056.0,-0.8726981282234192
6199062528.0,-0.8817253112792969
6200000000.0,-0.8904316425323486
6200937472.0,-0.8975335955619812
6201874944.0,-0.9032493829727173
6202812416.0,-0.9060654044151306
6203749888.0,-0.9070491194725037
6204687360.0,-0.9061132073402405
6205624832.0,-0.9025322794914246
6206562304.0,-0.8967706561088562
6207499776.0,-0.8900027275085449
6208437248.0,-0.8822237849235535
6209375232.0,-0.8723025321960449
6210312704.0,-0.8607180118560791
6211250176.0,-0.8483775854110718
6212187648.0,-0.8351494669914246
6213125120.0,-0.8215678334236145
6214062592.0,-0.808516800403595
6215000064.0,-0.794447660446167
6215937536.0,-0.7804736495018005
6216875008.0,-0.7660535573959351
6217812480.0,-0.7526869177818298
6218749952.0,-0.7375348210334778
6219687424.0,-0.7233490347862244
6220624896.0,-0.7102549076080322
6221562368.0,-0.6969124674797058
6222499840.0,-0.6837562918663025
6223437312.0,-0.6714649200439453
6224374784.0,-0.6598039269447327
6225312256.0,-0.6486972570419312
6226250240.0,-0.6389399170875549
6227187712.0,-0.6301268935203552
6228125184.0,-0.6236438155174255
6229062656.0,-0.6181729435920715
6230000128.0,-0.6156627535820007
6230937600.0,-0.6141093373298645
6231875072.0,-0.6147352457046509
6232812544.0,-0.6156569123268127
6233750016.0,-0.6179710030555725
6234687488.0,-0.6224396228790283
6235624960.0,-0.6266863346099854
6236562432.0,-0.6328766345977783
6237499904.0,-0.6393271684646606
6238437376.0,-0.6465978622436523
6239374848.0,-0.6568176746368408
6240312320.0,-0.6670712828636169
6241249792.0,-0.6760514378547668
6242187264.0,-0.6881965398788452
6243125248.0,-0.6988808512687683
6244062720.0,-0.7105746865272522
6245000192.0,-0.7179216146469116
6245937664.0,-0.7316204309463501
6246875136.0,-0.745117723941803
6247812608.0,-0.7563737630844116
6248750080.0,-0.7701501846313477
6249687552.0,-0.783902108669281
6250625024.0,-0.7956186532974243
6251562496.0,-0.8094640970230103
6252499968.0,-0.8212546110153198
6253437440.0,-0.8330204486846924
6254374912.0,-0.8433879613876343
6255312384.0,-0.8542036414146423
6256249856.0,-0.864346444606781
6257187328.0,-0.8735327124595642
6258124800.0,-0.8808539509773254
6259062272.0,-0.889328122138977
6259999744.0,-0.8957958817481995
6260937728.0,-0.9009835124015808
6261875200.0,-0.9054718017578125
6262812672.0,-0.9090913534164429
6263750144.0,-0.9101893305778503
6264687616.0,-0.9120329022407532
6265625088.0,-0.9116832613945007
6266562560.0,-0.9114832878112793
6267500032.0,-0.9111459255218506
6268437504.0,-0.9091726541519165
6269374976.0,-0.9077434539794922
6270312448.0,-0.9051575064659119
6271249920.0,-0.9015982747077942
6272187392.0,-0.8978549838066101
6273124864.0,-0.8941669464111328
6274062336.0,-0.8886651992797852
6274999808.0,-0.8855739235877991
6275937280.0,-0.8809656500816345
6276874752.0,-0.8773995041847229
6277812736.0,-0.8754975199699402
6278750208.0,-0.8719409108161926
6279687680.0,-0.8687024712562561
6280625152.0,-0.8648844361305237
6281562624.0,-0.8604903221130371
6282500096.0,-0.8558290004730225
6283437568.0,-0.8517190217971802
6284375040.0,-0.8485184907913208
6285312512.0,-0.8465851545333862
6286249984.0,-0.8456229567527771
6287187456.0,-0.8454363346099854
6288124928.0,-0.8473098874092102
6289062400.0,-0.849452018737793
6289999872.0,-0.8512317538261414
6290937344.0,-0.8544179797172546
6291874816.0,-0.8582004904747009
6292812288.0,-0.8624706864356995
6293749760.0,-0.8680416345596313
6294687744.0,-0.8740234971046448
6295625216.0,-0.8804088830947876
6296562688.0,-0.8865156769752502
6297500160.0,-0.8928952813148499
6298437632.0,-0.9012317657470703
6299375104.0,-0.9107083678245544
6300312576.0,-0.9199790954589844
6301250048.0,-0.9308239221572876
6302187520.0,-0.9412161707878113
6303124992.0,-0.9524701833724976
6304062464.0,-0.964281439781189
6304999936.0,-0.9924684762954712
6305937408.0,-1.0043517351150513
6306874880.0,-1.0155056715011597
6307812352.0,-1.0266562700271606
6308749824.0,-1.0370151996612549
6309687296.0,-1.0473260879516602
6310624768.0,-1.056873083114624
6311562752.0,-1.0661091804504395
6312500224.0,-1.074844241142273
6313437696.0,-1.08468496799469
6314375168.0,-1.092677116394043
6315312640.0,-1.1023063659667969
6316250112.0,-1.1110022068023682
6317187584.0,-1.1208230257034302
6318125056.0,-1.131355881690979
6319062528.0,-1.1423288583755493
6320000000.0,-1.1538677215576172
6320937472.0,-1.1643732786178589
6321874944.0,-1.1763964891433716
6322812416.0,-1.1880468130111694
6323749888.0,-1.1985070705413818
6324687360.0,-1.2089704275131226
6325624832.0,-1.2178832292556763
6326562304.0,-1.228245496749878
6327499776.0,-1.2364907264709473
6328437248.0,-1.2455723285675049
6329375232.0,-1.252801537513733
6330312704.0,-1.261736273765564
6331250176.0,-1.2692830562591553
6332187648.0,-1.2767671346664429
6333125120.0,-1.2836251258850098
6334062592.0,-1.2902936935424805
6335000064.0,-1.2945443391799927
6335937536.0,-1.2990314960479736
6336875008.0,-1.301754117012024
6337812480.0,-1.3029651641845703
6338749952.0,-1.3022990226745605
6339687424.0,-1.2982604503631592
6340624896.0,-1.2921894788742065
6341562368.0,-1.2855221033096313
6342499840.0,-1.2782273292541504
6343437312.0,-1.268782377243042
6344374784.0,-1.2582625150680542
6345312256.0,-1.2468807697296143
6346250240.0,-1.2352789640426636
6347187712.0,-1.2224653959274292
6348125184.0,-1.2092994451522827
6349062656.0,-1.19590425491333
6350000128.0,-1.1822172403335571
6350937600.0,-1.167954921722412
6351875072.0,-1.1527600288391113
6352812544.0,-1.139432430267334
6353750016.0,-1.1255080699920654
6354687488.0,-1.1119859218597412
6355624960.0,-1.0992865562438965
6356562432.0,-1.0859287977218628
6357499904.0,-1.072878360748291
6358437376.0,-1.0607585906982422
6359374848.0,-1.0490161180496216
6360312320.0,-1.03839910030365
6361249792.0,-1.0295933485031128
6362187264.0,-1.0225598812103271
6363125248.0,-1.0173695087432861
6364062720.0,-1.0145325660705566
6365000192.0,-1.3825095891952515
6365937664.0,-1.3978581428527832
6366875136.0,-1.4142603874206543
6367812608.0,-1.4286473989486694
6368750080.0,-1.4432467222213745
6369687552.0,-1.4567129611968994
6370625024.0,-1.4716126918792725
6371562496.0,-1.485885500907898
6372499968.0,-1.4990442991256714
6373437440.0,-1.510673999786377
6374374912.0,-1.5225220918655396
6375312384.0,-1.532822608947754
6376249856.0,-1.5417444705963135
6377187328.0,-1.5495946407318115
6378124800.0,-1.5567247867584229
6379062272.0,-1.5616252422332764
6380000256.0,-1.5657267570495605
6380937728.0,-1.5689197778701782
6381875200.0,-1.5706809759140015
6382812672.0,-1.570715069770813
6383750144.0,-1.5702219009399414
6384687616.0,-1.568454384803772
6385625088.0,-1.5655910968780518
6386562560.0,-1.5626064538955688
6387500032.0,-1.5577094554901123
6388437504.0,-1.5531439781188965
6389374976.0,-1.5472592115402222
6390312448.0,-1.5431801080703735
6391249920.0,-1.5355850458145142
6392187392.0,-1.5279306173324585
6393124864.0,-1.5192365646362305
6394062336.0,-1.5111849308013916
6394999808.0,-1.5013455152511597
6395937280.0,-1.490840196609497
6396874752.0,-1.4819473028182983
6397812736.0,-1.4731864929199219
6398750208.0,-1.4649070501327515
6399687680.0,-1.4576454162597656
6400625152.0,-1.450821876525879
6401562624.0,-1.4461662769317627
6402500096.0,-1.4423600435256958
6403437568.0,-1.4409267902374268
6404375040.0,-1.4393975734710693
6405312512.0,-1.4394335746765137
6406249984.0,-1.4416859149932861
6407187456.0,-1.4462672472000122
6408124928.0,-1.452434778213501
6409062400.0,-1.4615601301193237
6409999872.0,-1.472957968711853
6410937344.0,-1.48598051071167
6411874816.0,-1.5011022090911865
6412812288.0,-1.5154948234558105
6413749760.0,-1.5325037240982056
6414687744.0,-1.550885796546936
6415625216.0,-1.5700525045394897
6416562688.0,-1.5900514125823975
6417500160.0,-1.6114938259124756
6418437632.0,-1.6335599422454834
6419375104.0,-1.6561239957809448
6420312576.0,-1.6796947717666626
6421250048.0,-1.7040290832519531
6422187520.0,-1.7287240028381348
6423124992.0,-1.7555919885635376
6424062464.0,-1.7818423509597778
6424999936.0,-1.813896894454956
6425937408.0,-1.841230869293213
6426874880.0,-1.87015962600708
6427812352.0,-1.8999491930007935
6428749824.0,-1.930357575416565
6429687296.0,-1.9612518548965454
6430624768.0,-1.9932289123535156
6431562752.0,-2.023118495941162
6432500224.0,-2.053361415863037
6433437696.0,-2.0828053951263428
6434375168.0,-2.112761974334717
6435312640.0,-2.1408965587615967
6436250112.0,-2.1680941581726074
6437187584.0,-2.194542407989502
6438125056.0,-2.218909502029419
6439062528.0,-2.2414045333862305
6440000000.0,-2.2623379230499268
6440937472.0,-2.2806971073150635
6441874944.0,-2.297823667526245
6442812416.0,-2.313656806945801
6443749888.0,-2.3280105590820312
6444687360.0,-2.340895891189575
6445624832.0,-2.3524184226989746
6446562304.0,-2.3628909587860107
6447499776.0,-2.370993137359619
6448437248.0,-2.3765885829925537
6449375232.0,-2.379852056503296
6450312704.0,-2.379148244857788
6451250176.0,-2.378093957901001
6452187648.0,-2.3772330284118652
6453125120.0,-2.3740298748016357
6454062592.0,-2.3708808422088623
6455000064.0,-2.36659836769104
6455937536.0,-2.362783908843994
6456875008.0,-2.357729911804199
6457812480.0,-2.352956533432007
6458749952.0,-2.347419023513794
6459687424.0,-2.3437376022338867
6460624896.0,-2.3390018939971924
6461562368.0,-2.3376500606536865
6462499840.0,-2.337033271789551
6463437312.0,-2.3359336853027344
6464374784.0,-2.3395259380340576
6465312256.0,-2.3397912979125977
6466250240.0,-2.342146396636963
6467187712.0,-2.3424341678619385
6468125184.0,-2.3429317474365234
6469062656.0,-2.344040870666504
6470000128.0,-2.345245599746704
6470937600.0,-2.3498921394348145
6471875072.0,-2.356443405151367
6472812544.0,-2.3656485080718994
6473750016.0,-2.3766191005706787
6474687488.0,-2.3897223472595215
6475624960.0,-2.405717134475708
6476562432.0,-2.4234304428100586
6477499904.0,-2.4452364444732666
6478437376.0,-2.469498872756958
6479374848.0,-2.499303102493286
6480312320.0,-2.5309629440307617
6481249792.0,-2.566469192504883
6482187264.0,-2.600954532623291
6483125248.0,-2.635016441345215
6484062720.0,-2.6711161136627197
6485000192.0,-2.7732014656066895
6485937664.0,-2.7977280616760254
6486875136.0,-2.8212532997131348
6487812608.0,-2.844073534011841
6488750080.0,-2.8685731887817383
6489687552.0,-2.89384388923645
6490625024.0,-2.9226841926574707
6491562496.0,-2.9507458209991455
6492499968.0,-2.9804694652557373
6493437440.0,-3.012800455093384
6494374912.0,-3.0434117317199707
6495312384.0,-3.0739364624023438
6496249856.0,-3.1039950847625732
6497187328.0,-3.1344828605651855
6498124800.0,-3.16579270362854
6499062272.0,-3.197110891342163
6499999744.0,-3.228243112564087
6500937728.0,-3.2568953037261963
6501875200.0,-3.283234119415283
6502812672.0,-3.310744524002075
6503750144.0,-3.33432674407959
6504687616.0,-3.357457160949707
6505625088.0,-3.3824570178985596
6506562560.0,-3.404216766357422
6507500032.0,-3.42985463142395
6508437504.0,-3.453723907470703
6509374976.0,-3.478436231613159
6510312448.0,-3.5063319206237793
6511249920.0,-3.5318517684936523
6512187392.0,-3.5599594116210938
6513124864.0,-3.58941912651062
6514062336.0,-3.6196787357330322
6514999808.0,-3.6495912075042725
6515937280.0,-3.6817026138305664
6516874752.0,-3.7132043838500977
6517812736.0,-3.7455310821533203
6518750208.0,-3.7788469791412354
6519687680.0,-3.811040163040161
6520625152.0,-3.8449552059173584
6521562624.0,-3.87898588180542
6522500096.0,-3.914039134979248
6523437568.0,-3.9496071338653564
6524375040.0,-3.987003803253174
6525312512.0,-4.025964736938477
6526249984.0,-4.067536354064941
6527187456.0,-4.107889175415039
6528124928.0,-4.1497273445129395
6529062400.0,-4.195309638977051
6529999872.0,-4.242804050445557
6530937344.0,-4.292205333709717
6531874816.0,-4.341648101806641
6532812288.0,-4.390994548797607
6533749760.0,-4.438726902008057
6534687744.0,-4.486062526702881
6535625216.0,-4.534196853637695
6536562688.0,-4.580379962921143
6537500160.0,-4.62682580947876
6538437632.0,-4.673354625701904
6539375104.0,-4.719244956970215
6540312576.0,-4.76676082611084
6541250048.0,-4.814141273498535
6542187520.0,-4.860522747039795
6543124992.0,-4.906013011932373
6544062464.0,-4.949689865112305
6544999936.0,-4.985606670379639
6545937408.0,-5.031839847564697
6546874880.0,-5.078652858734131
6547812352.0,-5.12477445602417
6548749824.0,-5.1725335121154785
6549687296.0,-5.219782829284668
6550624768.0,-5.266896724700928
6551562752.0,-5.316145896911621
6552500224.0,-5.367391109466553
6553437696.0,-5.418179512023926
6554375168.0,-5.469881057739258
6555312640.0,-5.520119667053223
6556250112.0,-5.571311950683594
6557187584.0,-5.62213659286499
6558125056.0,-5.670811176300049
6559062528.0,-5.721426486968994
6560000000.0,-5.771337032318115
6560937472.0,-5.820808410644531
6561874944.0,-5.8698015213012695
6562812416.0,-5.921135902404785
6563749888.0,-5.97258996963501
6564687360.0,-6.028276443481445
6565624832.0,-6.084835052490234
6566562304.0,-6.142440319061279
6567499776.0,-6.2021002769470215
6568437248.0,-6.267149448394775
6569375232.0,-6.331339359283447
6570312704.0,-6.396866321563721
6571250176.0,-6.461726665496826
6572187648.0,-6.530337810516357
6573125120.0,-6.600022792816162
6574062592.0,-6.673928260803223
6575000064.0,-6.749255657196045
6575937536.0,-6.82758092880249
6576875008.0,-6.91280460357666
6577812480.0,-7.0015106201171875
6578749952.0,-7.093026638031006
6579687424.0,-7.187873840332031
6580624896.0,-7.28328275680542
6581562368.0,-7.377927303314209
6582499840.0,-7.468858242034912
6583437312.0,-7.555814266204834
6584374784.0,-7.641557693481445
6585312256.0,-7.730774879455566
6586250240.0,-7.820043087005615
6587187712.0,-7.907347679138184
6588125184.0,-7.993834495544434
6589062656.0,-8.08310317993164
6590000128.0,-8.17287540435791
6590937600.0,-8.268540382385254
6591875072.0,-8.366674423217773
6592812544.0,-8.468354225158691
6593750016.0,-8.57433795928955
6594687488.0,-8.681358337402344
6595624960.0,-8.790496826171875
6596562432.0,-8.89893913269043
6597499904.0,-9.007035255432129
6598437376.0,-9.118106842041016
6599374848.0,-9.230632781982422
6600312320.0,-9.34411334991455
6601249792.0,-9.458083152770996
6602187264.0,-9.570342063903809
6603125248.0,-9.681896209716797
6604062720.0,-9.790548324584961
6605000192.0,-9.887761116027832
6605937664.0,-9.983407974243164
6606875136.0,-10.075583457946777
6607812608.0,-10.169142723083496
6608750080.0,-10.260945320129395
6609687552.0,-10.35324764251709
6610625024.0,-10.446722984313965
6611562496.0,-10.540200233459473
6612499968.0,-10.631928443908691
6613437440.0,-10.724065780639648
6614374912.0,-10.817261695861816
6615312384.0,-10.903447151184082
6616249856.0,-10.985437393188477
6617187328.0,-11.061058044433594
6618124800.0,-11.123641967773438
6619062272.0,-11.182580947875977
6620000256.0,-11.239161491394043
6620937728.0,-11.297207832336426
6621875200.0,-11.354665756225586
6622812672.0,-11.408626556396484
6623750144.0,-11.453914642333984
6624687616.0,-11.493559837341309
6625625088.0,-11.527312278747559
6626562560.0,-11.560206413269043
6627500032.0,-11.590117454528809
6628437504.0,-11.620697021484375
6629374976.0,-11.646598815917969
6630312448.0,-11.677016258239746
6631249920.0,-11.702226638793945
6632187392.0,-11.727726936340332
6633124864.0,-11.74593448638916
6634062336.0,-11.759490966796875
6634999808.0,-11.760778427124023
6635937280.0,-11.75260066986084
6636874752.0,-11.73401165008545
6637812736.0,-11.70477294921875
6638750208.0,-11.666996955871582
6639687680.0,-11.622281074523926
6640625152.0,-11.572400093078613
6641562624.0,-11.52061939239502
6642500096.0,-11.466190338134766
6643437568.0,-11.408607482910156
6644375040.0,-11.340550422668457
6645312512.0,-11.265928268432617
6646249984.0,-11.18798542022705
6647187456.0,-11.100914001464844
6648124928.0,-11.007250785827637
6649062400.0,-10.908467292785645
6649999872.0,-10.806879997253418
6650937344.0,-10.71058177947998
6651874816.0,-10.6195707321167
6652812288.0,-10.530196189880371
6653749760.0,-10.448896408081055
6654687744.0,-10.365947723388672
6655625216.0,-10.288433074951172
6656562688.0,-10.210289001464844
6657500160.0,-10.127999305725098
6658437632.0,-10.039517402648926
6659375104.0,-9.943900108337402
6660312576.0,-9.843278884887695
6661250048.0,-9.741278648376465
6662187520.0,-9.636031150817871
6663124992.0,-9.52616024017334
6664062464.0,-9.415229797363281
6664999936.0,-9.28718090057373
6665937408.0,-9.175074577331543
6666874880.0,-9.064193725585938
6667812352.0,-8.959619522094727
6668749824.0,-8.857184410095215
6669687296.0,-8.755216598510742
6670624768.0,-8.652050971984863
6671562752.0,-8.54835319519043
6672500224.0,-8.444511413574219
6673437696.0,-8.340537071228027
6674375168.0,-8.234603881835938
6675312640.0,-8.13062858581543
6676250112.0,-8.025938034057617
6677187584.0,-7.923402309417725
6678125056.0,-7.820164203643799
6679062528.0,-7.723306655883789
6680000000.0,-7.630180835723877
6680937472.0,-7.544559478759766
6681874944.0,-7.459745407104492
6682812416.0,-7.379316806793213
6683749888.0,-7.298839569091797
6684687360.0,-7.222184658050537
6685624832.0,-7.147137641906738
6686562304.0,-7.072988033294678
6687499776.0,-7.001332759857178
6688437248.0,-6.932117462158203
6689375232.0,-6.866533279418945
6690312704.0,-6.803210735321045
6691250176.0,-6.738217353820801
6692187648.0,-6.678781986236572
6693125120.0,-6.621415615081787
6694062592.0,-6.566330909729004
6695000064.0,-6.5111823081970215
6695937536.0,-6.457564830780029
6696875008.0,-6.403714656829834
6697812480.0,-6.346572399139404
6698749952.0,-6.288081169128418
6699687424.0,-6.226971626281738
6700624896.0,-6.1636786460876465
6701562368.0,-6.100896835327148
6702499840.0,-6.038714408874512
6703437312.0,-5.980142593383789
6704374784.0,-5.9224934577941895
6705312256.0,-5.869373321533203
6706250240.0,-5.812572956085205
6707187712.0,-5.759109020233154
6708125184.0,-5.703976631164551
6709062656.0,-5.648219108581543
6710000128.0,-5.5951690673828125
6710937600.0,-5.5398030281066895
6711875072.0,-5.4824042320251465
6712812544.0,-5.423498153686523
6713750016.0,-5.364903926849365
6714687488.0,-5.305808067321777
6715624960.0,-5.246269702911377
6716562432.0,-5.187417507171631
6717499904.0,-5.129899024963379
6718437376.0,-5.070953845977783
6719374848.0,-5.012143135070801
6720312320.0,-4.952568054199219
6721249792.0,-4.890005111694336
6722187264.0,-4.828428268432617
6723125248.0,-4.765568733215332
6724062720.0,-4.6986517906188965
6725000192.0,-4.418332099914551
6725937664.0,-4.346701622009277
6726875136.0,-4.276287078857422
6727812608.0,-4.208093643188477
6728750080.0,-4.141531944274902
6729687552.0,-4.078356742858887
6730625024.0,-4.0163421630859375
6731562496.0,-3.9549660682678223
6732499968.0,-3.8993258476257324
6733437440.0,-3.8420114517211914
6734374912.0,-3.7874932289123535
6735312384.0,-3.7342231273651123
6736249856.0,-3.680971145629883
6737187328.0,-3.6301016807556152
6738124800.0,-3.5836846828460693
6739062272.0,-3.5378737449645996
6739999744.0,-3.49666166305542
6740937728.0,-3.4567136764526367
6741875200.0,-3.4184916019439697
6742812672.0,-3.3848071098327637
6743750144.0,-3.3526434898376465
6744687616.0,-3.3230655193328857
6745625088.0,-3.295975923538208
6746562560.0,-3.269888162612915
6747500032.0,-3.2461860179901123
6748437504.0,-3.222529411315918
6749374976.0,-3.19992733001709
6750312448.0,-3.1779208183288574
6751249920.0,-3.157848596572876
6752187392.0,-3.136625289916992
6753124864.0,-3.117370367050171
6754062336.0,-3.100634813308716
6754999808.0,-3.0854852199554443
6755937280.0,-3.068193197250366
6756874752.0,-3.0513691902160645
6757812736.0,-3.0333092212677
6758750208.0,-3.0161185264587402
6759687680.0,-2.998804807662964
6760625152.0,-2.981708526611328
6761562624.0,-2.962721347808838
6762500096.0,-2.943469285964966
6763437568.0,-2.9226863384246826
6764375040.0,-2.9021096229553223
6765312512.0,-2.879044771194458
6766249984.0,-2.8556814193725586
6767187456.0,-2.8317105770111084
6768124928.0,-2.803532838821411
6769062400.0,-2.775095224380493
6769999872.0,-2.745290517807007
6770937344.0,-2.7131643295288086
6771874816.0,-2.6821017265319824
6772812288.0,-2.6486992835998535
6773749760.0,-2.6166133880615234
6774687744.0,-2.5829031467437744
6775625216.0,-2.549569845199585
6776562688.0,-2.5155231952667236
6777500160.0,-2.4819729328155518
6778437632.0,-2.4520652294158936
6779375104.0,-2.422961950302124
6780312576.0,-2.3938329219818115
6781250048.0,-2.365192174911499
6782187520.0,-2.3352959156036377
6783124992.0,-2.307048797607422
6784062464.0,-2.2784292697906494
6784999936.0,-2.2558085918426514
6785937408.0,-2.2215018272399902
6786874880.0,-2.188786506652832
6787812352.0,-2.156712293624878
6788749824.0,-2.126176118850708
6789687296.0,-2.0957906246185303
6790624768.0,-2.0674262046813965
6791562752.0,-2.0407674312591553
6792500224.0,-2.01542067527771
6793437696.0,-1.9907912015914917
6794375168.0,-1.9678925275802612
6795312640.0,-1.9458510875701904
6796250112.0,-1.9239500761032104
6797187584.0,-1.904354214668274
6798125056.0,-1.8854258060455322
6799062528.0,-1.8699908256530762
6800000000.0,-1.8551052808761597
6800937472.0,-1.841854214668274
6801874944.0,-1.8289493322372437
6802812416.0,-1.817989468574524
6803749888.0,-1.8075729608535767
6804687360.0,-1.7967230081558228
6805624832.0,-1.7879388332366943
6806562304.0,-1.777856707572937
6807499776.0,-1.7669477462768555
6808437248.0,-1.7563890218734741
6809375232.0,-1.7459381818771362
6810312704.0,-1.7362046241760254
6811250176.0,-1.7239985466003418
6812187648.0,-1.7134058475494385
6813125120.0,-1.7010281085968018
6814062592.0,-1.688880443572998
6815000064.0,-1.675583839416504
6815937536.0,-1.6632879972457886
6816875008.0,-1.6508909463882446
6817812480.0,-1.6373894214630127
6818749952.0,-1.623502254486084
6819687424.0,-1.608019471168518
6820624896.0,-1.5914793014526367
6821562368.0,-1.5734180212020874
6822499840.0,-1.5556825399398804
6823437312.0,-1.5382490158081055
6824374784.0,-1.5176047086715698
6825312256.0,-1.498220682144165
6826250240.0,-1.4770029783248901
6827187712.0,-1.4569257497787476
6828125184.0,-1.4365097284317017
6829062656.0,-1.4148882627487183
6830000128.0,-1.3916760683059692
6830937600.0,-1.3692309856414795
6831875072.0,-1.3458787202835083
6832812544.0,-1.3238435983657837
6833750016.0,-1.301066517829895
6834687488.0,-1.278420090675354
6835624960.0,-1.2576227188110352
6836562432.0,-1.2355751991271973
6837499904.0,-1.2155308723449707
6838437376.0,-1.1950441598892212
6839374848.0,-1.176395297050476
6840312320.0,-1.1577001810073853
6841249792.0,-1.1408518552780151
6842187264.0,-1.126759648323059
6843125248.0,-1.1123294830322266
6844062720.0,-1.1013758182525635
6845000192.0,-1.064841628074646
6845937664.0,-1.057079792022705
6846875136.0,-1.0493669509887695
6847812608.0,-1.0439882278442383
6848750080.0,-1.0386080741882324
6849687552.0,-1.0349407196044922
6850625024.0,-1.0330771207809448
6851562496.0,-1.0314134359359741
6852499968.0,-1.0322588682174683
6853437440.0,-1.0348808765411377
6854374912.0,-1.0364450216293335
6855312384.0,-1.0390764474868774
6856249856.0,-1.0422418117523193
6857187328.0,-1.0462725162506104
6858124800.0,-1.052999496459961
6859062272.0,-1.0587451457977295
6860000256.0,-1.0664244890213013
6860937728.0,-1.074242353439331
6861875200.0,-1.082129955291748
6862812672.0,-1.0917601585388184
6863750144.0,-1.101273775100708
6864687616.0,-1.1111222505569458
6865625088.0,-1.1216058731079102
6866562560.0,-1.1329154968261719
6867500032.0,-1.1434087753295898
6868437504.0,-1.154436469078064
6869374976.0,-1.163631796836853
6870312448.0,-1.1729938983917236
6871249920.0,-1.1818976402282715
6872187392.0,-1.1895582675933838
6873124864.0,-1.1950273513793945
6874062336.0,-1.1980528831481934
6874999808.0,-1.2015554904937744
6875937280.0,-1.2006739377975464
6876874752.0,-1.1992839574813843
6877812736.0,-1.1954963207244873
6878750208.0,-1.1892491579055786
6879687680.0,-1.1800116300582886
6880625152.0,-1.1677933931350708
6881562624.0,-1.1534873247146606
6882500096.0,-1.137248158454895
6883437568.0,-1.1195597648620605
6884375040.0,-1.0980854034423828
6885312512.0,-1.0774067640304565
6886249984.0,-1.0552903413772583
6887187456.0,-1.0296839475631714
6888124928.0,-1.0041533708572388
6889062400.0,-0.976288378238678
6889999872.0,-0.9488331079483032
6890937344.0,-0.9194731712341309
6891874816.0,-0.8901145458221436
6892812288.0,-0.8601821064949036
6893749760.0,-0.829162061214447
6894687744.0,-0.7994319200515747
6895625216.0,-0.7696989178657532
6896562688.0,-0.7394993901252747
6897500160.0,-0.7111855745315552
6898437632.0,-0.6827253103256226
6899375104.0,-0.6549180150032043
6900312576.0,-0.6284194588661194
6901250048.0,-0.6017036437988281
6902187520.0,-0.5760250091552734
6903124992.0,-0.5508649349212646
6904062464.0,-0.5282856822013855
6904999936.0,-0.4886188507080078
6905937408.0,-0.4829534888267517
6906874880.0,-0.4806100130081177
6907812352.0,-0.47807490825653076
6908749824.0,-0.4776005148887634
6909687296.0,-0.4786776900291443
6910624768.0,-0.4809946119785309
6911562752.0,-0.4845128655433655
6912500224.0,-0.4896426498889923
6913437696.0,-0.4945715367794037
6914375168.0,-0.5001304149627686
6915312640.0,-0.507336437702179
6916250112.0,-0.5144070982933044
6917187584.0,-0.5221604108810425
6918125056.0,-0.5295379757881165
6919062528.0,-0.5380736589431763
6920000000.0,-0.5458188652992249
6920937472.0,-0.5550297498703003
6921874944.0,-0.5635892152786255
6922812416.0,-0.5734536647796631
6923749888.0,-0.5822571516036987
6924687360.0,-0.5913032293319702
6925624832.0,-0.601054847240448
6926562304.0,-0.6091800928115845
6927499776.0,-0.6170141696929932
6928437248.0,-0.6243129372596741
6929375232.0,-0.6313220858573914
6930312704.0,-0.6380201578140259
6931250176.0,-0.6470777988433838
6932187648.0,-0.656730055809021
6933125120.0,-0.6639055609703064
6934062592.0,-0.6715677380561829
6935000064.0,-0.6780865788459778
6935937536.0,-0.6842128038406372
6936875008.0,-0.6898345351219177
6937812480.0,-0.6942195296287537
6938749952.0,-0.6982666254043579
6939687424.0,-0.7012131214141846
6940624896.0,-0.7023332715034485
6941562368.0,-0.7032454013824463
6942499840.0,-0.7040179967880249
6943437312.0,-0.7035370469093323
6944374784.0,-0.7020667195320129
6945312256.0,-0.6993070840835571
6946250240.0,-0.6958288550376892
6947187712.0,-0.6916455626487732
6948125184.0,-0.6858754754066467
6949062656.0,-0.6798502802848816
6950000128.0,-0.673144519329071
6950937600.0,-0.6645269989967346
6951875072.0,-0.6565346121788025
6952812544.0,-0.6477014422416687
6953750016.0,-0.6371936798095703
6954687488.0,-0.62554532289505
6955624960.0,-0.6133729815483093
6956562432.0,-0.6021038889884949
6957499904.0,-0.5902466773986816
6958437376.0,-0.5781713724136353
6959374848.0,-0.5648903846740723
6960312320.0,-0.5514025688171387
6961249792.0,-0.5371814370155334
6962187264.0,-0.5223169922828674
6963125248.0,-0.5050033330917358
6964062720.0,-0.4904589354991913
6965000192.0,-0.4114944040775299
6965937664.0,-0.402958482503891
6966875136.0,-0.39470431208610535
6967812608.0,-0.3874760568141937
6968750080.0,-0.38118240237236023
6969687552.0,-0.3730181157588959
6970625024.0,-0.3661501109600067
6971562496.0,-0.3588913679122925
6972499968.0,-0.35269683599472046
6973437440.0,-0.34769579768180847
6974374912.0,-0.3432474732398987
6975312384.0,-0.3395894169807434
6976249856.0,-0.3355571925640106
6977187328.0,-0.33353206515312195
6978124800.0,-0.3323405086994171
6979062272.0,-0.33159205317497253
6979999744.0,-0.33141300082206726
6980937728.0,-0.33386343717575073
6981875200.0,-0.3350995182991028
6982812672.0,-0.33724698424339294
6983750144.0,-0.34098371863365173
6984687616.0,-0.3452169597148895
6985625088.0,-0.3510226309299469
6986562560.0,-0.35789158940315247
6987500032.0,-0.3674645721912384
6988437504.0,-0.3768989145755768
6989374976.0,-0.38710254430770874
6990312448.0,-0.39903753995895386
6991249920.0,-0.41231769323349
6992187392.0,-0.4237666130065918
6993124864.0,-0.43618127703666687
6994062336.0,-0.44934988021850586
6994999808.0,-0.46211278438568115
6995937280.0,-0.47527194023132324
6996874752.0,-0.48721155524253845
6997812736.0,-0.49989017844200134
6998750208.0,-0.5118202567100525
6999687680.0,-0.5227928757667542
7000625152.0,-0.5335729718208313
7001562624.0,-0.5441386103630066
7002500096.0,-0.5520615577697754
7003437568.0,-0.5603266954421997
7004375040.0,-0.5669956803321838
7005312512.0,-0.5719512701034546
7006249984.0,-0.5751687288284302
7007187456.0,-0.5783740282058716
7008124928.0,-0.579327404499054
7009062400.0,-0.5788467526435852
7009999872.0,-0.5770211219787598
7010937344.0,-0.575075626373291
7011874816.0,-0.5703280568122864
7012812288.0,-0.5649896860122681
7013749760.0,-0.5592162609100342
7014687744.0,-0.551297128200531
7015625216.0,-0.5440067648887634
7016562688.0,-0.5345273613929749
7017500160.0,-0.5253755450248718
7018437632.0,-0.516002893447876
7019375104.0,-0.506364107131958
7020312576.0,-0.4972591996192932
7021250048.0,-0.4882228970527649
7022187520.0,-0.47901755571365356
7023124992.0,-0.4698929786682129
7024062464.0,-0.4615704417228699
7024999936.0,-0.4341198205947876
7025937408.0,-0.4272480607032776
7026874880.0,-0.42070844769477844
7027812352.0,-0.4140421152114868
7028749824.0,-0.40977606177330017
7029687296.0,-0.40475180745124817
7030624768.0,-0.40257832407951355
7031562752.0,-0.40093493461608887
7032500224.0,-0.40072399377822876
7033437696.0,-0.40202710032463074
7034375168.0,-0.40501195192337036
7035312640.0,-0.4091029465198517
7036250112.0,-0.41529935598373413
7037187584.0,-0.4220989942550659
7038125056.0,-0.4290335476398468
7039062528.0,-0.4384368658065796
7040000000.0,-0.44693639874458313
7040937472.0,-0.45589813590049744
7041874944.0,-0.4667260944843292
7042812416.0,-0.4761936366558075
7043749888.0,-0.4862596392631531
7044687360.0,-0.4942130148410797
7045624832.0,-0.5027702450752258
7046562304.0,-0.5107327699661255
7047499776.0,-0.5166794061660767
7048437248.0,-0.5214826464653015
7049375232.0,-0.525199830532074
7050312704.0,-0.5286384224891663
7051250176.0,-0.5288283824920654
7052187648.0,-0.5273776650428772
7053125120.0,-0.5255001187324524
7054062592.0,-0.5214573740959167
7055000064.0,-0.5146989226341248
7055937536.0,-0.5069474577903748
7056875008.0,-0.49645718932151794
7057812480.0,-0.4838196337223053
7058749952.0,-0.46915292739868164
7059687424.0,-0.45238396525382996
7060624896.0,-0.4340309202671051
7061562368.0,-0.4148405194282532
7062499840.0,-0.393758088350296
7063437312.0,-0.374490886926651
7064374784.0,-0.35146889090538025
7065312256.0,-0.33147022128105164
7066250240.0,-0.30817967653274536
7067187712.0,-0.2865270674228668
7068125184.0,-0.2657773792743683
7069062656.0,-0.2451445460319519
7070000128.0,-0.22359015047550201
7070937600.0,-0.20423927903175354
7071875072.0,-0.18680895864963531
7072812544.0,-0.1693403273820877
7073750016.0,-0.15438926219940186
7074687488.0,-0.14089630544185638
7075624960.0,-0.12907056510448456
7076562432.0,-0.11908617615699768
7077499904.0,-0.11138264834880829
7078437376.0,-0.10471009463071823
7079374848.0,-0.10113347321748734
7080312320.0,-0.10057482868432999
7081249792.0,-0.10224848985671997
7082187264.0,-0.1061815544962883
7083125248.0,-0.11283431947231293
7084062720.0,-0.12076493352651596
7085000192.0,-0.2756434381008148
7085937664.0,-0.28716814517974854
7086875136.0,-0.3001278042793274
7087812608.0,-0.3153015375137329
7088750080.0,-0.3321877121925354
7089687552.0,-0.35063067078590393
7090625024.0,-0.37159547209739685
7091562496.0,-0.3947906792163849
7092499968.0,-0.4190666675567627
7093437440.0,-0.4464015066623688
7094374912.0,-0.4739740788936615
7095312384.0,-0.5034819841384888
7096249856.0,-0.5336253643035889
7097187328.0,-0.5654199123382568
7098124800.0,-0.598736584186554
7099062272.0,-0.6338472366333008
7100000256.0,-0.667425811290741
7100937728.0,-0.7019588947296143
7101875200.0,-0.7349492311477661
7102812672.0,-0.7670987248420715
7103750144.0,-0.7971224188804626
7104687616.0,-0.8269354701042175
7105625088.0,-0.8537050485610962
7106562560.0,-0.8771529197692871
7107500032.0,-0.8977811336517334
7108437504.0,-0.9140015840530396
7109374976.0,-0.9290666580200195
7110312448.0,-0.9385064244270325
7111249920.0,-0.9447491765022278
7112187392.0,-0.9469315409660339
7113124864.0,-0.9454261660575867
7114062336.0,-0.9388766884803772
7114999808.0,-0.9290285706520081
7115937280.0,-0.914880633354187
7116874752.0,-0.8958139419555664
7117812736.0,-0.8740362524986267
7118750208.0,-0.8510511517524719
7119687680.0,-0.8228798508644104
7120625152.0,-0.7932947874069214
7121562624.0,-0.7620832324028015
7122500096.0,-0.7282236218452454
7123437568.0,-0.6951391100883484
7124375040.0,-0.660909116268158
7125312512.0,-0.623741865158081
7126249984.0,-0.5867894887924194
7127187456.0,-0.5504247546195984
7128124928.0,-0.5146946907043457
7129062400.0,-0.47783470153808594
7129999872.0,-0.4421078860759735
7130937344.0,-0.4068065881729126
7131874816.0,-0.37451469898223877
7132812288.0,-0.3416234850883484
7133749760.0,-0.31210097670555115
7134687744.0,-0.2840065360069275
7135625216.0,-0.2590559720993042
7136562688.0,-0.2355974018573761
7137500160.0,-0.2136785387992859
7138437632.0,-0.19490619003772736
7139375104.0,-0.17743875086307526
7140312576.0,-0.16192375123500824
7141250048.0,-0.1480826735496521
7142187520.0,-0.13537737727165222
7143124992.0,-0.12601307034492493
7144062464.0,-0.2179907113313675
7144999936.0,-0.21780261397361755
7145937408.0,-0.21870826184749603
7146874880.0,-0.22047051787376404
7147812352.0,-0.22278699278831482
7148749824.0,-0.2249685674905777
7149687296.0,-0.23020094633102417
7150624768.0,-0.23518231511116028
7151562752.0,-0.24084661900997162
7152500224.0,-0.24863699078559875
7153437696.0,-0.25821757316589355
7154375168.0,-0.2718645930290222
7155312640.0,-0.28555071353912354
7156250112.0,-0.3027936518192291
7157187584.0,-0.3226175606250763
7158125056.0,-0.34477293491363525
7159062528.0,-0.36916860938072205
7160000000.0,-0.3958962857723236
7160937472.0,-0.42277389764785767
7161874944.0,-0.44608408212661743
7162812416.0,-0.4665783643722534
7163749888.0,-0.4838278591632843
7164687360.0,-0.4980141818523407
7165624832.0,-0.5087708234786987
7166562304.0,-0.5166279673576355
7167499776.0,-0.5228036046028137
7168437248.0,-0.5277143716812134
7169375232.0,-0.5302507281303406
7170312704.0,-0.5332750678062439
7171250176.0,-0.536358118057251
7172187648.0,-0.5385398864746094
7173125120.0,-0.5411167144775391
7174062592.0,-0.5469952821731567
7175000064.0,-0.5554152727127075
7175937536.0,-0.5645396709442139
7176875008.0,-0.5776724219322205
7177812480.0,-0.591651201248169
7178749952.0,-0.6087785959243774
7179687424.0,-0.627252459526062
7180624896.0,-0.6471652388572693
7181562368.0,-0.6690278649330139
7182499840.0,-0.6915001273155212
7183437312.0,-0.7126989960670471
7184374784.0,-0.7323402762413025
7185312256.0,-0.7524009943008423
7186250240.0,-0.7695453763008118
7187187712.0,-0.7827356457710266
7188125184.0,-0.7944582104682922
7189062656.0,-0.8010129928588867
7190000128.0,-0.8051064014434814
7190937600.0,-0.8047743439674377
7191875072.0,-0.8013505935668945
7192812544.0,-0.7941884398460388
7193750016.0,-0.7815794944763184
7194687488.0,-0.7672367691993713
7195624960.0,-0.7484208345413208
7196562432.0,-0.7273426651954651
7197499904.0,-0.7047276496887207
7198437376.0,-0.6789106130599976
7199374848.0,-0.6527066230773926
7200312320.0,-0.6246864199638367
7201249792.0,-0.5979493856430054
7202187264.0,-0.5700528025627136
7203125248.0,-0.5452849864959717
7204062720.0,-0.6672860383987427
7205000192.0,-0.6571341753005981
7205937664.0,-0.6499587297439575
7206875136.0,-0.6450077891349792
7207812608.0,-0.6431397199630737
7208750080.0,-0.6436101198196411
7209687552.0,-0.6455831527709961
7210625024.0,-0.6511170268058777
7211562496.0,-0.6616424322128296
7212499968.0,-0.6747501492500305
7213437440.0,-0.6902570724487305
7214374912.0,-0.7069261074066162
7215312384.0,-0.7265658378601074
7216249856.0,-0.7447446584701538
7217187328.0,-0.7648982405662537
7218124800.0,-0.786450982093811
7219062272.0,-0.8064420223236084
7219999744.0,-0.8267953395843506
7220937728.0,-0.8461037874221802
7221875200.0,-0.8649805784225464
7222812672.0,-0.8823985457420349
7223750144.0,-0.899040162563324
7224687616.0,-0.9141502380371094
7225625088.0,-0.926203727722168
7226562560.0,-0.9376775026321411
7227500032.0,-0.9479199647903442
7228437504.0,-0.9545601606369019
7229374976.0,-0.960875391960144
7230312448.0,-0.964590311050415
7231249920.0,-0.9656620025634766
7232187392.0,-0.965319812297821
7233124864.0,-0.9637120366096497
7234062336.0,-0.9607550501823425
7234999808.0,-0.9574893116950989
7235937280.0,-0.9529927968978882
7236874752.0,-0.95112544298172
7237812736.0,-0.9471713900566101
7238750208.0,-0.9428268074989319
7239687680.0,-0.9395073056221008
7240625152.0,-0.9338178038597107
7241562624.0,-0.9306086301803589
7242500096.0,-0.9270896315574646
7243437568.0,-0.9254258871078491
7244375040.0,-0.9233519434928894
7245312512.0,-0.9242245554924011
7246249984.0,-0.9244964122772217
7247187456.0,-0.9263620972633362
7248124928.0,-0.9319370985031128
7249062400.0,-0.9374569654464722
7249999872.0,-0.9445770382881165
7250937344.0,-0.9539292454719543
7251874816.0,-0.9655376672744751
7252812288.0,-0.9783779382705688
7253749760.0,-0.9910858273506165
7254687744.0,-1.0050891637802124
7255625216.0,-1.0185834169387817
7256562688.0,-1.034460186958313
7257500160.0,-1.0493433475494385
7258437632.0,-1.0650004148483276
7259375104.0,-1.081756353378296
7260312576.0,-1.097251534461975
7261250048.0,-1.1131540536880493
7262187520.0,-1.1288237571716309
7263124992.0,-1.1419618129730225
7264062464.0,-1.170782446861267
7264999936.0,-1.1835453510284424
7265937408.0,-1.1966997385025024
7266874880.0,-1.2099437713623047
7267812352.0,-1.2227407693862915
7268749824.0,-1.2355223894119263
7269687296.0,-1.2485947608947754
7270624768.0,-1.2612425088882446
7271562752.0,-1.2714754343032837
7272500224.0,-1.2819994688034058
7273437696.0,-1.2928552627563477
7274375168.0,-1.3014036417007446
7275312640.0,-1.3082715272903442
7276250112.0,-1.3123536109924316
7277187584.0,-1.3156219720840454
7278125056.0,-1.3165606260299683
7279062528.0,-1.315004825592041
7280000000.0,-1.3129405975341797
7280937472.0,-1.3065022230148315
7281874944.0,-1.2980271577835083
7282812416.0,-1.2892361879348755
7283749888.0,-1.2767070531845093
7284687360.0,-1.2612149715423584
7285624832.0,-1.2456382513046265
7286562304.0,-1.2264404296875
7287499776.0,-1.2078051567077637
7288437248.0,-1.1864581108093262
7289375232.0,-1.1628789901733398
7290312704.0,-1.1369737386703491
7291250176.0,-1.1089296340942383
7292187648.0,-1.0793321132659912
7293125120.0,-1.0465714931488037
7294062592.0,-1.0139225721359253
7295000064.0,-0.9791955947875977
7295937536.0,-0.9436579346656799
7296875008.0,-0.9077788591384888
7297812480.0,-0.870913565158844
7298749952.0,-0.8344227075576782
7299687424.0,-0.79769366979599
7300624896.0,-0.7613100409507751
7301562368.0,-0.724922239780426
7302499840.0,-0.6889305114746094
7303437312.0,-0.6530219912528992
7304374784.0,-0.6185309886932373
7305312256.0,-0.5843717455863953
7306250240.0,-0.5514805316925049
7307187712.0,-0.519382894039154
7308125184.0,-0.48859086632728577
7309062656.0,-0.4594440162181854
7310000128.0,-0.43125542998313904
7310937600.0,-0.403748095035553
7311875072.0,-0.37727731466293335
7312812544.0,-0.3552902042865753
7313750016.0,-0.3367520272731781
7314687488.0,-0.31824710965156555
7315624960.0,-0.3037208020687103
7316562432.0,-0.28955623507499695
7317499904.0,-0.2776498794555664
7318437376.0,-0.2675428092479706
7319374848.0,-0.25926828384399414
7320312320.0,-0.2528398633003235
7321249792.0,-0.24795688688755035
7322187264.0,-0.2458793967962265
7323125248.0,-0.24578708410263062
7324062720.0,-0.40536680817604065
7325000192.0,-0.40329813957214355
7325937664.0,-0.401658833026886
7326875136.0,-0.4040049612522125
7327812608.0,-0.40636372566223145
7328750080.0,-0.41136881709098816
7329687552.0,-0.41598987579345703
7330625024.0,-0.42485180497169495
7331562496.0,-0.4311729669570923
7332499968.0,-0.4409613013267517
7333437440.0,-0.45153239369392395
7334374912.0,-0.4617551863193512
7335312384.0,-0.4737989902496338
7336249856.0,-0.4850771129131317
7337187328.0,-0.4964394271373749
7338124800.0,-0.5081381797790527
7339062272.0,-0.5179637670516968
7340000256.0,-0.5282143354415894
7340937728.0,-0.5367920398712158
7341875200.0,-0.5442230701446533
7342812672.0,-0.5515385866165161
7343750144.0,-0.5569487810134888
7344687616.0,-0.5625683069229126
7345625088.0,-0.5654342174530029
7346562560.0,-0.5682597756385803
7347500032.0,-0.5688155889511108
7348437504.0,-0.5674094557762146
7349374976.0,-0.5639403462409973
7350312448.0,-0.561161458492279
7351249920.0,-0.5551482439041138
7352187392.0,-0.5485032200813293
7353124864.0,-0.5407806038856506
7354062336.0,-0.5316497683525085
7354999808.0,-0.5211743712425232
7355937280.0,-0.5112273693084717
7356874752.0,-0.4975966215133667
7357812736.0,-0.48575183749198914
7358750208.0,-0.47184762358665466
7359687680.0,-0.45891591906547546
7360625152.0,-0.4441840350627899
7361562624.0,-0.4289699196815491
7362500096.0,-0.4143359065055847
7363437568.0,-0.3987286388874054
7364375040.0,-0.3799888491630554
7365312512.0,-0.36149537563323975
7366249984.0,-0.34345677495002747
7367187456.0,-0.3246276080608368
7368124928.0,-0.3051796555519104
7369062400.0,-0.2865261137485504
7369999872.0,-0.26767322421073914
7370937344.0,-0.24863088130950928
7371874816.0,-0.22985421121120453
7372812288.0,-0.20969967544078827
7373749760.0,-0.19141128659248352
7374687744.0,-0.17136114835739136
7375625216.0,-0.1516421139240265
7376562688.0,-0.1310247927904129
7377500160.0,-0.10994803160429001
7378437632.0,-0.08899115771055222
7379375104.0,-0.06676843017339706
7380312576.0,-0.04492790624499321
7381250048.0,-0.022992877289652824
7382187520.0,-0.0002465893339831382
7383124992.0,0.020522315055131912
7384062464.0,0.036335237324237823
7384999936.0,0.04364461451768875
7385937408.0,0.04976962134242058
7386874880.0,0.05634665861725807
7387812352.0,0.0614333413541317
7388749824.0,0.06672290712594986
7389687296.0,0.07230746001005173
7390624768.0,0.07837480306625366
7391562752.0,0.0830623060464859
7392500224.0,0.08780784904956818
7393437696.0,0.0923617035150528
7394375168.0,0.09878649562597275
7395312640.0,0.10467313230037689
7396250112.0,0.11110343784093857
7397187584.0,0.117303766310215
7398125056.0,0.12361174821853638
7399062528.0,0.13112133741378784
7400000000.0,0.13797374069690704
7400937472.0,0.14495879411697388
7401874944.0,0.15321099758148193
7402812416.0,0.15980380773544312
7403749888.0,0.16639167070388794
7404687360.0,0.17205074429512024
7405624832.0,0.17756280303001404
7406562304.0,0.18063819408416748
7407499776.0,0.18349182605743408
7408437248.0,0.1838197410106659
7409375232.0,0.18256187438964844
7410312704.0,0.17891795933246613
7411250176.0,0.17391911149024963
7412187648.0,0.16546690464019775
7413125120.0,0.15347148478031158
7414062592.0,0.1399020105600357
7415000064.0,0.12497042864561081
7415937536.0,0.10606247931718826
7416875008.0,0.08517417311668396
7417812480.0,0.0647469237446785
7418749952.0,0.04142395779490471
7419687424.0,0.01689538173377514
7420624896.0,-0.008846928365528584
7421562368.0,-0.03387777879834175
7422499840.0,-0.06019023805856705
7423437312.0,-0.08694179356098175
7424374784.0,-0.1128205955028534
7425312256.0,-0.13723209500312805
7426250240.0,-0.16038066148757935
7427187712.0,-0.18303275108337402
7428125184.0,-0.20455358922481537
7429062656.0,-0.22322258353233337
7430000128.0,-0.24167940020561218
7430937600.0,-0.2569444477558136
7431875072.0,-0.2715824842453003
7432812544.0,-0.28537875413894653
7433750016.0,-0.29733386635780334
7434687488.0,-0.3078440725803375
7435624960.0,-0.31697696447372437
7436562432.0,-0.32481202483177185
7437499904.0,-0.3323739469051361
7438437376.0,-0.3395856022834778
7439374848.0,-0.34485360980033875
7440312320.0,-0.34803536534309387
7441249792.0,-0.3498842120170593
7442187264.0,-0.3502505123615265
7443125248.0,-0.3497999310493469
7444062720.0,-0.13492844998836517
7445000192.0,-0.11632566899061203
7445937664.0,-0.10142645239830017
7446875136.0,-0.08799411356449127
7447812608.0,-0.07748983800411224
7448750080.0,-0.06832750886678696
7449687552.0,-0.06089049205183983
7450625024.0,-0.055866990238428116
7451562496.0,-0.05217358097434044
7452499968.0,-0.04892715811729431
7453437440.0,-0.04713483527302742
7454374912.0,-0.04495754465460777
7455312384.0,-0.043199166655540466
7456249856.0,-0.041577886790037155
7457187328.0,-0.03881945461034775
7458124800.0,-0.03535715118050575
7459062272.0,-0.030344072729349136
7459999744.0,-0.026682225987315178
7460937728.0,-0.020185139030218124
7461875200.0,-0.014078428968787193
7462812672.0,-0.005426675081253052
7463750144.0,0.002890035742893815
7464687616.0,0.01258457824587822
7465625088.0,0.023276928812265396
7466562560.0,0.0339692197740078
7467500032.0,0.044747669249773026
7468437504.0,0.05554224178195
7469374976.0,0.06953771412372589
7470312448.0,0.08104923367500305
7471249920.0,0.09298569709062576
7472187392.0,0.10524071007966995
7473124864.0,0.11757096648216248
7474062336.0,0.12876743078231812
7474999808.0,0.1399497389793396
7475937280.0,0.1496506631374359
7476874752.0,0.15796999633312225
7477812736.0,0.16581423580646515
7478750208.0,0.17305916547775269
7479687680.0,0.177578866481781
7480625152.0,0.18079839646816254
7481562624.0,0.18305160105228424
7482500096.0,0.183939591050148
7483437568.0,0.1838773787021637
7484375040.0,0.18152907490730286
7485312512.0,0.17739014327526093
7486249984.0,0.17191734910011292
7487187456.0,0.1649830937385559
7488124928.0,0.15657439827919006
7489062400.0,0.14705780148506165
7489999872.0,0.13685305416584015
7490937344.0,0.12261167913675308
7491874816.0,0.10668269544839859
7492812288.0,0.09020768105983734
7493749760.0,0.07231152057647705
7494687744.0,0.05453277379274368
7495625216.0,0.0355159230530262
7496562688.0,0.016161926090717316
7497500160.0,-0.002831930760294199
7498437632.0,-0.021395180374383926
7499375104.0,-0.04014238715171814
7500312576.0,-0.05660055950284004
7501250048.0,-0.07491465657949448
7502187520.0,-0.09078951925039291
7503124992.0,-0.106646329164505
7504062464.0,-0.09187840670347214
7504999936.0,-0.10181587189435959
7505937408.0,-0.11201919615268707
7506874880.0,-0.12203755229711533
7507812352.0,-0.13087977468967438
7508749824.0,-0.1412278562784195
7509687296.0,-0.15013955533504486
7510624768.0,-0.1576521247625351
7511562752.0,-0.16611364483833313
7512500224.0,-0.17316880822181702
7513437696.0,-0.179819718003273
7514375168.0,-0.18580228090286255
7515312640.0,-0.19016766548156738
7516250112.0,-0.19455982744693756
7517187584.0,-0.19906416535377502
7518125056.0,-0.20258814096450806
7519062528.0,-0.20486736297607422
7520000000.0,-0.20626200735569
7520937472.0,-0.20705550909042358
7521874944.0,-0.20645348727703094
7522812416.0,-0.2049432247877121
7523749888.0,-0.20250850915908813
7524687360.0,-0.19850879907608032
7525624832.0,-0.19405803084373474
7526562304.0,-0.18860305845737457
7527499776.0,-0.1823354810476303
7528437248.0,-0.17397494614124298
7529375232.0,-0.16478514671325684
7530312704.0,-0.15569715201854706
7531250176.0,-0.14545509219169617
7532187648.0,-0.13337987661361694
7533125120.0,-0.12131650000810623
7534062592.0,-0.10864873230457306
7535000064.0,-0.09298262745141983
7535937536.0,-0.07925046235322952
7536875008.0,-0.06304977089166641
7537812480.0,-0.047064799815416336
7538749952.0,-0.029906796291470528
7539687424.0,-0.012404607608914375
7540624896.0,0.006030733697116375
7541562368.0,0.024309804663062096
7542499840.0,0.04417115077376366
7543437312.0,0.06418254226446152
7544374784.0,0.08501897752285004
7545312256.0,0.1069919764995575
7546250240.0,0.12745298445224762
7547187712.0,0.1481371968984604
7548125184.0,0.16870112717151642
7549062656.0,0.19053642451763153
7550000128.0,0.2103470265865326
7550937600.0,0.23127461969852448
7551875072.0,0.2503274381160736
7552812544.0,0.2696858048439026
7553750016.0,0.2874259948730469
7554687488.0,0.3050009310245514
7555624960.0,0.3207312226295471
7556562432.0,0.33595800399780273
7557499904.0,0.350061297416687
7558437376.0,0.36280685663223267
7559374848.0,0.3737133741378784
7560312320.0,0.38312503695487976
7561249792.0,0.39116254448890686
7562187264.0,0.3964182734489441
7563125248.0,0.4007042348384857
7564062720.0,0.18111157417297363
7565000192.0,0.1812707930803299
7565937664.0,0.17970900237560272
7566875136.0,0.17687930166721344
7567812608.0,0.1760377585887909
7568750080.0,0.17350012063980103
7569687552.0,0.16907969117164612
7570625024.0,0.16470353305339813
7571562496.0,0.15958289802074432
7572499968.0,0.15370507538318634
7573437440.0,0.14551806449890137
7574374912.0,0.13662993907928467
7575312384.0,0.12624920904636383
7576249856.0,0.11596742272377014
7577187328.0,0.10250679403543472
7578124800.0,0.08915284276008606
7579062272.0,0.07472395896911621
7580000256.0,0.05938446521759033
7580937728.0,0.043368447571992874
7581875200.0,0.02551778219640255
7582812672.0,0.008399426937103271
7583750144.0,-0.009623381309211254
7584687616.0,-0.029038259759545326
7585625088.0,-0.04889242351055145
7586562560.0,-0.06785766035318375
7587500032.0,-0.08738119900226593
7588437504.0,-0.10778825730085373
7589374976.0,-0.12793995440006256
7590312448.0,-0.14720280468463898
7591249920.0,-0.16803990304470062
7592187392.0,-0.18725301325321198
7593124864.0,-0.20581957697868347
7594062336.0,-0.22318729758262634
7594999808.0,-0.24161586165428162
7595937280.0,-0.25650036334991455
7596874752.0,-0.27168673276901245
7597812736.0,-0.28537431359291077
7598750208.0,-0.29772576689720154
7599687680.0,-0.30848899483680725
7600625152.0,-0.31671831011772156
7601562624.0,-0.32393839955329895
7602500096.0,-0.32968083024024963
7603437568.0,-0.3332638740539551
7604375040.0,-0.3358036279678345
7605312512.0,-0.3351426124572754
7606249984.0,-0.3337160348892212
7607187456.0,-0.3290998637676239
7608124928.0,-0.3238244354724884
7609062400.0,-0.31632736325263977
7609999872.0,-0.3052874207496643
7610937344.0,-0.2942592203617096
7611874816.0,-0.2799876034259796
7612812288.0,-0.2639278471469879
7613749760.0,-0.24550491571426392
7614687744.0,-0.22595620155334473
7615625216.0,-0.20470423996448517
7616562688.0,-0.181843101978302
7617500160.0,-0.15719729661941528
7618437632.0,-0.13218946754932404
7619375104.0,-0.10511787980794907
7620312576.0,-0.07792200893163681
7621250048.0,-0.049129918217659
7622187520.0,-0.021827690303325653
7623124992.0,0.006711955182254314
7624062464.0,0.033978335559368134
7624999936.0,0.06152677163481712
7625937408.0,0.08810011297464371
7626874880.0,0.11474458128213882
7627812352.0,0.13907277584075928
7628749824.0,0.16376671195030212
7629687296.0,0.1867830455303192
7630624768.0,0.20738397538661957
7631562752.0,0.2274782508611679
7632500224.0,0.24565675854682922
7633437696.0,0.26220962405204773
7634375168.0,0.2771790623664856
7635312640.0,0.29000988602638245
7636250112.0,0.3003474175930023
7637187584.0,0.3091621994972229
7638125056.0,0.31503817439079285
7639062528.0,0.3204176723957062
7640000000.0,0.3215581178665161
7640937472.0,0.3215533494949341
7641874944.0,0.3209129273891449
7642812416.0,0.3169374465942383
7643749888.0,0.3112121820449829
7644687360.0,0.30428966879844666
7645624832.0,0.29618293046951294
7646562304.0,0.2859995365142822
7647499776.0,0.27412667870521545
7648437248.0,0.2611081302165985
7649375232.0,0.24611908197402954
7650312704.0,0.23043660819530487
7651250176.0,0.21218861639499664
7652187648.0,0.19437992572784424
7653125120.0,0.17319411039352417
7654062592.0,0.15190339088439941
7655000064.0,0.12752188742160797
7655937536.0,0.10477344691753387
7656875008.0,0.08007454127073288
7657812480.0,0.05406586080789566
7658749952.0,0.028821395710110664
7659687424.0,0.0029707648791372776
7660624896.0,-0.023756109178066254
7661562368.0,-0.05077843368053436
7662499840.0,-0.07672849297523499
7663437312.0,-0.10355571657419205
7664374784.0,-0.1292867213487625
7665312256.0,-0.15544390678405762
7666250240.0,-0.1792968511581421
7667187712.0,-0.20230546593666077
7668125184.0,-0.22444163262844086
7669062656.0,-0.24531430006027222
7670000128.0,-0.26542967557907104
7670937600.0,-0.2833330035209656
7671875072.0,-0.3000054657459259
7672812544.0,-0.3130761384963989
7673750016.0,-0.3253944218158722
7674687488.0,-0.3347901999950409
7675624960.0,-0.34221217036247253
7676562432.0,-0.34688180685043335
7677499904.0,-0.34789377450942993
7678437376.0,-0.3475725054740906
7679374848.0,-0.34494367241859436
7680312320.0,-0.33921587467193604
7681249792.0,-0.33176544308662415
7682187264.0,-0.32038676738739014
7683125248.0,-0.3090222179889679
7684062720.0,-0.2862982749938965
7685000192.0,-0.277574360370636
7685937664.0,-0.26570940017700195
7686875136.0,-0.2521982192993164
7687812608.0,-0.23811756074428558
7688750080.0,-0.2221573144197464
7689687552.0,-0.20554420351982117
7690625024.0,-0.18740007281303406
7691562496.0,-0.16808171570301056
7692499968.0,-0.14789481461048126
7693437440.0,-0.12859469652175903
7694374912.0,-0.10905510932207108
7695312384.0,-0.09000854194164276
7696249856.0,-0.07261296361684799
7697187328.0,-0.05439917370676994
7698124800.0,-0.037559762597084045
7699062272.0,-0.018419092521071434
7699999744.0,-0.0021300455555319786
7700937728.0,0.013962320983409882
7701875200.0,0.0305402223020792
7702812672.0,0.04626996070146561
7703750144.0,0.060274865478277206
7704687616.0,0.07487744092941284
7705625088.0,0.08743336796760559
7706562560.0,0.10015533119440079
7707500032.0,0.11158052086830139
7708437504.0,0.12228983640670776
7709374976.0,0.13241150975227356
7710312448.0,0.1407962143421173
7711249920.0,0.1499713659286499
7712187392.0,0.15790000557899475
7713124864.0,0.16517767310142517
7714062336.0,0.17325319349765778
7714999808.0,0.180693581700325
7715937280.0,0.18778887391090393
7716874752.0,0.19311794638633728
7717812736.0,0.1993824541568756
7718750208.0,0.20379599928855896
7719687680.0,0.20810087025165558
7720625152.0,0.21291908621788025
7721562624.0,0.2155713587999344
7722500096.0,0.21786093711853027
7723437568.0,0.219400554895401
7724375040.0,0.22014106810092926
7725312512.0,0.22090665996074677
7726249984.0,0.21988853812217712
7727187456.0,0.21951018273830414
7728124928.0,0.21686844527721405
7729062400.0,0.21379388868808746
7729999872.0,0.2090023159980774
7730937344.0,0.20426003634929657
7731874816.0,0.19617101550102234
7732812288.0,0.18871597945690155
7733749760.0,0.17911338806152344
7734687744.0,0.16825002431869507
7735625216.0,0.1558501422405243
7736562688.0,0.14227505028247833
7737500160.0,0.1260470449924469
7738437632.0,0.10959716141223907
7739375104.0,0.09092430025339127
7740312576.0,0.0698101669549942
7741250048.0,0.048035215586423874
7742187520.0,0.026524798944592476
7743124992.0,0.0018045507604256272
7744062464.0,-0.04455989599227905
7744999936.0,-0.047472089529037476
7745937408.0,-0.052133042365312576
7746874880.0,-0.057251669466495514
7747812352.0,-0.06450740993022919
7748749824.0,-0.07276784628629684
7749687296.0,-0.08163176476955414
7750624768.0,-0.09200524538755417
7751562752.0,-0.1050972193479538
7752500224.0,-0.11799784004688263
7753437696.0,-0.1329420804977417
7754375168.0,-0.1483689695596695
7755312640.0,-0.164790540933609
7756250112.0,-0.18283316493034363
7757187584.0,-0.2007039189338684
7758125056.0,-0.2203603833913803
7759062528.0,-0.23950956761837006
7760000000.0,-0.25888964533805847
7760937472.0,-0.2785749137401581
7761874944.0,-0.29758837819099426
7762812416.0,-0.3156309723854065
7763749888.0,-0.3335535228252411
7764687360.0,-0.3514409363269806
7765624832.0,-0.3667784631252289
7766562304.0,-0.38199323415756226
7767499776.0,-0.3967239260673523
7768437248.0,-0.40896737575531006
7769375232.0,-0.41992655396461487
7770312704.0,-0.42725884914398193
7771250176.0,-0.43558478355407715
7772187648.0,-0.44184789061546326
7773125120.0,-0.44487833976745605
7774062592.0,-0.4462570250034332
7775000064.0,-0.4448001980781555
7775937536.0,-0.44174614548683167
7776875008.0,-0.4351055324077606
7777812480.0,-0.42633455991744995
7778749952.0,-0.41581007838249207
7779687424.0,-0.40198764204978943
7780624896.0,-0.38494566082954407
7781562368.0,-0.3671814799308777
7782499840.0,-0.34651777148246765
7783437312.0,-0.3236505389213562
7784374784.0,-0.29981356859207153
7785312256.0,-0.2736705541610718
7786250240.0,-0.24493813514709473
7787187712.0,-0.2144855558872223
7788125184.0,-0.1829943060874939
7789062656.0,-0.15161122381687164
7790000128.0,-0.11826518923044205
7790937600.0,-0.08466558903455734
7791875072.0,-0.05078047141432762
7792812544.0,-0.015566638670861721
7793750016.0,0.018979156389832497
7794687488.0,0.053261056542396545
7795624960.0,0.08665203303098679
7796562432.0,0.11915498226881027
7797499904.0,0.1510632038116455
7798437376.0,0.18010815978050232
7799374848.0,0.20803196728229523
7800312320.0,0.23404298722743988
7801249792.0,0.2597523033618927
7802187264.0,0.28185802698135376
7803125248.0,0.3019285202026367
7804062720.0,0.13362787663936615
7805000192.0,0.14721955358982086
7805937664.0,0.15827533602714539
7806875136.0,0.16689135134220123
7807812608.0,0.17495746910572052
7808750080.0,0.18128736317157745
7809687552.0,0.1854216605424881
7810625024.0,0.18639598786830902
7811562496.0,0.18678095936775208
7812499968.0,0.18342265486717224
7813437440.0,0.1783740520477295
7814374912.0,0.1715279072523117
7815312384.0,0.16317592561244965
7816249856.0,0.1508854627609253
7817187328.0,0.13584497570991516
7818124800.0,0.11986026167869568
7819062272.0,0.10126298666000366
7820000256.0,0.08127949386835098
7820937728.0,0.059205181896686554
7821875200.0,0.03485497832298279
7822812672.0,0.010534713044762611
7823750144.0,-0.014319611713290215
7824687616.0,-0.03977212309837341
7825625088.0,-0.06727931648492813
7826562560.0,-0.0951826423406601
7827500032.0,-0.12224686145782471
7828437504.0,-0.15101365745067596
7829374976.0,-0.179865762591362
7830312448.0,-0.20778797566890717
7831249920.0,-0.23602259159088135
7832187392.0,-0.26373428106307983
7833124864.0,-0.2904677987098694
7834062336.0,-0.31604573130607605
7834999808.0,-0.3402082920074463
7835937280.0,-0.36431270837783813
7836874752.0,-0.3868761360645294
7837812736.0,-0.4055880308151245
7838750208.0,-0.4246467649936676
7839687680.0,-0.44162479043006897
7840625152.0,-0.45681777596473694
7841562624.0,-0.46887773275375366
7842500096.0,-0.4789014160633087
7843437568.0,-0.4878123700618744
7844375040.0,-0.4946604371070862
7845312512.0,-0.4995725452899933
7846249984.0,-0.5021163821220398
7847187456.0,-0.5028480887413025
7848124928.0,-0.4976876974105835
7849062400.0,-0.4926088750362396
7849999872.0,-0.48489895462989807
7850937344.0,-0.4745948016643524
7851874816.0,-0.4642356336116791
7852812288.0,-0.45169106125831604
7853749760.0,-0.4388726055622101
7854687744.0,-0.42434290051460266
7855625216.0,-0.40912458300590515
7856562688.0,-0.3938400149345398
7857500160.0,-0.3771887719631195
7858437632.0,-0.35969144105911255
7859375104.0,-0.3420628011226654
7860312576.0,-0.32401442527770996
7861250048.0,-0.3055887520313263
7862187520.0,-0.28691738843917847
7863124992.0,-0.268385112285614
7864062464.0,-0.24999693036079407
7864999936.0,-0.23362521827220917
7865937408.0,-0.21472491323947906
7866874880.0,-0.19698461890220642
7867812352.0,-0.17975012958049774
7868749824.0,-0.16117528080940247
7869687296.0,-0.14397963881492615
7870624768.0,-0.12520980834960938
7871562752.0,-0.10751254856586456
7872500224.0,-0.09064383059740067
7873437696.0,-0.07284083217382431
7874375168.0,-0.05548442527651787
7875312640.0,-0.04045141488313675
7876250112.0,-0.02428322471678257
7877187584.0,-0.010790755972266197
7878125056.0,0.0018999961903318763
7879062528.0,0.012391901575028896
7880000000.0,0.021884901449084282
7880937472.0,0.029269875958561897
7881874944.0,0.033956509083509445
7882812416.0,0.03538808599114418
7883749888.0,0.035132840275764465
7884687360.0,0.0323917381465435
7885624832.0,0.02755209244787693
7886562304.0,0.01929341070353985
7887499776.0,0.007810688577592373
7888437248.0,-0.005534549243748188
7889375232.0,-0.02195083349943161
7890312704.0,-0.0393308587372303
7891250176.0,-0.05944278463721275
7892187648.0,-0.0819750651717186
7893125120.0,-0.10713348537683487
7894062592.0,-0.13073088228702545
7895000064.0,-0.15755704045295715
7895937536.0,-0.18403343856334686
7896875008.0,-0.21020819246768951
7897812480.0,-0.23826918005943298
7898749952.0,-0.26712700724601746
7899687424.0,-0.294839471578598
7900624896.0,-0.3229050636291504
7901562368.0,-0.3498380780220032
7902499840.0,-0.37710294127464294
7903437312.0,-0.4031490683555603
7904374784.0,-0.4275150001049042
7905312256.0,-0.45117270946502686
7906250240.0,-0.47347190976142883
7907187712.0,-0.4953038990497589
7908125184.0,-0.5168058276176453
7909062656.0,-0.5365626811981201
7910000128.0,-0.555882453918457
7910937600.0,-0.5744237899780273
7911875072.0,-0.5926125645637512
7912812544.0,-0.6100289225578308
7913750016.0,-0.6272295713424683
7914687488.0,-0.6438336372375488
7915624960.0,-0.6610010266304016
7916562432.0,-0.6788943409919739
7917499904.0,-0.6968166828155518
7918437376.0,-0.7149989604949951
7919374848.0,-0.733356773853302
7920312320.0,-0.7531595230102539
7921249792.0,-0.7733948230743408
7922187264.0,-0.7933627367019653
7923125248.0,-0.8141447901725769
7924062720.0,-0.8570904731750488
7925000192.0,-0.8611789345741272
7925937664.0,-0.8659805059432983
7926875136.0,-0.869579017162323
7927812608.0,-0.873322606086731
7928750080.0,-0.8770545721054077
7929687552.0,-0.8806557059288025
7930625024.0,-0.8833984136581421
7931562496.0,-0.8864361643791199
7932499968.0,-0.8896547555923462
7933437440.0,-0.8918535113334656
7934374912.0,-0.8931633830070496
7935312384.0,-0.8939192295074463
7936249856.0,-0.8931887149810791
7937187328.0,-0.8913440704345703
7938124800.0,-0.8886606693267822
7939062272.0,-0.8858490586280823
7939999744.0,-0.8802974820137024
7940937728.0,-0.8733279705047607
7941875200.0,-0.8657919764518738
7942812672.0,-0.8568751215934753
7943750144.0,-0.8469053506851196
7944687616.0,-0.8346627354621887
7945625088.0,-0.8209371566772461
7946562560.0,-0.807025134563446
7947500032.0,-0.7904699444770813
7948437504.0,-0.7725473642349243
7949374976.0,-0.7520951628684998
7950312448.0,-0.7321586608886719
7951249920.0,-0.7096502780914307
7952187392.0,-0.6871331930160522
7953124864.0,-0.6620212197303772
7954062336.0,-0.6378600597381592
7954999808.0,-0.612969696521759
7955937280.0,-0.5861909985542297
7956874752.0,-0.5592373609542847
7957812736.0,-0.5317767858505249
7958750208.0,-0.5023722648620605
7959687680.0,-0.47434744238853455
7960625152.0,-0.44500231742858887
7961562624.0,-0.4177049696445465
7962500096.0,-0.38842546939849854
7963437568.0,-0.3610038161277771
7964375040.0,-0.3333713710308075
7965312512.0,-0.30722886323928833
7966249984.0,-0.28105443716049194
7967187456.0,-0.257508248090744
7968124928.0,-0.234089657664299
7969062400.0,-0.21265140175819397
7969999872.0,-0.19242997467517853
7970937344.0,-0.17451974749565125
7971874816.0,-0.15706244111061096
7972812288.0,-0.14366555213928223
7973749760.0,-0.13029085099697113
7974687744.0,-0.119391068816185
7975625216.0,-0.11162208765745163
7976562688.0,-0.10565934330224991
7977500160.0,-0.10240166634321213
7978437632.0,-0.09983476251363754
7979375104.0,-0.09991297125816345
7980312576.0,-0.103031687438488
7981250048.0,-0.10613463819026947
7982187520.0,-0.11211541295051575
7983124992.0,-0.11890369653701782
7984062464.0,-0.2428407371044159
7984999936.0,-0.24513858556747437
7985937408.0,-0.24564425647258759
7986874880.0,-0.24933405220508575
7987812352.0,-0.2523146867752075
7988749824.0,-0.2572389543056488
7989687296.0,-0.2625955045223236
7990624768.0,-0.26872220635414124
7991562752.0,-0.2752290666103363
7992500224.0,-0.28234803676605225
7993437696.0,-0.2904956042766571
7994375168.0,-0.2999427318572998
7995312640.0,-0.309662401676178
7996250112.0,-0.31974050402641296
7997187584.0,-0.32921403646469116
7998125056.0,-0.34110933542251587
7999062528.0,-0.35253003239631653
8000000000.0,-0.3609282076358795
