Frequency (Hz),Measurement
2000000000.0,0.18963922560214996
2000937472.0,0.18256348371505737
2001874944.0,0.17452624440193176
2002812544.0,0.16533981263637543
2003750016.0,0.15522846579551697
2004687488.0,0.14595827460289001
2005624960.0,0.13461428880691528
2006562560.0,0.12322559952735901
2007500032.0,0.11133705079555511
2008437504.0,0.0979248657822609
2009374976.0,0.08522368967533112
2010312448.0,0.07159062474966049
2011250048.0,0.057407114654779434
2012187520.0,0.04313450679183006
2013124992.0,0.028905384242534637
2014062464.0,0.015024074353277683
2015000064.0,0.0007191678741946816
2015937536.0,-0.01241766382008791
2016875008.0,-0.02591247297823429
2017812480.0,-0.03895905241370201
2018749952.0,-0.05148187279701233
2019687552.0,-0.06279381364583969
2020625024.0,-0.07363684475421906
2021562496.0,-0.08303109556436539
2022499968.0,-0.09182937443256378
2023437440.0,-0.09897429496049881
2024375040.0,-0.10517982393503189
2025312512.0,-0.11000676453113556
2026249984.0,-0.1128683090209961
2027187456.0,-0.11378850042819977
2028125056.0,-0.11407861113548279
2029062528.0,-0.11310020834207535
2030000000.0,-0.10976327210664749
2030937472.0,-0.10494542121887207
2031874944.0,-0.099367655813694
2032812544.0,-0.09131786227226257
2033750016.0,-0.08209127187728882
2034687488.0,-0.07144531607627869
2035624960.0,-0.06058076396584511
2036562560.0,-0.04883133992552757
2037500032.0,-0.03712340071797371
2038437504.0,-0.023445336148142815
2039374976.0,-0.009786332957446575
2040312448.0,0.0049063763581216335
2041250048.0,0.018098898231983185
2042187520.0,0.032250724732875824
2043124992.0,0.04633030667901039
2044062464.0,0.05938849225640297
2044999936.0,0.07287725061178207
2045937536.0,0.08432282507419586
2046875008.0,0.09549139440059662
2047812480.0,0.10629343241453171
2048749952.0,0.10412570834159851
2049687552.0,0.11251531541347504
2050625024.0,0.1197047159075737
2051562496.0,0.1251015067100525
2052499968.0,0.12847501039505005
2053437440.0,0.1304466724395752
2054375040.0,0.13111664354801178
2055312512.0,0.12867024540901184
2056249984.0,0.12372829765081406
2057187456.0,0.11904390156269073
2058125056.0,0.1107398048043251
2059062528.0,0.0998079776763916
2060000000.0,0.08821769058704376
2060937472.0,0.07473807036876678
2061874944.0,0.05940471217036247
2062812544.0,0.04339037835597992
2063750016.0,0.02668001875281334
2064687488.0,0.009649069979786873
2065624960.0,-0.007438004016876221
2066562560.0,-0.025670858100056648
2067500032.0,-0.04327836632728577
2068437504.0,-0.05866086110472679
2069374976.0,-0.07532218843698502
2070312448.0,-0.09002284705638885
2071250048.0,-0.10148078948259354
2072187520.0,-0.11321326345205307
2073124992.0,-0.1226586401462555
2074062464.0,-0.13127607107162476
2075000064.0,-0.13716456294059753
2075937536.0,-0.13995084166526794
2076875008.0,-0.1419462114572525
2077812480.0,-0.1405576765537262
2078749952.0,-0.13777314126491547
2079687552.0,-0.13373591005802155
2080625024.0,-0.12725244462490082
2081562496.0,-0.12010173499584198
2082499968.0,-0.11036425083875656
2083437440.0,-0.09978219121694565
2084375040.0,-0.08801209181547165
2085312512.0,-0.07719139009714127
2086249984.0,-0.06539645045995712
2087187456.0,-0.05234707146883011
2088125056.0,-0.040526121854782104
2089062528.0,-0.02795291878283024
2090000000.0,-0.015980584546923637
2090937472.0,-0.004599252250045538
2091874944.0,0.005759604275226593
2092812544.0,0.016160449013113976
2093750016.0,0.025398343801498413
2094687488.0,0.03295542672276497
2095624960.0,0.04091459885239601
2096562560.0,0.04805322363972664
2097500032.0,0.05352483689785004
2098437504.0,0.05908757075667381
2099374976.0,0.06443550437688828
2100312448.0,0.06938599050045013
2101250048.0,0.07339503616094589
2102187520.0,0.07826709747314453
2103124992.0,0.08245311677455902
2104062464.0,0.08632082492113113
2104999936.0,0.0913967415690422
2105937536.0,0.09566589444875717
2106875008.0,0.09981075674295425
2107812480.0,0.10490688681602478
2108749952.0,0.13574513792991638
2109687552.0,0.14118251204490662
2110625024.0,0.1469782292842865
2111562496.0,0.1521778255701065
2112499968.0,0.15680676698684692
2113437440.0,0.15830644965171814
2114375040.0,0.16036772727966309
2115312512.0,0.16075673699378967
2116249984.0,0.16041067242622375
2117187456.0,0.15823853015899658
2118125056.0,0.15566422045230865
2119062528.0,0.15040762722492218
2120000000.0,0.14405721426010132
2120937472.0,0.1368129998445511
2121874944.0,0.12866094708442688
2122812544.0,0.11856760829687119
2123750016.0,0.10789718478918076
2124687488.0,0.09653794765472412
2125624960.0,0.0851646140217781
2126562560.0,0.0712050199508667
2127500032.0,0.058091647922992706
2128437504.0,0.044855520129203796
2129374976.0,0.02991512045264244
2130312448.0,0.01712878979742527
2131250048.0,0.0033124389592558146
2132187520.0,-0.008454116992652416
2133124992.0,-0.02119636908173561
2134062464.0,-0.0332244411110878
2135000064.0,-0.04428461939096451
2135937536.0,-0.05311642959713936
2136875008.0,-0.06185302510857582
2137812480.0,-0.06913693994283676
2138749952.0,-0.07493319362401962
2139687552.0,-0.07976806908845901
2140625024.0,-0.08315970003604889
2141562496.0,-0.08422442525625229
2142499968.0,-0.08374245464801788
2143437440.0,-0.08207054436206818
2144375040.0,-0.07868024706840515
2145312512.0,-0.07467220723628998
2146249984.0,-0.06967208534479141
2147187456.0,-0.06355734169483185
2148124928.0,-0.05543292686343193
2149062400.0,-0.04780134931206703
2150000128.0,-0.040105197578668594
2150937600.0,-0.031156282871961594
2151875072.0,-0.021692441776394844
2152812544.0,-0.012617675587534904
2153750016.0,-0.0024902361910790205
2154687488.0,0.006705158390104771
2155624960.0,0.016340838745236397
2156562432.0,0.025059593841433525
2157499904.0,0.033356886357069016
2158437376.0,0.040868934243917465
2159375104.0,0.047720059752464294
2160312576.0,0.0537649504840374
2161250048.0,0.058659326285123825
2162187520.0,0.06380123645067215
2163124992.0,0.06918290257453918
2164062464.0,0.07226511836051941
2164999936.0,0.07507604360580444
2165937408.0,0.07801748812198639
2166874880.0,0.0805501788854599
2167812608.0,0.08245772868394852
2168750080.0,0.15438035130500793
2169687552.0,0.15580397844314575
2170625024.0,0.1560278683900833
2171562496.0,0.1542513519525528
2172499968.0,0.14986552298069
2173437440.0,0.14458253979682922
2174374912.0,0.13812726736068726
2175312384.0,0.1308216005563736
2176250112.0,0.12209378927946091
2177187584.0,0.11094698309898376
2178125056.0,0.09992405772209167
2179062528.0,0.08760885149240494
2180000000.0,0.0749993771314621
2180937472.0,0.062549889087677
2181874944.0,0.04889025166630745
2182812416.0,0.035621073096990585
2183749888.0,0.022556375712156296
2184687616.0,0.00885302945971489
2185625088.0,-0.004558030515909195
2186562560.0,-0.017157305032014847
2187500032.0,-0.03001435287296772
2188437504.0,-0.04152641445398331
2189374976.0,-0.05270550772547722
2190312448.0,-0.06413237750530243
2191249920.0,-0.07338342070579529
2192187392.0,-0.08205002546310425
2193125120.0,-0.09013732522726059
2194062592.0,-0.09789315611124039
2195000064.0,-0.1036328598856926
2195937536.0,-0.10926125198602676
2196875008.0,-0.11365331709384918
2197812480.0,-0.11610695719718933
2198749952.0,-0.12004133313894272
2199687424.0,-0.12105131149291992
2200624896.0,-0.12244608998298645
2201562624.0,-0.12290482223033905
2202500096.0,-0.12162735313177109
2203437568.0,-0.12058666348457336
2204375040.0,-0.11905839294195175
2205312512.0,-0.11659664660692215
2206249984.0,-0.11312879621982574
2207187456.0,-0.10965462774038315
2208124928.0,-0.10668671131134033
2209062400.0,-0.10247841477394104
2209999872.0,-0.09775640070438385
2210937600.0,-0.09257599711418152
2211875072.0,-0.08542603254318237
2212812544.0,-0.07973424345254898
2213750016.0,-0.07248685508966446
2214687488.0,-0.06563252955675125
2215624960.0,-0.05827227234840393
2216562432.0,-0.04986927658319473
2217499904.0,-0.04167003929615021
2218437376.0,-0.03383413702249527
2219375104.0,-0.025129910558462143
2220312576.0,-0.01690295711159706
2221250048.0,-0.007574449758976698
2222187520.0,0.002042211126536131
2223124992.0,0.010734754614531994
2224062464.0,0.021074216812849045
2224999936.0,0.0310018602758646
2225937408.0,0.04151332750916481
2226874880.0,0.05095821991562843
2227812608.0,0.059977855533361435
2228750080.0,0.06607958674430847
2229687552.0,0.07479197531938553
2230625024.0,0.0821380466222763
2231562496.0,0.09013011306524277
2232499968.0,0.09695485234260559
2233437440.0,0.10317085683345795
2234374912.0,0.10733886808156967
2235312384.0,0.11134080588817596
2236250112.0,0.11286496371030807
2237187584.0,0.11276627331972122
2238125056.0,0.11069722473621368
2239062528.0,0.10820519179105759
2240000000.0,0.10259053856134415
2240937472.0,0.09588782489299774
2241874944.0,0.08816242963075638
2242812416.0,0.07892420887947083
2243749888.0,0.06948862969875336
2244687616.0,0.058464523404836655
2245625088.0,0.0467340312898159
2246562560.0,0.033489879220724106
2247500032.0,0.01970888115465641
2248437504.0,0.004384677391499281
2249374976.0,-0.010127272456884384
2250312448.0,-0.026393355801701546
2251249920.0,-0.04346252232789993
2252187392.0,-0.06192716956138611
2253125120.0,-0.08038681000471115
2254062592.0,-0.09905975311994553
2255000064.0,-0.11769723892211914
2255937536.0,-0.13758699595928192
2256875008.0,-0.15655773878097534
2257812480.0,-0.17649362981319427
2258749952.0,-0.19547145068645477
2259687424.0,-0.21509680151939392
2260624896.0,-0.23368136584758759
2261562624.0,-0.25181442499160767
2262500096.0,-0.26939302682876587
2263437568.0,-0.2863769829273224
2264375040.0,-0.3020290434360504
2265312512.0,-0.316568523645401
2266249984.0,-0.3305550515651703
2267187456.0,-0.3417526185512543
2268124928.0,-0.35168278217315674
2269062400.0,-0.3616243004798889
2270000128.0,-0.3691366910934448
2270937600.0,-0.37652796506881714
2271875072.0,-0.38166147470474243
2272812544.0,-0.3850369453430176
2273750016.0,-0.3862658143043518
2274687488.0,-0.3860969543457031
2275624960.0,-0.3846594989299774
2276562432.0,-0.3831493854522705
2277499904.0,-0.3795091211795807
2278437376.0,-0.37564635276794434
2279375104.0,-0.3685571253299713
2280312576.0,-0.3615841269493103
2281250048.0,-0.3539925515651703
2282187520.0,-0.34542325139045715
2283124992.0,-0.3356584906578064
2284062464.0,-0.3257512152194977
2284999936.0,-0.3154696524143219
2285937408.0,-0.30538538098335266
2286874880.0,-0.2956525981426239
2287812608.0,-0.2864205837249756
2288750080.0,-0.30008652806282043
2289687552.0,-0.3031449317932129
2290625024.0,-0.306522399187088
2291562496.0,-0.30938720703125
2292499968.0,-0.31269019842147827
2293437440.0,-0.31731200218200684
2294374912.0,-0.3219676911830902
2295312384.0,-0.32771992683410645
2296250112.0,-0.33363592624664307
2297187584.0,-0.34104984998703003
2298125056.0,-0.3492107391357422
2299062528.0,-0.3598284423351288
2300000000.0,-0.3705272972583771
2300937472.0,-0.3841678202152252
2301874944.0,-0.39909613132476807
2302812416.0,-0.4157005250453949
2303749888.0,-0.43524929881095886
2304687616.0,-0.4575781524181366
2305625088.0,-0.482362300157547
2306562560.0,-0.5092869400978088
2307500032.0,-0.5382358431816101
2308437504.0,-0.5696558952331543
2309374976.0,-0.6001917123794556
2310312448.0,-0.624949038028717
2311249920.0,-0.6510841250419617
2312187392.0,-0.678985595703125
2313125120.0,-0.7077745795249939
2314062592.0,-0.7385088205337524
2315000064.0,-0.7695839405059814
2315937536.0,-0.8011658191680908
2316875008.0,-0.8348567485809326
2317812480.0,-0.869073748588562
2318749952.0,-0.9024724364280701
2319687424.0,-0.9348887205123901
2320624896.0,-0.9671251177787781
2321562624.0,-0.998100996017456
2322500096.0,-1.0279277563095093
2323437568.0,-1.0566637516021729
2324375040.0,-1.0832356214523315
2325312512.0,-1.1081066131591797
2326249984.0,-1.1298562288284302
2327187456.0,-1.1503386497497559
2328124928.0,-1.167109489440918
2329062400.0,-1.1834255456924438
2329999872.0,-1.1966090202331543
2330937600.0,-1.2066771984100342
2331875072.0,-1.2135686874389648
2332812544.0,-1.2188562154769897
2333750016.0,-1.2210127115249634
2334687488.0,-1.2200534343719482
2335624960.0,-1.217555046081543
2336562432.0,-1.212661623954773
2337499904.0,-1.2060989141464233
2338437376.0,-1.1967636346817017
2339375104.0,-1.184998869895935
2340312576.0,-1.1721084117889404
2341250048.0,-1.1585758924484253
2342187520.0,-1.1433619260787964
2343124992.0,-1.1285622119903564
2344062464.0,-1.111611247062683
2344999936.0,-1.0944615602493286
2345937408.0,-1.0773429870605469
2346874880.0,-1.0604978799819946
2347812608.0,-1.0434880256652832
2348750080.0,-1.0117137432098389
2349687552.0,-0.9998486638069153
2350625024.0,-0.9889319539070129
2351562496.0,-0.9773309230804443
2352499968.0,-0.9668741226196289
2353437440.0,-0.9576433897018433
2354374912.0,-0.9482971429824829
2355312384.0,-0.9410778284072876
2356250112.0,-0.9347109794616699
2357187584.0,-0.9287410378456116
2358125056.0,-0.92534339427948
2359062528.0,-0.9227553009986877
2360000000.0,-0.9214423298835754
2360937472.0,-0.9224448800086975
2361874944.0,-0.924627423286438
2362812416.0,-0.9279249906539917
2363749888.0,-0.9334527850151062
2364687616.0,-0.9402809739112854
2365625088.0,-0.9480344653129578
2366562560.0,-0.9577539563179016
2367500032.0,-0.9686638712882996
2368437504.0,-0.9803410172462463
2369374976.0,-0.9924953579902649
2370312448.0,-1.0052319765090942
2371249920.0,-1.0167022943496704
2372187392.0,-1.0281422138214111
2373125120.0,-1.0375157594680786
2374062592.0,-1.0463366508483887
2375000064.0,-1.051090121269226
2375937536.0,-1.0554804801940918
2376875008.0,-1.056954264640808
2377812480.0,-1.0541117191314697
2378749952.0,-1.049261450767517
2379687424.0,-1.0404638051986694
2380624896.0,-1.0279743671417236
2381562624.0,-1.0132732391357422
2382500096.0,-0.9934234023094177
2383437568.0,-0.9713566899299622
2384375040.0,-0.9466023445129395
2385312512.0,-0.919589638710022
2386249984.0,-0.8908290266990662
2387187456.0,-0.8596099019050598
2388124928.0,-0.8261507749557495
2389062400.0,-0.7932729125022888
2390000128.0,-0.7591032385826111
2390937600.0,-0.723915159702301
2391875072.0,-0.688932478427887
2392812544.0,-0.6554520726203918
2393750016.0,-0.6215891242027283
2394687488.0,-0.5880160927772522
2395624960.0,-0.5553386211395264
2396562432.0,-0.5233649611473083
2397499904.0,-0.4917474687099457
2398437376.0,-0.4625900089740753
2399375104.0,-0.43408074975013733
2400312576.0,-0.4063912034034729
2401250048.0,-0.378276526927948
2402187520.0,-0.3513413965702057
2403124992.0,-0.3260117173194885
2404062464.0,-0.30113521218299866
2404999936.0,-0.2764291763305664
2405937408.0,-0.2526712715625763
2406874880.0,-0.22891011834144592
2407812608.0,-0.20594294369220734
2408750080.0,-0.13191843032836914
2409687552.0,-0.10967766493558884
2410625024.0,-0.08888990432024002
2411562496.0,-0.06854034960269928
2412499968.0,-0.05107688903808594
2413437440.0,-0.03502686321735382
2414374912.0,-0.021507173776626587
2415312384.0,-0.009784260764718056
2416250112.0,-0.001548453001305461
2417187584.0,0.0030032333452254534
2418125056.0,0.005712754558771849
2419062528.0,0.00433376943692565
2420000000.0,-0.0002922522835433483
2420937472.0,-0.008980389684438705
2421874944.0,-0.020164232701063156
2422812416.0,-0.033688321709632874
2423749888.0,-0.05156295374035835
2424687616.0,-0.072679303586483
2425625088.0,-0.09489655494689941
2426562560.0,-0.12033647298812866
2427500032.0,-0.14774997532367706
2428437504.0,-0.17624779045581818
2429374976.0,-0.2059115767478943
2430312448.0,-0.23571935296058655
2431249920.0,-0.2659948170185089
2432187392.0,-0.295440137386322
2433125120.0,-0.3241179883480072
2434062592.0,-0.35126397013664246
2435000064.0,-0.3764632046222687
2435937536.0,-0.39878562092781067
2436875008.0,-0.41948848962783813
2437812480.0,-0.437622606754303
2438749952.0,-0.45114755630493164
2439687424.0,-0.461749404668808
2440624896.0,-0.46846556663513184
2441562624.0,-0.472186416387558
2442500096.0,-0.4720747470855713
2443437568.0,-0.4682786464691162
2444375040.0,-0.46093058586120605
2445312512.0,-0.45029696822166443
2446249984.0,-0.4366779923439026
2447187456.0,-0.4185689091682434
2448124928.0,-0.3973709046840668
2449062400.0,-0.37423139810562134
2449999872.0,-0.3496304154396057
2450937600.0,-0.32157647609710693
2451875072.0,-0.292907178401947
2452812544.0,-0.26147451996803284
2453750016.0,-0.23006734251976013
2454687488.0,-0.1967775523662567
2455624960.0,-0.1647590547800064
2456562432.0,-0.13038863241672516
2457499904.0,-0.09775854647159576
2458437376.0,-0.06501065194606781
2459375104.0,-0.03257453441619873
2460312576.0,-0.001833891263231635
2461250048.0,0.028560085222125053
2462187520.0,0.0581660233438015
2463124992.0,0.08690354228019714
2464062464.0,0.11388733983039856
2464999936.0,0.1401623785495758
2465937408.0,0.16459637880325317
2466874880.0,0.18754421174526215
2467812608.0,0.20974336564540863
2468750080.0,0.12280185520648956
2469687552.0,0.13696159422397614
2470625024.0,0.15385426580905914
2471562496.0,0.1671072542667389
2472499968.0,0.17777800559997559
2473437440.0,0.1886724978685379
2474374912.0,0.1973671168088913
2475312384.0,0.20292231440544128
2476250112.0,0.2073025107383728
2477187584.0,0.20879864692687988
2478125056.0,0.21014246344566345
2479062528.0,0.20849284529685974
2480000000.0,0.2055051028728485
2480937472.0,0.2002505660057068
2481874944.0,0.19287709891796112
2482812416.0,0.18325820565223694
2483749888.0,0.17270870506763458
2484687616.0,0.16022874414920807
2485625088.0,0.14555175602436066
2486562560.0,0.12964926660060883
2487500032.0,0.11182999610900879
2488437504.0,0.09338325262069702
2489374976.0,0.07430974394083023
2490312448.0,0.05420016124844551
2491249920.0,0.03420381620526314
2492187392.0,0.013162976130843163
2493125120.0,-0.008014023303985596
2494062592.0,-0.028937768191099167
2495000064.0,-0.04915844649076462
2495937536.0,-0.06952348351478577
2496875008.0,-0.08808150887489319
2497812480.0,-0.10589003562927246
2498749952.0,-0.12225910276174545
2499687424.0,-0.13769115507602692
2500624896.0,-0.15105247497558594
2501562624.0,-0.16409189999103546
2502500096.0,-0.1736558973789215
2503437568.0,-0.1816970407962799
2504375040.0,-0.18885959684848785
2505312512.0,-0.1934458464384079
2506249984.0,-0.19642981886863708
2507187456.0,-0.19692035019397736
2508124928.0,-0.19539043307304382
2509062400.0,-0.1924804151058197
2510000128.0,-0.1864984780550003
2510937600.0,-0.1804143339395523
2511875072.0,-0.17106285691261292
2512812544.0,-0.15979431569576263
2513750016.0,-0.14807675778865814
2514687488.0,-0.1346690058708191
2515624960.0,-0.11931858956813812
2516562432.0,-0.10315728187561035
2517499904.0,-0.0868484377861023
2518437376.0,-0.06851626187562943
2519375104.0,-0.04983559250831604
2520312576.0,-0.03079277090728283
2521250048.0,-0.012327268719673157
2522187520.0,0.008217819035053253
2523124992.0,0.02726053074002266
2524062464.0,0.044664137065410614
2524999936.0,0.06345517933368683
2525937408.0,0.08081122487783432
2526874880.0,0.09792955964803696
2527812608.0,0.11299566179513931
2528750080.0,0.16587316989898682
2529687552.0,0.17143142223358154
2530625024.0,0.17628571391105652
2531562496.0,0.18005600571632385
2532499968.0,0.18355153501033783
2533437440.0,0.18487626314163208
2534374912.0,0.18704305589199066
2535312384.0,0.18682655692100525
2536250112.0,0.18632376194000244
2537187584.0,0.18611742556095123
2538125056.0,0.182311549782753
2539062528.0,0.1784336417913437
2540000000.0,0.1738263964653015
2540937472.0,0.167287677526474
2541874944.0,0.1612699031829834
2542812416.0,0.15266355872154236
2543749888.0,0.14450006186962128
2544687616.0,0.13474757969379425
2545625088.0,0.12326093763113022
2546562560.0,0.11048797518014908
2547500032.0,0.09872729331254959
2548437504.0,0.08474946022033691
2549374976.0,0.06985784322023392
2550312448.0,0.05458437651395798
2551249920.0,0.038636401295661926
2552187392.0,0.02344207651913166
2553125120.0,0.007648006547242403
2554062592.0,-0.009222441352903843
2555000064.0,-0.02557920292019844
2555937536.0,-0.04015488177537918
2556875008.0,-0.055672794580459595
2557812480.0,-0.06957481056451797
2558749952.0,-0.08371279388666153
2559687424.0,-0.09650637954473495
2560624896.0,-0.10767478495836258
2561562624.0,-0.11699549853801727
2562500096.0,-0.12603223323822021
2563437568.0,-0.13265874981880188
2564375040.0,-0.13725495338439941
2565312512.0,-0.1413886398077011
2566249984.0,-0.14174623787403107
2567187456.0,-0.14010602235794067
2568124928.0,-0.13781997561454773
2569062400.0,-0.13273502886295319
2569999872.0,-0.12722042202949524
2570937600.0,-0.11779597401618958
2571875072.0,-0.10699820518493652
2572812544.0,-0.09566931426525116
2573750016.0,-0.08187180757522583
2574687488.0,-0.06639730930328369
2575624960.0,-0.05085855349898338
2576562432.0,-0.03281129151582718
2577499904.0,-0.014203277416527271
2578437376.0,0.004847442731261253
2579375104.0,0.025204095989465714
2580312576.0,0.044915538281202316
2581250048.0,0.06537690758705139
2582187520.0,0.08604029566049576
2583124992.0,0.10557882487773895
2584062464.0,0.12506406009197235
2584999936.0,0.14285492897033691
2585937408.0,0.15943975746631622
2586874880.0,0.17528362572193146
2587812608.0,0.18957996368408203
2588750080.0,0.21389469504356384
2589687552.0,0.2216351330280304
2590625024.0,0.22695490717887878
2591562496.0,0.23021773993968964
2592499968.0,0.23125581443309784
2593437440.0,0.2307112216949463
2594374912.0,0.22603751718997955
2595312384.0,0.22147706151008606
2596250112.0,0.21223290264606476
2597187584.0,0.20334883034229279
2598125056.0,0.19013339281082153
2599062528.0,0.1781657189130783
2600000000.0,0.16317841410636902
2600937472.0,0.14753511548042297
2601874944.0,0.13150405883789062
2602812416.0,0.11492986232042313
2603749888.0,0.09638159722089767
2604687616.0,0.07938343286514282
2605625088.0,0.06158756464719772
2606562560.0,0.044195957481861115
2607500032.0,0.02751297317445278
2608437504.0,0.011016788892447948
2609374976.0,-0.004769422113895416
2610312448.0,-0.019644925370812416
2611249920.0,-0.03255591168999672
2612187392.0,-0.04506036639213562
2613125120.0,-0.05749272182583809
2614062592.0,-0.0673072338104248
2615000064.0,-0.0772496685385704
2615937536.0,-0.08456700295209885
2616875008.0,-0.09092965722084045
2617812480.0,-0.09676089882850647
2618749952.0,-0.09988200664520264
2619687424.0,-0.10379242897033691
2620624896.0,-0.10555721074342728
2621562624.0,-0.1069193035364151
2622500096.0,-0.10674169659614563
2623437568.0,-0.10599394142627716
2624375040.0,-0.10416712611913681
2625312512.0,-0.1023840680718422
2626249984.0,-0.09899374842643738
2627187456.0,-0.09456298500299454
2628124928.0,-0.08959325402975082
2629062400.0,-0.08495397120714188
2630000128.0,-0.07871755957603455
2630937600.0,-0.07187572121620178
2631875072.0,-0.06538330018520355
2632812544.0,-0.057117853313684464
2633750016.0,-0.04827512800693512
2634687488.0,-0.03874673694372177
2635624960.0,-0.028664736077189445
2636562432.0,-0.01874910667538643
2637499904.0,-0.006904482375830412
2638437376.0,0.005469482392072678
2639375104.0,0.01860562525689602
2640312576.0,0.032995522022247314
2641250048.0,0.04748496040701866
2642187520.0,0.06276009231805801
2643124992.0,0.07890208810567856
2644062464.0,0.09529777616262436
2644999936.0,0.11216513067483902
2645937408.0,0.1288873702287674
2646874880.0,0.14651471376419067
2647812608.0,0.22327327728271484
2648750080.0,0.23443728685379028
2649687552.0,0.2440246194601059
2650625024.0,0.2525625228881836
2651562496.0,0.2588260769844055
2652499968.0,0.2622052729129791
2653437440.0,0.26324909925460815
2654374912.0,0.26142874360084534
2655312384.0,0.2574523985385895
2656250112.0,0.24974562227725983
2657187584.0,0.21326643228530884
2658125056.0,0.19500605762004852
2659062528.0,0.17575426399707794
2660000000.0,0.1527358591556549
2660937472.0,0.12934547662734985
2661874944.0,0.10354583710432053
2662812416.0,0.07569140940904617
2663749888.0,0.04646814987063408
2664687616.0,0.017819149419665337
2665625088.0,-0.013072365894913673
2666562560.0,-0.041900329291820526
2667500032.0,-0.07063271105289459
2668437504.0,-0.09827079623937607
2669374976.0,-0.12455901503562927
2670312448.0,-0.14969155192375183
2671249920.0,-0.17224930226802826
2672187392.0,-0.19276641309261322
2673125120.0,-0.2100813090801239
2674062592.0,-0.22556841373443604
2675000064.0,-0.23697209358215332
2675937536.0,-0.2456401139497757
2676875008.0,-0.2519804835319519
2677812480.0,-0.25583088397979736
2678749952.0,-0.2561527490615845
2679687424.0,-0.2524968683719635
2680624896.0,-0.24725650250911713
2681562624.0,-0.239270880818367
2682500096.0,-0.2298317551612854
2683437568.0,-0.21791943907737732
2684375040.0,-0.20305490493774414
2685312512.0,-0.18779771029949188
2686249984.0,-0.1703650802373886
2687187456.0,-0.15173041820526123
2688124928.0,-0.13400423526763916
2689062400.0,-0.11475477367639542
2689999872.0,-0.09543847292661667
2690937600.0,-0.07580150663852692
2691875072.0,-0.05540017411112785
2692812544.0,-0.03631310537457466
2693750016.0,-0.0161824319511652
2694687488.0,0.0029050298035144806
2695624960.0,0.020829711109399796
2696562432.0,0.03966233879327774
2697499904.0,0.058309536427259445
2698437376.0,0.07542815804481506
2699375104.0,0.09238497167825699
2700312576.0,0.10984861105680466
2701250048.0,0.12650984525680542
2702187520.0,0.1438557654619217
2703124992.0,0.15913943946361542
2704062464.0,0.17369937896728516
2704999936.0,0.18945401906967163
2705937408.0,0.2032511979341507
2706874880.0,0.21605874598026276
2707812608.0,0.18910573422908783
2708750080.0,0.1960734874010086
2709687552.0,0.2012089341878891
2710625024.0,0.2060973197221756
2711562496.0,0.2098136842250824
2712499968.0,0.2116851955652237
2713437440.0,0.21186339855194092
2714374912.0,0.21095378696918488
2715312384.0,0.20826266705989838
2716250112.0,0.20497186481952667
2717187584.0,0.19938378036022186
2718125056.0,0.1929190307855606
2719062528.0,0.1846657246351242
2720000000.0,0.17551323771476746
2720937472.0,0.16463108360767365
2721874944.0,0.15278922021389008
2722812416.0,0.13818739354610443
2723749888.0,0.12456359714269638
2724687616.0,0.10804349184036255
2725625088.0,0.09315904974937439
2726562560.0,0.07629332691431046
2727500032.0,0.05763085559010506
2728437504.0,0.040122248232364655
2729374976.0,0.02188202552497387
2730312448.0,0.0034956850577145815
2731249920.0,-0.015333471819758415
2732187392.0,-0.033421486616134644
2733125120.0,-0.05149541050195694
2734062592.0,-0.06923510879278183
2735000064.0,-0.08584657311439514
2735937536.0,-0.1014442965388298
2736875008.0,-0.11691878736019135
2737812480.0,-0.12987856566905975
2738749952.0,-0.14249591529369354
2739687424.0,-0.15390069782733917
2740624896.0,-0.1630592793226242
2741562624.0,-0.17048422992229462
2742500096.0,-0.1775469332933426
2743437568.0,-0.18132354319095612
2744375040.0,-0.18403929471969604
2745312512.0,-0.18569952249526978
2746249984.0,-0.18389007449150085
2747187456.0,-0.1829133927822113
2748124928.0,-0.1781110316514969
2749062400.0,-0.17210689187049866
2750000128.0,-0.16373257339000702
2750937600.0,-0.1550857275724411
2751875072.0,-0.1439993679523468
2752812544.0,-0.13067509233951569
2753750016.0,-0.1174221783876419
2754687488.0,-0.10240958631038666
2755624960.0,-0.08649853616952896
2756562432.0,-0.06997857987880707
2757499904.0,-0.05220649391412735
2758437376.0,-0.03348919004201889
2759375104.0,-0.015724221244454384
2760312576.0,0.0020796412136405706
2761250048.0,0.021881530061364174
2762187520.0,0.0388968400657177
2763124992.0,0.05804015323519707
2764062464.0,0.07491574436426163
2764999936.0,0.09191002696752548
2765937408.0,0.10759661346673965
2766874880.0,0.12209532409906387
2767812608.0,0.17925889790058136
2768750080.0,0.17851777374744415
2769687552.0,0.17634902894496918
2770625024.0,0.17374993860721588
2771562496.0,0.17087514698505402
2772499968.0,0.16552621126174927
2773437440.0,0.1607843041419983
2774374912.0,0.15338364243507385
2775312384.0,0.14778482913970947
2776250112.0,0.14017607271671295
2777187584.0,0.13206766545772552
2778125056.0,0.12250251322984695
2779062528.0,0.11329089105129242
2780000000.0,0.10273322463035583
2780937472.0,0.0924285277724266
2781874944.0,0.08117547631263733
2782812416.0,0.06963156908750534
2783749888.0,0.058054640889167786
2784687616.0,0.04601483792066574
2785625088.0,0.03244898468255997
2786562560.0,0.020109517499804497
2787500032.0,0.007717476692050695
2788437504.0,-0.004210291430354118
2789374976.0,-0.01708054542541504
2790312448.0,-0.028706740587949753
2791249920.0,-0.04087958484888077
2792187392.0,-0.052532047033309937
2793125120.0,-0.06269381940364838
2794062592.0,-0.07280483841896057
2795000064.0,-0.08170945942401886
2795937536.0,-0.0910952091217041
2796875008.0,-0.09829655289649963
2797812480.0,-0.10470590740442276
2798749952.0,-0.1089809238910675
2799687424.0,-0.11254074424505234
2800624896.0,-0.11485295742750168
2801562624.0,-0.11544884741306305
2802500096.0,-0.11462359875440598
2803437568.0,-0.1122472733259201
2804375040.0,-0.10771121829748154
2805312512.0,-0.10314901918172836
2806249984.0,-0.09659487754106522
2807187456.0,-0.08869610726833344
2808124928.0,-0.07929429411888123
2809062400.0,-0.06846559047698975
2809999872.0,-0.05534365400671959
2810937600.0,-0.042781103402376175
2811875072.0,-0.02821868285536766
2812812544.0,-0.013412581756711006
2813750016.0,0.002765985671430826
2814687488.0,0.019330071285367012
2815624960.0,0.03643648326396942
2816562432.0,0.053309932351112366
2817499904.0,0.07057495415210724
2818437376.0,0.08784142136573792
2819375104.0,0.10472092032432556
2820312576.0,0.12068545818328857
2821250048.0,0.1364811658859253
2822187520.0,0.15135061740875244
2823124992.0,0.16418278217315674
2824062464.0,0.1762189120054245
2824999936.0,0.18603719770908356
2825937408.0,0.19552093744277954
2826874880.0,0.2020081728696823
2827812608.0,0.21571870148181915
2828750080.0,0.2179708480834961
2829687552.0,0.21768547594547272
2830625024.0,0.21414557099342346
2831562496.0,0.20769737660884857
2832499968.0,0.19947415590286255
2833437440.0,0.1896129846572876
2834374912.0,0.17774707078933716
2835312384.0,0.16287977993488312
2836250112.0,0.14668503403663635
2837187584.0,0.12951776385307312
2838125056.0,0.11133132874965668
2839062528.0,0.09213902801275253
2840000000.0,0.07197993248701096
2840937472.0,0.05190621688961983
2841874944.0,0.031868744641542435
2842812416.0,0.011432345025241375
2843749888.0,-0.007858166471123695
2844687616.0,-0.026502754539251328
2845625088.0,-0.043385136872529984
2846562560.0,-0.05960071086883545
2847500032.0,-0.07458877563476562
2848437504.0,-0.08792562037706375
2849374976.0,-0.0984157919883728
2850312448.0,-0.1093694195151329
2851249920.0,-0.11798534542322159
2852187392.0,-0.12389124184846878
2853125120.0,-0.12828309834003448
2854062592.0,-0.13046617805957794
2855000064.0,-0.13104742765426636
2855937536.0,-0.13093015551567078
2856875008.0,-0.12880326807498932
2857812480.0,-0.12447582930326462
2858749952.0,-0.1190594956278801
2859687424.0,-0.11075286567211151
2860624896.0,-0.1034230962395668
2861562624.0,-0.09341288357973099
2862500096.0,-0.08391755074262619
2863437568.0,-0.07235361635684967
2864375040.0,-0.062409915030002594
2865312512.0,-0.050593748688697815
2866249984.0,-0.038303207606077194
2867187456.0,-0.02532646432518959
2868124928.0,-0.01241280697286129
2869062400.0,0.0007168583106249571
2870000128.0,0.013848472386598587
2870937600.0,0.026644134894013405
2871875072.0,0.039631567895412445
2872812544.0,0.052428822964429855
2873750016.0,0.06591332703828812
2874687488.0,0.07824479788541794
2875624960.0,0.09121234714984894
2876562432.0,0.10320737212896347
2877499904.0,0.11446799337863922
2878437376.0,0.12608078122138977
2879375104.0,0.13707222044467926
2880312576.0,0.14816191792488098
2881250048.0,0.15748682618141174
2882187520.0,0.16601836681365967
2883124992.0,0.17473308742046356
2884062464.0,0.18160435557365417
2884999936.0,0.18821677565574646
2885937408.0,0.194321408867836
2886874880.0,0.19710524380207062
2887812608.0,0.20054760575294495
2888750080.0,0.20273154973983765
2889687552.0,0.2033834308385849
2890625024.0,0.2029556930065155
2891562496.0,0.1998610943555832
2892499968.0,0.19548295438289642
2893437440.0,0.18988095223903656
2894374912.0,0.18294143676757812
2895312384.0,0.17464874684810638
2896250112.0,0.16288407146930695
2897187584.0,0.1507093757390976
2898125056.0,0.13698647916316986
2899062528.0,0.12180058658123016
2900000000.0,0.10515502840280533
2900937472.0,0.0877806767821312
2901874944.0,0.06887038797140121
2902812416.0,0.050001177936792374
2903749888.0,0.03000219725072384
2904687616.0,0.011236566118896008
2905625088.0,-0.00928492471575737
2906562560.0,-0.027473779395222664
2907500032.0,-0.046035151928663254
2908437504.0,-0.06360369175672531
2909374976.0,-0.07980430871248245
2910312448.0,-0.09505316615104675
2911249920.0,-0.10897690057754517
2912187392.0,-0.12263286858797073
2913125120.0,-0.13307853043079376
2914062592.0,-0.14227762818336487
2915000064.0,-0.14875753223896027
2915937536.0,-0.15275007486343384
2916875008.0,-0.15506207942962646
2917812480.0,-0.1561449021100998
2918749952.0,-0.15353330969810486
2919687424.0,-0.1504034399986267
2920624896.0,-0.1450071930885315
2921562624.0,-0.1370721161365509
2922500096.0,-0.12773080170154572
2923437568.0,-0.11588870733976364
2924375040.0,-0.10379409790039062
2925312512.0,-0.08984371274709702
2926249984.0,-0.0754551887512207
2927187456.0,-0.05863010883331299
2928124928.0,-0.04183512181043625
2929062400.0,-0.023726049810647964
2929999872.0,-0.007136730942875147
2930937600.0,0.010815976187586784
2931875072.0,0.028440352529287338
2932812544.0,0.04552651569247246
2933750016.0,0.06172992289066315
2934687488.0,0.0781620442867279
2935624960.0,0.09239722788333893
2936562432.0,0.10486580431461334
2937499904.0,0.1179298534989357
2938437376.0,0.12831918895244598
2939375104.0,0.1381615400314331
2940312576.0,0.14598816633224487
2941250048.0,0.15298165380954742
2942187520.0,0.15792153775691986
2943124992.0,0.161390483379364
2944062464.0,0.16410189867019653
2944999936.0,0.16507785022258759
2945937408.0,0.16483987867832184
2946874880.0,0.16486994922161102
2947812608.0,0.16031664609909058
2948750080.0,0.15976248681545258
2949687552.0,0.1574699878692627
2950625024.0,0.1543675661087036
2951562496.0,0.15040767192840576
2952499968.0,0.14638249576091766
2953437440.0,0.1405096799135208
2954374912.0,0.1341194212436676
2955312384.0,0.1270776242017746
2956250112.0,0.1195409819483757
2957187584.0,0.11131525784730911
2958125056.0,0.10173428058624268
2959062528.0,0.09275252372026443
2960000000.0,0.08259982615709305
2960937472.0,0.07242179661989212
2961874944.0,0.061177924275398254
2962812416.0,0.05073826014995575
2963749888.0,0.03920303285121918
2964687616.0,0.028289590030908585
2965625088.0,0.017720039933919907
2966562560.0,0.0055176676250994205
2967500032.0,-0.00527995964512229
2968437504.0,-0.016164034605026245
2969374976.0,-0.02668500505387783
2970312448.0,-0.036913640797138214
2971249920.0,-0.04669785127043724
2972187392.0,-0.055434904992580414
2973125120.0,-0.06430352479219437
2974062592.0,-0.07112952321767807
2975000064.0,-0.07788331806659698
2975937536.0,-0.08446043729782104
2976875008.0,-0.08923249691724777
2977812480.0,-0.09385170042514801
2978749952.0,-0.09736321121454239
2979687424.0,-0.0995781421661377
2980624896.0,-0.09985364973545074
2981562624.0,-0.10033950209617615
2982500096.0,-0.09979759901762009
2983437568.0,-0.09752005338668823
2984375040.0,-0.09379590302705765
2985312512.0,-0.08969023823738098
2986249984.0,-0.08494523167610168
2987187456.0,-0.07861781865358353
2988124928.0,-0.07233957946300507
2989062400.0,-0.0636933222413063
2990000128.0,-0.05731470510363579
2990937600.0,-0.04909820109605789
2991875072.0,-0.041064999997615814
2992812544.0,-0.032155346125364304
2993750016.0,-0.023705191910266876
2994687488.0,-0.01548754796385765
2995624960.0,-0.00835640449076891
2996562432.0,-0.0004886671667918563
2997499904.0,0.0064247362315654755
2998437376.0,0.01362465787678957
2999375104.0,0.019243398681282997
3000312576.0,0.02205910161137581
3001250048.0,0.02616046369075775
3002187520.0,0.030034447088837624
3003124992.0,0.032073281705379486
3004062464.0,0.03376889228820801
3004999936.0,0.033866479992866516
3005937408.0,0.032929278910160065
3006874880.0,0.031144803389906883
3007812608.0,0.027415260672569275
3008750080.0,0.02351042628288269
3009687552.0,0.01788789965212345
3010625024.0,0.014641779474914074
3011562496.0,0.010182269848883152
3012499968.0,0.0050449552945792675
3013437440.0,4.281728251953609e-05
3014374912.0,-0.00604256009683013
3015312384.0,-0.010851427912712097
3016250112.0,-0.01609048806130886
3017187584.0,-0.02104293555021286
3018125056.0,-0.02701640874147415
3019062528.0,-0.032561399042606354
3020000000.0,-0.03689577803015709
3020937472.0,-0.04282670095562935
3021874944.0,-0.04763175919651985
3022812416.0,-0.053018491715192795
3023749888.0,-0.05681038647890091
3024687616.0,-0.06218348816037178
3025625088.0,-0.06683474034070969
3026562560.0,-0.07149064540863037
3027500032.0,-0.07546504586935043
3028437504.0,-0.07967051863670349
3029374976.0,-0.08308875560760498
3030312448.0,-0.08670609444379807
3031249920.0,-0.08990122377872467
3032187392.0,-0.09300331771373749
3033125120.0,-0.09611837565898895
3034062592.0,-0.09825371950864792
3035000064.0,-0.1001715362071991
3035937536.0,-0.10112128406763077
3036875008.0,-0.1028585210442543
3037812480.0,-0.10452025383710861
3038749952.0,-0.10438452661037445
3039687424.0,-0.10518807172775269
3040624896.0,-0.10443795472383499
3041562624.0,-0.10438176244497299
3042500096.0,-0.1023705005645752
3043437568.0,-0.1000421792268753
3044375040.0,-0.09727291017770767
3045312512.0,-0.09386532008647919
3046249984.0,-0.09081682562828064
3047187456.0,-0.08665294945240021
3048124928.0,-0.0824531689286232
3049062400.0,-0.07770136743783951
3049999872.0,-0.07186895608901978
3050937600.0,-0.06636224687099457
3051875072.0,-0.061127617955207825
3052812544.0,-0.05514322221279144
3053750016.0,-0.048815518617630005
3054687488.0,-0.04354877024888992
3055624960.0,-0.03751232102513313
3056562432.0,-0.03193232789635658
3057499904.0,-0.025374142453074455
3058437376.0,-0.01933096908032894
3059375104.0,-0.014846226200461388
3060312576.0,-0.010470881126821041
3061250048.0,-0.005855261813849211
3062187520.0,-0.0025130349677056074
3063124992.0,0.0008153037051670253
3064062464.0,0.0031246687285602093
3064999936.0,0.004531326238065958
3065937408.0,0.004826348274946213
3066874880.0,0.005385703407227993
3067812608.0,0.018621673807501793
3068750080.0,0.012621273286640644
3069687552.0,0.0057459319941699505
3070625024.0,-0.0029358824249356985
3071562496.0,-0.011041255667805672
3072499968.0,-0.019929097965359688
3073437440.0,-0.02993916906416416
3074374912.0,-0.04023892432451248
3075312384.0,-0.05059197172522545
3076250112.0,-0.0595487505197525
3077187584.0,-0.06932655721902847
3078125056.0,-0.07926928997039795
3079062528.0,-0.08853510767221451
3080000000.0,-0.09730978310108185
3080937472.0,-0.10506743937730789
3081874944.0,-0.11194873601198196
3082812416.0,-0.11836802959442139
3083749888.0,-0.12236485630273819
3084687616.0,-0.12612444162368774
3085625088.0,-0.12891000509262085
3086562560.0,-0.12990546226501465
3087500032.0,-0.12981016933918
3088437504.0,-0.1278594732284546
3089374976.0,-0.12590518593788147
3090312448.0,-0.12342964112758636
3091249920.0,-0.11895452439785004
3092187392.0,-0.1132606491446495
3093125120.0,-0.10605539381504059
3094062592.0,-0.09926396608352661
3095000064.0,-0.0912676602602005
3095937536.0,-0.08248763531446457
3096875008.0,-0.07316938787698746
3097812480.0,-0.0635211169719696
3098749952.0,-0.05335993319749832
3099687424.0,-0.042743369936943054
3100624896.0,-0.03282054141163826
3101562624.0,-0.022526592016220093
3102500096.0,-0.01186135970056057
3103437568.0,-0.002088298788294196
3104375040.0,0.00782910268753767
3105312512.0,0.017706135287880898
3106249984.0,0.02678038366138935
3107187456.0,0.03541061282157898
3108124928.0,0.04475313425064087
3109062400.0,0.0523810014128685
3110000128.0,0.05968604236841202
3110937600.0,0.0669512078166008
3111875072.0,0.07301097363233566
3112812544.0,0.07934600859880447
3113750016.0,0.08468714356422424
3114687488.0,0.0897773951292038
3115624960.0,0.09432236105203629
3116562432.0,0.09832305461168289
3117499904.0,0.10118712484836578
3118437376.0,0.10399358719587326
3119375104.0,0.10657373070716858
3120312576.0,0.10944203287363052
3121250048.0,0.11196941882371902
3122187520.0,0.11414793878793716
3123124992.0,0.11670706421136856
3124062464.0,0.11931943148374557
3124999936.0,0.12056802213191986
3125937408.0,0.12158549576997757
3126874880.0,0.12231321632862091
3127812608.0,0.14219680428504944
3128750080.0,0.13952481746673584
3129687552.0,0.13787685334682465
3130625024.0,0.13544785976409912
3131562496.0,0.13380108773708344
3132499968.0,0.1328032910823822
3133437440.0,0.13044880330562592
3134374912.0,0.12832187116146088
3135312384.0,0.1279272735118866
3136250112.0,0.12703362107276917
3137187584.0,0.12490149587392807
3138125056.0,0.12416315823793411
3139062528.0,0.12346876412630081
3140000000.0,0.12228292226791382
3140937472.0,0.12124425172805786
3141874944.0,0.12024722993373871
3142812416.0,0.1199454814195633
3143749888.0,0.1196172833442688
3144687616.0,0.11765769869089127
3145625088.0,0.11631356924772263
3146562560.0,0.11397264897823334
3147500032.0,0.11222124099731445
3148437504.0,0.10889080911874771
3149374976.0,0.10520223528146744
3150312448.0,0.1009901612997055
3151249920.0,0.09712181240320206
3152187392.0,0.09122750908136368
3153125120.0,0.0853823721408844
3154062592.0,0.07924849539995193
3155000064.0,0.07106316834688187
3155937536.0,0.06342819333076477
3156875008.0,0.05463787540793419
3157812480.0,0.04550818353891373
3158749952.0,0.03494195267558098
3159687424.0,0.024631932377815247
3160624896.0,0.013209392316639423
3161562624.0,0.0024613302666693926
3162500096.0,-0.009430204518139362
3163437568.0,-0.02215600572526455
3164375040.0,-0.03560473769903183
3165312512.0,-0.046506617218256
3166249984.0,-0.059490177780389786
3167187456.0,-0.07100537419319153
3168124928.0,-0.08336478471755981
3169062400.0,-0.09521583467721939
3169999872.0,-0.10505116730928421
3170937600.0,-0.11494259536266327
3171875072.0,-0.12327884137630463
3172812544.0,-0.13084831833839417
3173750016.0,-0.13699057698249817
3174687488.0,-0.14277023077011108
3175624960.0,-0.1466587781906128
3176562432.0,-0.1485840082168579
3177499904.0,-0.15023736655712128
3178437376.0,-0.15022210776805878
3179375104.0,-0.14753113687038422
3180312576.0,-0.14390134811401367
3181250048.0,-0.13927015662193298
3182187520.0,-0.13203638792037964
3183124992.0,-0.12418734282255173
3184062464.0,-0.11370033770799637
3184999936.0,-0.1023285835981369
3185937408.0,-0.08951248973608017
3186874880.0,-0.07565546035766602
3187812608.0,0.05402768775820732
3188750080.0,0.053169913589954376
3189687552.0,0.05306421220302582
3190625024.0,0.053178489208221436
3191562496.0,0.054722122848033905
3192499968.0,0.05624692514538765
3193437440.0,0.05903510004281998
3194374912.0,0.06262462586164474
3195312384.0,0.06704016774892807
3196250112.0,0.07206840813159943
3197187584.0,0.07783456891775131
3198125056.0,0.08345159143209457
3199062528.0,0.08855251222848892
3200000000.0,0.09316878020763397
3200937472.0,0.09873957931995392
3201874944.0,0.1025519073009491
3202812416.0,0.10601873695850372
3203749888.0,0.10975965112447739
3204687616.0,0.11178392171859741
3205625088.0,0.11268669366836548
3206562560.0,0.11254251003265381
3207500032.0,0.11031793802976608
3208437504.0,0.1069229245185852
3209374976.0,0.10359678417444229
3210312448.0,0.09866154938936234
3211249920.0,0.09210353344678879
3212187392.0,0.08366421610116959
3213125120.0,0.07492789626121521
3214062592.0,0.06428193300962448
3215000064.0,0.05385308340191841
3215937536.0,0.04236604645848274
3216875008.0,0.029859593138098717
3217812480.0,0.016790390014648438
3218749952.0,0.00347094121389091
3219687424.0,-0.009390912018716335
3220624896.0,-0.021126003935933113
3221562624.0,-0.0350244976580143
3222500096.0,-0.04659564420580864
3223437568.0,-0.058446526527404785
3224375040.0,-0.0690494179725647
3225312512.0,-0.07866774499416351
3226249984.0,-0.0877331867814064
3227187456.0,-0.09491968154907227
3228124928.0,-0.10222426056861877
3229062400.0,-0.1068902239203453
3230000128.0,-0.11195878684520721
3230937600.0,-0.11534714698791504
3231875072.0,-0.11587615311145782
3232812544.0,-0.11706468462944031
3233750016.0,-0.11581435054540634
3234687488.0,-0.11359715461730957
3235624960.0,-0.11039189249277115
3236562432.0,-0.10815808922052383
3237499904.0,-0.1035338044166565
3238437376.0,-0.09897469729185104
3239375104.0,-0.09414011985063553
3240312576.0,-0.08960616588592529
3241250048.0,-0.08496246486902237
3242187520.0,-0.07997563481330872
3243124992.0,-0.0765497088432312
3244062464.0,-0.07442451268434525
3244999936.0,-0.07204225659370422
3245937408.0,-0.07129005342721939
3246874880.0,-0.07042945176362991
3247812608.0,-0.06238695979118347
3248750080.0,-0.06691353023052216
3249687552.0,-0.07117334008216858
3250625024.0,-0.07443694770336151
3251562496.0,-0.07763577997684479
3252499968.0,-0.0802176222205162
3253437440.0,-0.0816388949751854
3254374912.0,-0.08301853388547897
3255312384.0,-0.08271315693855286
3256250112.0,-0.08284210413694382
3257187584.0,-0.0792636051774025
3258125056.0,-0.07559257745742798
3259062528.0,-0.07153352349996567
3260000000.0,-0.06543219834566116
3260937472.0,-0.058313336223363876
3261874944.0,-0.052079807966947556
3262812416.0,-0.04273616150021553
3263749888.0,-0.03438244014978409
3264687616.0,-0.02578902058303356
3265625088.0,-0.0172992255538702
3266562560.0,-0.00806122925132513
3267500032.0,-0.0012335283681750298
3268437504.0,0.005148864351212978
3269374976.0,0.011480339802801609
3270312448.0,0.016559775918722153
3271249920.0,0.020513953641057014
3272187392.0,0.021986600011587143
3273125120.0,0.024129200726747513
3274062592.0,0.023873263970017433
3275000064.0,0.023896917700767517
3275937536.0,0.022221023216843605
3276875008.0,0.020076584070920944
3277812480.0,0.018849769607186317
3278749952.0,0.01672404631972313
3279687424.0,0.01534608006477356
3280624896.0,0.013788318261504173
3281562624.0,0.013055368326604366
3282500096.0,0.013440337963402271
3283437568.0,0.013864402659237385
3284375040.0,0.01528632827103138
3285312512.0,0.018068503588438034
3286249984.0,0.019609078764915466
3287187456.0,0.02125832438468933
3288124928.0,0.024293862283229828
3289062400.0,0.025202551856637
3289999872.0,0.0265631265938282
3290937600.0,0.026068298146128654
3291875072.0,0.026157185435295105
3292812544.0,0.024518132209777832
3293750016.0,0.022032123059034348
3294687488.0,0.017924407497048378
3295624960.0,0.012775524519383907
3296562432.0,0.00604796689003706
3297499904.0,-0.0012187596876174212
3298437376.0,-0.008871754631400108
3299375104.0,-0.016535896807909012
3300312576.0,-0.02583346702158451
3301250048.0,-0.03581869974732399
3302187520.0,-0.043991848826408386
3303124992.0,-0.05379375070333481
3304062464.0,-0.061888162046670914
3304999936.0,-0.07149364054203033
3305937408.0,-0.07949679344892502
3306874880.0,-0.0876183956861496
3307812608.0,-0.0568094402551651
3308750080.0,-0.05448963865637779
3309687552.0,-0.05272306874394417
3310625024.0,-0.05220279470086098
3311562496.0,-0.05000289902091026
3312499968.0,-0.049590907990932465
3313437440.0,-0.04936707392334938
3314374912.0,-0.04914593696594238
3315312384.0,-0.04975472390651703
3316250112.0,-0.05107099935412407
3317187584.0,-0.051586344838142395
3318125056.0,-0.05445883423089981
3319062528.0,-0.05838874354958534
3320000000.0,-0.06187724694609642
3320937472.0,-0.0662674605846405
3321874944.0,-0.07150689512491226
3322812416.0,-0.07754366099834442
3323749888.0,-0.08344461768865585
3324687616.0,-0.08941882103681564
3325625088.0,-0.09720452129840851
3326562560.0,-0.10475212335586548
3327500032.0,-0.11171112954616547
3328437504.0,-0.11908002942800522
3329374976.0,-0.12561286985874176
3330312448.0,-0.1322932094335556
3331249920.0,-0.138449564576149
3332187392.0,-0.14349685609340668
3333125120.0,-0.14765715599060059
3334062592.0,-0.1509154736995697
3335000064.0,-0.15195907652378082
3335937536.0,-0.1533692479133606
3336875008.0,-0.15379750728607178
3337812480.0,-0.1518101543188095
3338749952.0,-0.14995549619197845
3339687424.0,-0.145819291472435
3340624896.0,-0.14205843210220337
3341562624.0,-0.13689985871315002
3342500096.0,-0.13002201914787292
3343437568.0,-0.1232418641448021
3344375040.0,-0.11541180312633514
3345312512.0,-0.10748117417097092
3346249984.0,-0.09863290190696716
3347187456.0,-0.08914506435394287
3348124928.0,-0.07808920741081238
3349062400.0,-0.06914403289556503
3350000128.0,-0.05961447209119797
3350937600.0,-0.04939344525337219
3351875072.0,-0.03950577974319458
3352812544.0,-0.02986554056406021
3353750016.0,-0.02182668074965477
3354687488.0,-0.013696100562810898
3355624960.0,-0.00677698478102684
3356562432.0,0.0004939624923281372
3357499904.0,0.00590284401550889
3358437376.0,0.012037639506161213
3359375104.0,0.0165406484156847
3360312576.0,0.020262377336621284
3361250048.0,0.023639259859919548
3362187520.0,0.026736194267868996
3363124992.0,0.02916828915476799
3364062464.0,0.031580667942762375
3364999936.0,0.03398800268769264
3365937408.0,0.0358588732779026
3366874880.0,0.038649097084999084
3367812608.0,0.04766974225640297
3368750080.0,0.0561235249042511
3369687552.0,0.06280656158924103
3370625024.0,0.07038388401269913
3371562496.0,0.07680153101682663
3372499968.0,0.08112137764692307
3373437440.0,0.08473608642816544
3374374912.0,0.08667031675577164
3375312384.0,0.08932451158761978
3376250112.0,0.090011827647686
3377187584.0,0.08928282558917999
3378125056.0,0.0862535610795021
3379062528.0,0.08221344649791718
3380000000.0,0.07709170877933502
3380937472.0,0.0714050829410553
3381874944.0,0.06485355645418167
3382812416.0,0.05637412518262863
3383749888.0,0.048531439155340195
3384687616.0,0.039149705320596695
3385625088.0,0.02955862693488598
3386562560.0,0.020071329548954964
3387500032.0,0.008878246881067753
3388437504.0,-0.0017695087008178234
3389374976.0,-0.01265789195895195
3390312448.0,-0.021882381290197372
3391249920.0,-0.03182670474052429
3392187392.0,-0.04176681116223335
3393125120.0,-0.050657063722610474
3394062592.0,-0.05885104089975357
3395000064.0,-0.06665284931659698
3395937536.0,-0.07365846633911133
3396875008.0,-0.07988514006137848
3397812480.0,-0.08626125007867813
3398749952.0,-0.0916423350572586
3399687424.0,-0.09530480951070786
3400624896.0,-0.09798438102006912
3401562624.0,-0.0994735062122345
3402500096.0,-0.10035086423158646
3403437568.0,-0.10071639716625214
3404375040.0,-0.10095766931772232
3405312512.0,-0.10113469511270523
3406249984.0,-0.0995916947722435
3407187456.0,-0.09745350480079651
3408124928.0,-0.0956370010972023
3409062400.0,-0.09279263019561768
3409999872.0,-0.08881347626447678
3410937600.0,-0.08536817133426666
3411875072.0,-0.08176311105489731
3412812544.0,-0.07726423442363739
3413750016.0,-0.07303977757692337
3414687488.0,-0.06974802166223526
3415624960.0,-0.06397128105163574
3416562432.0,-0.05976912006735802
3417499904.0,-0.05539623647928238
3418437376.0,-0.05141665041446686
3419375104.0,-0.04747950658202171
3420312576.0,-0.043643563985824585
3421250048.0,-0.04017241671681404
3422187520.0,-0.035616401582956314
3423124992.0,-0.03062709979712963
3424062464.0,-0.027378786355257034
3424999936.0,-0.02428453601896763
3425937408.0,-0.019934235140681267
3426874880.0,-0.015499875880777836
3427812608.0,-0.011694015003740788
3428750080.0,-0.008097317069768906
3429687552.0,-0.005961650516837835
3430625024.0,-0.0025980749633163214
3431562496.0,0.0010616484796628356
3432499968.0,0.004805224481970072
3433437440.0,0.009559432044625282
3434374912.0,0.015831658616662025
3435312384.0,0.023199260234832764
3436250112.0,0.030401071533560753
3437187584.0,0.03883666917681694
3438125056.0,0.047284308820962906
3439062528.0,0.05685436353087425
3440000000.0,0.06889615207910538
3440937472.0,0.0808577612042427
3441874944.0,0.09388986229896545
3442812416.0,0.10942184925079346
3443749888.0,0.12292098999023438
3444687616.0,0.1383621245622635
3445625088.0,0.15224792063236237
3446562560.0,0.16518373787403107
3447500032.0,0.17836830019950867
3448437504.0,0.19135597348213196
3449374976.0,0.2013198435306549
3450312448.0,0.21182876825332642
3451249920.0,0.21850264072418213
3452187392.0,0.22422140836715698
3453125120.0,0.2272501438856125
3454062592.0,0.22612497210502625
3455000064.0,0.22433625161647797
3455937536.0,0.21927648782730103
3456875008.0,0.21053530275821686
3457812480.0,0.20116914808750153
3458749952.0,0.18856261670589447
3459687424.0,0.1752980798482895
3460624896.0,0.159354567527771
3461562624.0,0.1417674720287323
3462500096.0,0.12218540906906128
3463437568.0,0.10282698273658752
3464375040.0,0.08357168734073639
3465312512.0,0.06269866228103638
3466249984.0,0.04363556206226349
3467187456.0,0.024790894240140915
3468124928.0,0.007186840754002333
3469062400.0,-0.009086152538657188
3470000128.0,-0.023514399304986
3470937600.0,-0.038538478314876556
3471875072.0,-0.049631517380476
3472812544.0,-0.059160903096199036
3473750016.0,-0.06772491335868835
3474687488.0,-0.07315311580896378
3475624960.0,-0.07804422825574875
3476562432.0,-0.08028161525726318
3477499904.0,-0.08081156760454178
3478437376.0,-0.08035346120595932
3479375104.0,-0.07731996476650238
3480312576.0,-0.07365597784519196
3481250048.0,-0.07032158225774765
3482187520.0,-0.06568076461553574
3483124992.0,-0.06099114939570427
3484062464.0,-0.056514445692300797
3484999936.0,-0.05194052681326866
3485937408.0,-0.04650158807635307
3486874880.0,-0.04307374358177185
3487812608.0,-0.02849823608994484
3488750080.0,-0.03185468912124634
3489687552.0,-0.03529125452041626
3490625024.0,-0.04047958180308342
3491562496.0,-0.046586811542510986
3492499968.0,-0.050816524773836136
3493437440.0,-0.05669879913330078
3494374912.0,-0.06241712346673012
3495312384.0,-0.06946396827697754
3496250112.0,-0.07357767969369888
3497187584.0,-0.07804227620363235
3498125056.0,-0.08262089639902115
3499062528.0,-0.08470632880926132
3500000000.0,-0.08676990121603012
3500937472.0,-0.08571583032608032
3501874944.0,-0.08554426580667496
3502812416.0,-0.08399151265621185
3503749888.0,-0.08004273474216461
3504687616.0,-0.07588865607976913
3505625088.0,-0.07023535668849945
3506562560.0,-0.06346894055604935
3507500032.0,-0.05552271381020546
3508437504.0,-0.04636164754629135
3509374976.0,-0.03778354078531265
3510312448.0,-0.028033997863531113
3511249920.0,-0.01855209842324257
3512187392.0,-0.007984052412211895
3513125120.0,0.0011903919512405992
3514062592.0,0.010696114972233772
3515000064.0,0.019868234172463417
3515937536.0,0.028037026524543762
3516875008.0,0.03608467057347298
3517812480.0,0.043387819081544876
3518749952.0,0.04935835674405098
3519687424.0,0.05492715165019035
3520624896.0,0.059534475207328796
3521562624.0,0.06218773126602173
3522500096.0,0.06475064158439636
3523437568.0,0.0651327595114708
3524375040.0,0.06554163992404938
3525312512.0,0.06399264931678772
3526249984.0,0.06119628995656967
3527187456.0,0.057927634567022324
3528124928.0,0.05341554433107376
3529062400.0,0.048634570091962814
3529999872.0,0.04288914427161217
3530937600.0,0.03776427358388901
3531875072.0,0.030737975612282753
3532812544.0,0.025655044242739677
3533750016.0,0.018815409392118454
3534687488.0,0.014462318271398544
3535624960.0,0.009470280259847641
3536562432.0,0.005540108308196068
3537499904.0,0.0028608685825020075
3538437376.0,5.927436359343119e-05
3539375104.0,-0.002441632794216275
3540312576.0,-0.002709157532081008
3541250048.0,-0.0017919702222570777
3542187520.0,4.7981422540033236e-05
3543124992.0,0.002541698282584548
3544062464.0,0.002608455019071698
3544999936.0,0.006661750376224518
3545937408.0,0.011037650518119335
3546874880.0,0.01429421454668045
3547812608.0,0.015485158190131187
3548750080.0,0.014188879169523716
3549687552.0,0.011032785288989544
3550625024.0,0.008241896517574787
3551562496.0,0.004892174154520035
3552499968.0,0.0029650761280208826
3553437440.0,-0.0002787850680761039
3554374912.0,-0.003921082243323326
3555312384.0,-0.007867883890867233
3556250112.0,-0.0110202981159091
3557187584.0,-0.01509438268840313
3558125056.0,-0.019035756587982178
3559062528.0,-0.022250156849622726
3560000000.0,-0.025972897186875343
3560937472.0,-0.029224304482340813
3561874944.0,-0.03366763889789581
3562812416.0,-0.036630235612392426
3563749888.0,-0.04008146747946739
3564687616.0,-0.042697321623563766
3565625088.0,-0.0455581434071064
3566562560.0,-0.0473947636783123
3567500032.0,-0.04852242395281792
3568437504.0,-0.05073561146855354
3569374976.0,-0.051490068435668945
3570312448.0,-0.05202225595712662
3571249920.0,-0.05225957930088043
3572187392.0,-0.05127474293112755
3573125120.0,-0.05114490166306496
3574062592.0,-0.049428291618824005
3575000064.0,-0.047915052622556686
3575937536.0,-0.04621844366192818
3576875008.0,-0.044625233858823776
3577812480.0,-0.043172597885131836
3578749952.0,-0.040880266577005386
3579687424.0,-0.03829741105437279
3580624896.0,-0.036103058606386185
3581562624.0,-0.03265436738729477
3582500096.0,-0.03037678264081478
3583437568.0,-0.027574464678764343
3584375040.0,-0.026929033920168877
3585312512.0,-0.025827089324593544
3586249984.0,-0.02424880489706993
3587187456.0,-0.02368582785129547
3588124928.0,-0.02343376912176609
3589062400.0,-0.021910179406404495
3590000128.0,-0.022235076874494553
3590937600.0,-0.021201668307185173
3591875072.0,-0.02099302038550377
3592812544.0,-0.021042536944150925
3593750016.0,-0.020047033205628395
3594687488.0,-0.019661199301481247
3595624960.0,-0.01872207783162594
3596562432.0,-0.016761360689997673
3597499904.0,-0.015132756903767586
3598437376.0,-0.01288619264960289
3599375104.0,-0.010737481527030468
3600312576.0,-0.008341060020029545
3601250048.0,-0.003475766396149993
3602187520.0,0.0010095604229718447
3603124992.0,0.005060261115431786
3604062464.0,0.011346914805471897
3604999936.0,0.015918534249067307
3605937408.0,0.021413529291749
3606874880.0,0.027258913964033127
3607812608.0,0.050150178372859955
3608750080.0,0.05943707749247551
3609687552.0,0.06849265843629837
3610625024.0,0.07603113353252411
3611562496.0,0.08458736538887024
3612499968.0,0.09209800511598587
3613437440.0,0.09834941476583481
3614374912.0,0.10320669412612915
3615312384.0,0.10818785429000854
3616250112.0,0.11202716827392578
3617187584.0,0.1150667667388916
3618125056.0,0.11632158607244492
3619062528.0,0.11713992059230804
3620000000.0,0.11583327502012253
3620937472.0,0.11366786062717438
3621874944.0,0.11096494644880295
3622812416.0,0.10795565694570541
3623749888.0,0.10259022563695908
3624687616.0,0.09716618806123734
3625625088.0,0.09046175330877304
3626562560.0,0.08468210697174072
3627500032.0,0.07750091701745987
3628437504.0,0.07032638788223267
3629374976.0,0.06140187382698059
3630312448.0,0.052522458136081696
3631249920.0,0.04339155927300453
3632187392.0,0.03354653716087341
3633125120.0,0.02391570620238781
3634062592.0,0.013914445415139198
3635000064.0,0.003354195272549987
3635937536.0,-0.006020349450409412
3636875008.0,-0.016626451164484024
3637812480.0,-0.02677558921277523
3638749952.0,-0.037106748670339584
3639687424.0,-0.04624762758612633
3640624896.0,-0.054918061941862106
3641562624.0,-0.06342610716819763
3642500096.0,-0.07169979065656662
3643437568.0,-0.07991538941860199
3644375040.0,-0.08690370619297028
3645312512.0,-0.09334197640419006
3646249984.0,-0.09937217831611633
3647187456.0,-0.10479150712490082
3648124928.0,-0.11041899025440216
3649062400.0,-0.11403634399175644
3649999872.0,-0.11776028573513031
3650937600.0,-0.12023350596427917
3651875072.0,-0.12211421877145767
3652812544.0,-0.12488386034965515
3653750016.0,-0.1261322945356369
3654687488.0,-0.12678605318069458
3655624960.0,-0.12632447481155396
3656562432.0,-0.1258864402770996
3657499904.0,-0.12394163012504578
3658437376.0,-0.12267463654279709
3659375104.0,-0.1202930137515068
3660312576.0,-0.11791355907917023
3661250048.0,-0.11490374803543091
3662187520.0,-0.11183073371648788
3663124992.0,-0.10728514939546585
3664062464.0,-0.10351503640413284
3664999936.0,-0.10064323246479034
3665937408.0,-0.09429110586643219
3666874880.0,-0.09074629843235016
3667812608.0,-0.07306787371635437
3668750080.0,-0.0724995881319046
3669687552.0,-0.071851447224617
3670625024.0,-0.07040107250213623
3671562496.0,-0.0671456828713417
3672499968.0,-0.06318395584821701
3673437440.0,-0.058917053043842316
3674374912.0,-0.053432878106832504
3675312384.0,-0.04830135032534599
3676250112.0,-0.041810065507888794
3677187584.0,-0.03479769825935364
3678125056.0,-0.0276613999158144
3679062528.0,-0.020234473049640656
3680000000.0,-0.01196756586432457
3680937472.0,-0.0029270779341459274
3681874944.0,0.006047468166798353
3682812416.0,0.014967210590839386
3683749888.0,0.023461265489459038
3684687616.0,0.03317350521683693
3685625088.0,0.042133357375860214
3686562560.0,0.05213649198412895
3687500032.0,0.05955986678600311
3688437504.0,0.0679539293050766
3689374976.0,0.07502017915248871
3690312448.0,0.08214295655488968
3691249920.0,0.08769256621599197
3692187392.0,0.09277358651161194
3693125120.0,0.09707357734441757
3694062592.0,0.09973567724227905
3695000064.0,0.10232900083065033
3695937536.0,0.10201314836740494
3696875008.0,0.10276034474372864
3697812480.0,0.10082657635211945
3698749952.0,0.09845876693725586
3699687424.0,0.09477996826171875
3700624896.0,0.08938900381326675
3701562624.0,0.08384323865175247
3702500096.0,0.07733955979347229
3703437568.0,0.07125277072191238
3704375040.0,0.06384550780057907
3705312512.0,0.055778346955776215
3706249984.0,0.048038650304079056
3707187456.0,0.03948057070374489
3708124928.0,0.030900269746780396
3709062400.0,0.0212920680642128
3710000128.0,0.011627836152911186
3710937600.0,0.0030055325478315353
3711875072.0,-0.005395730957388878
3712812544.0,-0.014155273325741291
3713750016.0,-0.021068256348371506
3714687488.0,-0.02802634984254837
3715624960.0,-0.03423796221613884
3716562432.0,-0.03974407538771629
3717499904.0,-0.04381006956100464
3718437376.0,-0.047671545296907425
3719375104.0,-0.049610685557127
3720312576.0,-0.05114565044641495
3721250048.0,-0.0519174262881279
3722187520.0,-0.05292808264493942
3723124992.0,-0.05169832333922386
3724062464.0,-0.050354622304439545
3724999936.0,-0.04812180995941162
3725937408.0,-0.046827975660562515
3726874880.0,-0.04450718313455582
3727812608.0,-0.046474095433950424
3728750080.0,-0.04573892802000046
3729687552.0,-0.04462769255042076
3730625024.0,-0.04297265782952309
3731562496.0,-0.04257849603891373
3732499968.0,-0.03999215364456177
3733437440.0,-0.039304424077272415
3734374912.0,-0.03862491622567177
3735312384.0,-0.03950303792953491
3736250112.0,-0.04048110172152519
3737187584.0,-0.04123345762491226
3738125056.0,-0.04399203509092331
3739062528.0,-0.046110935509204865
3740000000.0,-0.04894004017114639
3740937472.0,-0.052900198847055435
3741874944.0,-0.057153407484292984
3742812416.0,-0.06273675709962845
3743749888.0,-0.0670354887843132
3744687616.0,-0.07240061461925507
3745625088.0,-0.07753574103116989
3746562560.0,-0.08253071457147598
3747500032.0,-0.08816821873188019
3748437504.0,-0.09295504540205002
3749374976.0,-0.09925427287817001
3750312448.0,-0.10484036803245544
3751249920.0,-0.11030711233615875
3752187392.0,-0.11598369479179382
3753125120.0,-0.1206216961145401
3754062592.0,-0.12457860261201859
3755000064.0,-0.12856857478618622
3755937536.0,-0.1306198537349701
3756875008.0,-0.13235963881015778
3757812480.0,-0.13308671116828918
3758749952.0,-0.13221916556358337
3759687424.0,-0.1296628713607788
3760624896.0,-0.12589940428733826
3761562624.0,-0.12125669419765472
3762500096.0,-0.11515356600284576
3763437568.0,-0.1079571470618248
3764375040.0,-0.09995096176862717
3765312512.0,-0.09086596965789795
3766249984.0,-0.0812705010175705
3767187456.0,-0.07025299966335297
3768124928.0,-0.05906713381409645
3769062400.0,-0.04746224358677864
3769999872.0,-0.035805974155664444
3770937600.0,-0.025517618283629417
3771875072.0,-0.013633813709020615
3772812544.0,-0.003261938225477934
3773750016.0,0.005509581882506609
3774687488.0,0.01505574956536293
3775624960.0,0.022783683612942696
3776562432.0,0.029370557516813278
3777499904.0,0.033947303891181946
3778437376.0,0.03791721910238266
3779375104.0,0.03968559578061104
3780312576.0,0.03957897052168846
3781250048.0,0.03857421875
3782187520.0,0.03556044399738312
3783124992.0,0.031057050451636314
3784062464.0,0.025219140574336052
3784999936.0,0.017044270411133766
3785937408.0,0.009337378665804863
3786874880.0,0.010258408263325691
3787812608.0,0.0021189895924180746
3788750080.0,-0.007561877369880676
3789687552.0,-0.01828472688794136
3790625024.0,-0.029791995882987976
3791562496.0,-0.0424627885222435
3792499968.0,-0.054304659366607666
3793437440.0,-0.06573737412691116
3794374912.0,-0.07689690589904785
3795312384.0,-0.08942791074514389
3796250112.0,-0.10000461339950562
3797187584.0,-0.10990207642316818
3798125056.0,-0.12062675505876541
3799062528.0,-0.1302432417869568
3800000000.0,-0.13832145929336548
3800937472.0,-0.1466335654258728
3801874944.0,-0.15207260847091675
3802812416.0,-0.15667080879211426
3803749888.0,-0.16018261015415192
3804687616.0,-0.16261687874794006
3805625088.0,-0.16392844915390015
3806562560.0,-0.16297219693660736
3807500032.0,-0.16013403236865997
3808437504.0,-0.15863515436649323
3809374976.0,-0.1535644829273224
3810312448.0,-0.14742997288703918
3811249920.0,-0.14065997302532196
3812187392.0,-0.13346338272094727
3813125120.0,-0.1257452666759491
3814062592.0,-0.11632061004638672
3815000064.0,-0.10702557116746902
3815937536.0,-0.09645906835794449
3816875008.0,-0.08752734959125519
3817812480.0,-0.0765853151679039
3818749952.0,-0.06668808311223984
3819687424.0,-0.0573495551943779
3820624896.0,-0.04868542030453682
3821562624.0,-0.03959432616829872
3822500096.0,-0.03196584805846214
3823437568.0,-0.024491552263498306
3824375040.0,-0.01787951961159706
3825312512.0,-0.012175050564110279
3826249984.0,-0.008602785877883434
3827187456.0,-0.005190370604395866
3828124928.0,-0.0026785058435052633
3829062400.0,-7.657282367290463e-06
3830000128.0,4.623768836609088e-05
3830937600.0,0.00010222391574643552
3831875072.0,-0.001947810989804566
3832812544.0,-0.004102606792002916
3833750016.0,-0.007322863209992647
3834687488.0,-0.010233094915747643
3835624960.0,-0.013092794455587864
3836562432.0,-0.01794367842376232
3837499904.0,-0.020830120891332626
3838437376.0,-0.025721384212374687
3839375104.0,-0.029278958216309547
3840312576.0,-0.032873596996068954
3841250048.0,-0.03672651946544647
3842187520.0,-0.040985073894262314
3843124992.0,-0.04407508298754692
3844062464.0,-0.046607855707407
3844999936.0,-0.04883139207959175
3845937408.0,-0.05043242499232292
3846874880.0,-0.042487937957048416
3847812608.0,-0.03854479640722275
3848750080.0,-0.034424059092998505
3849687552.0,-0.0310397669672966
3850625024.0,-0.027854448184370995
3851562496.0,-0.025091685354709625
3852499968.0,-0.024452991783618927
3853437440.0,-0.022073324769735336
3854374912.0,-0.021079182624816895
3855312384.0,-0.020897790789604187
3856250112.0,-0.020308461040258408
3857187584.0,-0.020279202610254288
3858125056.0,-0.022142495959997177
3859062528.0,-0.022491782903671265
3860000000.0,-0.024186018854379654
3860937472.0,-0.025463275611400604
3861874944.0,-0.027842069044709206
3862812416.0,-0.030674485489726067
3863749888.0,-0.033771585673093796
3864687616.0,-0.03751745447516441
3865625088.0,-0.04003916680812836
3866562560.0,-0.04318924620747566
3867500032.0,-0.045782722532749176
3868437504.0,-0.048534370958805084
3869374976.0,-0.05088013410568237
3870312448.0,-0.05280299112200737
3871249920.0,-0.05563255399465561
3872187392.0,-0.0573117621243
3873125120.0,-0.06036181002855301
3874062592.0,-0.061667975038290024
3875000064.0,-0.061781276017427444
3875937536.0,-0.06502518057823181
3876875008.0,-0.06736587733030319
3877812480.0,-0.07068806886672974
3878749952.0,-0.07268963754177094
3879687424.0,-0.07383831590414047
3880624896.0,-0.0749840959906578
3881562624.0,-0.07544678449630737
3882500096.0,-0.0752200186252594
3883437568.0,-0.07570484280586243
3884375040.0,-0.07544686645269394
3885312512.0,-0.07500956952571869
3886249984.0,-0.07406861335039139
3887187456.0,-0.073757603764534
3888124928.0,-0.07347073405981064
3889062400.0,-0.07292091846466064
3889999872.0,-0.0737488865852356
3890937600.0,-0.07337168604135513
3891875072.0,-0.07431254535913467
3892812544.0,-0.07501394301652908
3893750016.0,-0.0759912058711052
3894687488.0,-0.07786855846643448
3895624960.0,-0.08044710755348206
3896562432.0,-0.0828840583562851
3897499904.0,-0.08400818705558777
3898437376.0,-0.08684223890304565
3899375104.0,-0.09033571928739548
3900312576.0,-0.09426280111074448
3901250048.0,-0.09918222576379776
3902187520.0,-0.10360950976610184
3903124992.0,-0.10772638022899628
3904062464.0,-0.11223461478948593
3904999936.0,-0.1172456219792366
3905937408.0,-0.12084317207336426
3906874880.0,-0.13765119016170502
3907812608.0,-0.14535361528396606
3908750080.0,-0.15083768963813782
3909687552.0,-0.1554405391216278
3910625024.0,-0.157538041472435
3911562496.0,-0.15812985599040985
3912499968.0,-0.15574675798416138
3913437440.0,-0.1509036421775818
3914374912.0,-0.1449800431728363
3915312384.0,-0.1373397707939148
3916250112.0,-0.12678341567516327
3917187584.0,-0.11553962528705597
3918125056.0,-0.10264914482831955
3919062528.0,-0.08860200643539429
3920000000.0,-0.07278462499380112
3920937472.0,-0.05682830885052681
3921874944.0,-0.040926139801740646
3922812416.0,-0.02487243339419365
3923749888.0,-0.008080064319074154
3924687616.0,0.008120416663587093
3925625088.0,0.022890698164701462
3926562560.0,0.036114007234573364
3927500032.0,0.0496695376932621
3928437504.0,0.06041470915079117
3929374976.0,0.07084137201309204
3930312448.0,0.07810857146978378
3931249920.0,0.08370617032051086
3932187392.0,0.08693420886993408
3933125120.0,0.08786074072122574
3934062592.0,0.08721804618835449
3935000064.0,0.08577300608158112
3935937536.0,0.08128658682107925
3936875008.0,0.07606209814548492
3937812480.0,0.0690726786851883
3938749952.0,0.06198286637663841
3939687424.0,0.05320815369486809
3940624896.0,0.0441184900701046
3941562624.0,0.035817619413137436
3942500096.0,0.02643170952796936
3943437568.0,0.017207471653819084
3944375040.0,0.00834034662693739
3945312512.0,-0.0002656174765434116
3946249984.0,-0.00793792586773634
3947187456.0,-0.015705877915024757
3948124928.0,-0.022102411836385727
3949062400.0,-0.02778351679444313
3950000128.0,-0.03220106661319733
3950937600.0,-0.03645588457584381
3951875072.0,-0.040484290570020676
3952812544.0,-0.04231119900941849
3953750016.0,-0.04390953853726387
3954687488.0,-0.0469568707048893
3955624960.0,-0.04876643419265747
3956562432.0,-0.04999561235308647
3957499904.0,-0.05227145180106163
3958437376.0,-0.05456586554646492
3959375104.0,-0.05393126979470253
3960312576.0,-0.05518161877989769
3961250048.0,-0.056894175708293915
3962187520.0,-0.05888956040143967
3963124992.0,-0.06241767480969429
3964062464.0,-0.06588758528232574
3964999936.0,-0.0704687312245369
3965937408.0,-0.07612094283103943
3966874880.0,-0.0914309024810791
3967812608.0,-0.10416865348815918
3968750080.0,-0.11748936772346497
3969687552.0,-0.13204440474510193
3970625024.0,-0.1453242003917694
3971562496.0,-0.15938587486743927
3972499968.0,-0.1710468828678131
3973437440.0,-0.18215662240982056
3974374912.0,-0.1927306056022644
3975312384.0,-0.2020319402217865
3976250112.0,-0.20876571536064148
3977187584.0,-0.21477565169334412
3978125056.0,-0.21837261319160461
3979062528.0,-0.21977873146533966
3980000000.0,-0.2205662727355957
3980937472.0,-0.21844854950904846
3981874944.0,-0.21471616625785828
3982812416.0,-0.21078407764434814
3983749888.0,-0.20401646196842194
3984687616.0,-0.19569425284862518
3985625088.0,-0.1873958706855774
3986562560.0,-0.17640085518360138
3987500032.0,-0.16519835591316223
3988437504.0,-0.1532163769006729
3989374976.0,-0.1412973701953888
3990312448.0,-0.12799794971942902
3991249920.0,-0.11608552187681198
3992187392.0,-0.10404855012893677
3993125120.0,-0.09213940799236298
3994062592.0,-0.08113513141870499
3995000064.0,-0.07048876583576202
3995937536.0,-0.060913097113370895
3996875008.0,-0.05190003663301468
3997812480.0,-0.04440438747406006
3998749952.0,-0.037474799901247025
3999687424.0,-0.030064623802900314
4000624896.0,-0.03681269288063049
4001562624.0,-0.034144844859838486
4002500096.0,-0.03283454477787018
4003437568.0,-0.03297862783074379
4004375040.0,-0.034715436398983
4005312512.0,-0.03674112260341644
4006249984.0,-0.04126172885298729
4007187456.0,-0.045932088047266006
4008124928.0,-0.051557306200265884
4009062400.0,-0.05884324014186859
4009999872.0,-0.06521168351173401
4010937600.0,-0.07407475262880325
4011875072.0,-0.08322617411613464
4012812544.0,-0.09210751950740814
4013750016.0,-0.10059510916471481
4014687488.0,-0.10854464024305344
4015624960.0,-0.11732545495033264
4016562432.0,-0.12498863786458969
4017499904.0,-0.13280737400054932
4018437376.0,-0.13957428932189941
4019375104.0,-0.14696303009986877
4020312576.0,-0.1532028317451477
4021250048.0,-0.15884681046009064
4022187520.0,-0.16483886539936066
4023124992.0,-0.16889981925487518
4024062464.0,-0.17388825118541718
4024999936.0,-0.1770751029253006
4025937408.0,-0.1812400072813034
4026874880.0,-0.17496030032634735
4027812608.0,-0.18100441992282867
4028750080.0,-0.1875287890434265
4029687552.0,-0.19363375008106232
4030625024.0,-0.19824771583080292
4031562496.0,-0.2028091698884964
4032499968.0,-0.20692390203475952
4033437440.0,-0.21008004248142242
4034374912.0,-0.21214713156223297
4035312384.0,-0.21254660189151764
4036250112.0,-0.21323040127754211
4037187584.0,-0.21175843477249146
4038125056.0,-0.20976975560188293
4039062528.0,-0.20628668367862701
4040000000.0,-0.201851487159729
4040937472.0,-0.1966550350189209
4041874944.0,-0.1921103596687317
4042812416.0,-0.1847844421863556
4043749888.0,-0.17590703070163727
4044687616.0,-0.16594992578029633
4045625088.0,-0.15586501359939575
4046562560.0,-0.1434400975704193
4047500032.0,-0.1304909586906433
4048437504.0,-0.11696869879961014
4049374976.0,-0.10401256382465363
4050312448.0,-0.09058426320552826
4051249920.0,-0.07665885239839554
4052187392.0,-0.061684705317020416
4053125120.0,-0.048413217067718506
4054062592.0,-0.03563089296221733
4055000064.0,-0.022585352882742882
4055937536.0,-0.011117837391793728
4056875008.0,-0.0006762605044059455
4057812480.0,0.00827671866863966
4058749952.0,0.015766646713018417
4059687424.0,0.02190791815519333
4060624896.0,0.027034658938646317
4061562624.0,0.030639518052339554
4062500096.0,0.03146050125360489
4063437568.0,0.031957387924194336
4064375040.0,0.03044907934963703
4065312512.0,0.027137503027915955
4066249984.0,0.022496327757835388
4067187456.0,0.016055412590503693
4068124928.0,0.0072336276061832905
4069062400.0,-0.0018891515210270882
4070000128.0,-0.01137829851359129
4070937600.0,-0.02237735688686371
4071875072.0,-0.03437117114663124
4072812544.0,-0.04651137441396713
4073750016.0,-0.05873889848589897
4074687488.0,-0.07164124399423599
4075624960.0,-0.08372166752815247
4076562432.0,-0.0955379530787468
4077499904.0,-0.10719452798366547
4078437376.0,-0.11840564757585526
4079375104.0,-0.12885184586048126
4080312576.0,-0.13805779814720154
4081250048.0,-0.14798757433891296
4082187520.0,-0.1558680236339569
4083124992.0,-0.16232526302337646
4084062464.0,-0.16751334071159363
4084999936.0,-0.1713923215866089
4085937408.0,-0.17409449815750122
4086874880.0,-0.1563986986875534
4087812608.0,-0.1571100503206253
4088750080.0,-0.15781259536743164
4089687552.0,-0.15477441251277924
4090625024.0,-0.15260834991931915
4091562496.0,-0.14826582372188568
4092499968.0,-0.14438866078853607
4093437440.0,-0.1391257494688034
4094374912.0,-0.13326990604400635
4095312384.0,-0.1273534744977951
4096250112.0,-0.1220783218741417
4097187584.0,-0.11610952019691467
4098125056.0,-0.11018597334623337
4099062528.0,-0.1030932068824768
4100000000.0,-0.0978785827755928
4100937472.0,-0.09239067137241364
4101874944.0,-0.08629362285137177
4102812416.0,-0.08079353719949722
4103749888.0,-0.07631158083677292
4104687616.0,-0.0713467001914978
4105625088.0,-0.06618453562259674
4106562560.0,-0.06196863576769829
4107500032.0,-0.05802040547132492
4108437504.0,-0.05302164703607559
4109374976.0,-0.04989798739552498
4110312448.0,-0.04704025015234947
4111249920.0,-0.043411727994680405
4112187392.0,-0.041210949420928955
4113125120.0,-0.03961683809757233
4114062592.0,-0.03818342834711075
4115000064.0,-0.036330446600914
4115937536.0,-0.03520341217517853
4116875008.0,-0.03501671180129051
4117812480.0,-0.033690791577100754
4118749952.0,-0.03400367870926857
4119687424.0,-0.034831251949071884
4120624896.0,-0.03501584753394127
4121562624.0,-0.035891901701688766
4122500096.0,-0.037526268512010574
4123437568.0,-0.03876224905252457
4124375040.0,-0.03938103839755058
4125312512.0,-0.041423194110393524
4126249984.0,-0.04388963431119919
4127187456.0,-0.046174366027116776
4128124928.0,-0.048472438007593155
4129062400.0,-0.05160416662693024
4129999872.0,-0.05466589704155922
4130937600.0,-0.059066563844680786
4131875072.0,-0.06345856934785843
4132812544.0,-0.06807166337966919
4133750016.0,-0.07391837984323502
4134687488.0,-0.07954037189483643
4135624960.0,-0.08623853325843811
4136562432.0,-0.09341360628604889
4137499904.0,-0.09992946684360504
4138437376.0,-0.10742156952619553
4139375104.0,-0.11620805412530899
4140312576.0,-0.12383249402046204
4141250048.0,-0.13273978233337402
4142187520.0,-0.14218002557754517
4143124992.0,-0.1501336246728897
4144062464.0,-0.15905091166496277
4144999936.0,-0.16735365986824036
4145937408.0,-0.1756422221660614
4146874880.0,-0.19562847912311554
4147812608.0,-0.20315010845661163
4148750080.0,-0.20815779268741608
4149687552.0,-0.21117328107357025
4150625024.0,-0.21266891062259674
4151562496.0,-0.21230833232402802
4152499968.0,-0.20889262855052948
4153437440.0,-0.20392228662967682
4154374912.0,-0.19836243987083435
4155312384.0,-0.19026076793670654
4156250112.0,-0.18247240781784058
4157187584.0,-0.17173443734645844
4158125056.0,-0.16032347083091736
4159062528.0,-0.1484554558992386
4160000000.0,-0.1375143826007843
4160937472.0,-0.12519200146198273
4161874944.0,-0.11170361191034317
4162812416.0,-0.09973122179508209
4163749888.0,-0.08801902085542679
4164687616.0,-0.07538242638111115
4165625088.0,-0.065263532102108
4166562560.0,-0.05514274910092354
4167500032.0,-0.045033007860183716
4168437504.0,-0.03504334017634392
4169374976.0,-0.02681773528456688
4170312448.0,-0.018937718123197556
4171249920.0,-0.011576446704566479
4172187392.0,-0.004964647348970175
4173125120.0,0.00027116472483612597
4174062592.0,0.005730018950998783
4175000064.0,0.009522832930088043
4175937536.0,0.012319426983594894
4176875008.0,0.014459424652159214
4177812480.0,0.017390713095664978
4178749952.0,0.019685521721839905
4179687424.0,0.020218702033162117
4180624896.0,0.02152148261666298
4181562624.0,0.021594258025288582
4182500096.0,0.020401904359459877
4183437568.0,0.019410444423556328
4184375040.0,0.018724147230386734
4185312512.0,0.016854410991072655
4186249984.0,0.014116008765995502
4187187456.0,0.011292125098407269
4188124928.0,0.006680304650217295
4189062400.0,0.0026390596758574247
4190000128.0,-0.0018805231666192412
4190937600.0,-0.006517515983432531
4191875072.0,-0.013599409721791744
4192812544.0,-0.020666640251874924
4193750016.0,-0.02821335755288601
4194687488.0,-0.036295078694820404
4195624960.0,-0.046361491084098816
4196562432.0,-0.05624114349484444
4197499904.0,-0.06673095375299454
4198437376.0,-0.07700952887535095
4199375104.0,-0.08854952454566956
4200312576.0,-0.10035372525453568
4201250048.0,-0.11255485564470291
4202187520.0,-0.1239398717880249
4203124992.0,-0.13661666214466095
4204062464.0,-0.14918434619903564
4204999936.0,-0.16089347004890442
4205937408.0,-0.1726273000240326
4206874880.0,-0.1765129417181015
4207812608.0,-0.18789680302143097
4208750080.0,-0.19855524599552155
4209687552.0,-0.2095893919467926
4210625024.0,-0.21989600360393524
4211562496.0,-0.22985965013504028
4212499968.0,-0.23793821036815643
4213437440.0,-0.2445765882730484
4214374912.0,-0.24952362477779388
4215312384.0,-0.2540271282196045
4216250112.0,-0.25576454401016235
4217187584.0,-0.255129873752594
4218125056.0,-0.25298288464546204
4219062528.0,-0.24770574271678925
4220000000.0,-0.23967479169368744
4220937472.0,-0.22947028279304504
4221874944.0,-0.21706633269786835
4222812416.0,-0.20244964957237244
4223749888.0,-0.18696145713329315
4224687616.0,-0.16835248470306396
4225625088.0,-0.14842753112316132
4226562560.0,-0.12744060158729553
4227500032.0,-0.10536148399114609
4228437504.0,-0.08287809044122696
4229374976.0,-0.06108168885111809
4230312448.0,-0.03837728500366211
4231249920.0,-0.014564212411642075
4232187392.0,0.006443131249397993
4233125120.0,0.027722932398319244
4234062592.0,0.047456853091716766
4235000064.0,0.0656379982829094
4235937536.0,0.08147481828927994
4236875008.0,0.09574691206216812
4237812480.0,0.10757973790168762
4238749952.0,0.11804675310850143
4239687424.0,0.12541009485721588
4240624896.0,0.12904483079910278
4241562624.0,0.12991468608379364
4242500096.0,0.12918533384799957
4243437568.0,0.12701541185379028
4244375040.0,0.11998862773180008
4245312512.0,0.11267980933189392
4246249984.0,0.10280738770961761
4247187456.0,0.09072250127792358
4248124928.0,0.07690014690160751
4249062400.0,0.06271778792142868
4249999872.0,0.046177323907613754
4250937600.0,0.029485397040843964
4251875072.0,0.011177277192473412
4252812544.0,-0.006982814054936171
4253750016.0,-0.025428833439946175
4254687488.0,-0.0437186099588871
4255624960.0,-0.06295836716890335
4256562432.0,-0.08167016506195068
4257499904.0,-0.09911168366670609
4258437376.0,-0.11667148023843765
4259375104.0,-0.13356414437294006
4260312576.0,-0.1501668095588684
4261250048.0,-0.16564688086509705
4262187520.0,-0.1795215904712677
4263124992.0,-0.19393181800842285
4264062464.0,-0.20932722091674805
4264999936.0,-0.22271086275577545
4265937408.0,-0.23529572784900665
4266874880.0,-0.24784569442272186
4267812608.0,-0.25256094336509705
4268750080.0,-0.25788161158561707
4269687552.0,-0.26313987374305725
4270625024.0,-0.268357515335083
4271562496.0,-0.2729469835758209
4272499968.0,-0.277565062046051
4273437440.0,-0.2814423739910126
4274374912.0,-0.2838548421859741
4275312384.0,-0.28535524010658264
4276250112.0,-0.2850813865661621
4277187584.0,-0.2840521037578583
4278125056.0,-0.281078577041626
4279062528.0,-0.2760820984840393
4280000000.0,-0.2690593898296356
4280937472.0,-0.26072803139686584
4281874944.0,-0.25071823596954346
4282812416.0,-0.23740631341934204
4283749888.0,-0.22309423983097076
4284687616.0,-0.20842960476875305
4285625088.0,-0.19106188416481018
4286562560.0,-0.17279763519763947
4287500032.0,-0.15150152146816254
4288437504.0,-0.13030414283275604
4289374976.0,-0.10855116695165634
4290312448.0,-0.08458996564149857
4291249920.0,-0.06058524549007416
4292187392.0,-0.036633796989917755
4293125120.0,-0.01252870075404644
4294062592.0,0.010937964543700218
4295000064.0,0.03289857879281044
4295937536.0,0.05554669722914696
4296875008.0,0.07686443626880646
4297812480.0,0.09667123854160309
4298749952.0,0.1140335202217102
4299687424.0,0.1292956918478012
4300624896.0,0.1426292508840561
4301562368.0,0.15408287942409515
4302499840.0,0.16316911578178406
4303437312.0,0.16932862997055054
4304374784.0,0.17237666249275208
4305312256.0,0.17268654704093933
4306250240.0,0.17058299481868744
4307187712.0,0.16558656096458435
4308125184.0,0.15830393135547638
4309062656.0,0.14745771884918213
4310000128.0,0.13270452618598938
4310937600.0,0.11656069755554199
4311875072.0,0.09623558074235916
4312812544.0,0.07551270723342896
4313750016.0,0.051165804266929626
4314687488.0,0.025281859561800957
4315624960.0,-0.0017942653503268957
4316562432.0,-0.02966219000518322
4317499904.0,-0.0590335913002491
4318437376.0,-0.08952094614505768
4319374848.0,-0.11861328780651093
4320312320.0,-0.1494387835264206
4321249792.0,-0.17884084582328796
4322187264.0,-0.2070547193288803
4323125248.0,-0.23348402976989746
4324062720.0,-0.25824880599975586
4325000192.0,-0.2817830443382263
4325937664.0,-0.30218756198883057
4326875136.0,-0.3413914442062378
4327812608.0,-0.3371729850769043
4328750080.0,-0.33087730407714844
4329687552.0,-0.3243553042411804
4330625024.0,-0.31623131036758423
4331562496.0,-0.3086754083633423
4332499968.0,-0.2994895875453949
4333437440.0,-0.2914590537548065
4334374912.0,-0.2834581136703491
4335312384.0,-0.27554425597190857
4336249856.0,-0.26755526661872864
4337187328.0,-0.26077431440353394
4338124800.0,-0.2557210624217987
4339062272.0,-0.2501576542854309
4339999744.0,-0.24432595074176788
4340937728.0,-0.2395128458738327
4341875200.0,-0.23499642312526703
4342812672.0,-0.2303987592458725
4343750144.0,-0.22557076811790466
4344687616.0,-0.22024716436862946
4345625088.0,-0.21495623886585236
4346562560.0,-0.20812244713306427
4347500032.0,-0.20141127705574036
4348437504.0,-0.19404911994934082
4349374976.0,-0.18532942235469818
4350312448.0,-0.17602086067199707
4351249920.0,-0.16388632357120514
4352187392.0,-0.15076389908790588
4353124864.0,-0.13677893579006195
4354062336.0,-0.12084474414587021
4354999808.0,-0.10427133738994598
4355937280.0,-0.08756443858146667
4356874752.0,-0.07051738351583481
4357812736.0,-0.053366053849458694
4358750208.0,-0.039063625037670135
4359687680.0,-0.027681604027748108
4360625152.0,-0.01940866746008396
4361562624.0,-0.014035123400390148
4362500096.0,-0.011264261789619923
4363437568.0,-0.009006787091493607
4364375040.0,-0.007747733034193516
4365312512.0,-0.007151083089411259
4366249984.0,-0.007392201106995344
4367187456.0,-0.0069272201508283615
4368124928.0,-0.007909050211310387
4369062400.0,-0.009026550687849522
4369999872.0,-0.010146557353436947
4370937344.0,-0.012537460774183273
4371874816.0,-0.015040203928947449
4372812288.0,-0.018546899780631065
4373749760.0,-0.02461535856127739
4374687744.0,-0.030931148678064346
4375625216.0,-0.03965366259217262
4376562688.0,-0.04980817437171936
4377500160.0,-0.06070679798722267
4378437632.0,-0.07430395483970642
4379375104.0,-0.0901380181312561
4380312576.0,-0.10774930566549301
4381250048.0,-0.12674862146377563
4382187520.0,-0.1469757854938507
4383124992.0,-0.16986028850078583
4384062464.0,-0.19343264400959015
4384999936.0,-0.2172369360923767
4385937408.0,-0.24217286705970764
4386874880.0,-0.3350142538547516
4387812352.0,-0.3512343466281891
4388749824.0,-0.364706426858902
4389687296.0,-0.37536367774009705
4390624768.0,-0.3838217258453369
4391562752.0,-0.3901446461677551
4392500224.0,-0.3923696279525757
4393437696.0,-0.3921692967414856
4394375168.0,-0.38865676522254944
4395312640.0,-0.3813319206237793
4396250112.0,-0.37077027559280396
4397187584.0,-0.35725098848342896
4398125056.0,-0.33904144167900085
4399062528.0,-0.31987443566322327
4400000000.0,-0.2969246804714203
4400937472.0,-0.27134042978286743
4401874944.0,-0.24433664977550507
4402812416.0,-0.2153516709804535
4403749888.0,-0.1855594366788864
4404687360.0,-0.15335167944431305
4405624832.0,-0.12146198749542236
4406562304.0,-0.08824237436056137
4407499776.0,-0.05570930242538452
4408437248.0,-0.02466605044901371
4409375232.0,0.005267946980893612
4410312704.0,0.034602947533130646
4411250176.0,0.060801658779382706
4412187648.0,0.0862235352396965
4413125120.0,0.10801788419485092
4414062592.0,0.12803246080875397
4415000064.0,0.14415918290615082
4415937536.0,0.1576382964849472
4416875008.0,0.16868790984153748
4417812480.0,0.17573678493499756
4418749952.0,0.17932313680648804
4419687424.0,0.17979209125041962
4420624896.0,0.17649675905704498
4421562368.0,0.17056286334991455
4422499840.0,0.1613173931837082
4423437312.0,0.14734677970409393
4424374784.0,0.13182201981544495
4425312256.0,0.11357662081718445
4426250240.0,0.09341322630643845
4427187712.0,0.07093539088964462
4428125184.0,0.047311101108789444
4429062656.0,0.020526964217424393
4430000128.0,-0.005441869143396616
4430937600.0,-0.032375652343034744
4431875072.0,-0.06002294272184372
4432812544.0,-0.08657766133546829
4433750016.0,-0.11293501406908035
4434687488.0,-0.1393907517194748
4435624960.0,-0.16308295726776123
4436562432.0,-0.1840459108352661
4437499904.0,-0.20412753522396088
4438437376.0,-0.22241701185703278
4439374848.0,-0.23878847062587738
4440312320.0,-0.2515816390514374
4441249792.0,-0.26370561122894287
4442187264.0,-0.2715439796447754
4443125248.0,-0.2766958475112915
4444062720.0,-0.2805355191230774
4445000192.0,-0.28254321217536926
4445937664.0,-0.2827254831790924
4446875136.0,-0.22519735991954803
4447812608.0,-0.23059847950935364
4448750080.0,-0.23314528167247772
4449687552.0,-0.233085036277771
4450625024.0,-0.22997288405895233
4451562496.0,-0.22396153211593628
4452499968.0,-0.21529139578342438
4453437440.0,-0.20407214760780334
4454374912.0,-0.19002676010131836
4455312384.0,-0.17354470491409302
4456249856.0,-0.15606462955474854
4457187328.0,-0.13644595444202423
4458124800.0,-0.11546493321657181
4459062272.0,-0.09315545111894608
4460000256.0,-0.071098692715168
4460937728.0,-0.04880440607666969
4461875200.0,-0.026346230879426003
4462812672.0,-0.003964513074606657
4463750144.0,0.015446375124156475
4464687616.0,0.03535160794854164
4465625088.0,0.052100103348493576
4466562560.0,0.06835541874170303
4467500032.0,0.08134666085243225
4468437504.0,0.09205584228038788
4469374976.0,0.10001711547374725
4470312448.0,0.10549813508987427
4471249920.0,0.10873451828956604
4472187392.0,0.10774435102939606
4473124864.0,0.105324387550354
4474062336.0,0.09881915152072906
4474999808.0,0.08942947536706924
4475937280.0,0.07775226980447769
4476874752.0,0.06261297315359116
4477812736.0,0.044776663184165955
4478750208.0,0.025740431621670723
4479687680.0,0.0037320158444344997
4480625152.0,-0.020079011097550392
4481562624.0,-0.04512137174606323
4482500096.0,-0.07112768292427063
4483437568.0,-0.09702279418706894
4484375040.0,-0.12522822618484497
4485312512.0,-0.1534438282251358
4486249984.0,-0.18248765170574188
4487187456.0,-0.21050018072128296
4488124928.0,-0.23716537654399872
4489062400.0,-0.26262515783309937
4489999872.0,-0.287361741065979
4490937344.0,-0.3111836016178131
4491874816.0,-0.3324379324913025
4492812288.0,-0.35127684473991394
4493749760.0,-0.3677158057689667
4494687744.0,-0.3818763494491577
4495625216.0,-0.39437299966812134
4496562688.0,-0.4047311842441559
4497500160.0,-0.41247275471687317
4498437632.0,-0.4171396493911743
4499375104.0,-0.42087119817733765
4500312576.0,-0.4220554828643799
4501250048.0,-0.42383942008018494
4502187520.0,-0.42155173420906067
4503124992.0,-0.42004525661468506
4504062464.0,-0.4173654317855835
4504999936.0,-0.4151270091533661
4505937408.0,-0.4107145369052887
4506874880.0,-0.2915847897529602
4507812352.0,-0.28978729248046875
4508749824.0,-0.2872898578643799
4509687296.0,-0.286180317401886
4510624768.0,-0.2849414050579071
4511562752.0,-0.28529131412506104
4512500224.0,-0.28693655133247375
4513437696.0,-0.2879508137702942
4514375168.0,-0.2907973825931549
4515312640.0,-0.29484856128692627
4516250112.0,-0.2993268668651581
4517187584.0,-0.30447712540626526
4518125056.0,-0.3110705614089966
4519062528.0,-0.3179432153701782
4520000000.0,-0.3257523477077484
4520937472.0,-0.334519624710083
4521874944.0,-0.34346845746040344
4522812416.0,-0.35235530138015747
4523749888.0,-0.3623538315296173
4524687360.0,-0.37056440114974976
4525624832.0,-0.38011428713798523
4526562304.0,-0.3891959488391876
4527499776.0,-0.39728236198425293
4528437248.0,-0.40563079714775085
4529375232.0,-0.41315239667892456
4530312704.0,-0.4212486147880554
4531250176.0,-0.4284454584121704
4532187648.0,-0.4352327883243561
4533125120.0,-0.4424092471599579
4534062592.0,-0.44867169857025146
4535000064.0,-0.45318493247032166
4535937536.0,-0.458256334066391
4536875008.0,-0.4604940116405487
4537812480.0,-0.46390223503112793
4538749952.0,-0.46698278188705444
4539687424.0,-0.4685688316822052
4540624896.0,-0.47008129954338074
4541562368.0,-0.46991515159606934
4542499840.0,-0.47043317556381226
4543437312.0,-0.4701777696609497
4544374784.0,-0.4693463444709778
4545312256.0,-0.46681922674179077
4546250240.0,-0.46421682834625244
4547187712.0,-0.4614729583263397
4548125184.0,-0.45837050676345825
4549062656.0,-0.4552541971206665
4550000128.0,-0.4520638585090637
4550937600.0,-0.44925549626350403
4551875072.0,-0.4461347162723541
4552812544.0,-0.44386813044548035
4553750016.0,-0.4427121579647064
4554687488.0,-0.44015324115753174
4555624960.0,-0.4379208981990814
4556562432.0,-0.4357853829860687
4557499904.0,-0.43515121936798096
4558437376.0,-0.4336346983909607
4559374848.0,-0.43265020847320557
4560312320.0,-0.43098676204681396
4561249792.0,-0.4298919439315796
4562187264.0,-0.4294146001338959
4563125248.0,-0.428618848323822
4564062720.0,-0.42629462480545044
4565000192.0,-0.42458364367485046
4565937664.0,-0.42350465059280396
4566875136.0,-0.3750227093696594
4567812608.0,-0.38159632682800293
4568750080.0,-0.3882220983505249
4569687552.0,-0.39108049869537354
4570625024.0,-0.3925556540489197
4571562496.0,-0.39314326643943787
4572499968.0,-0.38940170407295227
4573437440.0,-0.38618388772010803
4574374912.0,-0.379555881023407
4575312384.0,-0.37036481499671936
4576249856.0,-0.35837963223457336
4577187328.0,-0.3450864851474762
4578124800.0,-0.33015722036361694
4579062272.0,-0.31201454997062683
4579999744.0,-0.2937299609184265
4580937728.0,-0.27300676703453064
4581875200.0,-0.2522147595882416
4582812672.0,-0.23023393750190735
4583750144.0,-0.2069339156150818
4584687616.0,-0.185601145029068
4585625088.0,-0.16170379519462585
4586562560.0,-0.13964980840682983
4587500032.0,-0.11809104681015015
4588437504.0,-0.09718052297830582
4589374976.0,-0.07829254865646362
4590312448.0,-0.059829745441675186
4591249920.0,-0.04247571527957916
4592187392.0,-0.027396904304623604
4593124864.0,-0.014508838765323162
4594062336.0,-0.0036972651723772287
4594999808.0,0.0055086202919483185
4595937280.0,0.010953581891953945
4596874752.0,0.014011817052960396
4597812736.0,0.0143804382532835
4598750208.0,0.012990889139473438
4599687680.0,0.007888726890087128
4600625152.0,0.0010655444348230958
4601562624.0,-0.00822531059384346
4602500096.0,-0.020382655784487724
4603437568.0,-0.03585204854607582
4604375040.0,-0.05202324315905571
4605312512.0,-0.06956810504198074
4606249984.0,-0.0903894379734993
4607187456.0,-0.11139579117298126
4608124928.0,-0.13444358110427856
4609062400.0,-0.15709660947322845
4609999872.0,-0.17853932082653046
4610937344.0,-0.20149697363376617
4611874816.0,-0.22462569177150726
4612812288.0,-0.24617481231689453
4613749760.0,-0.2684621810913086
4614687744.0,-0.28825244307518005
4615625216.0,-0.3083055913448334
4616562688.0,-0.3259694576263428
4617500160.0,-0.3432004451751709
4618437632.0,-0.35798630118370056
4619375104.0,-0.37315717339515686
4620312576.0,-0.38605353236198425
4621250048.0,-0.3976055681705475
4622187520.0,-0.4095616936683655
4623124992.0,-0.41933679580688477
4624062464.0,-0.4291219413280487
4624999936.0,-0.43926993012428284
4625937408.0,-0.44749900698661804
4626874880.0,-0.46193814277648926
4627812352.0,-0.4565630257129669
4628749824.0,-0.4501715302467346
4629687296.0,-0.44303229451179504
4630624768.0,-0.4342833459377289
4631562752.0,-0.42490214109420776
4632500224.0,-0.41611605882644653
4633437696.0,-0.405809611082077
4634375168.0,-0.3955504894256592
4635312640.0,-0.38523900508880615
4636250112.0,-0.3752106726169586
4637187584.0,-0.3656925857067108
4638125056.0,-0.3569446802139282
4639062528.0,-0.3480081558227539
4640000000.0,-0.3405246436595917
4640937472.0,-0.33263832330703735
4641874944.0,-0.32631999254226685
4642812416.0,-0.3200851380825043
4643749888.0,-0.31557774543762207
4644687360.0,-0.3121458888053894
4645624832.0,-0.31022554636001587
4646562304.0,-0.3093668222427368
4647499776.0,-0.311022013425827
4648437248.0,-0.3124938905239105
4649375232.0,-0.31598925590515137
4650312704.0,-0.3198716342449188
4651250176.0,-0.3246459364891052
4652187648.0,-0.3311243951320648
4653125120.0,-0.3372942805290222
4654062592.0,-0.34497442841529846
4655000064.0,-0.35394924879074097
4655937536.0,-0.36281129717826843
4656875008.0,-0.372454434633255
4657812480.0,-0.38336387276649475
4658749952.0,-0.3943958282470703
4659687424.0,-0.406095415353775
4660624896.0,-0.4180627763271332
4661562368.0,-0.4303266108036041
4662499840.0,-0.44433194398880005
4663437312.0,-0.4582115709781647
4664374784.0,-0.472281813621521
4665312256.0,-0.4872465431690216
4666250240.0,-0.502052903175354
4667187712.0,-0.5168492794036865
4668125184.0,-0.5332239866256714
4669062656.0,-0.5469189882278442
4670000128.0,-0.5618299245834351
4670937600.0,-0.5776147246360779
4671875072.0,-0.5925132632255554
4672812544.0,-0.6050128936767578
4673750016.0,-0.6183300614356995
4674687488.0,-0.6324421167373657
4675624960.0,-0.643777072429657
4676562432.0,-0.6550187468528748
4677499904.0,-0.665378212928772
4678437376.0,-0.6743516325950623
4679374848.0,-0.6832390427589417
4680312320.0,-0.6914687156677246
4681249792.0,-0.6980083584785461
4682187264.0,-0.7038092613220215
4683125248.0,-0.707317590713501
4684062720.0,-0.7095391154289246
4685000192.0,-0.7114770412445068
4685937664.0,-0.710372805595398
4686875136.0,-0.6868107318878174
4687812608.0,-0.6861439347267151
4688750080.0,-0.6821452379226685
4689687552.0,-0.6754599213600159
4690625024.0,-0.6678950786590576
4691562496.0,-0.656615674495697
4692499968.0,-0.6434834599494934
4693437440.0,-0.6281968355178833
4694374912.0,-0.6114497780799866
4695312384.0,-0.5923131108283997
4696249856.0,-0.5717067122459412
4697187328.0,-0.5506029725074768
4698124800.0,-0.5267719030380249
4699062272.0,-0.5033811926841736
4700000256.0,-0.4792059361934662
4700937728.0,-0.4558763802051544
4701875200.0,-0.4333858788013458
4702812672.0,-0.4129713475704193
4703750144.0,-0.39459705352783203
4704687616.0,-0.37864622473716736
4705625088.0,-0.3668176829814911
4706562560.0,-0.3572353720664978
4707500032.0,-0.35206013917922974
4708437504.0,-0.35116463899612427
4709374976.0,-0.35360750555992126
4710312448.0,-0.3615896701812744
4711249920.0,-0.37427571415901184
4712187392.0,-0.39027899503707886
4713124864.0,-0.4127890467643738
4714062336.0,-0.4397147297859192
4714999808.0,-0.47171130776405334
4715937280.0,-0.5078063607215881
4716874752.0,-0.5476809740066528
4717812736.0,-0.5921250581741333
4718750208.0,-0.6373305916786194
4719687680.0,-0.6852684020996094
4720625152.0,-0.7339510917663574
4721562624.0,-0.7833576798439026
4722500096.0,-0.8320661783218384
4723437568.0,-0.8802571296691895
4724375040.0,-0.9271264672279358
4725312512.0,-0.9711443781852722
4726249984.0,-1.0117985010147095
4727187456.0,-1.0492035150527954
4728124928.0,-1.0816915035247803
4729062400.0,-1.1096105575561523
4729999872.0,-1.1335947513580322
4730937344.0,-1.153954267501831
4731874816.0,-1.1685773134231567
4732812288.0,-1.1793073415756226
4733749760.0,-1.1864222288131714
4734687744.0,-1.1900882720947266
4735625216.0,-1.1894196271896362
4736562688.0,-1.1873434782028198
4737500160.0,-1.181126356124878
4738437632.0,-1.1742626428604126
4739375104.0,-1.1649659872055054
4740312576.0,-1.1532095670700073
4741250048.0,-1.141523838043213
4742187520.0,-1.1292020082473755
4743124992.0,-1.1152018308639526
4744062464.0,-1.100710391998291
4744999936.0,-1.0867527723312378
4745937408.0,-1.0724328756332397
4746874880.0,-0.8219427466392517
4747812352.0,-0.8284600377082825
4748749824.0,-0.834997296333313
4749687296.0,-0.8403147459030151
4750624768.0,-0.8474929332733154
4751562752.0,-0.853394627571106
4752500224.0,-0.8588311076164246
4753437696.0,-0.8649211525917053
4754375168.0,-0.8698278665542603
4755312640.0,-0.8740710020065308
4756250112.0,-0.8775599002838135
4757187584.0,-0.8801683783531189
4758125056.0,-0.881851851940155
4759062528.0,-0.8816323280334473
4760000000.0,-0.8813784122467041
4760937472.0,-0.8803502917289734
4761874944.0,-0.8780947923660278
4762812416.0,-0.8750563859939575
4763749888.0,-0.8719522356987
4764687360.0,-0.8677502870559692
4765624832.0,-0.8635913729667664
4766562304.0,-0.8580355048179626
4767499776.0,-0.8533785939216614
4768437248.0,-0.8466662168502808
4769375232.0,-0.840262234210968
4770312704.0,-0.8335742354393005
4771250176.0,-0.8272884488105774
4772187648.0,-0.8215261101722717
4773125120.0,-0.8163155317306519
4774062592.0,-0.8125726580619812
4775000064.0,-0.8098722696304321
4775937536.0,-0.8086721301078796
4776875008.0,-0.8082337975502014
4777812480.0,-0.8091768026351929
4778749952.0,-0.8114500641822815
4779687424.0,-0.8170340061187744
4780624896.0,-0.823034405708313
4781562368.0,-0.8308939337730408
4782499840.0,-0.841016411781311
4783437312.0,-0.8540965914726257
4784374784.0,-0.8685957789421082
4785312256.0,-0.8855494856834412
4786250240.0,-0.9039285182952881
4787187712.0,-0.9241148233413696
4788125184.0,-0.9468581080436707
4789062656.0,-0.9711323380470276
4790000128.0,-0.9958536624908447
4790937600.0,-1.0229008197784424
4791875072.0,-1.049545168876648
4792812544.0,-1.0772795677185059
4793750016.0,-1.106479525566101
4794687488.0,-1.1342886686325073
4795624960.0,-1.1626653671264648
4796562432.0,-1.1904237270355225
4797499904.0,-1.2191200256347656
4798437376.0,-1.2442147731781006
4799374848.0,-1.2699388265609741
4800312320.0,-1.2926628589630127
4801249792.0,-1.3132596015930176
4802187264.0,-1.3314499855041504
4803125248.0,-1.347697377204895
4804062720.0,-1.3620284795761108
4805000192.0,-1.3741214275360107
4805937664.0,-1.3841135501861572
4806875136.0,-1.2409058809280396
4807812608.0,-1.2453103065490723
4808750080.0,-1.2477327585220337
4809687552.0,-1.2506434917449951
4810625024.0,-1.2501848936080933
4811562496.0,-1.2487297058105469
4812499968.0,-1.2460469007492065
4813437440.0,-1.2414737939834595
4814374912.0,-1.2378785610198975
4815312384.0,-1.2319482564926147
4816249856.0,-1.22654390335083
4817187328.0,-1.2211871147155762
4818124800.0,-1.2139849662780762
4819062272.0,-1.2069240808486938
4819999744.0,-1.2014425992965698
4820937728.0,-1.1956876516342163
4821875200.0,-1.1892907619476318
4822812672.0,-1.1851664781570435
4823750144.0,-1.1819006204605103
4824687616.0,-1.1805678606033325
4825625088.0,-1.1801806688308716
4826562560.0,-1.181538701057434
4827500032.0,-1.184993028640747
4828437504.0,-1.1900064945220947
4829374976.0,-1.1982905864715576
4830312448.0,-1.2076743841171265
4831249920.0,-1.2181421518325806
4832187392.0,-1.2308093309402466
4833124864.0,-1.245444893836975
4834062336.0,-1.2608057260513306
4834999808.0,-1.2772008180618286
4835937280.0,-1.2950326204299927
4836874752.0,-1.3135278224945068
4837812736.0,-1.3331162929534912
4838750208.0,-1.3524168729782104
4839687680.0,-1.3726482391357422
4840625152.0,-1.3927770853042603
4841562624.0,-1.4133087396621704
4842500096.0,-1.4345413446426392
4843437568.0,-1.4536505937576294
4844375040.0,-1.473854899406433
4845312512.0,-1.4915260076522827
4846249984.0,-1.5090222358703613
4847187456.0,-1.5264654159545898
4848124928.0,-1.542160987854004
4849062400.0,-1.5573488473892212
4849999872.0,-1.5711257457733154
4850937344.0,-1.582923412322998
4851874816.0,-1.5931451320648193
4852812288.0,-1.6024291515350342
4853749760.0,-1.6103832721710205
4854687744.0,-1.6172856092453003
4855625216.0,-1.6235061883926392
4856562688.0,-1.6285005807876587
4857500160.0,-1.6329714059829712
4858437632.0,-1.6373389959335327
4859375104.0,-1.6406060457229614
4860312576.0,-1.6462956666946411
4861250048.0,-1.6502972841262817
4862187520.0,-1.6541719436645508
4863124992.0,-1.6576669216156006
4864062464.0,-1.6612178087234497
4864999936.0,-1.6639621257781982
4865937408.0,-1.666182041168213
4866874880.0,-1.648653507232666
4867812352.0,-1.6515637636184692
4868749824.0,-1.6551988124847412
4869687296.0,-1.6587135791778564
4870624768.0,-1.663232684135437
4871562752.0,-1.6661335229873657
4872500224.0,-1.6705378293991089
4873437696.0,-1.6752203702926636
4874375168.0,-1.6815499067306519
4875312640.0,-1.6883755922317505
4876250112.0,-1.6969467401504517
4877187584.0,-1.7066075801849365
4878125056.0,-1.7166184186935425
4879062528.0,-1.7270060777664185
4880000000.0,-1.7384209632873535
4880937472.0,-1.7499632835388184
4881874944.0,-1.7628066539764404
4882812416.0,-1.7741589546203613
4883749888.0,-1.7873430252075195
4884687360.0,-1.800106167793274
4885624832.0,-1.8130772113800049
4886562304.0,-1.8247005939483643
4887499776.0,-1.836134672164917
4888437248.0,-1.8455549478530884
4889375232.0,-1.8539010286331177
4890312704.0,-1.859752893447876
4891250176.0,-1.8634588718414307
4892187648.0,-1.863099455833435
4893125120.0,-1.8620067834854126
4894062592.0,-1.8574202060699463
4895000064.0,-1.8504904508590698
4895937536.0,-1.840091347694397
4896875008.0,-1.826849341392517
4897812480.0,-1.8117938041687012
4898749952.0,-1.7931740283966064
4899687424.0,-1.7739918231964111
4900624896.0,-1.752401351928711
4901562368.0,-1.7297065258026123
4902499840.0,-1.707439661026001
4903437312.0,-1.6824407577514648
4904374784.0,-1.6552462577819824
4905312256.0,-1.6284236907958984
4906250240.0,-1.6012059450149536
4907187712.0,-1.5757989883422852
4908125184.0,-1.5493078231811523
4909062656.0,-1.524301290512085
4910000128.0,-1.5002859830856323
4910937600.0,-1.47793447971344
4911875072.0,-1.456721544265747
4912812544.0,-1.4382716417312622
4913750016.0,-1.4198534488677979
4914687488.0,-1.4043265581130981
4915624960.0,-1.3917853832244873
4916562432.0,-1.3810789585113525
4917499904.0,-1.3718793392181396
4918437376.0,-1.3667685985565186
4919374848.0,-1.3631551265716553
4920312320.0,-1.362151026725769
4921249792.0,-1.3625990152359009
4922187264.0,-1.3160598278045654
4923125248.0,-1.304896354675293
4924062720.0,-1.2953910827636719
4925000192.0,-1.2858628034591675
4925937664.0,-1.3869993686676025
4926875136.0,-1.392884373664856
4927812608.0,-1.3991985321044922
4928750080.0,-1.4039523601531982
4929687552.0,-1.4080346822738647
4930625024.0,-1.4102001190185547
4931562496.0,-1.4110703468322754
4932499968.0,-1.409769892692566
4933437440.0,-1.4058997631072998
4934374912.0,-1.4005622863769531
4935312384.0,-1.3915684223175049
4936249856.0,-1.3801066875457764
4937187328.0,-1.3679770231246948
4938124800.0,-1.3526142835617065
4939062272.0,-1.334479808807373
4940000256.0,-1.314927577972412
4940937728.0,-1.2933350801467896
4941875200.0,-1.2718992233276367
4942812672.0,-1.2477364540100098
4943750144.0,-1.2242536544799805
4944687616.0,-1.1994495391845703
4945625088.0,-1.1762301921844482
4946562560.0,-1.1517544984817505
4947500032.0,-1.1295123100280762
4948437504.0,-1.108566403388977
4949374976.0,-1.0900261402130127
4950312448.0,-1.0737030506134033
4951249920.0,-1.0602617263793945
4952187392.0,-1.0475337505340576
4953124864.0,-1.0383236408233643
4954062336.0,-1.0309500694274902
4954999808.0,-1.0258102416992188
4955937280.0,-1.0225162506103516
4956874752.0,-1.0202808380126953
4957812736.0,-1.018937349319458
4958750208.0,-1.0175321102142334
4959687680.0,-1.0180939435958862
4960625152.0,-1.0170836448669434
4961562624.0,-1.0147502422332764
4962500096.0,-1.0117405652999878
4963437568.0,-1.0086220502853394
4964375040.0,-1.0053755044937134
4965312512.0,-0.9993208050727844
4966249984.0,-0.9928265810012817
4967187456.0,-0.985663652420044
4968124928.0,-0.9771703481674194
4969062400.0,-0.9694097638130188
4969999872.0,-0.961114764213562
4970937344.0,-0.9526497721672058
4971874816.0,-0.9438877105712891
4972812288.0,-0.9338385462760925
4973749760.0,-0.9245122075080872
4974687744.0,-0.9161762595176697
4975625216.0,-0.9073408842086792
4976562688.0,-0.899932861328125
4977500160.0,-0.8920667767524719
4978437632.0,-0.8848674893379211
4979375104.0,-0.8773971796035767
4980312576.0,-0.8688738346099854
4981250048.0,-0.8612232804298401
4982187520.0,-0.8529727458953857
4983124992.0,-0.8457595705986023
4984062464.0,-0.837151050567627
4984999936.0,-0.8270994424819946
4985937408.0,-0.8039527535438538
4986874880.0,-0.7947747111320496
4987812352.0,-0.786125898361206
4988749824.0,-0.7792667746543884
4989687296.0,-0.7725199460983276
4990624768.0,-0.7683430910110474
4991562752.0,-0.7659010291099548
4992500224.0,-0.7636908888816833
4993437696.0,-0.7625877857208252
4994375168.0,-0.7635233402252197
4995312640.0,-0.7648780345916748
4996250112.0,-0.7692118883132935
4997187584.0,-0.7733968496322632
4998125056.0,-0.7789604663848877
4999062528.0,-0.7845693826675415
5000000000.0,-0.790501594543457
5000937472.0,-0.7984835505485535
5001874944.0,-0.8067794442176819
5002812416.0,-0.8157269358634949
5003749888.0,-0.8234080076217651
5004687360.0,-0.8303330540657043
5005624832.0,-0.836567759513855
5006562304.0,-0.8422478437423706
5007499776.0,-0.846457302570343
5008437248.0,-0.8494877219200134
5009375232.0,-0.8505311012268066
5010312704.0,-0.8491257429122925
5011250176.0,-0.8451308608055115
5012187648.0,-0.8386434316635132
5013125120.0,-0.8303045034408569
5014062592.0,-0.8179861903190613
5015000064.0,-0.8046036958694458
5015937536.0,-0.7883943319320679
5016875008.0,-0.7686014771461487
5017812480.0,-0.7480363845825195
5018749952.0,-0.7240121960639954
5019687424.0,-0.6989738941192627
5020624896.0,-0.6704164743423462
5021562368.0,-0.6417914032936096
5022499840.0,-0.6111984252929688
5023437312.0,-0.5802968144416809
5024374784.0,-0.5503032803535461
5025312256.0,-0.5188459157943726
5026250240.0,-0.4879480302333832
5027187712.0,-0.4585643708705902
5028125184.0,-0.4284648001194
5029062656.0,-0.3998015522956848
5030000128.0,-0.3754296600818634
5030937600.0,-0.35024189949035645
5031875072.0,-0.3277265429496765
5032812544.0,-0.30713409185409546
5033750016.0,-0.2892427146434784
5034687488.0,-0.2743961215019226
5035624960.0,-0.2629269063472748
5036562432.0,-0.2540520131587982
5037499904.0,-0.24880652129650116
5038437376.0,-0.2463633120059967
5039374848.0,-0.24643029272556305
5040312320.0,-0.25086358189582825
5041249792.0,-0.2586791515350342
5042187264.0,-0.2685796618461609
5043125248.0,-0.28193923830986023
5044062720.0,-0.2966596782207489
5045000192.0,-0.3150443732738495
5045937664.0,-0.5841705799102783
5046875136.0,-0.5943560600280762
5047812608.0,-0.6046932935714722
5048750080.0,-0.6149066090583801
5049687552.0,-0.623589277267456
5050625024.0,-0.6329259276390076
5051562496.0,-0.6429271697998047
5052499968.0,-0.6516100764274597
5053437440.0,-0.6612793803215027
5054374912.0,-0.6690779328346252
5055312384.0,-0.6779965162277222
5056249856.0,-0.6852816343307495
5057187328.0,-0.6911612749099731
5058124800.0,-0.6980860233306885
5059062272.0,-0.7018002867698669
5059999744.0,-0.7056987285614014
5060937728.0,-0.7081711888313293
5061875200.0,-0.709701418876648
5062812672.0,-0.7086171507835388
5063750144.0,-0.7060307860374451
5064687616.0,-0.7017242908477783
5065625088.0,-0.694715142250061
5066562560.0,-0.6863564252853394
5067500032.0,-0.6772596836090088
5068437504.0,-0.6640618443489075
5069374976.0,-0.6495293974876404
5070312448.0,-0.6338802576065063
5071249920.0,-0.6160838007926941
5072187392.0,-0.5971532464027405
5073124864.0,-0.5759735703468323
5074062336.0,-0.5536059737205505
5074999808.0,-0.5307290554046631
5075937280.0,-0.5061673521995544
5076874752.0,-0.48071447014808655
5077812736.0,-0.45603856444358826
5078750208.0,-0.4313429296016693
5079687680.0,-0.40494489669799805
5080625152.0,-0.37961289286613464
5081562624.0,-0.3553203046321869
5082500096.0,-0.33180761337280273
5083437568.0,-0.3100750744342804
5084375040.0,-0.28829583525657654
5085312512.0,-0.2686423063278198
5086249984.0,-0.2510603368282318
5087187456.0,-0.23570559918880463
5088124928.0,-0.22275765240192413
5089062400.0,-0.21206125617027283
5089999872.0,-0.20434610545635223
5090937344.0,-0.19791969656944275
5091874816.0,-0.19515524804592133
5092812288.0,-0.19409041106700897
5093749760.0,-0.1968390941619873
5094687744.0,-0.20148678123950958
5095625216.0,-0.20877060294151306
5096562688.0,-0.2191198170185089
5097500160.0,-0.23103734850883484
5098437632.0,-0.2458372861146927
5099375104.0,-0.26305779814720154
5100312576.0,-0.28190451860427856
5101250048.0,-0.30220329761505127
5102187520.0,-0.32619890570640564
5103124992.0,-0.35021501779556274
5104062464.0,-0.37542834877967834
5104999936.0,-0.40078625082969666
5105937408.0,-0.49806147813796997
5106874880.0,-0.5168757438659668
5107812352.0,-0.5333647131919861
5108749824.0,-0.5500279664993286
5109687296.0,-0.5629056692123413
5110624768.0,-0.5743589401245117
5111562752.0,-0.5847033858299255
5112500224.0,-0.5922363996505737
5113437696.0,-0.5976849794387817
5114375168.0,-0.6013432741165161
5115312640.0,-0.6023359298706055
5116250112.0,-0.6037582159042358
5117187584.0,-0.601582407951355
5118125056.0,-0.5990967154502869
5119062528.0,-0.5951092839241028
5120000000.0,-0.5901017785072327
5120937472.0,-0.5850622653961182
5121874944.0,-0.5787197351455688
5122812416.0,-0.571548342704773
5123749888.0,-0.5648576617240906
5124687360.0,-0.5573017001152039
5125624832.0,-0.5502792000770569
5126562304.0,-0.5431748032569885
5127499776.0,-0.5356067419052124
5128437248.0,-0.5270799398422241
5129375232.0,-0.5188658833503723
5130312704.0,-0.5086053609848022
5131250176.0,-0.4965614676475525
5132187648.0,-0.484612375497818
5133125120.0,-0.47149738669395447
5134062592.0,-0.4574733078479767
5135000064.0,-0.44126981496810913
5135937536.0,-0.4248456060886383
5136875008.0,-0.407412052154541
5137812480.0,-0.3882821798324585
5138749952.0,-0.36914727091789246
5139687424.0,-0.3493274748325348
5140624896.0,-0.3306114077568054
5141562368.0,-0.3137071132659912
5142499840.0,-0.2984088957309723
5143437312.0,-0.28562092781066895
5144374784.0,-0.27724018692970276
5145312256.0,-0.2750761806964874
5146250240.0,-0.2795427739620209
5147187712.0,-0.28942546248435974
5148125184.0,-0.30344465374946594
5149062656.0,-0.3200145661830902
5150000128.0,-0.33843305706977844
5150937600.0,-0.3582579493522644
5151875072.0,-0.38033559918403625
5152812544.0,-0.39895546436309814
5153750016.0,-0.4178202748298645
5154687488.0,-0.43678393959999084
5155624960.0,-0.4532356858253479
5156562432.0,-0.46875032782554626
5157499904.0,-0.48314404487609863
5158437376.0,-0.49614614248275757
5159374848.0,-0.5082345604896545
5160312320.0,-0.5189285278320312
5161249792.0,-0.5295431017875671
5162187264.0,-0.5377833247184753
5163125248.0,-0.5463385581970215
5164062720.0,-0.5543058514595032
5165000192.0,-0.5613672137260437
5165937664.0,-0.5672428607940674
5166875136.0,-0.5811076760292053
5167812608.0,-0.5967293977737427
5168750080.0,-0.6117116212844849
5169687552.0,-0.6281576752662659
5170625024.0,-0.6435528993606567
5171562496.0,-0.6607995629310608
5172499968.0,-0.6781224012374878
5173437440.0,-0.6946576237678528
5174374912.0,-0.7097617983818054
5175312384.0,-0.7241171002388
5176249856.0,-0.7367632985115051
5177187328.0,-0.7483764290809631
5178124800.0,-0.7577736973762512
5179062272.0,-0.7651395201683044
5180000256.0,-0.7702305316925049
5180937728.0,-0.7719349265098572
5181875200.0,-0.7708723545074463
5182812672.0,-0.7668734788894653
5183750144.0,-0.7611822485923767
5184687616.0,-0.7520729303359985
5185625088.0,-0.7389982342720032
5186562560.0,-0.7235491871833801
5187500032.0,-0.7057040333747864
5188437504.0,-0.6867358684539795
5189374976.0,-0.6649455428123474
5190312448.0,-0.6434550881385803
5191249920.0,-0.6201946139335632
5192187392.0,-0.5953706502914429
5193124864.0,-0.5711671113967896
5194062336.0,-0.5465672612190247
5194999808.0,-0.5236311554908752
5195937280.0,-0.5012534856796265
5196874752.0,-0.47803086042404175
5197812736.0,-0.4570010304450989
5198750208.0,-0.4389386475086212
5199687680.0,-0.42115315794944763
5200625152.0,-0.4057543873786926
5201562624.0,-0.39268097281455994
5202500096.0,-0.3805495798587799
5203437568.0,-0.37197721004486084
5204375040.0,-0.365874707698822
5205312512.0,-0.3640604317188263
5206249984.0,-0.3642159700393677
5207187456.0,-0.3670697808265686
5208124928.0,-0.3734101951122284
5209062400.0,-0.3821674883365631
5209999872.0,-0.3943774700164795
5210937344.0,-0.40887442231178284
5211874816.0,-0.4258996248245239
5212812288.0,-0.444528192281723
5213749760.0,-0.4660978317260742
5214687744.0,-0.4890711009502411
5215625216.0,-0.5137040615081787
5216562688.0,-0.5399531126022339
5217500160.0,-0.5679725408554077
5218437632.0,-0.596412181854248
5219375104.0,-0.6253067851066589
5220312576.0,-0.6537288427352905
5221250048.0,-0.6826725006103516
5222187520.0,-0.7109454870223999
5223124992.0,-0.7396308779716492
5224062464.0,-0.7676274180412292
5224999936.0,-0.7926286458969116
5225937408.0,-0.8453395366668701
5226874880.0,-0.8708821535110474
5227812352.0,-0.8925273418426514
5228749824.0,-0.914142906665802
5229687296.0,-0.9336662888526917
5230624768.0,-0.9497666954994202
5231562752.0,-0.9641780257225037
5232500224.0,-0.9753751754760742
5233437696.0,-0.9839280247688293
5234375168.0,-0.9901912808418274
5235312640.0,-0.9928547143936157
5236250112.0,-0.9955275058746338
5237187584.0,-0.9949309825897217
5238125056.0,-0.9928779602050781
5239062528.0,-0.9862433671951294
5240000000.0,-0.978316605091095
5240937472.0,-0.9688956141471863
5241874944.0,-0.958544909954071
5242812416.0,-0.9452261924743652
5243749888.0,-0.9323078393936157
5244687360.0,-0.9166232943534851
5245624832.0,-0.9010251760482788
5246562304.0,-0.8828965425491333
5247499776.0,-0.8648819327354431
5248437248.0,-0.8490319848060608
5249375232.0,-0.8343772292137146
5250312704.0,-0.8180708885192871
5251250176.0,-0.8030978441238403
5252187648.0,-0.7878254055976868
5253125120.0,-0.7735316753387451
5254062592.0,-0.760708212852478
5255000064.0,-0.7484917640686035
5255937536.0,-0.7385351061820984
5256875008.0,-0.7299328446388245
5257812480.0,-0.7229174971580505
5258749952.0,-0.7179407477378845
5259687424.0,-0.71551114320755
5260624896.0,-0.7128701210021973
5261562368.0,-0.7146022319793701
5262499840.0,-0.7168172001838684
5263437312.0,-0.7201524972915649
5264374784.0,-0.725251317024231
5265312256.0,-0.7337480187416077
5266250240.0,-0.7440680861473083
5267187712.0,-0.7568562030792236
5268125184.0,-0.7718551158905029
5269062656.0,-0.7894231081008911
5270000128.0,-0.8086369633674622
5270937600.0,-0.8319588899612427
5271875072.0,-0.8579797148704529
5272812544.0,-0.8856900334358215
5273750016.0,-0.9147762060165405
5274687488.0,-0.9462236762046814
5275624960.0,-0.9797363877296448
5276562432.0,-1.0142277479171753
5277499904.0,-1.0509305000305176
5278437376.0,-1.0869864225387573
5279374848.0,-1.1248279809951782
5280312320.0,-1.1628682613372803
5281249792.0,-1.2021831274032593
5282187264.0,-1.2415046691894531
5283125248.0,-1.2827457189559937
5284062720.0,-1.3222028017044067
5285000192.0,-1.3622559309005737
5285937664.0,-1.3928850889205933
5286875136.0,-1.4267586469650269
5287812608.0,-1.4588650465011597
5288750080.0,-1.4876049757003784
5289687552.0,-1.5152400732040405
5290625024.0,-1.53938627243042
5291562496.0,-1.561449408531189
5292499968.0,-1.5819811820983887
5293437440.0,-1.5990378856658936
5294374912.0,-1.6128820180892944
5295312384.0,-1.6226743459701538
5296249856.0,-1.6280884742736816
5297187328.0,-1.6311677694320679
5298124800.0,-1.6321276426315308
5299062272.0,-1.630272388458252
5299999744.0,-1.6281214952468872
5300937728.0,-1.6220468282699585
5301875200.0,-1.6138681173324585
5302812672.0,-1.6044162511825562
5303750144.0,-1.5923988819122314
5304687616.0,-1.5798165798187256
5305625088.0,-1.564207911491394
5306562560.0,-1.5477482080459595
5307500032.0,-1.5314915180206299
5308437504.0,-1.5152336359024048
5309374976.0,-1.4971140623092651
5310312448.0,-1.4810532331466675
5311249920.0,-1.4659552574157715
5312187392.0,-1.4510291814804077
5313124864.0,-1.4375457763671875
5314062336.0,-1.4264804124832153
5314999808.0,-1.4158711433410645
5315937280.0,-1.4058398008346558
5316874752.0,-1.3973422050476074
5317812736.0,-1.3929487466812134
5318750208.0,-1.390809178352356
5319687680.0,-1.3910821676254272
5320625152.0,-1.394084095954895
5321562624.0,-1.400464415550232
5322500096.0,-1.408622145652771
5323437568.0,-1.4199919700622559
5324375040.0,-1.4338936805725098
5325312512.0,-1.450600504875183
5326249984.0,-1.4698922634124756
5327187456.0,-1.4922549724578857
5328124928.0,-1.5185357332229614
5329062400.0,-1.5483746528625488
5329999872.0,-1.5804533958435059
5330937344.0,-1.6163568496704102
5331874816.0,-1.6534472703933716
5332812288.0,-1.7219188213348389
5333749760.0,-1.7686293125152588
5334687744.0,-1.8175355195999146
5335625216.0,-1.8680499792099
5336562688.0,-1.921689510345459
5337500160.0,-1.9745346307754517
5338437632.0,-2.029247283935547
5339375104.0,-2.0864837169647217
5340312576.0,-2.142556667327881
5341250048.0,-2.1991748809814453
5342187520.0,-2.2563376426696777
5343124992.0,-2.310992956161499
5344062464.0,-2.3632800579071045
5344999936.0,-2.4146437644958496
5345937408.0,-2.359898567199707
5346874880.0,-2.389528751373291
5347812352.0,-2.4167680740356445
5348749824.0,-2.442808151245117
5349687296.0,-2.465204954147339
5350624768.0,-2.485029935836792
5351562752.0,-2.5020079612731934
5352500224.0,-2.5173404216766357
5353437696.0,-2.528347969055176
5354375168.0,-2.5363621711730957
5355312640.0,-2.5395097732543945
5356250112.0,-2.539541244506836
5357187584.0,-2.5357859134674072
5358125056.0,-2.5271260738372803
5359062528.0,-2.513939380645752
5360000000.0,-2.4992687702178955
5360937472.0,-2.4799129962921143
5361874944.0,-2.460176944732666
5362812416.0,-2.438615083694458
5363749888.0,-2.4155075550079346
5364687360.0,-2.3909480571746826
5365624832.0,-2.3663735389709473
5366562304.0,-2.3413848876953125
5367499776.0,-2.315366744995117
5368437248.0,-2.2902042865753174
5369375232.0,-2.2653303146362305
5370312704.0,-2.239445447921753
5371250176.0,-2.213460683822632
5372187648.0,-2.1909775733947754
5373125120.0,-2.166693925857544
5374062592.0,-2.144063949584961
5375000064.0,-2.122751474380493
5375937536.0,-2.1006007194519043
5376875008.0,-2.0796470642089844
5377812480.0,-2.060389518737793
5378749952.0,-2.0433223247528076
5379687424.0,-2.0268588066101074
5380624896.0,-2.0115020275115967
5381562368.0,-1.9986953735351562
5382499840.0,-1.987816572189331
5383437312.0,-1.9777690172195435
5384374784.0,-1.9688304662704468
5385312256.0,-1.9623857736587524
5386250240.0,-1.9566339254379272
5387187712.0,-1.9524410963058472
5388125184.0,-1.951649785041809
5389062656.0,-1.951964020729065
5390000128.0,-1.9534450769424438
5390937600.0,-1.9557087421417236
5391875072.0,-1.9572983980178833
5392812544.0,-1.9596043825149536
5393750016.0,-1.962994933128357
5394687488.0,-1.9665199518203735
5395624960.0,-1.970787763595581
5396562432.0,-1.975759506225586
5397499904.0,-1.9796959161758423
5398437376.0,-1.9831088781356812
5399374848.0,-1.9874197244644165
5400312320.0,-1.9901859760284424
5401249792.0,-1.9916913509368896
5402187264.0,-1.9938008785247803
5403125248.0,-1.9956097602844238
5404062720.0,-1.994360327720642
5405000192.0,-1.9955991506576538
5405937664.0,-2.1370012760162354
5406875136.0,-2.1357803344726562
5407812608.0,-2.132713794708252
5408750080.0,-2.126054286956787
5409687552.0,-2.116166114807129
5410625024.0,-2.103361129760742
5411562496.0,-2.0882928371429443
5412499968.0,-2.069303512573242
5413437440.0,-2.048098087310791
5414374912.0,-2.025498151779175
5415312384.0,-2.0005505084991455
5416249856.0,-1.9755076169967651
5417187328.0,-1.9476919174194336
5418124800.0,-1.9186251163482666
5419062272.0,-1.8882145881652832
5420000256.0,-1.8575254678726196
5420937728.0,-1.8266538381576538
5421875200.0,-1.7946405410766602
5422812672.0,-1.7628288269042969
5423750144.0,-1.7307363748550415
5424687616.0,-1.6996450424194336
5425625088.0,-1.6685786247253418
5426562560.0,-1.6366466283798218
5427500032.0,-1.6081041097640991
5428437504.0,-1.5790224075317383
5429374976.0,-1.5503520965576172
5430312448.0,-1.523552417755127
5431249920.0,-1.4974030256271362
5432187392.0,-1.4731297492980957
5433124864.0,-1.4498168230056763
5434062336.0,-1.4284675121307373
5434999808.0,-1.4061366319656372
5435937280.0,-1.386481523513794
5436874752.0,-1.3673690557479858
5437812736.0,-1.350076675415039
5438750208.0,-1.333024024963379
5439687680.0,-1.318580150604248
5440625152.0,-1.3044052124023438
5441562624.0,-1.2919061183929443
5442500096.0,-1.280344843864441
5443437568.0,-1.2716219425201416
5444375040.0,-1.2652791738510132
5445312512.0,-1.2593095302581787
5446249984.0,-1.2551227807998657
5447187456.0,-1.2512785196304321
5448124928.0,-1.2504264116287231
5449062400.0,-1.2514842748641968
5449999872.0,-1.252858281135559
5450937344.0,-1.2573795318603516
5451874816.0,-1.2628159523010254
5452812288.0,-1.269390344619751
5453749760.0,-1.2779878377914429
5454687744.0,-1.2884904146194458
5455625216.0,-1.2979623079299927
5456562688.0,-1.3098046779632568
5457500160.0,-1.3210792541503906
5458437632.0,-1.331658959388733
5459375104.0,-1.3427057266235352
5460312576.0,-1.3549025058746338
5461250048.0,-1.3644404411315918
5462187520.0,-1.375454306602478
5463124992.0,-1.384093999862671
5464062464.0,-1.3902543783187866
5464999936.0,-1.3959378004074097
5465937408.0,-1.405078649520874
5466874880.0,-1.4050296545028687
5467812352.0,-1.4037716388702393
5468749824.0,-1.3984462022781372
5469687296.0,-1.3927134275436401
5470624768.0,-1.385013222694397
5471562752.0,-1.374231219291687
5472500224.0,-1.3627055883407593
5473437696.0,-1.3475520610809326
5474375168.0,-1.3297260999679565
5475312640.0,-1.3128182888031006
5476250112.0,-1.2925617694854736
5477187584.0,-1.2713446617126465
5478125056.0,-1.2486820220947266
5479062528.0,-1.2249181270599365
5480000000.0,-1.1990374326705933
5480937472.0,-1.1720607280731201
5481874944.0,-1.1446765661239624
5482812416.0,-1.116808295249939
5483749888.0,-1.0899407863616943
5484687360.0,-1.0602630376815796
5485624832.0,-1.0336017608642578
5486562304.0,-1.0055201053619385
5487499776.0,-0.9774503111839294
5488437248.0,-0.9515074491500854
5489375232.0,-0.9253860116004944
5490312704.0,-0.9001138210296631
5491250176.0,-0.876004695892334
5492187648.0,-0.8529080152511597
5493125120.0,-0.8310097455978394
5494062592.0,-0.8103578686714172
5495000064.0,-0.7907723188400269
5495937536.0,-0.7748491168022156
5496875008.0,-0.7590276598930359
5497812480.0,-0.7472737431526184
5498749952.0,-0.7370522022247314
5499687424.0,-0.7292948961257935
5500624896.0,-0.7246987223625183
5501562368.0,-0.7224491834640503
5502499840.0,-0.7219181656837463
5503437312.0,-0.7257062792778015
5504374784.0,-0.7311820983886719
5505312256.0,-0.7406848669052124
5506250240.0,-0.7519248723983765
5507187712.0,-0.7670270204544067
5508125184.0,-0.7835748195648193
5509062656.0,-0.8034177422523499
5510000128.0,-0.8261597156524658
5510937600.0,-0.8498387336730957
5511875072.0,-0.8763458728790283
5512812544.0,-0.904617190361023
5513750016.0,-0.9343752264976501
5514687488.0,-0.9655379056930542
5515624960.0,-0.9989129900932312
5516562432.0,-1.0316925048828125
5517499904.0,-1.0643442869186401
5518437376.0,-1.0966483354568481
5519374848.0,-1.1281667947769165
5520312320.0,-1.158073902130127
5521249792.0,-1.1868740320205688
5522187264.0,-1.2130705118179321
5523125248.0,-1.2354381084442139
5524062720.0,-1.255357027053833
5525000192.0,-1.2710449695587158
5525937664.0,-1.1103123426437378
5526875136.0,-1.116765022277832
5527812608.0,-1.1206170320510864
5528750080.0,-1.1238303184509277
5529687552.0,-1.1249947547912598
5530625024.0,-1.1239820718765259
5531562496.0,-1.12127685546875
5532499968.0,-1.117160677909851
5533437440.0,-1.1109137535095215
5534374912.0,-1.1028876304626465
5535312384.0,-1.094184160232544
5536249856.0,-1.083664894104004
5537187328.0,-1.071519374847412
5538124800.0,-1.0579957962036133
5539062272.0,-1.045301079750061
5539999744.0,-1.030280590057373
5540937728.0,-1.014467716217041
5541875200.0,-0.9987743496894836
5542812672.0,-0.9819392561912537
5543750144.0,-0.966192901134491
5544687616.0,-0.9499011039733887
5545625088.0,-0.933879554271698
5546562560.0,-0.9176901578903198
5547500032.0,-0.9026387333869934
5548437504.0,-0.8885707855224609
5549374976.0,-0.8759113550186157
5550312448.0,-0.8624778985977173
5551249920.0,-0.8510329723358154
5552187392.0,-0.8407400846481323
5553124864.0,-0.8314591646194458
5554062336.0,-0.8240864276885986
5554999808.0,-0.8182575702667236
5555937280.0,-0.8143905401229858
5556874752.0,-0.8123839497566223
5557812736.0,-0.8122162222862244
5558750208.0,-0.8147327303886414
5559687680.0,-0.8197295069694519
5560625152.0,-0.8273279666900635
5561562624.0,-0.8380082249641418
5562500096.0,-0.8505492806434631
5563437568.0,-0.86606365442276
5564375040.0,-0.8851820826530457
5565312512.0,-0.9060219526290894
5566249984.0,-0.9292643070220947
5567187456.0,-0.9550504088401794
5568124928.0,-0.9813668131828308
5569062400.0,-1.0098750591278076
5569999872.0,-1.0380208492279053
5570937344.0,-1.0672862529754639
5571874816.0,-1.0971417427062988
5572812288.0,-1.1269009113311768
5573749760.0,-1.1546149253845215
5574687744.0,-1.1804348230361938
5575625216.0,-1.2064578533172607
5576562688.0,-1.2309443950653076
5577500160.0,-1.2513171434402466
5578437632.0,-1.2699244022369385
5579375104.0,-1.2859963178634644
5580312576.0,-1.2997633218765259
5581250048.0,-1.3089773654937744
5582187520.0,-1.3174784183502197
5583124992.0,-1.3227440118789673
5584062464.0,-1.3256031274795532
5584999936.0,-1.326965570449829
5585937408.0,-1.2480370998382568
5586874880.0,-1.2543084621429443
5587812352.0,-1.2588900327682495
5588749824.0,-1.2635482549667358
5589687296.0,-1.2670183181762695
5590624768.0,-1.2679712772369385
5591562752.0,-1.2691049575805664
5592500224.0,-1.268620252609253
5593437696.0,-1.2675845623016357
5594375168.0,-1.2646235227584839
5595312640.0,-1.2621538639068604
5596250112.0,-1.258317232131958
5597187584.0,-1.2523144483566284
5598125056.0,-1.249107837677002
5599062528.0,-1.2444747686386108
5600000000.0,-1.238142490386963
5600937472.0,-1.2324590682983398
5601874944.0,-1.2269378900527954
5602812416.0,-1.221980333328247
5603749888.0,-1.2156540155410767
5604687360.0,-1.2096259593963623
5605624832.0,-1.2039028406143188
5606562304.0,-1.198688268661499
5607499776.0,-1.1939597129821777
5608437248.0,-1.1887006759643555
5609375232.0,-1.1833819150924683
5610312704.0,-1.1771204471588135
5611250176.0,-1.1726582050323486
5612187648.0,-1.166141390800476
5613125120.0,-1.1602330207824707
5614062592.0,-1.154184103012085
5615000064.0,-1.1498581171035767
5615937536.0,-1.1448001861572266
5616875008.0,-1.141596794128418
5617812480.0,-1.1390469074249268
5618749952.0,-1.1362723112106323
5619687424.0,-1.1339110136032104
5620624896.0,-1.1306971311569214
5621562368.0,-1.129349708557129
5622499840.0,-1.127539873123169
5623437312.0,-1.1251161098480225
5624374784.0,-1.1243896484375
5625312256.0,-1.1240262985229492
5626250240.0,-1.123023509979248
5627187712.0,-1.1215442419052124
5628125184.0,-1.1210336685180664
5629062656.0,-1.1197563409805298
5630000128.0,-1.1195971965789795
5630937600.0,-1.117955207824707
5631875072.0,-1.1176687479019165
5632812544.0,-1.1152938604354858
5633750016.0,-1.1137442588806152
5634687488.0,-1.1105257272720337
5635624960.0,-1.106349229812622
5636562432.0,-1.1025092601776123
5637499904.0,-1.0963587760925293
5638437376.0,-1.0891550779342651
5639374848.0,-1.083098292350769
5640312320.0,-1.0751222372055054
5641249792.0,-1.0681493282318115
5642187264.0,-1.0590969324111938
5643125248.0,-1.0488642454147339
5644062720.0,-1.0400234460830688
5645000192.0,-1.0303127765655518
5645937664.0,-1.0301979780197144
5646875136.0,-1.0167452096939087
5647812608.0,-1.0039010047912598
5648750080.0,-0.989181399345398
5649687552.0,-0.9735853672027588
5650625024.0,-0.9563981890678406
5651562496.0,-0.9401276707649231
5652499968.0,-0.9221916794776917
5653437440.0,-0.9035290479660034
5654374912.0,-0.8849579095840454
5655312384.0,-0.8648049831390381
5656249856.0,-0.8444745540618896
5657187328.0,-0.8235958218574524
5658124800.0,-0.8015850186347961
5659062272.0,-0.7802251577377319
5660000256.0,-0.759626567363739
5660937728.0,-0.7386592626571655
5661875200.0,-0.7181236743927002
5662812672.0,-0.697982668876648
5663750144.0,-0.679283618927002
5664687616.0,-0.6604315042495728
5665625088.0,-0.6436474323272705
5666562560.0,-0.6281201839447021
5667500032.0,-0.6131423711776733
5668437504.0,-0.6010321378707886
5669374976.0,-0.5880566239356995
5670312448.0,-0.577806293964386
5671249920.0,-0.5686371922492981
5672187392.0,-0.5613630414009094
5673124864.0,-0.5556369423866272
5674062336.0,-0.5506269335746765
5674999808.0,-0.5486649870872498
5675937280.0,-0.5466457605361938
5676874752.0,-0.5459089875221252
5677812736.0,-0.5474298000335693
5678750208.0,-0.5487213134765625
5679687680.0,-0.5507860779762268
5680625152.0,-0.553615391254425
5681562624.0,-0.5583428144454956
5682500096.0,-0.5629468560218811
5683437568.0,-0.5671573281288147
5684375040.0,-0.5725963711738586
5685312512.0,-0.5757113099098206
5686249984.0,-0.5794351696968079
5687187456.0,-0.5823532342910767
5688124928.0,-0.5864652991294861
5689062400.0,-0.5876581072807312
5689999872.0,-0.5885769724845886
5690937344.0,-0.5885446667671204
5691874816.0,-0.5874555706977844
5692812288.0,-0.5839267373085022
5693749760.0,-0.5784191489219666
5694687744.0,-0.5711876153945923
5695625216.0,-0.5631924867630005
5696562688.0,-0.5534805059432983
5697500160.0,-0.5419516563415527
5698437632.0,-0.5294668078422546
5699375104.0,-0.5170257091522217
5700312576.0,-0.5020507574081421
5701250048.0,-0.488058865070343
5702187520.0,-0.4730514883995056
5703124992.0,-0.4592328369617462
5704062464.0,-0.44564512372016907
5704999936.0,-0.43270379304885864
5705937408.0,-0.3978327214717865
5706874880.0,-0.395562082529068
5707812352.0,-0.3947010040283203
5708749824.0,-0.3925720453262329
5709687296.0,-0.39162424206733704
5710624768.0,-0.38973376154899597
5711562752.0,-0.387239009141922
5712500224.0,-0.3852554261684418
5713437696.0,-0.3854248821735382
5714375168.0,-0.38468655943870544
5715312640.0,-0.3827342987060547
5716250112.0,-0.37830817699432373
5717187584.0,-0.37611061334609985
5718125056.0,-0.3707011938095093
5719062528.0,-0.3656519651412964
5720000000.0,-0.3598159849643707
5720937472.0,-0.3526204228401184
5721874944.0,-0.34499120712280273
5722812416.0,-0.3371080458164215
5723749888.0,-0.3281864523887634
5724687360.0,-0.31932392716407776
5725624832.0,-0.31049588322639465
5726562304.0,-0.3008154332637787
5727499776.0,-0.2921503484249115
5728437248.0,-0.2844124734401703
5729375232.0,-0.2780228853225708
5730312704.0,-0.27153170108795166
5731250176.0,-0.2659691870212555
5732187648.0,-0.2634236216545105
5733125120.0,-0.2613462209701538
5734062592.0,-0.2614445090293884
5735000064.0,-0.26435649394989014
5735937536.0,-0.26840314269065857
5736875008.0,-0.27453672885894775
5737812480.0,-0.28283756971359253
5738749952.0,-0.29361778497695923
5739687424.0,-0.305057168006897
5740624896.0,-0.31750965118408203
5741562368.0,-0.33073803782463074
5742499840.0,-0.34439408779144287
5743437312.0,-0.35621383786201477
5744374784.0,-0.3684137463569641
5745312256.0,-0.380054235458374
5746250240.0,-0.38836559653282166
5747187712.0,-0.3951215147972107
5748125184.0,-0.40094152092933655
5749062656.0,-0.4036293625831604
5750000128.0,-0.40459561347961426
5750937600.0,-0.40228596329689026
5751875072.0,-0.3980247378349304
5752812544.0,-0.39303815364837646
5753750016.0,-0.3862149715423584
5754687488.0,-0.3800073266029358
5755624960.0,-0.3719783127307892
5756562432.0,-0.3633098006248474
5757499904.0,-0.3555834889411926
5758437376.0,-0.34780266880989075
5759374848.0,-0.34128832817077637
5760312320.0,-0.3358520269393921
5761249792.0,-0.3322814404964447
5762187264.0,-0.3290966749191284
5763125248.0,-0.32518741488456726
5764062720.0,-0.32221585512161255
5765000192.0,-0.32071787118911743
5765937664.0,-0.24060486257076263
5766875136.0,-0.24455659091472626
5767812608.0,-0.24822266399860382
5768750080.0,-0.2528618574142456
5769687552.0,-0.25730469822883606
5770625024.0,-0.2626650929450989
5771562496.0,-0.2685359716415405
5772499968.0,-0.2749488651752472
5773437440.0,-0.28200623393058777
5774374912.0,-0.2876383662223816
5775312384.0,-0.2958824336528778
5776249856.0,-0.3030526340007782
5777187328.0,-0.31022340059280396
5778124800.0,-0.3181400001049042
5779062272.0,-0.3257291316986084
5779999744.0,-0.331866979598999
5780937728.0,-0.3388657867908478
5781875200.0,-0.34589990973472595
5782812672.0,-0.35171645879745483
5783750144.0,-0.35813212394714355
5784687616.0,-0.36243632435798645
5785625088.0,-0.3669677674770355
5786562560.0,-0.3707725703716278
5787500032.0,-0.3741375803947449
5788437504.0,-0.3764238655567169
5789374976.0,-0.37565627694129944
5790312448.0,-0.37391072511672974
5791249920.0,-0.3726271390914917
5792187392.0,-0.36797428131103516
5793124864.0,-0.3634741008281708
5794062336.0,-0.35909000039100647
5794999808.0,-0.352371484041214
5795937280.0,-0.3458732068538666
5796874752.0,-0.33823373913764954
5797812736.0,-0.32885387539863586
5798750208.0,-0.3186185956001282
5799687680.0,-0.3097970187664032
5800625152.0,-0.29805728793144226
5801562624.0,-0.284991592168808
5802500096.0,-0.2720644176006317
5803437568.0,-0.25850704312324524
5804375040.0,-0.24533601105213165
5805312512.0,-0.2316487580537796
5806249984.0,-0.21589870750904083
5807187456.0,-0.20075878500938416
5808124928.0,-0.18479448556900024
5809062400.0,-0.16943156719207764
5809999872.0,-0.1532207578420639
5810937344.0,-0.1368662416934967
5811874816.0,-0.12074542790651321
5812812288.0,-0.10469624400138855
5813749760.0,-0.08989538252353668
5814687744.0,-0.07695287466049194
5815625216.0,-0.06323719024658203
5816562688.0,-0.04950900375843048
5817500160.0,-0.03552500531077385
5818437632.0,-0.024410435929894447
5819375104.0,-0.011906313709914684
5820312576.0,-0.001348104327917099
5821250048.0,0.008747227489948273
5822187520.0,0.01745663583278656
5823124992.0,0.025537697598338127
5824062464.0,0.03413167968392372
5824999936.0,0.040323663502931595
5825937408.0,-0.13999193906784058
5826874880.0,-0.14522089064121246
5827812352.0,-0.148008331656456
5828749824.0,-0.15125945210456848
5829687296.0,-0.15169638395309448
5830624768.0,-0.15157237648963928
5831562752.0,-0.15050603449344635
5832500224.0,-0.14853911101818085
5833437696.0,-0.14561930298805237
5834375168.0,-0.14256733655929565
5835312640.0,-0.13934555649757385
5836250112.0,-0.13706517219543457
5837187584.0,-0.13276395201683044
5838125056.0,-0.12948328256607056
5839062528.0,-0.12752015888690948
5840000000.0,-0.1270853579044342
5840937472.0,-0.12842991948127747
5841874944.0,-0.13072016835212708
5842812416.0,-0.13393466174602509
5843749888.0,-0.1384253352880478
5844687360.0,-0.14295721054077148
5845624832.0,-0.14843186736106873
5846562304.0,-0.15547974407672882
5847499776.0,-0.16383351385593414
5848437248.0,-0.17198403179645538
5849375232.0,-0.1810791939496994
5850312704.0,-0.19134053587913513
5851250176.0,-0.20157495141029358
5852187648.0,-0.21268925070762634
5853125120.0,-0.22317300736904144
5854062592.0,-0.23352225124835968
5855000064.0,-0.24423696100711823
5855937536.0,-0.25267311930656433
5856875008.0,-0.2624727487564087
5857812480.0,-0.2702334225177765
5858749952.0,-0.27658042311668396
5859687424.0,-0.2806814908981323
5860624896.0,-0.2820163369178772
5861562368.0,-0.283662348985672
5862499840.0,-0.2823990285396576
5863437312.0,-0.2768400311470032
5864374784.0,-0.27154257893562317
5865312256.0,-0.26495856046676636
5866250240.0,-0.25629571080207825
5867187712.0,-0.24603606760501862
5868125184.0,-0.23464034497737885
5869062656.0,-0.22153794765472412
5870000128.0,-0.2092939019203186
5870937600.0,-0.19542740285396576
5871875072.0,-0.18269720673561096
5872812544.0,-0.16801755130290985
5873750016.0,-0.15488943457603455
5874687488.0,-0.14284393191337585
5875624960.0,-0.13185857236385345
5876562432.0,-0.12304569035768509
5877499904.0,-0.11569976806640625
5878437376.0,-0.10949477553367615
5879374848.0,-0.10543539375066757
5880312320.0,-0.1036524623632431
5881249792.0,-0.10387098044157028
5882187264.0,-0.10574252158403397
5883125248.0,-0.1094057634472847
5884062720.0,-0.11721567064523697
5885000192.0,-0.12493478506803513
5885937664.0,-0.06576497107744217
5886875136.0,-0.07023273408412933
5887812608.0,-0.07504427433013916
5888750080.0,-0.08119119703769684
5889687552.0,-0.08725178241729736
5890625024.0,-0.09363482892513275
5891562496.0,-0.10072944313287735
5892499968.0,-0.10752040147781372
5893437440.0,-0.11578131467103958
5894374912.0,-0.12361057847738266
5895312384.0,-0.13218893110752106
5896249856.0,-0.1407720446586609
5897187328.0,-0.1502705067396164
5898124800.0,-0.15862372517585754
5899062272.0,-0.1677863597869873
5900000256.0,-0.1764436662197113
5900937728.0,-0.1861879527568817
5901875200.0,-0.19584298133850098
5902812672.0,-0.20397058129310608
5903750144.0,-0.21422529220581055
5904687616.0,-0.2225310057401657
5905625088.0,-0.23012849688529968
5906562560.0,-0.23913471400737762
5907500032.0,-0.2477751523256302
5908437504.0,-0.25627821683883667
5909374976.0,-0.26528796553611755
5910312448.0,-0.27303797006607056
5911249920.0,-0.28179773688316345
5912187392.0,-0.2902767062187195
5913124864.0,-0.29713159799575806
5914062336.0,-0.3046250343322754
5914999808.0,-0.3117605447769165
5915937280.0,-0.31789737939834595
5916874752.0,-0.32286199927330017
5917812736.0,-0.3277776837348938
5918750208.0,-0.3314177393913269
5919687680.0,-0.33479753136634827
5920625152.0,-0.33638355135917664
5921562624.0,-0.3370934724807739
5922500096.0,-0.3370491862297058
5923437568.0,-0.3368231952190399
5924375040.0,-0.3351016342639923
5925312512.0,-0.3315892219543457
5926249984.0,-0.3275798559188843
5927187456.0,-0.32117414474487305
5928124928.0,-0.3137385845184326
5929062400.0,-0.3040699064731598
5929999872.0,-0.2953595519065857
5930937344.0,-0.28232452273368835
5931874816.0,-0.269321084022522
5932812288.0,-0.25485125184059143
5933749760.0,-0.23953460156917572
5934687744.0,-0.22399045526981354
5935625216.0,-0.2061592936515808
5936562688.0,-0.18881385028362274
5937500160.0,-0.1698434054851532
5938437632.0,-0.1508861780166626
5939375104.0,-0.13340510427951813
5940312576.0,-0.11372296512126923
5941250048.0,-0.09601068496704102
5942187520.0,-0.0786944031715393
5943124992.0,-0.0607113279402256
5944062464.0,-0.044505659490823746
5944999936.0,-0.030755706131458282
5945937408.0,-0.1305272877216339
5946874880.0,-0.13868702948093414
5947812352.0,-0.14871682226657867
5948749824.0,-0.159581258893013
5949687296.0,-0.1718243658542633
5950624768.0,-0.186545729637146
5951562752.0,-0.2026136964559555
5952500224.0,-0.21963927149772644
5953437696.0,-0.23784798383712769
5954375168.0,-0.2567981481552124
5955312640.0,-0.27711057662963867
5956250112.0,-0.2966978847980499
5957187584.0,-0.3157786726951599
5958125056.0,-0.3372093141078949
5959062528.0,-0.35560113191604614
5960000000.0,-0.37487709522247314
5960937472.0,-0.39216339588165283
5961874944.0,-0.4078158438205719
5962812416.0,-0.4225805699825287
5963749888.0,-0.4356772005558014
5964687360.0,-0.4437578022480011
5965624832.0,-0.4519146978855133
5966562304.0,-0.4551280736923218
5967499776.0,-0.45686081051826477
5968437248.0,-0.4543304443359375
5969375232.0,-0.44868579506874084
5970312704.0,-0.43994250893592834
5971250176.0,-0.42837420105934143
5972187648.0,-0.41348668932914734
5973125120.0,-0.39569035172462463
5974062592.0,-0.3760640323162079
5975000064.0,-0.3544938564300537
5975937536.0,-0.3313351571559906
5976875008.0,-0.3072946071624756
5977812480.0,-0.28220334649086
5978749952.0,-0.2570585310459137
5979687424.0,-0.23316437005996704
5980624896.0,-0.20913244783878326
5981562368.0,-0.18614672124385834
5982499840.0,-0.16613516211509705
5983437312.0,-0.14860956370830536
5984374784.0,-0.13157397508621216
5985312256.0,-0.11876844614744186
5986250240.0,-0.10661265254020691
5987187712.0,-0.09783575683832169
5988125184.0,-0.09177443385124207
5989062656.0,-0.08777840435504913
5990000128.0,-0.08671826869249344
5990937600.0,-0.08710484206676483
5991875072.0,-0.08967811614274979
5992812544.0,-0.09448428452014923
5993750016.0,-0.10021039843559265
5994687488.0,-0.10814908891916275
5995624960.0,-0.1158476397395134
5996562432.0,-0.12542536854743958
5997499904.0,-0.1347600817680359
5998437376.0,-0.14423051476478577
5999374848.0,-0.1525936722755432
6000312320.0,-0.16236506402492523
6001249792.0,-0.1706116646528244
6002187264.0,-0.17951372265815735
6003125248.0,-0.1858019083738327
6004062720.0,-0.1926252841949463
6005000192.0,-0.1515221893787384
6005937664.0,-0.15902061760425568
6006875136.0,-0.16715441644191742
6007812608.0,-0.17553912103176117
6008750080.0,-0.1847919076681137
6009687552.0,-0.19451464712619781
6010625024.0,-0.20565764605998993
6011562496.0,-0.21664166450500488
6012499968.0,-0.22827549278736115
6013437440.0,-0.24184902012348175
6014374912.0,-0.25580501556396484
6015312384.0,-0.26980793476104736
6016249856.0,-0.284087598323822
6017187328.0,-0.2971254587173462
6018124800.0,-0.3101094961166382
6019062272.0,-0.32393908500671387
6019999744.0,-0.33581316471099854
6020937728.0,-0.3476231098175049
6021875200.0,-0.357962042093277
6022812672.0,-0.3683752417564392
6023750144.0,-0.37620165944099426
6024687616.0,-0.38479915261268616
6025625088.0,-0.39205899834632874
6026562560.0,-0.3975214958190918
6027500032.0,-0.40146464109420776
6028437504.0,-0.40310433506965637
6029374976.0,-0.40384525060653687
6030312448.0,-0.4032154977321625
6031249920.0,-0.4001149833202362
6032187392.0,-0.3955387771129608
6033124864.0,-0.3885960280895233
6034062336.0,-0.38068053126335144
6034999808.0,-0.3716842830181122
6035937280.0,-0.3615451455116272
6036874752.0,-0.35010841488838196
6037812736.0,-0.3387301564216614
6038750208.0,-0.3265872895717621
6039687680.0,-0.3150540292263031
6040625152.0,-0.3028189241886139
6041562624.0,-0.2910899221897125
6042500096.0,-0.28032970428466797
6043437568.0,-0.2690485119819641
6044375040.0,-0.2593623995780945
6045312512.0,-0.24915340542793274
6046249984.0,-0.24110107123851776
6047187456.0,-0.23316410183906555
6048124928.0,-0.2257135659456253
6049062400.0,-0.22103385627269745
6049999872.0,-0.21624663472175598
6050937344.0,-0.2127884477376938
6051874816.0,-0.20966152846813202
6052812288.0,-0.20808129012584686
6053749760.0,-0.207210972905159
6054687744.0,-0.20887288451194763
6055625216.0,-0.20938123762607574
6056562688.0,-0.21135471761226654
6057500160.0,-0.21445253491401672
6058437632.0,-0.21802064776420593
6059375104.0,-0.22268207371234894
6060312576.0,-0.22573168575763702
6061250048.0,-0.23101119697093964
6062187520.0,-0.23579548299312592
6063124992.0,-0.2422037571668625
6064062464.0,-0.24731922149658203
6064999936.0,-0.14403092861175537
6065937408.0,-0.1652054488658905
6066874880.0,-0.1859215348958969
6067812352.0,-0.20720231533050537
6068749824.0,-0.2276841104030609
6069687296.0,-0.24782438576221466
6070624768.0,-0.2684887945652008
6071562752.0,-0.28740549087524414
6072500224.0,-0.3062054514884949
6073437696.0,-0.32475268840789795
6074375168.0,-0.3406452536582947
6075312640.0,-0.3571205139160156
6076250112.0,-0.3731106221675873
6077187584.0,-0.3877911865711212
6078125056.0,-0.4005265235900879
6079062528.0,-0.4124089181423187
6080000000.0,-0.4222021698951721
6080937472.0,-0.43192559480667114
6081874944.0,-0.4388493001461029
6082812416.0,-0.44483327865600586
6083749888.0,-0.44979286193847656
6084687360.0,-0.45303648710250854
6085624832.0,-0.45504024624824524
6086562304.0,-0.4539966881275177
6087499776.0,-0.4513491094112396
6088437248.0,-0.44903403520584106
6089375232.0,-0.4448074996471405
6090312704.0,-0.4398953914642334
6091250176.0,-0.43272700905799866
6092187648.0,-0.4245518445968628
6093125120.0,-0.415078729391098
6094062592.0,-0.4043644964694977
6095000064.0,-0.3920033872127533
6095937536.0,-0.38068440556526184
6096875008.0,-0.36907723546028137
6097812480.0,-0.3563600480556488
6098749952.0,-0.34230589866638184
6099687424.0,-0.3291988670825958
6100624896.0,-0.3140912353992462
6101562368.0,-0.2991948127746582
6102499840.0,-0.28463688492774963
6103437312.0,-0.2689858675003052
6104374784.0,-0.2538684010505676
6105312256.0,-0.23897582292556763
6106250240.0,-0.22396433353424072
6107187712.0,-0.2090354710817337
6108125184.0,-0.1952202171087265
6109062656.0,-0.1822594851255417
6110000128.0,-0.16789788007736206
6110937600.0,-0.15546047687530518
6111875072.0,-0.14177529513835907
6112812544.0,-0.13077813386917114
6113750016.0,-0.11939023435115814
6114687488.0,-0.11045791953802109
6115624960.0,-0.10073959827423096
6116562432.0,-0.0914791077375412
6117499904.0,-0.08440861850976944
6118437376.0,-0.07926254719495773
6119374848.0,-0.07787954062223434
6120312320.0,-0.07716438919305801
6121249792.0,-0.07967203855514526
6122187264.0,-0.08344455063343048
6123125248.0,-0.08719179779291153
6124062720.0,-0.09294484555721283
6125000192.0,-0.14565064013004303
6125937664.0,-0.1585511565208435
6126875136.0,-0.17489922046661377
6127812608.0,-0.18847276270389557
6128750080.0,-0.2039889097213745
6129687552.0,-0.218995600938797
6130625024.0,-0.23409758508205414
6131562496.0,-0.2523646354675293
6132499968.0,-0.26761847734451294
6133437440.0,-0.28262704610824585
6134374912.0,-0.29805445671081543
6135312384.0,-0.31375959515571594
6136249856.0,-0.3289598524570465
6137187328.0,-0.3429063856601715
6138124800.0,-0.35700392723083496
6139062272.0,-0.36981260776519775
6140000256.0,-0.38289791345596313
6140937728.0,-0.3952465057373047
6141875200.0,-0.4063747525215149
6142812672.0,-0.41541504859924316
6143750144.0,-0.4252794086933136
6144687616.0,-0.4349237382411957
6145625088.0,-0.4437865912914276
6146562560.0,-0.45067158341407776
6147500032.0,-0.4555860757827759
6148437504.0,-0.4587543308734894
6149374976.0,-0.4602014422416687
6150312448.0,-0.4599132835865021
6151249920.0,-0.4577196538448334
6152187392.0,-0.4547900855541229
6153124864.0,-0.4502369463443756
6154062336.0,-0.4447470009326935
6154999808.0,-0.4379332959651947
6155937280.0,-0.4288598895072937
6156874752.0,-0.4188028872013092
6157812736.0,-0.40816745162010193
6158750208.0,-0.396438866853714
6159687680.0,-0.3852313756942749
6160625152.0,-0.3709968328475952
6161562624.0,-0.35694000124931335
6162500096.0,-0.3443434238433838
6163437568.0,-0.32932335138320923
6164375040.0,-0.31464454531669617
6165312512.0,-0.3014831244945526
6166249984.0,-0.28731685876846313
6167187456.0,-0.2729461193084717
6168124928.0,-0.2593555152416229
6169062400.0,-0.24565261602401733
6169999872.0,-0.23147287964820862
6170937344.0,-0.21870727837085724
6171874816.0,-0.20449763536453247
6172812288.0,-0.19259290397167206
6173749760.0,-0.181080624461174
6174687744.0,-0.1702873855829239
6175625216.0,-0.16110225021839142
6176562688.0,-0.152629092335701
6177500160.0,-0.14554786682128906
6178437632.0,-0.13931602239608765
6179375104.0,-0.13403858244419098
6180312576.0,-0.13094189763069153
6181250048.0,-0.12871134281158447
6182187520.0,-0.12835149466991425
6183124992.0,-0.1287311613559723
6184062464.0,-0.1317095011472702
6184999936.0,-0.2754041850566864
6185937408.0,-0.2895955741405487
6186874880.0,-0.3049158453941345
6187812352.0,-0.3214394450187683
6188749824.0,-0.3376266360282898
6189687296.0,-0.35411056876182556
6190624768.0,-0.3703345060348511
6191562752.0,-0.3860641419887543
6192500224.0,-0.3997465968132019
6193437696.0,-0.4128495156764984
6194375168.0,-0.4254527688026428
6195312640.0,-0.4350517690181732
6196250112.0,-0.44342273473739624
6197187584.0,-0.45176583528518677
6198125056.0,-0.4579545855522156
6199062528.0,-0.46276581287384033
6200000000.0,-0.46658509969711304
6200937472.0,-0.47065550088882446
6201874944.0,-0.4722432494163513
6202812416.0,-0.47480982542037964
6203749888.0,-0.4758637249469757
6204687360.0,-0.47715631127357483
6205624832.0,-0.4796055257320404
6206562304.0,-0.48244136571884155
6207499776.0,-0.487927109003067
6208437248.0,-0.4921436607837677
6209375232.0,-0.4999369978904724
6210312704.0,-0.5077717900276184
6211250176.0,-0.5158366560935974
6212187648.0,-0.5245286822319031
6213125120.0,-0.5327863097190857
6214062592.0,-0.5380274057388306
6215000064.0,-0.5388121008872986
6215937536.0,-0.5360307693481445
6216875008.0,-0.5298147797584534
6217812480.0,-0.5219533443450928
6218749952.0,-0.5128333568572998
6219687424.0,-0.5021440386772156
6220624896.0,-0.49044933915138245
6221562368.0,-0.47743701934814453
6222499840.0,-0.4638461172580719
6223437312.0,-0.45001548528671265
6224374784.0,-0.43715253472328186
6225312256.0,-0.4253164827823639
6226250240.0,-0.413826048374176
6227187712.0,-0.4029218256473541
6228125184.0,-0.39382386207580566
6229062656.0,-0.3854294419288635
6230000128.0,-0.3782832622528076
6230937600.0,-0.3717246353626251
6231875072.0,-0.36511388421058655
6232812544.0,-0.3591967523097992
6233750016.0,-0.3529455363750458
6234687488.0,-0.34670907258987427
6235624960.0,-0.3398333787918091
6236562432.0,-0.3347272574901581
6237499904.0,-0.32765495777130127
6238437376.0,-0.32153233885765076
6239374848.0,-0.3134264051914215
6240312320.0,-0.3055568039417267
6241249792.0,-0.2977350652217865
6242187264.0,-0.29019004106521606
6243125248.0,-0.2831833064556122
6244062720.0,-0.2758949398994446
6245000192.0,-0.4210191071033478
6245937664.0,-0.4226957857608795
6246875136.0,-0.42578378319740295
6247812608.0,-0.43035462498664856
6248750080.0,-0.4390754997730255
6249687552.0,-0.4493355453014374
6250625024.0,-0.4597654640674591
6251562496.0,-0.47433000802993774
6252499968.0,-0.491213321685791
6253437440.0,-0.5113503336906433
6254374912.0,-0.5316333770751953
6255312384.0,-0.5552199482917786
6256249856.0,-0.5789258480072021
6257187328.0,-0.6057515740394592
6258124800.0,-0.6326555013656616
6259062272.0,-0.6604390740394592
6259999744.0,-0.6889600157737732
6260937728.0,-0.7163264751434326
6261875200.0,-0.7427967190742493
6262812672.0,-0.7684922218322754
6263750144.0,-0.7916035652160645
6264687616.0,-0.8128852248191833
6265625088.0,-0.8326770663261414
6266562560.0,-0.8489878177642822
6267500032.0,-0.863386869430542
6268437504.0,-0.8735424876213074
6269374976.0,-0.8810469508171082
6270312448.0,-0.883534848690033
6271249920.0,-0.8857005834579468
6272187392.0,-0.8826067447662354
6273124864.0,-0.8762338757514954
6274062336.0,-0.8659906983375549
6274999808.0,-0.8529793620109558
6275937280.0,-0.836802065372467
6276874752.0,-0.8187901973724365
6277812736.0,-0.7967120409011841
6278750208.0,-0.7727992534637451
6279687680.0,-0.7469542026519775
6280625152.0,-0.7185494303703308
6281562624.0,-0.6900142431259155
6282500096.0,-0.660165548324585
6283437568.0,-0.6285220980644226
6284375040.0,-0.5978402495384216
6285312512.0,-0.5667276382446289
6286249984.0,-0.5359266400337219
6287187456.0,-0.5075874924659729
6288124928.0,-0.478666752576828
6289062400.0,-0.4510698914527893
6289999872.0,-0.42572179436683655
6290937344.0,-0.4030989110469818
6291874816.0,-0.3810808062553406
6292812288.0,-0.3623812198638916
6293749760.0,-0.3452039957046509
6294687744.0,-0.3307494819164276
6295625216.0,-0.31906747817993164
6296562688.0,-0.31582146883010864
6297500160.0,-0.31452012062072754
6298437632.0,-0.3166511356830597
6299375104.0,-0.32161107659339905
6300312576.0,-0.32969096302986145
6301250048.0,-0.3407263159751892
6302187520.0,-0.3545437157154083
6303124992.0,-0.37145566940307617
6304062464.0,-0.390215665102005
6304999936.0,-0.5288364887237549
6305937408.0,-0.5506348609924316
6306874880.0,-0.5731078386306763
6307812352.0,-0.5959052443504333
6308749824.0,-0.6213774085044861
6309687296.0,-0.6463479399681091
6310624768.0,-0.6723092198371887
6311562752.0,-0.6983368992805481
6312500224.0,-0.7250421643257141
6313437696.0,-0.7507440447807312
6314375168.0,-0.7778576016426086
6315312640.0,-0.8026188611984253
6316250112.0,-0.8280061483383179
6317187584.0,-0.8500222563743591
6318125056.0,-0.8721038103103638
6319062528.0,-0.8923174142837524
6320000000.0,-0.9106189012527466
6320937472.0,-0.9261514544487
6321874944.0,-0.9436778426170349
6322812416.0,-0.9580939412117004
6323749888.0,-0.9694467782974243
6324687360.0,-0.9781774878501892
6325624832.0,-0.984644889831543
6326562304.0,-0.9868130683898926
6327499776.0,-0.9856707453727722
6328437248.0,-0.9827752113342285
6329375232.0,-0.9775156378746033
6330312704.0,-0.968961238861084
6331250176.0,-0.960320234298706
6332187648.0,-0.9479792714118958
6333125120.0,-0.9337586760520935
6334062592.0,-0.9191483855247498
6335000064.0,-0.9028924107551575
6335937536.0,-0.8848679065704346
6336875008.0,-0.8655907511711121
6337812480.0,-0.8459113240242004
6338749952.0,-0.8245869278907776
6339687424.0,-0.8022789359092712
6340624896.0,-0.7805004715919495
6341562368.0,-0.7576634883880615
6342499840.0,-0.7354914546012878
6343437312.0,-0.7132472395896912
6344374784.0,-0.691129744052887
6345312256.0,-0.6700655817985535
6346250240.0,-0.6488111019134521
6347187712.0,-0.6264253258705139
6348125184.0,-0.6055830717086792
6349062656.0,-0.5856161713600159
6350000128.0,-0.5666954517364502
6350937600.0,-0.5496591329574585
6351875072.0,-0.5344152450561523
6352812544.0,-0.5210009813308716
6353750016.0,-0.5097063183784485
6354687488.0,-0.500521183013916
6355624960.0,-0.49394652247428894
6356562432.0,-0.4885316789150238
6357499904.0,-0.4864689111709595
6358437376.0,-0.4866873621940613
6359374848.0,-0.48967245221138
6360312320.0,-0.4964117705821991
6361249792.0,-0.5050970315933228
6362187264.0,-0.5158975720405579
6363125248.0,-0.5292351841926575
6364062720.0,-0.5448892116546631
6365000192.0,-0.8217902183532715
6365937664.0,-0.8278726935386658
6366875136.0,-0.8340734839439392
6367812608.0,-0.8400783538818359
6368750080.0,-0.8483951091766357
6369687552.0,-0.8565462827682495
6370625024.0,-0.8658459782600403
6371562496.0,-0.8758223056793213
6372499968.0,-0.8854913711547852
6373437440.0,-0.8945913314819336
6374374912.0,-0.9055845141410828
6375312384.0,-0.914919376373291
6376249856.0,-0.9243775606155396
6377187328.0,-0.9333356022834778
6378124800.0,-0.9395606517791748
6379062272.0,-0.9469893574714661
6380000256.0,-0.9538423418998718
6380937728.0,-0.9601643681526184
6381875200.0,-0.9658921957015991
6382812672.0,-0.9704796671867371
6383750144.0,-0.9744600057601929
6384687616.0,-0.9792443513870239
6385625088.0,-0.982154905796051
6386562560.0,-0.9858430624008179
6387500032.0,-0.9881807565689087
6388437504.0,-0.9906965494155884
6389374976.0,-0.992225706577301
6390312448.0,-0.9943400621414185
6391249920.0,-0.9949403405189514
6392187392.0,-0.9960914254188538
6393124864.0,-0.9947928190231323
6394062336.0,-0.9959834218025208
6394999808.0,-0.9947699308395386
6395937280.0,-0.9940700531005859
6396874752.0,-0.9926108717918396
6397812736.0,-0.9898172616958618
6398750208.0,-0.9870702028274536
6399687680.0,-0.9857383370399475
6400625152.0,-0.9825113415718079
6401562624.0,-0.9815185070037842
6402500096.0,-0.9782113432884216
6403437568.0,-0.9770574569702148
6404375040.0,-0.9745073318481445
6405312512.0,-0.9750431180000305
6406249984.0,-0.9752601981163025
6407187456.0,-0.9750267863273621
6408124928.0,-0.9767270684242249
6409062400.0,-0.9784748554229736
6409999872.0,-0.9816873073577881
6410937344.0,-0.9860042333602905
6411874816.0,-0.9884258508682251
6412812288.0,-0.9946463704109192
6413749760.0,-1.0001014471054077
6414687744.0,-1.0077273845672607
6415625216.0,-1.0150364637374878
6416562688.0,-1.0220836400985718
6417500160.0,-1.030017375946045
6418437632.0,-1.0392136573791504
6419375104.0,-1.047701358795166
6420312576.0,-1.0570892095565796
6421250048.0,-1.0651582479476929
6422187520.0,-1.0749590396881104
6423124992.0,-1.0803741216659546
6424062464.0,-1.0843446254730225
6424999936.0,-1.102647304534912
6425937408.0,-1.1150768995285034
6426874880.0,-1.1251627206802368
6427812352.0,-1.134285807609558
6428749824.0,-1.1420974731445312
6429687296.0,-1.1495742797851562
6430624768.0,-1.1537880897521973
6431562752.0,-1.1569738388061523
6432500224.0,-1.1576824188232422
6433437696.0,-1.1583510637283325
6434375168.0,-1.1568665504455566
6435312640.0,-1.1545839309692383
6436250112.0,-1.1505239009857178
6437187584.0,-1.1444813013076782
6438125056.0,-1.137838363647461
6439062528.0,-1.1295500993728638
6440000000.0,-1.1204619407653809
6440937472.0,-1.1097277402877808
6441874944.0,-1.0990265607833862
6442812416.0,-1.0868184566497803
6443749888.0,-1.0756757259368896
6444687360.0,-1.0622996091842651
6445624832.0,-1.0505445003509521
6446562304.0,-1.038581371307373
6447499776.0,-1.0256050825119019
6448437248.0,-1.0142947435379028
6449375232.0,-1.0026613473892212
6450312704.0,-0.993107259273529
6451250176.0,-0.9819203615188599
6452187648.0,-0.9739893674850464
6453125120.0,-0.9655038714408875
6454062592.0,-0.958331286907196
6455000064.0,-0.9519203901290894
6455937536.0,-0.9460018873214722
6456875008.0,-0.9402506351470947
6457812480.0,-0.93533855676651
6458749952.0,-0.9299748539924622
6459687424.0,-0.9256079792976379
6460624896.0,-0.9210323095321655
6461562368.0,-0.9167575836181641
6462499840.0,-0.9124985933303833
6463437312.0,-0.9090836644172668
6464374784.0,-0.9053516983985901
6465312256.0,-0.9026862382888794
6466250240.0,-0.8991532325744629
6467187712.0,-0.894782543182373
6468125184.0,-0.8903833031654358
6469062656.0,-0.8869624733924866
6470000128.0,-0.8830699920654297
6470937600.0,-0.8775617480278015
6471875072.0,-0.8722663521766663
6472812544.0,-0.8679806590080261
6473750016.0,-0.8646111488342285
6474687488.0,-0.8628596663475037
6475624960.0,-0.8605318069458008
6476562432.0,-0.857445478439331
6477499904.0,-0.8554367423057556
6478437376.0,-0.8534597754478455
6479374848.0,-0.850689709186554
6480312320.0,-0.8487805128097534
6481249792.0,-0.846794068813324
6482187264.0,-0.8456495404243469
6483125248.0,-0.8447405099868774
6484062720.0,-0.8444221019744873
6485000192.0,-0.9456328749656677
6485937664.0,-0.9530315399169922
6486875136.0,-0.9599856734275818
6487812608.0,-0.9669390916824341
6488750080.0,-0.9734170436859131
6489687552.0,-0.9799983501434326
6490625024.0,-0.9865077137947083
6491562496.0,-0.9923959374427795
6492499968.0,-0.9980061650276184
6493437440.0,-1.0025526285171509
6494374912.0,-1.0077087879180908
6495312384.0,-1.0119937658309937
6496249856.0,-1.0146839618682861
6497187328.0,-1.0162827968597412
6498124800.0,-1.0178120136260986
6499062272.0,-1.0188671350479126
6499999744.0,-1.0212552547454834
6500937728.0,-1.0210130214691162
6501875200.0,-1.019501805305481
6502812672.0,-1.015661358833313
6503750144.0,-1.0126073360443115
6504687616.0,-1.007063865661621
6505625088.0,-0.9993488788604736
6506562560.0,-0.9918959736824036
6507500032.0,-0.9830120205879211
6508437504.0,-0.9712894558906555
6509374976.0,-0.9609978795051575
6510312448.0,-0.9482115507125854
6511249920.0,-0.9365800619125366
6512187392.0,-0.9233012199401855
6513124864.0,-0.9106544256210327
6514062336.0,-0.8982607126235962
6514999808.0,-0.8853023052215576
6515937280.0,-0.8735021948814392
6516874752.0,-0.8637660145759583
6517812736.0,-0.8524011373519897
6518750208.0,-0.843040406703949
6519687680.0,-0.8349218368530273
6520625152.0,-0.8257747888565063
6521562624.0,-0.8197030425071716
6522500096.0,-0.8127028346061707
6523437568.0,-0.8067657947540283
6524375040.0,-0.801312267780304
6525312512.0,-0.7970696687698364
6526249984.0,-0.7926405072212219
6527187456.0,-0.7897006869316101
6528124928.0,-0.7876229286193848
6529062400.0,-0.7869851589202881
6529999872.0,-0.7863287329673767
6530937344.0,-0.7866121530532837
6531874816.0,-0.787350594997406
6532812288.0,-0.7885710000991821
6533749760.0,-0.790851354598999
6534687744.0,-0.7948266267776489
6535625216.0,-0.7988728284835815
6536562688.0,-0.8029270172119141
6537500160.0,-0.8073114156723022
6538437632.0,-0.81382817029953
6539375104.0,-0.820438802242279
6540312576.0,-0.8293266892433167
6541250048.0,-0.83587247133255
6542187520.0,-0.8450734615325928
6543124992.0,-0.8519598245620728
6544062464.0,-0.8609474301338196
6544999936.0,-0.8593810200691223
6545937408.0,-0.8640096783638
6546874880.0,-0.8676799535751343
6547812352.0,-0.8730219006538391
6548749824.0,-0.8774725794792175
6549687296.0,-0.8819109797477722
6550624768.0,-0.886662483215332
6551562752.0,-0.8901699185371399
6552500224.0,-0.8945198059082031
6553437696.0,-0.9001321792602539
6554375168.0,-0.9065020084381104
6555312640.0,-0.9130828976631165
6556250112.0,-0.9198195338249207
6557187584.0,-0.9283648133277893
6558125056.0,-0.9373547434806824
6559062528.0,-0.9467386603355408
6560000000.0,-0.9559158086776733
6560937472.0,-0.9671759009361267
6561874944.0,-0.9779447913169861
6562812416.0,-0.9890361428260803
6563749888.0,-1.0016483068466187
6564687360.0,-1.0141425132751465
6565624832.0,-1.028061866760254
6566562304.0,-1.042123556137085
6567499776.0,-1.0559258460998535
6568437248.0,-1.0693597793579102
6569375232.0,-1.0834890604019165
6570312704.0,-1.0972659587860107
6571250176.0,-1.1096752882003784
6572187648.0,-1.1222870349884033
6573125120.0,-1.134778380393982
6574062592.0,-1.145745873451233
6575000064.0,-1.1552752256393433
6575937536.0,-1.1631206274032593
6576875008.0,-1.1696192026138306
6577812480.0,-1.1768296957015991
6578749952.0,-1.1820495128631592
6579687424.0,-1.186219573020935
6580624896.0,-1.1895710229873657
6581562368.0,-1.1909821033477783
6582499840.0,-1.1933354139328003
6583437312.0,-1.1928895711898804
6584374784.0,-1.1933560371398926
6585312256.0,-1.1923118829727173
6586250240.0,-1.1908321380615234
6587187712.0,-1.188004732131958
6588125184.0,-1.18505859375
6589062656.0,-1.1801484823226929
6590000128.0,-1.1767719984054565
6590937600.0,-1.1718642711639404
6591875072.0,-1.1664222478866577
6592812544.0,-1.160839319229126
6593750016.0,-1.155854344367981
6594687488.0,-1.1509259939193726
6595624960.0,-1.1472605466842651
6596562432.0,-1.1438663005828857
6597499904.0,-1.1406301259994507
6598437376.0,-1.1392241716384888
6599374848.0,-1.1379033327102661
6600312320.0,-1.1375445127487183
6601249792.0,-1.1374282836914062
6602187264.0,-1.1379646062850952
6603125248.0,-1.138435959815979
6604062720.0,-1.1407884359359741
6605000192.0,-1.1374845504760742
6605937664.0,-1.142448902130127
6606875136.0,-1.1464465856552124
6607812608.0,-1.1503946781158447
6608750080.0,-1.1543856859207153
6609687552.0,-1.1585350036621094
6610625024.0,-1.161688208580017
6611562496.0,-1.1650570631027222
6612499968.0,-1.1681790351867676
6613437440.0,-1.1716305017471313
6614374912.0,-1.1749260425567627
6615312384.0,-1.179088830947876
6616249856.0,-1.1827727556228638
6617187328.0,-1.188448190689087
6618124800.0,-1.1935807466506958
6619062272.0,-1.200008511543274
6620000256.0,-1.206210732460022
6620937728.0,-1.2123454809188843
6621875200.0,-1.2201372385025024
6622812672.0,-1.2269530296325684
6623750144.0,-1.2359966039657593
6624687616.0,-1.2444002628326416
6625625088.0,-1.2567518949508667
6626562560.0,-1.2714951038360596
6627500032.0,-1.288662075996399
6628437504.0,-1.3054085969924927
6629374976.0,-1.324239730834961
6630312448.0,-1.3450337648391724
6631249920.0,-1.3655537366867065
6632187392.0,-1.3876678943634033
6633124864.0,-1.4101933240890503
6634062336.0,-1.432209849357605
6634999808.0,-1.4540519714355469
6635937280.0,-1.4758414030075073
6636874752.0,-1.4963077306747437
6637812736.0,-1.5160561800003052
6638750208.0,-1.5346955060958862
6639687680.0,-1.5528630018234253
6640625152.0,-1.5703307390213013
6641562624.0,-1.5860933065414429
6642500096.0,-1.6017167568206787
6643437568.0,-1.615470290184021
6644375040.0,-1.6294056177139282
6645312512.0,-1.6422253847122192
6646249984.0,-1.6531113386154175
6647187456.0,-1.6615971326828003
6648124928.0,-1.669359564781189
6649062400.0,-1.675658941268921
6649999872.0,-1.6788522005081177
6650937344.0,-1.6835190057754517
6651874816.0,-1.6891390085220337
6652812288.0,-1.6925859451293945
6653749760.0,-1.6962363719940186
6654687744.0,-1.6995863914489746
6655625216.0,-1.7028380632400513
6656562688.0,-1.7045007944107056
6657500160.0,-1.7076773643493652
6658437632.0,-1.7110756635665894
6659375104.0,-1.715417742729187
6660312576.0,-1.721481204032898
6661250048.0,-1.730114459991455
6662187520.0,-1.7399483919143677
6663124992.0,-1.7511956691741943
6664062464.0,-1.7643119096755981
6664999936.0,-1.7885894775390625
6665937408.0,-1.804983139038086
6666874880.0,-1.8210538625717163
6667812352.0,-1.8369247913360596
6668749824.0,-1.853665828704834
6669687296.0,-1.8692858219146729
6670624768.0,-1.8858001232147217
6671562752.0,-1.9008456468582153
6672500224.0,-1.9140413999557495
6673437696.0,-1.9265042543411255
6674375168.0,-1.93655264377594
6675312640.0,-1.9461497068405151
6676250112.0,-1.9557809829711914
6677187584.0,-1.9616405963897705
6678125056.0,-1.9665967226028442
6679062528.0,-1.9701473712921143
6680000000.0,-1.971699595451355
6680937472.0,-1.9710745811462402
6681874944.0,-1.9698227643966675
6682812416.0,-1.9659110307693481
6683749888.0,-1.9641646146774292
6684687360.0,-1.9619156122207642
6685624832.0,-1.9596529006958008
6686562304.0,-1.9574940204620361
6687499776.0,-1.9581996202468872
6688437248.0,-1.9581314325332642
6689375232.0,-1.9592537879943848
6690312704.0,-1.9624395370483398
6691250176.0,-1.9650354385375977
6692187648.0,-1.9707211256027222
6693125120.0,-1.9788124561309814
6694062592.0,-1.9881669282913208
6695000064.0,-2.000990629196167
6695937536.0,-2.0151004791259766
6696875008.0,-2.031620740890503
6697812480.0,-2.050469160079956
6698749952.0,-2.0709471702575684
6699687424.0,-2.094416379928589
6700624896.0,-2.1196906566619873
6701562368.0,-2.143888235092163
6702499840.0,-2.1680517196655273
6703437312.0,-2.192359209060669
6704374784.0,-2.218036651611328
6705312256.0,-2.2420995235443115
6706250240.0,-2.265854597091675
6707187712.0,-2.2918484210968018
6708125184.0,-2.3143117427825928
6709062656.0,-2.3355796337127686
6710000128.0,-2.354731798171997
6710937600.0,-2.371824026107788
6711875072.0,-2.386256217956543
6712812544.0,-2.399411201477051
6713750016.0,-2.410834550857544
6714687488.0,-2.419098138809204
6715624960.0,-2.426379919052124
6716562432.0,-2.4313511848449707
6717499904.0,-2.433807849884033
6718437376.0,-2.4355671405792236
6719374848.0,-2.436490774154663
6720312320.0,-2.4368526935577393
6721249792.0,-2.437274694442749
6722187264.0,-2.4366695880889893
6723125248.0,-2.435415744781494
6724062720.0,-2.4356300830841064
6725000192.0,-2.413050889968872
6725937664.0,-2.4169118404388428
6726875136.0,-2.4243741035461426
6727812608.0,-2.431971311569214
6728750080.0,-2.4409072399139404
6729687552.0,-2.4504590034484863
6730625024.0,-2.4597744941711426
6731562496.0,-2.4697299003601074
6732499968.0,-2.479917049407959
6733437440.0,-2.493143320083618
6734374912.0,-2.509226083755493
6735312384.0,-2.528003692626953
6736249856.0,-2.5494043827056885
6737187328.0,-2.5712926387786865
6738124800.0,-2.596039056777954
6739062272.0,-2.62259578704834
6739999744.0,-2.651055335998535
6740937728.0,-2.6818220615386963
6741875200.0,-2.713304042816162
6742812672.0,-2.747633457183838
6743750144.0,-2.7824296951293945
6744687616.0,-2.818007230758667
6745625088.0,-2.853900909423828
6746562560.0,-2.889146327972412
6747500032.0,-2.9226207733154297
6748437504.0,-2.954847812652588
6749374976.0,-2.985619068145752
6750312448.0,-3.0126800537109375
6751249920.0,-3.037017345428467
6752187392.0,-3.062469720840454
6753124864.0,-3.0818774700164795
6754062336.0,-3.0949113368988037
6754999808.0,-3.104130268096924
6755937280.0,-3.111207962036133
6756874752.0,-3.1131627559661865
6757812736.0,-3.111368179321289
6758750208.0,-3.104627847671509
6759687680.0,-3.0955588817596436
6760625152.0,-3.08062481880188
6761562624.0,-3.0624794960021973
6762500096.0,-3.037558078765869
6763437568.0,-3.0078892707824707
6764375040.0,-2.9720466136932373
6765312512.0,-2.930198907852173
6766249984.0,-2.88427472114563
6767187456.0,-2.8327414989471436
6768124928.0,-2.779902219772339
6769062400.0,-2.723757266998291
6769999872.0,-2.665916681289673
6770937344.0,-2.604743242263794
6771874816.0,-2.5410735607147217
6772812288.0,-2.4768457412719727
6773749760.0,-2.411557912826538
6774687744.0,-2.3464624881744385
6775625216.0,-2.2823646068573
6776562688.0,-2.218972682952881
6777500160.0,-2.1581249237060547
6778437632.0,-2.1024398803710938
6779375104.0,-2.049429178237915
6780312576.0,-2.000105619430542
6781250048.0,-1.9556771516799927
6782187520.0,-1.9157196283340454
6783124992.0,-1.8791087865829468
6784062464.0,-1.8486847877502441
6784999936.0,-2.2992734909057617
6785937408.0,-2.2817564010620117
6786874880.0,-2.2656965255737305
6787812352.0,-2.248626947402954
6788749824.0,-2.2338736057281494
6789687296.0,-2.219202995300293
6790624768.0,-2.205703020095825
6791562752.0,-2.1947782039642334
6792500224.0,-2.1839683055877686
6793437696.0,-2.174983501434326
6794375168.0,-2.1699159145355225
6795312640.0,-2.1647093296051025
6796250112.0,-2.163224220275879
6797187584.0,-2.1618378162384033
6798125056.0,-2.16208553314209
6799062528.0,-2.1665570735931396
6800000000.0,-2.1715099811553955
6800937472.0,-2.1789634227752686
6801874944.0,-2.187511444091797
6802812416.0,-2.1960079669952393
6803749888.0,-2.2091190814971924
6804687360.0,-2.223316192626953
6805624832.0,-2.240750789642334
6806562304.0,-2.258592128753662
6807499776.0,-2.2773237228393555
6808437248.0,-2.2960596084594727
6809375232.0,-2.316795825958252
6810312704.0,-2.3377647399902344
6811250176.0,-2.3560638427734375
6812187648.0,-2.3748905658721924
6813125120.0,-2.3908867835998535
6814062592.0,-2.404439926147461
6815000064.0,-2.417884588241577
6815937536.0,-2.428374767303467
6816875008.0,-2.4368984699249268
6817812480.0,-2.444796085357666
6818749952.0,-2.445805788040161
6819687424.0,-2.4455225467681885
6820624896.0,-2.4419376850128174
6821562368.0,-2.4314582347869873
6822499840.0,-2.4170210361480713
6823437312.0,-2.3999273777008057
6824374784.0,-2.3769001960754395
6825312256.0,-2.352179765701294
6826250240.0,-2.3233351707458496
6827187712.0,-2.292267084121704
6828125184.0,-2.2591028213500977
6829062656.0,-2.2222325801849365
6830000128.0,-2.184720277786255
6830937600.0,-2.1451966762542725
6831875072.0,-2.1035633087158203
6832812544.0,-2.063318967819214
6833750016.0,-2.0197925567626953
6834687488.0,-1.977550745010376
6835624960.0,-1.9347726106643677
6836562432.0,-1.893414855003357
6837499904.0,-1.8525564670562744
6838437376.0,-1.8126616477966309
6839374848.0,-1.774912714958191
6840312320.0,-1.7394882440567017
6841249792.0,-1.7043603658676147
6842187264.0,-1.672706961631775
6843125248.0,-1.6422204971313477
6844062720.0,-1.6137717962265015
6845000192.0,-1.5087428092956543
6845937664.0,-1.4814506769180298
6846875136.0,-1.4576579332351685
6847812608.0,-1.4355411529541016
6848750080.0,-1.4165704250335693
6849687552.0,-1.3992527723312378
6850625024.0,-1.3853329420089722
6851562496.0,-1.374564290046692
6852499968.0,-1.3664506673812866
6853437440.0,-1.3619097471237183
6854374912.0,-1.3592569828033447
6855312384.0,-1.357985019683838
6856249856.0,-1.3616167306900024
6857187328.0,-1.366100788116455
6858124800.0,-1.371631145477295
6859062272.0,-1.3807860612869263
6860000256.0,-1.3911548852920532
6860937728.0,-1.4028880596160889
6861875200.0,-1.4172779321670532
6862812672.0,-1.4332318305969238
6863750144.0,-1.4513951539993286
6864687616.0,-1.4697012901306152
6865625088.0,-1.4890260696411133
6866562560.0,-1.5085971355438232
6867500032.0,-1.5276039838790894
6868437504.0,-1.5463621616363525
6869374976.0,-1.5634032487869263
6870312448.0,-1.579157829284668
6871249920.0,-1.5940126180648804
6872187392.0,-1.6069905757904053
6873124864.0,-1.6189780235290527
6874062336.0,-1.6285408735275269
6874999808.0,-1.6346967220306396
6875937280.0,-1.6397374868392944
6876874752.0,-1.6407995223999023
6877812736.0,-1.6395069360733032
6878750208.0,-1.6354641914367676
6879687680.0,-1.6279735565185547
6880625152.0,-1.618382453918457
6881562624.0,-1.6032050848007202
6882500096.0,-1.5871115922927856
6883437568.0,-1.5668354034423828
6884375040.0,-1.5446858406066895
6885312512.0,-1.5195459127426147
6886249984.0,-1.4918150901794434
6887187456.0,-1.464926838874817
6888124928.0,-1.4359920024871826
6889062400.0,-1.40592360496521
6889999872.0,-1.3769179582595825
6890937344.0,-1.3450813293457031
6891874816.0,-1.3147913217544556
6892812288.0,-1.2821213006973267
6893749760.0,-1.250620722770691
6894687744.0,-1.220672845840454
6895625216.0,-1.1902846097946167
6896562688.0,-1.1613563299179077
6897500160.0,-1.136025309562683
6898437632.0,-1.109262466430664
6899375104.0,-1.0844264030456543
6900312576.0,-1.0628021955490112
6901250048.0,-1.0425070524215698
6902187520.0,-1.0240157842636108
6903124992.0,-1.0069196224212646
6904062464.0,-0.9928972125053406
6904999936.0,-0.9909069538116455
6905937408.0,-0.9871694445610046
6906874880.0,-0.9856504797935486
6907812352.0,-0.9855191707611084
6908749824.0,-0.9868224859237671
6909687296.0,-0.9901946783065796
6910624768.0,-0.9937208294868469
6911562752.0,-0.9993415474891663
6912500224.0,-1.0044119358062744
6913437696.0,-1.010393500328064
6914375168.0,-1.0152078866958618
6915312640.0,-1.01984441280365
6916250112.0,-1.023119330406189
6917187584.0,-1.0257574319839478
6918125056.0,-1.0266135931015015
6919062528.0,-1.026148796081543
6920000000.0,-1.0242140293121338
6920937472.0,-1.0220340490341187
6921874944.0,-1.0162346363067627
6922812416.0,-1.009529948234558
6923749888.0,-1.0015573501586914
6924687360.0,-0.992185652256012
6925624832.0,-0.9809316992759705
6926562304.0,-0.9676110744476318
6927499776.0,-0.9531592726707458
6928437248.0,-0.937110424041748
6929375232.0,-0.9193122982978821
6930312704.0,-0.9006499648094177
6931250176.0,-0.8810597062110901
6932187648.0,-0.8606981039047241
6933125120.0,-0.8400092720985413
6934062592.0,-0.8172500729560852
6935000064.0,-0.7954788208007812
6935937536.0,-0.7723838090896606
6936875008.0,-0.7491263747215271
6937812480.0,-0.7263287901878357
6938749952.0,-0.7033171653747559
6939687424.0,-0.6814351081848145
6940624896.0,-0.6608521938323975
6941562368.0,-0.6399826407432556
6942499840.0,-0.62168288230896
6943437312.0,-0.6041823029518127
6944374784.0,-0.5891090035438538
6945312256.0,-0.5761702656745911
6946250240.0,-0.5642914772033691
6947187712.0,-0.5549301505088806
6948125184.0,-0.5479778051376343
6949062656.0,-0.5426642894744873
6950000128.0,-0.5379095077514648
6950937600.0,-0.5357183218002319
6951875072.0,-0.5337948799133301
6952812544.0,-0.534247100353241
6953750016.0,-0.5345752239227295
6954687488.0,-0.5357572436332703
6955624960.0,-0.5385622978210449
6956562432.0,-0.544746458530426
6957499904.0,-0.5523485541343689
6958437376.0,-0.5611037611961365
6959374848.0,-0.5705921053886414
6960312320.0,-0.5799139142036438
6961249792.0,-0.5913972854614258
6962187264.0,-0.601279616355896
6963125248.0,-0.6108051538467407
6964062720.0,-0.6224116683006287
6965000192.0,-0.529998242855072
6965937664.0,-0.5368531942367554
6966875136.0,-0.5457505583763123
6967812608.0,-0.5549256205558777
6968750080.0,-0.5631842613220215
6969687552.0,-0.5716012716293335
6970625024.0,-0.582118570804596
6971562496.0,-0.592743992805481
6972499968.0,-0.603442907333374
6973437440.0,-0.6153287887573242
6974374912.0,-0.6276751160621643
6975312384.0,-0.6391482949256897
6976249856.0,-0.6515510678291321
6977187328.0,-0.6637291312217712
6978124800.0,-0.6760649681091309
6979062272.0,-0.6890414357185364
6979999744.0,-0.7008440494537354
6980937728.0,-0.714554488658905
6981875200.0,-0.7247647643089294
6982812672.0,-0.7353664040565491
6983750144.0,-0.7458326816558838
6984687616.0,-0.7540945410728455
6985625088.0,-0.7631127238273621
6986562560.0,-0.7705657482147217
6987500032.0,-0.7771185636520386
6988437504.0,-0.7825889587402344
6989374976.0,-0.7872301340103149
6990312448.0,-0.7896388173103333
6991249920.0,-0.7914665937423706
6992187392.0,-0.7917256951332092
6993124864.0,-0.7913413047790527
6994062336.0,-0.7902919054031372
6994999808.0,-0.7874066233634949
6995937280.0,-0.7836142778396606
6996874752.0,-0.7778598070144653
6997812736.0,-0.7709461450576782
6998750208.0,-0.7634108662605286
6999687680.0,-0.7550445795059204
7000625152.0,-0.7450513243675232
7001562624.0,-0.7350144386291504
7002500096.0,-0.7233057618141174
7003437568.0,-0.7120809555053711
7004375040.0,-0.7003983855247498
7005312512.0,-0.6874160170555115
7006249984.0,-0.6750158667564392
7007187456.0,-0.6598851084709167
7008124928.0,-0.6423328518867493
7009062400.0,-0.6251653432846069
7009999872.0,-0.6073522567749023
7010937344.0,-0.5906920433044434
7011874816.0,-0.5727927088737488
7012812288.0,-0.5550948977470398
7013749760.0,-0.5389716029167175
7014687744.0,-0.5214572548866272
7015625216.0,-0.5060036778450012
7016562688.0,-0.4906974136829376
7017500160.0,-0.47468826174736023
7018437632.0,-0.4606385827064514
7019375104.0,-0.44751259684562683
7020312576.0,-0.4339125156402588
7021250048.0,-0.42269596457481384
7022187520.0,-0.41028785705566406
7023124992.0,-0.39900413155555725
7024062464.0,-0.3886929750442505
7024999936.0,-0.29761987924575806
7025937408.0,-0.29939523339271545
7026874880.0,-0.3040201961994171
7027812352.0,-0.3079279959201813
7028749824.0,-0.3130601942539215
7029687296.0,-0.3193294107913971
7030624768.0,-0.3266657590866089
7031562752.0,-0.33444616198539734
7032500224.0,-0.34478136897087097
7033437696.0,-0.35556235909461975
7034375168.0,-0.36650794744491577
7035312640.0,-0.378173291683197
7036250112.0,-0.39004090428352356
7037187584.0,-0.40296870470046997
7038125056.0,-0.41680076718330383
7039062528.0,-0.4286949336528778
7040000000.0,-0.4428822100162506
7040937472.0,-0.45626765489578247
7041874944.0,-0.47036421298980713
7042812416.0,-0.4835158884525299
7043749888.0,-0.4963127672672272
7044687360.0,-0.5084458589553833
7045624832.0,-0.5210903882980347
7046562304.0,-0.5321396589279175
7047499776.0,-0.5431373715400696
7048437248.0,-0.5530076622962952
7049375232.0,-0.5613471865653992
7050312704.0,-0.5696079134941101
7051250176.0,-0.5762646198272705
7052187648.0,-0.5828137397766113
7053125120.0,-0.5866590738296509
7054062592.0,-0.5907516479492188
7055000064.0,-0.5928886532783508
7055937536.0,-0.5953075289726257
7056875008.0,-0.5946906805038452
7057812480.0,-0.5940808653831482
7058749952.0,-0.5948259830474854
7059687424.0,-0.593489944934845
7060624896.0,-0.5918306112289429
7061562368.0,-0.5881667137145996
7062499840.0,-0.584071934223175
7063437312.0,-0.577932596206665
7064374784.0,-0.5710341334342957
7065312256.0,-0.5642549991607666
7066250240.0,-0.5553459525108337
7067187712.0,-0.5451701283454895
7068125184.0,-0.535379946231842
7069062656.0,-0.523163378238678
7070000128.0,-0.5111616253852844
7070937600.0,-0.4989432692527771
7071875072.0,-0.486868292093277
7072812544.0,-0.47339239716529846
7073750016.0,-0.46026119589805603
7074687488.0,-0.44586843252182007
7075624960.0,-0.4318810999393463
7076562432.0,-0.41629210114479065
7077499904.0,-0.4026377499103546
7078437376.0,-0.38742420077323914
7079374848.0,-0.3716666102409363
7080312320.0,-0.35568755865097046
7081249792.0,-0.3406601548194885
7082187264.0,-0.325104683637619
7083125248.0,-0.31019100546836853
7084062720.0,-0.2957959473133087
7085000192.0,-0.3601386249065399
7085937664.0,-0.3491765260696411
7086875136.0,-0.3394443094730377
7087812608.0,-0.3283770978450775
7088750080.0,-0.3197556436061859
7089687552.0,-0.3111260235309601
7090625024.0,-0.30329349637031555
7091562496.0,-0.2964756190776825
7092499968.0,-0.2906128466129303
7093437440.0,-0.28591275215148926
7094374912.0,-0.2804746627807617
7095312384.0,-0.27706676721572876
7096249856.0,-0.27462658286094666
7097187328.0,-0.2734072208404541
7098124800.0,-0.27279090881347656
7099062272.0,-0.27391383051872253
7100000256.0,-0.27667608857154846
7100937728.0,-0.2812291979789734
7101875200.0,-0.28828588128089905
7102812672.0,-0.2960152328014374
7103750144.0,-0.30626463890075684
7104687616.0,-0.31630080938339233
7105625088.0,-0.32949909567832947
7106562560.0,-0.34226277470588684
7107500032.0,-0.3577547073364258
7108437504.0,-0.3747006952762604
7109374976.0,-0.3933795988559723
7110312448.0,-0.412716269493103
7111249920.0,-0.43531131744384766
7112187392.0,-0.4571480453014374
7113124864.0,-0.47890400886535645
7114062336.0,-0.5021101832389832
7114999808.0,-0.5244110822677612
7115937280.0,-0.5474082231521606
7116874752.0,-0.5693764686584473
7117812736.0,-0.5906445384025574
7118750208.0,-0.612385630607605
7119687680.0,-0.633122444152832
7120625152.0,-0.6512993574142456
7121562624.0,-0.6691920757293701
7122500096.0,-0.6865823268890381
7123437568.0,-0.7008073329925537
7124375040.0,-0.7149513959884644
7125312512.0,-0.726909339427948
7126249984.0,-0.7362362146377563
7127187456.0,-0.742084801197052
7128124928.0,-0.747824490070343
7129062400.0,-0.749853789806366
7129999872.0,-0.7518290877342224
7130937344.0,-0.7497882843017578
7131874816.0,-0.7463577389717102
7132812288.0,-0.7395766973495483
7133749760.0,-0.733539879322052
7134687744.0,-0.7238296866416931
7135625216.0,-0.7120341658592224
7136562688.0,-0.6995056867599487
7137500160.0,-0.6836713552474976
7138437632.0,-0.6688786745071411
7139375104.0,-0.6506836414337158
7140312576.0,-0.6312856078147888
7141250048.0,-0.6111298203468323
7142187520.0,-0.5895391702651978
7143124992.0,-0.5686408877372742
7144062464.0,-0.4310651123523712
7144999936.0,-0.42874443531036377
7145937408.0,-0.4254302978515625
7146874880.0,-0.4214697778224945
7147812352.0,-0.4179348647594452
7148749824.0,-0.41506195068359375
7149687296.0,-0.4116063416004181
7150624768.0,-0.41010355949401855
7151562752.0,-0.4074341654777527
7152500224.0,-0.406459778547287
7153437696.0,-0.4063606858253479
7154375168.0,-0.40941575169563293
7155312640.0,-0.41142305731773376
7156250112.0,-0.41660022735595703
7157187584.0,-0.4219917356967926
7158125056.0,-0.4291423261165619
7159062528.0,-0.4391574263572693
7160000000.0,-0.4476691782474518
7160937472.0,-0.4552128314971924
7161874944.0,-0.463407427072525
7162812416.0,-0.4715207815170288
7163749888.0,-0.4813340902328491
7164687360.0,-0.49066460132598877
7165624832.0,-0.5000283122062683
7166562304.0,-0.5096603035926819
7167499776.0,-0.5198976397514343
7168437248.0,-0.5302419066429138
7169375232.0,-0.5385846495628357
7170312704.0,-0.5470777153968811
7171250176.0,-0.5560330748558044
7172187648.0,-0.5624238848686218
7173125120.0,-0.5688037872314453
7174062592.0,-0.5720024704933167
7175000064.0,-0.5755521655082703
7175937536.0,-0.5772203803062439
7176875008.0,-0.5772284865379333
7177812480.0,-0.5750705003738403
7178749952.0,-0.5718948841094971
7179687424.0,-0.5671411752700806
7180624896.0,-0.561257004737854
7181562368.0,-0.5537140965461731
7182499840.0,-0.5451681613922119
7183437312.0,-0.53489089012146
7184374784.0,-0.5233480334281921
7185312256.0,-0.5105948448181152
7186250240.0,-0.4930758476257324
7187187712.0,-0.47444650530815125
7188125184.0,-0.4557255208492279
7189062656.0,-0.43637776374816895
7190000128.0,-0.4163561463356018
7190937600.0,-0.39625605940818787
7191875072.0,-0.3765007257461548
7192812544.0,-0.3574686050415039
7193750016.0,-0.33710482716560364
7194687488.0,-0.31842756271362305
7195624960.0,-0.3005598187446594
7196562432.0,-0.28224900364875793
7197499904.0,-0.26699405908584595
7198437376.0,-0.25229981541633606
7199374848.0,-0.2397712767124176
7200312320.0,-0.22813232243061066
7201249792.0,-0.21930275857448578
7202187264.0,-0.21171770989894867
7203125248.0,-0.2071044147014618
7204062720.0,-0.30702105164527893
7205000192.0,-0.3183322548866272
7205937664.0,-0.3320047855377197
7206875136.0,-0.3505273461341858
7207812608.0,-0.3698779046535492
7208750080.0,-0.39183309674263
7209687552.0,-0.4167996346950531
7210625024.0,-0.4452238380908966
7211562496.0,-0.4749806821346283
7212499968.0,-0.5084618330001831
7213437440.0,-0.5419231057167053
7214374912.0,-0.5761822462081909
7215312384.0,-0.6102699637413025
7216249856.0,-0.6444249749183655
7217187328.0,-0.6783835887908936
7218124800.0,-0.7115576863288879
7219062272.0,-0.7420276403427124
7219999744.0,-0.7705769538879395
7220937728.0,-0.7968500852584839
7221875200.0,-0.8212742805480957
7222812672.0,-0.8402273654937744
7223750144.0,-0.8569269776344299
7224687616.0,-0.8701737523078918
7225625088.0,-0.8802800178527832
7226562560.0,-0.8845167756080627
7227500032.0,-0.8854104280471802
7228437504.0,-0.8803684115409851
7229374976.0,-0.8719950914382935
7230312448.0,-0.8588501811027527
7231249920.0,-0.8412909507751465
7232187392.0,-0.8204310536384583
7233124864.0,-0.7956218719482422
7234062336.0,-0.7669415473937988
7234999808.0,-0.7357675433158875
7235937280.0,-0.7003189921379089
7236874752.0,-0.6654580235481262
7237812736.0,-0.6285176277160645
7238750208.0,-0.5890628695487976
7239687680.0,-0.5489004254341125
7240625152.0,-0.5072737336158752
7241562624.0,-0.46499982476234436
7242500096.0,-0.42301294207572937
7243437568.0,-0.3801106810569763
7244375040.0,-0.3369363844394684
7245312512.0,-0.2945512533187866
7246249984.0,-0.25371304154396057
7247187456.0,-0.21459530293941498
7248124928.0,-0.17498299479484558
7249062400.0,-0.14108288288116455
7249999872.0,-0.10905905067920685
7250937344.0,-0.07967337965965271
7251874816.0,-0.053006675094366074
7252812288.0,-0.029473964124917984
7253749760.0,-0.009534615091979504
7254687744.0,0.0059930081479251385
7255625216.0,0.018453750759363174
7256562688.0,0.02669704705476761
7257500160.0,0.030664045363664627
7258437632.0,0.029713572934269905
7259375104.0,0.025970540940761566
7260312576.0,0.016702180728316307
7261250048.0,0.0033836141228675842
7262187520.0,-0.013154278509318829
7263124992.0,-0.03491552546620369
7264062464.0,-0.3143048882484436
7264999936.0,-0.31100162863731384
7265937408.0,-0.30866262316703796
7266874880.0,-0.30937841534614563
7267812352.0,-0.31232398748397827
7268749824.0,-0.3161541521549225
7269687296.0,-0.32226601243019104
7270624768.0,-0.3324066698551178
7271562752.0,-0.3433213531970978
7272500224.0,-0.355120450258255
7273437696.0,-0.37007713317871094
7274375168.0,-0.3850001096725464
7275312640.0,-0.40148279070854187
7276250112.0,-0.4191822409629822
7277187584.0,-0.4368634521961212
7278125056.0,-0.4542990028858185
7279062528.0,-0.4695945680141449
7280000000.0,-0.485422819852829
7280937472.0,-0.49967947602272034
7281874944.0,-0.5109881162643433
7282812416.0,-0.5228399634361267
7283749888.0,-0.5300388336181641
7284687360.0,-0.5360734462738037
7285624832.0,-0.5395456552505493
7286562304.0,-0.5402259826660156
7287499776.0,-0.5419502854347229
7288437248.0,-0.5419768691062927
7289375232.0,-0.5389223098754883
7290312704.0,-0.5345373153686523
7291250176.0,-0.527301013469696
7292187648.0,-0.5168983340263367
7293125120.0,-0.5062466859817505
7294062592.0,-0.49328649044036865
7295000064.0,-0.4785824418067932
7295937536.0,-0.4618633985519409
7296875008.0,-0.44538772106170654
7297812480.0,-0.42859765887260437
7298749952.0,-0.40965837240219116
7299687424.0,-0.3922419548034668
7300624896.0,-0.3724651038646698
7301562368.0,-0.3543437719345093
7302499840.0,-0.33728358149528503
7303437312.0,-0.32047295570373535
7304374784.0,-0.3053660988807678
7305312256.0,-0.28979814052581787
7306250240.0,-0.27578067779541016
7307187712.0,-0.2649124264717102
7308125184.0,-0.2534254789352417
7309062656.0,-0.24363704025745392
7310000128.0,-0.23573027551174164
7310937600.0,-0.2288345843553543
7311875072.0,-0.22263097763061523
7312812544.0,-0.21873781085014343
7313750016.0,-0.21659599244594574
7314687488.0,-0.21528637409210205
7315624960.0,-0.21412290632724762
7316562432.0,-0.21316976845264435
7317499904.0,-0.21342715620994568
7318437376.0,-0.21220916509628296
7319374848.0,-0.2105947583913803
7320312320.0,-0.20784994959831238
7321249792.0,-0.2022489607334137
7322187264.0,-0.1960321068763733
7323125248.0,-0.1872340738773346
7324062720.0,-0.3316412568092346
7325000192.0,-0.31125950813293457
7325937664.0,-0.28821107745170593
7326875136.0,-0.26339638233184814
7327812608.0,-0.23751124739646912
7328750080.0,-0.20963943004608154
7329687552.0,-0.1819314956665039
7330625024.0,-0.15417030453681946
7331562496.0,-0.1279197335243225
7332499968.0,-0.10352812707424164
7333437440.0,-0.08177455514669418
7334374912.0,-0.06497172266244888
7335312384.0,-0.05046195164322853
7336249856.0,-0.040192972868680954
7337187328.0,-0.03611132502555847
7338124800.0,-0.0358533039689064
7339062272.0,-0.03726539388298988
7340000256.0,-0.04392784833908081
7340937728.0,-0.05571502819657326
7341875200.0,-0.07088467478752136
7342812672.0,-0.08944299072027206
7343750144.0,-0.11215482652187347
7344687616.0,-0.13529136776924133
7345625088.0,-0.16071557998657227
7346562560.0,-0.18771004676818848
7347500032.0,-0.21337689459323883
7348437504.0,-0.23775014281272888
7349374976.0,-0.26020845770835876
7350312448.0,-0.28001657128334045
7351249920.0,-0.2963887155056
7352187392.0,-0.3079003393650055
7353124864.0,-0.3170415163040161
7354062336.0,-0.3202003538608551
7354999808.0,-0.3173225522041321
7355937280.0,-0.31215742230415344
7356874752.0,-0.30019834637641907
7357812736.0,-0.2837938964366913
7358750208.0,-0.26307737827301025
7359687680.0,-0.23884323239326477
7360625152.0,-0.2109661102294922
7361562624.0,-0.18219107389450073
7362500096.0,-0.15056559443473816
7363437568.0,-0.1179618388414383
7364375040.0,-0.08250594884157181
7365312512.0,-0.04862465709447861
7366249984.0,-0.0164638701826334
7367187456.0,0.01309029571712017
7368124928.0,0.03875824064016342
7369062400.0,0.06009363755583763
7369999872.0,0.07783772051334381
7370937344.0,0.09089122712612152
7371874816.0,0.10105406492948532
7372812288.0,0.10864927619695663
7373749760.0,0.11325345933437347
7374687744.0,0.11654573678970337
7375625216.0,0.11862201243638992
7376562688.0,0.11858998239040375
7377500160.0,0.11836171895265579
7378437632.0,0.11636686325073242
7379375104.0,0.11389770358800888
7380312576.0,0.10947147011756897
7381250048.0,0.10470987111330032
7382187520.0,0.09955986589193344
7383124992.0,0.09081896394491196
7384062464.0,-0.2166227251291275
7384999936.0,-0.23386415839195251
7385937408.0,-0.2521851658821106
7386874880.0,-0.26873257756233215
7387812352.0,-0.28494763374328613
7388749824.0,-0.30234044790267944
7389687296.0,-0.31647053360939026
7390624768.0,-0.32809513807296753
7391562752.0,-0.33859339356422424
7392500224.0,-0.34622520208358765
7393437696.0,-0.3504611849784851
7394375168.0,-0.3514217436313629
7395312640.0,-0.3482336699962616
7396250112.0,-0.3422771692276001
7397187584.0,-0.3318188190460205
7398125056.0,-0.31882718205451965
7399062528.0,-0.30046871304512024
7400000000.0,-0.28034794330596924
7400937472.0,-0.2566986382007599
7401874944.0,-0.23045380413532257
7402812416.0,-0.20069050788879395
7403749888.0,-0.16932164132595062
7404687360.0,-0.1352582573890686
7405624832.0,-0.10085957497358322
7406562304.0,-0.06505134701728821
7407499776.0,-0.02865494042634964
7408437248.0,0.008919663727283478
7409375232.0,0.04547533765435219
7410312704.0,0.08192123472690582
7411250176.0,0.11672184616327286
7412187648.0,0.14982236921787262
7413125120.0,0.18068163096904755
7414062592.0,0.20996655523777008
7415000064.0,0.2356782853603363
7415937536.0,0.25874024629592896
7416875008.0,0.27917739748954773
7417812480.0,0.295415461063385
7418749952.0,0.3094513416290283
7419687424.0,0.319937139749527
7420624896.0,0.3263070583343506
7421562368.0,0.3276669681072235
7422499840.0,0.326904833316803
7423437312.0,0.32277676463127136
7424374784.0,0.31403982639312744
7425312256.0,0.30184274911880493
7426250240.0,0.2876817286014557
7427187712.0,0.26989370584487915
7428125184.0,0.2500341236591339
7429062656.0,0.22607138752937317
7430000128.0,0.20019136369228363
7430937600.0,0.17414844036102295
7431875072.0,0.1458422690629959
7432812544.0,0.11654040962457657
7433750016.0,0.08404577523469925
7434687488.0,0.05424973741173744
7435624960.0,0.021004827693104744
7436562432.0,-0.009979644790291786
7437499904.0,-0.040852971374988556
7438437376.0,-0.07181689888238907
7439374848.0,-0.10138313472270966
7440312320.0,-0.13112042844295502
7441249792.0,-0.15951181948184967
7442187264.0,-0.1874827742576599
7443125248.0,-0.21133361756801605
7444062720.0,0.03561120107769966
7445000192.0,0.020592741668224335
7445937664.0,0.005328174214810133
7446875136.0,-0.012681551277637482
7447812608.0,-0.028935901820659637
7448750080.0,-0.04610450193285942
7449687552.0,-0.06254139542579651
7450625024.0,-0.07908041030168533
7451562496.0,-0.0919196829199791
7452499968.0,-0.10522241145372391
7453437440.0,-0.11538781225681305
7454374912.0,-0.12337956577539444
7455312384.0,-0.131147101521492
7456249856.0,-0.13597920536994934
7457187328.0,-0.137717142701149
7458124800.0,-0.13822658360004425
7459062272.0,-0.13581699132919312
7459999744.0,-0.13083010911941528
7460937728.0,-0.12614929676055908
7461875200.0,-0.11739432066679001
7462812672.0,-0.10841093957424164
7463750144.0,-0.09947981685400009
7464687616.0,-0.0882481038570404
7465625088.0,-0.07916876673698425
7466562560.0,-0.07086817920207977
7467500032.0,-0.06310949474573135
7468437504.0,-0.05500972270965576
7469374976.0,-0.04682231694459915
7470312448.0,-0.039961010217666626
7471249920.0,-0.03505348414182663
7472187392.0,-0.029856495559215546
7473124864.0,-0.027029085904359818
7474062336.0,-0.025547731667757034
7474999808.0,-0.024448757991194725
7475937280.0,-0.026241010054945946
7476874752.0,-0.02835022285580635
7477812736.0,-0.033183373510837555
7478750208.0,-0.03899593651294708
7479687680.0,-0.04559693858027458
7480625152.0,-0.054283615201711655
7481562624.0,-0.06368689984083176
7482500096.0,-0.07467643916606903
7483437568.0,-0.08389345556497574
7484375040.0,-0.09603819996118546
7485312512.0,-0.10642825067043304
7486249984.0,-0.11719941347837448
7487187456.0,-0.12976138293743134
7488124928.0,-0.13905887305736542
7489062400.0,-0.1489434689283371
7489999872.0,-0.1577404886484146
7490937344.0,-0.1654343456029892
7491874816.0,-0.17049112915992737
7492812288.0,-0.1735418289899826
7493749760.0,-0.17457060515880585
7494687744.0,-0.17524778842926025
7495625216.0,-0.17204570770263672
7496562688.0,-0.16795971989631653
7497500160.0,-0.161977618932724
7498437632.0,-0.15364770591259003
7499375104.0,-0.1441686749458313
7500312576.0,-0.13419339060783386
7501250048.0,-0.1230950579047203
7502187520.0,-0.11192220449447632
7503124992.0,-0.10154251754283905
7504062464.0,-0.0938018336892128
7504999936.0,-0.06916264444589615
7505937408.0,-0.04520225524902344
7506874880.0,-0.026419740170240402
7507812352.0,-0.008819361217319965
7508749824.0,0.0032126002479344606
7509687296.0,0.013014611788094044
7510624768.0,0.016794895753264427
7511562752.0,0.01781904324889183
7512500224.0,0.01665160432457924
7513437696.0,0.00927073135972023
7514375168.0,-0.0003786901943385601
7515312640.0,-0.011138515546917915
7516250112.0,-0.026259509846568108
7517187584.0,-0.03987718001008034
7518125056.0,-0.053886618465185165
7519062528.0,-0.06813760846853256
7520000000.0,-0.08276514708995819
7520937472.0,-0.09711574018001556
7521874944.0,-0.11086618155241013
7522812416.0,-0.12276304513216019
7523749888.0,-0.13290651142597198
7524687360.0,-0.14122772216796875
7525624832.0,-0.14547058939933777
7526562304.0,-0.14813131093978882
7527499776.0,-0.14693297445774078
7528437248.0,-0.14529621601104736
7529375232.0,-0.13824672996997833
7530312704.0,-0.13051177561283112
7531250176.0,-0.11965851485729218
7532187648.0,-0.10743450373411179
7533125120.0,-0.09486064314842224
7534062592.0,-0.07994482666254044
7535000064.0,-0.06600384414196014
7535937536.0,-0.05138235539197922
7536875008.0,-0.03905242681503296
7537812480.0,-0.026767563074827194
7538749952.0,-0.017414046451449394
7539687424.0,-0.009823501110076904
7540624896.0,-0.005422982387244701
7541562368.0,-0.00498416880145669
7542499840.0,-0.00841912254691124
7543437312.0,-0.015894979238510132
7544374784.0,-0.028279326856136322
7545312256.0,-0.043281666934490204
7546250240.0,-0.0624663420021534
7547187712.0,-0.08523272722959518
7548125184.0,-0.11090502887964249
7549062656.0,-0.1383947730064392
7550000128.0,-0.16824935376644135
7550937600.0,-0.19931043684482574
7551875072.0,-0.2301304042339325
7552812544.0,-0.2577868402004242
7553750016.0,-0.28450751304626465
7554687488.0,-0.30823269486427307
7555624960.0,-0.32937151193618774
7556562432.0,-0.34690386056900024
7557499904.0,-0.36223727464675903
7558437376.0,-0.37869319319725037
7559374848.0,-0.39208486676216125
7560312320.0,-0.40508052706718445
7561249792.0,-0.41752833127975464
7562187264.0,-0.43063485622406006
7563125248.0,-0.44356268644332886
7564062720.0,-0.45367535948753357
7565000192.0,-0.44011563062667847
7565937664.0,-0.425701767206192
7566875136.0,-0.4069395363330841
7567812608.0,-0.38536542654037476
7568750080.0,-0.36197471618652344
7569687552.0,-0.33640044927597046
7570625024.0,-0.31006717681884766
7571562496.0,-0.2835167944431305
7572499968.0,-0.2555140256881714
7573437440.0,-0.2281501591205597
7574374912.0,-0.19893662631511688
7575312384.0,-0.17050801217556
7576249856.0,-0.142495796084404
7577187328.0,-0.11506016552448273
7578124800.0,-0.08900397270917892
7579062272.0,-0.06391900032758713
7580000256.0,-0.03969409316778183
7580937728.0,-0.018546991050243378
7581875200.0,0.000999158131889999
7582812672.0,0.01746831089258194
7583750144.0,0.03309681639075279
7584687616.0,0.04708501696586609
7585625088.0,0.05727989599108696
7586562560.0,0.0662427693605423
7587500032.0,0.07164636254310608
7588437504.0,0.07515978813171387
7589374976.0,0.07700943201780319
7590312448.0,0.0757422149181366
7591249920.0,0.07136216014623642
7592187392.0,0.06499815732240677
7593124864.0,0.05734529346227646
7594062336.0,0.04965026304125786
7594999808.0,0.039431530982255936
7595937280.0,0.027989866212010384
7596874752.0,0.014428677037358284
7597812736.0,0.0005679352907463908
7598750208.0,-0.01574586145579815
7599687680.0,-0.03185448423027992
7600625152.0,-0.049763619899749756
7601562624.0,-0.06624962389469147
7602500096.0,-0.08339564502239227
7603437568.0,-0.10135380178689957
7604375040.0,-0.11859343200922012
7605312512.0,-0.13540910184383392
7606249984.0,-0.1512460857629776
7607187456.0,-0.16739703714847565
7608124928.0,-0.18149888515472412
7609062400.0,-0.19371868669986725
7609999872.0,-0.20698770880699158
7610937344.0,-0.21739915013313293
7611874816.0,-0.22645236551761627
7612812288.0,-0.23444265127182007
7613749760.0,-0.2410534769296646
7614687744.0,-0.2466771900653839
7615625216.0,-0.25104251503944397
7616562688.0,-0.2546451687812805
7617500160.0,-0.25582465529441833
7618437632.0,-0.2598744034767151
7619375104.0,-0.26368606090545654
7620312576.0,-0.2690771222114563
7621250048.0,-0.27194705605506897
7622187520.0,-0.27501431107521057
7623124992.0,-0.27748000621795654
7624062464.0,-0.27420249581336975
7624999936.0,-0.2807338833808899
7625937408.0,-0.28436726331710815
7626874880.0,-0.2863442003726959
7627812352.0,-0.2861083149909973
7628749824.0,-0.28489950299263
7629687296.0,-0.2809533178806305
7630624768.0,-0.27608099579811096
7631562752.0,-0.26925230026245117
7632500224.0,-0.26068228483200073
7633437696.0,-0.2521880567073822
7634375168.0,-0.24220912158489227
7635312640.0,-0.2313273698091507
7636250112.0,-0.21952058374881744
7637187584.0,-0.2068379521369934
7638125056.0,-0.19349835813045502
7639062528.0,-0.18131080269813538
7640000000.0,-0.16821445524692535
7640937472.0,-0.1563890278339386
7641874944.0,-0.14455074071884155
7642812416.0,-0.13479727506637573
7643749888.0,-0.12631498277187347
7644687360.0,-0.12003923207521439
7645624832.0,-0.11677524447441101
7646562304.0,-0.11307160556316376
7647499776.0,-0.11089003831148148
7648437248.0,-0.11039743572473526
7649375232.0,-0.11166635155677795
7650312704.0,-0.11239676922559738
7651250176.0,-0.11547230184078217
7652187648.0,-0.12002145498991013
7653125120.0,-0.1254313886165619
7654062592.0,-0.1317550092935562
7655000064.0,-0.13846586644649506
7655937536.0,-0.14586719870567322
7656875008.0,-0.1537049114704132
7657812480.0,-0.16216467320919037
7658749952.0,-0.17123350501060486
7659687424.0,-0.17942003905773163
7660624896.0,-0.1878267377614975
7661562368.0,-0.19601696729660034
7662499840.0,-0.2056341916322708
7663437312.0,-0.2122737467288971
7664374784.0,-0.21983686089515686
7665312256.0,-0.22586849331855774
7666250240.0,-0.23150929808616638
7667187712.0,-0.23532795906066895
7668125184.0,-0.24117453396320343
7669062656.0,-0.24333634972572327
7670000128.0,-0.2439252883195877
7670937600.0,-0.24237439036369324
7671875072.0,-0.2408028244972229
7672812544.0,-0.23819108307361603
7673750016.0,-0.23357315361499786
7674687488.0,-0.22793401777744293
7675624960.0,-0.22231736779212952
7676562432.0,-0.2161814570426941
7677499904.0,-0.20855289697647095
7678437376.0,-0.20004621148109436
7679374848.0,-0.19219282269477844
7680312320.0,-0.18355397880077362
7681249792.0,-0.17438988387584686
7682187264.0,-0.16466383635997772
7683125248.0,-0.15504194796085358
7684062720.0,0.07470729947090149
7685000192.0,0.08939376473426819
7685937664.0,0.10098610073328018
7686875136.0,0.1107167974114418
7687812608.0,0.11705247312784195
7688750080.0,0.12199223041534424
7689687552.0,0.12356311827898026
7690625024.0,0.12305403500795364
7691562496.0,0.12001243233680725
7692499968.0,0.11388396471738815
7693437440.0,0.10552293062210083
7694374912.0,0.09363511949777603
7695312384.0,0.08001988381147385
7696249856.0,0.06370160728693008
7697187328.0,0.04519163817167282
7698124800.0,0.02530219964683056
7699062272.0,0.0026950337924063206
7699999744.0,-0.02005825564265251
7700937728.0,-0.04488114267587662
7701875200.0,-0.06801371276378632
7702812672.0,-0.09303545206785202
7703750144.0,-0.11800935864448547
7704687616.0,-0.1407887190580368
7705625088.0,-0.16288654506206512
7706562560.0,-0.18466220796108246
7707500032.0,-0.2050659954547882
7708437504.0,-0.22342610359191895
7709374976.0,-0.24257273972034454
7710312448.0,-0.25813931226730347
7711249920.0,-0.27118435502052307
7712187392.0,-0.28339335322380066
7713124864.0,-0.29275912046432495
7714062336.0,-0.3019234836101532
7714999808.0,-0.30852311849594116
7715937280.0,-0.3122286796569824
7716874752.0,-0.3151492476463318
7717812736.0,-0.3158630132675171
7718750208.0,-0.3156733512878418
7719687680.0,-0.3139931559562683
7720625152.0,-0.31053775548934937
7721562624.0,-0.3048419654369354
7722500096.0,-0.29945307970046997
7723437568.0,-0.29322025179862976
7724375040.0,-0.28630486130714417
7725312512.0,-0.2778605818748474
7726249984.0,-0.27065443992614746
7727187456.0,-0.2629079818725586
7728124928.0,-0.2551597058773041
7729062400.0,-0.2485537827014923
7729999872.0,-0.24071091413497925
7730937344.0,-0.2335866391658783
7731874816.0,-0.22734086215496063
7732812288.0,-0.22185349464416504
7733749760.0,-0.21650075912475586
7734687744.0,-0.2111714780330658
7735625216.0,-0.20803166925907135
7736562688.0,-0.2049599438905716
7737500160.0,-0.2021077573299408
7738437632.0,-0.2002706080675125
7739375104.0,-0.2008744776248932
7740312576.0,-0.2024710476398468
7741250048.0,-0.20416533946990967
7742187520.0,-0.20720382034778595
7743124992.0,-0.21030081808567047
7744062464.0,-0.19899964332580566
7744999936.0,-0.16269329190254211
7745937408.0,-0.12370765209197998
7746874880.0,-0.08161086589097977
7747812352.0,-0.04215458780527115
7748749824.0,-0.0032506107818335295
7749687296.0,0.03457116708159447
7750624768.0,0.06993016600608826
7751562752.0,0.10084585100412369
7752500224.0,0.13008014857769012
7753437696.0,0.1564115583896637
7754375168.0,0.17989879846572876
7755312640.0,0.19913971424102783
7756250112.0,0.21476082503795624
7757187584.0,0.22762919962406158
7758125056.0,0.23540912568569183
7759062528.0,0.24104043841362
7760000000.0,0.2424921840429306
7760937472.0,0.24170812964439392
7761874944.0,0.2368154525756836
7762812416.0,0.22960937023162842
7763749888.0,0.21933165192604065
7764687360.0,0.20743276178836823
7765624832.0,0.1930065006017685
7766562304.0,0.17716196179389954
7767499776.0,0.16001449525356293
7768437248.0,0.14130611717700958
7769375232.0,0.12116214632987976
7770312704.0,0.10174717009067535
7771250176.0,0.08143535256385803
7772187648.0,0.060265813022851944
7773125120.0,0.04009052738547325
7774062592.0,0.019591547548770905
7775000064.0,-0.0006367929163388908
7775937536.0,-0.020300105214118958
7776875008.0,-0.03960948809981346
7777812480.0,-0.05812834948301315
7778749952.0,-0.07764944434165955
7779687424.0,-0.09550925344228745
7780624896.0,-0.11099470406770706
7781562368.0,-0.12626318633556366
7782499840.0,-0.141824871301651
7783437312.0,-0.1548720747232437
7784374784.0,-0.1685807853937149
7785312256.0,-0.17985761165618896
7786250240.0,-0.19147813320159912
7787187712.0,-0.20113138854503632
7788125184.0,-0.2099868357181549
7789062656.0,-0.21922512352466583
7790000128.0,-0.22664843499660492
7790937600.0,-0.23420239984989166
7791875072.0,-0.24152298271656036
7792812544.0,-0.24786533415317535
7793750016.0,-0.25431516766548157
7794687488.0,-0.2589000165462494
7795624960.0,-0.26296988129615784
7796562432.0,-0.2694311738014221
7797499904.0,-0.27677303552627563
7798437376.0,-0.28258946537971497
7799374848.0,-0.2872558534145355
7800312320.0,-0.2922629714012146
7801249792.0,-0.29365870356559753
7802187264.0,-0.2943532168865204
7803125248.0,-0.29321005940437317
7804062720.0,-0.27542465925216675
7805000192.0,-0.2682519853115082
7805937664.0,-0.25856760144233704
7806875136.0,-0.24768692255020142
7807812608.0,-0.23634882271289825
7808750080.0,-0.22408892214298248
7809687552.0,-0.21166443824768066
7810625024.0,-0.19798016548156738
7811562496.0,-0.1825423389673233
7812499968.0,-0.1674140989780426
7813437440.0,-0.1526467502117157
7814374912.0,-0.13522714376449585
7815312384.0,-0.11990062892436981
7816249856.0,-0.10258606821298599
7817187328.0,-0.08557210862636566
7818124800.0,-0.06951359659433365
7819062272.0,-0.05231962725520134
7820000256.0,-0.036055997014045715
7820937728.0,-0.019584810361266136
7821875200.0,-0.005709323566406965
7822812672.0,0.004431715235114098
7823750144.0,0.015605716966092587
7824687616.0,0.02575675956904888
7825625088.0,0.03566155582666397
7826562560.0,0.044412050396203995
7827500032.0,0.05315309762954712
7828437504.0,0.05931590497493744
7829374976.0,0.06479068100452423
7830312448.0,0.06989564001560211
7831249920.0,0.07621002197265625
7832187392.0,0.08141307532787323
7833124864.0,0.08616836369037628
7834062336.0,0.08895035088062286
7834999808.0,0.09174312651157379
7835937280.0,0.09384067356586456
7836874752.0,0.09583637118339539
7837812736.0,0.09756513684988022
7838750208.0,0.09854980558156967
7839687680.0,0.0981270968914032
7840625152.0,0.0984940230846405
7841562624.0,0.09932101517915726
7842500096.0,0.0979033038020134
7843437568.0,0.09726788103580475
7844375040.0,0.09609978646039963
7845312512.0,0.09538857638835907
7846249984.0,0.09407778829336166
7847187456.0,0.09150850027799606
7848124928.0,0.08849181979894638
7849062400.0,0.08414605259895325
7849999872.0,0.07974403351545334
7850937344.0,0.07469809800386429
7851874816.0,0.06816880404949188
7852812288.0,0.06249070540070534
7853749760.0,0.056030064821243286
7854687744.0,0.048327747732400894
7855625216.0,0.04105797037482262
7856562688.0,0.03346701338887215
7857500160.0,0.02310754917562008
7858437632.0,0.013379115611314774
7859375104.0,0.003009504172950983
7860312576.0,-0.007558824494481087
7861250048.0,-0.018381884321570396
7862187520.0,-0.02930186316370964
7863124992.0,-0.0412580631673336
7864062464.0,0.05550185218453407
7864999936.0,0.04628690332174301
7865937408.0,0.03681935369968414
7866874880.0,0.02943533845245838
7867812352.0,0.021551702171564102
7868749824.0,0.015382356010377407
7869687296.0,0.009912896901369095
7870624768.0,0.005126954987645149
7871562752.0,-0.00023904818226583302
7872500224.0,-0.005151920951902866
7873437696.0,-0.009446850046515465
7874375168.0,-0.017344484105706215
7875312640.0,-0.024097789078950882
7876250112.0,-0.030898047611117363
7877187584.0,-0.03904254361987114
7878125056.0,-0.04693450778722763
7879062528.0,-0.05502396821975708
7880000000.0,-0.06368439644575119
7880937472.0,-0.07472073286771774
7881874944.0,-0.08524957299232483
7882812416.0,-0.09787554293870926
7883749888.0,-0.11309592425823212
7884687360.0,-0.1283339411020279
7885624832.0,-0.14549194276332855
7886562304.0,-0.1655701994895935
7887499776.0,-0.18591207265853882
7888437248.0,-0.20738451182842255
7889375232.0,-0.23069226741790771
7890312704.0,-0.25507816672325134
7891250176.0,-0.27943673729896545
7892187648.0,-0.3046760559082031
7893125120.0,-0.33041977882385254
7894062592.0,-0.3554193377494812
7895000064.0,-0.3804357647895813
7895937536.0,-0.4037795662879944
7896875008.0,-0.4262954294681549
7897812480.0,-0.4478616416454315
7898749952.0,-0.4662773907184601
7899687424.0,-0.48089006543159485
7900624896.0,-0.4944614768028259
7901562368.0,-0.5054793357849121
7902499840.0,-0.5129948258399963
7903437312.0,-0.5186841487884521
7904374784.0,-0.5209169983863831
7905312256.0,-0.5203741788864136
7906250240.0,-0.5166816115379333
7907187712.0,-0.510394811630249
7908125184.0,-0.49964651465415955
7909062656.0,-0.4879888892173767
7910000128.0,-0.47218257188796997
7910937600.0,-0.4548477530479431
7911875072.0,-0.4334368407726288
7912812544.0,-0.4107629358768463
7913750016.0,-0.3868449032306671
7914687488.0,-0.35909438133239746
7915624960.0,-0.33096784353256226
7916562432.0,-0.30180779099464417
7917499904.0,-0.2719382643699646
7918437376.0,-0.24238376319408417
7919374848.0,-0.21162179112434387
7920312320.0,-0.18116286396980286
7921249792.0,-0.1493193507194519
7922187264.0,-0.12083051353693008
7923125248.0,-0.09150123596191406
7924062720.0,0.05832504481077194
7925000192.0,0.08073806017637253
7925937664.0,0.10062548518180847
7926875136.0,0.11802598834037781
7927812608.0,0.13384704291820526
7928750080.0,0.14586694538593292
7929687552.0,0.1560901552438736
7930625024.0,0.16485987603664398
7931562496.0,0.1701175570487976
7932499968.0,0.17302152514457703
7933437440.0,0.17369726300239563
7934374912.0,0.1716841161251068
7935312384.0,0.16930736601352692
7936249856.0,0.16266478598117828
7937187328.0,0.15591955184936523
7938124800.0,0.14576606452465057
7939062272.0,0.1340845227241516
7939999744.0,0.12082290649414062
7940937728.0,0.10679797828197479
7941875200.0,0.08978234976530075
7942812672.0,0.07288631796836853
7943750144.0,0.054154857993125916
7944687616.0,0.034815557301044464
7945625088.0,0.014045841060578823
7946562560.0,-0.008128820918500423
7947500032.0,-0.030323537066578865
7948437504.0,-0.05414262413978577
7949374976.0,-0.07624179869890213
7950312448.0,-0.09866826981306076
7951249920.0,-0.11998140066862106
7952187392.0,-0.14133894443511963
7953124864.0,-0.1633632332086563
7954062336.0,-0.18561042845249176
7954999808.0,-0.20718000829219818
7955937280.0,-0.23088338971138
7956874752.0,-0.25134021043777466
7957812736.0,-0.2740430533885956
7958750208.0,-0.2960702180862427
7959687680.0,-0.31666919589042664
7960625152.0,-0.3379344046115875
7961562624.0,-0.35884833335876465
7962500096.0,-0.378006249666214
7963437568.0,-0.3967975378036499
7964375040.0,-0.415002703666687
7965312512.0,-0.43251433968544006
7966249984.0,-0.44816750288009644
7967187456.0,-0.46393659710884094
7968124928.0,-0.47753557562828064
7969062400.0,-0.4889608323574066
7969999872.0,-0.49915245175361633
7970937344.0,-0.5082889795303345
7971874816.0,-0.5155977606773376
7972812288.0,-0.5213577747344971
7973749760.0,-0.5245705246925354
7974687744.0,-0.5252782106399536
7975625216.0,-0.5249027013778687
7976562688.0,-0.5239349007606506
7977500160.0,-0.5176876783370972
7978437632.0,-0.5106722712516785
7979375104.0,-0.5022867321968079
7980312576.0,-0.48919641971588135
7981250048.0,-0.4757654368877411
7982187520.0,-0.4581129848957062
7983124992.0,-0.43905961513519287
7984062464.0,-0.4159032702445984
7984999936.0,-0.4011268615722656
7985937408.0,-0.3864416480064392
7986874880.0,-0.36905938386917114
7987812352.0,-0.35091662406921387
7988749824.0,-0.3321015536785126
7989687296.0,-0.3133702576160431
7990624768.0,-0.29328620433807373
7991562752.0,-0.2729583978652954
7992500224.0,-0.2531778812408447
7993437696.0,-0.2311931550502777
7994375168.0,-0.2099745124578476
7995312640.0,-0.1882135272026062
7996250112.0,-0.16785891354084015
7997187584.0,-0.147583469748497
7998125056.0,-0.12721264362335205
7999062528.0,-0.10954868793487549
8000000000.0,-0.09057474136352539
