Frequency (Hz),Measurement
2000000000.0,0.18653059005737305
2000937472.0,0.17915794253349304
2001874944.0,0.1714285910129547
2002812544.0,0.1628403663635254
2003750016.0,0.15313754975795746
2004687488.0,0.14241473376750946
2005624960.0,0.13061422109603882
2006562560.0,0.11952997744083405
2007500032.0,0.10707501322031021
2008437504.0,0.09452366083860397
2009374976.0,0.08176714181900024
2010312448.0,0.06757587939500809
2011250048.0,0.05314048379659653
2012187520.0,0.039421092718839645
2013124992.0,0.024903861805796623
2014062464.0,0.010717155411839485
2015000064.0,-0.0031217201612889767
2015937536.0,-0.01671532727777958
2016875008.0,-0.03073359839618206
2017812480.0,-0.042959123849868774
2018749952.0,-0.05615942180156708
2019687552.0,-0.06784605234861374
2020625024.0,-0.07897787541151047
2021562496.0,-0.0888824537396431
2022499968.0,-0.09667719155550003
2023437440.0,-0.10467661172151566
2024375040.0,-0.11045686155557632
2025312512.0,-0.11520536243915558
2026249984.0,-0.1180700957775116
2027187456.0,-0.11966622620820999
2028125056.0,-0.11914252489805222
2029062528.0,-0.11753998696804047
2030000000.0,-0.11421173810958862
2030937472.0,-0.10997043550014496
2031874944.0,-0.10271304100751877
2032812544.0,-0.0962420180439949
2033750016.0,-0.08773788064718246
2034687488.0,-0.07745987921953201
2035624960.0,-0.06621727347373962
2036562560.0,-0.054312363266944885
2037500032.0,-0.041195232421159744
2038437504.0,-0.02814399264752865
2039374976.0,-0.01357194222509861
2040312448.0,2.110655259457417e-06
2041250048.0,0.013679822906851768
2042187520.0,0.028168216347694397
2043124992.0,0.04276477172970772
2044062464.0,0.05598030239343643
2044999936.0,0.06865356117486954
2045937536.0,0.0809655413031578
2046875008.0,0.09212307631969452
2047812480.0,0.10245560854673386
2048749952.0,0.10063232481479645
2049687552.0,0.10849827527999878
2050625024.0,0.11597558856010437
2051562496.0,0.12214438617229462
2052499968.0,0.12544193863868713
2053437440.0,0.12724757194519043
2054375040.0,0.12653085589408875
2055312512.0,0.12487886846065521
2056249984.0,0.1207815408706665
2057187456.0,0.11518614739179611
2058125056.0,0.10640650987625122
2059062528.0,0.09666082262992859
2060000000.0,0.0839952901005745
2060937472.0,0.0707671046257019
2061874944.0,0.05575078725814819
2062812544.0,0.039760928601026535
2063750016.0,0.023197654634714127
2064687488.0,0.005205149762332439
2065624960.0,-0.011741683818399906
2066562560.0,-0.029383668676018715
2067500032.0,-0.04649901017546654
2068437504.0,-0.06287267059087753
2069374976.0,-0.07857073843479156
2070312448.0,-0.09199254959821701
2071250048.0,-0.10686090588569641
2072187520.0,-0.11748947203159332
2073124992.0,-0.12665028870105743
2074062464.0,-0.13423369824886322
2075000064.0,-0.1399661898612976
2075937536.0,-0.14365895092487335
2076875008.0,-0.1445753574371338
2077812480.0,-0.1449306458234787
2078749952.0,-0.1409178376197815
2079687552.0,-0.13710355758666992
2080625024.0,-0.1307692676782608
2081562496.0,-0.12274371832609177
2082499968.0,-0.1135718896985054
2083437440.0,-0.10382974147796631
2084375040.0,-0.09173355251550674
2085312512.0,-0.08011432737112045
2086249984.0,-0.06840480864048004
2087187456.0,-0.05501840263605118
2088125056.0,-0.04363800585269928
2089062528.0,-0.030830636620521545
2090000000.0,-0.01872350461781025
2090937472.0,-0.007286024745553732
2091874944.0,0.0033225761726498604
2092812544.0,0.012626937590539455
2093750016.0,0.022615280002355576
2094687488.0,0.029420871287584305
2095624960.0,0.03748948872089386
2096562560.0,0.043955784291028976
2097500032.0,0.05073392018675804
2098437504.0,0.05630027875304222
2099374976.0,0.06157401576638222
2100312448.0,0.0655149444937706
2101250048.0,0.07033795118331909
2102187520.0,0.07380203157663345
2103124992.0,0.07897186279296875
2104062464.0,0.08291532844305038
2104999936.0,0.087608702480793
2105937536.0,0.09130896627902985
2106875008.0,0.09610632061958313
2107812480.0,0.101041778922081
2108749952.0,0.13224364817142487
2109687552.0,0.13769568502902985
2110625024.0,0.14278273284435272
2111562496.0,0.14916324615478516
2112499968.0,0.15206222236156464
2113437440.0,0.15425756573677063
2114375040.0,0.15675082802772522
2115312512.0,0.1563798040151596
2116249984.0,0.15631359815597534
2117187456.0,0.15395215153694153
2118125056.0,0.15034402906894684
2119062528.0,0.14614756405353546
2120000000.0,0.13970805704593658
2120937472.0,0.13263443112373352
2121874944.0,0.1246943399310112
2122812544.0,0.11471231281757355
2123750016.0,0.10452710837125778
2124687488.0,0.09306181967258453
2125624960.0,0.08010120689868927
2126562560.0,0.06731567531824112
2127500032.0,0.05296697840094566
2128437504.0,0.04001813381910324
2129374976.0,0.02674219198524952
2130312448.0,0.012893160805106163
2131250048.0,-0.00044771344983018935
2132187520.0,-0.013237337581813335
2133124992.0,-0.02656511962413788
2134062464.0,-0.03731602802872658
2135000064.0,-0.047420091927051544
2135937536.0,-0.05789356678724289
2136875008.0,-0.06618395447731018
2137812480.0,-0.0731186643242836
2138749952.0,-0.0779486820101738
2139687552.0,-0.0820707306265831
2140625024.0,-0.08483539521694183
2141562496.0,-0.08563783764839172
2142499968.0,-0.08571500331163406
2143437440.0,-0.08368892222642899
2144375040.0,-0.08133755624294281
2145312512.0,-0.0771217867732048
2146249984.0,-0.07214052230119705
2147187456.0,-0.06657671928405762
2148124928.0,-0.058882057666778564
2149062400.0,-0.05121220275759697
2150000128.0,-0.043178755789995193
2150937600.0,-0.03357692435383797
2151875072.0,-0.02419600635766983
2152812544.0,-0.014484935440123081
2153750016.0,-0.005056446418166161
2154687488.0,0.004549540579319
2155624960.0,0.013860602863132954
2156562432.0,0.022477705031633377
2157499904.0,0.0314461886882782
2158437376.0,0.038815613836050034
2159375104.0,0.04616783559322357
2160312576.0,0.05252058431506157
2161250048.0,0.058150798082351685
2162187520.0,0.06282194703817368
2163124992.0,0.06670739501714706
2164062464.0,0.07098647952079773
2164999936.0,0.07330155372619629
2165937408.0,0.07501818984746933
2166874880.0,0.07705720514059067
2167812608.0,0.07869227975606918
2168750080.0,0.1519385725259781
2169687552.0,0.15417170524597168
2170625024.0,0.15356579422950745
2171562496.0,0.15176649391651154
2172499968.0,0.14726851880550385
2173437440.0,0.1420086920261383
2174374912.0,0.13433681428432465
2175312384.0,0.12671077251434326
2176250112.0,0.11763468384742737
2177187584.0,0.10693158954381943
2178125056.0,0.09523454308509827
2179062528.0,0.08372266590595245
2180000000.0,0.07079073041677475
2180937472.0,0.05787213519215584
2181874944.0,0.04424764961004257
2182812416.0,0.03041803650557995
2183749888.0,0.017365092411637306
2184687616.0,0.00355787412263453
2185625088.0,-0.009906124323606491
2186562560.0,-0.02225784957408905
2187500032.0,-0.03492916002869606
2188437504.0,-0.04713595658540726
2189374976.0,-0.0593106709420681
2190312448.0,-0.06903760135173798
2191249920.0,-0.07968392223119736
2192187392.0,-0.08853597939014435
2193125120.0,-0.09660331904888153
2194062592.0,-0.10358098894357681
2195000064.0,-0.10970985889434814
2195937536.0,-0.11518332362174988
2196875008.0,-0.11941727995872498
2197812480.0,-0.12316063791513443
2198749952.0,-0.12543043494224548
2199687424.0,-0.12825965881347656
2200624896.0,-0.12845467031002045
2201562624.0,-0.12923678755760193
2202500096.0,-0.1277078241109848
2203437568.0,-0.1255926638841629
2204375040.0,-0.12481416016817093
2205312512.0,-0.12189822643995285
2206249984.0,-0.11887425184249878
2207187456.0,-0.11501804739236832
2208124928.0,-0.11101967841386795
2209062400.0,-0.10721661895513535
2209999872.0,-0.10272164642810822
2210937600.0,-0.0961899533867836
2211875072.0,-0.08928288519382477
2212812544.0,-0.08280985802412033
2213750016.0,-0.0766918733716011
2214687488.0,-0.06921296566724777
2215624960.0,-0.06151513382792473
2216562432.0,-0.05367057025432587
2217499904.0,-0.0457824245095253
2218437376.0,-0.03809289634227753
2219375104.0,-0.029392633587121964
2220312576.0,-0.02014620043337345
2221250048.0,-0.011190728284418583
2222187520.0,-0.002267164411023259
2223124992.0,0.007304980885237455
2224062464.0,0.016883667558431625
2224999936.0,0.02683066576719284
2225937408.0,0.03658459708094597
2226874880.0,0.046784352511167526
2227812608.0,0.056386180222034454
2228750080.0,0.063776895403862
2229687552.0,0.07185912877321243
2230625024.0,0.08017201721668243
2231562496.0,0.088274747133255
2232499968.0,0.09461937844753265
2233437440.0,0.10083702951669693
2234374912.0,0.10543700307607651
2235312384.0,0.10808490961790085
2236250112.0,0.11042717844247818
2237187584.0,0.11043567955493927
2238125056.0,0.10795699805021286
2239062528.0,0.10355622321367264
2240000000.0,0.09867953509092331
2240937472.0,0.09137706458568573
2241874944.0,0.08377118408679962
2242812416.0,0.07484081387519836
2243749888.0,0.0658140778541565
2244687616.0,0.05508694052696228
2245625088.0,0.04305403679609299
2246562560.0,0.030362572520971298
2247500032.0,0.016242899000644684
2248437504.0,0.0017470394959673285
2249374976.0,-0.01330577488988638
2250312448.0,-0.029671939089894295
2251249920.0,-0.047766972333192825
2252187392.0,-0.0658150315284729
2253125120.0,-0.0835539847612381
2254062592.0,-0.10297339409589767
2255000064.0,-0.12160418182611465
2255937536.0,-0.1416175663471222
2256875008.0,-0.16064180433750153
2257812480.0,-0.18029478192329407
2258749952.0,-0.19908812642097473
2259687424.0,-0.21841979026794434
2260624896.0,-0.23754827678203583
2261562624.0,-0.25575482845306396
2262500096.0,-0.27370521426200867
2263437568.0,-0.29050180315971375
2264375040.0,-0.30627384781837463
2265312512.0,-0.32052677869796753
2266249984.0,-0.33414751291275024
2267187456.0,-0.3465951979160309
2268124928.0,-0.3567406237125397
2269062400.0,-0.3667314648628235
2270000128.0,-0.37480440735816956
2270937600.0,-0.38097065687179565
2271875072.0,-0.38528892397880554
2272812544.0,-0.38909754157066345
2273750016.0,-0.3906450867652893
2274687488.0,-0.3909233808517456
2275624960.0,-0.3896474242210388
2276562432.0,-0.3876534700393677
2277499904.0,-0.3842450976371765
2278437376.0,-0.37929990887641907
2279375104.0,-0.37223100662231445
2280312576.0,-0.3649296760559082
2281250048.0,-0.3571086823940277
2282187520.0,-0.3484317660331726
2283124992.0,-0.3380330801010132
2284062464.0,-0.32809022068977356
2284999936.0,-0.3171405494213104
2285937408.0,-0.3072660565376282
2286874880.0,-0.2964631915092468
2287812608.0,-0.28779545426368713
2288750080.0,-0.300253689289093
2289687552.0,-0.30408769845962524
2290625024.0,-0.3068353831768036
2291562496.0,-0.3103450536727905
2292499968.0,-0.3135744631290436
2293437440.0,-0.31736451387405396
2294374912.0,-0.32293185591697693
2295312384.0,-0.3283272087574005
2296250112.0,-0.33430227637290955
2297187584.0,-0.34079501032829285
2298125056.0,-0.349003404378891
2299062528.0,-0.3585380017757416
2300000000.0,-0.37035706639289856
2300937472.0,-0.3831128478050232
2301874944.0,-0.3995078206062317
2302812416.0,-0.41638511419296265
2303749888.0,-0.4352295398712158
2304687616.0,-0.4574476480484009
2305625088.0,-0.4820220470428467
2306562560.0,-0.5084022879600525
2307500032.0,-0.5370572805404663
2308437504.0,-0.5690337419509888
2309374976.0,-0.5997348427772522
2310312448.0,-0.6245343089103699
2311249920.0,-0.6511834263801575
2312187392.0,-0.6784505844116211
2313125120.0,-0.7075909972190857
2314062592.0,-0.7381736040115356
2315000064.0,-0.7684387564659119
2315937536.0,-0.802131712436676
2316875008.0,-0.8344258069992065
2317812480.0,-0.8683858513832092
2318749952.0,-0.9012404084205627
2319687424.0,-0.9349746108055115
2320624896.0,-0.9666785597801208
2321562624.0,-0.9973099231719971
2322500096.0,-1.027052879333496
2323437568.0,-1.0555788278579712
2324375040.0,-1.0815973281860352
2325312512.0,-1.1062991619110107
2326249984.0,-1.1290671825408936
2327187456.0,-1.1497191190719604
2328124928.0,-1.1672554016113281
2329062400.0,-1.1819019317626953
2329999872.0,-1.195883870124817
2330937600.0,-1.2060116529464722
2331875072.0,-1.2134878635406494
2332812544.0,-1.2191169261932373
2333750016.0,-1.2214901447296143
2334687488.0,-1.2205824851989746
2335624960.0,-1.2180224657058716
2336562432.0,-1.212117075920105
2337499904.0,-1.2043401002883911
2338437376.0,-1.1947755813598633
2339375104.0,-1.182823657989502
2340312576.0,-1.1709883213043213
2341250048.0,-1.1573234796524048
2342187520.0,-1.1410473585128784
2343124992.0,-1.125715970993042
2344062464.0,-1.109302282333374
2344999936.0,-1.0927757024765015
2345937408.0,-1.0750868320465088
2346874880.0,-1.0577903985977173
2347812608.0,-1.0402649641036987
2348750080.0,-1.0095641613006592
2349687552.0,-0.9983119368553162
2350625024.0,-0.9865657687187195
2351562496.0,-0.9750794172286987
2352499968.0,-0.9642447829246521
2353437440.0,-0.9541345834732056
2354374912.0,-0.9452130198478699
2355312384.0,-0.937075674533844
2356250112.0,-0.9303818941116333
2357187584.0,-0.9239394664764404
2358125056.0,-0.9200501441955566
2359062528.0,-0.9171921014785767
2360000000.0,-0.9171202778816223
2360937472.0,-0.9173977375030518
2361874944.0,-0.9197337031364441
2362812416.0,-0.9238144755363464
2363749888.0,-0.929277241230011
2364687616.0,-0.9375066161155701
2365625088.0,-0.945859968662262
2366562560.0,-0.9550047516822815
2367500032.0,-0.9653341174125671
2368437504.0,-0.9771814346313477
2369374976.0,-0.9892668128013611
2370312448.0,-1.0019046068191528
2371249920.0,-1.0132970809936523
2372187392.0,-1.0246658325195312
2373125120.0,-1.0335882902145386
2374062592.0,-1.0422991514205933
2375000064.0,-1.047817349433899
2375937536.0,-1.051499605178833
2376875008.0,-1.0516546964645386
2377812480.0,-1.049115538597107
2378749952.0,-1.0446077585220337
2379687424.0,-1.0357728004455566
2380624896.0,-1.0228245258331299
2381562624.0,-1.0073611736297607
2382500096.0,-0.988779604434967
2383437568.0,-0.966509997844696
2384375040.0,-0.9420222640037537
2385312512.0,-0.914922297000885
2386249984.0,-0.8857712745666504
2387187456.0,-0.8530158400535583
2388124928.0,-0.8215044736862183
2389062400.0,-0.788326621055603
2390000128.0,-0.7535964250564575
2390937600.0,-0.7184195518493652
2391875072.0,-0.6840953826904297
2392812544.0,-0.6494884490966797
2393750016.0,-0.6158645153045654
2394687488.0,-0.5824523568153381
2395624960.0,-0.5511327385902405
2396562432.0,-0.5190961956977844
2397499904.0,-0.4886276423931122
2398437376.0,-0.4587555229663849
2399375104.0,-0.4297872483730316
2400312576.0,-0.401407927274704
2401250048.0,-0.3744949400424957
2402187520.0,-0.3483942747116089
2403124992.0,-0.32297635078430176
2404062464.0,-0.2981657087802887
2404999936.0,-0.2737850844860077
2405937408.0,-0.24980665743350983
2406874880.0,-0.2268538475036621
2407812608.0,-0.2037409543991089
2408750080.0,-0.13024158775806427
2409687552.0,-0.1077142059803009
2410625024.0,-0.08711794763803482
2411562496.0,-0.06800554692745209
2412499968.0,-0.04962790384888649
2413437440.0,-0.033816322684288025
2414374912.0,-0.020719636231660843
2415312384.0,-0.009510575793683529
2416250112.0,-0.0014959477121010423
2417187584.0,0.002970950910821557
2418125056.0,0.004557005129754543
2419062528.0,0.004056411329656839
2420000000.0,-0.0007589356973767281
2420937472.0,-0.0087993573397398
2421874944.0,-0.019644267857074738
2422812416.0,-0.03482454642653465
2423749888.0,-0.05280736833810806
2424687616.0,-0.07246597111225128
2425625088.0,-0.09624648839235306
2426562560.0,-0.1210143193602562
2427500032.0,-0.14843305945396423
2428437504.0,-0.17749342322349548
2429374976.0,-0.20682542026042938
2430312448.0,-0.2376156896352768
2431249920.0,-0.2679279148578644
2432187392.0,-0.29705795645713806
2433125120.0,-0.32556137442588806
2434062592.0,-0.3533986806869507
2435000064.0,-0.37854716181755066
2435937536.0,-0.40105918049812317
2436875008.0,-0.42041417956352234
2437812480.0,-0.4384814202785492
2438749952.0,-0.4529355764389038
2439687424.0,-0.4630401134490967
2440624896.0,-0.4700602889060974
2441562624.0,-0.4748477637767792
2442500096.0,-0.473905086517334
2443437568.0,-0.47048935294151306
2444375040.0,-0.46160441637039185
2445312512.0,-0.4508792459964752
2446249984.0,-0.4369770884513855
2447187456.0,-0.4191451966762543
2448124928.0,-0.3990039527416229
2449062400.0,-0.37512388825416565
2449999872.0,-0.3500659763813019
2450937600.0,-0.3220253586769104
2451875072.0,-0.29336312413215637
2452812544.0,-0.26198330521583557
2453750016.0,-0.23026883602142334
2454687488.0,-0.196800097823143
2455624960.0,-0.16355861723423004
2456562432.0,-0.13087740540504456
2457499904.0,-0.09842323511838913
2458437376.0,-0.06498908251523972
2459375104.0,-0.03268009051680565
2460312576.0,-0.0009342804551124573
2461250048.0,0.02933465875685215
2462187520.0,0.059261489659547806
2463124992.0,0.08724291622638702
2464062464.0,0.11457281559705734
2464999936.0,0.1395738422870636
2465937408.0,0.1651899814605713
2466874880.0,0.18744954466819763
2467812608.0,0.20845821499824524
2468750080.0,0.12112358957529068
2469687552.0,0.13569463789463043
2470625024.0,0.1517530381679535
2471562496.0,0.16530729830265045
2472499968.0,0.17697195708751678
2473437440.0,0.18739032745361328
2474374912.0,0.19505596160888672
2475312384.0,0.20123744010925293
2476250112.0,0.20641766488552094
2477187584.0,0.20747390389442444
2478125056.0,0.20840637385845184
2479062528.0,0.20727649331092834
2480000000.0,0.20295438170433044
2480937472.0,0.19712145626544952
2481874944.0,0.18942394852638245
2482812416.0,0.18060770630836487
2483749888.0,0.16912145912647247
2484687616.0,0.15619917213916779
2485625088.0,0.1422051638364792
2486562560.0,0.12606081366539001
2487500032.0,0.10863956063985825
2488437504.0,0.09038865566253662
2489374976.0,0.06994614005088806
2490312448.0,0.05073929578065872
2491249920.0,0.03021778166294098
2492187392.0,0.009579615667462349
2493125120.0,-0.011807974427938461
2494062592.0,-0.03145786374807358
2495000064.0,-0.05266045406460762
2495937536.0,-0.07240563631057739
2496875008.0,-0.09140127152204514
2497812480.0,-0.10897805541753769
2498749952.0,-0.12576152384281158
2499687424.0,-0.1412777304649353
2500624896.0,-0.15431062877178192
2501562624.0,-0.16684219241142273
2502500096.0,-0.17666228115558624
2503437568.0,-0.18577100336551666
2504375040.0,-0.1919100135564804
2505312512.0,-0.19699956476688385
2506249984.0,-0.20002050697803497
2507187456.0,-0.20043808221817017
2508124928.0,-0.19949541985988617
2509062400.0,-0.19570201635360718
2510000128.0,-0.19055213034152985
2510937600.0,-0.18237704038619995
2511875072.0,-0.1739698052406311
2512812544.0,-0.16362185776233673
2513750016.0,-0.15112589299678802
2514687488.0,-0.13624490797519684
2515624960.0,-0.12203888595104218
2516562432.0,-0.10616429895162582
2517499904.0,-0.08958215266466141
2518437376.0,-0.07100574672222137
2519375104.0,-0.052690669894218445
2520312576.0,-0.033955685794353485
2521250048.0,-0.013328569009900093
2522187520.0,0.00547145027667284
2523124992.0,0.02434571646153927
2524062464.0,0.043063685297966
2524999936.0,0.06050773710012436
2525937408.0,0.07871884852647781
2526874880.0,0.09571773558855057
2527812608.0,0.11087605357170105
2528750080.0,0.16340070962905884
2529687552.0,0.16920334100723267
2530625024.0,0.174172505736351
2531562496.0,0.1788572072982788
2532499968.0,0.18096879124641418
2533437440.0,0.18356265127658844
2534374912.0,0.18451185524463654
2535312384.0,0.18479730188846588
2536250112.0,0.18458977341651917
2537187584.0,0.18249064683914185
2538125056.0,0.17983071506023407
2539062528.0,0.17693182826042175
2540000000.0,0.17141428589820862
2540937472.0,0.16578328609466553
2541874944.0,0.15904277563095093
2542812416.0,0.15027806162834167
2543749888.0,0.1416059285402298
2544687616.0,0.13196374475955963
2545625088.0,0.12129370123147964
2546562560.0,0.10877905786037445
2547500032.0,0.09521551430225372
2548437504.0,0.08248262852430344
2549374976.0,0.06765042245388031
2550312448.0,0.05222241207957268
2551249920.0,0.03733004257082939
2552187392.0,0.02142980694770813
2553125120.0,0.004922998137772083
2554062592.0,-0.011617503128945827
2555000064.0,-0.02786450833082199
2555937536.0,-0.04332401975989342
2556875008.0,-0.058560676872730255
2557812480.0,-0.07293815910816193
2558749952.0,-0.08590424060821533
2559687424.0,-0.0984601154923439
2560624896.0,-0.1099882498383522
2561562624.0,-0.11942250281572342
2562500096.0,-0.1271573305130005
2563437568.0,-0.13420768082141876
2564375040.0,-0.13984046876430511
2565312512.0,-0.14215417206287384
2566249984.0,-0.14293619990348816
2567187456.0,-0.14228574931621552
2568124928.0,-0.1405981183052063
2569062400.0,-0.13489185273647308
2569999872.0,-0.12879116833209991
2570937600.0,-0.12020821869373322
2571875072.0,-0.11004974693059921
2572812544.0,-0.09735295921564102
2573750016.0,-0.08385729789733887
2574687488.0,-0.06868686527013779
2575624960.0,-0.052682291716337204
2576562432.0,-0.03447607904672623
2577499904.0,-0.016087671741843224
2578437376.0,0.0026549198664724827
2579375104.0,0.022401925176382065
2580312576.0,0.04305603355169296
2581250048.0,0.06354548782110214
2582187520.0,0.08303327113389969
2583124992.0,0.10305293649435043
2584062464.0,0.12289904803037643
2584999936.0,0.140565887093544
2585937408.0,0.1572653204202652
2586874880.0,0.17180730402469635
2587812608.0,0.1852620244026184
2588750080.0,0.20989879965782166
2589687552.0,0.21901807188987732
2590625024.0,0.22343052923679352
2591562496.0,0.22704659402370453
2592499968.0,0.22802777588367462
2593437440.0,0.2253917008638382
2594374912.0,0.22256863117218018
2595312384.0,0.21708045899868011
2596250112.0,0.20852972567081451
2597187584.0,0.19898061454296112
2598125056.0,0.18674281239509583
2599062528.0,0.17357684671878815
2600000000.0,0.15855365991592407
2600937472.0,0.14409561455249786
2601874944.0,0.1277879923582077
2602812416.0,0.11100108921527863
2603749888.0,0.09312061220407486
2604687616.0,0.0753038302063942
2605625088.0,0.05811835080385208
2606562560.0,0.04036532714962959
2607500032.0,0.023965982720255852
2608437504.0,0.007068760227411985
2609374976.0,-0.008515269495546818
2610312448.0,-0.02287769317626953
2611249920.0,-0.03627696633338928
2612187392.0,-0.04904467612504959
2613125120.0,-0.060427822172641754
2614062592.0,-0.0703391283750534
2615000064.0,-0.07971781492233276
2615937536.0,-0.08791953325271606
2616875008.0,-0.09298605471849442
2617812480.0,-0.09862519800662994
2618749952.0,-0.10251446068286896
2619687424.0,-0.10533457249403
2620624896.0,-0.10825792700052261
2621562624.0,-0.108365997672081
2622500096.0,-0.10858328640460968
2623437568.0,-0.10767459869384766
2624375040.0,-0.10651421546936035
2625312512.0,-0.10372329503297806
2626249984.0,-0.10066244751214981
2627187456.0,-0.09632193297147751
2628124928.0,-0.09173768758773804
2629062400.0,-0.08721031993627548
2630000128.0,-0.080457404255867
2630937600.0,-0.07414264231920242
2631875072.0,-0.06639064103364944
2632812544.0,-0.057788122445344925
2633750016.0,-0.05040562525391579
2634687488.0,-0.0408947691321373
2635624960.0,-0.03051188588142395
2636562432.0,-0.020954258739948273
2637499904.0,-0.008813632652163506
2638437376.0,0.0041325027123093605
2639375104.0,0.01667066477239132
2640312576.0,0.030447542667388916
2641250048.0,0.04469746723771095
2642187520.0,0.05998438969254494
2643124992.0,0.07601543515920639
2644062464.0,0.09268415719270706
2644999936.0,0.10909764468669891
2645937408.0,0.12618957459926605
2646874880.0,0.14332987368106842
2647812608.0,0.21868951618671417
2648750080.0,0.23140333592891693
2649687552.0,0.24106498062610626
2650625024.0,0.24908706545829773
2651562496.0,0.2545684576034546
2652499968.0,0.25753480195999146
2653437440.0,0.2589883506298065
2654374912.0,0.2570749819278717
2655312384.0,0.2517825663089752
2656250112.0,0.24467206001281738
2657187584.0,0.20676946640014648
2658125056.0,0.18966157734394073
2659062528.0,0.17006920278072357
2660000000.0,0.14833249151706696
2660937472.0,0.12346511334180832
2661874944.0,0.09790677577257156
2662812416.0,0.07029131799936295
2663749888.0,0.04185618460178375
2664687616.0,0.01239972747862339
2665625088.0,-0.017799051478505135
2666562560.0,-0.04727406054735184
2667500032.0,-0.07567357271909714
2668437504.0,-0.10439992696046829
2669374976.0,-0.13032826781272888
2670312448.0,-0.15471899509429932
2671249920.0,-0.17814882099628448
2672187392.0,-0.1978853940963745
2673125120.0,-0.21537746489048004
2674062592.0,-0.22990871965885162
2675000064.0,-0.2419515699148178
2675937536.0,-0.2501733601093292
2676875008.0,-0.2566465139389038
2677812480.0,-0.2594815790653229
2678749952.0,-0.2592645585536957
2679687424.0,-0.2562105655670166
2680624896.0,-0.2509588897228241
2681562624.0,-0.24257031083106995
2682500096.0,-0.2321072220802307
2683437568.0,-0.2191665768623352
2684375040.0,-0.20597128570079803
2685312512.0,-0.18986107409000397
2686249984.0,-0.17297431826591492
2687187456.0,-0.1544855535030365
2688124928.0,-0.13511763513088226
2689062400.0,-0.11559010297060013
2689999872.0,-0.0965663492679596
2690937600.0,-0.07682812958955765
2691875072.0,-0.0565633662045002
2692812544.0,-0.037754349410533905
2693750016.0,-0.0179402194917202
2694687488.0,0.001458425889723003
2695624960.0,0.02054912969470024
2696562432.0,0.03828217461705208
2697499904.0,0.05679565668106079
2698437376.0,0.07403182238340378
2699375104.0,0.09202351421117783
2700312576.0,0.10819842666387558
2701250048.0,0.12537775933742523
2702187520.0,0.14217273890972137
2703124992.0,0.15740346908569336
2704062464.0,0.17290282249450684
2704999936.0,0.18795862793922424
2705937408.0,0.20109693706035614
2706874880.0,0.21515680849552155
2707812608.0,0.1881803721189499
2708750080.0,0.19477638602256775
2709687552.0,0.19995719194412231
2710625024.0,0.20393243432044983
2711562496.0,0.2075062245130539
2712499968.0,0.20876289904117584
2713437440.0,0.20877374708652496
2714374912.0,0.20811505615711212
2715312384.0,0.20503757894039154
2716250112.0,0.20077945291996002
2717187584.0,0.19564075767993927
2718125056.0,0.19001223146915436
2719062528.0,0.180522158741951
2720000000.0,0.17113333940505981
2720937472.0,0.16033968329429626
2721874944.0,0.1490192860364914
2722812416.0,0.13566364347934723
2723749888.0,0.11986584216356277
2724687616.0,0.10526913404464722
2725625088.0,0.08836527913808823
2726562560.0,0.07109200954437256
2727500032.0,0.05351284146308899
2728437504.0,0.03522217646241188
2729374976.0,0.016300249844789505
2730312448.0,-0.0024750279262661934
2731249920.0,-0.020413385704159737
2732187392.0,-0.039568278938531876
2733125120.0,-0.05758240446448326
2734062592.0,-0.0744064599275589
2735000064.0,-0.09097745269536972
2735937536.0,-0.10680542886257172
2736875008.0,-0.12150131165981293
2737812480.0,-0.13469520211219788
2738749952.0,-0.1474071890115738
2739687424.0,-0.1582239419221878
2740624896.0,-0.16812664270401
2741562624.0,-0.1757870614528656
2742500096.0,-0.1820075511932373
2743437568.0,-0.18695983290672302
2744375040.0,-0.19012533128261566
2745312512.0,-0.19115422666072845
2746249984.0,-0.1893320232629776
2747187456.0,-0.18665340542793274
2748124928.0,-0.18185080587863922
2749062400.0,-0.17634227871894836
2750000128.0,-0.16855648159980774
2750937600.0,-0.15935291349887848
2751875072.0,-0.14789392054080963
2752812544.0,-0.13455332815647125
2753750016.0,-0.12096467614173889
2754687488.0,-0.10641586780548096
2755624960.0,-0.09062308818101883
2756562432.0,-0.07301577925682068
2757499904.0,-0.055021755397319794
2758437376.0,-0.03696347773075104
2759375104.0,-0.01874668151140213
2760312576.0,0.00014718255260959268
2761250048.0,0.019725166261196136
2762187520.0,0.03673331439495087
2763124992.0,0.05515667796134949
2764062464.0,0.07196580618619919
2764999936.0,0.08875548094511032
2765937408.0,0.10564430058002472
2766874880.0,0.11894260346889496
2767812608.0,0.1768059879541397
2768750080.0,0.17604809999465942
2769687552.0,0.173991858959198
2770625024.0,0.17222169041633606
2771562496.0,0.16763390600681305
2772499968.0,0.1628926545381546
2773437440.0,0.15766452252864838
2774374912.0,0.15282320976257324
2775312384.0,0.14586535096168518
2776250112.0,0.13776248693466187
2777187584.0,0.12930507957935333
2778125056.0,0.11957332491874695
2779062528.0,0.11003721505403519
2780000000.0,0.09972365200519562
2780937472.0,0.0894937738776207
2781874944.0,0.07856083661317825
2782812416.0,0.06715566664934158
2783749888.0,0.05493195354938507
2784687616.0,0.04354095458984375
2785625088.0,0.030415527522563934
2786562560.0,0.017708871513605118
2787500032.0,0.005915473680943251
2788437504.0,-0.007061248179525137
2789374976.0,-0.019800672307610512
2790312448.0,-0.03240611404180527
2791249920.0,-0.044229913502931595
2792187392.0,-0.05543823167681694
2793125120.0,-0.0661778524518013
2794062592.0,-0.07575719058513641
2795000064.0,-0.08572033047676086
2795937536.0,-0.093715138733387
2796875008.0,-0.10150574892759323
2797812480.0,-0.10736284404993057
2798749952.0,-0.11167626827955246
2799687424.0,-0.11595726013183594
2800624896.0,-0.11807487905025482
2801562624.0,-0.11900898814201355
2802500096.0,-0.11813797056674957
2803437568.0,-0.11704204231500626
2804375040.0,-0.11334758251905441
2805312512.0,-0.10903024673461914
2806249984.0,-0.10115773230791092
2807187456.0,-0.0929425060749054
2808124928.0,-0.08336108177900314
2809062400.0,-0.07263761758804321
2809999872.0,-0.05987172573804855
2810937600.0,-0.04685727506875992
2811875072.0,-0.03199301287531853
2812812544.0,-0.01733766309916973
2813750016.0,-0.0007223790744319558
2814687488.0,0.016322311013936996
2815624960.0,0.03353177011013031
2816562432.0,0.05034913495182991
2817499904.0,0.06772676110267639
2818437376.0,0.08446241170167923
2819375104.0,0.10159052163362503
2820312576.0,0.11663877964019775
2821250048.0,0.1323816180229187
2822187520.0,0.1471831500530243
2823124992.0,0.1607324331998825
2824062464.0,0.1723366528749466
2824999936.0,0.18275120854377747
2825937408.0,0.191444993019104
2826874880.0,0.19812890887260437
2827812608.0,0.2115744799375534
2828750080.0,0.21332331001758575
2829687552.0,0.21196888387203217
2830625024.0,0.20934219658374786
2831562496.0,0.2039797604084015
2832499968.0,0.19554246962070465
2833437440.0,0.18618255853652954
2834374912.0,0.1736638993024826
2835312384.0,0.15927591919898987
2836250112.0,0.14366504549980164
2837187584.0,0.12616866827011108
2838125056.0,0.10738902539014816
2839062528.0,0.08846645057201385
2840000000.0,0.06794953346252441
2840937472.0,0.048703767359256744
2841874944.0,0.02806762233376503
2842812416.0,0.008211013861000538
2843749888.0,-0.011031374335289001
2844687616.0,-0.0294901505112648
2845625088.0,-0.04731975868344307
2846562560.0,-0.06434451788663864
2847500032.0,-0.07827087491750717
2848437504.0,-0.09059110283851624
2849374976.0,-0.10164213180541992
2850312448.0,-0.11218076944351196
2851249920.0,-0.12037623673677444
2852187392.0,-0.1264859139919281
2853125120.0,-0.1305714249610901
2854062592.0,-0.13340532779693604
2855000064.0,-0.13408124446868896
2855937536.0,-0.1325170248746872
2856875008.0,-0.130011186003685
2857812480.0,-0.12609808146953583
2858749952.0,-0.12035255879163742
2859687424.0,-0.11365262418985367
2860624896.0,-0.10593143105506897
2861562624.0,-0.09653808176517487
2862500096.0,-0.08618909120559692
2863437568.0,-0.07619697600603104
2864375040.0,-0.06488654017448425
2865312512.0,-0.053154557943344116
2866249984.0,-0.04055161029100418
2867187456.0,-0.02822628617286682
2868124928.0,-0.015135413967072964
2869062400.0,-0.0020298503804951906
2870000128.0,0.011608129367232323
2870937600.0,0.025281280279159546
2871875072.0,0.03884047269821167
2872812544.0,0.05086587369441986
2873750016.0,0.06484808027744293
2874687488.0,0.07624948024749756
2875624960.0,0.08864850550889969
2876562432.0,0.10079322010278702
2877499904.0,0.11276726424694061
2878437376.0,0.12420109659433365
2879375104.0,0.1334427297115326
2880312576.0,0.1449839472770691
2881250048.0,0.15406501293182373
2882187520.0,0.16269740462303162
2883124992.0,0.1708516627550125
2884062464.0,0.17777074873447418
2884999936.0,0.1834215223789215
2885937408.0,0.18890821933746338
2886874880.0,0.19314034283161163
2887812608.0,0.1959952712059021
2888750080.0,0.19808442890644073
2889687552.0,0.19872984290122986
2890625024.0,0.19855159521102905
2891562496.0,0.19577822089195251
2892499968.0,0.19126833975315094
2893437440.0,0.18571007251739502
2894374912.0,0.17874586582183838
2895312384.0,0.16869312524795532
2896250112.0,0.15783476829528809
2897187584.0,0.1451934278011322
2898125056.0,0.13025566935539246
2899062528.0,0.11561637371778488
2900000000.0,0.09882833808660507
2900937472.0,0.08134812861680984
2901874944.0,0.062491126358509064
2902812416.0,0.04437395557761192
2903749888.0,0.02418120577931404
2904687616.0,0.004205200355499983
2905625088.0,-0.014680962078273296
2906562560.0,-0.03357210382819176
2907500032.0,-0.05184516683220863
2908437504.0,-0.06969806551933289
2909374976.0,-0.08609551936388016
2910312448.0,-0.10163121670484543
2911249920.0,-0.11607314646244049
2912187392.0,-0.12733188271522522
2913125120.0,-0.13803374767303467
2914062592.0,-0.14654535055160522
2915000064.0,-0.15318620204925537
2915937536.0,-0.1569412648677826
2916875008.0,-0.16009140014648438
2917812480.0,-0.1607915163040161
2918749952.0,-0.1595013439655304
2919687424.0,-0.15405899286270142
2920624896.0,-0.1489165872335434
2921562624.0,-0.14143656194210052
2922500096.0,-0.13129264116287231
2923437568.0,-0.12009886652231216
2924375040.0,-0.10681910812854767
2925312512.0,-0.09251946210861206
2926249984.0,-0.0772368311882019
2927187456.0,-0.06090039387345314
2928124928.0,-0.044629961252212524
2929062400.0,-0.026257900521159172
2929999872.0,-0.009014632552862167
2930937600.0,0.008915022946894169
2931875072.0,0.0267112385481596
2932812544.0,0.04362182319164276
2933750016.0,0.05884842202067375
2934687488.0,0.07459791749715805
2935624960.0,0.08904736489057541
2936562432.0,0.10282554477453232
2937499904.0,0.11537811160087585
2938437376.0,0.12504033744335175
2939375104.0,0.1362725794315338
2940312576.0,0.14403101801872253
2941250048.0,0.15090148150920868
2942187520.0,0.15571250021457672
2943124992.0,0.15951865911483765
2944062464.0,0.16185499727725983
2944999936.0,0.16389666497707367
2945937408.0,0.1628827452659607
2946874880.0,0.1616174727678299
2947812608.0,0.15760986506938934
2948750080.0,0.1562836468219757
2949687552.0,0.15400484204292297
2950625024.0,0.15063007175922394
2951562496.0,0.14743968844413757
2952499968.0,0.14261120557785034
2953437440.0,0.13674786686897278
2954374912.0,0.1308543086051941
2955312384.0,0.12333604693412781
2956250112.0,0.115392304956913
2957187584.0,0.10718788951635361
2958125056.0,0.0978008583188057
2959062528.0,0.08809809386730194
2960000000.0,0.0782703086733818
2960937472.0,0.06789257377386093
2961874944.0,0.05792424455285072
2962812416.0,0.04621497914195061
2963749888.0,0.034319452941417694
2964687616.0,0.023448335006833076
2965625088.0,0.011697451584041119
2966562560.0,0.00044360701576806605
2967500032.0,-0.010455907322466373
2968437504.0,-0.021763203665614128
2969374976.0,-0.03174485266208649
2970312448.0,-0.04209223389625549
2971249920.0,-0.051283109933137894
2972187392.0,-0.06052599474787712
2973125120.0,-0.06976974010467529
2974062592.0,-0.07817214727401733
2975000064.0,-0.08525966852903366
2975937536.0,-0.09075655043125153
2976875008.0,-0.09631379693746567
2977812480.0,-0.10007229447364807
2978749952.0,-0.10312952101230621
2979687424.0,-0.1061207726597786
2980624896.0,-0.107047900557518
2981562624.0,-0.10635902732610703
2982500096.0,-0.10443529486656189
2983437568.0,-0.10225703567266464
2984375040.0,-0.09894055128097534
2985312512.0,-0.09481498599052429
2986249984.0,-0.08967343717813492
2987187456.0,-0.08420334756374359
2988124928.0,-0.07790477573871613
2989062400.0,-0.07080326974391937
2990000128.0,-0.06358395516872406
2990937600.0,-0.055437371134757996
2991875072.0,-0.04735622555017471
2992812544.0,-0.03860437870025635
2993750016.0,-0.030525097623467445
2994687488.0,-0.022091608494520187
2995624960.0,-0.014339608140289783
2996562432.0,-0.00659899553284049
2997499904.0,0.0011147017357870936
2998437376.0,0.007206380367279053
2999375104.0,0.01382554229348898
3000312576.0,0.01641915552318096
3001250048.0,0.021123172715306282
3002187520.0,0.025020722299814224
3003124992.0,0.02620590105652809
3004062464.0,0.02823929488658905
3004999936.0,0.029544763267040253
3005937408.0,0.02861712872982025
3006874880.0,0.027227619662880898
3007812608.0,0.022675514221191406
3008750080.0,0.018763480708003044
3009687552.0,0.014306138269603252
3010625024.0,0.010241755284368992
3011562496.0,0.004445955622941256
3012499968.0,-0.00016786747437436134
3013437440.0,-0.005602620076388121
3014374912.0,-0.009792201220989227
3015312384.0,-0.015208386816084385
3016250112.0,-0.020614178851246834
3017187584.0,-0.025732440873980522
3018125056.0,-0.031581420451402664
3019062528.0,-0.03610280528664589
3020000000.0,-0.04095207527279854
3020937472.0,-0.04619390517473221
3021874944.0,-0.05126224830746651
3022812416.0,-0.05646435543894768
3023749888.0,-0.06127910315990448
3024687616.0,-0.06658854335546494
3025625088.0,-0.07074803858995438
3026562560.0,-0.07414659857749939
3027500032.0,-0.07904200255870819
3028437504.0,-0.08291587233543396
3029374976.0,-0.0866612046957016
3030312448.0,-0.0904865637421608
3031249920.0,-0.09418255090713501
3032187392.0,-0.09681900590658188
3033125120.0,-0.10000131279230118
3034062592.0,-0.1025683656334877
3035000064.0,-0.10469122976064682
3035937536.0,-0.10674241185188293
3036875008.0,-0.10725812613964081
3037812480.0,-0.10885313153266907
3038749952.0,-0.1090531125664711
3039687424.0,-0.11001990735530853
3040624896.0,-0.10910070687532425
3041562624.0,-0.1080595999956131
3042500096.0,-0.10710132867097855
3043437568.0,-0.10490298271179199
3044375040.0,-0.10234418511390686
3045312512.0,-0.09888657927513123
3046249984.0,-0.0951484739780426
3047187456.0,-0.09215787053108215
3048124928.0,-0.08743065595626831
3049062400.0,-0.08266381174325943
3049999872.0,-0.0779549703001976
3050937600.0,-0.07334508001804352
3051875072.0,-0.06747207045555115
3052812544.0,-0.06113962084054947
3053750016.0,-0.05549051985144615
3054687488.0,-0.05010061711072922
3055624960.0,-0.043615974485874176
3056562432.0,-0.03802887350320816
3057499904.0,-0.032241057604551315
3058437376.0,-0.027089513838291168
3059375104.0,-0.02144288644194603
3060312576.0,-0.017309706658124924
3061250048.0,-0.013177121989428997
3062187520.0,-0.00948017556220293
3063124992.0,-0.0059429677203297615
3064062464.0,-0.004207935184240341
3064999936.0,-0.002094027353450656
3065937408.0,-0.0020576606038957834
3066874880.0,-0.0019532954320311546
3067812608.0,0.012278572656214237
3068750080.0,0.005827012006193399
3069687552.0,-0.001084873452782631
3070625024.0,-0.008162069134414196
3071562496.0,-0.0168871209025383
3072499968.0,-0.02541503496468067
3073437440.0,-0.035899817943573
3074374912.0,-0.045021798461675644
3075312384.0,-0.05524406209588051
3076250112.0,-0.06513911485671997
3077187584.0,-0.07587534189224243
3078125056.0,-0.08466752618551254
3079062528.0,-0.09369286894798279
3080000000.0,-0.10145938396453857
3080937472.0,-0.10929269343614578
3081874944.0,-0.11652037501335144
3082812416.0,-0.12152811884880066
3083749888.0,-0.1263095587491989
3084687616.0,-0.12992976605892181
3085625088.0,-0.13224922120571136
3086562560.0,-0.1333349347114563
3087500032.0,-0.13332486152648926
3088437504.0,-0.13206535577774048
3089374976.0,-0.12988120317459106
3090312448.0,-0.12595143914222717
3091249920.0,-0.12157268822193146
3092187392.0,-0.11605449765920639
3093125120.0,-0.10964865982532501
3094062592.0,-0.1029534563422203
3095000064.0,-0.09417874366044998
3095937536.0,-0.08544323593378067
3096875008.0,-0.07660477608442307
3097812480.0,-0.06676384061574936
3098749952.0,-0.057085104286670685
3099687424.0,-0.04612182825803757
3100624896.0,-0.03687801957130432
3101562624.0,-0.02716255746781826
3102500096.0,-0.01687130704522133
3103437568.0,-0.005866042338311672
3104375040.0,0.003027902916073799
3105312512.0,0.013822540640830994
3106249984.0,0.022750893607735634
3107187456.0,0.03268018737435341
3108124928.0,0.04076592996716499
3109062400.0,0.04869597405195236
3110000128.0,0.05592671409249306
3110937600.0,0.061796899884939194
3111875072.0,0.06858722865581512
3112812544.0,0.07361146062612534
3113750016.0,0.07933513820171356
3114687488.0,0.08423227071762085
3115624960.0,0.08826328068971634
3116562432.0,0.09261377155780792
3117499904.0,0.09620457142591476
3118437376.0,0.10015049576759338
3119375104.0,0.10192348808050156
3120312576.0,0.10390467941761017
3121250048.0,0.10655660927295685
3122187520.0,0.1086856871843338
3123124992.0,0.11070021986961365
3124062464.0,0.11275888234376907
3124999936.0,0.11446278542280197
3125937408.0,0.1149631068110466
3126874880.0,0.11649385094642639
3127812608.0,0.13641247153282166
3128750080.0,0.13316988945007324
3129687552.0,0.13050848245620728
3130625024.0,0.1290595680475235
3131562496.0,0.12653382122516632
3132499968.0,0.12601496279239655
3133437440.0,0.12411924451589584
3134374912.0,0.12229182571172714
3135312384.0,0.12078570574522018
3136250112.0,0.11967606842517853
3137187584.0,0.11869989335536957
3138125056.0,0.11755773425102234
3139062528.0,0.11693362146615982
3140000000.0,0.115421362221241
3140937472.0,0.1147170290350914
3141874944.0,0.11342840641736984
3142812416.0,0.1129772961139679
3143749888.0,0.11216796934604645
3144687616.0,0.11036334186792374
3145625088.0,0.1092355027794838
3146562560.0,0.10751425474882126
3147500032.0,0.10519998520612717
3148437504.0,0.10183105617761612
3149374976.0,0.098879873752594
3150312448.0,0.09486229717731476
3151249920.0,0.0898110568523407
3152187392.0,0.08561607450246811
3153125120.0,0.07968812435865402
3154062592.0,0.07299575209617615
3155000064.0,0.06637374311685562
3155937536.0,0.05806705728173256
3156875008.0,0.04964267089962959
3157812480.0,0.03962909057736397
3158749952.0,0.02900405041873455
3159687424.0,0.019070090726017952
3160624896.0,0.00817861407995224
3161562624.0,-0.003299139905720949
3162500096.0,-0.014494565315544605
3163437568.0,-0.026163993403315544
3164375040.0,-0.03895508497953415
3165312512.0,-0.05110616981983185
3166249984.0,-0.06294480711221695
3167187456.0,-0.07579927146434784
3168124928.0,-0.08691922575235367
3169062400.0,-0.09799281507730484
3169999872.0,-0.1076902374625206
3170937600.0,-0.11829687654972076
3171875072.0,-0.12727557122707367
3172812544.0,-0.1339220404624939
3173750016.0,-0.1413508802652359
3174687488.0,-0.14673751592636108
3175624960.0,-0.15101438760757446
3176562432.0,-0.15286307036876678
3177499904.0,-0.15444543957710266
3178437376.0,-0.15384455025196075
3179375104.0,-0.1520683318376541
3180312576.0,-0.1481875777244568
3181250048.0,-0.14275223016738892
3182187520.0,-0.1353221982717514
3183124992.0,-0.12797784805297852
3184062464.0,-0.11764827370643616
3184999936.0,-0.10665421187877655
3185937408.0,-0.09415832906961441
3186874880.0,-0.08081090450286865
3187812608.0,0.048879291862249374
3188750080.0,0.048668377101421356
3189687552.0,0.04847962036728859
3190625024.0,0.04949020594358444
3191562496.0,0.05004512518644333
3192499968.0,0.051918357610702515
3193437440.0,0.05416790023446083
3194374912.0,0.05864142253994942
3195312384.0,0.0630517229437828
3196250112.0,0.06839191168546677
3197187584.0,0.07321728765964508
3198125056.0,0.07840299606323242
3199062528.0,0.08330094069242477
3200000000.0,0.08903849869966507
3200937472.0,0.09377310425043106
3201874944.0,0.09807009994983673
3202812416.0,0.10091395676136017
3203749888.0,0.10351940989494324
3204687616.0,0.10466346144676208
3205625088.0,0.10572732239961624
3206562560.0,0.10538681596517563
3207500032.0,0.10368622839450836
3208437504.0,0.10069886595010757
3209374976.0,0.09692669659852982
3210312448.0,0.0916251689195633
3211249920.0,0.08397577702999115
3212187392.0,0.07566811144351959
3213125120.0,0.06766685843467712
3214062592.0,0.05854615569114685
3215000064.0,0.04719611257314682
3215937536.0,0.03527349978685379
3216875008.0,0.022360175848007202
3217812480.0,0.010034983977675438
3218749952.0,-0.0032576117664575577
3219687424.0,-0.01598931849002838
3220624896.0,-0.028919642791152
3221562624.0,-0.04067723825573921
3222500096.0,-0.05282428488135338
3223437568.0,-0.06481592357158661
3224375040.0,-0.07559658586978912
3225312512.0,-0.08615567535161972
3226249984.0,-0.09478244185447693
3227187456.0,-0.10233113914728165
3228124928.0,-0.10840857774019241
3229062400.0,-0.11340012401342392
3230000128.0,-0.11752186715602875
3230937600.0,-0.11977401375770569
3231875072.0,-0.12087235599756241
3232812544.0,-0.12162122875452042
3233750016.0,-0.12031123042106628
3234687488.0,-0.11881154030561447
3235624960.0,-0.11526095122098923
3236562432.0,-0.11163210868835449
3237499904.0,-0.10787762701511383
3238437376.0,-0.10308820009231567
3239375104.0,-0.09813787788152695
3240312576.0,-0.09340152144432068
3241250048.0,-0.08948760479688644
3242187520.0,-0.0841405838727951
3243124992.0,-0.08094801753759384
3244062464.0,-0.07783904671669006
3244999936.0,-0.07528573274612427
3245937408.0,-0.0744226947426796
3246874880.0,-0.07382941246032715
3247812608.0,-0.0661887601017952
3248750080.0,-0.06980088353157043
3249687552.0,-0.07399491220712662
3250625024.0,-0.07751784473657608
3251562496.0,-0.08163359016180038
3252499968.0,-0.0835251733660698
3253437440.0,-0.0864846482872963
3254374912.0,-0.08637160062789917
3255312384.0,-0.08730167150497437
3256250112.0,-0.08617877960205078
3257187584.0,-0.08325070887804031
3258125056.0,-0.07958835363388062
3259062528.0,-0.07476753741502762
3260000000.0,-0.06876888871192932
3260937472.0,-0.0626608356833458
3261874944.0,-0.05467608943581581
3262812416.0,-0.04634532332420349
3263749888.0,-0.03746315836906433
3264687616.0,-0.0293925441801548
3265625088.0,-0.019795408472418785
3266562560.0,-0.01110534556210041
3267500032.0,-0.004483147524297237
3268437504.0,0.002270403550937772
3269374976.0,0.006794888526201248
3270312448.0,0.012645822949707508
3271249920.0,0.01622532121837139
3272187392.0,0.01733025722205639
3273125120.0,0.01870116963982582
3274062592.0,0.018663905560970306
3275000064.0,0.01832229271531105
3275937536.0,0.016454337164759636
3276875008.0,0.014197141863405704
3277812480.0,0.01302582398056984
3278749952.0,0.011010397225618362
3279687424.0,0.009231775999069214
3280624896.0,0.007891216315329075
3281562624.0,0.007242967840284109
3282500096.0,0.0077049206010997295
3283437568.0,0.008236306719481945
3284375040.0,0.010543815791606903
3285312512.0,0.012884087860584259
3286249984.0,0.01441867370158434
3287187456.0,0.01635829173028469
3288124928.0,0.018352465704083443
3289062400.0,0.0206822007894516
3289999872.0,0.02149941958487034
3290937600.0,0.021358363330364227
3291875072.0,0.02032756432890892
3292812544.0,0.019325153902173042
3293750016.0,0.01563669741153717
3294687488.0,0.01137706357985735
3295624960.0,0.0059261866845190525
3296562432.0,-0.0003871938679367304
3297499904.0,-0.0073048267513513565
3298437376.0,-0.014489123597741127
3299375104.0,-0.02340785786509514
3300312576.0,-0.032083407044410706
3301250048.0,-0.040848083794116974
3302187520.0,-0.049963466823101044
3303124992.0,-0.05963553860783577
3304062464.0,-0.06915897876024246
3304999936.0,-0.07733651250600815
3305937408.0,-0.08574577420949936
3306874880.0,-0.09491074830293655
3307812608.0,-0.06258977949619293
3308750080.0,-0.06097833067178726
3309687552.0,-0.05873645469546318
3310625024.0,-0.05837550386786461
3311562496.0,-0.0567501075565815
3312499968.0,-0.05565157160162926
3313437440.0,-0.05519476905465126
3314374912.0,-0.05534074455499649
3315312384.0,-0.0554925873875618
3316250112.0,-0.0568072572350502
3317187584.0,-0.0587724894285202
3318125056.0,-0.06097826361656189
3319062528.0,-0.06381045281887054
3320000000.0,-0.06759417057037354
3320937472.0,-0.07218030095100403
3321874944.0,-0.07751702517271042
3322812416.0,-0.08358146250247955
3323749888.0,-0.09021048247814178
3324687616.0,-0.09616570919752121
3325625088.0,-0.10306373983621597
3326562560.0,-0.10908825695514679
3327500032.0,-0.11742296069860458
3328437504.0,-0.12427624315023422
3329374976.0,-0.13071312010288239
3330312448.0,-0.1351422816514969
3331249920.0,-0.1410113275051117
3332187392.0,-0.1464046984910965
3333125120.0,-0.15014640986919403
3334062592.0,-0.15324503183364868
3335000064.0,-0.1558777242898941
3335937536.0,-0.15651428699493408
3336875008.0,-0.15615835785865784
3337812480.0,-0.15562298893928528
3338749952.0,-0.15363377332687378
3339687424.0,-0.15013714134693146
3340624896.0,-0.1458805650472641
3341562624.0,-0.14100824296474457
3342500096.0,-0.134641632437706
3343437568.0,-0.12765225768089294
3344375040.0,-0.11960386484861374
3345312512.0,-0.11161316931247711
3346249984.0,-0.10207965224981308
3347187456.0,-0.09265567362308502
3348124928.0,-0.08293217420578003
3349062400.0,-0.07283011078834534
3350000128.0,-0.06325285881757736
3350937600.0,-0.0526924803853035
3351875072.0,-0.043884605169296265
3352812544.0,-0.03511936217546463
3353750016.0,-0.026224693283438683
3354687488.0,-0.01865994744002819
3355624960.0,-0.011836099438369274
3356562432.0,-0.0056103975512087345
3357499904.0,0.0005290888366289437
3358437376.0,0.005759060382843018
3359375104.0,0.01036693062633276
3360312576.0,0.014301955699920654
3361250048.0,0.01811118610203266
3362187520.0,0.021006543189287186
3363124992.0,0.023541003465652466
3364062464.0,0.025991229340434074
3364999936.0,0.028090976178646088
3365937408.0,0.030819958075881004
3366874880.0,0.032707586884498596
3367812608.0,0.04152316227555275
3368750080.0,0.0499294251203537
3369687552.0,0.05678538978099823
3370625024.0,0.06382309645414352
3371562496.0,0.06867819279432297
3372499968.0,0.07457192242145538
3373437440.0,0.07794781029224396
3374374912.0,0.07989777624607086
3375312384.0,0.08179835975170135
3376250112.0,0.08250168710947037
3377187584.0,0.0812821090221405
3378125056.0,0.08000354468822479
3379062528.0,0.0772346556186676
3380000000.0,0.07135892659425735
3380937472.0,0.06652815639972687
3381874944.0,0.05906503275036812
3382812416.0,0.05134817585349083
3383749888.0,0.043544936925172806
3384687616.0,0.03343062847852707
3385625088.0,0.024358952417969704
3386562560.0,0.013910368084907532
3387500032.0,0.003315052716061473
3388437504.0,-0.008567316457629204
3389374976.0,-0.01849639229476452
3390312448.0,-0.02951187454164028
3391249920.0,-0.03971436619758606
3392187392.0,-0.0491727739572525
3393125120.0,-0.0573379322886467
3394062592.0,-0.0652056634426117
3395000064.0,-0.0739346593618393
3395937536.0,-0.08086469024419785
3396875008.0,-0.08666133135557175
3397812480.0,-0.0920255035161972
3398749952.0,-0.09760116040706635
3399687424.0,-0.10109547525644302
3400624896.0,-0.103558748960495
3401562624.0,-0.10589933395385742
3402500096.0,-0.10679343342781067
3403437568.0,-0.10720659792423248
3404375040.0,-0.10656914114952087
3405312512.0,-0.10578065365552902
3406249984.0,-0.10373523086309433
3407187456.0,-0.10060664266347885
3408124928.0,-0.09896278381347656
3409062400.0,-0.09462720900774002
3409999872.0,-0.09287533164024353
3410937600.0,-0.09000668674707413
3411875072.0,-0.08524971455335617
3412812544.0,-0.08152516186237335
3413750016.0,-0.0776723325252533
3414687488.0,-0.07282936573028564
3415624960.0,-0.06884777545928955
3416562432.0,-0.06392133980989456
3417499904.0,-0.06024867296218872
3418437376.0,-0.05569275841116905
3419375104.0,-0.05193132534623146
3420312576.0,-0.048715509474277496
3421250048.0,-0.04404015839099884
3422187520.0,-0.040159545838832855
3423124992.0,-0.036291517317295074
3424062464.0,-0.03196454793214798
3424999936.0,-0.028341537341475487
3425937408.0,-0.024350281804800034
3426874880.0,-0.019968772307038307
3427812608.0,-0.016285330057144165
3428750080.0,-0.013506539165973663
3429687552.0,-0.00994836539030075
3430625024.0,-0.006678345613181591
3431562496.0,-0.002785963239148259
3432499968.0,0.0011081912089139223
3433437440.0,0.005156093742698431
3434374912.0,0.010777121409773827
3435312384.0,0.01651093177497387
3436250112.0,0.02381228469312191
3437187584.0,0.032045893371105194
3438125056.0,0.04112565517425537
3439062528.0,0.0510953813791275
3440000000.0,0.06365945935249329
3440937472.0,0.07587816566228867
3441874944.0,0.08838368952274323
3442812416.0,0.10284259170293808
3443749888.0,0.11728227138519287
3444687616.0,0.1309044510126114
3445625088.0,0.14615115523338318
3446562560.0,0.1601552963256836
3447500032.0,0.17208358645439148
3448437504.0,0.18451912701129913
3449374976.0,0.19480276107788086
3450312448.0,0.20444609224796295
3451249920.0,0.2116742730140686
3452187392.0,0.21640944480895996
3453125120.0,0.2195730209350586
3454062592.0,0.21941781044006348
3455000064.0,0.21722927689552307
3455937536.0,0.21285569667816162
3456875008.0,0.20457546412944794
3457812480.0,0.19431525468826294
3458749952.0,0.1818094253540039
3459687424.0,0.16761183738708496
3460624896.0,0.1512051820755005
3461562624.0,0.13361628353595734
3462500096.0,0.11475657671689987
3463437568.0,0.09495073556900024
3464375040.0,0.07534072548151016
3465312512.0,0.05506793037056923
3466249984.0,0.03622237592935562
3467187456.0,0.016592154279351234
3468124928.0,-0.0003538136079441756
3469062400.0,-0.01735229417681694
3470000128.0,-0.032995209097862244
3470937600.0,-0.046356201171875
3471875072.0,-0.05814477056264877
3472812544.0,-0.06789154559373856
3473750016.0,-0.07508063316345215
3474687488.0,-0.08064468950033188
3475624960.0,-0.08465530723333359
3476562432.0,-0.08614193648099899
3477499904.0,-0.08734843879938126
3478437376.0,-0.08639800548553467
3479375104.0,-0.08539724349975586
3480312576.0,-0.08234945684671402
3481250048.0,-0.07901010662317276
3482187520.0,-0.0733666941523552
3483124992.0,-0.06800618767738342
3484062464.0,-0.06323466449975967
3484999936.0,-0.05849074199795723
3485937408.0,-0.0537978820502758
3486874880.0,-0.04954199492931366
3487812608.0,-0.03555043414235115
3488750080.0,-0.03776736557483673
3489687552.0,-0.042614273726940155
3490625024.0,-0.04702576622366905
3491562496.0,-0.052155960351228714
3492499968.0,-0.057299476116895676
3493437440.0,-0.06368155032396317
3494374912.0,-0.06923902034759521
3495312384.0,-0.07408668845891953
3496250112.0,-0.07934187352657318
3497187584.0,-0.08447844535112381
3498125056.0,-0.08765525370836258
3499062528.0,-0.09130942076444626
3500000000.0,-0.09364718943834305
3500937472.0,-0.09332860261201859
3501874944.0,-0.09291468560695648
3502812416.0,-0.08978284895420074
3503749888.0,-0.08651036769151688
3504687616.0,-0.08105110377073288
3505625088.0,-0.07549896091222763
3506562560.0,-0.0684891790151596
3507500032.0,-0.06166280433535576
3508437504.0,-0.05310220271348953
3509374976.0,-0.04367488995194435
3510312448.0,-0.03564200922846794
3511249920.0,-0.02591504342854023
3512187392.0,-0.015273697674274445
3513125120.0,-0.006005391478538513
3514062592.0,0.003986436873674393
3515000064.0,0.012581843882799149
3515937536.0,0.021793175488710403
3516875008.0,0.030432282015681267
3517812480.0,0.03864354267716408
3518749952.0,0.044158436357975006
3519687424.0,0.048814039677381516
3520624896.0,0.053058382123708725
3521562624.0,0.0558662936091423
3522500096.0,0.05728640407323837
3523437568.0,0.05785864219069481
3524375040.0,0.05737943947315216
3525312512.0,0.05562923848628998
3526249984.0,0.05318474769592285
3527187456.0,0.04916379973292351
3528124928.0,0.043538037687540054
3529062400.0,0.03888866677880287
3529999872.0,0.03358082100749016
3530937600.0,0.02712281048297882
3531875072.0,0.021614141762256622
3532812544.0,0.015388671308755875
3533750016.0,0.010014592669904232
3534687488.0,0.00468751136213541
3535624960.0,0.0012279447400942445
3536562432.0,-0.002980512799695134
3537499904.0,-0.0071444581262767315
3538437376.0,-0.008890235796570778
3539375104.0,-0.010012335143983364
3540312576.0,-0.009968850761651993
3541250048.0,-0.009535843506455421
3542187520.0,-0.008704595267772675
3543124992.0,-0.006652370095252991
3544062464.0,-0.003494411241263151
3544999936.0,0.0002169019280700013
3545937408.0,0.004012849647551775
3546874880.0,0.007919222116470337
3547812608.0,0.00967568438500166
3548750080.0,0.007474013604223728
3549687552.0,0.004651215393096209
3550625024.0,0.0024444228038191795
3551562496.0,-0.0003281506651546806
3552499968.0,-0.002935682889074087
3553437440.0,-0.006983526051044464
3554374912.0,-0.009753822349011898
3555312384.0,-0.013877030462026596
3556250112.0,-0.016985544934868813
3557187584.0,-0.021214041858911514
3558125056.0,-0.02547854371368885
3559062528.0,-0.029032565653324127
3560000000.0,-0.03305802866816521
3560937472.0,-0.0363893024623394
3561874944.0,-0.039114248007535934
3562812416.0,-0.0424046665430069
3563749888.0,-0.04533509165048599
3564687616.0,-0.04810772463679314
3565625088.0,-0.0503193698823452
3566562560.0,-0.05252828076481819
3567500032.0,-0.054413653910160065
3568437504.0,-0.055046446621418
3569374976.0,-0.055813077837228775
3570312448.0,-0.05659891292452812
3571249920.0,-0.055812425911426544
3572187392.0,-0.055749520659446716
3573125120.0,-0.05473421514034271
3574062592.0,-0.053447175770998
3575000064.0,-0.052799541503190994
3575937536.0,-0.050862867385149
3576875008.0,-0.048639845103025436
3577812480.0,-0.04743975028395653
3578749952.0,-0.04461636766791344
3579687424.0,-0.041604336351156235
3580624896.0,-0.039750486612319946
3581562624.0,-0.03646780177950859
3582500096.0,-0.034773748368024826
3583437568.0,-0.0316038653254509
3584375040.0,-0.030999450013041496
3585312512.0,-0.03059164434671402
3586249984.0,-0.0296042300760746
3587187456.0,-0.029530376195907593
3588124928.0,-0.029205283150076866
3589062400.0,-0.02812609262764454
3590000128.0,-0.028384678065776825
3590937600.0,-0.028109099715948105
3591875072.0,-0.02781946398317814
3592812544.0,-0.027866225689649582
3593750016.0,-0.027616236358880997
3594687488.0,-0.026269512251019478
3595624960.0,-0.02586529776453972
3596562432.0,-0.024308230727910995
3597499904.0,-0.02256925404071808
3598437376.0,-0.019599366933107376
3599375104.0,-0.01738765649497509
3600312576.0,-0.01407657191157341
3601250048.0,-0.011293657124042511
3602187520.0,-0.00754077872261405
3603124992.0,-0.0031697361264377832
3604062464.0,0.0027391044422984123
3604999936.0,0.008184303529560566
3605937408.0,0.014642110094428062
3606874880.0,0.019613061100244522
3607812608.0,0.04306313022971153
3608750080.0,0.05178031697869301
3609687552.0,0.06000131741166115
3610625024.0,0.0681745707988739
3611562496.0,0.07714813202619553
3612499968.0,0.08436556160449982
3613437440.0,0.09159031510353088
3614374912.0,0.09643396735191345
3615312384.0,0.10203118622303009
3616250112.0,0.10561826080083847
3617187584.0,0.10772712528705597
3618125056.0,0.10972164571285248
3619062528.0,0.11091665178537369
3620000000.0,0.11057411879301071
3620937472.0,0.10806088149547577
3621874944.0,0.10628879070281982
3622812416.0,0.10173191875219345
3623749888.0,0.0975864976644516
3624687616.0,0.0922059640288353
3625625088.0,0.0853082686662674
3626562560.0,0.07888580858707428
3627500032.0,0.07180637866258621
3628437504.0,0.06362256407737732
3629374976.0,0.05507470667362213
3630312448.0,0.045809902250766754
3631249920.0,0.0358223021030426
3632187392.0,0.02594890631735325
3633125120.0,0.016879260540008545
3634062592.0,0.006592615973204374
3635000064.0,-0.004443835467100143
3635937536.0,-0.014449375681579113
3636875008.0,-0.023760758340358734
3637812480.0,-0.03407301753759384
3638749952.0,-0.04318993166089058
3639687424.0,-0.051981762051582336
3640624896.0,-0.060984306037425995
3641562624.0,-0.0690927803516388
3642500096.0,-0.07780559360980988
3643437568.0,-0.08490323275327682
3644375040.0,-0.09288628399372101
3645312512.0,-0.09897452592849731
3646249984.0,-0.1053917333483696
3647187456.0,-0.11125783622264862
3648124928.0,-0.11590088158845901
3649062400.0,-0.11883526295423508
3649999872.0,-0.12305182218551636
3650937600.0,-0.1277371048927307
3651875072.0,-0.12934890389442444
3652812544.0,-0.12983302772045135
3653750016.0,-0.1314958930015564
3654687488.0,-0.13163743913173676
3655624960.0,-0.1312323957681656
3656562432.0,-0.13116297125816345
3657499904.0,-0.128822460770607
3658437376.0,-0.1275613009929657
3659375104.0,-0.12537038326263428
3660312576.0,-0.12280545383691788
3661250048.0,-0.12060509622097015
3662187520.0,-0.11707597970962524
3663124992.0,-0.11294418573379517
3664062464.0,-0.10935797542333603
3664999936.0,-0.10510613024234772
3665937408.0,-0.10089419782161713
3666874880.0,-0.09616832435131073
3667812608.0,-0.07836761325597763
3668750080.0,-0.07682376354932785
3669687552.0,-0.07649588584899902
3670625024.0,-0.07476294785737991
3671562496.0,-0.07107417285442352
3672499968.0,-0.06793837994337082
3673437440.0,-0.0639757290482521
3674374912.0,-0.05971481651067734
3675312384.0,-0.05458895117044449
3676250112.0,-0.04845985770225525
3677187584.0,-0.042922575026750565
3678125056.0,-0.034773994237184525
3679062528.0,-0.027236208319664
3680000000.0,-0.01985974796116352
3680937472.0,-0.010750260204076767
3681874944.0,-0.0016898843459784985
3682812416.0,0.007302666548639536
3683749888.0,0.016249751672148705
3684687616.0,0.025551948696374893
3685625088.0,0.03495647385716438
3686562560.0,0.0433478057384491
3687500032.0,0.05155481770634651
3688437504.0,0.05865655839443207
3689374976.0,0.06687794625759125
3690312448.0,0.07300510257482529
3691249920.0,0.07877074927091599
3692187392.0,0.0830182135105133
3693125120.0,0.08759289234876633
3694062592.0,0.0913056880235672
3695000064.0,0.09219415485858917
3695937536.0,0.09308310598134995
3696875008.0,0.09328858554363251
3697812480.0,0.0926252156496048
3698749952.0,0.088910773396492
3699687424.0,0.08597458899021149
3700624896.0,0.08172119408845901
3701562624.0,0.07536452263593674
3702500096.0,0.07124736905097961
3703437568.0,0.06466025114059448
3704375040.0,0.05808965116739273
3705312512.0,0.05063873529434204
3706249984.0,0.041942112147808075
3707187456.0,0.03461996093392372
3708124928.0,0.02688797563314438
3709062400.0,0.018093470484018326
3710000128.0,0.008698957972228527
3710937600.0,-0.000884528155438602
3711875072.0,-0.010707586072385311
3712812544.0,-0.018234876915812492
3713750016.0,-0.0261510219424963
3714687488.0,-0.032280486077070236
3715624960.0,-0.0385437086224556
3716562432.0,-0.042984381318092346
3717499904.0,-0.04727812111377716
3718437376.0,-0.04944959282875061
3719375104.0,-0.05254262685775757
3720312576.0,-0.05371065437793732
3721250048.0,-0.05504755303263664
3722187520.0,-0.055187225341796875
3723124992.0,-0.05411738157272339
3724062464.0,-0.05418463423848152
3724999936.0,-0.052071213722229004
3725937408.0,-0.04970294609665871
3726874880.0,-0.048136912286281586
3727812608.0,-0.05076044052839279
3728750080.0,-0.05021873861551285
3729687552.0,-0.048701804131269455
3730625024.0,-0.0478147454559803
3731562496.0,-0.04675724729895592
3732499968.0,-0.04487726837396622
3733437440.0,-0.045128270983695984
3734374912.0,-0.0459313727915287
3735312384.0,-0.04633236303925514
3736250112.0,-0.046207547187805176
3737187584.0,-0.04724632576107979
3738125056.0,-0.04932788759469986
3739062528.0,-0.05199534818530083
3740000000.0,-0.05502035468816757
3740937472.0,-0.05853088200092316
3741874944.0,-0.062082137912511826
3742812416.0,-0.06674371659755707
3743749888.0,-0.07097713649272919
3744687616.0,-0.0771581307053566
3745625088.0,-0.08225500583648682
3746562560.0,-0.08746041357517242
3747500032.0,-0.09425991773605347
3748437504.0,-0.0995316430926323
3749374976.0,-0.10512372106313705
3750312448.0,-0.11056699603796005
3751249920.0,-0.1163499653339386
3752187392.0,-0.12202011048793793
3753125120.0,-0.12686897814273834
3754062592.0,-0.13108420372009277
3755000064.0,-0.1335957646369934
3755937536.0,-0.1360393613576889
3756875008.0,-0.13703788816928864
3757812480.0,-0.13760876655578613
3758749952.0,-0.13666294515132904
3759687424.0,-0.13407666981220245
3760624896.0,-0.12996841967105865
3761562624.0,-0.12490283697843552
3762500096.0,-0.11923696845769882
3763437568.0,-0.11197394877672195
3764375040.0,-0.10363129526376724
3765312512.0,-0.09514153003692627
3766249984.0,-0.08580851554870605
3767187456.0,-0.07511217892169952
3768124928.0,-0.06359296292066574
3769062400.0,-0.05201840400695801
3769999872.0,-0.040532998740673065
3770937600.0,-0.028421837836503983
3771875072.0,-0.017835350707173347
3772812544.0,-0.0070077404379844666
3773750016.0,0.002672320231795311
3774687488.0,0.011031446978449821
3775624960.0,0.018406422808766365
3776562432.0,0.024770407006144524
3777499904.0,0.029100626707077026
3778437376.0,0.0323496013879776
3779375104.0,0.03413599357008934
3780312576.0,0.03471069782972336
3781250048.0,0.0323808491230011
3782187520.0,0.028539437800645828
3783124992.0,0.023827509954571724
3784062464.0,0.017670810222625732
3784999936.0,0.01021311804652214
3785937408.0,0.002354902448132634
3786874880.0,0.0046831280924379826
3787812608.0,-0.0033604975324124098
3788750080.0,-0.013036794029176235
3789687552.0,-0.023240799084305763
3790625024.0,-0.03519938886165619
3791562496.0,-0.047812383621931076
3792499968.0,-0.05872245132923126
3793437440.0,-0.0697828084230423
3794374912.0,-0.08147967606782913
3795312384.0,-0.09307693690061569
3796250112.0,-0.10401380062103271
3797187584.0,-0.11520877480506897
3798125056.0,-0.12514148652553558
3799062528.0,-0.1358470320701599
3800000000.0,-0.14431695640087128
3800937472.0,-0.15068668127059937
3801874944.0,-0.1573553830385208
3802812416.0,-0.16168257594108582
3803749888.0,-0.1654212921857834
3804687616.0,-0.16738635301589966
3805625088.0,-0.16867069900035858
3806562560.0,-0.16705062985420227
3807500032.0,-0.16552507877349854
3808437504.0,-0.16216464340686798
3809374976.0,-0.15847015380859375
3810312448.0,-0.1525602787733078
3811249920.0,-0.1461116224527359
3812187392.0,-0.13799959421157837
3813125120.0,-0.13034486770629883
3814062592.0,-0.12103360891342163
3815000064.0,-0.11164051294326782
3815937536.0,-0.10277384519577026
3816875008.0,-0.09299832582473755
3817812480.0,-0.08227884769439697
3818749952.0,-0.07281237095594406
3819687424.0,-0.06275144219398499
3820624896.0,-0.05332539975643158
3821562624.0,-0.04318317398428917
3822500096.0,-0.03598539158701897
3823437568.0,-0.02848120778799057
3824375040.0,-0.02251390926539898
3825312512.0,-0.016901930794119835
3826249984.0,-0.01342898327857256
3827187456.0,-0.009590393863618374
3828124928.0,-0.007087466306984425
3829062400.0,-0.0055876257829368114
3830000128.0,-0.005505798850208521
3830937600.0,-0.0055442382581532
3831875072.0,-0.007198654115200043
3832812544.0,-0.010091017931699753
3833750016.0,-0.012318043038249016
3834687488.0,-0.015985701233148575
3835624960.0,-0.02082301676273346
3836562432.0,-0.024482764303684235
3837499904.0,-0.02875390835106373
3838437376.0,-0.033168721944093704
3839375104.0,-0.037628985941410065
3840312576.0,-0.041291575878858566
3841250048.0,-0.04527881368994713
3842187520.0,-0.04832983389496803
3843124992.0,-0.05197439342737198
3844062464.0,-0.05432787910103798
3844999936.0,-0.05590103939175606
3845937408.0,-0.05779597908258438
3846874880.0,-0.05013507604598999
3847812608.0,-0.044976856559515
3848750080.0,-0.04143228754401207
3849687552.0,-0.03737057372927666
3850625024.0,-0.033919643610715866
3851562496.0,-0.032166674733161926
3852499968.0,-0.02978610247373581
3853437440.0,-0.02835531160235405
3854374912.0,-0.02786659449338913
3855312384.0,-0.02721753530204296
3856250112.0,-0.027776265516877174
3857187584.0,-0.027355726808309555
3858125056.0,-0.028167618438601494
3859062528.0,-0.030347274616360664
3860000000.0,-0.03190292418003082
3860937472.0,-0.033971626311540604
3861874944.0,-0.03604624420404434
3862812416.0,-0.03779061883687973
3863749888.0,-0.04114057123661041
3864687616.0,-0.04397574067115784
3865625088.0,-0.04660328850150108
3866562560.0,-0.04963797330856323
3867500032.0,-0.05278005078434944
3868437504.0,-0.054498158395290375
3869374976.0,-0.05819586664438248
3870312448.0,-0.05957363173365593
3871249920.0,-0.06177312508225441
3872187392.0,-0.06359867751598358
3873125120.0,-0.06529881060123444
3874062592.0,-0.06582806259393692
3875000064.0,-0.06798027455806732
3875937536.0,-0.06944247335195541
3876875008.0,-0.0724085345864296
3877812480.0,-0.07390902936458588
3878749952.0,-0.07563509792089462
3879687424.0,-0.07663869857788086
3880624896.0,-0.07776257395744324
3881562624.0,-0.07893107086420059
3882500096.0,-0.07840371876955032
3883437568.0,-0.0794224962592125
3884375040.0,-0.07893431931734085
3885312512.0,-0.07799716293811798
3886249984.0,-0.07822397351264954
3887187456.0,-0.07766945660114288
3888124928.0,-0.07731848210096359
3889062400.0,-0.07701202481985092
3889999872.0,-0.07727174460887909
3890937600.0,-0.07864599674940109
3891875072.0,-0.07803184539079666
3892812544.0,-0.07930855453014374
3893750016.0,-0.08029880374670029
3894687488.0,-0.08191321790218353
3895624960.0,-0.08395212888717651
3896562432.0,-0.08618219941854477
3897499904.0,-0.08898889273405075
3898437376.0,-0.09215040504932404
3899375104.0,-0.09673898667097092
3900312576.0,-0.10012777894735336
3901250048.0,-0.10409621894359589
3902187520.0,-0.10769558697938919
3903124992.0,-0.11345942318439484
3904062464.0,-0.11746788024902344
3904999936.0,-0.12263187021017075
3905937408.0,-0.12677928805351257
3906874880.0,-0.14321143925189972
3907812608.0,-0.14984489977359772
3908750080.0,-0.15544219315052032
3909687552.0,-0.15886732935905457
3910625024.0,-0.16170115768909454
3911562496.0,-0.16203711926937103
3912499968.0,-0.15973834693431854
3913437440.0,-0.15555524826049805
3914374912.0,-0.14899693429470062
3915312384.0,-0.14105606079101562
3916250112.0,-0.13147878646850586
3917187584.0,-0.12028254568576813
3918125056.0,-0.10811009258031845
3919062528.0,-0.09548206627368927
3920000000.0,-0.07971694320440292
3920937472.0,-0.06428434699773788
3921874944.0,-0.04797340929508209
3922812416.0,-0.031336985528469086
3923749888.0,-0.014178415760397911
3924687616.0,0.0011419568909332156
3925625088.0,0.01698892004787922
3926562560.0,0.03137608990073204
3927500032.0,0.04434194415807724
3928437504.0,0.05617722496390343
3929374976.0,0.06535313278436661
3930312448.0,0.07271038740873337
3931249920.0,0.07842826843261719
3932187392.0,0.08165469765663147
3933125120.0,0.08330243825912476
3934062592.0,0.08175187557935715
3935000064.0,0.07901236414909363
3935937536.0,0.07521975040435791
3936875008.0,0.06918513029813766
3937812480.0,0.06268119066953659
3938749952.0,0.05566100776195526
3939687424.0,0.046699151396751404
3940624896.0,0.0372176468372345
3941562624.0,0.028947481885552406
3942500096.0,0.01962893083691597
3943437568.0,0.008954152464866638
3944375040.0,0.001628034864552319
3945312512.0,-0.007087665610015392
3946249984.0,-0.014122964814305305
3947187456.0,-0.021387489512562752
3948124928.0,-0.02755000628530979
3949062400.0,-0.03316690772771835
3950000128.0,-0.03753625601530075
3950937600.0,-0.04170096293091774
3951875072.0,-0.04399453103542328
3952812544.0,-0.046421390026807785
3953750016.0,-0.04869474470615387
3954687488.0,-0.050076477229595184
3955624960.0,-0.05197266861796379
3956562432.0,-0.0541263073682785
3957499904.0,-0.0553547702729702
3958437376.0,-0.05759599059820175
3959375104.0,-0.057071514427661896
3960312576.0,-0.05876399576663971
3961250048.0,-0.05966579169034958
3962187520.0,-0.06214772164821625
3963124992.0,-0.06375135481357574
3964062464.0,-0.06817559897899628
3964999936.0,-0.07302086800336838
3965937408.0,-0.0790400579571724
3966874880.0,-0.09415178000926971
3967812608.0,-0.1075102686882019
3968750080.0,-0.12177109718322754
3969687552.0,-0.1363353729248047
3970625024.0,-0.15065306425094604
3971562496.0,-0.1631358414888382
3972499968.0,-0.1758686900138855
3973437440.0,-0.18798916041851044
3974374912.0,-0.19686450064182281
3975312384.0,-0.20528866350650787
3976250112.0,-0.21253187954425812
3977187584.0,-0.2173396497964859
3978125056.0,-0.22145937383174896
3979062528.0,-0.22302894294261932
3980000000.0,-0.2231772094964981
3980937472.0,-0.22152012586593628
3981874944.0,-0.21816952526569366
3982812416.0,-0.2131408005952835
3983749888.0,-0.2067156732082367
3984687616.0,-0.19824138283729553
3985625088.0,-0.1879955530166626
3986562560.0,-0.17802247405052185
3987500032.0,-0.16616128385066986
3988437504.0,-0.1546998769044876
3989374976.0,-0.14351731538772583
3990312448.0,-0.13104796409606934
3991249920.0,-0.1190740317106247
3992187392.0,-0.10763176530599594
3993125120.0,-0.09617111831903458
3994062592.0,-0.08532264083623886
3995000064.0,-0.07467176765203476
3995937536.0,-0.06564126908779144
3996875008.0,-0.05788830667734146
3997812480.0,-0.05056002363562584
3998749952.0,-0.04472404345870018
3999687424.0,-0.03810769319534302
4000624896.0,-0.04499028995633125
4001562624.0,-0.04286589473485947
4002500096.0,-0.04238911345601082
4003437568.0,-0.04208095744252205
4004375040.0,-0.0434725247323513
4005312512.0,-0.04766900837421417
4006249984.0,-0.05043570324778557
4007187456.0,-0.05541178956627846
4008124928.0,-0.06112176552414894
4009062400.0,-0.06918563693761826
4009999872.0,-0.07672891020774841
4010937600.0,-0.08421308547258377
4011875072.0,-0.09190957993268967
4012812544.0,-0.10050185024738312
4013750016.0,-0.10783614963293076
4014687488.0,-0.11697238683700562
4015624960.0,-0.12413642555475235
4016562432.0,-0.13163325190544128
4017499904.0,-0.13886550068855286
4018437376.0,-0.14712026715278625
4019375104.0,-0.15352104604244232
4020312576.0,-0.16039372980594635
4021250048.0,-0.1655043363571167
4022187520.0,-0.17039713263511658
4023124992.0,-0.1757228970527649
4024062464.0,-0.17988190054893494
4024999936.0,-0.183817058801651
4025937408.0,-0.18723858892917633
4026874880.0,-0.1803707778453827
4027812608.0,-0.18750658631324768
4028750080.0,-0.19295446574687958
4029687552.0,-0.19808803498744965
4030625024.0,-0.20529760420322418
4031562496.0,-0.2093447744846344
4032499968.0,-0.21419668197631836
4033437440.0,-0.21631689369678497
4034374912.0,-0.21845361590385437
4035312384.0,-0.22091512382030487
4036250112.0,-0.22004729509353638
4037187584.0,-0.21804416179656982
4038125056.0,-0.2143923044204712
4039062528.0,-0.21134011447429657
4040000000.0,-0.2053898572921753
4040937472.0,-0.19918815791606903
4041874944.0,-0.19294628500938416
4042812416.0,-0.18439672887325287
4043749888.0,-0.1759192943572998
4044687616.0,-0.16552141308784485
4045625088.0,-0.15577708184719086
4046562560.0,-0.14492420852184296
4047500032.0,-0.13204841315746307
4048437504.0,-0.11916451901197433
4049374976.0,-0.10615994781255722
4050312448.0,-0.09355849772691727
4051249920.0,-0.0797085240483284
4052187392.0,-0.06503337621688843
4053125120.0,-0.05211731791496277
4054062592.0,-0.038298532366752625
4055000064.0,-0.02633332461118698
4055937536.0,-0.01432460080832243
4056875008.0,-0.004232542589306831
4057812480.0,0.004966164939105511
4058749952.0,0.012548040598630905
4059687424.0,0.019841518253087997
4060624896.0,0.02457316778600216
4061562624.0,0.026941364631056786
4062500096.0,0.029108602553606033
4063437568.0,0.028183843940496445
4064375040.0,0.026834212243556976
4065312512.0,0.02363954670727253
4066249984.0,0.017159732058644295
4067187456.0,0.010538792237639427
4068124928.0,0.0023562561254948378
4069062400.0,-0.006445127073675394
4070000128.0,-0.017329201102256775
4070937600.0,-0.028274422511458397
4071875072.0,-0.04033321514725685
4072812544.0,-0.05196426063776016
4073750016.0,-0.06433804333209991
4074687488.0,-0.07790984958410263
4075624960.0,-0.0896870493888855
4076562432.0,-0.10286537557840347
4077499904.0,-0.11466784030199051
4078437376.0,-0.12596693634986877
4079375104.0,-0.1372862160205841
4080312576.0,-0.14732159674167633
4081250048.0,-0.15592633187770844
4082187520.0,-0.16465219855308533
4083124992.0,-0.17024169862270355
4084062464.0,-0.175120547413826
4084999936.0,-0.17799046635627747
4085937408.0,-0.1806109994649887
4086874880.0,-0.16213028132915497
4087812608.0,-0.16152387857437134
4088750080.0,-0.16084110736846924
4089687552.0,-0.1577751338481903
4090625024.0,-0.15480227768421173
4091562496.0,-0.1516367495059967
4092499968.0,-0.14748065173625946
4093437440.0,-0.14275002479553223
4094374912.0,-0.1376493275165558
4095312384.0,-0.13201043009757996
4096250112.0,-0.12622137367725372
4097187584.0,-0.11959279328584671
4098125056.0,-0.11484641581773758
4099062528.0,-0.10855793952941895
4100000000.0,-0.10184067487716675
4100937472.0,-0.0965353325009346
4101874944.0,-0.09071452915668488
4102812416.0,-0.0847950354218483
4103749888.0,-0.08147813379764557
4104687616.0,-0.07549023628234863
4105625088.0,-0.07103311270475388
4106562560.0,-0.06578712910413742
4107500032.0,-0.06172572821378708
4108437504.0,-0.05765144154429436
4109374976.0,-0.05361894890666008
4110312448.0,-0.05041789636015892
4111249920.0,-0.04828895255923271
4112187392.0,-0.04520045220851898
4113125120.0,-0.042864806950092316
4114062592.0,-0.04106079787015915
4115000064.0,-0.039264727383852005
4115937536.0,-0.03788013756275177
4116875008.0,-0.03727081045508385
4117812480.0,-0.03740868344902992
4118749952.0,-0.036959558725357056
4119687424.0,-0.03722987323999405
4120624896.0,-0.03726620599627495
4121562624.0,-0.0389850027859211
4122500096.0,-0.03959575667977333
4123437568.0,-0.04130805656313896
4124375040.0,-0.04189787432551384
4125312512.0,-0.043131619691848755
4126249984.0,-0.045440077781677246
4127187456.0,-0.04726294428110123
4128124928.0,-0.05006890743970871
4129062400.0,-0.052819810807704926
4129999872.0,-0.05693744495511055
4130937600.0,-0.060949280858039856
4131875072.0,-0.06580206751823425
4132812544.0,-0.07021548599004745
4133750016.0,-0.07641923427581787
4134687488.0,-0.0820678099989891
4135624960.0,-0.08852493762969971
4136562432.0,-0.09543827921152115
4137499904.0,-0.1027708426117897
4138437376.0,-0.11121680587530136
4139375104.0,-0.12046226114034653
4140312576.0,-0.1286431849002838
4141250048.0,-0.13786433637142181
4142187520.0,-0.14550799131393433
4143124992.0,-0.15477655827999115
4144062464.0,-0.16280703246593475
4144999936.0,-0.17157688736915588
4145937408.0,-0.179438054561615
4146874880.0,-0.20052632689476013
4147812608.0,-0.2076701670885086
4148750080.0,-0.212358295917511
4149687552.0,-0.21608930826187134
4150625024.0,-0.21747365593910217
4151562496.0,-0.21620991826057434
4152499968.0,-0.21444058418273926
4153437440.0,-0.20975762605667114
4154374912.0,-0.20384566485881805
4155312384.0,-0.1958744078874588
4156250112.0,-0.187097430229187
4157187584.0,-0.1778331845998764
4158125056.0,-0.16711470484733582
4159062528.0,-0.15545761585235596
4160000000.0,-0.14221912622451782
4160937472.0,-0.13079649209976196
4161874944.0,-0.11807949095964432
4162812416.0,-0.10582728683948517
4163749888.0,-0.09284079074859619
4164687616.0,-0.08163920044898987
4165625088.0,-0.07036280632019043
4166562560.0,-0.05987539142370224
4167500032.0,-0.04979772865772247
4168437504.0,-0.040507979691028595
4169374976.0,-0.03244267404079437
4170312448.0,-0.02404671721160412
4171249920.0,-0.017871562391519547
4172187392.0,-0.01245934423059225
4173125120.0,-0.0067580100148916245
4174062592.0,-0.002935033990070224
4175000064.0,0.0019128976855427027
4175937536.0,0.005725047085434198
4176875008.0,0.009727148339152336
4177812480.0,0.011840393766760826
4178749952.0,0.014029724523425102
4179687424.0,0.01540763583034277
4180624896.0,0.016635000705718994
4181562624.0,0.016402894631028175
4182500096.0,0.01587880402803421
4183437568.0,0.014700635336339474
4184375040.0,0.014317471534013748
4185312512.0,0.01193926203995943
4186249984.0,0.009392401203513145
4187187456.0,0.007235076278448105
4188124928.0,0.0017185714095830917
4189062400.0,-0.0017032087780535221
4190000128.0,-0.006434067618101835
4190937600.0,-0.012546560727059841
4191875072.0,-0.019249331206083298
4192812544.0,-0.02620912715792656
4193750016.0,-0.03406885638833046
4194687488.0,-0.04189380258321762
4195624960.0,-0.04991741105914116
4196562432.0,-0.059673819690942764
4197499904.0,-0.06859756261110306
4198437376.0,-0.07942210882902145
4199375104.0,-0.090739905834198
4200312576.0,-0.10292202234268188
4201250048.0,-0.11476270854473114
4202187520.0,-0.1275802105665207
4203124992.0,-0.14005047082901
4204062464.0,-0.15249961614608765
4204999936.0,-0.16492071747779846
4205937408.0,-0.1772300750017166
4206874880.0,-0.1802220642566681
4207812608.0,-0.1920362263917923
4208750080.0,-0.20471669733524323
4209687552.0,-0.21540892124176025
4210625024.0,-0.2254790961742401
4211562496.0,-0.23543570935726166
4212499968.0,-0.24403659999370575
4213437440.0,-0.25124409794807434
4214374912.0,-0.25631090998649597
4215312384.0,-0.259427547454834
4216250112.0,-0.2615005671977997
4217187584.0,-0.26154622435569763
4218125056.0,-0.2580859959125519
4219062528.0,-0.2523042559623718
4220000000.0,-0.2433837354183197
4220937472.0,-0.23309634625911713
4221874944.0,-0.22023065388202667
4222812416.0,-0.20751459896564484
4223749888.0,-0.19100934267044067
4224687616.0,-0.17309249937534332
4225625088.0,-0.15284186601638794
4226562560.0,-0.13181303441524506
4227500032.0,-0.1098945140838623
4228437504.0,-0.0878414586186409
4229374976.0,-0.06493307650089264
4230312448.0,-0.04168390855193138
4231249920.0,-0.01924067549407482
4232187392.0,0.0014961467823013663
4233125120.0,0.021722566336393356
4234062592.0,0.041022006422281265
4235000064.0,0.05866660177707672
4235937536.0,0.07551103830337524
4236875008.0,0.08889712393283844
4237812480.0,0.10049878060817719
4238749952.0,0.11035502701997757
4239687424.0,0.11761493235826492
4240624896.0,0.12284156680107117
4241562624.0,0.12375475466251373
4242500096.0,0.12331491708755493
4243437568.0,0.12024223059415817
4244375040.0,0.11455104500055313
4245312512.0,0.10680847615003586
4246249984.0,0.09697632491588593
4247187456.0,0.08525364100933075
4248124928.0,0.07129257917404175
4249062400.0,0.05531986802816391
4249999872.0,0.03871651738882065
4250937600.0,0.021463142707943916
4251875072.0,0.0036892122589051723
4252812544.0,-0.014090526849031448
4253750016.0,-0.03204500675201416
4254687488.0,-0.05039721727371216
4255624960.0,-0.06871861219406128
4256562432.0,-0.08603467047214508
4257499904.0,-0.10381095856428146
4258437376.0,-0.12123171985149384
4259375104.0,-0.13840189576148987
4260312576.0,-0.15494605898857117
4261250048.0,-0.17058421671390533
4262187520.0,-0.18571287393569946
4263124992.0,-0.19941076636314392
4264062464.0,-0.21356534957885742
4264999936.0,-0.2267877161502838
4265937408.0,-0.24069900810718536
4266874880.0,-0.2513330280780792
4267812608.0,-0.25622016191482544
4268750080.0,-0.2612849771976471
4269687552.0,-0.2662688195705414
4270625024.0,-0.27155420184135437
4271562496.0,-0.27673399448394775
4272499968.0,-0.28055551648139954
4273437440.0,-0.2843185365200043
4274374912.0,-0.28709831833839417
4275312384.0,-0.2886151969432831
4276250112.0,-0.28781992197036743
4277187584.0,-0.2859392464160919
4278125056.0,-0.283281147480011
4279062528.0,-0.27894192934036255
4280000000.0,-0.27177825570106506
4280937472.0,-0.26354873180389404
4281874944.0,-0.25340941548347473
4282812416.0,-0.24062734842300415
4283749888.0,-0.22691428661346436
4284687616.0,-0.21064448356628418
4285625088.0,-0.19325681030750275
4286562560.0,-0.17462453246116638
4287500032.0,-0.1537691056728363
4288437504.0,-0.13219298422336578
4289374976.0,-0.10914915800094604
4290312448.0,-0.08636502176523209
4291249920.0,-0.06247785687446594
4292187392.0,-0.03926175460219383
4293125120.0,-0.015580370090901852
4294062592.0,0.007976986467838287
4295000064.0,0.031015587970614433
4295937536.0,0.052539076656103134
4296875008.0,0.07382229715585709
4297812480.0,0.0925401821732521
4298749952.0,0.11003816872835159
4299687424.0,0.12560461461544037
4300624896.0,0.13875539600849152
4301562368.0,0.14917948842048645
4302499840.0,0.15789052844047546
4303437312.0,0.163907989859581
4304374784.0,0.16763803362846375
4305312256.0,0.16875377297401428
4306250240.0,0.16571888327598572
4307187712.0,0.16038468480110168
4308125184.0,0.1517685502767563
4309062656.0,0.14162136614322662
4310000128.0,0.12660640478134155
4310937600.0,0.11083198338747025
4311875072.0,0.09179379045963287
4312812544.0,0.07033924758434296
4313750016.0,0.045820727944374084
4314687488.0,0.020557984709739685
4315624960.0,-0.0073358360677957535
4316562432.0,-0.03728539124131203
4317499904.0,-0.06620228290557861
4318437376.0,-0.09727904200553894
4319374848.0,-0.1275918036699295
4320312320.0,-0.1576157510280609
4321249792.0,-0.18542738258838654
4322187264.0,-0.21401099860668182
4323125248.0,-0.24020537734031677
4324062720.0,-0.26536816358566284
4325000192.0,-0.2881014943122864
4325937664.0,-0.30928853154182434
4326875136.0,-0.3477913439273834
4327812608.0,-0.34306585788726807
4328750080.0,-0.33698853850364685
4329687552.0,-0.3303249180316925
4330625024.0,-0.32259708642959595
4331562496.0,-0.31444230675697327
4332499968.0,-0.30532070994377136
4333437440.0,-0.29684585332870483
4334374912.0,-0.2892920970916748
4335312384.0,-0.2803914248943329
4336249856.0,-0.27286309003829956
4337187328.0,-0.2658611238002777
4338124800.0,-0.259560227394104
4339062272.0,-0.25362157821655273
4339999744.0,-0.2490372210741043
4340937728.0,-0.2434854805469513
4341875200.0,-0.23967953026294708
4342812672.0,-0.23420308530330658
4343750144.0,-0.22913597524166107
4344687616.0,-0.2232656180858612
4345625088.0,-0.21744754910469055
4346562560.0,-0.21172164380550385
4347500032.0,-0.20468394458293915
4348437504.0,-0.19680291414260864
4349374976.0,-0.18781208992004395
4350312448.0,-0.17824900150299072
4351249920.0,-0.1666516363620758
4352187392.0,-0.1529136747121811
4353124864.0,-0.13872858881950378
4354062336.0,-0.12357272207736969
4354999808.0,-0.10713211447000504
4355937280.0,-0.09020579606294632
4356874752.0,-0.07346482574939728
4357812736.0,-0.057313792407512665
4358750208.0,-0.04284843057394028
4359687680.0,-0.0315902978181839
4360625152.0,-0.023185135796666145
4361562624.0,-0.018453825265169144
4362500096.0,-0.015200279653072357
4363437568.0,-0.013077438808977604
4364375040.0,-0.011317010968923569
4365312512.0,-0.009692701511085033
4366249984.0,-0.009171302430331707
4367187456.0,-0.009653354994952679
4368124928.0,-0.010670866817235947
4369062400.0,-0.011039436794817448
4369999872.0,-0.012762795202434063
4370937344.0,-0.016010228544473648
4371874816.0,-0.01907486654818058
4372812288.0,-0.02339262142777443
4373749760.0,-0.029595758765935898
4374687744.0,-0.03579571843147278
4375625216.0,-0.04378123581409454
4376562688.0,-0.05374172702431679
4377500160.0,-0.06537266075611115
4378437632.0,-0.07779552042484283
4379375104.0,-0.09415721893310547
4380312576.0,-0.11194832623004913
4381250048.0,-0.13134822249412537
4382187520.0,-0.15196605026721954
4383124992.0,-0.17366743087768555
4384062464.0,-0.1980772614479065
4384999936.0,-0.22206853330135345
4385937408.0,-0.24671491980552673
4386874880.0,-0.3400757312774658
4387812352.0,-0.3562316596508026
4388749824.0,-0.3690870702266693
4389687296.0,-0.38132980465888977
4390624768.0,-0.3906363248825073
4391562752.0,-0.3962147533893585
4392500224.0,-0.398585706949234
4393437696.0,-0.39700883626937866
4394375168.0,-0.392292857170105
4395312640.0,-0.385642945766449
4396250112.0,-0.3738664984703064
4397187584.0,-0.35985538363456726
4398125056.0,-0.3436325192451477
4399062528.0,-0.324210524559021
4400000000.0,-0.2999281585216522
4400937472.0,-0.2752397358417511
4401874944.0,-0.2476586252450943
4402812416.0,-0.21746419370174408
4403749888.0,-0.18759547173976898
4404687360.0,-0.15611980855464935
4405624832.0,-0.12396445870399475
4406562304.0,-0.09175384789705276
4407499776.0,-0.06016277149319649
4408437248.0,-0.02895195782184601
4409375232.0,0.0010929509298875928
4410312704.0,0.029646670445799828
4411250176.0,0.056067414581775665
4412187648.0,0.08058615028858185
4413125120.0,0.10288763046264648
4414062592.0,0.12330340594053268
4415000064.0,0.14023980498313904
4415937536.0,0.1539997160434723
4416875008.0,0.16414126753807068
4417812480.0,0.17172208428382874
4418749952.0,0.17521752417087555
4419687424.0,0.17530669271945953
4420624896.0,0.17353704571723938
4421562368.0,0.16680389642715454
4422499840.0,0.15828292071819305
4423437312.0,0.14518168568611145
4424374784.0,0.12996195256710052
4425312256.0,0.11152011901140213
4426250240.0,0.09131044894456863
4427187712.0,0.06877637654542923
4428125184.0,0.043670155107975006
4429062656.0,0.01809239573776722
4430000128.0,-0.007875354960560799
4430937600.0,-0.034336499869823456
4431875072.0,-0.06243249028921127
4432812544.0,-0.08900899440050125
4433750016.0,-0.11539807915687561
4434687488.0,-0.14019976556301117
4435624960.0,-0.16433846950531006
4436562432.0,-0.18582776188850403
4437499904.0,-0.20700891315937042
4438437376.0,-0.22540275752544403
4439374848.0,-0.24179427325725555
4440312320.0,-0.25492194294929504
4441249792.0,-0.2657827138900757
4442187264.0,-0.27415740489959717
4443125248.0,-0.2802594304084778
4444062720.0,-0.2846587300300598
4445000192.0,-0.2860918939113617
4445937664.0,-0.2863370180130005
4446875136.0,-0.23064157366752625
4447812608.0,-0.23444794118404388
4448750080.0,-0.23700276017189026
4449687552.0,-0.2366792857646942
4450625024.0,-0.23399700224399567
4451562496.0,-0.22743114829063416
4452499968.0,-0.2180866152048111
4453437440.0,-0.2076667845249176
4454374912.0,-0.19328054785728455
4455312384.0,-0.1774357110261917
4456249856.0,-0.1592993438243866
4457187328.0,-0.13988324999809265
4458124800.0,-0.11818636208772659
4459062272.0,-0.09671135246753693
4460000256.0,-0.07463374733924866
4460937728.0,-0.05148421600461006
4461875200.0,-0.029543470591306686
4462812672.0,-0.007183680310845375
4463750144.0,0.013045086525380611
4464687616.0,0.03197316825389862
4465625088.0,0.049612414091825485
4466562560.0,0.06595424562692642
4467500032.0,0.07903078198432922
4468437504.0,0.08973158895969391
4469374976.0,0.09757985174655914
4470312448.0,0.10212540626525879
4471249920.0,0.10552965849637985
4472187392.0,0.10477965325117111
4473124864.0,0.100814089179039
4474062336.0,0.09494541585445404
4474999808.0,0.08548682928085327
4475937280.0,0.07302229851484299
4476874752.0,0.05837570130825043
4477812736.0,0.040111713111400604
4478750208.0,0.019821012392640114
4479687680.0,-0.0016888121608644724
4480625152.0,-0.026300322264432907
4481562624.0,-0.05155324563384056
4482500096.0,-0.07763408124446869
4483437568.0,-0.10572170466184616
4484375040.0,-0.13372473418712616
4485312512.0,-0.16238224506378174
4486249984.0,-0.19100907444953918
4487187456.0,-0.219057098031044
4488124928.0,-0.24646838009357452
4489062400.0,-0.2724131941795349
4489999872.0,-0.29664790630340576
4490937344.0,-0.31931567192077637
4491874816.0,-0.34050512313842773
4492812288.0,-0.3595961630344391
4493749760.0,-0.37720921635627747
4494687744.0,-0.3914894759654999
4495625216.0,-0.40261510014533997
4496562688.0,-0.4130760729312897
4497500160.0,-0.42004072666168213
4498437632.0,-0.425618052482605
4499375104.0,-0.42875829339027405
4500312576.0,-0.42975038290023804
4501250048.0,-0.42986974120140076
4502187520.0,-0.42825525999069214
4503124992.0,-0.42607396841049194
4504062464.0,-0.4230174124240875
4504999936.0,-0.4210992753505707
4505937408.0,-0.41791558265686035
4506874880.0,-0.2982501983642578
4507812352.0,-0.29535359144210815
4508749824.0,-0.29358765482902527
4509687296.0,-0.2924080193042755
4510624768.0,-0.29110318422317505
4511562752.0,-0.2919441759586334
4512500224.0,-0.2923559248447418
4513437696.0,-0.29395273327827454
4514375168.0,-0.2963668704032898
4515312640.0,-0.3002529442310333
4516250112.0,-0.3043377101421356
4517187584.0,-0.3092361092567444
4518125056.0,-0.3156936764717102
4519062528.0,-0.32280758023262024
4520000000.0,-0.3298373520374298
4520937472.0,-0.337853342294693
4521874944.0,-0.3463388681411743
4522812416.0,-0.3553934395313263
4523749888.0,-0.36425623297691345
4524687360.0,-0.37347185611724854
4525624832.0,-0.3835417926311493
4526562304.0,-0.3927006125450134
4527499776.0,-0.40120455622673035
4528437248.0,-0.40961092710494995
4529375232.0,-0.4176446497440338
4530312704.0,-0.42608222365379333
4531250176.0,-0.4343836009502411
4532187648.0,-0.43976739048957825
4533125120.0,-0.4464244544506073
4534062592.0,-0.4522338807582855
4535000064.0,-0.4572284519672394
4535937536.0,-0.46170467138290405
4536875008.0,-0.4661635458469391
4537812480.0,-0.4695793092250824
4538749952.0,-0.4717792868614197
4539687424.0,-0.4734646677970886
4540624896.0,-0.4747002422809601
4541562368.0,-0.47506043314933777
4542499840.0,-0.4753446877002716
4543437312.0,-0.4751983880996704
4544374784.0,-0.47416168451309204
4545312256.0,-0.4724062979221344
4546250240.0,-0.46970316767692566
4547187712.0,-0.466746062040329
4548125184.0,-0.46411219239234924
4549062656.0,-0.4618968367576599
4550000128.0,-0.45851582288742065
4550937600.0,-0.4563097655773163
4551875072.0,-0.4527343511581421
4552812544.0,-0.4510931372642517
4553750016.0,-0.448188453912735
4554687488.0,-0.4461691975593567
4555624960.0,-0.4452136754989624
4556562432.0,-0.44281697273254395
4557499904.0,-0.4404267370700836
4558437376.0,-0.43913325667381287
4559374848.0,-0.4382685124874115
4560312320.0,-0.4361497759819031
4561249792.0,-0.43425336480140686
4562187264.0,-0.43409231305122375
4563125248.0,-0.4324198365211487
4564062720.0,-0.4330804646015167
4565000192.0,-0.43078285455703735
4565937664.0,-0.42762431502342224
4566875136.0,-0.3804800510406494
4567812608.0,-0.3876062333583832
4568750080.0,-0.39246052503585815
4569687552.0,-0.39539283514022827
4570625024.0,-0.3974274694919586
4571562496.0,-0.39737415313720703
4572499968.0,-0.394285649061203
4573437440.0,-0.3891894817352295
4574374912.0,-0.3828674852848053
4575312384.0,-0.37286612391471863
4576249856.0,-0.36147016286849976
4577187328.0,-0.34822529554367065
4578124800.0,-0.3326193392276764
4579062272.0,-0.31504037976264954
4579999744.0,-0.29752472043037415
4580937728.0,-0.2775458097457886
4581875200.0,-0.2556993365287781
4582812672.0,-0.23421967029571533
4583750144.0,-0.21133193373680115
4584687616.0,-0.18902799487113953
4585625088.0,-0.16659526526927948
4586562560.0,-0.14338313043117523
4587500032.0,-0.12177950143814087
4588437504.0,-0.1003926619887352
4589374976.0,-0.08072011172771454
4590312448.0,-0.06165122240781784
4591249920.0,-0.04478728026151657
4592187392.0,-0.02979418821632862
4593124864.0,-0.015585622750222683
4594062336.0,-0.0051704756915569305
4594999808.0,0.0038117971271276474
4595937280.0,0.009009863249957561
4596874752.0,0.01197743695229292
4597812736.0,0.013184789568185806
4598750208.0,0.009726776741445065
4599687680.0,0.0044051604345440865
4600625152.0,-0.003624708391726017
4601562624.0,-0.013933489099144936
4602500096.0,-0.025327512994408607
4603437568.0,-0.039753466844558716
4604375040.0,-0.05629071220755577
4605312512.0,-0.07452002167701721
4606249984.0,-0.09516828507184982
4607187456.0,-0.11758492887020111
4608124928.0,-0.14023157954216003
4609062400.0,-0.1632964164018631
4609999872.0,-0.18606707453727722
4610937344.0,-0.20806598663330078
4611874816.0,-0.23107820749282837
4612812288.0,-0.25265029072761536
4613749760.0,-0.2741411030292511
4614687744.0,-0.2941322326660156
4615625216.0,-0.3134274482727051
4616562688.0,-0.33302825689315796
4617500160.0,-0.3496241867542267
4618437632.0,-0.36681562662124634
4619375104.0,-0.3805822730064392
4620312576.0,-0.3946336507797241
4621250048.0,-0.4074229896068573
4622187520.0,-0.41895967721939087
4623124992.0,-0.4289417266845703
4624062464.0,-0.4369657337665558
4624999936.0,-0.44615474343299866
4625937408.0,-0.4545762240886688
4626874880.0,-0.46912696957588196
4627812352.0,-0.463069349527359
4628749824.0,-0.45732271671295166
4629687296.0,-0.4493902027606964
4630624768.0,-0.4402928948402405
4631562752.0,-0.4315274655818939
4632500224.0,-0.4207223355770111
4633437696.0,-0.41089311242103577
4634375168.0,-0.40012556314468384
4635312640.0,-0.3897092938423157
4636250112.0,-0.3788052797317505
4637187584.0,-0.3696233034133911
4638125056.0,-0.3597606122493744
4639062528.0,-0.35184308886528015
4640000000.0,-0.34356236457824707
4640937472.0,-0.3377645015716553
4641874944.0,-0.3318383991718292
4642812416.0,-0.32667261362075806
4643749888.0,-0.3226381242275238
4644687360.0,-0.31929466128349304
4645624832.0,-0.31733083724975586
4646562304.0,-0.31716853380203247
4647499776.0,-0.31781819462776184
4648437248.0,-0.3206358253955841
4649375232.0,-0.32284507155418396
4650312704.0,-0.327563613653183
4651250176.0,-0.3329845666885376
4652187648.0,-0.33801034092903137
4653125120.0,-0.34375500679016113
4654062592.0,-0.35141217708587646
4655000064.0,-0.35925719141960144
4655937536.0,-0.3688949644565582
4656875008.0,-0.37840667366981506
4657812480.0,-0.38813331723213196
4658749952.0,-0.3992832601070404
4659687424.0,-0.41135042905807495
4660624896.0,-0.4244215786457062
4661562368.0,-0.4366094470024109
4662499840.0,-0.45076635479927063
4663437312.0,-0.4647778868675232
4664374784.0,-0.4778558015823364
4665312256.0,-0.49277666211128235
4666250240.0,-0.5066400170326233
4667187712.0,-0.5209930539131165
4668125184.0,-0.5349609851837158
4669062656.0,-0.5498837232589722
4670000128.0,-0.5656406283378601
4670937600.0,-0.5807400941848755
4671875072.0,-0.5937603116035461
4672812544.0,-0.6084585189819336
4673750016.0,-0.6235127449035645
4674687488.0,-0.6366391181945801
4675624960.0,-0.6485957503318787
4676562432.0,-0.6613283753395081
4677499904.0,-0.6717367172241211
4678437376.0,-0.681824803352356
4679374848.0,-0.6913653016090393
4680312320.0,-0.7005268931388855
4681249792.0,-0.7073498964309692
4682187264.0,-0.7120073437690735
4683125248.0,-0.7160429358482361
4684062720.0,-0.7182686924934387
4685000192.0,-0.7186269164085388
4685937664.0,-0.7177637219429016
4686875136.0,-0.6937373876571655
4687812608.0,-0.6927433609962463
4688750080.0,-0.6897516250610352
4689687552.0,-0.683610737323761
4690625024.0,-0.6743563413619995
4691562496.0,-0.6635119915008545
4692499968.0,-0.6491310596466064
4693437440.0,-0.6342238187789917
4694374912.0,-0.6163505911827087
4695312384.0,-0.5964473485946655
4696249856.0,-0.5745543241500854
4697187328.0,-0.5519432425498962
4698124800.0,-0.5288417935371399
4699062272.0,-0.5055529475212097
4700000256.0,-0.48183852434158325
4700937728.0,-0.4587301015853882
4701875200.0,-0.4369736313819885
4702812672.0,-0.41730108857154846
4703750144.0,-0.39921262860298157
4704687616.0,-0.3842789828777313
4705625088.0,-0.3730810880661011
4706562560.0,-0.363749623298645
4707500032.0,-0.3590790927410126
4708437504.0,-0.3584151268005371
4709374976.0,-0.36157068610191345
4710312448.0,-0.3696986436843872
4711249920.0,-0.3825727701187134
4712187392.0,-0.39981499314308167
4713124864.0,-0.42260828614234924
4714062336.0,-0.44956859946250916
4714999808.0,-0.48269227147102356
4715937280.0,-0.5192201733589172
4716874752.0,-0.5597511529922485
4717812736.0,-0.6029722690582275
4718750208.0,-0.6485071778297424
4719687680.0,-0.6965234279632568
4720625152.0,-0.7458165884017944
4721562624.0,-0.7950007915496826
4722500096.0,-0.8437684178352356
4723437568.0,-0.8919596076011658
4724375040.0,-0.9380314946174622
4725312512.0,-0.9812836050987244
4726249984.0,-1.0221203565597534
4727187456.0,-1.0580013990402222
4728124928.0,-1.0906293392181396
4729062400.0,-1.1181772947311401
4729999872.0,-1.141266942024231
4730937344.0,-1.161055564880371
4731874816.0,-1.175246238708496
4732812288.0,-1.1857671737670898
4733749760.0,-1.1924526691436768
4734687744.0,-1.1962153911590576
4735625216.0,-1.195848822593689
4736562688.0,-1.191847562789917
4737500160.0,-1.1862791776657104
4738437632.0,-1.177673578262329
4739375104.0,-1.168150544166565
4740312576.0,-1.1572932004928589
4741250048.0,-1.1444973945617676
4742187520.0,-1.130351185798645
4743124992.0,-1.116628646850586
4744062464.0,-1.1020797491073608
4744999936.0,-1.087477684020996
4745937408.0,-1.0724644660949707
4746874880.0,-0.824945867061615
4747812352.0,-0.83132404088974
4748749824.0,-0.8376128077507019
4749687296.0,-0.8445726037025452
4750624768.0,-0.8521010875701904
4751562752.0,-0.8580475449562073
4752500224.0,-0.8635640144348145
4753437696.0,-0.8683131337165833
4754375168.0,-0.8728296756744385
4755312640.0,-0.8769550323486328
4756250112.0,-0.8801778554916382
4757187584.0,-0.8816049695014954
4758125056.0,-0.8829795718193054
4759062528.0,-0.884387731552124
4760000000.0,-0.8834889531135559
4760937472.0,-0.8820804357528687
4761874944.0,-0.8783828616142273
4762812416.0,-0.8758581280708313
4763749888.0,-0.8719096779823303
4764687360.0,-0.867945671081543
4765624832.0,-0.863476037979126
4766562304.0,-0.8580619692802429
4767499776.0,-0.8523291349411011
4768437248.0,-0.847442626953125
4769375232.0,-0.8415961861610413
4770312704.0,-0.8355287909507751
4771250176.0,-0.8296968936920166
4772187648.0,-0.8240605592727661
4773125120.0,-0.819527268409729
4774062592.0,-0.8165151476860046
4775000064.0,-0.8150639533996582
4775937536.0,-0.8136633634567261
4776875008.0,-0.8138115406036377
4777812480.0,-0.8152053356170654
4778749952.0,-0.817618191242218
4779687424.0,-0.8230859041213989
4780624896.0,-0.8308497667312622
4781562368.0,-0.8399658203125
4782499840.0,-0.8504852652549744
4783437312.0,-0.8642666339874268
4784374784.0,-0.8794627785682678
4785312256.0,-0.896636426448822
4786250240.0,-0.915194034576416
4787187712.0,-0.936015784740448
4788125184.0,-0.9585621356964111
4789062656.0,-0.982582688331604
4790000128.0,-1.007506012916565
4790937600.0,-1.0331910848617554
4791875072.0,-1.0591808557510376
4792812544.0,-1.0847004652023315
4793750016.0,-1.1123868227005005
4794687488.0,-1.1396971940994263
4795624960.0,-1.1678943634033203
4796562432.0,-1.1958858966827393
4797499904.0,-1.2225831747055054
4798437376.0,-1.2490289211273193
4799374848.0,-1.2745543718338013
4800312320.0,-1.2977622747421265
4801249792.0,-1.3198332786560059
4802187264.0,-1.340674638748169
4803125248.0,-1.3570667505264282
4804062720.0,-1.371392011642456
4805000192.0,-1.3819726705551147
4805937664.0,-1.391548752784729
4806875136.0,-1.2488412857055664
4807812608.0,-1.2519869804382324
4808750080.0,-1.254716396331787
4809687552.0,-1.254218578338623
4810625024.0,-1.2525235414505005
4811562496.0,-1.2510850429534912
4812499968.0,-1.2472935914993286
4813437440.0,-1.2432785034179688
4814374912.0,-1.2388180494308472
4815312384.0,-1.2333166599273682
4816249856.0,-1.227990746498108
4817187328.0,-1.2218000888824463
4818124800.0,-1.2140250205993652
4819062272.0,-1.2077158689498901
4819999744.0,-1.201858401298523
4820937728.0,-1.1959580183029175
4821875200.0,-1.1918635368347168
4822812672.0,-1.1896040439605713
4823750144.0,-1.1862874031066895
4824687616.0,-1.1848976612091064
4825625088.0,-1.1839869022369385
4826562560.0,-1.1867821216583252
4827500032.0,-1.1887086629867554
4828437504.0,-1.1936662197113037
4829374976.0,-1.1999307870864868
4830312448.0,-1.2093322277069092
4831249920.0,-1.219849944114685
4832187392.0,-1.2331119775772095
4833124864.0,-1.2484267950057983
4834062336.0,-1.2648664712905884
4834999808.0,-1.2830694913864136
4835937280.0,-1.3009998798370361
4836874752.0,-1.3206470012664795
4837812736.0,-1.3415240049362183
4838750208.0,-1.361156702041626
4839687680.0,-1.3816078901290894
4840625152.0,-1.4014222621917725
4841562624.0,-1.4214904308319092
4842500096.0,-1.4419972896575928
4843437568.0,-1.4624483585357666
4844375040.0,-1.481945276260376
4845312512.0,-1.5014674663543701
4846249984.0,-1.5196231603622437
4847187456.0,-1.536123514175415
4848124928.0,-1.5539747476577759
4849062400.0,-1.5678811073303223
4849999872.0,-1.582638144493103
4850937344.0,-1.5942660570144653
4851874816.0,-1.604367971420288
4852812288.0,-1.6126294136047363
4853749760.0,-1.6195456981658936
4854687744.0,-1.6255121231079102
4855625216.0,-1.628453254699707
4856562688.0,-1.6306570768356323
4857500160.0,-1.6329529285430908
4858437632.0,-1.6346632242202759
4859375104.0,-1.6370044946670532
4860312576.0,-1.6395149230957031
4861250048.0,-1.6420183181762695
4862187520.0,-1.644834041595459
4863124992.0,-1.648830771446228
4864062464.0,-1.6522020101547241
4864999936.0,-1.6569651365280151
4865937408.0,-1.6609058380126953
4866874880.0,-1.6441932916641235
4867812352.0,-1.648630142211914
4868749824.0,-1.6534578800201416
4869687296.0,-1.6578948497772217
4870624768.0,-1.662746548652649
4871562752.0,-1.6673645973205566
4872500224.0,-1.6731129884719849
4873437696.0,-1.6797082424163818
4874375168.0,-1.6853276491165161
4875312640.0,-1.6939585208892822
4876250112.0,-1.700997233390808
4877187584.0,-1.7102569341659546
4878125056.0,-1.7210760116577148
4879062528.0,-1.7330412864685059
4880000000.0,-1.7432833909988403
4880937472.0,-1.756068468093872
4881874944.0,-1.7682595252990723
4882812416.0,-1.7799131870269775
4883749888.0,-1.7905279397964478
4884687360.0,-1.8024448156356812
4885624832.0,-1.8144153356552124
4886562304.0,-1.8263678550720215
4887499776.0,-1.8371304273605347
4888437248.0,-1.8454080820083618
4889375232.0,-1.8537155389785767
4890312704.0,-1.8583639860153198
4891250176.0,-1.8615963459014893
4892187648.0,-1.8631945848464966
4893125120.0,-1.8604708909988403
4894062592.0,-1.8571383953094482
4895000064.0,-1.8485945463180542
4895937536.0,-1.8387218713760376
4896875008.0,-1.8251420259475708
4897812480.0,-1.8090397119522095
4898749952.0,-1.7911739349365234
4899687424.0,-1.7721564769744873
4900624896.0,-1.7498141527175903
4901562368.0,-1.7261707782745361
4902499840.0,-1.7006504535675049
4903437312.0,-1.6743526458740234
4904374784.0,-1.6487700939178467
4905312256.0,-1.6217676401138306
4906250240.0,-1.5939898490905762
4907187712.0,-1.5684553384780884
4908125184.0,-1.5410492420196533
4909062656.0,-1.5161182880401611
4910000128.0,-1.4927680492401123
4910937600.0,-1.4704095125198364
4911875072.0,-1.4499561786651611
4912812544.0,-1.430379867553711
4913750016.0,-1.4132065773010254
4914687488.0,-1.398359775543213
4915624960.0,-1.3847697973251343
4916562432.0,-1.3745768070220947
4917499904.0,-1.367339015007019
4918437376.0,-1.3610674142837524
4919374848.0,-1.3586217164993286
4920312320.0,-1.3584567308425903
4921249792.0,-1.357743501663208
4922187264.0,-1.3094079494476318
4923125248.0,-1.2970627546310425
4924062720.0,-1.2867093086242676
4925000192.0,-1.275904893875122
4925937664.0,-1.3774956464767456
4926875136.0,-1.3837841749191284
4927812608.0,-1.389976143836975
4928750080.0,-1.3964647054672241
4929687552.0,-1.4006019830703735
4930625024.0,-1.4042789936065674
4931562496.0,-1.40481436252594
4932499968.0,-1.4036270380020142
4933437440.0,-1.4009325504302979
4934374912.0,-1.3953038454055786
4935312384.0,-1.386671543121338
4936249856.0,-1.3756216764450073
4937187328.0,-1.3621547222137451
4938124800.0,-1.3457603454589844
4939062272.0,-1.3276855945587158
4940000256.0,-1.3079464435577393
4940937728.0,-1.2871618270874023
4941875200.0,-1.265386939048767
4942812672.0,-1.241623878479004
4943750144.0,-1.2185895442962646
4944687616.0,-1.1946839094161987
4945625088.0,-1.1714367866516113
4946562560.0,-1.1486971378326416
4947500032.0,-1.126024842262268
4948437504.0,-1.1062370538711548
4949374976.0,-1.0891822576522827
4950312448.0,-1.0722657442092896
4951249920.0,-1.0584677457809448
4952187392.0,-1.0465846061706543
4953124864.0,-1.0367100238800049
4954062336.0,-1.0294346809387207
4954999808.0,-1.0238670110702515
4955937280.0,-1.019133448600769
4956874752.0,-1.0162467956542969
4957812736.0,-1.0139931440353394
4958750208.0,-1.012863039970398
4959687680.0,-1.0114163160324097
4960625152.0,-1.01097571849823
4961562624.0,-1.010193943977356
4962500096.0,-1.0077522993087769
4963437568.0,-1.0038031339645386
4964375040.0,-1.0002696514129639
4965312512.0,-0.9950970411300659
4966249984.0,-0.98991858959198
4967187456.0,-0.9819025993347168
4968124928.0,-0.9736610054969788
4969062400.0,-0.9664477109909058
4969999872.0,-0.9563146233558655
4970937344.0,-0.947539746761322
4971874816.0,-0.9367122650146484
4972812288.0,-0.9269190430641174
4973749760.0,-0.9175936579704285
4974687744.0,-0.9087646007537842
4975625216.0,-0.9005740284919739
4976562688.0,-0.8936218619346619
4977500160.0,-0.8862376809120178
4978437632.0,-0.879436731338501
4979375104.0,-0.8715296387672424
4980312576.0,-0.8646645545959473
4981250048.0,-0.8570279479026794
4982187520.0,-0.8484969139099121
4983124992.0,-0.8389896154403687
4984062464.0,-0.8312886357307434
4984999936.0,-0.8221828937530518
4985937408.0,-0.7993492484092712
4986874880.0,-0.790744423866272
4987812352.0,-0.7827671766281128
4988749824.0,-0.7762538194656372
4989687296.0,-0.7707046866416931
4990624768.0,-0.765664279460907
4991562752.0,-0.7626392245292664
4992500224.0,-0.7612977623939514
4993437696.0,-0.7607995867729187
4994375168.0,-0.7605243921279907
4995312640.0,-0.7620401382446289
4996250112.0,-0.7654638886451721
4997187584.0,-0.7692120671272278
4998125056.0,-0.7736625075340271
4999062528.0,-0.7800917029380798
5000000000.0,-0.787227988243103
5000937472.0,-0.794399082660675
5001874944.0,-0.8008871674537659
5002812416.0,-0.8091485500335693
5003749888.0,-0.8180704116821289
5004687360.0,-0.826167106628418
5005624832.0,-0.8331659436225891
5006562304.0,-0.8396972417831421
5007499776.0,-0.8435944318771362
5008437248.0,-0.8463741540908813
5009375232.0,-0.8475983142852783
5010312704.0,-0.8458769917488098
5011250176.0,-0.8426864147186279
5012187648.0,-0.8363535404205322
5013125120.0,-0.8281179666519165
5014062592.0,-0.8172611594200134
5015000064.0,-0.8041504621505737
5015937536.0,-0.7867866158485413
5016875008.0,-0.767736554145813
5017812480.0,-0.7469452023506165
5018749952.0,-0.7245003581047058
5019687424.0,-0.6975006461143494
5020624896.0,-0.6701399683952332
5021562368.0,-0.6410127878189087
5022499840.0,-0.6114016771316528
5023437312.0,-0.5816600322723389
5024374784.0,-0.5509492754936218
5025312256.0,-0.5184599161148071
5026250240.0,-0.48780515789985657
5027187712.0,-0.4573138356208801
5028125184.0,-0.42808496952056885
5029062656.0,-0.3993266522884369
5030000128.0,-0.3720889091491699
5030937600.0,-0.3475321829319
5031875072.0,-0.3250296711921692
5032812544.0,-0.3043668568134308
5033750016.0,-0.2862999439239502
5034687488.0,-0.27058282494544983
5035624960.0,-0.2591802179813385
5036562432.0,-0.25062474608421326
5037499904.0,-0.24583327770233154
5038437376.0,-0.24403351545333862
5039374848.0,-0.2455858290195465
5040312320.0,-0.2513471245765686
5041249792.0,-0.258985310792923
5042187264.0,-0.2688634693622589
5043125248.0,-0.28111517429351807
5044062720.0,-0.2962911128997803
5045000192.0,-0.3128335177898407
5045937664.0,-0.582588255405426
5046875136.0,-0.592136025428772
5047812608.0,-0.6007305979728699
5048750080.0,-0.610210120677948
5049687552.0,-0.6190496683120728
5050625024.0,-0.6295487284660339
5051562496.0,-0.639598548412323
5052499968.0,-0.6480847597122192
5053437440.0,-0.6571469902992249
5054374912.0,-0.6660346388816833
5055312384.0,-0.674262285232544
5056249856.0,-0.6815783977508545
5057187328.0,-0.68865567445755
5058124800.0,-0.6942943930625916
5059062272.0,-0.6993399262428284
5059999744.0,-0.702264130115509
5060937728.0,-0.7051987648010254
5061875200.0,-0.706441342830658
5062812672.0,-0.7055129408836365
5063750144.0,-0.7026414275169373
5064687616.0,-0.6980496048927307
5065625088.0,-0.6919798851013184
5066562560.0,-0.6835473775863647
5067500032.0,-0.6736403703689575
5068437504.0,-0.6613976955413818
5069374976.0,-0.6480904817581177
5070312448.0,-0.631716251373291
5071249920.0,-0.6145243048667908
5072187392.0,-0.5944309234619141
5073124864.0,-0.5730002522468567
5074062336.0,-0.5503346920013428
5074999808.0,-0.5281146168708801
5075937280.0,-0.5034908056259155
5076874752.0,-0.47705507278442383
5077812736.0,-0.4528462886810303
5078750208.0,-0.42777499556541443
5079687680.0,-0.4020817279815674
5080625152.0,-0.3770411014556885
5081562624.0,-0.3525122404098511
5082500096.0,-0.3299975097179413
5083437568.0,-0.3075730800628662
5084375040.0,-0.28723591566085815
5085312512.0,-0.26726865768432617
5086249984.0,-0.2506052553653717
5087187456.0,-0.23486489057540894
5088124928.0,-0.22244678437709808
5089062400.0,-0.2119651436805725
5089999872.0,-0.20462235808372498
5090937344.0,-0.1977614164352417
5091874816.0,-0.19605547189712524
5092812288.0,-0.1951937973499298
5093749760.0,-0.19747574627399445
5094687744.0,-0.20312491059303284
5095625216.0,-0.2109924852848053
5096562688.0,-0.22133593261241913
5097500160.0,-0.23405055701732635
5098437632.0,-0.24852319061756134
5099375104.0,-0.26517006754875183
5100312576.0,-0.28470876812934875
5101250048.0,-0.3059934377670288
5102187520.0,-0.3274173140525818
5103124992.0,-0.3522532880306244
5104062464.0,-0.3762211799621582
5104999936.0,-0.40172383189201355
5105937408.0,-0.49906226992607117
5106874880.0,-0.5172293186187744
5107812352.0,-0.5330328345298767
5108749824.0,-0.5486419796943665
5109687296.0,-0.5624157786369324
5110624768.0,-0.5731485486030579
5111562752.0,-0.5822290182113647
5112500224.0,-0.5896034836769104
5113437696.0,-0.5952475070953369
5114375168.0,-0.5985195636749268
5115312640.0,-0.6000563502311707
5116250112.0,-0.6011084914207458
5117187584.0,-0.5996047258377075
5118125056.0,-0.5960862636566162
5119062528.0,-0.5921984910964966
5120000000.0,-0.5880215764045715
5120937472.0,-0.5823500752449036
5121874944.0,-0.5758354663848877
5122812416.0,-0.5703116059303284
5123749888.0,-0.5620675086975098
5124687360.0,-0.5551595687866211
5125624832.0,-0.5474282503128052
5126562304.0,-0.5396791100502014
5127499776.0,-0.5310288667678833
5128437248.0,-0.5228596329689026
5129375232.0,-0.5138567090034485
5130312704.0,-0.5033657550811768
5131250176.0,-0.4927385747432709
5132187648.0,-0.4804518222808838
5133125120.0,-0.46661925315856934
5134062592.0,-0.452148973941803
5135000064.0,-0.43664321303367615
5135937536.0,-0.41848596930503845
5136875008.0,-0.4011099338531494
5137812480.0,-0.3817189931869507
5138749952.0,-0.36200883984565735
5139687424.0,-0.3436245322227478
5140624896.0,-0.3252858519554138
5141562368.0,-0.30933675169944763
5142499840.0,-0.2950473725795746
5143437312.0,-0.28204914927482605
5144374784.0,-0.2741105556488037
5145312256.0,-0.27132973074913025
5146250240.0,-0.27580395340919495
5147187712.0,-0.28665608167648315
5148125184.0,-0.30156391859054565
5149062656.0,-0.3182801604270935
5150000128.0,-0.33648842573165894
5150937600.0,-0.3569825291633606
5151875072.0,-0.3780966103076935
5152812544.0,-0.39816704392433167
5153750016.0,-0.4172500967979431
5154687488.0,-0.4359704256057739
5155624960.0,-0.45272210240364075
5156562432.0,-0.4695087969303131
5157499904.0,-0.4834256172180176
5158437376.0,-0.49676063656806946
5159374848.0,-0.5081842541694641
5160312320.0,-0.5184955596923828
5161249792.0,-0.5298662781715393
5162187264.0,-0.5385600924491882
5163125248.0,-0.5472801923751831
5164062720.0,-0.5547882318496704
5165000192.0,-0.5613948702812195
5165937664.0,-0.5662776231765747
5166875136.0,-0.5801865458488464
5167812608.0,-0.5943235158920288
5168750080.0,-0.6099101901054382
5169687552.0,-0.6264534592628479
5170625024.0,-0.6438658833503723
5171562496.0,-0.6600067615509033
5172499968.0,-0.6765707731246948
5173437440.0,-0.6922898292541504
5174374912.0,-0.7085521817207336
5175312384.0,-0.7220712900161743
5176249856.0,-0.7351158857345581
5177187328.0,-0.747130274772644
5178124800.0,-0.7557896971702576
5179062272.0,-0.763707160949707
5180000256.0,-0.7682338953018188
5180937728.0,-0.7699552774429321
5181875200.0,-0.7694065570831299
5182812672.0,-0.7662451267242432
5183750144.0,-0.7599908113479614
5184687616.0,-0.7500500679016113
5185625088.0,-0.7390560507774353
5186562560.0,-0.7233659625053406
5187500032.0,-0.7062274813652039
5188437504.0,-0.6877461075782776
5189374976.0,-0.6664772629737854
5190312448.0,-0.6450871825218201
5191249920.0,-0.6209795475006104
5192187392.0,-0.5973911881446838
5193124864.0,-0.5733149647712708
5194062336.0,-0.5500785112380981
5194999808.0,-0.526780366897583
5195937280.0,-0.5038713812828064
5196874752.0,-0.4811011254787445
5197812736.0,-0.46027761697769165
5198750208.0,-0.4417681097984314
5199687680.0,-0.4238867461681366
5200625152.0,-0.40935423970222473
5201562624.0,-0.39606988430023193
5202500096.0,-0.3861909806728363
5203437568.0,-0.3777054250240326
5204375040.0,-0.37120237946510315
5205312512.0,-0.3685826361179352
5206249984.0,-0.3682585060596466
5207187456.0,-0.3713202178478241
5208124928.0,-0.3763783574104309
5209062400.0,-0.3846074938774109
5209999872.0,-0.39554768800735474
5210937344.0,-0.4096282720565796
5211874816.0,-0.42601296305656433
5212812288.0,-0.4447060525417328
5213749760.0,-0.4650557041168213
5214687744.0,-0.48698583245277405
5215625216.0,-0.5108960866928101
5216562688.0,-0.5358039736747742
5217500160.0,-0.5628760457038879
5218437632.0,-0.5917829871177673
5219375104.0,-0.6197422742843628
5220312576.0,-0.6486011743545532
5221250048.0,-0.6774487495422363
5222187520.0,-0.7059744000434875
5223124992.0,-0.7344634532928467
5224062464.0,-0.7609133720397949
5224999936.0,-0.7878019213676453
5225937408.0,-0.8400427103042603
5226874880.0,-0.8662619590759277
5227812352.0,-0.8894925117492676
5228749824.0,-0.9109956622123718
5229687296.0,-0.9306937456130981
5230624768.0,-0.9468258619308472
5231562752.0,-0.9609050750732422
5232500224.0,-0.9735367298126221
5233437696.0,-0.9817714095115662
5234375168.0,-0.9890549182891846
5235312640.0,-0.9925581812858582
5236250112.0,-0.9953754544258118
5237187584.0,-0.9934430718421936
5238125056.0,-0.9915908575057983
5239062528.0,-0.9860846400260925
5240000000.0,-0.9778439998626709
5240937472.0,-0.9693918824195862
5241874944.0,-0.9588577151298523
5242812416.0,-0.9474102854728699
5243749888.0,-0.9337198138237
5244687360.0,-0.9207451939582825
5245624832.0,-0.9057167172431946
5246562304.0,-0.8895469903945923
5247499776.0,-0.8734201192855835
5248437248.0,-0.8587276935577393
5249375232.0,-0.8426530957221985
5250312704.0,-0.827441930770874
5251250176.0,-0.8126155138015747
5252187648.0,-0.7965987324714661
5253125120.0,-0.780283510684967
5254062592.0,-0.7655002474784851
5255000064.0,-0.7524051666259766
5255937536.0,-0.7402421832084656
5256875008.0,-0.731471061706543
5257812480.0,-0.7236072421073914
5258749952.0,-0.7173327803611755
5259687424.0,-0.7139624357223511
5260624896.0,-0.7116261124610901
5261562368.0,-0.7110264897346497
5262499840.0,-0.7135197520256042
5263437312.0,-0.7171668410301208
5264374784.0,-0.7228004932403564
5265312256.0,-0.730096161365509
5266250240.0,-0.7401552796363831
5267187712.0,-0.7527926564216614
5268125184.0,-0.7677420973777771
5269062656.0,-0.7852043509483337
5270000128.0,-0.8048897981643677
5270937600.0,-0.827194094657898
5271875072.0,-0.8518857359886169
5272812544.0,-0.878872275352478
5273750016.0,-0.9079596996307373
5274687488.0,-0.9382928609848022
5275624960.0,-0.970172643661499
5276562432.0,-1.004632592201233
5277499904.0,-1.0401145219802856
5278437376.0,-1.0763559341430664
5279374848.0,-1.1130352020263672
5280312320.0,-1.1514023542404175
5281249792.0,-1.1912569999694824
5282187264.0,-1.2322211265563965
5283125248.0,-1.273397445678711
5284062720.0,-1.3150242567062378
5285000192.0,-1.3560830354690552
5285937664.0,-1.3882161378860474
5286875136.0,-1.4222627878189087
5287812608.0,-1.455025553703308
5288750080.0,-1.485968828201294
5289687552.0,-1.5134984254837036
5290625024.0,-1.5371326208114624
5291562496.0,-1.5592092275619507
5292499968.0,-1.5797877311706543
5293437440.0,-1.5970031023025513
5294374912.0,-1.6109941005706787
5295312384.0,-1.623228907585144
5296249856.0,-1.6320878267288208
5297187328.0,-1.6360875368118286
5298124800.0,-1.6381661891937256
5299062272.0,-1.6355934143066406
5299999744.0,-1.6301722526550293
5300937728.0,-1.6231544017791748
5301875200.0,-1.6124284267425537
5302812672.0,-1.600798487663269
5303750144.0,-1.5875613689422607
5304687616.0,-1.5722736120224
5305625088.0,-1.5556939840316772
5306562560.0,-1.5394641160964966
5307500032.0,-1.5210983753204346
5308437504.0,-1.5048935413360596
5309374976.0,-1.487859845161438
5310312448.0,-1.4720675945281982
5311249920.0,-1.4570508003234863
5312187392.0,-1.4438151121139526
5313124864.0,-1.4308027029037476
5314062336.0,-1.4183576107025146
5314999808.0,-1.407456636428833
5315937280.0,-1.3992743492126465
5316874752.0,-1.3917094469070435
5317812736.0,-1.3882993459701538
5318750208.0,-1.3869911432266235
5319687680.0,-1.3880809545516968
5320625152.0,-1.391494631767273
5321562624.0,-1.397605299949646
5322500096.0,-1.4059325456619263
5323437568.0,-1.4164764881134033
5324375040.0,-1.4305013418197632
5325312512.0,-1.4480774402618408
5326249984.0,-1.4678255319595337
5327187456.0,-1.490991234779358
5328124928.0,-1.517177700996399
5329062400.0,-1.5465703010559082
5329999872.0,-1.5796037912368774
5330937344.0,-1.6158535480499268
5331874816.0,-1.6524739265441895
5332812288.0,-1.7195734977722168
5333749760.0,-1.7655181884765625
5334687744.0,-1.8142637014389038
5335625216.0,-1.8640440702438354
5336562688.0,-1.9145987033843994
5337500160.0,-1.9677727222442627
5338437632.0,-2.023254632949829
5339375104.0,-2.0788025856018066
5340312576.0,-2.1363344192504883
5341250048.0,-2.1942830085754395
5342187520.0,-2.2509725093841553
5343124992.0,-2.308072805404663
5344062464.0,-2.362574815750122
5344999936.0,-2.415043592453003
5345937408.0,-2.3609163761138916
5346874880.0,-2.391958475112915
5347812352.0,-2.4194774627685547
5348749824.0,-2.444549083709717
5349687296.0,-2.467081308364868
5350624768.0,-2.488664150238037
5351562752.0,-2.5068860054016113
5352500224.0,-2.519822597503662
5353437696.0,-2.5294179916381836
5354375168.0,-2.5356669425964355
5355312640.0,-2.5374276638031006
5356250112.0,-2.534768581390381
5357187584.0,-2.5299696922302246
5358125056.0,-2.519778251647949
5359062528.0,-2.5062813758850098
5360000000.0,-2.491427183151245
5360937472.0,-2.475336790084839
5361874944.0,-2.4575867652893066
5362812416.0,-2.4373350143432617
5363749888.0,-2.4154882431030273
5364687360.0,-2.392253875732422
5365624832.0,-2.3670620918273926
5366562304.0,-2.342149496078491
5367499776.0,-2.315561294555664
5368437248.0,-2.2884793281555176
5369375232.0,-2.2621023654937744
5370312704.0,-2.236298084259033
5371250176.0,-2.2103936672210693
5372187648.0,-2.1836299896240234
5373125120.0,-2.1587181091308594
5374062592.0,-2.1352405548095703
5375000064.0,-2.111778974533081
5375937536.0,-2.0911660194396973
5376875008.0,-2.070352554321289
5377812480.0,-2.0517489910125732
5378749952.0,-2.034115791320801
5379687424.0,-2.0174224376678467
5380624896.0,-2.0034632682800293
5381562368.0,-1.9899370670318604
5382499840.0,-1.9774631261825562
5383437312.0,-1.9685006141662598
5384374784.0,-1.9607268571853638
5385312256.0,-1.9537206888198853
5386250240.0,-1.9476057291030884
5387187712.0,-1.9439733028411865
5388125184.0,-1.940626621246338
5389062656.0,-1.9381462335586548
5390000128.0,-1.9376978874206543
5390937600.0,-1.9379136562347412
5391875072.0,-1.9396820068359375
5392812544.0,-1.941348910331726
5393750016.0,-1.9433695077896118
5394687488.0,-1.9474706649780273
5395624960.0,-1.950806736946106
5396562432.0,-1.9554085731506348
5397499904.0,-1.9602290391921997
5398437376.0,-1.9658194780349731
5399374848.0,-1.9713256359100342
5400312320.0,-1.9768964052200317
5401249792.0,-1.9815874099731445
5402187264.0,-1.983257532119751
5403125248.0,-1.9845830202102661
5404062720.0,-1.985183596611023
5405000192.0,-1.9846014976501465
5405937664.0,-2.1238818168640137
5406875136.0,-2.122286558151245
5407812608.0,-2.11681866645813
5408750080.0,-2.1096386909484863
5409687552.0,-2.0999343395233154
5410625024.0,-2.0865328311920166
5411562496.0,-2.0712318420410156
5412499968.0,-2.053968667984009
5413437440.0,-2.033435344696045
5414374912.0,-2.010004758834839
5415312384.0,-1.9857468605041504
5416249856.0,-1.9595918655395508
5417187328.0,-1.931854486465454
5418124800.0,-1.9034497737884521
5419062272.0,-1.8719418048858643
5420000256.0,-1.842574954032898
5420937728.0,-1.8095636367797852
5421875200.0,-1.7781007289886475
5422812672.0,-1.745781421661377
5423750144.0,-1.71483314037323
5424687616.0,-1.68330717086792
5425625088.0,-1.652909755706787
5426562560.0,-1.6236613988876343
5427500032.0,-1.5932726860046387
5428437504.0,-1.5653526782989502
5429374976.0,-1.5377116203308105
5430312448.0,-1.5117069482803345
5431249920.0,-1.4873524904251099
5432187392.0,-1.4616680145263672
5433124864.0,-1.4389504194259644
5434062336.0,-1.4157533645629883
5434999808.0,-1.393945574760437
5435937280.0,-1.3727258443832397
5436874752.0,-1.3541028499603271
5437812736.0,-1.336792230606079
5438750208.0,-1.3208584785461426
5439687680.0,-1.3063676357269287
5440625152.0,-1.29368257522583
5441562624.0,-1.2804826498031616
5442500096.0,-1.270964503288269
5443437568.0,-1.2611807584762573
5444375040.0,-1.2559478282928467
5445312512.0,-1.2495462894439697
5446249984.0,-1.2468986511230469
5447187456.0,-1.2429014444351196
5448124928.0,-1.2417566776275635
5449062400.0,-1.2422783374786377
5449999872.0,-1.2454193830490112
5450937344.0,-1.2485092878341675
5451874816.0,-1.2550911903381348
5452812288.0,-1.2605953216552734
5453749760.0,-1.2690776586532593
5454687744.0,-1.2782800197601318
5455625216.0,-1.287778615951538
5456562688.0,-1.2983591556549072
5457500160.0,-1.3093957901000977
5458437632.0,-1.319555401802063
5459375104.0,-1.3321242332458496
5460312576.0,-1.3412691354751587
5461250048.0,-1.3528251647949219
5462187520.0,-1.3633697032928467
5463124992.0,-1.3707150220870972
5464062464.0,-1.379080891609192
5464999936.0,-1.3840954303741455
5465937408.0,-1.3929224014282227
5466874880.0,-1.3923485279083252
5467812352.0,-1.3905255794525146
5468749824.0,-1.3862987756729126
5469687296.0,-1.380164623260498
5470624768.0,-1.3721494674682617
5471562752.0,-1.3617669343948364
5472500224.0,-1.3498845100402832
5473437696.0,-1.3343205451965332
5474375168.0,-1.3187698125839233
5475312640.0,-1.2989985942840576
5476250112.0,-1.278688907623291
5477187584.0,-1.2583853006362915
5478125056.0,-1.2345972061157227
5479062528.0,-1.210204839706421
5480000000.0,-1.1836965084075928
5480937472.0,-1.1574798822402954
5481874944.0,-1.1299388408660889
5482812416.0,-1.103218913078308
5483749888.0,-1.0754365921020508
5484687360.0,-1.0485575199127197
5485624832.0,-1.0213249921798706
5486562304.0,-0.9937328100204468
5487499776.0,-0.9667420387268066
5488437248.0,-0.9401837587356567
5489375232.0,-0.9152812957763672
5490312704.0,-0.8892028331756592
5491250176.0,-0.8650052547454834
5492187648.0,-0.8419773578643799
5493125120.0,-0.8210408091545105
5494062592.0,-0.8010083436965942
5495000064.0,-0.7825744152069092
5495937536.0,-0.765911877155304
5496875008.0,-0.7516757249832153
5497812480.0,-0.7392704486846924
5498749952.0,-0.7289744019508362
5499687424.0,-0.7216399908065796
5500624896.0,-0.7165172100067139
5501562368.0,-0.7143632769584656
5502499840.0,-0.7151997089385986
5503437312.0,-0.7185913920402527
5504374784.0,-0.7243466973304749
5505312256.0,-0.7338067889213562
5506250240.0,-0.7458769083023071
5507187712.0,-0.7606985569000244
5508125184.0,-0.7773287892341614
5509062656.0,-0.7975465655326843
5510000128.0,-0.8194811940193176
5510937600.0,-0.8438319563865662
5511875072.0,-0.8701381683349609
5512812544.0,-0.8981415033340454
5513750016.0,-0.9287014007568359
5514687488.0,-0.9587686657905579
5515624960.0,-0.9909178614616394
5516562432.0,-1.0228358507156372
5517499904.0,-1.0548714399337769
5518437376.0,-1.0874347686767578
5519374848.0,-1.118234634399414
5520312320.0,-1.1477713584899902
5521249792.0,-1.175954818725586
5522187264.0,-1.2017041444778442
5523125248.0,-1.2250680923461914
5524062720.0,-1.2439907789230347
5525000192.0,-1.2613983154296875
5525937664.0,-1.0990923643112183
5526875136.0,-1.1056417226791382
5527812608.0,-1.1100534200668335
5528750080.0,-1.1127266883850098
5529687552.0,-1.1130794286727905
5530625024.0,-1.112444281578064
5531562496.0,-1.1090474128723145
5532499968.0,-1.104137897491455
5533437440.0,-1.0985198020935059
5534374912.0,-1.0907988548278809
5535312384.0,-1.0810227394104004
5536249856.0,-1.0706137418746948
5537187328.0,-1.057915449142456
5538124800.0,-1.0457366704940796
5539062272.0,-1.0318738222122192
5539999744.0,-1.016383171081543
5540937728.0,-1.0011773109436035
5541875200.0,-0.9867212772369385
5542812672.0,-0.9698764681816101
5543750144.0,-0.9539992809295654
5544687616.0,-0.9379690289497375
5545625088.0,-0.9222342371940613
5546562560.0,-0.9059215188026428
5547500032.0,-0.8902881145477295
5548437504.0,-0.8767080903053284
5549374976.0,-0.8626850843429565
5550312448.0,-0.8485695719718933
5551249920.0,-0.8371365070343018
5552187392.0,-0.8270893692970276
5553124864.0,-0.8185774683952332
5554062336.0,-0.811281144618988
5554999808.0,-0.8046552538871765
5555937280.0,-0.8020058274269104
5556874752.0,-0.8001943826675415
5557812736.0,-0.799917459487915
5558750208.0,-0.800872802734375
5559687680.0,-0.8054891228675842
5560625152.0,-0.8132980465888977
5561562624.0,-0.8221127390861511
5562500096.0,-0.8362060189247131
5563437568.0,-0.8523059487342834
5564375040.0,-0.8698024153709412
5565312512.0,-0.8903905749320984
5566249984.0,-0.9117701053619385
5567187456.0,-0.937882125377655
5568124928.0,-0.9641963839530945
5569062400.0,-0.9914414286613464
5569999872.0,-1.0202816724777222
5570937344.0,-1.048389196395874
5571874816.0,-1.0779818296432495
5572812288.0,-1.1063358783721924
5573749760.0,-1.1339120864868164
5574687744.0,-1.1607805490493774
5575625216.0,-1.1861186027526855
5576562688.0,-1.2092065811157227
5577500160.0,-1.2309188842773438
5578437632.0,-1.248123288154602
5579375104.0,-1.263846516609192
5580312576.0,-1.2767943143844604
5581250048.0,-1.2879987955093384
5582187520.0,-1.294557809829712
5583124992.0,-1.3004528284072876
5584062464.0,-1.3031569719314575
5584999936.0,-1.3029918670654297
5585937408.0,-1.2237905263900757
5586874880.0,-1.2303773164749146
5587812352.0,-1.2362087965011597
5588749824.0,-1.2398078441619873
5589687296.0,-1.2424784898757935
5590624768.0,-1.2444113492965698
5591562752.0,-1.2460061311721802
5592500224.0,-1.2459471225738525
5593437696.0,-1.2440372705459595
5594375168.0,-1.2414591312408447
5595312640.0,-1.2400742769241333
5596250112.0,-1.2360899448394775
5597187584.0,-1.2318308353424072
5598125056.0,-1.2291148900985718
5599062528.0,-1.2231310606002808
5600000000.0,-1.2181442975997925
5600937472.0,-1.2129584550857544
5601874944.0,-1.2081080675125122
5602812416.0,-1.202712059020996
5603749888.0,-1.1965675354003906
5604687360.0,-1.191044807434082
5605624832.0,-1.1841981410980225
5606562304.0,-1.178145170211792
5607499776.0,-1.1724019050598145
5608437248.0,-1.1668628454208374
5609375232.0,-1.1615487337112427
5610312704.0,-1.1568909883499146
5611250176.0,-1.1521209478378296
5612187648.0,-1.1462922096252441
5613125120.0,-1.140962839126587
5614062592.0,-1.1350574493408203
5615000064.0,-1.1291006803512573
5615937536.0,-1.1243540048599243
5616875008.0,-1.1191400289535522
5617812480.0,-1.1164098978042603
5618749952.0,-1.1116971969604492
5619687424.0,-1.1086111068725586
5620624896.0,-1.1067471504211426
5621562368.0,-1.1047712564468384
5622499840.0,-1.104617714881897
5623437312.0,-1.1039670705795288
5624374784.0,-1.1033169031143188
5625312256.0,-1.1034988164901733
5626250240.0,-1.1043918132781982
5627187712.0,-1.1042639017105103
5628125184.0,-1.1039187908172607
5629062656.0,-1.1038830280303955
5630000128.0,-1.104283094406128
5630937600.0,-1.1039854288101196
5631875072.0,-1.103029489517212
5632812544.0,-1.100845217704773
5633750016.0,-1.0977652072906494
5634687488.0,-1.0952712297439575
5635624960.0,-1.0921839475631714
5636562432.0,-1.0879859924316406
5637499904.0,-1.0809261798858643
5638437376.0,-1.0745024681091309
5639374848.0,-1.0672751665115356
5640312320.0,-1.060953140258789
5641249792.0,-1.0528355836868286
5642187264.0,-1.0451958179473877
5643125248.0,-1.0369797945022583
5644062720.0,-1.028701901435852
5645000192.0,-1.0184564590454102
5645937664.0,-1.0182373523712158
5646875136.0,-1.0051589012145996
5647812608.0,-0.9919996857643127
5648750080.0,-0.9778246879577637
5649687552.0,-0.9628410935401917
5650625024.0,-0.946308970451355
5651562496.0,-0.927611768245697
5652499968.0,-0.9102655649185181
5653437440.0,-0.8917296528816223
5654374912.0,-0.8715229034423828
5655312384.0,-0.8515391945838928
5656249856.0,-0.8311722874641418
5657187328.0,-0.8102484345436096
5658124800.0,-0.7907012701034546
5659062272.0,-0.7702745795249939
5660000256.0,-0.750092625617981
5660937728.0,-0.7290777564048767
5661875200.0,-0.7092303037643433
5662812672.0,-0.6889615058898926
5663750144.0,-0.6703322529792786
5664687616.0,-0.6519662737846375
5665625088.0,-0.6346462965011597
5666562560.0,-0.6191797852516174
5667500032.0,-0.6046464443206787
5668437504.0,-0.5916022658348083
5669374976.0,-0.5788632035255432
5670312448.0,-0.568725049495697
5671249920.0,-0.5587100386619568
5672187392.0,-0.5513705015182495
5673124864.0,-0.5458670258522034
5674062336.0,-0.5411927700042725
5674999808.0,-0.5383117198944092
5675937280.0,-0.5373764038085938
5676874752.0,-0.537090539932251
5677812736.0,-0.5391675233840942
5678750208.0,-0.540153980255127
5679687680.0,-0.5431602001190186
5680625152.0,-0.5468697547912598
5681562624.0,-0.5504512786865234
5682500096.0,-0.5563651919364929
5683437568.0,-0.5613534450531006
5684375040.0,-0.5663031339645386
5685312512.0,-0.5701469779014587
5686249984.0,-0.5731835961341858
5687187456.0,-0.5769475102424622
5688124928.0,-0.5793313980102539
5689062400.0,-0.5816853642463684
5689999872.0,-0.5824764370918274
5690937344.0,-0.5818114876747131
5691874816.0,-0.5797239542007446
5692812288.0,-0.5764340162277222
5693749760.0,-0.5709724426269531
5694687744.0,-0.564190685749054
5695625216.0,-0.5557400584220886
5696562688.0,-0.5463431477546692
5697500160.0,-0.5353836417198181
5698437632.0,-0.5229864716529846
5699375104.0,-0.5090487599372864
5700312576.0,-0.4968563914299011
5701250048.0,-0.48228874802589417
5702187520.0,-0.46879419684410095
5703124992.0,-0.4552612900733948
5704062464.0,-0.4406186640262604
5704999936.0,-0.4278023838996887
5705937408.0,-0.3935847580432892
5706874880.0,-0.391575425863266
5707812352.0,-0.39032629132270813
5708749824.0,-0.3884853422641754
5709687296.0,-0.38662105798721313
5710624768.0,-0.38498011231422424
5711562752.0,-0.3835870027542114
5712500224.0,-0.38232263922691345
5713437696.0,-0.3811739385128021
5714375168.0,-0.3802140951156616
5715312640.0,-0.3788285255432129
5716250112.0,-0.3755086362361908
5717187584.0,-0.37239596247673035
5718125056.0,-0.3679735064506531
5719062528.0,-0.3631178140640259
5720000000.0,-0.35590702295303345
5720937472.0,-0.34925246238708496
5721874944.0,-0.3416375517845154
5722812416.0,-0.33350488543510437
5723749888.0,-0.32446402311325073
5724687360.0,-0.3156977891921997
5725624832.0,-0.3061969578266144
5726562304.0,-0.2971617877483368
5727499776.0,-0.2881205677986145
5728437248.0,-0.28119564056396484
5729375232.0,-0.2743840217590332
5730312704.0,-0.2679551839828491
5731250176.0,-0.26347270607948303
5732187648.0,-0.26034829020500183
5733125120.0,-0.2591228783130646
5734062592.0,-0.2601432502269745
5735000064.0,-0.26268813014030457
5735937536.0,-0.26746898889541626
5736875008.0,-0.2738591432571411
5737812480.0,-0.2824367582798004
5738749952.0,-0.29358112812042236
5739687424.0,-0.3063477575778961
5740624896.0,-0.3198009133338928
5741562368.0,-0.33344510197639465
5742499840.0,-0.3483295738697052
5743437312.0,-0.36144188046455383
5744374784.0,-0.3734830319881439
5745312256.0,-0.38370639085769653
5746250240.0,-0.3921225965023041
5747187712.0,-0.3991463780403137
5748125184.0,-0.4032723009586334
5749062656.0,-0.4046061336994171
5750000128.0,-0.4029243588447571
5750937600.0,-0.4004875719547272
5751875072.0,-0.3957272171974182
5752812544.0,-0.3903438448905945
5753750016.0,-0.38303688168525696
5754687488.0,-0.37606576085090637
5755624960.0,-0.3673624098300934
5756562432.0,-0.35943248867988586
5757499904.0,-0.3518431484699249
5758437376.0,-0.3453972637653351
5759374848.0,-0.33829331398010254
5760312320.0,-0.33125635981559753
5761249792.0,-0.32615914940834045
5762187264.0,-0.3220405578613281
5763125248.0,-0.31961989402770996
5764062720.0,-0.31628352403640747
5765000192.0,-0.31352970004081726
5765937664.0,-0.2341952621936798
5766875136.0,-0.23858900368213654
5767812608.0,-0.24223695695400238
5768750080.0,-0.2470647096633911
5769687552.0,-0.25218644738197327
5770625024.0,-0.25787320733070374
5771562496.0,-0.2636489272117615
5772499968.0,-0.2703858017921448
5773437440.0,-0.2769472002983093
5774374912.0,-0.2827832102775574
5775312384.0,-0.2899428904056549
5776249856.0,-0.29769012331962585
5777187328.0,-0.30487164855003357
5778124800.0,-0.3129660487174988
5779062272.0,-0.320246160030365
5779999744.0,-0.3266245722770691
5780937728.0,-0.33297380805015564
5781875200.0,-0.33967718482017517
5782812672.0,-0.3457237780094147
5783750144.0,-0.35168972611427307
5784687616.0,-0.35678520798683167
5785625088.0,-0.3612006604671478
5786562560.0,-0.3656201660633087
5787500032.0,-0.36826786398887634
5788437504.0,-0.3696930408477783
5789374976.0,-0.37035471200942993
5790312448.0,-0.3688417077064514
5791249920.0,-0.36680522561073303
5792187392.0,-0.3624926805496216
5793124864.0,-0.3584480285644531
5794062336.0,-0.35289308428764343
5794999808.0,-0.34791627526283264
5795937280.0,-0.3399010896682739
5796874752.0,-0.33229589462280273
5797812736.0,-0.3250057101249695
5798750208.0,-0.31431183218955994
5799687680.0,-0.30522242188453674
5800625152.0,-0.29535800218582153
5801562624.0,-0.28310900926589966
5802500096.0,-0.2688070833683014
5803437568.0,-0.2566283047199249
5804375040.0,-0.24256451427936554
5805312512.0,-0.228654682636261
5806249984.0,-0.21208202838897705
5807187456.0,-0.19636186957359314
5808124928.0,-0.1817275881767273
5809062400.0,-0.16525422036647797
5809999872.0,-0.15025368332862854
5810937344.0,-0.13462309539318085
5811874816.0,-0.11930903792381287
5812812288.0,-0.10442175716161728
5813749760.0,-0.08838798105716705
5814687744.0,-0.07432234287261963
5815625216.0,-0.06081359088420868
5816562688.0,-0.04717480391263962
5817500160.0,-0.03419264778494835
5818437632.0,-0.021293379366397858
5819375104.0,-0.009387047030031681
5820312576.0,0.00178354827221483
5821250048.0,0.012476503849029541
5822187520.0,0.022508401423692703
5823124992.0,0.03040197864174843
5824062464.0,0.03766154870390892
5824999936.0,0.04409037530422211
5825937408.0,-0.13781772553920746
5826874880.0,-0.14362190663814545
5827812352.0,-0.14738650619983673
5828749824.0,-0.14927348494529724
5829687296.0,-0.15039744973182678
5830624768.0,-0.1500517874956131
5831562752.0,-0.14861439168453217
5832500224.0,-0.14668555557727814
5833437696.0,-0.14380715787410736
5834375168.0,-0.14053305983543396
5835312640.0,-0.13795197010040283
5836250112.0,-0.13421553373336792
5837187584.0,-0.13082081079483032
5838125056.0,-0.12716831266880035
5839062528.0,-0.1246279701590538
5840000000.0,-0.12464351952075958
5840937472.0,-0.12600085139274597
5841874944.0,-0.12746717035770416
5842812416.0,-0.13066796958446503
5843749888.0,-0.1343381106853485
5844687360.0,-0.1391221284866333
5845624832.0,-0.1447477787733078
5846562304.0,-0.1512681096792221
5847499776.0,-0.1595291644334793
5848437248.0,-0.16779597103595734
5849375232.0,-0.177042618393898
5850312704.0,-0.18790288269519806
5851250176.0,-0.1969950646162033
5852187648.0,-0.20780028402805328
5853125120.0,-0.21920610964298248
5854062592.0,-0.23020172119140625
5855000064.0,-0.239966481924057
5855937536.0,-0.2487703561782837
5856875008.0,-0.25770190358161926
5857812480.0,-0.2651698589324951
5858749952.0,-0.27176588773727417
5859687424.0,-0.27596908807754517
5860624896.0,-0.2787947952747345
5861562368.0,-0.27812716364860535
5862499840.0,-0.2756832242012024
5863437312.0,-0.27113986015319824
5864374784.0,-0.26466459035873413
5865312256.0,-0.25751572847366333
5866250240.0,-0.25013694167137146
5867187712.0,-0.2402792125940323
5868125184.0,-0.2286546230316162
5869062656.0,-0.2172916829586029
5870000128.0,-0.2048565298318863
5870937600.0,-0.19092120230197906
5871875072.0,-0.17743468284606934
5872812544.0,-0.1644744724035263
5873750016.0,-0.15183351933956146
5874687488.0,-0.1388361006975174
5875624960.0,-0.12843571603298187
5876562432.0,-0.11929406970739365
5877499904.0,-0.11123929917812347
5878437376.0,-0.10638701915740967
5879374848.0,-0.10359624773263931
5880312320.0,-0.10215264558792114
5881249792.0,-0.10306581854820251
5882187264.0,-0.10559447854757309
5883125248.0,-0.11066684126853943
5884062720.0,-0.11725354939699173
5885000192.0,-0.12509337067604065
5885937664.0,-0.06587868928909302
5886875136.0,-0.06990908831357956
5887812608.0,-0.0742882490158081
5888750080.0,-0.0804613009095192
5889687552.0,-0.08666139841079712
5890625024.0,-0.09348884224891663
5891562496.0,-0.1000337079167366
5892499968.0,-0.10795563459396362
5893437440.0,-0.11603622883558273
5894374912.0,-0.1236167773604393
5895312384.0,-0.13210196793079376
5896249856.0,-0.14082390069961548
5897187328.0,-0.1493287831544876
5898124800.0,-0.1575450450181961
5899062272.0,-0.16697140038013458
5900000256.0,-0.17499682307243347
5900937728.0,-0.18408478796482086
5901875200.0,-0.19282138347625732
5902812672.0,-0.20274756848812103
5903750144.0,-0.21230363845825195
5904687616.0,-0.22083738446235657
5905625088.0,-0.23112590610980988
5906562560.0,-0.24044269323349
5907500032.0,-0.24908432364463806
5908437504.0,-0.2581136226654053
5909374976.0,-0.2663164734840393
5910312448.0,-0.27397745847702026
5911249920.0,-0.28192952275276184
5912187392.0,-0.290095716714859
5913124864.0,-0.29757702350616455
5914062336.0,-0.3050851821899414
5914999808.0,-0.31158700585365295
5915937280.0,-0.3166998326778412
5916874752.0,-0.32265257835388184
5917812736.0,-0.32683590054512024
5918750208.0,-0.3295937478542328
5919687680.0,-0.3316812813282013
5920625152.0,-0.3328126072883606
5921562624.0,-0.33288776874542236
5922500096.0,-0.33315908908843994
5923437568.0,-0.33210137486457825
5924375040.0,-0.3306715786457062
5925312512.0,-0.3264692723751068
5926249984.0,-0.3226749897003174
5927187456.0,-0.31690818071365356
5928124928.0,-0.3085708022117615
5929062400.0,-0.29946601390838623
5929999872.0,-0.2894713878631592
5930937344.0,-0.2767656147480011
5931874816.0,-0.26356640458106995
5932812288.0,-0.24930034577846527
5933749760.0,-0.2331208884716034
5934687744.0,-0.2173404097557068
5935625216.0,-0.19994384050369263
5936562688.0,-0.18100705742835999
5937500160.0,-0.16280728578567505
5938437632.0,-0.14429837465286255
5939375104.0,-0.12577906250953674
5940312576.0,-0.10738393664360046
5941250048.0,-0.0895528718829155
5942187520.0,-0.07232622802257538
5943124992.0,-0.05618016794323921
5944062464.0,-0.04171611741185188
5944999936.0,-0.028410866856575012
5945937408.0,-0.13041959702968597
5946874880.0,-0.13819558918476105
5947812352.0,-0.14904342591762543
5948749824.0,-0.15948189795017242
5949687296.0,-0.17371146380901337
5950624768.0,-0.18800416588783264
5951562752.0,-0.2020360380411148
5952500224.0,-0.21935009956359863
5953437696.0,-0.23722051084041595
5954375168.0,-0.2571335434913635
5955312640.0,-0.2773433029651642
5956250112.0,-0.2978474199771881
5957187584.0,-0.3168993890285492
5958125056.0,-0.3364904224872589
5959062528.0,-0.35567179322242737
5960000000.0,-0.3728921413421631
5960937472.0,-0.39040225744247437
5961874944.0,-0.40659093856811523
5962812416.0,-0.4207729995250702
5963749888.0,-0.43172773718833923
5964687360.0,-0.44140514731407166
5965624832.0,-0.4489133656024933
5966562304.0,-0.4531581401824951
5967499776.0,-0.45289942622184753
5968437248.0,-0.4518452286720276
5969375232.0,-0.4447265863418579
5970312704.0,-0.436374694108963
5971250176.0,-0.4238220453262329
5972187648.0,-0.4081197679042816
5973125120.0,-0.39226987957954407
5974062592.0,-0.37150436639785767
5975000064.0,-0.3499552011489868
5975937536.0,-0.3265770375728607
5976875008.0,-0.3024330735206604
5977812480.0,-0.2780168652534485
5978749952.0,-0.25375252962112427
5979687424.0,-0.2293241173028946
5980624896.0,-0.20572082698345184
5981562368.0,-0.1837816834449768
5982499840.0,-0.16317787766456604
5983437312.0,-0.14470572769641876
5984374784.0,-0.12878172099590302
5985312256.0,-0.11357911676168442
5986250240.0,-0.10371889173984528
5987187712.0,-0.09488996863365173
5988125184.0,-0.0894266813993454
5989062656.0,-0.08583502471446991
5990000128.0,-0.08466196805238724
5990937600.0,-0.08540703356266022
5991875072.0,-0.08893658220767975
5992812544.0,-0.09291166067123413
5993750016.0,-0.09891363978385925
5994687488.0,-0.10529185831546783
5995624960.0,-0.11352331936359406
5996562432.0,-0.12129570543766022
5997499904.0,-0.12997634708881378
5998437376.0,-0.1397022008895874
5999374848.0,-0.1483849138021469
6000312320.0,-0.15667229890823364
6001249792.0,-0.16574928164482117
6002187264.0,-0.17325438559055328
6003125248.0,-0.17943888902664185
6004062720.0,-0.18644772469997406
6005000192.0,-0.14686892926692963
6005937664.0,-0.15422798693180084
6006875136.0,-0.16268615424633026
6007812608.0,-0.17133580148220062
6008750080.0,-0.18066124618053436
6009687552.0,-0.19005011022090912
6010625024.0,-0.20152297616004944
6011562496.0,-0.21281342208385468
6012499968.0,-0.2241821438074112
6013437440.0,-0.23651820421218872
6014374912.0,-0.25015658140182495
6015312384.0,-0.26355990767478943
6016249856.0,-0.27679696679115295
6017187328.0,-0.291879802942276
6018124800.0,-0.304971307516098
6019062272.0,-0.3180599808692932
6019999744.0,-0.3305746912956238
6020937728.0,-0.3421955108642578
6021875200.0,-0.35364165902137756
6022812672.0,-0.3647354543209076
6023750144.0,-0.37311896681785583
6024687616.0,-0.38127362728118896
6025625088.0,-0.3884619176387787
6026562560.0,-0.3934970796108246
6027500032.0,-0.39753347635269165
6028437504.0,-0.39988237619400024
6029374976.0,-0.3992924094200134
6030312448.0,-0.3981126546859741
6031249920.0,-0.39407020807266235
6032187392.0,-0.3896050453186035
6033124864.0,-0.3834255635738373
6034062336.0,-0.37563470005989075
6034999808.0,-0.36742064356803894
6035937280.0,-0.3573291599750519
6036874752.0,-0.3469088077545166
6037812736.0,-0.3353523910045624
6038750208.0,-0.3241559565067291
6039687680.0,-0.31128183007240295
6040625152.0,-0.29891437292099
6041562624.0,-0.28696519136428833
6042500096.0,-0.2753942310810089
6043437568.0,-0.26422691345214844
6044375040.0,-0.25481468439102173
6045312512.0,-0.2449185848236084
6046249984.0,-0.23768846690654755
6047187456.0,-0.23016603291034698
6048124928.0,-0.22421182692050934
6049062400.0,-0.21821682155132294
6049999872.0,-0.21448653936386108
6050937344.0,-0.21057327091693878
6051874816.0,-0.2082834541797638
6052812288.0,-0.20848464965820312
6053749760.0,-0.2075686752796173
6054687744.0,-0.2074640691280365
6055625216.0,-0.2088610976934433
6056562688.0,-0.21107889711856842
6057500160.0,-0.21322928369045258
6058437632.0,-0.2167099565267563
6059375104.0,-0.2210998833179474
6060312576.0,-0.225595161318779
6061250048.0,-0.23064421117305756
6062187520.0,-0.23629549145698547
6063124992.0,-0.2421661764383316
6064062464.0,-0.24716320633888245
6064999936.0,-0.1460694670677185
6065937408.0,-0.16560961306095123
6066874880.0,-0.18586529791355133
6067812352.0,-0.20693543553352356
6068749824.0,-0.22698849439620972
6069687296.0,-0.2464715540409088
6070624768.0,-0.26681792736053467
6071562752.0,-0.28609567880630493
6072500224.0,-0.30455273389816284
6073437696.0,-0.3234027028083801
6074375168.0,-0.3395887315273285
6075312640.0,-0.3562006652355194
6076250112.0,-0.37211814522743225
6077187584.0,-0.3854334354400635
6078125056.0,-0.39818665385246277
6079062528.0,-0.41046854853630066
6080000000.0,-0.4204052984714508
6080937472.0,-0.42939016222953796
6081874944.0,-0.4382302165031433
6082812416.0,-0.4430994987487793
6083749888.0,-0.44760212302207947
6084687360.0,-0.4501366913318634
6085624832.0,-0.4504748582839966
6086562304.0,-0.45077818632125854
6087499776.0,-0.44984495639801025
6088437248.0,-0.445757120847702
6089375232.0,-0.4413644075393677
6090312704.0,-0.4356459379196167
6091250176.0,-0.42755255103111267
6092187648.0,-0.42018502950668335
6093125120.0,-0.41038212180137634
6094062592.0,-0.4004957675933838
6095000064.0,-0.38782891631126404
6095937536.0,-0.37608015537261963
6096875008.0,-0.3631844222545624
6097812480.0,-0.34935662150382996
6098749952.0,-0.3355514407157898
6099687424.0,-0.32121485471725464
6100624896.0,-0.30707135796546936
6101562368.0,-0.2917821705341339
6102499840.0,-0.27674275636672974
6103437312.0,-0.2614816427230835
6104374784.0,-0.2468714416027069
6105312256.0,-0.2317470759153366
6106250240.0,-0.2176806777715683
6107187712.0,-0.20305690169334412
6108125184.0,-0.18938301503658295
6109062656.0,-0.17605647444725037
6110000128.0,-0.1621933877468109
6110937600.0,-0.14988820254802704
6111875072.0,-0.1374686062335968
6112812544.0,-0.12576375901699066
6113750016.0,-0.11489824205636978
6114687488.0,-0.10476981103420258
6115624960.0,-0.09559084475040436
6116562432.0,-0.08572731167078018
6117499904.0,-0.0782637819647789
6118437376.0,-0.07382851094007492
6119374848.0,-0.07392029464244843
6120312320.0,-0.07335975021123886
6121249792.0,-0.076382577419281
6122187264.0,-0.07882055640220642
6123125248.0,-0.08439444750547409
6124062720.0,-0.09123226255178452
6125000192.0,-0.14370113611221313
6125937664.0,-0.15748023986816406
6126875136.0,-0.1727774292230606
6127812608.0,-0.1876121461391449
6128750080.0,-0.20282770693302155
6129687552.0,-0.2181606888771057
6130625024.0,-0.23482464253902435
6131562496.0,-0.2506777048110962
6132499968.0,-0.26722705364227295
6133437440.0,-0.282937616109848
6134374912.0,-0.29975274205207825
6135312384.0,-0.3148817718029022
6136249856.0,-0.3294880986213684
6137187328.0,-0.343027800321579
6138124800.0,-0.3569703996181488
6139062272.0,-0.37000834941864014
6140000256.0,-0.38263145089149475
6140937728.0,-0.394564151763916
6141875200.0,-0.4053550064563751
6142812672.0,-0.4143149256706238
6143750144.0,-0.4228547215461731
6144687616.0,-0.4325881600379944
6145625088.0,-0.4391087591648102
6146562560.0,-0.4454774856567383
6147500032.0,-0.4501657485961914
6148437504.0,-0.4523135721683502
6149374976.0,-0.4537959098815918
6150312448.0,-0.4544658064842224
6151249920.0,-0.4522430896759033
6152187392.0,-0.44936516880989075
6153124864.0,-0.4452125132083893
6154062336.0,-0.4400825500488281
6154999808.0,-0.4334254860877991
6155937280.0,-0.4240162968635559
6156874752.0,-0.41443002223968506
6157812736.0,-0.40294116735458374
6158750208.0,-0.39156973361968994
6159687680.0,-0.3793666362762451
6160625152.0,-0.3669233024120331
6161562624.0,-0.3525683283805847
6162500096.0,-0.33901447057724
6163437568.0,-0.3251621723175049
6164375040.0,-0.30994731187820435
6165312512.0,-0.295266330242157
6166249984.0,-0.28128179907798767
6167187456.0,-0.26700448989868164
6168124928.0,-0.254721462726593
6169062400.0,-0.2409493327140808
6169999872.0,-0.22669436037540436
6170937344.0,-0.21374909579753876
6171874816.0,-0.1983691304922104
6172812288.0,-0.1852138489484787
6173749760.0,-0.17446187138557434
6174687744.0,-0.16419944167137146
6175625216.0,-0.15498307347297668
6176562688.0,-0.14680127799510956
6177500160.0,-0.13952486217021942
6178437632.0,-0.13274416327476501
6179375104.0,-0.1285136491060257
6180312576.0,-0.1253652274608612
6181250048.0,-0.12360896915197372
6182187520.0,-0.12277279049158096
6183124992.0,-0.12478948384523392
6184062464.0,-0.12688179314136505
6184999936.0,-0.2713472843170166
6185937408.0,-0.28601810336112976
6186874880.0,-0.30122077465057373
6187812352.0,-0.3170250952243805
6188749824.0,-0.3342619836330414
6189687296.0,-0.34933874011039734
6190624768.0,-0.36630168557167053
6191562752.0,-0.38196244835853577
6192500224.0,-0.39701128005981445
6193437696.0,-0.4106425940990448
6194375168.0,-0.4226782023906708
6195312640.0,-0.431960791349411
6196250112.0,-0.43981483578681946
6197187584.0,-0.44740962982177734
6198125056.0,-0.45278996229171753
6199062528.0,-0.45773860812187195
6200000000.0,-0.4606378674507141
6200937472.0,-0.463947594165802
6201874944.0,-0.46647539734840393
6202812416.0,-0.46912869811058044
6203749888.0,-0.47109121084213257
6204687360.0,-0.4736182689666748
6205624832.0,-0.47690340876579285
6206562304.0,-0.48160237073898315
6207499776.0,-0.4865332245826721
6208437248.0,-0.4923524260520935
6209375232.0,-0.5002183318138123
6210312704.0,-0.5077454447746277
6211250176.0,-0.5161620378494263
6212187648.0,-0.5246267318725586
6213125120.0,-0.5315464735031128
6214062592.0,-0.5382380485534668
6215000064.0,-0.5394774675369263
6215937536.0,-0.5355011820793152
6216875008.0,-0.5281131863594055
6217812480.0,-0.5198937058448792
6218749952.0,-0.5105038285255432
6219687424.0,-0.49792855978012085
6220624896.0,-0.4849119484424591
6221562368.0,-0.47153782844543457
6222499840.0,-0.4583229720592499
6223437312.0,-0.44607794284820557
6224374784.0,-0.4324617385864258
6225312256.0,-0.4216192662715912
6226250240.0,-0.41085851192474365
6227187712.0,-0.4014337658882141
6228125184.0,-0.3921971321105957
6229062656.0,-0.38356590270996094
6230000128.0,-0.37609830498695374
6230937600.0,-0.36894869804382324
6231875072.0,-0.36384931206703186
6232812544.0,-0.3565264046192169
6233750016.0,-0.3506337106227875
6234687488.0,-0.34379106760025024
6235624960.0,-0.33822277188301086
6236562432.0,-0.3317665457725525
6237499904.0,-0.3237026631832123
6238437376.0,-0.31730103492736816
6239374848.0,-0.3109395205974579
6240312320.0,-0.30349230766296387
6241249792.0,-0.2968178689479828
6242187264.0,-0.2902156710624695
6243125248.0,-0.2833753824234009
6244062720.0,-0.27693885564804077
6245000192.0,-0.4233529269695282
6245937664.0,-0.42392709851264954
6246875136.0,-0.42792120575904846
6247812608.0,-0.43252918124198914
6248750080.0,-0.438805490732193
6249687552.0,-0.44910070300102234
6250625024.0,-0.4599662125110626
6251562496.0,-0.4734920263290405
6252499968.0,-0.4883694052696228
6253437440.0,-0.507865846157074
6254374912.0,-0.5281521081924438
6255312384.0,-0.5512800216674805
6256249856.0,-0.5756756067276001
6257187328.0,-0.6023000478744507
6258124800.0,-0.6290504932403564
6259062272.0,-0.6580601930618286
6259999744.0,-0.6863130927085876
6260937728.0,-0.7152303457260132
6261875200.0,-0.7409249544143677
6262812672.0,-0.7658575177192688
6263750144.0,-0.788769543170929
6264687616.0,-0.8107982873916626
6265625088.0,-0.8308188915252686
6266562560.0,-0.8478633761405945
6267500032.0,-0.8615001440048218
6268437504.0,-0.870744526386261
6269374976.0,-0.8778060078620911
6270312448.0,-0.8804419040679932
6271249920.0,-0.8818246722221375
6272187392.0,-0.8795536756515503
6273124864.0,-0.8733314275741577
6274062336.0,-0.8646256923675537
6274999808.0,-0.8508586883544922
6275937280.0,-0.8357654213905334
6276874752.0,-0.8155190348625183
6277812736.0,-0.7924347519874573
6278750208.0,-0.768852949142456
6279687680.0,-0.741497814655304
6280625152.0,-0.7145942449569702
6281562624.0,-0.6848146915435791
6282500096.0,-0.6544072031974792
6283437568.0,-0.6246393322944641
6284375040.0,-0.5935554504394531
6285312512.0,-0.5627617239952087
6286249984.0,-0.5324258804321289
6287187456.0,-0.5031773447990417
6288124928.0,-0.47479569911956787
6289062400.0,-0.44756001234054565
6289999872.0,-0.42247211933135986
6290937344.0,-0.3987128436565399
6291874816.0,-0.3780363202095032
6292812288.0,-0.3588849902153015
6293749760.0,-0.3415766656398773
6294687744.0,-0.32717183232307434
6295625216.0,-0.3173144459724426
6296562688.0,-0.3134184777736664
6297500160.0,-0.3131959140300751
6298437632.0,-0.3140554130077362
6299375104.0,-0.31915614008903503
6300312576.0,-0.32681241631507874
6301250048.0,-0.3386375308036804
6302187520.0,-0.3537365794181824
6303124992.0,-0.3718417286872864
6304062464.0,-0.3908754885196686
6304999936.0,-0.5293359160423279
6305937408.0,-0.549189567565918
6306874880.0,-0.5703445672988892
6307812352.0,-0.593349277973175
6308749824.0,-0.6169641613960266
6309687296.0,-0.6425181031227112
6310624768.0,-0.6680535078048706
6311562752.0,-0.6947714686393738
6312500224.0,-0.7211524248123169
6313437696.0,-0.7483319044113159
6314375168.0,-0.7748276591300964
6315312640.0,-0.8003512024879456
6316250112.0,-0.8255065083503723
6317187584.0,-0.849945604801178
6318125056.0,-0.8723070621490479
6319062528.0,-0.8926087617874146
6320000000.0,-0.9107352495193481
6320937472.0,-0.9271835088729858
6321874944.0,-0.9437289834022522
6322812416.0,-0.9569622874259949
6323749888.0,-0.9681023955345154
6324687360.0,-0.9756648540496826
6325624832.0,-0.9810481071472168
6326562304.0,-0.9837615489959717
6327499776.0,-0.9836766123771667
6328437248.0,-0.9798293113708496
6329375232.0,-0.9745876789093018
6330312704.0,-0.9651918411254883
6331250176.0,-0.9563398361206055
6332187648.0,-0.944839596748352
6333125120.0,-0.9312101602554321
6334062592.0,-0.9150511622428894
6335000064.0,-0.899321973323822
6335937536.0,-0.8809491395950317
6336875008.0,-0.8628419041633606
6337812480.0,-0.8433552384376526
6338749952.0,-0.8234524726867676
6339687424.0,-0.8019259572029114
6340624896.0,-0.7795910239219666
6341562368.0,-0.756859302520752
6342499840.0,-0.7332990765571594
6343437312.0,-0.7110918164253235
6344374784.0,-0.6897945404052734
6345312256.0,-0.6692505478858948
6346250240.0,-0.6482486128807068
6347187712.0,-0.6258904933929443
6348125184.0,-0.6039249300956726
6349062656.0,-0.5837879180908203
6350000128.0,-0.5659506320953369
6350937600.0,-0.5496408343315125
6351875072.0,-0.5343393683433533
6352812544.0,-0.5208948850631714
6353750016.0,-0.5102678537368774
6354687488.0,-0.5014455318450928
6355624960.0,-0.49465399980545044
6356562432.0,-0.491146445274353
6357499904.0,-0.4887681007385254
6358437376.0,-0.4893881678581238
6359374848.0,-0.492166668176651
6360312320.0,-0.4979672431945801
6361249792.0,-0.5056663155555725
6362187264.0,-0.5163823962211609
6363125248.0,-0.5304863452911377
6364062720.0,-0.5466740131378174
6365000192.0,-0.8234861493110657
6365937664.0,-0.8302069902420044
6366875136.0,-0.8368274569511414
6367812608.0,-0.84417325258255
6368750080.0,-0.8510442972183228
6369687552.0,-0.8578113317489624
6370625024.0,-0.866870641708374
6371562496.0,-0.8761540055274963
6372499968.0,-0.8844786882400513
6373437440.0,-0.8947288990020752
6374374912.0,-0.9039283394813538
6375312384.0,-0.9122946858406067
6376249856.0,-0.9201846718788147
6377187328.0,-0.9276901483535767
6378124800.0,-0.9363008141517639
6379062272.0,-0.944448709487915
6380000256.0,-0.9506657719612122
6380937728.0,-0.9571232795715332
6381875200.0,-0.9640442132949829
6382812672.0,-0.9700064659118652
6383750144.0,-0.9747782349586487
6384687616.0,-0.9794464111328125
6385625088.0,-0.9841948747634888
6386562560.0,-0.9889895915985107
6387500032.0,-0.9921640753746033
6388437504.0,-0.9948028326034546
6389374976.0,-0.9971979260444641
6390312448.0,-0.9985452890396118
6391249920.0,-1.0001980066299438
6392187392.0,-1.0015285015106201
6393124864.0,-1.0012139081954956
6394062336.0,-0.9999092221260071
6394999808.0,-0.9991323351860046
6395937280.0,-0.9973302483558655
6396874752.0,-0.9938361644744873
6397812736.0,-0.990794837474823
6398750208.0,-0.9884417057037354
6399687680.0,-0.9843330979347229
6400625152.0,-0.9810917377471924
6401562624.0,-0.9772952198982239
6402500096.0,-0.9753744006156921
6403437568.0,-0.9731087684631348
6404375040.0,-0.9719008803367615
6405312512.0,-0.9720205664634705
6406249984.0,-0.972562849521637
6407187456.0,-0.9753066897392273
6408124928.0,-0.9775093793869019
6409062400.0,-0.980380654335022
6409999872.0,-0.9842617511749268
6410937344.0,-0.9887752532958984
6411874816.0,-0.9943685531616211
6412812288.0,-1.000842571258545
6413749760.0,-1.0075243711471558
6414687744.0,-1.013230323791504
6415625216.0,-1.0209850072860718
6416562688.0,-1.0284624099731445
6417500160.0,-1.0359234809875488
6418437632.0,-1.0433083772659302
6419375104.0,-1.052188515663147
6420312576.0,-1.0602138042449951
6421250048.0,-1.0696144104003906
6422187520.0,-1.0760867595672607
6423124992.0,-1.0807803869247437
6424062464.0,-1.0858403444290161
6424999936.0,-1.103619933128357
6425937408.0,-1.1153364181518555
6426874880.0,-1.1268771886825562
6427812352.0,-1.1362730264663696
6428749824.0,-1.1446468830108643
6429687296.0,-1.149892807006836
6430624768.0,-1.1550073623657227
6431562752.0,-1.1577991247177124
6432500224.0,-1.1597727537155151
6433437696.0,-1.1602060794830322
6434375168.0,-1.1587048768997192
6435312640.0,-1.156336784362793
6436250112.0,-1.1533896923065186
6437187584.0,-1.1481953859329224
6438125056.0,-1.1414748430252075
6439062528.0,-1.1333649158477783
6440000000.0,-1.123292088508606
6440937472.0,-1.112929344177246
6441874944.0,-1.1029472351074219
6442812416.0,-1.0923196077346802
6443749888.0,-1.0816869735717773
6444687360.0,-1.0688868761062622
6445624832.0,-1.0565630197525024
6446562304.0,-1.0441583395004272
6447499776.0,-1.0326042175292969
6448437248.0,-1.0209780931472778
6449375232.0,-1.009759545326233
6450312704.0,-0.9993926286697388
6451250176.0,-0.9899025559425354
6452187648.0,-0.9797337055206299
6453125120.0,-0.9718425273895264
6454062592.0,-0.9646618366241455
6455000064.0,-0.9581341743469238
6455937536.0,-0.9507442116737366
6456875008.0,-0.9454955458641052
6457812480.0,-0.9409410953521729
6458749952.0,-0.9367010593414307
6459687424.0,-0.9316151738166809
6460624896.0,-0.9278538227081299
6461562368.0,-0.9237027764320374
6462499840.0,-0.9200233817100525
6463437312.0,-0.914993166923523
6464374784.0,-0.9117923378944397
6465312256.0,-0.9088576436042786
6466250240.0,-0.904758870601654
6467187712.0,-0.9011324644088745
6468125184.0,-0.8974440097808838
6469062656.0,-0.8946653604507446
6470000128.0,-0.8901165723800659
6470937600.0,-0.8846859335899353
6471875072.0,-0.8790138363838196
6472812544.0,-0.8732039332389832
6473750016.0,-0.8694577217102051
6474687488.0,-0.8669106960296631
6475624960.0,-0.8626886606216431
6476562432.0,-0.8592466115951538
6477499904.0,-0.8558340072631836
6478437376.0,-0.853583574295044
6479374848.0,-0.8500346541404724
6480312320.0,-0.8483253717422485
6481249792.0,-0.8471396565437317
6482187264.0,-0.8464523553848267
6483125248.0,-0.8467750549316406
6484062720.0,-0.8475550413131714
6485000192.0,-0.9492364525794983
6485937664.0,-0.9561708569526672
6486875136.0,-0.963184654712677
6487812608.0,-0.9712396264076233
6488750080.0,-0.9779364466667175
6489687552.0,-0.985249936580658
6490625024.0,-0.9912122488021851
6491562496.0,-0.9977542161941528
6492499968.0,-1.0030323266983032
6493437440.0,-1.007372498512268
6494374912.0,-1.0128302574157715
6495312384.0,-1.015687108039856
6496249856.0,-1.0193859338760376
6497187328.0,-1.0222731828689575
6498124800.0,-1.024346113204956
6499062272.0,-1.0245839357376099
6499999744.0,-1.0256484746932983
6500937728.0,-1.0248150825500488
6501875200.0,-1.023364782333374
6502812672.0,-1.0188894271850586
6503750144.0,-1.014894962310791
6504687616.0,-1.008348822593689
6505625088.0,-1.001288890838623
6506562560.0,-0.9934925436973572
6507500032.0,-0.9847582578659058
6508437504.0,-0.9749851226806641
6509374976.0,-0.9635187983512878
6510312448.0,-0.95318204164505
6511249920.0,-0.9415751695632935
6512187392.0,-0.9304075241088867
6513124864.0,-0.9185206890106201
6514062336.0,-0.9076022505760193
6514999808.0,-0.8957756757736206
6515937280.0,-0.885078489780426
6516874752.0,-0.8737266063690186
6517812736.0,-0.8637176752090454
6518750208.0,-0.8530654311180115
6519687680.0,-0.8447232246398926
6520625152.0,-0.8360927104949951
6521562624.0,-0.8276841640472412
6522500096.0,-0.8217988610267639
6523437568.0,-0.8147565126419067
6524375040.0,-0.8095247149467468
6525312512.0,-0.8050330877304077
6526249984.0,-0.7996124625205994
6527187456.0,-0.7965895533561707
6528124928.0,-0.7950541377067566
6529062400.0,-0.7933627367019653
6529999872.0,-0.7922959327697754
6530937344.0,-0.7921232581138611
6531874816.0,-0.7936576008796692
6532812288.0,-0.7949433922767639
6533749760.0,-0.7977756857872009
6534687744.0,-0.8026244044303894
6535625216.0,-0.8070105314254761
6536562688.0,-0.8124746084213257
6537500160.0,-0.8164903521537781
6538437632.0,-0.8222015500068665
6539375104.0,-0.8296964764595032
6540312576.0,-0.8351029753684998
6541250048.0,-0.8409765362739563
6542187520.0,-0.8497501015663147
6543124992.0,-0.858050525188446
6544062464.0,-0.865311861038208
6544999936.0,-0.8633297085762024
6545937408.0,-0.8685750961303711
6546874880.0,-0.8731734752655029
6547812352.0,-0.8803962469100952
6548749824.0,-0.8844224214553833
6549687296.0,-0.8886994123458862
6550624768.0,-0.891726016998291
6551562752.0,-0.8953561782836914
6552500224.0,-0.9004108309745789
6553437696.0,-0.9040759801864624
6554375168.0,-0.9100723266601562
6555312640.0,-0.9165053963661194
6556250112.0,-0.9231615662574768
6557187584.0,-0.932449460029602
6558125056.0,-0.9421589970588684
6559062528.0,-0.953039824962616
6560000000.0,-0.965263307094574
6560937472.0,-0.9753940105438232
6561874944.0,-0.9884414672851562
6562812416.0,-1.0000451803207397
6563749888.0,-1.0144025087356567
6564687360.0,-1.0259392261505127
6565624832.0,-1.038435697555542
6566562304.0,-1.0520074367523193
6567499776.0,-1.0641670227050781
6568437248.0,-1.0770472288131714
6569375232.0,-1.0884259939193726
6570312704.0,-1.1003636121749878
6571250176.0,-1.1126244068145752
6572187648.0,-1.1237287521362305
6573125120.0,-1.1342304944992065
6574062592.0,-1.1439459323883057
6575000064.0,-1.1542502641677856
6575937536.0,-1.1621947288513184
6576875008.0,-1.1685820817947388
6577812480.0,-1.1749181747436523
6578749952.0,-1.1815181970596313
6579687424.0,-1.185567855834961
6580624896.0,-1.189619779586792
6581562368.0,-1.1932744979858398
6582499840.0,-1.1956554651260376
6583437312.0,-1.196008324623108
6584374784.0,-1.197508692741394
6585312256.0,-1.1963990926742554
6586250240.0,-1.1952513456344604
6587187712.0,-1.1920820474624634
6588125184.0,-1.1887577772140503
6589062656.0,-1.1854922771453857
6590000128.0,-1.180130958557129
6590937600.0,-1.1754984855651855
6591875072.0,-1.1696817874908447
6592812544.0,-1.1644147634506226
6593750016.0,-1.1593623161315918
6594687488.0,-1.1552038192749023
6595624960.0,-1.1510816812515259
6596562432.0,-1.1473044157028198
6597499904.0,-1.1430174112319946
6598437376.0,-1.1394292116165161
6599374848.0,-1.1365877389907837
6600312320.0,-1.1342271566390991
6601249792.0,-1.132799506187439
6602187264.0,-1.1319384574890137
6603125248.0,-1.1321418285369873
6604062720.0,-1.133419394493103
6605000192.0,-1.1311726570129395
6605937664.0,-1.1370824575424194
6606875136.0,-1.142286777496338
6607812608.0,-1.1498157978057861
6608750080.0,-1.1559159755706787
6609687552.0,-1.16102933883667
6610625024.0,-1.1664149761199951
6611562496.0,-1.1698328256607056
6612499968.0,-1.1730738878250122
6613437440.0,-1.175293207168579
6614374912.0,-1.17757248878479
6615312384.0,-1.180611491203308
6616249856.0,-1.1840314865112305
6617187328.0,-1.1870648860931396
6618124800.0,-1.1924418210983276
6619062272.0,-1.1966047286987305
6620000256.0,-1.200906753540039
6620937728.0,-1.2074397802352905
6621875200.0,-1.21451735496521
6622812672.0,-1.2220418453216553
6623750144.0,-1.2308927774429321
6624687616.0,-1.2412065267562866
6625625088.0,-1.2551801204681396
6626562560.0,-1.2739543914794922
6627500032.0,-1.2919976711273193
6628437504.0,-1.312533974647522
6629374976.0,-1.3332726955413818
6630312448.0,-1.354456901550293
6631249920.0,-1.3749347925186157
6632187392.0,-1.3956464529037476
6633124864.0,-1.4163779020309448
6634062336.0,-1.43748140335083
6634999808.0,-1.4568605422973633
6635937280.0,-1.4762189388275146
6636874752.0,-1.4961029291152954
6637812736.0,-1.5169302225112915
6638750208.0,-1.5366133451461792
6639687680.0,-1.5548291206359863
6640625152.0,-1.5727438926696777
6641562624.0,-1.5902369022369385
6642500096.0,-1.6066793203353882
6643437568.0,-1.6214975118637085
6644375040.0,-1.635208010673523
6645312512.0,-1.6476954221725464
6646249984.0,-1.6592832803726196
6647187456.0,-1.6664758920669556
6648124928.0,-1.6753063201904297
6649062400.0,-1.682420253753662
6649999872.0,-1.6872897148132324
6650937344.0,-1.6909602880477905
6651874816.0,-1.6960636377334595
6652812288.0,-1.6992849111557007
6653749760.0,-1.7020015716552734
6654687744.0,-1.705265998840332
6655625216.0,-1.7074304819107056
6656562688.0,-1.7079105377197266
6657500160.0,-1.7109144926071167
6658437632.0,-1.7136788368225098
6659375104.0,-1.720170259475708
6660312576.0,-1.7262356281280518
6661250048.0,-1.735020399093628
6662187520.0,-1.7449134588241577
6663124992.0,-1.7576426267623901
6664062464.0,-1.7731536626815796
6664999936.0,-1.7990288734436035
6665937408.0,-1.8138841390609741
6666874880.0,-1.8289904594421387
6667812352.0,-1.8427438735961914
6668749824.0,-1.8563650846481323
6669687296.0,-1.8691685199737549
6670624768.0,-1.881880521774292
6671562752.0,-1.8938268423080444
6672500224.0,-1.9057271480560303
6673437696.0,-1.916821002960205
6674375168.0,-1.9278953075408936
6675312640.0,-1.9375873804092407
6676250112.0,-1.9468302726745605
6677187584.0,-1.9530959129333496
6678125056.0,-1.9587161540985107
6679062528.0,-1.9643101692199707
6680000000.0,-1.969618320465088
6680937472.0,-1.9716596603393555
6681874944.0,-1.9750888347625732
6682812416.0,-1.9738543033599854
6683749888.0,-1.9725369215011597
6684687360.0,-1.9699162244796753
6685624832.0,-1.9673222303390503
6686562304.0,-1.9660149812698364
6687499776.0,-1.9654574394226074
6688437248.0,-1.9663136005401611
6689375232.0,-1.9697954654693604
6690312704.0,-1.973037838935852
6691250176.0,-1.9772615432739258
6692187648.0,-1.984377384185791
6693125120.0,-1.9932676553726196
6694062592.0,-2.0050597190856934
6695000064.0,-2.016976833343506
6695937536.0,-2.031815528869629
6696875008.0,-2.048279047012329
6697812480.0,-2.065070152282715
6698749952.0,-2.0838615894317627
6699687424.0,-2.103707790374756
6700624896.0,-2.126831531524658
6701562368.0,-2.149073362350464
6702499840.0,-2.1714000701904297
6703437312.0,-2.1948959827423096
6704374784.0,-2.219616413116455
6705312256.0,-2.2448062896728516
6706250240.0,-2.269327163696289
6707187712.0,-2.2922284603118896
6708125184.0,-2.3156867027282715
6709062656.0,-2.3358981609344482
6710000128.0,-2.3557868003845215
6710937600.0,-2.3731279373168945
6711875072.0,-2.3901751041412354
6712812544.0,-2.4049057960510254
6713750016.0,-2.4177498817443848
6714687488.0,-2.4269163608551025
6715624960.0,-2.4363272190093994
6716562432.0,-2.443425416946411
6717499904.0,-2.448420524597168
6718437376.0,-2.4521846771240234
6719374848.0,-2.452481746673584
6720312320.0,-2.4524567127227783
6721249792.0,-2.4502570629119873
6722187264.0,-2.4481217861175537
6723125248.0,-2.4469058513641357
6724062720.0,-2.4461493492126465
6725000192.0,-2.4218616485595703
6725937664.0,-2.4248030185699463
6726875136.0,-2.4294252395629883
6727812608.0,-2.4333319664001465
6728750080.0,-2.4367377758026123
6729687552.0,-2.4434287548065186
6730625024.0,-2.4514522552490234
6731562496.0,-2.461259126663208
6732499968.0,-2.4741058349609375
6733437440.0,-2.4881412982940674
6734374912.0,-2.5070109367370605
6735312384.0,-2.5270743370056152
6736249856.0,-2.55005145072937
6737187328.0,-2.575965642929077
6738124800.0,-2.6048924922943115
6739062272.0,-2.6337175369262695
6739999744.0,-2.665928602218628
6740937728.0,-2.696192502975464
6741875200.0,-2.727185010910034
6742812672.0,-2.758518695831299
6743750144.0,-2.7915151119232178
6744687616.0,-2.82650089263916
6745625088.0,-2.859832763671875
6746562560.0,-2.893582582473755
6747500032.0,-2.926750659942627
6748437504.0,-2.957716226577759
6749374976.0,-2.9875242710113525
6750312448.0,-3.0155227184295654
6751249920.0,-3.0409741401672363
6752187392.0,-3.067091226577759
6753124864.0,-3.0854063034057617
6754062336.0,-3.1001408100128174
6754999808.0,-3.1087231636047363
6755937280.0,-3.1139092445373535
6756874752.0,-3.1132378578186035
6757812736.0,-3.1079213619232178
6758750208.0,-3.0991201400756836
6759687680.0,-3.0870156288146973
6760625152.0,-3.069736957550049
6761562624.0,-3.049866199493408
6762500096.0,-3.023655414581299
6763437568.0,-2.9941625595092773
6764375040.0,-2.959191083908081
6765312512.0,-2.9201252460479736
6766249984.0,-2.87469744682312
6767187456.0,-2.826702356338501
6768124928.0,-2.7745275497436523
6769062400.0,-2.720186948776245
6769999872.0,-2.6623778343200684
6770937344.0,-2.6018857955932617
6771874816.0,-2.5386524200439453
6772812288.0,-2.4739675521850586
6773749760.0,-2.40667986869812
6774687744.0,-2.342327833175659
6775625216.0,-2.2776100635528564
6776562688.0,-2.2166552543640137
6777500160.0,-2.1583971977233887
6778437632.0,-2.106356143951416
6779375104.0,-2.058336019515991
6780312576.0,-2.012006998062134
6781250048.0,-1.9693597555160522
6782187520.0,-1.9314050674438477
6783124992.0,-1.896754264831543
6784062464.0,-1.866119384765625
6784999936.0,-2.316274404525757
6785937408.0,-2.2975142002105713
6786874880.0,-2.2780919075012207
6787812352.0,-2.2600162029266357
6788749824.0,-2.242875099182129
6789687296.0,-2.2267813682556152
6790624768.0,-2.2125144004821777
6791562752.0,-2.2004566192626953
6792500224.0,-2.1896002292633057
6793437696.0,-2.180678606033325
6794375168.0,-2.174098253250122
6795312640.0,-2.168473720550537
6796250112.0,-2.1646249294281006
6797187584.0,-2.161853551864624
6798125056.0,-2.160284996032715
6799062528.0,-2.1620864868164062
6800000000.0,-2.16674542427063
6800937472.0,-2.174804449081421
6801874944.0,-2.1852478981018066
6802812416.0,-2.1976478099823
6803749888.0,-2.214601516723633
6804687360.0,-2.2342026233673096
6805624832.0,-2.2541019916534424
6806562304.0,-2.2748100757598877
6807499776.0,-2.2971208095550537
6808437248.0,-2.3186399936676025
6809375232.0,-2.3410818576812744
6810312704.0,-2.3613009452819824
6811250176.0,-2.3818843364715576
6812187648.0,-2.399954319000244
6813125120.0,-2.41481351852417
6814062592.0,-2.430318593978882
6815000064.0,-2.443331718444824
6815937536.0,-2.4533843994140625
6816875008.0,-2.460369825363159
6817812480.0,-2.4645168781280518
6818749952.0,-2.4667561054229736
6819687424.0,-2.4647953510284424
6820624896.0,-2.4578092098236084
6821562368.0,-2.444716453552246
6822499840.0,-2.427236557006836
6823437312.0,-2.405529499053955
6824374784.0,-2.3791770935058594
6825312256.0,-2.3508095741271973
6826250240.0,-2.3200676441192627
6827187712.0,-2.2887706756591797
6828125184.0,-2.2561135292053223
6829062656.0,-2.221322774887085
6830000128.0,-2.184932231903076
6830937600.0,-2.1463260650634766
6831875072.0,-2.107196092605591
6832812544.0,-2.0653998851776123
6833750016.0,-2.0226621627807617
6834687488.0,-1.978672742843628
6835624960.0,-1.935672640800476
6836562432.0,-1.8917661905288696
6837499904.0,-1.8496490716934204
6838437376.0,-1.8087800741195679
6839374848.0,-1.7706191539764404
6840312320.0,-1.7337381839752197
6841249792.0,-1.6994842290878296
6842187264.0,-1.6661595106124878
6843125248.0,-1.6345758438110352
6844062720.0,-1.6062506437301636
6845000192.0,-1.5008443593978882
6845937664.0,-1.4737849235534668
6846875136.0,-1.449293851852417
6847812608.0,-1.4273791313171387
6848750080.0,-1.4072608947753906
6849687552.0,-1.3911640644073486
6850625024.0,-1.380329966545105
6851562496.0,-1.3706653118133545
6852499968.0,-1.366074800491333
6853437440.0,-1.3630390167236328
6854374912.0,-1.3610259294509888
6855312384.0,-1.3614503145217896
6856249856.0,-1.364623785018921
6857187328.0,-1.3695787191390991
6858124800.0,-1.3776715993881226
6859062272.0,-1.3861881494522095
6860000256.0,-1.3963721990585327
6860937728.0,-1.4081834554672241
6861875200.0,-1.423074722290039
6862812672.0,-1.4384535551071167
6863750144.0,-1.4563761949539185
6864687616.0,-1.475114345550537
6865625088.0,-1.4956305027008057
6866562560.0,-1.5149842500686646
6867500032.0,-1.53423273563385
6868437504.0,-1.5536205768585205
6869374976.0,-1.571107268333435
6870312448.0,-1.5886884927749634
6871249920.0,-1.6043131351470947
6872187392.0,-1.6190229654312134
6873124864.0,-1.6311852931976318
6874062336.0,-1.6420578956604004
6874999808.0,-1.6492880582809448
6875937280.0,-1.6545631885528564
6876874752.0,-1.6549791097640991
6877812736.0,-1.651736855506897
6878750208.0,-1.6467435359954834
6879687680.0,-1.6369386911392212
6880625152.0,-1.6236215829849243
6881562624.0,-1.6079281568527222
6882500096.0,-1.58958899974823
6883437568.0,-1.5691193342208862
6884375040.0,-1.5459067821502686
6885312512.0,-1.519100308418274
6886249984.0,-1.49169921875
6887187456.0,-1.4611215591430664
6888124928.0,-1.430039405822754
6889062400.0,-1.400568962097168
6889999872.0,-1.3696926832199097
6890937344.0,-1.339217185974121
6891874816.0,-1.3072547912597656
6892812288.0,-1.2760562896728516
6893749760.0,-1.2453516721725464
6894687744.0,-1.21559739112854
6895625216.0,-1.1863054037094116
6896562688.0,-1.1587018966674805
6897500160.0,-1.1321935653686523
6898437632.0,-1.1074241399765015
6899375104.0,-1.083644986152649
6900312576.0,-1.0602647066116333
6901250048.0,-1.0393702983856201
6902187520.0,-1.020879864692688
6903124992.0,-1.0031168460845947
6904062464.0,-0.988566517829895
6904999936.0,-0.9865896701812744
6905937408.0,-0.9821783900260925
6906874880.0,-0.9808558821678162
6907812352.0,-0.9817218780517578
6908749824.0,-0.9832656383514404
6909687296.0,-0.9875063896179199
6910624768.0,-0.9914991855621338
6911562752.0,-0.9957508444786072
6912500224.0,-1.0011951923370361
6913437696.0,-1.0058993101119995
6914375168.0,-1.0120179653167725
6915312640.0,-1.0153602361679077
6916250112.0,-1.018480896949768
6917187584.0,-1.0207933187484741
6918125056.0,-1.0220810174942017
6919062528.0,-1.0215709209442139
6920000000.0,-1.020528793334961
6920937472.0,-1.0185496807098389
6921874944.0,-1.014296293258667
6922812416.0,-1.0090477466583252
6923749888.0,-1.0034565925598145
6924687360.0,-0.9950593113899231
6925624832.0,-0.9855363965034485
6926562304.0,-0.9734453558921814
6927499776.0,-0.957792341709137
6928437248.0,-0.9425563216209412
6929375232.0,-0.9235544800758362
6930312704.0,-0.9059170484542847
6931250176.0,-0.8852362632751465
6932187648.0,-0.8622575998306274
6933125120.0,-0.8403630256652832
6934062592.0,-0.8165018558502197
6935000064.0,-0.7922084331512451
6935937536.0,-0.7699296474456787
6936875008.0,-0.7462080717086792
6937812480.0,-0.7225963473320007
6938749952.0,-0.7001234889030457
6939687424.0,-0.6787441372871399
6940624896.0,-0.6566576361656189
6941562368.0,-0.6374846696853638
6942499840.0,-0.6194407343864441
6943437312.0,-0.6038674116134644
6944374784.0,-0.5889365673065186
6945312256.0,-0.575810968875885
6946250240.0,-0.5637319684028625
6947187712.0,-0.554348349571228
6948125184.0,-0.5464521646499634
6949062656.0,-0.5407954454421997
6950000128.0,-0.5360687971115112
6950937600.0,-0.533638060092926
6951875072.0,-0.5324242115020752
6952812544.0,-0.5315612554550171
6953750016.0,-0.5332000851631165
6954687488.0,-0.5360342264175415
6955624960.0,-0.5385949611663818
6956562432.0,-0.5463259816169739
6957499904.0,-0.5540430545806885
6958437376.0,-0.5622804760932922
6959374848.0,-0.5714056491851807
6960312320.0,-0.580766499042511
6961249792.0,-0.5904011726379395
6962187264.0,-0.6009464263916016
6963125248.0,-0.6105470657348633
6964062720.0,-0.6211640238761902
6965000192.0,-0.5280709266662598
6965937664.0,-0.5365738868713379
6966875136.0,-0.5458540916442871
6967812608.0,-0.5545162558555603
6968750080.0,-0.5638896822929382
6969687552.0,-0.5734344124794006
6970625024.0,-0.5847105979919434
6971562496.0,-0.5950594544410706
6972499968.0,-0.6054804921150208
6973437440.0,-0.6175830960273743
6974374912.0,-0.6295292973518372
6975312384.0,-0.6403735280036926
6976249856.0,-0.6535170078277588
6977187328.0,-0.6653798222541809
6978124800.0,-0.6791495084762573
6979062272.0,-0.6912621855735779
6979999744.0,-0.7059801816940308
6980937728.0,-0.7171935439109802
6981875200.0,-0.7277904152870178
6982812672.0,-0.7386838793754578
6983750144.0,-0.7488839626312256
6984687616.0,-0.7570500373840332
6985625088.0,-0.7645713090896606
6986562560.0,-0.771934986114502
6987500032.0,-0.7772399187088013
6988437504.0,-0.7819456458091736
6989374976.0,-0.7865129113197327
6990312448.0,-0.7903308272361755
6991249920.0,-0.791939914226532
6992187392.0,-0.7951639890670776
6993124864.0,-0.7952776551246643
6994062336.0,-0.7944433093070984
6994999808.0,-0.7914907336235046
6995937280.0,-0.7878343462944031
6996874752.0,-0.7828251719474792
6997812736.0,-0.7761496901512146
6998750208.0,-0.7672411799430847
6999687680.0,-0.7585693597793579
7000625152.0,-0.7484015822410583
7001562624.0,-0.737883985042572
7002500096.0,-0.7252659797668457
7003437568.0,-0.7137106657028198
7004375040.0,-0.7016721367835999
7005312512.0,-0.6879200339317322
7006249984.0,-0.6751199960708618
7007187456.0,-0.6599993109703064
7008124928.0,-0.6433088183403015
7009062400.0,-0.6258634924888611
7009999872.0,-0.6091459393501282
7010937344.0,-0.591151237487793
7011874816.0,-0.5730277895927429
7012812288.0,-0.5563417673110962
7013749760.0,-0.5380518436431885
7014687744.0,-0.5209012627601624
7015625216.0,-0.5027109980583191
7016562688.0,-0.4855695068836212
7017500160.0,-0.47019848227500916
7018437632.0,-0.45607107877731323
7019375104.0,-0.44149842858314514
7020312576.0,-0.42905089259147644
7021250048.0,-0.41675981879234314
7022187520.0,-0.40608569979667664
7023124992.0,-0.3950961232185364
7024062464.0,-0.38433173298835754
7024999936.0,-0.2939145267009735
7025937408.0,-0.29665419459342957
7026874880.0,-0.29974907636642456
7027812352.0,-0.3044840693473816
7028749824.0,-0.30903640389442444
7029687296.0,-0.3155447840690613
7030624768.0,-0.3225615322589874
7031562752.0,-0.3298758864402771
7032500224.0,-0.3400597870349884
7033437696.0,-0.3507482707500458
7034375168.0,-0.3637913763523102
7035312640.0,-0.377013623714447
7036250112.0,-0.38996681571006775
7037187584.0,-0.4034285545349121
7038125056.0,-0.4175461232662201
7039062528.0,-0.4320153594017029
7040000000.0,-0.4456711411476135
7040937472.0,-0.45935744047164917
7041874944.0,-0.47333499789237976
7042812416.0,-0.48707613348960876
7043749888.0,-0.4998476505279541
7044687360.0,-0.5116848349571228
7045624832.0,-0.5236566066741943
7046562304.0,-0.5349497199058533
7047499776.0,-0.5457115769386292
7048437248.0,-0.5571922063827515
7049375232.0,-0.5650786757469177
7050312704.0,-0.573323667049408
7051250176.0,-0.5791035294532776
7052187648.0,-0.5856619477272034
7053125120.0,-0.5907924771308899
7054062592.0,-0.5944087505340576
7055000064.0,-0.594275951385498
7055937536.0,-0.5953183174133301
7056875008.0,-0.5958813428878784
7057812480.0,-0.5929486155509949
7058749952.0,-0.5940654277801514
7059687424.0,-0.5917894840240479
7060624896.0,-0.589848518371582
7061562368.0,-0.5874010324478149
7062499840.0,-0.5825324058532715
7063437312.0,-0.5768848657608032
7064374784.0,-0.5688720345497131
7065312256.0,-0.560889720916748
7066250240.0,-0.5509218573570251
7067187712.0,-0.5415264964103699
7068125184.0,-0.5296834707260132
7069062656.0,-0.5188554525375366
7070000128.0,-0.5056921243667603
7070937600.0,-0.4935198128223419
7071875072.0,-0.4806668758392334
7072812544.0,-0.4676021337509155
7073750016.0,-0.45317697525024414
7074687488.0,-0.44026222825050354
7075624960.0,-0.4261801242828369
7076562432.0,-0.41231775283813477
7077499904.0,-0.397619366645813
7078437376.0,-0.38234859704971313
7079374848.0,-0.3664144277572632
7080312320.0,-0.3515157103538513
7081249792.0,-0.3362323045730591
7082187264.0,-0.3209964334964752
7083125248.0,-0.3064974546432495
7084062720.0,-0.2914610505104065
7085000192.0,-0.3551912307739258
7085937664.0,-0.34408488869667053
7086875136.0,-0.33378127217292786
7087812608.0,-0.3248040974140167
7088750080.0,-0.31567302346229553
7089687552.0,-0.3067922592163086
7090625024.0,-0.29925239086151123
7091562496.0,-0.2926875948905945
7092499968.0,-0.28702741861343384
7093437440.0,-0.2806265652179718
7094374912.0,-0.27596065402030945
7095312384.0,-0.2727174460887909
7096249856.0,-0.26953545212745667
7097187328.0,-0.26822975277900696
7098124800.0,-0.2679860293865204
7099062272.0,-0.2699577212333679
7100000256.0,-0.27251625061035156
7100937728.0,-0.27844852209091187
7101875200.0,-0.28494611382484436
7102812672.0,-0.2930399179458618
7103750144.0,-0.30317914485931396
7104687616.0,-0.3145540654659271
7105625088.0,-0.3272308111190796
7106562560.0,-0.34142419695854187
7107500032.0,-0.35722675919532776
7108437504.0,-0.37418878078460693
7109374976.0,-0.3931466042995453
7110312448.0,-0.41411471366882324
7111249920.0,-0.4341568350791931
7112187392.0,-0.458039790391922
7113124864.0,-0.4808301031589508
7114062336.0,-0.5045070052146912
7114999808.0,-0.5269973278045654
7115937280.0,-0.5504450798034668
7116874752.0,-0.5732508897781372
7117812736.0,-0.5950835943222046
7118750208.0,-0.6156554818153381
7119687680.0,-0.6365974545478821
7120625152.0,-0.6542590260505676
7121562624.0,-0.6721442341804504
7122500096.0,-0.6877791285514832
7123437568.0,-0.7020982503890991
7124375040.0,-0.7154320478439331
7125312512.0,-0.7267374396324158
7126249984.0,-0.7355794906616211
7127187456.0,-0.742602527141571
7128124928.0,-0.7465516328811646
7129062400.0,-0.7484973669052124
7129999872.0,-0.748429000377655
7130937344.0,-0.746275007724762
7131874816.0,-0.7427579760551453
7132812288.0,-0.7373490333557129
7133749760.0,-0.7277637124061584
7134687744.0,-0.718707799911499
7135625216.0,-0.7070728540420532
7136562688.0,-0.6949425935745239
7137500160.0,-0.6788507103919983
7138437632.0,-0.66336590051651
7139375104.0,-0.6445870995521545
7140312576.0,-0.625198245048523
7141250048.0,-0.6056523323059082
7142187520.0,-0.5844257473945618
7143124992.0,-0.5623443126678467
7144062464.0,-0.42593663930892944
7144999936.0,-0.4247215688228607
7145937408.0,-0.42243069410324097
7146874880.0,-0.41959404945373535
7147812352.0,-0.4166453778743744
7148749824.0,-0.4134630858898163
7149687296.0,-0.4110932946205139
7150624768.0,-0.4100331664085388
7151562752.0,-0.40860986709594727
7152500224.0,-0.4077596068382263
7153437696.0,-0.4080234467983246
7154375168.0,-0.41020840406417847
7155312640.0,-0.4122924208641052
7156250112.0,-0.41677364706993103
7157187584.0,-0.42226773500442505
7158125056.0,-0.4301929771900177
7159062528.0,-0.4394586682319641
7160000000.0,-0.44647061824798584
7160937472.0,-0.45291274785995483
7161874944.0,-0.46056079864501953
7162812416.0,-0.4687187671661377
7163749888.0,-0.47798070311546326
7164687360.0,-0.4885132610797882
7165624832.0,-0.4969773292541504
7166562304.0,-0.5084168314933777
7167499776.0,-0.5176751613616943
7168437248.0,-0.5271897315979004
7169375232.0,-0.5373507738113403
7170312704.0,-0.5462980270385742
7171250176.0,-0.553321361541748
7172187648.0,-0.559658408164978
7173125120.0,-0.5639038681983948
7174062592.0,-0.5685238242149353
7175000064.0,-0.5708101391792297
7175937536.0,-0.5716463327407837
7176875008.0,-0.5714805126190186
7177812480.0,-0.5698708891868591
7178749952.0,-0.5676008462905884
7179687424.0,-0.5631791949272156
7180624896.0,-0.557057797908783
7181562368.0,-0.5489119291305542
7182499840.0,-0.539718508720398
7183437312.0,-0.5299698710441589
7184374784.0,-0.5180795192718506
7185312256.0,-0.5043365955352783
7186250240.0,-0.48823386430740356
7187187712.0,-0.47079288959503174
7188125184.0,-0.4522086977958679
7189062656.0,-0.432174950838089
7190000128.0,-0.4124048352241516
7190937600.0,-0.39179185032844543
7191875072.0,-0.37190577387809753
7192812544.0,-0.3523685336112976
7193750016.0,-0.3325877785682678
7194687488.0,-0.314644455909729
7195624960.0,-0.29611286520957947
7196562432.0,-0.27955538034439087
7197499904.0,-0.2628089189529419
7198437376.0,-0.24895888566970825
7199374848.0,-0.23464800417423248
7200312320.0,-0.22400520741939545
7201249792.0,-0.21498467028141022
7202187264.0,-0.2083873301744461
7203125248.0,-0.20433829724788666
7204062720.0,-0.30488258600234985
7205000192.0,-0.3169881999492645
7205937664.0,-0.3309275507926941
7206875136.0,-0.3479655683040619
7207812608.0,-0.3685588538646698
7208750080.0,-0.391245573759079
7209687552.0,-0.41487058997154236
7210625024.0,-0.4433912932872772
7211562496.0,-0.4748019576072693
7212499968.0,-0.5068162679672241
7213437440.0,-0.5403404235839844
7214374912.0,-0.5735639333724976
7215312384.0,-0.6099199056625366
7216249856.0,-0.643250048160553
7217187328.0,-0.6762053966522217
7218124800.0,-0.7099044322967529
7219062272.0,-0.740329921245575
7219999744.0,-0.7700913548469543
7220937728.0,-0.7953786849975586
7221875200.0,-0.8196509480476379
7222812672.0,-0.840065598487854
7223750144.0,-0.8563099503517151
7224687616.0,-0.8691551685333252
7225625088.0,-0.8767480850219727
7226562560.0,-0.8811951279640198
7227500032.0,-0.8803051114082336
7228437504.0,-0.8758377432823181
7229374976.0,-0.8666262030601501
7230312448.0,-0.8529106974601746
7231249920.0,-0.8353686928749084
7232187392.0,-0.8132385015487671
7233124864.0,-0.7888855338096619
7234062336.0,-0.7589959502220154
7234999808.0,-0.7277359366416931
7235937280.0,-0.6926454901695251
7236874752.0,-0.6579010486602783
7237812736.0,-0.6214392185211182
7238750208.0,-0.5816982388496399
7239687680.0,-0.5420553684234619
7240625152.0,-0.5000451803207397
7241562624.0,-0.45793792605400085
7242500096.0,-0.41598209738731384
7243437568.0,-0.3732994794845581
7244375040.0,-0.33098191022872925
7245312512.0,-0.2889019548892975
7246249984.0,-0.24846665561199188
7247187456.0,-0.2103559672832489
7248124928.0,-0.17336881160736084
7249062400.0,-0.13880643248558044
7249999872.0,-0.10704735666513443
7250937344.0,-0.07845845073461533
7251874816.0,-0.05243111774325371
7252812288.0,-0.02917654439806938
7253749760.0,-0.008422995917499065
7254687744.0,0.0063062747940421104
7255625216.0,0.020098967477679253
7256562688.0,0.02825714647769928
7257500160.0,0.0336119644343853
7258437632.0,0.033850908279418945
7259375104.0,0.03062807023525238
7260312576.0,0.020898833870887756
7261250048.0,0.0075180744752287865
7262187520.0,-0.010067027062177658
7263124992.0,-0.0320359505712986
7264062464.0,-0.30956315994262695
7264999936.0,-0.3065597712993622
7265937408.0,-0.30492913722991943
7266874880.0,-0.3053828477859497
7267812352.0,-0.309304416179657
7268749824.0,-0.31513839960098267
7269687296.0,-0.3239787518978119
7270624768.0,-0.3340485990047455
7271562752.0,-0.3445645272731781
7272500224.0,-0.3578711748123169
7273437696.0,-0.37166425585746765
7274375168.0,-0.38814377784729004
7275312640.0,-0.40452635288238525
7276250112.0,-0.42053478956222534
7277187584.0,-0.43814778327941895
7278125056.0,-0.45424365997314453
7279062528.0,-0.47087278962135315
7280000000.0,-0.48678791522979736
7280937472.0,-0.4995473325252533
7281874944.0,-0.5117499232292175
7282812416.0,-0.5220877528190613
7283749888.0,-0.5303677320480347
7284687360.0,-0.5362940430641174
7285624832.0,-0.539482831954956
7286562304.0,-0.5394713282585144
7287499776.0,-0.5403527617454529
7288437248.0,-0.5403628945350647
7289375232.0,-0.5365802049636841
7290312704.0,-0.5322985649108887
7291250176.0,-0.5237505435943604
7292187648.0,-0.515343964099884
7293125120.0,-0.5043902397155762
7294062592.0,-0.49145135283470154
7295000064.0,-0.47743186354637146
7295937536.0,-0.4609748423099518
7296875008.0,-0.445001482963562
7297812480.0,-0.4261489510536194
7298749952.0,-0.40767306089401245
7299687424.0,-0.3903751075267792
7300624896.0,-0.3713042736053467
7301562368.0,-0.35297727584838867
7302499840.0,-0.33496636152267456
7303437312.0,-0.3185746371746063
7304374784.0,-0.3032636046409607
7305312256.0,-0.2877960205078125
7306250240.0,-0.2746334969997406
7307187712.0,-0.2614694833755493
7308125184.0,-0.25042209029197693
7309062656.0,-0.2406812310218811
7310000128.0,-0.23156216740608215
7310937600.0,-0.22551651298999786
7311875072.0,-0.22003786265850067
7312812544.0,-0.21700288355350494
7313750016.0,-0.2148386687040329
7314687488.0,-0.21437275409698486
7315624960.0,-0.2140759825706482
7316562432.0,-0.21236416697502136
7317499904.0,-0.21214266121387482
7318437376.0,-0.21047544479370117
7319374848.0,-0.20779050886631012
7320312320.0,-0.20530462265014648
7321249792.0,-0.20076332986354828
7322187264.0,-0.19389061629772186
7323125248.0,-0.18457169830799103
7324062720.0,-0.3281567394733429
7325000192.0,-0.30753588676452637
7325937664.0,-0.28455284237861633
7326875136.0,-0.2589961588382721
7327812608.0,-0.23321150243282318
7328750080.0,-0.20440874993801117
7329687552.0,-0.17867353558540344
7330625024.0,-0.1509944498538971
7331562496.0,-0.1259339153766632
7332499968.0,-0.10276437550783157
7333437440.0,-0.08143875002861023
7334374912.0,-0.06426042318344116
7335312384.0,-0.0510798916220665
7336249856.0,-0.04155365750193596
7337187328.0,-0.03782488405704498
7338124800.0,-0.03730905055999756
7339062272.0,-0.038166411221027374
7340000256.0,-0.044723015278577805
7340937728.0,-0.05668627843260765
7341875200.0,-0.07118792831897736
7342812672.0,-0.09045223146677017
7343750144.0,-0.11296425759792328
7344687616.0,-0.13738855719566345
7345625088.0,-0.16344799101352692
7346562560.0,-0.18868032097816467
7347500032.0,-0.21502012014389038
7348437504.0,-0.23727667331695557
7349374976.0,-0.2608841359615326
7350312448.0,-0.27972638607025146
7351249920.0,-0.29650595784187317
7352187392.0,-0.30793628096580505
7353124864.0,-0.3163614273071289
7354062336.0,-0.3187543451786041
7354999808.0,-0.31702128052711487
7355937280.0,-0.3105851411819458
7356874752.0,-0.2989155650138855
7357812736.0,-0.28225141763687134
7358750208.0,-0.2621760666370392
7359687680.0,-0.23785150051116943
7360625152.0,-0.21095094084739685
7361562624.0,-0.1812792420387268
7362500096.0,-0.14944227039813995
7363437568.0,-0.11737625300884247
7364375040.0,-0.08136281371116638
7365312512.0,-0.04757709801197052
7366249984.0,-0.01603793352842331
7367187456.0,0.013135519810020924
7368124928.0,0.038004081696271896
7369062400.0,0.0585002638399601
7369999872.0,0.07630010694265366
7370937344.0,0.08942586183547974
7371874816.0,0.10009941458702087
7372812288.0,0.10696733742952347
7373749760.0,0.11117561161518097
7374687744.0,0.11273837089538574
7375625216.0,0.11615591496229172
7376562688.0,0.11539868265390396
7377500160.0,0.11536415666341782
7378437632.0,0.1132587119936943
7379375104.0,0.11073558032512665
7380312576.0,0.10733064264059067
7381250048.0,0.10103843361139297
7382187520.0,0.0949428379535675
7383124992.0,0.08763863146305084
7384062464.0,-0.22039654850959778
7384999936.0,-0.23752635717391968
7385937408.0,-0.25378721952438354
7386874880.0,-0.2728566825389862
7387812352.0,-0.2894029915332794
7388749824.0,-0.305181622505188
7389687296.0,-0.31986647844314575
7390624768.0,-0.33081841468811035
7391562752.0,-0.34046611189842224
7392500224.0,-0.34755122661590576
7393437696.0,-0.350541353225708
7394375168.0,-0.35153815150260925
7395312640.0,-0.34809815883636475
7396250112.0,-0.34141072630882263
7397187584.0,-0.3314547538757324
7398125056.0,-0.31741416454315186
7399062528.0,-0.30114269256591797
7400000000.0,-0.27996811270713806
7400937472.0,-0.2569059431552887
7401874944.0,-0.22999809682369232
7402812416.0,-0.20004978775978088
7403749888.0,-0.16846561431884766
7404687360.0,-0.13415631651878357
7405624832.0,-0.10028866678476334
7406562304.0,-0.06357239931821823
7407499776.0,-0.026370596140623093
7408437248.0,0.010630780830979347
7409375232.0,0.04670194536447525
7410312704.0,0.08287332952022552
7411250176.0,0.11674722284078598
7412187648.0,0.15027794241905212
7413125120.0,0.18089252710342407
7414062592.0,0.21001416444778442
7415000064.0,0.23521317541599274
7415937536.0,0.2601931691169739
7416875008.0,0.27954673767089844
7417812480.0,0.2958342730998993
7418749952.0,0.30861222743988037
7419687424.0,0.31829655170440674
7420624896.0,0.32498133182525635
7421562368.0,0.32735779881477356
7422499840.0,0.3245210647583008
7423437312.0,0.32020366191864014
7424374784.0,0.3117241859436035
7425312256.0,0.3003072440624237
7426250240.0,0.28537067770957947
7427187712.0,0.2678903639316559
7428125184.0,0.2459995150566101
7429062656.0,0.22275124490261078
7430000128.0,0.19659113883972168
7430937600.0,0.16946007311344147
7431875072.0,0.1416034996509552
7432812544.0,0.11110125482082367
7433750016.0,0.07987218350172043
7434687488.0,0.04772879183292389
7435624960.0,0.017738375812768936
7436562432.0,-0.014173160307109356
7437499904.0,-0.04657487943768501
7438437376.0,-0.07573706656694412
7439374848.0,-0.105485700070858
7440312320.0,-0.13602323830127716
7441249792.0,-0.16497263312339783
7442187264.0,-0.19143106043338776
7443125248.0,-0.21659523248672485
7444062720.0,0.032682787626981735
7445000192.0,0.01646438054740429
7445937664.0,-7.026989624137059e-05
7446875136.0,-0.016675617545843124
7447812608.0,-0.03423495218157768
7448750080.0,-0.05083729699254036
7449687552.0,-0.06739380955696106
7450625024.0,-0.08311320096254349
7451562496.0,-0.09635502099990845
7452499968.0,-0.10872943699359894
7453437440.0,-0.1189475953578949
7454374912.0,-0.129010409116745
7455312384.0,-0.13530707359313965
7456249856.0,-0.13885460793972015
7457187328.0,-0.14156284928321838
7458124800.0,-0.14108556509017944
7459062272.0,-0.13907717168331146
7459999744.0,-0.13517628610134125
7460937728.0,-0.12874644994735718
7461875200.0,-0.12113764882087708
7462812672.0,-0.11202133446931839
7463750144.0,-0.10199491679668427
7464687616.0,-0.09166564792394638
7465625088.0,-0.08284834027290344
7466562560.0,-0.07416778802871704
7467500032.0,-0.06581435352563858
7468437504.0,-0.05800456926226616
7469374976.0,-0.05017903819680214
7470312448.0,-0.04351326823234558
7471249920.0,-0.03763047233223915
7472187392.0,-0.03286878392100334
7473124864.0,-0.030081627890467644
7474062336.0,-0.02739250473678112
7474999808.0,-0.027458366006612778
7475937280.0,-0.030352843925356865
7476874752.0,-0.03244676813483238
7477812736.0,-0.037884775549173355
7478750208.0,-0.0426822192966938
7479687680.0,-0.04950423911213875
7480625152.0,-0.058475591242313385
7481562624.0,-0.06762374192476273
7482500096.0,-0.07728077471256256
7483437568.0,-0.08815253525972366
7484375040.0,-0.0983644649386406
7485312512.0,-0.10946407169103622
7486249984.0,-0.12037347257137299
7487187456.0,-0.1317925751209259
7488124928.0,-0.1425071805715561
7489062400.0,-0.15144512057304382
7489999872.0,-0.15972498059272766
7490937344.0,-0.1661776900291443
7491874816.0,-0.17135056853294373
7492812288.0,-0.17410868406295776
7493749760.0,-0.17542260885238647
7494687744.0,-0.17546206712722778
7495625216.0,-0.17398829758167267
7496562688.0,-0.16931869089603424
7497500160.0,-0.1629353016614914
7498437632.0,-0.15496228635311127
7499375104.0,-0.14682237803936005
7500312576.0,-0.13718798756599426
7501250048.0,-0.1276095062494278
7502187520.0,-0.11648008972406387
7503124992.0,-0.1059984415769577
7504062464.0,-0.0943266898393631
7504999936.0,-0.06920213252305984
7505937408.0,-0.04735158756375313
7506874880.0,-0.027286289259791374
7507812352.0,-0.010455620475113392
7508749824.0,0.0013660332188010216
7509687296.0,0.009523090906441212
7510624768.0,0.014937536790966988
7511562752.0,0.014761844649910927
7512500224.0,0.012220902368426323
7513437696.0,0.005869305692613125
7514375168.0,-0.004346766509115696
7515312640.0,-0.016436800360679626
7516250112.0,-0.030426744371652603
7517187584.0,-0.044700101017951965
7518125056.0,-0.05879605934023857
7519062528.0,-0.07398886233568192
7520000000.0,-0.08944877237081528
7520937472.0,-0.10360540449619293
7521874944.0,-0.1167834922671318
7522812416.0,-0.12988479435443878
7523749888.0,-0.1389622539281845
7524687360.0,-0.1473386138677597
7525624832.0,-0.15236684679985046
7526562304.0,-0.15428194403648376
7527499776.0,-0.15376463532447815
7528437248.0,-0.14959773421287537
7529375232.0,-0.1440240740776062
7530312704.0,-0.13463692367076874
7531250176.0,-0.12381397187709808
7532187648.0,-0.11192311346530914
7533125120.0,-0.09869831055402756
7534062592.0,-0.08433625102043152
7535000064.0,-0.07052472233772278
7535937536.0,-0.056190717965364456
7536875008.0,-0.04301811382174492
7537812480.0,-0.031276289373636246
7538749952.0,-0.021283455193042755
7539687424.0,-0.016010552644729614
7540624896.0,-0.011280803941190243
7541562368.0,-0.011072653345763683
7542499840.0,-0.014429494738578796
7543437312.0,-0.02190324291586876
7544374784.0,-0.0341758131980896
7545312256.0,-0.04924264922738075
7546250240.0,-0.06902658194303513
7547187712.0,-0.09184084087610245
7548125184.0,-0.1180456206202507
7549062656.0,-0.1456570029258728
7550000128.0,-0.1755116730928421
7550937600.0,-0.2048964649438858
7551875072.0,-0.23550155758857727
7552812544.0,-0.26457101106643677
7553750016.0,-0.29136571288108826
7554687488.0,-0.3149654269218445
7555624960.0,-0.3347914218902588
7556562432.0,-0.3533136546611786
7557499904.0,-0.36952269077301025
7558437376.0,-0.3841148018836975
7559374848.0,-0.39799758791923523
7560312320.0,-0.4118017852306366
7561249792.0,-0.42542463541030884
7562187264.0,-0.43680185079574585
7563125248.0,-0.45002150535583496
7564062720.0,-0.4566575288772583
7565000192.0,-0.4429977238178253
7565937664.0,-0.42581507563591003
7566875136.0,-0.40781477093696594
7567812608.0,-0.38572442531585693
7568750080.0,-0.36223629117012024
7569687552.0,-0.3363575339317322
7570625024.0,-0.31075888872146606
7571562496.0,-0.28428176045417786
7572499968.0,-0.25637081265449524
7573437440.0,-0.2283942848443985
7574374912.0,-0.19918836653232574
7575312384.0,-0.17260439693927765
7576249856.0,-0.14396683871746063
7577187328.0,-0.11815683543682098
7578124800.0,-0.09184586256742477
7579062272.0,-0.06728199124336243
7580000256.0,-0.044484611600637436
7580937728.0,-0.024407923221588135
7581875200.0,-0.004666614346206188
7582812672.0,0.012311556376516819
7583750144.0,0.027159443125128746
7584687616.0,0.04038294404745102
7585625088.0,0.05104959011077881
7586562560.0,0.058278024196624756
7587500032.0,0.06480173766613007
7588437504.0,0.06694808602333069
7589374976.0,0.06796328723430634
7590312448.0,0.0675671175122261
7591249920.0,0.06408615410327911
7592187392.0,0.057268060743808746
7593124864.0,0.051287826150655746
7594062336.0,0.04280603304505348
7594999808.0,0.03214511275291443
7595937280.0,0.02054881677031517
7596874752.0,0.006404503248631954
7597812736.0,-0.007884267717599869
7598750208.0,-0.024401633068919182
7599687680.0,-0.041057199239730835
7600625152.0,-0.058391861617565155
7601562624.0,-0.07670260965824127
7602500096.0,-0.09508940577507019
7603437568.0,-0.11165548861026764
7604375040.0,-0.129904106259346
7605312512.0,-0.14557690918445587
7606249984.0,-0.1629054844379425
7607187456.0,-0.1762026995420456
7608124928.0,-0.1913008987903595
7609062400.0,-0.204223170876503
7609999872.0,-0.21511881053447723
7610937344.0,-0.2259439080953598
7611874816.0,-0.23527094721794128
7612812288.0,-0.2435338944196701
7613749760.0,-0.2501845955848694
7614687744.0,-0.25616177916526794
7615625216.0,-0.26093918085098267
7616562688.0,-0.2643722891807556
7617500160.0,-0.26665911078453064
7618437632.0,-0.2686939239501953
7619375104.0,-0.27407944202423096
7620312576.0,-0.2779710590839386
7621250048.0,-0.2811587154865265
7622187520.0,-0.2848324775695801
7623124992.0,-0.28570929169654846
7624062464.0,-0.2840598523616791
7624999936.0,-0.28972941637039185
7625937408.0,-0.2937288284301758
7626874880.0,-0.2968093156814575
7627812352.0,-0.29572322964668274
7628749824.0,-0.2930939197540283
7629687296.0,-0.2891859710216522
7630624768.0,-0.2834929823875427
7631562752.0,-0.2769787311553955
7632500224.0,-0.26803240180015564
7633437696.0,-0.25682154297828674
7634375168.0,-0.24718695878982544
7635312640.0,-0.23583510518074036
7636250112.0,-0.22381600737571716
7637187584.0,-0.21201536059379578
7638125056.0,-0.19887782633304596
7639062528.0,-0.1862194538116455
7640000000.0,-0.17474503815174103
7640937472.0,-0.1626003384590149
7641874944.0,-0.15210191905498505
7642812416.0,-0.14226432144641876
7643749888.0,-0.13354308903217316
7644687360.0,-0.12831316888332367
7645624832.0,-0.12436902523040771
7646562304.0,-0.12172862142324448
7647499776.0,-0.11908257752656937
7648437248.0,-0.11961308121681213
7649375232.0,-0.11917286366224289
7650312704.0,-0.12126216292381287
7651250176.0,-0.12360560894012451
7652187648.0,-0.12691235542297363
7653125120.0,-0.13280527293682098
7654062592.0,-0.13843922317028046
7655000064.0,-0.14498208463191986
7655937536.0,-0.1517573446035385
7656875008.0,-0.15943486988544464
7657812480.0,-0.16702274978160858
7658749952.0,-0.17543873190879822
7659687424.0,-0.1840093433856964
7660624896.0,-0.1930532604455948
7661562368.0,-0.20108169317245483
7662499840.0,-0.2089131474494934
7663437312.0,-0.21704183518886566
7664374784.0,-0.22301283478736877
7665312256.0,-0.23124901950359344
7666250240.0,-0.2364819347858429
7667187712.0,-0.24196580052375793
7668125184.0,-0.24578140676021576
7669062656.0,-0.24959641695022583
7670000128.0,-0.24917149543762207
7670937600.0,-0.2500183880329132
7671875072.0,-0.24772560596466064
7672812544.0,-0.24500823020935059
7673750016.0,-0.24031515419483185
7674687488.0,-0.235521137714386
7675624960.0,-0.2284332811832428
7676562432.0,-0.22270910441875458
7677499904.0,-0.2134392261505127
7678437376.0,-0.20607753098011017
7679374848.0,-0.19592460989952087
7680312320.0,-0.18651308119297028
7681249792.0,-0.17821626365184784
7682187264.0,-0.1671823412179947
7683125248.0,-0.15660665929317474
7684062720.0,0.07611651718616486
7685000192.0,0.08950242400169373
7685937664.0,0.10071858763694763
7686875136.0,0.11013910174369812
7687812608.0,0.11660262942314148
7688750080.0,0.1205938309431076
7689687552.0,0.12277230620384216
7690625024.0,0.12142851203680038
7691562496.0,0.11740630865097046
7692499968.0,0.1115105152130127
7693437440.0,0.1011258065700531
7694374912.0,0.08911111950874329
7695312384.0,0.07441794872283936
7696249856.0,0.05741315707564354
7697187328.0,0.03861570730805397
7698124800.0,0.019068479537963867
7699062272.0,-0.003503553569316864
7699999744.0,-0.02764258161187172
7700937728.0,-0.05113798379898071
7701875200.0,-0.07520876079797745
7702812672.0,-0.09988591820001602
7703750144.0,-0.12332568317651749
7704687616.0,-0.14733318984508514
7705625088.0,-0.16967658698558807
7706562560.0,-0.19211238622665405
7707500032.0,-0.2112451046705246
7708437504.0,-0.22929711639881134
7709374976.0,-0.24713285267353058
7710312448.0,-0.26074376702308655
7711249920.0,-0.2747093737125397
7712187392.0,-0.2862033545970917
7713124864.0,-0.2966664433479309
7714062336.0,-0.3041580319404602
7714999808.0,-0.3092817962169647
7715937280.0,-0.3146147131919861
7716874752.0,-0.31749480962753296
7717812736.0,-0.31791070103645325
7718750208.0,-0.3188156187534332
7719687680.0,-0.31689098477363586
7720625152.0,-0.3124047517776489
7721562624.0,-0.3079312741756439
7722500096.0,-0.30275264382362366
7723437568.0,-0.2955768406391144
7724375040.0,-0.2891797125339508
7725312512.0,-0.28327518701553345
7726249984.0,-0.27423372864723206
7727187456.0,-0.26651495695114136
7728124928.0,-0.25847601890563965
7729062400.0,-0.25061044096946716
7729999872.0,-0.2423066943883896
7730937344.0,-0.23616382479667664
7731874816.0,-0.2282109260559082
7732812288.0,-0.22322720289230347
7733749760.0,-0.2174992710351944
7734687744.0,-0.2128833532333374
7735625216.0,-0.20940442383289337
7736562688.0,-0.20646630227565765
7737500160.0,-0.20519232749938965
7738437632.0,-0.20324300229549408
7739375104.0,-0.20193181931972504
7740312576.0,-0.20341986417770386
7741250048.0,-0.20494887232780457
7742187520.0,-0.20826531946659088
7743124992.0,-0.21050861477851868
7744062464.0,-0.19401079416275024
7744999936.0,-0.15856437385082245
7745937408.0,-0.11982578039169312
7746874880.0,-0.07921627908945084
7747812352.0,-0.039103876799345016
7748749824.0,-0.0008731803391128778
7749687296.0,0.03640167787671089
7750624768.0,0.07069750875234604
7751562752.0,0.10292697697877884
7752500224.0,0.13136665523052216
7753437696.0,0.15843622386455536
7754375168.0,0.17941512167453766
7755312640.0,0.19877402484416962
7756250112.0,0.21362866461277008
7757187584.0,0.22586268186569214
7758125056.0,0.23287785053253174
7759062528.0,0.2376924455165863
7760000000.0,0.23939332365989685
7760937472.0,0.23697349429130554
7761874944.0,0.23155577480793
7762812416.0,0.22569049894809723
7763749888.0,0.2145746499300003
7764687360.0,0.20261269807815552
7765624832.0,0.18914717435836792
7766562304.0,0.17276468873023987
7767499776.0,0.15529586374759674
7768437248.0,0.13699619472026825
7769375232.0,0.1175324022769928
7770312704.0,0.09575100988149643
7771250176.0,0.07584475725889206
7772187648.0,0.05654820799827576
7773125120.0,0.035665541887283325
7774062592.0,0.015307534486055374
7775000064.0,-0.0030024293810129166
7775937536.0,-0.023798799142241478
7776875008.0,-0.0436595119535923
7777812480.0,-0.062051352113485336
7778749952.0,-0.08028137683868408
7779687424.0,-0.09768518060445786
7780624896.0,-0.11418195813894272
7781562368.0,-0.13035641610622406
7782499840.0,-0.1459217369556427
7783437312.0,-0.15793874859809875
7784374784.0,-0.17069977521896362
7785312256.0,-0.18275639414787292
7786250240.0,-0.19275985658168793
7787187712.0,-0.2047051638364792
7788125184.0,-0.21304945647716522
7789062656.0,-0.22142350673675537
7790000128.0,-0.22923727333545685
7790937600.0,-0.23559825122356415
7791875072.0,-0.24164487421512604
7792812544.0,-0.2482144981622696
7793750016.0,-0.2548046410083771
7794687488.0,-0.2593202590942383
7795624960.0,-0.2639767825603485
7796562432.0,-0.2695956826210022
7797499904.0,-0.2766154408454895
7798437376.0,-0.28323379158973694
7799374848.0,-0.2877470552921295
7800312320.0,-0.2916346788406372
7801249792.0,-0.29455482959747314
7802187264.0,-0.29460519552230835
7803125248.0,-0.2940332591533661
7804062720.0,-0.277042418718338
7805000192.0,-0.2682560682296753
7805937664.0,-0.25787925720214844
7806875136.0,-0.24776257574558258
7807812608.0,-0.23517894744873047
7808750080.0,-0.22300781309604645
7809687552.0,-0.2096547931432724
7810625024.0,-0.19428569078445435
7811562496.0,-0.1787402182817459
7812499968.0,-0.16350898146629333
7813437440.0,-0.14688734710216522
7814374912.0,-0.13109807670116425
7815312384.0,-0.11430118978023529
7816249856.0,-0.09740076214075089
7817187328.0,-0.08063465356826782
7818124800.0,-0.06495583057403564
7819062272.0,-0.04765068739652634
7820000256.0,-0.03169851005077362
7820937728.0,-0.01634383574128151
7821875200.0,-0.00046410152572207153
7822812672.0,0.009591414593160152
7823750144.0,0.02058129385113716
7824687616.0,0.030567612498998642
7825625088.0,0.039473652839660645
7826562560.0,0.04732997715473175
7827500032.0,0.05608363077044487
7828437504.0,0.06317925453186035
7829374976.0,0.0691685751080513
7830312448.0,0.07476335763931274
7831249920.0,0.0797637328505516
7832187392.0,0.08270774036645889
7833124864.0,0.08626099675893784
7834062336.0,0.08884505182504654
7834999808.0,0.09158521145582199
7835937280.0,0.09362770617008209
7836874752.0,0.09464161098003387
7837812736.0,0.09629984200000763
7838750208.0,0.09746768325567245
7839687680.0,0.0985947921872139
7840625152.0,0.09943504631519318
7841562624.0,0.09922883659601212
7842500096.0,0.09913493692874908
7843437568.0,0.0987454280257225
7844375040.0,0.09746509790420532
7845312512.0,0.0959705114364624
7846249984.0,0.09483311325311661
7847187456.0,0.0926467552781105
7848124928.0,0.09012444317340851
7849062400.0,0.08425778150558472
7849999872.0,0.0797385573387146
7850937344.0,0.07390013337135315
7851874816.0,0.0687573030591011
7852812288.0,0.06353883445262909
7853749760.0,0.056080617010593414
7854687744.0,0.04940264672040939
7855625216.0,0.0404670424759388
7856562688.0,0.032692212611436844
7857500160.0,0.023340299725532532
7858437632.0,0.014460571110248566
7859375104.0,0.004233396612107754
7860312576.0,-0.007123587653040886
7861250048.0,-0.018170896917581558
7862187520.0,-0.02960267849266529
7863124992.0,-0.040589701384305954
7864062464.0,0.05639110133051872
7864999936.0,0.0463801808655262
7865937408.0,0.03690493851900101
7866874880.0,0.030127815902233124
7867812352.0,0.022025760263204575
7868749824.0,0.015686288475990295
7869687296.0,0.009336034767329693
7870624768.0,0.0037485279608517885
7871562752.0,-0.0009287071297876537
7872500224.0,-0.004234275780618191
7873437696.0,-0.01135304756462574
7874375168.0,-0.017479972913861275
7875312640.0,-0.023878445848822594
7876250112.0,-0.03118818625807762
7877187584.0,-0.037930697202682495
7878125056.0,-0.04511555656790733
7879062528.0,-0.053043562918901443
7880000000.0,-0.06172139197587967
7880937472.0,-0.07268740236759186
7881874944.0,-0.08438923954963684
7882812416.0,-0.09732390940189362
7883749888.0,-0.11228206008672714
7884687360.0,-0.12730227410793304
7885624832.0,-0.14521268010139465
7886562304.0,-0.16412214934825897
7887499776.0,-0.18545569479465485
7888437248.0,-0.20750030875205994
7889375232.0,-0.23001204431056976
7890312704.0,-0.25492653250694275
7891250176.0,-0.27905040979385376
7892187648.0,-0.3044874668121338
7893125120.0,-0.3298242688179016
7894062592.0,-0.3542831242084503
7895000064.0,-0.37814468145370483
7895937536.0,-0.4014628529548645
7896875008.0,-0.4246065020561218
7897812480.0,-0.4438064694404602
7898749952.0,-0.46224653720855713
7899687424.0,-0.47767195105552673
7900624896.0,-0.4894613027572632
7901562368.0,-0.49953997135162354
7902499840.0,-0.5071718692779541
7903437312.0,-0.5110313892364502
7904374784.0,-0.5141908526420593
7905312256.0,-0.5129625797271729
7906250240.0,-0.5077750086784363
7907187712.0,-0.5014619827270508
7908125184.0,-0.4925655722618103
7909062656.0,-0.4790739119052887
7910000128.0,-0.46298450231552124
7910937600.0,-0.44550925493240356
7911875072.0,-0.4244763255119324
7912812544.0,-0.4015364646911621
7913750016.0,-0.37741953134536743
7914687488.0,-0.35046064853668213
7915624960.0,-0.3228892385959625
7916562432.0,-0.29402956366539
7917499904.0,-0.26341256499290466
7918437376.0,-0.23294004797935486
7919374848.0,-0.2020396739244461
7920312320.0,-0.171500563621521
7921249792.0,-0.14085598289966583
7922187264.0,-0.11078362911939621
7923125248.0,-0.08206641674041748
7924062720.0,0.06719569116830826
7925000192.0,0.08924054354429245
7925937664.0,0.10857314616441727
7926875136.0,0.12485723197460175
7927812608.0,0.14034123718738556
7928750080.0,0.1540520340204239
7929687552.0,0.16305792331695557
7930625024.0,0.1709018498659134
7931562496.0,0.17583240568637848
7932499968.0,0.17910966277122498
7933437440.0,0.17874541878700256
7934374912.0,0.17788730561733246
7935312384.0,0.17409320175647736
7936249856.0,0.16787782311439514
7937187328.0,0.15974728763103485
7938124800.0,0.15031681954860687
7939062272.0,0.13831554353237152
7939999744.0,0.12477706372737885
7940937728.0,0.11090946197509766
7941875200.0,0.09473340958356857
7942812672.0,0.07747470587491989
7943750144.0,0.057864267379045486
7944687616.0,0.03840521350502968
7945625088.0,0.018385201692581177
7946562560.0,-0.004254064057022333
7947500032.0,-0.0252702534198761
7948437504.0,-0.04951859638094902
7949374976.0,-0.06999684125185013
7950312448.0,-0.09092679619789124
7951249920.0,-0.11242220550775528
7952187392.0,-0.1347675621509552
7953124864.0,-0.15671572089195251
7954062336.0,-0.1787308305501938
7954999808.0,-0.2006785273551941
7955937280.0,-0.22193579375743866
7956874752.0,-0.2430194616317749
7957812736.0,-0.26593920588493347
7958750208.0,-0.2888144552707672
7959687680.0,-0.3085068166255951
7960625152.0,-0.3303975760936737
7961562624.0,-0.35149163007736206
7962500096.0,-0.3702460825443268
7963437568.0,-0.38980913162231445
7964375040.0,-0.4074029326438904
7965312512.0,-0.42538654804229736
7966249984.0,-0.4403573274612427
7967187456.0,-0.45478320121765137
7968124928.0,-0.468689888715744
7969062400.0,-0.4805798828601837
7969999872.0,-0.49123090505599976
7970937344.0,-0.5002921223640442
7971874816.0,-0.5062333345413208
7972812288.0,-0.5121381282806396
7973749760.0,-0.5156459808349609
7974687744.0,-0.5158606171607971
7975625216.0,-0.515418529510498
7976562688.0,-0.5126897096633911
7977500160.0,-0.507053554058075
7978437632.0,-0.4991190731525421
7979375104.0,-0.4896993935108185
7980312576.0,-0.47656670212745667
7981250048.0,-0.46335163712501526
7982187520.0,-0.44785454869270325
7983124992.0,-0.42946505546569824
7984062464.0,-0.40568801760673523
7984999936.0,-0.391535222530365
7985937408.0,-0.3743775486946106
7986874880.0,-0.35803571343421936
7987812352.0,-0.3397463858127594
7988749824.0,-0.32168135046958923
7989687296.0,-0.30271273851394653
7990624768.0,-0.2823505103588104
7991562752.0,-0.261427640914917
7992500224.0,-0.24050994217395782
7993437696.0,-0.2200206220149994
7994375168.0,-0.19822187721729279
7995312640.0,-0.177603617310524
7996250112.0,-0.1574287861585617
7997187584.0,-0.13750065863132477
7998125056.0,-0.11729488521814346
7999062528.0,-0.09863616526126862
8000000000.0,-0.08051751554012299
