Frequency (Hz),Measurement
2000000000.0,0.13390861451625824
2000937472.0,0.12732957303524017
2001874944.0,0.12320538610219955
2002812544.0,0.11965001374483109
2003750016.0,0.11570755392313004
2004687488.0,0.11154751479625702
2005624960.0,0.1069047823548317
2006562560.0,0.1028212308883667
2007500032.0,0.09739675372838974
2008437504.0,0.09245074540376663
2009374976.0,0.08707462251186371
2010312448.0,0.08204406499862671
2011250048.0,0.0763036236166954
2012187520.0,0.07020138204097748
2013124992.0,0.06467663496732712
2014062464.0,0.05898206681013107
2015000064.0,0.053577784448862076
2015937536.0,0.04763931408524513
2016875008.0,0.04197424277663231
2017812480.0,0.036546770483255386
2018749952.0,0.032116733491420746
2019687552.0,0.02698611095547676
2020625024.0,0.02296406775712967
2021562496.0,0.018575523048639297
2022499968.0,0.015361674129962921
2023437440.0,0.011646229773759842
2024375040.0,0.010115178301930428
2025312512.0,0.008552448824048042
2026249984.0,0.007773017510771751
2027187456.0,0.007967797107994556
2028125056.0,0.008377221412956715
2029062528.0,0.00977406371384859
2030000000.0,0.011845036409795284
2030937472.0,0.014859810471534729
2031874944.0,0.018522959202528
2032812544.0,0.02354981191456318
2033750016.0,0.029188480228185654
2034687488.0,0.03480720520019531
2035624960.0,0.04065831005573273
2036562560.0,0.047535452991724014
2037500032.0,0.055726293474435806
2038437504.0,0.063308484852314
2039374976.0,0.07109227031469345
2040312448.0,0.07956808060407639
2041250048.0,0.08778239041566849
2042187520.0,0.09496080130338669
2043124992.0,0.10423891246318817
2044062464.0,0.11114375293254852
2044999936.0,0.11722370237112045
2045937536.0,0.12368962168693542
2046875008.0,0.12737415730953217
2047812480.0,0.1323915272951126
2048749952.0,0.14164529740810394
2049687552.0,0.13694564998149872
2050625024.0,0.13201482594013214
2051562496.0,0.12569551169872284
2052499968.0,0.11982414871454239
2053437440.0,0.11235978454351425
2054375040.0,0.10503621399402618
2055312512.0,0.09763813018798828
2056249984.0,0.08999328315258026
2057187456.0,0.08266551792621613
2058125056.0,0.07529076933860779
2059062528.0,0.06840308010578156
2060000000.0,0.060960445553064346
2060937472.0,0.05356503278017044
2061874944.0,0.0471947081387043
2062812544.0,0.04073189198970795
2063750016.0,0.03513726219534874
2064687488.0,0.029155796393752098
2065624960.0,0.023902015760540962
2066562560.0,0.019437694922089577
2067500032.0,0.01466988306492567
2068437504.0,0.010723045095801353
2069374976.0,0.006910276133567095
2070312448.0,0.00426474679261446
2071250048.0,9.672267333371565e-05
2072187520.0,-0.002675351221114397
2073124992.0,-0.005364636424928904
2074062464.0,-0.007531783543527126
2075000064.0,-0.009958691895008087
2075937536.0,-0.010329483076930046
2076875008.0,-0.012128901667892933
2077812480.0,-0.012439844198524952
2078749952.0,-0.013587474822998047
2079687552.0,-0.013280916959047318
2080625024.0,-0.012653009034693241
2081562496.0,-0.011522251181304455
2082499968.0,-0.010500666685402393
2083437440.0,-0.008139526471495628
2084375040.0,-0.005900184623897076
2085312512.0,-0.0033243857324123383
2086249984.0,0.0005367185804061592
2087187456.0,0.004580534528940916
2088125056.0,0.008303312584757805
2089062528.0,0.013616212643682957
2090000000.0,0.019297286868095398
2090937472.0,0.025982240214943886
2091874944.0,0.03260780870914459
2092812544.0,0.040304429829120636
2093750016.0,0.048393744975328445
2094687488.0,0.05721696466207504
2095624960.0,0.06659425050020218
2096562560.0,0.07637233287096024
2097500032.0,0.08668459206819534
2098437504.0,0.09809278696775436
2099374976.0,0.10988686233758926
2100312448.0,0.12170243263244629
2101250048.0,0.13424253463745117
2102187520.0,0.1481032520532608
2103124992.0,0.16042746603488922
2104062464.0,0.17482206225395203
2104999936.0,0.18796345591545105
2105937536.0,0.2023487240076065
2106875008.0,0.21550393104553223
2107812480.0,0.22888962924480438
2108749952.0,0.2675112783908844
2109687552.0,0.2756340205669403
2110625024.0,0.28386375308036804
2111562496.0,0.2914709150791168
2112499968.0,0.2975524067878723
2113437440.0,0.30266010761260986
2114375040.0,0.30594274401664734
2115312512.0,0.30632346868515015
2116249984.0,0.3051224946975708
2117187456.0,0.30252984166145325
2118125056.0,0.296174019575119
2119062528.0,0.2875889241695404
2120000000.0,0.2750212252140045
2120937472.0,0.2595268487930298
2121874944.0,0.24120508134365082
2122812544.0,0.22084690630435944
2123750016.0,0.19722047448158264
2124687488.0,0.17247381806373596
2125624960.0,0.146803617477417
2126562560.0,0.12104807794094086
2127500032.0,0.09343499690294266
2128437504.0,0.0657595545053482
2129374976.0,0.0391807034611702
2130312448.0,0.012556955218315125
2131250048.0,-0.011163974180817604
2132187520.0,-0.03491055220365524
2133124992.0,-0.05559958890080452
2134062464.0,-0.07286163419485092
2135000064.0,-0.08877909183502197
2135937536.0,-0.10162045061588287
2136875008.0,-0.11149045079946518
2137812480.0,-0.11879581958055496
2138749952.0,-0.12289833277463913
2139687552.0,-0.12435029447078705
2140625024.0,-0.12354087084531784
2141562496.0,-0.11929718405008316
2142499968.0,-0.11279498785734177
2143437440.0,-0.10458351671695709
2144375040.0,-0.09501676261425018
2145312512.0,-0.08426018804311752
2146249984.0,-0.07192589342594147
2147187456.0,-0.05812697112560272
2148124928.0,-0.043738797307014465
2149062400.0,-0.029002316296100616
2150000128.0,-0.01526274997740984
2150937600.0,0.0006196016329340637
2151875072.0,0.014326706528663635
2152812544.0,0.02747069112956524
2153750016.0,0.041523538529872894
2154687488.0,0.05347457900643349
2155624960.0,0.06564036756753922
2156562432.0,0.07744701206684113
2157499904.0,0.08816070854663849
2158437376.0,0.09842105954885483
2159375104.0,0.10838095843791962
2160312576.0,0.11777623742818832
2161250048.0,0.12744863331317902
2162187520.0,0.136549174785614
2163124992.0,0.14560487866401672
2164062464.0,0.1541902720928192
2164999936.0,0.16347050666809082
2165937408.0,0.1714095175266266
2166874880.0,0.18056851625442505
2167812608.0,0.18965323269367218
2168750080.0,0.2150581032037735
2169687552.0,0.22687163949012756
2170625024.0,0.23800088465213776
2171562496.0,0.24987567961215973
2172499968.0,0.26048704981803894
2173437440.0,0.2707371711730957
2174374912.0,0.28028932213783264
2175312384.0,0.28871315717697144
2176250112.0,0.2957872748374939
2177187584.0,0.3013100326061249
2178125056.0,0.30550068616867065
2179062528.0,0.3076556921005249
2180000000.0,0.3092537522315979
2180937472.0,0.307071715593338
2181874944.0,0.30286896228790283
2182812416.0,0.29675939679145813
2183749888.0,0.2893248200416565
2184687616.0,0.27951622009277344
2185625088.0,0.26696494221687317
2186562560.0,0.25363388657569885
2187500032.0,0.23793324828147888
2188437504.0,0.22101661562919617
2189374976.0,0.202479287981987
2190312448.0,0.18241927027702332
2191249920.0,0.16222958266735077
2192187392.0,0.1407613307237625
2193125120.0,0.12013843655586243
2194062592.0,0.09847015142440796
2195000064.0,0.0775543600320816
2195937536.0,0.05671026185154915
2196875008.0,0.03818245232105255
2197812480.0,0.018811922520399094
2198749952.0,0.00336875906214118
2199687424.0,-0.013271761126816273
2200624896.0,-0.025906864553689957
2201562624.0,-0.03802479803562164
2202500096.0,-0.04713473469018936
2203437568.0,-0.05448472872376442
2204375040.0,-0.05958590283989906
2205312512.0,-0.06193036213517189
2206249984.0,-0.06235424429178238
2207187456.0,-0.06084195151925087
2208124928.0,-0.05621565878391266
2209062400.0,-0.05064458027482033
2209999872.0,-0.0424615703523159
2210937600.0,-0.03285985812544823
2211875072.0,-0.021038006991147995
2212812544.0,-0.009252435527741909
2213750016.0,0.006126910913735628
2214687488.0,0.021055281162261963
2215624960.0,0.03758324310183525
2216562432.0,0.05421578511595726
2217499904.0,0.07100124657154083
2218437376.0,0.08872349560260773
2219375104.0,0.10565550625324249
2220312576.0,0.12236819416284561
2221250048.0,0.1385776251554489
2222187520.0,0.1537664234638214
2223124992.0,0.16840951144695282
2224062464.0,0.18164291977882385
2224999936.0,0.1941647082567215
2225937408.0,0.20497289299964905
2226874880.0,0.21340321004390717
2227812608.0,0.22055017948150635
2228750080.0,0.1929381936788559
2229687552.0,0.1986251026391983
2230625024.0,0.20373360812664032
2231562496.0,0.20773442089557648
2232499968.0,0.2106073647737503
2233437440.0,0.2128428965806961
2234374912.0,0.2112225443124771
2235312384.0,0.20829841494560242
2236250112.0,0.2044895589351654
2237187584.0,0.19703754782676697
2238125056.0,0.18808352947235107
2239062528.0,0.17741362750530243
2240000000.0,0.16459041833877563
2240937472.0,0.14929385483264923
2241874944.0,0.1325637698173523
2242812416.0,0.11532173305749893
2243749888.0,0.09686286002397537
2244687616.0,0.07675430923700333
2245625088.0,0.05580122768878937
2246562560.0,0.035971749573946
2247500032.0,0.014913107268512249
2248437504.0,-0.005199664272367954
2249374976.0,-0.024281607940793037
2250312448.0,-0.04233096167445183
2251249920.0,-0.05959703028202057
2252187392.0,-0.07495369017124176
2253125120.0,-0.08783164620399475
2254062592.0,-0.09897857159376144
2255000064.0,-0.10836511105298996
2255937536.0,-0.11438877880573273
2256875008.0,-0.1180856004357338
2257812480.0,-0.12013628333806992
2258749952.0,-0.11941148340702057
2259687424.0,-0.11559294164180756
2260624896.0,-0.11054976284503937
2261562624.0,-0.10216464847326279
2262500096.0,-0.09316803514957428
2263437568.0,-0.08145700395107269
2264375040.0,-0.06836353987455368
2265312512.0,-0.054891400039196014
2266249984.0,-0.03927311301231384
2267187456.0,-0.023681258782744408
2268124928.0,-0.006761467549949884
2269062400.0,0.009816931560635567
2270000128.0,0.02788597345352173
2270937600.0,0.04625856503844261
2271875072.0,0.06217728182673454
2272812544.0,0.07997473329305649
2273750016.0,0.09584835171699524
2274687488.0,0.11090375483036041
2275624960.0,0.12606485188007355
2276562432.0,0.14100675284862518
2277499904.0,0.15451590716838837
2278437376.0,0.16664525866508484
2279375104.0,0.17846842110157013
2280312576.0,0.18869198858737946
2281250048.0,0.19856344163417816
2282187520.0,0.20704880356788635
2283124992.0,0.21406035125255585
2284062464.0,0.2206517606973648
2284999936.0,0.22687532007694244
2285937408.0,0.23181435465812683
2286874880.0,0.236811563372612
2287812608.0,0.24013860523700714
2288750080.0,0.25180914998054504
2289687552.0,0.25981271266937256
2290625024.0,0.2675257921218872
2291562496.0,0.274842768907547
2292499968.0,0.28249213099479675
2293437440.0,0.2893640995025635
2294374912.0,0.2959469258785248
2295312384.0,0.301302045583725
2296250112.0,0.3059642016887665
2297187584.0,0.3091290593147278
2298125056.0,0.3115657866001129
2299062528.0,0.31128615140914917
2300000000.0,0.30912482738494873
2300937472.0,0.305560827255249
2301874944.0,0.29987093806266785
2302812416.0,0.29159632325172424
2303749888.0,0.27979645133018494
2304687616.0,0.2659771740436554
2305625088.0,0.2490655481815338
2306562560.0,0.2307274043560028
2307500032.0,0.20930688083171844
2308437504.0,0.18584893643856049
2309374976.0,0.1605004370212555
2310312448.0,0.13337589800357819
2311249920.0,0.10568192601203918
2312187392.0,0.07630831748247147
2313125120.0,0.046893928200006485
2314062592.0,0.018835196271538734
2315000064.0,-0.01051645539700985
2315937536.0,-0.03790940344333649
2316875008.0,-0.06327958405017853
2317812480.0,-0.0859527662396431
2318749952.0,-0.107683926820755
2319687424.0,-0.12802547216415405
2320624896.0,-0.14531175792217255
2321562624.0,-0.1587817519903183
2322500096.0,-0.17222197353839874
2323437568.0,-0.18241135776042938
2324375040.0,-0.1895100474357605
2325312512.0,-0.19574911892414093
2326249984.0,-0.19933588802814484
2327187456.0,-0.20072314143180847
2328124928.0,-0.20026354491710663
2329062400.0,-0.19858984649181366
2329999872.0,-0.19510714709758759
2330937600.0,-0.1906249076128006
2331875072.0,-0.1834488809108734
2332812544.0,-0.17626874148845673
2333750016.0,-0.16631117463111877
2334687488.0,-0.15497079491615295
2335624960.0,-0.14254111051559448
2336562432.0,-0.12858450412750244
2337499904.0,-0.11204244941473007
2338437376.0,-0.09463992714881897
2339375104.0,-0.07511777430772781
2340312576.0,-0.0539829358458519
2341250048.0,-0.031271547079086304
2342187520.0,-0.008777090348303318
2343124992.0,0.01597842015326023
2344062464.0,0.042057063430547714
2344999936.0,0.06763096153736115
2345937408.0,0.0940174013376236
2346874880.0,0.12039079517126083
2347812608.0,0.14651723206043243
2348750080.0,0.20347654819488525
2349687552.0,0.2190174162387848
2350625024.0,0.23102910816669464
2351562496.0,0.2402186095714569
2352499968.0,0.24633200466632843
2353437440.0,0.24854367971420288
2354374912.0,0.2478296309709549
2355312384.0,0.24319466948509216
2356250112.0,0.23486831784248352
2357187584.0,0.22363169491291046
2358125056.0,0.20956426858901978
2359062528.0,0.19175252318382263
2360000000.0,0.17199744284152985
2360937472.0,0.14888733625411987
2361874944.0,0.12367378175258636
2362812416.0,0.09633711725473404
2363749888.0,0.06794866919517517
2364687616.0,0.03981245681643486
2365625088.0,0.010081415995955467
2366562560.0,-0.02016736939549446
2367500032.0,-0.050516244024038315
2368437504.0,-0.07907596975564957
2369374976.0,-0.10746824741363525
2370312448.0,-0.13388484716415405
2371249920.0,-0.1587153524160385
2372187392.0,-0.181959331035614
2373125120.0,-0.2029183804988861
2374062592.0,-0.22188764810562134
2375000064.0,-0.23767587542533875
2375937536.0,-0.25039389729499817
2376875008.0,-0.26048052310943604
2377812480.0,-0.26788783073425293
2378749952.0,-0.2726791799068451
2379687424.0,-0.27423685789108276
2380624896.0,-0.27446478605270386
2381562624.0,-0.2704105079174042
2382500096.0,-0.2649572491645813
2383437568.0,-0.2565651834011078
2384375040.0,-0.24567709863185883
2385312512.0,-0.23261281847953796
2386249984.0,-0.21860645711421967
2387187456.0,-0.2027556300163269
2388124928.0,-0.1853121966123581
2389062400.0,-0.16829361021518707
2390000128.0,-0.15025021135807037
2390937600.0,-0.13205668330192566
2391875072.0,-0.1138872280716896
2392812544.0,-0.09576313942670822
2393750016.0,-0.0786665752530098
2394687488.0,-0.0626671090722084
2395624960.0,-0.0468270406126976
2396562432.0,-0.0326700396835804
2397499904.0,-0.019402017816901207
2398437376.0,-0.007833560928702354
2399375104.0,0.002448135055601597
2400312576.0,0.010451397858560085
2401250048.0,0.018959052860736847
2402187520.0,0.02454211376607418
2403124992.0,0.02825821191072464
2404062464.0,0.03162197023630142
2404999936.0,0.03265830874443054
2405937408.0,0.033963099122047424
2406874880.0,0.03311587870121002
2407812608.0,0.031148552894592285
2408750080.0,0.02571830153465271
2409687552.0,0.03251828998327255
2410625024.0,0.03581216558814049
2411562496.0,0.03772372007369995
2412499968.0,0.03741081431508064
2413437440.0,0.034108929336071014
2414374912.0,0.02799597755074501
2415312384.0,0.01973532699048519
2416250112.0,0.009914758615195751
2417187584.0,-0.001714404672384262
2418125056.0,-0.01530799362808466
2419062528.0,-0.03162368759512901
2420000000.0,-0.04881051927804947
2420937472.0,-0.06696515530347824
2421874944.0,-0.08750566095113754
2422812416.0,-0.10906179249286652
2423749888.0,-0.12983167171478271
2424687616.0,-0.15120668709278107
2425625088.0,-0.17352858185768127
2426562560.0,-0.19669325649738312
2427500032.0,-0.2185293734073639
2428437504.0,-0.24013949930667877
2429374976.0,-0.26228731870651245
2430312448.0,-0.28300946950912476
2431249920.0,-0.30370303988456726
2432187392.0,-0.3232802152633667
2433125120.0,-0.341136634349823
2434062592.0,-0.35757482051849365
2435000064.0,-0.37293994426727295
2435937536.0,-0.3865070939064026
2436875008.0,-0.3991835117340088
2437812480.0,-0.4098145365715027
2438749952.0,-0.41969794034957886
2439687424.0,-0.4275350272655487
2440624896.0,-0.43356963992118835
2441562624.0,-0.43928468227386475
2442500096.0,-0.44328558444976807
2443437568.0,-0.44512704014778137
2444375040.0,-0.44546499848365784
2445312512.0,-0.44497746229171753
2446249984.0,-0.44323787093162537
2447187456.0,-0.43996596336364746
2448124928.0,-0.43691501021385193
2449062400.0,-0.43288329243659973
2449999872.0,-0.42774632573127747
2450937600.0,-0.42264890670776367
2451875072.0,-0.41685187816619873
2452812544.0,-0.4122109115123749
2453750016.0,-0.4048331379890442
2454687488.0,-0.39894285798072815
2455624960.0,-0.3929022550582886
2456562432.0,-0.3872847557067871
2457499904.0,-0.38147008419036865
2458437376.0,-0.37562820315361023
2459375104.0,-0.37043657898902893
2460312576.0,-0.3659196197986603
2461250048.0,-0.36313700675964355
2462187520.0,-0.3613581955432892
2463124992.0,-0.3611784875392914
2464062464.0,-0.36306312680244446
2464999936.0,-0.3658027648925781
2465937408.0,-0.3699796795845032
2466874880.0,-0.3765300512313843
2467812608.0,-0.3866705894470215
2468750080.0,-0.4722001850605011
2469687552.0,-0.49451330304145813
2470625024.0,-0.518068790435791
2471562496.0,-0.543383777141571
2472499968.0,-0.5731982588768005
2473437440.0,-0.6055575013160706
2474374912.0,-0.6408511400222778
2475312384.0,-0.6800429821014404
2476250112.0,-0.7216343283653259
2477187584.0,-0.7666744589805603
2478125056.0,-0.8141434788703918
2479062528.0,-0.8665953278541565
2480000000.0,-0.9204122424125671
2480937472.0,-0.9786665439605713
2481874944.0,-1.0402450561523438
2482812416.0,-1.105019211769104
2483749888.0,-1.1737662553787231
2484687616.0,-1.2454551458358765
2485625088.0,-1.3216302394866943
2486562560.0,-1.3999733924865723
2487500032.0,-1.4823776483535767
2488437504.0,-1.567670226097107
2489374976.0,-1.6568858623504639
2490312448.0,-1.7499754428863525
2491249920.0,-1.848430871963501
2492187392.0,-1.9506949186325073
2493125120.0,-2.058070659637451
2494062592.0,-2.17122483253479
2495000064.0,-2.289707660675049
2495937536.0,-2.4138472080230713
2496875008.0,-2.5450453758239746
2497812480.0,-2.682191848754883
2498749952.0,-2.827019453048706
2499687424.0,-2.9795143604278564
2500624896.0,-3.1430442333221436
2501562624.0,-3.318222761154175
2502500096.0,-3.507599115371704
2503437568.0,-3.7132742404937744
2504375040.0,-3.9361350536346436
2505312512.0,-4.175353050231934
2506249984.0,-4.429734230041504
2507187456.0,-4.700745105743408
2508124928.0,-4.990988254547119
2509062400.0,-5.3028178215026855
2510000128.0,-5.632333278656006
2510937600.0,-5.9771037101745605
2511875072.0,-6.330323219299316
2512812544.0,-6.683034420013428
2513750016.0,-7.026183605194092
2514687488.0,-7.345687389373779
2515624960.0,-7.622727870941162
2516562432.0,-7.844688892364502
2517499904.0,-7.990689277648926
2518437376.0,-8.052699089050293
2519375104.0,-8.023483276367188
2520312576.0,-7.900202751159668
2521250048.0,-7.69234037399292
2522187520.0,-7.418601036071777
2523124992.0,-7.091825485229492
2524062464.0,-6.727956295013428
2524999936.0,-6.337941646575928
2525937408.0,-5.937546253204346
2526874880.0,-5.540804862976074
2527812608.0,-5.155631065368652
2528750080.0,-4.780679225921631
2529687552.0,-4.434391021728516
2530625024.0,-4.110295295715332
2531562496.0,-3.8070943355560303
2532499968.0,-3.524350643157959
2533437440.0,-3.2622523307800293
2534374912.0,-3.021343469619751
2535312384.0,-2.799462080001831
2536250112.0,-2.598381519317627
2537187584.0,-2.4133737087249756
2538125056.0,-2.2472221851348877
2539062528.0,-2.0955913066864014
2540000000.0,-1.9584094285964966
2540937472.0,-1.8341552019119263
2541874944.0,-1.7203500270843506
2542812416.0,-1.616422414779663
2543749888.0,-1.523237705230713
2544687616.0,-1.4383752346038818
2545625088.0,-1.3626692295074463
2546562560.0,-1.2951045036315918
2547500032.0,-1.233493685722351
2548437504.0,-1.1777912378311157
2549374976.0,-1.128117561340332
2550312448.0,-1.0833112001419067
2551249920.0,-1.0421271324157715
2552187392.0,-1.0062556266784668
2553125120.0,-0.9731338620185852
2554062592.0,-0.9434563517570496
2555000064.0,-0.9160293340682983
2555937536.0,-0.8914758563041687
2556875008.0,-0.8689900040626526
2557812480.0,-0.8468402028083801
2558749952.0,-0.8264749646186829
2559687424.0,-0.8062250018119812
2560624896.0,-0.7869573831558228
2561562624.0,-0.7690252065658569
2562500096.0,-0.7495905160903931
2563437568.0,-0.7306830286979675
2564375040.0,-0.7112625241279602
2565312512.0,-0.6908600330352783
2566249984.0,-0.6706317067146301
2567187456.0,-0.6490254402160645
2568124928.0,-0.6272521018981934
2569062400.0,-0.605038583278656
2569999872.0,-0.58041912317276
2570937600.0,-0.5549710392951965
2571875072.0,-0.5291815400123596
2572812544.0,-0.5031062960624695
2573750016.0,-0.47573620080947876
2574687488.0,-0.44844430685043335
2575624960.0,-0.4190789461135864
2576562432.0,-0.38871556520462036
2577499904.0,-0.35838356614112854
2578437376.0,-0.3284696042537689
2579375104.0,-0.2976676821708679
2580312576.0,-0.267324298620224
2581250048.0,-0.2371465563774109
2582187520.0,-0.20733360946178436
2583124992.0,-0.1787997931241989
2584062464.0,-0.150157168507576
2584999936.0,-0.12317415326833725
2585937408.0,-0.09720709919929504
2586874880.0,-0.07293663918972015
2587812608.0,-0.04989675059914589
2588750080.0,-0.02553815208375454
2589687552.0,-0.011991492472589016
2590625024.0,0.00046662034583278
2591562496.0,0.01072895061224699
2592499968.0,0.01921154372394085
2593437440.0,0.025284353643655777
2594374912.0,0.02996915392577648
2595312384.0,0.031952716410160065
2596250112.0,0.03196188434958458
2597187584.0,0.03075399622321129
2598125056.0,0.028215911239385605
2599062528.0,0.022382421419024467
2600000000.0,0.0160936638712883
2600937472.0,0.008197292685508728
2601874944.0,-0.0011937408708035946
2602812416.0,-0.011386715807020664
2603749888.0,-0.023312602192163467
2604687616.0,-0.035383690148591995
2605625088.0,-0.04798245429992676
2606562560.0,-0.06151151657104492
2607500032.0,-0.07558663189411163
2608437504.0,-0.08932698518037796
2609374976.0,-0.10365509986877441
2610312448.0,-0.11796888709068298
2611249920.0,-0.13097287714481354
2612187392.0,-0.14474162459373474
2613125120.0,-0.15767040848731995
2614062592.0,-0.16997355222702026
2615000064.0,-0.18048906326293945
2615937536.0,-0.19138211011886597
2616875008.0,-0.20114700496196747
2617812480.0,-0.2090533822774887
2618749952.0,-0.2159280627965927
2619687424.0,-0.22153529524803162
2620624896.0,-0.22606340050697327
2621562624.0,-0.2288712114095688
2622500096.0,-0.2302219718694687
2623437568.0,-0.23019324243068695
2624375040.0,-0.2290831357240677
2625312512.0,-0.2250799685716629
2626249984.0,-0.22011514008045197
2627187456.0,-0.21399059891700745
2628124928.0,-0.2053997665643692
2629062400.0,-0.19562046229839325
2630000128.0,-0.18494948744773865
2630937600.0,-0.1732015609741211
2631875072.0,-0.15986917912960052
2632812544.0,-0.14516553282737732
2633750016.0,-0.1293678879737854
2634687488.0,-0.11255137622356415
2635624960.0,-0.09471140056848526
2636562432.0,-0.07774686068296432
2637499904.0,-0.05901500582695007
2638437376.0,-0.04034043475985527
2639375104.0,-0.020578693598508835
2640312576.0,-0.002053014701232314
2641250048.0,0.017608821392059326
2642187520.0,0.03703399375081062
2643124992.0,0.05551402270793915
2644062464.0,0.07364077121019363
2644999936.0,0.09041920304298401
2645937408.0,0.10703988373279572
2646874880.0,0.12304053455591202
2647812608.0,0.14904534816741943
2648750080.0,0.16355173289775848
2649687552.0,0.17687751352787018
2650625024.0,0.18702459335327148
2651562496.0,0.19717705249786377
2652499968.0,0.2034168690443039
2653437440.0,0.20680055022239685
2654374912.0,0.2090848982334137
2655312384.0,0.20767566561698914
2656250112.0,0.20483309030532837
2657187584.0,0.19835703074932098
2658125056.0,0.189986452460289
2659062528.0,0.17994466423988342
2660000000.0,0.16709589958190918
2660937472.0,0.1533786803483963
2661874944.0,0.1370963603258133
2662812416.0,0.12003674358129501
2663749888.0,0.10078437626361847
2664687616.0,0.08199237287044525
2665625088.0,0.06180049851536751
2666562560.0,0.04091856628656387
2667500032.0,0.020495068281888962
2668437504.0,-0.00021444253798108548
2669374976.0,-0.021184077486395836
2670312448.0,-0.040677521377801895
2671249920.0,-0.0594589039683342
2672187392.0,-0.07784727960824966
2673125120.0,-0.09457755833864212
2674062592.0,-0.11024339497089386
2675000064.0,-0.12383882701396942
2675937536.0,-0.13629893958568573
2676875008.0,-0.14697681367397308
2677812480.0,-0.15590006113052368
2678749952.0,-0.16293524205684662
2679687424.0,-0.1677362024784088
2680624896.0,-0.16991786658763885
2681562624.0,-0.171404168009758
2682500096.0,-0.16970348358154297
2683437568.0,-0.16537480056285858
2684375040.0,-0.16063682734966278
2685312512.0,-0.15294796228408813
2686249984.0,-0.14392590522766113
2687187456.0,-0.13400503993034363
2688124928.0,-0.12147501856088638
2689062400.0,-0.10875783115625381
2689999872.0,-0.09368515014648438
2690937600.0,-0.0785062313079834
2691875072.0,-0.061788469552993774
2692812544.0,-0.04471995308995247
2693750016.0,-0.02692265249788761
2694687488.0,-0.009851028211414814
2695624960.0,0.008676488883793354
2696562432.0,0.02642204426229
2697499904.0,0.04426844045519829
2698437376.0,0.06089175492525101
2699375104.0,0.07826125621795654
2700312576.0,0.09392774850130081
2701250048.0,0.10941298305988312
2702187520.0,0.12248873710632324
2703124992.0,0.1370956301689148
2704062464.0,0.14808215200901031
2704999936.0,0.15913166105747223
2705937408.0,0.1697474867105484
2706874880.0,0.17782630026340485
2707812608.0,0.19694125652313232
2708750080.0,0.20189052820205688
2709687552.0,0.20553594827651978
2710625024.0,0.2085907906293869
2711562496.0,0.20921580493450165
2712499968.0,0.209425151348114
2713437440.0,0.20797768235206604
2714374912.0,0.20593373477458954
2715312384.0,0.20269539952278137
2716250112.0,0.19759131968021393
2717187584.0,0.19187043607234955
2718125056.0,0.1844424605369568
2719062528.0,0.17533648014068604
2720000000.0,0.1657276451587677
2720937472.0,0.15391503274440765
2721874944.0,0.14178001880645752
2722812416.0,0.12786948680877686
2723749888.0,0.11312449723482132
2724687616.0,0.09762550890445709
2725625088.0,0.08056323975324631
2726562560.0,0.06410262733697891
2727500032.0,0.044565025717020035
2728437504.0,0.026475174352526665
2729374976.0,0.008164082653820515
2730312448.0,-0.011314678005874157
2731249920.0,-0.031169727444648743
2732187392.0,-0.050941236317157745
2733125120.0,-0.06832913309335709
2734062592.0,-0.08685316145420074
2735000064.0,-0.10377303510904312
2735937536.0,-0.11944981664419174
2736875008.0,-0.13473954796791077
2737812480.0,-0.1484835147857666
2738749952.0,-0.16067849099636078
2739687424.0,-0.17036141455173492
2740624896.0,-0.17941731214523315
2741562624.0,-0.18518419563770294
2742500096.0,-0.18927711248397827
2743437568.0,-0.19130754470825195
2744375040.0,-0.19030998647212982
2745312512.0,-0.1877591758966446
2746249984.0,-0.1822047084569931
2747187456.0,-0.1758391559123993
2748124928.0,-0.1653364598751068
2749062400.0,-0.15346728265285492
2750000128.0,-0.13960705697536469
2750937600.0,-0.12454039603471756
2751875072.0,-0.10710475593805313
2752812544.0,-0.08845962584018707
2753750016.0,-0.0687936320900917
2754687488.0,-0.04764679819345474
2755624960.0,-0.026119880378246307
2756562432.0,-0.004042992368340492
2757499904.0,0.01850060559809208
2758437376.0,0.040170639753341675
2759375104.0,0.06173039600253105
2760312576.0,0.08248793333768845
2761250048.0,0.1027630865573883
2762187520.0,0.12153717875480652
2763124992.0,0.13898465037345886
2764062464.0,0.15454241633415222
2764999936.0,0.16928869485855103
2765937408.0,0.18147878348827362
2766874880.0,0.19117359817028046
2767812608.0,0.2336777299642563
2768750080.0,0.2365081012248993
2769687552.0,0.2378663420677185
2770625024.0,0.23892326653003693
2771562496.0,0.2368767410516739
2772499968.0,0.2341296672821045
2773437440.0,0.22932115197181702
2774374912.0,0.22316071391105652
2775312384.0,0.2152908891439438
2776250112.0,0.20780396461486816
2777187584.0,0.19788579642772675
2778125056.0,0.18611331284046173
2779062528.0,0.17435447871685028
2780000000.0,0.16195596754550934
2780937472.0,0.14824916422367096
2781874944.0,0.1345643848180771
2782812416.0,0.11984895169734955
2783749888.0,0.10475261509418488
2784687616.0,0.08967866003513336
2785625088.0,0.07365407049655914
2786562560.0,0.059093017131090164
2787500032.0,0.043752171099185944
2788437504.0,0.0289713516831398
2789374976.0,0.014693631790578365
2790312448.0,-0.0005410599987953901
2791249920.0,-0.013614761643111706
2792187392.0,-0.027550650760531425
2793125120.0,-0.03986453637480736
2794062592.0,-0.05149603635072708
2795000064.0,-0.062460992485284805
2795937536.0,-0.0715438574552536
2796875008.0,-0.08078129589557648
2797812480.0,-0.08807740360498428
2798749952.0,-0.09430071711540222
2799687424.0,-0.09884435683488846
2800624896.0,-0.10114431381225586
2801562624.0,-0.10480204224586487
2802500096.0,-0.10503533482551575
2803437568.0,-0.10351695120334625
2804375040.0,-0.10150359570980072
2805312512.0,-0.09702442586421967
2806249984.0,-0.09150689840316772
2807187456.0,-0.08533293008804321
2808124928.0,-0.07625851780176163
2809062400.0,-0.06586243212223053
2809999872.0,-0.055545441806316376
2810937600.0,-0.042393602430820465
2811875072.0,-0.02915104478597641
2812812544.0,-0.014083829708397388
2813750016.0,0.001448677503503859
2814687488.0,0.016843454912304878
2815624960.0,0.033959630876779556
2816562432.0,0.050041791051626205
2817499904.0,0.0684758648276329
2818437376.0,0.08592876046895981
2819375104.0,0.10332264006137848
2820312576.0,0.12031611800193787
2821250048.0,0.13648906350135803
2822187520.0,0.15320967137813568
2823124992.0,0.16829174757003784
2824062464.0,0.18273061513900757
2824999936.0,0.19515074789524078
2825937408.0,0.20730037987232208
2826874880.0,0.2164434939622879
2827812608.0,0.23121455311775208
2828750080.0,0.23649156093597412
2829687552.0,0.24025191366672516
2830625024.0,0.24188503623008728
2831562496.0,0.24095818400382996
2832499968.0,0.23870234191417694
2833437440.0,0.23384705185890198
2834374912.0,0.22844146192073822
2835312384.0,0.22067734599113464
2836250112.0,0.2109760046005249
2837187584.0,0.2001986801624298
2838125056.0,0.18819284439086914
2839062528.0,0.1739564836025238
2840000000.0,0.16007773578166962
2840937472.0,0.14426709711551666
2841874944.0,0.1276427060365677
2842812416.0,0.11110372841358185
2843749888.0,0.09319835156202316
2844687616.0,0.07548122853040695
2845625088.0,0.057102952152490616
2846562560.0,0.03905930742621422
2847500032.0,0.020905446261167526
2848437504.0,0.0032716779969632626
2849374976.0,-0.01356089860200882
2850312448.0,-0.02964705042541027
2851249920.0,-0.04530034214258194
2852187392.0,-0.05875660479068756
2853125120.0,-0.07302049547433853
2854062592.0,-0.0855397954583168
2855000064.0,-0.09528448432683945
2855937536.0,-0.10468818247318268
2856875008.0,-0.11296331882476807
2857812480.0,-0.11877702921628952
2858749952.0,-0.1226242259144783
2859687424.0,-0.12536045908927917
2860624896.0,-0.1268436759710312
2861562624.0,-0.12561959028244019
2862500096.0,-0.12284290045499802
2863437568.0,-0.1187976747751236
2864375040.0,-0.11328776180744171
2865312512.0,-0.10555168986320496
2866249984.0,-0.09595931321382523
2867187456.0,-0.0848168209195137
2868124928.0,-0.07206619530916214
2869062400.0,-0.05961761996150017
2870000128.0,-0.04516961798071861
2870937600.0,-0.02999246120452881
2871875072.0,-0.012868625111877918
2872812544.0,0.004285047296434641
2873750016.0,0.02087942697107792
2874687488.0,0.03949533402919769
2875624960.0,0.056843359023332596
2876562432.0,0.07365663349628448
2877499904.0,0.09194881469011307
2878437376.0,0.10937654972076416
2879375104.0,0.1259828358888626
2880312576.0,0.14168071746826172
2881250048.0,0.1569206863641739
2882187520.0,0.17154647409915924
2883124992.0,0.18498650193214417
2884062464.0,0.19806751608848572
2884999936.0,0.20889312028884888
2885937408.0,0.21826677024364471
2886874880.0,0.2275443971157074
2887812608.0,0.21122393012046814
2888750080.0,0.2165193110704422
2889687552.0,0.2187480926513672
2890625024.0,0.22142989933490753
2891562496.0,0.2232069969177246
2892499968.0,0.22317081689834595
2893437440.0,0.22204360365867615
2894374912.0,0.21978387236595154
2895312384.0,0.21617057919502258
2896250112.0,0.21045267581939697
2897187584.0,0.20420768857002258
2898125056.0,0.19471986591815948
2899062528.0,0.18575960397720337
2900000000.0,0.17390687763690948
2900937472.0,0.16182343661785126
2901874944.0,0.14749543368816376
2902812416.0,0.13285435736179352
2903749888.0,0.11693628877401352
2904687616.0,0.10053606331348419
2905625088.0,0.08349946141242981
2906562560.0,0.06501932442188263
2907500032.0,0.046955421566963196
2908437504.0,0.029917091131210327
2909374976.0,0.01191097404807806
2910312448.0,-0.004676469601690769
2911249920.0,-0.022001326084136963
2912187392.0,-0.03764694184064865
2913125120.0,-0.051602087914943695
2914062592.0,-0.06461205333471298
2915000064.0,-0.07679945975542068
2915937536.0,-0.08565570414066315
2916875008.0,-0.09302381426095963
2917812480.0,-0.09919174015522003
2918749952.0,-0.10309585183858871
2919687424.0,-0.10446705669164658
2920624896.0,-0.10422564297914505
2921562624.0,-0.10153142362833023
2922500096.0,-0.09644581377506256
2923437568.0,-0.08929011970758438
2924375040.0,-0.08091848343610764
2925312512.0,-0.06999154388904572
2926249984.0,-0.05750418081879616
2927187456.0,-0.042955607175827026
2928124928.0,-0.028786076232790947
2929062400.0,-0.012318804860115051
2929999872.0,0.0040998817421495914
2930937600.0,0.021578283980488777
2931875072.0,0.039826516062021255
2932812544.0,0.05694519355893135
2933750016.0,0.07462672889232635
2934687488.0,0.09217606484889984
2935624960.0,0.10792764276266098
2936562432.0,0.12397003918886185
2937499904.0,0.13791245222091675
2938437376.0,0.15085849165916443
2939375104.0,0.16442500054836273
2940312576.0,0.17519450187683105
2941250048.0,0.18568181991577148
2942187520.0,0.1929573118686676
2943124992.0,0.20025289058685303
2944062464.0,0.20541708171367645
2944999936.0,0.210226908326149
2945937408.0,0.21299684047698975
2946874880.0,0.21526852250099182
2947812608.0,0.1959686428308487
2948750080.0,0.19436250627040863
2949687552.0,0.1930762678384781
2950625024.0,0.1906954050064087
2951562496.0,0.1882864087820053
2952499968.0,0.18515655398368835
2953437440.0,0.18178920447826385
2954374912.0,0.17825140058994293
2955312384.0,0.17476145923137665
2956250112.0,0.17074546217918396
2957187584.0,0.16689227521419525
2958125056.0,0.16285930573940277
2959062528.0,0.15911442041397095
2960000000.0,0.15544669330120087
2960937472.0,0.14993023872375488
2961874944.0,0.14590904116630554
2962812416.0,0.14119134843349457
2963749888.0,0.1356482207775116
2964687616.0,0.1309138387441635
2965625088.0,0.12496277689933777
2966562560.0,0.11850634217262268
2967500032.0,0.1127219945192337
2968437504.0,0.10621779412031174
2969374976.0,0.09973222017288208
2970312448.0,0.09317771345376968
2971249920.0,0.08577097952365875
2972187392.0,0.07874369621276855
2973125120.0,0.071699358522892
2974062592.0,0.06409948319196701
2975000064.0,0.0576547309756279
2975937536.0,0.05012347921729088
2976875008.0,0.0430421307682991
2977812480.0,0.03661590814590454
2978749952.0,0.030633585527539253
2979687424.0,0.025439774617552757
2980624896.0,0.01935000531375408
2981562624.0,0.014301722869277
2982500096.0,0.010292473249137402
2983437568.0,0.007326596882194281
2984375040.0,0.003823901992291212
2985312512.0,0.0004765646590385586
2986249984.0,-0.0011347498511895537
2987187456.0,-0.0018673022277653217
2988124928.0,-0.002847564173862338
2989062400.0,-0.002728292951360345
2990000128.0,-0.002744466532021761
2990937600.0,-0.0017162750009447336
2991875072.0,-0.000797554268501699
2992812544.0,0.0010438535828143358
2993750016.0,0.003134072758257389
2994687488.0,0.004974152892827988
2995624960.0,0.006719715427607298
2996562432.0,0.009529702365398407
2997499904.0,0.011821686290204525
2998437376.0,0.014120328240096569
2999375104.0,0.015872817486524582
3000312576.0,0.020081693306565285
3001250048.0,0.02245499938726425
3002187520.0,0.02519254945218563
3003124992.0,0.02627481520175934
3004062464.0,0.027985887601971626
3004999936.0,0.029934756457805634
3005937408.0,0.03093704767525196
3006874880.0,0.032149381935596466
3007812608.0,0.1249561458826065
3008750080.0,0.12139351665973663
3009687552.0,0.11722981184720993
3010625024.0,0.11514677107334137
3011562496.0,0.1091388538479805
3012499968.0,0.10476556420326233
3013437440.0,0.10075312107801437
3014374912.0,0.09573496133089066
3015312384.0,0.08998780697584152
3016250112.0,0.08412884920835495
3017187584.0,0.07845623791217804
3018125056.0,0.07261441648006439
3019062528.0,0.06737108528614044
3020000000.0,0.06139258295297623
3020937472.0,0.05504067987203598
3021874944.0,0.04960134997963905
3022812416.0,0.04357375204563141
3023749888.0,0.037268511950969696
3024687616.0,0.03247122839093208
3025625088.0,0.025939729064702988
3026562560.0,0.019775843247771263
3027500032.0,0.01439802534878254
3028437504.0,0.008526839315891266
3029374976.0,0.0034754208754748106
3030312448.0,-0.0022816676646471024
3031249920.0,-0.008206410333514214
3032187392.0,-0.012865248136222363
3033125120.0,-0.01777483895421028
3034062592.0,-0.023003866896033287
3035000064.0,-0.02744208835065365
3035937536.0,-0.03235962241888046
3036875008.0,-0.03656160086393356
3037812480.0,-0.04083310067653656
3038749952.0,-0.045369625091552734
3039687424.0,-0.04902445524930954
3040624896.0,-0.05173812806606293
3041562624.0,-0.05477946251630783
3042500096.0,-0.05789213627576828
3043437568.0,-0.0594307966530323
3044375040.0,-0.061821676790714264
3045312512.0,-0.06410042196512222
3046249984.0,-0.06419222056865692
3047187456.0,-0.06515336036682129
3048124928.0,-0.06480598449707031
3049062400.0,-0.0643182247877121
3049999872.0,-0.0632733479142189
3050937600.0,-0.06082744151353836
3051875072.0,-0.05919685587286949
3052812544.0,-0.05618094652891159
3053750016.0,-0.05206305533647537
3054687488.0,-0.048314038664102554
3055624960.0,-0.04268559068441391
3056562432.0,-0.036314476281404495
3057499904.0,-0.028966542333364487
3058437376.0,-0.021697286516427994
3059375104.0,-0.013830207288265228
3060312576.0,-0.005033600144088268
3061250048.0,0.0044435616582632065
3062187520.0,0.01434409711509943
3063124992.0,0.024983543902635574
3064062464.0,0.03623318299651146
3064999936.0,0.048102740198373795
3065937408.0,0.0601317323744297
3066874880.0,0.07243552058935165
3067812608.0,0.13977651298046112
3068750080.0,0.14517614245414734
3069687552.0,0.14881585538387299
3070625024.0,0.15136176347732544
3071562496.0,0.15198883414268494
3072499968.0,0.15196192264556885
3073437440.0,0.1500481814146042
3074374912.0,0.1474451720714569
3075312384.0,0.14227356016635895
3076250112.0,0.13615046441555023
3077187584.0,0.12939341366291046
3078125056.0,0.12095443904399872
3079062528.0,0.11195012181997299
3080000000.0,0.10189937800168991
3080937472.0,0.09215403348207474
3081874944.0,0.08042702078819275
3082812416.0,0.0696958526968956
3083749888.0,0.05789688974618912
3084687616.0,0.0455026850104332
3085625088.0,0.035623349249362946
3086562560.0,0.024562271311879158
3087500032.0,0.014335704036056995
3088437504.0,0.004928496666252613
3089374976.0,-0.004306561779230833
3090312448.0,-0.012429715134203434
3091249920.0,-0.01899077370762825
3092187392.0,-0.02557850256562233
3093125120.0,-0.03162148594856262
3094062592.0,-0.03523814305663109
3095000064.0,-0.0374680832028389
3095937536.0,-0.0399736650288105
3096875008.0,-0.03987978771328926
3097812480.0,-0.03828073665499687
3098749952.0,-0.03689057007431984
3099687424.0,-0.034316837787628174
3100624896.0,-0.02932409755885601
3101562624.0,-0.025387274101376534
3102500096.0,-0.01862592250108719
3103437568.0,-0.012338819913566113
3104375040.0,-0.004807057790458202
3105312512.0,0.002095590578392148
3106249984.0,0.01165319699794054
3107187456.0,0.019934801384806633
3108124928.0,0.028219908475875854
3109062400.0,0.03646845370531082
3110000128.0,0.04587419331073761
3110937600.0,0.05452805757522583
3111875072.0,0.06329026818275452
3112812544.0,0.07049044221639633
3113750016.0,0.0782453864812851
3114687488.0,0.08540181070566177
3115624960.0,0.09320615231990814
3116562432.0,0.09865007549524307
3117499904.0,0.10507288575172424
3118437376.0,0.11060047894716263
3119375104.0,0.11569850146770477
3120312576.0,0.11951681226491928
3121250048.0,0.12395665794610977
3122187520.0,0.12661303579807281
3123124992.0,0.13073478639125824
3124062464.0,0.13323163986206055
3124999936.0,0.13567495346069336
3125937408.0,0.13904067873954773
3126874880.0,0.14107853174209595
3127812608.0,0.14737318456172943
3128750080.0,0.1464274674654007
3129687552.0,0.14680372178554535
3130625024.0,0.14519751071929932
3131562496.0,0.14432412385940552
3132499968.0,0.1418927013874054
3133437440.0,0.14005878567695618
3134374912.0,0.13619260489940643
3135312384.0,0.13290879130363464
3136250112.0,0.12980103492736816
3137187584.0,0.12616311013698578
3138125056.0,0.12399452924728394
3139062528.0,0.12195266038179398
3140000000.0,0.12113717943429947
3140937472.0,0.12164126336574554
3141874944.0,0.12239963561296463
3142812416.0,0.12425564974546432
3143749888.0,0.1289801001548767
3144687616.0,0.13313212990760803
3145625088.0,0.1373053640127182
3146562560.0,0.14296019077301025
3147500032.0,0.14794577658176422
3148437504.0,0.15151377022266388
3149374976.0,0.15398135781288147
3150312448.0,0.15523947775363922
3151249920.0,0.15354499220848083
3152187392.0,0.14951220154762268
3153125120.0,0.14474962651729584
3154062592.0,0.1372791975736618
3155000064.0,0.12769672274589539
3155937536.0,0.11530905216932297
3156875008.0,0.10271289944648743
3157812480.0,0.08838506042957306
3158749952.0,0.0729731097817421
3159687424.0,0.05735436826944351
3160624896.0,0.04207231476902962
3161562624.0,0.026183592155575752
3162500096.0,0.011450529098510742
3163437568.0,-0.0018958068685606122
3164375040.0,-0.014354182407259941
3165312512.0,-0.023784713819622993
3166249984.0,-0.0332372784614563
3167187456.0,-0.0389702171087265
3168124928.0,-0.04313366860151291
3169062400.0,-0.04463418200612068
3169999872.0,-0.04374820366501808
3170937600.0,-0.04106331616640091
3171875072.0,-0.035294003784656525
3172812544.0,-0.028930291533470154
3173750016.0,-0.019007710739970207
3174687488.0,-0.00797967053949833
3175624960.0,0.00460958993062377
3176562432.0,0.018251406028866768
3177499904.0,0.032708365470170975
3178437376.0,0.047383103519678116
3179375104.0,0.06340035796165466
3180312576.0,0.07861387729644775
3181250048.0,0.0934305489063263
3182187520.0,0.10868476331233978
3183124992.0,0.12326342612504959
3184062464.0,0.13772790133953094
3184999936.0,0.15089532732963562
3185937408.0,0.16382215917110443
3186874880.0,0.17592649161815643
3187812608.0,0.14538809657096863
3188750080.0,0.14138662815093994
3189687552.0,0.1373826265335083
3190625024.0,0.13181817531585693
3191562496.0,0.1265396922826767
3192499968.0,0.12174204736948013
3193437440.0,0.11624762415885925
3194374912.0,0.11065496504306793
3195312384.0,0.1055440828204155
3196250112.0,0.10086053609848022
3197187584.0,0.09602129459381104
3198125056.0,0.09215562045574188
3199062528.0,0.08815877139568329
3200000000.0,0.08609599620103836
3200937472.0,0.08470021188259125
3201874944.0,0.08322568237781525
3202812416.0,0.08318617939949036
3203749888.0,0.08254766464233398
3204687616.0,0.08398998528718948
3205625088.0,0.08524873107671738
3206562560.0,0.0871337354183197
3207500032.0,0.08969095349311829
3208437504.0,0.09207487106323242
3209374976.0,0.09443186223506927
3210312448.0,0.09709642082452774
3211249920.0,0.10025334358215332
3212187392.0,0.10266955941915512
3213125120.0,0.10543949156999588
3214062592.0,0.10860646516084671
3215000064.0,0.11134351044893265
3215937536.0,0.11291966587305069
3216875008.0,0.11477270722389221
3217812480.0,0.11573829501867294
3218749952.0,0.11675838381052017
3219687424.0,0.1164931133389473
3220624896.0,0.11759737133979797
3221562624.0,0.11622893810272217
3222500096.0,0.11615630239248276
3223437568.0,0.11480831354856491
3224375040.0,0.114656962454319
3225312512.0,0.11236198991537094
3226249984.0,0.11076496541500092
3227187456.0,0.109672412276268
3228124928.0,0.10828418284654617
3229062400.0,0.10730689764022827
3230000128.0,0.1066417396068573
3230937600.0,0.10671145468950272
3231875072.0,0.10619524121284485
3232812544.0,0.10738278925418854
3233750016.0,0.10804476588964462
3234687488.0,0.109243243932724
3235624960.0,0.11184525489807129
3236562432.0,0.11456883698701859
3237499904.0,0.11846689134836197
3238437376.0,0.12208276242017746
3239375104.0,0.12743069231510162
3240312576.0,0.13328775763511658
3241250048.0,0.13873222470283508
3242187520.0,0.14503224194049835
3243124992.0,0.15085943043231964
3244062464.0,0.15715329349040985
3244999936.0,0.16354772448539734
3245937408.0,0.16876120865345
3246874880.0,0.17353084683418274
3247812608.0,0.0843181386590004
3248750080.0,0.0756387859582901
3249687552.0,0.06632072478532791
3250625024.0,0.05626772716641426
3251562496.0,0.04593343287706375
3252499968.0,0.034641921520233154
3253437440.0,0.026252971962094307
3254374912.0,0.017759593203663826
3255312384.0,0.010011141188442707
3256250112.0,0.004856824409216642
3257187584.0,0.0014143200824037194
3258125056.0,0.00024706986732780933
3259062528.0,0.0007038726471364498
3260000000.0,0.0038356154691427946
3260937472.0,0.008176888339221478
3261874944.0,0.011564040556550026
3262812416.0,0.017071066424250603
3263749888.0,0.021924473345279694
3264687616.0,0.02786988578736782
3265625088.0,0.03260998800396919
3266562560.0,0.03736594691872597
3267500032.0,0.042429279536008835
3268437504.0,0.04642367735505104
3269374976.0,0.05066082999110222
3270312448.0,0.0541427806019783
3271249920.0,0.0574311837553978
3272187392.0,0.06000303849577904
3273125120.0,0.062452223151922226
3274062592.0,0.0652715265750885
3275000064.0,0.06766825914382935
3275937536.0,0.0694897472858429
3276875008.0,0.07123526930809021
3277812480.0,0.07309555262327194
3278749952.0,0.07475601881742477
3279687424.0,0.07569899410009384
3280624896.0,0.07728276401758194
3281562624.0,0.07796838879585266
3282500096.0,0.07995200157165527
3283437568.0,0.07965543866157532
3284375040.0,0.08065267652273178
3285312512.0,0.08137939125299454
3286249984.0,0.08118609338998795
3287187456.0,0.08135570585727692
3288124928.0,0.08112939447164536
3289062400.0,0.08101073652505875
3289999872.0,0.08107377588748932
3290937600.0,0.08040323853492737
3291875072.0,0.07993227988481522
3292812544.0,0.08022648096084595
3293750016.0,0.08068472892045975
3294687488.0,0.08083668351173401
3295624960.0,0.08109308034181595
3296562432.0,0.08181430399417877
3297499904.0,0.08285848051309586
3298437376.0,0.08398135006427765
3299375104.0,0.0862504094839096
3300312576.0,0.08879056572914124
3301250048.0,0.09176582843065262
3302187520.0,0.09424526244401932
3303124992.0,0.09693003445863724
3304062464.0,0.1006280928850174
3304999936.0,0.10485362261533737
3305937408.0,0.10857421159744263
3306874880.0,0.1140461415052414
3307812608.0,0.12580718100070953
3308750080.0,0.13268835842609406
3309687552.0,0.14119774103164673
3310625024.0,0.14862333238124847
3311562496.0,0.15631699562072754
3312499968.0,0.16407838463783264
3313437440.0,0.1711069643497467
3314374912.0,0.17784205079078674
3315312384.0,0.185180202126503
3316250112.0,0.19149701297283173
3317187584.0,0.1968224048614502
3318125056.0,0.20180808007717133
3319062528.0,0.2059253454208374
3320000000.0,0.208402618765831
3320937472.0,0.21131707727909088
3321874944.0,0.21284979581832886
3322812416.0,0.21273581683635712
3323749888.0,0.21137039363384247
3324687616.0,0.20889705419540405
3325625088.0,0.2052808254957199
3326562560.0,0.20019212365150452
3327500032.0,0.19419638812541962
3328437504.0,0.18840816617012024
3329374976.0,0.179902583360672
3330312448.0,0.1706259399652481
3331249920.0,0.16173091530799866
3332187392.0,0.15149012207984924
3333125120.0,0.14023543894290924
3334062592.0,0.13058723509311676
3335000064.0,0.11879684776067734
3335937536.0,0.10855350643396378
3336875008.0,0.09727774560451508
3337812480.0,0.08656948059797287
3338749952.0,0.07617295533418655
3339687424.0,0.06620778888463974
3340624896.0,0.05663024261593819
3341562624.0,0.04799294471740723
3342500096.0,0.03985194116830826
3343437568.0,0.032428693026304245
3344375040.0,0.025941116735339165
3345312512.0,0.020788177847862244
3346249984.0,0.016607755795121193
3347187456.0,0.0137579794973135
3348124928.0,0.012424143962562084
3349062400.0,0.012674832716584206
3350000128.0,0.013186249881982803
3350937600.0,0.015421743504703045
3351875072.0,0.018658122047781944
3352812544.0,0.02286398597061634
3353750016.0,0.028838463127613068
3354687488.0,0.0353037528693676
3355624960.0,0.04229394719004631
3356562432.0,0.05062588304281235
3357499904.0,0.059212375432252884
3358437376.0,0.06929334253072739
3359375104.0,0.07894909381866455
3360312576.0,0.08958916366100311
3361250048.0,0.09933749586343765
3362187520.0,0.10920225083827972
3363124992.0,0.11923864483833313
3364062464.0,0.12991726398468018
3364999936.0,0.13943158090114594
3365937408.0,0.14751873910427094
3366874880.0,0.15585491061210632
3367812608.0,0.0391770601272583
3368750080.0,0.043318621814250946
3369687552.0,0.04734345152974129
3370625024.0,0.05041390284895897
3371562496.0,0.05394696816802025
3372499968.0,0.05643196776509285
3373437440.0,0.05805950611829758
3374374912.0,0.058678507804870605
3375312384.0,0.05834624543786049
3376250112.0,0.05703946202993393
3377187584.0,0.05436012148857117
3378125056.0,0.05044484883546829
3379062528.0,0.04625927656888962
3380000000.0,0.03953646868467331
3380937472.0,0.03323373571038246
3381874944.0,0.02567608840763569
3382812416.0,0.01732759177684784
3383749888.0,0.008042617700994015
3384687616.0,-0.0022838024888187647
3385625088.0,-0.01296153012663126
3386562560.0,-0.02403731644153595
3387500032.0,-0.034933220595121384
3388437504.0,-0.04644284397363663
3389374976.0,-0.05755247548222542
3390312448.0,-0.06870845705270767
3391249920.0,-0.07991036772727966
3392187392.0,-0.0912020206451416
3393125120.0,-0.10063263773918152
3394062592.0,-0.11015420407056808
3395000064.0,-0.11863350123167038
3395937536.0,-0.12751537561416626
3396875008.0,-0.13371428847312927
3397812480.0,-0.14102698862552643
3398749952.0,-0.14612187445163727
3399687424.0,-0.15072858333587646
3400624896.0,-0.15446841716766357
3401562624.0,-0.1580055207014084
3402500096.0,-0.16068029403686523
3403437568.0,-0.16156326234340668
3404375040.0,-0.16217972338199615
3405312512.0,-0.16290321946144104
3406249984.0,-0.16303224861621857
3407187456.0,-0.16155590116977692
3408124928.0,-0.16141526401042938
3409062400.0,-0.1609266698360443
3409999872.0,-0.16126307845115662
3410937600.0,-0.16101336479187012
3411875072.0,-0.1614672690629959
3412812544.0,-0.16268013417720795
3413750016.0,-0.1645050346851349
3414687488.0,-0.1672474890947342
3415624960.0,-0.17270180583000183
3416562432.0,-0.1784270852804184
3417499904.0,-0.18622761964797974
3418437376.0,-0.1963702142238617
3419375104.0,-0.20963996648788452
3420312576.0,-0.22279374301433563
3421250048.0,-0.23901322484016418
3422187520.0,-0.25704240798950195
3423124992.0,-0.27719444036483765
3424062464.0,-0.29846858978271484
3424999936.0,-0.3227173388004303
3425937408.0,-0.3476778268814087
3426874880.0,-0.3751169741153717
3427812608.0,-0.4046206474304199
3428750080.0,-0.43219390511512756
3429687552.0,-0.46009361743927
3430625024.0,-0.4876609742641449
3431562496.0,-0.5147944092750549
3432499968.0,-0.5414851903915405
3433437440.0,-0.5689187049865723
3434374912.0,-0.5944512486457825
3435312384.0,-0.6210211515426636
3436250112.0,-0.647070586681366
3437187584.0,-0.6723501086235046
3438125056.0,-0.6988500356674194
3439062528.0,-0.7267093062400818
3440000000.0,-0.7550917863845825
3440937472.0,-0.784779965877533
3441874944.0,-0.8164131045341492
3442812416.0,-0.8499435782432556
3443749888.0,-0.8868034482002258
3444687616.0,-0.9257252812385559
3445625088.0,-0.9688634872436523
3446562560.0,-1.0143346786499023
3447500032.0,-1.0636721849441528
3448437504.0,-1.1169182062149048
3449374976.0,-1.1725029945373535
3450312448.0,-1.2305301427841187
3451249920.0,-1.291939377784729
3452187392.0,-1.3535510301589966
3453125120.0,-1.4159612655639648
3454062592.0,-1.4780139923095703
3455000064.0,-1.5417454242706299
3455937536.0,-1.603650689125061
3456875008.0,-1.6653850078582764
3457812480.0,-1.7238225936889648
3458749952.0,-1.7781505584716797
3459687424.0,-1.8283579349517822
3460624896.0,-1.8717942237854004
3461562624.0,-1.907260537147522
3462500096.0,-1.9347457885742188
3463437568.0,-1.954534649848938
3464375040.0,-1.965575098991394
3465312512.0,-1.9688153266906738
3466249984.0,-1.965356707572937
3467187456.0,-1.9556772708892822
3468124928.0,-1.9401270151138306
3469062400.0,-1.9187400341033936
3470000128.0,-1.8929336071014404
3470937600.0,-1.861667275428772
3471875072.0,-1.8269892930984497
3472812544.0,-1.786301851272583
3473750016.0,-1.7425950765609741
3474687488.0,-1.6956243515014648
3475624960.0,-1.6459566354751587
3476562432.0,-1.5929017066955566
3477499904.0,-1.539443016052246
3478437376.0,-1.4828784465789795
3479375104.0,-1.4265223741531372
3480312576.0,-1.3747148513793945
3481250048.0,-1.3265880346298218
3482187520.0,-1.278465747833252
3483124992.0,-1.2320610284805298
3484062464.0,-1.1862224340438843
3484999936.0,-1.1414422988891602
3485937408.0,-1.099204182624817
3486874880.0,-1.058349847793579
3487812608.0,-1.0514698028564453
3488750080.0,-1.0132514238357544
3489687552.0,-0.9746332168579102
3490625024.0,-0.9388212561607361
3491562496.0,-0.9055584073066711
3492499968.0,-0.8730705976486206
3493437440.0,-0.8442346453666687
3494374912.0,-0.815791666507721
3495312384.0,-0.7896519303321838
3496250112.0,-0.7664077281951904
3497187584.0,-0.7454079389572144
3498125056.0,-0.7269006371498108
3499062528.0,-0.7102020382881165
3500000000.0,-0.6957547664642334
3500937472.0,-0.6812232136726379
3501874944.0,-0.6668043732643127
3502812416.0,-0.652920663356781
3503749888.0,-0.6402913331985474
3504687616.0,-0.6284385919570923
3505625088.0,-0.6171083450317383
3506562560.0,-0.6045480370521545
3507500032.0,-0.5914381146430969
3508437504.0,-0.5779048800468445
3509374976.0,-0.5644290447235107
3510312448.0,-0.5504160523414612
3511249920.0,-0.5378867983818054
3512187392.0,-0.5237350463867188
3513125120.0,-0.5098810195922852
3514062592.0,-0.49459460377693176
3515000064.0,-0.4796471893787384
3515937536.0,-0.46434372663497925
3516875008.0,-0.4468458592891693
3517812480.0,-0.428597629070282
3518749952.0,-0.41154539585113525
3519687424.0,-0.3933696150779724
3520624896.0,-0.3748184144496918
3521562624.0,-0.3554239869117737
3522500096.0,-0.33585572242736816
3523437568.0,-0.31640157103538513
3524375040.0,-0.2973758578300476
3525312512.0,-0.2778884172439575
3526249984.0,-0.2589266300201416
3527187456.0,-0.24107973277568817
3528124928.0,-0.22193191945552826
3529062400.0,-0.20668958127498627
3529999872.0,-0.18940159678459167
3530937600.0,-0.17540031671524048
3531875072.0,-0.16161872446537018
3532812544.0,-0.15032446384429932
3533750016.0,-0.1399545967578888
3534687488.0,-0.13146206736564636
3535624960.0,-0.12442061305046082
3536562432.0,-0.11990747600793839
3537499904.0,-0.11662935465574265
3538437376.0,-0.11577585339546204
3539375104.0,-0.11593330651521683
3540312576.0,-0.11732117086648941
3541250048.0,-0.1220533549785614
3542187520.0,-0.12605832517147064
3543124992.0,-0.1327352225780487
3544062464.0,-0.14040511846542358
3544999936.0,-0.1507352590560913
3545937408.0,-0.16182512044906616
3546874880.0,-0.17359384894371033
3547812608.0,-0.2133340686559677
3548750080.0,-0.20501118898391724
3549687552.0,-0.19798412919044495
3550625024.0,-0.18968960642814636
3551562496.0,-0.18372684717178345
3552499968.0,-0.1781008541584015
3553437440.0,-0.17213718593120575
3554374912.0,-0.16739290952682495
3555312384.0,-0.1636393517255783
3556250112.0,-0.15987981855869293
3557187584.0,-0.15556660294532776
3558125056.0,-0.15234048664569855
3559062528.0,-0.14882667362689972
3560000000.0,-0.14484284818172455
3560937472.0,-0.14212022721767426
3561874944.0,-0.13928651809692383
3562812416.0,-0.13579607009887695
3563749888.0,-0.1336660385131836
3564687616.0,-0.13131913542747498
3565625088.0,-0.12969264388084412
3566562560.0,-0.1280784010887146
3567500032.0,-0.1265876144170761
3568437504.0,-0.12602679431438446
3569374976.0,-0.1243811547756195
3570312448.0,-0.1210833340883255
3571249920.0,-0.11924049258232117
3572187392.0,-0.11726607382297516
3573125120.0,-0.11304796487092972
3574062592.0,-0.10939463973045349
3575000064.0,-0.10581349581480026
3575937536.0,-0.1020282432436943
3576875008.0,-0.09764407575130463
3577812480.0,-0.09224016219377518
3578749952.0,-0.08722767233848572
3579687424.0,-0.08306899666786194
3580624896.0,-0.07905219495296478
3581562624.0,-0.07344751060009003
3582500096.0,-0.07044559717178345
3583437568.0,-0.06754621863365173
3584375040.0,-0.06483616679906845
3585312512.0,-0.06276123970746994
3586249984.0,-0.06030398979783058
3587187456.0,-0.057931043207645416
3588124928.0,-0.056669242680072784
3589062400.0,-0.05518399924039841
3590000128.0,-0.053501762449741364
3590937600.0,-0.05342849716544151
3591875072.0,-0.05195067077875137
3592812544.0,-0.05123741924762726
3593750016.0,-0.05004861578345299
3594687488.0,-0.049704600125551224
3595624960.0,-0.05037527158856392
3596562432.0,-0.05205775797367096
3597499904.0,-0.05373988673090935
3598437376.0,-0.05622308701276779
3599375104.0,-0.05885857716202736
3600312576.0,-0.060451045632362366
3601250048.0,-0.06333063542842865
3602187520.0,-0.06504811346530914
3603124992.0,-0.06859295070171356
3604062464.0,-0.07147030532360077
3604999936.0,-0.07311582565307617
3605937408.0,-0.07515298575162888
3606874880.0,-0.07658828049898148
3607812608.0,-0.08118321001529694
3608750080.0,-0.07966332137584686
3609687552.0,-0.0779557153582573
3610625024.0,-0.07619224488735199
3611562496.0,-0.07653353363275528
3612499968.0,-0.07768284529447556
3613437440.0,-0.07794889062643051
3614374912.0,-0.07868361473083496
3615312384.0,-0.07986211031675339
3616250112.0,-0.08263207226991653
3617187584.0,-0.08415108174085617
3618125056.0,-0.08758002519607544
3619062528.0,-0.09114383906126022
3620000000.0,-0.09445209056138992
3620937472.0,-0.09684465080499649
3621874944.0,-0.09952446818351746
3622812416.0,-0.10199785232543945
3623749888.0,-0.10450189560651779
3624687616.0,-0.10736090689897537
3625625088.0,-0.11003875732421875
3626562560.0,-0.11490114033222198
3627500032.0,-0.11733800917863846
3628437504.0,-0.12066377699375153
3629374976.0,-0.12310545146465302
3630312448.0,-0.12493741512298584
3631249920.0,-0.12615014612674713
3632187392.0,-0.12644702196121216
3633125120.0,-0.12608382105827332
3634062592.0,-0.12484591454267502
3635000064.0,-0.12218990176916122
3635937536.0,-0.11946497857570648
3636875008.0,-0.11502016335725784
3637812480.0,-0.11007848381996155
3638749952.0,-0.10333112627267838
3639687424.0,-0.09658534824848175
3640624896.0,-0.0894990861415863
3641562624.0,-0.08267313987016678
3642500096.0,-0.07490085810422897
3643437568.0,-0.06740862876176834
3644375040.0,-0.05913654342293739
3645312512.0,-0.05113796517252922
3646249984.0,-0.04406124725937843
3647187456.0,-0.03559630364179611
3648124928.0,-0.0270941574126482
3649062400.0,-0.019221847876906395
3649999872.0,-0.01072064507752657
3650937600.0,-0.0028378211427479982
3651875072.0,0.003480746177956462
3652812544.0,0.00943506695330143
3653750016.0,0.015018991194665432
3654687488.0,0.019475838169455528
3655624960.0,0.025168675929307938
3656562432.0,0.028990494087338448
3657499904.0,0.031509123742580414
3658437376.0,0.03443880006670952
3659375104.0,0.03588366508483887
3660312576.0,0.03802644461393356
3661250048.0,0.03806348517537117
3662187520.0,0.03717859089374542
3663124992.0,0.03477024659514427
3664062464.0,0.031798478215932846
3664999936.0,0.028359368443489075
3665937408.0,0.02432950958609581
3666874880.0,0.01895211637020111
3667812608.0,0.011062290519475937
3668750080.0,0.0062667857855558395
3669687552.0,0.0014595186803489923
3670625024.0,-0.0028741969726979733
3671562496.0,-0.006504220422357321
3672499968.0,-0.008432172238826752
3673437440.0,-0.011036747135221958
3674374912.0,-0.012265912257134914
3675312384.0,-0.013592331670224667
3676250112.0,-0.01353465300053358
3677187584.0,-0.013681775890290737
3678125056.0,-0.014812399633228779
3679062528.0,-0.014802491292357445
3680000000.0,-0.014580677263438702
3680937472.0,-0.013282842002809048
3681874944.0,-0.012078234925866127
3682812416.0,-0.011016961187124252
3683749888.0,-0.008545765653252602
3684687616.0,-0.006336369551718235
3685625088.0,-0.002922178478911519
3686562560.0,-0.0005705885123461485
3687500032.0,0.003189384238794446
3688437504.0,0.0054990933276712894
3689374976.0,0.008293114602565765
3690312448.0,0.010814057663083076
3691249920.0,0.014278762973845005
3692187392.0,0.017287030816078186
3693125120.0,0.020773999392986298
3694062592.0,0.023761902004480362
3695000064.0,0.025987176224589348
3695937536.0,0.02986099012196064
3696875008.0,0.03214256092905998
3697812480.0,0.03346429765224457
3698749952.0,0.03491010516881943
3699687424.0,0.035758599638938904
3700624896.0,0.03601500019431114
3701562624.0,0.03535481169819832
3702500096.0,0.03393969684839249
3703437568.0,0.03158528730273247
3704375040.0,0.029094601050019264
3705312512.0,0.025373661890625954
3706249984.0,0.019665220752358437
3707187456.0,0.012735451571643353
3708124928.0,0.004471953958272934
3709062400.0,-0.004353133495897055
3710000128.0,-0.014824927784502506
3710937600.0,-0.027376681566238403
3711875072.0,-0.04025277495384216
3712812544.0,-0.05498972535133362
3713750016.0,-0.07173459976911545
3714687488.0,-0.08941365033388138
3715624960.0,-0.10944873094558716
3716562432.0,-0.12918362021446228
3717499904.0,-0.15000410377979279
3718437376.0,-0.17167501151561737
3719375104.0,-0.192661851644516
3720312576.0,-0.21480897068977356
3721250048.0,-0.23524624109268188
3722187520.0,-0.25571057200431824
3723124992.0,-0.27595648169517517
3724062464.0,-0.29429981112480164
3724999936.0,-0.3121548891067505
3725937408.0,-0.32874971628189087
3726874880.0,-0.34256795048713684
3727812608.0,-0.031649135053157806
3728750080.0,-0.03116609901189804
3729687552.0,-0.032190728932619095
3730625024.0,-0.03377097100019455
3731562496.0,-0.037932299077510834
3732499968.0,-0.04082434996962547
3733437440.0,-0.04431557282805443
3734374912.0,-0.04847368225455284
3735312384.0,-0.051756203174591064
3736250112.0,-0.05482814833521843
3737187584.0,-0.055041439831256866
3738125056.0,-0.056640613824129105
3739062528.0,-0.058049920946359634
3740000000.0,-0.057416290044784546
3740937472.0,-0.05613035708665848
3741874944.0,-0.05397816374897957
3742812416.0,-0.05152024328708649
3743749888.0,-0.04721151664853096
3744687616.0,-0.042507920414209366
3745625088.0,-0.03659769892692566
3746562560.0,-0.029625365510582924
3747500032.0,-0.02131935954093933
3748437504.0,-0.013515462167561054
3749374976.0,-0.004320213571190834
3750312448.0,0.005592610687017441
3751249920.0,0.016059663146734238
3752187392.0,0.026919087395071983
3753125120.0,0.03797917440533638
3754062592.0,0.04872409626841545
3755000064.0,0.058918584138154984
3755937536.0,0.07060243934392929
3756875008.0,0.08013155311346054
3757812480.0,0.08938100934028625
3758749952.0,0.09876895695924759
3759687424.0,0.10721725970506668
3760624896.0,0.11538178473711014
3761562624.0,0.1216587945818901
3762500096.0,0.12680184841156006
3763437568.0,0.13140544295310974
3764375040.0,0.1332436501979828
3765312512.0,0.134116530418396
3766249984.0,0.1335747092962265
3767187456.0,0.1312200427055359
3768124928.0,0.1275016963481903
3769062400.0,0.1217450499534607
3769999872.0,0.11475642025470734
3770937600.0,0.10707060992717743
3771875072.0,0.09788133949041367
3772812544.0,0.08802055567502975
3773750016.0,0.07737287133932114
3774687488.0,0.0651814267039299
3775624960.0,0.05434192717075348
3776562432.0,0.0435078889131546
3777499904.0,0.031061459332704544
3778437376.0,0.01851801760494709
3779375104.0,0.0059365746565163136
3780312576.0,-0.006950153969228268
3781250048.0,-0.019664831459522247
3782187520.0,-0.03187862038612366
3783124992.0,-0.04447774961590767
3784062464.0,-0.0556662417948246
3784999936.0,-0.0664355605840683
3785937408.0,-0.07705295830965042
3786874880.0,-0.07134303450584412
3787812608.0,-0.07520073652267456
3788750080.0,-0.08130532503128052
3789687552.0,-0.08413092792034149
3790625024.0,-0.08859044313430786
3791562496.0,-0.09157479554414749
3792499968.0,-0.09541071206331253
3793437440.0,-0.09905018657445908
3794374912.0,-0.10117524862289429
3795312384.0,-0.10311141610145569
3796250112.0,-0.10491090267896652
3797187584.0,-0.10471417009830475
3798125056.0,-0.10413909703493118
3799062528.0,-0.10271580517292023
3800000000.0,-0.0995810404419899
3800937472.0,-0.09574256837368011
3801874944.0,-0.0912097692489624
3802812416.0,-0.08496731519699097
3803749888.0,-0.07887765020132065
3804687616.0,-0.07150939106941223
3805625088.0,-0.06374044716358185
3806562560.0,-0.05548842251300812
3807500032.0,-0.04684484377503395
3808437504.0,-0.03812461718916893
3809374976.0,-0.029374269768595695
3810312448.0,-0.02033424563705921
3811249920.0,-0.011015962809324265
3812187392.0,-0.0015113423578441143
3813125120.0,0.005437358748167753
3814062592.0,0.014384339563548565
3815000064.0,0.021110879257321358
3815937536.0,0.028558295220136642
3816875008.0,0.03393006697297096
3817812480.0,0.04030677303671837
3818749952.0,0.044843968003988266
3819687424.0,0.04730306938290596
3820624896.0,0.050705745816230774
3821562624.0,0.050731152296066284
3822500096.0,0.050497524440288544
3823437568.0,0.050975505262613297
3824375040.0,0.049327779561281204
3825312512.0,0.047860562801361084
3826249984.0,0.044793419539928436
3827187456.0,0.0412788987159729
3828124928.0,0.0371553972363472
3829062400.0,0.03416011109948158
3830000128.0,0.028860686346888542
3830937600.0,0.023910637944936752
3831875072.0,0.02017703838646412
3832812544.0,0.014606078155338764
3833750016.0,0.010321812704205513
3834687488.0,0.004673981107771397
3835624960.0,-0.0005254663992673159
3836562432.0,-0.004770761821419001
3837499904.0,-0.010020673274993896
3838437376.0,-0.015395162627100945
3839375104.0,-0.020043162629008293
3840312576.0,-0.02394162304699421
3841250048.0,-0.029108265414834023
3842187520.0,-0.03264188766479492
3843124992.0,-0.03690395504236221
3844062464.0,-0.04099495708942413
3844999936.0,-0.045025527477264404
3845937408.0,-0.049163222312927246
3846874880.0,-0.04641180858016014
3847812608.0,-0.04897948354482651
3848750080.0,-0.050760261714458466
3849687552.0,-0.05212317779660225
3850625024.0,-0.054285045713186264
3851562496.0,-0.05556163191795349
3852499968.0,-0.056882843375205994
3853437440.0,-0.057864781469106674
3854374912.0,-0.06066214293241501
3855312384.0,-0.06070612743496895
3856250112.0,-0.06072790548205376
3857187584.0,-0.059183936566114426
3858125056.0,-0.058571841567754745
3859062528.0,-0.05703902989625931
3860000000.0,-0.054592542350292206
3860937472.0,-0.053276512771844864
3861874944.0,-0.05038194730877876
3862812416.0,-0.04783809557557106
3863749888.0,-0.04729410260915756
3864687616.0,-0.046671312302351
3865625088.0,-0.047782234847545624
3866562560.0,-0.050320640206336975
3867500032.0,-0.05486135929822922
3868437504.0,-0.05997948721051216
3869374976.0,-0.0669746845960617
3870312448.0,-0.07527358829975128
3871249920.0,-0.08511730283498764
3872187392.0,-0.09617030620574951
3873125120.0,-0.10782507807016373
3874062592.0,-0.1202792376279831
3875000064.0,-0.13201338052749634
3875937536.0,-0.1433926373720169
3876875008.0,-0.1543567180633545
3877812480.0,-0.16359037160873413
3878749952.0,-0.17184700071811676
3879687424.0,-0.17747892439365387
3880624896.0,-0.18119026720523834
3881562624.0,-0.1825101226568222
3882500096.0,-0.18224745988845825
3883437568.0,-0.17984381318092346
3884375040.0,-0.17547649145126343
3885312512.0,-0.16972598433494568
3886249984.0,-0.16242797672748566
3887187456.0,-0.1529780626296997
3888124928.0,-0.14239659905433655
3889062400.0,-0.13042089343070984
3889999872.0,-0.11915959417819977
3890937600.0,-0.10686703026294708
3891875072.0,-0.09574083983898163
3892812544.0,-0.08456423133611679
3893750016.0,-0.0729399174451828
3894687488.0,-0.06343904882669449
3895624960.0,-0.053413402289152145
3896562432.0,-0.04681260883808136
3897499904.0,-0.03965787962079048
3898437376.0,-0.03435959294438362
3899375104.0,-0.030375950038433075
3900312576.0,-0.02676931954920292
3901250048.0,-0.025057725608348846
3902187520.0,-0.022556422278285027
3903124992.0,-0.021182866767048836
3904062464.0,-0.02024286799132824
3904999936.0,-0.01880955509841442
3905937408.0,-0.016123764216899872
3906874880.0,-0.02370408922433853
3907812608.0,-0.03079717792570591
3908750080.0,-0.037390951067209244
3909687552.0,-0.042122162878513336
3910625024.0,-0.04537096992135048
3911562496.0,-0.0464973971247673
3912499968.0,-0.04668125882744789
3913437440.0,-0.04386419430375099
3914374912.0,-0.04012520611286163
3915312384.0,-0.034367602318525314
3916250112.0,-0.027174556627869606
3917187584.0,-0.018577812239527702
3918125056.0,-0.008301272056996822
3919062528.0,0.0016466140514239669
3920000000.0,0.013040337711572647
3920937472.0,0.025512147694826126
3921874944.0,0.03656196966767311
3922812416.0,0.048790521919727325
3923749888.0,0.05933081731200218
3924687616.0,0.06984477490186691
3925625088.0,0.07984614372253418
3926562560.0,0.08834753930568695
3927500032.0,0.0965074822306633
3928437504.0,0.10228047519922256
3929374976.0,0.10741549730300903
3930312448.0,0.11101449280977249
3931249920.0,0.11244697123765945
3932187392.0,0.11267410963773727
3933125120.0,0.1117655411362648
3934062592.0,0.108199842274189
3935000064.0,0.10448504239320755
3935937536.0,0.09972107410430908
3936875008.0,0.09343476593494415
3937812480.0,0.08534789830446243
3938749952.0,0.07647166401147842
3939687424.0,0.0670819953083992
3940624896.0,0.0560910589993
3941562624.0,0.0443100780248642
3942500096.0,0.03149527683854103
3943437568.0,0.017469704151153564
3944375040.0,0.00424814410507679
3945312512.0,-0.010524144396185875
3946249984.0,-0.024070460349321365
3947187456.0,-0.0381123349070549
3948124928.0,-0.05216574668884277
3949062400.0,-0.06464090198278427
3950000128.0,-0.07756520062685013
3950937600.0,-0.08981281518936157
3951875072.0,-0.10188205540180206
3952812544.0,-0.11235259473323822
3953750016.0,-0.1230289563536644
3954687488.0,-0.13264083862304688
3955624960.0,-0.14247475564479828
3956562432.0,-0.1507144421339035
3957499904.0,-0.1601845920085907
3958437376.0,-0.16681568324565887
3959375104.0,-0.1737702190876007
3960312576.0,-0.18042665719985962
3961250048.0,-0.1871354877948761
3962187520.0,-0.19264701008796692
3963124992.0,-0.19927509129047394
3964062464.0,-0.20422481000423431
3964999936.0,-0.2092459350824356
3965937408.0,-0.21344594657421112
3966874880.0,-0.10441731661558151
3967812608.0,-0.11123708635568619
3968750080.0,-0.11654894053936005
3969687552.0,-0.1207992434501648
3970625024.0,-0.1241876631975174
3971562496.0,-0.12691055238246918
3972499968.0,-0.1290694922208786
3973437440.0,-0.13033552467823029
3974374912.0,-0.13094422221183777
3975312384.0,-0.13032054901123047
3976250112.0,-0.12892287969589233
3977187584.0,-0.12720482051372528
3978125056.0,-0.12497396767139435
3979062528.0,-0.12078965455293655
3980000000.0,-0.11654029041528702
3980937472.0,-0.11129980534315109
3981874944.0,-0.10610067844390869
3982812416.0,-0.09905137121677399
3983749888.0,-0.0936756506562233
3984687616.0,-0.08652832359075546
3985625088.0,-0.08010348677635193
3986562560.0,-0.07294348627328873
3987500032.0,-0.06675519049167633
3988437504.0,-0.06057816743850708
3989374976.0,-0.05435401201248169
3990312448.0,-0.04698411747813225
3991249920.0,-0.04179263859987259
3992187392.0,-0.03541797399520874
3993125120.0,-0.030075108632445335
3994062592.0,-0.026160458102822304
3995000064.0,-0.02323819510638714
3995937536.0,-0.021241147071123123
3996875008.0,-0.019867241382598877
3997812480.0,-0.020008008927106857
3998749952.0,-0.020450226962566376
3999687424.0,-0.019324390217661858
4000624896.0,-0.011517972685396671
4001562624.0,-0.015708914026618004
4002500096.0,-0.022218795493245125
4003437568.0,-0.02712411805987358
4004375040.0,-0.03317633271217346
4005312512.0,-0.040133774280548096
4006249984.0,-0.047236185520887375
4007187456.0,-0.05591791868209839
4008124928.0,-0.06379001587629318
4009062400.0,-0.07285226136445999
4009999872.0,-0.0819552019238472
4010937600.0,-0.09006472676992416
4011875072.0,-0.09874407947063446
4012812544.0,-0.10741779208183289
4013750016.0,-0.11604654788970947
4014687488.0,-0.12538760900497437
4015624960.0,-0.13372375071048737
4016562432.0,-0.14171606302261353
4017499904.0,-0.1508197784423828
4018437376.0,-0.15863017737865448
4019375104.0,-0.16467681527137756
4020312576.0,-0.17227719724178314
4021250048.0,-0.17950201034545898
4022187520.0,-0.18545667827129364
4023124992.0,-0.19152367115020752
4024062464.0,-0.19721710681915283
4024999936.0,-0.20315052568912506
4025937408.0,-0.20699132978916168
4026874880.0,-0.1994861364364624
4027812608.0,-0.20246204733848572
4028750080.0,-0.20420704782009125
4029687552.0,-0.2054392546415329
4030625024.0,-0.20910902321338654
4031562496.0,-0.2107619345188141
4032499968.0,-0.21244804561138153
4033437440.0,-0.21446257829666138
4034374912.0,-0.21594345569610596
4035312384.0,-0.21795421838760376
4036250112.0,-0.21885168552398682
4037187584.0,-0.22036850452423096
4038125056.0,-0.22190360724925995
4039062528.0,-0.223117858171463
4040000000.0,-0.22307127714157104
4040937472.0,-0.22331778705120087
4041874944.0,-0.22272329032421112
4042812416.0,-0.21974791586399078
4043749888.0,-0.21678893268108368
4044687616.0,-0.21272805333137512
4045625088.0,-0.20829856395721436
4046562560.0,-0.2015201449394226
4047500032.0,-0.1954161673784256
4048437504.0,-0.1876111626625061
4049374976.0,-0.17817585170269012
4050312448.0,-0.16846661269664764
4051249920.0,-0.15757177770137787
4052187392.0,-0.14629219472408295
4053125120.0,-0.13481462001800537
4054062592.0,-0.12335512787103653
4055000064.0,-0.11015082150697708
4055937536.0,-0.09819580614566803
4056875008.0,-0.08359082043170929
4057812480.0,-0.07112656533718109
4058749952.0,-0.057992517948150635
4059687424.0,-0.045620959252119064
4060624896.0,-0.03352107107639313
4061562624.0,-0.022141870111227036
4062500096.0,-0.011965708807110786
4063437568.0,-0.00017417431809008121
4064375040.0,0.008169910870492458
4065312512.0,0.01592346653342247
4066249984.0,0.024066010490059853
4067187456.0,0.029972903430461884
4068124928.0,0.03383446857333183
4069062400.0,0.037185076624155045
4070000128.0,0.04077553749084473
4070937600.0,0.041013382375240326
4071875072.0,0.04053836688399315
4072812544.0,0.03838526830077171
4073750016.0,0.03595992922782898
4074687488.0,0.03198160603642464
4075624960.0,0.027302486822009087
4076562432.0,0.021978219971060753
4077499904.0,0.015359700657427311
4078437376.0,0.008345212787389755
4079375104.0,0.0015807824674993753
4080312576.0,-0.0069505213759839535
4081250048.0,-0.01607539877295494
4082187520.0,-0.025641340762376785
4083124992.0,-0.03487971052527428
4084062464.0,-0.04575958475470543
4084999936.0,-0.05551714822649956
4085937408.0,-0.06430194526910782
4086874880.0,-0.08897632360458374
4087812608.0,-0.09499208629131317
4088750080.0,-0.09985245764255524
4089687552.0,-0.10407579690217972
4090625024.0,-0.1070697009563446
4091562496.0,-0.10992737114429474
4092499968.0,-0.11321641504764557
4093437440.0,-0.11600060760974884
4094374912.0,-0.11850833147764206
4095312384.0,-0.12034435570240021
4096250112.0,-0.12134336680173874
4097187584.0,-0.12233966588973999
4098125056.0,-0.12428468465805054
4099062528.0,-0.12496528774499893
4100000000.0,-0.12863528728485107
4100937472.0,-0.13081371784210205
4101874944.0,-0.13304923474788666
4102812416.0,-0.1356080025434494
4103749888.0,-0.13704875111579895
4104687616.0,-0.1384928822517395
4105625088.0,-0.14054808020591736
4106562560.0,-0.14090155065059662
4107500032.0,-0.1432677060365677
4108437504.0,-0.14394381642341614
4109374976.0,-0.1452096700668335
4110312448.0,-0.14693157374858856
4111249920.0,-0.14785245060920715
4112187392.0,-0.14966316521167755
4113125120.0,-0.15002727508544922
4114062592.0,-0.14927725493907928
4115000064.0,-0.14948181807994843
4115937536.0,-0.14908543229103088
4116875008.0,-0.14746727049350739
4117812480.0,-0.14614351093769073
4118749952.0,-0.1440047323703766
4119687424.0,-0.14123547077178955
4120624896.0,-0.13927318155765533
4121562624.0,-0.1368125081062317
4122500096.0,-0.1338394731283188
4123437568.0,-0.1291978806257248
4124375040.0,-0.1252230405807495
4125312512.0,-0.12119399756193161
4126249984.0,-0.11588897556066513
4127187456.0,-0.11154133081436157
4128124928.0,-0.106747567653656
4129062400.0,-0.10280001163482666
4129999872.0,-0.09957689791917801
4130937600.0,-0.09393296390771866
4131875072.0,-0.09035969525575638
4132812544.0,-0.08572071045637131
4133750016.0,-0.08303360641002655
4134687488.0,-0.07953564822673798
4135624960.0,-0.07580683380365372
4136562432.0,-0.07240132987499237
4137499904.0,-0.0703711286187172
4138437376.0,-0.06742213666439056
4139375104.0,-0.06636787205934525
4140312576.0,-0.0646229237318039
4141250048.0,-0.06241903826594353
4142187520.0,-0.06033438816666603
4143124992.0,-0.058816924691200256
4144062464.0,-0.05785711854696274
4144999936.0,-0.05572998896241188
4145937408.0,-0.0533268004655838
4146874880.0,-0.08884817361831665
4147812608.0,-0.09007982164621353
4148750080.0,-0.0905662477016449
4149687552.0,-0.09059752523899078
4150625024.0,-0.08938802033662796
4151562496.0,-0.08715887367725372
4152499968.0,-0.08492296934127808
4153437440.0,-0.0820632204413414
4154374912.0,-0.07941591739654541
4155312384.0,-0.07544872909784317
4156250112.0,-0.07129014283418655
4157187584.0,-0.06560803949832916
4158125056.0,-0.060534100979566574
4159062528.0,-0.05558233708143234
4160000000.0,-0.049720410257577896
4160937472.0,-0.046227794140577316
4161874944.0,-0.04071063920855522
4162812416.0,-0.03694050386548042
4163749888.0,-0.031821753829717636
4164687616.0,-0.028242148458957672
4165625088.0,-0.02522515505552292
4166562560.0,-0.023263532668352127
4167500032.0,-0.020668266341090202
4168437504.0,-0.0208527073264122
4169374976.0,-0.020984116941690445
4170312448.0,-0.021052855998277664
4171249920.0,-0.022437535226345062
4172187392.0,-0.024874655529856682
4173125120.0,-0.02905161678791046
4174062592.0,-0.032004110515117645
4175000064.0,-0.03458194434642792
4175937536.0,-0.039657432585954666
4176875008.0,-0.04392601549625397
4177812480.0,-0.048630427569150925
4178749952.0,-0.05453556030988693
4179687424.0,-0.06062638387084007
4180624896.0,-0.06596454232931137
4181562624.0,-0.07257290929555893
4182500096.0,-0.07810814678668976
4183437568.0,-0.08417031168937683
4184375040.0,-0.08996005356311798
4185312512.0,-0.0941324308514595
4186249984.0,-0.09947715699672699
4187187456.0,-0.10269304364919662
4188124928.0,-0.10768961906433105
4189062400.0,-0.11140775680541992
4190000128.0,-0.11516822874546051
4190937600.0,-0.11821062117815018
4191875072.0,-0.1221936047077179
4192812544.0,-0.12461074441671371
4193750016.0,-0.12832000851631165
4194687488.0,-0.13054224848747253
4195624960.0,-0.13427704572677612
4196562432.0,-0.1379421055316925
4197499904.0,-0.14152023196220398
4198437376.0,-0.1463121920824051
4199375104.0,-0.15151190757751465
4200312576.0,-0.15613427758216858
4201250048.0,-0.1611337810754776
4202187520.0,-0.16622081398963928
4203124992.0,-0.171157106757164
4204062464.0,-0.1768612116575241
4204999936.0,-0.18245775997638702
4205937408.0,-0.18653219938278198
4206874880.0,-0.1785154491662979
4207812608.0,-0.1847890317440033
4208750080.0,-0.1907973438501358
4209687552.0,-0.1964637041091919
4210625024.0,-0.20066915452480316
4211562496.0,-0.20291362702846527
4212499968.0,-0.20500358939170837
4213437440.0,-0.20792362093925476
4214374912.0,-0.20816881954669952
4215312384.0,-0.20758768916130066
4216250112.0,-0.20517109334468842
4217187584.0,-0.20210202038288116
4218125056.0,-0.19750840961933136
4219062528.0,-0.1907537430524826
4220000000.0,-0.18389464914798737
4220937472.0,-0.1737535297870636
4221874944.0,-0.1627315878868103
4222812416.0,-0.15113548934459686
4223749888.0,-0.13804224133491516
4224687616.0,-0.12464658170938492
4225625088.0,-0.10875370353460312
4226562560.0,-0.0932539626955986
4227500032.0,-0.07731349021196365
4228437504.0,-0.06076700985431671
4229374976.0,-0.04322391748428345
4230312448.0,-0.025446733459830284
4231249920.0,-0.008074281737208366
4232187392.0,0.008355642668902874
4233125120.0,0.024584099650382996
4234062592.0,0.04023486003279686
4235000064.0,0.05576041713356972
4235937536.0,0.06965569406747818
4236875008.0,0.08481661230325699
4237812480.0,0.09704168140888214
4238749952.0,0.10945353657007217
4239687424.0,0.12003619223833084
4240624896.0,0.12895219027996063
4241562624.0,0.135961651802063
4242500096.0,0.14162248373031616
4243437568.0,0.1466618925333023
4244375040.0,0.14894579350948334
4245312512.0,0.1502140462398529
4246249984.0,0.1507403701543808
4247187456.0,0.1479056030511856
4248124928.0,0.14384034276008606
4249062400.0,0.1394147276878357
4249999872.0,0.13127462565898895
4250937600.0,0.12236268073320389
4251875072.0,0.1108512133359909
4252812544.0,0.09731020778417587
4253750016.0,0.08266708254814148
4254687488.0,0.06613607704639435
4255624960.0,0.04740574583411217
4256562432.0,0.02840135246515274
4257499904.0,0.009298178367316723
4258437376.0,-0.010567727498710155
4259375104.0,-0.0327400267124176
4260312576.0,-0.054426390677690506
4261250048.0,-0.07728083431720734
4262187520.0,-0.0997810959815979
4263124992.0,-0.12248402833938599
4264062464.0,-0.14466087520122528
4264999936.0,-0.16844229400157928
4265937408.0,-0.18902277946472168
4266874880.0,-0.20386704802513123
4267812608.0,-0.2122485488653183
4268750080.0,-0.22080911695957184
4269687552.0,-0.2293969839811325
4270625024.0,-0.23784857988357544
4271562496.0,-0.2455611377954483
4272499968.0,-0.2524532377719879
4273437440.0,-0.25840112566947937
4274374912.0,-0.26146820187568665
4275312384.0,-0.26431289315223694
4276250112.0,-0.2652904689311981
4277187584.0,-0.26337945461273193
4278125056.0,-0.2596602737903595
4279062528.0,-0.2540333569049835
4280000000.0,-0.24593079090118408
4280937472.0,-0.23436591029167175
4281874944.0,-0.2209419161081314
4282812416.0,-0.20512090623378754
4283749888.0,-0.18808327615261078
4284687616.0,-0.16957418620586395
4285625088.0,-0.14909492433071136
4286562560.0,-0.12738564610481262
4287500032.0,-0.10427168756723404
4288437504.0,-0.08153639733791351
4289374976.0,-0.05699952691793442
4290312448.0,-0.03314058482646942
4291249920.0,-0.009096927009522915
4292187392.0,0.016113243997097015
4293125120.0,0.03849475458264351
4294062592.0,0.060417208820581436
4295000064.0,0.08190051466226578
4295937536.0,0.1017589122056961
4296875008.0,0.11995463073253632
4297812480.0,0.13662505149841309
4298749952.0,0.152902752161026
4299687424.0,0.16427485644817352
4300624896.0,0.17528332769870758
4301562368.0,0.18357519805431366
4302499840.0,0.18927857279777527
4303437312.0,0.19229371845722198
4304374784.0,0.19280275702476501
4305312256.0,0.19020816683769226
4306250240.0,0.18497614562511444
4307187712.0,0.177336648106575
4308125184.0,0.16686567664146423
4309062656.0,0.15570735931396484
4310000128.0,0.14235298335552216
4310937600.0,0.12765365839004517
4311875072.0,0.11088649183511734
4312812544.0,0.09314003586769104
4313750016.0,0.0753801092505455
4314687488.0,0.05571279302239418
4315624960.0,0.03643205389380455
4316562432.0,0.015674803406000137
4317499904.0,-0.004991249646991491
4318437376.0,-0.02442912943661213
4319374848.0,-0.044803425669670105
4320312320.0,-0.06341573596000671
4321249792.0,-0.081627257168293
4322187264.0,-0.09907612949609756
4323125248.0,-0.11487690359354019
4324062720.0,-0.12944887578487396
4325000192.0,-0.14205923676490784
4325937664.0,-0.15358133614063263
4326875136.0,-0.21628151834011078
4327812608.0,-0.21672001481056213
4328750080.0,-0.2148214429616928
4329687552.0,-0.21199871599674225
4330625024.0,-0.2082727998495102
4331562496.0,-0.20207719504833221
4332499968.0,-0.1943352222442627
4333437440.0,-0.1857837736606598
4334374912.0,-0.1787065863609314
4335312384.0,-0.1684436947107315
4336249856.0,-0.16032524406909943
4337187328.0,-0.15174342691898346
4338124800.0,-0.14385618269443512
4339062272.0,-0.13585244119167328
4339999744.0,-0.12858954071998596
4340937728.0,-0.1217712014913559
4341875200.0,-0.11585470288991928
4342812672.0,-0.11029954999685287
4343750144.0,-0.10401034355163574
4344687616.0,-0.09943627566099167
4345625088.0,-0.09562252461910248
4346562560.0,-0.09133792668581009
4347500032.0,-0.08894170075654984
4348437504.0,-0.08637528866529465
4349374976.0,-0.08463453501462936
4350312448.0,-0.0833149328827858
4351249920.0,-0.0832396075129509
4352187392.0,-0.08421982824802399
4353124864.0,-0.08479301631450653
4354062336.0,-0.0875769704580307
4354999808.0,-0.08832449465990067
4355937280.0,-0.09014217555522919
4356874752.0,-0.09244969487190247
4357812736.0,-0.09473302960395813
4358750208.0,-0.09819763898849487
4359687680.0,-0.10099826008081436
4360625152.0,-0.10451722145080566
4361562624.0,-0.1080324798822403
4362500096.0,-0.11298242956399918
4363437568.0,-0.11665229499340057
4364375040.0,-0.12061935663223267
4365312512.0,-0.12485447525978088
4366249984.0,-0.1290876269340515
4367187456.0,-0.13347329199314117
4368124928.0,-0.13760948181152344
4369062400.0,-0.1418943703174591
4369999872.0,-0.1446927785873413
4370937344.0,-0.1487027257680893
4371874816.0,-0.1510121375322342
4372812288.0,-0.15496115386486053
4373749760.0,-0.15875819325447083
4374687744.0,-0.1638411432504654
4375625216.0,-0.16768473386764526
4376562688.0,-0.173521488904953
4377500160.0,-0.17823375761508942
4378437632.0,-0.18476800620555878
4379375104.0,-0.1921413391828537
4380312576.0,-0.20008023083209991
4381250048.0,-0.20833232998847961
4382187520.0,-0.215933158993721
4383124992.0,-0.22598956525325775
4384062464.0,-0.23512056469917297
4384999936.0,-0.24532055854797363
4385937408.0,-0.2567468583583832
4386874880.0,-0.32880666851997375
4387812352.0,-0.33649536967277527
4388749824.0,-0.34273961186408997
4389687296.0,-0.347024530172348
4390624768.0,-0.34986579418182373
4391562752.0,-0.3518562316894531
4392500224.0,-0.35119912028312683
4393437696.0,-0.3480871021747589
4394375168.0,-0.344006210565567
4395312640.0,-0.3384847342967987
4396250112.0,-0.3309154510498047
4397187584.0,-0.3204132318496704
4398125056.0,-0.3094618022441864
4399062528.0,-0.2985681891441345
4400000000.0,-0.2855257987976074
4400937472.0,-0.2711750268936157
4401874944.0,-0.25642129778862
4402812416.0,-0.24123679101467133
4403749888.0,-0.22364620864391327
4404687360.0,-0.20615758001804352
4405624832.0,-0.18871240317821503
4406562304.0,-0.17061801254749298
4407499776.0,-0.15358057618141174
4408437248.0,-0.13741207122802734
4409375232.0,-0.12124496698379517
4410312704.0,-0.1061859205365181
4411250176.0,-0.0921950563788414
4412187648.0,-0.0793338194489479
4413125120.0,-0.0686352476477623
4414062592.0,-0.05817444249987602
4415000064.0,-0.04925013706088066
4415937536.0,-0.04265210032463074
4416875008.0,-0.038423143327236176
4417812480.0,-0.03737727180123329
4418749952.0,-0.03855464980006218
4419687424.0,-0.04271716624498367
4420624896.0,-0.04776618629693985
4421562368.0,-0.05762235447764397
4422499840.0,-0.06870097666978836
4423437312.0,-0.08175046741962433
4424374784.0,-0.09680160880088806
4425312256.0,-0.11228034645318985
4426250240.0,-0.130214124917984
4427187712.0,-0.14778055250644684
4428125184.0,-0.16908450424671173
4429062656.0,-0.19059881567955017
4430000128.0,-0.21265828609466553
4430937600.0,-0.234957754611969
4431875072.0,-0.25790053606033325
4432812544.0,-0.2817065715789795
4433750016.0,-0.30504345893859863
4434687488.0,-0.3287954330444336
4435624960.0,-0.3514696955680847
4436562432.0,-0.374881386756897
4437499904.0,-0.3976072371006012
4438437376.0,-0.41934365034103394
4439374848.0,-0.43999382853507996
4440312320.0,-0.46032586693763733
4441249792.0,-0.4783453345298767
4442187264.0,-0.4945887625217438
4443125248.0,-0.5104159116744995
4444062720.0,-0.5238175392150879
4445000192.0,-0.5340787768363953
4445937664.0,-0.5428506135940552
4446875136.0,-0.5551033616065979
4447812608.0,-0.5621842741966248
4448750080.0,-0.5682482123374939
4449687552.0,-0.5722442269325256
4450625024.0,-0.5717552900314331
4451562496.0,-0.569598376750946
4452499968.0,-0.5651048421859741
4453437440.0,-0.5585011839866638
4454374912.0,-0.5506172776222229
4455312384.0,-0.5404289960861206
4456249856.0,-0.5286864042282104
4457187328.0,-0.5158718228340149
4458124800.0,-0.5021087527275085
4459062272.0,-0.48699674010276794
4460000256.0,-0.4714924395084381
4460937728.0,-0.4538707733154297
4461875200.0,-0.43725162744522095
4462812672.0,-0.4192837178707123
4463750144.0,-0.4023571014404297
4464687616.0,-0.38471224904060364
4465625088.0,-0.3667726218700409
4466562560.0,-0.35139200091362
4467500032.0,-0.3347812592983246
4468437504.0,-0.32021915912628174
4469374976.0,-0.3048706650733948
4470312448.0,-0.29087916016578674
4471249920.0,-0.27876272797584534
4472187392.0,-0.2684536874294281
4473124864.0,-0.2596598267555237
4474062336.0,-0.25373008847236633
4474999808.0,-0.24861550331115723
4475937280.0,-0.24556928873062134
4476874752.0,-0.24502255022525787
4477812736.0,-0.24711251258850098
4478750208.0,-0.25206664204597473
4479687680.0,-0.25842341780662537
4480625152.0,-0.26738056540489197
4481562624.0,-0.2792102098464966
4482500096.0,-0.2930391728878021
4483437568.0,-0.30932456254959106
4484375040.0,-0.3280283510684967
4485312512.0,-0.3489466607570648
4486249984.0,-0.37214145064353943
4487187456.0,-0.39633238315582275
4488124928.0,-0.4223407208919525
4489062400.0,-0.44918254017829895
4489999872.0,-0.47824177145957947
4490937344.0,-0.5066433548927307
4491874816.0,-0.5368878245353699
4492812288.0,-0.5656266212463379
4493749760.0,-0.5977301001548767
4494687744.0,-0.6284291744232178
4495625216.0,-0.661987841129303
4496562688.0,-0.6948790550231934
4497500160.0,-0.7291114926338196
4498437632.0,-0.7609946131706238
4499375104.0,-0.7933053374290466
4500312576.0,-0.8242180943489075
4501250048.0,-0.8541015982627869
4502187520.0,-0.8830146789550781
4503124992.0,-0.9099845290184021
4504062464.0,-0.9345994591712952
4504999936.0,-0.9573140144348145
4505937408.0,-0.9788082242012024
4506874880.0,-0.9472143054008484
4507812352.0,-0.9654093384742737
4508749824.0,-0.9790818095207214
4509687296.0,-0.9903607964515686
4510624768.0,-0.9971067905426025
4511562752.0,-1.0006163120269775
4512500224.0,-1.0017489194869995
4513437696.0,-0.9991772770881653
4514375168.0,-0.9944166541099548
4515312640.0,-0.9867513179779053
4516250112.0,-0.9775246977806091
4517187584.0,-0.96477210521698
4518125056.0,-0.9512240886688232
4519062528.0,-0.9365671277046204
4520000000.0,-0.9206711649894714
4520937472.0,-0.9039586782455444
4521874944.0,-0.8864641189575195
4522812416.0,-0.8678163886070251
4523749888.0,-0.8495286107063293
4524687360.0,-0.8328518867492676
4525624832.0,-0.8170730471611023
4526562304.0,-0.8039543628692627
4527499776.0,-0.7926204800605774
4528437248.0,-0.7818881273269653
4529375232.0,-0.77383953332901
4530312704.0,-0.767738401889801
4531250176.0,-0.7655088305473328
4532187648.0,-0.7650523781776428
4533125120.0,-0.7682209610939026
4534062592.0,-0.7763018012046814
4535000064.0,-0.7877110242843628
4535937536.0,-0.8024153709411621
4536875008.0,-0.8203437924385071
4537812480.0,-0.8415123820304871
4538749952.0,-0.8643496632575989
4539687424.0,-0.8894822597503662
4540624896.0,-0.9187095165252686
4541562368.0,-0.9512026906013489
4542499840.0,-0.9866437911987305
4543437312.0,-1.0236824750900269
4544374784.0,-1.0639076232910156
4545312256.0,-1.1089898347854614
4546250240.0,-1.157662034034729
4547187712.0,-1.2097097635269165
4548125184.0,-1.2653976678848267
4549062656.0,-1.324352741241455
4550000128.0,-1.384919285774231
4550937600.0,-1.4485491514205933
4551875072.0,-1.514398217201233
4552812544.0,-1.5808708667755127
4553750016.0,-1.6508095264434814
4554687488.0,-1.7215255498886108
4555624960.0,-1.79384183883667
4556562432.0,-1.8664894104003906
4557499904.0,-1.9357194900512695
4558437376.0,-2.0052475929260254
4559374848.0,-2.074608325958252
4560312320.0,-2.1432387828826904
4561249792.0,-2.2111706733703613
4562187264.0,-2.2796738147735596
4563125248.0,-2.348273992538452
4564062720.0,-2.416933536529541
4565000192.0,-2.484071731567383
4565937664.0,-2.547360420227051
4566875136.0,-2.4318292140960693
4567812608.0,-2.4678103923797607
4568750080.0,-2.502575159072876
4569687552.0,-2.5355160236358643
4570625024.0,-2.5699195861816406
4571562496.0,-2.603034734725952
4572499968.0,-2.636533260345459
4573437440.0,-2.6678318977355957
4574374912.0,-2.6988606452941895
4575312384.0,-2.729346513748169
4576249856.0,-2.7599260807037354
4577187328.0,-2.792039632797241
4578124800.0,-2.827786445617676
4579062272.0,-2.8651299476623535
4579999744.0,-2.903667688369751
4580937728.0,-2.9403417110443115
4581875200.0,-2.9769580364227295
4582812672.0,-3.0114221572875977
4583750144.0,-3.0469584465026855
4584687616.0,-3.083061456680298
4585625088.0,-3.1197667121887207
4586562560.0,-3.158303737640381
4587500032.0,-3.1958260536193848
4588437504.0,-3.2322840690612793
4589374976.0,-3.2659173011779785
4590312448.0,-3.2997405529022217
4591249920.0,-3.3322246074676514
4592187392.0,-3.3651273250579834
4593124864.0,-3.399432897567749
4594062336.0,-3.4403319358825684
4594999808.0,-3.483250141143799
4595937280.0,-3.52797269821167
4596874752.0,-3.5736827850341797
4597812736.0,-3.621835231781006
4598750208.0,-3.6678924560546875
4599687680.0,-3.716076374053955
4600625152.0,-3.7653393745422363
4601562624.0,-3.8183345794677734
4602500096.0,-3.8728177547454834
4603437568.0,-3.9288392066955566
4604375040.0,-3.985353469848633
4605312512.0,-4.040050029754639
4606249984.0,-4.090958595275879
4607187456.0,-4.138845443725586
4608124928.0,-4.182215213775635
4609062400.0,-4.22379207611084
4609999872.0,-4.2600789070129395
4610937344.0,-4.2930908203125
4611874816.0,-4.323145389556885
4612812288.0,-4.355017185211182
4613749760.0,-4.3878912925720215
4614687744.0,-4.417896747589111
4615625216.0,-4.444126129150391
4616562688.0,-4.46399450302124
4617500160.0,-4.478043556213379
4618437632.0,-4.488471984863281
4619375104.0,-4.494431495666504
4620312576.0,-4.496020793914795
4621250048.0,-4.496468544006348
4622187520.0,-4.494641304016113
4623124992.0,-4.489445686340332
4624062464.0,-4.48137903213501
4624999936.0,-4.471608638763428
4625937408.0,-4.4561543464660645
4626874880.0,-4.626134395599365
4627812352.0,-4.585340976715088
4628749824.0,-4.538334369659424
4629687296.0,-4.487680435180664
4630624768.0,-4.42861270904541
4631562752.0,-4.359187126159668
4632500224.0,-4.282805442810059
4633437696.0,-4.200051307678223
4634375168.0,-4.109564304351807
4635312640.0,-4.01527214050293
4636250112.0,-3.919804811477661
4637187584.0,-3.820261001586914
4638125056.0,-3.7199618816375732
4639062528.0,-3.615140438079834
4640000000.0,-3.5051023960113525
4640937472.0,-3.3936281204223633
4641874944.0,-3.2796823978424072
4642812416.0,-3.1667609214782715
4643749888.0,-3.0537636280059814
4644687360.0,-2.9411401748657227
4645624832.0,-2.8284614086151123
4646562304.0,-2.7163915634155273
4647499776.0,-2.607645273208618
4648437248.0,-2.5027081966400146
4649375232.0,-2.40295147895813
4650312704.0,-2.3090426921844482
4651250176.0,-2.2186784744262695
4652187648.0,-2.1324656009674072
4653125120.0,-2.0497047901153564
4654062592.0,-1.9709769487380981
4655000064.0,-1.8973134756088257
4655937536.0,-1.8286911249160767
4656875008.0,-1.7635763883590698
4657812480.0,-1.7055974006652832
4658749952.0,-1.651222586631775
4659687424.0,-1.6007640361785889
4660624896.0,-1.555811882019043
4661562368.0,-1.514601230621338
4662499840.0,-1.4771138429641724
4663437312.0,-1.4440420866012573
4664374784.0,-1.4155880212783813
4665312256.0,-1.3904021978378296
4666250240.0,-1.3689955472946167
4667187712.0,-1.3504983186721802
4668125184.0,-1.3330947160720825
4669062656.0,-1.3179643154144287
4670000128.0,-1.3057599067687988
4670937600.0,-1.295219898223877
4671875072.0,-1.2858048677444458
4672812544.0,-1.2775123119354248
4673750016.0,-1.269793152809143
4674687488.0,-1.2616627216339111
4675624960.0,-1.2522441148757935
4676562432.0,-1.2444100379943848
4677499904.0,-1.2350685596466064
4678437376.0,-1.2251664400100708
4679374848.0,-1.2147127389907837
4680312320.0,-1.2030869722366333
4681249792.0,-1.18959379196167
4682187264.0,-1.1748583316802979
4683125248.0,-1.1556670665740967
4684062720.0,-1.1367928981781006
4685000192.0,-1.1162993907928467
4685937664.0,-1.0946109294891357
4686875136.0,-1.0977245569229126
4687812608.0,-1.0727858543395996
4688750080.0,-1.0461667776107788
4689687552.0,-1.0177422761917114
4690625024.0,-0.9886367917060852
4691562496.0,-0.9581559300422668
4692499968.0,-0.9252049922943115
4693437440.0,-0.8936574459075928
4694374912.0,-0.8620301485061646
4695312384.0,-0.8297761678695679
4696249856.0,-0.7976394891738892
4697187328.0,-0.7637015581130981
4698124800.0,-0.7307213544845581
4699062272.0,-0.6974020004272461
4700000256.0,-0.6648871302604675
4700937728.0,-0.632028341293335
4701875200.0,-0.5999202132225037
4702812672.0,-0.5688794255256653
4703750144.0,-0.538120687007904
4704687616.0,-0.5087612271308899
4705625088.0,-0.48167139291763306
4706562560.0,-0.45482224225997925
4707500032.0,-0.4290626347064972
4708437504.0,-0.4050474166870117
4709374976.0,-0.38168609142303467
4710312448.0,-0.3602675795555115
4711249920.0,-0.3414607346057892
4712187392.0,-0.3228401839733124
4713124864.0,-0.307877779006958
4714062336.0,-0.29415956139564514
4714999808.0,-0.2822364270687103
4715937280.0,-0.27219486236572266
4716874752.0,-0.2642035186290741
4717812736.0,-0.25744712352752686
4718750208.0,-0.2530459463596344
4719687680.0,-0.2507696747779846
4720625152.0,-0.25151172280311584
4721562624.0,-0.25261369347572327
4722500096.0,-0.25679126381874084
4723437568.0,-0.26151296496391296
4724375040.0,-0.26921600103378296
4725312512.0,-0.2782347500324249
4726249984.0,-0.2891654968261719
4727187456.0,-0.3012838065624237
4728124928.0,-0.3147255480289459
4729062400.0,-0.32864323258399963
4729999872.0,-0.344956636428833
4730937344.0,-0.36032530665397644
4731874816.0,-0.37766656279563904
4732812288.0,-0.39451685547828674
4733749760.0,-0.4126405417919159
4734687744.0,-0.4314100444316864
4735625216.0,-0.4509665071964264
4736562688.0,-0.46969395875930786
4737500160.0,-0.4894624352455139
4738437632.0,-0.5093900561332703
4739375104.0,-0.5266604423522949
4740312576.0,-0.5449855327606201
4741250048.0,-0.5599046945571899
4742187520.0,-0.5761032104492188
4743124992.0,-0.5888668894767761
4744062464.0,-0.6013953685760498
4744999936.0,-0.6113152503967285
4745937408.0,-0.6188561916351318
4746874880.0,-0.4370260536670685
4747812352.0,-0.43652084469795227
4748749824.0,-0.4365750849246979
4749687296.0,-0.43546396493911743
4750624768.0,-0.4350868761539459
4751562752.0,-0.4338908791542053
4752500224.0,-0.4320186376571655
4753437696.0,-0.42986398935317993
4754375168.0,-0.4248839318752289
4755312640.0,-0.42183101177215576
4756250112.0,-0.4167332053184509
4757187584.0,-0.41220566630363464
4758125056.0,-0.4070888161659241
4759062528.0,-0.39972323179244995
4760000000.0,-0.3934714198112488
4760937472.0,-0.3858429193496704
4761874944.0,-0.3780587315559387
4762812416.0,-0.3695995509624481
4763749888.0,-0.36072370409965515
4764687360.0,-0.3508431017398834
4765624832.0,-0.3406231105327606
4766562304.0,-0.3294943869113922
4767499776.0,-0.31942683458328247
4768437248.0,-0.3086702525615692
4769375232.0,-0.29590246081352234
4770312704.0,-0.28297707438468933
4771250176.0,-0.2684768736362457
4772187648.0,-0.2529137432575226
4773125120.0,-0.23561841249465942
4774062592.0,-0.21912598609924316
4775000064.0,-0.20056813955307007
4775937536.0,-0.18210086226463318
4776875008.0,-0.1626373827457428
4777812480.0,-0.14196331799030304
4778749952.0,-0.12210586667060852
4779687424.0,-0.10117679089307785
4780624896.0,-0.0789538249373436
4781562368.0,-0.05788135901093483
4782499840.0,-0.036214157938957214
4783437312.0,-0.014063176698982716
4784374784.0,0.007268867921084166
4785312256.0,0.02853315882384777
4786250240.0,0.048989567905664444
4787187712.0,0.06847885996103287
4788125184.0,0.08713148534297943
4789062656.0,0.10452769696712494
4790000128.0,0.12045231461524963
4790937600.0,0.13614103198051453
4791875072.0,0.14900195598602295
4792812544.0,0.15982186794281006
4793750016.0,0.1693481206893921
4794687488.0,0.17597712576389313
4795624960.0,0.18107879161834717
4796562432.0,0.18275383114814758
4797499904.0,0.18373964726924896
4798437376.0,0.1809258908033371
4799374848.0,0.1754211187362671
4800312320.0,0.16790024936199188
4801249792.0,0.15691517293453217
4802187264.0,0.14325644075870514
4803125248.0,0.12666302919387817
4804062720.0,0.1081046387553215
4805000192.0,0.08802340924739838
4805937664.0,0.06552450358867645
4806875136.0,-0.21900838613510132
4807812608.0,-0.22495213150978088
4808750080.0,-0.23025037348270416
4809687552.0,-0.23666734993457794
4810625024.0,-0.24411240220069885
4811562496.0,-0.2487100511789322
4812499968.0,-0.25484731793403625
4813437440.0,-0.2598245441913605
4814374912.0,-0.26520779728889465
4815312384.0,-0.2689363658428192
4816249856.0,-0.2729138433933258
4817187328.0,-0.275319367647171
4818124800.0,-0.27770689129829407
4819062272.0,-0.2787608802318573
4819999744.0,-0.278066486120224
4820937728.0,-0.2779493033885956
4821875200.0,-0.27647870779037476
4822812672.0,-0.2733830511569977
4823750144.0,-0.26912227272987366
4824687616.0,-0.26454588770866394
4825625088.0,-0.2577446699142456
4826562560.0,-0.25079211592674255
4827500032.0,-0.24344971776008606
4828437504.0,-0.23451532423496246
4829374976.0,-0.22458437085151672
4830312448.0,-0.21513386070728302
4831249920.0,-0.20477738976478577
4832187392.0,-0.19535310566425323
4833124864.0,-0.18337099254131317
4834062336.0,-0.17325930297374725
4834999808.0,-0.16142626106739044
4835937280.0,-0.15289512276649475
4836874752.0,-0.14199908077716827
4837812736.0,-0.1308550089597702
4838750208.0,-0.12326693534851074
4839687680.0,-0.11472922563552856
4840625152.0,-0.10808492451906204
4841562624.0,-0.10217859596014023
4842500096.0,-0.09669841825962067
4843437568.0,-0.09307266771793365
4844375040.0,-0.09142042696475983
4845312512.0,-0.09039220958948135
4846249984.0,-0.09194158762693405
4847187456.0,-0.09447840601205826
4848124928.0,-0.09852546453475952
4849062400.0,-0.10376101732254028
4849999872.0,-0.11096129566431046
4850937344.0,-0.12025583535432816
4851874816.0,-0.1301293671131134
4852812288.0,-0.14206895232200623
4853749760.0,-0.153909832239151
4854687744.0,-0.16707076132297516
4855625216.0,-0.18061545491218567
4856562688.0,-0.1943189650774002
4857500160.0,-0.20815317332744598
4858437632.0,-0.22287185490131378
4859375104.0,-0.23666200041770935
4860312576.0,-0.25083160400390625
4861250048.0,-0.26424068212509155
4862187520.0,-0.276882529258728
4863124992.0,-0.2886974513530731
4864062464.0,-0.2989976704120636
4864999936.0,-0.3081809878349304
4865937408.0,-0.3158123791217804
4866874880.0,-0.3006910979747772
4867812352.0,-0.3068898320198059
4868749824.0,-0.3129383623600006
4869687296.0,-0.31898826360702515
4870624768.0,-0.32292893528938293
4871562752.0,-0.3267616033554077
4872500224.0,-0.3305300176143646
4873437696.0,-0.3326497972011566
4874375168.0,-0.33375319838523865
4875312640.0,-0.3336741626262665
4876250112.0,-0.33157631754875183
4877187584.0,-0.33019405603408813
4878125056.0,-0.32695725560188293
4879062528.0,-0.32358863949775696
4880000000.0,-0.3181138336658478
4880937472.0,-0.3117273151874542
4881874944.0,-0.30613553524017334
4882812416.0,-0.2975288927555084
4883749888.0,-0.28839385509490967
4884687360.0,-0.2795865535736084
4885624832.0,-0.26922672986984253
4886562304.0,-0.25814661383628845
4887499776.0,-0.24690574407577515
4888437248.0,-0.23364174365997314
4889375232.0,-0.220035582780838
4890312704.0,-0.20677486062049866
4891250176.0,-0.19312754273414612
4892187648.0,-0.18034856021404266
4893125120.0,-0.16542094945907593
4894062592.0,-0.15095114707946777
4895000064.0,-0.13656236231327057
4895937536.0,-0.1228117048740387
4896875008.0,-0.10905678570270538
4897812480.0,-0.09510952979326248
4898749952.0,-0.08180753141641617
4899687424.0,-0.0690055638551712
4900624896.0,-0.05739352107048035
4901562368.0,-0.04670408368110657
4902499840.0,-0.036933962255716324
4903437312.0,-0.028177015483379364
4904374784.0,-0.020678546279668808
4905312256.0,-0.01385914720594883
4906250240.0,-0.008950752206146717
4907187712.0,-0.005283950828015804
4908125184.0,-0.002938227728009224
4909062656.0,-0.0014253654517233372
4910000128.0,-0.0009135737782344222
4910937600.0,-0.00200158660300076
4911875072.0,-0.0046118334867060184
4912812544.0,-0.006974165793508291
4913750016.0,-0.011507723480463028
4914687488.0,-0.016363807022571564
4915624960.0,-0.023417793214321136
4916562432.0,-0.03087879717350006
4917499904.0,-0.03970611095428467
4918437376.0,-0.05035989359021187
4919374848.0,-0.059558406472206116
4920312320.0,-0.0695531964302063
4921249792.0,-0.08096622675657272
4922187264.0,-0.09288931638002396
4923125248.0,-0.10377991944551468
4924062720.0,-0.11679133027791977
4925000192.0,-0.12890976667404175
4925937664.0,-0.19424879550933838
4926875136.0,-0.19510069489479065
4927812608.0,-0.1961282342672348
4928750080.0,-0.19700899720191956
4929687552.0,-0.19738800823688507
4930625024.0,-0.19824954867362976
4931562496.0,-0.1982467770576477
4932499968.0,-0.19695939123630524
4933437440.0,-0.1961418092250824
4934374912.0,-0.1942869871854782
4935312384.0,-0.1920633316040039
4936249856.0,-0.18998849391937256
4937187328.0,-0.18586109578609467
4938124800.0,-0.18222278356552124
4939062272.0,-0.17769496142864227
4940000256.0,-0.1722361147403717
4940937728.0,-0.16564179956912994
4941875200.0,-0.15955843031406403
4942812672.0,-0.151149183511734
4943750144.0,-0.14302298426628113
4944687616.0,-0.1333543211221695
4945625088.0,-0.1244058683514595
4946562560.0,-0.11520285159349442
4947500032.0,-0.10420557111501694
4948437504.0,-0.09393855929374695
4949374976.0,-0.08397425711154938
4950312448.0,-0.07281496375799179
4951249920.0,-0.06290345638990402
4952187392.0,-0.051154714077711105
4953124864.0,-0.04138757288455963
4954062336.0,-0.029900647699832916
4954999808.0,-0.019636565819382668
4955937280.0,-0.009901007637381554
4956874752.0,5.455741847981699e-05
4957812736.0,0.008271107450127602
4958750208.0,0.016307730227708817
4959687680.0,0.02419288083910942
4960625152.0,0.030946454033255577
4961562624.0,0.03532128408551216
4962500096.0,0.03985984995961189
4963437568.0,0.04282831773161888
4964375040.0,0.04511648416519165
4965312512.0,0.04607292637228966
4966249984.0,0.04620547592639923
4967187456.0,0.04416949674487114
4968124928.0,0.0416225828230381
4969062400.0,0.03823282569646835
4969999872.0,0.03255419433116913
4970937344.0,0.02808917872607708
4971874816.0,0.020342716947197914
4972812288.0,0.012284371070563793
4973749760.0,0.003932761959731579
4974687744.0,-0.0052757118828594685
4975625216.0,-0.015293201431632042
4976562688.0,-0.025085872039198875
4977500160.0,-0.0352594256401062
4978437632.0,-0.0437459759414196
4979375104.0,-0.05604375898838043
4980312576.0,-0.06678078323602676
4981250048.0,-0.07657689601182938
4982187520.0,-0.0865665003657341
4983124992.0,-0.09632580727338791
4984062464.0,-0.10561757534742355
4984999936.0,-0.1138085424900055
4985937408.0,-0.15697647631168365
4986874880.0,-0.16767114400863647
4987812352.0,-0.17731136083602905
4988749824.0,-0.185786634683609
4989687296.0,-0.19286257028579712
4990624768.0,-0.1993744820356369
4991562752.0,-0.20297327637672424
4992500224.0,-0.2061232477426529
4993437696.0,-0.20825554430484772
4994375168.0,-0.20984941720962524
4995312640.0,-0.20914596319198608
4996250112.0,-0.2071174532175064
4997187584.0,-0.202509343624115
4998125056.0,-0.19777941703796387
4999062528.0,-0.1914571076631546
5000000000.0,-0.18389281630516052
5000937472.0,-0.1762273907661438
5001874944.0,-0.16647019982337952
5002812416.0,-0.15496677160263062
5003749888.0,-0.14442138373851776
5004687360.0,-0.13340173661708832
5005624832.0,-0.12146309018135071
5006562304.0,-0.10837092995643616
5007499776.0,-0.09565233439207077
5008437248.0,-0.08324205130338669
5009375232.0,-0.0710592195391655
5010312704.0,-0.0580933541059494
5011250176.0,-0.04673287644982338
5012187648.0,-0.0347755067050457
5013125120.0,-0.023006070405244827
5014062592.0,-0.012153997085988522
5015000064.0,-0.0022375481203198433
5015937536.0,0.007899914868175983
5016875008.0,0.016262585297226906
5017812480.0,0.024916905909776688
5018749952.0,0.03248325735330582
5019687424.0,0.039027635008096695
5020624896.0,0.04473928362131119
5021562368.0,0.04955311492085457
5022499840.0,0.05254407227039337
5023437312.0,0.05573216825723648
5024374784.0,0.057726290076971054
5025312256.0,0.05804969370365143
5026250240.0,0.05822254344820976
5027187712.0,0.05771130323410034
5028125184.0,0.05543499067425728
5029062656.0,0.05275382101535797
5030000128.0,0.047579288482666016
5030937600.0,0.04359397292137146
5031875072.0,0.03787960857152939
5032812544.0,0.031875476241111755
5033750016.0,0.024671213701367378
5034687488.0,0.0175981093198061
5035624960.0,0.009772988967597485
5036562432.0,0.0017049963353201747
5037499904.0,-0.006910132709890604
5038437376.0,-0.015904605388641357
5039374848.0,-0.024256737902760506
5040312320.0,-0.03328516334295273
5041249792.0,-0.042352743446826935
5042187264.0,-0.0514523908495903
5043125248.0,-0.06067674234509468
5044062720.0,-0.06913162767887115
5045000192.0,-0.07839231938123703
5045937664.0,-0.0954679474234581
5046875136.0,-0.10437671840190887
5047812608.0,-0.11429474502801895
5048750080.0,-0.12309039384126663
5049687552.0,-0.1304166167974472
5050625024.0,-0.13784095644950867
5051562496.0,-0.14478442072868347
5052499968.0,-0.1516961306333542
5053437440.0,-0.1586650162935257
5054374912.0,-0.16451476514339447
5055312384.0,-0.1684369146823883
5056249856.0,-0.17223559319972992
5057187328.0,-0.17602205276489258
5058124800.0,-0.17848947644233704
5059062272.0,-0.17924001812934875
5059999744.0,-0.18062789738178253
5060937728.0,-0.18043293058872223
5061875200.0,-0.18028439581394196
5062812672.0,-0.17807097733020782
5063750144.0,-0.1768610030412674
5064687616.0,-0.1734464168548584
5065625088.0,-0.1688574105501175
5066562560.0,-0.16479168832302094
5067500032.0,-0.15954366326332092
5068437504.0,-0.15396064519882202
5069374976.0,-0.1475583016872406
5070312448.0,-0.1414000689983368
5071249920.0,-0.1337658017873764
5072187392.0,-0.12795671820640564
5073124864.0,-0.12073270231485367
5074062336.0,-0.11349208652973175
5074999808.0,-0.10572798550128937
5075937280.0,-0.0989876240491867
5076874752.0,-0.09103434532880783
5077812736.0,-0.08466643840074539
5078750208.0,-0.07682705670595169
5079687680.0,-0.07073164731264114
5080625152.0,-0.0647551566362381
5081562624.0,-0.058185823261737823
5082500096.0,-0.05197097361087799
5083437568.0,-0.046496327966451645
5084375040.0,-0.04194113612174988
5085312512.0,-0.03778083994984627
5086249984.0,-0.034372661262750626
5087187456.0,-0.03199581429362297
5088124928.0,-0.03040570579469204
5089062400.0,-0.028286423534154892
5089999872.0,-0.026431869715452194
5090937344.0,-0.025903010740876198
5091874816.0,-0.025564750656485558
5092812288.0,-0.02533436194062233
5093749760.0,-0.02574998326599598
5094687744.0,-0.027872756123542786
5095625216.0,-0.02907261624932289
5096562688.0,-0.03195614367723465
5097500160.0,-0.03458419814705849
5098437632.0,-0.03803576901555061
5099375104.0,-0.04030971601605415
5100312576.0,-0.04393233358860016
5101250048.0,-0.047813255339860916
5102187520.0,-0.05110011249780655
5103124992.0,-0.05528096854686737
5104062464.0,-0.059701092541217804
5104999936.0,-0.0643259584903717
5105937408.0,-0.136824369430542
5106874880.0,-0.1423078328371048
5107812352.0,-0.14755263924598694
5108749824.0,-0.15154962241649628
5109687296.0,-0.1540956348180771
5110624768.0,-0.15712225437164307
5111562752.0,-0.15921109914779663
5112500224.0,-0.15998993813991547
5113437696.0,-0.1600123792886734
5114375168.0,-0.15903589129447937
5115312640.0,-0.15843459963798523
5116250112.0,-0.15725354850292206
5117187584.0,-0.15451571345329285
5118125056.0,-0.15184332430362701
5119062528.0,-0.14853867888450623
5120000000.0,-0.1441400647163391
5120937472.0,-0.14018721878528595
5121874944.0,-0.13556967675685883
5122812416.0,-0.13122497498989105
5123749888.0,-0.12594543397426605
5124687360.0,-0.12193554639816284
5125624832.0,-0.11685062944889069
5126562304.0,-0.11180660128593445
5127499776.0,-0.10686563700437546
5128437248.0,-0.10227935761213303
5129375232.0,-0.09716182947158813
5130312704.0,-0.09295501559972763
5131250176.0,-0.08675340563058853
5132187648.0,-0.08170295506715775
5133125120.0,-0.07657748460769653
5134062592.0,-0.07136134058237076
5135000064.0,-0.06777860224246979
5135937536.0,-0.06536427140235901
5136875008.0,-0.0627499520778656
5137812480.0,-0.060520753264427185
5138749952.0,-0.05916118994355202
5139687424.0,-0.05871923640370369
5140624896.0,-0.05769896134734154
5141562368.0,-0.05701540783047676
5142499840.0,-0.05818667635321617
5143437312.0,-0.059514157474040985
5144374784.0,-0.06090962141752243
5145312256.0,-0.06345643103122711
5146250240.0,-0.06635769456624985
5147187712.0,-0.07058390974998474
5148125184.0,-0.0749327540397644
5149062656.0,-0.07942105829715729
5150000128.0,-0.0836799219250679
5150937600.0,-0.08853934705257416
5151875072.0,-0.09349329024553299
5152812544.0,-0.09972704201936722
5153750016.0,-0.10464413464069366
5154687488.0,-0.11145136505365372
5155624960.0,-0.11807708442211151
5156562432.0,-0.12572476267814636
5157499904.0,-0.13353414833545685
5158437376.0,-0.14128968119621277
5159374848.0,-0.1482013463973999
5160312320.0,-0.155922994017601
5161249792.0,-0.16420061886310577
5162187264.0,-0.17232903838157654
5163125248.0,-0.1810617297887802
5164062720.0,-0.18805105984210968
5165000192.0,-0.19741559028625488
5165937664.0,-0.19607335329055786
5166875136.0,-0.20770612359046936
5167812608.0,-0.2176264375448227
5168750080.0,-0.2265317589044571
5169687552.0,-0.2354280650615692
5170625024.0,-0.2426372915506363
5171562496.0,-0.24858102202415466
5172499968.0,-0.2525249123573303
5173437440.0,-0.2558196485042572
5174374912.0,-0.257271409034729
5175312384.0,-0.25776928663253784
5176249856.0,-0.2562946677207947
5177187328.0,-0.25383663177490234
5178124800.0,-0.2506657838821411
5179062272.0,-0.24490129947662354
5180000256.0,-0.23960040509700775
5180937728.0,-0.2328268140554428
5181875200.0,-0.22407883405685425
5182812672.0,-0.21618109941482544
5183750144.0,-0.20755036175251007
5184687616.0,-0.19639310240745544
5185625088.0,-0.18583577871322632
5186562560.0,-0.17516615986824036
5187500032.0,-0.16344735026359558
5188437504.0,-0.15103735029697418
5189374976.0,-0.1385607272386551
5190312448.0,-0.12616662681102753
5191249920.0,-0.1128496304154396
5192187392.0,-0.10003118216991425
5193124864.0,-0.0873250961303711
5194062336.0,-0.07444387674331665
5194999808.0,-0.06229867786169052
5195937280.0,-0.05151908099651337
5196874752.0,-0.04058143496513367
5197812736.0,-0.029781941324472427
5198750208.0,-0.020818008109927177
5199687680.0,-0.013920213095843792
5200625152.0,-0.005878190044313669
5201562624.0,-0.0003394200175534934
5202500096.0,0.0050776442512869835
5203437568.0,0.008914340287446976
5204375040.0,0.01096067763864994
5205312512.0,0.013436742126941681
5206249984.0,0.013832193799316883
5207187456.0,0.013292061164975166
5208124928.0,0.012203169986605644
5209062400.0,0.00918208435177803
5209999872.0,0.004186768550425768
5210937344.0,-0.0009425341850146651
5211874816.0,-0.007979439571499825
5212812288.0,-0.016591614112257957
5213749760.0,-0.02567271515727043
5214687744.0,-0.03535161167383194
5215625216.0,-0.04780815541744232
5216562688.0,-0.06072550266981125
5217500160.0,-0.07530787587165833
5218437632.0,-0.09079843014478683
5219375104.0,-0.10674680769443512
5220312576.0,-0.12325135618448257
5221250048.0,-0.14007212221622467
5222187520.0,-0.15761665999889374
5223124992.0,-0.1735912710428238
5224062464.0,-0.19127598404884338
5224999936.0,-0.20784609019756317
5225937408.0,-0.217598557472229
5226874880.0,-0.2311001569032669
5227812352.0,-0.24617116153240204
5228749824.0,-0.25873228907585144
5229687296.0,-0.27049440145492554
5230624768.0,-0.2810560464859009
5231562752.0,-0.2897358536720276
5232500224.0,-0.297192245721817
5233437696.0,-0.30285900831222534
5234375168.0,-0.3061639666557312
5235312640.0,-0.3089125156402588
5236250112.0,-0.30950096249580383
5237187584.0,-0.3064979612827301
5238125056.0,-0.30288755893707275
5239062528.0,-0.296560674905777
5240000000.0,-0.2893698811531067
5240937472.0,-0.2789715528488159
5241874944.0,-0.268561989068985
5242812416.0,-0.2560136914253235
5243749888.0,-0.24247528612613678
5244687360.0,-0.22694869339466095
5245624832.0,-0.21136614680290222
5246562304.0,-0.19386695325374603
5247499776.0,-0.17718040943145752
5248437248.0,-0.1582765132188797
5249375232.0,-0.14110830426216125
5250312704.0,-0.12253955751657486
5251250176.0,-0.10520477592945099
5252187648.0,-0.08759639412164688
5253125120.0,-0.07059263437986374
5254062592.0,-0.05414516106247902
5255000064.0,-0.038618944585323334
5255937536.0,-0.02359194867312908
5256875008.0,-0.009408395737409592
5257812480.0,0.003476083278656006
5258749952.0,0.01401710044592619
5259687424.0,0.023959379643201828
5260624896.0,0.033313799649477005
5261562368.0,0.039282236248254776
5262499840.0,0.04486449062824249
5263437312.0,0.04885381460189819
5264374784.0,0.05184794217348099
5265312256.0,0.052147991955280304
5266250240.0,0.051130685955286026
5267187712.0,0.050223249942064285
5268125184.0,0.04684511199593544
5269062656.0,0.042361676692962646
5270000128.0,0.036372750997543335
5270937600.0,0.029445279389619827
5271875072.0,0.021330399438738823
5272812544.0,0.011872208677232265
5273750016.0,0.0016412901459261775
5274687488.0,-0.009688516147434711
5275624960.0,-0.02269347384572029
5276562432.0,-0.03590182214975357
5277499904.0,-0.04903488606214523
5278437376.0,-0.06400317698717117
5279374848.0,-0.07878216356039047
5280312320.0,-0.09496614336967468
5281249792.0,-0.11006436496973038
5282187264.0,-0.1266736090183258
5283125248.0,-0.1430543214082718
5284062720.0,-0.15902948379516602
5285000192.0,-0.17537343502044678
5285937664.0,-0.20364119112491608
5286875136.0,-0.21954822540283203
5287812608.0,-0.2349819391965866
5288750080.0,-0.2502107620239258
5289687552.0,-0.2638419568538666
5290625024.0,-0.2769756317138672
5291562496.0,-0.2914765477180481
5292499968.0,-0.305777370929718
5293437440.0,-0.31980106234550476
5294374912.0,-0.3308984339237213
5295312384.0,-0.34208858013153076
5296249856.0,-0.3533387780189514
5297187328.0,-0.3618389666080475
5298124800.0,-0.3696445822715759
5299062272.0,-0.3756890296936035
5299999744.0,-0.3801151216030121
5300937728.0,-0.38470208644866943
5301875200.0,-0.38563793897628784
5302812672.0,-0.38794443011283875
5303750144.0,-0.38680458068847656
5304687616.0,-0.38443365693092346
5305625088.0,-0.37989622354507446
5306562560.0,-0.37526950240135193
5307500032.0,-0.3669237196445465
5308437504.0,-0.35839420557022095
5309374976.0,-0.34823933243751526
5310312448.0,-0.33772945404052734
5311249920.0,-0.3245053291320801
5312187392.0,-0.3099050223827362
5313124864.0,-0.2956887185573578
5314062336.0,-0.27983957529067993
5314999808.0,-0.2648814618587494
5315937280.0,-0.24711889028549194
5316874752.0,-0.2298894226551056
5317812736.0,-0.21260720491409302
5318750208.0,-0.19402910768985748
5319687680.0,-0.1755146086215973
5320625152.0,-0.156144917011261
5321562624.0,-0.1377921998500824
5322500096.0,-0.11904352903366089
5323437568.0,-0.10140447318553925
5324375040.0,-0.0838705524802208
5325312512.0,-0.06688734889030457
5326249984.0,-0.05054619535803795
5327187456.0,-0.03524259850382805
5328124928.0,-0.020782457664608955
5329062400.0,-0.006251837592571974
5329999872.0,0.006050041411072016
5330937344.0,0.016634320840239525
5331874816.0,0.02852553315460682
5332812288.0,0.03446195274591446
5333749760.0,0.03985629603266716
5334687744.0,0.04232638701796532
5335625216.0,0.04331526160240173
5336562688.0,0.042861126363277435
5337500160.0,0.039190784096717834
5338437632.0,0.033998213708400726
5339375104.0,0.025919456034898758
5340312576.0,0.017128203064203262
5341250048.0,0.005037530325353146
5342187520.0,-0.008697295561432838
5343124992.0,-0.024089006707072258
5344062464.0,-0.04190744459629059
5344999936.0,-0.061761148273944855
5345937408.0,-0.3465568721294403
5346874880.0,-0.36007559299468994
5347812352.0,-0.3747519254684448
5348749824.0,-0.38882699608802795
5349687296.0,-0.4019126892089844
5350624768.0,-0.4145869314670563
5351562752.0,-0.42647770047187805
5352500224.0,-0.43672388792037964
5353437696.0,-0.4459671080112457
5354375168.0,-0.45531371235847473
5355312640.0,-0.4627510607242584
5356250112.0,-0.4679983854293823
5357187584.0,-0.4728151261806488
5358125056.0,-0.4746673107147217
5359062528.0,-0.47326576709747314
5360000000.0,-0.4717191457748413
5360937472.0,-0.4679757356643677
5361874944.0,-0.4625202417373657
5362812416.0,-0.45527562499046326
5363749888.0,-0.4473140239715576
5364687360.0,-0.43786531686782837
5365624832.0,-0.4273127019405365
5366562304.0,-0.41529569029808044
5367499776.0,-0.40083566308021545
5368437248.0,-0.3867241144180298
5369375232.0,-0.37055882811546326
5370312704.0,-0.35520413517951965
5371250176.0,-0.33928316831588745
5372187648.0,-0.32100972533226013
5373125120.0,-0.30250248312950134
5374062592.0,-0.28340980410575867
5375000064.0,-0.26546189188957214
5375937536.0,-0.24660131335258484
5376875008.0,-0.22802142798900604
5377812480.0,-0.21028821170330048
5378749952.0,-0.1924370378255844
5379687424.0,-0.17505860328674316
5380624896.0,-0.15873581171035767
5381562368.0,-0.14412812888622284
5382499840.0,-0.12911470234394073
5383437312.0,-0.11499810218811035
5384374784.0,-0.10219694674015045
5385312256.0,-0.09059090912342072
5386250240.0,-0.08142070472240448
5387187712.0,-0.07435363531112671
5388125184.0,-0.06873662769794464
5389062656.0,-0.06494694203138351
5390000128.0,-0.06354562938213348
5390937600.0,-0.06498485058546066
5391875072.0,-0.06830104440450668
5392812544.0,-0.07457782328128815
5393750016.0,-0.0807366892695427
5394687488.0,-0.09147898852825165
5395624960.0,-0.10319182276725769
5396562432.0,-0.11648575216531754
5397499904.0,-0.13257397711277008
5398437376.0,-0.14947889745235443
5399374848.0,-0.16823852062225342
5400312320.0,-0.18748106062412262
5401249792.0,-0.20797230303287506
5402187264.0,-0.23036465048789978
5403125248.0,-0.2515302300453186
5404062720.0,-0.2733357548713684
5405000192.0,-0.29439324140548706
5405937664.0,-0.3381253182888031
5406875136.0,-0.3542739748954773
5407812608.0,-0.36791253089904785
5408750080.0,-0.3804647922515869
5409687552.0,-0.3905962407588959
5410625024.0,-0.398527592420578
5411562496.0,-0.40539953112602234
5412499968.0,-0.40944820642471313
5413437440.0,-0.4115964472293854
5414374912.0,-0.4104946553707123
5415312384.0,-0.4061817228794098
5416249856.0,-0.4003954231739044
5417187328.0,-0.3926764130592346
5418124800.0,-0.3814086318016052
5419062272.0,-0.36915138363838196
5420000256.0,-0.3541122376918793
5420937728.0,-0.33845674991607666
5421875200.0,-0.3200686275959015
5422812672.0,-0.3021411597728729
5423750144.0,-0.28214046359062195
5424687616.0,-0.26096829771995544
5425625088.0,-0.24000804126262665
5426562560.0,-0.21791091561317444
5427500032.0,-0.1959536373615265
5428437504.0,-0.17414335906505585
5429374976.0,-0.15225131809711456
5430312448.0,-0.13273665308952332
5431249920.0,-0.11264658719301224
5432187392.0,-0.09488853812217712
5433124864.0,-0.07829096913337708
5434062336.0,-0.06347686797380447
5434999808.0,-0.0499764084815979
5435937280.0,-0.03798024728894234
5436874752.0,-0.028140608221292496
5437812736.0,-0.021585332229733467
5438750208.0,-0.01587413065135479
5439687680.0,-0.013539202511310577
5440625152.0,-0.014030869118869305
5441562624.0,-0.01755499839782715
5442500096.0,-0.023074069991707802
5443437568.0,-0.030646873638033867
5444375040.0,-0.0420379675924778
5445312512.0,-0.05527395382523537
5446249984.0,-0.07021071761846542
5447187456.0,-0.0884581208229065
5448124928.0,-0.10852091759443283
5449062400.0,-0.1309994012117386
5449999872.0,-0.15424048900604248
5450937344.0,-0.17887966334819794
5451874816.0,-0.2048230618238449
5452812288.0,-0.232359379529953
5453749760.0,-0.26068922877311707
5454687744.0,-0.2894629240036011
5455625216.0,-0.31874406337738037
5456562688.0,-0.34577518701553345
5457500160.0,-0.37487712502479553
5458437632.0,-0.40205472707748413
5459375104.0,-0.42789486050605774
5460312576.0,-0.452044814825058
5461250048.0,-0.47531774640083313
5462187520.0,-0.4969310462474823
5463124992.0,-0.516160249710083
5464062464.0,-0.5343446135520935
5464999936.0,-0.5500567555427551
5465937408.0,-0.47342678904533386
5466874880.0,-0.48684147000312805
5467812352.0,-0.49908339977264404
5468749824.0,-0.5100143551826477
5469687296.0,-0.5184363126754761
5470624768.0,-0.5244154930114746
5471562752.0,-0.5272009968757629
5472500224.0,-0.5290359854698181
5473437696.0,-0.5255284309387207
5474375168.0,-0.5209722518920898
5475312640.0,-0.513278067111969
5476250112.0,-0.5028526186943054
5477187584.0,-0.4908417761325836
5478125056.0,-0.47741711139678955
5479062528.0,-0.46106812357902527
5480000000.0,-0.44374334812164307
5480937472.0,-0.4253411591053009
5481874944.0,-0.40476194024086
5482812416.0,-0.38394075632095337
5483749888.0,-0.36253997683525085
5484687360.0,-0.34108608961105347
5485624832.0,-0.3189954161643982
5486562304.0,-0.29761818051338196
5487499776.0,-0.2764393985271454
5488437248.0,-0.2561173439025879
5489375232.0,-0.2370971441268921
5490312704.0,-0.2197735756635666
5491250176.0,-0.20424498617649078
5492187648.0,-0.1896282285451889
5493125120.0,-0.1768806129693985
5494062592.0,-0.16716517508029938
5495000064.0,-0.15918198227882385
5495937536.0,-0.15291905403137207
5496875008.0,-0.1492919623851776
5497812480.0,-0.14838817715644836
5498749952.0,-0.15026059746742249
5499687424.0,-0.1541563868522644
5500624896.0,-0.16262269020080566
5501562368.0,-0.17192406952381134
5502499840.0,-0.18491049110889435
5503437312.0,-0.20039725303649902
5504374784.0,-0.21914386749267578
5505312256.0,-0.23953555524349213
5506250240.0,-0.262606143951416
5507187712.0,-0.28802692890167236
5508125184.0,-0.31369855999946594
5509062656.0,-0.34074318408966064
5510000128.0,-0.37127378582954407
5510937600.0,-0.40326690673828125
5511875072.0,-0.4360824227333069
5512812544.0,-0.4697590470314026
5513750016.0,-0.5038898587226868
5514687488.0,-0.5362375378608704
5515624960.0,-0.5694926977157593
5516562432.0,-0.6013910174369812
5517499904.0,-0.6339781880378723
5518437376.0,-0.665753185749054
5519374848.0,-0.6977232098579407
5520312320.0,-0.729732096195221
5521249792.0,-0.7597532868385315
5522187264.0,-0.7895271182060242
5523125248.0,-0.8184190988540649
5524062720.0,-0.8473084568977356
5525000192.0,-0.8760563731193542
5525937664.0,-0.7521654963493347
5526875136.0,-0.7660269737243652
5527812608.0,-0.7814280986785889
5528750080.0,-0.7980242371559143
5529687552.0,-0.813731849193573
5530625024.0,-0.8313217759132385
5531562496.0,-0.850673496723175
5532499968.0,-0.8703226447105408
5533437440.0,-0.8912257552146912
5534374912.0,-0.9116877317428589
5535312384.0,-0.933923602104187
5536249856.0,-0.9566822648048401
5537187328.0,-0.9788219928741455
5538124800.0,-1.0022188425064087
5539062272.0,-1.024190902709961
5539999744.0,-1.0449970960617065
5540937728.0,-1.0632109642028809
5541875200.0,-1.0786219835281372
5542812672.0,-1.0909286737442017
5543750144.0,-1.0989371538162231
5544687616.0,-1.1034820079803467
5545625088.0,-1.1041817665100098
5546562560.0,-1.1008775234222412
5547500032.0,-1.0925675630569458
5548437504.0,-1.0798534154891968
5549374976.0,-1.062755823135376
5550312448.0,-1.0433130264282227
5551249920.0,-1.0200742483139038
5552187392.0,-0.9930587410926819
5553124864.0,-0.9651468992233276
5554062336.0,-0.9346953630447388
5554999808.0,-0.9026704430580139
5555937280.0,-0.8709805607795715
5556874752.0,-0.8370691537857056
5557812736.0,-0.8053500652313232
5558750208.0,-0.7735607028007507
5559687680.0,-0.7436825037002563
5560625152.0,-0.7146891355514526
5561562624.0,-0.6874593496322632
5562500096.0,-0.6634159088134766
5563437568.0,-0.6415621638298035
5564375040.0,-0.6225342750549316
5565312512.0,-0.6061741709709167
5566249984.0,-0.5899067521095276
5567187456.0,-0.576028048992157
5568124928.0,-0.5630184412002563
5569062400.0,-0.5491412878036499
5569999872.0,-0.5362933874130249
5570937344.0,-0.5243045687675476
5571874816.0,-0.512022852897644
5572812288.0,-0.5006910562515259
5573749760.0,-0.4910648465156555
5574687744.0,-0.4804140627384186
5575625216.0,-0.4722321331501007
5576562688.0,-0.46548816561698914
5577500160.0,-0.4606723189353943
5578437632.0,-0.4561835527420044
5579375104.0,-0.45520615577697754
5580312576.0,-0.454123318195343
5581250048.0,-0.4540669620037079
5582187520.0,-0.45624205470085144
5583124992.0,-0.45786434412002563
5584062464.0,-0.46096211671829224
5584999936.0,-0.4646138846874237
5585937408.0,-0.4402696490287781
5586874880.0,-0.4325149953365326
5587812352.0,-0.4221178889274597
5588749824.0,-0.4103521406650543
5589687296.0,-0.39737212657928467
5590624768.0,-0.3821829557418823
5591562752.0,-0.3658793568611145
5592500224.0,-0.3495645523071289
5593437696.0,-0.3320351541042328
5594375168.0,-0.31356674432754517
5595312640.0,-0.2954740524291992
5596250112.0,-0.2751210927963257
5597187584.0,-0.25626733899116516
5598125056.0,-0.23711884021759033
5599062528.0,-0.21738232672214508
5600000000.0,-0.19942571222782135
5600937472.0,-0.18166565895080566
5601874944.0,-0.1634213924407959
5602812416.0,-0.14702124893665314
5603749888.0,-0.13272666931152344
5604687360.0,-0.11923640221357346
5605624832.0,-0.10813797265291214
5606562304.0,-0.09665413200855255
5607499776.0,-0.08821851015090942
5608437248.0,-0.08210085332393646
5609375232.0,-0.07722441852092743
5610312704.0,-0.07324658334255219
5611250176.0,-0.07073633372783661
5612187648.0,-0.07005449384450912
5613125120.0,-0.07325618714094162
5614062592.0,-0.07507187128067017
5615000064.0,-0.08097437769174576
5615937536.0,-0.08803196251392365
5616875008.0,-0.09623735398054123
5617812480.0,-0.10423386842012405
5618749952.0,-0.1146216094493866
5619687424.0,-0.12717771530151367
5620624896.0,-0.13961230218410492
5621562368.0,-0.15284593403339386
5622499840.0,-0.16573955118656158
5623437312.0,-0.18022432923316956
5624374784.0,-0.19423875212669373
5625312256.0,-0.20739251375198364
5626250240.0,-0.22058498859405518
5627187712.0,-0.23378561437129974
5628125184.0,-0.24661432206630707
5629062656.0,-0.25873878598213196
5630000128.0,-0.2695769667625427
5630937600.0,-0.27760520577430725
5631875072.0,-0.28670555353164673
5632812544.0,-0.2934434711933136
5633750016.0,-0.29822054505348206
5634687488.0,-0.30294671654701233
5635624960.0,-0.3053547143936157
5636562432.0,-0.3050461709499359
5637499904.0,-0.3042962849140167
5638437376.0,-0.300717294216156
5639374848.0,-0.29715579748153687
5640312320.0,-0.29040032625198364
5641249792.0,-0.28184428811073303
5642187264.0,-0.27344924211502075
5643125248.0,-0.2623019814491272
5644062720.0,-0.2508835196495056
5645000192.0,-0.23821137845516205
5645937664.0,-0.20050373673439026
5646875136.0,-0.20426705479621887
5647812608.0,-0.206675723195076
5648750080.0,-0.2081962376832962
5649687552.0,-0.20757268369197845
5650625024.0,-0.20642876625061035
5651562496.0,-0.20262666046619415
5652499968.0,-0.1981617510318756
5653437440.0,-0.19140000641345978
5654374912.0,-0.18425573408603668
5655312384.0,-0.17597031593322754
5656249856.0,-0.16772125661373138
5657187328.0,-0.15957413613796234
5658124800.0,-0.15107911825180054
5659062272.0,-0.1431465744972229
5660000256.0,-0.13544316589832306
5660937728.0,-0.1269693672657013
5661875200.0,-0.12082184106111526
5662812672.0,-0.11380183696746826
5663750144.0,-0.10784982144832611
5664687616.0,-0.10358177870512009
5665625088.0,-0.10029296576976776
5666562560.0,-0.09787926077842712
5667500032.0,-0.09632567316293716
5668437504.0,-0.09581662714481354
5669374976.0,-0.09687542915344238
5670312448.0,-0.09928861260414124
5671249920.0,-0.10203149914741516
5672187392.0,-0.10694936662912369
5673124864.0,-0.11321747303009033
5674062336.0,-0.1194017231464386
5674999808.0,-0.12643709778785706
5675937280.0,-0.13424992561340332
5676874752.0,-0.14284659922122955
5677812736.0,-0.15169484913349152
5678750208.0,-0.1605728715658188
5679687680.0,-0.17129290103912354
5680625152.0,-0.18059179186820984
5681562624.0,-0.18983261287212372
5682500096.0,-0.20022086799144745
5683437568.0,-0.20945987105369568
5684375040.0,-0.21933355927467346
5685312512.0,-0.22712881863117218
5686249984.0,-0.23430000245571136
5687187456.0,-0.2407282590866089
5688124928.0,-0.24661220610141754
5689062400.0,-0.2521846890449524
5689999872.0,-0.2573029398918152
5690937344.0,-0.26164621114730835
5691874816.0,-0.26586484909057617
5692812288.0,-0.26997169852256775
5693749760.0,-0.2737070918083191
5694687744.0,-0.278029203414917
5695625216.0,-0.28217560052871704
5696562688.0,-0.28497540950775146
5697500160.0,-0.28984811902046204
5698437632.0,-0.29387474060058594
5699375104.0,-0.2993471026420593
5700312576.0,-0.305413156747818
5701250048.0,-0.31216296553611755
5702187520.0,-0.3207969069480896
5703124992.0,-0.3299134373664856
5704062464.0,-0.33972010016441345
5704999936.0,-0.35122591257095337
5705937408.0,-0.24071674048900604
5706874880.0,-0.2594589293003082
5707812352.0,-0.27990609407424927
5708749824.0,-0.29947584867477417
5709687296.0,-0.31954458355903625
5710624768.0,-0.33721834421157837
5711562752.0,-0.3527427017688751
5712500224.0,-0.36766862869262695
5713437696.0,-0.3791523873806
5714375168.0,-0.389539897441864
5715312640.0,-0.395503968000412
5716250112.0,-0.39747583866119385
5717187584.0,-0.39546769857406616
5718125056.0,-0.3894141912460327
5719062528.0,-0.377951979637146
5720000000.0,-0.36290207505226135
5720937472.0,-0.34356895089149475
5721874944.0,-0.31924572587013245
5722812416.0,-0.29173311591148376
5723749888.0,-0.2593567371368408
5724687360.0,-0.22475998103618622
5725624832.0,-0.18734760582447052
5726562304.0,-0.1478337198495865
5727499776.0,-0.10749293118715286
5728437248.0,-0.06578939408063889
5729375232.0,-0.02433883026242256
5730312704.0,0.015939125791192055
5731250176.0,0.05382470041513443
5732187648.0,0.088969886302948
5733125120.0,0.12248126417398453
5734062592.0,0.15043891966342926
5735000064.0,0.17639146745204926
5735937536.0,0.19645261764526367
5736875008.0,0.2120121419429779
5737812480.0,0.22419065237045288
5738749952.0,0.23090413212776184
5739687424.0,0.23394761979579926
5740624896.0,0.23314733803272247
5741562368.0,0.228753462433815
5742499840.0,0.2202528566122055
5743437312.0,0.21022363007068634
5744374784.0,0.19785822927951813
5745312256.0,0.18523657321929932
5746250240.0,0.16832657158374786
5747187712.0,0.15344269573688507
5748125184.0,0.13848929107189178
5749062656.0,0.1232619434595108
5750000128.0,0.10901685804128647
5750937600.0,0.09510941058397293
5751875072.0,0.08252120763063431
5752812544.0,0.07136887311935425
5753750016.0,0.059945039451122284
5754687488.0,0.049710653722286224
5755624960.0,0.03526105359196663
5756562432.0,0.014398866333067417
5757499904.0,-0.00905052199959755
5758437376.0,-0.035229939967393875
5759374848.0,-0.06240762397646904
5760312320.0,-0.09149636328220367
5761249792.0,-0.12185218930244446
5762187264.0,-0.15372635424137115
5763125248.0,-0.18566957116127014
5764062720.0,-0.21542467176914215
5765000192.0,-0.24642504751682281
5765937664.0,-0.1926903873682022
5766875136.0,-0.2001359462738037
5767812608.0,-0.20815487205982208
5768750080.0,-0.21674732863903046
5769687552.0,-0.22636651992797852
5770625024.0,-0.23549894988536835
5771562496.0,-0.24437619745731354
5772499968.0,-0.2553941607475281
5773437440.0,-0.2644885182380676
5774374912.0,-0.2745226323604584
5775312384.0,-0.2849915623664856
5776249856.0,-0.2963167428970337
5777187328.0,-0.30651751160621643
5778124800.0,-0.31823214888572693
5779062272.0,-0.329192578792572
5779999744.0,-0.340497225522995
5780937728.0,-0.35094520449638367
5781875200.0,-0.3630916476249695
5782812672.0,-0.3732428550720215
5783750144.0,-0.383696973323822
5784687616.0,-0.393439918756485
5785625088.0,-0.4021916687488556
5786562560.0,-0.4101927578449249
5787500032.0,-0.41905391216278076
5788437504.0,-0.42589065432548523
5789374976.0,-0.43131494522094727
5790312448.0,-0.43711158633232117
5791249920.0,-0.4401038885116577
5792187392.0,-0.4435614049434662
5793124864.0,-0.44402948021888733
5794062336.0,-0.4443042576313019
5794999808.0,-0.4422348141670227
5795937280.0,-0.4386972188949585
5796874752.0,-0.4343888461589813
5797812736.0,-0.42841196060180664
5798750208.0,-0.41955211758613586
5799687680.0,-0.41101646423339844
5800625152.0,-0.398951917886734
5801562624.0,-0.38706710934638977
5802500096.0,-0.3725612461566925
5803437568.0,-0.3576880693435669
5804375040.0,-0.3402155339717865
5805312512.0,-0.3227623403072357
5806249984.0,-0.30226844549179077
5807187456.0,-0.28383004665374756
5808124928.0,-0.26476696133613586
5809062400.0,-0.24397221207618713
5809999872.0,-0.22541648149490356
5810937344.0,-0.2046164721250534
5811874816.0,-0.18634290993213654
5812812288.0,-0.16707290709018707
5813749760.0,-0.1498420238494873
5814687744.0,-0.13333795964717865
5815625216.0,-0.11834115535020828
5816562688.0,-0.10462773591279984
5817500160.0,-0.09168222546577454
5818437632.0,-0.08142542093992233
5819375104.0,-0.07300738245248795
5820312576.0,-0.0659281462430954
5821250048.0,-0.061208076775074005
5822187520.0,-0.056745368987321854
5823124992.0,-0.05454085022211075
5824062464.0,-0.05455591902136803
5824999936.0,-0.056379105895757675
5825937408.0,-0.24937120079994202
5826874880.0,-0.25160279870033264
5827812352.0,-0.25369593501091003
5828749824.0,-0.2552192509174347
5829687296.0,-0.25670385360717773
5830624768.0,-0.2588925063610077
5831562752.0,-0.2601592242717743
5832500224.0,-0.261881947517395
5833437696.0,-0.2657258212566376
5834375168.0,-0.2679775357246399
5835312640.0,-0.27208277583122253
5836250112.0,-0.2756497263908386
5837187584.0,-0.27870815992355347
5838125056.0,-0.28220975399017334
5839062528.0,-0.28617897629737854
5840000000.0,-0.29256749153137207
5840937472.0,-0.29849791526794434
5841874944.0,-0.30549320578575134
5842812416.0,-0.3115745484828949
5843749888.0,-0.3194946050643921
5844687360.0,-0.32527589797973633
5845624832.0,-0.333102822303772
5846562304.0,-0.33798861503601074
5847499776.0,-0.34421876072883606
5848437248.0,-0.350136399269104
5849375232.0,-0.3560737073421478
5850312704.0,-0.3613670766353607
5851250176.0,-0.3655242323875427
5852187648.0,-0.36973467469215393
5853125120.0,-0.3736172914505005
5854062592.0,-0.3764575123786926
5855000064.0,-0.37907615303993225
5855937536.0,-0.38053351640701294
5856875008.0,-0.38059866428375244
5857812480.0,-0.3822481036186218
5858749952.0,-0.38150641322135925
5859687424.0,-0.38004589080810547
5860624896.0,-0.37865549325942993
5861562368.0,-0.3761710524559021
5862499840.0,-0.3732980489730835
5863437312.0,-0.37116575241088867
5864374784.0,-0.36727526783943176
5865312256.0,-0.3641849160194397
5866250240.0,-0.3617430031299591
5867187712.0,-0.3593997359275818
5868125184.0,-0.3556726276874542
5869062656.0,-0.35288044810295105
5870000128.0,-0.3504451811313629
5870937600.0,-0.3472588360309601
5871875072.0,-0.3452698290348053
5872812544.0,-0.34360674023628235
5873750016.0,-0.3426799774169922
5874687488.0,-0.34280550479888916
5875624960.0,-0.34262606501579285
5876562432.0,-0.3432452082633972
5877499904.0,-0.3431631922721863
5878437376.0,-0.34463468194007874
5879374848.0,-0.34698304533958435
5880312320.0,-0.34917864203453064
5881249792.0,-0.3509558141231537
5882187264.0,-0.3548387885093689
5883125248.0,-0.35805514454841614
5884062720.0,-0.36169764399528503
5885000192.0,-0.36569681763648987
5885937664.0,-0.37677761912345886
5886875136.0,-0.38103994727134705
5887812608.0,-0.3844855725765228
5888750080.0,-0.3880002796649933
5889687552.0,-0.3908212184906006
5890625024.0,-0.3938430845737457
5891562496.0,-0.3959968090057373
5892499968.0,-0.3984605669975281
5893437440.0,-0.3999844193458557
5894374912.0,-0.40164297819137573
5895312384.0,-0.4020325839519501
5896249856.0,-0.4023314416408539
5897187328.0,-0.4031914174556732
5898124800.0,-0.4035947322845459
5899062272.0,-0.40346330404281616
5900000256.0,-0.4019964337348938
5900937728.0,-0.40207794308662415
5901875200.0,-0.4020458459854126
5902812672.0,-0.4010787010192871
5903750144.0,-0.4009866416454315
5904687616.0,-0.3997790217399597
5905625088.0,-0.398630827665329
5906562560.0,-0.3979687988758087
5907500032.0,-0.39885464310646057
5908437504.0,-0.3984597325325012
5909374976.0,-0.3986774981021881
5910312448.0,-0.39923030138015747
5911249920.0,-0.40169233083724976
5912187392.0,-0.40348148345947266
5913124864.0,-0.40548020601272583
5914062336.0,-0.4083075225353241
5914999808.0,-0.4114331901073456
5915937280.0,-0.414483904838562
5916874752.0,-0.41935938596725464
5917812736.0,-0.42521560192108154
5918750208.0,-0.4323333501815796
5919687680.0,-0.4386727809906006
5920625152.0,-0.44713231921195984
5921562624.0,-0.4536772072315216
5922500096.0,-0.4633401334285736
5923437568.0,-0.47261354327201843
5924375040.0,-0.4815996587276459
5925312512.0,-0.49216780066490173
5926249984.0,-0.5038723945617676
5927187456.0,-0.514795184135437
5928124928.0,-0.5257188677787781
5929062400.0,-0.5371288657188416
5929999872.0,-0.5480993390083313
5930937344.0,-0.5587506890296936
5931874816.0,-0.5690494775772095
5932812288.0,-0.5802837014198303
5933749760.0,-0.5891988277435303
5934687744.0,-0.5991032123565674
5935625216.0,-0.6079965829849243
5936562688.0,-0.6157539486885071
5937500160.0,-0.6248795390129089
5938437632.0,-0.6325411200523376
5939375104.0,-0.6393758058547974
5940312576.0,-0.6453149914741516
5941250048.0,-0.6505656838417053
5942187520.0,-0.6539648175239563
5943124992.0,-0.6567520499229431
5944062464.0,-0.6575210690498352
5944999936.0,-0.6576434969902039
5945937408.0,-0.4321429133415222
5946874880.0,-0.44685032963752747
5947812352.0,-0.46249693632125854
5948749824.0,-0.47772377729415894
5949687296.0,-0.49303150177001953
5950624768.0,-0.5088798403739929
5951562752.0,-0.5236090421676636
5952500224.0,-0.5379658341407776
5953437696.0,-0.5510611534118652
5954375168.0,-0.5615365505218506
5955312640.0,-0.5708193182945251
5956250112.0,-0.579408586025238
5957187584.0,-0.5858575105667114
5958125056.0,-0.5909044146537781
5959062528.0,-0.5944077968597412
5960000000.0,-0.595098614692688
5960937472.0,-0.5936571359634399
5961874944.0,-0.5907192826271057
5962812416.0,-0.5858368277549744
5963749888.0,-0.5797231793403625
5964687360.0,-0.5717958807945251
5965624832.0,-0.5625258088111877
5966562304.0,-0.5535795092582703
5967499776.0,-0.5423741340637207
5968437248.0,-0.5318319797515869
5969375232.0,-0.5201400518417358
5970312704.0,-0.5092666745185852
5971250176.0,-0.49740612506866455
5972187648.0,-0.48565739393234253
5973125120.0,-0.47405382990837097
5974062592.0,-0.46262335777282715
5975000064.0,-0.4522588551044464
5975937536.0,-0.443811297416687
5976875008.0,-0.43616342544555664
5977812480.0,-0.43042096495628357
5978749952.0,-0.42526569962501526
5979687424.0,-0.4209649860858917
5980624896.0,-0.4189397096633911
5981562368.0,-0.4169749617576599
5982499840.0,-0.4172225892543793
5983437312.0,-0.4161440432071686
5984374784.0,-0.41783925890922546
5985312256.0,-0.41968026757240295
5986250240.0,-0.42215120792388916
5987187712.0,-0.42520031332969666
5988125184.0,-0.42887571454048157
5989062656.0,-0.4340403378009796
5990000128.0,-0.439220130443573
5990937600.0,-0.44493722915649414
5991875072.0,-0.44929489493370056
5992812544.0,-0.4544760286808014
5993750016.0,-0.4594420790672302
5994687488.0,-0.46389588713645935
5995624960.0,-0.4689217209815979
5996562432.0,-0.47375041246414185
5997499904.0,-0.4788660705089569
5998437376.0,-0.48358073830604553
5999374848.0,-0.48849907517433167
6000312320.0,-0.4914858639240265
6001249792.0,-0.4961572587490082
6002187264.0,-0.4997337758541107
6003125248.0,-0.5033800005912781
6004062720.0,-0.506757915019989
6005000192.0,-0.4024234712123871
6005937664.0,-0.41028255224227905
6006875136.0,-0.4201943278312683
6007812608.0,-0.4303853213787079
6008750080.0,-0.4422834515571594
6009687552.0,-0.45529934763908386
6010625024.0,-0.47038495540618896
6011562496.0,-0.4859172999858856
6012499968.0,-0.5028201937675476
6013437440.0,-0.520516574382782
6014374912.0,-0.53861004114151
6015312384.0,-0.5577311515808105
6016249856.0,-0.5761003494262695
6017187328.0,-0.594453752040863
6018124800.0,-0.6122158765792847
6019062272.0,-0.6287969946861267
6019999744.0,-0.6458082795143127
6020937728.0,-0.6612054109573364
6021875200.0,-0.6751408576965332
6022812672.0,-0.6875007748603821
6023750144.0,-0.6989022493362427
6024687616.0,-0.7094961404800415
6025625088.0,-0.71836918592453
6026562560.0,-0.7253656387329102
6027500032.0,-0.7301547527313232
6028437504.0,-0.7317032814025879
6029374976.0,-0.7317706346511841
6030312448.0,-0.7296574115753174
6031249920.0,-0.7258663773536682
6032187392.0,-0.7192602157592773
6033124864.0,-0.7111707329750061
6034062336.0,-0.7019842863082886
6034999808.0,-0.6897187829017639
6035937280.0,-0.6780105233192444
6036874752.0,-0.6642541885375977
6037812736.0,-0.6490692496299744
6038750208.0,-0.6333891749382019
6039687680.0,-0.6188715100288391
6040625152.0,-0.6004915237426758
6041562624.0,-0.5844908952713013
6042500096.0,-0.5664511919021606
6043437568.0,-0.5498867630958557
6044375040.0,-0.5326040983200073
6045312512.0,-0.5163418650627136
6046249984.0,-0.49938660860061646
6047187456.0,-0.4843147099018097
6048124928.0,-0.4689527750015259
6049062400.0,-0.4559629261493683
6049999872.0,-0.44312620162963867
6050937344.0,-0.4318752586841583
6051874816.0,-0.42178434133529663
6052812288.0,-0.4125053286552429
6053749760.0,-0.4047645330429077
6054687744.0,-0.3972940444946289
6055625216.0,-0.39160290360450745
6056562688.0,-0.38743969798088074
6057500160.0,-0.38450244069099426
6058437632.0,-0.38313302397727966
6059375104.0,-0.3824536204338074
6060312576.0,-0.38417571783065796
6061250048.0,-0.3859311640262604
6062187520.0,-0.38831236958503723
6063124992.0,-0.3919698894023895
6064062464.0,-0.3978089690208435
6064999936.0,-0.3962935209274292
6065937408.0,-0.40268629789352417
6066874880.0,-0.4097771644592285
6067812352.0,-0.4167065918445587
6068749824.0,-0.4248373806476593
6069687296.0,-0.43348604440689087
6070624768.0,-0.44361555576324463
6071562752.0,-0.4535893201828003
6072500224.0,-0.46467289328575134
6073437696.0,-0.47553518414497375
6074375168.0,-0.4866105914115906
6075312640.0,-0.4976346790790558
6076250112.0,-0.5094397068023682
6077187584.0,-0.5203303694725037
6078125056.0,-0.5299404263496399
6079062528.0,-0.539856493473053
6080000000.0,-0.5493412613868713
6080937472.0,-0.5575164556503296
6081874944.0,-0.5662953853607178
6082812416.0,-0.5721263885498047
6083749888.0,-0.578701913356781
6084687360.0,-0.5832527279853821
6085624832.0,-0.5869097709655762
6086562304.0,-0.5909514427185059
6087499776.0,-0.5939338803291321
6088437248.0,-0.5951951146125793
6089375232.0,-0.5966840386390686
6090312704.0,-0.5975775122642517
6091250176.0,-0.5959888100624084
6092187648.0,-0.5937697291374207
6093125120.0,-0.5903438329696655
6094062592.0,-0.5838415622711182
6095000064.0,-0.577999472618103
6095937536.0,-0.5702798962593079
6096875008.0,-0.5618590116500854
6097812480.0,-0.5516089200973511
6098749952.0,-0.5420175194740295
6099687424.0,-0.5332438945770264
6100624896.0,-0.5224850177764893
6101562368.0,-0.5122443437576294
6102499840.0,-0.5026882886886597
6103437312.0,-0.492529958486557
6104374784.0,-0.4834691882133484
6105312256.0,-0.47378525137901306
6106250240.0,-0.46419867873191833
6107187712.0,-0.4550606310367584
6108125184.0,-0.4457137882709503
6109062656.0,-0.4371253550052643
6110000128.0,-0.4286801517009735
6110937600.0,-0.4203309714794159
6111875072.0,-0.41322091221809387
6112812544.0,-0.4066852331161499
6113750016.0,-0.40122753381729126
6114687488.0,-0.39525875449180603
6115624960.0,-0.3908562660217285
6116562432.0,-0.38682204484939575
6117499904.0,-0.38514092564582825
6118437376.0,-0.3827842175960541
6119374848.0,-0.38027605414390564
6120312320.0,-0.38057300448417664
6121249792.0,-0.3786877691745758
6122187264.0,-0.38059863448143005
6123125248.0,-0.38229304552078247
6124062720.0,-0.3844754993915558
6125000192.0,-0.5751405358314514
6125937664.0,-0.5860241651535034
6126875136.0,-0.5977141261100769
6127812608.0,-0.6079743504524231
6128750080.0,-0.6173350214958191
6129687552.0,-0.6254656314849854
6130625024.0,-0.6339618563652039
6131562496.0,-0.6396298408508301
6132499968.0,-0.6441845297813416
6133437440.0,-0.6493423581123352
6134374912.0,-0.6528860330581665
6135312384.0,-0.6568767428398132
6136249856.0,-0.6595166921615601
6137187328.0,-0.6606096625328064
6138124800.0,-0.6606000661849976
6139062272.0,-0.6611793637275696
6140000256.0,-0.6610627174377441
6140937728.0,-0.6599971055984497
6141875200.0,-0.6588035821914673
6142812672.0,-0.6563934087753296
6143750144.0,-0.6550681591033936
6144687616.0,-0.6520050764083862
6145625088.0,-0.6487486362457275
6146562560.0,-0.6446859836578369
6147500032.0,-0.6411843299865723
6148437504.0,-0.6383461356163025
6149374976.0,-0.6350842714309692
6150312448.0,-0.6327245235443115
6151249920.0,-0.631232500076294
6152187392.0,-0.6289774179458618
6153124864.0,-0.6282597780227661
6154062336.0,-0.6273998618125916
6154999808.0,-0.6257590651512146
6155937280.0,-0.6250566244125366
6156874752.0,-0.6248366832733154
6157812736.0,-0.6261575222015381
6158750208.0,-0.6264416575431824
6159687680.0,-0.6290127038955688
6160625152.0,-0.6312375664710999
6161562624.0,-0.6347411274909973
6162500096.0,-0.6375858783721924
6163437568.0,-0.6429486870765686
6164375040.0,-0.6465166211128235
6165312512.0,-0.6523821353912354
6166249984.0,-0.6563774943351746
6167187456.0,-0.6621969938278198
6168124928.0,-0.6683023571968079
6169062400.0,-0.6752665638923645
6169999872.0,-0.6822643280029297
6170937344.0,-0.6898423433303833
6171874816.0,-0.6979798078536987
6172812288.0,-0.7064464092254639
6173749760.0,-0.7139795422554016
6174687744.0,-0.7220478057861328
6175625216.0,-0.7295663952827454
6176562688.0,-0.7388179302215576
6177500160.0,-0.7468594908714294
6178437632.0,-0.7555946707725525
6179375104.0,-0.7634717226028442
6180312576.0,-0.7724644541740417
6181250048.0,-0.7804758548736572
6182187520.0,-0.7876551151275635
6183124992.0,-0.7956283688545227
6184062464.0,-0.8020362854003906
6184999936.0,-0.6381694078445435
6185937408.0,-0.6592277884483337
6186874880.0,-0.6785216331481934
6187812352.0,-0.6977101564407349
6188749824.0,-0.7178191542625427
6189687296.0,-0.7356593608856201
6190624768.0,-0.7533945441246033
6191562752.0,-0.7695466876029968
6192500224.0,-0.7877286672592163
6193437696.0,-0.8024016618728638
6194375168.0,-0.817279040813446
6195312640.0,-0.8316051363945007
6196250112.0,-0.8441722989082336
6197187584.0,-0.8561230897903442
6198125056.0,-0.8682368397712708
6199062528.0,-0.8777878284454346
6200000000.0,-0.8858972787857056
6200937472.0,-0.8922492265701294
6201874944.0,-0.8987600207328796
6202812416.0,-0.9024966955184937
6203749888.0,-0.9049265384674072
6204687360.0,-0.904276967048645
6205624832.0,-0.9028695225715637
6206562304.0,-0.8984474539756775
6207499776.0,-0.8917986154556274
6208437248.0,-0.8836086988449097
6209375232.0,-0.8743009567260742
6210312704.0,-0.8631413578987122
6211250176.0,-0.8520821332931519
6212187648.0,-0.8408401608467102
6213125120.0,-0.82884681224823
6214062592.0,-0.8156797289848328
6215000064.0,-0.8020954132080078
6215937536.0,-0.7880505323410034
6216875008.0,-0.7724213004112244
6217812480.0,-0.7577905654907227
6218749952.0,-0.7433817982673645
6219687424.0,-0.7293410301208496
6220624896.0,-0.7157052159309387
6221562368.0,-0.7032150626182556
6222499840.0,-0.6905546188354492
6223437312.0,-0.6776526570320129
6224374784.0,-0.6664090752601624
6225312256.0,-0.654981255531311
6226250240.0,-0.6447114944458008
6227187712.0,-0.6353752613067627
6228125184.0,-0.6289705038070679
6229062656.0,-0.6224687099456787
6230000128.0,-0.6182597875595093
6230937600.0,-0.6168105006217957
6231875072.0,-0.614803671836853
6232812544.0,-0.6153234839439392
6233750016.0,-0.61600261926651
6234687488.0,-0.6194007992744446
6235624960.0,-0.6228359937667847
6236562432.0,-0.6269599199295044
6237499904.0,-0.6337905526161194
6238437376.0,-0.640252947807312
6239374848.0,-0.6485868692398071
6240312320.0,-0.6581071019172668
6241249792.0,-0.6667964458465576
6242187264.0,-0.6756378412246704
6243125248.0,-0.6856827735900879
6244062720.0,-0.6973655819892883
6245000192.0,-0.7041667699813843
6245937664.0,-0.7168111205101013
6246875136.0,-0.7306691408157349
6247812608.0,-0.7438212633132935
6248750080.0,-0.7572961449623108
6249687552.0,-0.7721614837646484
6250625024.0,-0.7872442603111267
6251562496.0,-0.8009478449821472
6252499968.0,-0.8158272504806519
6253437440.0,-0.8304015398025513
6254374912.0,-0.843779444694519
6255312384.0,-0.8542805314064026
6256249856.0,-0.8637598752975464
6257187328.0,-0.8742718696594238
6258124800.0,-0.8833615183830261
6259062272.0,-0.8919901847839355
6259999744.0,-0.8988132476806641
6260937728.0,-0.9057610630989075
6261875200.0,-0.9108993411064148
6262812672.0,-0.915697455406189
6263750144.0,-0.9191340804100037
6264687616.0,-0.9206112623214722
6265625088.0,-0.92246413230896
6266562560.0,-0.9228556156158447
6267500032.0,-0.9232891201972961
6268437504.0,-0.9227983951568604
6269374976.0,-0.9217629432678223
6270312448.0,-0.9206627607345581
6271249920.0,-0.9170326590538025
6272187392.0,-0.9132254123687744
6273124864.0,-0.9082593321800232
6274062336.0,-0.9033343195915222
6274999808.0,-0.8985253572463989
6275937280.0,-0.8930891752243042
6276874752.0,-0.8889307379722595
6277812736.0,-0.8834437727928162
6278750208.0,-0.8783137202262878
6279687680.0,-0.8732607364654541
6280625152.0,-0.8691056370735168
6281562624.0,-0.864963173866272
6282500096.0,-0.8610316514968872
6283437568.0,-0.8592778444290161
6284375040.0,-0.8573732972145081
6285312512.0,-0.855614185333252
6286249984.0,-0.8555181622505188
6287187456.0,-0.8543210029602051
6288124928.0,-0.8552896976470947
6289062400.0,-0.857094943523407
6289999872.0,-0.8587300181388855
6290937344.0,-0.8618708848953247
6291874816.0,-0.865726888179779
6292812288.0,-0.8703743815422058
6293749760.0,-0.8775972723960876
6294687744.0,-0.8838427066802979
6295625216.0,-0.8916231989860535
6296562688.0,-0.89961838722229
6297500160.0,-0.9084725379943848
6298437632.0,-0.9167171716690063
6299375104.0,-0.9250186085700989
6300312576.0,-0.9338732361793518
6301250048.0,-0.9428231716156006
6302187520.0,-0.9527590274810791
6303124992.0,-0.9634649157524109
6304062464.0,-0.972637951374054
6304999936.0,-1.000753402709961
6305937408.0,-1.0104626417160034
6306874880.0,-1.0190032720565796
6307812352.0,-1.029780626296997
6308749824.0,-1.040266990661621
6309687296.0,-1.049536108970642
6310624768.0,-1.060011386871338
6311562752.0,-1.0704461336135864
6312500224.0,-1.0815647840499878
6313437696.0,-1.0921568870544434
6314375168.0,-1.1042152643203735
6315312640.0,-1.1155025959014893
6316250112.0,-1.1267708539962769
6317187584.0,-1.1393543481826782
6318125056.0,-1.1501071453094482
6319062528.0,-1.161771535873413
6320000000.0,-1.1730133295059204
6320937472.0,-1.1825600862503052
6321874944.0,-1.1952180862426758
6322812416.0,-1.2065948247909546
6323749888.0,-1.2183279991149902
6324687360.0,-1.2281808853149414
6325624832.0,-1.2381905317306519
6326562304.0,-1.2460861206054688
6327499776.0,-1.2548989057540894
6328437248.0,-1.2609416246414185
6329375232.0,-1.269659399986267
6330312704.0,-1.277279019355774
6331250176.0,-1.2840116024017334
6332187648.0,-1.2913353443145752
6333125120.0,-1.2969672679901123
6334062592.0,-1.301153540611267
6335000064.0,-1.304648518562317
6335937536.0,-1.3073155879974365
6336875008.0,-1.307702898979187
6337812480.0,-1.3083611726760864
6338749952.0,-1.308604121208191
6339687424.0,-1.3044804334640503
6340624896.0,-1.2982587814331055
6341562368.0,-1.2906478643417358
6342499840.0,-1.2806414365768433
6343437312.0,-1.2703771591186523
6344374784.0,-1.2587796449661255
6345312256.0,-1.2463245391845703
6346250240.0,-1.235497236251831
6347187712.0,-1.2247190475463867
6348125184.0,-1.2135595083236694
6349062656.0,-1.201370358467102
6350000128.0,-1.1889071464538574
6350937600.0,-1.176377296447754
6351875072.0,-1.1635417938232422
6352812544.0,-1.1512224674224854
6353750016.0,-1.1387529373168945
6354687488.0,-1.1270803213119507
6355624960.0,-1.1142724752426147
6356562432.0,-1.1015058755874634
6357499904.0,-1.0884674787521362
6358437376.0,-1.0766668319702148
6359374848.0,-1.0632580518722534
6360312320.0,-1.0518876314163208
6361249792.0,-1.0424879789352417
6362187264.0,-1.0347697734832764
6363125248.0,-1.027880311012268
6364062720.0,-1.0245294570922852
6365000192.0,-1.3877761363983154
6365937664.0,-1.4027577638626099
6366875136.0,-1.4183850288391113
6367812608.0,-1.4320595264434814
6368750080.0,-1.4475183486938477
6369687552.0,-1.4627416133880615
6370625024.0,-1.4778923988342285
6371562496.0,-1.493263602256775
6372499968.0,-1.5090867280960083
6373437440.0,-1.5245740413665771
6374374912.0,-1.5381873846054077
6375312384.0,-1.5526496171951294
6376249856.0,-1.5638242959976196
6377187328.0,-1.5744472742080688
6378124800.0,-1.5832546949386597
6379062272.0,-1.5904388427734375
6380000256.0,-1.5967071056365967
6380937728.0,-1.602023959159851
6381875200.0,-1.605764389038086
6382812672.0,-1.6088588237762451
6383750144.0,-1.6089695692062378
6384687616.0,-1.6096885204315186
6385625088.0,-1.608557939529419
6386562560.0,-1.6058645248413086
6387500032.0,-1.6010998487472534
6388437504.0,-1.5941343307495117
6389374976.0,-1.5870673656463623
6390312448.0,-1.577582836151123
6391249920.0,-1.5691863298416138
6392187392.0,-1.5587570667266846
6393124864.0,-1.5509428977966309
6394062336.0,-1.541502594947815
6394999808.0,-1.5342708826065063
6395937280.0,-1.5239348411560059
6396874752.0,-1.5150471925735474
6397812736.0,-1.5081150531768799
6398750208.0,-1.5011848211288452
6399687680.0,-1.494236946105957
6400625152.0,-1.4887166023254395
6401562624.0,-1.4824304580688477
6402500096.0,-1.4774242639541626
6403437568.0,-1.4744247198104858
6404375040.0,-1.4746661186218262
6405312512.0,-1.475409984588623
6406249984.0,-1.4799941778182983
6407187456.0,-1.484399437904358
6408124928.0,-1.4894235134124756
6409062400.0,-1.49574613571167
6409999872.0,-1.502949595451355
6410937344.0,-1.511062741279602
6411874816.0,-1.5215435028076172
6412812288.0,-1.5330413579940796
6413749760.0,-1.5461294651031494
6414687744.0,-1.5619328022003174
6415625216.0,-1.5817903280258179
6416562688.0,-1.6011182069778442
6417500160.0,-1.6237540245056152
6418437632.0,-1.646808385848999
6419375104.0,-1.6690739393234253
6420312576.0,-1.6934458017349243
6421250048.0,-1.7177146673202515
6422187520.0,-1.742751121520996
6423124992.0,-1.7679370641708374
6424062464.0,-1.7973568439483643
6424999936.0,-1.8303147554397583
6425937408.0,-1.865118384361267
6426874880.0,-1.8982603549957275
6427812352.0,-1.9317833185195923
6428749824.0,-1.9650812149047852
6429687296.0,-1.9950605630874634
6430624768.0,-2.023937702178955
6431562752.0,-2.0531768798828125
6432500224.0,-2.0817196369171143
6433437696.0,-2.108410358428955
6434375168.0,-2.1366076469421387
6435312640.0,-2.1639230251312256
6436250112.0,-2.188833475112915
6437187584.0,-2.211038112640381
6438125056.0,-2.2337801456451416
6439062528.0,-2.2536423206329346
6440000000.0,-2.2728588581085205
6440937472.0,-2.292464256286621
6441874944.0,-2.3089518547058105
6442812416.0,-2.3237550258636475
6443749888.0,-2.336205244064331
6444687360.0,-2.3479695320129395
6445624832.0,-2.357398509979248
6446562304.0,-2.36517071723938
6447499776.0,-2.370605945587158
6448437248.0,-2.3733835220336914
6449375232.0,-2.374572515487671
6450312704.0,-2.373929500579834
6451250176.0,-2.375056743621826
6452187648.0,-2.374821424484253
6453125120.0,-2.3754756450653076
6454062592.0,-2.3762893676757812
6455000064.0,-2.374058485031128
6455937536.0,-2.3716583251953125
6456875008.0,-2.3669703006744385
6457812480.0,-2.362560510635376
6458749952.0,-2.357621908187866
6459687424.0,-2.353458881378174
6460624896.0,-2.3500592708587646
6461562368.0,-2.3486063480377197
6462499840.0,-2.34853458404541
6463437312.0,-2.3497724533081055
6464374784.0,-2.349385976791382
6465312256.0,-2.350484848022461
6466250240.0,-2.3506977558135986
6467187712.0,-2.35125732421875
6468125184.0,-2.353163003921509
6469062656.0,-2.3539788722991943
6470000128.0,-2.3580830097198486
6470937600.0,-2.36106014251709
6471875072.0,-2.3670763969421387
6472812544.0,-2.373466730117798
6473750016.0,-2.3808088302612305
6474687488.0,-2.385776996612549
6475624960.0,-2.3939244747161865
6476562432.0,-2.406113386154175
6477499904.0,-2.419766664505005
6478437376.0,-2.439656972885132
6479374848.0,-2.4646286964416504
6480312320.0,-2.4933016300201416
6481249792.0,-2.5251240730285645
6482187264.0,-2.560967445373535
6483125248.0,-2.5985445976257324
6484062720.0,-2.6356146335601807
6485000192.0,-2.742513418197632
6485937664.0,-2.7701587677001953
6486875136.0,-2.7972233295440674
6487812608.0,-2.8225643634796143
6488750080.0,-2.8488500118255615
6489687552.0,-2.874166488647461
6490625024.0,-2.898731231689453
6491562496.0,-2.9253623485565186
6492499968.0,-2.951669931411743
6493437440.0,-2.9797377586364746
6494374912.0,-3.0085878372192383
6495312384.0,-3.0391902923583984
6496249856.0,-3.069708824157715
6497187328.0,-3.1024088859558105
6498124800.0,-3.1332879066467285
6499062272.0,-3.1647067070007324
6499999744.0,-3.1948189735412598
6500937728.0,-3.222444772720337
6501875200.0,-3.2498416900634766
6502812672.0,-3.274325132369995
6503750144.0,-3.299863815307617
6504687616.0,-3.3269712924957275
6505625088.0,-3.353644371032715
6506562560.0,-3.3812570571899414
6507500032.0,-3.407839775085449
6508437504.0,-3.4362430572509766
6509374976.0,-3.46462082862854
6510312448.0,-3.4931931495666504
6511249920.0,-3.521371364593506
6512187392.0,-3.5512783527374268
6513124864.0,-3.5823986530303955
6514062336.0,-3.6111106872558594
6514999808.0,-3.638201951980591
6515937280.0,-3.666127920150757
6516874752.0,-3.691667079925537
6517812736.0,-3.7186691761016846
6518750208.0,-3.7460215091705322
6519687680.0,-3.772681713104248
6520625152.0,-3.8001818656921387
6521562624.0,-3.8289873600006104
6522500096.0,-3.859586238861084
6523437568.0,-3.8919177055358887
6524375040.0,-3.92771053314209
6525312512.0,-3.96844220161438
6526249984.0,-4.008145332336426
6527187456.0,-4.050546169281006
6528124928.0,-4.093883037567139
6529062400.0,-4.139763832092285
6529999872.0,-4.185610771179199
6530937344.0,-4.231762886047363
6531874816.0,-4.279445648193359
6532812288.0,-4.32744836807251
6533749760.0,-4.374591827392578
6534687744.0,-4.4204511642456055
6535625216.0,-4.466468334197998
6536562688.0,-4.509966850280762
6537500160.0,-4.552287578582764
6538437632.0,-4.594928741455078
6539375104.0,-4.637129783630371
6540312576.0,-4.678404808044434
6541250048.0,-4.721943378448486
6542187520.0,-4.762822151184082
6543124992.0,-4.8072381019592285
6544062464.0,-4.851870059967041
6544999936.0,-4.892622947692871
6545937408.0,-4.944548606872559
6546874880.0,-4.999215126037598
6547812352.0,-5.050394058227539
6548749824.0,-5.103208065032959
6549687296.0,-5.154801368713379
6550624768.0,-5.202448844909668
6551562752.0,-5.251723289489746
6552500224.0,-5.299962997436523
6553437696.0,-5.3483476638793945
6554375168.0,-5.399202823638916
6555312640.0,-5.447783470153809
6556250112.0,-5.501043796539307
6557187584.0,-5.555610656738281
6558125056.0,-5.610441207885742
6559062528.0,-5.663632392883301
6560000000.0,-5.719721794128418
6560937472.0,-5.775574207305908
6561874944.0,-5.8321051597595215
6562812416.0,-5.889164447784424
6563749888.0,-5.944977283477783
6564687360.0,-6.001155853271484
6565624832.0,-6.059412956237793
6566562304.0,-6.119016647338867
6567499776.0,-6.1837639808654785
6568437248.0,-6.248101234436035
6569375232.0,-6.316625118255615
6570312704.0,-6.38334846496582
6571250176.0,-6.448702335357666
6572187648.0,-6.515658855438232
6573125120.0,-6.586827278137207
6574062592.0,-6.66214656829834
6575000064.0,-6.740561008453369
6575937536.0,-6.821524620056152
6576875008.0,-6.906463146209717
6577812480.0,-6.993230819702148
6578749952.0,-7.084500312805176
6579687424.0,-7.171300411224365
6580624896.0,-7.257911205291748
6581562368.0,-7.342506408691406
6582499840.0,-7.43092155456543
6583437312.0,-7.520003795623779
6584374784.0,-7.613977909088135
6585312256.0,-7.706964492797852
6586250240.0,-7.798368453979492
6587187712.0,-7.8921027183532715
6588125184.0,-7.983077049255371
6589062656.0,-8.0756196975708
6590000128.0,-8.165841102600098
6590937600.0,-8.259847640991211
6591875072.0,-8.349893569946289
6592812544.0,-8.44146728515625
6593750016.0,-8.533065795898438
6594687488.0,-8.624016761779785
6595624960.0,-8.719184875488281
6596562432.0,-8.821430206298828
6597499904.0,-8.922816276550293
6598437376.0,-9.029854774475098
6599374848.0,-9.136380195617676
6600312320.0,-9.240172386169434
6601249792.0,-9.346295356750488
6602187264.0,-9.449844360351562
6603125248.0,-9.553206443786621
6604062720.0,-9.660073280334473
6605000192.0,-9.765079498291016
6605937664.0,-9.875374794006348
6606875136.0,-9.986388206481934
6607812608.0,-10.092275619506836
6608750080.0,-10.192784309387207
6609687552.0,-10.282315254211426
6610625024.0,-10.364627838134766
6611562496.0,-10.438633918762207
6612499968.0,-10.510032653808594
6613437440.0,-10.586673736572266
6614374912.0,-10.659167289733887
6615312384.0,-10.737456321716309
6616249856.0,-10.810589790344238
6617187328.0,-10.88469409942627
6618124800.0,-10.961531639099121
6619062272.0,-11.036064147949219
6620000256.0,-11.114933967590332
6620937728.0,-11.194106101989746
6621875200.0,-11.270020484924316
6622812672.0,-11.340267181396484
6623750144.0,-11.402303695678711
6624687616.0,-11.454817771911621
6625625088.0,-11.509096145629883
6626562560.0,-11.561114311218262
6627500032.0,-11.609214782714844
6628437504.0,-11.6498441696167
6629374976.0,-11.677852630615234
6630312448.0,-11.697370529174805
6631249920.0,-11.708399772644043
6632187392.0,-11.71721076965332
6633124864.0,-11.719240188598633
6634062336.0,-11.719804763793945
6634999808.0,-11.713041305541992
6635937280.0,-11.699774742126465
6636874752.0,-11.680022239685059
6637812736.0,-11.657478332519531
6638750208.0,-11.63090991973877
6639687680.0,-11.607451438903809
6640625152.0,-11.583992958068848
6641562624.0,-11.556777000427246
6642500096.0,-11.533175468444824
6643437568.0,-11.502304077148438
6644375040.0,-11.464009284973145
6645312512.0,-11.408548355102539
6646249984.0,-11.345611572265625
6647187456.0,-11.270153045654297
6648124928.0,-11.187729835510254
6649062400.0,-11.106887817382812
6649999872.0,-11.023237228393555
6650937344.0,-10.94247817993164
6651874816.0,-10.857725143432617
6652812288.0,-10.769610404968262
6653749760.0,-10.680355072021484
6654687744.0,-10.588949203491211
6655625216.0,-10.4938325881958
6656562688.0,-10.396383285522461
6657500160.0,-10.292752265930176
6658437632.0,-10.190109252929688
6659375104.0,-10.086410522460938
6660312576.0,-9.983076095581055
6661250048.0,-9.879027366638184
6662187520.0,-9.773595809936523
6663124992.0,-9.672913551330566
6664062464.0,-9.573796272277832
6664999936.0,-9.45776653289795
6665937408.0,-9.358907699584961
6666874880.0,-9.26097297668457
6667812352.0,-9.160754203796387
6668749824.0,-9.057554244995117
6669687296.0,-8.951744079589844
6670624768.0,-8.845245361328125
6671562752.0,-8.737641334533691
6672500224.0,-8.627981185913086
6673437696.0,-8.522905349731445
6674375168.0,-8.419984817504883
6675312640.0,-8.316630363464355
6676250112.0,-8.2130126953125
6677187584.0,-8.109366416931152
6678125056.0,-8.00704288482666
6679062528.0,-7.906257629394531
6680000000.0,-7.811877250671387
6680937472.0,-7.718109607696533
6681874944.0,-7.622185230255127
6682812416.0,-7.524380683898926
6683749888.0,-7.426331043243408
6684687360.0,-7.330573558807373
6685624832.0,-7.240720272064209
6686562304.0,-7.155031681060791
6687499776.0,-7.072524547576904
6688437248.0,-6.995612621307373
6689375232.0,-6.9240922927856445
6690312704.0,-6.855244159698486
6691250176.0,-6.790645122528076
6692187648.0,-6.729246139526367
6693125120.0,-6.671436786651611
6694062592.0,-6.617815017700195
6695000064.0,-6.5649237632751465
6695937536.0,-6.510854244232178
6696875008.0,-6.456031799316406
6697812480.0,-6.398553371429443
6698749952.0,-6.339510917663574
6699687424.0,-6.282252311706543
6700624896.0,-6.224114894866943
6701562368.0,-6.169643402099609
6702499840.0,-6.11435604095459
6703437312.0,-6.058732986450195
6704374784.0,-5.999081134796143
6705312256.0,-5.939594745635986
6706250240.0,-5.878128528594971
6707187712.0,-5.817893028259277
6708125184.0,-5.7554755210876465
6709062656.0,-5.696069717407227
6710000128.0,-5.633210182189941
6710937600.0,-5.570515155792236
6711875072.0,-5.5097455978393555
6712812544.0,-5.446993827819824
6713750016.0,-5.381802558898926
6714687488.0,-5.3159332275390625
6715624960.0,-5.25063943862915
6716562432.0,-5.185550689697266
6717499904.0,-5.120864391326904
6718437376.0,-5.056994438171387
6719374848.0,-4.993989944458008
6720312320.0,-4.933582782745361
6721249792.0,-4.871251583099365
6722187264.0,-4.808069705963135
6723125248.0,-4.745114803314209
6724062720.0,-4.679697036743164
6725000192.0,-4.406393527984619
6725937664.0,-4.335220813751221
6726875136.0,-4.266929626464844
6727812608.0,-4.198122501373291
6728750080.0,-4.130244731903076
6729687552.0,-4.065357685089111
6730625024.0,-4.000424861907959
6731562496.0,-3.9378273487091064
6732499968.0,-3.876936674118042
6733437440.0,-3.8194315433502197
6734374912.0,-3.762256145477295
6735312384.0,-3.7079012393951416
6736249856.0,-3.657031536102295
6737187328.0,-3.608675956726074
6738124800.0,-3.5648646354675293
6739062272.0,-3.52665376663208
6739999744.0,-3.489217758178711
6740937728.0,-3.456723213195801
6741875200.0,-3.424821376800537
6742812672.0,-3.394066572189331
6743750144.0,-3.3628292083740234
6744687616.0,-3.3335580825805664
6745625088.0,-3.304725170135498
6746562560.0,-3.278388738632202
6747500032.0,-3.2528772354125977
6748437504.0,-3.23126482963562
6749374976.0,-3.2100794315338135
6750312448.0,-3.1905789375305176
6751249920.0,-3.1740589141845703
6752187392.0,-3.1540932655334473
6753124864.0,-3.1370086669921875
6754062336.0,-3.1205921173095703
6754999808.0,-3.1030263900756836
6755937280.0,-3.086008071899414
6756874752.0,-3.0671558380126953
6757812736.0,-3.048980951309204
6758750208.0,-3.030484199523926
6759687680.0,-3.0112786293029785
6760625152.0,-2.9916021823883057
6761562624.0,-2.9711849689483643
6762500096.0,-2.9476778507232666
6763437568.0,-2.9245312213897705
6764375040.0,-2.9016952514648438
6765312512.0,-2.8761887550354004
6766249984.0,-2.8522956371307373
6767187456.0,-2.8263261318206787
6768124928.0,-2.7998852729797363
6769062400.0,-2.771373748779297
6769999872.0,-2.7424778938293457
6770937344.0,-2.7129931449890137
6771874816.0,-2.684622049331665
6772812288.0,-2.6568398475646973
6773749760.0,-2.626607894897461
6774687744.0,-2.595912218093872
6775625216.0,-2.5638978481292725
6776562688.0,-2.5325658321380615
6777500160.0,-2.50083589553833
6778437632.0,-2.472043752670288
6779375104.0,-2.4438364505767822
6780312576.0,-2.4150681495666504
6781250048.0,-2.3871681690216064
6782187520.0,-2.357107162475586
6783124992.0,-2.3288965225219727
6784062464.0,-2.3016018867492676
6784999936.0,-2.2792539596557617
6785937408.0,-2.2456135749816895
6786874880.0,-2.2146387100219727
6787812352.0,-2.1846961975097656
6788749824.0,-2.1545679569244385
6789687296.0,-2.1245384216308594
6790624768.0,-2.096544027328491
6791562752.0,-2.0692689418792725
6792500224.0,-2.0453474521636963
6793437696.0,-2.0229029655456543
6794375168.0,-2.003100872039795
6795312640.0,-1.9852417707443237
6796250112.0,-1.9660686254501343
6797187584.0,-1.9480751752853394
6798125056.0,-1.9300822019577026
6799062528.0,-1.9137532711029053
6800000000.0,-1.8974262475967407
6800937472.0,-1.8832732439041138
6801874944.0,-1.8698817491531372
6802812416.0,-1.8569457530975342
6803749888.0,-1.8456147909164429
6804687360.0,-1.8337897062301636
6805624832.0,-1.8219619989395142
6806562304.0,-1.810412049293518
6807499776.0,-1.7985765933990479
6808437248.0,-1.7866357564926147
6809375232.0,-1.7758874893188477
6810312704.0,-1.762892246246338
6811250176.0,-1.7527164220809937
6812187648.0,-1.7423566579818726
6813125120.0,-1.7313158512115479
6814062592.0,-1.7192647457122803
6815000064.0,-1.7066576480865479
6815937536.0,-1.6939527988433838
6816875008.0,-1.6787605285644531
6817812480.0,-1.6648423671722412
6818749952.0,-1.6486427783966064
6819687424.0,-1.6308610439300537
6820624896.0,-1.6143020391464233
6821562368.0,-1.5957365036010742
6822499840.0,-1.5761961936950684
6823437312.0,-1.5558733940124512
6824374784.0,-1.5346765518188477
6825312256.0,-1.512598991394043
6826250240.0,-1.4897165298461914
6827187712.0,-1.4667354822158813
6828125184.0,-1.4436596632003784
6829062656.0,-1.4199137687683105
6830000128.0,-1.3934063911437988
6830937600.0,-1.3691425323486328
6831875072.0,-1.3456909656524658
6832812544.0,-1.3216067552566528
6833750016.0,-1.297922968864441
6834687488.0,-1.277345061302185
6835624960.0,-1.2559130191802979
6836562432.0,-1.2344177961349487
6837499904.0,-1.2147337198257446
6838437376.0,-1.1970736980438232
6839374848.0,-1.1780134439468384
6840312320.0,-1.1600178480148315
6841249792.0,-1.1433346271514893
6842187264.0,-1.128103256225586
6843125248.0,-1.114591121673584
6844062720.0,-1.1016145944595337
6845000192.0,-1.0643104314804077
6845937664.0,-1.0566589832305908
6846875136.0,-1.0492788553237915
6847812608.0,-1.0423237085342407
6848750080.0,-1.0380500555038452
6849687552.0,-1.0344266891479492
6850625024.0,-1.0322701930999756
6851562496.0,-1.0320155620574951
6852499968.0,-1.0317692756652832
6853437440.0,-1.0326159000396729
6854374912.0,-1.0353877544403076
6855312384.0,-1.0373871326446533
6856249856.0,-1.0404622554779053
6857187328.0,-1.0448689460754395
6858124800.0,-1.0505521297454834
6859062272.0,-1.0572396516799927
6860000256.0,-1.0649946928024292
6860937728.0,-1.0747621059417725
6861875200.0,-1.0833070278167725
6862812672.0,-1.0935816764831543
6863750144.0,-1.104724407196045
6864687616.0,-1.1160616874694824
6865625088.0,-1.1272690296173096
6866562560.0,-1.139378547668457
6867500032.0,-1.1512677669525146
6868437504.0,-1.1628767251968384
6869374976.0,-1.1729506254196167
6870312448.0,-1.1838798522949219
6871249920.0,-1.1920374631881714
6872187392.0,-1.1994189023971558
6873124864.0,-1.2066694498062134
6874062336.0,-1.2108018398284912
6874999808.0,-1.2137765884399414
6875937280.0,-1.214846134185791
6876874752.0,-1.2145928144454956
6877812736.0,-1.211737871170044
6878750208.0,-1.2080483436584473
6879687680.0,-1.1997401714324951
6880625152.0,-1.188798189163208
6881562624.0,-1.1739068031311035
6882500096.0,-1.1597111225128174
6883437568.0,-1.1413226127624512
6884375040.0,-1.1212538480758667
6885312512.0,-1.0996744632720947
6886249984.0,-1.0754072666168213
6887187456.0,-1.051191806793213
6888124928.0,-1.0236778259277344
6889062400.0,-0.9959195852279663
6889999872.0,-0.967912495136261
6890937344.0,-0.9388682246208191
6891874816.0,-0.9084290266036987
6892812288.0,-0.8791243433952332
6893749760.0,-0.8491257429122925
6894687744.0,-0.8190458416938782
6895625216.0,-0.7898745536804199
6896562688.0,-0.7604314088821411
6897500160.0,-0.7329013347625732
6898437632.0,-0.7039080262184143
6899375104.0,-0.6742440462112427
6900312576.0,-0.6483229994773865
6901250048.0,-0.6201613545417786
6902187520.0,-0.5947786569595337
6903124992.0,-0.5694965124130249
6904062464.0,-0.5441648960113525
6904999936.0,-0.500701904296875
6905937408.0,-0.49526795744895935
6906874880.0,-0.4927932024002075
6907812352.0,-0.4906061887741089
6908749824.0,-0.48851194977760315
6909687296.0,-0.4896010756492615
6910624768.0,-0.49205413460731506
6911562752.0,-0.49390628933906555
6912500224.0,-0.49804067611694336
6913437696.0,-0.5028319358825684
6914375168.0,-0.5092769265174866
6915312640.0,-0.5163642168045044
6916250112.0,-0.521757960319519
6917187584.0,-0.5303963422775269
6918125056.0,-0.5381901264190674
6919062528.0,-0.545209527015686
6920000000.0,-0.5551536679267883
6920937472.0,-0.563237726688385
6921874944.0,-0.5727371573448181
6922812416.0,-0.5812681317329407
6923749888.0,-0.5906611084938049
6924687360.0,-0.5993518829345703
6925624832.0,-0.6069297194480896
6926562304.0,-0.6140400767326355
6927499776.0,-0.6221937537193298
6928437248.0,-0.630014181137085
6929375232.0,-0.6357548832893372
6930312704.0,-0.641818642616272
6931250176.0,-0.6502965092658997
6932187648.0,-0.6580239534378052
6933125120.0,-0.6667101979255676
6934062592.0,-0.6749439835548401
6935000064.0,-0.6803037524223328
6935937536.0,-0.6865489482879639
6936875008.0,-0.6928870677947998
6937812480.0,-0.696785032749176
6938749952.0,-0.7003739476203918
6939687424.0,-0.7038001418113708
6940624896.0,-0.7058249115943909
6941562368.0,-0.7065805792808533
6942499840.0,-0.7064668536186218
6943437312.0,-0.7064390778541565
6944374784.0,-0.7049005627632141
6945312256.0,-0.703732967376709
6946250240.0,-0.7005512118339539
6947187712.0,-0.6952836513519287
6948125184.0,-0.6914631128311157
6949062656.0,-0.6861990094184875
6950000128.0,-0.6794783473014832
6950937600.0,-0.6717830896377563
6951875072.0,-0.6625977158546448
6952812544.0,-0.6531524062156677
6953750016.0,-0.6415207386016846
6954687488.0,-0.6310413479804993
6955624960.0,-0.617287278175354
6956562432.0,-0.6061362028121948
6957499904.0,-0.5940609574317932
6958437376.0,-0.5828537344932556
6959374848.0,-0.570326566696167
6960312320.0,-0.5562149286270142
6961249792.0,-0.5424172878265381
6962187264.0,-0.5278760194778442
6963125248.0,-0.5126996636390686
6964062720.0,-0.496904581785202
6965000192.0,-0.416980117559433
6965937664.0,-0.40833377838134766
6966875136.0,-0.4001610279083252
6967812608.0,-0.39168107509613037
6968750080.0,-0.3836095929145813
6969687552.0,-0.3751315474510193
6970625024.0,-0.3680446743965149
6971562496.0,-0.35959672927856445
6972499968.0,-0.3549352288246155
6973437440.0,-0.3474227488040924
6974374912.0,-0.34401097893714905
6975312384.0,-0.33920446038246155
6976249856.0,-0.3369045853614807
6977187328.0,-0.33454886078834534
6978124800.0,-0.333548903465271
6979062272.0,-0.333415687084198
6979999744.0,-0.3336220979690552
6980937728.0,-0.3354955017566681
6981875200.0,-0.33789941668510437
6982812672.0,-0.3411986231803894
6983750144.0,-0.34563925862312317
6984687616.0,-0.3497486710548401
6985625088.0,-0.3563478887081146
6986562560.0,-0.3619133234024048
6987500032.0,-0.37078604102134705
6988437504.0,-0.379360169172287
6989374976.0,-0.38912710547447205
6990312448.0,-0.4004487097263336
6991249920.0,-0.4110497534275055
6992187392.0,-0.4236067533493042
6993124864.0,-0.4372982978820801
6994062336.0,-0.4494374096393585
6994999808.0,-0.4623716175556183
6995937280.0,-0.47457754611968994
6996874752.0,-0.4874309301376343
6997812736.0,-0.49979153275489807
6998750208.0,-0.5117325186729431
6999687680.0,-0.5238682627677917
7000625152.0,-0.5349012017250061
7001562624.0,-0.5436390042304993
7002500096.0,-0.5522499680519104
7003437568.0,-0.5599926710128784
7004375040.0,-0.5659769177436829
7005312512.0,-0.5712275505065918
7006249984.0,-0.5752295851707458
7007187456.0,-0.5781229138374329
7008124928.0,-0.5784429311752319
7009062400.0,-0.5783888697624207
7009999872.0,-0.5757973790168762
7010937344.0,-0.57391756772995
7011874816.0,-0.56971675157547
7012812288.0,-0.5640019774436951
7013749760.0,-0.5567591190338135
7014687744.0,-0.5497906804084778
7015625216.0,-0.5423449873924255
7016562688.0,-0.534323513507843
7017500160.0,-0.524786114692688
7018437632.0,-0.5163061618804932
7019375104.0,-0.5057440996170044
7020312576.0,-0.4964790940284729
7021250048.0,-0.4869499206542969
7022187520.0,-0.47852227091789246
7023124992.0,-0.47007447481155396
7024062464.0,-0.46153637766838074
7024999936.0,-0.4347573518753052
7025937408.0,-0.4284142851829529
7026874880.0,-0.4213312268257141
7027812352.0,-0.4155355989933014
7028749824.0,-0.4114367663860321
7029687296.0,-0.40696191787719727
7030624768.0,-0.404805988073349
7031562752.0,-0.40295588970184326
7032500224.0,-0.40428540110588074
7033437696.0,-0.40582016110420227
7034375168.0,-0.40866199135780334
7035312640.0,-0.4137863516807556
7036250112.0,-0.41982075572013855
7037187584.0,-0.42672252655029297
7038125056.0,-0.43470990657806396
7039062528.0,-0.4444124400615692
7040000000.0,-0.45423686504364014
7040937472.0,-0.4643113613128662
7041874944.0,-0.47494927048683167
7042812416.0,-0.4849199056625366
7043749888.0,-0.49472910165786743
7044687360.0,-0.5039340853691101
7045624832.0,-0.5128635168075562
7046562304.0,-0.5213751792907715
7047499776.0,-0.528778076171875
7048437248.0,-0.5348252654075623
7049375232.0,-0.5385686755180359
7050312704.0,-0.5424730181694031
7051250176.0,-0.543628454208374
7052187648.0,-0.5429403185844421
7053125120.0,-0.5423509478569031
7054062592.0,-0.5375882387161255
7055000064.0,-0.5322102308273315
7055937536.0,-0.5253633260726929
7056875008.0,-0.5155290365219116
7057812480.0,-0.5035094022750854
7058749952.0,-0.48882928490638733
7059687424.0,-0.47235509753227234
7060624896.0,-0.4544653594493866
7061562368.0,-0.4352933466434479
7062499840.0,-0.4149208664894104
7063437312.0,-0.39359381794929504
7064374784.0,-0.37232258915901184
7065312256.0,-0.3498379588127136
7066250240.0,-0.32777100801467896
7067187712.0,-0.30654728412628174
7068125184.0,-0.28387030959129333
7069062656.0,-0.26277416944503784
7070000128.0,-0.24163886904716492
7070937600.0,-0.22126850485801697
7071875072.0,-0.20302438735961914
7072812544.0,-0.18497349321842194
7073750016.0,-0.16871534287929535
7074687488.0,-0.15504197776317596
7075624960.0,-0.14249059557914734
7076562432.0,-0.13054153323173523
7077499904.0,-0.12233403325080872
7078437376.0,-0.11486149579286575
7079374848.0,-0.11160960793495178
7080312320.0,-0.10923676937818527
7081249792.0,-0.10938664525747299
7082187264.0,-0.11177793890237808
7083125248.0,-0.11836496740579605
7084062720.0,-0.12423276156187057
7085000192.0,-0.2754128873348236
7085937664.0,-0.28627288341522217
7086875136.0,-0.2991834580898285
7087812608.0,-0.3136225640773773
7088750080.0,-0.3291761577129364
7089687552.0,-0.3480818271636963
7090625024.0,-0.3677068054676056
7091562496.0,-0.39000657200813293
7092499968.0,-0.41431355476379395
7093437440.0,-0.4409070909023285
7094374912.0,-0.46869879961013794
7095312384.0,-0.4995197057723999
7096249856.0,-0.5302121639251709
7097187328.0,-0.5624573826789856
7098124800.0,-0.5960332155227661
7099062272.0,-0.6302253603935242
7100000256.0,-0.6648472547531128
7100937728.0,-0.6981208920478821
7101875200.0,-0.7320887446403503
7102812672.0,-0.7644785642623901
7103750144.0,-0.7960361838340759
7104687616.0,-0.8259739279747009
7105625088.0,-0.8538599014282227
7106562560.0,-0.8786121010780334
7107500032.0,-0.8996784687042236
7108437504.0,-0.9178624749183655
7109374976.0,-0.9340558052062988
7110312448.0,-0.9440454244613647
7111249920.0,-0.9521802663803101
7112187392.0,-0.9564880132675171
7113124864.0,-0.9558340907096863
7114062336.0,-0.9506552219390869
7114999808.0,-0.9417548775672913
7115937280.0,-0.9290310144424438
7116874752.0,-0.9125086665153503
7117812736.0,-0.8938321471214294
7118750208.0,-0.8700445294380188
7119687680.0,-0.8440309762954712
7120625152.0,-0.8161686658859253
7121562624.0,-0.7851303815841675
7122500096.0,-0.7524610757827759
7123437568.0,-0.7182780504226685
7124375040.0,-0.6817766427993774
7125312512.0,-0.6459285616874695
7126249984.0,-0.6084942817687988
7127187456.0,-0.5707371830940247
7128124928.0,-0.5347727537155151
7129062400.0,-0.4986884891986847
7129999872.0,-0.46267032623291016
7130937344.0,-0.4276149272918701
7131874816.0,-0.39290860295295715
7132812288.0,-0.36115163564682007
7133749760.0,-0.3297654092311859
7134687744.0,-0.3009991943836212
7135625216.0,-0.2747301757335663
7136562688.0,-0.24962098896503448
7137500160.0,-0.2277546226978302
7138437632.0,-0.2065720558166504
7139375104.0,-0.1877390444278717
7140312576.0,-0.17027975618839264
7141250048.0,-0.15420082211494446
7142187520.0,-0.1401945948600769
7143124992.0,-0.12896455824375153
7144062464.0,-0.21607668697834015
7144999936.0,-0.2139861136674881
7145937408.0,-0.21500331163406372
7146874880.0,-0.21577414870262146
7147812352.0,-0.2177528440952301
7148749824.0,-0.22134074568748474
7149687296.0,-0.22556127607822418
7150624768.0,-0.23092113435268402
7151562752.0,-0.2368345409631729
7152500224.0,-0.244679257273674
7153437696.0,-0.25517797470092773
7154375168.0,-0.2661556005477905
7155312640.0,-0.2799689471721649
7156250112.0,-0.2961888611316681
7157187584.0,-0.3156373202800751
7158125056.0,-0.3365366756916046
7159062528.0,-0.3614627420902252
7160000000.0,-0.3878800868988037
7160937472.0,-0.41495975852012634
7161874944.0,-0.4400867819786072
7162812416.0,-0.4603789746761322
7163749888.0,-0.4785310626029968
7164687360.0,-0.493056982755661
7165624832.0,-0.5041715502738953
7166562304.0,-0.5130580067634583
7167499776.0,-0.5183771848678589
7168437248.0,-0.5223132371902466
7169375232.0,-0.5249520540237427
7170312704.0,-0.5263673067092896
7171250176.0,-0.5279516577720642
7172187648.0,-0.5301185846328735
7173125120.0,-0.5354112386703491
7174062592.0,-0.5423697829246521
7175000064.0,-0.5508868098258972
7175937536.0,-0.5609423518180847
7176875008.0,-0.5736892819404602
7177812480.0,-0.5890806317329407
7178749952.0,-0.6073258519172668
7179687424.0,-0.6257133483886719
7180624896.0,-0.6464163064956665
7181562368.0,-0.6671066880226135
7182499840.0,-0.6881921291351318
7183437312.0,-0.709213137626648
7184374784.0,-0.729611873626709
7185312256.0,-0.7485464811325073
7186250240.0,-0.7651562094688416
7187187712.0,-0.7790828347206116
7188125184.0,-0.7918820381164551
7189062656.0,-0.7992106080055237
7190000128.0,-0.803363561630249
7190937600.0,-0.8030627369880676
7191875072.0,-0.8005672097206116
7192812544.0,-0.7929014563560486
7193750016.0,-0.7824164032936096
7194687488.0,-0.7686399221420288
7195624960.0,-0.7503923773765564
7196562432.0,-0.7305148839950562
7197499904.0,-0.7077332139015198
7198437376.0,-0.6820985674858093
7199374848.0,-0.6556081771850586
7200312320.0,-0.6271113753318787
7201249792.0,-0.6003504395484924
7202187264.0,-0.5734251737594604
7203125248.0,-0.5479862093925476
7204062720.0,-0.668794572353363
7205000192.0,-0.6617914438247681
7205937664.0,-0.6557888388633728
7206875136.0,-0.6501428484916687
7207812608.0,-0.649825930595398
7208750080.0,-0.6494238972663879
7209687552.0,-0.6529520750045776
7210625024.0,-0.6572644114494324
7211562496.0,-0.6673154234886169
7212499968.0,-0.6807138919830322
7213437440.0,-0.6948080062866211
7214374912.0,-0.7116062641143799
7215312384.0,-0.7296016216278076
7216249856.0,-0.7487029433250427
7217187328.0,-0.7694056034088135
7218124800.0,-0.7893585562705994
7219062272.0,-0.8099688291549683
7219999744.0,-0.829836368560791
7220937728.0,-0.8496444821357727
7221875200.0,-0.8685527443885803
7222812672.0,-0.8866494297981262
7223750144.0,-0.902904748916626
7224687616.0,-0.91756671667099
7225625088.0,-0.9289353489875793
7226562560.0,-0.9383459687232971
7227500032.0,-0.9468415975570679
7228437504.0,-0.9536815881729126
7229374976.0,-0.9573502540588379
7230312448.0,-0.9609395861625671
7231249920.0,-0.9633117914199829
7232187392.0,-0.963330090045929
7233124864.0,-0.9622933864593506
7234062336.0,-0.9588750004768372
7234999808.0,-0.9562835097312927
7235937280.0,-0.9517933130264282
7236874752.0,-0.9464473724365234
7237812736.0,-0.9417592287063599
7238750208.0,-0.9369628429412842
7239687680.0,-0.9325031638145447
7240625152.0,-0.927983283996582
7241562624.0,-0.9261356592178345
7242500096.0,-0.9234196543693542
7243437568.0,-0.9214039444923401
7244375040.0,-0.9209654331207275
7245312512.0,-0.920321524143219
7246249984.0,-0.9220284223556519
7247187456.0,-0.9240357279777527
7248124928.0,-0.929264485836029
7249062400.0,-0.9327050447463989
7249999872.0,-0.9393432140350342
7250937344.0,-0.9475380778312683
7251874816.0,-0.9574870467185974
7252812288.0,-0.968703031539917
7253749760.0,-0.9817293286323547
7254687744.0,-0.9971930384635925
7255625216.0,-1.0117127895355225
7256562688.0,-1.02826726436615
7257500160.0,-1.044783115386963
7258437632.0,-1.0614439249038696
7259375104.0,-1.0788620710372925
7260312576.0,-1.0966699123382568
7261250048.0,-1.1150959730148315
7262187520.0,-1.131174087524414
7263124992.0,-1.1454590559005737
7264062464.0,-1.1755274534225464
7264999936.0,-1.1907037496566772
7265937408.0,-1.207051157951355
7266874880.0,-1.2234190702438354
7267812352.0,-1.2393709421157837
7268749824.0,-1.2565323114395142
7269687296.0,-1.2718744277954102
7270624768.0,-1.2868202924728394
7271562752.0,-1.3007352352142334
7272500224.0,-1.3118070363998413
7273437696.0,-1.3214752674102783
7274375168.0,-1.3307384252548218
7275312640.0,-1.3362702131271362
7276250112.0,-1.341951608657837
7277187584.0,-1.3435808420181274
7278125056.0,-1.3433983325958252
7279062528.0,-1.3414192199707031
7280000000.0,-1.3370025157928467
7280937472.0,-1.330944538116455
7281874944.0,-1.3225362300872803
7282812416.0,-1.3113768100738525
7283749888.0,-1.298330307006836
7284687360.0,-1.2844301462173462
7285624832.0,-1.2678052186965942
7286562304.0,-1.2498314380645752
7287499776.0,-1.2300279140472412
7288437248.0,-1.2087558507919312
7289375232.0,-1.1842492818832397
7290312704.0,-1.1582282781600952
7291250176.0,-1.128983974456787
7292187648.0,-1.0978766679763794
7293125120.0,-1.0663307905197144
7294062592.0,-1.0331515073776245
7295000064.0,-0.9997315406799316
7295937536.0,-0.9638322591781616
7296875008.0,-0.9280788898468018
7297812480.0,-0.89136803150177
7298749952.0,-0.8535490036010742
7299687424.0,-0.8164026737213135
7300624896.0,-0.7794358134269714
7301562368.0,-0.7424294352531433
7302499840.0,-0.7067202925682068
7303437312.0,-0.6702854633331299
7304374784.0,-0.6347540616989136
7305312256.0,-0.6009846925735474
7306250240.0,-0.5673263072967529
7307187712.0,-0.5354443192481995
7308125184.0,-0.5043013691902161
7309062656.0,-0.47478291392326355
7310000128.0,-0.4454345703125
7310937600.0,-0.41817936301231384
7311875072.0,-0.39253687858581543
7312812544.0,-0.36986953020095825
7313750016.0,-0.35102328658103943
7314687488.0,-0.3330891728401184
7315624960.0,-0.3158194124698639
7316562432.0,-0.3017350733280182
7317499904.0,-0.28916552662849426
7318437376.0,-0.276687353849411
7319374848.0,-0.2669024169445038
7320312320.0,-0.2591606378555298
7321249792.0,-0.25316551327705383
7322187264.0,-0.24855118989944458
7323125248.0,-0.24698162078857422
7324062720.0,-0.4080877900123596
7325000192.0,-0.40528997778892517
7325937664.0,-0.4042414128780365
7326875136.0,-0.4040788412094116
7327812608.0,-0.4065272808074951
7328750080.0,-0.41045790910720825
7329687552.0,-0.41595545411109924
7330625024.0,-0.4225698709487915
7331562496.0,-0.42992255091667175
7332499968.0,-0.4403347074985504
7333437440.0,-0.44956910610198975
7334374912.0,-0.45903000235557556
7335312384.0,-0.4711497724056244
7336249856.0,-0.4818038046360016
7337187328.0,-0.49424558877944946
7338124800.0,-0.5050613880157471
7339062272.0,-0.5159325003623962
7340000256.0,-0.5257592797279358
7340937728.0,-0.5347310900688171
7341875200.0,-0.5446151494979858
7342812672.0,-0.5521841645240784
7343750144.0,-0.5587893724441528
7344687616.0,-0.5636551380157471
7345625088.0,-0.5681196451187134
7346562560.0,-0.5704910159111023
7347500032.0,-0.571706235408783
7348437504.0,-0.5709860324859619
7349374976.0,-0.5699837803840637
7350312448.0,-0.5671083331108093
7351249920.0,-0.562445342540741
7352187392.0,-0.5577487349510193
7353124864.0,-0.5505077838897705
7354062336.0,-0.5417174696922302
7354999808.0,-0.5315879583358765
7355937280.0,-0.5211406946182251
7356874752.0,-0.5094336867332458
7357812736.0,-0.497406929731369
7358750208.0,-0.48435336351394653
7359687680.0,-0.47128424048423767
7360625152.0,-0.4567103683948517
7361562624.0,-0.4435005187988281
7362500096.0,-0.42839258909225464
7363437568.0,-0.4138084948062897
7364375040.0,-0.3951164484024048
7365312512.0,-0.37678518891334534
7366249984.0,-0.3568451702594757
7367187456.0,-0.3383241593837738
7368124928.0,-0.3185887634754181
7369062400.0,-0.3005022704601288
7369999872.0,-0.2818814814090729
7370937344.0,-0.2622043192386627
7371874816.0,-0.243092343211174
7372812288.0,-0.22448232769966125
7373749760.0,-0.2048276960849762
7374687744.0,-0.18418127298355103
7375625216.0,-0.1641719788312912
7376562688.0,-0.14377285540103912
7377500160.0,-0.12360531836748123
7378437632.0,-0.10140868276357651
7379375104.0,-0.07943524420261383
7380312576.0,-0.05802641436457634
7381250048.0,-0.03478330746293068
7382187520.0,-0.012114368379116058
7383124992.0,0.009762321598827839
7384062464.0,0.028486568480730057
7384999936.0,0.035586703568696976
7385937408.0,0.0424533411860466
7386874880.0,0.048661958426237106
7387812352.0,0.05370745807886124
7388749824.0,0.05927213281393051
7389687296.0,0.06460387259721756
7390624768.0,0.06935571879148483
7391562752.0,0.07392459362745285
7392500224.0,0.07837879657745361
7393437696.0,0.08375488221645355
7394375168.0,0.08886611461639404
7395312640.0,0.09400968998670578
7396250112.0,0.09934214502573013
7397187584.0,0.10696638375520706
7398125056.0,0.11255580931901932
7399062528.0,0.12118572741746902
7400000000.0,0.12690623104572296
7400937472.0,0.13506241142749786
7401874944.0,0.14226379990577698
7402812416.0,0.14931167662143707
7403749888.0,0.1567988246679306
7404687360.0,0.16270241141319275
7405624832.0,0.16833922266960144
7406562304.0,0.17207100987434387
7407499776.0,0.1747177094221115
7408437248.0,0.17690466344356537
7409375232.0,0.17596501111984253
7410312704.0,0.1724105328321457
7411250176.0,0.16801410913467407
7412187648.0,0.15963122248649597
7413125120.0,0.14936892688274384
7414062592.0,0.13677065074443817
7415000064.0,0.12196768820285797
7415937536.0,0.10416369885206223
7416875008.0,0.085259810090065
7417812480.0,0.06449141353368759
7418749952.0,0.04066956415772438
7419687424.0,0.017255248501896858
7420624896.0,-0.008108951151371002
7421562368.0,-0.03301578387618065
7422499840.0,-0.05965644493699074
7423437312.0,-0.08514939993619919
7424374784.0,-0.11015496402978897
7425312256.0,-0.134334534406662
7426250240.0,-0.15834929049015045
7427187712.0,-0.18037962913513184
7428125184.0,-0.20208194851875305
7429062656.0,-0.22063739597797394
7430000128.0,-0.23862606287002563
7430937600.0,-0.2564968168735504
7431875072.0,-0.2713153064250946
7432812544.0,-0.283840537071228
7433750016.0,-0.29629144072532654
7434687488.0,-0.30869510769844055
7435624960.0,-0.3179672956466675
7436562432.0,-0.32607313990592957
7437499904.0,-0.3338567614555359
7438437376.0,-0.3400610387325287
7439374848.0,-0.3459996283054352
7440312320.0,-0.3499968647956848
7441249792.0,-0.35221704840660095
7442187264.0,-0.35302942991256714
7443125248.0,-0.35413429141044617
7444062720.0,-0.1442686915397644
7445000192.0,-0.1256604939699173
7445937664.0,-0.11002615839242935
7446875136.0,-0.09570174664258957
7447812608.0,-0.083722785115242
7448750080.0,-0.07566765695810318
7449687552.0,-0.06940879672765732
7450625024.0,-0.0635753944516182
7451562496.0,-0.059185948222875595
7452499968.0,-0.05640960484743118
7453437440.0,-0.05305704474449158
7454374912.0,-0.052356503903865814
7455312384.0,-0.050143029540777206
7456249856.0,-0.048018019646406174
7457187328.0,-0.04567326232790947
7458124800.0,-0.042935244739055634
7459062272.0,-0.038246944546699524
7459999744.0,-0.03280068561434746
7460937728.0,-0.02758849784731865
7461875200.0,-0.021170873194932938
7462812672.0,-0.013404176570475101
7463750144.0,-0.005171675235033035
7464687616.0,0.00420699268579483
7465625088.0,0.014099424704909325
7466562560.0,0.025559578090906143
7467500032.0,0.036311302334070206
7468437504.0,0.04861701652407646
7469374976.0,0.06073803827166557
7470312448.0,0.07379033416509628
7471249920.0,0.08635782450437546
7472187392.0,0.09826953709125519
7473124864.0,0.11078152060508728
7474062336.0,0.12233403325080872
7474999808.0,0.13292501866817474
7475937280.0,0.14331364631652832
7476874752.0,0.15254716575145721
7477812736.0,0.15992961823940277
7478750208.0,0.1664939820766449
7479687680.0,0.1720099151134491
7480625152.0,0.17604705691337585
7481562624.0,0.1787150651216507
7482500096.0,0.1792517602443695
7483437568.0,0.17882664501667023
7484375040.0,0.176499143242836
7485312512.0,0.17184995114803314
7486249984.0,0.16752345860004425
7487187456.0,0.16117657721042633
7488124928.0,0.1526486724615097
7489062400.0,0.144616961479187
7489999872.0,0.13350798189640045
7490937344.0,0.12047760933637619
7491874816.0,0.10523197799921036
7492812288.0,0.08819156140089035
7493749760.0,0.07080012559890747
7494687744.0,0.053880833089351654
7495625216.0,0.034670840948820114
7496562688.0,0.015879066661000252
7497500160.0,-0.0034367514308542013
7498437632.0,-0.02058006264269352
7499375104.0,-0.039482954889535904
7500312576.0,-0.05718234181404114
7501250048.0,-0.07511687278747559
7502187520.0,-0.09180577099323273
7503124992.0,-0.1067371591925621
7504062464.0,-0.09381712973117828
7504999936.0,-0.10395453125238419
7505937408.0,-0.11375360935926437
7506874880.0,-0.12482298165559769
7507812352.0,-0.13395054638385773
7508749824.0,-0.14433282613754272
7509687296.0,-0.15342238545417786
7510624768.0,-0.1615307778120041
7511562752.0,-0.1710433065891266
7512500224.0,-0.1780472844839096
7513437696.0,-0.1840415745973587
7514375168.0,-0.19037337601184845
7515312640.0,-0.1963375061750412
7516250112.0,-0.20038676261901855
7517187584.0,-0.20494583249092102
7518125056.0,-0.208303764462471
7519062528.0,-0.21170061826705933
7520000000.0,-0.21396245062351227
7520937472.0,-0.2143183946609497
7521874944.0,-0.21373413503170013
7522812416.0,-0.21222439408302307
7523749888.0,-0.21057246625423431
7524687360.0,-0.20692023634910583
7525624832.0,-0.20255431532859802
7526562304.0,-0.19700783491134644
7527499776.0,-0.19050848484039307
7528437248.0,-0.18249279260635376
7529375232.0,-0.1741267293691635
7530312704.0,-0.1651436686515808
7531250176.0,-0.1547425538301468
7532187648.0,-0.14402712881565094
7533125120.0,-0.1309068202972412
7534062592.0,-0.11802611500024796
7535000064.0,-0.1047874167561531
7535937536.0,-0.09061802178621292
7536875008.0,-0.07508815079927444
7537812480.0,-0.05880894511938095
7538749952.0,-0.04263768717646599
7539687424.0,-0.025195254012942314
7540624896.0,-0.008432439528405666
7541562368.0,0.009478220716118813
7542499840.0,0.028984196484088898
7543437312.0,0.049532677978277206
7544374784.0,0.07094752788543701
7545312256.0,0.09140686690807343
7546250240.0,0.11226708441972733
7547187712.0,0.13348951935768127
7548125184.0,0.1538832038640976
7549062656.0,0.1749131977558136
7550000128.0,0.19644811749458313
7550937600.0,0.21691526472568512
7551875072.0,0.23659338057041168
7552812544.0,0.2560841143131256
7553750016.0,0.27439454197883606
7554687488.0,0.29276904463768005
7555624960.0,0.3096318244934082
7556562432.0,0.3256132900714874
7557499904.0,0.3398316204547882
7558437376.0,0.3535793125629425
7559374848.0,0.36490312218666077
7560312320.0,0.3749846816062927
7561249792.0,0.3831719160079956
7562187264.0,0.3897073566913605
7563125248.0,0.3931264579296112
7564062720.0,0.17499960958957672
7565000192.0,0.1741451770067215
7565937664.0,0.17368455231189728
7566875136.0,0.1712486743927002
7567812608.0,0.17013391852378845
7568750080.0,0.16771763563156128
7569687552.0,0.16491152346134186
7570625024.0,0.16016465425491333
7571562496.0,0.15555237233638763
7572499968.0,0.1494392603635788
7573437440.0,0.1419728398323059
7574374912.0,0.13307994604110718
7575312384.0,0.12311334162950516
7576249856.0,0.11246047168970108
7577187328.0,0.09992331266403198
7578124800.0,0.0877591073513031
7579062272.0,0.07398511469364166
7580000256.0,0.05893855541944504
7580937728.0,0.04337888956069946
7581875200.0,0.027023328468203545
7582812672.0,0.009463999420404434
7583750144.0,-0.008688531816005707
7584687616.0,-0.02886727638542652
7585625088.0,-0.047496497631073
7586562560.0,-0.06723242998123169
7587500032.0,-0.08743224292993546
7588437504.0,-0.10757676512002945
7589374976.0,-0.129109188914299
7590312448.0,-0.1487719565629959
7591249920.0,-0.16860975325107574
7592187392.0,-0.1890535205602646
7593124864.0,-0.20842726528644562
7594062336.0,-0.2265647053718567
7594999808.0,-0.24394185841083527
7595937280.0,-0.26031404733657837
7596874752.0,-0.2762039303779602
7597812736.0,-0.2901228070259094
7598750208.0,-0.30251023173332214
7599687680.0,-0.313946008682251
7600625152.0,-0.3235628604888916
7601562624.0,-0.3312118649482727
7602500096.0,-0.33734211325645447
7603437568.0,-0.342135488986969
7604375040.0,-0.3439556062221527
7605312512.0,-0.34397318959236145
7606249984.0,-0.34247326850891113
7607187456.0,-0.340646892786026
7608124928.0,-0.33503463864326477
7609062400.0,-0.32756710052490234
7609999872.0,-0.31763756275177
7610937344.0,-0.3059452176094055
7611874816.0,-0.29251107573509216
7612812288.0,-0.27645373344421387
7613749760.0,-0.2587094306945801
7614687744.0,-0.23932363092899323
7615625216.0,-0.21889574825763702
7616562688.0,-0.1971149444580078
7617500160.0,-0.1735333949327469
7618437632.0,-0.14821845293045044
7619375104.0,-0.12258956581354141
7620312576.0,-0.09566495567560196
7621250048.0,-0.06766246259212494
7622187520.0,-0.03994296118617058
7623124992.0,-0.012749465182423592
7624062464.0,0.014869374223053455
7624999936.0,0.043697960674762726
7625937408.0,0.07076899707317352
7626874880.0,0.09706016629934311
7627812352.0,0.1223020851612091
7628749824.0,0.14776596426963806
7629687296.0,0.1706228405237198
7630624768.0,0.19252154231071472
7631562752.0,0.21215444803237915
7632500224.0,0.23147991299629211
7633437696.0,0.2479896992444992
7634375168.0,0.26403993368148804
7635312640.0,0.276264488697052
7636250112.0,0.28786638379096985
7637187584.0,0.29698532819747925
7638125056.0,0.3041388690471649
7639062528.0,0.3096061646938324
7640000000.0,0.312984436750412
7640937472.0,0.3126349151134491
7641874944.0,0.3113308846950531
7642812416.0,0.3083954155445099
7643749888.0,0.3041711449623108
7644687360.0,0.2987423837184906
7645624832.0,0.2906065285205841
7646562304.0,0.280912846326828
7647499776.0,0.27031049132347107
7648437248.0,0.25702887773513794
7649375232.0,0.24286897480487823
7650312704.0,0.22642086446285248
7651250176.0,0.20866671204566956
7652187648.0,0.18974018096923828
7653125120.0,0.16922366619110107
7654062592.0,0.14826998114585876
7655000064.0,0.12520712614059448
7655937536.0,0.1018659770488739
7656875008.0,0.0778876319527626
7657812480.0,0.052872929722070694
7658749952.0,0.0276087187230587
7659687424.0,0.00046225046389736235
7660624896.0,-0.025140315294265747
7661562368.0,-0.05226041004061699
7662499840.0,-0.07777905464172363
7663437312.0,-0.10447578877210617
7664374784.0,-0.1306602656841278
7665312256.0,-0.15691682696342468
7666250240.0,-0.18113891780376434
7667187712.0,-0.205617755651474
7668125184.0,-0.22800345718860626
7669062656.0,-0.24927428364753723
7670000128.0,-0.27168264985084534
7670937600.0,-0.28871071338653564
7671875072.0,-0.3059937059879303
7672812544.0,-0.32112956047058105
7673750016.0,-0.333748459815979
7674687488.0,-0.344267874956131
7675624960.0,-0.35144728422164917
7676562432.0,-0.3574904203414917
7677499904.0,-0.3592663109302521
7678437376.0,-0.3593442440032959
7679374848.0,-0.3575243353843689
7680312320.0,-0.35314327478408813
7681249792.0,-0.3449055552482605
7682187264.0,-0.33539116382598877
7683125248.0,-0.323585569858551
7684062720.0,-0.29988735914230347
7685000192.0,-0.29099905490875244
7685937664.0,-0.27956247329711914
7686875136.0,-0.2672847807407379
7687812608.0,-0.25384029746055603
7688750080.0,-0.23778019845485687
7689687552.0,-0.22090637683868408
7690625024.0,-0.2032913714647293
7691562496.0,-0.18359768390655518
7692499968.0,-0.16372735798358917
7693437440.0,-0.14368639886379242
7694374912.0,-0.1215965747833252
7695312384.0,-0.10322406888008118
7696249856.0,-0.08428463339805603
7697187328.0,-0.06546040624380112
7698124800.0,-0.04691513255238533
7699062272.0,-0.029595622792840004
7699999744.0,-0.012103400193154812
7700937728.0,0.003266210202127695
7701875200.0,0.01991552673280239
7702812672.0,0.03470689058303833
7703750144.0,0.05008077993988991
7704687616.0,0.06395809352397919
7705625088.0,0.0773383378982544
7706562560.0,0.08945082873106003
7707500032.0,0.10127688199281693
7708437504.0,0.11235545575618744
7709374976.0,0.12243182957172394
7710312448.0,0.13358204066753387
7711249920.0,0.14141380786895752
7712187392.0,0.15079724788665771
7713124864.0,0.15979471802711487
7714062336.0,0.1656813621520996
7714999808.0,0.17448090016841888
7715937280.0,0.18063533306121826
7716874752.0,0.18701040744781494
7717812736.0,0.1937459409236908
7718750208.0,0.19916214048862457
7719687680.0,0.2043922245502472
7720625152.0,0.2078704535961151
7721562624.0,0.2118123173713684
7722500096.0,0.21390514075756073
7723437568.0,0.21572382748126984
7724375040.0,0.21752041578292847
7725312512.0,0.21827058494091034
7726249984.0,0.21806643903255463
7727187456.0,0.21682435274124146
7728124928.0,0.21539127826690674
7729062400.0,0.21233472228050232
7729999872.0,0.2081565409898758
7730937344.0,0.20163702964782715
7731874816.0,0.1944509744644165
7732812288.0,0.1861913949251175
7733749760.0,0.1771378517150879
7734687744.0,0.16574378311634064
7735625216.0,0.15389686822891235
7736562688.0,0.13920281827449799
7737500160.0,0.12321555614471436
7738437632.0,0.10666953027248383
7739375104.0,0.08871109038591385
7740312576.0,0.0691019669175148
7741250048.0,0.04840300977230072
7742187520.0,0.027673780918121338
7743124992.0,0.004008993972092867
7744062464.0,-0.047160740941762924
7744999936.0,-0.048802509903907776
7745937408.0,-0.05316423624753952
7746874880.0,-0.0588083490729332
7747812352.0,-0.06435200572013855
7748749824.0,-0.07371626794338226
7749687296.0,-0.082547627389431
7750624768.0,-0.09388257563114166
7751562752.0,-0.10605184733867645
7752500224.0,-0.11927389353513718
7753437696.0,-0.13382452726364136
7754375168.0,-0.14976951479911804
7755312640.0,-0.16639870405197144
7756250112.0,-0.18396525084972382
7757187584.0,-0.2029792219400406
7758125056.0,-0.2221595197916031
7759062528.0,-0.24204549193382263
7760000000.0,-0.26071080565452576
7760937472.0,-0.2794395387172699
7761874944.0,-0.29853522777557373
7762812416.0,-0.3164152204990387
7763749888.0,-0.3338358700275421
7764687360.0,-0.35061901807785034
7765624832.0,-0.3679043650627136
7766562304.0,-0.38361117243766785
7767499776.0,-0.39708849787712097
7768437248.0,-0.4102414846420288
7769375232.0,-0.4199296832084656
7770312704.0,-0.43002957105636597
7771250176.0,-0.43708735704421997
7772187648.0,-0.44366180896759033
7773125120.0,-0.4475966691970825
7774062592.0,-0.4495484530925751
7775000064.0,-0.44921422004699707
7775937536.0,-0.4462473392486572
7776875008.0,-0.441914439201355
7777812480.0,-0.43311482667922974
7778749952.0,-0.4231148660182953
7779687424.0,-0.4098086953163147
7780624896.0,-0.39496925473213196
7781562368.0,-0.3782408833503723
7782499840.0,-0.35919836163520813
7783437312.0,-0.33724284172058105
7784374784.0,-0.31279855966567993
7785312256.0,-0.2874305844306946
7786250240.0,-0.2612141966819763
7787187712.0,-0.23158325254917145
7788125184.0,-0.20193134248256683
7789062656.0,-0.17017048597335815
7790000128.0,-0.13829201459884644
7790937600.0,-0.10549332946538925
7791875072.0,-0.07072482258081436
7792812544.0,-0.03811775520443916
7793750016.0,-0.002474453765898943
7794687488.0,0.031278159469366074
7795624960.0,0.06504444032907486
7796562432.0,0.09806627035140991
7797499904.0,0.1299571841955185
7798437376.0,0.15941891074180603
7799374848.0,0.1893521398305893
7800312320.0,0.2164461612701416
7801249792.0,0.2413215935230255
7802187264.0,0.265263170003891
7803125248.0,0.2851138412952423
7804062720.0,0.11996569484472275
7805000192.0,0.13207608461380005
7805937664.0,0.1438654661178589
7806875136.0,0.15432019531726837
7807812608.0,0.1626030057668686
7808750080.0,0.1689547598361969
7809687552.0,0.1740054041147232
7810625024.0,0.17675267159938812
7811562496.0,0.17624349892139435
7812499968.0,0.17553000152111053
7813437440.0,0.1720188409090042
7814374912.0,0.1647435873746872
7815312384.0,0.15626414120197296
7816249856.0,0.1447221338748932
7817187328.0,0.1316092312335968
7818124800.0,0.11659283936023712
7819062272.0,0.09852423518896103
7820000256.0,0.07957959175109863
7820937728.0,0.05681200325489044
7821875200.0,0.034743428230285645
7822812672.0,0.012410272844135761
7823750144.0,-0.011526520363986492
7824687616.0,-0.03723399341106415
7825625088.0,-0.06309699267148972
7826562560.0,-0.08995307981967926
7827500032.0,-0.11834360659122467
7828437504.0,-0.1464664191007614
7829374976.0,-0.17569740116596222
7830312448.0,-0.20343199372291565
7831249920.0,-0.2313479781150818
7832187392.0,-0.25793159008026123
7833124864.0,-0.2851778268814087
7834062336.0,-0.3106493353843689
7834999808.0,-0.3358747363090515
7835937280.0,-0.3593920171260834
7836874752.0,-0.3813013732433319
7837812736.0,-0.4018893241882324
7838750208.0,-0.42134523391723633
7839687680.0,-0.43878114223480225
7840625152.0,-0.4542214870452881
7841562624.0,-0.46790841221809387
7842500096.0,-0.4791172742843628
7843437568.0,-0.4883880913257599
7844375040.0,-0.49538448452949524
7845312512.0,-0.5016124844551086
7846249984.0,-0.503996729850769
7847187456.0,-0.505063533782959
7848124928.0,-0.50199955701828
7849062400.0,-0.4943119287490845
7849999872.0,-0.4870150089263916
7850937344.0,-0.47816789150238037
7851874816.0,-0.4674723148345947
7852812288.0,-0.4561070203781128
7853749760.0,-0.44348204135894775
7854687744.0,-0.4289796054363251
7855625216.0,-0.4144052267074585
7856562688.0,-0.39839068055152893
7857500160.0,-0.38160619139671326
7858437632.0,-0.3649715483188629
7859375104.0,-0.34747642278671265
7860312576.0,-0.3296228349208832
7861250048.0,-0.31129443645477295
7862187520.0,-0.2931222915649414
7863124992.0,-0.27540555596351624
7864062464.0,-0.25779294967651367
7864999936.0,-0.24001093208789825
7865937408.0,-0.22296440601348877
7866874880.0,-0.20511043071746826
7867812352.0,-0.18650700151920319
7868749824.0,-0.1688232272863388
7869687296.0,-0.15080134570598602
7870624768.0,-0.1337297260761261
7871562752.0,-0.11645187437534332
7872500224.0,-0.09936482459306717
7873437696.0,-0.08137544989585876
7874375168.0,-0.06461641937494278
7875312640.0,-0.04839387536048889
7876250112.0,-0.03303258493542671
7877187584.0,-0.018863553181290627
7878125056.0,-0.005761392880231142
7879062528.0,0.005388618912547827
7880000000.0,0.015758953988552094
7880937472.0,0.022513553500175476
7881874944.0,0.027418695390224457
7882812416.0,0.030995579436421394
7883749888.0,0.03149585798382759
7884687360.0,0.029988933354616165
7885624832.0,0.02446489967405796
7886562304.0,0.016315588727593422
7887499776.0,0.008278920315206051
7888437248.0,-0.005730561912059784
7889375232.0,-0.020749103277921677
7890312704.0,-0.04008862003684044
7891250176.0,-0.05989355966448784
7892187648.0,-0.08117686212062836
7893125120.0,-0.10536903142929077
7894062592.0,-0.1301795393228531
7895000064.0,-0.15534928441047668
7895937536.0,-0.18339534103870392
7896875008.0,-0.20977617800235748
7897812480.0,-0.23769177496433258
7898749952.0,-0.26687586307525635
7899687424.0,-0.29588112235069275
7900624896.0,-0.32514411211013794
7901562368.0,-0.3527114689350128
7902499840.0,-0.37897181510925293
7903437312.0,-0.4060969948768616
7904374784.0,-0.4305171072483063
7905312256.0,-0.4540445804595947
7906250240.0,-0.47732916474342346
7907187712.0,-0.499746710062027
7908125184.0,-0.5198408365249634
7909062656.0,-0.5399239659309387
7910000128.0,-0.5583049654960632
7910937600.0,-0.5773576498031616
7911875072.0,-0.5948436856269836
7912812544.0,-0.6121630072593689
7913750016.0,-0.6296204924583435
7914687488.0,-0.6485384702682495
7915624960.0,-0.6664950847625732
7916562432.0,-0.6852608919143677
7917499904.0,-0.7048164010047913
7918437376.0,-0.7250320315361023
7919374848.0,-0.7450188994407654
7920312320.0,-0.7665037512779236
7921249792.0,-0.7863625884056091
7922187264.0,-0.8077383041381836
7923125248.0,-0.8285991549491882
7924062720.0,-0.8759064078330994
7925000192.0,-0.8812391757965088
7925937664.0,-0.8856658339500427
7926875136.0,-0.8911417722702026
7927812608.0,-0.8951155543327332
7928750080.0,-0.8991521000862122
7929687552.0,-0.90265291929245
7930625024.0,-0.9067069292068481
7931562496.0,-0.909040629863739
7932499968.0,-0.9109637141227722
7933437440.0,-0.9134204983711243
7934374912.0,-0.9139968752861023
7935312384.0,-0.9133557081222534
7936249856.0,-0.9135876297950745
7937187328.0,-0.9121754169464111
7938124800.0,-0.9118855595588684
7939062272.0,-0.909042477607727
7939999744.0,-0.904965877532959
7940937728.0,-0.8976183533668518
7941875200.0,-0.8906514048576355
7942812672.0,-0.8814828991889954
7943750144.0,-0.8710582256317139
7944687616.0,-0.8576363921165466
7945625088.0,-0.8443831205368042
7946562560.0,-0.8274890184402466
7947500032.0,-0.8104307651519775
7948437504.0,-0.7911162376403809
7949374976.0,-0.7700515985488892
7950312448.0,-0.7495842576026917
7951249920.0,-0.7264003157615662
7952187392.0,-0.7036022543907166
7953124864.0,-0.6789208650588989
7954062336.0,-0.6537538170814514
7954999808.0,-0.6282060146331787
7955937280.0,-0.60125333070755
7956874752.0,-0.5730271339416504
7957812736.0,-0.5459678769111633
7958750208.0,-0.5189058780670166
7959687680.0,-0.49048444628715515
7960625152.0,-0.46206915378570557
7961562624.0,-0.4343309998512268
7962500096.0,-0.4067285358905792
7963437568.0,-0.37879815697669983
7964375040.0,-0.35165858268737793
7965312512.0,-0.32586780190467834
7966249984.0,-0.30058860778808594
7967187456.0,-0.27553844451904297
7968124928.0,-0.2529287040233612
7969062400.0,-0.23086470365524292
7969999872.0,-0.21026945114135742
7970937344.0,-0.1915685534477234
7971874816.0,-0.17579466104507446
7972812288.0,-0.1601487547159195
7973749760.0,-0.14550600945949554
7974687744.0,-0.13535524904727936
7975625216.0,-0.12695227563381195
7976562688.0,-0.12044131010770798
7977500160.0,-0.11669764667749405
7978437632.0,-0.11512156575918198
7979375104.0,-0.11493360251188278
7980312576.0,-0.11492583900690079
7981250048.0,-0.11884024739265442
7982187520.0,-0.12435799092054367
7983124992.0,-0.13029751181602478
7984062464.0,-0.2563733756542206
7984999936.0,-0.25710609555244446
7985937408.0,-0.25878673791885376
7986874880.0,-0.26133212447166443
7987812352.0,-0.2640567421913147
7988749824.0,-0.2664295732975006
7989687296.0,-0.2706526517868042
7990624768.0,-0.27660417556762695
7991562752.0,-0.28361955285072327
7992500224.0,-0.28924310207366943
7993437696.0,-0.29675400257110596
7994375168.0,-0.3056246340274811
7995312640.0,-0.3136589527130127
7996250112.0,-0.3237017095088959
7997187584.0,-0.33250197768211365
7998125056.0,-0.34263062477111816
7999062528.0,-0.354157030582428
8000000000.0,-0.3611266314983368
