Frequency (Hz),Measurement
2000000000.0,0.19516798853874207
2000937472.0,0.18795765936374664
2001874944.0,0.18052999675273895
2002812544.0,0.17107366025447845
2003750016.0,0.16159547865390778
2004687488.0,0.15109337866306305
2005624960.0,0.1402336061000824
2006562560.0,0.12968461215496063
2007500032.0,0.11686094105243683
2008437504.0,0.10481109470129013
2009374976.0,0.0923934057354927
2010312448.0,0.07775282859802246
2011250048.0,0.06425357609987259
2012187520.0,0.050316449254751205
2013124992.0,0.03577958419919014
2014062464.0,0.02077852375805378
2015000064.0,0.007421146146953106
2015937536.0,-0.006924980785697699
2016875008.0,-0.01951928623020649
2017812480.0,-0.03239022195339203
2018749952.0,-0.04446962848305702
2019687552.0,-0.055892061442136765
2020625024.0,-0.06569905579090118
2021562496.0,-0.07596071809530258
2022499968.0,-0.08365973085165024
2023437440.0,-0.0903482735157013
2024375040.0,-0.09634186327457428
2025312512.0,-0.1014721542596817
2026249984.0,-0.10419405996799469
2027187456.0,-0.10612083226442337
2028125056.0,-0.10519715398550034
2029062528.0,-0.10385282337665558
2030000000.0,-0.10045038908720016
2030937472.0,-0.09534896910190582
2031874944.0,-0.08910723775625229
2032812544.0,-0.08112983405590057
2033750016.0,-0.07269318401813507
2034687488.0,-0.06269468367099762
2035624960.0,-0.05170932784676552
2036562560.0,-0.04006220027804375
2037500032.0,-0.026855668053030968
2038437504.0,-0.013722597621381283
2039374976.0,-0.00025664837448857725
2040312448.0,0.013588204979896545
2041250048.0,0.028164764866232872
2042187520.0,0.04189778119325638
2043124992.0,0.055666591972112656
2044062464.0,0.06954659521579742
2044999936.0,0.08180425316095352
2045937536.0,0.0935593694448471
2046875008.0,0.10540258884429932
2047812480.0,0.11516739428043365
2048749952.0,0.11271978169679642
2049687552.0,0.12141907215118408
2050625024.0,0.12890928983688354
2051562496.0,0.13420428335666656
2052499968.0,0.13749955594539642
2053437440.0,0.1397247314453125
2054375040.0,0.13993223011493683
2055312512.0,0.1371873915195465
2056249984.0,0.13263975083827972
2057187456.0,0.12671738862991333
2058125056.0,0.11753765493631363
2059062528.0,0.10721416026353836
2060000000.0,0.09547517448663712
2060937472.0,0.08101175725460052
2061874944.0,0.06639992445707321
2062812544.0,0.04974433779716492
2063750016.0,0.032931625843048096
2064687488.0,0.015321883372962475
2065624960.0,-0.001677111373282969
2066562560.0,-0.019135789945721626
2067500032.0,-0.03707006201148033
2068437504.0,-0.05222458392381668
2069374976.0,-0.06780321151018143
2070312448.0,-0.08265067636966705
2071250048.0,-0.09559179097414017
2072187520.0,-0.10688336193561554
2073124992.0,-0.11569568514823914
2074062464.0,-0.12307261675596237
2075000064.0,-0.12772463262081146
2075937536.0,-0.13196970522403717
2076875008.0,-0.13349957764148712
2077812480.0,-0.132329523563385
2078749952.0,-0.12987779080867767
2079687552.0,-0.12615814805030823
2080625024.0,-0.11958923190832138
2081562496.0,-0.11169633269309998
2082499968.0,-0.10283885151147842
2083437440.0,-0.09111972898244858
2084375040.0,-0.07940148562192917
2085312512.0,-0.06862972676753998
2086249984.0,-0.055510248988866806
2087187456.0,-0.043216291815042496
2088125056.0,-0.030821025371551514
2089062528.0,-0.018579605966806412
2090000000.0,-0.007427498232573271
2090937472.0,0.004391326103359461
2091874944.0,0.015448380261659622
2092812544.0,0.026048483327031136
2093750016.0,0.03442254662513733
2094687488.0,0.042985476553440094
2095624960.0,0.051492515951395035
2096562560.0,0.05762086808681488
2097500032.0,0.0640648901462555
2098437504.0,0.06948572397232056
2099374976.0,0.0746554508805275
2100312448.0,0.07903700321912766
2101250048.0,0.08307092636823654
2102187520.0,0.08775898814201355
2103124992.0,0.09233849495649338
2104062464.0,0.09636206924915314
2104999936.0,0.10150736570358276
2105937536.0,0.10622072219848633
2106875008.0,0.11062569916248322
2107812480.0,0.11455471813678741
2108749952.0,0.14576691389083862
2109687552.0,0.15235109627246857
2110625024.0,0.1575993448495865
2111562496.0,0.16249030828475952
2112499968.0,0.16617220640182495
2113437440.0,0.16947834193706512
2114375040.0,0.17105188965797424
2115312512.0,0.17101113498210907
2116249984.0,0.1699947863817215
2117187456.0,0.16729006171226501
2118125056.0,0.16398675739765167
2119062528.0,0.15965554118156433
2120000000.0,0.15386126935482025
2120937472.0,0.1468970775604248
2121874944.0,0.1374088078737259
2122812544.0,0.12706996500492096
2123750016.0,0.116824209690094
2124687488.0,0.10516222566366196
2125624960.0,0.09372260421514511
2126562560.0,0.0792541354894638
2127500032.0,0.06618509441614151
2128437504.0,0.05305219069123268
2129374976.0,0.039277613162994385
2130312448.0,0.024547848850488663
2131250048.0,0.012561235576868057
2132187520.0,-0.0008594721439294517
2133124992.0,-0.012731175869703293
2134062464.0,-0.024827085435390472
2135000064.0,-0.03532356396317482
2135937536.0,-0.04403721168637276
2136875008.0,-0.05327624827623367
2137812480.0,-0.06056603044271469
2138749952.0,-0.06637702882289886
2139687552.0,-0.07035969942808151
2140625024.0,-0.07208957523107529
2141562496.0,-0.07317415624856949
2142499968.0,-0.0731198713183403
2143437440.0,-0.07235433161258698
2144375040.0,-0.06942622363567352
2145312512.0,-0.06522081792354584
2146249984.0,-0.05976088345050812
2147187456.0,-0.05293921008706093
2148124928.0,-0.046389564871788025
2149062400.0,-0.038213200867176056
2150000128.0,-0.029710236936807632
2150937600.0,-0.020572056993842125
2151875072.0,-0.011463918723165989
2152812544.0,-0.0016967403935268521
2153750016.0,0.007876441814005375
2154687488.0,0.017256416380405426
2155624960.0,0.027100389823317528
2156562432.0,0.03586413711309433
2157499904.0,0.04408787935972214
2158437376.0,0.052185315638780594
2159375104.0,0.058831002563238144
2160312576.0,0.06540509313344955
2161250048.0,0.07105915993452072
2162187520.0,0.07616230100393295
2163124992.0,0.0796876922249794
2164062464.0,0.08383150398731232
2164999936.0,0.08656826615333557
2165937408.0,0.08933001756668091
2166874880.0,0.09110082685947418
2167812608.0,0.09266025573015213
2168750080.0,0.1651836633682251
2169687552.0,0.16640374064445496
2170625024.0,0.16627022624015808
2171562496.0,0.16386792063713074
2172499968.0,0.15919886529445648
2173437440.0,0.15454190969467163
2174374912.0,0.14710642397403717
2175312384.0,0.1395406275987625
2176250112.0,0.13019895553588867
2177187584.0,0.12014784663915634
2178125056.0,0.10883674025535583
2179062528.0,0.09765396267175674
2180000000.0,0.08430512994527817
2180937472.0,0.07174088060855865
2181874944.0,0.05877244099974632
2182812416.0,0.044888935983181
2183749888.0,0.03093409352004528
2184687616.0,0.01837482675909996
2185625088.0,0.005043427925556898
2186562560.0,-0.007878465577960014
2187500032.0,-0.020449155941605568
2188437504.0,-0.03214317187666893
2189374976.0,-0.043332867324352264
2190312448.0,-0.05398707091808319
2191249920.0,-0.06397364288568497
2192187392.0,-0.07262712717056274
2193125120.0,-0.07990315556526184
2194062592.0,-0.08714620023965836
2195000064.0,-0.09284750372171402
2195937536.0,-0.09698381274938583
2196875008.0,-0.10232960432767868
2197812480.0,-0.10543448477983475
2198749952.0,-0.10847055166959763
2199687424.0,-0.10935301333665848
2200624896.0,-0.10969223827123642
2201562624.0,-0.11004094034433365
2202500096.0,-0.10901954025030136
2203437568.0,-0.10734672099351883
2204375040.0,-0.10596419870853424
2205312512.0,-0.10282238572835922
2206249984.0,-0.10026385635137558
2207187456.0,-0.09665810316801071
2208124928.0,-0.0932871475815773
2209062400.0,-0.0883658230304718
2209999872.0,-0.08348860591650009
2210937600.0,-0.07800576835870743
2211875072.0,-0.07179903984069824
2212812544.0,-0.06459719687700272
2213750016.0,-0.058342598378658295
2214687488.0,-0.050267163664102554
2215624960.0,-0.04383271932601929
2216562432.0,-0.03577997535467148
2217499904.0,-0.02742835506796837
2218437376.0,-0.01885036937892437
2219375104.0,-0.009864418767392635
2220312576.0,-0.0013098304625600576
2221250048.0,0.00808735191822052
2222187520.0,0.016963277012109756
2223124992.0,0.027032002806663513
2224062464.0,0.0368485264480114
2224999936.0,0.046281296759843826
2225937408.0,0.057369083166122437
2226874880.0,0.06575935333967209
2227812608.0,0.07556669414043427
2228750080.0,0.08226797729730606
2229687552.0,0.09023328125476837
2230625024.0,0.09775206446647644
2231562496.0,0.10559836030006409
2232499968.0,0.11212888360023499
2233437440.0,0.11875835806131363
2234374912.0,0.12330811470746994
2235312384.0,0.12691202759742737
2236250112.0,0.12903167307376862
2237187584.0,0.1287272423505783
2238125056.0,0.1265472024679184
2239062528.0,0.12228133529424667
2240000000.0,0.11712616682052612
2240937472.0,0.11141183972358704
2241874944.0,0.10371528565883636
2242812416.0,0.09574045240879059
2243749888.0,0.08644016087055206
2244687616.0,0.07565904408693314
2245625088.0,0.06399159878492355
2246562560.0,0.05077081918716431
2247500032.0,0.036138880997896194
2248437504.0,0.022352077066898346
2249374976.0,0.007370518520474434
2250312448.0,-0.008579257875680923
2251249920.0,-0.025853250175714493
2252187392.0,-0.04394706338644028
2253125120.0,-0.06206364184617996
2254062592.0,-0.0811309739947319
2255000064.0,-0.09945016354322433
2255937536.0,-0.11863008141517639
2256875008.0,-0.13613088428974152
2257812480.0,-0.1561213731765747
2258749952.0,-0.1748746633529663
2259687424.0,-0.19428803026676178
2260624896.0,-0.21302436292171478
2261562624.0,-0.23127518594264984
2262500096.0,-0.2485741376876831
2263437568.0,-0.26396217942237854
2264375040.0,-0.2800130546092987
2265312512.0,-0.2947321832180023
2266249984.0,-0.3078216314315796
2267187456.0,-0.32015493512153625
2268124928.0,-0.33002007007598877
2269062400.0,-0.3393844664096832
2270000128.0,-0.34667763113975525
2270937600.0,-0.3533678352832794
2271875072.0,-0.3573884665966034
2272812544.0,-0.3607432544231415
2273750016.0,-0.3619252145290375
2274687488.0,-0.3619060814380646
2275624960.0,-0.36104080080986023
2276562432.0,-0.3581162989139557
2277499904.0,-0.35445964336395264
2278437376.0,-0.3494815528392792
2279375104.0,-0.34229108691215515
2280312576.0,-0.3357331156730652
2281250048.0,-0.32719969749450684
2282187520.0,-0.318719744682312
2283124992.0,-0.30814817547798157
2284062464.0,-0.2978708744049072
2284999936.0,-0.2884300947189331
2285937408.0,-0.27753323316574097
2286874880.0,-0.26872819662094116
2287812608.0,-0.2593919038772583
2288750080.0,-0.27481189370155334
2289687552.0,-0.27726098895072937
2290625024.0,-0.28071728348731995
2291562496.0,-0.28454434871673584
2292499968.0,-0.28683358430862427
2293437440.0,-0.2922475039958954
2294374912.0,-0.2972114682197571
2295312384.0,-0.30163806676864624
2296250112.0,-0.3083341121673584
2297187584.0,-0.3158106505870819
2298125056.0,-0.3249787390232086
2299062528.0,-0.3357693552970886
2300000000.0,-0.3474712371826172
2300937472.0,-0.36197930574417114
2301874944.0,-0.3781379759311676
2302812416.0,-0.39638981223106384
2303749888.0,-0.41692498326301575
2304687616.0,-0.4405486285686493
2305625088.0,-0.46391576528549194
2306562560.0,-0.49156373739242554
2307500032.0,-0.5219642519950867
2308437504.0,-0.5535383224487305
2309374976.0,-0.5867067575454712
2310312448.0,-0.6127858757972717
2311249920.0,-0.6404492855072021
2312187392.0,-0.6690165996551514
2313125120.0,-0.700721025466919
2314062592.0,-0.7318758368492126
2315000064.0,-0.7640200853347778
2315937536.0,-0.7987411618232727
2316875008.0,-0.8332604169845581
2317812480.0,-0.8687312006950378
2318749952.0,-0.9035832285881042
2319687424.0,-0.9389500617980957
2320624896.0,-0.972052812576294
2321562624.0,-1.0061744451522827
2322500096.0,-1.0364711284637451
2323437568.0,-1.0655275583267212
2324375040.0,-1.0944238901138306
2325312512.0,-1.120568037033081
2326249984.0,-1.1453049182891846
2327187456.0,-1.1682533025741577
2328124928.0,-1.1883357763290405
2329062400.0,-1.2062164545059204
2329999872.0,-1.2204670906066895
2330937600.0,-1.2329810857772827
2331875072.0,-1.2430224418640137
2332812544.0,-1.2499207258224487
2333750016.0,-1.2553935050964355
2334687488.0,-1.2570953369140625
2335624960.0,-1.2580806016921997
2336562432.0,-1.2555009126663208
2337499904.0,-1.2502601146697998
2338437376.0,-1.2435334920883179
2339375104.0,-1.2351146936416626
2340312576.0,-1.2244417667388916
2341250048.0,-1.2144815921783447
2342187520.0,-1.2022966146469116
2343124992.0,-1.1881252527236938
2344062464.0,-1.1735445261001587
2344999936.0,-1.1579067707061768
2345937408.0,-1.1423710584640503
2346874880.0,-1.12641441822052
2347812608.0,-1.110573410987854
2348750080.0,-1.0815054178237915
2349687552.0,-1.071736216545105
2350625024.0,-1.0618973970413208
2351562496.0,-1.0513441562652588
2352499968.0,-1.0404367446899414
2353437440.0,-1.031972050666809
2354374912.0,-1.0238254070281982
2355312384.0,-1.016564965248108
2356250112.0,-1.0098291635513306
2357187584.0,-1.0048097372055054
2358125056.0,-1.0002378225326538
2359062528.0,-0.9979108572006226
2360000000.0,-0.9969307780265808
2360937472.0,-0.9964772462844849
2361874944.0,-0.997962236404419
2362812416.0,-1.000767469406128
2363749888.0,-1.005780577659607
2364687616.0,-1.0113327503204346
2365625088.0,-1.0189129114151
2366562560.0,-1.026740312576294
2367500032.0,-1.0370864868164062
2368437504.0,-1.0468100309371948
2369374976.0,-1.057206392288208
2370312448.0,-1.0676963329315186
2371249920.0,-1.0774568319320679
2372187392.0,-1.0870225429534912
2373125120.0,-1.0951259136199951
2374062592.0,-1.1009371280670166
2375000064.0,-1.1055971384048462
2375937536.0,-1.1071058511734009
2376875008.0,-1.1062743663787842
2377812480.0,-1.10191810131073
2378749952.0,-1.0948370695114136
2379687424.0,-1.0828325748443604
2380624896.0,-1.068834900856018
2381562624.0,-1.0514572858810425
2382500096.0,-1.0304696559906006
2383437568.0,-1.0068053007125854
2384375040.0,-0.9802694320678711
2385312512.0,-0.9500939249992371
2386249984.0,-0.9192605018615723
2387187456.0,-0.8854674100875854
2388124928.0,-0.8509823083877563
2389062400.0,-0.8153154850006104
2390000128.0,-0.7799695730209351
2390937600.0,-0.7433845400810242
2391875072.0,-0.7067868709564209
2392812544.0,-0.6700679063796997
2393750016.0,-0.636173665523529
2394687488.0,-0.601201057434082
2395624960.0,-0.5673679113388062
2396562432.0,-0.534579336643219
2397499904.0,-0.503546416759491
2398437376.0,-0.4722296893596649
2399375104.0,-0.44194406270980835
2400312576.0,-0.41360795497894287
2401250048.0,-0.38579899072647095
2402187520.0,-0.35924825072288513
2403124992.0,-0.33177450299263
2404062464.0,-0.3054807782173157
2404999936.0,-0.28022438287734985
2405937408.0,-0.2557104229927063
2406874880.0,-0.232395201921463
2407812608.0,-0.208295077085495
2408750080.0,-0.13535134494304657
2409687552.0,-0.11162947863340378
2410625024.0,-0.08972648531198502
2411562496.0,-0.06957554072141647
2412499968.0,-0.05121089145541191
2413437440.0,-0.03502127528190613
2414374912.0,-0.020944025367498398
2415312384.0,-0.010107630863785744
2416250112.0,-0.0011303323553875089
2417187584.0,0.004532594233751297
2418125056.0,0.006039801519364119
2419062528.0,0.00513501837849617
2420000000.0,-0.00030258335755206645
2420937472.0,-0.007343425881117582
2421874944.0,-0.018965883180499077
2422812416.0,-0.0329241119325161
2423749888.0,-0.04957785829901695
2424687616.0,-0.06992313265800476
2425625088.0,-0.09214937686920166
2426562560.0,-0.11768435686826706
2427500032.0,-0.144788920879364
2428437504.0,-0.1733037233352661
2429374976.0,-0.20268514752388
2430312448.0,-0.23256872594356537
2431249920.0,-0.26267459988594055
2432187392.0,-0.29162827134132385
2433125120.0,-0.31959691643714905
2434062592.0,-0.3469533920288086
2435000064.0,-0.37171033024787903
2435937536.0,-0.39420461654663086
2436875008.0,-0.414436936378479
2437812480.0,-0.43082669377326965
2438749952.0,-0.4447396993637085
2439687424.0,-0.4550055265426636
2440624896.0,-0.46203699707984924
2441562624.0,-0.464322030544281
2442500096.0,-0.4643273949623108
2443437568.0,-0.46103960275650024
2444375040.0,-0.45213547348976135
2445312512.0,-0.44004493951797485
2446249984.0,-0.42618200182914734
2447187456.0,-0.4084044098854065
2448124928.0,-0.3887346684932709
2449062400.0,-0.3645496070384979
2449999872.0,-0.3385743200778961
2450937600.0,-0.31090664863586426
2451875072.0,-0.2812945544719696
2452812544.0,-0.2502812445163727
2453750016.0,-0.2193298637866974
2454687488.0,-0.18682609498500824
2455624960.0,-0.15364998579025269
2456562432.0,-0.12046415358781815
2457499904.0,-0.08743173629045486
2458437376.0,-0.054243214428424835
2459375104.0,-0.022258611395955086
2460312576.0,0.008482963778078556
2461250048.0,0.03838600218296051
2462187520.0,0.06804262846708298
2463124992.0,0.09618893265724182
2464062464.0,0.1227409616112709
2464999936.0,0.14790795743465424
2465937408.0,0.17241184413433075
2466874880.0,0.1955876350402832
2467812608.0,0.2180810570716858
2468750080.0,0.1298466920852661
2469687552.0,0.14405182003974915
2470625024.0,0.16002139449119568
2471562496.0,0.17352737486362457
2472499968.0,0.1855030059814453
2473437440.0,0.1962566077709198
2474374912.0,0.20379585027694702
2475312384.0,0.2096785306930542
2476250112.0,0.21326744556427002
2477187584.0,0.21557822823524475
2478125056.0,0.21592319011688232
2479062528.0,0.21451005339622498
2480000000.0,0.2112807333469391
2480937472.0,0.20540516078472137
2481874944.0,0.198084756731987
2482812416.0,0.188089981675148
2483749888.0,0.17793191969394684
2484687616.0,0.16474929451942444
2485625088.0,0.15046662092208862
2486562560.0,0.1343061476945877
2487500032.0,0.11765199154615402
2488437504.0,0.09852543473243713
2489374976.0,0.07948914915323257
2490312448.0,0.059570085257291794
2491249920.0,0.03874531388282776
2492187392.0,0.01704135723412037
2493125120.0,-0.002777773654088378
2494062592.0,-0.022975541651248932
2495000064.0,-0.04353891685605049
2495937536.0,-0.06308428198099136
2496875008.0,-0.08182299882173538
2497812480.0,-0.09944704920053482
2498749952.0,-0.1160757914185524
2499687424.0,-0.1305084079504013
2500624896.0,-0.14493855834007263
2501562624.0,-0.15731288492679596
2502500096.0,-0.1666918694972992
2503437568.0,-0.1747480034828186
2504375040.0,-0.18124288320541382
2505312512.0,-0.18570256233215332
2506249984.0,-0.18791697919368744
2507187456.0,-0.18813727796077728
2508124928.0,-0.1865084320306778
2509062400.0,-0.18210037052631378
2510000128.0,-0.1773841381072998
2510937600.0,-0.17000003159046173
2511875072.0,-0.16148591041564941
2512812544.0,-0.15025116503238678
2513750016.0,-0.1373528689146042
2514687488.0,-0.12403815239667892
2515624960.0,-0.10902304202318192
2516562432.0,-0.09182101488113403
2517499904.0,-0.07468436658382416
2518437376.0,-0.057045869529247284
2519375104.0,-0.0377253033220768
2520312576.0,-0.019511977210640907
2521250048.0,-0.0004332633106969297
2522187520.0,0.018583737313747406
2523124992.0,0.03724563121795654
2524062464.0,0.05616755783557892
2524999936.0,0.07490000873804092
2525937408.0,0.09252966195344925
2526874880.0,0.10764002054929733
2527812608.0,0.12271483987569809
2528750080.0,0.1752445250749588
2529687552.0,0.18041552603244781
2530625024.0,0.1859559565782547
2531562496.0,0.188827782869339
2532499968.0,0.1920560747385025
2533437440.0,0.19407014548778534
2534374912.0,0.19492290914058685
2535312384.0,0.19618375599384308
2536250112.0,0.19503682851791382
2537187584.0,0.19214580953121185
2538125056.0,0.19042883813381195
2539062528.0,0.18656812608242035
2540000000.0,0.1822831779718399
2540937472.0,0.17561370134353638
2541874944.0,0.16933469474315643
2542812416.0,0.16066886484622955
2543749888.0,0.15156839787960052
2544687616.0,0.1412915140390396
2545625088.0,0.1296914964914322
2546562560.0,0.1177329495549202
2547500032.0,0.10581024736166
2548437504.0,0.09103506803512573
2549374976.0,0.07610929757356644
2550312448.0,0.06198360398411751
2551249920.0,0.04591508209705353
2552187392.0,0.03011256456375122
2553125120.0,0.013001811690628529
2554062592.0,-0.0025746547617018223
2555000064.0,-0.018061012029647827
2555937536.0,-0.03492923080921173
2556875008.0,-0.04962603747844696
2557812480.0,-0.0642022043466568
2558749952.0,-0.07692785561084747
2559687424.0,-0.08964481949806213
2560624896.0,-0.10075661540031433
2561562624.0,-0.11107240617275238
2562500096.0,-0.11883466690778732
2563437568.0,-0.12450885772705078
2564375040.0,-0.12972532212734222
2565312512.0,-0.13285775482654572
2566249984.0,-0.13431088626384735
2567187456.0,-0.1327390968799591
2568124928.0,-0.12941321730613708
2569062400.0,-0.12469511479139328
2569999872.0,-0.11755687743425369
2570937600.0,-0.10850946605205536
2571875072.0,-0.09831561148166656
2572812544.0,-0.08582998812198639
2573750016.0,-0.07149968296289444
2574687488.0,-0.05655526742339134
2575624960.0,-0.03949650004506111
2576562432.0,-0.02174662984907627
2577499904.0,-0.0033994007389992476
2578437376.0,0.015673331916332245
2579375104.0,0.03539085015654564
2580312576.0,0.05633571743965149
2581250048.0,0.0757840946316719
2582187520.0,0.09690108895301819
2583124992.0,0.11591249704360962
2584062464.0,0.13611172139644623
2584999936.0,0.15323865413665771
2585937408.0,0.1703142672777176
2586874880.0,0.1856922060251236
2587812608.0,0.19999633729457855
2588750080.0,0.2232731580734253
2589687552.0,0.23100844025611877
2590625024.0,0.2358556091785431
2591562496.0,0.23901373147964478
2592499968.0,0.24084486067295074
2593437440.0,0.23882223665714264
2594374912.0,0.23593999445438385
2595312384.0,0.22917303442955017
2596250112.0,0.22087544202804565
2597187584.0,0.21184225380420685
2598125056.0,0.19981598854064941
2599062528.0,0.18541714549064636
2600000000.0,0.17137956619262695
2600937472.0,0.1557745337486267
2601874944.0,0.13925327360630035
2602812416.0,0.12283235788345337
2603749888.0,0.10498854517936707
2604687616.0,0.08709458261728287
2605625088.0,0.06967272609472275
2606562560.0,0.05237948149442673
2607500032.0,0.035283323377370834
2608437504.0,0.01795841008424759
2609374976.0,0.002822927199304104
2610312448.0,-0.011540275067090988
2611249920.0,-0.025299446657299995
2612187392.0,-0.037521205842494965
2613125120.0,-0.04920216277241707
2614062592.0,-0.058815572410821915
2615000064.0,-0.067021943628788
2615937536.0,-0.07612401247024536
2616875008.0,-0.08090464025735855
2617812480.0,-0.08662567287683487
2618749952.0,-0.09064482152462006
2619687424.0,-0.09358259290456772
2620624896.0,-0.09556351602077484
2621562624.0,-0.09607898443937302
2622500096.0,-0.09694044291973114
2623437568.0,-0.0960451140999794
2624375040.0,-0.09444987028837204
2625312512.0,-0.09066948294639587
2626249984.0,-0.08826451003551483
2627187456.0,-0.08472800999879837
2628124928.0,-0.07957597076892853
2629062400.0,-0.07500199228525162
2630000128.0,-0.06901815533638
2630937600.0,-0.06215529516339302
2631875072.0,-0.054629549384117126
2632812544.0,-0.04774484410881996
2633750016.0,-0.03822704404592514
2634687488.0,-0.02940978668630123
2635624960.0,-0.01940044015645981
2636562432.0,-0.008467593230307102
2637499904.0,0.0033858208917081356
2638437376.0,0.015524845570325851
2639375104.0,0.028103191405534744
2640312576.0,0.04239075258374214
2641250048.0,0.057346366345882416
2642187520.0,0.07311639934778214
2643124992.0,0.08838380128145218
2644062464.0,0.1053290069103241
2644999936.0,0.12222302705049515
2645937408.0,0.13910138607025146
2646874880.0,0.15617136657238007
2647812608.0,0.2323535531759262
2648750080.0,0.24389128386974335
2649687552.0,0.25384652614593506
2650625024.0,0.26068925857543945
2651562496.0,0.2668100595474243
2652499968.0,0.2704850435256958
2653437440.0,0.271694540977478
2654374912.0,0.26985177397727966
2655312384.0,0.2654242515563965
2656250112.0,0.2574409246444702
2657187584.0,0.21991437673568726
2658125056.0,0.20247939229011536
2659062528.0,0.18266530334949493
2660000000.0,0.16031965613365173
2660937472.0,0.13583819568157196
2661874944.0,0.109856516122818
2662812416.0,0.0823337510228157
2663749888.0,0.05277784541249275
2664687616.0,0.02375287003815174
2665625088.0,-0.0064902533777058125
2666562560.0,-0.035303011536598206
2667500032.0,-0.06432358920574188
2668437504.0,-0.09077832847833633
2669374976.0,-0.11700595915317535
2670312448.0,-0.1423763483762741
2671249920.0,-0.16462548077106476
2672187392.0,-0.18439479172229767
2673125120.0,-0.20195572078227997
2674062592.0,-0.216774120926857
2675000064.0,-0.22766365110874176
2675937536.0,-0.236390620470047
2676875008.0,-0.24174562096595764
2677812480.0,-0.2444688230752945
2678749952.0,-0.24449603259563446
2679687424.0,-0.24147538840770721
2680624896.0,-0.23558811843395233
2681562624.0,-0.22641126811504364
2682500096.0,-0.2170729637145996
2683437568.0,-0.20502743124961853
2684375040.0,-0.18987439572811127
2685312512.0,-0.17376132309436798
2686249984.0,-0.15689456462860107
2687187456.0,-0.13817434012889862
2688124928.0,-0.11927918344736099
2689062400.0,-0.10022812336683273
2689999872.0,-0.08013792335987091
2690937600.0,-0.060376692563295364
2691875072.0,-0.040519967675209045
2692812544.0,-0.020709998905658722
2693750016.0,-0.002003859495744109
2694687488.0,0.01755625754594803
2695624960.0,0.03579913079738617
2696562432.0,0.05392467603087425
2697499904.0,0.07203284651041031
2698437376.0,0.09008771181106567
2699375104.0,0.1075194776058197
2700312576.0,0.12406478822231293
2701250048.0,0.13941316306591034
2702187520.0,0.156279519200325
2703124992.0,0.17215268313884735
2704062464.0,0.18693602085113525
2704999936.0,0.20118708908557892
2705937408.0,0.2150249183177948
2706874880.0,0.2287435531616211
2707812608.0,0.20071984827518463
2708750080.0,0.20816439390182495
2709687552.0,0.21260085701942444
2710625024.0,0.21752561628818512
2711562496.0,0.2205227017402649
2712499968.0,0.22100847959518433
2713437440.0,0.22186067700386047
2714374912.0,0.2205965369939804
2715312384.0,0.21787160634994507
2716250112.0,0.21408802270889282
2717187584.0,0.20910875499248505
2718125056.0,0.20143866539001465
2719062528.0,0.19357357919216156
2720000000.0,0.18337787687778473
2720937472.0,0.17196395993232727
2721874944.0,0.16002409160137177
2722812416.0,0.14677993953227997
2723749888.0,0.1323447823524475
2724687616.0,0.11634847521781921
2725625088.0,0.09989558160305023
2726562560.0,0.0828268826007843
2727500032.0,0.06465119868516922
2728437504.0,0.04607774689793587
2729374976.0,0.027746986597776413
2730312448.0,0.009681317023932934
2731249920.0,-0.008709525689482689
2732187392.0,-0.026916885748505592
2733125120.0,-0.04484900087118149
2734062592.0,-0.06226995587348938
2735000064.0,-0.07862105220556259
2735937536.0,-0.0942697525024414
2736875008.0,-0.10938791930675507
2737812480.0,-0.12250593304634094
2738749952.0,-0.13506294786930084
2739687424.0,-0.14568154513835907
2740624896.0,-0.15487581491470337
2741562624.0,-0.1618536412715912
2742500096.0,-0.16735199093818665
2743437568.0,-0.17281509935855865
2744375040.0,-0.17483659088611603
2745312512.0,-0.17550994455814362
2746249984.0,-0.17457646131515503
2747187456.0,-0.17128287255764008
2748124928.0,-0.167000874876976
2749062400.0,-0.16038066148757935
2750000128.0,-0.15177713334560394
2750937600.0,-0.14316701889038086
2751875072.0,-0.13138525187969208
2752812544.0,-0.11942847818136215
2753750016.0,-0.10497809946537018
2754687488.0,-0.08940000832080841
2755624960.0,-0.07314924895763397
2756562432.0,-0.0560634471476078
2757499904.0,-0.038906704634428024
2758437376.0,-0.020362431183457375
2759375104.0,-0.0020382755901664495
2760312576.0,0.017502153292298317
2761250048.0,0.03618869185447693
2762187520.0,0.05408930405974388
2763124992.0,0.07231829315423965
2764062464.0,0.08998947590589523
2764999936.0,0.10576717555522919
2765937408.0,0.12167376279830933
2766874880.0,0.1346733421087265
2767812608.0,0.19167210161685944
2768750080.0,0.19134663045406342
2769687552.0,0.18858730792999268
2770625024.0,0.1852324903011322
2771562496.0,0.18126846849918365
2772499968.0,0.17774072289466858
2773437440.0,0.17195339500904083
2774374912.0,0.1653636246919632
2775312384.0,0.15854215621948242
2776250112.0,0.1503836214542389
2777187584.0,0.1420130580663681
2778125056.0,0.13187284767627716
2779062528.0,0.12292955815792084
2780000000.0,0.11323586106300354
2780937472.0,0.10177332907915115
2781874944.0,0.0910186842083931
2782812416.0,0.07891256362199783
2783749888.0,0.06693176180124283
2784687616.0,0.05419312044978142
2785625088.0,0.04190456494688988
2786562560.0,0.029111040756106377
2787500032.0,0.016527701169252396
2788437504.0,0.0029356125742197037
2789374976.0,-0.009296141564846039
2790312448.0,-0.02072894386947155
2791249920.0,-0.032770879566669464
2792187392.0,-0.04367854446172714
2793125120.0,-0.05456380546092987
2794062592.0,-0.06501001119613647
2795000064.0,-0.07401473820209503
2795937536.0,-0.08274766057729721
2796875008.0,-0.08995220810174942
2797812480.0,-0.09535955637693405
2798749952.0,-0.10096431523561478
2799687424.0,-0.103438600897789
2800624896.0,-0.10578849166631699
2801562624.0,-0.10632669180631638
2802500096.0,-0.10617171972990036
2803437568.0,-0.10312848538160324
2804375040.0,-0.09951286017894745
2805312512.0,-0.094040147960186
2806249984.0,-0.08709103614091873
2807187456.0,-0.07889162003993988
2808124928.0,-0.06915327161550522
2809062400.0,-0.057022519409656525
2809999872.0,-0.04473864287137985
2810937600.0,-0.031804170459508896
2811875072.0,-0.017570262774825096
2812812544.0,-0.0013176165521144867
2813750016.0,0.014681288041174412
2814687488.0,0.03100764937698841
2815624960.0,0.047929346561431885
2816562432.0,0.06560222804546356
2817499904.0,0.08265925943851471
2818437376.0,0.09953915327787399
2819375104.0,0.11671949923038483
2820312576.0,0.13337406516075134
2821250048.0,0.14835548400878906
2822187520.0,0.16300298273563385
2823124992.0,0.17641855776309967
2824062464.0,0.1883324682712555
2824999936.0,0.1993049681186676
2825937408.0,0.20694474875926971
2826874880.0,0.21380721032619476
2827812608.0,0.22764483094215393
2828750080.0,0.22967688739299774
2829687552.0,0.22951838374137878
2830625024.0,0.22517502307891846
2831562496.0,0.21943296492099762
2832499968.0,0.21110104024410248
2833437440.0,0.20127205550670624
2834374912.0,0.18893766403198242
2835312384.0,0.17427442967891693
2836250112.0,0.1579040288925171
2837187584.0,0.13978973031044006
2838125056.0,0.12136926501989365
2839062528.0,0.10228589922189713
2840000000.0,0.08216327428817749
2840937472.0,0.061883341521024704
2841874944.0,0.04125514253973961
2842812416.0,0.022681131958961487
2843749888.0,0.003093873616307974
2844687616.0,-0.015042939223349094
2845625088.0,-0.032916925847530365
2846562560.0,-0.0485013872385025
2847500032.0,-0.0638340562582016
2848437504.0,-0.07717549800872803
2849374976.0,-0.08838755637407303
2850312448.0,-0.09738126397132874
2851249920.0,-0.10602793097496033
2852187392.0,-0.11336703598499298
2853125120.0,-0.11661174148321152
2854062592.0,-0.11873370409011841
2855000064.0,-0.11958739906549454
2855937536.0,-0.11831682175397873
2856875008.0,-0.11578531563282013
2857812480.0,-0.11230552941560745
2858749952.0,-0.10567214339971542
2859687424.0,-0.09948383271694183
2860624896.0,-0.09157036989927292
2861562624.0,-0.08185940235853195
2862500096.0,-0.07287980616092682
2863437568.0,-0.061882928013801575
2864375040.0,-0.05047876387834549
2865312512.0,-0.038693733513355255
2866249984.0,-0.02630520984530449
2867187456.0,-0.01329431589692831
2868124928.0,-0.0007759822183288634
2869062400.0,0.012890166603028774
2870000128.0,0.025596484541893005
2870937600.0,0.03894689306616783
2871875072.0,0.05182119086384773
2872812544.0,0.06508143991231918
2873750016.0,0.07737315446138382
2874687488.0,0.08986258506774902
2875624960.0,0.10246403515338898
2876562432.0,0.11406336724758148
2877499904.0,0.1254531294107437
2878437376.0,0.1372855305671692
2879375104.0,0.148341566324234
2880312576.0,0.15852035582065582
2881250048.0,0.16684365272521973
2882187520.0,0.1765763759613037
2883124992.0,0.18508489429950714
2884062464.0,0.19174055755138397
2884999936.0,0.19786016643047333
2885937408.0,0.20263780653476715
2886874880.0,0.20669661462306976
2887812608.0,0.20990991592407227
2888750080.0,0.21177498996257782
2889687552.0,0.21254567801952362
2890625024.0,0.21149101853370667
2891562496.0,0.20935505628585815
2892499968.0,0.20483851432800293
2893437440.0,0.20004837214946747
2894374912.0,0.19301548600196838
2895312384.0,0.1821167916059494
2896250112.0,0.17091761529445648
2897187584.0,0.15900318324565887
2898125056.0,0.143317312002182
2899062528.0,0.12903918325901031
2900000000.0,0.11189389228820801
2900937472.0,0.09415429085493088
2901874944.0,0.07635260373353958
2902812416.0,0.05733950436115265
2903749888.0,0.03836730122566223
2904687616.0,0.019658658653497696
2905625088.0,-0.0008343095541931689
2906562560.0,-0.019002752378582954
2907500032.0,-0.03708961606025696
2908437504.0,-0.05430145189166069
2909374976.0,-0.07052954286336899
2910312448.0,-0.08546477556228638
2911249920.0,-0.09981540590524673
2912187392.0,-0.11155818402767181
2913125120.0,-0.122676782310009
2914062592.0,-0.13030576705932617
2915000064.0,-0.1368553787469864
2915937536.0,-0.14045734703540802
2916875008.0,-0.14442861080169678
2917812480.0,-0.1439635008573532
2918749952.0,-0.14192122220993042
2919687424.0,-0.1373988837003708
2920624896.0,-0.13194739818572998
2921562624.0,-0.12352693825960159
2922500096.0,-0.11411536484956741
2923437568.0,-0.102997787296772
2924375040.0,-0.09125801175832748
2925312512.0,-0.07691711187362671
2926249984.0,-0.061352748423814774
2927187456.0,-0.04335594177246094
2928124928.0,-0.027241619303822517
2929062400.0,-0.009738211520016193
2929999872.0,0.0074362861923873425
2930937600.0,0.02504410780966282
2931875072.0,0.042419422417879105
2932812544.0,0.0589018240571022
2933750016.0,0.07540155202150345
2934687488.0,0.09160642325878143
2935624960.0,0.10645479708909988
2936562432.0,0.11934144794940948
2937499904.0,0.13222013413906097
2938437376.0,0.14290866255760193
2939375104.0,0.1525452435016632
2940312576.0,0.15977559983730316
2941250048.0,0.16697843372821808
2942187520.0,0.17148995399475098
2943124992.0,0.17502333223819733
2944062464.0,0.17759822309017181
2944999936.0,0.17826366424560547
2945937408.0,0.17840658128261566
2946874880.0,0.1776483803987503
2947812608.0,0.17244812846183777
2948750080.0,0.17200630903244019
2949687552.0,0.16930195689201355
2950625024.0,0.16612131893634796
2951562496.0,0.16206662356853485
2952499968.0,0.15731121599674225
2953437440.0,0.15140801668167114
2954374912.0,0.14444340765476227
2955312384.0,0.13754981756210327
2956250112.0,0.12941300868988037
2957187584.0,0.12127424031496048
2958125056.0,0.11284064501523972
2959062528.0,0.10370582342147827
2960000000.0,0.09362714737653732
2960937472.0,0.08271339535713196
2961874944.0,0.07232145220041275
2962812416.0,0.06112922728061676
2963749888.0,0.05072058364748955
2964687616.0,0.03980010747909546
2965625088.0,0.028283661231398582
2966562560.0,0.016250016167759895
2967500032.0,0.005317403469234705
2968437504.0,-0.0057195876725018024
2969374976.0,-0.015626968815922737
2970312448.0,-0.026021096855401993
2971249920.0,-0.03571844473481178
2972187392.0,-0.04437950626015663
2973125120.0,-0.05272562429308891
2974062592.0,-0.06066614016890526
2975000064.0,-0.06680406630039215
2975937536.0,-0.07351253926753998
2976875008.0,-0.0778680294752121
2977812480.0,-0.0821923315525055
2978749952.0,-0.08595182001590729
2979687424.0,-0.086215540766716
2980624896.0,-0.0881977304816246
2981562624.0,-0.08799418061971664
2982500096.0,-0.08582540601491928
2983437568.0,-0.08329778909683228
2984375040.0,-0.08012499660253525
2985312512.0,-0.07646701484918594
2986249984.0,-0.0707293152809143
2987187456.0,-0.06513061374425888
2988124928.0,-0.058371402323246
2989062400.0,-0.05038346350193024
2990000128.0,-0.04353690892457962
2990937600.0,-0.034682851284742355
2991875072.0,-0.026828838512301445
2992812544.0,-0.01889026165008545
2993750016.0,-0.009488862007856369
2994687488.0,-0.0009308225126005709
2995624960.0,0.0066405776888132095
2996562432.0,0.013221129775047302
2997499904.0,0.020901476964354515
2998437376.0,0.026940947398543358
2999375104.0,0.03347344323992729
3000312576.0,0.03706226497888565
3001250048.0,0.04141796752810478
3002187520.0,0.04415854811668396
3003124992.0,0.04607827588915825
3004062464.0,0.04752444103360176
3004999936.0,0.04802105203270912
3005937408.0,0.046802256256341934
3006874880.0,0.044852543622255325
3007812608.0,0.03989002853631973
3008750080.0,0.03622430935502052
3009687552.0,0.03159220144152641
3010625024.0,0.027064958587288857
3011562496.0,0.021820014342665672
3012499968.0,0.01773398369550705
3013437440.0,0.012285017408430576
3014374912.0,0.006509714759886265
3015312384.0,0.0013356951531022787
3016250112.0,-0.0034036203287541866
3017187584.0,-0.008938657119870186
3018125056.0,-0.014253339730203152
3019062528.0,-0.019375484436750412
3020000000.0,-0.024976486340165138
3020937472.0,-0.030217083171010017
3021874944.0,-0.03562088683247566
3022812416.0,-0.04048045724630356
3023749888.0,-0.04529797285795212
3024687616.0,-0.05073488876223564
3025625088.0,-0.05520480126142502
3026562560.0,-0.05944671854376793
3027500032.0,-0.06304306536912918
3028437504.0,-0.06745000183582306
3029374976.0,-0.07132945954799652
3030312448.0,-0.07475271821022034
3031249920.0,-0.0782015472650528
3032187392.0,-0.0814499631524086
3033125120.0,-0.08409645408391953
3034062592.0,-0.08648541569709778
3035000064.0,-0.08835149556398392
3035937536.0,-0.0908382385969162
3036875008.0,-0.09206042438745499
3037812480.0,-0.09261517226696014
3038749952.0,-0.09334205836057663
3039687424.0,-0.09351681917905807
3040624896.0,-0.09290987253189087
3041562624.0,-0.09249018132686615
3042500096.0,-0.09121570736169815
3043437568.0,-0.08823147416114807
3044375040.0,-0.08523154258728027
3045312512.0,-0.08142741024494171
3046249984.0,-0.07811913639307022
3047187456.0,-0.07464838027954102
3048124928.0,-0.07038918137550354
3049062400.0,-0.06553415209054947
3049999872.0,-0.05989491939544678
3050937600.0,-0.05486249923706055
3051875072.0,-0.0498761422932148
3052812544.0,-0.04362720996141434
3053750016.0,-0.03787463903427124
3054687488.0,-0.03240503370761871
3055624960.0,-0.026893334463238716
3056562432.0,-0.020278001204133034
3057499904.0,-0.014733528718352318
3058437376.0,-0.00861502718180418
3059375104.0,-0.004331499338150024
3060312576.0,0.0006837458349764347
3061250048.0,0.0037255629431456327
3062187520.0,0.00759614584967494
3063124992.0,0.01079113595187664
3064062464.0,0.013830951415002346
3064999936.0,0.015746835619211197
3065937408.0,0.015974050387740135
3066874880.0,0.015666481107473373
3067812608.0,0.029595330357551575
3068750080.0,0.023031767457723618
3069687552.0,0.016709767282009125
3070625024.0,0.008565934374928474
3071562496.0,0.0006145727238617837
3072499968.0,-0.009587547741830349
3073437440.0,-0.018043123185634613
3074374912.0,-0.028549818322062492
3075312384.0,-0.038339775055646896
3076250112.0,-0.04831266403198242
3077187584.0,-0.05813206359744072
3078125056.0,-0.06827591359615326
3079062528.0,-0.07697098702192307
3080000000.0,-0.08517508953809738
3080937472.0,-0.09224072098731995
3081874944.0,-0.09953732788562775
3082812416.0,-0.10492473095655441
3083749888.0,-0.1090550348162651
3084687616.0,-0.1131557747721672
3085625088.0,-0.11600200086832047
3086562560.0,-0.11693818867206573
3087500032.0,-0.11624317616224289
3088437504.0,-0.11542484164237976
3089374976.0,-0.11288968473672867
3090312448.0,-0.10989761352539062
3091249920.0,-0.10553634166717529
3092187392.0,-0.09970489144325256
3093125120.0,-0.09243743121623993
3094062592.0,-0.08484126627445221
3095000064.0,-0.07748333364725113
3095937536.0,-0.06775309890508652
3096875008.0,-0.058715999126434326
3097812480.0,-0.04933499917387962
3098749952.0,-0.039299894124269485
3099687424.0,-0.02912507951259613
3100624896.0,-0.0183874499052763
3101562624.0,-0.008458412252366543
3102500096.0,0.0015213799197226763
3103437568.0,0.011792573146522045
3104375040.0,0.020900830626487732
3105312512.0,0.030918946489691734
3106249984.0,0.039579395204782486
3107187456.0,0.048998571932315826
3108124928.0,0.05717966705560684
3109062400.0,0.06476815044879913
3110000128.0,0.07199607044458389
3110937600.0,0.07899803668260574
3111875072.0,0.08583593368530273
3112812544.0,0.09085019677877426
3113750016.0,0.09563159942626953
3114687488.0,0.0999053493142128
3115624960.0,0.10398959368467331
3116562432.0,0.10798037052154541
3117499904.0,0.11185375601053238
3118437376.0,0.11469775438308716
3119375104.0,0.11733382195234299
3120312576.0,0.11979122459888458
3121250048.0,0.12217602878808975
3122187520.0,0.1237967237830162
3123124992.0,0.1268017590045929
3124062464.0,0.1277168095111847
3124999936.0,0.1293165385723114
3125937408.0,0.13069754838943481
3126874880.0,0.13101547956466675
3127812608.0,0.15116800367832184
3128750080.0,0.14818765223026276
3129687552.0,0.1463984102010727
3130625024.0,0.1444181203842163
3131562496.0,0.14234760403633118
3132499968.0,0.1403835415840149
3133437440.0,0.13840022683143616
3134374912.0,0.13770534098148346
3135312384.0,0.13638432323932648
3136250112.0,0.134999617934227
3137187584.0,0.13411971926689148
3138125056.0,0.1324034035205841
3139062528.0,0.13235905766487122
3140000000.0,0.13176724314689636
3140937472.0,0.13082024455070496
3141874944.0,0.13161641359329224
3142812416.0,0.13007722795009613
3143749888.0,0.12953832745552063
3144687616.0,0.12748652696609497
3145625088.0,0.1264619678258896
3146562560.0,0.12441948056221008
3147500032.0,0.12225965410470963
3148437504.0,0.11907745152711868
3149374976.0,0.11618206650018692
3150312448.0,0.11261854320764542
3151249920.0,0.10771705955266953
3152187392.0,0.10175322741270065
3153125120.0,0.09674989432096481
3154062592.0,0.09076344221830368
3155000064.0,0.08348574489355087
3155937536.0,0.07486815005540848
3156875008.0,0.06677789241075516
3157812480.0,0.0573003850877285
3158749952.0,0.04713563248515129
3159687424.0,0.035860419273376465
3160624896.0,0.025607705116271973
3161562624.0,0.01402950007468462
3162500096.0,0.002327819587662816
3163437568.0,-0.009680738672614098
3164375040.0,-0.021980805322527885
3165312512.0,-0.034954894334077835
3166249984.0,-0.046634428203105927
3167187456.0,-0.05759487673640251
3168124928.0,-0.06966862082481384
3169062400.0,-0.0805349200963974
3169999872.0,-0.0907934159040451
3170937600.0,-0.10008078068494797
3171875072.0,-0.10812027752399445
3172812544.0,-0.11594174057245255
3173750016.0,-0.12312628328800201
3174687488.0,-0.12842252850532532
3175624960.0,-0.1314418762922287
3176562432.0,-0.13395872712135315
3177499904.0,-0.13538400828838348
3178437376.0,-0.13459791243076324
3179375104.0,-0.1325465738773346
3180312576.0,-0.12924298644065857
3181250048.0,-0.12326939404010773
3182187520.0,-0.11652195453643799
3183124992.0,-0.10836920887231827
3184062464.0,-0.09915643185377121
3184999936.0,-0.08736208081245422
3185937408.0,-0.07500036805868149
3186874880.0,-0.060338448733091354
3187812608.0,0.06810873746871948
3188750080.0,0.06619572639465332
3189687552.0,0.06543271243572235
3190625024.0,0.06670752912759781
3191562496.0,0.06707295030355453
3192499968.0,0.07024213671684265
3193437440.0,0.07255437970161438
3194374912.0,0.07670871168375015
3195312384.0,0.08121760189533234
3196250112.0,0.08610136061906815
3197187584.0,0.09101119637489319
3198125056.0,0.09592559933662415
3199062528.0,0.10111462324857712
3200000000.0,0.10663145035505295
3200937472.0,0.11186710000038147
3201874944.0,0.11538077145814896
3202812416.0,0.11958777159452438
3203749888.0,0.12164375931024551
3204687616.0,0.12331831455230713
3205625088.0,0.12391797453165054
3206562560.0,0.12312191724777222
3207500032.0,0.12086798250675201
3208437504.0,0.11880471557378769
3209374976.0,0.1143953949213028
3210312448.0,0.10988479107618332
3211249920.0,0.10368084162473679
3212187392.0,0.09562814235687256
3213125120.0,0.08733046799898148
3214062592.0,0.07660192996263504
3215000064.0,0.06572680920362473
3215937536.0,0.055223818868398666
3216875008.0,0.04175762087106705
3217812480.0,0.029296791180968285
3218749952.0,0.017255036160349846
3219687424.0,0.002702108584344387
3220624896.0,-0.008565139025449753
3221562624.0,-0.0211216751486063
3222500096.0,-0.0332559272646904
3223437568.0,-0.04516969993710518
3224375040.0,-0.055721353739500046
3225312512.0,-0.06514271348714828
3226249984.0,-0.07393047213554382
3227187456.0,-0.08053280413150787
3228124928.0,-0.08881967514753342
3229062400.0,-0.09403329342603683
3230000128.0,-0.09705869853496552
3230937600.0,-0.09915906190872192
3231875072.0,-0.10059527307748795
3232812544.0,-0.10064268857240677
3233750016.0,-0.09944706410169601
3234687488.0,-0.09730800986289978
3235624960.0,-0.0944768562912941
3236562432.0,-0.09056232869625092
3237499904.0,-0.08736832439899445
3238437376.0,-0.08269107341766357
3239375104.0,-0.07855896651744843
3240312576.0,-0.07300907373428345
3241250048.0,-0.06875387579202652
3242187520.0,-0.06511908024549484
3243124992.0,-0.06042415276169777
3244062464.0,-0.05758541077375412
3244999936.0,-0.05537644773721695
3245937408.0,-0.054681919515132904
3246874880.0,-0.05450362712144852
3247812608.0,-0.047110024839639664
3248750080.0,-0.05135316401720047
3249687552.0,-0.05349903553724289
3250625024.0,-0.05870894715189934
3251562496.0,-0.0622069388628006
3252499968.0,-0.06451314687728882
3253437440.0,-0.06707075983285904
3254374912.0,-0.06827880442142487
3255312384.0,-0.06849732995033264
3256250112.0,-0.06739296764135361
3257187584.0,-0.06449685245752335
3258125056.0,-0.0619545504450798
3259062528.0,-0.057100553065538406
3260000000.0,-0.05144747346639633
3260937472.0,-0.04496540501713753
3261874944.0,-0.03676117584109306
3262812416.0,-0.02930212765932083
3263749888.0,-0.019920865073800087
3264687616.0,-0.011333917267620564
3265625088.0,-0.002824138617143035
3266562560.0,0.00582942133769393
3267500032.0,0.01264708861708641
3268437504.0,0.020364543423056602
3269374976.0,0.02538193389773369
3270312448.0,0.030589018017053604
3271249920.0,0.03375783562660217
3272187392.0,0.035931531339883804
3273125120.0,0.03757917508482933
3274062592.0,0.03688758611679077
3275000064.0,0.036437131464481354
3275937536.0,0.03497055172920227
3276875008.0,0.03226403519511223
3277812480.0,0.031148135662078857
3278749952.0,0.028835656121373177
3279687424.0,0.02776777558028698
3280624896.0,0.02605453133583069
3281562624.0,0.02585877664387226
3282500096.0,0.025838814675807953
3283437568.0,0.025982847437262535
3284375040.0,0.026811299845576286
3285312512.0,0.028814014047384262
3286249984.0,0.030968405306339264
3287187456.0,0.03266452997922897
3288124928.0,0.03444948047399521
3289062400.0,0.03620775789022446
3289999872.0,0.03660726547241211
3290937600.0,0.037753310054540634
3291875072.0,0.03744710236787796
3292812544.0,0.03477492928504944
3293750016.0,0.0316871702671051
3294687488.0,0.02687610127031803
3295624960.0,0.022116363048553467
3296562432.0,0.016231419518589973
3297499904.0,0.008145242929458618
3298437376.0,9.14257689146325e-05
3299375104.0,-0.008460883982479572
3300312576.0,-0.017519095912575722
3301250048.0,-0.026618052273988724
3302187520.0,-0.036151014268398285
3303124992.0,-0.04609532654285431
3304062464.0,-0.05464861914515495
3304999936.0,-0.06286019086837769
3305937408.0,-0.07114347815513611
3306874880.0,-0.0795612633228302
3307812608.0,-0.046959951519966125
3308750080.0,-0.04455102980136871
3309687552.0,-0.042795922607183456
3310625024.0,-0.041778139770030975
3311562496.0,-0.040848612785339355
3312499968.0,-0.03935171663761139
3313437440.0,-0.039248254150152206
3314374912.0,-0.03871122747659683
3315312384.0,-0.03969716280698776
3316250112.0,-0.04198088496923447
3317187584.0,-0.044289592653512955
3318125056.0,-0.046925488859415054
3319062528.0,-0.05045720189809799
3320000000.0,-0.0539192259311676
3320937472.0,-0.0582992285490036
3321874944.0,-0.06334879249334335
3322812416.0,-0.06945233047008514
3323749888.0,-0.07609942555427551
3324687616.0,-0.08230098336935043
3325625088.0,-0.09032437950372696
3326562560.0,-0.09727782011032104
3327500032.0,-0.10375919938087463
3328437504.0,-0.11125781387090683
3329374976.0,-0.11690457910299301
3330312448.0,-0.12277539819478989
3331249920.0,-0.12927554547786713
3332187392.0,-0.13328470289707184
3333125120.0,-0.1375182718038559
3334062592.0,-0.14099615812301636
3335000064.0,-0.14330065250396729
3335937536.0,-0.14461509883403778
3336875008.0,-0.14441664516925812
3337812480.0,-0.14283552765846252
3338749952.0,-0.1411236822605133
3339687424.0,-0.13814827799797058
3340624896.0,-0.13300064206123352
3341562624.0,-0.12747739255428314
3342500096.0,-0.12141658365726471
3343437568.0,-0.114160917699337
3344375040.0,-0.10568132996559143
3345312512.0,-0.09676692634820938
3346249984.0,-0.08760318160057068
3347187456.0,-0.07767804712057114
3348124928.0,-0.06826265901327133
3349062400.0,-0.05747175216674805
3350000128.0,-0.047613345086574554
3350937600.0,-0.03789123147726059
3351875072.0,-0.028362492099404335
3352812544.0,-0.018828870728611946
3353750016.0,-0.010440592654049397
3354687488.0,-0.0022900619078427553
3355624960.0,0.004718635696917772
3356562432.0,0.012026089243590832
3357499904.0,0.018289417028427124
3358437376.0,0.02366633526980877
3359375104.0,0.028013277798891068
3360312576.0,0.03196461498737335
3361250048.0,0.036375682801008224
3362187520.0,0.038973864167928696
3363124992.0,0.04131673648953438
3364062464.0,0.0442703440785408
3364999936.0,0.04651473090052605
3365937408.0,0.04888834431767464
3366874880.0,0.05156119540333748
3367812608.0,0.06108654662966728
3368750080.0,0.06833573430776596
3369687552.0,0.0763336569070816
3370625024.0,0.08344657719135284
3371562496.0,0.08846627175807953
3372499968.0,0.09345218539237976
3373437440.0,0.09674613922834396
3374374912.0,0.0993732288479805
3375312384.0,0.10028847306966782
3376250112.0,0.1011018380522728
3377187584.0,0.10036969184875488
3378125056.0,0.09737347066402435
3379062528.0,0.09402771294116974
3380000000.0,0.0898110643029213
3380937472.0,0.08367953449487686
3381874944.0,0.07633932679891586
3382812416.0,0.06941784173250198
3383749888.0,0.06109314039349556
3384687616.0,0.05171339213848114
3385625088.0,0.0421651266515255
3386562560.0,0.032119039446115494
3387500032.0,0.021106794476509094
3388437504.0,0.01074941921979189
3389374976.0,0.0003866911865770817
3390312448.0,-0.009912054985761642
3391249920.0,-0.020125191658735275
3392187392.0,-0.030441608279943466
3393125120.0,-0.03941765055060387
3394062592.0,-0.048831768333911896
3395000064.0,-0.05642193555831909
3395937536.0,-0.06386391818523407
3396875008.0,-0.07044324278831482
3397812480.0,-0.07594462484121323
3398749952.0,-0.08057639747858047
3399687424.0,-0.08365235477685928
3400624896.0,-0.08651652187108994
3401562624.0,-0.08870667219161987
3402500096.0,-0.08971056342124939
3403437568.0,-0.09045528620481491
3404375040.0,-0.089469313621521
3405312512.0,-0.08871915936470032
3406249984.0,-0.08648578077554703
3407187456.0,-0.08438919484615326
3408124928.0,-0.08170638233423233
3409062400.0,-0.0780576840043068
3409999872.0,-0.0742112398147583
3410937600.0,-0.07112336158752441
3411875072.0,-0.06682371348142624
3412812544.0,-0.06251432746648788
3413750016.0,-0.059177737683057785
3414687488.0,-0.05420384928584099
3415624960.0,-0.04939703643321991
3416562432.0,-0.045485518872737885
3417499904.0,-0.04059271886944771
3418437376.0,-0.03656758368015289
3419375104.0,-0.032144881784915924
3420312576.0,-0.028255360201001167
3421250048.0,-0.024410156533122063
3422187520.0,-0.021192308515310287
3423124992.0,-0.01650375686585903
3424062464.0,-0.013488697819411755
3424999936.0,-0.0104565704241395
3425937408.0,-0.006229229737073183
3426874880.0,-0.0029424605891108513
3427812608.0,0.001634096959605813
3428750080.0,0.0045714848674833775
3429687552.0,0.007681877817958593
3430625024.0,0.010605813935399055
3431562496.0,0.014129656367003918
3432499968.0,0.018350552767515182
3433437440.0,0.02338355779647827
3434374912.0,0.028514428064227104
3435312384.0,0.034466635435819626
3436250112.0,0.04230070486664772
3437187584.0,0.05025649443268776
3438125056.0,0.05994893237948418
3439062528.0,0.07108088582754135
3440000000.0,0.08228129893541336
3440937472.0,0.0949896052479744
3441874944.0,0.1077086552977562
3442812416.0,0.12227226793766022
3443749888.0,0.13705170154571533
3444687616.0,0.151051327586174
3445625088.0,0.16542933881282806
3446562560.0,0.17891880869865417
3447500032.0,0.19202886521816254
3448437504.0,0.20437335968017578
3449374976.0,0.21502552926540375
3450312448.0,0.22336921095848083
3451249920.0,0.23058222234249115
3452187392.0,0.23492403328418732
3453125120.0,0.2368820309638977
3454062592.0,0.23751947283744812
3455000064.0,0.23395684361457825
3455937536.0,0.22929562628269196
3456875008.0,0.22154034674167633
3457812480.0,0.2111743986606598
3458749952.0,0.19848032295703888
3459687424.0,0.18474017083644867
3460624896.0,0.1684945970773697
3461562624.0,0.15163789689540863
3462500096.0,0.13354185223579407
3463437568.0,0.11444194614887238
3464375040.0,0.09428874403238297
3465312512.0,0.07488036155700684
3466249984.0,0.054920125752687454
3467187456.0,0.036365773528814316
3468124928.0,0.018540004268288612
3469062400.0,0.0021828883327543736
3470000128.0,-0.012660740874707699
3470937600.0,-0.026514481753110886
3471875072.0,-0.03838483989238739
3472812544.0,-0.047376543283462524
3473750016.0,-0.0550004243850708
3474687488.0,-0.061072319746017456
3475624960.0,-0.06504673510789871
3476562432.0,-0.06723794341087341
3477499904.0,-0.06716570258140564
3478437376.0,-0.0660565048456192
3479375104.0,-0.0639234334230423
3480312576.0,-0.059910885989665985
3481250048.0,-0.05672895908355713
3482187520.0,-0.052605584263801575
3483124992.0,-0.04719957336783409
3484062464.0,-0.042529087513685226
3484999936.0,-0.037694256752729416
3485937408.0,-0.033565569669008255
3486874880.0,-0.029631752520799637
3487812608.0,-0.015520214103162289
3488750080.0,-0.02022731862962246
3489687552.0,-0.02511725015938282
3490625024.0,-0.029254214838147163
3491562496.0,-0.03532910719513893
3492499968.0,-0.041175924241542816
3493437440.0,-0.046842094510793686
3494374912.0,-0.05238955095410347
3495312384.0,-0.05695800110697746
3496250112.0,-0.06203319877386093
3497187584.0,-0.0658537745475769
3498125056.0,-0.07027282565832138
3499062528.0,-0.07196026295423508
3500000000.0,-0.07394109666347504
3500937472.0,-0.07345517724752426
3501874944.0,-0.07118337601423264
3502812416.0,-0.06852435320615768
3503749888.0,-0.06645409017801285
3504687616.0,-0.06056524068117142
3505625088.0,-0.05622030794620514
3506562560.0,-0.048736169934272766
3507500032.0,-0.04173136129975319
3508437504.0,-0.03315095230937004
3509374976.0,-0.024034295231103897
3510312448.0,-0.015346036292612553
3511249920.0,-0.0061469548381865025
3512187392.0,0.0035000075586140156
3513125120.0,0.013363832607865334
3514062592.0,0.02296769805252552
3515000064.0,0.032511044293642044
3515937536.0,0.04130042344331741
3516875008.0,0.0499534010887146
3517812480.0,0.0577763207256794
3518749952.0,0.06401228904724121
3519687424.0,0.06940798461437225
3520624896.0,0.07307346165180206
3521562624.0,0.07554754614830017
3522500096.0,0.07716291397809982
3523437568.0,0.07713170349597931
3524375040.0,0.07682956010103226
3525312512.0,0.0744309276342392
3526249984.0,0.07119962573051453
3527187456.0,0.0680447518825531
3528124928.0,0.06379930675029755
3529062400.0,0.05910012125968933
3529999872.0,0.053461648523807526
3530937600.0,0.04775518178939819
3531875072.0,0.04202426224946976
3532812544.0,0.03690371662378311
3533750016.0,0.03198607638478279
3534687488.0,0.027215266600251198
3535624960.0,0.0222557932138443
3536562432.0,0.019250545650720596
3537499904.0,0.01614675484597683
3538437376.0,0.01411889586597681
3539375104.0,0.013433791697025299
3540312576.0,0.012724467553198338
3541250048.0,0.012622294016182423
3542187520.0,0.013745205476880074
3543124992.0,0.014965696260333061
3544062464.0,0.018004877492785454
3544999936.0,0.020980387926101685
3545937408.0,0.024990389123558998
3546874880.0,0.029538150876760483
3547812608.0,0.031525302678346634
3548750080.0,0.029243405908346176
3549687552.0,0.02774168737232685
3550625024.0,0.024669231846928596
3551562496.0,0.02153180167078972
3552499968.0,0.019140591844916344
3553437440.0,0.015609937720000744
3554374912.0,0.012415914796292782
3555312384.0,0.008080818690359592
3556250112.0,0.005451136734336615
3557187584.0,0.0008658776059746742
3558125056.0,-0.002888500690460205
3559062528.0,-0.006318449974060059
3560000000.0,-0.00975867547094822
3560937472.0,-0.013388138264417648
3561874944.0,-0.016420546919107437
3562812416.0,-0.020277880132198334
3563749888.0,-0.024111349135637283
3564687616.0,-0.02702322043478489
3565625088.0,-0.030024735257029533
3566562560.0,-0.031344760209321976
3567500032.0,-0.03409215807914734
3568437504.0,-0.03502891957759857
3569374976.0,-0.035367920994758606
3570312448.0,-0.03560242801904678
3571249920.0,-0.035833120346069336
3572187392.0,-0.034731145948171616
3573125120.0,-0.033999569714069366
3574062592.0,-0.032561082392930984
3575000064.0,-0.03148936480283737
3575937536.0,-0.029651744291186333
3576875008.0,-0.028697876259684563
3577812480.0,-0.02730344980955124
3578749952.0,-0.024611372500658035
3579687424.0,-0.02352830581367016
3580624896.0,-0.020488006994128227
3581562624.0,-0.017227526754140854
3582500096.0,-0.01507780235260725
3583437568.0,-0.01278309803456068
3584375040.0,-0.011423107236623764
3585312512.0,-0.00997901801019907
3586249984.0,-0.008997457101941109
3587187456.0,-0.007898782379925251
3588124928.0,-0.0077693648636341095
3589062400.0,-0.007410380523651838
3590000128.0,-0.006468884646892548
3590937600.0,-0.006455315742641687
3591875072.0,-0.00654510036110878
3592812544.0,-0.006435972172766924
3593750016.0,-0.004946928005665541
3594687488.0,-0.0040162126533687115
3595624960.0,-0.0022879554890096188
3596562432.0,-0.00045021960977464914
3597499904.0,0.0010898273903876543
3598437376.0,0.002893606899306178
3599375104.0,0.005372508428990841
3600312576.0,0.008662878535687923
3601250048.0,0.01197822391986847
3602187520.0,0.016621794551610947
3603124992.0,0.021205704659223557
3604062464.0,0.026137642562389374
3604999936.0,0.03140819072723389
3605937408.0,0.03770900145173073
3606874880.0,0.04305706173181534
3607812608.0,0.06549378484487534
3608750080.0,0.07636052370071411
3609687552.0,0.08491575717926025
3610625024.0,0.09404130280017853
3611562496.0,0.10154994577169418
3612499968.0,0.10905200988054276
3613437440.0,0.115215964615345
3614374912.0,0.12159367650747299
3615312384.0,0.12653951346874237
3616250112.0,0.13084644079208374
3617187584.0,0.1329481452703476
3618125056.0,0.133489191532135
3619062528.0,0.1351109743118286
3620000000.0,0.13266605138778687
3620937472.0,0.13129746913909912
3621874944.0,0.12797202169895172
3622812416.0,0.12430746108293533
3623749888.0,0.11908338963985443
3624687616.0,0.11340443044900894
3625625088.0,0.10676542669534683
3626562560.0,0.10070925951004028
3627500032.0,0.09237448126077652
3628437504.0,0.08506815135478973
3629374976.0,0.0765126645565033
3630312448.0,0.06734895706176758
3631249920.0,0.0580439493060112
3632187392.0,0.0480131171643734
3633125120.0,0.0374373160302639
3634062592.0,0.027628958225250244
3635000064.0,0.0166750717908144
3635937536.0,0.007558172568678856
3636875008.0,-0.002839292399585247
3637812480.0,-0.01257690042257309
3638749952.0,-0.02219984494149685
3639687424.0,-0.03213248774409294
3640624896.0,-0.03990666940808296
3641562624.0,-0.04991427809000015
3642500096.0,-0.05824970081448555
3643437568.0,-0.06674951314926147
3644375040.0,-0.07352227717638016
3645312512.0,-0.07917089015245438
3646249984.0,-0.0853460356593132
3647187456.0,-0.09094517678022385
3648124928.0,-0.09618926793336868
3649062400.0,-0.10053443163633347
3649999872.0,-0.10511379688978195
3650937600.0,-0.10875321924686432
3651875072.0,-0.11138329654932022
3652812544.0,-0.11335238069295883
3653750016.0,-0.11289405077695847
3654687488.0,-0.1137060597538948
3655624960.0,-0.11252745240926743
3656562432.0,-0.11171085387468338
3657499904.0,-0.10987097769975662
3658437376.0,-0.10795564949512482
3659375104.0,-0.10681682825088501
3660312576.0,-0.10392624139785767
3661250048.0,-0.10168585181236267
3662187520.0,-0.09677031636238098
3663124992.0,-0.09298069030046463
3664062464.0,-0.08886922895908356
3664999936.0,-0.0838051438331604
3665937408.0,-0.07976128160953522
3666874880.0,-0.07489613443613052
3667812608.0,-0.05776193365454674
3668750080.0,-0.056949444115161896
3669687552.0,-0.05600389093160629
3670625024.0,-0.05398472771048546
3671562496.0,-0.05218871682882309
3672499968.0,-0.04744388908147812
3673437440.0,-0.04441579803824425
3674374912.0,-0.039098288863897324
3675312384.0,-0.03317003697156906
3676250112.0,-0.027234166860580444
3677187584.0,-0.020252171903848648
3678125056.0,-0.012475571595132351
3679062528.0,-0.004285659175366163
3680000000.0,0.004263157956302166
3680937472.0,0.012800013646483421
3681874944.0,0.022482698783278465
3682812416.0,0.030915074050426483
3683749888.0,0.040532998740673065
3684687616.0,0.049594245851039886
3685625088.0,0.058937426656484604
3686562560.0,0.06758344918489456
3687500032.0,0.07539502531290054
3688437504.0,0.08237727731466293
3689374976.0,0.09026402235031128
3690312448.0,0.0977831557393074
3691249920.0,0.10279884934425354
3692187392.0,0.10823781788349152
3693125120.0,0.11200311779975891
3694062592.0,0.11565393209457397
3695000064.0,0.1166415587067604
3695937536.0,0.11670509725809097
3696875008.0,0.11652666330337524
3697812480.0,0.11510348320007324
3698749952.0,0.11263613402843475
3699687424.0,0.10966550558805466
3700624896.0,0.10529285669326782
3701562624.0,0.10026656836271286
3702500096.0,0.09524384886026382
3703437568.0,0.08887200802564621
3704375040.0,0.0817236602306366
3705312512.0,0.0736420527100563
3706249984.0,0.06534513086080551
3707187456.0,0.056912366300821304
3708124928.0,0.0486869290471077
3709062400.0,0.03876887634396553
3710000128.0,0.029241131618618965
3710937600.0,0.01982537843286991
3711875072.0,0.011595996096730232
3712812544.0,0.00294175511226058
3713750016.0,-0.004271006677299738
3714687488.0,-0.011290010996162891
3715624960.0,-0.0173319261521101
3716562432.0,-0.02151070535182953
3717499904.0,-0.02586854249238968
3718437376.0,-0.029926426708698273
3719375104.0,-0.03190881758928299
3720312576.0,-0.034097157418727875
3721250048.0,-0.034349892288446426
3722187520.0,-0.03504728153347969
3723124992.0,-0.033449478447437286
3724062464.0,-0.032773613929748535
3724999936.0,-0.030466889962553978
3725937408.0,-0.02924591861665249
3726874880.0,-0.027338305488228798
3727812608.0,-0.0310638640075922
3728750080.0,-0.030438333749771118
3729687552.0,-0.02914978750050068
3730625024.0,-0.028397871181368828
3731562496.0,-0.028237726539373398
3732499968.0,-0.027250291779637337
3733437440.0,-0.02658206969499588
3734374912.0,-0.026327762752771378
3735312384.0,-0.026214728131890297
3736250112.0,-0.026676557958126068
3737187584.0,-0.028246348723769188
3738125056.0,-0.02917364612221718
3739062528.0,-0.031863659620285034
3740000000.0,-0.035683464258909225
3740937472.0,-0.039359208196401596
3741874944.0,-0.043185409158468246
3742812416.0,-0.04734024778008461
3743749888.0,-0.05210437998175621
3744687616.0,-0.05735461413860321
3745625088.0,-0.06257689744234085
3746562560.0,-0.06773866713047028
3747500032.0,-0.07378878444433212
3748437504.0,-0.07738248258829117
3749374976.0,-0.08256106823682785
3750312448.0,-0.08796659857034683
3751249920.0,-0.09307222068309784
3752187392.0,-0.09757912158966064
3753125120.0,-0.10231044143438339
3754062592.0,-0.10565362125635147
3755000064.0,-0.10885091871023178
3755937536.0,-0.11155752092599869
3756875008.0,-0.11278575658798218
3757812480.0,-0.11356616020202637
3758749952.0,-0.1121378242969513
3759687424.0,-0.11097694933414459
3760624896.0,-0.10668883472681046
3761562624.0,-0.1013343408703804
3762500096.0,-0.09499204903841019
3763437568.0,-0.08747255057096481
3764375040.0,-0.0789295956492424
3765312512.0,-0.0695391297340393
3766249984.0,-0.059612493962049484
3767187456.0,-0.04812603071331978
3768124928.0,-0.037345774471759796
3769062400.0,-0.025771912187337875
3769999872.0,-0.013810419477522373
3770937600.0,-0.0016613244079053402
3771875072.0,0.007944292388856411
3772812544.0,0.019041815772652626
3773750016.0,0.028324929997324944
3774687488.0,0.0361652709543705
3775624960.0,0.04438009113073349
3776562432.0,0.050244417041540146
3777499904.0,0.05516880005598068
3778437376.0,0.05902209132909775
3779375104.0,0.06095590814948082
3780312576.0,0.06003638356924057
3781250048.0,0.05857093259692192
3782187520.0,0.05394339933991432
3783124992.0,0.04930925369262695
3784062464.0,0.04258045554161072
3784999936.0,0.034404486417770386
3785937408.0,0.024646146222949028
3786874880.0,0.02658751793205738
3787812608.0,0.019142817705869675
3788750080.0,0.009080689400434494
3789687552.0,-0.0008436390780843794
3790625024.0,-0.013315095566213131
3791562496.0,-0.025196710601449013
3792499968.0,-0.03647707402706146
3793437440.0,-0.047952380031347275
3794374912.0,-0.059765178710222244
3795312384.0,-0.07104568183422089
3796250112.0,-0.08304375410079956
3797187584.0,-0.09265811741352081
3798125056.0,-0.1029374971985817
3799062528.0,-0.1127895638346672
3800000000.0,-0.12159358710050583
3800937472.0,-0.12928082048892975
3801874944.0,-0.1359548270702362
3802812416.0,-0.14038072526454926
3803749888.0,-0.14437413215637207
3804687616.0,-0.1465304046869278
3805625088.0,-0.1474030613899231
3806562560.0,-0.14819073677062988
3807500032.0,-0.14572438597679138
3808437504.0,-0.14211095869541168
3809374976.0,-0.13631461560726166
3810312448.0,-0.13073411583900452
3811249920.0,-0.12497621029615402
3812187392.0,-0.1166132315993309
3813125120.0,-0.10787034034729004
3814062592.0,-0.0991387814283371
3815000064.0,-0.09055253118276596
3815937536.0,-0.08016938716173172
3816875008.0,-0.07108665257692337
3817812480.0,-0.06061941385269165
3818749952.0,-0.04982268810272217
3819687424.0,-0.04083019122481346
3820624896.0,-0.03056265413761139
3821562624.0,-0.022380774840712547
3822500096.0,-0.01540424209088087
3823437568.0,-0.007315585855394602
3824375040.0,-0.001099155517295003
3825312512.0,0.0058238208293914795
3826249984.0,0.009987769648432732
3827187456.0,0.01398102194070816
3828124928.0,0.01682671159505844
3829062400.0,0.017958300188183784
3830000128.0,0.018538393080234528
3830937600.0,0.01759793795645237
3831875072.0,0.015422847121953964
3832812544.0,0.012158497236669064
3833750016.0,0.009306080639362335
3834687488.0,0.004932182841002941
3835624960.0,0.0010806015925481915
3836562432.0,-0.0028183592949062586
3837499904.0,-0.007081528194248676
3838437376.0,-0.01169540360569954
3839375104.0,-0.01587662287056446
3840312576.0,-0.019202740862965584
3841250048.0,-0.02270784229040146
3842187520.0,-0.02520548552274704
3843124992.0,-0.02794034779071808
3844062464.0,-0.030235832557082176
3844999936.0,-0.03201194852590561
3845937408.0,-0.03305432200431824
3846874880.0,-0.02544957771897316
3847812608.0,-0.020800549536943436
3848750080.0,-0.01753438077867031
3849687552.0,-0.013887692242860794
3850625024.0,-0.011377488262951374
3851562496.0,-0.009775723330676556
3852499968.0,-0.007533111143857241
3853437440.0,-0.005949252750724554
3854374912.0,-0.0054000006057322025
3855312384.0,-0.004386383108794689
3856250112.0,-0.005339690949767828
3857187584.0,-0.005898067727684975
3858125056.0,-0.007787689100950956
3859062528.0,-0.008352737873792648
3860000000.0,-0.010075598023831844
3860937472.0,-0.012527513317763805
3861874944.0,-0.014265301637351513
3862812416.0,-0.01717936061322689
3863749888.0,-0.01990174502134323
3864687616.0,-0.02217203937470913
3865625088.0,-0.0251510851085186
3866562560.0,-0.02761489897966385
3867500032.0,-0.029290813952684402
3868437504.0,-0.03290221467614174
3869374976.0,-0.03519972413778305
3870312448.0,-0.03842063620686531
3871249920.0,-0.03990219160914421
3872187392.0,-0.04177548363804817
3873125120.0,-0.04520396143198013
3874062592.0,-0.045900143682956696
3875000064.0,-0.04772117733955383
3875937536.0,-0.051471203565597534
3876875008.0,-0.05422837659716606
3877812480.0,-0.056696634739637375
3878749952.0,-0.058369409292936325
3879687424.0,-0.060551684349775314
3880624896.0,-0.061527084559202194
3881562624.0,-0.06290162354707718
3882500096.0,-0.06292114406824112
3883437568.0,-0.0628107413649559
3884375040.0,-0.06322865188121796
3885312512.0,-0.06293315440416336
3886249984.0,-0.06289651989936829
3887187456.0,-0.06281757354736328
3888124928.0,-0.06184322014451027
3889062400.0,-0.06124165654182434
3889999872.0,-0.06048416346311569
3890937600.0,-0.060614991933107376
3891875072.0,-0.0613187775015831
3892812544.0,-0.06131256744265556
3893750016.0,-0.06278053671121597
3894687488.0,-0.06394346058368683
3895624960.0,-0.06622391194105148
3896562432.0,-0.06796590983867645
3897499904.0,-0.07075316458940506
3898437376.0,-0.07318301498889923
3899375104.0,-0.07532776147127151
3900312576.0,-0.079471156001091
3901250048.0,-0.08396991342306137
3902187520.0,-0.08834859728813171
3903124992.0,-0.09248101711273193
3904062464.0,-0.0967816710472107
3904999936.0,-0.1027558371424675
3905937408.0,-0.10586680471897125
3906874880.0,-0.12251781672239304
3907812608.0,-0.1304948627948761
3908750080.0,-0.13613781332969666
3909687552.0,-0.13909518718719482
3910625024.0,-0.14107273519039154
3911562496.0,-0.14172481000423431
3912499968.0,-0.13964228332042694
3913437440.0,-0.13609613478183746
3914374912.0,-0.12860576808452606
3915312384.0,-0.11899753659963608
3916250112.0,-0.10960393399000168
3917187584.0,-0.09763160347938538
3918125056.0,-0.08449669182300568
3919062528.0,-0.0705152153968811
3920000000.0,-0.055336710065603256
3920937472.0,-0.039633072912693024
3921874944.0,-0.023435426875948906
3922812416.0,-0.006806061137467623
3923749888.0,0.009192618541419506
3924687616.0,0.025423193350434303
3925625088.0,0.04115913435816765
3926562560.0,0.05568674951791763
3927500032.0,0.06848020106554031
3928437504.0,0.08070021867752075
3929374976.0,0.08982060849666595
3930312448.0,0.09712015092372894
3931249920.0,0.1030341237783432
3932187392.0,0.10546581447124481
3933125120.0,0.10650526732206345
3934062592.0,0.10532907396554947
3935000064.0,0.10411325842142105
3935937536.0,0.09913969039916992
3936875008.0,0.0926041230559349
3937812480.0,0.08566524088382721
3938749952.0,0.0776001438498497
3939687424.0,0.06925120204687119
3940624896.0,0.06066148355603218
3941562624.0,0.050740841776132584
3942500096.0,0.04120752215385437
3943437568.0,0.03231247887015343
3944375040.0,0.022615546360611916
3945312512.0,0.015121039934456348
3946249984.0,0.006656007841229439
3947187456.0,0.0005651593091897666
3948124928.0,-0.005305702798068523
3949062400.0,-0.010659787803888321
3950000128.0,-0.01449547242373228
3950937600.0,-0.018241358920931816
3951875072.0,-0.02120502106845379
3952812544.0,-0.023486368358135223
3953750016.0,-0.02569756470620632
3954687488.0,-0.027211826294660568
3955624960.0,-0.03003600426018238
3956562432.0,-0.030518658459186554
3957499904.0,-0.03331783041357994
3958437376.0,-0.03488552197813988
3959375104.0,-0.03516077250242233
3960312576.0,-0.03643587976694107
3961250048.0,-0.03840658813714981
3962187520.0,-0.04151102155447006
3963124992.0,-0.0442916676402092
3964062464.0,-0.04899057000875473
3964999936.0,-0.05399976670742035
3965937408.0,-0.05951331928372383
3966874880.0,-0.07345374673604965
3967812608.0,-0.0878695622086525
3968750080.0,-0.10194166004657745
3969687552.0,-0.11569259315729141
3970625024.0,-0.129917174577713
3971562496.0,-0.14254097640514374
3972499968.0,-0.15502993762493134
3973437440.0,-0.16601701080799103
3974374912.0,-0.17560485005378723
3975312384.0,-0.18328183889389038
3976250112.0,-0.19078440964221954
3977187584.0,-0.19481880962848663
3978125056.0,-0.19783034920692444
3979062528.0,-0.19894513487815857
3980000000.0,-0.19762617349624634
3980937472.0,-0.19562619924545288
3981874944.0,-0.1921982318162918
3982812416.0,-0.18695352971553802
3983749888.0,-0.18033738434314728
3984687616.0,-0.172461599111557
3985625088.0,-0.16397550702095032
3986562560.0,-0.1545056253671646
3987500032.0,-0.14463794231414795
3988437504.0,-0.13271264731884003
3989374976.0,-0.1211199089884758
3990312448.0,-0.10924795269966125
3991249920.0,-0.09702245891094208
3992187392.0,-0.0843275785446167
3993125120.0,-0.07276751101016998
3994062592.0,-0.06122206151485443
3995000064.0,-0.050417788326740265
3995937536.0,-0.040810707956552505
3996875008.0,-0.03285170719027519
3997812480.0,-0.025818387046456337
3998749952.0,-0.020856810733675957
3999687424.0,-0.013842951506376266
4000624896.0,-0.021168392151594162
4001562624.0,-0.01902385801076889
4002500096.0,-0.018924500793218613
4003437568.0,-0.0188718531280756
4004375040.0,-0.020573720335960388
4005312512.0,-0.023117180913686752
4006249984.0,-0.027683371677994728
4007187456.0,-0.032095614820718765
4008124928.0,-0.03837796673178673
4009062400.0,-0.04542282596230507
4009999872.0,-0.05298459157347679
4010937600.0,-0.061102934181690216
4011875072.0,-0.06918884068727493
4012812544.0,-0.0780143067240715
4013750016.0,-0.0855528712272644
4014687488.0,-0.09476165473461151
4015624960.0,-0.1032458022236824
4016562432.0,-0.11120270937681198
4017499904.0,-0.11968918144702911
4018437376.0,-0.1271064132452011
4019375104.0,-0.1338961273431778
4020312576.0,-0.13934415578842163
4021250048.0,-0.1451001912355423
4022187520.0,-0.14956316351890564
4023124992.0,-0.15405920147895813
4024062464.0,-0.1576891839504242
4024999936.0,-0.16106291115283966
4025937408.0,-0.1643383651971817
4026874880.0,-0.1561228483915329
4027812608.0,-0.16341863572597504
4028750080.0,-0.16978123784065247
4029687552.0,-0.17598673701286316
4030625024.0,-0.18259844183921814
4031562496.0,-0.1867491602897644
4032499968.0,-0.19074146449565887
4033437440.0,-0.19393956661224365
4034374912.0,-0.19592049717903137
4035312384.0,-0.19719064235687256
4036250112.0,-0.19643807411193848
4037187584.0,-0.19505633413791656
4038125056.0,-0.19183021783828735
4039062528.0,-0.188593789935112
4040000000.0,-0.18336279690265656
4040937472.0,-0.1780536025762558
4041874944.0,-0.1727086454629898
4042812416.0,-0.16467857360839844
4043749888.0,-0.15591779351234436
4044687616.0,-0.14649125933647156
4045625088.0,-0.1356034278869629
4046562560.0,-0.12341560423374176
4047500032.0,-0.11089404672384262
4048437504.0,-0.09698071330785751
4049374976.0,-0.08262868970632553
4050312448.0,-0.06854601949453354
4051249920.0,-0.05453622713685036
4052187392.0,-0.0413769893348217
4053125120.0,-0.027145320549607277
4054062592.0,-0.013895798474550247
4055000064.0,-0.0018176590092480183
4055937536.0,0.00972065795212984
4056875008.0,0.0202383603900671
4057812480.0,0.028767570853233337
4058749952.0,0.037442754954099655
4059687424.0,0.043384429067373276
4060624896.0,0.04882698506116867
4061562624.0,0.05141606554389
4062500096.0,0.052649371325969696
4063437568.0,0.05151718854904175
4064375040.0,0.0494527593255043
4065312512.0,0.04531687870621681
4066249984.0,0.040009986609220505
4067187456.0,0.03296363353729248
4068124928.0,0.024568574503064156
4069062400.0,0.015810871496796608
4070000128.0,0.005292543675750494
4070937600.0,-0.005769590847194195
4071875072.0,-0.018679512664675713
4072812544.0,-0.03138637915253639
4073750016.0,-0.04460451006889343
4074687488.0,-0.05766832083463669
4075624960.0,-0.06994111835956573
4076562432.0,-0.0831490233540535
4077499904.0,-0.09447465091943741
4078437376.0,-0.10583508759737015
4079375104.0,-0.11600568145513535
4080312576.0,-0.12556475400924683
4081250048.0,-0.1342936009168625
4082187520.0,-0.14138025045394897
4083124992.0,-0.1460009664297104
4084062464.0,-0.1496863067150116
4084999936.0,-0.1531953513622284
4085937408.0,-0.15511491894721985
4086874880.0,-0.13755428791046143
4087812608.0,-0.13758450746536255
4088750080.0,-0.1365930289030075
4089687552.0,-0.13576693832874298
4090625024.0,-0.13175927102565765
4091562496.0,-0.1278236359357834
4092499968.0,-0.12373662739992142
4093437440.0,-0.11796651780605316
4094374912.0,-0.11324009299278259
4095312384.0,-0.10785383731126785
4096250112.0,-0.10178320854902267
4097187584.0,-0.09551158547401428
4098125056.0,-0.08874321728944778
4099062528.0,-0.08260657638311386
4100000000.0,-0.07621870934963226
4100937472.0,-0.07057536393404007
4101874944.0,-0.06431414186954498
4102812416.0,-0.058774594217538834
4103749888.0,-0.053933143615722656
4104687616.0,-0.049147795885801315
4105625088.0,-0.04508238285779953
4106562560.0,-0.040094032883644104
4107500032.0,-0.03632127866148949
4108437504.0,-0.03237440064549446
4109374976.0,-0.030080562457442284
4110312448.0,-0.026604555547237396
4111249920.0,-0.023921122774481773
4112187392.0,-0.022826075553894043
4113125120.0,-0.019963670521974564
4114062592.0,-0.019235244020819664
4115000064.0,-0.01810152269899845
4115937536.0,-0.018376603722572327
4116875008.0,-0.01828029751777649
4117812480.0,-0.017718613147735596
4118749952.0,-0.017586784437298775
4119687424.0,-0.01897076889872551
4120624896.0,-0.018979985266923904
4121562624.0,-0.018227407708764076
4122500096.0,-0.020021291449666023
4123437568.0,-0.021429963409900665
4124375040.0,-0.023531464859843254
4125312512.0,-0.02558731473982334
4126249984.0,-0.027686990797519684
4127187456.0,-0.030628839507699013
4128124928.0,-0.03257361054420471
4129062400.0,-0.03627266362309456
4129999872.0,-0.03922972455620766
4130937600.0,-0.04362065717577934
4131875072.0,-0.04796674847602844
4132812544.0,-0.05327768996357918
4133750016.0,-0.05912495777010918
4134687488.0,-0.06617981940507889
4135624960.0,-0.0721372738480568
4136562432.0,-0.07960726320743561
4137499904.0,-0.08606777340173721
4138437376.0,-0.09468647092580795
4139375104.0,-0.10180755704641342
4140312576.0,-0.11021412163972855
4141250048.0,-0.11791254580020905
4142187520.0,-0.12712392210960388
4143124992.0,-0.1359153389930725
4144062464.0,-0.1444934755563736
4144999936.0,-0.1522456556558609
4145937408.0,-0.16046471893787384
4146874880.0,-0.18070465326309204
4147812608.0,-0.18698278069496155
4148750080.0,-0.19209593534469604
4149687552.0,-0.19489625096321106
4150625024.0,-0.19654852151870728
4151562496.0,-0.19452714920043945
4152499968.0,-0.1912979930639267
4153437440.0,-0.18606524169445038
4154374912.0,-0.1806410253047943
4155312384.0,-0.17307311296463013
4156250112.0,-0.1638280600309372
4157187584.0,-0.15357911586761475
4158125056.0,-0.14257706701755524
4159062528.0,-0.1315060704946518
4160000000.0,-0.11868760734796524
4160937472.0,-0.10705915093421936
4161874944.0,-0.09443835914134979
4162812416.0,-0.08182422071695328
4163749888.0,-0.06960583478212357
4164687616.0,-0.057956986129283905
4165625088.0,-0.04596314951777458
4166562560.0,-0.03485167399048805
4167500032.0,-0.024786876514554024
4168437504.0,-0.014803924597799778
4169374976.0,-0.0064955358393490314
4170312448.0,0.001619980321265757
4171249920.0,0.008925670757889748
4172187392.0,0.014995163306593895
4173125120.0,0.020831119269132614
4174062592.0,0.0258959773927927
4175000064.0,0.02937016822397709
4175937536.0,0.03222544491291046
4176875008.0,0.035254690796136856
4177812480.0,0.036972224712371826
4178749952.0,0.038196269422769547
4179687424.0,0.03902873769402504
4180624896.0,0.03826751559972763
4181562624.0,0.03853032365441322
4182500096.0,0.03804203122854233
4183437568.0,0.037076834589242935
4184375040.0,0.03573887050151825
4185312512.0,0.03310154005885124
4186249984.0,0.03037750907242298
4187187456.0,0.027043404057621956
4188124928.0,0.02286163531243801
4189062400.0,0.017920076847076416
4190000128.0,0.01260171364992857
4190937600.0,0.00607437314465642
4191875072.0,0.00016018838505260646
4192812544.0,-0.008013378828763962
4193750016.0,-0.016214000061154366
4194687488.0,-0.025617999956011772
4195624960.0,-0.03455252945423126
4196562432.0,-0.04293437302112579
4197499904.0,-0.052823521196842194
4198437376.0,-0.06342578679323196
4199375104.0,-0.07476525753736496
4200312576.0,-0.08638465404510498
4201250048.0,-0.09861874580383301
4202187520.0,-0.11051672697067261
4203124992.0,-0.12319609522819519
4204062464.0,-0.13532383739948273
4204999936.0,-0.1470707654953003
4205937408.0,-0.15974445641040802
4206874880.0,-0.16295145452022552
4207812608.0,-0.1750929355621338
4208750080.0,-0.1869170218706131
4209687552.0,-0.19815929234027863
4210625024.0,-0.20923836529254913
4211562496.0,-0.2178480625152588
4212499968.0,-0.22635655105113983
4213437440.0,-0.23277856409549713
4214374912.0,-0.23725587129592896
4215312384.0,-0.24043868482112885
4216250112.0,-0.2404910773038864
4217187584.0,-0.2391366809606552
4218125056.0,-0.23499496281147003
4219062528.0,-0.22856521606445312
4220000000.0,-0.2201206237077713
4220937472.0,-0.2097810059785843
4221874944.0,-0.19701437652111053
4222812416.0,-0.18208248913288116
4223749888.0,-0.16562095284461975
4224687616.0,-0.14683641493320465
4225625088.0,-0.12758494913578033
4226562560.0,-0.10654613375663757
4227500032.0,-0.08387630432844162
4228437504.0,-0.062325578182935715
4229374976.0,-0.039024852216243744
4230312448.0,-0.016718676313757896
4231249920.0,0.006310516037046909
4232187392.0,0.027889637276530266
4233125120.0,0.049486007541418076
4234062592.0,0.06848762184381485
4235000064.0,0.08602508902549744
4235937536.0,0.10269346833229065
4236875008.0,0.11643967032432556
4237812480.0,0.1285398006439209
4238749952.0,0.13714681565761566
4239687424.0,0.1433970034122467
4240624896.0,0.148180291056633
4241562624.0,0.15003255009651184
4242500096.0,0.1482694447040558
4243437568.0,0.14524181187152863
4244375040.0,0.13868145644664764
4245312512.0,0.13015466928482056
4246249984.0,0.12029775232076645
4247187456.0,0.10876592993736267
4248124928.0,0.09455173462629318
4249062400.0,0.07957226037979126
4249999872.0,0.06343992799520493
4250937600.0,0.04589184746146202
4251875072.0,0.027853472158312798
4252812544.0,0.009539001621305943
4253750016.0,-0.009688936173915863
4254687488.0,-0.02909281477332115
4255624960.0,-0.04781198874115944
4256562432.0,-0.06549443304538727
4257499904.0,-0.08396785706281662
4258437376.0,-0.10052938759326935
4259375104.0,-0.11797606199979782
4260312576.0,-0.13389898836612701
4261250048.0,-0.14926648139953613
4262187520.0,-0.16504591703414917
4263124992.0,-0.1795356422662735
4264062464.0,-0.1937030553817749
4264999936.0,-0.2067747414112091
4265937408.0,-0.2208457589149475
4266874880.0,-0.23214025795459747
4267812608.0,-0.23670694231987
4268750080.0,-0.24122333526611328
4269687552.0,-0.24684324860572815
4270625024.0,-0.25176864862442017
4271562496.0,-0.25629130005836487
4272499968.0,-0.2611595094203949
4273437440.0,-0.2642546594142914
4274374912.0,-0.26709404587745667
4275312384.0,-0.26918351650238037
4276250112.0,-0.2691376209259033
4277187584.0,-0.26802149415016174
4278125056.0,-0.26481759548187256
4279062528.0,-0.26054468750953674
4280000000.0,-0.2535208761692047
4280937472.0,-0.2443598061800003
4281874944.0,-0.23455308377742767
4282812416.0,-0.22094090282917023
4283749888.0,-0.20699602365493774
4284687616.0,-0.19163013994693756
4285625088.0,-0.17306773364543915
4286562560.0,-0.15442879498004913
4287500032.0,-0.13470003008842468
4288437504.0,-0.1132751852273941
4289374976.0,-0.08997441083192825
4290312448.0,-0.06698738038539886
4291249920.0,-0.04330466315150261
4292187392.0,-0.019741294905543327
4293125120.0,0.003358722198754549
4294062592.0,0.026449454948306084
4295000064.0,0.048353809863328934
4295937536.0,0.0697200745344162
4296875008.0,0.08988771587610245
4297812480.0,0.10837935656309128
4298749952.0,0.1254272609949112
4299687424.0,0.14029349386692047
4300624896.0,0.1544966995716095
4301562368.0,0.16514697670936584
4302499840.0,0.17480745911598206
4303437312.0,0.18070116639137268
4304374784.0,0.18304714560508728
4305312256.0,0.184610977768898
4306250240.0,0.18184800446033478
4307187712.0,0.17607873678207397
4308125184.0,0.16829009354114532
4309062656.0,0.15636906027793884
4310000128.0,0.1411217749118805
4310937600.0,0.12349256128072739
4311875072.0,0.10387331247329712
4312812544.0,0.08166048675775528
4313750016.0,0.057195525616407394
4314687488.0,0.030971163883805275
4315624960.0,0.002668545115739107
4316562432.0,-0.026119448244571686
4317499904.0,-0.055036596953868866
4318437376.0,-0.08511358499526978
4319374848.0,-0.11529988050460815
4320312320.0,-0.14523635804653168
4321249792.0,-0.17526701092720032
4322187264.0,-0.20365747809410095
4323125248.0,-0.23044241964817047
4324062720.0,-0.2548186480998993
4325000192.0,-0.2783893048763275
4325937664.0,-0.2985159158706665
4326875136.0,-0.3292257487773895
4327812608.0,-0.32416513562202454
4328750080.0,-0.3172583281993866
4329687552.0,-0.3099129796028137
4330625024.0,-0.3020438551902771
4331562496.0,-0.2941034734249115
4332499968.0,-0.28476738929748535
4333437440.0,-0.27639153599739075
4334374912.0,-0.2685399651527405
4335312384.0,-0.261200875043869
4336249856.0,-0.2550334334373474
4337187328.0,-0.24748755991458893
4338124800.0,-0.2418304979801178
4339062272.0,-0.23630785942077637
4339999744.0,-0.23144114017486572
4340937728.0,-0.22681477665901184
4341875200.0,-0.22155866026878357
4342812672.0,-0.21696753799915314
4343750144.0,-0.2133367359638214
4344687616.0,-0.20810015499591827
4345625088.0,-0.20119769871234894
4346562560.0,-0.19396983087062836
4347500032.0,-0.18684934079647064
4348437504.0,-0.18005427718162537
4349374976.0,-0.17090022563934326
4350312448.0,-0.1626424640417099
4351249920.0,-0.15095053613185883
4352187392.0,-0.1389762908220291
4353124864.0,-0.12444339692592621
4354062336.0,-0.10943900793790817
4354999808.0,-0.09391485154628754
4355937280.0,-0.07669655233621597
4356874752.0,-0.05936843901872635
4357812736.0,-0.04362267255783081
4358750208.0,-0.029053034260869026
4359687680.0,-0.016493095085024834
4360625152.0,-0.008525006473064423
4361562624.0,-0.0036117585841566324
4362500096.0,0.00032768960227258503
4363437568.0,0.0028071971610188484
4364375040.0,0.004104203544557095
4365312512.0,0.0056198276579380035
4366249984.0,0.0061949267983436584
4367187456.0,0.0057847159914672375
4368124928.0,0.005062953568994999
4369062400.0,0.0029546129517257214
4369999872.0,0.0025118349585682154
4370937344.0,-0.00035400662454776466
4371874816.0,-0.004149622283875942
4372812288.0,-0.008143141865730286
4373749760.0,-0.013666855171322823
4374687744.0,-0.020901797339320183
4375625216.0,-0.02906612679362297
4376562688.0,-0.03945939242839813
4377500160.0,-0.051626212894916534
4378437632.0,-0.0649835467338562
4379375104.0,-0.08123026043176651
4380312576.0,-0.09790052473545074
4381250048.0,-0.11607922613620758
4382187520.0,-0.13635271787643433
4383124992.0,-0.1577364206314087
4384062464.0,-0.17993418872356415
4384999936.0,-0.2030351459980011
4385937408.0,-0.2279147356748581
4386874880.0,-0.31744691729545593
4387812352.0,-0.33208703994750977
4388749824.0,-0.3448079526424408
4389687296.0,-0.3553064465522766
4390624768.0,-0.36307477951049805
4391562752.0,-0.3693266808986664
4392500224.0,-0.37208887934684753
4393437696.0,-0.37003418803215027
4394375168.0,-0.36714667081832886
4395312640.0,-0.3589850962162018
4396250112.0,-0.34829971194267273
4397187584.0,-0.334768682718277
4398125056.0,-0.31642329692840576
4399062528.0,-0.2964666783809662
4400000000.0,-0.27303192019462585
4400937472.0,-0.24756984412670135
4401874944.0,-0.22025442123413086
4402812416.0,-0.19121555984020233
4403749888.0,-0.1612808257341385
4404687360.0,-0.12914860248565674
4405624832.0,-0.09726371616125107
4406562304.0,-0.0651450902223587
4407499776.0,-0.03247322514653206
4408437248.0,-0.0014155913377180696
4409375232.0,0.028777973726391792
4410312704.0,0.05797823145985603
4411250176.0,0.08505937457084656
4412187648.0,0.10975120961666107
4413125120.0,0.13281464576721191
4414062592.0,0.15244123339653015
4415000064.0,0.16981187462806702
4415937536.0,0.1827591359615326
4416875008.0,0.19369754195213318
4417812480.0,0.20064759254455566
4418749952.0,0.2044316530227661
4419687424.0,0.2036256194114685
4420624896.0,0.20026502013206482
4421562368.0,0.1936771124601364
4422499840.0,0.18327103555202484
4423437312.0,0.17076005041599274
4424374784.0,0.15440340340137482
4425312256.0,0.13586819171905518
4426250240.0,0.11542650312185287
4427187712.0,0.09296824038028717
4428125184.0,0.06835810095071793
4429062656.0,0.042481716722249985
4430000128.0,0.015927571803331375
4430937600.0,-0.010843399912118912
4431875072.0,-0.03787713497877121
4432812544.0,-0.06423589587211609
4433750016.0,-0.08970041573047638
4434687488.0,-0.11518491059541702
4435624960.0,-0.1387277990579605
4436562432.0,-0.16141195595264435
4437499904.0,-0.18106189370155334
4438437376.0,-0.19992953538894653
4439374848.0,-0.21526360511779785
4440312320.0,-0.2276225984096527
4441249792.0,-0.23847459256649017
4442187264.0,-0.24683813750743866
4443125248.0,-0.2512451112270355
4444062720.0,-0.25484031438827515
4445000192.0,-0.2561981678009033
4445937664.0,-0.2556920349597931
4446875136.0,-0.1984032392501831
4447812608.0,-0.2026343196630478
4448750080.0,-0.2052089124917984
4449687552.0,-0.20402716100215912
4450625024.0,-0.20095619559288025
4451562496.0,-0.19373421370983124
4452499968.0,-0.18512031435966492
4453437440.0,-0.17250953614711761
4454374912.0,-0.15741486847400665
4455312384.0,-0.14159300923347473
4456249856.0,-0.12313127517700195
4457187328.0,-0.1028638407588005
4458124800.0,-0.08175694197416306
4459062272.0,-0.060000479221343994
4460000256.0,-0.03734094649553299
4460937728.0,-0.014693021774291992
4461875200.0,0.00689088786020875
4462812672.0,0.028487928211688995
4463750144.0,0.049275439232587814
4464687616.0,0.06792939454317093
4465625088.0,0.08484025299549103
4466562560.0,0.1003645732998848
4467500032.0,0.11412624269723892
4468437504.0,0.1253516525030136
4469374976.0,0.1323293298482895
4470312448.0,0.1386633962392807
4471249920.0,0.13954250514507294
4472187392.0,0.13849163055419922
4473124864.0,0.13421311974525452
4474062336.0,0.1272907704114914
4474999808.0,0.11761617660522461
4475937280.0,0.10399613529443741
4476874752.0,0.08878961205482483
4477812736.0,0.07086783647537231
4478750208.0,0.050651248544454575
4479687680.0,0.02833002433180809
4480625152.0,0.0046778479591012
4481562624.0,-0.021778374910354614
4482500096.0,-0.04761159420013428
4483437568.0,-0.07582768052816391
4484375040.0,-0.10383021086454391
4485312512.0,-0.13284584879875183
4486249984.0,-0.16094614565372467
4487187456.0,-0.1883469969034195
4488124928.0,-0.2156447470188141
4489062400.0,-0.24081853032112122
4489999872.0,-0.2662391662597656
4490937344.0,-0.2872241139411926
4491874816.0,-0.3073824346065521
4492812288.0,-0.32645654678344727
4493749760.0,-0.3419382870197296
4494687744.0,-0.35675108432769775
4495625216.0,-0.3682832419872284
4496562688.0,-0.37811312079429626
4497500160.0,-0.386410653591156
4498437632.0,-0.3910313844680786
4499375104.0,-0.3947637379169464
4500312576.0,-0.3958457112312317
4501250048.0,-0.39713582396507263
4502187520.0,-0.39501312375068665
4503124992.0,-0.39347848296165466
4504062464.0,-0.38948920369148254
4504999936.0,-0.38520216941833496
4505937408.0,-0.38065052032470703
4506874880.0,-0.26127663254737854
4507812352.0,-0.25869065523147583
4508749824.0,-0.2569524943828583
4509687296.0,-0.2549821734428406
4510624768.0,-0.2550271153450012
4511562752.0,-0.255039244890213
4512500224.0,-0.2563253939151764
4513437696.0,-0.25957101583480835
4514375168.0,-0.26269301772117615
4515312640.0,-0.26757389307022095
4516250112.0,-0.2718448340892792
4517187584.0,-0.2775431275367737
4518125056.0,-0.28371888399124146
4519062528.0,-0.29099977016448975
4520000000.0,-0.2990722954273224
4520937472.0,-0.30646491050720215
4521874944.0,-0.3159103989601135
4522812416.0,-0.32582610845565796
4523749888.0,-0.3353732228279114
4524687360.0,-0.3446595072746277
4525624832.0,-0.35299813747406006
4526562304.0,-0.3620375096797943
4527499776.0,-0.369119793176651
4528437248.0,-0.37856605648994446
4529375232.0,-0.38653331995010376
4530312704.0,-0.39377474784851074
4531250176.0,-0.4017408490180969
4532187648.0,-0.40884461998939514
4533125120.0,-0.41584688425064087
4534062592.0,-0.4217359721660614
4535000064.0,-0.42706289887428284
4535937536.0,-0.4305192828178406
4536875008.0,-0.4353235960006714
4537812480.0,-0.43819478154182434
4538749952.0,-0.4400399923324585
4539687424.0,-0.4419739842414856
4540624896.0,-0.44288477301597595
4541562368.0,-0.4427609443664551
4542499840.0,-0.4420067369937897
4543437312.0,-0.43974971771240234
4544374784.0,-0.4382416009902954
4545312256.0,-0.43469470739364624
4546250240.0,-0.4318462908267975
4547187712.0,-0.42903319001197815
4548125184.0,-0.4257485866546631
4549062656.0,-0.42376670241355896
4550000128.0,-0.4187855124473572
4550937600.0,-0.4168345034122467
4551875072.0,-0.41374510526657104
4552812544.0,-0.411085844039917
4553750016.0,-0.40794944763183594
4554687488.0,-0.4053294062614441
4555624960.0,-0.4042617082595825
4556562432.0,-0.40211087465286255
4557499904.0,-0.40107789635658264
4558437376.0,-0.4006403088569641
4559374848.0,-0.40006503462791443
4560312320.0,-0.3987509608268738
4561249792.0,-0.39764437079429626
4562187264.0,-0.3971010744571686
4563125248.0,-0.39557674527168274
4564062720.0,-0.3954145610332489
4565000192.0,-0.3928757309913635
4565937664.0,-0.39049652218818665
4566875136.0,-0.344979465007782
4567812608.0,-0.3518401086330414
4568750080.0,-0.3571476340293884
4569687552.0,-0.36027103662490845
4570625024.0,-0.36178460717201233
4571562496.0,-0.36068177223205566
4572499968.0,-0.3575121760368347
4573437440.0,-0.35250455141067505
4574374912.0,-0.3465436100959778
4575312384.0,-0.3376997411251068
4576249856.0,-0.3262980282306671
4577187328.0,-0.3135678470134735
4578124800.0,-0.2985699474811554
4579062272.0,-0.28199413418769836
4579999744.0,-0.2635875642299652
4580937728.0,-0.24355700612068176
4581875200.0,-0.22226469218730927
4582812672.0,-0.20171256363391876
4583750144.0,-0.17801421880722046
4584687616.0,-0.15481700003147125
4585625088.0,-0.1314656287431717
4586562560.0,-0.1091482862830162
4587500032.0,-0.08754924684762955
4588437504.0,-0.06608700007200241
4589374976.0,-0.047626566141843796
4590312448.0,-0.028306910768151283
4591249920.0,-0.012695427983999252
4592187392.0,0.0022154042962938547
4593124864.0,0.01558746863156557
4594062336.0,0.027061043307185173
4594999808.0,0.035164088010787964
4595937280.0,0.03965204581618309
4596874752.0,0.043246351182460785
4597812736.0,0.04290906339883804
4598750208.0,0.04048457741737366
4599687680.0,0.03518106788396835
4600625152.0,0.027097905054688454
4601562624.0,0.017224667593836784
4602500096.0,0.00723857618868351
4603437568.0,-0.007074128836393356
4604375040.0,-0.024422112852334976
4605312512.0,-0.04147392511367798
4606249984.0,-0.061839837580919266
4607187456.0,-0.08222296088933945
4608124928.0,-0.10533923655748367
4609062400.0,-0.12700776755809784
4609999872.0,-0.14966629445552826
4610937344.0,-0.1722487360239029
4611874816.0,-0.193684920668602
4612812288.0,-0.215184286236763
4613749760.0,-0.23606009781360626
4614687744.0,-0.25715988874435425
4615625216.0,-0.2764045298099518
4616562688.0,-0.29461100697517395
4617500160.0,-0.3117716908454895
4618437632.0,-0.3270609676837921
4619375104.0,-0.3403308391571045
4620312576.0,-0.35338249802589417
4621250048.0,-0.3645985722541809
4622187520.0,-0.37569305300712585
4623124992.0,-0.38596871495246887
4624062464.0,-0.3955638110637665
4624999936.0,-0.40515923500061035
4625937408.0,-0.41317319869995117
4626874880.0,-0.4237339496612549
4627812352.0,-0.4192708730697632
4628749824.0,-0.41288331151008606
4629687296.0,-0.40555238723754883
4630624768.0,-0.39736518263816833
4631562752.0,-0.3878759443759918
4632500224.0,-0.37969157099723816
4633437696.0,-0.37009483575820923
4634375168.0,-0.36091163754463196
4635312640.0,-0.35025039315223694
4636250112.0,-0.34126004576683044
4637187584.0,-0.332131564617157
4638125056.0,-0.32330581545829773
4639062528.0,-0.3152123689651489
4640000000.0,-0.3081691265106201
4640937472.0,-0.3007262945175171
4641874944.0,-0.2952537536621094
4642812416.0,-0.2897922694683075
4643749888.0,-0.2853599488735199
4644687360.0,-0.28315505385398865
4645624832.0,-0.2819107174873352
4646562304.0,-0.28172537684440613
4647499776.0,-0.28314200043678284
4648437248.0,-0.28635039925575256
4649375232.0,-0.2895910441875458
4650312704.0,-0.2929430603981018
4651250176.0,-0.2986130118370056
4652187648.0,-0.30390655994415283
4653125120.0,-0.31068864464759827
4654062592.0,-0.3174509108066559
4655000064.0,-0.32636427879333496
4655937536.0,-0.3347201347351074
4656875008.0,-0.34553489089012146
4657812480.0,-0.3557467460632324
4658749952.0,-0.36759287118911743
4659687424.0,-0.3795328438282013
4660624896.0,-0.3917803466320038
4661562368.0,-0.4042264521121979
4662499840.0,-0.41795971989631653
4663437312.0,-0.43117308616638184
4664374784.0,-0.4460383355617523
4665312256.0,-0.4598524570465088
4666250240.0,-0.4757389426231384
4667187712.0,-0.49215421080589294
4668125184.0,-0.5067005157470703
4669062656.0,-0.5218893885612488
4670000128.0,-0.536372721195221
4670937600.0,-0.5503000617027283
4671875072.0,-0.5649834275245667
4672812544.0,-0.5791996121406555
4673750016.0,-0.5916165709495544
4674687488.0,-0.605277419090271
4675624960.0,-0.615996241569519
4676562432.0,-0.6283514499664307
4677499904.0,-0.6397026181221008
4678437376.0,-0.6499258279800415
4679374848.0,-0.6592995524406433
4680312320.0,-0.6677781939506531
4681249792.0,-0.6747234463691711
4682187264.0,-0.6811916828155518
4683125248.0,-0.6846124529838562
4684062720.0,-0.6876181960105896
4685000192.0,-0.6883938312530518
4685937664.0,-0.6860734224319458
4686875136.0,-0.6631077527999878
4687812608.0,-0.6614819169044495
4688750080.0,-0.6573725938796997
4689687552.0,-0.6516021490097046
4690625024.0,-0.6422432065010071
4691562496.0,-0.62982577085495
4692499968.0,-0.617253839969635
4693437440.0,-0.6006554365158081
4694374912.0,-0.5827568173408508
4695312384.0,-0.5628117322921753
4696249856.0,-0.5410449504852295
4697187328.0,-0.5191009044647217
4698124800.0,-0.4956986606121063
4699062272.0,-0.472670316696167
4700000256.0,-0.4488072097301483
4700937728.0,-0.428364634513855
4701875200.0,-0.40723100304603577
4702812672.0,-0.38676682114601135
4703750144.0,-0.3694516718387604
4704687616.0,-0.35616394877433777
4705625088.0,-0.34450823068618774
4706562560.0,-0.3362824320793152
4707500032.0,-0.3315501809120178
4708437504.0,-0.33082345128059387
4709374976.0,-0.3340643346309662
4710312448.0,-0.3445432484149933
4711249920.0,-0.3574286997318268
4712187392.0,-0.3769382834434509
4713124864.0,-0.40014174580574036
4714062336.0,-0.428756982088089
4714999808.0,-0.4611450731754303
4715937280.0,-0.4982775151729584
4716874752.0,-0.5378374457359314
4717812736.0,-0.5816394090652466
4718750208.0,-0.6274005174636841
4719687680.0,-0.6757902503013611
4720625152.0,-0.7248889207839966
4721562624.0,-0.7738174200057983
4722500096.0,-0.8225648403167725
4723437568.0,-0.870314359664917
4724375040.0,-0.9158772230148315
4725312512.0,-0.958935022354126
4726249984.0,-0.9985430240631104
4727187456.0,-1.033892035484314
4728124928.0,-1.0653468370437622
4729062400.0,-1.0911741256713867
4729999872.0,-1.1131501197814941
4730937344.0,-1.1305590867996216
4731874816.0,-1.1430572271347046
4732812288.0,-1.1523882150650024
4733749760.0,-1.1577993631362915
4734687744.0,-1.159427285194397
4735625216.0,-1.157953143119812
4736562688.0,-1.15456223487854
4737500160.0,-1.1478877067565918
4738437632.0,-1.1396418809890747
4739375104.0,-1.1300535202026367
4740312576.0,-1.1191816329956055
4741250048.0,-1.1073269844055176
4742187520.0,-1.0949207544326782
4743124992.0,-1.0799113512039185
4744062464.0,-1.0666024684906006
4744999936.0,-1.0504493713378906
4745937408.0,-1.0368505716323853
4746874880.0,-0.7961692810058594
4747812352.0,-0.802958607673645
4748749824.0,-0.8099451661109924
4749687296.0,-0.8165945410728455
4750624768.0,-0.8220989108085632
4751562752.0,-0.8276240825653076
4752500224.0,-0.8335245847702026
4753437696.0,-0.8390006422996521
4754375168.0,-0.8434619903564453
4755312640.0,-0.8477736711502075
4756250112.0,-0.8502749800682068
4757187584.0,-0.8523931503295898
4758125056.0,-0.8524890542030334
4759062528.0,-0.8529897332191467
4760000000.0,-0.8515540957450867
4760937472.0,-0.8497592210769653
4761874944.0,-0.847189724445343
4762812416.0,-0.8437231779098511
4763749888.0,-0.8398162722587585
4764687360.0,-0.8353545069694519
4765624832.0,-0.8302385807037354
4766562304.0,-0.8258770704269409
4767499776.0,-0.8206568956375122
4768437248.0,-0.8139919638633728
4769375232.0,-0.8081843852996826
4770312704.0,-0.8012387156486511
4771250176.0,-0.7953089475631714
4772187648.0,-0.7894632816314697
4773125120.0,-0.7857505083084106
4774062592.0,-0.7817824482917786
4775000064.0,-0.7779858112335205
4775937536.0,-0.777275025844574
4776875008.0,-0.7773935794830322
4777812480.0,-0.7797073721885681
4778749952.0,-0.784000813961029
4779687424.0,-0.7889228463172913
4780624896.0,-0.7963995933532715
4781562368.0,-0.8043965101242065
4782499840.0,-0.8161757588386536
4783437312.0,-0.8285936713218689
4784374784.0,-0.8444936275482178
4785312256.0,-0.8608173131942749
4786250240.0,-0.8800112009048462
4787187712.0,-0.90012127161026
4788125184.0,-0.9235532879829407
4789062656.0,-0.9479424953460693
4790000128.0,-0.9720379114151001
4790937600.0,-0.9982560873031616
4791875072.0,-1.025652527809143
4792812544.0,-1.0523120164871216
4793750016.0,-1.0794601440429688
4794687488.0,-1.1071983575820923
4795624960.0,-1.1354776620864868
4796562432.0,-1.1622434854507446
4797499904.0,-1.189012885093689
4798437376.0,-1.214158058166504
4799374848.0,-1.2404342889785767
4800312320.0,-1.2630982398986816
4801249792.0,-1.2839187383651733
4802187264.0,-1.3037770986557007
4803125248.0,-1.3214117288589478
4804062720.0,-1.3359999656677246
4805000192.0,-1.3493366241455078
4805937664.0,-1.3613173961639404
4806875136.0,-1.2183711528778076
4807812608.0,-1.2236881256103516
4808750080.0,-1.2283742427825928
4809687552.0,-1.2293964624404907
4810625024.0,-1.228962779045105
4811562496.0,-1.2277495861053467
4812499968.0,-1.2236851453781128
4813437440.0,-1.2195992469787598
4814374912.0,-1.2133450508117676
4815312384.0,-1.2074408531188965
4816249856.0,-1.2002640962600708
4817187328.0,-1.1929007768630981
4818124800.0,-1.187100887298584
4819062272.0,-1.1811999082565308
4819999744.0,-1.1759333610534668
4820937728.0,-1.1717368364334106
4821875200.0,-1.1674000024795532
4822812672.0,-1.1649421453475952
4823750144.0,-1.1623163223266602
4824687616.0,-1.1611391305923462
4825625088.0,-1.1616483926773071
4826562560.0,-1.1642262935638428
4827500032.0,-1.1671009063720703
4828437504.0,-1.174132227897644
4829374976.0,-1.1813116073608398
4830312448.0,-1.1919280290603638
4831249920.0,-1.2030655145645142
4832187392.0,-1.215739130973816
4833124864.0,-1.2294306755065918
4834062336.0,-1.2459346055984497
4834999808.0,-1.263327717781067
4835937280.0,-1.2812674045562744
4836874752.0,-1.3014373779296875
4837812736.0,-1.3235806226730347
4838750208.0,-1.3453203439712524
4839687680.0,-1.3679600954055786
4840625152.0,-1.3897713422775269
4841562624.0,-1.4121743440628052
4842500096.0,-1.433213233947754
4843437568.0,-1.4539508819580078
4844375040.0,-1.4740700721740723
4845312512.0,-1.4919370412826538
4846249984.0,-1.5102880001068115
4847187456.0,-1.527042031288147
4848124928.0,-1.542532205581665
4849062400.0,-1.5560520887374878
4849999872.0,-1.5700688362121582
4850937344.0,-1.5821149349212646
4851874816.0,-1.591105341911316
4852812288.0,-1.6008027791976929
4853749760.0,-1.609309434890747
4854687744.0,-1.6152101755142212
4855625216.0,-1.6208447217941284
4856562688.0,-1.625657320022583
4857500160.0,-1.628935694694519
4858437632.0,-1.6328623294830322
4859375104.0,-1.638064980506897
4860312576.0,-1.6424788236618042
4861250048.0,-1.6473110914230347
4862187520.0,-1.6521005630493164
4863124992.0,-1.6559771299362183
4864062464.0,-1.6599407196044922
4864999936.0,-1.664037823677063
4865937408.0,-1.6654475927352905
4866874880.0,-1.6474738121032715
4867812352.0,-1.650762677192688
4868749824.0,-1.6538324356079102
4869687296.0,-1.6570613384246826
4870624768.0,-1.6614524126052856
4871562752.0,-1.6665791273117065
4872500224.0,-1.6729487180709839
4873437696.0,-1.6797412633895874
4874375168.0,-1.6889547109603882
4875312640.0,-1.6979087591171265
4876250112.0,-1.7076836824417114
4877187584.0,-1.7184783220291138
4878125056.0,-1.7287496328353882
4879062528.0,-1.7412128448486328
4880000000.0,-1.7529633045196533
4880937472.0,-1.7651833295822144
4881874944.0,-1.7776477336883545
4882812416.0,-1.7917472124099731
4883749888.0,-1.805208444595337
4884687360.0,-1.819229245185852
4885624832.0,-1.8329308032989502
4886562304.0,-1.8453683853149414
4887499776.0,-1.8578602075576782
4888437248.0,-1.8671401739120483
4889375232.0,-1.8747868537902832
4890312704.0,-1.8800231218338013
4891250176.0,-1.8837910890579224
4892187648.0,-1.8831576108932495
4893125120.0,-1.8818341493606567
4894062592.0,-1.8758474588394165
4895000064.0,-1.8685294389724731
4895937536.0,-1.8577356338500977
4896875008.0,-1.8455560207366943
4897812480.0,-1.8310580253601074
4898749952.0,-1.8156412839889526
4899687424.0,-1.7957652807235718
4900624896.0,-1.774124264717102
4901562368.0,-1.751441478729248
4902499840.0,-1.7265350818634033
4903437312.0,-1.7007724046707153
4904374784.0,-1.6748912334442139
4905312256.0,-1.6479623317718506
4906250240.0,-1.6207612752914429
4907187712.0,-1.5943275690078735
4908125184.0,-1.5666431188583374
4909062656.0,-1.541184663772583
4910000128.0,-1.5176793336868286
4910937600.0,-1.4948495626449585
4911875072.0,-1.4753596782684326
4912812544.0,-1.4566000699996948
4913750016.0,-1.4409873485565186
4914687488.0,-1.4260700941085815
4915624960.0,-1.413154125213623
4916562432.0,-1.4028562307357788
4917499904.0,-1.395747423171997
4918437376.0,-1.3919732570648193
4919374848.0,-1.388855218887329
4920312320.0,-1.3885443210601807
4921249792.0,-1.3898768424987793
4922187264.0,-1.3376964330673218
4923125248.0,-1.3265845775604248
4924062720.0,-1.3151732683181763
4925000192.0,-1.3066891431808472
4925937664.0,-1.4135078191757202
4926875136.0,-1.4191439151763916
4927812608.0,-1.425703763961792
4928750080.0,-1.431174635887146
4929687552.0,-1.435133934020996
4930625024.0,-1.4369325637817383
4931562496.0,-1.4378247261047363
4932499968.0,-1.4355169534683228
4933437440.0,-1.4312008619308472
4934374912.0,-1.424851894378662
4935312384.0,-1.4164122343063354
4936249856.0,-1.4052472114562988
4937187328.0,-1.3927258253097534
4938124800.0,-1.3770557641983032
4939062272.0,-1.359743595123291
4940000256.0,-1.3409780263900757
4940937728.0,-1.3200942277908325
4941875200.0,-1.297216773033142
4942812672.0,-1.2748191356658936
4943750144.0,-1.251116394996643
4944687616.0,-1.2274764776229858
4945625088.0,-1.2036004066467285
4946562560.0,-1.1810706853866577
4947500032.0,-1.1587764024734497
4948437504.0,-1.1381044387817383
4949374976.0,-1.1179742813110352
4950312448.0,-1.1006181240081787
4951249920.0,-1.0854527950286865
4952187392.0,-1.0720139741897583
4953124864.0,-1.061566948890686
4954062336.0,-1.0523474216461182
4954999808.0,-1.046133041381836
4955937280.0,-1.040305256843567
4956874752.0,-1.0359463691711426
4957812736.0,-1.0334385633468628
4958750208.0,-1.0311832427978516
4959687680.0,-1.0298020839691162
4960625152.0,-1.0267285108566284
4961562624.0,-1.0252981185913086
4962500096.0,-1.0226706266403198
4963437568.0,-1.0189636945724487
4964375040.0,-1.015164852142334
4965312512.0,-1.0086190700531006
4966249984.0,-1.0014920234680176
4967187456.0,-0.9946903586387634
4968124928.0,-0.9868756532669067
4969062400.0,-0.9786782264709473
4969999872.0,-0.9683122634887695
4970937344.0,-0.9591208696365356
4971874816.0,-0.9499554634094238
4972812288.0,-0.9397748708724976
4973749760.0,-0.9312774538993835
4974687744.0,-0.9225070476531982
4975625216.0,-0.9133976697921753
4976562688.0,-0.9054263830184937
4977500160.0,-0.8982241749763489
4978437632.0,-0.8906784057617188
4979375104.0,-0.8836259841918945
4980312576.0,-0.8755191564559937
4981250048.0,-0.867245614528656
4982187520.0,-0.8580930233001709
4983124992.0,-0.8487529158592224
4984062464.0,-0.8398916721343994
4984999936.0,-0.8297443985939026
4985937408.0,-0.8086901903152466
4986874880.0,-0.7995887398719788
4987812352.0,-0.790222704410553
4988749824.0,-0.7826766967773438
4989687296.0,-0.7770675420761108
4990624768.0,-0.7714757323265076
4991562752.0,-0.7680450081825256
4992500224.0,-0.7650735378265381
4993437696.0,-0.7638611793518066
4994375168.0,-0.7637346386909485
4995312640.0,-0.7651058435440063
4996250112.0,-0.7679277658462524
4997187584.0,-0.771953284740448
4998125056.0,-0.7769912481307983
4999062528.0,-0.7831953763961792
5000000000.0,-0.790477454662323
5000937472.0,-0.7987807393074036
5001874944.0,-0.8070736527442932
5002812416.0,-0.8159010410308838
5003749888.0,-0.8239359259605408
5004687360.0,-0.8311439752578735
5005624832.0,-0.8378229141235352
5006562304.0,-0.8424295783042908
5007499776.0,-0.8465946316719055
5008437248.0,-0.8488863110542297
5009375232.0,-0.8478584885597229
5010312704.0,-0.8463341593742371
5011250176.0,-0.8416579365730286
5012187648.0,-0.8342405557632446
5013125120.0,-0.8257623910903931
5014062592.0,-0.8133946657180786
5015000064.0,-0.7987634539604187
5015937536.0,-0.7819579839706421
5016875008.0,-0.7633059620857239
5017812480.0,-0.7419019341468811
5018749952.0,-0.7179831266403198
5019687424.0,-0.6927217245101929
5020624896.0,-0.6640828251838684
5021562368.0,-0.6352289915084839
5022499840.0,-0.6055614948272705
5023437312.0,-0.5741133689880371
5024374784.0,-0.5422520637512207
5025312256.0,-0.5110960602760315
5026250240.0,-0.47970765829086304
5027187712.0,-0.448807030916214
5028125184.0,-0.4200300872325897
5029062656.0,-0.3905288279056549
5030000128.0,-0.364590048789978
5030937600.0,-0.3405153751373291
5031875072.0,-0.3173084855079651
5032812544.0,-0.2977229952812195
5033750016.0,-0.2799155116081238
5034687488.0,-0.26517170667648315
5035624960.0,-0.25315797328948975
5036562432.0,-0.24576056003570557
5037499904.0,-0.2397032380104065
5038437376.0,-0.23652860522270203
5039374848.0,-0.2384307086467743
5040312320.0,-0.24245978891849518
5041249792.0,-0.2499016374349594
5042187264.0,-0.25924116373062134
5043125248.0,-0.272310346364975
5044062720.0,-0.2870432734489441
5045000192.0,-0.3049573600292206
5045937664.0,-0.5728975534439087
5046875136.0,-0.5835288763046265
5047812608.0,-0.5928125381469727
5048750080.0,-0.6019609570503235
5049687552.0,-0.612233579158783
5050625024.0,-0.6220033168792725
5051562496.0,-0.6328754425048828
5052499968.0,-0.6420550346374512
5053437440.0,-0.6515635848045349
5054374912.0,-0.660047173500061
5055312384.0,-0.6673604249954224
5056249856.0,-0.6753581166267395
5057187328.0,-0.6807622909545898
5058124800.0,-0.6868953108787537
5059062272.0,-0.6909757852554321
5059999744.0,-0.6933736801147461
5060937728.0,-0.6952530741691589
5061875200.0,-0.6954346895217896
5062812672.0,-0.694251298904419
5063750144.0,-0.6902161240577698
5064687616.0,-0.6850631833076477
5065625088.0,-0.6788758635520935
5066562560.0,-0.670225977897644
5067500032.0,-0.659701943397522
5068437504.0,-0.6469987630844116
5069374976.0,-0.6337751746177673
5070312448.0,-0.6173608303070068
5071249920.0,-0.5994888544082642
5072187392.0,-0.5793325304985046
5073124864.0,-0.5589402318000793
5074062336.0,-0.5365368127822876
5074999808.0,-0.5147213935852051
5075937280.0,-0.49015313386917114
5076874752.0,-0.46485137939453125
5077812736.0,-0.4400366246700287
5078750208.0,-0.41456836462020874
5079687680.0,-0.38897010684013367
5080625152.0,-0.3637000322341919
5081562624.0,-0.33930835127830505
5082500096.0,-0.3155340850353241
5083437568.0,-0.2928023934364319
5084375040.0,-0.2715545892715454
5085312512.0,-0.2525632977485657
5086249984.0,-0.23542290925979614
5087187456.0,-0.2213321179151535
5088124928.0,-0.2079809159040451
5089062400.0,-0.19860094785690308
5089999872.0,-0.19159367680549622
5090937344.0,-0.18676607310771942
5091874816.0,-0.1843661218881607
5092812288.0,-0.18473680317401886
5093749760.0,-0.18788188695907593
5094687744.0,-0.1939322054386139
5095625216.0,-0.20208674669265747
5096562688.0,-0.21307168900966644
5097500160.0,-0.2262251228094101
5098437632.0,-0.24215742945671082
5099375104.0,-0.2597876489162445
5100312576.0,-0.2791953682899475
5101250048.0,-0.30032506585121155
5102187520.0,-0.32329174876213074
5103124992.0,-0.34613126516342163
5104062464.0,-0.3704836666584015
5104999936.0,-0.39473235607147217
5105937408.0,-0.4902099370956421
5106874880.0,-0.5067650675773621
5107812352.0,-0.5235239863395691
5108749824.0,-0.5379208326339722
5109687296.0,-0.5516433715820312
5110624768.0,-0.5631152987480164
5111562752.0,-0.5709328651428223
5112500224.0,-0.578564465045929
5113437696.0,-0.5833835005760193
5114375168.0,-0.5874058604240417
5115312640.0,-0.5885992050170898
5116250112.0,-0.5878313779830933
5117187584.0,-0.5872704982757568
5118125056.0,-0.5836479663848877
5119062528.0,-0.5794006586074829
5120000000.0,-0.573186993598938
5120937472.0,-0.568751335144043
5121874944.0,-0.5620614290237427
5122812416.0,-0.5549116730690002
5123749888.0,-0.548530101776123
5124687360.0,-0.541522204875946
5125624832.0,-0.5346540212631226
5126562304.0,-0.5260022878646851
5127499776.0,-0.5182191133499146
5128437248.0,-0.5089272260665894
5129375232.0,-0.49923771619796753
5130312704.0,-0.48861363530158997
5131250176.0,-0.47722095251083374
5132187648.0,-0.4647778570652008
5133125120.0,-0.4519326686859131
5134062592.0,-0.4366603493690491
5135000064.0,-0.42168039083480835
5135937536.0,-0.40441614389419556
5136875008.0,-0.38631653785705566
5137812480.0,-0.3680078983306885
5138749952.0,-0.34987935423851013
5139687424.0,-0.3318735361099243
5140624896.0,-0.3148784935474396
5141562368.0,-0.2990669906139374
5142499840.0,-0.2847873568534851
5143437312.0,-0.273772269487381
5144374784.0,-0.26632237434387207
5145312256.0,-0.26472705602645874
5146250240.0,-0.2704373896121979
5147187712.0,-0.280941367149353
5148125184.0,-0.2963775098323822
5149062656.0,-0.3136040270328522
5150000128.0,-0.3326021432876587
5150937600.0,-0.3531351685523987
5151875072.0,-0.3731178343296051
5152812544.0,-0.39465075731277466
5153750016.0,-0.4138749837875366
5154687488.0,-0.43238475918769836
5155624960.0,-0.44968757033348083
5156562432.0,-0.46627378463745117
5157499904.0,-0.4800071120262146
5158437376.0,-0.4918534755706787
5159374848.0,-0.503173291683197
5160312320.0,-0.513157308101654
5161249792.0,-0.520968496799469
5162187264.0,-0.5280384421348572
5163125248.0,-0.5355252027511597
5164062720.0,-0.5432509183883667
5165000192.0,-0.5500059723854065
5165937664.0,-0.5554252862930298
5166875136.0,-0.5691512823104858
5167812608.0,-0.5838677287101746
5168750080.0,-0.5992703437805176
5169687552.0,-0.6152716279029846
5170625024.0,-0.6324052810668945
5171562496.0,-0.6486337184906006
5172499968.0,-0.6655586361885071
5173437440.0,-0.6809700727462769
5174374912.0,-0.6976122260093689
5175312384.0,-0.7116923928260803
5176249856.0,-0.7246584892272949
5177187328.0,-0.7342925071716309
5178124800.0,-0.7419672608375549
5179062272.0,-0.748600423336029
5180000256.0,-0.7504925727844238
5180937728.0,-0.751585841178894
5181875200.0,-0.7499634623527527
5182812672.0,-0.7435702681541443
5183750144.0,-0.7359184622764587
5184687616.0,-0.726749062538147
5185625088.0,-0.7134982943534851
5186562560.0,-0.6991361379623413
5187500032.0,-0.6817989349365234
5188437504.0,-0.6629865765571594
5189374976.0,-0.6434722542762756
5190312448.0,-0.6214535236358643
5191249920.0,-0.599165141582489
5192187392.0,-0.5755988359451294
5193124864.0,-0.5526720881462097
5194062336.0,-0.5296133160591125
5194999808.0,-0.506402850151062
5195937280.0,-0.4841979444026947
5196874752.0,-0.4627571702003479
5197812736.0,-0.44174909591674805
5198750208.0,-0.42222699522972107
5199687680.0,-0.4041280448436737
5200625152.0,-0.38836199045181274
5201562624.0,-0.3739659786224365
5202500096.0,-0.3638860583305359
5203437568.0,-0.3560749590396881
5204375040.0,-0.3507395386695862
5205312512.0,-0.3488653302192688
5206249984.0,-0.3491934537887573
5207187456.0,-0.35295209288597107
5208124928.0,-0.3597475588321686
5209062400.0,-0.36834460496902466
5209999872.0,-0.3812522888183594
5210937344.0,-0.39638203382492065
5211874816.0,-0.41279077529907227
5212812288.0,-0.433323472738266
5213749760.0,-0.4541463255882263
5214687744.0,-0.47708162665367126
5215625216.0,-0.5012496709823608
5216562688.0,-0.5259638428688049
5217500160.0,-0.5528494715690613
5218437632.0,-0.5807782411575317
5219375104.0,-0.6091560125350952
5220312576.0,-0.6362093091011047
5221250048.0,-0.6656263470649719
5222187520.0,-0.6920547485351562
5223124992.0,-0.7195383906364441
5224062464.0,-0.7457492351531982
5224999936.0,-0.7731173038482666
5225937408.0,-0.8240294456481934
5226874880.0,-0.8494491577148438
5227812352.0,-0.8726139068603516
5228749824.0,-0.8936890959739685
5229687296.0,-0.9118356704711914
5230624768.0,-0.9270876049995422
5231562752.0,-0.9408102631568909
5232500224.0,-0.9507097005844116
5233437696.0,-0.9580327272415161
5234375168.0,-0.9646615982055664
5235312640.0,-0.9679749011993408
5236250112.0,-0.9672436714172363
5237187584.0,-0.9659669399261475
5238125056.0,-0.9613648653030396
5239062528.0,-0.9560726284980774
5240000000.0,-0.9498516321182251
5240937472.0,-0.9394711852073669
5241874944.0,-0.9291526675224304
5242812416.0,-0.9167602062225342
5243749888.0,-0.9034320116043091
5244687360.0,-0.8889503479003906
5245624832.0,-0.8734449148178101
5246562304.0,-0.8581421375274658
5247499776.0,-0.8426249027252197
5248437248.0,-0.8269463777542114
5249375232.0,-0.8110989928245544
5250312704.0,-0.7965862154960632
5251250176.0,-0.782340943813324
5252187648.0,-0.7678179740905762
5253125120.0,-0.7537412047386169
5254062592.0,-0.7419530153274536
5255000064.0,-0.731353223323822
5255937536.0,-0.722514271736145
5256875008.0,-0.7155884504318237
5257812480.0,-0.7089089751243591
5258749952.0,-0.7028344869613647
5259687424.0,-0.6984837651252747
5260624896.0,-0.6961318254470825
5261562368.0,-0.6968935132026672
5262499840.0,-0.7007563710212708
5263437312.0,-0.7056975960731506
5264374784.0,-0.7139989733695984
5265312256.0,-0.7249398231506348
5266250240.0,-0.7364384531974792
5267187712.0,-0.7515483498573303
5268125184.0,-0.7681146264076233
5269062656.0,-0.7872899770736694
5270000128.0,-0.807494044303894
5270937600.0,-0.8303481340408325
5271875072.0,-0.8541895151138306
5272812544.0,-0.8799727559089661
5273750016.0,-0.9084847569465637
5274687488.0,-0.9392387866973877
5275624960.0,-0.972881555557251
5276562432.0,-1.0070278644561768
5277499904.0,-1.043495535850525
5278437376.0,-1.0815401077270508
5279374848.0,-1.1202783584594727
5280312320.0,-1.1610198020935059
5281249792.0,-1.2022960186004639
5282187264.0,-1.2431650161743164
5283125248.0,-1.2853121757507324
5284062720.0,-1.3263418674468994
5285000192.0,-1.3662782907485962
5285937664.0,-1.3948341608047485
5286875136.0,-1.4274431467056274
5287812608.0,-1.459429383277893
5288750080.0,-1.4881380796432495
5289687552.0,-1.515588402748108
5290625024.0,-1.5395461320877075
5291562496.0,-1.559381127357483
5292499968.0,-1.578473687171936
5293437440.0,-1.5943173170089722
5294374912.0,-1.6064667701721191
5295312384.0,-1.6145721673965454
5296249856.0,-1.61927330493927
5297187328.0,-1.6218719482421875
5298124800.0,-1.622532606124878
5299062272.0,-1.6208709478378296
5299999744.0,-1.6165944337844849
5300937728.0,-1.6078118085861206
5301875200.0,-1.5972484350204468
5302812672.0,-1.5844111442565918
5303750144.0,-1.5699936151504517
5304687616.0,-1.5535129308700562
5305625088.0,-1.5351989269256592
5306562560.0,-1.5181477069854736
5307500032.0,-1.5019562244415283
5308437504.0,-1.4868340492248535
5309374976.0,-1.473156452178955
5310312448.0,-1.4596498012542725
5311249920.0,-1.4454832077026367
5312187392.0,-1.4343736171722412
5313124864.0,-1.4222347736358643
5314062336.0,-1.4137483835220337
5314999808.0,-1.406318187713623
5315937280.0,-1.40040123462677
5316874752.0,-1.3972580432891846
5317812736.0,-1.3970255851745605
5318750208.0,-1.3999356031417847
5319687680.0,-1.404441475868225
5320625152.0,-1.4107742309570312
5321562624.0,-1.4187877178192139
5322500096.0,-1.428398847579956
5323437568.0,-1.4415801763534546
5324375040.0,-1.456801176071167
5325312512.0,-1.475595235824585
5326249984.0,-1.497074842453003
5327187456.0,-1.522152066230774
5328124928.0,-1.5490424633026123
5329062400.0,-1.579911708831787
5329999872.0,-1.613614797592163
5330937344.0,-1.6511932611465454
5331874816.0,-1.6890554428100586
5332812288.0,-1.7590179443359375
5333749760.0,-1.8090269565582275
5334687744.0,-1.859125018119812
5335625216.0,-1.9119324684143066
5336562688.0,-1.9650254249572754
5337500160.0,-2.019036054611206
5338437632.0,-2.0757973194122314
5339375104.0,-2.132984161376953
5340312576.0,-2.1919960975646973
5341250048.0,-2.250710964202881
5342187520.0,-2.310253620147705
5343124992.0,-2.367832660675049
5344062464.0,-2.423779249191284
5344999936.0,-2.4754855632781982
5345937408.0,-2.4168317317962646
5346874880.0,-2.4480369091033936
5347812352.0,-2.477104425430298
5348749824.0,-2.5002553462982178
5349687296.0,-2.5230584144592285
5350624768.0,-2.541353464126587
5351562752.0,-2.5574097633361816
5352500224.0,-2.569500207901001
5353437696.0,-2.5798418521881104
5354375168.0,-2.5845370292663574
5355312640.0,-2.587351083755493
5356250112.0,-2.58530592918396
5357187584.0,-2.5820515155792236
5358125056.0,-2.5738165378570557
5359062528.0,-2.5634286403656006
5360000000.0,-2.5492544174194336
5360937472.0,-2.53419828414917
5361874944.0,-2.513939380645752
5362812416.0,-2.493403434753418
5363749888.0,-2.470203399658203
5364687360.0,-2.4459424018859863
5365624832.0,-2.422185182571411
5366562304.0,-2.398538589477539
5367499776.0,-2.373520851135254
5368437248.0,-2.3484010696411133
5369375232.0,-2.324138879776001
5370312704.0,-2.297698497772217
5371250176.0,-2.272373914718628
5372187648.0,-2.2490384578704834
5373125120.0,-2.225219249725342
5374062592.0,-2.202526092529297
5375000064.0,-2.1803531646728516
5375937536.0,-2.159613609313965
5376875008.0,-2.140176773071289
5377812480.0,-2.1220016479492188
5378749952.0,-2.1029984951019287
5379687424.0,-2.087178945541382
5380624896.0,-2.07090163230896
5381562368.0,-2.0586555004119873
5382499840.0,-2.0471413135528564
5383437312.0,-2.0394999980926514
5384374784.0,-2.0321707725524902
5385312256.0,-2.0274970531463623
5386250240.0,-2.025510549545288
5387187712.0,-2.0233898162841797
5388125184.0,-2.0232675075531006
5389062656.0,-2.022665500640869
5390000128.0,-2.0237972736358643
5390937600.0,-2.025150775909424
5391875072.0,-2.0277099609375
5392812544.0,-2.0308680534362793
5393750016.0,-2.0340168476104736
5394687488.0,-2.0396974086761475
5395624960.0,-2.04278302192688
5396562432.0,-2.0496418476104736
5397499904.0,-2.055678367614746
5398437376.0,-2.0619070529937744
5399374848.0,-2.065286159515381
5400312320.0,-2.0696053504943848
5401249792.0,-2.0738725662231445
5402187264.0,-2.0762579441070557
5403125248.0,-2.07781982421875
5404062720.0,-2.077641487121582
5405000192.0,-2.0781092643737793
5405937664.0,-2.217708110809326
5406875136.0,-2.213608741760254
5407812608.0,-2.2069826126098633
5408750080.0,-2.198153018951416
5409687552.0,-2.188098907470703
5410625024.0,-2.172720432281494
5411562496.0,-2.156525135040283
5412499968.0,-2.138719320297241
5413437440.0,-2.11696195602417
5414374912.0,-2.0939290523529053
5415312384.0,-2.0696280002593994
5416249856.0,-2.0410773754119873
5417187328.0,-2.0124378204345703
5418124800.0,-1.9820975065231323
5419062272.0,-1.950674057006836
5420000256.0,-1.917740821838379
5420937728.0,-1.8852685689926147
5421875200.0,-1.8512377738952637
5422812672.0,-1.8168283700942993
5423750144.0,-1.7819639444351196
5424687616.0,-1.7480392456054688
5425625088.0,-1.71337890625
5426562560.0,-1.6823132038116455
5427500032.0,-1.6505935192108154
5428437504.0,-1.621199131011963
5429374976.0,-1.5917376279830933
5430312448.0,-1.564929723739624
5431249920.0,-1.539023756980896
5432187392.0,-1.5139715671539307
5433124864.0,-1.4912492036819458
5434062336.0,-1.4670666456222534
5434999808.0,-1.4451771974563599
5435937280.0,-1.424369215965271
5436874752.0,-1.4064315557479858
5437812736.0,-1.3896666765213013
5438750208.0,-1.3745975494384766
5439687680.0,-1.3608357906341553
5440625152.0,-1.347805380821228
5441562624.0,-1.3364083766937256
5442500096.0,-1.3261886835098267
5443437568.0,-1.3179141283035278
5444375040.0,-1.3090578317642212
5445312512.0,-1.3023169040679932
5446249984.0,-1.2988542318344116
5447187456.0,-1.2959098815917969
5448124928.0,-1.2944180965423584
5449062400.0,-1.296425461769104
5449999872.0,-1.2978936433792114
5450937344.0,-1.3014438152313232
5451874816.0,-1.3057936429977417
5452812288.0,-1.3124409914016724
5453749760.0,-1.3199470043182373
5454687744.0,-1.3281153440475464
5455625216.0,-1.3386355638504028
5456562688.0,-1.347229242324829
5457500160.0,-1.3595298528671265
5458437632.0,-1.3707507848739624
5459375104.0,-1.3815754652023315
5460312576.0,-1.3920587301254272
5461250048.0,-1.4031819105148315
5462187520.0,-1.4116015434265137
5463124992.0,-1.4203187227249146
5464062464.0,-1.4260624647140503
5464999936.0,-1.4309355020523071
5465937408.0,-1.4382715225219727
5466874880.0,-1.4389230012893677
5467812352.0,-1.4370880126953125
5468749824.0,-1.4323704242706299
5469687296.0,-1.426439642906189
5470624768.0,-1.4183698892593384
5471562752.0,-1.4074510335922241
5472500224.0,-1.3953269720077515
5473437696.0,-1.3800615072250366
5474375168.0,-1.3636932373046875
5475312640.0,-1.3443776369094849
5476250112.0,-1.324444055557251
5477187584.0,-1.3011505603790283
5478125056.0,-1.277823805809021
5479062528.0,-1.252156376838684
5480000000.0,-1.2266209125518799
5480937472.0,-1.198984980583191
5481874944.0,-1.1724151372909546
5482812416.0,-1.1442614793777466
5483749888.0,-1.115543246269226
5484687360.0,-1.0870318412780762
5485624832.0,-1.0589873790740967
5486562304.0,-1.030820369720459
5487499776.0,-1.0043355226516724
5488437248.0,-0.9778026938438416
5489375232.0,-0.9514031410217285
5490312704.0,-0.9255613088607788
5491250176.0,-0.9020156860351562
5492187648.0,-0.8787677884101868
5493125120.0,-0.8580310940742493
5494062592.0,-0.8382028937339783
5495000064.0,-0.8205321431159973
5495937536.0,-0.804271936416626
5496875008.0,-0.7902926206588745
5497812480.0,-0.7792178392410278
5498749952.0,-0.7708141803741455
5499687424.0,-0.7629197835922241
5500624896.0,-0.7588648200035095
5501562368.0,-0.7579206824302673
5502499840.0,-0.7601432204246521
5503437312.0,-0.7651911973953247
5504374784.0,-0.7719496488571167
5505312256.0,-0.7823260426521301
5506250240.0,-0.7948295474052429
5507187712.0,-0.8105084896087646
5508125184.0,-0.8272239565849304
5509062656.0,-0.8489220142364502
5510000128.0,-0.8719124794006348
5510937600.0,-0.8956782221794128
5511875072.0,-0.9228244423866272
5512812544.0,-0.951041042804718
5513750016.0,-0.9818645119667053
5514687488.0,-1.01301908493042
5515624960.0,-1.045262098312378
5516562432.0,-1.0777027606964111
5517499904.0,-1.1103086471557617
5518437376.0,-1.142121434211731
5519374848.0,-1.1731550693511963
5520312320.0,-1.2022998332977295
5521249792.0,-1.2289811372756958
5522187264.0,-1.2547351121902466
5523125248.0,-1.2751189470291138
5524062720.0,-1.2945773601531982
5525000192.0,-1.31001877784729
5525937664.0,-1.1454373598098755
5526875136.0,-1.151935338973999
5527812608.0,-1.1573868989944458
5528750080.0,-1.159889578819275
5529687552.0,-1.1616568565368652
5530625024.0,-1.1608284711837769
5531562496.0,-1.1575968265533447
5532499968.0,-1.1534972190856934
5533437440.0,-1.1472524404525757
5534374912.0,-1.1392385959625244
5535312384.0,-1.1288779973983765
5536249856.0,-1.1185952425003052
5537187328.0,-1.1050281524658203
5538124800.0,-1.0922991037368774
5539062272.0,-1.078150749206543
5539999744.0,-1.0643287897109985
5540937728.0,-1.0491303205490112
5541875200.0,-1.034399390220642
5542812672.0,-1.0178247690200806
5543750144.0,-1.0017377138137817
5544687616.0,-0.9872382879257202
5545625088.0,-0.9718272089958191
5546562560.0,-0.9574394226074219
5547500032.0,-0.9424257278442383
5548437504.0,-0.9287986159324646
5549374976.0,-0.9163410067558289
5550312448.0,-0.904466986656189
5551249920.0,-0.8942907452583313
5552187392.0,-0.8841105699539185
5553124864.0,-0.8771878480911255
5554062336.0,-0.8716129660606384
5554999808.0,-0.8669689893722534
5555937280.0,-0.864843487739563
5556874752.0,-0.8650491833686829
5557812736.0,-0.8666200041770935
5558750208.0,-0.8707032799720764
5559687680.0,-0.8782525062561035
5560625152.0,-0.8877095580101013
5561562624.0,-0.9003228545188904
5562500096.0,-0.9152994751930237
5563437568.0,-0.9333087205886841
5564375040.0,-0.95250403881073
5565312512.0,-0.9753104448318481
5566249984.0,-1.0007752180099487
5567187456.0,-1.0270047187805176
5568124928.0,-1.0540437698364258
5569062400.0,-1.085143804550171
5569999872.0,-1.115088701248169
5570937344.0,-1.1455854177474976
5571874816.0,-1.1759027242660522
5572812288.0,-1.2058970928192139
5573749760.0,-1.2344329357147217
5574687744.0,-1.2625652551651
5575625216.0,-1.288896918296814
5576562688.0,-1.3126176595687866
5577500160.0,-1.3338308334350586
5578437632.0,-1.3522391319274902
5579375104.0,-1.369138240814209
5580312576.0,-1.3831084966659546
5581250048.0,-1.3932524919509888
5582187520.0,-1.401435136795044
5583124992.0,-1.4072368144989014
5584062464.0,-1.4090170860290527
5584999936.0,-1.409828782081604
5585937408.0,-1.3314708471298218
5586874880.0,-1.3392407894134521
5587812352.0,-1.3440512418746948
5588749824.0,-1.3484879732131958
5589687296.0,-1.3517578840255737
5590624768.0,-1.3543323278427124
5591562752.0,-1.3557289838790894
5592500224.0,-1.3565672636032104
5593437696.0,-1.3560163974761963
5594375168.0,-1.3548765182495117
5595312640.0,-1.3520245552062988
5596250112.0,-1.3493417501449585
5597187584.0,-1.3450497388839722
5598125056.0,-1.3408634662628174
5599062528.0,-1.336586594581604
5600000000.0,-1.331190586090088
5600937472.0,-1.3255958557128906
5601874944.0,-1.3197368383407593
5602812416.0,-1.3145387172698975
5603749888.0,-1.3083677291870117
5604687360.0,-1.3027167320251465
5605624832.0,-1.296542763710022
5606562304.0,-1.2893966436386108
5607499776.0,-1.2837284803390503
5608437248.0,-1.2764793634414673
5609375232.0,-1.2707732915878296
5610312704.0,-1.2651114463806152
5611250176.0,-1.2603024244308472
5612187648.0,-1.2541468143463135
5613125120.0,-1.2491124868392944
5614062592.0,-1.2438616752624512
5615000064.0,-1.2396304607391357
5615937536.0,-1.2343876361846924
5616875008.0,-1.230966329574585
5617812480.0,-1.2264156341552734
5618749952.0,-1.2225580215454102
5619687424.0,-1.2190274000167847
5620624896.0,-1.2163755893707275
5621562368.0,-1.2131454944610596
5622499840.0,-1.2120054960250854
5623437312.0,-1.2082937955856323
5624374784.0,-1.2065609693527222
5625312256.0,-1.2049081325531006
5626250240.0,-1.2032567262649536
5627187712.0,-1.2006710767745972
5628125184.0,-1.1975775957107544
5629062656.0,-1.194278597831726
5630000128.0,-1.191920518875122
5630937600.0,-1.1895451545715332
5631875072.0,-1.185476303100586
5632812544.0,-1.1813770532608032
5633750016.0,-1.1793562173843384
5634687488.0,-1.1739680767059326
5635624960.0,-1.1682761907577515
5636562432.0,-1.1612476110458374
5637499904.0,-1.1535682678222656
5638437376.0,-1.1448218822479248
5639374848.0,-1.1356090307235718
5640312320.0,-1.1264699697494507
5641249792.0,-1.1165900230407715
5642187264.0,-1.1055042743682861
5643125248.0,-1.0943493843078613
5644062720.0,-1.0820096731185913
5645000192.0,-1.0684353113174438
5645937664.0,-1.0637842416763306
5646875136.0,-1.0473246574401855
5647812608.0,-1.0323807001113892
5648750080.0,-1.0142427682876587
5649687552.0,-0.9971935749053955
5650625024.0,-0.9775885939598083
5651562496.0,-0.957665741443634
5652499968.0,-0.9385473132133484
5653437440.0,-0.9162196516990662
5654374912.0,-0.8956371545791626
5655312384.0,-0.8737883567810059
5656249856.0,-0.8517113327980042
5657187328.0,-0.8293901085853577
5658124800.0,-0.807192862033844
5659062272.0,-0.784549355506897
5660000256.0,-0.7631195783615112
5660937728.0,-0.7408856153488159
5661875200.0,-0.7195442318916321
5662812672.0,-0.6988955736160278
5663750144.0,-0.6784415245056152
5664687616.0,-0.659165620803833
5665625088.0,-0.6406697034835815
5666562560.0,-0.6241655945777893
5667500032.0,-0.6070855855941772
5668437504.0,-0.5930843353271484
5669374976.0,-0.5792087316513062
5670312448.0,-0.5675226449966431
5671249920.0,-0.556960940361023
5672187392.0,-0.5491641163825989
5673124864.0,-0.5427649021148682
5674062336.0,-0.5386974811553955
5674999808.0,-0.5341756343841553
5675937280.0,-0.5332432985305786
5676874752.0,-0.5331836342811584
5677812736.0,-0.5350985527038574
5678750208.0,-0.5364430546760559
5679687680.0,-0.5403503775596619
5680625152.0,-0.5425142049789429
5681562624.0,-0.545982837677002
5682500096.0,-0.5499688386917114
5683437568.0,-0.5535448789596558
5684375040.0,-0.5570170283317566
5685312512.0,-0.5594049692153931
5686249984.0,-0.562432587146759
5687187456.0,-0.5643923878669739
5688124928.0,-0.5664577484130859
5689062400.0,-0.5683019161224365
5689999872.0,-0.5684210062026978
5690937344.0,-0.5660890340805054
5691874816.0,-0.5642973184585571
5692812288.0,-0.5605598092079163
5693749760.0,-0.5544395446777344
5694687744.0,-0.5472111701965332
5695625216.0,-0.5390636920928955
5696562688.0,-0.5292336940765381
5697500160.0,-0.5181441307067871
5698437632.0,-0.5058901309967041
5699375104.0,-0.492427796125412
5700312576.0,-0.4789077937602997
5701250048.0,-0.46575668454170227
5702187520.0,-0.45233163237571716
5703124992.0,-0.4376981556415558
5704062464.0,-0.42428526282310486
5704999936.0,-0.4117637276649475
5705937408.0,-0.37914448976516724
5706874880.0,-0.3778102695941925
5707812352.0,-0.3767169415950775
5708749824.0,-0.3742895722389221
5709687296.0,-0.3732129633426666
5710624768.0,-0.3718383312225342
5711562752.0,-0.36973488330841064
5712500224.0,-0.3672354221343994
5713437696.0,-0.36636707186698914
5714375168.0,-0.3635965585708618
5715312640.0,-0.35944607853889465
5716250112.0,-0.3572567105293274
5717187584.0,-0.3524608016014099
5718125056.0,-0.3485165536403656
5719062528.0,-0.3426622450351715
5720000000.0,-0.33591175079345703
5720937472.0,-0.32891759276390076
5721874944.0,-0.3214895725250244
5722812416.0,-0.31330928206443787
5723749888.0,-0.3046494424343109
5724687360.0,-0.296531081199646
5725624832.0,-0.2872612476348877
5726562304.0,-0.2793771028518677
5727499776.0,-0.27064481377601624
5728437248.0,-0.26363426446914673
5729375232.0,-0.2569604516029358
5730312704.0,-0.25231286883354187
5731250176.0,-0.24784453213214874
5732187648.0,-0.24543757736682892
5733125120.0,-0.24480946362018585
5734062592.0,-0.24630628526210785
5735000064.0,-0.24925225973129272
5735937536.0,-0.2539007067680359
5736875008.0,-0.26009488105773926
5737812480.0,-0.2689927816390991
5738749952.0,-0.27873000502586365
5739687424.0,-0.291680246591568
5740624896.0,-0.3042231500148773
5741562368.0,-0.3173046112060547
5742499840.0,-0.3305591344833374
5743437312.0,-0.34324154257774353
5744374784.0,-0.3548232913017273
5745312256.0,-0.36485978960990906
5746250240.0,-0.3726710081100464
5747187712.0,-0.3791717290878296
5748125184.0,-0.3841015100479126
5749062656.0,-0.3855164647102356
5750000128.0,-0.3867281973361969
5750937600.0,-0.3831738233566284
5751875072.0,-0.38087278604507446
5752812544.0,-0.3758147060871124
5753750016.0,-0.3701717257499695
5754687488.0,-0.362589955329895
5755624960.0,-0.3558201491832733
5756562432.0,-0.34733062982559204
5757499904.0,-0.3398357331752777
5758437376.0,-0.3327025771141052
5759374848.0,-0.3256358802318573
5760312320.0,-0.3196161687374115
5761249792.0,-0.3159535527229309
5762187264.0,-0.3122834265232086
5763125248.0,-0.3101009726524353
5764062720.0,-0.3062557280063629
5765000192.0,-0.30292654037475586
5765937664.0,-0.22703006863594055
5766875136.0,-0.22994458675384521
5767812608.0,-0.23438100516796112
5768750080.0,-0.2384665310382843
5769687552.0,-0.24368683993816376
5770625024.0,-0.24929094314575195
5771562496.0,-0.2545989453792572
5772499968.0,-0.2615642845630646
5773437440.0,-0.26779666543006897
5774374912.0,-0.27474457025527954
5775312384.0,-0.28258368372917175
5776249856.0,-0.28971222043037415
5777187328.0,-0.2967606484889984
5778124800.0,-0.30460426211357117
5779062272.0,-0.31229114532470703
5779999744.0,-0.319714218378067
5780937728.0,-0.32593655586242676
5781875200.0,-0.33175280690193176
5782812672.0,-0.33914750814437866
5783750144.0,-0.34465837478637695
5784687616.0,-0.34857377409935
5785625088.0,-0.35384684801101685
5786562560.0,-0.35628950595855713
5787500032.0,-0.3586544394493103
5788437504.0,-0.360612154006958
5789374976.0,-0.3599727749824524
5790312448.0,-0.358479768037796
5791249920.0,-0.35614484548568726
5792187392.0,-0.35312971472740173
5793124864.0,-0.34813249111175537
5794062336.0,-0.3422776460647583
5794999808.0,-0.3360292613506317
5795937280.0,-0.3288019299507141
5796874752.0,-0.3217281997203827
5797812736.0,-0.31250110268592834
5798750208.0,-0.3027116358280182
5799687680.0,-0.29210740327835083
5800625152.0,-0.28107863664627075
5801562624.0,-0.26877760887145996
5802500096.0,-0.2560652494430542
5803437568.0,-0.2415163815021515
5804375040.0,-0.2272898554801941
5805312512.0,-0.21275141835212708
5806249984.0,-0.19834649562835693
5807187456.0,-0.18248699605464935
5808124928.0,-0.1675514429807663
5809062400.0,-0.15098527073860168
5809999872.0,-0.13477203249931335
5810937344.0,-0.12063528597354889
5811874816.0,-0.1051238551735878
5812812288.0,-0.09047341346740723
5813749760.0,-0.07582039386034012
5814687744.0,-0.062066223472356796
5815625216.0,-0.047547344118356705
5816562688.0,-0.03478710725903511
5817500160.0,-0.022273140028119087
5818437632.0,-0.011752315796911716
5819375104.0,-0.0007921678479760885
5820312576.0,0.00920779723674059
5821250048.0,0.01936684548854828
5822187520.0,0.02755051478743553
5823124992.0,0.03508592024445534
5824062464.0,0.04243073612451553
5824999936.0,0.04916520044207573
5825937408.0,-0.13408371806144714
5826874880.0,-0.1390056163072586
5827812352.0,-0.14234298467636108
5828749824.0,-0.14377447962760925
5829687296.0,-0.14395040273666382
5830624768.0,-0.14405912160873413
5831562752.0,-0.14267072081565857
5832500224.0,-0.13940298557281494
5833437696.0,-0.13706590235233307
5834375168.0,-0.13430097699165344
5835312640.0,-0.13073818385601044
5836250112.0,-0.12734894454479218
5837187584.0,-0.12338971346616745
5838125056.0,-0.12067215889692307
5839062528.0,-0.11879254132509232
5840000000.0,-0.11922065913677216
5840937472.0,-0.1195613443851471
5841874944.0,-0.12109659612178802
5842812416.0,-0.12440992891788483
5843749888.0,-0.12755349278450012
5844687360.0,-0.13216546177864075
5845624832.0,-0.13859045505523682
5846562304.0,-0.1464001089334488
5847499776.0,-0.1529814600944519
5848437248.0,-0.16175447404384613
5849375232.0,-0.17038987576961517
5850312704.0,-0.18111048638820648
5851250176.0,-0.1906246393918991
5852187648.0,-0.20154814422130585
5853125120.0,-0.21148955821990967
5854062592.0,-0.22265104949474335
5855000064.0,-0.2315547615289688
5855937536.0,-0.2423679530620575
5856875008.0,-0.25131767988204956
5857812480.0,-0.25692087411880493
5858749952.0,-0.2635898292064667
5859687424.0,-0.267189085483551
5860624896.0,-0.26971355080604553
5861562368.0,-0.26969394087791443
5862499840.0,-0.26776769757270813
5863437312.0,-0.26379820704460144
5864374784.0,-0.2587822675704956
5865312256.0,-0.2523060441017151
5866250240.0,-0.24391436576843262
5867187712.0,-0.23370936512947083
5868125184.0,-0.2225601077079773
5869062656.0,-0.2106340229511261
5870000128.0,-0.19798828661441803
5870937600.0,-0.18398627638816833
5871875072.0,-0.17081761360168457
5872812544.0,-0.15755382180213928
5873750016.0,-0.14538082480430603
5874687488.0,-0.1341138482093811
5875624960.0,-0.12302154302597046
5876562432.0,-0.11425936967134476
5877499904.0,-0.10880102217197418
5878437376.0,-0.10376603156328201
5879374848.0,-0.10029810667037964
5880312320.0,-0.09979972243309021
5881249792.0,-0.09978845715522766
5882187264.0,-0.10331984609365463
5883125248.0,-0.10731378197669983
5884062720.0,-0.11396919190883636
5885000192.0,-0.12166538089513779
5885937664.0,-0.0604717992246151
5886875136.0,-0.06514117866754532
5887812608.0,-0.06960747390985489
5888750080.0,-0.07628495246171951
5889687552.0,-0.08249476552009583
5890625024.0,-0.08981271088123322
5891562496.0,-0.0969642698764801
5892499968.0,-0.1053624153137207
5893437440.0,-0.1138276606798172
5894374912.0,-0.12184558808803558
5895312384.0,-0.1303430050611496
5896249856.0,-0.13964112102985382
5897187328.0,-0.14889484643936157
5898124800.0,-0.15747517347335815
5899062272.0,-0.1672971248626709
5900000256.0,-0.17661301791667938
5900937728.0,-0.1863650530576706
5901875200.0,-0.1963518261909485
5902812672.0,-0.2051786184310913
5903750144.0,-0.21469353139400482
5904687616.0,-0.2231423556804657
5905625088.0,-0.23257789015769958
5906562560.0,-0.2402767539024353
5907500032.0,-0.2483198642730713
5908437504.0,-0.2573970556259155
5909374976.0,-0.2647703289985657
5910312448.0,-0.2728956937789917
5911249920.0,-0.28061527013778687
5912187392.0,-0.2890284061431885
5913124864.0,-0.2953837215900421
5914062336.0,-0.30448615550994873
5914999808.0,-0.31156235933303833
5915937280.0,-0.31715527176856995
5916874752.0,-0.3216622769832611
5917812736.0,-0.3254059851169586
5918750208.0,-0.3290040194988251
5919687680.0,-0.3312498927116394
5920625152.0,-0.3337458372116089
5921562624.0,-0.33498844504356384
5922500096.0,-0.334966242313385
5923437568.0,-0.33429935574531555
5924375040.0,-0.33212682604789734
5925312512.0,-0.3284745514392853
5926249984.0,-0.3240947425365448
5927187456.0,-0.3166201412677765
5928124928.0,-0.3096446990966797
5929062400.0,-0.29911690950393677
5929999872.0,-0.2892313003540039
5930937344.0,-0.27796682715415955
5931874816.0,-0.2644789218902588
5932812288.0,-0.24959303438663483
5933749760.0,-0.2339864820241928
5934687744.0,-0.21780721843242645
5935625216.0,-0.20094583928585052
5936562688.0,-0.18216249346733093
5937500160.0,-0.16406720876693726
5938437632.0,-0.14493629336357117
5939375104.0,-0.12601307034492493
5940312576.0,-0.10737316310405731
5941250048.0,-0.09020499885082245
5942187520.0,-0.07194932550191879
5943124992.0,-0.05666382238268852
5944062464.0,-0.04202932491898537
5944999936.0,-0.028514083474874496
5945937408.0,-0.12990382313728333
5946874880.0,-0.13744409382343292
5947812352.0,-0.14827345311641693
5948749824.0,-0.1600458174943924
5949687296.0,-0.1727512925863266
5950624768.0,-0.18672917783260345
5951562752.0,-0.20355191826820374
5952500224.0,-0.22059622406959534
5953437696.0,-0.23996666073799133
5954375168.0,-0.2599715292453766
5955312640.0,-0.27913522720336914
5956250112.0,-0.29843270778656006
5957187584.0,-0.3182061016559601
5958125056.0,-0.33678367733955383
5959062528.0,-0.3555842638015747
5960000000.0,-0.3741239011287689
5960937472.0,-0.3913877606391907
5961874944.0,-0.4064847230911255
5962812416.0,-0.42049509286880493
5963749888.0,-0.4326433539390564
5964687360.0,-0.4417791962623596
5965624832.0,-0.44854670763015747
5966562304.0,-0.4521813690662384
5967499776.0,-0.45290622115135193
5968437248.0,-0.4501144587993622
5969375232.0,-0.44350481033325195
5970312704.0,-0.4341817796230316
5971250176.0,-0.4207059144973755
5972187648.0,-0.4050213694572449
5973125120.0,-0.3865930140018463
5974062592.0,-0.3664200007915497
5975000064.0,-0.34421369433403015
5975937536.0,-0.3209429085254669
5976875008.0,-0.29742708802223206
5977812480.0,-0.27188435196876526
5978749952.0,-0.24679508805274963
5979687424.0,-0.22322645783424377
5980624896.0,-0.19907619059085846
5981562368.0,-0.17761436104774475
5982499840.0,-0.1587635576725006
5983437312.0,-0.14063288271427155
5984374784.0,-0.12497638911008835
5985312256.0,-0.11075134575366974
5986250240.0,-0.0988505631685257
5987187712.0,-0.0901821106672287
5988125184.0,-0.08489193767309189
5989062656.0,-0.08168670535087585
5990000128.0,-0.08080270886421204
5990937600.0,-0.08196409791707993
5991875072.0,-0.08622930943965912
5992812544.0,-0.09156160801649094
5993750016.0,-0.09783003479242325
5994687488.0,-0.10484224557876587
5995624960.0,-0.1129995658993721
5996562432.0,-0.12120378017425537
5997499904.0,-0.13021127879619598
5998437376.0,-0.13930244743824005
5999374848.0,-0.14749236404895782
6000312320.0,-0.15551580488681793
6001249792.0,-0.164823979139328
6002187264.0,-0.17250481247901917
6003125248.0,-0.17960888147354126
6004062720.0,-0.18503913283348083
6005000192.0,-0.14662542939186096
6005937664.0,-0.15451990067958832
6006875136.0,-0.16212709248065948
6007812608.0,-0.17085576057434082
6008750080.0,-0.1813521534204483
6009687552.0,-0.19115480780601501
6010625024.0,-0.20232881605625153
6011562496.0,-0.21484197676181793
6012499968.0,-0.22718164324760437
6013437440.0,-0.24089206755161285
6014374912.0,-0.2531687319278717
6015312384.0,-0.2665354311466217
6016249856.0,-0.28143033385276794
6017187328.0,-0.2958456575870514
6018124800.0,-0.30842748284339905
6019062272.0,-0.3223349153995514
6019999744.0,-0.33448415994644165
6020937728.0,-0.3457823693752289
6021875200.0,-0.35841530561447144
6022812672.0,-0.36769065260887146
6023750144.0,-0.37776485085487366
6024687616.0,-0.3852026164531708
6025625088.0,-0.3918677568435669
6026562560.0,-0.3970356285572052
6027500032.0,-0.3999693691730499
6028437504.0,-0.40120604634284973
6029374976.0,-0.40142571926116943
6030312448.0,-0.399932861328125
6031249920.0,-0.39617276191711426
6032187392.0,-0.3912450075149536
6033124864.0,-0.38381850719451904
6034062336.0,-0.3766584098339081
6034999808.0,-0.3675568401813507
6035937280.0,-0.35694262385368347
6036874752.0,-0.34701770544052124
6037812736.0,-0.3361661732196808
6038750208.0,-0.3240123391151428
6039687680.0,-0.31243208050727844
6040625152.0,-0.3003879487514496
6041562624.0,-0.28913065791130066
6042500096.0,-0.2769526243209839
6043437568.0,-0.2654191553592682
6044375040.0,-0.2554243803024292
6045312512.0,-0.24617090821266174
6046249984.0,-0.2369627207517624
6047187456.0,-0.22957932949066162
6048124928.0,-0.22313736379146576
6049062400.0,-0.21773108839988708
6049999872.0,-0.2131900191307068
6050937344.0,-0.20848385989665985
6051874816.0,-0.20605912804603577
6052812288.0,-0.20525036752223969
6053749760.0,-0.2048463523387909
6054687744.0,-0.20535247027873993
6055625216.0,-0.20613791048526764
6056562688.0,-0.20952698588371277
6057500160.0,-0.21227380633354187
6058437632.0,-0.216891810297966
6059375104.0,-0.2211168259382248
6060312576.0,-0.22591429948806763
6061250048.0,-0.23087941110134125
6062187520.0,-0.23661181330680847
6063124992.0,-0.24212467670440674
6064062464.0,-0.24788683652877808
6064999936.0,-0.14821124076843262
6065937408.0,-0.16875961422920227
6066874880.0,-0.19057433307170868
6067812352.0,-0.2108628749847412
6068749824.0,-0.2302955538034439
6069687296.0,-0.2503705620765686
6070624768.0,-0.2698763608932495
6071562752.0,-0.2888665497303009
6072500224.0,-0.3083598017692566
6073437696.0,-0.3268377482891083
6074375168.0,-0.3445713520050049
6075312640.0,-0.3601968288421631
6076250112.0,-0.3749588131904602
6077187584.0,-0.3898131549358368
6078125056.0,-0.4022572934627533
6079062528.0,-0.41379448771476746
6080000000.0,-0.4239102005958557
6080937472.0,-0.4325621724128723
6081874944.0,-0.43965208530426025
6082812416.0,-0.44451576471328735
6083749888.0,-0.4470902979373932
6084687360.0,-0.44981664419174194
6085624832.0,-0.44982898235321045
6086562304.0,-0.4485608637332916
6087499776.0,-0.4452430307865143
6088437248.0,-0.44321081042289734
6089375232.0,-0.4384101927280426
6090312704.0,-0.43178364634513855
6091250176.0,-0.42575404047966003
6092187648.0,-0.41648849844932556
6093125120.0,-0.4075016975402832
6094062592.0,-0.39583083987236023
6095000064.0,-0.38287457823753357
6095937536.0,-0.3702123463153839
6096875008.0,-0.3573635518550873
6097812480.0,-0.34408360719680786
6098749952.0,-0.33018064498901367
6099687424.0,-0.31544962525367737
6100624896.0,-0.30087563395500183
6101562368.0,-0.2853342294692993
6102499840.0,-0.2698726952075958
6103437312.0,-0.2541523277759552
6104374784.0,-0.23974668979644775
6105312256.0,-0.22382082045078278
6106250240.0,-0.2089489847421646
6107187712.0,-0.19389618933200836
6108125184.0,-0.18115617334842682
6109062656.0,-0.1676337718963623
6110000128.0,-0.15458130836486816
6110937600.0,-0.14164148271083832
6111875072.0,-0.13014936447143555
6112812544.0,-0.11968863010406494
6113750016.0,-0.10764257609844208
6114687488.0,-0.09804368764162064
6115624960.0,-0.08838582038879395
6116562432.0,-0.0811271071434021
6117499904.0,-0.07431928813457489
6118437376.0,-0.07096494734287262
6119374848.0,-0.0697551816701889
6120312320.0,-0.07071176916360855
6121249792.0,-0.07390359044075012
6122187264.0,-0.07719550281763077
6123125248.0,-0.08267125487327576
6124062720.0,-0.08994095027446747
6125000192.0,-0.14376837015151978
6125937664.0,-0.15840473771095276
6126875136.0,-0.17124146223068237
6127812608.0,-0.18690350651741028
6128750080.0,-0.2026386559009552
6129687552.0,-0.2189093679189682
6130625024.0,-0.23509904742240906
6131562496.0,-0.2521054744720459
6132499968.0,-0.2682972252368927
6133437440.0,-0.28429388999938965
6134374912.0,-0.3001425862312317
6135312384.0,-0.31616994738578796
6136249856.0,-0.3316460847854614
6137187328.0,-0.3466780185699463
6138124800.0,-0.36045876145362854
6139062272.0,-0.3744494318962097
6140000256.0,-0.38821277022361755
6140937728.0,-0.3987821042537689
6141875200.0,-0.41043326258659363
6142812672.0,-0.4200381636619568
6143750144.0,-0.4278533160686493
6144687616.0,-0.43659263849258423
6145625088.0,-0.4453824460506439
6146562560.0,-0.4511900246143341
6147500032.0,-0.4562007486820221
6148437504.0,-0.4594290852546692
6149374976.0,-0.4589870870113373
6150312448.0,-0.4599320590496063
6151249920.0,-0.457388311624527
6152187392.0,-0.4532408118247986
6153124864.0,-0.4473755657672882
6154062336.0,-0.44060900807380676
6154999808.0,-0.4334864616394043
6155937280.0,-0.42452272772789
6156874752.0,-0.4134085178375244
6157812736.0,-0.4027352035045624
6158750208.0,-0.3902697265148163
6159687680.0,-0.37849870324134827
6160625152.0,-0.3646773397922516
6161562624.0,-0.34937673807144165
6162500096.0,-0.33634787797927856
6163437568.0,-0.3219749629497528
6164375040.0,-0.3079195022583008
6165312512.0,-0.29462483525276184
6166249984.0,-0.2801031470298767
6167187456.0,-0.26616454124450684
6168124928.0,-0.2534051835536957
6169062400.0,-0.24021150171756744
6169999872.0,-0.22525858879089355
6170937344.0,-0.2114025205373764
6171874816.0,-0.19837018847465515
6172812288.0,-0.18689505755901337
6173749760.0,-0.17554517090320587
6174687744.0,-0.16658611595630646
6175625216.0,-0.15666568279266357
6176562688.0,-0.14856575429439545
6177500160.0,-0.14119364321231842
6178437632.0,-0.13495193421840668
6179375104.0,-0.13043130934238434
6180312576.0,-0.127628892660141
6181250048.0,-0.1252194494009018
6182187520.0,-0.12622231245040894
6183124992.0,-0.12643937766551971
6184062464.0,-0.13069729506969452
6184999936.0,-0.27719420194625854
6185937408.0,-0.29314124584198
6186874880.0,-0.3097197115421295
6187812352.0,-0.3260754346847534
6188749824.0,-0.34342339634895325
6189687296.0,-0.3606818616390228
6190624768.0,-0.3759238123893738
6191562752.0,-0.3923518657684326
6192500224.0,-0.4071575701236725
6193437696.0,-0.420479416847229
6194375168.0,-0.43218040466308594
6195312640.0,-0.44171926379203796
6196250112.0,-0.450593501329422
6197187584.0,-0.45656368136405945
6198125056.0,-0.4630630314350128
6199062528.0,-0.4662197232246399
6200000000.0,-0.4695262908935547
6200937472.0,-0.4716886878013611
6201874944.0,-0.47364935278892517
6202812416.0,-0.47409066557884216
6203749888.0,-0.4748675525188446
6204687360.0,-0.476205050945282
6205624832.0,-0.4787404537200928
6206562304.0,-0.4821576476097107
6207499776.0,-0.4870010018348694
6208437248.0,-0.4922107458114624
6209375232.0,-0.49893471598625183
6210312704.0,-0.5069441199302673
6211250176.0,-0.514114260673523
6212187648.0,-0.5236427187919617
6213125120.0,-0.5293146371841431
6214062592.0,-0.5347699522972107
6215000064.0,-0.5357531905174255
6215937536.0,-0.5305847525596619
6216875008.0,-0.5246047973632812
6217812480.0,-0.5170876383781433
6218749952.0,-0.5081520676612854
6219687424.0,-0.49704399704933167
6220624896.0,-0.4849607050418854
6221562368.0,-0.472312867641449
6222499840.0,-0.45924633741378784
6223437312.0,-0.4461485743522644
6224374784.0,-0.4334871172904968
6225312256.0,-0.4222598075866699
6226250240.0,-0.4112209677696228
6227187712.0,-0.40090522170066833
6228125184.0,-0.39099040627479553
6229062656.0,-0.3820982873439789
6230000128.0,-0.37398865818977356
6230937600.0,-0.36692702770233154
6231875072.0,-0.35946473479270935
6232812544.0,-0.35299447178840637
6233750016.0,-0.346917062997818
6234687488.0,-0.3413695693016052
6235624960.0,-0.3350878655910492
6236562432.0,-0.33005112409591675
6237499904.0,-0.3234797716140747
6238437376.0,-0.31873616576194763
6239374848.0,-0.31182223558425903
6240312320.0,-0.30467963218688965
6241249792.0,-0.2978346049785614
6242187264.0,-0.29062503576278687
6243125248.0,-0.2827558219432831
6244062720.0,-0.27665653824806213
6245000192.0,-0.42810046672821045
6245937664.0,-0.4292408525943756
6246875136.0,-0.4324110448360443
6247812608.0,-0.43701404333114624
6248750080.0,-0.4431973993778229
6249687552.0,-0.4515676200389862
6250625024.0,-0.46379709243774414
6251562496.0,-0.47849100828170776
6252499968.0,-0.49460309743881226
6253437440.0,-0.5137370824813843
6254374912.0,-0.5340476036071777
6255312384.0,-0.5562885999679565
6256249856.0,-0.5801847577095032
6257187328.0,-0.6057543754577637
6258124800.0,-0.6329634785652161
6259062272.0,-0.6606985330581665
6259999744.0,-0.6874082088470459
6260937728.0,-0.7157818675041199
6261875200.0,-0.7429903149604797
6262812672.0,-0.7689802050590515
6263750144.0,-0.7933512330055237
6264687616.0,-0.8148170113563538
6265625088.0,-0.8338282108306885
6266562560.0,-0.8514339923858643
6267500032.0,-0.8635609149932861
6268437504.0,-0.8735215663909912
6269374976.0,-0.8793493509292603
6270312448.0,-0.8824634552001953
6271249920.0,-0.8816717863082886
6272187392.0,-0.8771085143089294
6273124864.0,-0.8700125813484192
6274062336.0,-0.8585705757141113
6274999808.0,-0.8441154956817627
6275937280.0,-0.8260006308555603
6276874752.0,-0.8053102493286133
6277812736.0,-0.7816933989524841
6278750208.0,-0.7576234340667725
6279687680.0,-0.7316893339157104
6280625152.0,-0.7041636109352112
6281562624.0,-0.6753525733947754
6282500096.0,-0.6463466882705688
6283437568.0,-0.6167430281639099
6284375040.0,-0.5862388610839844
6285312512.0,-0.5557355880737305
6286249984.0,-0.5261479616165161
6287187456.0,-0.4971645772457123
6288124928.0,-0.4695006012916565
6289062400.0,-0.4434939920902252
6289999872.0,-0.4182945191860199
6290937344.0,-0.3954770565032959
6291874816.0,-0.3767169415950775
6292812288.0,-0.35737013816833496
6293749760.0,-0.342909574508667
6294687744.0,-0.3299570381641388
6295625216.0,-0.31999146938323975
6296562688.0,-0.31704390048980713
6297500160.0,-0.3168630599975586
6298437632.0,-0.32061120867729187
6299375104.0,-0.32636043429374695
6300312576.0,-0.3360476791858673
6301250048.0,-0.3481326401233673
6302187520.0,-0.3627792000770569
6303124992.0,-0.38024845719337463
6304062464.0,-0.4005378484725952
6304999936.0,-0.5393686294555664
6305937408.0,-0.5606268048286438
6306874880.0,-0.5813872814178467
6307812352.0,-0.6042786836624146
6308749824.0,-0.6274639368057251
6309687296.0,-0.6533373594284058
6310624768.0,-0.678735077381134
6311562752.0,-0.70607990026474
6312500224.0,-0.7325241565704346
6313437696.0,-0.7586331367492676
6314375168.0,-0.7845118045806885
6315312640.0,-0.8097190260887146
6316250112.0,-0.834963321685791
6317187584.0,-0.8590527772903442
6318125056.0,-0.8808414936065674
6319062528.0,-0.9023886919021606
6320000000.0,-0.9222689867019653
6320937472.0,-0.9383782744407654
6321874944.0,-0.9547837376594543
6322812416.0,-0.9669625759124756
6323749888.0,-0.9768798351287842
6324687360.0,-0.9838335514068604
6325624832.0,-0.9869865775108337
6326562304.0,-0.9883529543876648
6327499776.0,-0.987145721912384
6328437248.0,-0.983995795249939
6329375232.0,-0.9775674343109131
6330312704.0,-0.9698055386543274
6331250176.0,-0.9597179293632507
6332187648.0,-0.9477536082267761
6333125120.0,-0.9331731200218201
6334062592.0,-0.9181577563285828
6335000064.0,-0.9008780717849731
6335937536.0,-0.8822714686393738
6336875008.0,-0.8612585663795471
6337812480.0,-0.8405433297157288
6338749952.0,-0.8187663555145264
6339687424.0,-0.7966898679733276
6340624896.0,-0.7734835743904114
6341562368.0,-0.7497255206108093
6342499840.0,-0.7268177270889282
6343437312.0,-0.7043118476867676
6344374784.0,-0.6811423897743225
6345312256.0,-0.6597226858139038
6346250240.0,-0.6390482783317566
6347187712.0,-0.6161384582519531
6348125184.0,-0.5971472859382629
6349062656.0,-0.5770131349563599
6350000128.0,-0.5595088005065918
6350937600.0,-0.5434119701385498
6351875072.0,-0.5304126739501953
6352812544.0,-0.5170706510543823
6353750016.0,-0.5062624216079712
6354687488.0,-0.4975202679634094
6355624960.0,-0.49216729402542114
6356562432.0,-0.4884578585624695
6357499904.0,-0.48803144693374634
6358437376.0,-0.48987120389938354
6359374848.0,-0.49381694197654724
6360312320.0,-0.5019301772117615
6361249792.0,-0.5106580853462219
6362187264.0,-0.5230797529220581
6363125248.0,-0.538475751876831
6364062720.0,-0.5554438233375549
6365000192.0,-0.827564537525177
6365937664.0,-0.8335769176483154
6366875136.0,-0.8406193256378174
6367812608.0,-0.8491417765617371
6368750080.0,-0.8567840456962585
6369687552.0,-0.8657383918762207
6370625024.0,-0.8747820854187012
6371562496.0,-0.8834942579269409
6372499968.0,-0.8926860690116882
6373437440.0,-0.901504635810852
6374374912.0,-0.9115834832191467
6375312384.0,-0.9202318787574768
6376249856.0,-0.9307604432106018
6377187328.0,-0.9389622211456299
6378124800.0,-0.9481257796287537
6379062272.0,-0.9556307792663574
6380000256.0,-0.9627991914749146
6380937728.0,-0.969658613204956
6381875200.0,-0.976295530796051
6382812672.0,-0.9804297685623169
6383750144.0,-0.9851445555686951
6384687616.0,-0.9883363246917725
6385625088.0,-0.991317093372345
6386562560.0,-0.9941790103912354
6387500032.0,-0.9966526627540588
6388437504.0,-0.9987478852272034
6389374976.0,-0.999750018119812
6390312448.0,-1.0003458261489868
6391249920.0,-1.000665545463562
6392187392.0,-1.000797152519226
6393124864.0,-0.9999158978462219
6394062336.0,-0.9995094537734985
6394999808.0,-0.9990176558494568
6395937280.0,-0.997168779373169
6396874752.0,-0.9951239228248596
6397812736.0,-0.9925205707550049
6398750208.0,-0.9895240664482117
6399687680.0,-0.9878016710281372
6400625152.0,-0.9858890175819397
6401562624.0,-0.9839411377906799
6402500096.0,-0.982500433921814
6403437568.0,-0.9815985560417175
6404375040.0,-0.9797383546829224
6405312512.0,-0.980999231338501
6406249984.0,-0.9810836911201477
6407187456.0,-0.9818747043609619
6408124928.0,-0.984550952911377
6409062400.0,-0.987799346446991
6409999872.0,-0.9906318783760071
6410937344.0,-0.9937936067581177
6411874816.0,-1.0005677938461304
6412812288.0,-1.0063157081604004
6413749760.0,-1.0126683712005615
6414687744.0,-1.0183804035186768
6415625216.0,-1.0251919031143188
6416562688.0,-1.0319291353225708
6417500160.0,-1.0396308898925781
6418437632.0,-1.0478042364120483
6419375104.0,-1.0563408136367798
6420312576.0,-1.0634948015213013
6421250048.0,-1.0713582038879395
6422187520.0,-1.0794939994812012
6423124992.0,-1.0843786001205444
6424062464.0,-1.089439034461975
6424999936.0,-1.1052567958831787
6425937408.0,-1.1172990798950195
6426874880.0,-1.1288429498672485
6427812352.0,-1.1379375457763672
6428749824.0,-1.1454228162765503
6429687296.0,-1.1524157524108887
6430624768.0,-1.1582551002502441
6431562752.0,-1.1616264581680298
6432500224.0,-1.164160132408142
6433437696.0,-1.16489839553833
6434375168.0,-1.1627060174942017
6435312640.0,-1.1607435941696167
6436250112.0,-1.1566641330718994
6437187584.0,-1.150518774986267
6438125056.0,-1.14470636844635
6439062528.0,-1.1368342638015747
6440000000.0,-1.1276652812957764
6440937472.0,-1.1179770231246948
6441874944.0,-1.1058518886566162
6442812416.0,-1.092971682548523
6443749888.0,-1.0796700716018677
6444687360.0,-1.065690040588379
6445624832.0,-1.0531160831451416
6446562304.0,-1.0392870903015137
6447499776.0,-1.02646803855896
6448437248.0,-1.0140925645828247
6449375232.0,-1.0030767917633057
6450312704.0,-0.9921756982803345
6451250176.0,-0.9805715680122375
6452187648.0,-0.9720591902732849
6453125120.0,-0.9628950953483582
6454062592.0,-0.9557830095291138
6455000064.0,-0.9478423595428467
6455937536.0,-0.9427582025527954
6456875008.0,-0.9373759031295776
6457812480.0,-0.9329848885536194
6458749952.0,-0.9276580214500427
6459687424.0,-0.9224464893341064
6460624896.0,-0.918643057346344
6461562368.0,-0.9154043793678284
6462499840.0,-0.9108819961547852
6463437312.0,-0.9079249501228333
6464374784.0,-0.9038701057434082
6465312256.0,-0.9005824327468872
6466250240.0,-0.8971831202507019
6467187712.0,-0.8926301002502441
6468125184.0,-0.887174129486084
6469062656.0,-0.8828448057174683
6470000128.0,-0.877571702003479
6470937600.0,-0.8734498620033264
6471875072.0,-0.8683746457099915
6472812544.0,-0.8635948896408081
6473750016.0,-0.8607342839241028
6474687488.0,-0.8578408360481262
6475624960.0,-0.8546022176742554
6476562432.0,-0.8523348569869995
6477499904.0,-0.8487579822540283
6478437376.0,-0.8477064371109009
6479374848.0,-0.8445790410041809
6480312320.0,-0.8425383567810059
6481249792.0,-0.8402938842773438
6482187264.0,-0.8390041589736938
6483125248.0,-0.8373868465423584
6484062720.0,-0.8376429677009583
6485000192.0,-0.9380025863647461
6485937664.0,-0.9454940557479858
6486875136.0,-0.9519426226615906
6487812608.0,-0.9598702192306519
6488750080.0,-0.9679295420646667
6489687552.0,-0.974963366985321
6490625024.0,-0.9819253087043762
6491562496.0,-0.9876985549926758
6492499968.0,-0.9933553338050842
6493437440.0,-0.99903404712677
6494374912.0,-1.0043203830718994
6495312384.0,-1.0092291831970215
6496249856.0,-1.012412667274475
6497187328.0,-1.013954758644104
6498124800.0,-1.016801118850708
6499062272.0,-1.0166337490081787
6499999744.0,-1.01643705368042
6500937728.0,-1.0145121812820435
6501875200.0,-1.012529969215393
6502812672.0,-1.0074187517166138
6503750144.0,-1.001109004020691
6504687616.0,-0.9951706528663635
6505625088.0,-0.9874982833862305
6506562560.0,-0.9790283441543579
6507500032.0,-0.9691520929336548
6508437504.0,-0.9588268995285034
6509374976.0,-0.9479056596755981
6510312448.0,-0.9364345669746399
6511249920.0,-0.925430417060852
6512187392.0,-0.9145087003707886
6513124864.0,-0.9035279154777527
6514062336.0,-0.8921428918838501
6514999808.0,-0.8811270594596863
6515937280.0,-0.87160724401474
6516874752.0,-0.8603509664535522
6517812736.0,-0.8501826524734497
6518750208.0,-0.8405947089195251
6519687680.0,-0.8313210606575012
6520625152.0,-0.8223061561584473
6521562624.0,-0.8126721978187561
6522500096.0,-0.8048499226570129
6523437568.0,-0.7974482178688049
6524375040.0,-0.7909385561943054
6525312512.0,-0.7859745621681213
6526249984.0,-0.7808009386062622
6527187456.0,-0.7774812579154968
6528124928.0,-0.7755679488182068
6529062400.0,-0.773407518863678
6529999872.0,-0.7729467153549194
6530937344.0,-0.7742050886154175
6531874816.0,-0.77545166015625
6532812288.0,-0.776425838470459
6533749760.0,-0.7800782322883606
6534687744.0,-0.7834241390228271
6535625216.0,-0.7877321243286133
6536562688.0,-0.7933526635169983
6537500160.0,-0.7971881628036499
6538437632.0,-0.8040925860404968
6539375104.0,-0.8111040592193604
6540312576.0,-0.8205661773681641
6541250048.0,-0.8286017775535583
6542187520.0,-0.8366184234619141
6543124992.0,-0.8456286787986755
6544062464.0,-0.8536053895950317
6544999936.0,-0.8520016670227051
6545937408.0,-0.8564051389694214
6546874880.0,-0.8621999621391296
6547812352.0,-0.8660774827003479
6548749824.0,-0.8714329600334167
6549687296.0,-0.8751621842384338
6550624768.0,-0.8790478706359863
6551562752.0,-0.8838831186294556
6552500224.0,-0.8876521587371826
6553437696.0,-0.8918649554252625
6554375168.0,-0.8961384892463684
6555312640.0,-0.902877688407898
6556250112.0,-0.9099669456481934
6557187584.0,-0.9180629849433899
6558125056.0,-0.9281721711158752
6559062528.0,-0.9389925003051758
6560000000.0,-0.9492695331573486
6560937472.0,-0.9601542353630066
6561874944.0,-0.971439003944397
6562812416.0,-0.9830495119094849
6563749888.0,-0.995399534702301
6564687360.0,-1.0099644660949707
6565624832.0,-1.0237451791763306
6566562304.0,-1.038955807685852
6567499776.0,-1.052777886390686
6568437248.0,-1.065293788909912
6569375232.0,-1.0781095027923584
6570312704.0,-1.089340329170227
6571250176.0,-1.1006722450256348
6572187648.0,-1.1118614673614502
6573125120.0,-1.1210966110229492
6574062592.0,-1.1311676502227783
6575000064.0,-1.138349175453186
6575937536.0,-1.1454715728759766
6576875008.0,-1.1512467861175537
6577812480.0,-1.1560295820236206
6578749952.0,-1.1607238054275513
6579687424.0,-1.1637873649597168
6580624896.0,-1.1654380559921265
6581562368.0,-1.1662428379058838
6582499840.0,-1.1662685871124268
6583437312.0,-1.165913462638855
6584374784.0,-1.163568377494812
6585312256.0,-1.1619807481765747
6586250240.0,-1.159855604171753
6587187712.0,-1.1575969457626343
6588125184.0,-1.1535029411315918
6589062656.0,-1.1505520343780518
6590000128.0,-1.1465736627578735
6590937600.0,-1.1428415775299072
6591875072.0,-1.139163851737976
6592812544.0,-1.135573387145996
6593750016.0,-1.1309912204742432
6594687488.0,-1.1265701055526733
6595624960.0,-1.1214516162872314
6596562432.0,-1.1178144216537476
6597499904.0,-1.113629937171936
6598437376.0,-1.1108615398406982
6599374848.0,-1.1115362644195557
6600312320.0,-1.1103771924972534
6601249792.0,-1.1090056896209717
6602187264.0,-1.1090075969696045
6603125248.0,-1.1096657514572144
6604062720.0,-1.111649990081787
6605000192.0,-1.1095963716506958
6605937664.0,-1.1140646934509277
6606875136.0,-1.1188409328460693
6607812608.0,-1.1248835325241089
6608750080.0,-1.129619836807251
6609687552.0,-1.1332393884658813
6610625024.0,-1.1362396478652954
6611562496.0,-1.1398311853408813
6612499968.0,-1.1428219079971313
6613437440.0,-1.146928310394287
6614374912.0,-1.1515930891036987
6615312384.0,-1.1572604179382324
6616249856.0,-1.1625864505767822
6617187328.0,-1.1688967943191528
6618124800.0,-1.17499577999115
6619062272.0,-1.1822187900543213
6620000256.0,-1.1894949674606323
6620937728.0,-1.1982680559158325
6621875200.0,-1.2068132162094116
6622812672.0,-1.2159940004348755
6623750144.0,-1.2264719009399414
6624687616.0,-1.236937165260315
6625625088.0,-1.2514845132827759
6626562560.0,-1.2688653469085693
6627500032.0,-1.286041498184204
6628437504.0,-1.304602026939392
6629374976.0,-1.3232783079147339
6630312448.0,-1.3427740335464478
6631249920.0,-1.362528681755066
6632187392.0,-1.3829269409179688
6633124864.0,-1.4035378694534302
6634062336.0,-1.4232101440429688
6634999808.0,-1.443165898323059
6635937280.0,-1.4625694751739502
6636874752.0,-1.4809640645980835
6637812736.0,-1.4996230602264404
6638750208.0,-1.5169224739074707
6639687680.0,-1.5347812175750732
6640625152.0,-1.5524543523788452
6641562624.0,-1.5693050622940063
6642500096.0,-1.5856432914733887
6643437568.0,-1.5994676351547241
6644375040.0,-1.6131826639175415
6645312512.0,-1.6235815286636353
6646249984.0,-1.6335620880126953
6647187456.0,-1.641969084739685
6648124928.0,-1.6496858596801758
6649062400.0,-1.656638503074646
6649999872.0,-1.6622624397277832
6650937344.0,-1.6673009395599365
6651874816.0,-1.67335045337677
6652812288.0,-1.6798698902130127
6653749760.0,-1.6826014518737793
6654687744.0,-1.6858958005905151
6655625216.0,-1.6890228986740112
6656562688.0,-1.6921888589859009
6657500160.0,-1.6942824125289917
6658437632.0,-1.6968326568603516
6659375104.0,-1.703145146369934
6660312576.0,-1.7079297304153442
6661250048.0,-1.7139431238174438
6662187520.0,-1.7233282327651978
6663124992.0,-1.7325712442398071
6664062464.0,-1.7443222999572754
6664999936.0,-1.7665705680847168
6665937408.0,-1.778346061706543
6666874880.0,-1.7908940315246582
6667812352.0,-1.8034931421279907
6668749824.0,-1.8176592588424683
6669687296.0,-1.8305031061172485
6670624768.0,-1.8431888818740845
6671562752.0,-1.8559468984603882
6672500224.0,-1.8685659170150757
6673437696.0,-1.8812413215637207
6674375168.0,-1.8934836387634277
6675312640.0,-1.904200553894043
6676250112.0,-1.9142085313796997
6677187584.0,-1.9185748100280762
6678125056.0,-1.926895022392273
6679062528.0,-1.9317315816879272
6680000000.0,-1.9375194311141968
6680937472.0,-1.94166898727417
6681874944.0,-1.9454927444458008
6682812416.0,-1.9470813274383545
6683749888.0,-1.9480891227722168
6684687360.0,-1.949785590171814
6685624832.0,-1.9510504007339478
6686562304.0,-1.9525150060653687
6687499776.0,-1.95491361618042
6688437248.0,-1.9572137594223022
6689375232.0,-1.9601320028305054
6690312704.0,-1.9653321504592896
6691250176.0,-1.971354603767395
6692187648.0,-1.978869915008545
6693125120.0,-1.9863901138305664
6694062592.0,-1.9955108165740967
6695000064.0,-2.0059967041015625
6695937536.0,-2.017069101333618
6696875008.0,-2.0294055938720703
6697812480.0,-2.0447793006896973
6698749952.0,-2.0622384548187256
6699687424.0,-2.0819973945617676
6700624896.0,-2.1039350032806396
6701562368.0,-2.1281421184539795
6702499840.0,-2.1526269912719727
6703437312.0,-2.1792898178100586
6704374784.0,-2.2068569660186768
6705312256.0,-2.233799934387207
6706250240.0,-2.2594375610351562
6707187712.0,-2.285264730453491
6708125184.0,-2.310488700866699
6709062656.0,-2.3346667289733887
6710000128.0,-2.3605635166168213
6710937600.0,-2.383180856704712
6711875072.0,-2.4024205207824707
6712812544.0,-2.419557571411133
6713750016.0,-2.431694507598877
6714687488.0,-2.4419074058532715
6715624960.0,-2.447521209716797
6716562432.0,-2.4531188011169434
6717499904.0,-2.457054376602173
6718437376.0,-2.4593753814697266
6719374848.0,-2.461012363433838
6720312320.0,-2.4596707820892334
6721249792.0,-2.45882511138916
6722187264.0,-2.4582324028015137
6723125248.0,-2.459066152572632
6724062720.0,-2.4584810733795166
6725000192.0,-2.434499502182007
6725937664.0,-2.437485933303833
6726875136.0,-2.4398975372314453
6727812608.0,-2.4439899921417236
6728750080.0,-2.4488539695739746
6729687552.0,-2.457920551300049
6730625024.0,-2.4679744243621826
6731562496.0,-2.4814767837524414
6732499968.0,-2.498995065689087
6733437440.0,-2.5181031227111816
6734374912.0,-2.5380263328552246
6735312384.0,-2.5621120929718018
6736249856.0,-2.5859696865081787
6737187328.0,-2.6134369373321533
6738124800.0,-2.6425395011901855
6739062272.0,-2.673083782196045
6739999744.0,-2.7057180404663086
6740937728.0,-2.7408828735351562
6741875200.0,-2.774655818939209
6742812672.0,-2.8099074363708496
6743750144.0,-2.8460617065429688
6744687616.0,-2.881525993347168
6745625088.0,-2.9155519008636475
6746562560.0,-2.9491593837738037
6747500032.0,-2.9768989086151123
6748437504.0,-3.0040388107299805
6749374976.0,-3.0272605419158936
6750312448.0,-3.047288656234741
6751249920.0,-3.0660529136657715
6752187392.0,-3.0864338874816895
6753124864.0,-3.0999433994293213
6754062336.0,-3.1101925373077393
6754999808.0,-3.118603229522705
6755937280.0,-3.1211984157562256
6756874752.0,-3.119237184524536
6757812736.0,-3.1136796474456787
6758750208.0,-3.104372024536133
6759687680.0,-3.091198682785034
6760625152.0,-3.0725650787353516
6761562624.0,-3.049680233001709
6762500096.0,-3.0205554962158203
6763437568.0,-2.9890551567077637
6764375040.0,-2.950901985168457
6765312512.0,-2.9095497131347656
6766249984.0,-2.864313840866089
6767187456.0,-2.8138017654418945
6768124928.0,-2.7605252265930176
6769062400.0,-2.7031142711639404
6769999872.0,-2.6445019245147705
6770937344.0,-2.581509590148926
6771874816.0,-2.518594264984131
6772812288.0,-2.4552416801452637
6773749760.0,-2.3926501274108887
6774687744.0,-2.3300998210906982
6775625216.0,-2.2690885066986084
6776562688.0,-2.21112060546875
6777500160.0,-2.15332293510437
6778437632.0,-2.10302734375
6779375104.0,-2.0549099445343018
6780312576.0,-2.0099966526031494
6781250048.0,-1.9673686027526855
6782187520.0,-1.9273844957351685
6783124992.0,-1.8920941352844238
6784062464.0,-1.861294150352478
6784999936.0,-2.312251091003418
6785937408.0,-2.2927916049957275
6786874880.0,-2.2756547927856445
6787812352.0,-2.2591323852539062
6788749824.0,-2.2438318729400635
6789687296.0,-2.2313590049743652
6790624768.0,-2.2209384441375732
6791562752.0,-2.21110200881958
6792500224.0,-2.204049825668335
6793437696.0,-2.1980950832366943
6794375168.0,-2.1943857669830322
6795312640.0,-2.192366123199463
6796250112.0,-2.194366455078125
6797187584.0,-2.1951122283935547
6798125056.0,-2.1965487003326416
6799062528.0,-2.2010040283203125
6800000000.0,-2.2045493125915527
6800937472.0,-2.209920644760132
6801874944.0,-2.2152187824249268
6802812416.0,-2.2229068279266357
6803749888.0,-2.234379768371582
6804687360.0,-2.248683214187622
6805624832.0,-2.268047332763672
6806562304.0,-2.286303997039795
6807499776.0,-2.3058972358703613
6808437248.0,-2.3266446590423584
6809375232.0,-2.346313953399658
6810312704.0,-2.363868474960327
6811250176.0,-2.379650115966797
6812187648.0,-2.3942019939422607
6813125120.0,-2.4062798023223877
6814062592.0,-2.417466640472412
6815000064.0,-2.427995204925537
6815937536.0,-2.436447858810425
6816875008.0,-2.4413843154907227
6817812480.0,-2.443577527999878
6818749952.0,-2.4456987380981445
6819687424.0,-2.4424655437469482
6820624896.0,-2.436718463897705
6821562368.0,-2.4273900985717773
6822499840.0,-2.414480686187744
6823437312.0,-2.397273302078247
6824374784.0,-2.3760838508605957
6825312256.0,-2.3527300357818604
6826250240.0,-2.3237407207489014
6827187712.0,-2.2934865951538086
6828125184.0,-2.259840488433838
6829062656.0,-2.223726272583008
6830000128.0,-2.1833128929138184
6830937600.0,-2.141289710998535
6831875072.0,-2.099539279937744
6832812544.0,-2.0556161403656006
6833750016.0,-2.0138533115386963
6834687488.0,-1.971800446510315
6835624960.0,-1.930155634880066
6836562432.0,-1.8909192085266113
6837499904.0,-1.851517915725708
6838437376.0,-1.8126466274261475
6839374848.0,-1.7757649421691895
6840312320.0,-1.7405774593353271
6841249792.0,-1.7071510553359985
6842187264.0,-1.6746971607208252
6843125248.0,-1.644217848777771
6844062720.0,-1.6159579753875732
6845000192.0,-1.5102609395980835
6845937664.0,-1.4837974309921265
6846875136.0,-1.4590080976486206
6847812608.0,-1.437328577041626
6848750080.0,-1.4172240495681763
6849687552.0,-1.400848388671875
6850625024.0,-1.3868361711502075
6851562496.0,-1.375785231590271
6852499968.0,-1.3681007623672485
6853437440.0,-1.3643791675567627
6854374912.0,-1.3639171123504639
6855312384.0,-1.365246295928955
6856249856.0,-1.369818091392517
6857187328.0,-1.3761476278305054
6858124800.0,-1.3866595029830933
6859062272.0,-1.3977619409561157
6860000256.0,-1.4117951393127441
6860937728.0,-1.4275413751602173
6861875200.0,-1.4431885480880737
6862812672.0,-1.4621933698654175
6863750144.0,-1.4802340269088745
6864687616.0,-1.4984709024429321
6865625088.0,-1.5156850814819336
6866562560.0,-1.533747673034668
6867500032.0,-1.5500153303146362
6868437504.0,-1.5672696828842163
6869374976.0,-1.5836023092269897
6870312448.0,-1.5989470481872559
6871249920.0,-1.6118824481964111
6872187392.0,-1.6238760948181152
6873124864.0,-1.6322051286697388
6874062336.0,-1.6394953727722168
6874999808.0,-1.643501877784729
6875937280.0,-1.644920825958252
6876874752.0,-1.6447513103485107
6877812736.0,-1.6412646770477295
6878750208.0,-1.6332374811172485
6879687680.0,-1.6241321563720703
6880625152.0,-1.6116400957107544
6881562624.0,-1.5970053672790527
6882500096.0,-1.580780029296875
6883437568.0,-1.5601569414138794
6884375040.0,-1.5382579565048218
6885312512.0,-1.5128602981567383
6886249984.0,-1.4853994846343994
6887187456.0,-1.4569705724716187
6888124928.0,-1.42685067653656
6889062400.0,-1.395824909210205
6889999872.0,-1.3645938634872437
6890937344.0,-1.3331844806671143
6891874816.0,-1.3015049695968628
6892812288.0,-1.2701655626296997
6893749760.0,-1.2390625476837158
6894687744.0,-1.20779550075531
6895625216.0,-1.1779985427856445
6896562688.0,-1.147133231163025
6897500160.0,-1.1191318035125732
6898437632.0,-1.0910145044326782
6899375104.0,-1.0645291805267334
6900312576.0,-1.0411760807037354
6901250048.0,-1.0189517736434937
6902187520.0,-0.998561680316925
6903124992.0,-0.9826614260673523
6904062464.0,-0.96844083070755
6904999936.0,-0.9718469977378845
6905937408.0,-0.9696373343467712
6906874880.0,-0.968609631061554
6907812352.0,-0.9678499102592468
6908749824.0,-0.969956636428833
6909687296.0,-0.9719602465629578
6910624768.0,-0.9748294949531555
6911562752.0,-0.9798625111579895
6912500224.0,-0.9840969443321228
6913437696.0,-0.9889775514602661
6914375168.0,-0.9947698712348938
6915312640.0,-0.9982110261917114
6916250112.0,-1.001531720161438
6917187584.0,-1.0048787593841553
6918125056.0,-1.006656289100647
6919062528.0,-1.0070369243621826
6920000000.0,-1.0065867900848389
6920937472.0,-1.0043046474456787
6921874944.0,-1.0009965896606445
6922812416.0,-0.9945380091667175
6923749888.0,-0.986626923084259
6924687360.0,-0.9750596284866333
6925624832.0,-0.9647181630134583
6926562304.0,-0.9517451524734497
6927499776.0,-0.935795783996582
6928437248.0,-0.9190415143966675
6929375232.0,-0.9010281562805176
6930312704.0,-0.8801501989364624
6931250176.0,-0.8598620295524597
6932187648.0,-0.8376158475875854
6933125120.0,-0.8154918551445007
6934062592.0,-0.7923466563224792
6935000064.0,-0.7697547078132629
6935937536.0,-0.7471622824668884
6936875008.0,-0.7252724170684814
6937812480.0,-0.7022415995597839
6938749952.0,-0.6812206506729126
6939687424.0,-0.6593375205993652
6940624896.0,-0.6398394107818604
6941562368.0,-0.6213865280151367
6942499840.0,-0.6036494374275208
6943437312.0,-0.5883769392967224
6944374784.0,-0.5741526484489441
6945312256.0,-0.561438262462616
6946250240.0,-0.550957202911377
6947187712.0,-0.5425527095794678
6948125184.0,-0.5360310673713684
6949062656.0,-0.5309316515922546
6950000128.0,-0.5288440585136414
6950937600.0,-0.5263515114784241
6951875072.0,-0.5256410241127014
6952812544.0,-0.5263899564743042
6953750016.0,-0.5278363823890686
6954687488.0,-0.5304278135299683
6955624960.0,-0.5329078435897827
6956562432.0,-0.5401794910430908
6957499904.0,-0.5476070046424866
6958437376.0,-0.5562779903411865
6959374848.0,-0.5666024088859558
6960312320.0,-0.5769044756889343
6961249792.0,-0.5875615477561951
6962187264.0,-0.5965409278869629
6963125248.0,-0.6063781976699829
6964062720.0,-0.6162065267562866
6965000192.0,-0.521626889705658
6965937664.0,-0.5315694212913513
6966875136.0,-0.5414965748786926
6967812608.0,-0.5516906380653381
6968750080.0,-0.5623603463172913
6969687552.0,-0.5721912384033203
6970625024.0,-0.583945095539093
6971562496.0,-0.5935835838317871
6972499968.0,-0.6049798130989075
6973437440.0,-0.6166821122169495
6974374912.0,-0.6271634101867676
6975312384.0,-0.6392733454704285
6976249856.0,-0.6508710384368896
6977187328.0,-0.6622065901756287
6978124800.0,-0.6744681000709534
6979062272.0,-0.6874832510948181
6979999744.0,-0.6994873881340027
6980937728.0,-0.7119832634925842
6981875200.0,-0.7206850051879883
6982812672.0,-0.7300354242324829
6983750144.0,-0.7395435571670532
6984687616.0,-0.7476844191551208
6985625088.0,-0.7556378245353699
6986562560.0,-0.7614001035690308
6987500032.0,-0.7680058479309082
6988437504.0,-0.7744161486625671
6989374976.0,-0.7792539000511169
6990312448.0,-0.7835727334022522
6991249920.0,-0.787330150604248
6992187392.0,-0.7885227799415588
6993124864.0,-0.7875047326087952
6994062336.0,-0.786068856716156
6994999808.0,-0.7820711135864258
6995937280.0,-0.7782329320907593
6996874752.0,-0.771830677986145
6997812736.0,-0.7643335461616516
6998750208.0,-0.7566686868667603
6999687680.0,-0.7478516697883606
7000625152.0,-0.7377278804779053
7001562624.0,-0.7268025875091553
7002500096.0,-0.7157010436058044
7003437568.0,-0.7034924030303955
7004375040.0,-0.6910962462425232
7005312512.0,-0.6767668128013611
7006249984.0,-0.6637939810752869
7007187456.0,-0.6495659351348877
7008124928.0,-0.6317493319511414
7009062400.0,-0.614919900894165
7009999872.0,-0.5980484485626221
7010937344.0,-0.5807536244392395
7011874816.0,-0.5636721849441528
7012812288.0,-0.5474082231521606
7013749760.0,-0.5298529267311096
7014687744.0,-0.5136435627937317
7015625216.0,-0.49722254276275635
7016562688.0,-0.4818344712257385
7017500160.0,-0.46603596210479736
7018437632.0,-0.45145922899246216
7019375104.0,-0.43727433681488037
7020312576.0,-0.42360275983810425
7021250048.0,-0.40960410237312317
7022187520.0,-0.3980157673358917
7023124992.0,-0.38571155071258545
7024062464.0,-0.37531161308288574
7024999936.0,-0.28806260228157043
7025937408.0,-0.2906150221824646
7026874880.0,-0.29480114579200745
7027812352.0,-0.3010913133621216
7028749824.0,-0.3058057129383087
7029687296.0,-0.3119305670261383
7030624768.0,-0.31998807191848755
7031562752.0,-0.3291352391242981
7032500224.0,-0.3389347195625305
7033437696.0,-0.35089603066444397
7034375168.0,-0.36371171474456787
7035312640.0,-0.3768555521965027
7036250112.0,-0.39031288027763367
7037187584.0,-0.40404486656188965
7038125056.0,-0.4179198443889618
7039062528.0,-0.4322824478149414
7040000000.0,-0.446379154920578
7040937472.0,-0.46109649538993835
7041874944.0,-0.4757266938686371
7042812416.0,-0.48942622542381287
7043749888.0,-0.5039591193199158
7044687360.0,-0.5171077847480774
7045624832.0,-0.5291954874992371
7046562304.0,-0.542106032371521
7047499776.0,-0.5532286167144775
7048437248.0,-0.5627845525741577
7049375232.0,-0.5711576342582703
7050312704.0,-0.5799244046211243
7051250176.0,-0.5868166089057922
7052187648.0,-0.5926939845085144
7053125120.0,-0.5980875492095947
7054062592.0,-0.600197434425354
7055000064.0,-0.6024854183197021
7055937536.0,-0.6018456816673279
7056875008.0,-0.6020312309265137
7057812480.0,-0.6014456748962402
7058749952.0,-0.6009407043457031
7059687424.0,-0.6003362536430359
7060624896.0,-0.5985576510429382
7061562368.0,-0.5948929190635681
7062499840.0,-0.5888382792472839
7063437312.0,-0.5818977355957031
7064374784.0,-0.5735780596733093
7065312256.0,-0.5646576881408691
7066250240.0,-0.5552985072135925
7067187712.0,-0.5435807704925537
7068125184.0,-0.5313090085983276
7069062656.0,-0.5199825167655945
7070000128.0,-0.507060706615448
7070937600.0,-0.4945840537548065
7071875072.0,-0.4814459979534149
7072812544.0,-0.46648362278938293
7073750016.0,-0.451999306678772
7074687488.0,-0.4381675720214844
7075624960.0,-0.4226119816303253
7076562432.0,-0.4070037305355072
7077499904.0,-0.3906518518924713
7078437376.0,-0.3762897849082947
7079374848.0,-0.360358327627182
7080312320.0,-0.3455832898616791
7081249792.0,-0.3299240469932556
7082187264.0,-0.3150693476200104
7083125248.0,-0.29959315061569214
7084062720.0,-0.28504204750061035
7085000192.0,-0.3482198417186737
7085937664.0,-0.3375808894634247
7086875136.0,-0.32609066367149353
7087812608.0,-0.3156917691230774
7088750080.0,-0.3062177002429962
7089687552.0,-0.29717817902565
7090625024.0,-0.2885504364967346
7091562496.0,-0.2804338335990906
7092499968.0,-0.2733578681945801
7093437440.0,-0.26722684502601624
7094374912.0,-0.26336178183555603
7095312384.0,-0.26013660430908203
7096249856.0,-0.25863969326019287
7097187328.0,-0.2583889067173004
7098124800.0,-0.2594536542892456
7099062272.0,-0.261125385761261
7100000256.0,-0.26572301983833313
7100937728.0,-0.27150070667266846
7101875200.0,-0.2786092162132263
7102812672.0,-0.28920477628707886
7103750144.0,-0.3004465103149414
7104687616.0,-0.3131571412086487
7105625088.0,-0.3262085020542145
7106562560.0,-0.3408094644546509
7107500032.0,-0.35667988657951355
7108437504.0,-0.3745991885662079
7109374976.0,-0.39386042952537537
7110312448.0,-0.4140235185623169
7111249920.0,-0.43686574697494507
7112187392.0,-0.4586094915866852
7113124864.0,-0.4816610813140869
7114062336.0,-0.5043083429336548
7114999808.0,-0.5260227918624878
7115937280.0,-0.5490318536758423
7116874752.0,-0.5695403218269348
7117812736.0,-0.5921780467033386
7118750208.0,-0.6138034462928772
7119687680.0,-0.6335164308547974
7120625152.0,-0.6512960195541382
7121562624.0,-0.668692946434021
7122500096.0,-0.6855618953704834
7123437568.0,-0.7003600597381592
7124375040.0,-0.7132260799407959
7125312512.0,-0.7240318059921265
7126249984.0,-0.7335140705108643
7127187456.0,-0.7401084899902344
7128124928.0,-0.745553731918335
7129062400.0,-0.7478101253509521
7129999872.0,-0.7490321397781372
7130937344.0,-0.7476673126220703
7131874816.0,-0.7433686852455139
7132812288.0,-0.7388042211532593
7133749760.0,-0.7306564450263977
7134687744.0,-0.7208924293518066
7135625216.0,-0.7098113894462585
7136562688.0,-0.6962473392486572
7137500160.0,-0.6811032295227051
7138437632.0,-0.6650760173797607
7139375104.0,-0.6463523507118225
7140312576.0,-0.6270290017127991
7141250048.0,-0.6064942479133606
7142187520.0,-0.5853689312934875
7143124992.0,-0.5632696151733398
7144062464.0,-0.43309518694877625
7144999936.0,-0.43216198682785034
7145937408.0,-0.4288124740123749
7146874880.0,-0.4258549213409424
7147812352.0,-0.4239674210548401
7148749824.0,-0.4205431640148163
7149687296.0,-0.41787436604499817
7150624768.0,-0.4151243567466736
7151562752.0,-0.4131369888782501
7152500224.0,-0.41185030341148376
7153437696.0,-0.41187596321105957
7154375168.0,-0.41269809007644653
7155312640.0,-0.4156085252761841
7156250112.0,-0.42005541920661926
7157187584.0,-0.4253513514995575
7158125056.0,-0.4311155378818512
7159062528.0,-0.44073280692100525
7160000000.0,-0.44883719086647034
7160937472.0,-0.45512324571609497
7161874944.0,-0.4637117385864258
7162812416.0,-0.47259244322776794
7163749888.0,-0.4811267852783203
7164687360.0,-0.492332398891449
7165624832.0,-0.5027635097503662
7166562304.0,-0.515389084815979
7167499776.0,-0.5248400568962097
7168437248.0,-0.5356632471084595
7169375232.0,-0.5451163649559021
7170312704.0,-0.5549711585044861
7171250176.0,-0.5619606375694275
7172187648.0,-0.5686684846878052
7173125120.0,-0.5734682679176331
7174062592.0,-0.5775128602981567
7175000064.0,-0.5792846083641052
7175937536.0,-0.5799800753593445
7176875008.0,-0.5781793594360352
7177812480.0,-0.5772429704666138
7178749952.0,-0.572713315486908
7179687424.0,-0.5672488212585449
7180624896.0,-0.560245931148529
7181562368.0,-0.5518069863319397
7182499840.0,-0.5419920086860657
7183437312.0,-0.5310537219047546
7184374784.0,-0.5196418166160583
7185312256.0,-0.506684422492981
7186250240.0,-0.4891999065876007
7187187712.0,-0.4707927405834198
7188125184.0,-0.453853964805603
7189062656.0,-0.4338604211807251
7190000128.0,-0.41570207476615906
7190937600.0,-0.3954252004623413
7191875072.0,-0.3764265775680542
7192812544.0,-0.3574632704257965
7193750016.0,-0.33857348561286926
7194687488.0,-0.3204064965248108
7195624960.0,-0.30320051312446594
7196562432.0,-0.2870080769062042
7197499904.0,-0.2713916301727295
7198437376.0,-0.25820088386535645
7199374848.0,-0.2455412894487381
7200312320.0,-0.2351623773574829
7201249792.0,-0.2267180234193802
7202187264.0,-0.22027552127838135
7203125248.0,-0.21619242429733276
7204062720.0,-0.32206037640571594
7205000192.0,-0.3338693380355835
7205937664.0,-0.34937429428100586
7206875136.0,-0.3671574592590332
7207812608.0,-0.38755345344543457
7208750080.0,-0.41144615411758423
7209687552.0,-0.43664589524269104
7210625024.0,-0.4647581875324249
7211562496.0,-0.49656668305397034
7212499968.0,-0.5300379395484924
7213437440.0,-0.5635210275650024
7214374912.0,-0.5967580676078796
7215312384.0,-0.6309859752655029
7216249856.0,-0.6650394201278687
7217187328.0,-0.6967247724533081
7218124800.0,-0.7305406928062439
7219062272.0,-0.7611799836158752
7219999744.0,-0.7913074493408203
7220937728.0,-0.8167538046836853
7221875200.0,-0.8395785689353943
7222812672.0,-0.8590548038482666
7223750144.0,-0.8739564418792725
7224687616.0,-0.8852264285087585
7225625088.0,-0.8919469118118286
7226562560.0,-0.8940226435661316
7227500032.0,-0.8933079242706299
7228437504.0,-0.8872093558311462
7229374976.0,-0.8768930435180664
7230312448.0,-0.8634089231491089
7231249920.0,-0.8437130451202393
7232187392.0,-0.8194783926010132
7233124864.0,-0.7926822900772095
7234062336.0,-0.7620473504066467
7234999808.0,-0.7273685932159424
7235937280.0,-0.6909481883049011
7236874752.0,-0.6553171277046204
7237812736.0,-0.6172226667404175
7238750208.0,-0.5772870779037476
7239687680.0,-0.536470353603363
7240625152.0,-0.49405592679977417
7241562624.0,-0.45165908336639404
7242500096.0,-0.4088219404220581
7243437568.0,-0.3671042323112488
7244375040.0,-0.3238852620124817
7245312512.0,-0.28342026472091675
7246249984.0,-0.24270901083946228
7247187456.0,-0.2030772864818573
7248124928.0,-0.16678233444690704
7249062400.0,-0.1314256340265274
7249999872.0,-0.0979844182729721
7250937344.0,-0.06876623630523682
7251874816.0,-0.043416596949100494
7252812288.0,-0.020345019176602364
7253749760.0,-0.002618769183754921
7254687744.0,0.01391883660107851
7255625216.0,0.026212243363261223
7256562688.0,0.03253940865397453
7257500160.0,0.0361715592443943
7258437632.0,0.03459709510207176
7259375104.0,0.029909975826740265
7260312576.0,0.020940855145454407
7261250048.0,0.007395037449896336
7262187520.0,-0.011432599276304245
7263124992.0,-0.03325248137116432
7264062464.0,-0.3014797270298004
7264999936.0,-0.297773152589798
7265937408.0,-0.2958470284938812
7266874880.0,-0.2972005307674408
7267812352.0,-0.29974374175071716
7268749824.0,-0.30636972188949585
7269687296.0,-0.31434935331344604
7270624768.0,-0.3252975046634674
7271562752.0,-0.33834120631217957
7272500224.0,-0.35348421335220337
7273437696.0,-0.36946192383766174
7274375168.0,-0.38794946670532227
7275312640.0,-0.4046095609664917
7276250112.0,-0.42197152972221375
7277187584.0,-0.4380958676338196
7278125056.0,-0.4540342092514038
7279062528.0,-0.46941205859184265
7280000000.0,-0.48470839858055115
7280937472.0,-0.4958203136920929
7281874944.0,-0.5086516737937927
7282812416.0,-0.5159941911697388
7283749888.0,-0.5243306159973145
7284687360.0,-0.5292989611625671
7285624832.0,-0.5331872701644897
7286562304.0,-0.5337429642677307
7287499776.0,-0.5347220301628113
7288437248.0,-0.5355868935585022
7289375232.0,-0.5324245691299438
7290312704.0,-0.5281713008880615
7291250176.0,-0.5213850140571594
7292187648.0,-0.5119333267211914
7293125120.0,-0.5006036162376404
7294062592.0,-0.48796582221984863
7295000064.0,-0.4723930060863495
7295937536.0,-0.4566439986228943
7296875008.0,-0.44017767906188965
7297812480.0,-0.42142802476882935
7298749952.0,-0.40404897928237915
7299687424.0,-0.3846442997455597
7300624896.0,-0.36702829599380493
7301562368.0,-0.3495487570762634
7302499840.0,-0.33184316754341125
7303437312.0,-0.3160367012023926
7304374784.0,-0.2993188202381134
7305312256.0,-0.2851145267486572
7306250240.0,-0.2724451720714569
7307187712.0,-0.25942257046699524
7308125184.0,-0.2483167201280594
7309062656.0,-0.23901817202568054
7310000128.0,-0.23138327896595
7310937600.0,-0.2250218689441681
7311875072.0,-0.2204045206308365
7312812544.0,-0.21635153889656067
7313750016.0,-0.21435777842998505
7314687488.0,-0.21315906941890717
7315624960.0,-0.2131326049566269
7316562432.0,-0.21194738149642944
7317499904.0,-0.2104436308145523
7318437376.0,-0.2100532352924347
7319374848.0,-0.20711581408977509
7320312320.0,-0.20331716537475586
7321249792.0,-0.19860772788524628
7322187264.0,-0.19197054207324982
7323125248.0,-0.18275493383407593
7324062720.0,-0.32669854164123535
7325000192.0,-0.30501028895378113
7325937664.0,-0.28134357929229736
7326875136.0,-0.2564607262611389
7327812608.0,-0.23024962842464447
7328750080.0,-0.202760249376297
7329687552.0,-0.1757052093744278
7330625024.0,-0.14868943393230438
7331562496.0,-0.12200825661420822
7332499968.0,-0.09819168597459793
7333437440.0,-0.07691559940576553
7334374912.0,-0.059795089066028595
7335312384.0,-0.04649439454078674
7336249856.0,-0.03786013647913933
7337187328.0,-0.033651724457740784
7338124800.0,-0.033219676464796066
7339062272.0,-0.03565362095832825
7340000256.0,-0.04248904064297676
7340937728.0,-0.054041218012571335
7341875200.0,-0.06969714164733887
7342812672.0,-0.08955953270196915
7343750144.0,-0.11267916113138199
7344687616.0,-0.13705477118492126
7345625088.0,-0.16264331340789795
7346562560.0,-0.18880295753479004
7347500032.0,-0.21391752362251282
7348437504.0,-0.23873789608478546
7349374976.0,-0.2608056664466858
7350312448.0,-0.2793901860713959
7351249920.0,-0.2955680787563324
7352187392.0,-0.30693596601486206
7353124864.0,-0.31460124254226685
7354062336.0,-0.3164096772670746
7354999808.0,-0.3131152093410492
7355937280.0,-0.30577051639556885
7356874752.0,-0.29459258913993835
7357812736.0,-0.2771719992160797
7358750208.0,-0.25672483444213867
7359687680.0,-0.23259541392326355
7360625152.0,-0.20512837171554565
7361562624.0,-0.1744385063648224
7362500096.0,-0.1430463343858719
7363437568.0,-0.110550157725811
7364375040.0,-0.074109748005867
7365312512.0,-0.042117998003959656
7366249984.0,-0.00943237729370594
7367187456.0,0.018525512889027596
7368124928.0,0.04483840614557266
7369062400.0,0.06504654884338379
7369999872.0,0.08275599032640457
7370937344.0,0.09606297314167023
7371874816.0,0.10547339171171188
7372812288.0,0.11158055067062378
7373749760.0,0.1171598806977272
7374687744.0,0.11997196823358536
7375625216.0,0.12172655016183853
7376562688.0,0.1215657889842987
7377500160.0,0.12113507091999054
7378437632.0,0.11899101734161377
7379375104.0,0.11575926095247269
7380312576.0,0.10999159514904022
7381250048.0,0.1047784611582756
7382187520.0,0.09752064198255539
7383124992.0,0.08891235291957855
7384062464.0,-0.21711613237857819
7384999936.0,-0.23488184809684753
7385937408.0,-0.2511109709739685
7386874880.0,-0.26870718598365784
7387812352.0,-0.2847976088523865
7388749824.0,-0.3004761040210724
7389687296.0,-0.3135227859020233
7390624768.0,-0.32464608550071716
7391562752.0,-0.33420535922050476
7392500224.0,-0.33958688378334045
7393437696.0,-0.34284234046936035
7394375168.0,-0.34245380759239197
7395312640.0,-0.3392653167247772
7396250112.0,-0.33314764499664307
7397187584.0,-0.32207050919532776
7398125056.0,-0.30653369426727295
7399062528.0,-0.28820347785949707
7400000000.0,-0.26743653416633606
7400937472.0,-0.24175895750522614
7401874944.0,-0.21516847610473633
7402812416.0,-0.18513862788677216
7403749888.0,-0.15406863391399384
7404687360.0,-0.12015952169895172
7405624832.0,-0.08454708009958267
7406562304.0,-0.04851159825921059
7407499776.0,-0.012255636043846607
7408437248.0,0.024294914677739143
7409375232.0,0.06060430407524109
7410312704.0,0.09526757895946503
7411250176.0,0.12931622564792633
7412187648.0,0.16117283701896667
7413125120.0,0.1916252225637436
7414062592.0,0.21962928771972656
7415000064.0,0.24368326365947723
7415937536.0,0.26728251576423645
7416875008.0,0.2867891192436218
7417812480.0,0.3028443455696106
7418749952.0,0.315616250038147
7419687424.0,0.3243376314640045
7420624896.0,0.330387145280838
7421562368.0,0.3322995603084564
7422499840.0,0.3300160765647888
7423437312.0,0.325055867433548
7424374784.0,0.3158852159976959
7425312256.0,0.30310434103012085
7426250240.0,0.2874274253845215
7427187712.0,0.2693568766117096
7428125184.0,0.24793170392513275
7429062656.0,0.2228614240884781
7430000128.0,0.1969769150018692
7430937600.0,0.16911576688289642
7431875072.0,0.13941767811775208
7432812544.0,0.10794783383607864
7433750016.0,0.07644922286272049
7434687488.0,0.044797152280807495
7435624960.0,0.01221965067088604
7436562432.0,-0.019302764907479286
7437499904.0,-0.05031144991517067
7438437376.0,-0.08091636002063751
7439374848.0,-0.10953450202941895
7440312320.0,-0.13979218900203705
7441249792.0,-0.16783620417118073
7442187264.0,-0.19420261681079865
7443125248.0,-0.21766996383666992
7444062720.0,0.0338691882789135
7445000192.0,0.018106577917933464
7445937664.0,0.0021270038560032845
7446875136.0,-0.013638350181281567
7447812608.0,-0.030692167580127716
7448750080.0,-0.0489247664809227
7449687552.0,-0.06610545516014099
7450625024.0,-0.0793859213590622
7451562496.0,-0.09257443249225616
7452499968.0,-0.10524675995111465
7453437440.0,-0.11583783477544785
7454374912.0,-0.12471731752157211
7455312384.0,-0.1298588365316391
7456249856.0,-0.1346675604581833
7457187328.0,-0.13643649220466614
7458124800.0,-0.13757137954235077
7459062272.0,-0.1349402517080307
7459999744.0,-0.12976886332035065
7460937728.0,-0.12425168603658676
7461875200.0,-0.11728137731552124
7462812672.0,-0.1084471344947815
7463750144.0,-0.0976785197854042
7464687616.0,-0.08666960150003433
7465625088.0,-0.07742141932249069
7466562560.0,-0.06837672740221024
7467500032.0,-0.06042812019586563
7468437504.0,-0.05250146612524986
7469374976.0,-0.0448569729924202
7470312448.0,-0.0380362905561924
7471249920.0,-0.032280389219522476
7472187392.0,-0.027106843888759613
7473124864.0,-0.023322604596614838
7474062336.0,-0.021713735535740852
7474999808.0,-0.02222382463514805
7475937280.0,-0.02376110479235649
7476874752.0,-0.026058100163936615
7477812736.0,-0.03032105602324009
7478750208.0,-0.03676510974764824
7479687680.0,-0.043845318257808685
7480625152.0,-0.052579574286937714
7481562624.0,-0.061999231576919556
7482500096.0,-0.07354629039764404
7483437568.0,-0.08411453664302826
7484375040.0,-0.0962647795677185
7485312512.0,-0.10852484405040741
7486249984.0,-0.12042784690856934
7487187456.0,-0.1324523538351059
7488124928.0,-0.14307205379009247
7489062400.0,-0.15291503071784973
7489999872.0,-0.16254788637161255
7490937344.0,-0.17022696137428284
7491874816.0,-0.1738424152135849
7492812288.0,-0.17675375938415527
7493749760.0,-0.17663024365901947
7494687744.0,-0.1765165477991104
7495625216.0,-0.17337173223495483
7496562688.0,-0.1688491404056549
7497500160.0,-0.16144616901874542
7498437632.0,-0.1545528918504715
7499375104.0,-0.14537256956100464
7500312576.0,-0.13584323227405548
7501250048.0,-0.12567102909088135
7502187520.0,-0.11406885087490082
7503124992.0,-0.10351967811584473
7504062464.0,-0.08470312505960464
7504999936.0,-0.05917355418205261
7505937408.0,-0.035595666617155075
7506874880.0,-0.017095033079385757
7507812352.0,-0.00034385849721729755
7508749824.0,0.012256073765456676
7509687296.0,0.020410601049661636
7510624768.0,0.025054533034563065
7511562752.0,0.02515164576470852
7512500224.0,0.022119423374533653
7513437696.0,0.015311951749026775
7514375168.0,0.0046417065896093845
7515312640.0,-0.008107492700219154
7516250112.0,-0.02200440689921379
7517187584.0,-0.036353640258312225
7518125056.0,-0.05100506171584129
7519062528.0,-0.06714882701635361
7520000000.0,-0.08241493999958038
7520937472.0,-0.09605778753757477
7521874944.0,-0.11010126769542694
7522812416.0,-0.12104754149913788
7523749888.0,-0.13072848320007324
7524687360.0,-0.13842009007930756
7525624832.0,-0.14324553310871124
7526562304.0,-0.14402104914188385
7527499776.0,-0.14289599657058716
7528437248.0,-0.13910561800003052
7529375232.0,-0.1327754706144333
7530312704.0,-0.12386209517717361
7531250176.0,-0.11305756866931915
7532187648.0,-0.10001245886087418
7533125120.0,-0.08697137236595154
7534062592.0,-0.07237216085195541
7535000064.0,-0.05827733129262924
7535937536.0,-0.04388628154993057
7536875008.0,-0.03241768106818199
7537812480.0,-0.020779050886631012
7538749952.0,-0.011707546189427376
7539687424.0,-0.004989665932953358
7540624896.0,-0.0018044078024104238
7541562368.0,-0.002253331709653139
7542499840.0,-0.005282801575958729
7543437312.0,-0.01321970485150814
7544374784.0,-0.02399987354874611
7545312256.0,-0.04099099710583687
7546250240.0,-0.060446713119745255
7547187712.0,-0.08390907198190689
7548125184.0,-0.10998869687318802
7549062656.0,-0.13891349732875824
7550000128.0,-0.1684928834438324
7550937600.0,-0.19890326261520386
7551875072.0,-0.22940859198570251
7552812544.0,-0.25718626379966736
7553750016.0,-0.2829670011997223
7554687488.0,-0.3070482909679413
7555624960.0,-0.3262743651866913
7556562432.0,-0.3457065522670746
7557499904.0,-0.36197859048843384
7558437376.0,-0.37608280777931213
7559374848.0,-0.38974830508232117
7560312320.0,-0.40311601758003235
7561249792.0,-0.4145708680152893
7562187264.0,-0.4263794720172882
7563125248.0,-0.4392087757587433
7564062720.0,-0.4362609088420868
7565000192.0,-0.42179232835769653
7565937664.0,-0.4052576720714569
7566875136.0,-0.38667505979537964
7567812608.0,-0.36571186780929565
7568750080.0,-0.340910404920578
7569687552.0,-0.3152337670326233
7570625024.0,-0.2889941334724426
7571562496.0,-0.2615208923816681
7572499968.0,-0.23349884152412415
7573437440.0,-0.20407970249652863
7574374912.0,-0.17590899765491486
7575312384.0,-0.14811350405216217
7576249856.0,-0.11996303498744965
7577187328.0,-0.09262564033269882
7578124800.0,-0.06609558314085007
7579062272.0,-0.041809193789958954
7580000256.0,-0.017729369923472404
7580937728.0,0.0038005744572728872
7581875200.0,0.023008696734905243
7582812672.0,0.04035629332065582
7583750144.0,0.054951027035713196
7584687616.0,0.06836710125207901
7585625088.0,0.07755830138921738
7586562560.0,0.08514498919248581
7587500032.0,0.09075045585632324
7588437504.0,0.09311036765575409
7589374976.0,0.09375385195016861
7590312448.0,0.09156643599271774
7591249920.0,0.08678194135427475
7592187392.0,0.08117560297250748
7593124864.0,0.07260951399803162
7594062336.0,0.06436049938201904
7594999808.0,0.05280287563800812
7595937280.0,0.04091132804751396
7596874752.0,0.025944916531443596
7597812736.0,0.01116438489407301
7598750208.0,-0.005574948154389858
7599687680.0,-0.021915454417467117
7600625152.0,-0.03895670548081398
7601562624.0,-0.05812458693981171
7602500096.0,-0.07606115192174911
7603437568.0,-0.09289500117301941
7604375040.0,-0.1104188859462738
7605312512.0,-0.12677720189094543
7606249984.0,-0.14232952892780304
7607187456.0,-0.1581820547580719
7608124928.0,-0.1727154552936554
7609062400.0,-0.18593789637088776
7609999872.0,-0.19739802181720734
7610937344.0,-0.20807689428329468
7611874816.0,-0.21814918518066406
7612812288.0,-0.22626502811908722
7613749760.0,-0.23292459547519684
7614687744.0,-0.23731127381324768
7615625216.0,-0.2413012981414795
7616562688.0,-0.24343590438365936
7617500160.0,-0.24659888446331024
7618437632.0,-0.2487512081861496
7619375104.0,-0.25328734517097473
7620312576.0,-0.257813036441803
7621250048.0,-0.26218971610069275
7622187520.0,-0.266455739736557
7623124992.0,-0.26949724555015564
7624062464.0,-0.2667953670024872
7624999936.0,-0.274835467338562
7625937408.0,-0.27845942974090576
7626874880.0,-0.28037330508232117
7627812352.0,-0.2806245684623718
7628749824.0,-0.2781195044517517
7629687296.0,-0.27502402663230896
7630624768.0,-0.2692846953868866
7631562752.0,-0.2623535394668579
7632500224.0,-0.25375017523765564
7633437696.0,-0.24360884726047516
7634375168.0,-0.23282621800899506
7635312640.0,-0.22247666120529175
7636250112.0,-0.20967912673950195
7637187584.0,-0.1974843442440033
7638125056.0,-0.18554294109344482
7639062528.0,-0.1731405407190323
7640000000.0,-0.16181746125221252
7640937472.0,-0.14977306127548218
7641874944.0,-0.13898856937885284
7642812416.0,-0.127777099609375
7643749888.0,-0.11959746479988098
7644687360.0,-0.11435428261756897
7645624832.0,-0.1105213388800621
7646562304.0,-0.10706993192434311
7647499776.0,-0.10558664798736572
7648437248.0,-0.10489722341299057
7649375232.0,-0.10512308031320572
7650312704.0,-0.10669853538274765
7651250176.0,-0.11213509738445282
7652187648.0,-0.11533855646848679
7653125120.0,-0.12129908800125122
7654062592.0,-0.12732183933258057
7655000064.0,-0.13446183502674103
7655937536.0,-0.14275458455085754
7656875008.0,-0.15084049105644226
7657812480.0,-0.15811787545681
7658749952.0,-0.16660891473293304
7659687424.0,-0.17442448437213898
7660624896.0,-0.18252669274806976
7661562368.0,-0.1911921352148056
7662499840.0,-0.1993660181760788
7663437312.0,-0.2069261521100998
7664374784.0,-0.2130914032459259
7665312256.0,-0.21994438767433167
7666250240.0,-0.22505374252796173
7667187712.0,-0.22797708213329315
7668125184.0,-0.23166291415691376
7669062656.0,-0.23326602578163147
7670000128.0,-0.2346375733613968
7670937600.0,-0.23519732058048248
7671875072.0,-0.2330574095249176
7672812544.0,-0.22969281673431396
7673750016.0,-0.22732439637184143
7674687488.0,-0.22122162580490112
7675624960.0,-0.21553859114646912
7676562432.0,-0.2092428058385849
7677499904.0,-0.20175249874591827
7678437376.0,-0.19444753229618073
7679374848.0,-0.1840512901544571
7680312320.0,-0.17526978254318237
7681249792.0,-0.167109414935112
7682187264.0,-0.15674413740634918
7683125248.0,-0.14696037769317627
7684062720.0,0.08592363446950912
7685000192.0,0.09977135807275772
7685937664.0,0.11026566475629807
7686875136.0,0.11789174377918243
7687812608.0,0.12429580837488174
7688750080.0,0.12795303761959076
7689687552.0,0.12812604010105133
7690625024.0,0.1270536184310913
7691562496.0,0.12221889942884445
7692499968.0,0.11472047865390778
7693437440.0,0.10621438920497894
7694374912.0,0.09218700230121613
7695312384.0,0.07889480888843536
7696249856.0,0.05999378114938736
7697187328.0,0.04147138446569443
7698124800.0,0.01987658441066742
7699062272.0,-0.002639878774061799
7699999744.0,-0.024889061227440834
7700937728.0,-0.05023934319615364
7701875200.0,-0.0740867480635643
7702812672.0,-0.09941726177930832
7703750144.0,-0.12251612544059753
7704687616.0,-0.14554376900196075
7705625088.0,-0.1683773249387741
7706562560.0,-0.19002625346183777
7707500032.0,-0.21004432439804077
7708437504.0,-0.22923727333545685
7709374976.0,-0.24563337862491608
7710312448.0,-0.26005592942237854
7711249920.0,-0.27237939834594727
7712187392.0,-0.2849993407726288
7713124864.0,-0.2947911024093628
7714062336.0,-0.3025520443916321
7714999808.0,-0.30760955810546875
7715937280.0,-0.31251659989356995
7716874752.0,-0.31471386551856995
7717812736.0,-0.3151373863220215
7718750208.0,-0.3139871060848236
7719687680.0,-0.31182119250297546
7720625152.0,-0.3078232705593109
7721562624.0,-0.30225348472595215
7722500096.0,-0.2949254810810089
7723437568.0,-0.2879358232021332
7724375040.0,-0.28056979179382324
7725312512.0,-0.2715722322463989
7726249984.0,-0.26412391662597656
7727187456.0,-0.25512003898620605
7728124928.0,-0.247684046626091
7729062400.0,-0.24076096713542938
7729999872.0,-0.23275458812713623
7730937344.0,-0.22676174342632294
7731874816.0,-0.22068718075752258
7732812288.0,-0.2156616747379303
7733749760.0,-0.20900113880634308
7734687744.0,-0.20565661787986755
7735625216.0,-0.20228374004364014
7736562688.0,-0.1986183524131775
7737500160.0,-0.1976017951965332
7738437632.0,-0.19547255337238312
7739375104.0,-0.1964285522699356
7740312576.0,-0.1979013830423355
7741250048.0,-0.1986970603466034
7742187520.0,-0.20216351747512817
7743124992.0,-0.2064579278230667
7744062464.0,-0.18061323463916779
7744999936.0,-0.14544641971588135
7745937408.0,-0.10644033551216125
7746874880.0,-0.06497258692979813
7747812352.0,-0.024679992347955704
7748749824.0,0.013385722413659096
7749687296.0,0.05083300173282623
7750624768.0,0.08339090645313263
7751562752.0,0.11514164507389069
7752500224.0,0.14320015907287598
7753437696.0,0.1687728315591812
7754375168.0,0.1901616007089615
7755312640.0,0.20993071794509888
7756250112.0,0.2245771735906601
7757187584.0,0.23631612956523895
7758125056.0,0.2443852573633194
7759062528.0,0.24738121032714844
7760000000.0,0.24911297857761383
7760937472.0,0.2460528016090393
7761874944.0,0.2413511425256729
7762812416.0,0.23180018365383148
7763749888.0,0.22116121649742126
7764687360.0,0.2082095444202423
7765624832.0,0.19308099150657654
7766562304.0,0.1760907918214798
7767499776.0,0.1596478670835495
7768437248.0,0.13939888775348663
7769375232.0,0.11968117952346802
7770312704.0,0.09782106429338455
7771250176.0,0.07752136141061783
7772187648.0,0.05562136322259903
7773125120.0,0.035969313234090805
7774062592.0,0.01573137380182743
7775000064.0,-0.004680414218455553
7775937536.0,-0.02511667273938656
7776875008.0,-0.04488128796219826
7777812480.0,-0.06365890800952911
7778749952.0,-0.08074743300676346
7779687424.0,-0.09834794700145721
7780624896.0,-0.11488644033670425
7781562368.0,-0.130818709731102
7782499840.0,-0.14509564638137817
7783437312.0,-0.15730899572372437
7784374784.0,-0.1703190952539444
7785312256.0,-0.18142879009246826
7786250240.0,-0.19257724285125732
7787187712.0,-0.2037559598684311
7788125184.0,-0.21252045035362244
7789062656.0,-0.22198963165283203
7790000128.0,-0.22943894565105438
7790937600.0,-0.2367253601551056
7791875072.0,-0.24407197535037994
7792812544.0,-0.25102028250694275
7793750016.0,-0.2560456693172455
7794687488.0,-0.26177629828453064
7795624960.0,-0.26588401198387146
7796562432.0,-0.269860178232193
7797499904.0,-0.2762540876865387
7798437376.0,-0.2817531228065491
7799374848.0,-0.28644153475761414
7800312320.0,-0.28873735666275024
7801249792.0,-0.29048269987106323
7802187264.0,-0.29102349281311035
7803125248.0,-0.2887899577617645
7804062720.0,-0.27117928862571716
7805000192.0,-0.2613982856273651
7805937664.0,-0.25143852829933167
7806875136.0,-0.24063703417778015
7807812608.0,-0.22841767966747284
7808750080.0,-0.21560834348201752
7809687552.0,-0.20154567062854767
7810625024.0,-0.18702219426631927
7811562496.0,-0.17292273044586182
7812499968.0,-0.15779350697994232
7813437440.0,-0.14064384996891022
7814374912.0,-0.12510883808135986
7815312384.0,-0.1083642765879631
7816249856.0,-0.09321825206279755
7817187328.0,-0.0755821093916893
7818124800.0,-0.05962914973497391
7819062272.0,-0.043046727776527405
7820000256.0,-0.026870638132095337
7820937728.0,-0.011995150707662106
7821875200.0,0.003154855454340577
7822812672.0,0.012293323874473572
7823750144.0,0.023750288411974907
7824687616.0,0.03459876775741577
7825625088.0,0.043171048164367676
7826562560.0,0.052166275680065155
7827500032.0,0.05956298112869263
7828437504.0,0.06648477166891098
7829374976.0,0.07253268361091614
7830312448.0,0.07662846893072128
7831249920.0,0.0810541957616806
7832187392.0,0.08532799035310745
7833124864.0,0.08891074359416962
7834062336.0,0.09133997559547424
7834999808.0,0.092756487429142
7835937280.0,0.09514215588569641
7836874752.0,0.09682311862707138
7837812736.0,0.09722462296485901
7838750208.0,0.09951189905405045
7839687680.0,0.09992784261703491
7840625152.0,0.10032472759485245
7841562624.0,0.10019228607416153
7842500096.0,0.10017462074756622
7843437568.0,0.09922503679990768
7844375040.0,0.09823111444711685
7845312512.0,0.09702073782682419
7846249984.0,0.09564220905303955
7847187456.0,0.09357704222202301
7848124928.0,0.0889539048075676
7849062400.0,0.08519341796636581
7849999872.0,0.07950122654438019
7850937344.0,0.07432457059621811
7851874816.0,0.06836430728435516
7852812288.0,0.061924077570438385
7853749760.0,0.05426114797592163
7854687744.0,0.045742880553007126
7855625216.0,0.03767473250627518
7856562688.0,0.02934340015053749
7857500160.0,0.019420849159359932
7858437632.0,0.009449338540434837
7859375104.0,-0.001659495523199439
7860312576.0,-0.012019065208733082
7861250048.0,-0.02288445644080639
7862187520.0,-0.033386386930942535
7863124992.0,-0.044397421181201935
7864062464.0,0.055233780294656754
7864999936.0,0.044884443283081055
7865937408.0,0.035731688141822815
7866874880.0,0.027186373248696327
7867812352.0,0.01975969783961773
7868749824.0,0.012294606305658817
7869687296.0,0.00753442570567131
7870624768.0,0.0013541574589908123
7871562752.0,-0.002257696818560362
7872500224.0,-0.007593309972435236
7873437696.0,-0.014675301499664783
7874375168.0,-0.021854596212506294
7875312640.0,-0.02883324772119522
7876250112.0,-0.036737922579050064
7877187584.0,-0.04491128772497177
7878125056.0,-0.052711740136146545
7879062528.0,-0.06213326007127762
7880000000.0,-0.07184141129255295
7880937472.0,-0.08169468492269516
7881874944.0,-0.09380930662155151
7882812416.0,-0.10680418461561203
7883749888.0,-0.12102952599525452
7884687360.0,-0.1375596523284912
7885624832.0,-0.15539012849330902
7886562304.0,-0.17465351521968842
7887499776.0,-0.1948874592781067
7888437248.0,-0.21697181463241577
7889375232.0,-0.23945675790309906
7890312704.0,-0.2636477053165436
7891250176.0,-0.2882297933101654
7892187648.0,-0.3135455548763275
7893125120.0,-0.3389599621295929
7894062592.0,-0.36346742510795593
7895000064.0,-0.3877587914466858
7895937536.0,-0.41082265973091125
7896875008.0,-0.43332192301750183
7897812480.0,-0.45409753918647766
7898749952.0,-0.4718306064605713
7899687424.0,-0.4871647357940674
7900624896.0,-0.4984404146671295
7901562368.0,-0.5087204575538635
7902499840.0,-0.5158449411392212
7903437312.0,-0.5207611322402954
7904374784.0,-0.5213245749473572
7905312256.0,-0.5199000835418701
7906250240.0,-0.5152209401130676
7907187712.0,-0.5080196261405945
7908125184.0,-0.49663546681404114
7909062656.0,-0.4835309088230133
7910000128.0,-0.4681680202484131
7910937600.0,-0.4486638605594635
7911875072.0,-0.4277459681034088
7912812544.0,-0.40384531021118164
7913750016.0,-0.3787723481655121
7914687488.0,-0.35146117210388184
7915624960.0,-0.322624534368515
7916562432.0,-0.2928021252155304
7917499904.0,-0.26230186223983765
7918437376.0,-0.23317408561706543
7919374848.0,-0.2017313688993454
7920312320.0,-0.17012159526348114
7921249792.0,-0.1404729038476944
7922187264.0,-0.11033014953136444
7923125248.0,-0.08179005235433578
7924062720.0,0.0638369619846344
7925000192.0,0.08574926108121872
7925937664.0,0.10466425120830536
7926875136.0,0.12192723155021667
7927812608.0,0.1371191143989563
7928750080.0,0.1481417864561081
7929687552.0,0.15823808312416077
7930625024.0,0.164693683385849
7931562496.0,0.16930779814720154
7932499968.0,0.17161685228347778
7933437440.0,0.17147676646709442
7934374912.0,0.16860714554786682
7935312384.0,0.16427746415138245
7936249856.0,0.15623001754283905
7937187328.0,0.1475982666015625
7938124800.0,0.13772019743919373
7939062272.0,0.12517482042312622
7939999744.0,0.11144191026687622
7940937728.0,0.09704306721687317
7941875200.0,0.08009366691112518
7942812672.0,0.06166074052453041
7943750144.0,0.042690470814704895
7944687616.0,0.022835716605186462
7945625088.0,0.002174603985622525
7946562560.0,-0.019384238868951797
7947500032.0,-0.04173457622528076
7948437504.0,-0.06459012627601624
7949374976.0,-0.08748076856136322
7950312448.0,-0.10920386016368866
7951249920.0,-0.12971284985542297
7952187392.0,-0.15295444428920746
7953124864.0,-0.17469580471515656
7954062336.0,-0.19776134192943573
7954999808.0,-0.22030659019947052
7955937280.0,-0.24165761470794678
7956874752.0,-0.26389458775520325
7957812736.0,-0.28629249334335327
7958750208.0,-0.30829840898513794
7959687680.0,-0.32973554730415344
7960625152.0,-0.350736141204834
7961562624.0,-0.36989864706993103
7962500096.0,-0.3897683024406433
7963437568.0,-0.40810081362724304
7964375040.0,-0.4251213073730469
7965312512.0,-0.44244781136512756
7966249984.0,-0.4568711817264557
7967187456.0,-0.4718444347381592
7968124928.0,-0.48410913348197937
7969062400.0,-0.4966399073600769
7969999872.0,-0.5069786310195923
7970937344.0,-0.514727771282196
7971874816.0,-0.5208625197410583
7972812288.0,-0.5253756046295166
7973749760.0,-0.5285933613777161
7974687744.0,-0.5291446447372437
7975625216.0,-0.5276140570640564
7976562688.0,-0.5237785577774048
7977500160.0,-0.5174784660339355
7978437632.0,-0.5108073353767395
7979375104.0,-0.49966785311698914
7980312576.0,-0.48710793256759644
7981250048.0,-0.4727049767971039
7982187520.0,-0.45570558309555054
7983124992.0,-0.438407838344574
7984062464.0,-0.4146260619163513
7984999936.0,-0.400236040353775
7985937408.0,-0.3849664032459259
7986874880.0,-0.367688924074173
7987812352.0,-0.3499291241168976
7988749824.0,-0.33007723093032837
7989687296.0,-0.31103819608688354
7990624768.0,-0.29052549600601196
7991562752.0,-0.2685730755329132
7992500224.0,-0.24920466542243958
7993437696.0,-0.22734688222408295
7994375168.0,-0.20753826200962067
7995312640.0,-0.18679529428482056
7996250112.0,-0.1651267409324646
7997187584.0,-0.14598838984966278
7998125056.0,-0.1264011710882187
7999062528.0,-0.10738171637058258
8000000000.0,-0.08762823045253754
