Frequency (Hz),Measurement
2000000000.0,0.14107626676559448
2000937472.0,0.134479820728302
2001874944.0,0.13005836308002472
2002812544.0,0.1263592541217804
2003750016.0,0.12161649763584137
2004687488.0,0.11756390333175659
2005624960.0,0.11312361806631088
2006562560.0,0.10766235738992691
2007500032.0,0.10300654172897339
2008437504.0,0.09761086851358414
2009374976.0,0.0922425165772438
2010312448.0,0.08687789738178253
2011250048.0,0.08105861395597458
2012187520.0,0.07522625476121902
2013124992.0,0.06966716796159744
2014062464.0,0.06365567445755005
2015000064.0,0.05763646587729454
2015937536.0,0.051742687821388245
2016875008.0,0.045971352607011795
2017812480.0,0.04105820506811142
2018749952.0,0.03574413061141968
2019687552.0,0.030949678272008896
2020625024.0,0.026795655488967896
2021562496.0,0.02299836091697216
2022499968.0,0.01914297230541706
2023437440.0,0.015855347737669945
2024375040.0,0.014028606936335564
2025312512.0,0.011974307708442211
2026249984.0,0.010030876845121384
2027187456.0,0.011220892891287804
2028125056.0,0.010756872594356537
2029062528.0,0.013099207542836666
2030000000.0,0.014717304147779942
2030937472.0,0.01767297089099884
2031874944.0,0.02156147174537182
2032812544.0,0.026145368814468384
2033750016.0,0.03119014762341976
2034687488.0,0.03803984448313713
2035624960.0,0.04431845620274544
2036562560.0,0.051691047847270966
2037500032.0,0.05883859097957611
2038437504.0,0.0674208328127861
2039374976.0,0.0749412477016449
2040312448.0,0.08349287509918213
2041250048.0,0.09082482755184174
2042187520.0,0.09862479567527771
2043124992.0,0.1072598472237587
2044062464.0,0.11417363584041595
2044999936.0,0.12012819945812225
2045937536.0,0.12659065425395966
2046875008.0,0.1311081051826477
2047812480.0,0.13559013605117798
2048749952.0,0.1454281508922577
2049687552.0,0.14013558626174927
2050625024.0,0.1343698650598526
2051562496.0,0.12865781784057617
2052499968.0,0.12182708829641342
2053437440.0,0.11455429345369339
2054375040.0,0.10789555311203003
2055312512.0,0.10067180544137955
2056249984.0,0.09334348142147064
2057187456.0,0.08605736494064331
2058125056.0,0.07788687199354172
2059062528.0,0.07183793187141418
2060000000.0,0.06444557756185532
2060937472.0,0.05785704031586647
2061874944.0,0.05169249698519707
2062812544.0,0.04506884887814522
2063750016.0,0.039054691791534424
2064687488.0,0.03403359651565552
2065624960.0,0.028742771595716476
2066562560.0,0.02352389134466648
2067500032.0,0.0199419055134058
2068437504.0,0.016025785356760025
2069374976.0,0.012343107722699642
2070312448.0,0.009077442809939384
2071250048.0,0.0060593131929636
2072187520.0,0.003529808484017849
2073124992.0,0.0008076631347648799
2074062464.0,-0.0009949858067557216
2075000064.0,-0.003275966504588723
2075937536.0,-0.003926612436771393
2076875008.0,-0.004578030668199062
2077812480.0,-0.005201725289225578
2078749952.0,-0.005566452629864216
2079687552.0,-0.005310185253620148
2080625024.0,-0.005472472403198481
2081562496.0,-0.003657084656879306
2082499968.0,-0.00310962600633502
2083437440.0,9.699115616967902e-05
2084375040.0,0.0017529560718685389
2085312512.0,0.004862776026129723
2086249984.0,0.00838602613657713
2087187456.0,0.012506513856351376
2088125056.0,0.016778387129306793
2089062528.0,0.021203739568591118
2090000000.0,0.02767343260347843
2090937472.0,0.03275396674871445
2091874944.0,0.039752304553985596
2092812544.0,0.04695804789662361
2093750016.0,0.05547456815838814
2094687488.0,0.06432835012674332
2095624960.0,0.07349613308906555
2096562560.0,0.08392013609409332
2097500032.0,0.09468230605125427
2098437504.0,0.10547418147325516
2099374976.0,0.117118701338768
2100312448.0,0.128959059715271
2101250048.0,0.14189942181110382
2102187520.0,0.15442430973052979
2103124992.0,0.1678531914949417
2104062464.0,0.18192285299301147
2104999936.0,0.19475962221622467
2105937536.0,0.20763063430786133
2106875008.0,0.22099022567272186
2107812480.0,0.23303163051605225
2108749952.0,0.2730101943016052
2109687552.0,0.2807537019252777
2110625024.0,0.28886541724205017
2111562496.0,0.29563456773757935
2112499968.0,0.30154848098754883
2113437440.0,0.30640625953674316
2114375040.0,0.3091866374015808
2115312512.0,0.30998873710632324
2116249984.0,0.30797916650772095
2117187456.0,0.3040046691894531
2118125056.0,0.29747921228408813
2119062528.0,0.28788962960243225
2120000000.0,0.27498289942741394
2120937472.0,0.2601670026779175
2121874944.0,0.24053536355495453
2122812544.0,0.22117768228054047
2123750016.0,0.1973583698272705
2124687488.0,0.1728631556034088
2125624960.0,0.14680258929729462
2126562560.0,0.12004812806844711
2127500032.0,0.09278709441423416
2128437504.0,0.06536644697189331
2129374976.0,0.0389823280274868
2130312448.0,0.013945406302809715
2131250048.0,-0.010476631112396717
2132187520.0,-0.03289613127708435
2133124992.0,-0.05327831581234932
2134062464.0,-0.07178899645805359
2135000064.0,-0.08579006046056747
2135937536.0,-0.09802757203578949
2136875008.0,-0.10739756375551224
2137812480.0,-0.11387789994478226
2138749952.0,-0.11659260094165802
2139687552.0,-0.1178058609366417
2140625024.0,-0.11572695523500443
2141562496.0,-0.11177919059991837
2142499968.0,-0.10586534440517426
2143437440.0,-0.0966033786535263
2144375040.0,-0.08603228628635406
2145312512.0,-0.07403234392404556
2146249984.0,-0.06195904314517975
2147187456.0,-0.0479467511177063
2148124928.0,-0.03345007076859474
2149062400.0,-0.01886068657040596
2150000128.0,-0.0042600384913384914
2150937600.0,0.009895563125610352
2151875072.0,0.023949112743139267
2152812544.0,0.0378916896879673
2153750016.0,0.05230269953608513
2154687488.0,0.06506412476301193
2155624960.0,0.07716479152441025
2156562432.0,0.08781073242425919
2157499904.0,0.09890275448560715
2158437376.0,0.10946249216794968
2159375104.0,0.11835923790931702
2160312576.0,0.127940371632576
2161250048.0,0.13751301169395447
2162187520.0,0.14629684388637543
2163124992.0,0.15431493520736694
2164062464.0,0.16349217295646667
2164999936.0,0.172666996717453
2165937408.0,0.18034277856349945
2166874880.0,0.18897341191768646
2167812608.0,0.19661469757556915
2168750080.0,0.2219616025686264
2169687552.0,0.23368854820728302
2170625024.0,0.2452903836965561
2171562496.0,0.2565728724002838
2172499968.0,0.2659400701522827
2173437440.0,0.2765531539916992
2174374912.0,0.2847628593444824
2175312384.0,0.29293093085289
2176250112.0,0.2995132803916931
2177187584.0,0.3048591911792755
2178125056.0,0.3085278868675232
2179062528.0,0.3101688027381897
2180000000.0,0.3108063340187073
2180937472.0,0.3084844648838043
2181874944.0,0.3039596974849701
2182812416.0,0.29769009351730347
2183749888.0,0.288938969373703
2184687616.0,0.278978168964386
2185625088.0,0.2666469216346741
2186562560.0,0.2518695592880249
2187500032.0,0.23659779131412506
2188437504.0,0.219782754778862
2189374976.0,0.19972358644008636
2190312448.0,0.18156693875789642
2191249920.0,0.16092459857463837
2192187392.0,0.1397848278284073
2193125120.0,0.11899194866418839
2194062592.0,0.09749049693346024
2195000064.0,0.07686777412891388
2195937536.0,0.05629688501358032
2196875008.0,0.03665618598461151
2197812480.0,0.019892152398824692
2198749952.0,0.003148111514747143
2199687424.0,-0.011221501044929028
2200624896.0,-0.024538656696677208
2201562624.0,-0.03581376373767853
2202500096.0,-0.044097382575273514
2203437568.0,-0.05186108499765396
2204375040.0,-0.056179989129304886
2205312512.0,-0.05783205106854439
2206249984.0,-0.058028265833854675
2207187456.0,-0.055180661380290985
2208124928.0,-0.05088984966278076
2209062400.0,-0.04382654279470444
2209999872.0,-0.034963272511959076
2210937600.0,-0.024583548307418823
2211875072.0,-0.0121617391705513
2212812544.0,0.0015027797780930996
2213750016.0,0.015950391069054604
2214687488.0,0.030758460983633995
2215624960.0,0.04701143130660057
2216562432.0,0.06449393182992935
2217499904.0,0.08113870769739151
2218437376.0,0.09873510897159576
2219375104.0,0.11602643132209778
2220312576.0,0.13288578391075134
2221250048.0,0.14932014048099518
2222187520.0,0.1642976701259613
2223124992.0,0.178975909948349
2224062464.0,0.1925198882818222
2224999936.0,0.20468488335609436
2225937408.0,0.21472720801830292
2226874880.0,0.22359444200992584
2227812608.0,0.23034249246120453
2228750080.0,0.20293572545051575
2229687552.0,0.20791463553905487
2230625024.0,0.2133214920759201
2231562496.0,0.2171781063079834
2232499968.0,0.21960224211215973
2233437440.0,0.22046761214733124
2234374912.0,0.21988460421562195
2235312384.0,0.2166113555431366
2236250112.0,0.21163272857666016
2237187584.0,0.20490214228630066
2238125056.0,0.19482047855854034
2239062528.0,0.18339885771274567
2240000000.0,0.16985349357128143
2240937472.0,0.15468113124370575
2241874944.0,0.13797146081924438
2242812416.0,0.11911697685718536
2243749888.0,0.09955926984548569
2244687616.0,0.08013579994440079
2245625088.0,0.05945666879415512
2246562560.0,0.03872096911072731
2247500032.0,0.017977604642510414
2248437504.0,-0.002192008076235652
2249374976.0,-0.020989079028367996
2250312448.0,-0.040382806211709976
2251249920.0,-0.057059239596128464
2252187392.0,-0.07179433852434158
2253125120.0,-0.08572479337453842
2254062592.0,-0.09666116535663605
2255000064.0,-0.1057669073343277
2255937536.0,-0.11129416525363922
2256875008.0,-0.11578642576932907
2257812480.0,-0.1174701452255249
2258749952.0,-0.1155519038438797
2259687424.0,-0.11203508824110031
2260624896.0,-0.10631638020277023
2261562624.0,-0.099015012383461
2262500096.0,-0.08798004686832428
2263437568.0,-0.07645406574010849
2264375040.0,-0.06507322192192078
2265312512.0,-0.04955155774950981
2266249984.0,-0.034445516765117645
2267187456.0,-0.018503185361623764
2268124928.0,-0.000862832588609308
2269062400.0,0.01540824119001627
2270000128.0,0.03256172314286232
2270937600.0,0.04990244656801224
2271875072.0,0.06664665788412094
2272812544.0,0.08478068560361862
2273750016.0,0.10040198266506195
2274687488.0,0.11762886494398117
2275624960.0,0.13268183171749115
2276562432.0,0.14690308272838593
2277499904.0,0.16040204465389252
2278437376.0,0.17261165380477905
2279375104.0,0.18480025231838226
2280312576.0,0.19411130249500275
2281250048.0,0.2042228728532791
2282187520.0,0.2123340666294098
2283124992.0,0.21964074671268463
2284062464.0,0.22603951394557953
2284999936.0,0.23213417828083038
2285937408.0,0.23794366419315338
2286874880.0,0.24263983964920044
2287812608.0,0.2473832070827484
2288750080.0,0.2586315870285034
2289687552.0,0.26694825291633606
2290625024.0,0.2748654782772064
2291562496.0,0.2832062542438507
2292499968.0,0.28976982831954956
2293437440.0,0.29718923568725586
2294374912.0,0.30297407507896423
2295312384.0,0.3087517321109772
2296250112.0,0.3132968246936798
2297187584.0,0.3171835243701935
2298125056.0,0.3188498020172119
2299062528.0,0.31947290897369385
2300000000.0,0.31797608733177185
2300937472.0,0.3135131001472473
2301874944.0,0.3075389564037323
2302812416.0,0.2984987795352936
2303749888.0,0.2871912121772766
2304687616.0,0.27338430285453796
2305625088.0,0.2562694549560547
2306562560.0,0.23729455471038818
2307500032.0,0.21589432656764984
2308437504.0,0.19195684790611267
2309374976.0,0.16623564064502716
2310312448.0,0.13869911432266235
2311249920.0,0.11096369475126266
2312187392.0,0.08238128572702408
2313125120.0,0.05254557728767395
2314062592.0,0.023986823856830597
2315000064.0,-0.005505455192178488
2315937536.0,-0.03247643634676933
2316875008.0,-0.05827804654836655
2317812480.0,-0.08067866414785385
2318749952.0,-0.10223383456468582
2319687424.0,-0.12194474041461945
2320624896.0,-0.13931603729724884
2321562624.0,-0.15423545241355896
2322500096.0,-0.16615808010101318
2323437568.0,-0.17709238827228546
2324375040.0,-0.18356481194496155
2325312512.0,-0.18978412449359894
2326249984.0,-0.19291521608829498
2327187456.0,-0.1947445422410965
2328124928.0,-0.19486302137374878
2329062400.0,-0.19320298731327057
2329999872.0,-0.18997417390346527
2330937600.0,-0.18524152040481567
2331875072.0,-0.17915427684783936
2332812544.0,-0.1710583120584488
2333750016.0,-0.1612563580274582
2334687488.0,-0.14996029436588287
2335624960.0,-0.1374850571155548
2336562432.0,-0.12310623377561569
2337499904.0,-0.10699514299631119
2338437376.0,-0.0886005386710167
2339375104.0,-0.06936921924352646
2340312576.0,-0.048061393201351166
2341250048.0,-0.025953706353902817
2342187520.0,-0.0030128362122923136
2343124992.0,0.02206198126077652
2344062464.0,0.04758242890238762
2344999936.0,0.07360611110925674
2345937408.0,0.09974472969770432
2346874880.0,0.12612850964069366
2347812608.0,0.15205764770507812
2348750080.0,0.20670150220394135
2349687552.0,0.22235625982284546
2350625024.0,0.23468518257141113
2351562496.0,0.24435549974441528
2352499968.0,0.24898971617221832
2353437440.0,0.2520378828048706
2354374912.0,0.2508256137371063
2355312384.0,0.24641788005828857
2356250112.0,0.23850953578948975
2357187584.0,0.2273477017879486
2358125056.0,0.2122666984796524
2359062528.0,0.1945020705461502
2360000000.0,0.1745845377445221
2360937472.0,0.15083566308021545
2361874944.0,0.1253880262374878
2362812416.0,0.09942610561847687
2363749888.0,0.07083117216825485
2364687616.0,0.042090706527233124
2365625088.0,0.013548214919865131
2366562560.0,-0.016462424769997597
2367500032.0,-0.04624874144792557
2368437504.0,-0.07453816384077072
2369374976.0,-0.10197358578443527
2370312448.0,-0.12906861305236816
2371249920.0,-0.1528291404247284
2372187392.0,-0.17468824982643127
2373125120.0,-0.19597738981246948
2374062592.0,-0.21364006400108337
2375000064.0,-0.22841627895832062
2375937536.0,-0.2405063956975937
2376875008.0,-0.25074049830436707
2377812480.0,-0.258079469203949
2378749952.0,-0.2622406780719757
2379687424.0,-0.26480749249458313
2380624896.0,-0.26354047656059265
2381562624.0,-0.2596464157104492
2382500096.0,-0.25401416420936584
2383437568.0,-0.24523070454597473
2384375040.0,-0.23427052795886993
2385312512.0,-0.22148250043392181
2386249984.0,-0.20610599219799042
2387187456.0,-0.19112621247768402
2388124928.0,-0.17410889267921448
2389062400.0,-0.15673470497131348
2390000128.0,-0.1383863389492035
2390937600.0,-0.12045278400182724
2391875072.0,-0.10220888257026672
2392812544.0,-0.0852394551038742
2393750016.0,-0.06856338679790497
2394687488.0,-0.05318596586585045
2395624960.0,-0.03823323920369148
2396562432.0,-0.02406161278486252
2397499904.0,-0.011579763144254684
2398437376.0,0.00012276375491637737
2399375104.0,0.008619444444775581
2400312576.0,0.017227331176400185
2401250048.0,0.02427317015826702
2402187520.0,0.029208188876509666
2403124992.0,0.033513572067022324
2404062464.0,0.03523551672697067
2404999936.0,0.03635840862989426
2405937408.0,0.036475397646427155
2406874880.0,0.03578250855207443
2407812608.0,0.03345007821917534
2408750080.0,0.02960548922419548
2409687552.0,0.035394277423620224
2410625024.0,0.03862019628286362
2411562496.0,0.03918249532580376
2412499968.0,0.037842076271772385
2413437440.0,0.033843494951725006
2414374912.0,0.028264250606298447
2415312384.0,0.019438209012150764
2416250112.0,0.00950563233345747
2417187584.0,-0.002390115289017558
2418125056.0,-0.01708810217678547
2419062528.0,-0.033033277839422226
2420000000.0,-0.05120570957660675
2420937472.0,-0.0694182813167572
2421874944.0,-0.09048877656459808
2422812416.0,-0.11103329807519913
2423749888.0,-0.13296100497245789
2424687616.0,-0.1538684219121933
2425625088.0,-0.175618976354599
2426562560.0,-0.19770577549934387
2427500032.0,-0.22023765742778778
2428437504.0,-0.24176667630672455
2429374976.0,-0.263153076171875
2430312448.0,-0.2828825116157532
2431249920.0,-0.30264878273010254
2432187392.0,-0.3211019039154053
2433125120.0,-0.3386867046356201
2434062592.0,-0.3538607060909271
2435000064.0,-0.3693239688873291
2435937536.0,-0.3822004795074463
2436875008.0,-0.3944219648838043
2437812480.0,-0.40473705530166626
2438749952.0,-0.41319096088409424
2439687424.0,-0.4211472272872925
2440624896.0,-0.42713192105293274
2441562624.0,-0.4325453042984009
2442500096.0,-0.4347306191921234
2443437568.0,-0.43668466806411743
2444375040.0,-0.43727830052375793
2445312512.0,-0.43618953227996826
2446249984.0,-0.4337710440158844
2447187456.0,-0.4304063618183136
2448124928.0,-0.4252189099788666
2449062400.0,-0.42156651616096497
2449999872.0,-0.41680195927619934
2450937600.0,-0.4110795855522156
2451875072.0,-0.4048502445220947
2452812544.0,-0.39840736985206604
2453750016.0,-0.3917590379714966
2454687488.0,-0.38667282462120056
2455624960.0,-0.3801463544368744
2456562432.0,-0.3748129904270172
2457499904.0,-0.3691804111003876
2458437376.0,-0.36397427320480347
2459375104.0,-0.3593481481075287
2460312576.0,-0.3549543023109436
2461250048.0,-0.3527042865753174
2462187520.0,-0.3517972528934479
2463124992.0,-0.3524540960788727
2464062464.0,-0.3532758951187134
2464999936.0,-0.3568224608898163
2465937408.0,-0.3622119426727295
2466874880.0,-0.36875998973846436
2467812608.0,-0.3796279728412628
2468750080.0,-0.46634069085121155
2469687552.0,-0.4891473054885864
2470625024.0,-0.5130151510238647
2471562496.0,-0.5398666858673096
2472499968.0,-0.5694499015808105
2473437440.0,-0.6020166873931885
2474374912.0,-0.6386789679527283
2475312384.0,-0.6772991418838501
2476250112.0,-0.7205386757850647
2477187584.0,-0.7665871977806091
2478125056.0,-0.8148117065429688
2479062528.0,-0.8667647838592529
2480000000.0,-0.9221469759941101
2480937472.0,-0.9805390238761902
2481874944.0,-1.0425755977630615
2482812416.0,-1.1088486909866333
2483749888.0,-1.1770689487457275
2484687616.0,-1.2491096258163452
2485625088.0,-1.325860857963562
2486562560.0,-1.4048230648040771
2487500032.0,-1.4876776933670044
2488437504.0,-1.5737320184707642
2489374976.0,-1.664705514907837
2490312448.0,-1.7591768503189087
2491249920.0,-1.8567478656768799
2492187392.0,-1.958953619003296
2493125120.0,-2.0669305324554443
2494062592.0,-2.179703950881958
2495000064.0,-2.298992872238159
2495937536.0,-2.424581289291382
2496875008.0,-2.5575387477874756
2497812480.0,-2.696765899658203
2498749952.0,-2.8448574542999268
2499687424.0,-3.0001211166381836
2500624896.0,-3.164346694946289
2501562624.0,-3.3396384716033936
2502500096.0,-3.528144121170044
2503437568.0,-3.732997417449951
2504375040.0,-3.9561564922332764
2505312512.0,-4.194985389709473
2506249984.0,-4.450984477996826
2507187456.0,-4.723972320556641
2508124928.0,-5.0158562660217285
2509062400.0,-5.328493118286133
2510000128.0,-5.660213470458984
2510937600.0,-6.0045647621154785
2511875072.0,-6.357875347137451
2512812544.0,-6.705870151519775
2513750016.0,-7.043268203735352
2514687488.0,-7.3513922691345215
2515624960.0,-7.617605209350586
2516562432.0,-7.821422576904297
2517499904.0,-7.953944683074951
2518437376.0,-8.005122184753418
2519375104.0,-7.966529846191406
2520312576.0,-7.838010311126709
2521250048.0,-7.629819393157959
2522187520.0,-7.353800296783447
2523124992.0,-7.025732040405273
2524062464.0,-6.6606926918029785
2524999936.0,-6.272891998291016
2525937408.0,-5.874825954437256
2526874880.0,-5.480293273925781
2527812608.0,-5.099727153778076
2528750080.0,-4.728335380554199
2529687552.0,-4.388614654541016
2530625024.0,-4.068393230438232
2531562496.0,-3.769397020339966
2532499968.0,-3.4902703762054443
2533437440.0,-3.2323083877563477
2534374912.0,-2.994269847869873
2535312384.0,-2.7759342193603516
2536250112.0,-2.5770153999328613
2537187584.0,-2.3965418338775635
2538125056.0,-2.2302377223968506
2539062528.0,-2.0808045864105225
2540000000.0,-1.9439197778701782
2540937472.0,-1.8195595741271973
2541874944.0,-1.7060641050338745
2542812416.0,-1.6037077903747559
2543749888.0,-1.5109357833862305
2544687616.0,-1.4277660846710205
2545625088.0,-1.352558970451355
2546562560.0,-1.2848384380340576
2547500032.0,-1.2249952554702759
2548437504.0,-1.1697016954421997
2549374976.0,-1.1205923557281494
2550312448.0,-1.0750335454940796
2551249920.0,-1.03426992893219
2552187392.0,-0.9982602596282959
2553125120.0,-0.965925931930542
2554062592.0,-0.9357485175132751
2555000064.0,-0.9089325666427612
2555937536.0,-0.8848029375076294
2556875008.0,-0.8617021441459656
2557812480.0,-0.8414306640625
2558749952.0,-0.8207850456237793
2559687424.0,-0.8015875816345215
2560624896.0,-0.7816845774650574
2561562624.0,-0.7632883191108704
2562500096.0,-0.744588315486908
2563437568.0,-0.7245872020721436
2564375040.0,-0.7053089737892151
2565312512.0,-0.685417652130127
2566249984.0,-0.664023756980896
2567187456.0,-0.6434231996536255
2568124928.0,-0.6203556060791016
2569062400.0,-0.598307728767395
2569999872.0,-0.574356198310852
2570937600.0,-0.5497304797172546
2571875072.0,-0.524243175983429
2572812544.0,-0.49705758690834045
2573750016.0,-0.4696961045265198
2574687488.0,-0.44189372658729553
2575624960.0,-0.41192686557769775
2576562432.0,-0.38279590010643005
2577499904.0,-0.3531336486339569
2578437376.0,-0.3221132159233093
2579375104.0,-0.29207438230514526
2580312576.0,-0.2614583671092987
2581250048.0,-0.23198801279067993
2582187520.0,-0.20152084529399872
2583124992.0,-0.17229919135570526
2584062464.0,-0.1441199630498886
2584999936.0,-0.11750343441963196
2585937408.0,-0.0911928191781044
2586874880.0,-0.06778204441070557
2587812608.0,-0.04460766911506653
2588750080.0,-0.021086549386382103
2589687552.0,-0.0074609252624213696
2590625024.0,0.005147207528352737
2591562496.0,0.0163100752979517
2592499968.0,0.02352568879723549
2593437440.0,0.028938787057995796
2594374912.0,0.03357385843992233
2595312384.0,0.036130838096141815
2596250112.0,0.03579885885119438
2597187584.0,0.03433126211166382
2598125056.0,0.030392661690711975
2599062528.0,0.025445325300097466
2600000000.0,0.019281838089227676
2600937472.0,0.011293302290141582
2601874944.0,0.0013653862988576293
2602812416.0,-0.009004549123346806
2603749888.0,-0.019866084679961205
2604687616.0,-0.03202780336141586
2605625088.0,-0.0450541190803051
2606562560.0,-0.05795387923717499
2607500032.0,-0.07148376107215881
2608437504.0,-0.08529845625162125
2609374976.0,-0.09964636713266373
2610312448.0,-0.11303055286407471
2611249920.0,-0.12714537978172302
2612187392.0,-0.14021612703800201
2613125120.0,-0.15278059244155884
2614062592.0,-0.16463932394981384
2615000064.0,-0.17560048401355743
2615937536.0,-0.18497547507286072
2616875008.0,-0.1942623257637024
2617812480.0,-0.2020288109779358
2618749952.0,-0.20853357017040253
2619687424.0,-0.2142675817012787
2620624896.0,-0.2178884744644165
2621562624.0,-0.2203051894903183
2622500096.0,-0.22188737988471985
2623437568.0,-0.2214408963918686
2624375040.0,-0.21816639602184296
2625312512.0,-0.2143802046775818
2626249984.0,-0.20926478505134583
2627187456.0,-0.20257899165153503
2628124928.0,-0.19432136416435242
2629062400.0,-0.18415525555610657
2630000128.0,-0.17389678955078125
2630937600.0,-0.1613045185804367
2631875072.0,-0.14765030145645142
2632812544.0,-0.13254410028457642
2633750016.0,-0.11769092828035355
2634687488.0,-0.10038583725690842
2635624960.0,-0.08328618109226227
2636562432.0,-0.06440405547618866
2637499904.0,-0.04613320156931877
2638437376.0,-0.02676132507622242
2639375104.0,-0.008241288363933563
2640312576.0,0.01123601570725441
2641250048.0,0.03077353537082672
2642187520.0,0.048413340002298355
2643124992.0,0.0671340674161911
2644062464.0,0.08372242748737335
2644999936.0,0.10134290158748627
2645937408.0,0.11717923730611801
2646874880.0,0.1315973699092865
2647812608.0,0.1569194197654724
2648750080.0,0.171930730342865
2649687552.0,0.18435706198215485
2650625024.0,0.19518761336803436
2651562496.0,0.20311623811721802
2652499968.0,0.20914572477340698
2653437440.0,0.21190831065177917
2654374912.0,0.21344713866710663
2655312384.0,0.2114507555961609
2656250112.0,0.20727458596229553
2657187584.0,0.20059004426002502
2658125056.0,0.19161467254161835
2659062528.0,0.1806446611881256
2660000000.0,0.16789281368255615
2660937472.0,0.15356305241584778
2661874944.0,0.1365049183368683
2662812416.0,0.11951273679733276
2663749888.0,0.10082469880580902
2664687616.0,0.08080535382032394
2665625088.0,0.06083931773900986
2666562560.0,0.04025374725461006
2667500032.0,0.019504185765981674
2668437504.0,-0.0016643308335915208
2669374976.0,-0.021920688450336456
2670312448.0,-0.04205627366900444
2671249920.0,-0.06022166088223457
2672187392.0,-0.07865161448717117
2673125120.0,-0.09523356705904007
2674062592.0,-0.110467329621315
2675000064.0,-0.1236129030585289
2675937536.0,-0.13574941456317902
2676875008.0,-0.1454797089099884
2677812480.0,-0.15401963889598846
2678749952.0,-0.16011063754558563
2679687424.0,-0.1645282357931137
2680624896.0,-0.1658499389886856
2681562624.0,-0.1658591777086258
2682500096.0,-0.16331426799297333
2683437568.0,-0.15941700339317322
2684375040.0,-0.15276648104190826
2685312512.0,-0.14592710137367249
2686249984.0,-0.13571710884571075
2687187456.0,-0.12492390722036362
2688124928.0,-0.11198084056377411
2689062400.0,-0.09687762707471848
2689999872.0,-0.08263858407735825
2690937600.0,-0.06667166203260422
2691875072.0,-0.048807598650455475
2692812544.0,-0.03211801126599312
2693750016.0,-0.014432387426495552
2694687488.0,0.004054103046655655
2695624960.0,0.02210300788283348
2696562432.0,0.04086768254637718
2697499904.0,0.05804735794663429
2698437376.0,0.07553938776254654
2699375104.0,0.09400327503681183
2700312576.0,0.10924267768859863
2701250048.0,0.12428652495145798
2702187520.0,0.13806018233299255
2703124992.0,0.15132716298103333
2704062464.0,0.16291195154190063
2704999936.0,0.17419493198394775
2705937408.0,0.1831311732530594
2706874880.0,0.19158653914928436
2707812608.0,0.21038560569286346
2708750080.0,0.21447055041790009
2709687552.0,0.21772122383117676
2710625024.0,0.21976299583911896
2711562496.0,0.22062616050243378
2712499968.0,0.22050347924232483
2713437440.0,0.21936412155628204
2714374912.0,0.21709154546260834
2715312384.0,0.21231891214847565
2716250112.0,0.2069355994462967
2717187584.0,0.19984526932239532
2718125056.0,0.19200846552848816
2719062528.0,0.182438462972641
2720000000.0,0.17203104496002197
2720937472.0,0.16021211445331573
2721874944.0,0.1471545249223709
2722812416.0,0.1325274556875229
2723749888.0,0.11725731194019318
2724687616.0,0.10010399669408798
2725625088.0,0.08364533632993698
2726562560.0,0.0650261715054512
2727500032.0,0.04679010808467865
2728437504.0,0.027795853093266487
2729374976.0,0.007695934269577265
2730312448.0,-0.011447357945144176
2731249920.0,-0.03099769540131092
2732187392.0,-0.04991856589913368
2733125120.0,-0.06878023594617844
2734062592.0,-0.08704497665166855
2735000064.0,-0.10500473529100418
2735937536.0,-0.12065828591585159
2736875008.0,-0.1357506960630417
2737812480.0,-0.14851610362529755
2738749952.0,-0.16023805737495422
2739687424.0,-0.16993069648742676
2740624896.0,-0.17902573943138123
2741562624.0,-0.18399889767169952
2742500096.0,-0.18789874017238617
2743437568.0,-0.18898144364356995
2744375040.0,-0.1882820725440979
2745312512.0,-0.18487206101417542
2746249984.0,-0.1793234646320343
2747187456.0,-0.17163407802581787
2748124928.0,-0.1607746034860611
2749062400.0,-0.14885970950126648
2750000128.0,-0.13423612713813782
2750937600.0,-0.11771150678396225
2751875072.0,-0.10054653137922287
2752812544.0,-0.08215461671352386
2753750016.0,-0.061433009803295135
2754687488.0,-0.03997589647769928
2755624960.0,-0.017056744545698166
2756562432.0,0.004842621274292469
2757499904.0,0.027385970577597618
2758437376.0,0.04940929636359215
2759375104.0,0.07085054367780685
2760312576.0,0.09286632388830185
2761250048.0,0.113845095038414
2762187520.0,0.131933331489563
2763124992.0,0.1496284306049347
2764062464.0,0.16628248989582062
2764999936.0,0.18064606189727783
2765937408.0,0.19169862568378448
2766874880.0,0.2024618536233902
2767812608.0,0.242675319314003
2768750080.0,0.24642671644687653
2769687552.0,0.24773535132408142
2770625024.0,0.24782496690750122
2771562496.0,0.2462863028049469
2772499968.0,0.24411168694496155
2773437440.0,0.23860682547092438
2774374912.0,0.23154078423976898
2775312384.0,0.22530436515808105
2776250112.0,0.21658222377300262
2777187584.0,0.20607782900333405
2778125056.0,0.1957547813653946
2779062528.0,0.18316225707530975
2780000000.0,0.17130424082279205
2780937472.0,0.15762701630592346
2781874944.0,0.14257687330245972
2782812416.0,0.1281035989522934
2783749888.0,0.11344573646783829
2784687616.0,0.09761109948158264
2785625088.0,0.08225598186254501
2786562560.0,0.06636462360620499
2787500032.0,0.05191842094063759
2788437504.0,0.03658410534262657
2789374976.0,0.021393312141299248
2790312448.0,0.0076751005835831165
2791249920.0,-0.006812405772507191
2792187392.0,-0.019887646660208702
2793125120.0,-0.032822027802467346
2794062592.0,-0.044899292290210724
2795000064.0,-0.055258773267269135
2795937536.0,-0.06484133750200272
2796875008.0,-0.07302841544151306
2797812480.0,-0.08103780448436737
2798749952.0,-0.08634872734546661
2799687424.0,-0.09191007912158966
2800624896.0,-0.09555230289697647
2801562624.0,-0.0978366956114769
2802500096.0,-0.09681794792413712
2803437568.0,-0.09676598012447357
2804375040.0,-0.09349900484085083
2805312512.0,-0.09076002985239029
2806249984.0,-0.08500051498413086
2807187456.0,-0.07781490683555603
2808124928.0,-0.06904253363609314
2809062400.0,-0.059153299778699875
2809999872.0,-0.04775373265147209
2810937600.0,-0.035523172467947006
2811875072.0,-0.021993689239025116
2812812544.0,-0.007100476883351803
2813750016.0,0.007930411957204342
2814687488.0,0.024148568511009216
2815624960.0,0.040797460824251175
2816562432.0,0.05751121789216995
2817499904.0,0.07501368969678879
2818437376.0,0.0922645553946495
2819375104.0,0.1095811203122139
2820312576.0,0.12627120316028595
2821250048.0,0.1430654674768448
2822187520.0,0.1587054282426834
2823124992.0,0.1728401929140091
2824062464.0,0.18715301156044006
2824999936.0,0.1993684023618698
2825937408.0,0.21098162233829498
2826874880.0,0.22051368653774261
2827812608.0,0.23467093706130981
2828750080.0,0.2403087168931961
2829687552.0,0.24326913058757782
2830625024.0,0.24484218657016754
2831562496.0,0.24434597790241241
2832499968.0,0.2418300062417984
2833437440.0,0.2368454486131668
2834374912.0,0.23141080141067505
2835312384.0,0.2229602187871933
2836250112.0,0.21441631019115448
2837187584.0,0.20340684056282043
2838125056.0,0.19126901030540466
2839062528.0,0.1782011240720749
2840000000.0,0.16290752589702606
2840937472.0,0.1474911868572235
2841874944.0,0.13100041449069977
2842812416.0,0.11428283154964447
2843749888.0,0.09714018553495407
2844687616.0,0.07960373908281326
2845625088.0,0.06103285029530525
2846562560.0,0.044677264988422394
2847500032.0,0.025865575298666954
2848437504.0,0.009481426328420639
2849374976.0,-0.006528796162456274
2850312448.0,-0.022482628002762794
2851249920.0,-0.038018591701984406
2852187392.0,-0.05146437883377075
2853125120.0,-0.0649908259510994
2854062592.0,-0.0767272561788559
2855000064.0,-0.08636783063411713
2855937536.0,-0.09512096643447876
2856875008.0,-0.10276667773723602
2857812480.0,-0.10854405909776688
2858749952.0,-0.11269444227218628
2859687424.0,-0.11467209458351135
2860624896.0,-0.11407854408025742
2861562624.0,-0.11355575174093246
2862500096.0,-0.11060839891433716
2863437568.0,-0.10555126518011093
2864375040.0,-0.09875448048114777
2865312512.0,-0.09181077033281326
2866249984.0,-0.08275168389081955
2867187456.0,-0.0714297741651535
2868124928.0,-0.058756936341524124
2869062400.0,-0.04552849009633064
2870000128.0,-0.030746743083000183
2870937600.0,-0.015386801213026047
2871875072.0,0.0008611379889771342
2872812544.0,0.016623735427856445
2873750016.0,0.034405555576086044
2874687488.0,0.05156301334500313
2875624960.0,0.06885014474391937
2876562432.0,0.0869029313325882
2877499904.0,0.10383803397417068
2878437376.0,0.12023647874593735
2879375104.0,0.1369713991880417
2880312576.0,0.1524328738451004
2881250048.0,0.16666486859321594
2882187520.0,0.18132516741752625
2883124992.0,0.19395652413368225
2884062464.0,0.2049352377653122
2884999936.0,0.21540077030658722
2885937408.0,0.22457852959632874
2886874880.0,0.23299925029277802
2887812608.0,0.2161596417427063
2888750080.0,0.21997985243797302
2889687552.0,0.2225828617811203
2890625024.0,0.2247454673051834
2891562496.0,0.2253207266330719
2892499968.0,0.2255469113588333
2893437440.0,0.22369910776615143
2894374912.0,0.2209240049123764
2895312384.0,0.2167360782623291
2896250112.0,0.21060653030872345
2897187584.0,0.20413964986801147
2898125056.0,0.1952514499425888
2899062528.0,0.185532808303833
2900000000.0,0.1734631210565567
2900937472.0,0.16122369468212128
2901874944.0,0.1472170054912567
2902812416.0,0.1320665329694748
2903749888.0,0.11615431308746338
2904687616.0,0.10009148716926575
2905625088.0,0.08294559270143509
2906562560.0,0.06540647149085999
2907500032.0,0.047305021435022354
2908437504.0,0.030186794698238373
2909374976.0,0.012340228073298931
2910312448.0,-0.0039806305430829525
2911249920.0,-0.019892020151019096
2912187392.0,-0.03455236554145813
2913125120.0,-0.04854533076286316
2914062592.0,-0.06134423613548279
2915000064.0,-0.07191407680511475
2915937536.0,-0.08085071295499802
2916875008.0,-0.08651091903448105
2917812480.0,-0.09228190779685974
2918749952.0,-0.09525053948163986
2919687424.0,-0.0966731607913971
2920624896.0,-0.09503597766160965
2921562624.0,-0.09113200753927231
2922500096.0,-0.08644790202379227
2923437568.0,-0.07814814150333405
2924375040.0,-0.06838339567184448
2925312512.0,-0.056266870349645615
2926249984.0,-0.044128578156232834
2927187456.0,-0.02819535881280899
2928124928.0,-0.013282225467264652
2929062400.0,0.002960293320938945
2929999872.0,0.019692903384566307
2930937600.0,0.03758100047707558
2931875072.0,0.05590387433767319
2932812544.0,0.07350576668977737
2933750016.0,0.09068936854600906
2934687488.0,0.1074739620089531
2935624960.0,0.12391531467437744
2936562432.0,0.13969650864601135
2937499904.0,0.15409255027770996
2938437376.0,0.16653238236904144
2939375104.0,0.1787169724702835
2940312576.0,0.18930679559707642
2941250048.0,0.1988600343465805
2942187520.0,0.20710796117782593
2943124992.0,0.2133740335702896
2944062464.0,0.21848593652248383
2944999936.0,0.22191926836967468
2945937408.0,0.22463105618953705
2946874880.0,0.2268635779619217
2947812608.0,0.2069859355688095
2948750080.0,0.20462416112422943
2949687552.0,0.20242320001125336
2950625024.0,0.19947122037410736
2951562496.0,0.19638335704803467
2952499968.0,0.19286367297172546
2953437440.0,0.18921461701393127
2954374912.0,0.18533894419670105
2955312384.0,0.18153299391269684
2956250112.0,0.17740538716316223
2957187584.0,0.17276374995708466
2958125056.0,0.1693798005580902
2959062528.0,0.16458486020565033
2960000000.0,0.1600380539894104
2960937472.0,0.1552923172712326
2961874944.0,0.15089388191699982
2962812416.0,0.14447978138923645
2963749888.0,0.1390286535024643
2964687616.0,0.13374659419059753
2965625088.0,0.12728804349899292
2966562560.0,0.12160030007362366
2967500032.0,0.11417772620916367
2968437504.0,0.10853485018014908
2969374976.0,0.10129953920841217
2970312448.0,0.0940466821193695
2971249920.0,0.08681704103946686
2972187392.0,0.08035558462142944
2973125120.0,0.07340045273303986
2974062592.0,0.06562719494104385
2975000064.0,0.05715697258710861
2975937536.0,0.05145870894193649
2976875008.0,0.043954454362392426
2977812480.0,0.03760741278529167
2978749952.0,0.030017631128430367
2979687424.0,0.025167040526866913
2980624896.0,0.019991744309663773
2981562624.0,0.015398598276078701
2982500096.0,0.010956543497741222
2983437568.0,0.007189118303358555
2984375040.0,0.005470281466841698
2985312512.0,0.003051319858059287
2986249984.0,0.0010924413800239563
2987187456.0,0.00022531200374942273
2988124928.0,0.0008584042661823332
2989062400.0,0.001191929797641933
2990000128.0,0.0012704196851700544
2990937600.0,0.0030941274017095566
2991875072.0,0.0046530175022780895
2992812544.0,0.006386789493262768
2993750016.0,0.008400972932577133
2994687488.0,0.011537330225110054
2995624960.0,0.013419524766504765
2996562432.0,0.015835242345929146
2997499904.0,0.018543200567364693
2998437376.0,0.020579813048243523
2999375104.0,0.022460533306002617
3000312576.0,0.027767010033130646
3001250048.0,0.030116161331534386
3002187520.0,0.032474469393491745
3003124992.0,0.03485707938671112
3004062464.0,0.03610876202583313
3004999936.0,0.03855550289154053
3005937408.0,0.03946342319250107
3006874880.0,0.04237665235996246
3007812608.0,0.13308365643024445
3008750080.0,0.13099126517772675
3009687552.0,0.12783776223659515
3010625024.0,0.1246708407998085
3011562496.0,0.12018276751041412
3012499968.0,0.11491978913545609
3013437440.0,0.11029258370399475
3014374912.0,0.10587910562753677
3015312384.0,0.09990726411342621
3016250112.0,0.09519439935684204
3017187584.0,0.08924522995948792
3018125056.0,0.08298080414533615
3019062528.0,0.07821741700172424
3020000000.0,0.07184676826000214
3020937472.0,0.0648295059800148
3021874944.0,0.06001044064760208
3022812416.0,0.05426326021552086
3023749888.0,0.047708660364151
3024687616.0,0.04249048978090286
3025625088.0,0.03561753034591675
3026562560.0,0.030164649710059166
3027500032.0,0.023810869082808495
3028437504.0,0.018462268635630608
3029374976.0,0.012223302386701107
3030312448.0,0.006647857371717691
3031249920.0,0.0012440310092642903
3032187392.0,-0.003874204121530056
3033125120.0,-0.009731430560350418
3034062592.0,-0.014785216189920902
3035000064.0,-0.020605571568012238
3035937536.0,-0.024260494858026505
3036875008.0,-0.029523881152272224
3037812480.0,-0.034671351313591
3038749952.0,-0.03808603063225746
3039687424.0,-0.04230644181370735
3040624896.0,-0.046220749616622925
3041562624.0,-0.05011187866330147
3042500096.0,-0.05265100672841072
3043437568.0,-0.0552554652094841
3044375040.0,-0.05717943236231804
3045312512.0,-0.059128303080797195
3046249984.0,-0.06026140972971916
3047187456.0,-0.06110856682062149
3048124928.0,-0.06138255447149277
3049062400.0,-0.06018604338169098
3049999872.0,-0.059752799570560455
3050937600.0,-0.058121029287576675
3051875072.0,-0.055412452667951584
3052812544.0,-0.05247491970658302
3053750016.0,-0.04923604428768158
3054687488.0,-0.043589409440755844
3055624960.0,-0.038571927696466446
3056562432.0,-0.03157036751508713
3057499904.0,-0.025495057925581932
3058437376.0,-0.017460167407989502
3059375104.0,-0.00900860596448183
3060312576.0,0.0002263003698317334
3061250048.0,0.009610669687390327
3062187520.0,0.01933084800839424
3063124992.0,0.030560562387108803
3064062464.0,0.042410511523485184
3064999936.0,0.0542759895324707
3065937408.0,0.06605295836925507
3066874880.0,0.07934889197349548
3067812608.0,0.14495696127414703
3068750080.0,0.1491737961769104
3069687552.0,0.1541055291891098
3070625024.0,0.15656991302967072
3071562496.0,0.15787743031978607
3072499968.0,0.15721285343170166
3073437440.0,0.15577544271945953
3074374912.0,0.15275445580482483
3075312384.0,0.1493842601776123
3076250112.0,0.1424049437046051
3077187584.0,0.13630929589271545
3078125056.0,0.1288948655128479
3079062528.0,0.11994737386703491
3080000000.0,0.11022131145000458
3080937472.0,0.09984736144542694
3081874944.0,0.08932630717754364
3082812416.0,0.07825995236635208
3083749888.0,0.06780199706554413
3084687616.0,0.057413499802351
3085625088.0,0.04565687105059624
3086562560.0,0.03543797507882118
3087500032.0,0.02512868493795395
3088437504.0,0.016285616904497147
3089374976.0,0.006859577260911465
3090312448.0,-0.000626796914730221
3091249920.0,-0.008124768733978271
3092187392.0,-0.014848992228507996
3093125120.0,-0.018752332776784897
3094062592.0,-0.023044804111123085
3095000064.0,-0.026435095816850662
3095937536.0,-0.026780636981129646
3096875008.0,-0.02794281393289566
3097812480.0,-0.02657296508550644
3098749952.0,-0.024566996842622757
3099687424.0,-0.021547598764300346
3100624896.0,-0.01787579245865345
3101562624.0,-0.012962855398654938
3102500096.0,-0.006493666674941778
3103437568.0,-0.0005874151829630136
3104375040.0,0.006212185602635145
3105312512.0,0.01385035552084446
3106249984.0,0.021861400455236435
3107187456.0,0.030313877388834953
3108124928.0,0.03748464584350586
3109062400.0,0.046879030764102936
3110000128.0,0.05560784786939621
3110937600.0,0.06280100345611572
3111875072.0,0.07007412612438202
3112812544.0,0.07843659073114395
3113750016.0,0.08617797493934631
3114687488.0,0.09389674663543701
3115624960.0,0.0995250716805458
3116562432.0,0.10559739917516708
3117499904.0,0.11096985638141632
3118437376.0,0.11535772681236267
3119375104.0,0.1209702268242836
3120312576.0,0.12507395446300507
3121250048.0,0.1281820684671402
3122187520.0,0.13073286414146423
3123124992.0,0.13420075178146362
3124062464.0,0.1370593011379242
3124999936.0,0.13895919919013977
3125937408.0,0.14097724854946136
3126874880.0,0.14286784827709198
3127812608.0,0.1498134732246399
3128750080.0,0.149486243724823
3129687552.0,0.14814448356628418
3130625024.0,0.14691349864006042
3131562496.0,0.14599518477916718
3132499968.0,0.1449536681175232
3133437440.0,0.14133374392986298
3134374912.0,0.13803547620773315
3135312384.0,0.13500522077083588
3136250112.0,0.13229107856750488
3137187584.0,0.1288832724094391
3138125056.0,0.12683945894241333
3139062528.0,0.12463922798633575
3140000000.0,0.1241464838385582
3140937472.0,0.12478997558355331
3141874944.0,0.12641963362693787
3142812416.0,0.1294115036725998
3143749888.0,0.13360148668289185
3144687616.0,0.13802000880241394
3145625088.0,0.14281129837036133
3146562560.0,0.1482011079788208
3147500032.0,0.15276658535003662
3148437504.0,0.15702605247497559
3149374976.0,0.15935440361499786
3150312448.0,0.16116121411323547
3151249920.0,0.15991194546222687
3152187392.0,0.15676657855510712
3153125120.0,0.15157583355903625
3154062592.0,0.14488941431045532
3155000064.0,0.13507789373397827
3155937536.0,0.12282633036375046
3156875008.0,0.10940712690353394
3157812480.0,0.09643003344535828
3158749952.0,0.0802348256111145
3159687424.0,0.06521826237440109
3160624896.0,0.0504264198243618
3161562624.0,0.03565471991896629
3162500096.0,0.02121094800531864
3163437568.0,0.007422668393701315
3164375040.0,-0.0040630376897752285
3165312512.0,-0.013039965182542801
3166249984.0,-0.021649422124028206
3167187456.0,-0.027049189433455467
3168124928.0,-0.0315752811729908
3169062400.0,-0.032047443091869354
3169999872.0,-0.03146643191576004
3170937600.0,-0.027194174006581306
3171875072.0,-0.021714821457862854
3172812544.0,-0.013960943557322025
3173750016.0,-0.003895088564604521
3174687488.0,0.007961188443005085
3175624960.0,0.01918225735425949
3176562432.0,0.03337068483233452
3177499904.0,0.04793310537934303
3178437376.0,0.06371260434389114
3179375104.0,0.07867520302534103
3180312576.0,0.09403756260871887
3181250048.0,0.10960377007722855
3182187520.0,0.12436369806528091
3183124992.0,0.1384551227092743
3184062464.0,0.15256696939468384
3184999936.0,0.1658208817243576
3185937408.0,0.17856788635253906
3186874880.0,0.1893397718667984
3187812608.0,0.15589205920696259
3188750080.0,0.15128818154335022
3189687552.0,0.14659921824932098
3190625024.0,0.1407172530889511
3191562496.0,0.1349509358406067
3192499968.0,0.1288313865661621
3193437440.0,0.12379740178585052
3194374912.0,0.11868066340684891
3195312384.0,0.11278072744607925
3196250112.0,0.10788332670927048
3197187584.0,0.10255986452102661
3198125056.0,0.09867262095212936
3199062528.0,0.09534736722707748
3200000000.0,0.09240388870239258
3200937472.0,0.0902019515633583
3201874944.0,0.08823501318693161
3202812416.0,0.08782041817903519
3203749888.0,0.08824606239795685
3204687616.0,0.08949732035398483
3205625088.0,0.09011545032262802
3206562560.0,0.09114448726177216
3207500032.0,0.09403830021619797
3208437504.0,0.09567883610725403
3209374976.0,0.09785377234220505
3210312448.0,0.10042501240968704
3211249920.0,0.10350696742534637
3212187392.0,0.10614069551229477
3213125120.0,0.10821513086557388
3214062592.0,0.11102423816919327
3215000064.0,0.11308302730321884
3215937536.0,0.11480129510164261
3216875008.0,0.1166117936372757
3217812480.0,0.11881855130195618
3218749952.0,0.11983636021614075
3219687424.0,0.12006562203168869
3220624896.0,0.120363250374794
3221562624.0,0.12013949453830719
3222500096.0,0.1197764128446579
3223437568.0,0.11871537566184998
3224375040.0,0.11755773425102234
3225312512.0,0.11758635193109512
3226249984.0,0.11547018587589264
3227187456.0,0.11498193442821503
3228124928.0,0.11390525102615356
3229062400.0,0.11347750574350357
3230000128.0,0.11409653723239899
3230937600.0,0.11300475150346756
3231875072.0,0.11393117159605026
3232812544.0,0.11459720134735107
3233750016.0,0.11705826967954636
3234687488.0,0.1184469535946846
3235624960.0,0.12135345488786697
3236562432.0,0.12467360496520996
3237499904.0,0.128892183303833
3238437376.0,0.13324086368083954
3239375104.0,0.13905636966228485
3240312576.0,0.14502626657485962
3241250048.0,0.15136361122131348
3242187520.0,0.1569533795118332
3243124992.0,0.16353431344032288
3244062464.0,0.16967275738716125
3244999936.0,0.1760490983724594
3245937408.0,0.18122604489326477
3246874880.0,0.1882016956806183
3247812608.0,0.09729590266942978
3248750080.0,0.08863469213247299
3249687552.0,0.07971197366714478
3250625024.0,0.06932509690523148
3251562496.0,0.05818604677915573
3252499968.0,0.04918671026825905
3253437440.0,0.03873812407255173
3254374912.0,0.03025812655687332
3255312384.0,0.022918401286005974
3256250112.0,0.017749302089214325
3257187584.0,0.014918252825737
3258125056.0,0.014305404387414455
3259062528.0,0.014569798484444618
3260000000.0,0.016820108518004417
3260937472.0,0.019561199471354485
3261874944.0,0.024562591686844826
3262812416.0,0.02966289408504963
3263749888.0,0.03377440199255943
3264687616.0,0.039210714399814606
3265625088.0,0.044556569308042526
3266562560.0,0.048140231519937515
3267500032.0,0.052545223385095596
3268437504.0,0.05709872022271156
3269374976.0,0.0593545138835907
3270312448.0,0.06239328160881996
3271249920.0,0.06469924002885818
3272187392.0,0.06820815056562424
3273125120.0,0.06975102424621582
3274062592.0,0.07179240137338638
3275000064.0,0.07392297685146332
3275937536.0,0.0750420019030571
3276875008.0,0.07674070447683334
3277812480.0,0.07866597920656204
3278749952.0,0.07939597219228745
3279687424.0,0.08047756552696228
3280624896.0,0.08148035407066345
3281562624.0,0.08153606951236725
3282500096.0,0.08360830694437027
3283437568.0,0.08361528068780899
3284375040.0,0.08363508433103561
3285312512.0,0.08441492915153503
3286249984.0,0.08380227535963058
3287187456.0,0.08459046483039856
3288124928.0,0.08407709747552872
3289062400.0,0.08371403813362122
3289999872.0,0.08390212059020996
3290937600.0,0.08387508988380432
3291875072.0,0.08294317126274109
3292812544.0,0.08301350474357605
3293750016.0,0.08406856656074524
3294687488.0,0.08464914560317993
3295624960.0,0.0854685977101326
3296562432.0,0.08531440049409866
3297499904.0,0.08740297704935074
3298437376.0,0.08853389322757721
3299375104.0,0.09113917499780655
3300312576.0,0.09338736534118652
3301250048.0,0.0961546003818512
3302187520.0,0.09919697046279907
3303124992.0,0.10319431126117706
3304062464.0,0.10741421580314636
3304999936.0,0.11182604730129242
3305937408.0,0.11599958688020706
3306874880.0,0.12058612704277039
3307812608.0,0.13413317501544952
3308750080.0,0.14071613550186157
3309687552.0,0.14917775988578796
3310625024.0,0.1570008546113968
3311562496.0,0.1648051142692566
3312499968.0,0.17291125655174255
3313437440.0,0.1807602196931839
3314374912.0,0.188322976231575
3315312384.0,0.19480270147323608
3316250112.0,0.20142869651317596
3317187584.0,0.20730552077293396
3318125056.0,0.21127314865589142
3319062528.0,0.21572628617286682
3320000000.0,0.21935637295246124
3320937472.0,0.22132354974746704
3321874944.0,0.2228691279888153
3322812416.0,0.22198577225208282
3323749888.0,0.22116364538669586
3324687616.0,0.21867772936820984
3325625088.0,0.2148614525794983
3326562560.0,0.21044473350048065
3327500032.0,0.20408281683921814
3328437504.0,0.19614897668361664
3329374976.0,0.1885158121585846
3330312448.0,0.18037155270576477
3331249920.0,0.17063505947589874
3332187392.0,0.16047006845474243
3333125120.0,0.14963257312774658
3334062592.0,0.1388685256242752
3335000064.0,0.12776027619838715
3335937536.0,0.11720521003007889
3336875008.0,0.10524718463420868
3337812480.0,0.09527671337127686
3338749952.0,0.08418131619691849
3339687424.0,0.07518422603607178
3340624896.0,0.06463805586099625
3341562624.0,0.05563586205244064
3342500096.0,0.04796060174703598
3343437568.0,0.040066804736852646
3344375040.0,0.03333509713411331
3345312512.0,0.028591187670826912
3346249984.0,0.02373897098004818
3347187456.0,0.021391477435827255
3348124928.0,0.01938692107796669
3349062400.0,0.01828692853450775
3350000128.0,0.019562214612960815
3350937600.0,0.022063547745347023
3351875072.0,0.02439439482986927
3352812544.0,0.028947416692972183
3353750016.0,0.034564219415187836
3354687488.0,0.040848977863788605
3355624960.0,0.04744056239724159
3356562432.0,0.055786989629268646
3357499904.0,0.0642135962843895
3358437376.0,0.07373011112213135
3359375104.0,0.08313652873039246
3360312576.0,0.09302455186843872
3361250048.0,0.10265818238258362
3362187520.0,0.11283349245786667
3363124992.0,0.12334326654672623
3364062464.0,0.13215605914592743
3364999936.0,0.141782745718956
3365937408.0,0.1498182713985443
3366874880.0,0.15717197954654694
3367812608.0,0.040199123322963715
3368750080.0,0.044513922184705734
3369687552.0,0.04850827157497406
3370625024.0,0.05186369642615318
3371562496.0,0.05458243191242218
3372499968.0,0.05709643289446831
3373437440.0,0.05907873064279556
3374374912.0,0.05978619307279587
3375312384.0,0.05985463783144951
3376250112.0,0.05787098780274391
3377187584.0,0.05489742383360863
3378125056.0,0.05161966755986214
3379062528.0,0.04635358229279518
3380000000.0,0.04126353934407234
3380937472.0,0.03390836343169212
3381874944.0,0.026031028479337692
3382812416.0,0.018122410401701927
3383749888.0,0.009082014672458172
3384687616.0,-0.00046610127901658416
3385625088.0,-0.011047477833926678
3386562560.0,-0.021047217771410942
3387500032.0,-0.03210492059588432
3388437504.0,-0.04329393059015274
3389374976.0,-0.05397363007068634
3390312448.0,-0.06432052701711655
3391249920.0,-0.07546352595090866
3392187392.0,-0.08639167249202728
3393125120.0,-0.0955578163266182
3394062592.0,-0.10417646169662476
3395000064.0,-0.11200238764286041
3395937536.0,-0.12041405588388443
3396875008.0,-0.127018004655838
3397812480.0,-0.13366128504276276
3398749952.0,-0.13734494149684906
3399687424.0,-0.14136700332164764
3400624896.0,-0.1448419839143753
3401562624.0,-0.14671383798122406
3402500096.0,-0.14892829954624176
3403437568.0,-0.15016426146030426
3404375040.0,-0.14998207986354828
3405312512.0,-0.14961817860603333
3406249984.0,-0.14872924983501434
3407187456.0,-0.14806309342384338
3408124928.0,-0.14745879173278809
3409062400.0,-0.1473342925310135
3409999872.0,-0.14734986424446106
3410937600.0,-0.14754727482795715
3411875072.0,-0.14720669388771057
3412812544.0,-0.1494527906179428
3413750016.0,-0.1516188383102417
3414687488.0,-0.1559823602437973
3415624960.0,-0.16015546023845673
3416562432.0,-0.16720916330814362
3417499904.0,-0.1754731982946396
3418437376.0,-0.1866607964038849
3419375104.0,-0.1990041881799698
3420312576.0,-0.21291570365428925
3421250048.0,-0.22931014001369476
3422187520.0,-0.24881455302238464
3423124992.0,-0.26827847957611084
3424062464.0,-0.2920265197753906
3424999936.0,-0.31643563508987427
3425937408.0,-0.34267300367355347
3426874880.0,-0.3707129657268524
3427812608.0,-0.40096163749694824
3428750080.0,-0.4289397895336151
3429687552.0,-0.4568495750427246
3430625024.0,-0.4850509762763977
3431562496.0,-0.5138477087020874
3432499968.0,-0.5404696464538574
3433437440.0,-0.5671198964118958
3434374912.0,-0.5937224626541138
3435312384.0,-0.6197986006736755
3436250112.0,-0.6471699476242065
3437187584.0,-0.6737578511238098
3438125056.0,-0.7012131810188293
3439062528.0,-0.7293386459350586
3440000000.0,-0.7590131163597107
3440937472.0,-0.7891654968261719
3441874944.0,-0.8209543228149414
3442812416.0,-0.8547529578208923
3443749888.0,-0.8910773396492004
3444687616.0,-0.9307799935340881
3445625088.0,-0.9741111397743225
3446562560.0,-1.0197341442108154
3447500032.0,-1.069832444190979
3448437504.0,-1.1225090026855469
3449374976.0,-1.1790205240249634
3450312448.0,-1.2370538711547852
3451249920.0,-1.2967398166656494
3452187392.0,-1.3587709665298462
3453125120.0,-1.4197508096694946
3454062592.0,-1.4825299978256226
3455000064.0,-1.5450793504714966
3455937536.0,-1.605764627456665
3456875008.0,-1.6659215688705444
3457812480.0,-1.7223739624023438
3458749952.0,-1.7744566202163696
3459687424.0,-1.8209924697875977
3460624896.0,-1.8626848459243774
3461562624.0,-1.8946954011917114
3462500096.0,-1.9198508262634277
3463437568.0,-1.9383317232131958
3464375040.0,-1.9501655101776123
3465312512.0,-1.9546701908111572
3466249984.0,-1.9512869119644165
3467187456.0,-1.941451907157898
3468124928.0,-1.9249951839447021
3469062400.0,-1.903711199760437
3470000128.0,-1.8770625591278076
3470937600.0,-1.8461246490478516
3471875072.0,-1.8095167875289917
3472812544.0,-1.7678821086883545
3473750016.0,-1.7229182720184326
3474687488.0,-1.6747409105300903
3475624960.0,-1.6236321926116943
3476562432.0,-1.5712556838989258
3477499904.0,-1.5177956819534302
3478437376.0,-1.4613162279129028
3479375104.0,-1.4061096906661987
3480312576.0,-1.3534289598464966
3481250048.0,-1.3053736686706543
3482187520.0,-1.2577542066574097
3483124992.0,-1.2095474004745483
3484062464.0,-1.1634117364883423
3484999936.0,-1.1188979148864746
3485937408.0,-1.0747482776641846
3486874880.0,-1.0335735082626343
3487812608.0,-1.0270925760269165
3488750080.0,-0.9884283542633057
3489687552.0,-0.9513326287269592
3490625024.0,-0.9164331555366516
3491562496.0,-0.8836179375648499
3492499968.0,-0.8520745038986206
3493437440.0,-0.8232462406158447
3494374912.0,-0.7946509718894958
3495312384.0,-0.7702890634536743
3496250112.0,-0.7465642690658569
3497187584.0,-0.7266966104507446
3498125056.0,-0.7082582712173462
3499062528.0,-0.692410409450531
3500000000.0,-0.6774671077728271
3500937472.0,-0.6633167862892151
3501874944.0,-0.6489625573158264
3502812416.0,-0.636478066444397
3503749888.0,-0.6240929961204529
3504687616.0,-0.6132069826126099
3505625088.0,-0.6021925210952759
3506562560.0,-0.5911307334899902
3507500032.0,-0.5789864659309387
3508437504.0,-0.565853476524353
3509374976.0,-0.552293598651886
3510312448.0,-0.5392200946807861
3511249920.0,-0.5263074040412903
3512187392.0,-0.5126526355743408
3513125120.0,-0.4980827867984772
3514062592.0,-0.48421937227249146
3515000064.0,-0.46860116720199585
3515937536.0,-0.45315322279930115
3516875008.0,-0.43645229935646057
3517812480.0,-0.42005589604377747
3518749952.0,-0.4034065008163452
3519687424.0,-0.38551080226898193
3520624896.0,-0.3680744767189026
3521562624.0,-0.3481559157371521
3522500096.0,-0.32859668135643005
3523437568.0,-0.3094698488712311
3524375040.0,-0.29031437635421753
3525312512.0,-0.2730136811733246
3526249984.0,-0.25369709730148315
3527187456.0,-0.2357248067855835
3528124928.0,-0.2187197208404541
3529062400.0,-0.20160168409347534
3529999872.0,-0.18603730201721191
3530937600.0,-0.1706112176179886
3531875072.0,-0.1581963747739792
3532812544.0,-0.14643846452236176
3533750016.0,-0.13727429509162903
3534687488.0,-0.12917988002300262
3535624960.0,-0.1222519651055336
3536562432.0,-0.11743677407503128
3537499904.0,-0.11438538134098053
3538437376.0,-0.1127440333366394
3539375104.0,-0.11324676126241684
3540312576.0,-0.11497914791107178
3541250048.0,-0.118888258934021
3542187520.0,-0.12349692732095718
3543124992.0,-0.13001763820648193
3544062464.0,-0.13780073821544647
3544999936.0,-0.14860479533672333
3545937408.0,-0.16004694998264313
3546874880.0,-0.17240187525749207
3547812608.0,-0.2059963345527649
3548750080.0,-0.19763992726802826
3549687552.0,-0.1896795928478241
3550625024.0,-0.18144722282886505
3551562496.0,-0.17461970448493958
3552499968.0,-0.16861535608768463
3553437440.0,-0.16248676180839539
3554374912.0,-0.15680977702140808
3555312384.0,-0.15261006355285645
3556250112.0,-0.14735856652259827
3557187584.0,-0.1427115648984909
3558125056.0,-0.13880100846290588
3559062528.0,-0.13397808372974396
3560000000.0,-0.13032813370227814
3560937472.0,-0.12639525532722473
3561874944.0,-0.12278074771165848
3562812416.0,-0.11962723731994629
3563749888.0,-0.11668822914361954
3564687616.0,-0.11392652243375778
3565625088.0,-0.11353112012147903
3566562560.0,-0.11093601584434509
3567500032.0,-0.10916915535926819
3568437504.0,-0.10768119245767593
3569374976.0,-0.10644809156656265
3570312448.0,-0.10468172281980515
3571249920.0,-0.10193105787038803
3572187392.0,-0.09952687472105026
3573125120.0,-0.09725035727024078
3574062592.0,-0.09398312866687775
3575000064.0,-0.09127460420131683
3575937536.0,-0.08652456849813461
3576875008.0,-0.08243350684642792
3577812480.0,-0.07788996398448944
3578749952.0,-0.07398203015327454
3579687424.0,-0.06861784309148788
3580624896.0,-0.06407024711370468
3581562624.0,-0.06080137565732002
3582500096.0,-0.057019513100385666
3583437568.0,-0.05494926497340202
3584375040.0,-0.05283572897315025
3585312512.0,-0.0509500652551651
3586249984.0,-0.04956343024969101
3587187456.0,-0.04810970276594162
3588124928.0,-0.04697759449481964
3589062400.0,-0.04622720927000046
3590000128.0,-0.04512849450111389
3590937600.0,-0.04440191015601158
3591875072.0,-0.04442667216062546
3592812544.0,-0.04351409897208214
3593750016.0,-0.043988388031721115
3594687488.0,-0.04436418041586876
3595624960.0,-0.04634244740009308
3596562432.0,-0.047822389751672745
3597499904.0,-0.051104601472616196
3598437376.0,-0.053017329424619675
3599375104.0,-0.056412242352962494
3600312576.0,-0.059232912957668304
3601250048.0,-0.061402786523103714
3602187520.0,-0.06544049084186554
3603124992.0,-0.06823691725730896
3604062464.0,-0.07172689586877823
3604999936.0,-0.07465844601392746
3605937408.0,-0.07725650817155838
3606874880.0,-0.07872360199689865
3607812608.0,-0.08333773165941238
3608750080.0,-0.08107779175043106
3609687552.0,-0.07979663461446762
3610625024.0,-0.0788552388548851
3611562496.0,-0.07834143191576004
3612499968.0,-0.07791001349687576
3613437440.0,-0.07736282795667648
3614374912.0,-0.07838840037584305
3615312384.0,-0.0797078013420105
3616250112.0,-0.08047005534172058
3617187584.0,-0.08222342282533646
3618125056.0,-0.08390030264854431
3619062528.0,-0.08694249391555786
3620000000.0,-0.0901385098695755
3620937472.0,-0.09202729165554047
3621874944.0,-0.09499286860227585
3622812416.0,-0.09724638611078262
3623749888.0,-0.0984017476439476
3624687616.0,-0.10086946934461594
3625625088.0,-0.10386866331100464
3626562560.0,-0.10675741732120514
3627500032.0,-0.11000242084264755
3628437504.0,-0.11234652996063232
3629374976.0,-0.11426570266485214
3630312448.0,-0.11560394614934921
3631249920.0,-0.11638171970844269
3632187392.0,-0.1167089119553566
3633125120.0,-0.11505639553070068
3634062592.0,-0.11293017864227295
3635000064.0,-0.10906674712896347
3635937536.0,-0.10599512606859207
3636875008.0,-0.10165628790855408
3637812480.0,-0.09509281814098358
3638749952.0,-0.0891413763165474
3639687424.0,-0.08168379962444305
3640624896.0,-0.07469649612903595
3641562624.0,-0.06684622913599014
3642500096.0,-0.058863814920186996
3643437568.0,-0.04990798979997635
3644375040.0,-0.04129033535718918
3645312512.0,-0.034743040800094604
3646249984.0,-0.025998640805482864
3647187456.0,-0.018064120784401894
3648124928.0,-0.010023980401456356
3649062400.0,-0.0019191819010302424
3649999872.0,0.005560664925724268
3650937600.0,0.013400740921497345
3651875072.0,0.019328923895955086
3652812544.0,0.026011502370238304
3653750016.0,0.031000515446066856
3654687488.0,0.03447858616709709
3655624960.0,0.03873257339000702
3656562432.0,0.04190237820148468
3657499904.0,0.04498448967933655
3658437376.0,0.04761712625622749
3659375104.0,0.04903656616806984
3660312576.0,0.04998558759689331
3661250048.0,0.049078717827796936
3662187520.0,0.04827476665377617
3663124992.0,0.04480301961302757
3664062464.0,0.0417245477437973
3664999936.0,0.03740854933857918
3665937408.0,0.032981425523757935
3666874880.0,0.027132447808980942
3667812608.0,0.01855069026350975
3668750080.0,0.013812708668410778
3669687552.0,0.008156567811965942
3670625024.0,0.003688943339511752
3671562496.0,0.0007198142702691257
3672499968.0,-0.002477888483554125
3673437440.0,-0.005164925940334797
3674374912.0,-0.007297392934560776
3675312384.0,-0.008576921187341213
3676250112.0,-0.009332272224128246
3677187584.0,-0.010347877629101276
3678125056.0,-0.011427795514464378
3679062528.0,-0.011955243535339832
3680000000.0,-0.011216685175895691
3680937472.0,-0.011313993483781815
3681874944.0,-0.00924589391797781
3682812416.0,-0.008143218234181404
3683749888.0,-0.006382720544934273
3684687616.0,-0.003669425845146179
3685625088.0,-0.0007358378497883677
3686562560.0,0.002067135414108634
3687500032.0,0.004066580440849066
3688437504.0,0.0076059140264987946
3689374976.0,0.010942996479570866
3690312448.0,0.013205115683376789
3691249920.0,0.016956832259893417
3692187392.0,0.0199875570833683
3693125120.0,0.02339046820998192
3694062592.0,0.026582665741443634
3695000064.0,0.02900967188179493
3695937536.0,0.031420689076185226
3696875008.0,0.0339161679148674
3697812480.0,0.034771136939525604
3698749952.0,0.03696746751666069
3699687424.0,0.03727160766720772
3700624896.0,0.03716878965497017
3701562624.0,0.03725285828113556
3702500096.0,0.03647331893444061
3703437568.0,0.035145144909620285
3704375040.0,0.03145972266793251
3705312512.0,0.02748260833323002
3706249984.0,0.022953355684876442
3707187456.0,0.015191887505352497
3708124928.0,0.007397965528070927
3709062400.0,-0.0013329613720998168
3710000128.0,-0.011977553367614746
3710937600.0,-0.023542726412415504
3711875072.0,-0.03655751049518585
3712812544.0,-0.05142305791378021
3713750016.0,-0.06904815137386322
3714687488.0,-0.0869302973151207
3715624960.0,-0.10606767237186432
3716562432.0,-0.1250150352716446
3717499904.0,-0.146050825715065
3718437376.0,-0.16586469113826752
3719375104.0,-0.1876906007528305
3720312576.0,-0.20799113810062408
3721250048.0,-0.22925250232219696
3722187520.0,-0.2501164972782135
3723124992.0,-0.2695138454437256
3724062464.0,-0.2877609431743622
3724999936.0,-0.3040293753147125
3725937408.0,-0.319469690322876
3726874880.0,-0.3340204954147339
3727812608.0,-0.019695358350872993
3728750080.0,-0.01886841468513012
3729687552.0,-0.01995086669921875
3730625024.0,-0.021879486739635468
3731562496.0,-0.025286458432674408
3732499968.0,-0.028943998739123344
3733437440.0,-0.03197334334254265
3734374912.0,-0.035940807312726974
3735312384.0,-0.03917699679732323
3736250112.0,-0.0418831966817379
3737187584.0,-0.043777190148830414
3738125056.0,-0.04502512142062187
3739062528.0,-0.04614872857928276
3740000000.0,-0.04686757177114487
3740937472.0,-0.04512663185596466
3741874944.0,-0.04338112846016884
3742812416.0,-0.041094306856393814
3743749888.0,-0.03712702542543411
3744687616.0,-0.032161228358745575
3745625088.0,-0.026744646951556206
3746562560.0,-0.01907282881438732
3747500032.0,-0.012151120230555534
3748437504.0,-0.0040591079741716385
3749374976.0,0.0047911680303514
3750312448.0,0.014671113342046738
3751249920.0,0.025874368846416473
3752187392.0,0.03555437922477722
3753125120.0,0.0465325191617012
3754062592.0,0.057118821889162064
3755000064.0,0.06719209998846054
3755937536.0,0.07754721492528915
3756875008.0,0.0869920551776886
3757812480.0,0.09673642367124557
3758749952.0,0.1047045961022377
3759687424.0,0.11202741414308548
3760624896.0,0.1196318194270134
3761562624.0,0.12650294601917267
3762500096.0,0.13151274621486664
3763437568.0,0.1350787729024887
3764375040.0,0.1369403600692749
3765312512.0,0.1371530443429947
3766249984.0,0.13621459901332855
3767187456.0,0.13322003185749054
3768124928.0,0.12805598974227905
3769062400.0,0.12217807024717331
3769999872.0,0.11530347913503647
3770937600.0,0.10759565979242325
3771875072.0,0.098382867872715
3772812544.0,0.0882609486579895
3773750016.0,0.07735612988471985
3774687488.0,0.0650782361626625
3775624960.0,0.053588829934597015
3776562432.0,0.04195983707904816
3777499904.0,0.030750947073101997
3778437376.0,0.017278529703617096
3779375104.0,0.004852835088968277
3780312576.0,-0.006794936954975128
3781250048.0,-0.019489295780658722
3782187520.0,-0.03192921727895737
3783124992.0,-0.04293195530772209
3784062464.0,-0.05394989624619484
3784999936.0,-0.06384479254484177
3785937408.0,-0.073748879134655
3786874880.0,-0.06431619077920914
3787812608.0,-0.06849386543035507
3788750080.0,-0.07252532988786697
3789687552.0,-0.07571054995059967
3790625024.0,-0.07901981472969055
3791562496.0,-0.08164562284946442
3792499968.0,-0.08545401692390442
3793437440.0,-0.08874793350696564
3794374912.0,-0.09007543325424194
3795312384.0,-0.09192533791065216
3796250112.0,-0.09267302602529526
3797187584.0,-0.09238435328006744
3798125056.0,-0.0914173573255539
3799062528.0,-0.09005801379680634
3800000000.0,-0.0875253677368164
3800937472.0,-0.08292936533689499
3801874944.0,-0.07791778445243835
3802812416.0,-0.0712185800075531
3803749888.0,-0.06549055129289627
3804687616.0,-0.05770621448755264
3805625088.0,-0.05028233304619789
3806562560.0,-0.0421469546854496
3807500032.0,-0.03271126002073288
3808437504.0,-0.02465968392789364
3809374976.0,-0.014361288398504257
3810312448.0,-0.006500855088233948
3811249920.0,0.002936957636848092
3812187392.0,0.011624504812061787
3813125120.0,0.02026129513978958
3814062592.0,0.028981942683458328
3815000064.0,0.03471032530069351
3815937536.0,0.04134538769721985
3816875008.0,0.04734935238957405
3817812480.0,0.05199887603521347
3818749952.0,0.05611906945705414
3819687424.0,0.05840839445590973
3820624896.0,0.060459211468696594
3821562624.0,0.06087775528430939
3822500096.0,0.06101524829864502
3823437568.0,0.06017571687698364
3824375040.0,0.05754676088690758
3825312512.0,0.055447645485401154
3826249984.0,0.05242016911506653
3827187456.0,0.04891647771000862
3828124928.0,0.04407152161002159
3829062400.0,0.03937419131398201
3830000128.0,0.03434097766876221
3830937600.0,0.028712604194879532
3831875072.0,0.024760153144598007
3832812544.0,0.019703596830368042
3833750016.0,0.013866146095097065
3834687488.0,0.007682807743549347
3835624960.0,0.0022861866746097803
3836562432.0,-0.0037029250524938107
3837499904.0,-0.009853396564722061
3838437376.0,-0.015018973499536514
3839375104.0,-0.01980270817875862
3840312576.0,-0.025141509249806404
3841250048.0,-0.029656346887350082
3842187520.0,-0.033996809273958206
3843124992.0,-0.038297031074762344
3844062464.0,-0.04272785782814026
3844999936.0,-0.04614907503128052
3845937408.0,-0.05069319158792496
3846874880.0,-0.04701320081949234
3847812608.0,-0.0497276708483696
3848750080.0,-0.052480004727840424
3849687552.0,-0.05353851616382599
3850625024.0,-0.05526287108659744
3851562496.0,-0.056968044489622116
3852499968.0,-0.05738695710897446
3853437440.0,-0.059446074068546295
3854374912.0,-0.060131579637527466
3855312384.0,-0.06069463491439819
3856250112.0,-0.059839874505996704
3857187584.0,-0.05816277861595154
3858125056.0,-0.057257574051618576
3859062528.0,-0.055589113384485245
3860000000.0,-0.053635843098163605
3860937472.0,-0.05050619691610336
3861874944.0,-0.04760538041591644
3862812416.0,-0.04518865421414375
3863749888.0,-0.043654102832078934
3864687616.0,-0.0438469834625721
3865625088.0,-0.045014988631010056
3866562560.0,-0.0478062629699707
3867500032.0,-0.0514686144888401
3868437504.0,-0.05777546763420105
3869374976.0,-0.06444232910871506
3870312448.0,-0.07319704443216324
3871249920.0,-0.08266554027795792
3872187392.0,-0.09288022667169571
3873125120.0,-0.10474514216184616
3874062592.0,-0.11585726588964462
3875000064.0,-0.12754327058792114
3875937536.0,-0.13778282701969147
3876875008.0,-0.1481085568666458
3877812480.0,-0.1560777872800827
3878749952.0,-0.16382688283920288
3879687424.0,-0.16855190694332123
3880624896.0,-0.17110201716423035
3881562624.0,-0.17228178679943085
3882500096.0,-0.17074836790561676
3883437568.0,-0.16742950677871704
3884375040.0,-0.16212628781795502
3885312512.0,-0.15512171387672424
3886249984.0,-0.14727585017681122
3887187456.0,-0.13740333914756775
3888124928.0,-0.12735287845134735
3889062400.0,-0.11557609587907791
3889999872.0,-0.1028192862868309
3890937600.0,-0.090452179312706
3891875072.0,-0.07826217263936996
3892812544.0,-0.06720637530088425
3893750016.0,-0.055694542825222015
3894687488.0,-0.04604211077094078
3895624960.0,-0.037074849009513855
3896562432.0,-0.029483037069439888
3897499904.0,-0.023572862148284912
3898437376.0,-0.01821538247168064
3899375104.0,-0.013776250183582306
3900312576.0,-0.011782591231167316
3901250048.0,-0.009457500651478767
3902187520.0,-0.00792665034532547
3903124992.0,-0.00745686050504446
3904062464.0,-0.006011488847434521
3904999936.0,-0.003956013824790716
3905937408.0,-0.0024762528482824564
3906874880.0,-0.01219824980944395
3907812608.0,-0.021050896495580673
3908750080.0,-0.02684103697538376
3909687552.0,-0.031773168593645096
3910625024.0,-0.03550780192017555
3911562496.0,-0.03749803453683853
3912499968.0,-0.03773436322808266
3913437440.0,-0.036116212606430054
3914374912.0,-0.0319509394466877
3915312384.0,-0.02661607787013054
3916250112.0,-0.018965575844049454
3917187584.0,-0.010628195479512215
3918125056.0,-0.0009315292700193822
3919062528.0,0.009425651282072067
3920000000.0,0.020763972774147987
3920937472.0,0.03233283758163452
3921874944.0,0.042801909148693085
3922812416.0,0.0540689192712307
3923749888.0,0.06419515609741211
3924687616.0,0.07517876476049423
3925625088.0,0.08418130874633789
3926562560.0,0.092686727643013
3927500032.0,0.10011988133192062
3928437504.0,0.10628753155469894
3929374976.0,0.11049048602581024
3930312448.0,0.11392083764076233
3931249920.0,0.11503903567790985
3932187392.0,0.1148485541343689
3933125120.0,0.11279834061861038
3934062592.0,0.10931392014026642
3935000064.0,0.10511907935142517
3935937536.0,0.09972266107797623
3936875008.0,0.09254883974790573
3937812480.0,0.08593173325061798
3938749952.0,0.07629275321960449
3939687424.0,0.06620196253061295
3940624896.0,0.055129524320364
3941562624.0,0.04339568689465523
3942500096.0,0.03070560097694397
3943437568.0,0.017249369993805885
3944375040.0,0.005264227744191885
3945312512.0,-0.007977909408509731
3946249984.0,-0.022119304165244102
3947187456.0,-0.03557261452078819
3948124928.0,-0.04870089143514633
3949062400.0,-0.06154394894838333
3950000128.0,-0.07404680550098419
3950937600.0,-0.08526875078678131
3951875072.0,-0.09745701402425766
3952812544.0,-0.10831652581691742
3953750016.0,-0.11858481168746948
3954687488.0,-0.12649087607860565
3955624960.0,-0.13564488291740417
3956562432.0,-0.14301924407482147
3957499904.0,-0.15084277093410492
3958437376.0,-0.15765012800693512
3959375104.0,-0.16422678530216217
3960312576.0,-0.1704542189836502
3961250048.0,-0.1763589084148407
3962187520.0,-0.18276257812976837
3963124992.0,-0.18691475689411163
3964062464.0,-0.19202464818954468
3964999936.0,-0.19596150517463684
3965937408.0,-0.20072220265865326
3966874880.0,-0.09195387363433838
3967812608.0,-0.09767480194568634
3968750080.0,-0.10362835228443146
3969687552.0,-0.10765388607978821
3970625024.0,-0.11140710115432739
3971562496.0,-0.11469816416501999
3972499968.0,-0.11670876294374466
3973437440.0,-0.11729887127876282
3974374912.0,-0.11793872714042664
3975312384.0,-0.11737006902694702
3976250112.0,-0.11582136899232864
3977187584.0,-0.11420682072639465
3978125056.0,-0.1116156056523323
3979062528.0,-0.10805792361497879
3980000000.0,-0.10368415713310242
3980937472.0,-0.09862484037876129
3981874944.0,-0.09374363720417023
3982812416.0,-0.08815690875053406
3983749888.0,-0.08237914741039276
3984687616.0,-0.07654546201229095
3985625088.0,-0.07038009166717529
3986562560.0,-0.06377001106739044
3987500032.0,-0.057110488414764404
3988437504.0,-0.05129065737128258
3989374976.0,-0.04438670724630356
3990312448.0,-0.03868585824966431
3991249920.0,-0.03287170082330704
3992187392.0,-0.027353234589099884
3993125120.0,-0.023746024817228317
3994062592.0,-0.02128639444708824
3995000064.0,-0.019173305481672287
3995937536.0,-0.017083071172237396
3996875008.0,-0.016738377511501312
3997812480.0,-0.016677703708410263
3998749952.0,-0.017612647265195847
3999687424.0,-0.017305701971054077
4000624896.0,-0.010115745477378368
4001562624.0,-0.014459952712059021
4002500096.0,-0.019610971212387085
4003437568.0,-0.025147585198283195
4004375040.0,-0.03214016184210777
4005312512.0,-0.0390193797647953
4006249984.0,-0.04650892689824104
4007187456.0,-0.055146802216768265
4008124928.0,-0.06302642822265625
4009062400.0,-0.07221223413944244
4009999872.0,-0.08148892223834991
4010937600.0,-0.08973554521799088
4011875072.0,-0.09886496514081955
4012812544.0,-0.10793352127075195
4013750016.0,-0.11693870276212692
4014687488.0,-0.12580350041389465
4015624960.0,-0.13359759747982025
4016562432.0,-0.14206035435199738
4017499904.0,-0.14855946600437164
4018437376.0,-0.15557852387428284
4019375104.0,-0.1620214730501175
4020312576.0,-0.16957604885101318
4021250048.0,-0.17540723085403442
4022187520.0,-0.1816931664943695
4023124992.0,-0.18719790875911713
4024062464.0,-0.1918332725763321
4024999936.0,-0.19723470509052277
4025937408.0,-0.2012597620487213
4026874880.0,-0.19392980635166168
4027812608.0,-0.19547706842422485
4028750080.0,-0.19757474958896637
4029687552.0,-0.19937066733837128
4030625024.0,-0.20117875933647156
4031562496.0,-0.2015017569065094
4032499968.0,-0.20359010994434357
4033437440.0,-0.2038860321044922
4034374912.0,-0.20521487295627594
4035312384.0,-0.20571665465831757
4036250112.0,-0.20795543491840363
4037187584.0,-0.2073425054550171
4038125056.0,-0.20870941877365112
4039062528.0,-0.20973065495491028
4040000000.0,-0.20908470451831818
4040937472.0,-0.21012617647647858
4041874944.0,-0.20862798392772675
4042812416.0,-0.20598651468753815
4043749888.0,-0.20243152976036072
4044687616.0,-0.1979389637708664
4045625088.0,-0.19197644293308258
4046562560.0,-0.18667015433311462
4047500032.0,-0.18001088500022888
4048437504.0,-0.17114496231079102
4049374976.0,-0.16298606991767883
4050312448.0,-0.15359756350517273
4051249920.0,-0.14357353746891022
4052187392.0,-0.13259002566337585
4053125120.0,-0.12119140475988388
4054062592.0,-0.1093081384897232
4055000064.0,-0.09653638303279877
4055937536.0,-0.08465732634067535
4056875008.0,-0.07136226445436478
4057812480.0,-0.059503644704818726
4058749952.0,-0.04665369912981987
4059687424.0,-0.03540445864200592
4060624896.0,-0.02363532967865467
4061562624.0,-0.012261948548257351
4062500096.0,-0.0005809762515127659
4063437568.0,0.009270104579627514
4064375040.0,0.01741798035800457
4065312512.0,0.02543763443827629
4066249984.0,0.031414326280355453
4067187456.0,0.038033485412597656
4068124928.0,0.04104331508278847
4069062400.0,0.04515727236866951
4070000128.0,0.04616951569914818
4070937600.0,0.046250082552433014
4071875072.0,0.04538558050990105
4072812544.0,0.04284265264868736
4073750016.0,0.03920843079686165
4074687488.0,0.0353565439581871
4075624960.0,0.030171914026141167
4076562432.0,0.023752273991703987
4077499904.0,0.01715634949505329
4078437376.0,0.010319706052541733
4079375104.0,0.0014726881636306643
4080312576.0,-0.0065973964519798756
4081250048.0,-0.015708288177847862
4082187520.0,-0.024989066645503044
4083124992.0,-0.03471210226416588
4084062464.0,-0.0443103164434433
4084999936.0,-0.05455184727907181
4085937408.0,-0.06339436769485474
4086874880.0,-0.08798948675394058
4087812608.0,-0.0926646888256073
4088750080.0,-0.09720858931541443
4089687552.0,-0.10204393416643143
4090625024.0,-0.10466103255748749
4091562496.0,-0.10805470496416092
4092499968.0,-0.11077315360307693
4093437440.0,-0.11355538666248322
4094374912.0,-0.11524023860692978
4095312384.0,-0.11648473143577576
4096250112.0,-0.11838129162788391
4097187584.0,-0.1182699128985405
4098125056.0,-0.11969191581010818
4099062528.0,-0.12089897692203522
4100000000.0,-0.12243641912937164
4100937472.0,-0.12302331626415253
4101874944.0,-0.12544433772563934
4102812416.0,-0.12732070684432983
4103749888.0,-0.12823688983917236
4104687616.0,-0.1294625699520111
4105625088.0,-0.13046316802501678
4106562560.0,-0.13111969828605652
4107500032.0,-0.1322852224111557
4108437504.0,-0.13283571600914001
4109374976.0,-0.13462628424167633
4110312448.0,-0.13483865559101105
4111249920.0,-0.1357908546924591
4112187392.0,-0.13553303480148315
4113125120.0,-0.13675077259540558
4114062592.0,-0.13634203374385834
4115000064.0,-0.13628830015659332
4115937536.0,-0.13515383005142212
4116875008.0,-0.1341591626405716
4117812480.0,-0.13192684948444366
4118749952.0,-0.12966345250606537
4119687424.0,-0.12685196101665497
4120624896.0,-0.12423598021268845
4121562624.0,-0.12085163593292236
4122500096.0,-0.1173568144440651
4123437568.0,-0.11313638836145401
4124375040.0,-0.1103150025010109
4125312512.0,-0.10655967891216278
4126249984.0,-0.1017385795712471
4127187456.0,-0.09753749519586563
4128124928.0,-0.09312646090984344
4129062400.0,-0.08916544914245605
4129999872.0,-0.08486384898424149
4130937600.0,-0.08164359629154205
4131875072.0,-0.07794009894132614
4132812544.0,-0.07359864562749863
4133750016.0,-0.0709519311785698
4134687488.0,-0.06734484434127808
4135624960.0,-0.06445442140102386
4136562432.0,-0.06168179214000702
4137499904.0,-0.05900334194302559
4138437376.0,-0.05671919509768486
4139375104.0,-0.05496550351381302
4140312576.0,-0.052656389772892
4141250048.0,-0.05112645402550697
4142187520.0,-0.049612343311309814
4143124992.0,-0.048183709383010864
4144062464.0,-0.046959664672613144
4144999936.0,-0.04586557298898697
4145937408.0,-0.04341967776417732
4146874880.0,-0.08297955989837646
4147812608.0,-0.08421966433525085
4148750080.0,-0.08504237234592438
4149687552.0,-0.08477237820625305
4150625024.0,-0.08383695036172867
4151562496.0,-0.08157893270254135
4152499968.0,-0.07902344316244125
4153437440.0,-0.07695285230875015
4154374912.0,-0.0742114782333374
4155312384.0,-0.06979227811098099
4156250112.0,-0.06574458628892899
4157187584.0,-0.06136030703783035
4158125056.0,-0.056051213294267654
4159062528.0,-0.05050503462553024
4160000000.0,-0.045883215963840485
4160937472.0,-0.041596703231334686
4161874944.0,-0.035429298877716064
4162812416.0,-0.03148326650261879
4163749888.0,-0.02713151089847088
4164687616.0,-0.023469507694244385
4165625088.0,-0.02058110199868679
4166562560.0,-0.018221892416477203
4167500032.0,-0.0173485204577446
4168437504.0,-0.016788538545370102
4169374976.0,-0.016575414687395096
4170312448.0,-0.01755865290760994
4171249920.0,-0.018564628437161446
4172187392.0,-0.021198121830821037
4173125120.0,-0.023939037695527077
4174062592.0,-0.02646551840007305
4175000064.0,-0.029673436656594276
4175937536.0,-0.03423001244664192
4176875008.0,-0.038030363619327545
4177812480.0,-0.04314440116286278
4178749952.0,-0.047860532999038696
4179687424.0,-0.0531633198261261
4180624896.0,-0.0592544823884964
4181562624.0,-0.06568630784749985
4182500096.0,-0.07063489407300949
4183437568.0,-0.07648861408233643
4184375040.0,-0.08190431445837021
4185312512.0,-0.08585610240697861
4186249984.0,-0.09145686775445938
4187187456.0,-0.09513518959283829
4188124928.0,-0.09915393590927124
4189062400.0,-0.10348757356405258
4190000128.0,-0.10690773278474808
4190937600.0,-0.1107998713850975
4191875072.0,-0.11388698220252991
4192812544.0,-0.11688176542520523
4193750016.0,-0.12030987441539764
4194687488.0,-0.12365728616714478
4195624960.0,-0.12615595757961273
4196562432.0,-0.1302855908870697
4197499904.0,-0.1341468244791031
4198437376.0,-0.13706304132938385
4199375104.0,-0.14249540865421295
4200312576.0,-0.147684246301651
4201250048.0,-0.15372397005558014
4202187520.0,-0.15849660336971283
4203124992.0,-0.16351206600666046
4204062464.0,-0.16818372905254364
4204999936.0,-0.17392632365226746
4205937408.0,-0.17880390584468842
4206874880.0,-0.1693580597639084
4207812608.0,-0.1765616536140442
4208750080.0,-0.18173503875732422
4209687552.0,-0.18647652864456177
4210625024.0,-0.19040219485759735
4211562496.0,-0.19371940195560455
4212499968.0,-0.19619950652122498
4213437440.0,-0.19694019854068756
4214374912.0,-0.1972544938325882
4215312384.0,-0.19731874763965607
4216250112.0,-0.1946849673986435
4217187584.0,-0.1916167289018631
4218125056.0,-0.18686100840568542
4219062528.0,-0.17975164949893951
4220000000.0,-0.17239852249622345
4220937472.0,-0.16357558965682983
4221874944.0,-0.1536189615726471
4222812416.0,-0.14239415526390076
4223749888.0,-0.13004270195960999
4224687616.0,-0.11669053882360458
4225625088.0,-0.10193867981433868
4226562560.0,-0.08642011135816574
4227500032.0,-0.07021477073431015
4228437504.0,-0.05156642571091652
4229374976.0,-0.03509023040533066
4230312448.0,-0.018183594569563866
4231249920.0,-0.0006215247558429837
4232187392.0,0.015854675322771072
4233125120.0,0.031890857964754105
4234062592.0,0.047207191586494446
4235000064.0,0.062385786324739456
4235937536.0,0.07676170766353607
4236875008.0,0.09059978276491165
4237812480.0,0.10295147448778152
4238749952.0,0.11533384025096893
4239687424.0,0.12516500055789948
4240624896.0,0.13360367715358734
4241562624.0,0.1411886364221573
4242500096.0,0.14679673314094543
4243437568.0,0.15035943686962128
4244375040.0,0.15331827104091644
4245312512.0,0.15421226620674133
4246249984.0,0.15368850529193878
4247187456.0,0.15137794613838196
4248124928.0,0.1473073959350586
4249062400.0,0.1412205994129181
4249999872.0,0.13330529630184174
4250937600.0,0.12385302782058716
4251875072.0,0.11187063157558441
4252812544.0,0.09812840074300766
4253750016.0,0.08279000967741013
4254687488.0,0.0665278509259224
4255624960.0,0.04868214949965477
4256562432.0,0.02974485605955124
4257499904.0,0.009862278588116169
4258437376.0,-0.010371217504143715
4259375104.0,-0.031895920634269714
4260312576.0,-0.053687144070863724
4261250048.0,-0.0762743279337883
4262187520.0,-0.09842558950185776
4263124992.0,-0.12064269930124283
4264062464.0,-0.14343975484371185
4264999936.0,-0.16542433202266693
4265937408.0,-0.18612080812454224
4266874880.0,-0.19667381048202515
4267812608.0,-0.20590703189373016
4268750080.0,-0.21285519003868103
4269687552.0,-0.2207043170928955
4270625024.0,-0.22797097265720367
4271562496.0,-0.23497648537158966
4272499968.0,-0.24139854311943054
4273437440.0,-0.24587024748325348
4274374912.0,-0.2493230551481247
4275312384.0,-0.2510606348514557
4276250112.0,-0.25043970346450806
4277187584.0,-0.24915237724781036
4278125056.0,-0.24451367557048798
4279062528.0,-0.2376430481672287
4280000000.0,-0.22844794392585754
4280937472.0,-0.21700362861156464
4281874944.0,-0.20395494997501373
4282812416.0,-0.1868954598903656
4283749888.0,-0.17030078172683716
4284687616.0,-0.1516677290201187
4285625088.0,-0.13107329607009888
4286562560.0,-0.10929650068283081
4287500032.0,-0.08771442621946335
4288437504.0,-0.06335628032684326
4289374976.0,-0.03965532034635544
4290312448.0,-0.015642082318663597
4291249920.0,0.008199765346944332
4292187392.0,0.03141777217388153
4293125120.0,0.05445811152458191
4294062592.0,0.07623878121376038
4295000064.0,0.09671419858932495
4295937536.0,0.11555952578783035
4296875008.0,0.132998526096344
4297812480.0,0.14918123185634613
4298749952.0,0.1628846824169159
4299687424.0,0.1738734096288681
4300624896.0,0.18442462384700775
4301562368.0,0.19105543196201324
4302499840.0,0.19560807943344116
4303437312.0,0.19744561612606049
4304374784.0,0.19682709872722626
4305312256.0,0.19319553673267365
4306250240.0,0.18658868968486786
4307187712.0,0.17878837883472443
4308125184.0,0.16764234006404877
4309062656.0,0.1544197052717209
4310000128.0,0.13965867459774017
4310937600.0,0.12423735111951828
4311875072.0,0.10751380026340485
4312812544.0,0.08937987685203552
4313750016.0,0.07038512825965881
4314687488.0,0.051149461418390274
4315624960.0,0.030758660286664963
4316562432.0,0.010235280729830265
4317499904.0,-0.010626439936459064
4318437376.0,-0.030231336131691933
4319374848.0,-0.05114392191171646
4320312320.0,-0.06973294168710709
4321249792.0,-0.08795391768217087
4322187264.0,-0.10529835522174835
4323125248.0,-0.12047995626926422
4324062720.0,-0.13491132855415344
4325000192.0,-0.1474553942680359
4325937664.0,-0.15912052989006042
4326875136.0,-0.2173176109790802
4327812608.0,-0.21812297403812408
4328750080.0,-0.21500863134860992
4329687552.0,-0.21142975986003876
4330625024.0,-0.20594267547130585
4331562496.0,-0.19927118718624115
4332499968.0,-0.1919490247964859
4333437440.0,-0.18213814496994019
4334374912.0,-0.1743144541978836
4335312384.0,-0.16614142060279846
4336249856.0,-0.15552687644958496
4337187328.0,-0.14799825847148895
4338124800.0,-0.13910728693008423
4339062272.0,-0.13094209134578705
4339999744.0,-0.12307927757501602
4340937728.0,-0.11613316088914871
4341875200.0,-0.10995567589998245
4342812672.0,-0.10330801457166672
4343750144.0,-0.09768933802843094
4344687616.0,-0.09268061816692352
4345625088.0,-0.08810389041900635
4346562560.0,-0.08303459733724594
4347500032.0,-0.07999512553215027
4348437504.0,-0.0772971510887146
4349374976.0,-0.07629728317260742
4350312448.0,-0.07599617540836334
4351249920.0,-0.07625031471252441
4352187392.0,-0.07630961388349533
4353124864.0,-0.07701940834522247
4354062336.0,-0.07890812307596207
4354999808.0,-0.08114282786846161
4355937280.0,-0.0827745869755745
4356874752.0,-0.08486100286245346
4357812736.0,-0.08619161695241928
4358750208.0,-0.08794376999139786
4359687680.0,-0.09179356694221497
4360625152.0,-0.09593796730041504
4361562624.0,-0.09948574006557465
4362500096.0,-0.10302001982927322
4363437568.0,-0.1077793687582016
4364375040.0,-0.11232905089855194
4365312512.0,-0.11757468432188034
4366249984.0,-0.12187796831130981
4367187456.0,-0.1262454241514206
4368124928.0,-0.13122041523456573
4369062400.0,-0.13530351221561432
4369999872.0,-0.13871869444847107
4370937344.0,-0.1430596113204956
4371874816.0,-0.14641210436820984
4372812288.0,-0.14982262253761292
4373749760.0,-0.15275995433330536
4374687744.0,-0.15775395929813385
4375625216.0,-0.16262106597423553
4376562688.0,-0.16793978214263916
4377500160.0,-0.1749992072582245
4378437632.0,-0.18080316483974457
4379375104.0,-0.18892142176628113
4380312576.0,-0.19704076647758484
4381250048.0,-0.2058693915605545
4382187520.0,-0.2142833173274994
4383124992.0,-0.2235538214445114
4384062464.0,-0.23374192416667938
4384999936.0,-0.24426662921905518
4385937408.0,-0.25457948446273804
4386874880.0,-0.3239596486091614
4387812352.0,-0.33190011978149414
4388749824.0,-0.3381569981575012
4389687296.0,-0.3426026403903961
4390624768.0,-0.34552377462387085
4391562752.0,-0.34597447514533997
4392500224.0,-0.3444644808769226
4393437696.0,-0.34145820140838623
4394375168.0,-0.3374135494232178
4395312640.0,-0.331532746553421
4396250112.0,-0.3228710889816284
4397187584.0,-0.3127458393573761
4398125056.0,-0.30157729983329773
4399062528.0,-0.2896978259086609
4400000000.0,-0.2758960425853729
4400937472.0,-0.26171424984931946
4401874944.0,-0.24754634499549866
4402812416.0,-0.23023919761180878
4403749888.0,-0.2143060863018036
4404687360.0,-0.195917546749115
4405624832.0,-0.17767278850078583
4406562304.0,-0.16039416193962097
4407499776.0,-0.14305950701236725
4408437248.0,-0.1259031444787979
4409375232.0,-0.11006872355937958
4410312704.0,-0.09465254843235016
4411250176.0,-0.08120296150445938
4412187648.0,-0.069489024579525
4413125120.0,-0.05838372930884361
4414062592.0,-0.04823824390769005
4415000064.0,-0.040234655141830444
4415937536.0,-0.033972885459661484
4416875008.0,-0.030909789726138115
4417812480.0,-0.030521873384714127
4418749952.0,-0.03254758566617966
4419687424.0,-0.03672850877046585
4420624896.0,-0.04352333024144173
4421562368.0,-0.051552582532167435
4422499840.0,-0.0630778968334198
4423437312.0,-0.07602816075086594
4424374784.0,-0.09089269489049911
4425312256.0,-0.1064750999212265
4426250240.0,-0.12403234094381332
4427187712.0,-0.14327731728553772
4428125184.0,-0.16371464729309082
4429062656.0,-0.18540455400943756
4430000128.0,-0.20705729722976685
4430937600.0,-0.2289537936449051
4431875072.0,-0.2522124946117401
4432812544.0,-0.2756772041320801
4433750016.0,-0.2983163297176361
4434687488.0,-0.32047557830810547
4435624960.0,-0.3453119397163391
4436562432.0,-0.3680609464645386
4437499904.0,-0.3897480368614197
4438437376.0,-0.41178029775619507
4439374848.0,-0.4312748312950134
4440312320.0,-0.45078766345977783
4441249792.0,-0.4692958891391754
4442187264.0,-0.4847966134548187
4443125248.0,-0.4997064471244812
4444062720.0,-0.5130575299263
4445000192.0,-0.5228120684623718
4445937664.0,-0.5327188372612
4446875136.0,-0.5436826348304749
4447812608.0,-0.551749050617218
4448750080.0,-0.5570707321166992
4449687552.0,-0.5590966939926147
4450625024.0,-0.5597553849220276
4451562496.0,-0.5576013326644897
4452499968.0,-0.5520172715187073
4453437440.0,-0.5456603765487671
4454374912.0,-0.5376695990562439
4455312384.0,-0.528633177280426
4456249856.0,-0.5181368589401245
4457187328.0,-0.5048933625221252
4458124800.0,-0.4904581904411316
4459062272.0,-0.4758712947368622
4460000256.0,-0.45946046710014343
4460937728.0,-0.44328197836875916
4461875200.0,-0.4245447516441345
4462812672.0,-0.4069754183292389
4463750144.0,-0.39100006222724915
4464687616.0,-0.3724786937236786
4465625088.0,-0.35722124576568604
4466562560.0,-0.34080639481544495
4467500032.0,-0.3258585035800934
4468437504.0,-0.31196069717407227
4469374976.0,-0.2975791394710541
4470312448.0,-0.2857759892940521
4471249920.0,-0.27387022972106934
4472187392.0,-0.2647861838340759
4473124864.0,-0.2574813961982727
4474062336.0,-0.2520067095756531
4474999808.0,-0.24785740673542023
4475937280.0,-0.24541056156158447
4476874752.0,-0.24521026015281677
4477812736.0,-0.2472791224718094
4478750208.0,-0.25229889154434204
4479687680.0,-0.2596968114376068
4480625152.0,-0.269321084022522
4481562624.0,-0.2816581130027771
4482500096.0,-0.2949254512786865
4483437568.0,-0.312422513961792
4484375040.0,-0.331616073846817
4485312512.0,-0.35211503505706787
4486249984.0,-0.3751034140586853
4487187456.0,-0.40052908658981323
4488124928.0,-0.426947683095932
4489062400.0,-0.45381131768226624
4489999872.0,-0.4825473427772522
4490937344.0,-0.5100432634353638
4491874816.0,-0.5395514965057373
4492812288.0,-0.5709080696105957
4493749760.0,-0.6020780801773071
4494687744.0,-0.6329659223556519
4495625216.0,-0.6653149127960205
4496562688.0,-0.6975375413894653
4497500160.0,-0.7309532165527344
4498437632.0,-0.7636882066726685
4499375104.0,-0.7954046726226807
4500312576.0,-0.8240993022918701
4501250048.0,-0.8544780015945435
4502187520.0,-0.8820353150367737
4503124992.0,-0.9079294204711914
4504062464.0,-0.9308192133903503
4504999936.0,-0.9520642161369324
4505937408.0,-0.9710825681686401
4506874880.0,-0.9380328059196472
4507812352.0,-0.9535272717475891
4508749824.0,-0.9658086895942688
4509687296.0,-0.9758257865905762
4510624768.0,-0.9820515513420105
4511562752.0,-0.9855197072029114
4512500224.0,-0.9869335293769836
4513437696.0,-0.9835807085037231
4514375168.0,-0.979390561580658
4515312640.0,-0.9715794920921326
4516250112.0,-0.9600045084953308
4517187584.0,-0.9463706612586975
4518125056.0,-0.9322544932365417
4519062528.0,-0.9167072176933289
4520000000.0,-0.9020867347717285
4520937472.0,-0.8851760625839233
4521874944.0,-0.8685497045516968
4522812416.0,-0.8514441251754761
4523749888.0,-0.8341177701950073
4524687360.0,-0.8182919025421143
4525624832.0,-0.8044286966323853
4526562304.0,-0.7920833230018616
4527499776.0,-0.7805152535438538
4528437248.0,-0.7715138792991638
4529375232.0,-0.7634217143058777
4530312704.0,-0.7575156688690186
4531250176.0,-0.7542885541915894
4532187648.0,-0.7541963458061218
4533125120.0,-0.7572581171989441
4534062592.0,-0.7651597261428833
4535000064.0,-0.7770686149597168
4535937536.0,-0.7934659719467163
4536875008.0,-0.8132647275924683
4537812480.0,-0.8358548879623413
4538749952.0,-0.8606939315795898
4539687424.0,-0.8880919814109802
4540624896.0,-0.9188857674598694
4541562368.0,-0.9520184397697449
4542499840.0,-0.9881661534309387
4543437312.0,-1.028384804725647
4544374784.0,-1.0703153610229492
4545312256.0,-1.1158989667892456
4546250240.0,-1.1665598154067993
4547187712.0,-1.2202870845794678
4548125184.0,-1.2775585651397705
4549062656.0,-1.3376364707946777
4550000128.0,-1.3989641666412354
4550937600.0,-1.4638023376464844
4551875072.0,-1.528597354888916
4552812544.0,-1.5968120098114014
4553750016.0,-1.6659613847732544
4554687488.0,-1.7380812168121338
4555624960.0,-1.8103588819503784
4556562432.0,-1.8815771341323853
4557499904.0,-1.9528942108154297
4558437376.0,-2.0220346450805664
4559374848.0,-2.0924742221832275
4560312320.0,-2.162891387939453
4561249792.0,-2.231440782546997
4562187264.0,-2.299450159072876
4563125248.0,-2.366929769515991
4564062720.0,-2.432156801223755
4565000192.0,-2.494126319885254
4565937664.0,-2.5553107261657715
4566875136.0,-2.425074815750122
4567812608.0,-2.4591851234436035
4568750080.0,-2.4914329051971436
4569687552.0,-2.5237820148468018
4570625024.0,-2.5570287704467773
4571562496.0,-2.590693950653076
4572499968.0,-2.62339186668396
4573437440.0,-2.656287670135498
4574374912.0,-2.688894748687744
4575312384.0,-2.721410036087036
4576249856.0,-2.754128932952881
4577187328.0,-2.7899765968322754
4578124800.0,-2.8288352489471436
4579062272.0,-2.869861125946045
4579999744.0,-2.9091598987579346
4580937728.0,-2.9455106258392334
4581875200.0,-2.978344202041626
4582812672.0,-3.011239528656006
4583750144.0,-3.043689012527466
4584687616.0,-3.078084707260132
4585625088.0,-3.114663600921631
4586562560.0,-3.151276111602783
4587500032.0,-3.1875619888305664
4588437504.0,-3.2228574752807617
4589374976.0,-3.2559871673583984
4590312448.0,-3.288046360015869
4591249920.0,-3.319969892501831
4592187392.0,-3.3523967266082764
4593124864.0,-3.387603521347046
4594062336.0,-3.428637742996216
4594999808.0,-3.473395347595215
4595937280.0,-3.5191056728363037
4596874752.0,-3.5664587020874023
4597812736.0,-3.6130146980285645
4598750208.0,-3.658820629119873
4599687680.0,-3.705047607421875
4600625152.0,-3.7548933029174805
4601562624.0,-3.808079481124878
4602500096.0,-3.862622022628784
4603437568.0,-3.9174745082855225
4604375040.0,-3.9720404148101807
4605312512.0,-4.025481224060059
4606249984.0,-4.0752105712890625
4607187456.0,-4.123908996582031
4608124928.0,-4.168680191040039
4609062400.0,-4.212611198425293
4609999872.0,-4.250723361968994
4610937344.0,-4.283850193023682
4611874816.0,-4.313477039337158
4612812288.0,-4.344738006591797
4613749760.0,-4.375369548797607
4614687744.0,-4.406691074371338
4615625216.0,-4.43581485748291
4616562688.0,-4.457769870758057
4617500160.0,-4.472658634185791
4618437632.0,-4.483584403991699
4619375104.0,-4.487849712371826
4620312576.0,-4.488995552062988
4621250048.0,-4.486788272857666
4622187520.0,-4.482219696044922
4623124992.0,-4.476044178009033
4624062464.0,-4.467016220092773
4624999936.0,-4.4561662673950195
4625937408.0,-4.43998384475708
4626874880.0,-4.600568771362305
4627812352.0,-4.558375835418701
4628749824.0,-4.514547824859619
4629687296.0,-4.460188865661621
4630624768.0,-4.398128032684326
4631562752.0,-4.326770782470703
4632500224.0,-4.250576496124268
4633437696.0,-4.168144702911377
4634375168.0,-4.08123254776001
4635312640.0,-3.990781307220459
4636250112.0,-3.897233724594116
4637187584.0,-3.8003342151641846
4638125056.0,-3.699756622314453
4639062528.0,-3.5948100090026855
4640000000.0,-3.4840309619903564
4640937472.0,-3.370863199234009
4641874944.0,-3.2548742294311523
4642812416.0,-3.1391642093658447
4643749888.0,-3.0218372344970703
4644687360.0,-2.9091176986694336
4645624832.0,-2.7967050075531006
4646562304.0,-2.685474395751953
4647499776.0,-2.5764381885528564
4648437248.0,-2.471261739730835
4649375232.0,-2.370979070663452
4650312704.0,-2.2768352031707764
4651250176.0,-2.1849629878997803
4652187648.0,-2.09973406791687
4653125120.0,-2.0164573192596436
4654062592.0,-1.9398629665374756
4655000064.0,-1.8674242496490479
4655937536.0,-1.8000774383544922
4656875008.0,-1.7387357950210571
4657812480.0,-1.6818296909332275
4658749952.0,-1.6291438341140747
4659687424.0,-1.579749584197998
4660624896.0,-1.536571741104126
4661562368.0,-1.4968563318252563
4662499840.0,-1.4613983631134033
4663437312.0,-1.4283140897750854
4664374784.0,-1.4017136096954346
4665312256.0,-1.3771947622299194
4666250240.0,-1.3569248914718628
4667187712.0,-1.3377532958984375
4668125184.0,-1.322561502456665
4669062656.0,-1.3074800968170166
4670000128.0,-1.2954192161560059
4670937600.0,-1.2844886779785156
4671875072.0,-1.274996042251587
4672812544.0,-1.2669320106506348
4673750016.0,-1.2586060762405396
4674687488.0,-1.2513033151626587
4675624960.0,-1.2435541152954102
4676562432.0,-1.235714077949524
4677499904.0,-1.226706624031067
4678437376.0,-1.2163774967193604
4679374848.0,-1.2060742378234863
4680312320.0,-1.194063663482666
4681249792.0,-1.1800897121429443
4682187264.0,-1.1644845008850098
4683125248.0,-1.1456525325775146
4684062720.0,-1.1258386373519897
4685000192.0,-1.1049957275390625
4685937664.0,-1.0828546285629272
4686875136.0,-1.084304928779602
4687812608.0,-1.0582389831542969
4688750080.0,-1.0306180715560913
4689687552.0,-1.0029886960983276
4690625024.0,-0.9721666574478149
4691562496.0,-0.9414805173873901
4692499968.0,-0.9105384349822998
4693437440.0,-0.8791869282722473
4694374912.0,-0.8469974994659424
4695312384.0,-0.8154076933860779
4696249856.0,-0.7824150323867798
4697187328.0,-0.7493129372596741
4698124800.0,-0.7178017497062683
4699062272.0,-0.6851546168327332
4700000256.0,-0.6530478000640869
4700937728.0,-0.6210218667984009
4701875200.0,-0.5891017913818359
4702812672.0,-0.557563841342926
4703750144.0,-0.5275114178657532
4704687616.0,-0.49829989671707153
4705625088.0,-0.4704485237598419
4706562560.0,-0.44491100311279297
4707500032.0,-0.4193793833255768
4708437504.0,-0.3961693048477173
4709374976.0,-0.3739849925041199
4710312448.0,-0.3532372713088989
4711249920.0,-0.3351746201515198
4712187392.0,-0.3190595805644989
4713124864.0,-0.302863746881485
4714062336.0,-0.2906346917152405
4714999808.0,-0.2777383625507355
4715937280.0,-0.2691260874271393
4716874752.0,-0.26115772128105164
4717812736.0,-0.25522902607917786
4718750208.0,-0.2514512240886688
4719687680.0,-0.24887843430042267
4720625152.0,-0.2499103993177414
4721562624.0,-0.25208356976509094
4722500096.0,-0.25688302516937256
4723437568.0,-0.2629566490650177
4724375040.0,-0.27160823345184326
4725312512.0,-0.2800040543079376
4726249984.0,-0.2905886471271515
4727187456.0,-0.30356818437576294
4728124928.0,-0.31762373447418213
4729062400.0,-0.3319721221923828
4729999872.0,-0.3475278913974762
4730937344.0,-0.36285457015037537
4731874816.0,-0.3806414306163788
4732812288.0,-0.39684194326400757
4733749760.0,-0.41383472084999084
4734687744.0,-0.43294811248779297
4735625216.0,-0.44990426301956177
4736562688.0,-0.4686673879623413
4737500160.0,-0.48860958218574524
4738437632.0,-0.5054157376289368
4739375104.0,-0.5231583714485168
4740312576.0,-0.5397420525550842
4741250048.0,-0.5550560355186462
4742187520.0,-0.5701560378074646
4743124992.0,-0.5823794603347778
4744062464.0,-0.5930889248847961
4744999936.0,-0.6022500395774841
4745937408.0,-0.6105092167854309
4746874880.0,-0.42612773180007935
4747812352.0,-0.42584362626075745
4748749824.0,-0.4254459738731384
4749687296.0,-0.4245685338973999
4750624768.0,-0.4239230453968048
4751562752.0,-0.4215601980686188
4752500224.0,-0.41825830936431885
4753437696.0,-0.41550976037979126
4754375168.0,-0.4119340181350708
4755312640.0,-0.4082464277744293
4756250112.0,-0.4027618169784546
4757187584.0,-0.39738011360168457
4758125056.0,-0.3913801908493042
4759062528.0,-0.38486331701278687
4760000000.0,-0.3791762590408325
4760937472.0,-0.37111806869506836
4761874944.0,-0.363191694021225
4762812416.0,-0.35450655221939087
4763749888.0,-0.34603744745254517
4764687360.0,-0.33582425117492676
4765624832.0,-0.32653340697288513
4766562304.0,-0.31506508588790894
4767499776.0,-0.3044864535331726
4768437248.0,-0.2930850386619568
4769375232.0,-0.2803927958011627
4770312704.0,-0.26723557710647583
4771250176.0,-0.2527048885822296
4772187648.0,-0.23735390603542328
4773125120.0,-0.22086648643016815
4774062592.0,-0.2026764452457428
4775000064.0,-0.18607132136821747
4775937536.0,-0.1668718308210373
4776875008.0,-0.148188516497612
4777812480.0,-0.12889643013477325
4778749952.0,-0.10778962075710297
4779687424.0,-0.08793248236179352
4780624896.0,-0.06686215847730637
4781562368.0,-0.04528746008872986
4782499840.0,-0.024598103016614914
4783437312.0,-0.003413761267438531
4784374784.0,0.01734715700149536
4785312256.0,0.038293130695819855
4786250240.0,0.0575522743165493
4787187712.0,0.07588939368724823
4788125184.0,0.09477130323648453
4789062656.0,0.1114581748843193
4790000128.0,0.12633934617042542
4790937600.0,0.14115306735038757
4791875072.0,0.15337695181369781
4792812544.0,0.16406969726085663
4793750016.0,0.17297278344631195
4794687488.0,0.17897166311740875
4795624960.0,0.18396246433258057
4796562432.0,0.18428105115890503
4797499904.0,0.18424877524375916
4798437376.0,0.17991051077842712
4799374848.0,0.17384296655654907
4800312320.0,0.16582247614860535
4801249792.0,0.15397900342941284
4802187264.0,0.13943427801132202
4803125248.0,0.12279314547777176
4804062720.0,0.10283404588699341
4805000192.0,0.08287455141544342
4805937664.0,0.059129390865564346
4806875136.0,-0.21609936654567719
4807812608.0,-0.22106967866420746
4808750080.0,-0.22625549137592316
4809687552.0,-0.23282240331172943
4810625024.0,-0.23750697076320648
4811562496.0,-0.2435389906167984
4812499968.0,-0.24821175634860992
4813437440.0,-0.25303128361701965
4814374912.0,-0.25696125626564026
4815312384.0,-0.260715514421463
4816249856.0,-0.26380932331085205
4817187328.0,-0.26589229702949524
4818124800.0,-0.2670358121395111
4819062272.0,-0.2679017186164856
4819999744.0,-0.2668473422527313
4820937728.0,-0.2662271559238434
4821875200.0,-0.2633296549320221
4822812672.0,-0.2593948245048523
4823750144.0,-0.25508108735084534
4824687616.0,-0.24985888600349426
4825625088.0,-0.24390266835689545
4826562560.0,-0.23577967286109924
4827500032.0,-0.22782717645168304
4828437504.0,-0.21845991909503937
4829374976.0,-0.20997634530067444
4830312448.0,-0.19956444203853607
4831249920.0,-0.18889664113521576
4832187392.0,-0.17906247079372406
4833124864.0,-0.16821534931659698
4834062336.0,-0.15733058750629425
4834999808.0,-0.14716117084026337
4835937280.0,-0.13604754209518433
4836874752.0,-0.12566028535366058
4837812736.0,-0.11651862412691116
4838750208.0,-0.1076931580901146
4839687680.0,-0.09934435039758682
4840625152.0,-0.09283270686864853
4841562624.0,-0.08600429445505142
4842500096.0,-0.0822339877486229
4843437568.0,-0.079507976770401
4844375040.0,-0.0786692202091217
4845312512.0,-0.07897591590881348
4846249984.0,-0.08000047504901886
4847187456.0,-0.08448284864425659
4848124928.0,-0.08929700404405594
4849062400.0,-0.09603489935398102
4849999872.0,-0.10258866846561432
4850937344.0,-0.11171412467956543
4851874816.0,-0.12240099906921387
4852812288.0,-0.13357582688331604
4853749760.0,-0.14622482657432556
4854687744.0,-0.15965509414672852
4855625216.0,-0.17345011234283447
4856562688.0,-0.18825578689575195
4857500160.0,-0.20143873989582062
4858437632.0,-0.21632257103919983
4859375104.0,-0.23076769709587097
4860312576.0,-0.24506281316280365
4861250048.0,-0.25874000787734985
4862187520.0,-0.27163711190223694
4863124992.0,-0.2831607758998871
4864062464.0,-0.2933652400970459
4864999936.0,-0.3024868071079254
4865937408.0,-0.30958688259124756
4866874880.0,-0.29284051060676575
4867812352.0,-0.2993946671485901
4868749824.0,-0.3056579828262329
4869687296.0,-0.31055742502212524
4870624768.0,-0.315263956785202
4871562752.0,-0.31897589564323425
4872500224.0,-0.3217412233352661
4873437696.0,-0.32305672764778137
4874375168.0,-0.3234245479106903
4875312640.0,-0.32318657636642456
4876250112.0,-0.32100188732147217
4877187584.0,-0.3184490501880646
4878125056.0,-0.3152507543563843
4879062528.0,-0.31022194027900696
4880000000.0,-0.3051503598690033
4880937472.0,-0.29836493730545044
4881874944.0,-0.2910866141319275
4882812416.0,-0.2829267978668213
4883749888.0,-0.2732084095478058
4884687360.0,-0.2639254629611969
4885624832.0,-0.2526490092277527
4886562304.0,-0.24140524864196777
4887499776.0,-0.22992251813411713
4888437248.0,-0.21726833283901215
4889375232.0,-0.20383410155773163
4890312704.0,-0.19054293632507324
4891250176.0,-0.17729274928569794
4892187648.0,-0.16354230046272278
4893125120.0,-0.14959333837032318
4894062592.0,-0.13438569009304047
4895000064.0,-0.12145816534757614
4895937536.0,-0.10589703172445297
4896875008.0,-0.0918053388595581
4897812480.0,-0.07846145331859589
4898749952.0,-0.06494612991809845
4899687424.0,-0.052343063056468964
4900624896.0,-0.04126331955194473
4901562368.0,-0.02988707274198532
4902499840.0,-0.020989442244172096
4903437312.0,-0.012353524565696716
4904374784.0,-0.0046163080260157585
4905312256.0,0.001123641850426793
4906250240.0,0.006143826059997082
4907187712.0,0.009458393789827824
4908125184.0,0.011457598768174648
4909062656.0,0.012259203940629959
4910000128.0,0.012220650911331177
4910937600.0,0.009492934681475163
4911875072.0,0.006912326440215111
4912812544.0,0.0029045897535979748
4913750016.0,-0.001232498325407505
4914687488.0,-0.007760223932564259
4915624960.0,-0.015220580622553825
4916562432.0,-0.022521471604704857
4917499904.0,-0.032026320695877075
4918437376.0,-0.041495710611343384
4919374848.0,-0.05151844397187233
4920312320.0,-0.0634320080280304
4921249792.0,-0.0741235613822937
4922187264.0,-0.08629901707172394
4923125248.0,-0.0990883857011795
4924062720.0,-0.1121540367603302
4925000192.0,-0.12457198649644852
4925937664.0,-0.18444539606571198
4926875136.0,-0.18596918880939484
4927812608.0,-0.1879071146249771
4928750080.0,-0.18861593306064606
4929687552.0,-0.18908658623695374
4930625024.0,-0.18895284831523895
4931562496.0,-0.1895494908094406
4932499968.0,-0.18898284435272217
4933437440.0,-0.18726633489131927
4934374912.0,-0.18564055860042572
4935312384.0,-0.18391633033752441
4936249856.0,-0.1811406910419464
4937187328.0,-0.17762692272663116
4938124800.0,-0.17396223545074463
4939062272.0,-0.16920512914657593
4940000256.0,-0.163362056016922
4940937728.0,-0.15736578404903412
4941875200.0,-0.150663822889328
4942812672.0,-0.14280594885349274
4943750144.0,-0.13524506986141205
4944687616.0,-0.12593668699264526
4945625088.0,-0.11646411567926407
4946562560.0,-0.1068606898188591
4947500032.0,-0.09693494439125061
4948437504.0,-0.08621983230113983
4949374976.0,-0.07531615346670151
4950312448.0,-0.06438536942005157
4951249920.0,-0.05249296501278877
4952187392.0,-0.04194662347435951
4953124864.0,-0.030733440071344376
4954062336.0,-0.020839737728238106
4954999808.0,-0.011162718757987022
4955937280.0,-0.0008895060745999217
4956874752.0,0.00766794104129076
4957812736.0,0.016525665298104286
4958750208.0,0.02509314753115177
4959687680.0,0.032300349324941635
4960625152.0,0.03871559724211693
4961562624.0,0.04381900653243065
4962500096.0,0.04819946363568306
4963437568.0,0.0519607774913311
4964375040.0,0.054301559925079346
4965312512.0,0.055233996361494064
4966249984.0,0.055210720747709274
4967187456.0,0.053801726549863815
4968124928.0,0.050915151834487915
4969062400.0,0.04736090451478958
4969999872.0,0.042258989065885544
4970937344.0,0.03668425977230072
4971874816.0,0.029260164126753807
4972812288.0,0.021182028576731682
4973749760.0,0.013666626065969467
4974687744.0,0.003285234561190009
4975625216.0,-0.005475176963955164
4976562688.0,-0.01490491908043623
4977500160.0,-0.025540761649608612
4978437632.0,-0.0352630689740181
4979375104.0,-0.04513789713382721
4980312576.0,-0.05616891756653786
4981250048.0,-0.0668821856379509
4982187520.0,-0.07678625732660294
4983124992.0,-0.08518756181001663
4984062464.0,-0.09395921975374222
4984999936.0,-0.10308899730443954
4985937408.0,-0.14551986753940582
4986874880.0,-0.15554916858673096
4987812352.0,-0.16519033908843994
4988749824.0,-0.17353498935699463
4989687296.0,-0.17949031293392181
4990624768.0,-0.18571755290031433
4991562752.0,-0.1894986778497696
4992500224.0,-0.1926569789648056
4993437696.0,-0.19494879245758057
4994375168.0,-0.1951427161693573
4995312640.0,-0.19324994087219238
4996250112.0,-0.1923029124736786
4997187584.0,-0.18668511509895325
4998125056.0,-0.18219052255153656
4999062528.0,-0.1758345365524292
5000000000.0,-0.1700931042432785
5000937472.0,-0.1603688895702362
5001874944.0,-0.15148064494132996
5002812416.0,-0.1416361778974533
5003749888.0,-0.13051296770572662
5004687360.0,-0.11970113217830658
5005624832.0,-0.1074911504983902
5006562304.0,-0.09509068727493286
5007499776.0,-0.08312192559242249
5008437248.0,-0.07039110362529755
5009375232.0,-0.05773003771901131
5010312704.0,-0.045744944363832474
5011250176.0,-0.03413030132651329
5012187648.0,-0.02310287579894066
5013125120.0,-0.011626253835856915
5014062592.0,-0.0010582231916487217
5015000064.0,0.007546553388237953
5015937536.0,0.018203290179371834
5016875008.0,0.026323631405830383
5017812480.0,0.03398748114705086
5018749952.0,0.041258763521909714
5019687424.0,0.047181904315948486
5020624896.0,0.052049536257982254
5021562368.0,0.05672651156783104
5022499840.0,0.05947276949882507
5023437312.0,0.06249063089489937
5024374784.0,0.06388207525014877
5025312256.0,0.06424877792596817
5026250240.0,0.0638979971408844
5027187712.0,0.062391240149736404
5028125184.0,0.05976773053407669
5029062656.0,0.05756162852048874
5030000128.0,0.05229957774281502
5030937600.0,0.04780083894729614
5031875072.0,0.04248669371008873
5032812544.0,0.03616354614496231
5033750016.0,0.02847088873386383
5034687488.0,0.02138032205402851
5035624960.0,0.012223589234054089
5036562432.0,0.004790645092725754
5037499904.0,-0.00240612355992198
5038437376.0,-0.012212373316287994
5039374848.0,-0.01994193159043789
5040312320.0,-0.029139114543795586
5041249792.0,-0.03693573921918869
5042187264.0,-0.046939462423324585
5043125248.0,-0.054195959120988846
5044062720.0,-0.06415769457817078
5045000192.0,-0.07270314544439316
5045937664.0,-0.0899413675069809
5046875136.0,-0.09864924848079681
5047812608.0,-0.10691326856613159
5048750080.0,-0.1153532937169075
5049687552.0,-0.1225200891494751
5050625024.0,-0.13076889514923096
5051562496.0,-0.1364586353302002
5052499968.0,-0.14314036071300507
5053437440.0,-0.1493033468723297
5054374912.0,-0.15423163771629333
5055312384.0,-0.15901349484920502
5056249856.0,-0.162362739443779
5057187328.0,-0.1639614999294281
5058124800.0,-0.16687580943107605
5059062272.0,-0.1677706092596054
5059999744.0,-0.16867157816886902
5060937728.0,-0.16725637018680573
5061875200.0,-0.1665714830160141
5062812672.0,-0.16491273045539856
5063750144.0,-0.16333530843257904
5064687616.0,-0.16009566187858582
5065625088.0,-0.15571141242980957
5066562560.0,-0.15106812119483948
5067500032.0,-0.1448182761669159
5068437504.0,-0.1393532156944275
5069374976.0,-0.13334017992019653
5070312448.0,-0.12648814916610718
5071249920.0,-0.11991866677999496
5072187392.0,-0.11258199065923691
5073124864.0,-0.10676597058773041
5074062336.0,-0.09874113649129868
5074999808.0,-0.0921456515789032
5075937280.0,-0.08469302952289581
5076874752.0,-0.07707308977842331
5077812736.0,-0.07060851901769638
5078750208.0,-0.06359133869409561
5079687680.0,-0.057084694504737854
5080625152.0,-0.05159090831875801
5081562624.0,-0.04564419016242027
5082500096.0,-0.040509384125471115
5083437568.0,-0.035345420241355896
5084375040.0,-0.030797241255640984
5085312512.0,-0.027180135250091553
5086249984.0,-0.023879628628492355
5087187456.0,-0.021205605939030647
5088124928.0,-0.0195067897439003
5089062400.0,-0.018479125574231148
5089999872.0,-0.016866005957126617
5090937344.0,-0.01637781783938408
5091874816.0,-0.016949081793427467
5092812288.0,-0.017547396942973137
5093749760.0,-0.017778128385543823
5094687744.0,-0.02002902701497078
5095625216.0,-0.021932784467935562
5096562688.0,-0.024027643725275993
5097500160.0,-0.027178548276424408
5098437632.0,-0.030727224424481392
5099375104.0,-0.03359203785657883
5100312576.0,-0.03654452785849571
5101250048.0,-0.04129256680607796
5102187520.0,-0.04550737515091896
5103124992.0,-0.049636490643024445
5104062464.0,-0.05386972054839134
5104999936.0,-0.05830501765012741
5105937408.0,-0.13136428594589233
5106874880.0,-0.13695870339870453
5107812352.0,-0.14009712636470795
5108749824.0,-0.14518173038959503
5109687296.0,-0.14812259376049042
5110624768.0,-0.15035034716129303
5111562752.0,-0.15124180912971497
5112500224.0,-0.15194635093212128
5113437696.0,-0.1523372083902359
5114375168.0,-0.15176282823085785
5115312640.0,-0.1503404676914215
5116250112.0,-0.14840179681777954
5117187584.0,-0.14605756103992462
5118125056.0,-0.14175738394260406
5119062528.0,-0.13761651515960693
5120000000.0,-0.13487198948860168
5120937472.0,-0.12993304431438446
5121874944.0,-0.12500296533107758
5122812416.0,-0.11983025074005127
5123749888.0,-0.11513886600732803
5124687360.0,-0.10951505601406097
5125624832.0,-0.10462818294763565
5126562304.0,-0.10006755590438843
5127499776.0,-0.0951564684510231
5128437248.0,-0.08973419666290283
5129375232.0,-0.08566219359636307
5130312704.0,-0.08045455813407898
5131250176.0,-0.07569347321987152
5132187648.0,-0.06969700753688812
5133125120.0,-0.06471754610538483
5134062592.0,-0.06065281853079796
5135000064.0,-0.05650179088115692
5135937536.0,-0.05301070585846901
5136875008.0,-0.05104890465736389
5137812480.0,-0.04846351221203804
5138749952.0,-0.04591904953122139
5139687424.0,-0.04566456377506256
5140624896.0,-0.04406137764453888
5141562368.0,-0.04480103775858879
5142499840.0,-0.04606829583644867
5143437312.0,-0.047598499804735184
5144374784.0,-0.04983837530016899
5145312256.0,-0.05377661809325218
5146250240.0,-0.05682600662112236
5147187712.0,-0.06003499776124954
5148125184.0,-0.06434153765439987
5149062656.0,-0.06866016983985901
5150000128.0,-0.07257580757141113
5150937600.0,-0.07756337523460388
5151875072.0,-0.08300721645355225
5152812544.0,-0.08812494575977325
5153750016.0,-0.09430278092622757
5154687488.0,-0.10080313682556152
5155624960.0,-0.10817217826843262
5156562432.0,-0.11511777341365814
5157499904.0,-0.1226748526096344
5158437376.0,-0.1316213309764862
5159374848.0,-0.13916657865047455
5160312320.0,-0.1472560465335846
5161249792.0,-0.15533798933029175
5162187264.0,-0.1646559238433838
5163125248.0,-0.17297309637069702
5164062720.0,-0.1818126142024994
5165000192.0,-0.19057710468769073
5165937664.0,-0.19058503210544586
5166875136.0,-0.20236505568027496
5167812608.0,-0.2125718742609024
5168750080.0,-0.22175437211990356
5169687552.0,-0.22981762886047363
5170625024.0,-0.23692554235458374
5171562496.0,-0.24196484684944153
5172499968.0,-0.2469756305217743
5173437440.0,-0.24904803931713104
5174374912.0,-0.25089067220687866
5175312384.0,-0.2515397071838379
5176249856.0,-0.24949310719966888
5177187328.0,-0.24657027423381805
5178124800.0,-0.2429180145263672
5179062272.0,-0.23782764375209808
5180000256.0,-0.23160862922668457
5180937728.0,-0.22573693096637726
5181875200.0,-0.2168225347995758
5182812672.0,-0.20717240869998932
5183750144.0,-0.19768190383911133
5184687616.0,-0.18727293610572815
5185625088.0,-0.17672739923000336
5186562560.0,-0.16531634330749512
5187500032.0,-0.15285663306713104
5188437504.0,-0.14001202583312988
5189374976.0,-0.12753604352474213
5190312448.0,-0.1149887666106224
5191249920.0,-0.10249532759189606
5192187392.0,-0.0893477275967598
5193124864.0,-0.07656209170818329
5194062336.0,-0.06392297893762589
5194999808.0,-0.05090209096670151
5195937280.0,-0.03923261538147926
5196874752.0,-0.0293485838919878
5197812736.0,-0.019045745953917503
5198750208.0,-0.010104047134518623
5199687680.0,-0.001788954483345151
5200625152.0,0.0052332887426018715
5201562624.0,0.011283999308943748
5202500096.0,0.015860676765441895
5203437568.0,0.019755177199840546
5204375040.0,0.02217290550470352
5205312512.0,0.02342691831290722
5206249984.0,0.02452726848423481
5207187456.0,0.023900305852293968
5208124928.0,0.021841734647750854
5209062400.0,0.018687283620238304
5209999872.0,0.01385567057877779
5210937344.0,0.008286898955702782
5211874816.0,0.0013318428536877036
5212812288.0,-0.00692200381308794
5213749760.0,-0.016712820157408714
5214687744.0,-0.02622992731630802
5215625216.0,-0.038824599236249924
5216562688.0,-0.05195748433470726
5217500160.0,-0.06610547006130219
5218437632.0,-0.0810999646782875
5219375104.0,-0.09807310998439789
5220312576.0,-0.11444571614265442
5221250048.0,-0.13152050971984863
5222187520.0,-0.14823129773139954
5223124992.0,-0.16549326479434967
5224062464.0,-0.18144288659095764
5224999936.0,-0.19823461771011353
5225937408.0,-0.20789985358715057
5226874880.0,-0.22282946109771729
5227812352.0,-0.23491720855236053
5228749824.0,-0.2469179928302765
5229687296.0,-0.25861504673957825
5230624768.0,-0.2695695161819458
5231562752.0,-0.2777961492538452
5232500224.0,-0.28589311242103577
5233437696.0,-0.2913438677787781
5234375168.0,-0.2950490117073059
5235312640.0,-0.2963303029537201
5236250112.0,-0.29568102955818176
5237187584.0,-0.2927726209163666
5238125056.0,-0.2886814773082733
5239062528.0,-0.2826480567455292
5240000000.0,-0.2735810875892639
5240937472.0,-0.2643870711326599
5241874944.0,-0.25209417939186096
5242812416.0,-0.2388584315776825
5243749888.0,-0.22541780769824982
5244687360.0,-0.21034593880176544
5245624832.0,-0.19569946825504303
5246562304.0,-0.17858484387397766
5247499776.0,-0.1613808125257492
5248437248.0,-0.14341917634010315
5249375232.0,-0.12581279873847961
5250312704.0,-0.10738355666399002
5251250176.0,-0.09089145064353943
5252187648.0,-0.07244414836168289
5253125120.0,-0.05617909133434296
5254062592.0,-0.039923664182424545
5255000064.0,-0.02483184076845646
5255937536.0,-0.010339288972318172
5256875008.0,0.002757310401648283
5257812480.0,0.015039447695016861
5258749952.0,0.02551322616636753
5259687424.0,0.035339854657649994
5260624896.0,0.043551065027713776
5261562368.0,0.04988683760166168
5262499840.0,0.05446501821279526
5263437312.0,0.05846569314599037
5264374784.0,0.05943954735994339
5265312256.0,0.06047005578875542
5266250240.0,0.05896124616265297
5267187712.0,0.05689946189522743
5268125184.0,0.05353134870529175
5269062656.0,0.048647988587617874
5270000128.0,0.04212457686662674
5270937600.0,0.03497890755534172
5271875072.0,0.025833839550614357
5272812544.0,0.016733258962631226
5273750016.0,0.006049177143722773
5274687488.0,-0.005069835111498833
5275624960.0,-0.01862577721476555
5276562432.0,-0.03178946301341057
5277499904.0,-0.04611879587173462
5278437376.0,-0.059998299926519394
5279374848.0,-0.07630985230207443
5280312320.0,-0.09142329543828964
5281249792.0,-0.1073976680636406
5282187264.0,-0.12330390512943268
5283125248.0,-0.13953040540218353
5284062720.0,-0.15513232350349426
5285000192.0,-0.1708376258611679
5285937664.0,-0.1979295015335083
5286875136.0,-0.21326203644275665
5287812608.0,-0.22861334681510925
5288750080.0,-0.2420712262392044
5289687552.0,-0.2561807930469513
5290625024.0,-0.26920849084854126
5291562496.0,-0.28216126561164856
5292499968.0,-0.29569292068481445
5293437440.0,-0.3074435591697693
5294374912.0,-0.3197777569293976
5295312384.0,-0.3299989104270935
5296249856.0,-0.3392542004585266
5297187328.0,-0.3474815785884857
5298124800.0,-0.35517093539237976
5299062272.0,-0.3598969578742981
5299999744.0,-0.3649165630340576
5300937728.0,-0.3670603632926941
5301875200.0,-0.3689810633659363
5302812672.0,-0.3697773218154907
5303750144.0,-0.36737385392189026
5304687616.0,-0.3646920919418335
5305625088.0,-0.35902807116508484
5306562560.0,-0.35329771041870117
5307500032.0,-0.3447398245334625
5308437504.0,-0.3362880051136017
5309374976.0,-0.3264326751232147
5310312448.0,-0.314594030380249
5311249920.0,-0.30173081159591675
5312187392.0,-0.2877723276615143
5313124864.0,-0.2733643054962158
5314062336.0,-0.2584087550640106
5314999808.0,-0.24153460562229156
5315937280.0,-0.2257326990365982
5316874752.0,-0.20781424641609192
5317812736.0,-0.18991447985172272
5318750208.0,-0.17242331802845
5319687680.0,-0.15324907004833221
5320625152.0,-0.1345723271369934
5321562624.0,-0.11604055762290955
5322500096.0,-0.09814729541540146
5323437568.0,-0.08022956550121307
5324375040.0,-0.06356064975261688
5325312512.0,-0.046909697353839874
5326249984.0,-0.03183421120047569
5327187456.0,-0.017378373071551323
5328124928.0,-0.0034259967505931854
5329062400.0,0.008944207802414894
5329999872.0,0.020113414153456688
5330937344.0,0.03075678087770939
5331874816.0,0.04090781882405281
5332812288.0,0.04637810215353966
5333749760.0,0.05018656700849533
5334687744.0,0.05267432704567909
5335625216.0,0.05305149033665657
5336562688.0,0.05061092600226402
5337500160.0,0.04705644026398659
5338437632.0,0.04007551819086075
5339375104.0,0.0329623781144619
5340312576.0,0.022478369995951653
5341250048.0,0.0097014419734478
5342187520.0,-0.005500346887856722
5343124992.0,-0.022039614617824554
5344062464.0,-0.04083660989999771
5344999936.0,-0.06177993491292
5345937408.0,-0.3436441123485565
5346874880.0,-0.35803672671318054
5347812352.0,-0.3714028298854828
5348749824.0,-0.38446030020713806
5349687296.0,-0.3982553780078888
5350624768.0,-0.4095655083656311
5351562752.0,-0.42016297578811646
5352500224.0,-0.43039920926094055
5353437696.0,-0.43888723850250244
5354375168.0,-0.4477587640285492
5355312640.0,-0.4534778892993927
5356250112.0,-0.45772236585617065
5357187584.0,-0.4610822796821594
5358125056.0,-0.4623980224132538
5359062528.0,-0.45969367027282715
5360000000.0,-0.45807963609695435
5360937472.0,-0.4526287317276001
5361874944.0,-0.44660380482673645
5362812416.0,-0.4379892945289612
5363749888.0,-0.428831547498703
5364687360.0,-0.41818666458129883
5365624832.0,-0.4057059586048126
5366562304.0,-0.39337030053138733
5367499776.0,-0.3792352080345154
5368437248.0,-0.3645639419555664
5369375232.0,-0.34970253705978394
5370312704.0,-0.33302274346351624
5371250176.0,-0.31489500403404236
5372187648.0,-0.29772669076919556
5373125120.0,-0.2787778079509735
5374062592.0,-0.26026663184165955
5375000064.0,-0.24078050255775452
5375937536.0,-0.22178849577903748
5376875008.0,-0.20238041877746582
5377812480.0,-0.18484793603420258
5378749952.0,-0.16776789724826813
5379687424.0,-0.15154363214969635
5380624896.0,-0.1345004439353943
5381562368.0,-0.1203521192073822
5382499840.0,-0.10740069299936295
5383437312.0,-0.09371807426214218
5384374784.0,-0.08202674239873886
5385312256.0,-0.07155290246009827
5386250240.0,-0.06309270113706589
5387187712.0,-0.05596718192100525
5388125184.0,-0.05179496109485626
5389062656.0,-0.04830275475978851
5390000128.0,-0.04760641232132912
5390937600.0,-0.04919672757387161
5391875072.0,-0.05325128510594368
5392812544.0,-0.05893632769584656
5393750016.0,-0.06739440560340881
5394687488.0,-0.07910434156656265
5395624960.0,-0.09133221209049225
5396562432.0,-0.10674719512462616
5397499904.0,-0.12365885078907013
5398437376.0,-0.14088177680969238
5399374848.0,-0.16041399538516998
5400312320.0,-0.18155786395072937
5401249792.0,-0.20356611907482147
5402187264.0,-0.22458161413669586
5403125248.0,-0.2480817288160324
5404062720.0,-0.2689312994480133
5405000192.0,-0.29109761118888855
5405937664.0,-0.3322792053222656
5406875136.0,-0.348163902759552
5407812608.0,-0.36097484827041626
5408750080.0,-0.37345126271247864
5409687552.0,-0.383244127035141
5410625024.0,-0.39037445187568665
5411562496.0,-0.3972339332103729
5412499968.0,-0.40060973167419434
5413437440.0,-0.4018241763114929
5414374912.0,-0.40120768547058105
5415312384.0,-0.39588138461112976
5416249856.0,-0.3895686864852905
5417187328.0,-0.3800984025001526
5418124800.0,-0.36896735429763794
5419062272.0,-0.3550231456756592
5420000256.0,-0.3404354751110077
5420937728.0,-0.32294338941574097
5421875200.0,-0.3053872585296631
5422812672.0,-0.2855497896671295
5423750144.0,-0.2647657096385956
5424687616.0,-0.24273355305194855
5425625088.0,-0.22173160314559937
5426562560.0,-0.20000721514225006
5427500032.0,-0.17739631235599518
5428437504.0,-0.15537534654140472
5429374976.0,-0.13385437428951263
5430312448.0,-0.11401540786027908
5431249920.0,-0.09469490498304367
5432187392.0,-0.07616625726222992
5433124864.0,-0.06022259220480919
5434062336.0,-0.04483324661850929
5434999808.0,-0.03054005838930607
5435937280.0,-0.02047741785645485
5436874752.0,-0.01141307596117258
5437812736.0,-0.0043904948979616165
5438750208.0,-0.0011590514332056046
5439687680.0,-0.00033603544579818845
5440625152.0,-0.0008225045748986304
5441562624.0,-0.004603263456374407
5442500096.0,-0.011265973560512066
5443437568.0,-0.020203890278935432
5444375040.0,-0.03170770779252052
5445312512.0,-0.045310039073228836
5446249984.0,-0.06128407642245293
5447187456.0,-0.07977855205535889
5448124928.0,-0.10058394074440002
5449062400.0,-0.12313593178987503
5449999872.0,-0.14642779529094696
5450937344.0,-0.17124128341674805
5451874816.0,-0.19821728765964508
5452812288.0,-0.22565515339374542
5453749760.0,-0.25348320603370667
5454687744.0,-0.28280511498451233
5455625216.0,-0.31093963980674744
5456562688.0,-0.3383713960647583
5457500160.0,-0.3667560815811157
5458437632.0,-0.3928985595703125
5459375104.0,-0.41855716705322266
5460312576.0,-0.44267258048057556
5461250048.0,-0.46482527256011963
5462187520.0,-0.48597094416618347
5463124992.0,-0.5049160718917847
5464062464.0,-0.5222905278205872
5464999936.0,-0.5373067259788513
5465937408.0,-0.46102824807167053
5466874880.0,-0.47343194484710693
5467812352.0,-0.4870462715625763
5468749824.0,-0.49729466438293457
5469687296.0,-0.5049816370010376
5470624768.0,-0.5111669898033142
5471562752.0,-0.513897180557251
5472500224.0,-0.513793408870697
5473437696.0,-0.5102784037590027
5474375168.0,-0.5042331218719482
5475312640.0,-0.4973062574863434
5476250112.0,-0.4863280653953552
5477187584.0,-0.47432881593704224
5478125056.0,-0.4595358371734619
5479062528.0,-0.44307976961135864
5480000000.0,-0.42584094405174255
5480937472.0,-0.40689221024513245
5481874944.0,-0.3862861394882202
5482812416.0,-0.365736186504364
5483749888.0,-0.34264734387397766
5484687360.0,-0.32261422276496887
5485624832.0,-0.3013403117656708
5486562304.0,-0.27973997592926025
5487499776.0,-0.25991708040237427
5488437248.0,-0.2406468391418457
5489375232.0,-0.22240807116031647
5490312704.0,-0.2064335197210312
5491250176.0,-0.1915186643600464
5492187648.0,-0.1785380244255066
5493125120.0,-0.16755396127700806
5494062592.0,-0.1579005867242813
5495000064.0,-0.15055429935455322
5495937536.0,-0.1456678807735443
5496875008.0,-0.1433643251657486
5497812480.0,-0.1423279494047165
5498749952.0,-0.1464197337627411
5499687424.0,-0.1515043079853058
5500624896.0,-0.16093307733535767
5501562368.0,-0.1719614565372467
5502499840.0,-0.18567417562007904
5503437312.0,-0.20158401131629944
5504374784.0,-0.21959325671195984
5505312256.0,-0.24073246121406555
5506250240.0,-0.2639321982860565
5507187712.0,-0.2885861396789551
5508125184.0,-0.31527969241142273
5509062656.0,-0.3431631326675415
5510000128.0,-0.37372928857803345
5510937600.0,-0.4066048860549927
5511875072.0,-0.43896594643592834
5512812544.0,-0.4724341034889221
5513750016.0,-0.5057088732719421
5514687488.0,-0.5396590232849121
5515624960.0,-0.5724728107452393
5516562432.0,-0.6049296855926514
5517499904.0,-0.6382731199264526
5518437376.0,-0.6691425442695618
5519374848.0,-0.6998199224472046
5520312320.0,-0.7312417030334473
5521249792.0,-0.7600621581077576
5522187264.0,-0.7879897356033325
5523125248.0,-0.8166108727455139
5524062720.0,-0.8444634079933167
5525000192.0,-0.8729885220527649
5525937664.0,-0.7395164370536804
5526875136.0,-0.7534894347190857
5527812608.0,-0.768842875957489
5528750080.0,-0.7841330766677856
5529687552.0,-0.8029766082763672
5530625024.0,-0.8216570019721985
5531562496.0,-0.8410165905952454
5532499968.0,-0.860630214214325
5533437440.0,-0.8819661140441895
5534374912.0,-0.9020107388496399
5535312384.0,-0.9237598180770874
5536249856.0,-0.9463666677474976
5537187328.0,-0.968566358089447
5538124800.0,-0.9910560846328735
5539062272.0,-1.013012170791626
5539999744.0,-1.0337923765182495
5540937728.0,-1.0500719547271729
5541875200.0,-1.0645452737808228
5542812672.0,-1.0752110481262207
5543750144.0,-1.0833460092544556
5544687616.0,-1.08656907081604
5545625088.0,-1.0858134031295776
5546562560.0,-1.0814781188964844
5547500032.0,-1.0719813108444214
5548437504.0,-1.0592066049575806
5549374976.0,-1.0414963960647583
5550312448.0,-1.0219790935516357
5551249920.0,-0.9990288615226746
5552187392.0,-0.9728503823280334
5553124864.0,-0.9437269568443298
5554062336.0,-0.9139609336853027
5554999808.0,-0.8818420767784119
5555937280.0,-0.8497516512870789
5556874752.0,-0.8174715042114258
5557812736.0,-0.7848045825958252
5558750208.0,-0.7530807256698608
5559687680.0,-0.7224681377410889
5560625152.0,-0.6937375664710999
5561562624.0,-0.6666086316108704
5562500096.0,-0.6419752240180969
5563437568.0,-0.6206067204475403
5564375040.0,-0.6019007563591003
5565312512.0,-0.5858407616615295
5566249984.0,-0.5703423023223877
5567187456.0,-0.557113528251648
5568124928.0,-0.5437792539596558
5569062400.0,-0.5318281054496765
5569999872.0,-0.5199087262153625
5570937344.0,-0.5093706250190735
5571874816.0,-0.49719688296318054
5572812288.0,-0.4865158796310425
5573749760.0,-0.47463250160217285
5574687744.0,-0.4660656452178955
5575625216.0,-0.45700958371162415
5576562688.0,-0.45142611861228943
5577500160.0,-0.4461844265460968
5578437632.0,-0.44323277473449707
5579375104.0,-0.44129878282546997
5580312576.0,-0.4420059323310852
5581250048.0,-0.4427013695240021
5582187520.0,-0.4436594247817993
5583124992.0,-0.44616755843162537
5584062464.0,-0.44905441999435425
5584999936.0,-0.4518257677555084
5585937408.0,-0.42809411883354187
5586874880.0,-0.41924673318862915
5587812352.0,-0.4092397689819336
5588749824.0,-0.3962397575378418
5589687296.0,-0.3833106756210327
5590624768.0,-0.36803752183914185
5591562752.0,-0.35161498188972473
5592500224.0,-0.3347843587398529
5593437696.0,-0.316355437040329
5594375168.0,-0.29852184653282166
5595312640.0,-0.27907320857048035
5596250112.0,-0.2595707178115845
5597187584.0,-0.23970171809196472
5598125056.0,-0.2207694947719574
5599062528.0,-0.20114459097385406
5600000000.0,-0.181537464261055
5600937472.0,-0.16481566429138184
5601874944.0,-0.14849700033664703
5602812416.0,-0.13168317079544067
5603749888.0,-0.1173379123210907
5604687360.0,-0.10499857366085052
5605624832.0,-0.09285931289196014
5606562304.0,-0.08271829038858414
5607499776.0,-0.07409002631902695
5608437248.0,-0.06866160035133362
5609375232.0,-0.06291712820529938
5610312704.0,-0.0607457272708416
5611250176.0,-0.0593586266040802
5612187648.0,-0.059367820620536804
5613125120.0,-0.06141185015439987
5614062592.0,-0.0654575303196907
5615000064.0,-0.07090257853269577
5615937536.0,-0.07818539440631866
5616875008.0,-0.08590241521596909
5617812480.0,-0.09586029499769211
5618749952.0,-0.10698501765727997
5619687424.0,-0.11884620040655136
5620624896.0,-0.13099892437458038
5621562368.0,-0.14473523199558258
5622499840.0,-0.1585531234741211
5623437312.0,-0.1721176952123642
5624374784.0,-0.18545301258563995
5625312256.0,-0.19944600760936737
5626250240.0,-0.21292445063591003
5627187712.0,-0.22541028261184692
5628125184.0,-0.2379196733236313
5629062656.0,-0.24882233142852783
5630000128.0,-0.2596920132637024
5630937600.0,-0.26850154995918274
5631875072.0,-0.2765229344367981
5632812544.0,-0.28268805146217346
5633750016.0,-0.28723958134651184
5634687488.0,-0.2910866439342499
5635624960.0,-0.2926456034183502
5636562432.0,-0.29239514470100403
5637499904.0,-0.2894640564918518
5638437376.0,-0.2870679795742035
5639374848.0,-0.28187358379364014
5640312320.0,-0.27473852038383484
5641249792.0,-0.2659207582473755
5642187264.0,-0.25717365741729736
5643125248.0,-0.24572990834712982
5644062720.0,-0.2345733791589737
5645000192.0,-0.22154179215431213
5645937664.0,-0.1912490725517273
5646875136.0,-0.19577212631702423
5647812608.0,-0.19822488725185394
5648750080.0,-0.19883453845977783
5649687552.0,-0.19795510172843933
5650625024.0,-0.19500620663166046
5651562496.0,-0.192185178399086
5652499968.0,-0.18716616928577423
5653437440.0,-0.18001948297023773
5654374912.0,-0.17306920886039734
5655312384.0,-0.1656685322523117
5656249856.0,-0.158046156167984
5657187328.0,-0.15047749876976013
5658124800.0,-0.1419105976819992
5659062272.0,-0.13417018949985504
5660000256.0,-0.12564770877361298
5660937728.0,-0.11888623237609863
5661875200.0,-0.11158068478107452
5662812672.0,-0.10587725788354874
5663750144.0,-0.09981725364923477
5664687616.0,-0.09497345238924026
5665625088.0,-0.09229449927806854
5666562560.0,-0.08928105980157852
5667500032.0,-0.08757250756025314
5668437504.0,-0.0882457047700882
5669374976.0,-0.08814337104558945
5670312448.0,-0.09078510105609894
5671249920.0,-0.09454044699668884
5672187392.0,-0.09881822019815445
5673124864.0,-0.10351838171482086
5674062336.0,-0.11000458896160126
5674999808.0,-0.11694341897964478
5675937280.0,-0.12537044286727905
5676874752.0,-0.1337527334690094
5677812736.0,-0.14231877028942108
5678750208.0,-0.15141354501247406
5679687680.0,-0.16143755614757538
5680625152.0,-0.17173360288143158
5681562624.0,-0.1812301129102707
5682500096.0,-0.19007804989814758
5683437568.0,-0.19835785031318665
5684375040.0,-0.2074452042579651
5685312512.0,-0.21447408199310303
5686249984.0,-0.22080199420452118
5687187456.0,-0.2278851866722107
5688124928.0,-0.23294241726398468
5689062400.0,-0.23762352764606476
5689999872.0,-0.24229322373867035
5690937344.0,-0.2472117394208908
5691874816.0,-0.24938330054283142
5692812288.0,-0.2535824775695801
5693749760.0,-0.2569440007209778
5694687744.0,-0.26062870025634766
5695625216.0,-0.2638913094997406
5696562688.0,-0.26797688007354736
5697500160.0,-0.272960364818573
5698437632.0,-0.27676427364349365
5699375104.0,-0.28259792923927307
5700312576.0,-0.2878485321998596
5701250048.0,-0.29581505060195923
5702187520.0,-0.30398061871528625
5703124992.0,-0.312034010887146
5704062464.0,-0.3240320682525635
5704999936.0,-0.3353074789047241
5705937408.0,-0.22574257850646973
5706874880.0,-0.24530811607837677
5707812352.0,-0.26576507091522217
5708749824.0,-0.2859487533569336
5709687296.0,-0.30572256445884705
5710624768.0,-0.32290804386138916
5711562752.0,-0.3398071825504303
5712500224.0,-0.35286572575569153
5713437696.0,-0.3646429479122162
5714375168.0,-0.3723020553588867
5715312640.0,-0.3786257207393646
5716250112.0,-0.3785852789878845
5717187584.0,-0.37588995695114136
5718125056.0,-0.36872392892837524
5719062528.0,-0.3573932349681854
5720000000.0,-0.3415825366973877
5720937472.0,-0.3207041919231415
5721874944.0,-0.2970276474952698
5722812416.0,-0.2679033577442169
5723749888.0,-0.2366972714662552
5724687360.0,-0.20184752345085144
5725624832.0,-0.16424763202667236
5726562304.0,-0.12434975057840347
5727499776.0,-0.08346359431743622
5728437248.0,-0.042049944400787354
5729375232.0,-0.0009616012102924287
5730312704.0,0.037515852600336075
5731250176.0,0.07598718255758286
5732187648.0,0.11009655892848969
5733125120.0,0.14181552827358246
5734062592.0,0.17065894603729248
5735000064.0,0.19400306046009064
5735937536.0,0.21385282278060913
5736875008.0,0.22763937711715698
5737812480.0,0.23723380267620087
5738749952.0,0.24355749785900116
5739687424.0,0.2446589320898056
5740624896.0,0.24212445318698883
5741562368.0,0.23633283376693726
5742499840.0,0.2274676412343979
5743437312.0,0.21625356376171112
5744374784.0,0.20346026122570038
5745312256.0,0.1894702911376953
5746250240.0,0.17499443888664246
5747187712.0,0.15958771109580994
5748125184.0,0.14344318211078644
5749062656.0,0.1278800219297409
5750000128.0,0.1140068769454956
5750937600.0,0.09943719208240509
5751875072.0,0.08643985539674759
5752812544.0,0.07399731874465942
5753750016.0,0.06317364424467087
5754687488.0,0.052438318729400635
5755624960.0,0.037852827459573746
5756562432.0,0.016656510531902313
5757499904.0,-0.007134661544114351
5758437376.0,-0.032989416271448135
5759374848.0,-0.061063073575496674
5760312320.0,-0.09111437946557999
5761249792.0,-0.12073137611150742
5762187264.0,-0.15227995812892914
5763125248.0,-0.1839996576309204
5764062720.0,-0.214810311794281
5765000192.0,-0.2457391321659088
5765937664.0,-0.1798529326915741
5766875136.0,-0.18739846348762512
5767812608.0,-0.19604939222335815
5768750080.0,-0.20494011044502258
5769687552.0,-0.21248947083950043
5770625024.0,-0.22255942225456238
5771562496.0,-0.23187875747680664
5772499968.0,-0.24173833429813385
5773437440.0,-0.25132352113723755
5774374912.0,-0.26162731647491455
5775312384.0,-0.27226483821868896
5776249856.0,-0.2829671800136566
5777187328.0,-0.29465413093566895
5778124800.0,-0.30511295795440674
5779062272.0,-0.3156566023826599
5779999744.0,-0.3276088833808899
5780937728.0,-0.3394720256328583
5781875200.0,-0.349457323551178
5782812672.0,-0.3614402711391449
5783750144.0,-0.3704187870025635
5784687616.0,-0.38054442405700684
5785625088.0,-0.3899877369403839
5786562560.0,-0.39797109365463257
5787500032.0,-0.40415894985198975
5788437504.0,-0.4111071527004242
5789374976.0,-0.41726258397102356
5790312448.0,-0.4214564263820648
5791249920.0,-0.4249418079853058
5792187392.0,-0.42658868432044983
5793124864.0,-0.427714467048645
5794062336.0,-0.42714112997055054
5794999808.0,-0.4255497455596924
5795937280.0,-0.4229894280433655
5796874752.0,-0.4173422157764435
5797812736.0,-0.411164253950119
5798750208.0,-0.4029933214187622
5799687680.0,-0.3936784863471985
5800625152.0,-0.3815828561782837
5801562624.0,-0.3694268465042114
5802500096.0,-0.3554762303829193
5803437568.0,-0.33871427178382874
5804375040.0,-0.32108110189437866
5805312512.0,-0.3032967448234558
5806249984.0,-0.2845890522003174
5807187456.0,-0.2645646631717682
5808124928.0,-0.24610745906829834
5809062400.0,-0.22596214711666107
5809999872.0,-0.20632556080818176
5810937344.0,-0.18737708032131195
5811874816.0,-0.16867344081401825
5812812288.0,-0.15035705268383026
5813749760.0,-0.13208234310150146
5814687744.0,-0.11629878729581833
5815625216.0,-0.10143613815307617
5816562688.0,-0.08745914697647095
5817500160.0,-0.07654452323913574
5818437632.0,-0.06546279042959213
5819375104.0,-0.05753407999873161
5820312576.0,-0.051585663110017776
5821250048.0,-0.04725592955946922
5822187520.0,-0.04430584982037544
5823124992.0,-0.04389021918177605
5824062464.0,-0.043803077191114426
5824999936.0,-0.046672310680150986
5825937408.0,-0.24053119122982025
5826874880.0,-0.24258637428283691
5827812352.0,-0.24348613619804382
5828749824.0,-0.24544085562229156
5829687296.0,-0.24662017822265625
5830624768.0,-0.24840638041496277
5831562752.0,-0.2503047585487366
5832500224.0,-0.2523208558559418
5833437696.0,-0.25480860471725464
5834375168.0,-0.2570987045764923
5835312640.0,-0.2593325972557068
5836250112.0,-0.2629469931125641
5837187584.0,-0.26591601967811584
5838125056.0,-0.2697702646255493
5839062528.0,-0.2721826136112213
5840000000.0,-0.2787235677242279
5840937472.0,-0.28543326258659363
5841874944.0,-0.29144763946533203
5842812416.0,-0.29761192202568054
5843749888.0,-0.30457445979118347
5844687360.0,-0.3116835355758667
5845624832.0,-0.3169544041156769
5846562304.0,-0.3228825032711029
5847499776.0,-0.32853439450263977
5848437248.0,-0.3332262635231018
5849375232.0,-0.3382815420627594
5850312704.0,-0.3425237834453583
5851250176.0,-0.3476235866546631
5852187648.0,-0.3517400026321411
5853125120.0,-0.35400187969207764
5854062592.0,-0.3573314845561981
5855000064.0,-0.3594393730163574
5855937536.0,-0.36146971583366394
5856875008.0,-0.3610727787017822
5857812480.0,-0.3614686131477356
5858749952.0,-0.3600895404815674
5859687424.0,-0.3595240116119385
5860624896.0,-0.3571506142616272
5861562368.0,-0.3539001941680908
5862499840.0,-0.3527863025665283
5863437312.0,-0.3486161530017853
5864374784.0,-0.3458693325519562
5865312256.0,-0.34292280673980713
5866250240.0,-0.34048569202423096
5867187712.0,-0.33742573857307434
5868125184.0,-0.3350204825401306
5869062656.0,-0.3320747911930084
5870000128.0,-0.33004632592201233
5870937600.0,-0.32851067185401917
5871875072.0,-0.32771822810173035
5872812544.0,-0.32630425691604614
5873750016.0,-0.32620054483413696
5874687488.0,-0.32698512077331543
5875624960.0,-0.32779461145401
5876562432.0,-0.3279813826084137
5877499904.0,-0.3301355242729187
5878437376.0,-0.33117520809173584
5879374848.0,-0.3334156572818756
5880312320.0,-0.33650609850883484
5881249792.0,-0.33996155858039856
5882187264.0,-0.3438864052295685
5883125248.0,-0.3468608558177948
5884062720.0,-0.35103464126586914
5885000192.0,-0.3563995957374573
5885937664.0,-0.36909985542297363
5886875136.0,-0.3731308579444885
5887812608.0,-0.3774084150791168
5888750080.0,-0.3811468482017517
5889687552.0,-0.3843110203742981
5890625024.0,-0.38699668645858765
5891562496.0,-0.39013242721557617
5892499968.0,-0.3931179642677307
5893437440.0,-0.3940555155277252
5894374912.0,-0.3946968913078308
5895312384.0,-0.39562317728996277
5896249856.0,-0.395247220993042
5897187328.0,-0.39499038457870483
5898124800.0,-0.3949948251247406
5899062272.0,-0.3940933346748352
5900000256.0,-0.39317208528518677
5900937728.0,-0.3927612900733948
5901875200.0,-0.3921976089477539
5902812672.0,-0.3910447359085083
5903750144.0,-0.3899109661579132
5904687616.0,-0.38836029171943665
5905625088.0,-0.38829144835472107
5906562560.0,-0.3873444199562073
5907500032.0,-0.3869405686855316
5908437504.0,-0.3864887058734894
5909374976.0,-0.38781651854515076
5910312448.0,-0.3892984986305237
5911249920.0,-0.39049032330513
5912187392.0,-0.3920266926288605
5913124864.0,-0.3938260078430176
5914062336.0,-0.396846741437912
5914999808.0,-0.40002042055130005
5915937280.0,-0.4033505320549011
5916874752.0,-0.40769630670547485
5917812736.0,-0.41240382194519043
5918750208.0,-0.41862109303474426
5919687680.0,-0.42491453886032104
5920625152.0,-0.4319517910480499
5921562624.0,-0.4396142363548279
5922500096.0,-0.4479081928730011
5923437568.0,-0.45689666271209717
5924375040.0,-0.4671919643878937
5925312512.0,-0.4777318239212036
5926249984.0,-0.487117737531662
5927187456.0,-0.4979552626609802
5928124928.0,-0.508629560470581
5929062400.0,-0.5201181173324585
5929999872.0,-0.5311595797538757
5930937344.0,-0.5424481630325317
5931874816.0,-0.5535255670547485
5932812288.0,-0.5634455680847168
5933749760.0,-0.5733675956726074
5934687744.0,-0.5839446187019348
5935625216.0,-0.5927028059959412
5936562688.0,-0.6017290949821472
5937500160.0,-0.6102139949798584
5938437632.0,-0.6179760098457336
5939375104.0,-0.6239427924156189
5940312576.0,-0.6303383111953735
5941250048.0,-0.6342402100563049
5942187520.0,-0.6384798884391785
5943124992.0,-0.6405333876609802
5944062464.0,-0.6423304677009583
5944999936.0,-0.6418399810791016
5945937408.0,-0.42464110255241394
5946874880.0,-0.4390854835510254
5947812352.0,-0.4542637765407562
5948749824.0,-0.4699913561344147
5949687296.0,-0.48697060346603394
5950624768.0,-0.5022691488265991
5951562752.0,-0.5168597102165222
5952500224.0,-0.5314415693283081
5953437696.0,-0.5444522500038147
5954375168.0,-0.5567256212234497
5955312640.0,-0.5654144883155823
5956250112.0,-0.5730982422828674
5957187584.0,-0.5799314975738525
5958125056.0,-0.5843464136123657
5959062528.0,-0.5866519212722778
5960000000.0,-0.5873019695281982
5960937472.0,-0.5862312316894531
5961874944.0,-0.5826677083969116
5962812416.0,-0.5753422975540161
5963749888.0,-0.5693343281745911
5964687360.0,-0.560964822769165
5965624832.0,-0.5513901114463806
5966562304.0,-0.5411955714225769
5967499776.0,-0.5307854413986206
5968437248.0,-0.519379734992981
5969375232.0,-0.5074344873428345
5970312704.0,-0.4950404465198517
5971250176.0,-0.48293617367744446
5972187648.0,-0.4721408486366272
5973125120.0,-0.45980048179626465
5974062592.0,-0.44907131791114807
5975000064.0,-0.43851539492607117
5975937536.0,-0.4294257164001465
5976875008.0,-0.4214191734790802
5977812480.0,-0.41536152362823486
5978749952.0,-0.41091933846473694
5979687424.0,-0.4057569205760956
5980624896.0,-0.4039439857006073
5981562368.0,-0.4030133783817291
5982499840.0,-0.40266168117523193
5983437312.0,-0.40326324105262756
5984374784.0,-0.4039546549320221
5985312256.0,-0.40556198358535767
5986250240.0,-0.4090591073036194
5987187712.0,-0.4122886657714844
5988125184.0,-0.41539281606674194
5989062656.0,-0.4212017357349396
5990000128.0,-0.4259517192840576
5990937600.0,-0.4310093820095062
5991875072.0,-0.4363369047641754
5992812544.0,-0.4419710338115692
5993750016.0,-0.44744935631752014
5994687488.0,-0.45287269353866577
5995624960.0,-0.45700061321258545
5996562432.0,-0.4615814983844757
5997499904.0,-0.465949684381485
5998437376.0,-0.4696045219898224
5999374848.0,-0.4733777642250061
6000312320.0,-0.4782240092754364
6001249792.0,-0.479963093996048
6002187264.0,-0.4847060739994049
6003125248.0,-0.4869503974914551
6004062720.0,-0.4895257353782654
6005000192.0,-0.3885694444179535
6005937664.0,-0.39778947830200195
6006875136.0,-0.4069809019565582
6007812608.0,-0.4187011122703552
6008750080.0,-0.4315018057823181
6009687552.0,-0.44535237550735474
6010625024.0,-0.45997270941734314
6011562496.0,-0.47592365741729736
6012499968.0,-0.4926609694957733
6013437440.0,-0.511040210723877
6014374912.0,-0.5296962261199951
6015312384.0,-0.5471867322921753
6016249856.0,-0.565764307975769
6017187328.0,-0.5849754214286804
6018124800.0,-0.6026960611343384
6019062272.0,-0.6188422441482544
6019999744.0,-0.635404646396637
6020937728.0,-0.6504030823707581
6021875200.0,-0.6652750372886658
6022812672.0,-0.6778784394264221
6023750144.0,-0.6896440982818604
6024687616.0,-0.6999865770339966
6025625088.0,-0.7067906856536865
6026562560.0,-0.714054524898529
6027500032.0,-0.7169973254203796
6028437504.0,-0.7181880474090576
6029374976.0,-0.7172768115997314
6030312448.0,-0.7155467867851257
6031249920.0,-0.7098782658576965
6032187392.0,-0.704014241695404
6033124864.0,-0.6959417462348938
6034062336.0,-0.685681164264679
6034999808.0,-0.6739626526832581
6035937280.0,-0.66171795129776
6036874752.0,-0.6468267440795898
6037812736.0,-0.6316820979118347
6038750208.0,-0.6161719560623169
6039687680.0,-0.599457859992981
6040625152.0,-0.5824075937271118
6041562624.0,-0.5652848482131958
6042500096.0,-0.5477358102798462
6043437568.0,-0.5316706895828247
6044375040.0,-0.5145657658576965
6045312512.0,-0.4985974133014679
6046249984.0,-0.48272252082824707
6047187456.0,-0.4680757224559784
6048124928.0,-0.4535595178604126
6049062400.0,-0.440091997385025
6049999872.0,-0.4273636043071747
6050937344.0,-0.41670989990234375
6051874816.0,-0.4067935645580292
6052812288.0,-0.3983001410961151
6053749760.0,-0.39046090841293335
6054687744.0,-0.38498321175575256
6055625216.0,-0.37920475006103516
6056562688.0,-0.3758462071418762
6057500160.0,-0.3733966648578644
6058437632.0,-0.37272629141807556
6059375104.0,-0.37258848547935486
6060312576.0,-0.3741647005081177
6061250048.0,-0.37719956040382385
6062187520.0,-0.3795836269855499
6063124992.0,-0.3841516673564911
6064062464.0,-0.38923582434654236
6064999936.0,-0.38771286606788635
6065937408.0,-0.39347317814826965
6066874880.0,-0.4002190828323364
6067812352.0,-0.40730008482933044
6068749824.0,-0.41525572538375854
6069687296.0,-0.42391836643218994
6070624768.0,-0.4345329701900482
6071562752.0,-0.4430285096168518
6072500224.0,-0.4542355239391327
6073437696.0,-0.46423518657684326
6074375168.0,-0.4748474657535553
6075312640.0,-0.48692941665649414
6076250112.0,-0.4976000189781189
6077187584.0,-0.5079501867294312
6078125056.0,-0.5179842710494995
6079062528.0,-0.5274418592453003
6080000000.0,-0.5358071327209473
6080937472.0,-0.5443099737167358
6081874944.0,-0.551486074924469
6082812416.0,-0.5576667189598083
6083749888.0,-0.5631610155105591
6084687360.0,-0.5675531029701233
6085624832.0,-0.5705096125602722
6086562304.0,-0.5734739303588867
6087499776.0,-0.5765222311019897
6088437248.0,-0.57794588804245
6089375232.0,-0.5790290832519531
6090312704.0,-0.5785960555076599
6091250176.0,-0.577312707901001
6092187648.0,-0.574186384677887
6093125120.0,-0.570645272731781
6094062592.0,-0.5639590620994568
6095000064.0,-0.5570470690727234
6095937536.0,-0.5498636960983276
6096875008.0,-0.5411149859428406
6097812480.0,-0.5317643284797668
6098749952.0,-0.5233323574066162
6099687424.0,-0.5144747495651245
6100624896.0,-0.5039304494857788
6101562368.0,-0.4937252998352051
6102499840.0,-0.48428675532341003
6103437312.0,-0.4754403531551361
6104374784.0,-0.4652048647403717
6105312256.0,-0.4564017057418823
6106250240.0,-0.44711223244667053
6107187712.0,-0.4381842017173767
6108125184.0,-0.4303414821624756
6109062656.0,-0.4229367673397064
6110000128.0,-0.4152929484844208
6110937600.0,-0.4079161286354065
6111875072.0,-0.4008977711200714
6112812544.0,-0.3944114148616791
6113750016.0,-0.38878321647644043
6114687488.0,-0.3843013644218445
6115624960.0,-0.3801927864551544
6116562432.0,-0.3758363127708435
6117499904.0,-0.3728036880493164
6118437376.0,-0.3712276816368103
6119374848.0,-0.3697872757911682
6120312320.0,-0.3688158094882965
6121249792.0,-0.36935412883758545
6122187264.0,-0.3705427646636963
6123125248.0,-0.3723001480102539
6124062720.0,-0.3753378987312317
6125000192.0,-0.5693702101707458
6125937664.0,-0.5803832411766052
6126875136.0,-0.5921630859375
6127812608.0,-0.6020387411117554
6128750080.0,-0.6107508540153503
6129687552.0,-0.6183745265007019
6130625024.0,-0.6256847977638245
6131562496.0,-0.6320011615753174
6132499968.0,-0.6369873285293579
6133437440.0,-0.6413188576698303
6134374912.0,-0.6451236605644226
6135312384.0,-0.6480234265327454
6136249856.0,-0.6505459547042847
6137187328.0,-0.6515800952911377
6138124800.0,-0.6524425148963928
6139062272.0,-0.6517596244812012
6140000256.0,-0.6507540941238403
6140937728.0,-0.6498463153839111
6141875200.0,-0.6489047408103943
6142812672.0,-0.6464942097663879
6143750144.0,-0.6438342332839966
6144687616.0,-0.6410768032073975
6145625088.0,-0.6373583078384399
6146562560.0,-0.6346188187599182
6147500032.0,-0.6310861706733704
6148437504.0,-0.627323567867279
6149374976.0,-0.6243852376937866
6150312448.0,-0.6212976574897766
6151249920.0,-0.6192380785942078
6152187392.0,-0.6170620918273926
6153124864.0,-0.6156817078590393
6154062336.0,-0.6134448051452637
6154999808.0,-0.6135572791099548
6155937280.0,-0.612829864025116
6156874752.0,-0.6124254465103149
6157812736.0,-0.6140161752700806
6158750208.0,-0.6146824955940247
6159687680.0,-0.6169049739837646
6160625152.0,-0.6174567937850952
6161562624.0,-0.6211692094802856
6162500096.0,-0.6236510872840881
6163437568.0,-0.6281652450561523
6164375040.0,-0.6319112181663513
6165312512.0,-0.6378850340843201
6166249984.0,-0.6430528163909912
6167187456.0,-0.6489513516426086
6168124928.0,-0.6559038162231445
6169062400.0,-0.6629980802536011
6169999872.0,-0.6709514260292053
6170937344.0,-0.6778427958488464
6171874816.0,-0.6863973736763
6172812288.0,-0.6941685676574707
6173749760.0,-0.7027961611747742
6174687744.0,-0.7117664217948914
6175625216.0,-0.719853401184082
6176562688.0,-0.7281994819641113
6177500160.0,-0.7362411022186279
6178437632.0,-0.7451122999191284
6179375104.0,-0.7532248497009277
6180312576.0,-0.7607786655426025
6181250048.0,-0.7687041163444519
6182187520.0,-0.7764074206352234
6183124992.0,-0.7831234335899353
6184062464.0,-0.7895396947860718
6184999936.0,-0.6305128931999207
6185937408.0,-0.6506919860839844
6186874880.0,-0.6708760261535645
6187812352.0,-0.6898568868637085
6188749824.0,-0.708574652671814
6189687296.0,-0.7279826998710632
6190624768.0,-0.7445526123046875
6191562752.0,-0.7629429697990417
6192500224.0,-0.7780236601829529
6193437696.0,-0.7926944494247437
6194375168.0,-0.8076208829879761
6195312640.0,-0.8210567235946655
6196250112.0,-0.8332564830780029
6197187584.0,-0.8454405069351196
6198125056.0,-0.8570626974105835
6199062528.0,-0.8671269416809082
6200000000.0,-0.8749610781669617
6200937472.0,-0.8816585540771484
6201874944.0,-0.8866997957229614
6202812416.0,-0.8897495865821838
6203749888.0,-0.8923011422157288
6204687360.0,-0.8915421366691589
6205624832.0,-0.890545129776001
6206562304.0,-0.8860960006713867
6207499776.0,-0.880189836025238
6208437248.0,-0.8714699149131775
6209375232.0,-0.8610339760780334
6210312704.0,-0.8500832319259644
6211250176.0,-0.8372631669044495
6212187648.0,-0.8250415325164795
6213125120.0,-0.8115625381469727
6214062592.0,-0.7979346513748169
6215000064.0,-0.7838463187217712
6215937536.0,-0.7693570852279663
6216875008.0,-0.7543908357620239
6217812480.0,-0.7407403588294983
6218749952.0,-0.7248628735542297
6219687424.0,-0.7114149332046509
6220624896.0,-0.697481095790863
6221562368.0,-0.685378909111023
6222499840.0,-0.671747624874115
6223437312.0,-0.6592198014259338
6224374784.0,-0.64837646484375
6225312256.0,-0.6380828022956848
6226250240.0,-0.6286620497703552
6227187712.0,-0.6205395460128784
6228125184.0,-0.6117658615112305
6229062656.0,-0.6056211590766907
6230000128.0,-0.6013587117195129
6230937600.0,-0.5989664793014526
6231875072.0,-0.5979291200637817
6232812544.0,-0.5976320505142212
6233750016.0,-0.5992296934127808
6234687488.0,-0.6025592088699341
6235624960.0,-0.6069303750991821
6236562432.0,-0.6125916242599487
6237499904.0,-0.619438886642456
6238437376.0,-0.6269651651382446
6239374848.0,-0.6358910799026489
6240312320.0,-0.6431767344474792
6241249792.0,-0.652678906917572
6242187264.0,-0.6621831655502319
6243125248.0,-0.6721583008766174
6244062720.0,-0.6831054091453552
6245000192.0,-0.689559280872345
6245937664.0,-0.7040677070617676
6246875136.0,-0.7164122462272644
6247812608.0,-0.7307997941970825
6248750080.0,-0.7453433275222778
6249687552.0,-0.7596217393875122
6250625024.0,-0.7744661569595337
6251562496.0,-0.7891443967819214
6252499968.0,-0.8043705224990845
6253437440.0,-0.8164517283439636
6254374912.0,-0.8283993601799011
6255312384.0,-0.8393254280090332
6256249856.0,-0.8500579595565796
6257187328.0,-0.8581143617630005
6258124800.0,-0.8676955103874207
6259062272.0,-0.8766108155250549
6259999744.0,-0.8852514028549194
6260937728.0,-0.8911386132240295
6261875200.0,-0.896312952041626
6262812672.0,-0.9004477858543396
6263750144.0,-0.9014984369277954
6264687616.0,-0.9028878211975098
6265625088.0,-0.9039325714111328
6266562560.0,-0.9042980670928955
6267500032.0,-0.9042817950248718
6268437504.0,-0.9034755825996399
6269374976.0,-0.9034197926521301
6270312448.0,-0.9034080505371094
6271249920.0,-0.9002506136894226
6272187392.0,-0.898705244064331
6273124864.0,-0.8941845297813416
6274062336.0,-0.8900523781776428
6274999808.0,-0.8851373195648193
6275937280.0,-0.8816106915473938
6276874752.0,-0.8772950172424316
6277812736.0,-0.8744648694992065
6278750208.0,-0.8705733418464661
6279687680.0,-0.8674026727676392
6280625152.0,-0.8644753694534302
6281562624.0,-0.8610997200012207
6282500096.0,-0.8591844439506531
6283437568.0,-0.8570284843444824
6284375040.0,-0.8558971881866455
6285312512.0,-0.8542848825454712
6286249984.0,-0.8531116843223572
6287187456.0,-0.8535435199737549
6288124928.0,-0.8541847467422485
6289062400.0,-0.8552207350730896
6289999872.0,-0.8576366901397705
6290937344.0,-0.8609766364097595
6291874816.0,-0.8651260733604431
6292812288.0,-0.870148777961731
6293749760.0,-0.8748716115951538
6294687744.0,-0.8818928003311157
6295625216.0,-0.8897571563720703
6296562688.0,-0.8970005512237549
6297500160.0,-0.9055871963500977
6298437632.0,-0.9137323498725891
6299375104.0,-0.9205709099769592
6300312576.0,-0.9294348955154419
6301250048.0,-0.9378724098205566
6302187520.0,-0.9465711712837219
6303124992.0,-0.9562355875968933
6304062464.0,-0.9660227298736572
6304999936.0,-0.9918064475059509
6305937408.0,-0.9999814629554749
6306874880.0,-1.0098766088485718
6307812352.0,-1.019887924194336
6308749824.0,-1.0293723344802856
6309687296.0,-1.039541482925415
6310624768.0,-1.048653244972229
6311562752.0,-1.0581640005111694
6312500224.0,-1.068465232849121
6313437696.0,-1.079092025756836
6314375168.0,-1.0896435976028442
6315312640.0,-1.1014385223388672
6316250112.0,-1.1125097274780273
6317187584.0,-1.1234005689620972
6318125056.0,-1.1334059238433838
6319062528.0,-1.1446106433868408
6320000000.0,-1.155598521232605
6320937472.0,-1.1665899753570557
6321874944.0,-1.1784192323684692
6322812416.0,-1.1889489889144897
6323749888.0,-1.199467420578003
6324687360.0,-1.2077572345733643
6325624832.0,-1.2154262065887451
6326562304.0,-1.222838044166565
6327499776.0,-1.2296957969665527
6328437248.0,-1.2367782592773438
6329375232.0,-1.2435983419418335
6330312704.0,-1.2492015361785889
6331250176.0,-1.257375955581665
6332187648.0,-1.262872576713562
6333125120.0,-1.268536925315857
6334062592.0,-1.272213339805603
6335000064.0,-1.2766233682632446
6335937536.0,-1.278822660446167
6336875008.0,-1.278917908668518
6337812480.0,-1.2793208360671997
6338749952.0,-1.2791333198547363
6339687424.0,-1.276666283607483
6340624896.0,-1.27194082736969
6341562368.0,-1.2649312019348145
6342499840.0,-1.2552999258041382
6343437312.0,-1.245894193649292
6344374784.0,-1.2341710329055786
6345312256.0,-1.2223018407821655
6346250240.0,-1.212952733039856
6347187712.0,-1.2037392854690552
6348125184.0,-1.193376898765564
6349062656.0,-1.1838932037353516
6350000128.0,-1.172379970550537
6350937600.0,-1.1610535383224487
6351875072.0,-1.1483193635940552
6352812544.0,-1.134822130203247
6353750016.0,-1.1219120025634766
6354687488.0,-1.1105796098709106
6355624960.0,-1.0967127084732056
6356562432.0,-1.0840154886245728
6357499904.0,-1.0726696252822876
6358437376.0,-1.0603383779525757
6359374848.0,-1.0495094060897827
6360312320.0,-1.0388925075531006
6361249792.0,-1.0301799774169922
6362187264.0,-1.0219361782073975
6363125248.0,-1.0185879468917847
6364062720.0,-1.0145343542099
6365000192.0,-1.3870218992233276
6365937664.0,-1.4019532203674316
6366875136.0,-1.4172121286392212
6367812608.0,-1.4323267936706543
6368750080.0,-1.4470864534378052
6369687552.0,-1.4616025686264038
6370625024.0,-1.4751535654067993
6371562496.0,-1.4891455173492432
6372499968.0,-1.5035814046859741
6373437440.0,-1.5166795253753662
6374374912.0,-1.529543161392212
6375312384.0,-1.54279625415802
6376249856.0,-1.5534584522247314
6377187328.0,-1.563573956489563
6378124800.0,-1.5714844465255737
6379062272.0,-1.578325867652893
6380000256.0,-1.5837340354919434
6380937728.0,-1.587415099143982
6381875200.0,-1.5907293558120728
6382812672.0,-1.5925590991973877
6383750144.0,-1.5933645963668823
6384687616.0,-1.5923839807510376
6385625088.0,-1.5896369218826294
6386562560.0,-1.5855463743209839
6387500032.0,-1.5799614191055298
6388437504.0,-1.573095440864563
6389374976.0,-1.5658409595489502
6390312448.0,-1.5569180250167847
6391249920.0,-1.548097014427185
6392187392.0,-1.5387064218521118
6393124864.0,-1.5298837423324585
6394062336.0,-1.518407940864563
6394999808.0,-1.5078626871109009
6395937280.0,-1.4981461763381958
6396874752.0,-1.4897806644439697
6397812736.0,-1.482419729232788
6398750208.0,-1.4761112928390503
6399687680.0,-1.4697965383529663
6400625152.0,-1.4642353057861328
6401562624.0,-1.459887981414795
6402500096.0,-1.4559102058410645
6403437568.0,-1.4538421630859375
6404375040.0,-1.4540997743606567
6405312512.0,-1.4559643268585205
6406249984.0,-1.4590764045715332
6407187456.0,-1.4645719528198242
6408124928.0,-1.4712215662002563
6409062400.0,-1.4797219038009644
6409999872.0,-1.4881175756454468
6410937344.0,-1.4969860315322876
6411874816.0,-1.5079745054244995
6412812288.0,-1.5196815729141235
6413749760.0,-1.534208059310913
6414687744.0,-1.5506086349487305
6415625216.0,-1.5694928169250488
6416562688.0,-1.590938925743103
6417500160.0,-1.6149142980575562
6418437632.0,-1.6408782005310059
6419375104.0,-1.6660287380218506
6420312576.0,-1.6919167041778564
6421250048.0,-1.7179503440856934
6422187520.0,-1.742819905281067
6423124992.0,-1.7690082788467407
6424062464.0,-1.797537922859192
6424999936.0,-1.8297429084777832
6425937408.0,-1.8619135618209839
6426874880.0,-1.8938086032867432
6427812352.0,-1.9256659746170044
6428749824.0,-1.958390712738037
6429687296.0,-1.989473819732666
6430624768.0,-2.0186455249786377
6431562752.0,-2.049046516418457
6432500224.0,-2.0775158405303955
6433437696.0,-2.10374116897583
6434375168.0,-2.1308958530426025
6435312640.0,-2.156630516052246
6436250112.0,-2.180105209350586
6437187584.0,-2.2032382488250732
6438125056.0,-2.2232370376586914
6439062528.0,-2.2441635131835938
6440000000.0,-2.2626349925994873
6440937472.0,-2.2812247276306152
6441874944.0,-2.298200845718384
6442812416.0,-2.3134543895721436
6443749888.0,-2.3271727561950684
6444687360.0,-2.3375966548919678
6445624832.0,-2.3461506366729736
6446562304.0,-2.3515491485595703
6447499776.0,-2.356398344039917
6448437248.0,-2.3578193187713623
6449375232.0,-2.356309413909912
6450312704.0,-2.355362892150879
6451250176.0,-2.3553884029388428
6452187648.0,-2.3547310829162598
6453125120.0,-2.3534936904907227
6454062592.0,-2.3524551391601562
6455000064.0,-2.3491668701171875
6455937536.0,-2.3463239669799805
6456875008.0,-2.342003107070923
6457812480.0,-2.3385558128356934
6458749952.0,-2.334968090057373
6459687424.0,-2.3312814235687256
6460624896.0,-2.3290324211120605
6461562368.0,-2.3266685009002686
6462499840.0,-2.3257763385772705
6463437312.0,-2.3242924213409424
6464374784.0,-2.324547052383423
6465312256.0,-2.323707342147827
6466250240.0,-2.3245182037353516
6467187712.0,-2.3251116275787354
6468125184.0,-2.3268771171569824
6469062656.0,-2.3295116424560547
6470000128.0,-2.3329966068267822
6470937600.0,-2.3376927375793457
6471875072.0,-2.3430771827697754
6472812544.0,-2.3486428260803223
6473750016.0,-2.355386734008789
6474687488.0,-2.363431930541992
6475624960.0,-2.3734076023101807
6476562432.0,-2.3860177993774414
6477499904.0,-2.403455972671509
6478437376.0,-2.4221856594085693
6479374848.0,-2.446643352508545
6480312320.0,-2.4758858680725098
6481249792.0,-2.505706787109375
6482187264.0,-2.541372776031494
6483125248.0,-2.5797770023345947
6484062720.0,-2.618332862854004
6485000192.0,-2.725252151489258
6485937664.0,-2.7557029724121094
6486875136.0,-2.786261796951294
6487812608.0,-2.815190315246582
6488750080.0,-2.8425002098083496
6489687552.0,-2.8707046508789062
6490625024.0,-2.898061513900757
6491562496.0,-2.924189805984497
6492499968.0,-2.9533262252807617
6493437440.0,-2.9812355041503906
6494374912.0,-3.0113673210144043
6495312384.0,-3.0422332286834717
6496249856.0,-3.074941873550415
6497187328.0,-3.1052510738372803
6498124800.0,-3.136265516281128
6499062272.0,-3.1662285327911377
6499999744.0,-3.1954755783081055
6500937728.0,-3.2225725650787354
6501875200.0,-3.2489118576049805
6502812672.0,-3.27354097366333
6503750144.0,-3.2962207794189453
6504687616.0,-3.3219563961029053
6505625088.0,-3.3473432064056396
6506562560.0,-3.373535394668579
6507500032.0,-3.399472951889038
6508437504.0,-3.425363302230835
6509374976.0,-3.4533205032348633
6510312448.0,-3.4823057651519775
6511249920.0,-3.512251377105713
6512187392.0,-3.5436863899230957
6513124864.0,-3.5758249759674072
6514062336.0,-3.6058249473571777
6514999808.0,-3.635162115097046
6515937280.0,-3.6616969108581543
6516874752.0,-3.688075542449951
6517812736.0,-3.7128329277038574
6518750208.0,-3.740171432495117
6519687680.0,-3.765484094619751
6520625152.0,-3.7937660217285156
6521562624.0,-3.822063446044922
6522500096.0,-3.8517379760742188
6523437568.0,-3.8831331729888916
6524375040.0,-3.9171836376190186
6525312512.0,-3.9531643390655518
6526249984.0,-3.991966724395752
6527187456.0,-4.034346103668213
6528124928.0,-4.0792999267578125
6529062400.0,-4.126245498657227
6529999872.0,-4.175203323364258
6530937344.0,-4.2243123054504395
6531874816.0,-4.27409553527832
6532812288.0,-4.322871208190918
6533749760.0,-4.373157978057861
6534687744.0,-4.420601844787598
6535625216.0,-4.467322826385498
6536562688.0,-4.509932518005371
6537500160.0,-4.550478458404541
6538437632.0,-4.590682506561279
6539375104.0,-4.631743431091309
6540312576.0,-4.67294979095459
6541250048.0,-4.714784622192383
6542187520.0,-4.757248401641846
6543124992.0,-4.800633430480957
6544062464.0,-4.844125747680664
6544999936.0,-4.882366180419922
6545937408.0,-4.933923244476318
6546874880.0,-4.983948230743408
6547812352.0,-5.035019874572754
6548749824.0,-5.085355758666992
6549687296.0,-5.131391525268555
6550624768.0,-5.177794456481934
6551562752.0,-5.22287130355835
6552500224.0,-5.271224021911621
6553437696.0,-5.321194648742676
6554375168.0,-5.373610496520996
6555312640.0,-5.428476810455322
6556250112.0,-5.485454082489014
6557187584.0,-5.541805267333984
6558125056.0,-5.59830379486084
6559062528.0,-5.651991844177246
6560000000.0,-5.706106185913086
6560937472.0,-5.759708881378174
6561874944.0,-5.814229965209961
6562812416.0,-5.871557235717773
6563749888.0,-5.927342414855957
6564687360.0,-5.983616828918457
6565624832.0,-6.039539813995361
6566562304.0,-6.097641468048096
6567499776.0,-6.1569905281066895
6568437248.0,-6.219818592071533
6569375232.0,-6.28679895401001
6570312704.0,-6.353733062744141
6571250176.0,-6.421189785003662
6572187648.0,-6.4916534423828125
6573125120.0,-6.564406394958496
6574062592.0,-6.64164924621582
6575000064.0,-6.717688083648682
6575937536.0,-6.799422740936279
6576875008.0,-6.883549690246582
6577812480.0,-6.969305992126465
6578749952.0,-7.056403636932373
6579687424.0,-7.146029949188232
6580624896.0,-7.234834671020508
6581562368.0,-7.322566032409668
6582499840.0,-7.412293434143066
6583437312.0,-7.50525426864624
6584374784.0,-7.59902286529541
6585312256.0,-7.690845966339111
6586250240.0,-7.787118434906006
6587187712.0,-7.882899284362793
6588125184.0,-7.975069999694824
6589062656.0,-8.068500518798828
6590000128.0,-8.162447929382324
6590937600.0,-8.251639366149902
6591875072.0,-8.346277236938477
6592812544.0,-8.444988250732422
6593750016.0,-8.544761657714844
6594687488.0,-8.644181251525879
6595624960.0,-8.742376327514648
6596562432.0,-8.842755317687988
6597499904.0,-8.947480201721191
6598437376.0,-9.051233291625977
6599374848.0,-9.160109519958496
6600312320.0,-9.267149925231934
6601249792.0,-9.373019218444824
6602187264.0,-9.477559089660645
6603125248.0,-9.580097198486328
6604062720.0,-9.684420585632324
6605000192.0,-9.783822059631348
6605937664.0,-9.886343002319336
6606875136.0,-9.991169929504395
6607812608.0,-10.092978477478027
6608750080.0,-10.192070960998535
6609687552.0,-10.281656265258789
6610625024.0,-10.365700721740723
6611562496.0,-10.443791389465332
6612499968.0,-10.51790714263916
6613437440.0,-10.588455200195312
6614374912.0,-10.659290313720703
6615312384.0,-10.729126930236816
6616249856.0,-10.79774284362793
6617187328.0,-10.868876457214355
6618124800.0,-10.94681453704834
6619062272.0,-11.026459693908691
6620000256.0,-11.10849666595459
6620937728.0,-11.193777084350586
6621875200.0,-11.27273941040039
6622812672.0,-11.348470687866211
6623750144.0,-11.414137840270996
6624687616.0,-11.471024513244629
6625625088.0,-11.521247863769531
6626562560.0,-11.563772201538086
6627500032.0,-11.603450775146484
6628437504.0,-11.630992889404297
6629374976.0,-11.65275764465332
6630312448.0,-11.66616439819336
6631249920.0,-11.674495697021484
6632187392.0,-11.6815767288208
6633124864.0,-11.690681457519531
6634062336.0,-11.69141674041748
6634999808.0,-11.689892768859863
6635937280.0,-11.675321578979492
6636874752.0,-11.65379810333252
6637812736.0,-11.627636909484863
6638750208.0,-11.59725284576416
6639687680.0,-11.5645170211792
6640625152.0,-11.533475875854492
6641562624.0,-11.503205299377441
6642500096.0,-11.476639747619629
6643437568.0,-11.446337699890137
6644375040.0,-11.407746315002441
6645312512.0,-11.359665870666504
6646249984.0,-11.299818992614746
6647187456.0,-11.22512149810791
6648124928.0,-11.149065017700195
6649062400.0,-11.07099723815918
6649999872.0,-10.994385719299316
6650937344.0,-10.917346000671387
6651874816.0,-10.840866088867188
6652812288.0,-10.760354042053223
6653749760.0,-10.677063941955566
6654687744.0,-10.588104248046875
6655625216.0,-10.4974946975708
6656562688.0,-10.401285171508789
6657500160.0,-10.29269027709961
6658437632.0,-10.183250427246094
6659375104.0,-10.070255279541016
6660312576.0,-9.955925941467285
6661250048.0,-9.839780807495117
6662187520.0,-9.731552124023438
6663124992.0,-9.628144264221191
6664062464.0,-9.524828910827637
6664999936.0,-9.409323692321777
6665937408.0,-9.311030387878418
6666874880.0,-9.213606834411621
6667812352.0,-9.113344192504883
6668749824.0,-9.009296417236328
6669687296.0,-8.90438461303711
6670624768.0,-8.796042442321777
6671562752.0,-8.690032005310059
6672500224.0,-8.581626892089844
6673437696.0,-8.476922035217285
6674375168.0,-8.371161460876465
6675312640.0,-8.264448165893555
6676250112.0,-8.160189628601074
6677187584.0,-8.053889274597168
6678125056.0,-7.949913501739502
6679062528.0,-7.847703456878662
6680000000.0,-7.750990867614746
6680937472.0,-7.655467510223389
6681874944.0,-7.561742305755615
6682812416.0,-7.470093250274658
6683749888.0,-7.375944137573242
6684687360.0,-7.288994789123535
6685624832.0,-7.205779552459717
6686562304.0,-7.125442028045654
6687499776.0,-7.050415515899658
6688437248.0,-6.9765706062316895
6689375232.0,-6.908217430114746
6690312704.0,-6.838953495025635
6691250176.0,-6.7732133865356445
6692187648.0,-6.711025714874268
6693125120.0,-6.651129245758057
6694062592.0,-6.5957207679748535
6695000064.0,-6.543408393859863
6695937536.0,-6.490662574768066
6696875008.0,-6.436354637145996
6697812480.0,-6.380228042602539
6698749952.0,-6.325035095214844
6699687424.0,-6.266347408294678
6700624896.0,-6.214699745178223
6701562368.0,-6.159483909606934
6702499840.0,-6.105645656585693
6703437312.0,-6.048227310180664
6704374784.0,-5.98974609375
6705312256.0,-5.931680679321289
6706250240.0,-5.872448444366455
6707187712.0,-5.815049171447754
6708125184.0,-5.758350849151611
6709062656.0,-5.698312759399414
6710000128.0,-5.638626575469971
6710937600.0,-5.576887130737305
6711875072.0,-5.510807037353516
6712812544.0,-5.445504665374756
6713750016.0,-5.37833833694458
6714687488.0,-5.3118896484375
6715624960.0,-5.24609899520874
6716562432.0,-5.179810047149658
6717499904.0,-5.114389419555664
6718437376.0,-5.050059795379639
6719374848.0,-4.985448837280273
6720312320.0,-4.92280912399292
6721249792.0,-4.8581342697143555
6722187264.0,-4.795729637145996
6723125248.0,-4.734214782714844
6724062720.0,-4.668264389038086
6725000192.0,-4.385284423828125
6725937664.0,-4.312808513641357
6726875136.0,-4.241032123565674
6727812608.0,-4.171235084533691
6728750080.0,-4.103144645690918
6729687552.0,-4.037200927734375
6730625024.0,-3.972163200378418
6731562496.0,-3.9103050231933594
6732499968.0,-3.8496642112731934
6733437440.0,-3.7913477420806885
6734374912.0,-3.733494997024536
6735312384.0,-3.680405378341675
6736249856.0,-3.629995822906494
6737187328.0,-3.581986904144287
6738124800.0,-3.539616823196411
6739062272.0,-3.5015792846679688
6739999744.0,-3.466762065887451
6740937728.0,-3.434455633163452
6741875200.0,-3.4044108390808105
6742812672.0,-3.374041795730591
6743750144.0,-3.3452608585357666
6744687616.0,-3.3184401988983154
6745625088.0,-3.291456460952759
6746562560.0,-3.2662434577941895
6747500032.0,-3.242223024368286
6748437504.0,-3.221951723098755
6749374976.0,-3.201674699783325
6750312448.0,-3.1829402446746826
6751249920.0,-3.164382219314575
6752187392.0,-3.146184206008911
6753124864.0,-3.12664532661438
6754062336.0,-3.1095192432403564
6754999808.0,-3.091493844985962
6755937280.0,-3.0726118087768555
6756874752.0,-3.0560061931610107
6757812736.0,-3.0392823219299316
6758750208.0,-3.021080732345581
6759687680.0,-3.0034778118133545
6760625152.0,-2.9843876361846924
6761562624.0,-2.9643490314483643
6762500096.0,-2.9414162635803223
6763437568.0,-2.917722702026367
6764375040.0,-2.8925201892852783
6765312512.0,-2.867792844772339
6766249984.0,-2.8427138328552246
6767187456.0,-2.817457675933838
6768124928.0,-2.788722276687622
6769062400.0,-2.7592358589172363
6769999872.0,-2.728123426437378
6770937344.0,-2.6983413696289062
6771874816.0,-2.6677634716033936
6772812288.0,-2.6366817951202393
6773749760.0,-2.607433557510376
6774687744.0,-2.57751727104187
6775625216.0,-2.5464870929718018
6776562688.0,-2.5157158374786377
6777500160.0,-2.4824399948120117
6778437632.0,-2.454598903656006
6779375104.0,-2.424726963043213
6780312576.0,-2.3959031105041504
6781250048.0,-2.367398262023926
6782187520.0,-2.339625835418701
6783124992.0,-2.3105616569519043
6784062464.0,-2.282777786254883
6784999936.0,-2.2622463703155518
6785937408.0,-2.228624105453491
6786874880.0,-2.1949124336242676
6787812352.0,-2.1624763011932373
6788749824.0,-2.1320455074310303
6789687296.0,-2.1009297370910645
6790624768.0,-2.0722148418426514
6791562752.0,-2.0452818870544434
6792500224.0,-2.0207643508911133
6793437696.0,-1.9993412494659424
6794375168.0,-1.9786972999572754
6795312640.0,-1.9594885110855103
6796250112.0,-1.9413251876831055
6797187584.0,-1.9230068922042847
6798125056.0,-1.9063315391540527
6799062528.0,-1.8892275094985962
6800000000.0,-1.874455213546753
6800937472.0,-1.8595638275146484
6801874944.0,-1.8452273607254028
6802812416.0,-1.8327964544296265
6803749888.0,-1.820938229560852
6804687360.0,-1.810054063796997
6805624832.0,-1.7985793352127075
6806562304.0,-1.7873224020004272
6807499776.0,-1.7755299806594849
6808437248.0,-1.7644565105438232
6809375232.0,-1.7523761987686157
6810312704.0,-1.7399829626083374
6811250176.0,-1.7284998893737793
6812187648.0,-1.717369556427002
6813125120.0,-1.706294298171997
6814062592.0,-1.6944907903671265
6815000064.0,-1.6809675693511963
6815937536.0,-1.6685216426849365
6816875008.0,-1.6540701389312744
6817812480.0,-1.6394950151443481
6818749952.0,-1.623606562614441
6819687424.0,-1.6074355840682983
6820624896.0,-1.5898832082748413
6821562368.0,-1.571893334388733
6822499840.0,-1.554363489151001
6823437312.0,-1.5324232578277588
6824374784.0,-1.5113905668258667
6825312256.0,-1.4892829656600952
6826250240.0,-1.4672218561172485
6827187712.0,-1.445002794265747
6828125184.0,-1.422288417816162
6829062656.0,-1.3986610174179077
6830000128.0,-1.37534499168396
6830937600.0,-1.3501349687576294
6831875072.0,-1.3266913890838623
6832812544.0,-1.3033987283706665
6833750016.0,-1.2814304828643799
6834687488.0,-1.2600160837173462
6835624960.0,-1.2398955821990967
6836562432.0,-1.218919277191162
6837499904.0,-1.2004503011703491
6838437376.0,-1.1816493272781372
6839374848.0,-1.1635832786560059
6840312320.0,-1.1466180086135864
6841249792.0,-1.1307473182678223
6842187264.0,-1.1159671545028687
6843125248.0,-1.101663589477539
6844062720.0,-1.0902934074401855
6845000192.0,-1.053717851638794
6845937664.0,-1.0444011688232422
6846875136.0,-1.0390384197235107
6847812608.0,-1.0327602624893188
6848750080.0,-1.029309868812561
6849687552.0,-1.0268887281417847
6850625024.0,-1.0258139371871948
6851562496.0,-1.0249607563018799
6852499968.0,-1.0272736549377441
6853437440.0,-1.0292481184005737
6854374912.0,-1.0315619707107544
6855312384.0,-1.0352071523666382
6856249856.0,-1.0385509729385376
6857187328.0,-1.043236255645752
6858124800.0,-1.0495983362197876
6859062272.0,-1.0562652349472046
6860000256.0,-1.0639886856079102
6860937728.0,-1.0728222131729126
6861875200.0,-1.0817146301269531
6862812672.0,-1.091819167137146
6863750144.0,-1.1022051572799683
6864687616.0,-1.113713264465332
6865625088.0,-1.1244992017745972
6866562560.0,-1.1354676485061646
6867500032.0,-1.14691162109375
6868437504.0,-1.15822434425354
6869374976.0,-1.168073296546936
6870312448.0,-1.1771267652511597
6871249920.0,-1.1846686601638794
6872187392.0,-1.1919000148773193
6873124864.0,-1.1974960565567017
6874062336.0,-1.2014774084091187
6874999808.0,-1.2042129039764404
6875937280.0,-1.2030366659164429
6876874752.0,-1.2014665603637695
6877812736.0,-1.1962802410125732
6878750208.0,-1.1902533769607544
6879687680.0,-1.1806161403656006
6880625152.0,-1.1680452823638916
6881562624.0,-1.1523771286010742
6882500096.0,-1.135042667388916
6883437568.0,-1.1163524389266968
6884375040.0,-1.0955668687820435
6885312512.0,-1.071981430053711
6886249984.0,-1.045800805091858
6887187456.0,-1.0203990936279297
6888124928.0,-0.9942238330841064
6889062400.0,-0.9653603434562683
6889999872.0,-0.9375084638595581
6890937344.0,-0.9087512493133545
6891874816.0,-0.8782223463058472
6892812288.0,-0.8501827120780945
6893749760.0,-0.8199278712272644
6894687744.0,-0.7899996638298035
6895625216.0,-0.760983943939209
6896562688.0,-0.7317239046096802
6897500160.0,-0.7036873698234558
6898437632.0,-0.674368679523468
6899375104.0,-0.6469465494155884
6900312576.0,-0.6198800206184387
6901250048.0,-0.5939181447029114
6902187520.0,-0.5685455203056335
6903124992.0,-0.5424992442131042
6904062464.0,-0.5209569334983826
6904999936.0,-0.484174519777298
6905937408.0,-0.4808272123336792
6906874880.0,-0.4778066575527191
6907812352.0,-0.4764330983161926
6908749824.0,-0.4762522280216217
6909687296.0,-0.47797054052352905
6910624768.0,-0.48015767335891724
6911562752.0,-0.48415765166282654
6912500224.0,-0.4887266159057617
6913437696.0,-0.49329298734664917
6914375168.0,-0.4995153248310089
6915312640.0,-0.5061727166175842
6916250112.0,-0.5141585469245911
6917187584.0,-0.5222272276878357
6918125056.0,-0.5308048725128174
6919062528.0,-0.5390430688858032
6920000000.0,-0.5477687120437622
6920937472.0,-0.5566577315330505
6921874944.0,-0.56615149974823
6922812416.0,-0.5758969783782959
6923749888.0,-0.583936870098114
6924687360.0,-0.5929500460624695
6925624832.0,-0.6022217273712158
6926562304.0,-0.6093722581863403
6927499776.0,-0.6177640557289124
6928437248.0,-0.6244747638702393
6929375232.0,-0.6305591464042664
6930312704.0,-0.6359485387802124
6931250176.0,-0.6446560621261597
6932187648.0,-0.6535394787788391
6933125120.0,-0.6603103876113892
6934062592.0,-0.6667323112487793
6935000064.0,-0.6730067729949951
6935937536.0,-0.6787953972816467
6936875008.0,-0.6832119822502136
6937812480.0,-0.6863515377044678
6938749952.0,-0.6896420121192932
6939687424.0,-0.6920496821403503
6940624896.0,-0.6918303966522217
6941562368.0,-0.6925079226493835
6942499840.0,-0.6926673054695129
6943437312.0,-0.6916509866714478
6944374784.0,-0.6887765526771545
6945312256.0,-0.6861149072647095
6946250240.0,-0.6824341416358948
6947187712.0,-0.6784921288490295
6948125184.0,-0.6731433868408203
6949062656.0,-0.6671838164329529
6950000128.0,-0.6604185104370117
6950937600.0,-0.6521569490432739
6951875072.0,-0.6423687934875488
6952812544.0,-0.6315174698829651
6953750016.0,-0.6209787130355835
6954687488.0,-0.6098886132240295
6955624960.0,-0.5957682132720947
6956562432.0,-0.584542989730835
6957499904.0,-0.5722248554229736
6958437376.0,-0.5600225329399109
6959374848.0,-0.5471790432929993
6960312320.0,-0.533691942691803
6961249792.0,-0.5189141035079956
6962187264.0,-0.5039476752281189
6963125248.0,-0.4885038137435913
6964062720.0,-0.4730524718761444
6965000192.0,-0.39328446984291077
6965937664.0,-0.3850726783275604
6966875136.0,-0.377271443605423
6967812608.0,-0.3692396581172943
6968750080.0,-0.36195340752601624
6969687552.0,-0.3545282185077667
6970625024.0,-0.34820011258125305
6971562496.0,-0.34132036566734314
6972499968.0,-0.33501580357551575
6973437440.0,-0.3302072584629059
6974374912.0,-0.3258984088897705
6975312384.0,-0.3229447305202484
6976249856.0,-0.3197290301322937
6977187328.0,-0.31714895367622375
6978124800.0,-0.31708961725234985
6979062272.0,-0.3182150423526764
6979999744.0,-0.3197042644023895
6980937728.0,-0.32254573702812195
6981875200.0,-0.3246890604496002
6982812672.0,-0.32811933755874634
6983750144.0,-0.3336752653121948
6984687616.0,-0.3376316428184509
6985625088.0,-0.34471508860588074
6986562560.0,-0.3525597155094147
6987500032.0,-0.3609876334667206
6988437504.0,-0.3714213967323303
6989374976.0,-0.3813190758228302
6990312448.0,-0.39307650923728943
6991249920.0,-0.40570932626724243
6992187392.0,-0.41770249605178833
6993124864.0,-0.43018868565559387
6994062336.0,-0.4435581862926483
6994999808.0,-0.4564257860183716
6995937280.0,-0.4696720838546753
6996874752.0,-0.4830665588378906
6997812736.0,-0.49611005187034607
6998750208.0,-0.5075176358222961
6999687680.0,-0.5190712809562683
7000625152.0,-0.5291613936424255
7001562624.0,-0.5380496382713318
7002500096.0,-0.5456715226173401
7003437568.0,-0.5538128614425659
7004375040.0,-0.5590854287147522
7005312512.0,-0.5640689134597778
7006249984.0,-0.5684179067611694
7007187456.0,-0.5701154470443726
7008124928.0,-0.5709754824638367
7009062400.0,-0.5701548457145691
7009999872.0,-0.5677236914634705
7010937344.0,-0.5648829936981201
7011874816.0,-0.5588111877441406
7012812288.0,-0.5536549687385559
7013749760.0,-0.5466603636741638
7014687744.0,-0.5393362045288086
7015625216.0,-0.5307355523109436
7016562688.0,-0.5223647356033325
7017500160.0,-0.5136014819145203
7018437632.0,-0.5044161677360535
7019375104.0,-0.49482306838035583
7020312576.0,-0.48475778102874756
7021250048.0,-0.4753457307815552
7022187520.0,-0.4666551649570465
7023124992.0,-0.45784905552864075
7024062464.0,-0.4490658640861511
7024999936.0,-0.4238094389438629
7025937408.0,-0.41675278544425964
7026874880.0,-0.41068148612976074
7027812352.0,-0.40472114086151123
7028749824.0,-0.39958590269088745
7029687296.0,-0.3956858217716217
7030624768.0,-0.3929995894432068
7031562752.0,-0.391799658536911
7032500224.0,-0.3918299973011017
7033437696.0,-0.3939586877822876
7034375168.0,-0.39653146266937256
7035312640.0,-0.40192362666130066
7036250112.0,-0.40759608149528503
7037187584.0,-0.41510266065597534
7038125056.0,-0.42282381653785706
7039062528.0,-0.43118637800216675
7040000000.0,-0.44045791029930115
7040937472.0,-0.45019805431365967
7041874944.0,-0.46022552251815796
7042812416.0,-0.4693916141986847
7043749888.0,-0.4788378179073334
7044687360.0,-0.4872003495693207
7045624832.0,-0.49612873792648315
7046562304.0,-0.5033732056617737
7047499776.0,-0.5088624954223633
7048437248.0,-0.5142555832862854
7049375232.0,-0.5181689262390137
7050312704.0,-0.5212960243225098
7051250176.0,-0.5214273929595947
7052187648.0,-0.5202416181564331
7053125120.0,-0.5177998542785645
7054062592.0,-0.5130598545074463
7055000064.0,-0.5069835782051086
7055937536.0,-0.49883830547332764
7056875008.0,-0.4885627329349518
7057812480.0,-0.47773846983909607
7058749952.0,-0.462328165769577
7059687424.0,-0.44531795382499695
7060624896.0,-0.42675840854644775
7061562368.0,-0.40766310691833496
7062499840.0,-0.3875179588794708
7063437312.0,-0.36615273356437683
7064374784.0,-0.34515416622161865
7065312256.0,-0.3231479525566101
7066250240.0,-0.30038216710090637
7067187712.0,-0.28008079528808594
7068125184.0,-0.2581217288970947
7069062656.0,-0.23645994067192078
7070000128.0,-0.2179291844367981
7070937600.0,-0.19887468218803406
7071875072.0,-0.18032629787921906
7072812544.0,-0.1638912409543991
7073750016.0,-0.1491691619157791
7074687488.0,-0.13604070246219635
7075624960.0,-0.12472403049468994
7076562432.0,-0.11446956545114517
7077499904.0,-0.1071062833070755
7078437376.0,-0.1013561263680458
7079374848.0,-0.09810476750135422
7080312320.0,-0.09774567931890488
7081249792.0,-0.1002175509929657
7082187264.0,-0.1037554144859314
7083125248.0,-0.11137916892766953
7084062720.0,-0.1191302239894867
7085000192.0,-0.27279001474380493
7085937664.0,-0.28556686639785767
7086875136.0,-0.29798853397369385
7087812608.0,-0.31277698278427124
7088750080.0,-0.32955071330070496
7089687552.0,-0.34857475757598877
7090625024.0,-0.37014302611351013
7091562496.0,-0.3925413489341736
7092499968.0,-0.4174255430698395
7093437440.0,-0.4438575506210327
7094374912.0,-0.47153908014297485
7095312384.0,-0.5018625855445862
7096249856.0,-0.5324583053588867
7097187328.0,-0.5647715330123901
7098124800.0,-0.5979369282722473
7099062272.0,-0.6326224207878113
7100000256.0,-0.6664665341377258
7100937728.0,-0.7000612020492554
7101875200.0,-0.7336338758468628
7102812672.0,-0.7650342583656311
7103750144.0,-0.7943105697631836
7104687616.0,-0.8207845091819763
7105625088.0,-0.847247838973999
7106562560.0,-0.8696885108947754
7107500032.0,-0.8894434571266174
7108437504.0,-0.904569149017334
7109374976.0,-0.9175570011138916
7110312448.0,-0.9278103113174438
7111249920.0,-0.9321788549423218
7112187392.0,-0.9333184957504272
7113124864.0,-0.9311570525169373
7114062336.0,-0.922546923160553
7114999808.0,-0.9118170142173767
7115937280.0,-0.8973625898361206
7116874752.0,-0.8784177303314209
7117812736.0,-0.8587154746055603
7118750208.0,-0.8333730101585388
7119687680.0,-0.8065988421440125
7120625152.0,-0.7765527367591858
7121562624.0,-0.744481086730957
7122500096.0,-0.7116796374320984
7123437568.0,-0.6766294240951538
7124375040.0,-0.6400443911552429
7125312512.0,-0.6042389273643494
7126249984.0,-0.5667146444320679
7127187456.0,-0.529647171497345
7128124928.0,-0.4924796223640442
7129062400.0,-0.45718008279800415
7129999872.0,-0.42122048139572144
7130937344.0,-0.38667330145835876
7131874816.0,-0.354809433221817
7132812288.0,-0.32296133041381836
7133749760.0,-0.2927931845188141
7134687744.0,-0.26572078466415405
7135625216.0,-0.23970270156860352
7136562688.0,-0.21613717079162598
7137500160.0,-0.19511151313781738
7138437632.0,-0.17656463384628296
7139375104.0,-0.15830643475055695
7140312576.0,-0.14251387119293213
7141250048.0,-0.12810920178890228
7142187520.0,-0.11618276685476303
7143124992.0,-0.10588651895523071
7144062464.0,-0.2007531076669693
7144999936.0,-0.20057561993598938
7145937408.0,-0.2017136663198471
7146874880.0,-0.20356126129627228
7147812352.0,-0.2069426029920578
7148749824.0,-0.2113286852836609
7149687296.0,-0.2164105325937271
7150624768.0,-0.22276972234249115
7151562752.0,-0.23038317263126373
7152500224.0,-0.2399224042892456
7153437696.0,-0.25215157866477966
7154375168.0,-0.26379069685935974
7155312640.0,-0.27887263894081116
7156250112.0,-0.2962181270122528
7157187584.0,-0.3149975538253784
7158125056.0,-0.3382277488708496
7159062528.0,-0.3625495433807373
7160000000.0,-0.389864444732666
7160937472.0,-0.41666460037231445
7161874944.0,-0.43966159224510193
7162812416.0,-0.45951730012893677
7163749888.0,-0.4769173562526703
7164687360.0,-0.49032261967658997
7165624832.0,-0.5014899969100952
7166562304.0,-0.5104400515556335
7167499776.0,-0.515701949596405
7168437248.0,-0.5187088847160339
7169375232.0,-0.5215097069740295
7170312704.0,-0.5227721929550171
7171250176.0,-0.5257101058959961
7172187648.0,-0.5282044410705566
7173125120.0,-0.5320087671279907
7174062592.0,-0.5371727347373962
7175000064.0,-0.5452321171760559
7175937536.0,-0.555813193321228
7176875008.0,-0.5679417848587036
7177812480.0,-0.583196222782135
7178749952.0,-0.5991620421409607
7179687424.0,-0.618462860584259
7180624896.0,-0.6397800445556641
7181562368.0,-0.6606356501579285
7182499840.0,-0.6822739243507385
7183437312.0,-0.7020740509033203
7184374784.0,-0.7224368453025818
7185312256.0,-0.7403796911239624
7186250240.0,-0.7560926079750061
7187187712.0,-0.7699087858200073
7188125184.0,-0.7802610397338867
7189062656.0,-0.7870243191719055
7190000128.0,-0.7908965945243835
7190937600.0,-0.7883646488189697
7191875072.0,-0.7840592265129089
7192812544.0,-0.7756091356277466
7193750016.0,-0.7636634707450867
7194687488.0,-0.748142421245575
7195624960.0,-0.7294928431510925
7196562432.0,-0.7078719139099121
7197499904.0,-0.6840596199035645
7198437376.0,-0.6581912636756897
7199374848.0,-0.6303762793540955
7200312320.0,-0.6032781600952148
7201249792.0,-0.575899064540863
7202187264.0,-0.5499547123908997
7203125248.0,-0.5255386233329773
7204062720.0,-0.6511394381523132
7205000192.0,-0.643330991268158
7205937664.0,-0.6376461386680603
7206875136.0,-0.6343934535980225
7207812608.0,-0.6342374086380005
7208750080.0,-0.6360360980033875
7209687552.0,-0.6408029198646545
7210625024.0,-0.6470769643783569
7211562496.0,-0.6589363217353821
7212499968.0,-0.6714769601821899
7213437440.0,-0.6864646673202515
7214374912.0,-0.7019180655479431
7215312384.0,-0.7204306721687317
7216249856.0,-0.7400553822517395
7217187328.0,-0.7596735954284668
7218124800.0,-0.7796072363853455
7219062272.0,-0.8004397749900818
7219999744.0,-0.821076512336731
7220937728.0,-0.8412640690803528
7221875200.0,-0.8604657053947449
7222812672.0,-0.8785564303398132
7223750144.0,-0.8936820030212402
7224687616.0,-0.9084754586219788
7225625088.0,-0.9188210964202881
7226562560.0,-0.9295071959495544
7227500032.0,-0.9370670318603516
7228437504.0,-0.942403256893158
7229374976.0,-0.9463558197021484
7230312448.0,-0.9491521716117859
7231249920.0,-0.9488229751586914
7232187392.0,-0.9496122002601624
7233124864.0,-0.9474758505821228
7234062336.0,-0.9443482160568237
7234999808.0,-0.9414036870002747
7235937280.0,-0.935617208480835
7236874752.0,-0.932384729385376
7237812736.0,-0.927332878112793
7238750208.0,-0.9225344061851501
7239687680.0,-0.9190467000007629
7240625152.0,-0.9155809283256531
7241562624.0,-0.9137510657310486
7242500096.0,-0.9113165736198425
7243437568.0,-0.9087783098220825
7244375040.0,-0.9071590900421143
7245312512.0,-0.9078885316848755
7246249984.0,-0.9087669849395752
7247187456.0,-0.9106738567352295
7248124928.0,-0.9157394766807556
7249062400.0,-0.9218654632568359
7249999872.0,-0.9286691546440125
7250937344.0,-0.9374154806137085
7251874816.0,-0.9476456642150879
7252812288.0,-0.959501326084137
7253749760.0,-0.9737498760223389
7254687744.0,-0.9870909452438354
7255625216.0,-1.0030291080474854
7256562688.0,-1.0203906297683716
7257500160.0,-1.0364187955856323
7258437632.0,-1.0534924268722534
7259375104.0,-1.0714291334152222
7260312576.0,-1.0896549224853516
7261250048.0,-1.1077970266342163
7262187520.0,-1.124920129776001
7263124992.0,-1.1407405138015747
7264062464.0,-1.171907901763916
7264999936.0,-1.1871094703674316
7265937408.0,-1.2021713256835938
7266874880.0,-1.2163729667663574
7267812352.0,-1.2314105033874512
7268749824.0,-1.2452620267868042
7269687296.0,-1.2601622343063354
7270624768.0,-1.274214744567871
7271562752.0,-1.2862772941589355
7272500224.0,-1.297821283340454
7273437696.0,-1.3071627616882324
7274375168.0,-1.3147776126861572
7275312640.0,-1.3199825286865234
7276250112.0,-1.3235551118850708
7277187584.0,-1.3252477645874023
7278125056.0,-1.3232218027114868
7279062528.0,-1.321486473083496
7280000000.0,-1.3155601024627686
7280937472.0,-1.3079018592834473
7281874944.0,-1.2984033823013306
7282812416.0,-1.2870073318481445
7283749888.0,-1.2726167440414429
7284687360.0,-1.2559741735458374
7285624832.0,-1.2380319833755493
7286562304.0,-1.2190382480621338
7287499776.0,-1.1985470056533813
7288437248.0,-1.174865484237671
7289375232.0,-1.1496639251708984
7290312704.0,-1.1227710247039795
7291250176.0,-1.0937093496322632
7292187648.0,-1.0630238056182861
7293125120.0,-1.0325294733047485
7294062592.0,-0.9993288516998291
7295000064.0,-0.9653223156929016
7295937536.0,-0.9308940172195435
7296875008.0,-0.8955833911895752
7297812480.0,-0.8592223525047302
7298749952.0,-0.8228724598884583
7299687424.0,-0.7870244979858398
7300624896.0,-0.7505272030830383
7301562368.0,-0.7140222787857056
7302499840.0,-0.6783633828163147
7303437312.0,-0.6428561210632324
7304374784.0,-0.6083778738975525
7305312256.0,-0.5746994018554688
7306250240.0,-0.5417569279670715
7307187712.0,-0.5111692547798157
7308125184.0,-0.48063796758651733
7309062656.0,-0.4515509009361267
7310000128.0,-0.4239071309566498
7310937600.0,-0.3976020812988281
7311875072.0,-0.37228551506996155
7312812544.0,-0.3501860499382019
7313750016.0,-0.33199968934059143
7314687488.0,-0.31506145000457764
7315624960.0,-0.29985371232032776
7316562432.0,-0.2863425612449646
7317499904.0,-0.2736005187034607
7318437376.0,-0.2634890377521515
7319374848.0,-0.2555702328681946
7320312320.0,-0.2486439198255539
7321249792.0,-0.24480454623699188
7322187264.0,-0.24269355833530426
7323125248.0,-0.24236208200454712
7324062720.0,-0.40081319212913513
7325000192.0,-0.39910587668418884
7325937664.0,-0.398757666349411
7326875136.0,-0.39915698766708374
7327812608.0,-0.4032115340232849
7328750080.0,-0.4076366126537323
7329687552.0,-0.41304755210876465
7330625024.0,-0.4207477569580078
7331562496.0,-0.4292701482772827
7332499968.0,-0.43855345249176025
7333437440.0,-0.4472469389438629
7334374912.0,-0.45762351155281067
7335312384.0,-0.468694269657135
7336249856.0,-0.4801001250743866
7337187328.0,-0.49181631207466125
7338124800.0,-0.5030959248542786
7339062272.0,-0.5132814049720764
7340000256.0,-0.5223967432975769
7340937728.0,-0.5320027470588684
7341875200.0,-0.5403612852096558
7342812672.0,-0.5480366349220276
7343750144.0,-0.553196370601654
7344687616.0,-0.5572381615638733
7345625088.0,-0.5608585476875305
7346562560.0,-0.5614363551139832
7347500032.0,-0.5617810487747192
7348437504.0,-0.5603148937225342
7349374976.0,-0.5574864149093628
7350312448.0,-0.5521827340126038
7351249920.0,-0.546242892742157
7352187392.0,-0.5389902591705322
7353124864.0,-0.5322909951210022
7354062336.0,-0.5230094790458679
7354999808.0,-0.5112048983573914
7355937280.0,-0.5011537075042725
7356874752.0,-0.4878063499927521
7357812736.0,-0.47582313418388367
7358750208.0,-0.46191492676734924
7359687680.0,-0.447321355342865
7360625152.0,-0.43316254019737244
7361562624.0,-0.4186461269855499
7362500096.0,-0.4043930470943451
7363437568.0,-0.38745689392089844
7364375040.0,-0.3680562674999237
7365312512.0,-0.3490094542503357
7366249984.0,-0.3294594883918762
7367187456.0,-0.3107488751411438
7368124928.0,-0.29129061102867126
7369062400.0,-0.27193716168403625
7369999872.0,-0.2530553936958313
7370937344.0,-0.23421229422092438
7371874816.0,-0.21385803818702698
7372812288.0,-0.19468975067138672
7373749760.0,-0.1736527532339096
7374687744.0,-0.15437142550945282
7375625216.0,-0.13359716534614563
7376562688.0,-0.1136021688580513
7377500160.0,-0.09202579408884048
7378437632.0,-0.07037556916475296
7379375104.0,-0.049734510481357574
7380312576.0,-0.027424629777669907
7381250048.0,-0.005481330677866936
7382187520.0,0.017457548528909683
7383124992.0,0.0392024889588356
7384062464.0,0.051885563880205154
7384999936.0,0.0582815557718277
7385937408.0,0.06530726701021194
7386874880.0,0.07182705402374268
7387812352.0,0.07623373717069626
7388749824.0,0.08170486986637115
7389687296.0,0.08614037185907364
7390624768.0,0.09058980643749237
7391562752.0,0.09502819925546646
7392500224.0,0.09958209097385406
7393437696.0,0.10359892249107361
7394375168.0,0.10876838862895966
7395312640.0,0.1130029484629631
7396250112.0,0.11951494216918945
7397187584.0,0.12500569224357605
7398125056.0,0.13145096600055695
7399062528.0,0.13691560924053192
7400000000.0,0.14400947093963623
7400937472.0,0.15130604803562164
7401874944.0,0.15773314237594604
7402812416.0,0.1641053557395935
7403749888.0,0.17021934688091278
7404687360.0,0.1757027506828308
7405624832.0,0.18068397045135498
7406562304.0,0.18354523181915283
7407499776.0,0.18509699404239655
7408437248.0,0.1847771257162094
7409375232.0,0.1836068481206894
7410312704.0,0.1788588911294937
7411250176.0,0.17274288833141327
7412187648.0,0.16458982229232788
7413125120.0,0.15287147462368011
7414062592.0,0.13834629952907562
7415000064.0,0.12169692665338516
7415937536.0,0.10361333191394806
7416875008.0,0.08301845192909241
7417812480.0,0.06043525040149689
7418749952.0,0.037295423448085785
7419687424.0,0.01279924251139164
7420624896.0,-0.01315394975244999
7421562368.0,-0.03841184079647064
7422499840.0,-0.06434496492147446
7423437312.0,-0.0901123434305191
7424374784.0,-0.11390421539545059
7425312256.0,-0.13945679366588593
7426250240.0,-0.16253139078617096
7427187712.0,-0.18385015428066254
7428125184.0,-0.20515459775924683
7429062656.0,-0.2237546294927597
7430000128.0,-0.2410140037536621
7430937600.0,-0.2569304406642914
7431875072.0,-0.2709057033061981
7432812544.0,-0.2838863134384155
7433750016.0,-0.29432350397109985
7434687488.0,-0.30531153082847595
7435624960.0,-0.3139967918395996
7436562432.0,-0.3211326599121094
7437499904.0,-0.3276195228099823
7438437376.0,-0.33306950330734253
7439374848.0,-0.3377573788166046
7440312320.0,-0.3411659896373749
7441249792.0,-0.3414021134376526
7442187264.0,-0.34073975682258606
7443125248.0,-0.3399890959262848
7444062720.0,-0.12124930322170258
7445000192.0,-0.10352697968482971
7445937664.0,-0.08768658339977264
7446875136.0,-0.07356113195419312
7447812608.0,-0.06284303218126297
7448750080.0,-0.055063825100660324
7449687552.0,-0.04769716411828995
7450625024.0,-0.04334454610943794
7451562496.0,-0.03881852328777313
7452499968.0,-0.035382576286792755
7453437440.0,-0.032219208776950836
7454374912.0,-0.03072449006140232
7455312384.0,-0.028224533423781395
7456249856.0,-0.026428261771798134
7457187328.0,-0.024069644510746002
7458124800.0,-0.020898934453725815
7459062272.0,-0.015839384868741035
7459999744.0,-0.012098753824830055
7460937728.0,-0.005264557898044586
7461875200.0,0.0017505520954728127
7462812672.0,0.008586356416344643
7463750144.0,0.017233291640877724
7464687616.0,0.02728254720568657
7465625088.0,0.03684290498495102
7466562560.0,0.047818925231695175
7467500032.0,0.05903259664773941
7468437504.0,0.07044631242752075
7469374976.0,0.0834331065416336
7470312448.0,0.0959390178322792
7471249920.0,0.10765454173088074
7472187392.0,0.12018035352230072
7473124864.0,0.13209626078605652
7474062336.0,0.14237193763256073
7474999808.0,0.15271075069904327
7475937280.0,0.16261625289916992
7476874752.0,0.1708100289106369
7477812736.0,0.17796991765499115
7478750208.0,0.18400023877620697
7479687680.0,0.18916840851306915
7480625152.0,0.19197019934654236
7481562624.0,0.1936630755662918
7482500096.0,0.19388671219348907
7483437568.0,0.1919032335281372
7484375040.0,0.18848851323127747
7485312512.0,0.18446967005729675
7486249984.0,0.17804326117038727
7487187456.0,0.17148520052433014
7488124928.0,0.16238999366760254
7489062400.0,0.15277820825576782
7489999872.0,0.14096590876579285
7490937344.0,0.12879595160484314
7491874816.0,0.11206866800785065
7492812288.0,0.09550997614860535
7493749760.0,0.0771629586815834
7494687744.0,0.05907430127263069
7495625216.0,0.040156472474336624
7496562688.0,0.02061600051820278
7497500160.0,0.0013222370762377977
7498437632.0,-0.016775012016296387
7499375104.0,-0.03532586246728897
7500312576.0,-0.05306854844093323
7501250048.0,-0.06954719871282578
7502187520.0,-0.08648721128702164
7503124992.0,-0.10274133831262589
7504062464.0,-0.0840039774775505
7504999936.0,-0.09472600370645523
7505937408.0,-0.10548517853021622
7506874880.0,-0.11418932676315308
7507812352.0,-0.12532232701778412
7508749824.0,-0.13426785171031952
7509687296.0,-0.14263655245304108
7510624768.0,-0.151338592171669
7511562752.0,-0.15826524794101715
7512500224.0,-0.16424353420734406
7513437696.0,-0.17203836143016815
7514375168.0,-0.1764518916606903
7515312640.0,-0.18144038319587708
7516250112.0,-0.18523597717285156
7517187584.0,-0.19017361104488373
7518125056.0,-0.19254262745380402
7519062528.0,-0.19512403011322021
7520000000.0,-0.19567230343818665
7520937472.0,-0.19558528065681458
7521874944.0,-0.19459597766399384
7522812416.0,-0.19217775762081146
7523749888.0,-0.1884898841381073
7524687360.0,-0.18440639972686768
7525624832.0,-0.17925992608070374
7526562304.0,-0.17290610074996948
7527499776.0,-0.1659465879201889
7528437248.0,-0.15791001915931702
7529375232.0,-0.14877289533615112
7530312704.0,-0.1386500895023346
7531250176.0,-0.12764912843704224
7532187648.0,-0.11571069061756134
7533125120.0,-0.1027388721704483
7534062592.0,-0.09064952284097672
7535000064.0,-0.07532543689012527
7535937536.0,-0.06025410071015358
7536875008.0,-0.044167619198560715
7537812480.0,-0.027808023616671562
7538749952.0,-0.011546608060598373
7539687424.0,0.005542149767279625
7540624896.0,0.023534981533885002
7541562368.0,0.04155173525214195
7542499840.0,0.06197013333439827
7543437312.0,0.08148664236068726
7544374784.0,0.10339151322841644
7545312256.0,0.12374521046876907
7546250240.0,0.14424334466457367
7547187712.0,0.16513100266456604
7548125184.0,0.18658167123794556
7549062656.0,0.20714783668518066
7550000128.0,0.22717493772506714
7550937600.0,0.2468554675579071
7551875072.0,0.26663702726364136
7552812544.0,0.28577300906181335
7553750016.0,0.30354297161102295
7554687488.0,0.3209342956542969
7555624960.0,0.3366856575012207
7556562432.0,0.351135790348053
7557499904.0,0.3650560975074768
7558437376.0,0.376933217048645
7559374848.0,0.3877243101596832
7560312320.0,0.39720240235328674
7561249792.0,0.40420591831207275
7562187264.0,0.4080066382884979
7563125248.0,0.41034582257270813
7564062720.0,0.19167959690093994
7565000192.0,0.19076967239379883
7565937664.0,0.19015279412269592
7566875136.0,0.187405526638031
7567812608.0,0.1851603239774704
7568750080.0,0.18251852691173553
7569687552.0,0.1784738451242447
7570625024.0,0.17322853207588196
7571562496.0,0.16682963073253632
7572499968.0,0.15988394618034363
7573437440.0,0.15244950354099274
7574374912.0,0.1425057351589203
7575312384.0,0.13251285254955292
7576249856.0,0.12105342745780945
7577187328.0,0.10887783020734787
7578124800.0,0.09368833154439926
7579062272.0,0.0799298956990242
7580000256.0,0.06498826295137405
7580937728.0,0.04891673102974892
7581875200.0,0.0312926359474659
7582812672.0,0.013324802741408348
7583750144.0,-0.005907522980123758
7584687616.0,-0.025185780599713326
7585625088.0,-0.04514627158641815
7586562560.0,-0.0646781250834465
7587500032.0,-0.08569798618555069
7588437504.0,-0.10589072853326797
7589374976.0,-0.1252501904964447
7590312448.0,-0.1456342488527298
7591249920.0,-0.16622662544250488
7592187392.0,-0.18570268154144287
7593124864.0,-0.20524054765701294
7594062336.0,-0.22201144695281982
7594999808.0,-0.23958055675029755
7595937280.0,-0.2559002637863159
7596874752.0,-0.2701174318790436
7597812736.0,-0.2825341820716858
7598750208.0,-0.29504111409187317
7599687680.0,-0.305620938539505
7600625152.0,-0.3139837086200714
7601562624.0,-0.3199026882648468
7602500096.0,-0.3256826102733612
7603437568.0,-0.3285185396671295
7604375040.0,-0.3299925923347473
7605312512.0,-0.32996222376823425
7606249984.0,-0.3269807696342468
7607187456.0,-0.32176825404167175
7608124928.0,-0.31459152698516846
7609062400.0,-0.30682793259620667
7609999872.0,-0.29482030868530273
7610937344.0,-0.2820381224155426
7611874816.0,-0.2678156793117523
7612812288.0,-0.25044864416122437
7613749760.0,-0.23232930898666382
7614687744.0,-0.2127036452293396
7615625216.0,-0.19022154808044434
7616562688.0,-0.16780683398246765
7617500160.0,-0.1436540186405182
7618437632.0,-0.11867104470729828
7619375104.0,-0.09111183881759644
7620312576.0,-0.06408366560935974
7621250048.0,-0.03537377715110779
7622187520.0,-0.0075179534032940865
7623124992.0,0.020281914621591568
7624062464.0,0.04776552692055702
7624999936.0,0.07549890130758286
7625937408.0,0.10195890069007874
7626874880.0,0.12859654426574707
7627812352.0,0.15284593403339386
7628749824.0,0.17724263668060303
7629687296.0,0.19962337613105774
7630624768.0,0.22043108940124512
7631562752.0,0.24048055708408356
7632500224.0,0.25779715180397034
7633437696.0,0.27345168590545654
7634375168.0,0.28783881664276123
7635312640.0,0.2996038794517517
7636250112.0,0.3098691999912262
7637187584.0,0.31694459915161133
7638125056.0,0.32329073548316956
7639062528.0,0.3270643651485443
7640000000.0,0.32796305418014526
7640937472.0,0.3278404176235199
7641874944.0,0.32610034942626953
7642812416.0,0.3217333257198334
7643749888.0,0.31597331166267395
7644687360.0,0.30852800607681274
7645624832.0,0.3003026247024536
7646562304.0,0.28983014822006226
7647499776.0,0.27732375264167786
7648437248.0,0.26385658979415894
7649375232.0,0.24793832004070282
7650312704.0,0.23036225140094757
7651250176.0,0.21230123937129974
7652187648.0,0.1924576461315155
7653125120.0,0.17132914066314697
7654062592.0,0.1494191288948059
7655000064.0,0.1266958862543106
7655937536.0,0.10297052562236786
7656875008.0,0.07839679718017578
7657812480.0,0.05205163359642029
7658749952.0,0.02653629705309868
7659687424.0,0.0005989567725919187
7660624896.0,-0.025264320895075798
7661562368.0,-0.053475141525268555
7662499840.0,-0.07858190685510635
7663437312.0,-0.10472820699214935
7664374784.0,-0.1294606328010559
7665312256.0,-0.1553541123867035
7666250240.0,-0.17986448109149933
7667187712.0,-0.20353299379348755
7668125184.0,-0.22517971694469452
7669062656.0,-0.24604825675487518
7670000128.0,-0.2654079496860504
7670937600.0,-0.28397688269615173
7671875072.0,-0.2994175851345062
7672812544.0,-0.3141716420650482
7673750016.0,-0.3252641260623932
7674687488.0,-0.3339070975780487
7675624960.0,-0.34011125564575195
7676562432.0,-0.3437730073928833
7677499904.0,-0.345880389213562
7678437376.0,-0.3442133963108063
7679374848.0,-0.3401320278644562
7680312320.0,-0.3344438076019287
7681249792.0,-0.3260771334171295
7682187264.0,-0.314288854598999
7683125248.0,-0.30136555433273315
7684062720.0,-0.2786294221878052
7685000192.0,-0.26782265305519104
7685937664.0,-0.2558145523071289
7686875136.0,-0.24278119206428528
7687812608.0,-0.2279035598039627
7688750080.0,-0.2113715559244156
7689687552.0,-0.19285565614700317
7690625024.0,-0.17463478446006775
7691562496.0,-0.1545061320066452
7692499968.0,-0.13571684062480927
7693437440.0,-0.11402364820241928
7694374912.0,-0.09306230396032333
7695312384.0,-0.0744381919503212
7696249856.0,-0.0551120787858963
7697187328.0,-0.03709921985864639
7698124800.0,-0.020474513992667198
7699062272.0,-0.0021134468261152506
7699999744.0,0.01503074076026678
7700937728.0,0.03240586817264557
7701875200.0,0.046424418687820435
7702812672.0,0.0630740150809288
7703750144.0,0.07645446062088013
7704687616.0,0.0907321497797966
7705625088.0,0.10277016460895538
7706562560.0,0.1141802966594696
7707500032.0,0.12516070902347565
7708437504.0,0.13613469898700714
7709374976.0,0.14589759707450867
7710312448.0,0.15549436211585999
7711249920.0,0.16384747624397278
7712187392.0,0.17244330048561096
7713124864.0,0.180877685546875
7714062336.0,0.1871059685945511
7714999808.0,0.19501081109046936
7715937280.0,0.2012929767370224
7716874752.0,0.20659410953521729
7717812736.0,0.2123686820268631
7718750208.0,0.2165336310863495
7719687680.0,0.22118259966373444
7720625152.0,0.2247399538755417
7721562624.0,0.22738151252269745
7722500096.0,0.23023122549057007
7723437568.0,0.23155489563941956
7724375040.0,0.2318715751171112
7725312512.0,0.2326686680316925
7726249984.0,0.23161965608596802
7727187456.0,0.23006829619407654
7728124928.0,0.22674378752708435
7729062400.0,0.22317086160182953
7729999872.0,0.21841350197792053
7730937344.0,0.21112897992134094
7731874816.0,0.20341181755065918
7732812288.0,0.19401006400585175
7733749760.0,0.1836051642894745
7734687744.0,0.17168369889259338
7735625216.0,0.15785834193229675
7736562688.0,0.14237970113754272
7737500160.0,0.12733539938926697
7738437632.0,0.10975626856088638
7739375104.0,0.0904790610074997
7740312576.0,0.07065653800964355
7741250048.0,0.048536673188209534
7742187520.0,0.026031486690044403
7743124992.0,0.003219340229406953
7744062464.0,-0.03648332506418228
7744999936.0,-0.03886248171329498
7745937408.0,-0.04487098008394241
7746874880.0,-0.050142861902713776
7747812352.0,-0.05817065387964249
7748749824.0,-0.06691790372133255
7749687296.0,-0.07629675418138504
7750624768.0,-0.08819855749607086
7751562752.0,-0.1000993549823761
7752500224.0,-0.11502350866794586
7753437696.0,-0.1297668218612671
7754375168.0,-0.14661455154418945
7755312640.0,-0.16332094371318817
7756250112.0,-0.1807604283094406
7757187584.0,-0.19982194900512695
7758125056.0,-0.21745100617408752
7759062528.0,-0.23743121325969696
7760000000.0,-0.2567921280860901
7760937472.0,-0.2761426568031311
7761874944.0,-0.29458513855934143
7762812416.0,-0.3122830390930176
7763749888.0,-0.33029845356941223
7764687360.0,-0.347671240568161
7765624832.0,-0.36239975690841675
7766562304.0,-0.3769027888774872
7767499776.0,-0.3898683190345764
7768437248.0,-0.4008604884147644
7769375232.0,-0.40955647826194763
7770312704.0,-0.4180911183357239
7771250176.0,-0.42486709356307983
7772187648.0,-0.4288395643234253
7773125120.0,-0.431198388338089
7774062592.0,-0.4309875965118408
7775000064.0,-0.42913341522216797
7775937536.0,-0.42422452569007874
7776875008.0,-0.4175085723400116
7777812480.0,-0.40795695781707764
7778749952.0,-0.39659953117370605
7779687424.0,-0.38212090730667114
7780624896.0,-0.3662363290786743
7781562368.0,-0.34752094745635986
7782499840.0,-0.3273734152317047
7783437312.0,-0.30344444513320923
7784374784.0,-0.27954480051994324
7785312256.0,-0.2524019181728363
7786250240.0,-0.22536318004131317
7787187712.0,-0.1947704553604126
7788125184.0,-0.16386492550373077
7789062656.0,-0.1318570375442505
7790000128.0,-0.09928026795387268
7790937600.0,-0.06538445502519608
7791875072.0,-0.031227413564920425
7792812544.0,0.0024220002815127373
7793750016.0,0.03581453114748001
7794687488.0,0.07038163393735886
7795624960.0,0.10380282253026962
7796562432.0,0.13660676777362823
7797499904.0,0.16729314625263214
7798437376.0,0.1972479224205017
7799374848.0,0.22462095320224762
7800312320.0,0.2514037489891052
7801249792.0,0.2754232585430145
7802187264.0,0.29587653279304504
7803125248.0,0.315378874540329
7804062720.0,0.14499378204345703
7805000192.0,0.15657418966293335
7805937664.0,0.16790024936199188
7806875136.0,0.17607705295085907
7807812608.0,0.1833377629518509
7808750080.0,0.18923331797122955
7809687552.0,0.19214776158332825
7810625024.0,0.19416549801826477
7811562496.0,0.19291952252388
7812499968.0,0.19025808572769165
7813437440.0,0.18484458327293396
7814374912.0,0.17576192319393158
7815312384.0,0.16622290015220642
7816249856.0,0.15336893498897552
7817187328.0,0.13844943046569824
7818124800.0,0.12187445163726807
7819062272.0,0.10207873582839966
7820000256.0,0.0816701278090477
7820937728.0,0.05910160392522812
7821875200.0,0.034865960478782654
7822812672.0,0.011289798654615879
7823750144.0,-0.01341173890978098
7824687616.0,-0.03936555236577988
7825625088.0,-0.06624861806631088
7826562560.0,-0.09461336582899094
7827500032.0,-0.12211301922798157
7828437504.0,-0.15138763189315796
7829374976.0,-0.17874549329280853
7830312448.0,-0.20742115378379822
7831249920.0,-0.23546500504016876
7832187392.0,-0.26296931505203247
7833124864.0,-0.28795433044433594
7834062336.0,-0.31388309597969055
7834999808.0,-0.3387231230735779
7835937280.0,-0.3619129955768585
7836874752.0,-0.3827037215232849
7837812736.0,-0.4030337631702423
7838750208.0,-0.4199109971523285
7839687680.0,-0.4368712604045868
7840625152.0,-0.4499864876270294
7841562624.0,-0.4609096050262451
7842500096.0,-0.4716056287288666
7843437568.0,-0.4787706136703491
7844375040.0,-0.4855431318283081
7845312512.0,-0.48829492926597595
7846249984.0,-0.49025774002075195
7847187456.0,-0.4901047945022583
7848124928.0,-0.4839632511138916
7849062400.0,-0.4767020344734192
7849999872.0,-0.4678989350795746
7850937344.0,-0.4573914110660553
7851874816.0,-0.4445383548736572
7852812288.0,-0.4317873418331146
7853749760.0,-0.4181872010231018
7854687744.0,-0.40311840176582336
7855625216.0,-0.3872793912887573
7856562688.0,-0.3708561360836029
7857500160.0,-0.35335078835487366
7858437632.0,-0.33539146184921265
7859375104.0,-0.31739524006843567
7860312576.0,-0.2991597056388855
7861250048.0,-0.2804974317550659
7862187520.0,-0.2622150182723999
7863124992.0,-0.24305927753448486
7864062464.0,-0.22606579959392548
7864999936.0,-0.2085893452167511
7865937408.0,-0.18980039656162262
7866874880.0,-0.17121504247188568
7867812352.0,-0.1542440503835678
7868749824.0,-0.13741081953048706
7869687296.0,-0.11816565692424774
7870624768.0,-0.1018209382891655
7871562752.0,-0.08451998233795166
7872500224.0,-0.06753728538751602
7873437696.0,-0.05079445615410805
7874375168.0,-0.03424413874745369
7875312640.0,-0.018894735723733902
7876250112.0,-0.005185249727219343
7877187584.0,0.007091694977134466
7878125056.0,0.01907479763031006
7879062528.0,0.029443971812725067
7880000000.0,0.037430550903081894
7880937472.0,0.0432421900331974
7881874944.0,0.047723010182380676
7882812416.0,0.04939085617661476
7883749888.0,0.047711700201034546
7884687360.0,0.0450022891163826
7885624832.0,0.039127416908741
7886562304.0,0.029613733291625977
7887499776.0,0.01793292909860611
7888437248.0,0.0031506516970694065
7889375232.0,-0.013711401261389256
7890312704.0,-0.03380319103598595
7891250176.0,-0.05488720163702965
7892187648.0,-0.07868316769599915
7893125120.0,-0.1028062179684639
7894062592.0,-0.12894706428050995
7895000064.0,-0.1559188812971115
7895937536.0,-0.18322999775409698
7896875008.0,-0.2115357518196106
7897812480.0,-0.2399359941482544
7898749952.0,-0.269988477230072
7899687424.0,-0.2986718416213989
7900624896.0,-0.3273698687553406
7901562368.0,-0.35623621940612793
7902499840.0,-0.3834235370159149
7903437312.0,-0.4097043573856354
7904374784.0,-0.4343275725841522
7905312256.0,-0.45888522267341614
7906250240.0,-0.48182910680770874
7907187712.0,-0.5027400851249695
7908125184.0,-0.5241126418113708
7909062656.0,-0.5434800982475281
7910000128.0,-0.5629732012748718
7910937600.0,-0.5807698965072632
7911875072.0,-0.5986250638961792
7912812544.0,-0.6148507595062256
7913750016.0,-0.6321399211883545
7914687488.0,-0.6501173973083496
7915624960.0,-0.6687880158424377
7916562432.0,-0.6872429251670837
7917499904.0,-0.7068631052970886
7918437376.0,-0.7254720330238342
7919374848.0,-0.7454853653907776
7920312320.0,-0.7653291821479797
7921249792.0,-0.7867284417152405
7922187264.0,-0.8071205019950867
7923125248.0,-0.8266545534133911
7924062720.0,-0.8657836318016052
7925000192.0,-0.869523823261261
7925937664.0,-0.8739948272705078
7926875136.0,-0.8775367736816406
7927812608.0,-0.8818342685699463
7928750080.0,-0.8852850198745728
7929687552.0,-0.8881564140319824
7930625024.0,-0.890087902545929
7931562496.0,-0.892766535282135
7932499968.0,-0.89394611120224
7933437440.0,-0.8952399492263794
7934374912.0,-0.8946956992149353
7935312384.0,-0.8939439654350281
7936249856.0,-0.8923898339271545
7937187328.0,-0.8896408081054688
7938124800.0,-0.8863080143928528
7939062272.0,-0.8820777535438538
7939999744.0,-0.8776120543479919
7940937728.0,-0.8698276877403259
7941875200.0,-0.8622581958770752
7942812672.0,-0.8527483344078064
7943750144.0,-0.8399572968482971
7944687616.0,-0.8270559906959534
7945625088.0,-0.811633288860321
7946562560.0,-0.7955390214920044
7947500032.0,-0.7768235802650452
7948437504.0,-0.7562307119369507
7949374976.0,-0.7360023260116577
7950312448.0,-0.7134259343147278
7951249920.0,-0.6915808916091919
7952187392.0,-0.6675339937210083
7953124864.0,-0.6432860493659973
7954062336.0,-0.6180875897407532
7954999808.0,-0.5918476581573486
7955937280.0,-0.5653841495513916
7956874752.0,-0.5375924110412598
7957812736.0,-0.5099620223045349
7958750208.0,-0.481829971075058
7959687680.0,-0.4539237320423126
7960625152.0,-0.42562663555145264
7961562624.0,-0.39903512597084045
7962500096.0,-0.37127479910850525
7963437568.0,-0.34414318203926086
7964375040.0,-0.31731075048446655
7965312512.0,-0.29204052686691284
7966249984.0,-0.268033891916275
7967187456.0,-0.24480995535850525
7968124928.0,-0.22315503656864166
7969062400.0,-0.20232471823692322
7969999872.0,-0.18293637037277222
7970937344.0,-0.16665507853031158
7971874816.0,-0.15141749382019043
7972812288.0,-0.13911119103431702
7973749760.0,-0.12641410529613495
7974687744.0,-0.11689283698797226
7975625216.0,-0.11071157455444336
7976562688.0,-0.10549679398536682
7977500160.0,-0.10305390506982803
7978437632.0,-0.10162237286567688
7979375104.0,-0.10303828865289688
7980312576.0,-0.1062764823436737
7981250048.0,-0.11004338413476944
7982187520.0,-0.11625537276268005
7983124992.0,-0.12400243431329727
7984062464.0,-0.24502909183502197
7984999936.0,-0.2470531314611435
7985937408.0,-0.25012826919555664
7986874880.0,-0.2529626488685608
7987812352.0,-0.2560085654258728
7988749824.0,-0.2605386972427368
7989687296.0,-0.265887051820755
7990624768.0,-0.2719304859638214
7991562752.0,-0.277999609708786
7992500224.0,-0.28558799624443054
7993437696.0,-0.29392126202583313
7994375168.0,-0.3028077483177185
7995312640.0,-0.31203144788742065
7996250112.0,-0.3212754726409912
7997187584.0,-0.3319518268108368
7998125056.0,-0.34208816289901733
7999062528.0,-0.35238513350486755
8000000000.0,-0.36124226450920105
