Frequency (Hz),Measurement
2000000000.0,0.19078992307186127
2000937472.0,0.18309274315834045
2001874944.0,0.1757625788450241
2002812544.0,0.1661737561225891
2003750016.0,0.15642394125461578
2004687488.0,0.14677169919013977
2005624960.0,0.13539811968803406
2006562560.0,0.12476259469985962
2007500032.0,0.11217387765645981
2008437504.0,0.0990389734506607
2009374976.0,0.08608865737915039
2010312448.0,0.07261994481086731
2011250048.0,0.05859638378024101
2012187520.0,0.0457119420170784
2013124992.0,0.03146026283502579
2014062464.0,0.016056960448622704
2015000064.0,0.002914367476478219
2015937536.0,-0.010658442974090576
2016875008.0,-0.02423238381743431
2017812480.0,-0.03786129131913185
2018749952.0,-0.049871545284986496
2019687552.0,-0.061041273176670074
2020625024.0,-0.07174240052700043
2021562496.0,-0.08082416653633118
2022499968.0,-0.0898279920220375
2023437440.0,-0.09740538150072098
2024375040.0,-0.10257206857204437
2025312512.0,-0.10686039924621582
2026249984.0,-0.11015450209379196
2027187456.0,-0.11084593087434769
2028125056.0,-0.11101024597883224
2029062528.0,-0.10903457552194595
2030000000.0,-0.10556862503290176
2030937472.0,-0.1012820452451706
2031874944.0,-0.09542381763458252
2032812544.0,-0.08689344674348831
2033750016.0,-0.07866715639829636
2034687488.0,-0.06895492970943451
2035624960.0,-0.05747091770172119
2036562560.0,-0.04533882811665535
2037500032.0,-0.03334954008460045
2038437504.0,-0.01903141662478447
2039374976.0,-0.005732037127017975
2040312448.0,0.008578880690038204
2041250048.0,0.022674180567264557
2042187520.0,0.036843400448560715
2043124992.0,0.050488125532865524
2044062464.0,0.06411842256784439
2044999936.0,0.07706949859857559
2045937536.0,0.08956404775381088
2046875008.0,0.09950948506593704
2047812480.0,0.10997471958398819
2048749952.0,0.10809726268053055
2049687552.0,0.11616375297307968
2050625024.0,0.12391690164804459
2051562496.0,0.12953205406665802
2052499968.0,0.1328403353691101
2053437440.0,0.13479828834533691
2054375040.0,0.13611480593681335
2055312512.0,0.13334137201309204
2056249984.0,0.1292072832584381
2057187456.0,0.12304209917783737
2058125056.0,0.11497959494590759
2059062528.0,0.10412044823169708
2060000000.0,0.09102076292037964
2060937472.0,0.07734804600477219
2061874944.0,0.06288278102874756
2062812544.0,0.04652087017893791
2063750016.0,0.029938822612166405
2064687488.0,0.012562226504087448
2065624960.0,-0.005116333719342947
2066562560.0,-0.02210385538637638
2067500032.0,-0.03943922370672226
2068437504.0,-0.05655120313167572
2069374976.0,-0.07276658713817596
2070312448.0,-0.08647339791059494
2071250048.0,-0.0993664413690567
2072187520.0,-0.11133009195327759
2073124992.0,-0.12101346999406815
2074062464.0,-0.1293189823627472
2075000064.0,-0.13512425124645233
2075937536.0,-0.13910514116287231
2076875008.0,-0.13954800367355347
2077812480.0,-0.1389468014240265
2078749952.0,-0.1375402957201004
2079687552.0,-0.13260480761528015
2080625024.0,-0.12625716626644135
2081562496.0,-0.11845176666975021
2082499968.0,-0.1096339151263237
2083437440.0,-0.09876325726509094
2084375040.0,-0.0877590999007225
2085312512.0,-0.0765332505106926
2086249984.0,-0.06378978490829468
2087187456.0,-0.050903886556625366
2088125056.0,-0.038216300308704376
2089062528.0,-0.02664889022707939
2090000000.0,-0.014714107848703861
2090937472.0,-0.002886944217607379
2091874944.0,0.007491076830774546
2092812544.0,0.01768859103322029
2093750016.0,0.027275368571281433
2094687488.0,0.03591188043355942
2095624960.0,0.043745994567871094
2096562560.0,0.050050657242536545
2097500032.0,0.05636316165328026
2098437504.0,0.06208482384681702
2099374976.0,0.06670179963111877
2100312448.0,0.07226928323507309
2101250048.0,0.07669997960329056
2102187520.0,0.08078285306692123
2103124992.0,0.08638661354780197
2104062464.0,0.09090626984834671
2104999936.0,0.09558766335248947
2105937536.0,0.09969843178987503
2106875008.0,0.10543366521596909
2107812480.0,0.10977339744567871
2108749952.0,0.1407221108675003
2109687552.0,0.14648261666297913
2110625024.0,0.15257306396961212
2111562496.0,0.15772293508052826
2112499968.0,0.16181600093841553
2113437440.0,0.16511118412017822
2114375040.0,0.16592180728912354
2115312512.0,0.16728690266609192
2116249984.0,0.16628789901733398
2117187456.0,0.1652081310749054
2118125056.0,0.16026702523231506
2119062528.0,0.15626110136508942
2120000000.0,0.14995889365673065
2120937472.0,0.142881840467453
2121874944.0,0.13510078191757202
2122812544.0,0.12508220970630646
2123750016.0,0.11443532258272171
2124687488.0,0.10263726115226746
2125624960.0,0.09074714779853821
2126562560.0,0.07724859565496445
2127500032.0,0.06427278369665146
2128437504.0,0.050376955419778824
2129374976.0,0.036798153072595596
2130312448.0,0.022437138482928276
2131250048.0,0.00849829614162445
2132187520.0,-0.0038310231175273657
2133124992.0,-0.016651969403028488
2134062464.0,-0.02851543389260769
2135000064.0,-0.03837897628545761
2135937536.0,-0.04896152392029762
2136875008.0,-0.05607207864522934
2137812480.0,-0.06447029858827591
2138749952.0,-0.06979486346244812
2139687552.0,-0.07347913086414337
2140625024.0,-0.07755078375339508
2141562496.0,-0.07906223088502884
2142499968.0,-0.07851074635982513
2143437440.0,-0.07767091691493988
2144375040.0,-0.07434336841106415
2145312512.0,-0.07099813222885132
2146249984.0,-0.06610633432865143
2147187456.0,-0.05946345254778862
2148124928.0,-0.053366679698228836
2149062400.0,-0.045194778591394424
2150000128.0,-0.03629721328616142
2150937600.0,-0.027254965156316757
2151875072.0,-0.017663443461060524
2152812544.0,-0.00955935288220644
2153750016.0,0.0008061754633672535
2154687488.0,0.009545665234327316
2155624960.0,0.017881371080875397
2156562432.0,0.027322594076395035
2157499904.0,0.03489303961396217
2158437376.0,0.04294709488749504
2159375104.0,0.04993370547890663
2160312576.0,0.056881602853536606
2161250048.0,0.06259005516767502
2162187520.0,0.06725350767374039
2163124992.0,0.07144469022750854
2164062464.0,0.07492060214281082
2164999936.0,0.07829701155424118
2165937408.0,0.08015881478786469
2166874880.0,0.08178871870040894
2167812608.0,0.08443349599838257
2168750080.0,0.1562647521495819
2169687552.0,0.15732622146606445
2170625024.0,0.15728537738323212
2171562496.0,0.15523464977741241
2172499968.0,0.15236306190490723
2173437440.0,0.14694997668266296
2174374912.0,0.14052198827266693
2175312384.0,0.13331489264965057
2176250112.0,0.1238815039396286
2177187584.0,0.11348332464694977
2178125056.0,0.10203087329864502
2179062528.0,0.09059348702430725
2180000000.0,0.07756494730710983
2180937472.0,0.06496118754148483
2181874944.0,0.05161275714635849
2182812416.0,0.03850432112812996
2183749888.0,0.02457577921450138
2184687616.0,0.01179460808634758
2185625088.0,-0.0011361469514667988
2186562560.0,-0.013829206116497517
2187500032.0,-0.026653319597244263
2188437504.0,-0.038229506462812424
2189374976.0,-0.04983089491724968
2190312448.0,-0.05930057540535927
2191249920.0,-0.06928972899913788
2192187392.0,-0.07758615165948868
2193125120.0,-0.08582992106676102
2194062592.0,-0.09313338249921799
2195000064.0,-0.0992261990904808
2195937536.0,-0.1043735146522522
2196875008.0,-0.1081971526145935
2197812480.0,-0.11088325828313828
2198749952.0,-0.11342398077249527
2199687424.0,-0.11548486351966858
2200624896.0,-0.11528775095939636
2201562624.0,-0.11596571654081345
2202500096.0,-0.11427374929189682
2203437568.0,-0.11228438466787338
2204375040.0,-0.11107756942510605
2205312512.0,-0.10850562155246735
2206249984.0,-0.10650383681058884
2207187456.0,-0.10272295773029327
2208124928.0,-0.09962017089128494
2209062400.0,-0.09419918060302734
2209999872.0,-0.08897507935762405
2210937600.0,-0.08466709405183792
2211875072.0,-0.07822327315807343
2212812544.0,-0.07198498398065567
2213750016.0,-0.06557852774858475
2214687488.0,-0.05813094973564148
2215624960.0,-0.04987090826034546
2216562432.0,-0.04290091618895531
2217499904.0,-0.034862909466028214
2218437376.0,-0.026347413659095764
2219375104.0,-0.017389563843607903
2220312576.0,-0.008217500522732735
2221250048.0,0.00012635874736588448
2222187520.0,0.010226953774690628
2223124992.0,0.019315412268042564
2224062464.0,0.028912916779518127
2224999936.0,0.039045367389917374
2225937408.0,0.04842069745063782
2226874880.0,0.05890677124261856
2227812608.0,0.06857267767190933
2228750080.0,0.0747075080871582
2229687552.0,0.08264533430337906
2230625024.0,0.09145350009202957
2231562496.0,0.09938408434391022
2232499968.0,0.10538282245397568
2233437440.0,0.11194974929094315
2234374912.0,0.11576526612043381
2235312384.0,0.11903863400220871
2236250112.0,0.12062038481235504
2237187584.0,0.12064055353403091
2238125056.0,0.11810692399740219
2239062528.0,0.11522948741912842
2240000000.0,0.11093287914991379
2240937472.0,0.10369877517223358
2241874944.0,0.09613551199436188
2242812416.0,0.08868296444416046
2243749888.0,0.0782492384314537
2244687616.0,0.06688262522220612
2245625088.0,0.055805034935474396
2246562560.0,0.042814236134290695
2247500032.0,0.029274776577949524
2248437504.0,0.014523681253194809
2249374976.0,-0.0006214024033397436
2250312448.0,-0.017098767682909966
2251249920.0,-0.034210655838251114
2252187392.0,-0.051159925758838654
2253125120.0,-0.06930092722177505
2254062592.0,-0.08747176826000214
2255000064.0,-0.10591264069080353
2255937536.0,-0.12475177645683289
2256875008.0,-0.14417241513729095
2257812480.0,-0.16346988081932068
2258749952.0,-0.18274272978305817
2259687424.0,-0.20081935822963715
2260624896.0,-0.21938227117061615
2261562624.0,-0.2373327910900116
2262500096.0,-0.25546833872795105
2263437568.0,-0.2718075215816498
2264375040.0,-0.2867594063282013
2265312512.0,-0.3011472821235657
2266249984.0,-0.31383293867111206
2267187456.0,-0.3260185718536377
2268124928.0,-0.3363799452781677
2269062400.0,-0.346036821603775
2270000128.0,-0.3535042405128479
2270937600.0,-0.3592875301837921
2271875072.0,-0.3641010820865631
2272812544.0,-0.3677499294281006
2273750016.0,-0.3698483109474182
2274687488.0,-0.37016168236732483
2275624960.0,-0.36833134293556213
2276562432.0,-0.3655984401702881
2277499904.0,-0.36106300354003906
2278437376.0,-0.3562794625759125
2279375104.0,-0.3494524657726288
2280312576.0,-0.34248703718185425
2281250048.0,-0.33326175808906555
2282187520.0,-0.3245445489883423
2283124992.0,-0.31441232562065125
2284062464.0,-0.30335965752601624
2284999936.0,-0.2940283417701721
2285937408.0,-0.28316277265548706
2286874880.0,-0.2733878195285797
2287812608.0,-0.26350513100624084
2288750080.0,-0.27767500281333923
2289687552.0,-0.28161099553108215
2290625024.0,-0.2843801975250244
2291562496.0,-0.2874840795993805
2292499968.0,-0.29092350602149963
2293437440.0,-0.2939707636833191
2294374912.0,-0.2990569770336151
2295312384.0,-0.3043523132801056
2296250112.0,-0.31047114729881287
2297187584.0,-0.31785979866981506
2298125056.0,-0.3264092206954956
2299062528.0,-0.33685266971588135
2300000000.0,-0.3484673500061035
2300937472.0,-0.36223864555358887
2301874944.0,-0.3774714767932892
2302812416.0,-0.3945333957672119
2303749888.0,-0.4144274592399597
2304687616.0,-0.4367106556892395
2305625088.0,-0.4617842435836792
2306562560.0,-0.4881836771965027
2307500032.0,-0.5168981552124023
2308437504.0,-0.550048291683197
2309374976.0,-0.5813228487968445
2310312448.0,-0.6076658964157104
2311249920.0,-0.635051965713501
2312187392.0,-0.6644940972328186
2313125120.0,-0.6942598819732666
2314062592.0,-0.7251515984535217
2315000064.0,-0.7583890557289124
2315937536.0,-0.7912320494651794
2316875008.0,-0.825036346912384
2317812480.0,-0.8593468070030212
2318749952.0,-0.8931214809417725
2319687424.0,-0.927036464214325
2320624896.0,-0.9617059826850891
2321562624.0,-0.9941548705101013
2322500096.0,-1.024760365486145
2323437568.0,-1.0544700622558594
2324375040.0,-1.0834786891937256
2325312512.0,-1.1097135543823242
2326249984.0,-1.1338626146316528
2327187456.0,-1.1562434434890747
2328124928.0,-1.1749886274337769
2329062400.0,-1.192737102508545
2329999872.0,-1.207463264465332
2330937600.0,-1.2198952436447144
2331875072.0,-1.2305129766464233
2332812544.0,-1.2374210357666016
2333750016.0,-1.241752028465271
2334687488.0,-1.2445995807647705
2335624960.0,-1.2437480688095093
2336562432.0,-1.2399464845657349
2337499904.0,-1.2363592386245728
2338437376.0,-1.2295231819152832
2339375104.0,-1.2200565338134766
2340312576.0,-1.2103846073150635
2341250048.0,-1.1998547315597534
2342187520.0,-1.185947299003601
2343124992.0,-1.171952724456787
2344062464.0,-1.15668785572052
2344999936.0,-1.1412951946258545
2345937408.0,-1.1262445449829102
2346874880.0,-1.1102489233016968
2347812608.0,-1.094528079032898
2348750080.0,-1.0648599863052368
2349687552.0,-1.0543138980865479
2350625024.0,-1.0438898801803589
2351562496.0,-1.0338037014007568
2352499968.0,-1.0239359140396118
2353437440.0,-1.0148345232009888
2354374912.0,-1.0069383382797241
2355312384.0,-0.9995599389076233
2356250112.0,-0.9935360550880432
2357187584.0,-0.9880579710006714
2358125056.0,-0.9851412773132324
2359062528.0,-0.9823186993598938
2360000000.0,-0.9811310768127441
2360937472.0,-0.9808486700057983
2361874944.0,-0.9831575751304626
2362812416.0,-0.9862735867500305
2363749888.0,-0.9901864528656006
2364687616.0,-0.9967381358146667
2365625088.0,-1.0038318634033203
2366562560.0,-1.0120601654052734
2367500032.0,-1.0221716165542603
2368437504.0,-1.0316298007965088
2369374976.0,-1.0430175065994263
2370312448.0,-1.055168628692627
2371249920.0,-1.0649380683898926
2372187392.0,-1.0740493535995483
2373125120.0,-1.082740068435669
2374062592.0,-1.0891574621200562
2375000064.0,-1.0935062170028687
2375937536.0,-1.0957179069519043
2376875008.0,-1.0948294401168823
2377812480.0,-1.0899317264556885
2378749952.0,-1.0831303596496582
2379687424.0,-1.0718016624450684
2380624896.0,-1.0588195323944092
2381562624.0,-1.0422735214233398
2382500096.0,-1.0217009782791138
2383437568.0,-0.998529314994812
2384375040.0,-0.9709032773971558
2385312512.0,-0.9424944519996643
2386249984.0,-0.9119264483451843
2387187456.0,-0.8791952133178711
2388124928.0,-0.8450749516487122
2389062400.0,-0.8094587922096252
2390000128.0,-0.774660587310791
2390937600.0,-0.7379533052444458
2391875072.0,-0.701862096786499
2392812544.0,-0.665938675403595
2393750016.0,-0.6318843960762024
2394687488.0,-0.5969270467758179
2395624960.0,-0.5637627243995667
2396562432.0,-0.5319294333457947
2397499904.0,-0.5003500580787659
2398437376.0,-0.4703989028930664
2399375104.0,-0.4401766359806061
2400312576.0,-0.4108445644378662
2401250048.0,-0.3838062584400177
2402187520.0,-0.35570359230041504
2403124992.0,-0.32940489053726196
2404062464.0,-0.3034340739250183
2404999936.0,-0.278140127658844
2405937408.0,-0.2533194422721863
2406874880.0,-0.22905218601226807
2407812608.0,-0.20611922442913055
2408750080.0,-0.13190314173698425
2409687552.0,-0.1087377518415451
2410625024.0,-0.08760286122560501
2411562496.0,-0.06764375418424606
2412499968.0,-0.048917561769485474
2413437440.0,-0.03202785924077034
2414374912.0,-0.018860679119825363
2415312384.0,-0.007008423563092947
2416250112.0,0.0012968123191967607
2417187584.0,0.0070651136338710785
2418125056.0,0.009632195346057415
2419062528.0,0.008670993149280548
2420000000.0,0.0043130782432854176
2420937472.0,-0.0026811733841896057
2421874944.0,-0.013227243907749653
2422812416.0,-0.028662994503974915
2423749888.0,-0.04575488716363907
2424687616.0,-0.06578349322080612
2425625088.0,-0.08824881166219711
2426562560.0,-0.11357782781124115
2427500032.0,-0.14028073847293854
2428437504.0,-0.1687524914741516
2429374976.0,-0.19849078357219696
2430312448.0,-0.2275170087814331
2431249920.0,-0.25728797912597656
2432187392.0,-0.2863963842391968
2433125120.0,-0.31592607498168945
2434062592.0,-0.3424881398677826
2435000064.0,-0.3667169213294983
2435937536.0,-0.3904902935028076
2436875008.0,-0.4109926223754883
2437812480.0,-0.4282516539096832
2438749952.0,-0.44277286529541016
2439687424.0,-0.45349472761154175
2440624896.0,-0.45968422293663025
2441562624.0,-0.4632936120033264
2442500096.0,-0.46472570300102234
2443437568.0,-0.4603455662727356
2444375040.0,-0.45210209488868713
2445312512.0,-0.4410487115383148
2446249984.0,-0.4263884127140045
2447187456.0,-0.4098338484764099
2448124928.0,-0.38945528864860535
2449062400.0,-0.3652251362800598
2449999872.0,-0.3405635952949524
2450937600.0,-0.3120800852775574
2451875072.0,-0.2843773365020752
2452812544.0,-0.2530258297920227
2453750016.0,-0.22118878364562988
2454687488.0,-0.18994668126106262
2455624960.0,-0.1563756763935089
2456562432.0,-0.12345761805772781
2457499904.0,-0.0901394933462143
2458437376.0,-0.05809599161148071
2459375104.0,-0.025968510657548904
2460312576.0,0.005125541239976883
2461250048.0,0.03628835082054138
2462187520.0,0.06581322848796844
2463124992.0,0.09406907856464386
2464062464.0,0.12116126716136932
2464999936.0,0.1469590663909912
2465937408.0,0.17105498909950256
2466874880.0,0.19381462037563324
2467812608.0,0.2155594527721405
2468750080.0,0.12908168137073517
2469687552.0,0.14272832870483398
2470625024.0,0.15899182856082916
2471562496.0,0.17159195244312286
2472499968.0,0.18371263146400452
2473437440.0,0.19387078285217285
2474374912.0,0.20137377083301544
2475312384.0,0.207675963640213
2476250112.0,0.21167144179344177
2477187584.0,0.21477068960666656
2478125056.0,0.21555395424365997
2479062528.0,0.2136433869600296
2480000000.0,0.20987388491630554
2480937472.0,0.2049613744020462
2481874944.0,0.19811639189720154
2482812416.0,0.1879706084728241
2483749888.0,0.17648670077323914
2484687616.0,0.16429388523101807
2485625088.0,0.14906421303749084
2486562560.0,0.13415127992630005
2487500032.0,0.11586596816778183
2488437504.0,0.09791561961174011
2489374976.0,0.07802291959524155
2490312448.0,0.058614443987607956
2491249920.0,0.03820294886827469
2492187392.0,0.016878679394721985
2493125120.0,-0.0029028579592704773
2494062592.0,-0.023833580315113068
2495000064.0,-0.044668346643447876
2495937536.0,-0.06382784992456436
2496875008.0,-0.0831591784954071
2497812480.0,-0.10049167275428772
2498749952.0,-0.11749738454818726
2499687424.0,-0.13254883885383606
2500624896.0,-0.14679551124572754
2501562624.0,-0.1574680358171463
2502500096.0,-0.16900604963302612
2503437568.0,-0.17692658305168152
2504375040.0,-0.18400250375270844
2505312512.0,-0.18775984644889832
2506249984.0,-0.19041934609413147
2507187456.0,-0.19144494831562042
2508124928.0,-0.18982023000717163
2509062400.0,-0.18652620911598206
2510000128.0,-0.18159493803977966
2510937600.0,-0.17382584512233734
2511875072.0,-0.16458286345005035
2512812544.0,-0.15439774096012115
2513750016.0,-0.14077752828598022
2514687488.0,-0.12772713601589203
2515624960.0,-0.11197216063737869
2516562432.0,-0.0966474860906601
2517499904.0,-0.07928729802370071
2518437376.0,-0.0611686073243618
2519375104.0,-0.04177658632397652
2520312576.0,-0.023133758455514908
2521250048.0,-0.003770402166992426
2522187520.0,0.014722112566232681
2523124992.0,0.03462241217494011
2524062464.0,0.05353035777807236
2524999936.0,0.07087167352437973
2525937408.0,0.08748121559619904
2526874880.0,0.10410080850124359
2527812608.0,0.11947821825742722
2528750080.0,0.173395574092865
2529687552.0,0.1788744032382965
2530625024.0,0.18321433663368225
2531562496.0,0.1872406005859375
2532499968.0,0.19051378965377808
2533437440.0,0.19236207008361816
2534374912.0,0.19403861463069916
2535312384.0,0.19390755891799927
2536250112.0,0.19358958303928375
2537187584.0,0.1914551705121994
2538125056.0,0.1891680359840393
2539062528.0,0.18515555560588837
2540000000.0,0.18089787662029266
2540937472.0,0.17457664012908936
2541874944.0,0.16678020358085632
2542812416.0,0.15904150903224945
2543749888.0,0.15085387229919434
2544687616.0,0.14099322259426117
2545625088.0,0.12975914776325226
2546562560.0,0.11708050966262817
2547500032.0,0.10366661101579666
2548437504.0,0.09044580906629562
2549374976.0,0.07563333958387375
2550312448.0,0.06140729784965515
2551249920.0,0.04530475288629532
2552187392.0,0.02959556132555008
2553125120.0,0.012605004943907261
2554062592.0,-0.0032432430889457464
2555000064.0,-0.019903911277651787
2555937536.0,-0.03527577221393585
2556875008.0,-0.051715973764657974
2557812480.0,-0.06571044772863388
2558749952.0,-0.07938892394304276
2559687424.0,-0.09175721555948257
2560624896.0,-0.10327524691820145
2561562624.0,-0.11268959939479828
2562500096.0,-0.1207885667681694
2563437568.0,-0.1287239044904709
2564375040.0,-0.1324685662984848
2565312512.0,-0.13581852614879608
2566249984.0,-0.13709601759910583
2567187456.0,-0.13628314435482025
2568124928.0,-0.13356241583824158
2569062400.0,-0.12925606966018677
2569999872.0,-0.12302611768245697
2570937600.0,-0.11387085914611816
2571875072.0,-0.10307630151510239
2572812544.0,-0.09119465947151184
2573750016.0,-0.07779522985219955
2574687488.0,-0.06215197965502739
2575624960.0,-0.04639804735779762
2576562432.0,-0.027828242629766464
2577499904.0,-0.009537517093122005
2578437376.0,0.00899347010999918
2579375104.0,0.029363887384533882
2580312576.0,0.05014428496360779
2581250048.0,0.07039415836334229
2582187520.0,0.09021318703889847
2583124992.0,0.10967428982257843
2584062464.0,0.12895567715168
2584999936.0,0.14794164896011353
2585937408.0,0.16459786891937256
2586874880.0,0.1799597442150116
2587812608.0,0.19455616176128387
2588750080.0,0.21870028972625732
2589687552.0,0.2265395224094391
2590625024.0,0.23174527287483215
2591562496.0,0.23480717837810516
2592499968.0,0.23529991507530212
2593437440.0,0.23472881317138672
2594374912.0,0.231988787651062
2595312384.0,0.225285604596138
2596250112.0,0.21725741028785706
2597187584.0,0.20645448565483093
2598125056.0,0.19633229076862335
2599062528.0,0.1824933886528015
2600000000.0,0.16852343082427979
2600937472.0,0.15193039178848267
2601874944.0,0.13522842526435852
2602812416.0,0.11858882009983063
2603749888.0,0.10232241451740265
2604687616.0,0.08423825353384018
2605625088.0,0.06682654470205307
2606562560.0,0.049288343638181686
2607500032.0,0.032129790633916855
2608437504.0,0.016749165952205658
2609374976.0,0.0011726386146619916
2610312448.0,-0.014003138989210129
2611249920.0,-0.02787596546113491
2612187392.0,-0.04028260335326195
2613125120.0,-0.051638223230838776
2614062592.0,-0.06195130944252014
2615000064.0,-0.07092417776584625
2615937536.0,-0.07879901677370071
2616875008.0,-0.08448082953691483
2617812480.0,-0.09022532403469086
2618749952.0,-0.09461424499750137
2619687424.0,-0.09809870272874832
2620624896.0,-0.10084221512079239
2621562624.0,-0.10081638395786285
2622500096.0,-0.1024022325873375
2623437568.0,-0.10048117488622665
2624375040.0,-0.09839394688606262
2625312512.0,-0.09605512768030167
2626249984.0,-0.0932161808013916
2627187456.0,-0.08892875909805298
2628124928.0,-0.08506843447685242
2629062400.0,-0.0803566724061966
2630000128.0,-0.07320161908864975
2630937600.0,-0.0673166811466217
2631875072.0,-0.0605316162109375
2632812544.0,-0.05249194800853729
2633750016.0,-0.04251229017972946
2634687488.0,-0.034439567476511
2635624960.0,-0.023746240884065628
2636562432.0,-0.013469494879245758
2637499904.0,-0.0027031106874346733
2638437376.0,0.010186301544308662
2639375104.0,0.0231805220246315
2640312576.0,0.037376344203948975
2641250048.0,0.05158597230911255
2642187520.0,0.0668819472193718
2643124992.0,0.08362890034914017
2644062464.0,0.09932465851306915
2644999936.0,0.11605332046747208
2645937408.0,0.13269774615764618
2646874880.0,0.1499689370393753
2647812608.0,0.22715233266353607
2648750080.0,0.23874257504940033
2649687552.0,0.24849280714988708
2650625024.0,0.2565123736858368
2651562496.0,0.26181676983833313
2652499968.0,0.26549071073532104
2653437440.0,0.2669222056865692
2654374912.0,0.2656826078891754
2655312384.0,0.2608110010623932
2656250112.0,0.2525724172592163
2657187584.0,0.21502749621868134
2658125056.0,0.1988307535648346
2659062528.0,0.178646519780159
2660000000.0,0.15668992698192596
2660937472.0,0.13277889788150787
2661874944.0,0.10597600787878036
2662812416.0,0.07935567200183868
2663749888.0,0.049760136753320694
2664687616.0,0.02021544612944126
2665625088.0,-0.00909479521214962
2666562560.0,-0.037912286818027496
2667500032.0,-0.06720153987407684
2668437504.0,-0.09536539763212204
2669374976.0,-0.12174997478723526
2670312448.0,-0.14677466452121735
2671249920.0,-0.16963130235671997
2672187392.0,-0.18953338265419006
2673125120.0,-0.20696234703063965
2674062592.0,-0.2221616804599762
2675000064.0,-0.23434720933437347
2675937536.0,-0.24220649898052216
2676875008.0,-0.2485102117061615
2677812480.0,-0.2513713538646698
2678749952.0,-0.25078389048576355
2679687424.0,-0.24836471676826477
2680624896.0,-0.24262560904026031
2681562624.0,-0.23489467799663544
2682500096.0,-0.22498056292533875
2683437568.0,-0.2127748727798462
2684375040.0,-0.19844062626361847
2685312512.0,-0.1821051836013794
2686249984.0,-0.1652877777814865
2687187456.0,-0.14720432460308075
2688124928.0,-0.12876872718334198
2689062400.0,-0.10922671109437943
2689999872.0,-0.08993756026029587
2690937600.0,-0.06983519345521927
2691875072.0,-0.05015182867646217
2692812544.0,-0.0309503935277462
2693750016.0,-0.011836744844913483
2694687488.0,0.007978832349181175
2695624960.0,0.02616211213171482
2696562432.0,0.04416290670633316
2697499904.0,0.06288736313581467
2698437376.0,0.0800589844584465
2699375104.0,0.0971321314573288
2700312576.0,0.11445113271474838
2701250048.0,0.13085032999515533
2702187520.0,0.14675839245319366
2703124992.0,0.16194918751716614
2704062464.0,0.17725525796413422
2704999936.0,0.19232463836669922
2705937408.0,0.20697133243083954
2706874880.0,0.2207513302564621
2707812608.0,0.1930381804704666
2708750080.0,0.19968299567699432
2709687552.0,0.20496243238449097
2710625024.0,0.20970720052719116
2711562496.0,0.21295255422592163
2712499968.0,0.21509233117103577
2713437440.0,0.21493089199066162
2714374912.0,0.2144133299589157
2715312384.0,0.21113403141498566
2716250112.0,0.20816873013973236
2717187584.0,0.20209695398807526
2718125056.0,0.19553232192993164
2719062528.0,0.18703176081180573
2720000000.0,0.1791430413722992
2720937472.0,0.1674983948469162
2721874944.0,0.1557527631521225
2722812416.0,0.14286664128303528
2723749888.0,0.12807635962963104
2724687616.0,0.11275886744260788
2725625088.0,0.09638515114784241
2726562560.0,0.07944837957620621
2727500032.0,0.06121159344911575
2728437504.0,0.04350857809185982
2729374976.0,0.02561543881893158
2730312448.0,0.006372900679707527
2731249920.0,-0.012404379434883595
2732187392.0,-0.030429651960730553
2733125120.0,-0.04847785830497742
2734062592.0,-0.06601405143737793
2735000064.0,-0.0826188176870346
2735937536.0,-0.0984349474310875
2736875008.0,-0.11289548873901367
2737812480.0,-0.1264854073524475
2738749952.0,-0.1388714760541916
2739687424.0,-0.1503697782754898
2740624896.0,-0.15949340164661407
2741562624.0,-0.1659313440322876
2742500096.0,-0.17399179935455322
2743437568.0,-0.17781221866607666
2744375040.0,-0.18093697726726532
2745312512.0,-0.18113449215888977
2746249984.0,-0.18069854378700256
2747187456.0,-0.17790092527866364
2748124928.0,-0.17335109412670135
2749062400.0,-0.16768807172775269
2750000128.0,-0.1593002825975418
2750937600.0,-0.15016330778598785
2751875072.0,-0.1389823704957962
2752812544.0,-0.12645527720451355
2753750016.0,-0.11228414624929428
2754687488.0,-0.09775330126285553
2755624960.0,-0.08151107281446457
2756562432.0,-0.0649758130311966
2757499904.0,-0.04739294573664665
2758437376.0,-0.028990792110562325
2759375104.0,-0.010406363755464554
2760312576.0,0.007491087540984154
2761250048.0,0.02728796936571598
2762187520.0,0.045875195413827896
2763124992.0,0.06389117240905762
2764062464.0,0.0798196867108345
2764999936.0,0.09663799405097961
2765937408.0,0.11182739585638046
2766874880.0,0.12612536549568176
2767812608.0,0.18398430943489075
2768750080.0,0.18268364667892456
2769687552.0,0.18141697347164154
2770625024.0,0.17839983105659485
2771562496.0,0.17479750514030457
2772499968.0,0.17113041877746582
2773437440.0,0.16476546227931976
2774374912.0,0.15948151051998138
2775312384.0,0.1523636281490326
2776250112.0,0.14376401901245117
2777187584.0,0.13496917486190796
2778125056.0,0.1261163204908371
2779062528.0,0.11622558534145355
2780000000.0,0.10658057779073715
2780937472.0,0.09520154446363449
2781874944.0,0.08457369357347488
2782812416.0,0.07261849194765091
2783749888.0,0.060062017291784286
2784687616.0,0.04856731370091438
2785625088.0,0.03519653528928757
2786562560.0,0.022415703162550926
2787500032.0,0.010045362636446953
2788437504.0,-0.0024522088933736086
2789374976.0,-0.013973161578178406
2790312448.0,-0.02712065353989601
2791249920.0,-0.03881676495075226
2792187392.0,-0.05074058473110199
2793125120.0,-0.06048589199781418
2794062592.0,-0.07029353827238083
2795000064.0,-0.08013688772916794
2795937536.0,-0.08838655054569244
2796875008.0,-0.09444992989301682
2797812480.0,-0.10063626617193222
2798749952.0,-0.10628695040941238
2799687424.0,-0.1094987615942955
2800624896.0,-0.1116047203540802
2801562624.0,-0.11196737736463547
2802500096.0,-0.11245216429233551
2803437568.0,-0.10996805131435394
2804375040.0,-0.10610830038785934
2805312512.0,-0.10147372633218765
2806249984.0,-0.09463608264923096
2807187456.0,-0.08586479723453522
2808124928.0,-0.07589240372180939
2809062400.0,-0.06558841466903687
2809999872.0,-0.05235419422388077
2810937600.0,-0.03923390433192253
2811875072.0,-0.025242168456315994
2812812544.0,-0.009882636368274689
2813750016.0,0.005461592692881823
2814687488.0,0.022907406091690063
2815624960.0,0.040553562343120575
2816562432.0,0.05686361715197563
2817499904.0,0.07536476850509644
2818437376.0,0.09227070957422256
2819375104.0,0.10977518558502197
2820312576.0,0.12505513429641724
2821250048.0,0.1404731273651123
2822187520.0,0.15485478937625885
2823124992.0,0.1679685413837433
2824062464.0,0.18020887672901154
2824999936.0,0.19014805555343628
2825937408.0,0.19908848404884338
2826874880.0,0.20627042651176453
2827812608.0,0.22013498842716217
2828750080.0,0.2218213677406311
2829687552.0,0.22119106352329254
2830625024.0,0.21838542819023132
2831562496.0,0.21169759333133698
2832499968.0,0.20409756898880005
2833437440.0,0.19380320608615875
2834374912.0,0.18096451461315155
2835312384.0,0.16675043106079102
2836250112.0,0.15074436366558075
2837187584.0,0.13361985981464386
2838125056.0,0.11504266411066055
2839062528.0,0.09522377699613571
2840000000.0,0.07555001229047775
2840937472.0,0.055472481995821
2841874944.0,0.03514435142278671
2842812416.0,0.01506305206567049
2843749888.0,-0.00437411991879344
2844687616.0,-0.022034695371985435
2845625088.0,-0.039600908756256104
2846562560.0,-0.05546524375677109
2847500032.0,-0.07137968391180038
2848437504.0,-0.08503754436969757
2849374976.0,-0.09669265896081924
2850312448.0,-0.10647547245025635
2851249920.0,-0.11455152928829193
2852187392.0,-0.12071829289197922
2853125120.0,-0.1250789612531662
2854062592.0,-0.1263863444328308
2855000064.0,-0.12700986862182617
2855937536.0,-0.12594307959079742
2856875008.0,-0.12347883731126785
2857812480.0,-0.11967246234416962
2858749952.0,-0.11382097750902176
2859687424.0,-0.10701240599155426
2860624896.0,-0.09976734966039658
2861562624.0,-0.08995634317398071
2862500096.0,-0.08046671003103256
2863437568.0,-0.06944315135478973
2864375040.0,-0.058477532118558884
2865312512.0,-0.04677165672183037
2866249984.0,-0.034932468086481094
2867187456.0,-0.02166399359703064
2868124928.0,-0.008350594900548458
2869062400.0,0.004752404522150755
2870000128.0,0.017863599583506584
2870937600.0,0.03067154623568058
2871875072.0,0.043352238833904266
2872812544.0,0.056942205876111984
2873750016.0,0.06918144971132278
2874687488.0,0.0817069262266159
2875624960.0,0.09418492764234543
2876562432.0,0.10581690818071365
2877499904.0,0.11771136522293091
2878437376.0,0.12886346876621246
2879375104.0,0.140376016497612
2880312576.0,0.1500614583492279
2881250048.0,0.1598268300294876
2882187520.0,0.16893330216407776
2883124992.0,0.17614582180976868
2884062464.0,0.1838284283876419
2884999936.0,0.18990294635295868
2885937408.0,0.1953539103269577
2886874880.0,0.19870883226394653
2887812608.0,0.20229001343250275
2888750080.0,0.20487269759178162
2889687552.0,0.20571602880954742
2890625024.0,0.20571069419384003
2891562496.0,0.20383474230766296
2892499968.0,0.1989336460828781
2893437440.0,0.19372263550758362
2894374912.0,0.18638314306735992
2895312384.0,0.17683783173561096
2896250112.0,0.16629651188850403
2897187584.0,0.1536940485239029
2898125056.0,0.139376699924469
2899062528.0,0.12439799308776855
2900000000.0,0.10729852318763733
2900937472.0,0.08917597681283951
2901874944.0,0.07100427895784378
2902812416.0,0.05224057659506798
2903749888.0,0.03282866254448891
2904687616.0,0.01392417773604393
2905625088.0,-0.0057009304873645306
2906562560.0,-0.024775788187980652
2907500032.0,-0.042710237205028534
2908437504.0,-0.05954482778906822
2909374976.0,-0.0759124755859375
2910312448.0,-0.09143083542585373
2911249920.0,-0.10584495961666107
2912187392.0,-0.11819972842931747
2913125120.0,-0.1287594437599182
2914062592.0,-0.1371392160654068
2915000064.0,-0.14453986287117004
2915937536.0,-0.148574098944664
2916875008.0,-0.15184523165225983
2917812480.0,-0.15193890035152435
2918749952.0,-0.1504691243171692
2919687424.0,-0.14681780338287354
2920624896.0,-0.1403605341911316
2921562624.0,-0.1324160397052765
2922500096.0,-0.12316322326660156
2923437568.0,-0.11193767935037613
2924375040.0,-0.10092379152774811
2925312512.0,-0.08566106855869293
2926249984.0,-0.07071714848279953
2927187456.0,-0.054717108607292175
2928124928.0,-0.03777307644486427
2929062400.0,-0.020570185035467148
2929999872.0,-0.002866278402507305
2930937600.0,0.014531943947076797
2931875072.0,0.031754545867443085
2932812544.0,0.04916987195611
2933750016.0,0.06472470611333847
2934687488.0,0.08036743849515915
2935624960.0,0.0956822857260704
2936562432.0,0.1087968498468399
2937499904.0,0.1209631860256195
2938437376.0,0.1321668028831482
2939375104.0,0.14207802712917328
2940312576.0,0.1495194435119629
2941250048.0,0.1567159742116928
2942187520.0,0.16131092607975006
2943124992.0,0.1654568910598755
2944062464.0,0.16773895919322968
2944999936.0,0.1692768633365631
2945937408.0,0.1687881499528885
2946874880.0,0.16864272952079773
2947812608.0,0.16365943849086761
2948750080.0,0.16230255365371704
2949687552.0,0.16098055243492126
2950625024.0,0.1575557291507721
2951562496.0,0.1536957174539566
2952499968.0,0.14915628731250763
2953437440.0,0.1432800143957138
2954374912.0,0.13797003030776978
2955312384.0,0.13057339191436768
2956250112.0,0.12307145446538925
2957187584.0,0.11319485306739807
2958125056.0,0.1049710139632225
2959062528.0,0.09538128226995468
2960000000.0,0.08562956005334854
2960937472.0,0.0747026577591896
2961874944.0,0.06488841027021408
2962812416.0,0.0535106286406517
2963749888.0,0.04324387013912201
2964687616.0,0.031843386590480804
2965625088.0,0.02032436989247799
2966562560.0,0.009468994103372097
2967500032.0,-0.0024249725975096226
2968437504.0,-0.01275088544934988
2969374976.0,-0.023436030372977257
2970312448.0,-0.032899949699640274
2971249920.0,-0.043250907212495804
2972187392.0,-0.0515035018324852
2973125120.0,-0.060409992933273315
2974062592.0,-0.06864934414625168
2975000064.0,-0.07510415464639664
2975937536.0,-0.08176735788583755
2976875008.0,-0.0869901105761528
2977812480.0,-0.09116007387638092
2978749952.0,-0.09399984031915665
2979687424.0,-0.09641432017087936
2980624896.0,-0.09668237715959549
2981562624.0,-0.09776033461093903
2982500096.0,-0.09586673229932785
2983437568.0,-0.09364327788352966
2984375040.0,-0.09018820524215698
2985312512.0,-0.0860830619931221
2986249984.0,-0.08109693229198456
2987187456.0,-0.07720936089754105
2988124928.0,-0.07037322223186493
2989062400.0,-0.06250787526369095
2990000128.0,-0.05458243563771248
2990937600.0,-0.04609784111380577
2991875072.0,-0.03768783062696457
2992812544.0,-0.029495079070329666
2993750016.0,-0.02109263278543949
2994687488.0,-0.013618573546409607
2995624960.0,-0.005162412766367197
2996562432.0,0.001374674728140235
2997499904.0,0.008697135373950005
2998437376.0,0.01485847495496273
2999375104.0,0.020674970000982285
3000312576.0,0.023068580776453018
3001250048.0,0.027165615931153297
3002187520.0,0.030159667134284973
3003124992.0,0.032567817717790604
3004062464.0,0.03425229340791702
3004999936.0,0.034068748354911804
3005937408.0,0.03322754427790642
3006874880.0,0.031707365065813065
3007812608.0,0.02759178914129734
3008750080.0,0.023232659325003624
3009687552.0,0.01872500590980053
3010625024.0,0.01378844864666462
3011562496.0,0.00854567065834999
3012499968.0,0.004076693207025528
3013437440.0,-0.001138729858212173
3014374912.0,-0.007029371336102486
3015312384.0,-0.01205678191035986
3016250112.0,-0.01815897412598133
3017187584.0,-0.022799184545874596
3018125056.0,-0.027879761531949043
3019062528.0,-0.033026739954948425
3020000000.0,-0.03792653977870941
3020937472.0,-0.04383720085024834
3021874944.0,-0.048607420176267624
3022812416.0,-0.053258366882801056
3023749888.0,-0.05789395794272423
3024687616.0,-0.06225692108273506
3025625088.0,-0.06744930148124695
3026562560.0,-0.07115940749645233
3027500032.0,-0.07547295093536377
3028437504.0,-0.08011014014482498
3029374976.0,-0.0838298499584198
3030312448.0,-0.08731020241975784
3031249920.0,-0.0908246636390686
3032187392.0,-0.09361305832862854
3033125120.0,-0.09545302391052246
3034062592.0,-0.09749845415353775
3035000064.0,-0.10063082724809647
3035937536.0,-0.10173593461513519
3036875008.0,-0.10315883904695511
3037812480.0,-0.10390852391719818
3038749952.0,-0.10401840507984161
3039687424.0,-0.10450520366430283
3040624896.0,-0.10392528027296066
3041562624.0,-0.10304082185029984
3042500096.0,-0.10133581608533859
3043437568.0,-0.09887409955263138
3044375040.0,-0.09555672854185104
3045312512.0,-0.09294125437736511
3046249984.0,-0.08969885855913162
3047187456.0,-0.08553501218557358
3048124928.0,-0.08067546039819717
3049062400.0,-0.07752835005521774
3049999872.0,-0.07169220596551895
3050937600.0,-0.06637517362833023
3051875072.0,-0.060577716678380966
3052812544.0,-0.05555113032460213
3053750016.0,-0.04949576407670975
3054687488.0,-0.043779157102108
3055624960.0,-0.037383075803518295
3056562432.0,-0.03208993747830391
3057499904.0,-0.026497701182961464
3058437376.0,-0.020895803347229958
3059375104.0,-0.016096970066428185
3060312576.0,-0.011579465121030807
3061250048.0,-0.006711891852319241
3062187520.0,-0.002721730386838317
3063124992.0,0.00014257605653256178
3064062464.0,0.002791200764477253
3064999936.0,0.004484877921640873
3065937408.0,0.0051368242129683495
3066874880.0,0.005335671827197075
3067812608.0,0.018676575273275375
3068750080.0,0.012083614245057106
3069687552.0,0.004925829824060202
3070625024.0,-0.0025509365368634462
3071562496.0,-0.010667698457837105
3072499968.0,-0.020348941907286644
3073437440.0,-0.02913806028664112
3074374912.0,-0.03914673998951912
3075312384.0,-0.050199493765830994
3076250112.0,-0.059957172721624374
3077187584.0,-0.06903064996004105
3078125056.0,-0.0794629231095314
3079062528.0,-0.08839770406484604
3080000000.0,-0.09680245816707611
3080937472.0,-0.10459847748279572
3081874944.0,-0.11192579567432404
3082812416.0,-0.11746493726968765
3083749888.0,-0.12232419848442078
3084687616.0,-0.1261524111032486
3085625088.0,-0.12796065211296082
3086562560.0,-0.12828156352043152
3087500032.0,-0.12937895953655243
3088437504.0,-0.12822894752025604
3089374976.0,-0.12595802545547485
3090312448.0,-0.12287971377372742
3091249920.0,-0.1186373382806778
3092187392.0,-0.11280056089162827
3093125120.0,-0.10674940794706345
3094062592.0,-0.09895922243595123
3095000064.0,-0.09118562936782837
3095937536.0,-0.08176977932453156
3096875008.0,-0.07292739301919937
3097812480.0,-0.063212089240551
3098749952.0,-0.053552500903606415
3099687424.0,-0.04352550953626633
3100624896.0,-0.03307052701711655
3101562624.0,-0.023126214742660522
3102500096.0,-0.012360738590359688
3103437568.0,-0.002663303166627884
3104375040.0,0.0073173679411411285
3105312512.0,0.01721157506108284
3106249984.0,0.02627492882311344
3107187456.0,0.03509990870952606
3108124928.0,0.044125474989414215
3109062400.0,0.05183923989534378
3110000128.0,0.05882994085550308
3110937600.0,0.06606508791446686
3111875072.0,0.07246384024620056
3112812544.0,0.07763363420963287
3113750016.0,0.08353418856859207
3114687488.0,0.08844757825136185
3115624960.0,0.09225001931190491
3116562432.0,0.09682640433311462
3117499904.0,0.10043355077505112
3118437376.0,0.10340378433465958
3119375104.0,0.10583560168743134
3120312576.0,0.10831701755523682
3121250048.0,0.11144625395536423
3122187520.0,0.1130278930068016
3123124992.0,0.11577929556369781
3124062464.0,0.11759252101182938
3124999936.0,0.11908641457557678
3125937408.0,0.11953020840883255
3126874880.0,0.12092544138431549
3127812608.0,0.14244218170642853
3128750080.0,0.13914848864078522
3129687552.0,0.13676717877388
3130625024.0,0.1350681632757187
3131562496.0,0.13290660083293915
3132499968.0,0.1326216608285904
3133437440.0,0.12960760295391083
3134374912.0,0.1286589503288269
3135312384.0,0.127195805311203
3136250112.0,0.12561018764972687
3137187584.0,0.1245257630944252
3138125056.0,0.12302827090024948
3139062528.0,0.12250892072916031
3140000000.0,0.12200947105884552
3140937472.0,0.12125905603170395
3141874944.0,0.12029942870140076
3142812416.0,0.11964786797761917
3143749888.0,0.11909274756908417
3144687616.0,0.11763957887887955
3145625088.0,0.11569459736347198
3146562560.0,0.11475667357444763
3147500032.0,0.11156793683767319
3148437504.0,0.10880864411592484
3149374976.0,0.10592152923345566
3150312448.0,0.10188118368387222
3151249920.0,0.09726174175739288
3152187392.0,0.09174587577581406
3153125120.0,0.08610785752534866
3154062592.0,0.07908385992050171
3155000064.0,0.07242949306964874
3155937536.0,0.06488549709320068
3156875008.0,0.05526501685380936
3157812480.0,0.04689672961831093
3158749952.0,0.0368291437625885
3159687424.0,0.02557554841041565
3160624896.0,0.012949254363775253
3161562624.0,0.002582706743851304
3162500096.0,-0.009546766057610512
3163437568.0,-0.021216752007603645
3164375040.0,-0.033636413514614105
3165312512.0,-0.0456097237765789
3166249984.0,-0.05816132575273514
3167187456.0,-0.07000994682312012
3168124928.0,-0.08286891132593155
3169062400.0,-0.09341114014387131
3169999872.0,-0.10394393652677536
3170937600.0,-0.11280012130737305
3171875072.0,-0.1222391203045845
3172812544.0,-0.12996730208396912
3173750016.0,-0.1368761658668518
3174687488.0,-0.1422477811574936
3175624960.0,-0.14579147100448608
3176562432.0,-0.14825470745563507
3177499904.0,-0.14947320520877838
3178437376.0,-0.14895977079868317
3179375104.0,-0.14728814363479614
3180312576.0,-0.143667072057724
3181250048.0,-0.13916505873203278
3182187520.0,-0.13187547028064728
3183124992.0,-0.12349990755319595
3184062464.0,-0.11425404995679855
3184999936.0,-0.10248308628797531
3185937408.0,-0.09068135172128677
3186874880.0,-0.075936459004879
3187812608.0,0.05388930067420006
3188750080.0,0.05201216787099838
3189687552.0,0.05175716057419777
3190625024.0,0.0528278686106205
3191562496.0,0.053859662264585495
3192499968.0,0.05585772544145584
3193437440.0,0.058223310858011246
3194374912.0,0.06276284158229828
3195312384.0,0.06678489595651627
3196250112.0,0.07234669476747513
3197187584.0,0.0772019550204277
3198125056.0,0.08340643346309662
3199062528.0,0.08872295916080475
3200000000.0,0.09397875517606735
3200937472.0,0.09913567453622818
3201874944.0,0.10317908227443695
3202812416.0,0.10688500106334686
3203749888.0,0.1091674342751503
3204687616.0,0.1110261082649231
3205625088.0,0.11134030669927597
3206562560.0,0.1120421439409256
3207500032.0,0.1103477030992508
3208437504.0,0.10657453536987305
3209374976.0,0.10356654971837997
3210312448.0,0.09841024875640869
3211249920.0,0.09231550991535187
3212187392.0,0.08506956696510315
3213125120.0,0.07629843801259995
3214062592.0,0.06589343398809433
3215000064.0,0.0561678446829319
3215937536.0,0.044168367981910706
3216875008.0,0.03275739401578903
3217812480.0,0.019920462742447853
3218749952.0,0.006773836445063353
3219687424.0,-0.006477383431047201
3220624896.0,-0.019281404092907906
3221562624.0,-0.03106306679546833
3222500096.0,-0.04388962313532829
3223437568.0,-0.054504942148923874
3224375040.0,-0.06529799103736877
3225312512.0,-0.07560412585735321
3226249984.0,-0.08456817269325256
3227187456.0,-0.09211064875125885
3228124928.0,-0.09773728996515274
3229062400.0,-0.10317334532737732
3230000128.0,-0.10813718289136887
3230937600.0,-0.11033757030963898
3231875072.0,-0.11224965006113052
3232812544.0,-0.11223605275154114
3233750016.0,-0.11110146343708038
3234687488.0,-0.10952666401863098
3235624960.0,-0.10642349720001221
3236562432.0,-0.10329720377922058
3237499904.0,-0.09846954792737961
3238437376.0,-0.09444233030080795
3239375104.0,-0.0899139940738678
3240312576.0,-0.08520639687776566
3241250048.0,-0.08069103211164474
3242187520.0,-0.07650861144065857
3243124992.0,-0.07321623712778091
3244062464.0,-0.07038481533527374
3244999936.0,-0.0685027614235878
3245937408.0,-0.06723964214324951
3246874880.0,-0.06640364974737167
3247812608.0,-0.05928916111588478
3248750080.0,-0.06310193240642548
3249687552.0,-0.06744381785392761
3250625024.0,-0.07099486142396927
3251562496.0,-0.07427874207496643
3252499968.0,-0.07746261358261108
3253437440.0,-0.07962027937173843
3254374912.0,-0.08068186044692993
3255312384.0,-0.08054037392139435
3256250112.0,-0.07904309034347534
3257187584.0,-0.07697582244873047
3258125056.0,-0.07376516610383987
3259062528.0,-0.06838654726743698
3260000000.0,-0.06265965104103088
3260937472.0,-0.05679992586374283
3261874944.0,-0.04913390055298805
3262812416.0,-0.04188689589500427
3263749888.0,-0.03322337195277214
3264687616.0,-0.023919684812426567
3265625088.0,-0.014938310720026493
3266562560.0,-0.006679540500044823
3267500032.0,0.0003049674560315907
3268437504.0,0.006679873913526535
3269374976.0,0.012926624156534672
3270312448.0,0.018117135390639305
3271249920.0,0.021831341087818146
3272187392.0,0.02481868863105774
3273125120.0,0.02467317320406437
3274062592.0,0.02530490607023239
3275000064.0,0.024430328980088234
3275937536.0,0.023530397564172745
3276875008.0,0.020824985578656197
3277812480.0,0.01944877579808235
3278749952.0,0.018180876970291138
3279687424.0,0.016133196651935577
3280624896.0,0.015126812271773815
3281562624.0,0.01515435054898262
3282500096.0,0.0147743234410882
3283437568.0,0.015254165977239609
3284375040.0,0.016573553904891014
3285312512.0,0.018777409568428993
3286249984.0,0.02001408115029335
3287187456.0,0.021800296381115913
3288124928.0,0.023783663287758827
3289062400.0,0.025562793016433716
3289999872.0,0.026561172679066658
3290937600.0,0.026155643165111542
3291875072.0,0.026268213987350464
3292812544.0,0.0247005857527256
3293750016.0,0.021331733092665672
3294687488.0,0.017092714086174965
3295624960.0,0.011975972913205624
3296562432.0,0.005787956062704325
3297499904.0,-0.0013385366182774305
3298437376.0,-0.00955707672983408
3299375104.0,-0.01772456243634224
3300312576.0,-0.027502499520778656
3301250048.0,-0.03654706850647926
3302187520.0,-0.046007703989744186
3303124992.0,-0.05504341050982475
3304062464.0,-0.06548106670379639
3304999936.0,-0.07392711192369461
3305937408.0,-0.08262626081705093
3306874880.0,-0.09134375303983688
3307812608.0,-0.05965394154191017
3308750080.0,-0.05722229927778244
3309687552.0,-0.055206019431352615
3310625024.0,-0.05345260724425316
3311562496.0,-0.051677413284778595
3312499968.0,-0.051352910697460175
3313437440.0,-0.0505274198949337
3314374912.0,-0.05095982924103737
3315312384.0,-0.051025960594415665
3316250112.0,-0.0527760274708271
3317187584.0,-0.05537935346364975
3318125056.0,-0.057671669870615005
3319062528.0,-0.06179128214716911
3320000000.0,-0.06514707207679749
3320937472.0,-0.06963150203227997
3321874944.0,-0.07500074058771133
3322812416.0,-0.08052996546030045
3323749888.0,-0.08711269497871399
3324687616.0,-0.09348707646131516
3325625088.0,-0.10017774999141693
3326562560.0,-0.10699192434549332
3327500032.0,-0.11389559507369995
3328437504.0,-0.12149504572153091
3329374976.0,-0.12809433043003082
3330312448.0,-0.13407815992832184
3331249920.0,-0.13955318927764893
3332187392.0,-0.14413292706012726
3333125120.0,-0.14830133318901062
3334062592.0,-0.15112526714801788
3335000064.0,-0.1540652960538864
3335937536.0,-0.1568741351366043
3336875008.0,-0.15564876794815063
3337812480.0,-0.15557536482810974
3338749952.0,-0.15318584442138672
3339687424.0,-0.14980125427246094
3340624896.0,-0.1457035094499588
3341562624.0,-0.1398090273141861
3342500096.0,-0.13383837044239044
3343437568.0,-0.1270642876625061
3344375040.0,-0.11925636976957321
3345312512.0,-0.1104106456041336
3346249984.0,-0.10181112587451935
3347187456.0,-0.09173837304115295
3348124928.0,-0.08217424899339676
3349062400.0,-0.07230726629495621
3350000128.0,-0.06191721931099892
3350937600.0,-0.05170091614127159
3351875072.0,-0.04190337285399437
3352812544.0,-0.03214064985513687
3353750016.0,-0.02424624003469944
3354687488.0,-0.016020197421312332
3355624960.0,-0.007838808931410313
3356562432.0,-0.0009108087979257107
3357499904.0,0.004099653102457523
3358437376.0,0.010205280035734177
3359375104.0,0.014981882646679878
3360312576.0,0.018891239538788795
3361250048.0,0.022525768727064133
3362187520.0,0.026390759274363518
3363124992.0,0.02912783995270729
3364062464.0,0.03108755499124527
3364999936.0,0.03301775082945824
3365937408.0,0.03523775935173035
3366874880.0,0.03806742653250694
3367812608.0,0.04650183767080307
3368750080.0,0.05475476384162903
3369687552.0,0.0623597651720047
3370625024.0,0.06934688240289688
3371562496.0,0.07613734900951385
3372499968.0,0.08049970865249634
3373437440.0,0.08467935025691986
3374374912.0,0.08781567960977554
3375312384.0,0.08955096453428268
3376250112.0,0.08981052786111832
3377187584.0,0.08860784024000168
3378125056.0,0.08659040182828903
3379062528.0,0.08415235579013824
3380000000.0,0.07857280224561691
3380937472.0,0.07275142520666122
3381874944.0,0.06592414528131485
3382812416.0,0.058385495096445084
3383749888.0,0.05024208873510361
3384687616.0,0.04062846675515175
3385625088.0,0.03182327002286911
3386562560.0,0.021412113681435585
3387500032.0,0.01161003764718771
3388437504.0,1.0781632227008231e-05
3389374976.0,-0.010705283842980862
3390312448.0,-0.020874282345175743
3391249920.0,-0.031311094760894775
3392187392.0,-0.04047287255525589
3393125120.0,-0.050265196710824966
3394062592.0,-0.0589139498770237
3395000064.0,-0.06644787639379501
3395937536.0,-0.07395459711551666
3396875008.0,-0.08018699288368225
3397812480.0,-0.08696684241294861
3398749952.0,-0.0916910320520401
3399687424.0,-0.09612008184194565
3400624896.0,-0.09853675961494446
3401562624.0,-0.09998954087495804
3402500096.0,-0.10128865391016006
3403437568.0,-0.10175904631614685
3404375040.0,-0.102010577917099
3405312512.0,-0.10082435607910156
3406249984.0,-0.0995374247431755
3407187456.0,-0.09605088084936142
3408124928.0,-0.09461598098278046
3409062400.0,-0.09138419479131699
3409999872.0,-0.08908460289239883
3410937600.0,-0.0848180428147316
3411875072.0,-0.08080466091632843
3412812544.0,-0.07712540775537491
3413750016.0,-0.07253893464803696
3414687488.0,-0.06894682347774506
3415624960.0,-0.06430531293153763
3416562432.0,-0.060176726430654526
3417499904.0,-0.055914685130119324
3418437376.0,-0.05273420736193657
3419375104.0,-0.04788348078727722
3420312576.0,-0.04421544820070267
3421250048.0,-0.040570974349975586
3422187520.0,-0.036748506128787994
3423124992.0,-0.03313177078962326
3424062464.0,-0.028865540400147438
3424999936.0,-0.025380857288837433
3425937408.0,-0.02195231057703495
3426874880.0,-0.018220365047454834
3427812608.0,-0.013672693632543087
3428750080.0,-0.01069225650280714
3429687552.0,-0.008384509943425655
3430625024.0,-0.005391860846430063
3431562496.0,-0.0015433739172294736
3432499968.0,0.0019745181780308485
3433437440.0,0.007003678474575281
3434374912.0,0.012063903734087944
3435312384.0,0.01903381384909153
3436250112.0,0.026334308087825775
3437187584.0,0.03507119417190552
3438125056.0,0.04510311037302017
3439062528.0,0.055922169238328934
3440000000.0,0.06728833168745041
3440937472.0,0.08051488548517227
3441874944.0,0.09354440867900848
3442812416.0,0.10598406195640564
3443749888.0,0.12065760791301727
3444687616.0,0.135380819439888
3445625088.0,0.14919766783714294
3446562560.0,0.1635729819536209
3447500032.0,0.17730902135372162
3448437504.0,0.18897795677185059
3449374976.0,0.19939786195755005
3450312448.0,0.20855003595352173
3451249920.0,0.21521463990211487
3452187392.0,0.22044049203395844
3453125120.0,0.2234727442264557
3454062592.0,0.2233668565750122
3455000064.0,0.22077807784080505
3455937536.0,0.21637462079524994
3456875008.0,0.20844367146492004
3457812480.0,0.19865433871746063
3458749952.0,0.18768863379955292
3459687424.0,0.17412903904914856
3460624896.0,0.1579679548740387
3461562624.0,0.14033129811286926
3462500096.0,0.12200210988521576
3463437568.0,0.10297010093927383
3464375040.0,0.08357241749763489
3465312512.0,0.06365418434143066
3466249984.0,0.04487083479762077
3467187456.0,0.024975132197141647
3468124928.0,0.00721748499199748
3469062400.0,-0.009737543761730194
3470000128.0,-0.024740317836403847
3470937600.0,-0.038365285843610764
3471875072.0,-0.050094179809093475
3472812544.0,-0.06069512665271759
3473750016.0,-0.06782788783311844
3474687488.0,-0.07398948818445206
3475624960.0,-0.0776362270116806
3476562432.0,-0.08094137161970139
3477499904.0,-0.08063625544309616
3478437376.0,-0.07993243634700775
3479375104.0,-0.07864086329936981
3480312576.0,-0.07553958892822266
3481250048.0,-0.07223543524742126
3482187520.0,-0.06725256890058517
3483124992.0,-0.06236070767045021
3484062464.0,-0.0582599900662899
3484999936.0,-0.05363432690501213
3485937408.0,-0.04875027388334274
3486874880.0,-0.04417731240391731
3487812608.0,-0.031067224219441414
3488750080.0,-0.03445202112197876
3489687552.0,-0.039060816168785095
3490625024.0,-0.044023167341947556
3491562496.0,-0.05012212693691254
3492499968.0,-0.05623927339911461
3493437440.0,-0.062208142131567
3494374912.0,-0.06719589978456497
3495312384.0,-0.07304605096578598
3496250112.0,-0.0778908059000969
3497187584.0,-0.08251021057367325
3498125056.0,-0.08558546006679535
3499062528.0,-0.0896347165107727
3500000000.0,-0.09001556038856506
3500937472.0,-0.08890841156244278
3501874944.0,-0.0876433327794075
3502812416.0,-0.08545910567045212
3503749888.0,-0.08122194558382034
3504687616.0,-0.07689961045980453
3505625088.0,-0.07094674557447433
3506562560.0,-0.06431436538696289
3507500032.0,-0.057512179017066956
3508437504.0,-0.04892445728182793
3509374976.0,-0.040828023105859756
3510312448.0,-0.031344763934612274
3511249920.0,-0.022288281470537186
3512187392.0,-0.012433407828211784
3513125120.0,-0.002613348187878728
3514062592.0,0.00841135811060667
3515000064.0,0.01695636473596096
3515937536.0,0.026376841589808464
3516875008.0,0.03441605344414711
3517812480.0,0.042533017694950104
3518749952.0,0.048890579491853714
3519687424.0,0.05412931740283966
3520624896.0,0.0580846406519413
3521562624.0,0.06138739362359047
3522500096.0,0.06281807273626328
3523437568.0,0.06328222900629044
3524375040.0,0.06282525509595871
3525312512.0,0.060702741146087646
3526249984.0,0.05768933147192001
3527187456.0,0.05428999289870262
3528124928.0,0.051050830632448196
3529062400.0,0.04569370299577713
3529999872.0,0.04076592996716499
3530937600.0,0.03521331027150154
3531875072.0,0.029478156939148903
3532812544.0,0.023895036429166794
3533750016.0,0.018754102289676666
3534687488.0,0.013769478537142277
3535624960.0,0.010293791070580482
3536562432.0,0.00588598707690835
3537499904.0,0.002536208601668477
3538437376.0,0.0004472164437174797
3539375104.0,0.00022662650735583156
3540312576.0,8.60087493492756e-06
3541250048.0,-0.00024616890004836023
3542187520.0,0.0012209209380671382
3543124992.0,0.003715118858963251
3544062464.0,0.006181286182254553
3544999936.0,0.008983639068901539
3545937408.0,0.012274578213691711
3546874880.0,0.016655530780553818
3547812608.0,0.017862791195511818
3548750080.0,0.015432893298566341
3549687552.0,0.013532944023609161
3550625024.0,0.010846038348972797
3551562496.0,0.007488285191357136
3552499968.0,0.004837882239371538
3553437440.0,0.002888561226427555
3554374912.0,-0.002017443533986807
3555312384.0,-0.005115441512316465
3556250112.0,-0.008451898582279682
3557187584.0,-0.01277137827128172
3558125056.0,-0.017502302303910255
3559062528.0,-0.0203943382948637
3560000000.0,-0.025181014090776443
3560937472.0,-0.02919878251850605
3561874944.0,-0.03238018974661827
3562812416.0,-0.03607022762298584
3563749888.0,-0.03948483616113663
3564687616.0,-0.04188472032546997
3565625088.0,-0.04483378678560257
3566562560.0,-0.04667625576257706
3567500032.0,-0.049072716385126114
3568437504.0,-0.05087803304195404
3569374976.0,-0.050795115530490875
3570312448.0,-0.05174176022410393
3571249920.0,-0.05101746320724487
3572187392.0,-0.05064556375145912
3573125120.0,-0.04950907081365585
3574062592.0,-0.04766937345266342
3575000064.0,-0.04672998562455177
3575937536.0,-0.04552888125181198
3576875008.0,-0.04418732970952988
3577812480.0,-0.04180876910686493
3578749952.0,-0.03981868922710419
3579687424.0,-0.03719490393996239
3580624896.0,-0.03447447717189789
3581562624.0,-0.03130454197525978
3582500096.0,-0.02891508676111698
3583437568.0,-0.026773719117045403
3584375040.0,-0.02646235190331936
3585312512.0,-0.0235750749707222
3586249984.0,-0.02346453256905079
3587187456.0,-0.023368872702121735
3588124928.0,-0.02167113684117794
3589062400.0,-0.02105867490172386
3590000128.0,-0.020914750173687935
3590937600.0,-0.020758183673024178
3591875072.0,-0.020093947649002075
3592812544.0,-0.019880300387740135
3593750016.0,-0.020461346954107285
3594687488.0,-0.018607161939144135
3595624960.0,-0.017760850489139557
3596562432.0,-0.016279984265565872
3597499904.0,-0.014771899208426476
3598437376.0,-0.012201810255646706
3599375104.0,-0.009879712015390396
3600312576.0,-0.006713261362165213
3601250048.0,-0.003155284561216831
3602187520.0,0.0010752314701676369
3603124992.0,0.005184848792850971
3604062464.0,0.01008766982704401
3604999936.0,0.0156606025993824
3605937408.0,0.021388892084360123
3606874880.0,0.02840161696076393
3607812608.0,0.05123936012387276
3608750080.0,0.06035086512565613
3609687552.0,0.06952550262212753
3610625024.0,0.07876335084438324
3611562496.0,0.0867905244231224
3612499968.0,0.0940556675195694
3613437440.0,0.10067367553710938
3614374912.0,0.10652822256088257
3615312384.0,0.11093347519636154
3616250112.0,0.11411155760288239
3617187584.0,0.117795929312706
3618125056.0,0.11953631788492203
3619062528.0,0.12021917849779129
3620000000.0,0.11943462491035461
3620937472.0,0.11702100932598114
3621874944.0,0.11409986764192581
3622812416.0,0.1108379065990448
3623749888.0,0.10548102855682373
3624687616.0,0.099529929459095
3625625088.0,0.09302622079849243
3626562560.0,0.08676803112030029
3627500032.0,0.07982021570205688
3628437504.0,0.0714053064584732
3629374976.0,0.06216592341661453
3630312448.0,0.0533834844827652
3631249920.0,0.043751008808612823
3632187392.0,0.034003082662820816
3633125120.0,0.023020416498184204
3634062592.0,0.01295519433915615
3635000064.0,0.002441096119582653
3635937536.0,-0.00648950319737196
3636875008.0,-0.01744639314711094
3637812480.0,-0.026809288188815117
3638749952.0,-0.03654290735721588
3639687424.0,-0.04616329446434975
3640624896.0,-0.05512702837586403
3641562624.0,-0.06379476934671402
3642500096.0,-0.07285184413194656
3643437568.0,-0.08080996572971344
3644375040.0,-0.08832282572984695
3645312512.0,-0.09413281083106995
3646249984.0,-0.09991274774074554
3647187456.0,-0.10624976456165314
3648124928.0,-0.11103717237710953
3649062400.0,-0.1149279847741127
3649999872.0,-0.11967457830905914
3650937600.0,-0.1220543384552002
3651875072.0,-0.12372445315122604
3652812544.0,-0.12544842064380646
3653750016.0,-0.12753532826900482
3654687488.0,-0.12800301611423492
3655624960.0,-0.1273973286151886
3656562432.0,-0.12634065747261047
3657499904.0,-0.1254814863204956
3658437376.0,-0.12306196242570877
3659375104.0,-0.12178930640220642
3660312576.0,-0.11943429708480835
3661250048.0,-0.11569314450025558
3662187520.0,-0.11248710006475449
3663124992.0,-0.10823844373226166
3664062464.0,-0.10317505151033401
3664999936.0,-0.09956952184438705
3665937408.0,-0.09464298188686371
3666874880.0,-0.08992484956979752
3667812608.0,-0.07207813113927841
3668750080.0,-0.07194087654352188
3669687552.0,-0.07081392407417297
3670625024.0,-0.06811558455228806
3671562496.0,-0.06594762951135635
3672499968.0,-0.06250223517417908
3673437440.0,-0.057452041655778885
3674374912.0,-0.05273440107703209
3675312384.0,-0.046922240406274796
3676250112.0,-0.04092353209853172
3677187584.0,-0.03387705236673355
3678125056.0,-0.027442239224910736
3679062528.0,-0.018333643674850464
3680000000.0,-0.010432030074298382
3680937472.0,-0.00232683215290308
3681874944.0,0.006736337207257748
3682812416.0,0.015892911702394485
3683749888.0,0.025083888322114944
3684687616.0,0.03427007049322128
3685625088.0,0.04349153861403465
3686562560.0,0.05244571715593338
3687500032.0,0.06041032075881958
3688437504.0,0.0689644142985344
3689374976.0,0.07596087455749512
3690312448.0,0.08289145678281784
3691249920.0,0.08809340745210648
3692187392.0,0.09300655871629715
3693125120.0,0.09707200527191162
3694062592.0,0.0989631786942482
3695000064.0,0.10043913125991821
3695937536.0,0.1007852554321289
3696875008.0,0.10114291310310364
3697812480.0,0.10084647685289383
3698749952.0,0.09920395910739899
3699687424.0,0.09520658105611801
3700624896.0,0.09093984216451645
3701562624.0,0.08603053539991379
3702500096.0,0.08006008714437485
3703437568.0,0.07344502955675125
3704375040.0,0.06629376858472824
3705312512.0,0.05754315108060837
3706249984.0,0.049491818994283676
3707187456.0,0.04236812889575958
3708124928.0,0.033782877027988434
3709062400.0,0.02379555255174637
3710000128.0,0.01567363180220127
3710937600.0,0.005108141340315342
3711875072.0,-0.0044403839856386185
3712812544.0,-0.01171853020787239
3713750016.0,-0.02020873688161373
3714687488.0,-0.026655307039618492
3715624960.0,-0.03212229162454605
3716562432.0,-0.03733530640602112
3717499904.0,-0.04103110730648041
3718437376.0,-0.043626658618450165
3719375104.0,-0.046751923859119415
3720312576.0,-0.04802423715591431
3721250048.0,-0.04868311062455177
3722187520.0,-0.0488898940384388
3723124992.0,-0.048571422696113586
3724062464.0,-0.04627198353409767
3724999936.0,-0.0451851487159729
3725937408.0,-0.0429486446082592
3726874880.0,-0.04147781804203987
3727812608.0,-0.04424295574426651
3728750080.0,-0.04483707621693611
3729687552.0,-0.04413792863488197
3730625024.0,-0.04299476370215416
3731562496.0,-0.04199239984154701
3732499968.0,-0.04111891984939575
3733437440.0,-0.040656182914972305
3734374912.0,-0.03978841379284859
3735312384.0,-0.04024466127157211
3736250112.0,-0.041297342628240585
3737187584.0,-0.041533492505550385
3738125056.0,-0.04422065243124962
3739062528.0,-0.04649074375629425
3740000000.0,-0.048881854861974716
3740937472.0,-0.05308842286467552
3741874944.0,-0.05654061958193779
3742812416.0,-0.06082634627819061
3743749888.0,-0.06559089571237564
3744687616.0,-0.07024623453617096
3745625088.0,-0.07571368664503098
3746562560.0,-0.08187548816204071
3747500032.0,-0.08542805910110474
3748437504.0,-0.0909387394785881
3749374976.0,-0.09627000987529755
3750312448.0,-0.10056088119745255
3751249920.0,-0.10619521886110306
3752187392.0,-0.11132096499204636
3753125120.0,-0.11569929867982864
3754062592.0,-0.12093973904848099
3755000064.0,-0.12341205775737762
3755937536.0,-0.12607985734939575
3756875008.0,-0.12794096767902374
3757812480.0,-0.1281607300043106
3758749952.0,-0.12735646963119507
3759687424.0,-0.1250298023223877
3760624896.0,-0.12220408022403717
3761562624.0,-0.11819051951169968
3762500096.0,-0.1119038462638855
3763437568.0,-0.10465899854898453
3764375040.0,-0.09577937424182892
3765312512.0,-0.08729143440723419
3766249984.0,-0.07716644555330276
3767187456.0,-0.06675922870635986
3768124928.0,-0.05617952719330788
3769062400.0,-0.04442587122321129
3769999872.0,-0.03363647684454918
3770937600.0,-0.021985135972499847
3771875072.0,-0.010946043767035007
3772812544.0,0.0006336275255307555
3773750016.0,0.009834890253841877
3774687488.0,0.019232507795095444
3775624960.0,0.02664838545024395
3776562432.0,0.03351696953177452
3777499904.0,0.03890727460384369
3778437376.0,0.04187832027673721
3779375104.0,0.044141896069049835
3780312576.0,0.04370349645614624
3781250048.0,0.041593197733163834
3782187520.0,0.03812168538570404
3783124992.0,0.033271074295043945
3784062464.0,0.02667221613228321
3784999936.0,0.01732250489294529
3785937408.0,0.009486856870353222
3786874880.0,0.011159071698784828
3787812608.0,0.0027785850688815117
3788750080.0,-0.007316989358514547
3789687552.0,-0.01681317575275898
3790625024.0,-0.029452458024024963
3791562496.0,-0.04120596498250961
3792499968.0,-0.05231332406401634
3793437440.0,-0.06394115835428238
3794374912.0,-0.07488534599542618
3795312384.0,-0.08576161414384842
3796250112.0,-0.0974198505282402
3797187584.0,-0.10843298584222794
3798125056.0,-0.11833691596984863
3799062528.0,-0.12870194017887115
3800000000.0,-0.13647237420082092
3800937472.0,-0.14394022524356842
3801874944.0,-0.15087728202342987
3802812416.0,-0.1547940969467163
3803749888.0,-0.15860050916671753
3804687616.0,-0.1608436405658722
3805625088.0,-0.1624782532453537
3806562560.0,-0.16196706891059875
3807500032.0,-0.16032423079013824
3808437504.0,-0.1573241800069809
3809374976.0,-0.15236441791057587
3810312448.0,-0.1463843286037445
3811249920.0,-0.1396668553352356
3812187392.0,-0.13178221881389618
3813125120.0,-0.12366078048944473
3814062592.0,-0.11454317718744278
3815000064.0,-0.10465485602617264
3815937536.0,-0.0950106531381607
3816875008.0,-0.08561544120311737
3817812480.0,-0.07521729171276093
3818749952.0,-0.06476797163486481
3819687424.0,-0.05580630153417587
3820624896.0,-0.046110425144433975
3821562624.0,-0.03812485560774803
3822500096.0,-0.029996229335665703
3823437568.0,-0.022075839340686798
3824375040.0,-0.015901539474725723
3825312512.0,-0.010763115249574184
3826249984.0,-0.005460025276988745
3827187456.0,-0.0023428869899362326
3828124928.0,0.00039817875949665904
3829062400.0,0.002798021538183093
3830000128.0,0.0032252727542072535
3830937600.0,0.0013490564888343215
3831875072.0,0.000649353489279747
3832812544.0,-0.0019528698176145554
3833750016.0,-0.004719112068414688
3834687488.0,-0.010026583448052406
3835624960.0,-0.01359832938760519
3836562432.0,-0.016850069165229797
3837499904.0,-0.021722828969359398
3838437376.0,-0.02555546909570694
3839375104.0,-0.029406344518065453
3840312576.0,-0.033604834228754044
3841250048.0,-0.03751319274306297
3842187520.0,-0.04009805992245674
3843124992.0,-0.04241077974438667
3844062464.0,-0.04463422670960426
3844999936.0,-0.04621588811278343
3845937408.0,-0.048450320959091187
3846874880.0,-0.039974283427000046
3847812608.0,-0.03666112571954727
3848750080.0,-0.03287522494792938
3849687552.0,-0.02977365255355835
3850625024.0,-0.026718221604824066
3851562496.0,-0.023834260180592537
3852499968.0,-0.021633783355355263
3853437440.0,-0.020671123638749123
3854374912.0,-0.02024886943399906
3855312384.0,-0.019808750599622726
3856250112.0,-0.018864398822188377
3857187584.0,-0.018947523087263107
3858125056.0,-0.019712813198566437
3859062528.0,-0.021085621789097786
3860000000.0,-0.022959066554903984
3860937472.0,-0.02521580271422863
3861874944.0,-0.026550306007266045
3862812416.0,-0.03104562498629093
3863749888.0,-0.033215638250112534
3864687616.0,-0.036652129143476486
3865625088.0,-0.0397312231361866
3866562560.0,-0.04161970689892769
3867500032.0,-0.04460597410798073
3868437504.0,-0.04755948856472969
3869374976.0,-0.05013522505760193
3870312448.0,-0.05340783670544624
3871249920.0,-0.05539163574576378
3872187392.0,-0.05729632452130318
3873125120.0,-0.05897953733801842
3874062592.0,-0.06006999686360359
3875000064.0,-0.06142481416463852
3875937536.0,-0.06534873694181442
3876875008.0,-0.06760931015014648
3877812480.0,-0.07037786394357681
3878749952.0,-0.07275668531656265
3879687424.0,-0.07423136383295059
3880624896.0,-0.07563593983650208
3881562624.0,-0.07622700184583664
3882500096.0,-0.07699067890644073
3883437568.0,-0.07646806538105011
3884375040.0,-0.07715015113353729
3885312512.0,-0.07666449248790741
3886249984.0,-0.0760871022939682
3887187456.0,-0.07538951933383942
3888124928.0,-0.0756920874118805
3889062400.0,-0.07622205466032028
3889999872.0,-0.07648210227489471
3890937600.0,-0.0766071081161499
3891875072.0,-0.07693865895271301
3892812544.0,-0.07732681930065155
3893750016.0,-0.07839767634868622
3894687488.0,-0.08003230392932892
3895624960.0,-0.08066616207361221
3896562432.0,-0.08269967138767242
3897499904.0,-0.08483259379863739
3898437376.0,-0.0884963795542717
3899375104.0,-0.0913737565279007
3900312576.0,-0.09560485929250717
3901250048.0,-0.09919927269220352
3902187520.0,-0.10381307452917099
3903124992.0,-0.10877454280853271
3904062464.0,-0.1135343611240387
3904999936.0,-0.11759156733751297
3905937408.0,-0.12221068888902664
3906874880.0,-0.13783055543899536
3907812608.0,-0.1452404260635376
3908750080.0,-0.15087562799453735
3909687552.0,-0.15477554500102997
3910625024.0,-0.15716157853603363
3911562496.0,-0.1575501710176468
3912499968.0,-0.15530388057231903
3913437440.0,-0.15104824304580688
3914374912.0,-0.14424264430999756
3915312384.0,-0.1370105743408203
3916250112.0,-0.1267079859972
3917187584.0,-0.11478077620267868
3918125056.0,-0.10221488028764725
3919062528.0,-0.08772846311330795
3920000000.0,-0.07337916642427444
3920937472.0,-0.05731745809316635
3921874944.0,-0.04093290865421295
3922812416.0,-0.024679355323314667
3923749888.0,-0.007434098981320858
3924687616.0,0.007419545203447342
3925625088.0,0.02264431305229664
3926562560.0,0.03703801706433296
3927500032.0,0.05042928829789162
3928437504.0,0.06126583367586136
3929374976.0,0.07051169127225876
3930312448.0,0.07871665060520172
3931249920.0,0.08405610918998718
3932187392.0,0.08843818306922913
3933125120.0,0.0891466960310936
3934062592.0,0.08884145319461823
3935000064.0,0.08611533790826797
3935937536.0,0.08321139961481094
3936875008.0,0.07761445641517639
3937812480.0,0.07033208757638931
3938749952.0,0.06283745169639587
3939687424.0,0.054331935942173004
3940624896.0,0.04523798078298569
3941562624.0,0.03531956300139427
3942500096.0,0.02641412988305092
3943437568.0,0.017516393214464188
3944375040.0,0.007679376285523176
3945312512.0,-0.0005481406697072089
3946249984.0,-0.008192513138055801
3947187456.0,-0.015102439559996128
3948124928.0,-0.020756782963871956
3949062400.0,-0.02534201741218567
3950000128.0,-0.03018093667924404
3950937600.0,-0.032709233462810516
3951875072.0,-0.03641951456665993
3952812544.0,-0.03857635706663132
3953750016.0,-0.04116812348365784
3954687488.0,-0.04316091164946556
3955624960.0,-0.04447447136044502
3956562432.0,-0.04674496874213219
3957499904.0,-0.048592958599328995
3958437376.0,-0.05115797370672226
3959375104.0,-0.052900753915309906
3960312576.0,-0.053673092275857925
3961250048.0,-0.05487602949142456
3962187520.0,-0.05782254785299301
3963124992.0,-0.06123853474855423
3964062464.0,-0.06479299813508987
3964999936.0,-0.07015852630138397
3965937408.0,-0.07580124586820602
3966874880.0,-0.09000290930271149
3967812608.0,-0.10432273149490356
3968750080.0,-0.11791187524795532
3969687552.0,-0.13264815509319305
3970625024.0,-0.1453823298215866
3971562496.0,-0.15900437533855438
3972499968.0,-0.17037048935890198
3973437440.0,-0.18315085768699646
3974374912.0,-0.19113869965076447
3975312384.0,-0.19963663816452026
3976250112.0,-0.2058989256620407
3977187584.0,-0.21084554493427277
3978125056.0,-0.21334686875343323
3979062528.0,-0.2148573249578476
3980000000.0,-0.21476052701473236
3980937472.0,-0.21235910058021545
3981874944.0,-0.20993316173553467
3982812416.0,-0.20558321475982666
3983749888.0,-0.19938510656356812
3984687616.0,-0.192082941532135
3985625088.0,-0.18281637132167816
3986562560.0,-0.17314770817756653
3987500032.0,-0.16251355409622192
3988437504.0,-0.15062215924263
3989374976.0,-0.13925480842590332
3990312448.0,-0.12676075100898743
3991249920.0,-0.11446591466665268
3992187392.0,-0.10166998952627182
3993125120.0,-0.0897064357995987
3994062592.0,-0.07809498906135559
3995000064.0,-0.0676678940653801
3995937536.0,-0.057633981108665466
3996875008.0,-0.04920408874750137
3997812480.0,-0.042941175401210785
3998749952.0,-0.03737679123878479
3999687424.0,-0.030224639922380447
4000624896.0,-0.03735875338315964
4001562624.0,-0.03429563343524933
4002500096.0,-0.033962782472372055
4003437568.0,-0.033626265823841095
4004375040.0,-0.03512342646718025
4005312512.0,-0.03675461560487747
4006249984.0,-0.0408649779856205
4007187456.0,-0.04539504274725914
4008124928.0,-0.050819169729948044
4009062400.0,-0.05760210379958153
4009999872.0,-0.06488817185163498
4010937600.0,-0.07239503413438797
4011875072.0,-0.08038348704576492
4012812544.0,-0.08845489472150803
4013750016.0,-0.09838524460792542
4014687488.0,-0.10581400245428085
4015624960.0,-0.11459629237651825
4016562432.0,-0.12310157716274261
4017499904.0,-0.13063742220401764
4018437376.0,-0.1382313072681427
4019375104.0,-0.14536991715431213
4020312576.0,-0.15065206587314606
4021250048.0,-0.15727797150611877
4022187520.0,-0.16259241104125977
4023124992.0,-0.16715766489505768
4024062464.0,-0.17084328830242157
4024999936.0,-0.17414399981498718
4025937408.0,-0.17827065289020538
4026874880.0,-0.17043717205524445
4027812608.0,-0.17837154865264893
4028750080.0,-0.18570126593112946
4029687552.0,-0.1915653496980667
4030625024.0,-0.1967765986919403
4031562496.0,-0.20180508494377136
4032499968.0,-0.20650321245193481
4033437440.0,-0.20947220921516418
4034374912.0,-0.21228307485580444
4035312384.0,-0.21362121403217316
4036250112.0,-0.21400833129882812
4037187584.0,-0.2124629020690918
4038125056.0,-0.21041268110275269
4039062528.0,-0.2068503499031067
4040000000.0,-0.20198707282543182
4040937472.0,-0.19765184819698334
4041874944.0,-0.19112566113471985
4042812416.0,-0.18441247940063477
4043749888.0,-0.17585588991641998
4044687616.0,-0.16650539636611938
4045625088.0,-0.15476079285144806
4046562560.0,-0.14345654845237732
4047500032.0,-0.12964951992034912
4048437504.0,-0.1169186383485794
4049374976.0,-0.10237941145896912
4050312448.0,-0.08743416517972946
4051249920.0,-0.07313212007284164
4052187392.0,-0.058971107006073
4053125120.0,-0.04509585723280907
4054062592.0,-0.032273273915052414
4055000064.0,-0.018767381086945534
4055937536.0,-0.007860757410526276
4056875008.0,0.0030588817317038774
4057812480.0,0.011731351725757122
4058749952.0,0.018961146473884583
4059687424.0,0.025932960212230682
4060624896.0,0.030965173617005348
4061562624.0,0.03440746292471886
4062500096.0,0.03655540943145752
4063437568.0,0.036300525069236755
4064375040.0,0.034834302961826324
4065312512.0,0.031208213418722153
4066249984.0,0.02666790969669819
4067187456.0,0.019781453534960747
4068124928.0,0.011766156181693077
4069062400.0,0.002636904828250408
4070000128.0,-0.00842637475579977
4070937600.0,-0.019832700490951538
4071875072.0,-0.03107227012515068
4072812544.0,-0.0432482548058033
4073750016.0,-0.05515601485967636
4074687488.0,-0.06924208998680115
4075624960.0,-0.08141372352838516
4076562432.0,-0.09396477788686752
4077499904.0,-0.10722795128822327
4078437376.0,-0.11798132956027985
4079375104.0,-0.12793152034282684
4080312576.0,-0.1376224160194397
4081250048.0,-0.1450737863779068
4082187520.0,-0.15263134241104126
4083124992.0,-0.1587006151676178
4084062464.0,-0.16342712938785553
4084999936.0,-0.16773943603038788
4085937408.0,-0.16862037777900696
4086874880.0,-0.1513797640800476
4087812608.0,-0.15068422257900238
4088750080.0,-0.1510072648525238
4089687552.0,-0.1487727016210556
4090625024.0,-0.14625154435634613
4091562496.0,-0.14287474751472473
4092499968.0,-0.1382817178964615
4093437440.0,-0.13391967117786407
4094374912.0,-0.12864775955677032
4095312384.0,-0.12422565370798111
4096250112.0,-0.11767449229955673
4097187584.0,-0.11228927224874496
4098125056.0,-0.10675383359193802
4099062528.0,-0.10082248598337173
4100000000.0,-0.09510353207588196
4100937472.0,-0.08900526911020279
4101874944.0,-0.08331523835659027
4102812416.0,-0.07752890884876251
4103749888.0,-0.07246184349060059
4104687616.0,-0.06806346029043198
4105625088.0,-0.06397702544927597
4106562560.0,-0.05868888273835182
4107500032.0,-0.05618098005652428
4108437504.0,-0.05177327245473862
4109374976.0,-0.04823273792862892
4110312448.0,-0.04582274705171585
4111249920.0,-0.04341023415327072
4112187392.0,-0.041164420545101166
4113125120.0,-0.03843732178211212
4114062592.0,-0.03806574270129204
4115000064.0,-0.03585677966475487
4115937536.0,-0.03508293256163597
4116875008.0,-0.03472376987338066
4117812480.0,-0.03437736630439758
4118749952.0,-0.034407950937747955
4119687424.0,-0.03413404896855354
4120624896.0,-0.03529060631990433
4121562624.0,-0.0356903001666069
4122500096.0,-0.0363011509180069
4123437568.0,-0.037518568336963654
4124375040.0,-0.03977800905704498
4125312512.0,-0.041890375316143036
4126249984.0,-0.043484900146722794
4127187456.0,-0.046363577246665955
4128124928.0,-0.04843955487012863
4129062400.0,-0.052255500108003616
4129999872.0,-0.055431365966796875
4130937600.0,-0.06003270298242569
4131875072.0,-0.06378637999296188
4132812544.0,-0.069448322057724
4133750016.0,-0.07528547942638397
4134687488.0,-0.08116429299116135
4135624960.0,-0.08713246881961823
4136562432.0,-0.0935918465256691
4137499904.0,-0.10024333000183105
4138437376.0,-0.10805004835128784
4139375104.0,-0.11684678494930267
4140312576.0,-0.12499891221523285
4141250048.0,-0.1339053362607956
4142187520.0,-0.1436385214328766
4143124992.0,-0.1512226015329361
4144062464.0,-0.15898241102695465
4144999936.0,-0.16743867099285126
4145937408.0,-0.17599880695343018
4146874880.0,-0.1966760754585266
4147812608.0,-0.20368793606758118
4148750080.0,-0.20855361223220825
4149687552.0,-0.21177753806114197
4150625024.0,-0.21264784038066864
4151562496.0,-0.2114008069038391
4152499968.0,-0.20870009064674377
4153437440.0,-0.20316387712955475
4154374912.0,-0.1967415064573288
4155312384.0,-0.18912342190742493
4156250112.0,-0.18003961443901062
4157187584.0,-0.16970102488994598
4158125056.0,-0.1586129367351532
4159062528.0,-0.14743132889270782
4160000000.0,-0.1357087939977646
4160937472.0,-0.12363344430923462
4161874944.0,-0.11098707467317581
4162812416.0,-0.09841317683458328
4163749888.0,-0.08631091564893723
4164687616.0,-0.07422435283660889
4165625088.0,-0.06298750638961792
4166562560.0,-0.052266884595155716
4167500032.0,-0.042260657995939255
4168437504.0,-0.033009082078933716
4169374976.0,-0.023750128224492073
4170312448.0,-0.015681860968470573
4171249920.0,-0.008896194398403168
4172187392.0,-0.0029205053579062223
4173125120.0,0.002778294961899519
4174062592.0,0.008207532577216625
4175000064.0,0.011840743012726307
4175937536.0,0.015014953911304474
4176875008.0,0.017734939232468605
4177812480.0,0.02111123688519001
4178749952.0,0.022208353504538536
4179687424.0,0.022930903360247612
4180624896.0,0.022927874699234962
4181562624.0,0.022138629108667374
4182500096.0,0.02213677577674389
4183437568.0,0.019866904243826866
4184375040.0,0.01802815869450569
4185312512.0,0.016408072784543037
4186249984.0,0.014574158005416393
4187187456.0,0.010145584121346474
4188124928.0,0.006220747716724873
4189062400.0,0.0008146016043610871
4190000128.0,-0.004141193814575672
4190937600.0,-0.010849053040146828
4191875072.0,-0.016665341332554817
4192812544.0,-0.023889224976301193
4193750016.0,-0.0323670394718647
4194687488.0,-0.040299028158187866
4195624960.0,-0.04946262016892433
4196562432.0,-0.05865134671330452
4197499904.0,-0.06812532991170883
4198437376.0,-0.07936778664588928
4199375104.0,-0.08939483761787415
4200312576.0,-0.10190907120704651
4201250048.0,-0.11523813754320145
4202187520.0,-0.12622706592082977
4203124992.0,-0.13816893100738525
4204062464.0,-0.15176162123680115
4204999936.0,-0.16388718783855438
4205937408.0,-0.176025390625
4206874880.0,-0.17812782526016235
4207812608.0,-0.19051887094974518
4208750080.0,-0.20194801688194275
4209687552.0,-0.2141040414571762
4210625024.0,-0.22436560690402985
4211562496.0,-0.23431700468063354
4212499968.0,-0.24263595044612885
4213437440.0,-0.2508251368999481
4214374912.0,-0.25563672184944153
4215312384.0,-0.2584988474845886
4216250112.0,-0.2595505714416504
4217187584.0,-0.25786763429641724
4218125056.0,-0.25275248289108276
4219062528.0,-0.24741069972515106
4220000000.0,-0.23878425359725952
4220937472.0,-0.22710908949375153
4221874944.0,-0.2160508781671524
4222812416.0,-0.20165683329105377
4223749888.0,-0.18516291677951813
4224687616.0,-0.16686375439167023
4225625088.0,-0.14794665575027466
4226562560.0,-0.12688033282756805
4227500032.0,-0.10329718142747879
4228437504.0,-0.0813724473118782
4229374976.0,-0.058686334639787674
4230312448.0,-0.03541509062051773
4231249920.0,-0.012770197354257107
4232187392.0,0.009157726541161537
4233125120.0,0.029817329719662666
4234062592.0,0.04924952611327171
4235000064.0,0.06676400452852249
4235937536.0,0.0831475630402565
4236875008.0,0.09698498249053955
4237812480.0,0.10965362191200256
4238749952.0,0.11966263502836227
4239687424.0,0.12598642706871033
4240624896.0,0.13052517175674438
4241562624.0,0.13246473670005798
4242500096.0,0.13215181231498718
4243437568.0,0.1282791793346405
4244375040.0,0.12271517515182495
4245312512.0,0.11487600952386856
4246249984.0,0.10409524291753769
4247187456.0,0.09258017688989639
4248124928.0,0.07799931615591049
4249062400.0,0.06305289268493652
4249999872.0,0.04747942462563515
4250937600.0,0.03059016540646553
4251875072.0,0.012304422445595264
4252812544.0,-0.006365424487739801
4253750016.0,-0.02477116882801056
4254687488.0,-0.04380330815911293
4255624960.0,-0.06256145238876343
4256562432.0,-0.08038688451051712
4257499904.0,-0.09954344481229782
4258437376.0,-0.11666085571050644
4259375104.0,-0.1336168646812439
4260312576.0,-0.1495450735092163
4261250048.0,-0.16509662568569183
4262187520.0,-0.18040154874324799
4263124992.0,-0.19615361094474792
4264062464.0,-0.20919913053512573
4264999936.0,-0.22323785722255707
4265937408.0,-0.237446129322052
4266874880.0,-0.24948889017105103
4267812608.0,-0.25516730546951294
4268750080.0,-0.26128193736076355
4269687552.0,-0.2657094895839691
4270625024.0,-0.2710936963558197
4271562496.0,-0.27780526876449585
4272499968.0,-0.28228387236595154
4273437440.0,-0.28661128878593445
4274374912.0,-0.2886572480201721
4275312384.0,-0.2904756963253021
4276250112.0,-0.2908746004104614
4277187584.0,-0.28950417041778564
4278125056.0,-0.28726598620414734
4279062528.0,-0.28204527497291565
4280000000.0,-0.27568867802619934
4280937472.0,-0.26618486642837524
4281874944.0,-0.25548791885375977
4282812416.0,-0.24343228340148926
4283749888.0,-0.2294563502073288
4284687616.0,-0.21453969180583954
4285625088.0,-0.19731374084949493
4286562560.0,-0.17917996644973755
4287500032.0,-0.15869462490081787
4288437504.0,-0.13659518957138062
4289374976.0,-0.11339583992958069
4290312448.0,-0.09021306037902832
4291249920.0,-0.06678363680839539
4292187392.0,-0.04343670606613159
4293125120.0,-0.018437543883919716
4294062592.0,0.00506999297067523
4295000064.0,0.02846771851181984
4295937536.0,0.05028121545910835
4296875008.0,0.07040314376354218
4297812480.0,0.09007439017295837
4298749952.0,0.1082167997956276
4299687424.0,0.12383291870355606
4300624896.0,0.13729657232761383
4301562368.0,0.1488153636455536
4302499840.0,0.15826642513275146
4303437312.0,0.16503681242465973
4304374784.0,0.16853666305541992
4305312256.0,0.16916292905807495
4306250240.0,0.16787642240524292
4307187712.0,0.16151675581932068
4308125184.0,0.1535920947790146
4309062656.0,0.14320415258407593
4310000128.0,0.1297253966331482
4310937600.0,0.11241832375526428
4311875072.0,0.09330529719591141
4312812544.0,0.07142322510480881
4313750016.0,0.04679642245173454
4314687488.0,0.021223921328783035
4315624960.0,-0.005320552736520767
4316562432.0,-0.03486322984099388
4317499904.0,-0.06451774388551712
4318437376.0,-0.09448948502540588
4319374848.0,-0.12535490095615387
4320312320.0,-0.15488575398921967
4321249792.0,-0.1846449226140976
4322187264.0,-0.21231067180633545
4323125248.0,-0.2397356629371643
4324062720.0,-0.2639584243297577
4325000192.0,-0.2868201434612274
4325937664.0,-0.3074500560760498
4326875136.0,-0.34555357694625854
4327812608.0,-0.3399807810783386
4328750080.0,-0.33361154794692993
4329687552.0,-0.32620754837989807
4330625024.0,-0.3179320991039276
4331562496.0,-0.31061655282974243
4332499968.0,-0.30203351378440857
4333437440.0,-0.2944198250770569
4334374912.0,-0.2864946722984314
4335312384.0,-0.27851033210754395
4336249856.0,-0.2718799114227295
4337187328.0,-0.26577019691467285
4338124800.0,-0.2601689398288727
4339062272.0,-0.2550351321697235
4339999744.0,-0.24984121322631836
4340937728.0,-0.24545997381210327
4341875200.0,-0.24081309139728546
4342812672.0,-0.23592863976955414
4343750144.0,-0.23150311410427094
4344687616.0,-0.22531040012836456
4345625088.0,-0.21908798813819885
4346562560.0,-0.21309587359428406
4347500032.0,-0.2060103565454483
4348437504.0,-0.19848757982254028
4349374976.0,-0.19034191966056824
4350312448.0,-0.18089547753334045
4351249920.0,-0.17097137868404388
4352187392.0,-0.15777306258678436
4353124864.0,-0.14396484196186066
4354062336.0,-0.12974952161312103
4354999808.0,-0.11446318030357361
4355937280.0,-0.09726426005363464
4356874752.0,-0.07989954948425293
4357812736.0,-0.06381672620773315
4358750208.0,-0.04909767583012581
4359687680.0,-0.03715118393301964
4360625152.0,-0.02846181020140648
4361562624.0,-0.023180706426501274
4362500096.0,-0.02000090666115284
4363437568.0,-0.017459454014897346
4364375040.0,-0.014800090342760086
4365312512.0,-0.014603842049837112
4366249984.0,-0.013551874086260796
4367187456.0,-0.013523814268410206
4368124928.0,-0.014087613672018051
4369062400.0,-0.016079874709248543
4369999872.0,-0.017241058871150017
4370937344.0,-0.01911137066781521
4371874816.0,-0.02311626821756363
4372812288.0,-0.02746952511370182
4373749760.0,-0.03232407569885254
4374687744.0,-0.038828082382678986
4375625216.0,-0.047730784863233566
4376562688.0,-0.05732496827840805
4377500160.0,-0.0685165598988533
4378437632.0,-0.08205025643110275
4379375104.0,-0.09730444103479385
4380312576.0,-0.113724485039711
4381250048.0,-0.13156753778457642
4382187520.0,-0.1525684893131256
4383124992.0,-0.17475266754627228
4384062464.0,-0.19681388139724731
4384999936.0,-0.21984833478927612
4385937408.0,-0.24385486543178558
4386874880.0,-0.3365192711353302
4387812352.0,-0.35233044624328613
4388749824.0,-0.3651256263256073
4389687296.0,-0.37519311904907227
4390624768.0,-0.3826791048049927
4391562752.0,-0.38804104924201965
4392500224.0,-0.3892379701137543
4393437696.0,-0.38935983180999756
4394375168.0,-0.38613250851631165
4395312640.0,-0.3793640732765198
4396250112.0,-0.3673158586025238
4397187584.0,-0.3544715344905853
4398125056.0,-0.33630454540252686
4399062528.0,-0.3167361617088318
4400000000.0,-0.2947179973125458
4400937472.0,-0.2690699100494385
4401874944.0,-0.24118517339229584
4402812416.0,-0.21317419409751892
4403749888.0,-0.18222205340862274
4404687360.0,-0.1509186327457428
4405624832.0,-0.11916821449995041
4406562304.0,-0.0857093557715416
4407499776.0,-0.05384788662195206
4408437248.0,-0.021717360243201256
4409375232.0,0.009030590765178204
4410312704.0,0.03845634683966637
4411250176.0,0.06672021001577377
4412187648.0,0.09251230210065842
4413125120.0,0.11553163826465607
4414062592.0,0.13529501855373383
4415000064.0,0.15200123190879822
4415937536.0,0.16588087379932404
4416875008.0,0.1768132895231247
4417812480.0,0.18459396064281464
4418749952.0,0.18839652836322784
4419687424.0,0.1888216733932495
4420624896.0,0.18635138869285583
4421562368.0,0.18017321825027466
4422499840.0,0.17032501101493835
4423437312.0,0.15852642059326172
4424374784.0,0.14198625087738037
4425312256.0,0.1234530434012413
4426250240.0,0.10245341807603836
4427187712.0,0.08073300123214722
4428125184.0,0.05627639964222908
4429062656.0,0.030894605442881584
4430000128.0,0.0051812375895679
4430937600.0,-0.021953832358121872
4431875072.0,-0.05067223682999611
4432812544.0,-0.07748714834451675
4433750016.0,-0.10394979268312454
4434687488.0,-0.12902215123176575
4435624960.0,-0.1527700424194336
4436562432.0,-0.17519952356815338
4437499904.0,-0.19566409289836884
4438437376.0,-0.213728129863739
4439374848.0,-0.22972743213176727
4440312320.0,-0.24254606664180756
4441249792.0,-0.2536730170249939
4442187264.0,-0.2621779441833496
4443125248.0,-0.2679802477359772
4444062720.0,-0.2715567946434021
4445000192.0,-0.2731465995311737
4445937664.0,-0.2737104296684265
4446875136.0,-0.21577520668506622
4447812608.0,-0.22126445174217224
4448750080.0,-0.2244291752576828
4449687552.0,-0.22366085648536682
4450625024.0,-0.22053420543670654
4451562496.0,-0.21459686756134033
4452499968.0,-0.2055930197238922
4453437440.0,-0.194321408867836
4454374912.0,-0.18025794625282288
4455312384.0,-0.16305822134017944
4456249856.0,-0.14541633427143097
4457187328.0,-0.12454995512962341
4458124800.0,-0.10248405486345291
4459062272.0,-0.0813303291797638
4460000256.0,-0.05855647847056389
4460937728.0,-0.03570997342467308
4461875200.0,-0.012412027455866337
4462812672.0,0.007911424152553082
4463750144.0,0.028885629028081894
4464687616.0,0.0486917644739151
4465625088.0,0.06609578430652618
4466562560.0,0.0822053849697113
4467500032.0,0.09600663930177689
4468437504.0,0.10641410201787949
4469374976.0,0.11500827968120575
4470312448.0,0.12003450095653534
4471249920.0,0.12185963243246078
4472187392.0,0.12243825197219849
4473124864.0,0.119000643491745
4474062336.0,0.11265166103839874
4474999808.0,0.10299639403820038
4475937280.0,0.09111412614583969
4476874752.0,0.07624201476573944
4477812736.0,0.05842452496290207
4478750208.0,0.0390985831618309
4479687680.0,0.01728001981973648
4480625152.0,-0.006711884867399931
4481562624.0,-0.03179384022951126
4482500096.0,-0.05851491913199425
4483437568.0,-0.08577794581651688
4484375040.0,-0.11383567005395889
4485312512.0,-0.14248311519622803
4486249984.0,-0.16981375217437744
4487187456.0,-0.19807471334934235
4488124928.0,-0.2249266356229782
4489062400.0,-0.2514807879924774
4489999872.0,-0.2755996584892273
4490937344.0,-0.2977823317050934
4491874816.0,-0.31833386421203613
4492812288.0,-0.33723193407058716
4493749760.0,-0.3535305857658386
4494687744.0,-0.36895570158958435
4495625216.0,-0.3809148967266083
4496562688.0,-0.39122042059898376
4497500160.0,-0.3989170491695404
4498437632.0,-0.4042320251464844
4499375104.0,-0.4081189036369324
4500312576.0,-0.4096880853176117
4501250048.0,-0.41027703881263733
4502187520.0,-0.4094175398349762
4503124992.0,-0.40644001960754395
4504062464.0,-0.40450310707092285
4504999936.0,-0.4006505310535431
4505937408.0,-0.3972075283527374
4506874880.0,-0.27855971455574036
4507812352.0,-0.2772236764431
4508749824.0,-0.2746897041797638
4509687296.0,-0.2739618122577667
4510624768.0,-0.27270984649658203
4511562752.0,-0.27349522709846497
4512500224.0,-0.2748968005180359
4513437696.0,-0.27690589427948
4514375168.0,-0.2791839838027954
4515312640.0,-0.2837223410606384
4516250112.0,-0.28798726201057434
4517187584.0,-0.2933591604232788
4518125056.0,-0.300570011138916
4519062528.0,-0.30574190616607666
4520000000.0,-0.31537991762161255
4520937472.0,-0.32318100333213806
4521874944.0,-0.33312055468559265
4522812416.0,-0.342083603143692
4523749888.0,-0.35085329413414
4524687360.0,-0.36063048243522644
4525624832.0,-0.3694661259651184
4526562304.0,-0.3780955374240875
4527499776.0,-0.3871054947376251
4528437248.0,-0.3953251838684082
4529375232.0,-0.4033147692680359
4530312704.0,-0.4112238883972168
4531250176.0,-0.41848844289779663
4532187648.0,-0.42463210225105286
4533125120.0,-0.43126168847084045
4534062592.0,-0.4381822347640991
4535000064.0,-0.4431137144565582
4535937536.0,-0.4479830861091614
4536875008.0,-0.4516177475452423
4537812480.0,-0.45547619462013245
4538749952.0,-0.4586559534072876
4539687424.0,-0.4600536525249481
4540624896.0,-0.46131619811058044
4541562368.0,-0.46080049872398376
4542499840.0,-0.459945410490036
4543437312.0,-0.45899248123168945
4544374784.0,-0.45651599764823914
4545312256.0,-0.4542938470840454
4546250240.0,-0.45072484016418457
4547187712.0,-0.4483422338962555
4548125184.0,-0.4450114667415619
4549062656.0,-0.4427303075790405
4550000128.0,-0.4403667747974396
4550937600.0,-0.43703150749206543
4551875072.0,-0.4343360960483551
4552812544.0,-0.4309655725955963
4553750016.0,-0.42798912525177
4554687488.0,-0.4269956648349762
4555624960.0,-0.42434045672416687
4556562432.0,-0.4235703945159912
4557499904.0,-0.42173025012016296
4558437376.0,-0.42104971408843994
4559374848.0,-0.41970422863960266
4560312320.0,-0.4183647334575653
4561249792.0,-0.4180591106414795
4562187264.0,-0.41715824604034424
4563125248.0,-0.4156930148601532
4564062720.0,-0.415007084608078
4565000192.0,-0.4136943817138672
4565937664.0,-0.4120123088359833
4566875136.0,-0.36409422755241394
4567812608.0,-0.37105831503868103
4568750080.0,-0.3751256763935089
4569687552.0,-0.3785724639892578
4570625024.0,-0.3797929883003235
4571562496.0,-0.37934863567352295
4572499968.0,-0.37703847885131836
4573437440.0,-0.3722682595252991
4574374912.0,-0.3655751645565033
4575312384.0,-0.35663488507270813
4576249856.0,-0.3460608720779419
4577187328.0,-0.33294710516929626
4578124800.0,-0.31812408566474915
4579062272.0,-0.30151277780532837
4579999744.0,-0.2831008732318878
4580937728.0,-0.2630147337913513
4581875200.0,-0.24372123181819916
4582812672.0,-0.22179771959781647
4583750144.0,-0.19874291121959686
4584687616.0,-0.1763264685869217
4585625088.0,-0.15278682112693787
4586562560.0,-0.13028214871883392
4587500032.0,-0.10737217217683792
4588437504.0,-0.08630182594060898
4589374976.0,-0.06616032868623734
4590312448.0,-0.0476173497736454
4591249920.0,-0.029911549761891365
4592187392.0,-0.014094294980168343
4593124864.0,-0.0006113873096182942
4594062336.0,0.010007495991885662
4594999808.0,0.018025437369942665
4595937280.0,0.024551628157496452
4596874752.0,0.02761276438832283
4597812736.0,0.027347661554813385
4598750208.0,0.02502003125846386
4599687680.0,0.020776646211743355
4600625152.0,0.012399747967720032
4601562624.0,0.0038091198075562716
4602500096.0,-0.007633980363607407
4603437568.0,-0.02187172695994377
4604375040.0,-0.03743312135338783
4605312512.0,-0.05599474906921387
4606249984.0,-0.07578236609697342
4607187456.0,-0.09656227380037308
4608124928.0,-0.1178746372461319
4609062400.0,-0.14019878208637238
4609999872.0,-0.16259339451789856
4610937344.0,-0.1835729032754898
4611874816.0,-0.2059878706932068
4612812288.0,-0.22856539487838745
4613749760.0,-0.24918010830879211
4614687744.0,-0.26899558305740356
4615625216.0,-0.28883108496665955
4616562688.0,-0.3075072765350342
4617500160.0,-0.3242877125740051
4618437632.0,-0.3407236933708191
4619375104.0,-0.3547162115573883
4620312576.0,-0.36829379200935364
4621250048.0,-0.38006293773651123
4622187520.0,-0.3925700783729553
4623124992.0,-0.40287578105926514
4624062464.0,-0.4123528301715851
4624999936.0,-0.4215618669986725
4625937408.0,-0.4295971393585205
4626874880.0,-0.44412022829055786
4627812352.0,-0.4373127818107605
4628749824.0,-0.4310917854309082
4629687296.0,-0.4232372045516968
4630624768.0,-0.41495367884635925
4631562752.0,-0.40577900409698486
4632500224.0,-0.3968573808670044
4633437696.0,-0.3867071270942688
4634375168.0,-0.37724679708480835
4635312640.0,-0.3669911026954651
4636250112.0,-0.35807979106903076
4637187584.0,-0.3483082056045532
4638125056.0,-0.3406732678413391
4639062528.0,-0.33134782314300537
4640000000.0,-0.32285237312316895
4640937472.0,-0.3156580626964569
4641874944.0,-0.3105084002017975
4642812416.0,-0.30489030480384827
4643749888.0,-0.30087152123451233
4644687360.0,-0.2990252673625946
4645624832.0,-0.296978622674942
4646562304.0,-0.296326220035553
4647499776.0,-0.2983391582965851
4648437248.0,-0.2999909818172455
4649375232.0,-0.30383187532424927
4650312704.0,-0.30763280391693115
4651250176.0,-0.3127642571926117
4652187648.0,-0.3192133605480194
4653125120.0,-0.32537412643432617
4654062592.0,-0.33244192600250244
4655000064.0,-0.3406948149204254
4655937536.0,-0.3501475155353546
4656875008.0,-0.36028173565864563
4657812480.0,-0.37070196866989136
4658749952.0,-0.38237521052360535
4659687424.0,-0.3938736915588379
4660624896.0,-0.40566667914390564
4661562368.0,-0.4180877208709717
4662499840.0,-0.43090251088142395
4663437312.0,-0.4448662996292114
4664374784.0,-0.4592288136482239
4665312256.0,-0.47448453307151794
4666250240.0,-0.4887867271900177
4667187712.0,-0.5047465562820435
4668125184.0,-0.5200669169425964
4669062656.0,-0.5353878736495972
4670000128.0,-0.549677848815918
4670937600.0,-0.5653037428855896
4671875072.0,-0.58016437292099
4672812544.0,-0.5939128398895264
4673750016.0,-0.6069539785385132
4674687488.0,-0.6195980310440063
4675624960.0,-0.632439136505127
4676562432.0,-0.6439314484596252
4677499904.0,-0.654928982257843
4678437376.0,-0.6660406589508057
4679374848.0,-0.6751652359962463
4680312320.0,-0.684299886226654
4681249792.0,-0.6913866996765137
4682187264.0,-0.6981027126312256
4683125248.0,-0.701997697353363
4684062720.0,-0.704372763633728
4685000192.0,-0.7053000330924988
4685937664.0,-0.7038719058036804
4686875136.0,-0.6788880825042725
4687812608.0,-0.6774141192436218
4688750080.0,-0.6736325621604919
4689687552.0,-0.6668157577514648
4690625024.0,-0.6591037511825562
4691562496.0,-0.6484071612358093
4692499968.0,-0.6341928243637085
4693437440.0,-0.6188954710960388
4694374912.0,-0.6005859375
4695312384.0,-0.5812799334526062
4696249856.0,-0.559380829334259
4697187328.0,-0.5370367169380188
4698124800.0,-0.5134630799293518
4699062272.0,-0.49042680859565735
4700000256.0,-0.46712198853492737
4700937728.0,-0.44463488459587097
4701875200.0,-0.4235333204269409
4702812672.0,-0.4038633406162262
4703750144.0,-0.3864636719226837
4704687616.0,-0.37165528535842896
4705625088.0,-0.3593997359275818
4706562560.0,-0.35091203451156616
4707500032.0,-0.34549060463905334
4708437504.0,-0.34500905871391296
4709374976.0,-0.3475799262523651
4710312448.0,-0.355314701795578
4711249920.0,-0.369669109582901
4712187392.0,-0.38812360167503357
4713124864.0,-0.4119378328323364
4714062336.0,-0.44028186798095703
4714999808.0,-0.47226324677467346
4715937280.0,-0.5077258348464966
4716874752.0,-0.5480308532714844
4717812736.0,-0.590962827205658
4718750208.0,-0.6361121535301208
4719687680.0,-0.6832399368286133
4720625152.0,-0.732841432094574
4721562624.0,-0.7817053198814392
4722500096.0,-0.8306765556335449
4723437568.0,-0.8782660961151123
4724375040.0,-0.924835205078125
4725312512.0,-0.9693458676338196
4726249984.0,-1.009660243988037
4727187456.0,-1.046120524406433
4728124928.0,-1.0782558917999268
4729062400.0,-1.105456829071045
4729999872.0,-1.1282849311828613
4730937344.0,-1.1463056802749634
4731874816.0,-1.1594735383987427
4732812288.0,-1.1701366901397705
4733749760.0,-1.176864504814148
4734687744.0,-1.1806174516677856
4735625216.0,-1.180291771888733
4736562688.0,-1.1769990921020508
4737500160.0,-1.1714526414871216
4738437632.0,-1.1638832092285156
4739375104.0,-1.1536210775375366
4740312576.0,-1.141878366470337
4741250048.0,-1.1312103271484375
4742187520.0,-1.1183993816375732
4743124992.0,-1.1038811206817627
4744062464.0,-1.089356780052185
4744999936.0,-1.074315071105957
4745937408.0,-1.0594632625579834
4746874880.0,-0.8101559281349182
4747812352.0,-0.8177692890167236
4748749824.0,-0.8247830867767334
4749687296.0,-0.8312948942184448
4750624768.0,-0.8367969393730164
4751562752.0,-0.8437727093696594
4752500224.0,-0.8487167954444885
4753437696.0,-0.8539460301399231
4754375168.0,-0.8585565686225891
4755312640.0,-0.8625221252441406
4756250112.0,-0.8648509979248047
4757187584.0,-0.8666223883628845
4758125056.0,-0.8672105073928833
4759062528.0,-0.867364227771759
4760000000.0,-0.8672041296958923
4760937472.0,-0.8653948903083801
4761874944.0,-0.863430917263031
4762812416.0,-0.860172688961029
4763749888.0,-0.8561509847640991
4764687360.0,-0.8513607978820801
4765624832.0,-0.8461378812789917
4766562304.0,-0.8413569927215576
4767499776.0,-0.8350095748901367
4768437248.0,-0.8290719985961914
4769375232.0,-0.8228601813316345
4770312704.0,-0.8176032900810242
4771250176.0,-0.8114732503890991
4772187648.0,-0.8057544231414795
4773125120.0,-0.8019673824310303
4774062592.0,-0.7973456382751465
4775000064.0,-0.7937739491462708
4775937536.0,-0.7920696139335632
4776875008.0,-0.7916327118873596
4777812480.0,-0.7919520139694214
4778749952.0,-0.7962391972541809
4779687424.0,-0.8010760545730591
4780624896.0,-0.809325098991394
4781562368.0,-0.8169142603874207
4782499840.0,-0.8274156451225281
4783437312.0,-0.8393621444702148
4784374784.0,-0.8543316721916199
4785312256.0,-0.8695768713951111
4786250240.0,-0.8870869874954224
4787187712.0,-0.9071482419967651
4788125184.0,-0.9293314814567566
4789062656.0,-0.9528208374977112
4790000128.0,-0.9786122441291809
4790937600.0,-1.0056626796722412
4791875072.0,-1.0325709581375122
4792812544.0,-1.060193419456482
4793750016.0,-1.0873349905014038
4794687488.0,-1.1158692836761475
4795624960.0,-1.1428195238113403
4796562432.0,-1.1705750226974487
4797499904.0,-1.1969735622406006
4798437376.0,-1.2231857776641846
4799374848.0,-1.2485064268112183
4800312320.0,-1.2734745740890503
4801249792.0,-1.2941863536834717
4802187264.0,-1.313706636428833
4803125248.0,-1.3319127559661865
4804062720.0,-1.346237301826477
4805000192.0,-1.3602665662765503
4805937664.0,-1.3711708784103394
4806875136.0,-1.228845477104187
4807812608.0,-1.2341773509979248
4808750080.0,-1.2377432584762573
4809687552.0,-1.2395823001861572
4810625024.0,-1.2393735647201538
4811562496.0,-1.2378729581832886
4812499968.0,-1.2334942817687988
4813437440.0,-1.2291278839111328
4814374912.0,-1.2232075929641724
4815312384.0,-1.2175618410110474
4816249856.0,-1.2104305028915405
4817187328.0,-1.202569842338562
4818124800.0,-1.195216178894043
4819062272.0,-1.1894837617874146
4819999744.0,-1.1828646659851074
4820937728.0,-1.178141474723816
4821875200.0,-1.1734310388565063
4822812672.0,-1.1716153621673584
4823750144.0,-1.168716311454773
4824687616.0,-1.1683051586151123
4825625088.0,-1.1691956520080566
4826562560.0,-1.170343041419983
4827500032.0,-1.174927830696106
4828437504.0,-1.1802862882614136
4829374976.0,-1.1871006488800049
4830312448.0,-1.1968703269958496
4831249920.0,-1.207655668258667
4832187392.0,-1.2219043970108032
4833124864.0,-1.2368899583816528
4834062336.0,-1.253106951713562
4834999808.0,-1.2681995630264282
4835937280.0,-1.2878458499908447
4836874752.0,-1.3066678047180176
4837812736.0,-1.327229619026184
4838750208.0,-1.3481022119522095
4839687680.0,-1.3699685335159302
4840625152.0,-1.3918102979660034
4841562624.0,-1.4142745733261108
4842500096.0,-1.4351117610931396
4843437568.0,-1.4569028615951538
4844375040.0,-1.4766099452972412
4845312512.0,-1.495000958442688
4846249984.0,-1.5124657154083252
4847187456.0,-1.5286296606063843
4848124928.0,-1.5454212427139282
4849062400.0,-1.5593606233596802
4849999872.0,-1.5718166828155518
4850937344.0,-1.5832438468933105
4851874816.0,-1.5940746068954468
4852812288.0,-1.6022714376449585
4853749760.0,-1.6092045307159424
4854687744.0,-1.6157147884368896
4855625216.0,-1.6212894916534424
4856562688.0,-1.6259244680404663
4857500160.0,-1.6298552751541138
4858437632.0,-1.6338549852371216
4859375104.0,-1.6373437643051147
4860312576.0,-1.6429556608200073
4861250048.0,-1.6477869749069214
4862187520.0,-1.6534459590911865
4863124992.0,-1.6589529514312744
4864062464.0,-1.6625018119812012
4864999936.0,-1.667243480682373
4865937408.0,-1.6708446741104126
4866874880.0,-1.652585744857788
4867812352.0,-1.6559584140777588
4868749824.0,-1.6593080759048462
4869687296.0,-1.6626447439193726
4870624768.0,-1.6663787364959717
4871562752.0,-1.6708991527557373
4872500224.0,-1.6773439645767212
4873437696.0,-1.6835265159606934
4874375168.0,-1.692590594291687
4875312640.0,-1.6994984149932861
4876250112.0,-1.7098363637924194
4877187584.0,-1.7215474843978882
4878125056.0,-1.7311092615127563
4879062528.0,-1.7418675422668457
4880000000.0,-1.7528795003890991
4880937472.0,-1.7657729387283325
4881874944.0,-1.7781479358673096
4882812416.0,-1.7910128831863403
4883749888.0,-1.8042073249816895
4884687360.0,-1.8191865682601929
4885624832.0,-1.8324280977249146
4886562304.0,-1.8458646535873413
4887499776.0,-1.8572044372558594
4888437248.0,-1.8686566352844238
4889375232.0,-1.8777520656585693
4890312704.0,-1.883490800857544
4891250176.0,-1.8879103660583496
4892187648.0,-1.8886582851409912
4893125120.0,-1.887367844581604
4894062592.0,-1.8838167190551758
4895000064.0,-1.8771672248840332
4895937536.0,-1.867314338684082
4896875008.0,-1.8550105094909668
4897812480.0,-1.8398655652999878
4898749952.0,-1.8222671747207642
4899687424.0,-1.802824854850769
4900624896.0,-1.7828317880630493
4901562368.0,-1.7602615356445312
4902499840.0,-1.7350324392318726
4903437312.0,-1.710118293762207
4904374784.0,-1.6825348138809204
4905312256.0,-1.6554900407791138
4906250240.0,-1.6269887685775757
4907187712.0,-1.5994735956192017
4908125184.0,-1.5726006031036377
4909062656.0,-1.5464789867401123
4910000128.0,-1.521992564201355
4910937600.0,-1.499534249305725
4911875072.0,-1.4779114723205566
4912812544.0,-1.458708643913269
4913750016.0,-1.4412107467651367
4914687488.0,-1.425694465637207
4915624960.0,-1.4118937253952026
4916562432.0,-1.4010223150253296
4917499904.0,-1.3938841819763184
4918437376.0,-1.388936996459961
4919374848.0,-1.384705901145935
4920312320.0,-1.3833394050598145
4921249792.0,-1.384163737297058
4922187264.0,-1.3360806703567505
4923125248.0,-1.3241536617279053
4924062720.0,-1.3133026361465454
4925000192.0,-1.304557204246521
4925937664.0,-1.4071426391601562
4926875136.0,-1.413973093032837
4927812608.0,-1.4205838441848755
4928750080.0,-1.4250222444534302
4929687552.0,-1.429006814956665
4930625024.0,-1.4313079118728638
4931562496.0,-1.432283639907837
4932499968.0,-1.4305084943771362
4933437440.0,-1.4268662929534912
4934374912.0,-1.420397400856018
4935312384.0,-1.4130645990371704
4936249856.0,-1.4020951986312866
4937187328.0,-1.390892505645752
4938124800.0,-1.3774034976959229
4939062272.0,-1.3610461950302124
4940000256.0,-1.3426129817962646
4940937728.0,-1.3220834732055664
4941875200.0,-1.2996149063110352
4942812672.0,-1.2760145664215088
4943750144.0,-1.2516995668411255
4944687616.0,-1.2268996238708496
4945625088.0,-1.2045915126800537
4946562560.0,-1.1818804740905762
4947500032.0,-1.1598092317581177
4948437504.0,-1.1393625736236572
4949374976.0,-1.1194713115692139
4950312448.0,-1.1022261381149292
4951249920.0,-1.0880471467971802
4952187392.0,-1.0757501125335693
4953124864.0,-1.0643272399902344
4954062336.0,-1.054965615272522
4954999808.0,-1.04844069480896
4955937280.0,-1.0436346530914307
4956874752.0,-1.0395781993865967
4957812736.0,-1.0364840030670166
4958750208.0,-1.0354398488998413
4959687680.0,-1.03281831741333
4960625152.0,-1.031388521194458
4961562624.0,-1.0295196771621704
4962500096.0,-1.026076078414917
4963437568.0,-1.0229932069778442
4964375040.0,-1.018993616104126
4965312512.0,-1.0134912729263306
4966249984.0,-1.0070524215698242
4967187456.0,-1.0007342100143433
4968124928.0,-0.9931363463401794
4969062400.0,-0.9842368364334106
4969999872.0,-0.9751967191696167
4970937344.0,-0.9655125737190247
4971874816.0,-0.9552927017211914
4972812288.0,-0.9453391432762146
4973749760.0,-0.9354453682899475
4974687744.0,-0.9270965456962585
4975625216.0,-0.9181214570999146
4976562688.0,-0.9109885692596436
4977500160.0,-0.9034748673439026
4978437632.0,-0.8957126140594482
4979375104.0,-0.8888381123542786
4980312576.0,-0.8811772465705872
4981250048.0,-0.8727653622627258
4982187520.0,-0.8650742769241333
4983124992.0,-0.8552847504615784
4984062464.0,-0.8460942506790161
4984999936.0,-0.8359836935997009
4985937408.0,-0.8128463625907898
4986874880.0,-0.8021144866943359
4987812352.0,-0.7931991815567017
4988749824.0,-0.7863784432411194
4989687296.0,-0.7802826762199402
4990624768.0,-0.7751482725143433
4991562752.0,-0.7710919380187988
4992500224.0,-0.7686862349510193
4993437696.0,-0.7675402164459229
4994375168.0,-0.7676984071731567
4995312640.0,-0.7693711519241333
4996250112.0,-0.7724636197090149
4997187584.0,-0.7769390940666199
4998125056.0,-0.7826645970344543
4999062528.0,-0.7893109917640686
5000000000.0,-0.7961206436157227
5000937472.0,-0.8040217757225037
5001874944.0,-0.8125612735748291
5002812416.0,-0.8200549483299255
5003749888.0,-0.8278816938400269
5004687360.0,-0.8346770405769348
5005624832.0,-0.841109573841095
5006562304.0,-0.8467446565628052
5007499776.0,-0.8505623936653137
5008437248.0,-0.8529430627822876
5009375232.0,-0.8541750907897949
5010312704.0,-0.8528833985328674
5011250176.0,-0.8486810922622681
5012187648.0,-0.8430484533309937
5013125120.0,-0.8347102999687195
5014062592.0,-0.8236389756202698
5015000064.0,-0.8105608224868774
5015937536.0,-0.7943922281265259
5016875008.0,-0.775861918926239
5017812480.0,-0.755794882774353
5018749952.0,-0.7326605319976807
5019687424.0,-0.7057355642318726
5020624896.0,-0.6779639720916748
5021562368.0,-0.649732768535614
5022499840.0,-0.6186742186546326
5023437312.0,-0.5879741907119751
5024374784.0,-0.5549638271331787
5025312256.0,-0.5236047506332397
5026250240.0,-0.49202388525009155
5027187712.0,-0.46230053901672363
5028125184.0,-0.4326446056365967
5029062656.0,-0.40433448553085327
5030000128.0,-0.37752750515937805
5030937600.0,-0.3527945578098297
5031875072.0,-0.3298623263835907
5032812544.0,-0.30927774310112
5033750016.0,-0.2919182777404785
5034687488.0,-0.2771061062812805
5035624960.0,-0.26548507809638977
5036562432.0,-0.25528714060783386
5037499904.0,-0.249397411942482
5038437376.0,-0.24670369923114777
5039374848.0,-0.24734382331371307
5040312320.0,-0.25093337893486023
5041249792.0,-0.2578478753566742
5042187264.0,-0.2665250897407532
5043125248.0,-0.278827428817749
5044062720.0,-0.29383835196495056
5045000192.0,-0.3105620741844177
5045937664.0,-0.5801885724067688
5046875136.0,-0.5895458459854126
5047812608.0,-0.5999075770378113
5048750080.0,-0.6092131733894348
5049687552.0,-0.6199437379837036
5050625024.0,-0.6312581896781921
5051562496.0,-0.6408090591430664
5052499968.0,-0.650810182094574
5053437440.0,-0.6597165465354919
5054374912.0,-0.6678052544593811
5055312384.0,-0.6761265397071838
5056249856.0,-0.6844228506088257
5057187328.0,-0.6919342875480652
5058124800.0,-0.6978928446769714
5059062272.0,-0.7034484148025513
5059999744.0,-0.7066066861152649
5060937728.0,-0.7081383466720581
5061875200.0,-0.7079225182533264
5062812672.0,-0.7076532244682312
5063750144.0,-0.7038861513137817
5064687616.0,-0.6986018419265747
5065625088.0,-0.6923383474349976
5066562560.0,-0.6841617822647095
5067500032.0,-0.6746095418930054
5068437504.0,-0.662824273109436
5069374976.0,-0.6486064195632935
5070312448.0,-0.6318570375442505
5071249920.0,-0.6139851808547974
5072187392.0,-0.5942420363426208
5073124864.0,-0.574065625667572
5074062336.0,-0.5525748133659363
5074999808.0,-0.5288869142532349
5075937280.0,-0.5054919719696045
5076874752.0,-0.480889230966568
5077812736.0,-0.4555497467517853
5078750208.0,-0.4303986728191376
5079687680.0,-0.4045334458351135
5080625152.0,-0.37824150919914246
5081562624.0,-0.3534901440143585
5082500096.0,-0.3295454680919647
5083437568.0,-0.3061492145061493
5084375040.0,-0.28531917929649353
5085312512.0,-0.2674906551837921
5086249984.0,-0.24888379871845245
5087187456.0,-0.23399820923805237
5088124928.0,-0.2212556004524231
5089062400.0,-0.21102066338062286
5089999872.0,-0.20293325185775757
5090937344.0,-0.1986086070537567
5091874816.0,-0.1949613392353058
5092812288.0,-0.1959412544965744
5093749760.0,-0.198856383562088
5094687744.0,-0.20362377166748047
5095625216.0,-0.21140417456626892
5096562688.0,-0.22189465165138245
5097500160.0,-0.2335982769727707
5098437632.0,-0.24891303479671478
5099375104.0,-0.2662440240383148
5100312576.0,-0.2849354147911072
5101250048.0,-0.30588364601135254
5102187520.0,-0.32764050364494324
5103124992.0,-0.3509790897369385
5104062464.0,-0.37542515993118286
5104999936.0,-0.39961060881614685
5105937408.0,-0.49640658497810364
5106874880.0,-0.5153504610061646
5107812352.0,-0.5315037965774536
5108749824.0,-0.5468418002128601
5109687296.0,-0.5606542825698853
5110624768.0,-0.5728818774223328
5111562752.0,-0.5826229453086853
5112500224.0,-0.590014636516571
5113437696.0,-0.5955001711845398
5114375168.0,-0.6009636521339417
5115312640.0,-0.6024032831192017
5116250112.0,-0.6025705337524414
5117187584.0,-0.6016469597816467
5118125056.0,-0.5982354879379272
5119062528.0,-0.593980073928833
5120000000.0,-0.5890670418739319
5120937472.0,-0.5844802856445312
5121874944.0,-0.5776348114013672
5122812416.0,-0.5717621445655823
5123749888.0,-0.5654858946800232
5124687360.0,-0.5580543875694275
5125624832.0,-0.5511724352836609
5126562304.0,-0.5442900657653809
5127499776.0,-0.5356554388999939
5128437248.0,-0.5281350612640381
5129375232.0,-0.5191409587860107
5130312704.0,-0.5081162452697754
5131250176.0,-0.4975511431694031
5132187648.0,-0.4847536087036133
5133125120.0,-0.4703502357006073
5134062592.0,-0.45638322830200195
5135000064.0,-0.43917790055274963
5135937536.0,-0.4219304621219635
5136875008.0,-0.4047391712665558
5137812480.0,-0.385276734828949
5138749952.0,-0.3665938377380371
5139687424.0,-0.34786906838417053
5140624896.0,-0.3293319642543793
5141562368.0,-0.3135308027267456
5142499840.0,-0.29901960492134094
5143437312.0,-0.28656142950057983
5144374784.0,-0.2792348861694336
5145312256.0,-0.27733421325683594
5146250240.0,-0.2820042073726654
5147187712.0,-0.29137831926345825
5148125184.0,-0.3056541085243225
5149062656.0,-0.32296785712242126
5150000128.0,-0.3419191539287567
5150937600.0,-0.36250919103622437
5151875072.0,-0.38161271810531616
5152812544.0,-0.40229061245918274
5153750016.0,-0.42107653617858887
5154687488.0,-0.4399009048938751
5155624960.0,-0.4567493796348572
5156562432.0,-0.4724823236465454
5157499904.0,-0.48599210381507874
5158437376.0,-0.49741628766059875
5159374848.0,-0.5084837079048157
5160312320.0,-0.5181183815002441
5161249792.0,-0.5265172123908997
5162187264.0,-0.5353631973266602
5163125248.0,-0.5435385704040527
5164062720.0,-0.5520867705345154
5165000192.0,-0.5591958165168762
5165937664.0,-0.5636734962463379
5166875136.0,-0.5786823630332947
5167812608.0,-0.593410313129425
5168750080.0,-0.6081634759902954
5169687552.0,-0.6248450875282288
5170625024.0,-0.6414597630500793
5171562496.0,-0.6578348278999329
5172499968.0,-0.6762903332710266
5173437440.0,-0.6923692226409912
5174374912.0,-0.7083984613418579
5175312384.0,-0.7226206064224243
5176249856.0,-0.7357205748558044
5177187328.0,-0.7460627555847168
5178124800.0,-0.7546877264976501
5179062272.0,-0.760036289691925
5180000256.0,-0.7646868824958801
5180937728.0,-0.7656575441360474
5181875200.0,-0.7640261054039001
5182812672.0,-0.7595840692520142
5183750144.0,-0.7520902752876282
5184687616.0,-0.7424442172050476
5185625088.0,-0.7314413189888
5186562560.0,-0.718110978603363
5187500032.0,-0.7004937529563904
5188437504.0,-0.6824058890342712
5189374976.0,-0.6623742580413818
5190312448.0,-0.640863299369812
5191249920.0,-0.6179121732711792
5192187392.0,-0.5943862795829773
5193124864.0,-0.5704503655433655
5194062336.0,-0.5472334623336792
5194999808.0,-0.524594783782959
5195937280.0,-0.5019910335540771
5196874752.0,-0.480196475982666
5197812736.0,-0.4594118297100067
5198750208.0,-0.44040757417678833
5199687680.0,-0.4219336211681366
5200625152.0,-0.4062764644622803
5201562624.0,-0.39222314953804016
5202500096.0,-0.3804548978805542
5203437568.0,-0.3720550835132599
5204375040.0,-0.36614567041397095
5205312512.0,-0.36244648694992065
5206249984.0,-0.36244678497314453
5207187456.0,-0.36447131633758545
5208124928.0,-0.37042731046676636
5209062400.0,-0.3789598345756531
5209999872.0,-0.38986408710479736
5210937344.0,-0.40520724654197693
5211874816.0,-0.4214479327201843
5212812288.0,-0.4407334625720978
5213749760.0,-0.4621990919113159
5214687744.0,-0.48567676544189453
5215625216.0,-0.5098681449890137
5216562688.0,-0.5354735851287842
5217500160.0,-0.5620331764221191
5218437632.0,-0.5890020728111267
5219375104.0,-0.6163555979728699
5220312576.0,-0.6443256139755249
5221250048.0,-0.6727889776229858
5222187520.0,-0.7007564902305603
5223124992.0,-0.728786826133728
5224062464.0,-0.7558481693267822
5224999936.0,-0.7814293503761292
5225937408.0,-0.8327517509460449
5226874880.0,-0.8581365942955017
5227812352.0,-0.8801369667053223
5228749824.0,-0.9014211297035217
5229687296.0,-0.9204468131065369
5230624768.0,-0.9369644522666931
5231562752.0,-0.9511216282844543
5232500224.0,-0.9620893001556396
5233437696.0,-0.9702008366584778
5234375168.0,-0.9761775732040405
5235312640.0,-0.9806331992149353
5236250112.0,-0.9815478920936584
5237187584.0,-0.9801778197288513
5238125056.0,-0.9775899648666382
5239062528.0,-0.971125602722168
5240000000.0,-0.9641297459602356
5240937472.0,-0.953622043132782
5241874944.0,-0.942315399646759
5242812416.0,-0.9303247332572937
5243749888.0,-0.9162282347679138
5244687360.0,-0.9008458256721497
5245624832.0,-0.885939359664917
5246562304.0,-0.8712174296379089
5247499776.0,-0.8555184006690979
5248437248.0,-0.8407527208328247
5249375232.0,-0.8241891860961914
5250312704.0,-0.8084683418273926
5251250176.0,-0.7940904498100281
5252187648.0,-0.7781136631965637
5253125120.0,-0.7635658979415894
5254062592.0,-0.7508328557014465
5255000064.0,-0.7387939691543579
5255937536.0,-0.7294487357139587
5256875008.0,-0.7210773229598999
5257812480.0,-0.7146968245506287
5258749952.0,-0.7091956734657288
5259687424.0,-0.7072004675865173
5260624896.0,-0.7059832215309143
5261562368.0,-0.707360565662384
5262499840.0,-0.7095188498497009
5263437312.0,-0.7132304906845093
5264374784.0,-0.7192006707191467
5265312256.0,-0.7283902764320374
5266250240.0,-0.7404011487960815
5267187712.0,-0.7542765140533447
5268125184.0,-0.7692665457725525
5269062656.0,-0.7886503338813782
5270000128.0,-0.8077069520950317
5270937600.0,-0.8287962079048157
5271875072.0,-0.8533788323402405
5272812544.0,-0.8801407217979431
5273750016.0,-0.9072114825248718
5274687488.0,-0.9377083778381348
5275624960.0,-0.9705055356025696
5276562432.0,-1.0054748058319092
5277499904.0,-1.0416817665100098
5278437376.0,-1.0789077281951904
5279374848.0,-1.1184606552124023
5280312320.0,-1.1585640907287598
5281249792.0,-1.199190378189087
5282187264.0,-1.2407649755477905
5283125248.0,-1.282128095626831
5284062720.0,-1.3231627941131592
5285000192.0,-1.3633829355239868
5285937664.0,-1.3927572965621948
5286875136.0,-1.4277913570404053
5287812608.0,-1.4593896865844727
5288750080.0,-1.4889553785324097
5289687552.0,-1.5154526233673096
5290625024.0,-1.5389503240585327
5291562496.0,-1.5592108964920044
5292499968.0,-1.5775102376937866
5293437440.0,-1.5929112434387207
5294374912.0,-1.6050699949264526
5295312384.0,-1.6155885457992554
5296249856.0,-1.6216660737991333
5297187328.0,-1.6251367330551147
5298124800.0,-1.626772403717041
5299062272.0,-1.6256892681121826
5299999744.0,-1.6215046644210815
5300937728.0,-1.6143841743469238
5301875200.0,-1.6042375564575195
5302812672.0,-1.5911685228347778
5303750144.0,-1.575345754623413
5304687616.0,-1.5587655305862427
5305625088.0,-1.5412180423736572
5306562560.0,-1.5251660346984863
5307500032.0,-1.5091708898544312
5308437504.0,-1.491725206375122
5309374976.0,-1.4761571884155273
5310312448.0,-1.4610421657562256
5311249920.0,-1.4476245641708374
5312187392.0,-1.4328171014785767
5313124864.0,-1.4196677207946777
5314062336.0,-1.4074114561080933
5314999808.0,-1.3980534076690674
5315937280.0,-1.3900573253631592
5316874752.0,-1.3860763311386108
5317812736.0,-1.3826205730438232
5318750208.0,-1.3840339183807373
5319687680.0,-1.387195348739624
5320625152.0,-1.3917642831802368
5321562624.0,-1.398531198501587
5322500096.0,-1.4071756601333618
5323437568.0,-1.4197466373443604
5324375040.0,-1.4352755546569824
5325312512.0,-1.4539920091629028
5326249984.0,-1.4729467630386353
5327187456.0,-1.4973894357681274
5328124928.0,-1.524090051651001
5329062400.0,-1.5534158945083618
5329999872.0,-1.5871871709823608
5330937344.0,-1.62333083152771
5331874816.0,-1.6593749523162842
5332812288.0,-1.7279667854309082
5333749760.0,-1.77640962600708
5334687744.0,-1.8247411251068115
5335625216.0,-1.8772814273834229
5336562688.0,-1.9296845197677612
5337500160.0,-1.984143853187561
5338437632.0,-2.039193868637085
5339375104.0,-2.0965871810913086
5340312576.0,-2.153430461883545
5341250048.0,-2.2107632160186768
5342187520.0,-2.267321825027466
5343124992.0,-2.32403564453125
5344062464.0,-2.3790712356567383
5344999936.0,-2.43129301071167
5345937408.0,-2.3767662048339844
5346874880.0,-2.4088120460510254
5347812352.0,-2.43784761428833
5348749824.0,-2.4638404846191406
5349687296.0,-2.4864754676818848
5350624768.0,-2.5061235427856445
5351562752.0,-2.5231575965881348
5352500224.0,-2.5357284545898438
5353437696.0,-2.5454866886138916
5354375168.0,-2.5521225929260254
5355312640.0,-2.5551540851593018
5356250112.0,-2.554445505142212
5357187584.0,-2.5524940490722656
5358125056.0,-2.5439279079437256
5359062528.0,-2.533845901489258
5360000000.0,-2.519143581390381
5360937472.0,-2.503242254257202
5361874944.0,-2.4853482246398926
5362812416.0,-2.464883804321289
5363749888.0,-2.4420831203460693
5364687360.0,-2.4173929691314697
5365624832.0,-2.3926424980163574
5366562304.0,-2.367055892944336
5367499776.0,-2.3420584201812744
5368437248.0,-2.3164095878601074
5369375232.0,-2.2918620109558105
5370312704.0,-2.267958879470825
5371250176.0,-2.244107484817505
5372187648.0,-2.2201783657073975
5373125120.0,-2.1970839500427246
5374062592.0,-2.173098564147949
5375000064.0,-2.151069164276123
5375937536.0,-2.12925386428833
5376875008.0,-2.108121633529663
5377812480.0,-2.0883255004882812
5378749952.0,-2.0722384452819824
5379687424.0,-2.0560033321380615
5380624896.0,-2.04095721244812
5381562368.0,-2.029350757598877
5382499840.0,-2.017441987991333
5383437312.0,-2.0087239742279053
5384374784.0,-2.001297950744629
5385312256.0,-1.9961607456207275
5386250240.0,-1.9915372133255005
5387187712.0,-1.988593339920044
5388125184.0,-1.988442063331604
5389062656.0,-1.9884032011032104
5390000128.0,-1.9892367124557495
5390937600.0,-1.9906481504440308
5391875072.0,-1.9938982725143433
5392812544.0,-1.9960203170776367
5393750016.0,-1.999061942100525
5394687488.0,-2.003790855407715
5395624960.0,-2.0078704357147217
5396562432.0,-2.0121936798095703
5397499904.0,-2.0163354873657227
5398437376.0,-2.019883871078491
5399374848.0,-2.0241644382476807
5400312320.0,-2.0277414321899414
5401249792.0,-2.0286920070648193
5402187264.0,-2.0303494930267334
5403125248.0,-2.030852794647217
5404062720.0,-2.030463933944702
5405000192.0,-2.0293428897857666
5405937664.0,-2.16926646232605
5406875136.0,-2.166551351547241
5407812608.0,-2.160283088684082
5408750080.0,-2.1519787311553955
5409687552.0,-2.142005681991577
5410625024.0,-2.1289634704589844
5411562496.0,-2.1135506629943848
5412499968.0,-2.0964200496673584
5413437440.0,-2.0757784843444824
5414374912.0,-2.054001808166504
5415312384.0,-2.029101610183716
5416249856.0,-2.0022780895233154
5417187328.0,-1.973652958869934
5418124800.0,-1.9429298639297485
5419062272.0,-1.9121031761169434
5420000256.0,-1.8797699213027954
5420937728.0,-1.8475501537322998
5421875200.0,-1.8136811256408691
5422812672.0,-1.7807940244674683
5423750144.0,-1.7462151050567627
5424687616.0,-1.7131990194320679
5425625088.0,-1.6801327466964722
5426562560.0,-1.6490042209625244
5427500032.0,-1.618424415588379
5428437504.0,-1.5901684761047363
5429374976.0,-1.5611261129379272
5430312448.0,-1.534246563911438
5431249920.0,-1.5071479082107544
5432187392.0,-1.4833552837371826
5433124864.0,-1.4598348140716553
5434062336.0,-1.4379384517669678
5434999808.0,-1.4169269800186157
5435937280.0,-1.3962727785110474
5436874752.0,-1.3778233528137207
5437812736.0,-1.3610930442810059
5438750208.0,-1.3453342914581299
5439687680.0,-1.3307957649230957
5440625152.0,-1.3183790445327759
5441562624.0,-1.306259274482727
5442500096.0,-1.2954095602035522
5443437568.0,-1.2869906425476074
5444375040.0,-1.2795050144195557
5445312512.0,-1.273438572883606
5446249984.0,-1.2695623636245728
5447187456.0,-1.266554594039917
5448124928.0,-1.2651067972183228
5449062400.0,-1.265204906463623
5449999872.0,-1.2671860456466675
5450937344.0,-1.2706584930419922
5451874816.0,-1.2764772176742554
5452812288.0,-1.2823272943496704
5453749760.0,-1.2898180484771729
5454687744.0,-1.2992273569107056
5455625216.0,-1.3075134754180908
5456562688.0,-1.3190830945968628
5457500160.0,-1.3299102783203125
5458437632.0,-1.3411312103271484
5459375104.0,-1.3514097929000854
5460312576.0,-1.3613349199295044
5461250048.0,-1.3711788654327393
5462187520.0,-1.3801931142807007
5463124992.0,-1.3883962631225586
5464062464.0,-1.3954845666885376
5464999936.0,-1.3994618654251099
5465937408.0,-1.4104474782943726
5466874880.0,-1.4114232063293457
5467812352.0,-1.4097638130187988
5468749824.0,-1.4066139459609985
5469687296.0,-1.400093913078308
5470624768.0,-1.3930948972702026
5471562752.0,-1.382798671722412
5472500224.0,-1.370932698249817
5473437696.0,-1.356492519378662
5474375168.0,-1.339998722076416
5475312640.0,-1.3218433856964111
5476250112.0,-1.3012646436691284
5477187584.0,-1.2791259288787842
5478125056.0,-1.2565175294876099
5479062528.0,-1.2310588359832764
5480000000.0,-1.2051831483840942
5480937472.0,-1.1787312030792236
5481874944.0,-1.1506409645080566
5482812416.0,-1.123640775680542
5483749888.0,-1.095363974571228
5484687360.0,-1.0676454305648804
5485624832.0,-1.0395482778549194
5486562304.0,-1.0122061967849731
5487499776.0,-0.9856657385826111
5488437248.0,-0.9588510990142822
5489375232.0,-0.9331353902816772
5490312704.0,-0.9074406623840332
5491250176.0,-0.8829666376113892
5492187648.0,-0.8602075576782227
5493125120.0,-0.8384079933166504
5494062592.0,-0.8173104524612427
5495000064.0,-0.7991799116134644
5495937536.0,-0.782009482383728
5496875008.0,-0.767521321773529
5497812480.0,-0.7544863224029541
5498749952.0,-0.7449211478233337
5499687424.0,-0.7371558547019958
5500624896.0,-0.7330693602561951
5501562368.0,-0.7309598326683044
5502499840.0,-0.7314367890357971
5503437312.0,-0.7346767783164978
5504374784.0,-0.7406836152076721
5505312256.0,-0.7497833967208862
5506250240.0,-0.7623857855796814
5507187712.0,-0.7770466804504395
5508125184.0,-0.7929430603981018
5509062656.0,-0.8127490282058716
5510000128.0,-0.8353988528251648
5510937600.0,-0.8606474995613098
5511875072.0,-0.8872315287590027
5512812544.0,-0.9153164625167847
5513750016.0,-0.9445342421531677
5514687488.0,-0.9754514098167419
5515624960.0,-1.0067671537399292
5516562432.0,-1.039520025253296
5517499904.0,-1.0718621015548706
5518437376.0,-1.103163719177246
5519374848.0,-1.133551001548767
5520312320.0,-1.163678526878357
5521249792.0,-1.1908433437347412
5522187264.0,-1.21649169921875
5523125248.0,-1.2403641939163208
5524062720.0,-1.2585656642913818
5525000192.0,-1.274513602256775
5525937664.0,-1.1127994060516357
5526875136.0,-1.1202888488769531
5527812608.0,-1.1247755289077759
5528750080.0,-1.1289680004119873
5529687552.0,-1.1303770542144775
5530625024.0,-1.1292885541915894
5531562496.0,-1.1281265020370483
5532499968.0,-1.1233373880386353
5533437440.0,-1.1165944337844849
5534374912.0,-1.1086117029190063
5535312384.0,-1.0983449220657349
5536249856.0,-1.0886789560317993
5537187328.0,-1.0755761861801147
5538124800.0,-1.0631859302520752
5539062272.0,-1.0491399765014648
5539999744.0,-1.0351457595825195
5540937728.0,-1.0201826095581055
5541875200.0,-1.0049115419387817
5542812672.0,-0.988918125629425
5543750144.0,-0.9721095561981201
5544687616.0,-0.9565403461456299
5545625088.0,-0.9405422806739807
5546562560.0,-0.925830602645874
5547500032.0,-0.9103805422782898
5548437504.0,-0.8963671326637268
5549374976.0,-0.8828200697898865
5550312448.0,-0.870893120765686
5551249920.0,-0.859841525554657
5552187392.0,-0.8502722382545471
5553124864.0,-0.8414943218231201
5554062336.0,-0.8338642716407776
5554999808.0,-0.8287081122398376
5555937280.0,-0.8249048590660095
5556874752.0,-0.823823869228363
5557812736.0,-0.8243820071220398
5558750208.0,-0.8270965218544006
5559687680.0,-0.8327823877334595
5560625152.0,-0.841240644454956
5561562624.0,-0.8517956137657166
5562500096.0,-0.865378737449646
5563437568.0,-0.881123423576355
5564375040.0,-0.8999316692352295
5565312512.0,-0.9212357401847839
5566249984.0,-0.944293200969696
5567187456.0,-0.9688791036605835
5568124928.0,-0.9957810640335083
5569062400.0,-1.0222333669662476
5569999872.0,-1.0518136024475098
5570937344.0,-1.0813521146774292
5571874816.0,-1.1105843782424927
5572812288.0,-1.140112042427063
5573749760.0,-1.167110562324524
5574687744.0,-1.1947132349014282
5575625216.0,-1.2191104888916016
5576562688.0,-1.2422618865966797
5577500160.0,-1.2635949850082397
5578437632.0,-1.2818195819854736
5579375104.0,-1.298553705215454
5580312576.0,-1.3116042613983154
5581250048.0,-1.3215547800064087
5582187520.0,-1.3294122219085693
5583124992.0,-1.3344942331314087
5584062464.0,-1.337525725364685
5584999936.0,-1.3374475240707397
5585937408.0,-1.2590715885162354
5586874880.0,-1.2667702436447144
5587812352.0,-1.27177894115448
5588749824.0,-1.276311993598938
5589687296.0,-1.279644250869751
5590624768.0,-1.2832266092300415
5591562752.0,-1.2831183671951294
5592500224.0,-1.2845944166183472
5593437696.0,-1.2842141389846802
5594375168.0,-1.2831577062606812
5595312640.0,-1.282003402709961
5596250112.0,-1.2790642976760864
5597187584.0,-1.2749314308166504
5598125056.0,-1.2717406749725342
5599062528.0,-1.2661499977111816
5600000000.0,-1.260833501815796
5600937472.0,-1.255428433418274
5601874944.0,-1.2501723766326904
5602812416.0,-1.2437019348144531
5603749888.0,-1.2375584840774536
5604687360.0,-1.2335788011550903
5605624832.0,-1.2269372940063477
5606562304.0,-1.220909833908081
5607499776.0,-1.215410828590393
5608437248.0,-1.210132360458374
5609375232.0,-1.2044137716293335
5610312704.0,-1.1985350847244263
5611250176.0,-1.1938496828079224
5612187648.0,-1.1873677968978882
5613125120.0,-1.18412446975708
5614062592.0,-1.1796441078186035
5615000064.0,-1.1760708093643188
5615937536.0,-1.173295497894287
5616875008.0,-1.169684886932373
5617812480.0,-1.1665384769439697
5618749952.0,-1.1645922660827637
5619687424.0,-1.1618326902389526
5620624896.0,-1.1596802473068237
5621562368.0,-1.1579937934875488
5622499840.0,-1.1567751169204712
5623437312.0,-1.1559785604476929
5624374784.0,-1.154283881187439
5625312256.0,-1.153701663017273
5626250240.0,-1.152705192565918
5627187712.0,-1.1525969505310059
5628125184.0,-1.1517781019210815
5629062656.0,-1.1514549255371094
5630000128.0,-1.150436282157898
5630937600.0,-1.1483193635940552
5631875072.0,-1.1459264755249023
5632812544.0,-1.1450446844100952
5633750016.0,-1.14182448387146
5634687488.0,-1.1394059658050537
5635624960.0,-1.1343985795974731
5636562432.0,-1.1298372745513916
5637499904.0,-1.1243793964385986
5638437376.0,-1.1175096035003662
5639374848.0,-1.1089335680007935
5640312320.0,-1.1013221740722656
5641249792.0,-1.0927906036376953
5642187264.0,-1.082614779472351
5643125248.0,-1.072434425354004
5644062720.0,-1.0619651079177856
5645000192.0,-1.049897313117981
5645937664.0,-1.0480308532714844
5646875136.0,-1.0335545539855957
5647812608.0,-1.018043875694275
5648750080.0,-1.0036031007766724
5649687552.0,-0.9856049418449402
5650625024.0,-0.9686100482940674
5651562496.0,-0.9505812525749207
5652499968.0,-0.9312282204627991
5653437440.0,-0.9116121530532837
5654374912.0,-0.8905965685844421
5655312384.0,-0.8706637620925903
5656249856.0,-0.8491758704185486
5657187328.0,-0.8274429440498352
5658124800.0,-0.8054629564285278
5659062272.0,-0.7830096483230591
5660000256.0,-0.761909008026123
5660937728.0,-0.7398306727409363
5661875200.0,-0.7183594107627869
5662812672.0,-0.6972014904022217
5663750144.0,-0.6767776012420654
5664687616.0,-0.6577247381210327
5665625088.0,-0.6396263241767883
5666562560.0,-0.6214804649353027
5667500032.0,-0.6051132082939148
5668437504.0,-0.590627133846283
5669374976.0,-0.5764727592468262
5670312448.0,-0.5651805996894836
5671249920.0,-0.5553816556930542
5672187392.0,-0.5467444062232971
5673124864.0,-0.541004478931427
5674062336.0,-0.5370450615882874
5674999808.0,-0.5340821743011475
5675937280.0,-0.5316886901855469
5676874752.0,-0.5308530926704407
5677812736.0,-0.5316558480262756
5678750208.0,-0.5345853567123413
5679687680.0,-0.5378774404525757
5680625152.0,-0.5403809547424316
5681562624.0,-0.5444586277008057
5682500096.0,-0.5480522513389587
5683437568.0,-0.5523787140846252
5684375040.0,-0.5547521710395813
5685312512.0,-0.5582181811332703
5686249984.0,-0.5613280534744263
5687187456.0,-0.5638622045516968
5688124928.0,-0.5672854781150818
5689062400.0,-0.5684009790420532
5689999872.0,-0.5682652592658997
5690937344.0,-0.566491961479187
5691874816.0,-0.5648897290229797
5692812288.0,-0.5606135725975037
5693749760.0,-0.5556373000144958
5694687744.0,-0.5465744137763977
5695625216.0,-0.5380522012710571
5696562688.0,-0.5287076234817505
5697500160.0,-0.5161566138267517
5698437632.0,-0.5040270090103149
5699375104.0,-0.49179205298423767
5700312576.0,-0.4787633717060089
5701250048.0,-0.46618202328681946
5702187520.0,-0.452841579914093
5703124992.0,-0.440052330493927
5704062464.0,-0.4273218810558319
5704999936.0,-0.414794921875
5705937408.0,-0.3829134702682495
5706874880.0,-0.38144391775131226
5707812352.0,-0.3779081106185913
5708749824.0,-0.3771146237850189
5709687296.0,-0.374963641166687
5710624768.0,-0.3739602863788605
5711562752.0,-0.371158629655838
5712500224.0,-0.36901989579200745
5713437696.0,-0.3678681552410126
5714375168.0,-0.366014689207077
5715312640.0,-0.3629630208015442
5716250112.0,-0.359064519405365
5717187584.0,-0.3550999164581299
5718125056.0,-0.34960025548934937
5719062528.0,-0.3437102138996124
5720000000.0,-0.33783048391342163
5720937472.0,-0.33035722374916077
5721874944.0,-0.323061466217041
5722812416.0,-0.3159572184085846
5723749888.0,-0.3057310879230499
5724687360.0,-0.2969357669353485
5725624832.0,-0.288478821516037
5726562304.0,-0.2806757092475891
5727499776.0,-0.27151426672935486
5728437248.0,-0.2637668251991272
5729375232.0,-0.25639650225639343
5730312704.0,-0.25090664625167847
5731250176.0,-0.2468571811914444
5732187648.0,-0.24408099055290222
5733125120.0,-0.24239149689674377
5734062592.0,-0.24287204444408417
5735000064.0,-0.24656942486763
5735937536.0,-0.2512229084968567
5736875008.0,-0.2573489844799042
5737812480.0,-0.2661648094654083
5738749952.0,-0.27621668577194214
5739687424.0,-0.28793865442276
5740624896.0,-0.3003738820552826
5741562368.0,-0.3134608268737793
5742499840.0,-0.32673588395118713
5743437312.0,-0.338461697101593
5744374784.0,-0.34930142760276794
5745312256.0,-0.3594915568828583
5746250240.0,-0.3679211437702179
5747187712.0,-0.3751106858253479
5748125184.0,-0.37910911440849304
5749062656.0,-0.3822718560695648
5750000128.0,-0.38273024559020996
5750937600.0,-0.3807094693183899
5751875072.0,-0.37741124629974365
5752812544.0,-0.3732895851135254
5753750016.0,-0.3665698766708374
5754687488.0,-0.3599633276462555
5755624960.0,-0.3534262180328369
5756562432.0,-0.34459540247917175
5757499904.0,-0.33858057856559753
5758437376.0,-0.331620991230011
5759374848.0,-0.3242817223072052
5760312320.0,-0.3183416724205017
5761249792.0,-0.31348270177841187
5762187264.0,-0.30931368470191956
5763125248.0,-0.3070955276489258
5764062720.0,-0.30415549874305725
5765000192.0,-0.3009950816631317
5765937664.0,-0.22206918895244598
5766875136.0,-0.22542838752269745
5767812608.0,-0.23060940206050873
5768750080.0,-0.23452553153038025
5769687552.0,-0.2402259260416031
5770625024.0,-0.2461262047290802
5771562496.0,-0.252638578414917
5772499968.0,-0.25955212116241455
5773437440.0,-0.2669048011302948
5774374912.0,-0.2739916443824768
5775312384.0,-0.2822065055370331
5776249856.0,-0.2884857952594757
5777187328.0,-0.296858012676239
5778124800.0,-0.3038620948791504
5779062272.0,-0.31142479181289673
5779999744.0,-0.3178778886795044
5780937728.0,-0.3260614275932312
5781875200.0,-0.331922709941864
5782812672.0,-0.33822906017303467
5783750144.0,-0.3445460796356201
5784687616.0,-0.3491162359714508
5785625088.0,-0.35430899262428284
5786562560.0,-0.3572844862937927
5787500032.0,-0.3608423173427582
5788437504.0,-0.36359018087387085
5789374976.0,-0.36240354180336
5790312448.0,-0.36068037152290344
5791249920.0,-0.3585081696510315
5792187392.0,-0.3549724817276001
5793124864.0,-0.3512352406978607
5794062336.0,-0.34620392322540283
5794999808.0,-0.3389877378940582
5795937280.0,-0.332424134016037
5796874752.0,-0.3245834708213806
5797812736.0,-0.3167882263660431
5798750208.0,-0.30641064047813416
5799687680.0,-0.2956475019454956
5800625152.0,-0.2846323847770691
5801562624.0,-0.27200865745544434
5802500096.0,-0.2592213451862335
5803437568.0,-0.24535652995109558
5804375040.0,-0.23045101761817932
5805312512.0,-0.21603630483150482
5806249984.0,-0.20105822384357452
5807187456.0,-0.18526813387870789
5808124928.0,-0.1701682209968567
5809062400.0,-0.15353940427303314
5809999872.0,-0.1387423276901245
5810937344.0,-0.12261015921831131
5811874816.0,-0.10779733955860138
5812812288.0,-0.09336932003498077
5813749760.0,-0.07808693498373032
5814687744.0,-0.06365828216075897
5815625216.0,-0.04961171746253967
5816562688.0,-0.03664977103471756
5817500160.0,-0.024957764893770218
5818437632.0,-0.012729777954518795
5819375104.0,-0.001652891980484128
5820312576.0,0.009408233687281609
5821250048.0,0.018960442394018173
5822187520.0,0.02725403942167759
5823124992.0,0.036353036761283875
5824062464.0,0.04354763776063919
5824999936.0,0.050880443304777145
5825937408.0,-0.13013099133968353
5826874880.0,-0.13472583889961243
5827812352.0,-0.13813148438930511
5828749824.0,-0.1403866410255432
5829687296.0,-0.14076106250286102
5830624768.0,-0.14048828184604645
5831562752.0,-0.13879510760307312
5832500224.0,-0.1364797055721283
5833437696.0,-0.1340525895357132
5834375168.0,-0.13139167428016663
5835312640.0,-0.12806567549705505
5836250112.0,-0.12467144429683685
5837187584.0,-0.12066438049077988
5838125056.0,-0.11916737258434296
5839062528.0,-0.11733709275722504
5840000000.0,-0.11693830788135529
5840937472.0,-0.11866878718137741
5841874944.0,-0.12152352184057236
5842812416.0,-0.12302431464195251
5843749888.0,-0.1269366443157196
5844687360.0,-0.1317773163318634
5845624832.0,-0.137790709733963
5846562304.0,-0.1452374905347824
5847499776.0,-0.1523556411266327
5848437248.0,-0.1610127091407776
5849375232.0,-0.1708623170852661
5850312704.0,-0.18016751110553741
5851250176.0,-0.19019031524658203
5852187648.0,-0.2000991404056549
5853125120.0,-0.21023520827293396
5854062592.0,-0.220816507935524
5855000064.0,-0.23109738528728485
5855937536.0,-0.24157960712909698
5856875008.0,-0.25080591440200806
5857812480.0,-0.2581702470779419
5858749952.0,-0.2653120756149292
5859687424.0,-0.26955994963645935
5860624896.0,-0.2737630307674408
5861562368.0,-0.2731185853481293
5862499840.0,-0.27199193835258484
5863437312.0,-0.2676316201686859
5864374784.0,-0.2637004852294922
5865312256.0,-0.25655895471572876
5866250240.0,-0.24702022969722748
5867187712.0,-0.23708318173885345
5868125184.0,-0.2267150580883026
5869062656.0,-0.21441344916820526
5870000128.0,-0.2014654129743576
5870937600.0,-0.18825429677963257
5871875072.0,-0.17335164546966553
5872812544.0,-0.16150273382663727
5873750016.0,-0.1488601565361023
5874687488.0,-0.1369597464799881
5875624960.0,-0.12726369500160217
5876562432.0,-0.11803805828094482
5877499904.0,-0.11069708317518234
5878437376.0,-0.10537699609994888
5879374848.0,-0.10174842923879623
5880312320.0,-0.10058699548244476
5881249792.0,-0.10114935040473938
5882187264.0,-0.10291887074708939
5883125248.0,-0.10723631829023361
5884062720.0,-0.11288347840309143
5885000192.0,-0.11850247532129288
5885937664.0,-0.05984540283679962
5886875136.0,-0.06279078125953674
5887812608.0,-0.06775565445423126
5888750080.0,-0.07365347445011139
5889687552.0,-0.08018055558204651
5890625024.0,-0.08649224787950516
5891562496.0,-0.09366418421268463
5892499968.0,-0.10176388919353485
5893437440.0,-0.10967831313610077
5894374912.0,-0.11731360107660294
5895312384.0,-0.12632450461387634
5896249856.0,-0.13535958528518677
5897187328.0,-0.14507541060447693
5898124800.0,-0.1540214568376541
5899062272.0,-0.16372238099575043
5900000256.0,-0.17246203124523163
5900937728.0,-0.1824575811624527
5901875200.0,-0.19150006771087646
5902812672.0,-0.20101451873779297
5903750144.0,-0.209713414311409
5904687616.0,-0.21853597462177277
5905625088.0,-0.22770678997039795
5906562560.0,-0.23670519888401031
5907500032.0,-0.24510090053081512
5908437504.0,-0.25441011786460876
5909374976.0,-0.26187223196029663
5910312448.0,-0.2705983817577362
5911249920.0,-0.27838292717933655
5912187392.0,-0.2865526080131531
5913124864.0,-0.29359614849090576
5914062336.0,-0.3017965257167816
5914999808.0,-0.30953794717788696
5915937280.0,-0.31454330682754517
5916874752.0,-0.3196905553340912
5917812736.0,-0.3230626881122589
5918750208.0,-0.32705655694007874
5919687680.0,-0.330115407705307
5920625152.0,-0.33256712555885315
5921562624.0,-0.33469435572624207
5922500096.0,-0.3352174758911133
5923437568.0,-0.33376047015190125
5924375040.0,-0.3333757221698761
5925312512.0,-0.3307010531425476
5926249984.0,-0.32525530457496643
5927187456.0,-0.31985777616500854
5928124928.0,-0.31216827034950256
5929062400.0,-0.30282342433929443
5929999872.0,-0.2927994132041931
5930937344.0,-0.28221622109413147
5931874816.0,-0.26851123571395874
5932812288.0,-0.2536902129650116
5933749760.0,-0.23786668479442596
5934687744.0,-0.22203442454338074
5935625216.0,-0.20420308411121368
5936562688.0,-0.1860322654247284
5937500160.0,-0.16734713315963745
5938437632.0,-0.14794766902923584
5939375104.0,-0.13028454780578613
5940312576.0,-0.11203854531049728
5941250048.0,-0.09320621192455292
5942187520.0,-0.07530104368925095
5943124992.0,-0.058298248797655106
5944062464.0,-0.042567525058984756
5944999936.0,-0.02859153412282467
5945937408.0,-0.12941986322402954
5946874880.0,-0.13719503581523895
5947812352.0,-0.14708587527275085
5948749824.0,-0.1587766408920288
5949687296.0,-0.17095635831356049
5950624768.0,-0.1859915554523468
5951562752.0,-0.20148953795433044
5952500224.0,-0.2188616245985031
5953437696.0,-0.23586556315422058
5954375168.0,-0.2554261088371277
5955312640.0,-0.2748798429965973
5956250112.0,-0.2948470115661621
5957187584.0,-0.3143148422241211
5958125056.0,-0.33345556259155273
5959062528.0,-0.3530113995075226
5960000000.0,-0.37134137749671936
5960937472.0,-0.38762468099594116
5961874944.0,-0.4032978117465973
5962812416.0,-0.41658833622932434
5963749888.0,-0.42931297421455383
5964687360.0,-0.44007328152656555
5965624832.0,-0.44607973098754883
5966562304.0,-0.45007944107055664
5967499776.0,-0.4500694274902344
5968437248.0,-0.44856730103492737
5969375232.0,-0.44315868616104126
5970312704.0,-0.4333459734916687
5971250176.0,-0.4220372140407562
5972187648.0,-0.4069742262363434
5973125120.0,-0.3902577757835388
5974062592.0,-0.37058910727500916
5975000064.0,-0.3489505350589752
5975937536.0,-0.32702508568763733
5976875008.0,-0.301720529794693
5977812480.0,-0.27633583545684814
5978749952.0,-0.2515420913696289
5979687424.0,-0.2276586890220642
5980624896.0,-0.2051205188035965
5981562368.0,-0.1837935596704483
5982499840.0,-0.16347447037696838
5983437312.0,-0.14475879073143005
5984374784.0,-0.12823724746704102
5985312256.0,-0.11400166898965836
5986250240.0,-0.1026751920580864
5987187712.0,-0.09381164610385895
5988125184.0,-0.0874507948756218
5989062656.0,-0.08421317487955093
5990000128.0,-0.08326906710863113
5990937600.0,-0.08392275124788284
5991875072.0,-0.08647888898849487
5992812544.0,-0.09216580539941788
5993750016.0,-0.0974629819393158
5994687488.0,-0.10540960729122162
5995624960.0,-0.1133861243724823
5996562432.0,-0.12206096947193146
5997499904.0,-0.13176794350147247
5998437376.0,-0.13965342938899994
5999374848.0,-0.14863315224647522
6000312320.0,-0.1579827517271042
6001249792.0,-0.16602668166160583
6002187264.0,-0.17388184368610382
6003125248.0,-0.1807103008031845
6004062720.0,-0.18758703768253326
6005000192.0,-0.14618267118930817
6005937664.0,-0.15342873334884644
6006875136.0,-0.16165544092655182
6007812608.0,-0.16965901851654053
6008750080.0,-0.1807180941104889
6009687552.0,-0.19098329544067383
6010625024.0,-0.2024087905883789
6011562496.0,-0.2138224095106125
6012499968.0,-0.2275799959897995
6013437440.0,-0.2404831498861313
6014374912.0,-0.2537044882774353
6015312384.0,-0.2676805555820465
6016249856.0,-0.28100961446762085
6017187328.0,-0.29461318254470825
6018124800.0,-0.3082185685634613
6019062272.0,-0.3209719955921173
6019999744.0,-0.3339899182319641
6020937728.0,-0.3472104072570801
6021875200.0,-0.3581247627735138
6022812672.0,-0.36836785078048706
6023750144.0,-0.3780233561992645
6024687616.0,-0.38662195205688477
6025625088.0,-0.39313220977783203
6026562560.0,-0.3989201486110687
6027500032.0,-0.4010970890522003
6028437504.0,-0.40393003821372986
6029374976.0,-0.4030722677707672
6030312448.0,-0.4013676047325134
6031249920.0,-0.398466020822525
6032187392.0,-0.394198477268219
6033124864.0,-0.38697659969329834
6034062336.0,-0.3799780011177063
6034999808.0,-0.37021559476852417
6035937280.0,-0.360362708568573
6036874752.0,-0.3496622145175934
6037812736.0,-0.3386794626712799
6038750208.0,-0.32658135890960693
6039687680.0,-0.3155736029148102
6040625152.0,-0.30374133586883545
6041562624.0,-0.2915812134742737
6042500096.0,-0.2789815664291382
6043437568.0,-0.2683546841144562
6044375040.0,-0.2571472227573395
6045312512.0,-0.24820172786712646
6046249984.0,-0.2393210530281067
6047187456.0,-0.23134149610996246
6048124928.0,-0.22532282769680023
6049062400.0,-0.21935831010341644
6049999872.0,-0.21485300362110138
6050937344.0,-0.21147659420967102
6051874816.0,-0.20777277648448944
6052812288.0,-0.20806480944156647
6053749760.0,-0.20712576806545258
6054687744.0,-0.20775718986988068
6055625216.0,-0.21015164256095886
6056562688.0,-0.21189065277576447
6057500160.0,-0.2158123254776001
6058437632.0,-0.21833716332912445
6059375104.0,-0.2241401970386505
6060312576.0,-0.22843492031097412
6061250048.0,-0.23338614404201508
6062187520.0,-0.23875606060028076
6063124992.0,-0.24510908126831055
6064062464.0,-0.2508518099784851
6064999936.0,-0.14851057529449463
6065937408.0,-0.1694425642490387
6066874880.0,-0.18990978598594666
6067812352.0,-0.2104424685239792
6068749824.0,-0.23055271804332733
6069687296.0,-0.25004842877388
6070624768.0,-0.27067968249320984
6071562752.0,-0.28913846611976624
6072500224.0,-0.3092460632324219
6073437696.0,-0.32721418142318726
6074375168.0,-0.3456328213214874
6075312640.0,-0.36139973998069763
6076250112.0,-0.37668922543525696
6077187584.0,-0.39182618260383606
6078125056.0,-0.40382274985313416
6079062528.0,-0.41482484340667725
6080000000.0,-0.423716276884079
6080937472.0,-0.4330258071422577
6081874944.0,-0.4389539062976837
6082812416.0,-0.44559329748153687
6083749888.0,-0.4481629729270935
6084687360.0,-0.4503785967826843
6085624832.0,-0.4515690207481384
6086562304.0,-0.4514538645744324
6087499776.0,-0.44929540157318115
6088437248.0,-0.4461766481399536
6089375232.0,-0.4427005648612976
6090312704.0,-0.43642133474349976
6091250176.0,-0.42965808510780334
6092187648.0,-0.42242157459259033
6093125120.0,-0.41195353865623474
6094062592.0,-0.4012061357498169
6095000064.0,-0.3894382119178772
6095937536.0,-0.37698817253112793
6096875008.0,-0.3640284538269043
6097812480.0,-0.3500613570213318
6098749952.0,-0.33593881130218506
6099687424.0,-0.3219001889228821
6100624896.0,-0.30635198950767517
6101562368.0,-0.2915104329586029
6102499840.0,-0.2749956250190735
6103437312.0,-0.26026028394699097
6104374784.0,-0.24471290409564972
6105312256.0,-0.22982586920261383
6106250240.0,-0.2137717455625534
6107187712.0,-0.20036908984184265
6108125184.0,-0.18652582168579102
6109062656.0,-0.17308376729488373
6110000128.0,-0.16004645824432373
6110937600.0,-0.14683645963668823
6111875072.0,-0.1347142606973648
6112812544.0,-0.12276196479797363
6113750016.0,-0.11232054978609085
6114687488.0,-0.10130766779184341
6115624960.0,-0.09153518080711365
6116562432.0,-0.08384972810745239
6117499904.0,-0.07684575021266937
6118437376.0,-0.0726357027888298
6119374848.0,-0.07214974611997604
6120312320.0,-0.07187901437282562
6121249792.0,-0.07470718026161194
6122187264.0,-0.07797170430421829
6123125248.0,-0.08136681467294693
6124062720.0,-0.08818110078573227
6125000192.0,-0.1413419246673584
6125937664.0,-0.1552647054195404
6126875136.0,-0.1700126677751541
6127812608.0,-0.18528637290000916
6128750080.0,-0.2018100768327713
6129687552.0,-0.21739491820335388
6130625024.0,-0.2340964376926422
6131562496.0,-0.2510031461715698
6132499968.0,-0.26579394936561584
6133437440.0,-0.2820287048816681
6134374912.0,-0.2978210151195526
6135312384.0,-0.3132002055644989
6136249856.0,-0.329150527715683
6137187328.0,-0.3445398509502411
6138124800.0,-0.3598235249519348
6139062272.0,-0.3736966550350189
6140000256.0,-0.3860888183116913
6140937728.0,-0.3981211185455322
6141875200.0,-0.40892645716667175
6142812672.0,-0.41860461235046387
6143750144.0,-0.42835843563079834
6144687616.0,-0.4379851222038269
6145625088.0,-0.4458972215652466
6146562560.0,-0.4528433084487915
6147500032.0,-0.4569477438926697
6148437504.0,-0.4602402150630951
6149374976.0,-0.4621462821960449
6150312448.0,-0.46226051449775696
6151249920.0,-0.4596936106681824
6152187392.0,-0.45522695779800415
6153124864.0,-0.4497988522052765
6154062336.0,-0.4431288540363312
6154999808.0,-0.43596065044403076
6155937280.0,-0.4272400438785553
6156874752.0,-0.4171924293041229
6157812736.0,-0.4073026776313782
6158750208.0,-0.39485490322113037
6159687680.0,-0.38214486837387085
6160625152.0,-0.36898353695869446
6161562624.0,-0.3560235798358917
6162500096.0,-0.34070509672164917
6163437568.0,-0.32611361145973206
6164375040.0,-0.3126295804977417
6165312512.0,-0.2982303202152252
6166249984.0,-0.2843346893787384
6167187456.0,-0.27021390199661255
6168124928.0,-0.2579103708267212
6169062400.0,-0.24508365988731384
6169999872.0,-0.23042938113212585
6170937344.0,-0.21778938174247742
6171874816.0,-0.20387597382068634
6172812288.0,-0.1918213814496994
6173749760.0,-0.1809634268283844
6174687744.0,-0.1713203340768814
6175625216.0,-0.16131636500358582
6176562688.0,-0.15251591801643372
6177500160.0,-0.14467163383960724
6178437632.0,-0.13757111132144928
6179375104.0,-0.13309839367866516
6180312576.0,-0.1285112500190735
6181250048.0,-0.12611989676952362
6182187520.0,-0.1264296919107437
6183124992.0,-0.12804491817951202
6184062464.0,-0.13155250251293182
6184999936.0,-0.2759336829185486
6185937408.0,-0.2912816107273102
6186874880.0,-0.30720439553260803
6187812352.0,-0.3242524266242981
6188749824.0,-0.34184345602989197
6189687296.0,-0.3586803674697876
6190624768.0,-0.3753998279571533
6191562752.0,-0.39060771465301514
6192500224.0,-0.40672004222869873
6193437696.0,-0.42067304253578186
6194375168.0,-0.4329338073730469
6195312640.0,-0.44420191645622253
6196250112.0,-0.45275604724884033
6197187584.0,-0.4596095085144043
6198125056.0,-0.4647148847579956
6199062528.0,-0.46995165944099426
6200000000.0,-0.47333455085754395
6200937472.0,-0.475070983171463
6201874944.0,-0.47670117020606995
6202812416.0,-0.47785690426826477
6203749888.0,-0.4778158664703369
6204687360.0,-0.4804924726486206
6205624832.0,-0.48229727149009705
6206562304.0,-0.48568373918533325
6207499776.0,-0.48989570140838623
6208437248.0,-0.4951934516429901
6209375232.0,-0.5025973916053772
6210312704.0,-0.5117069482803345
6211250176.0,-0.5191872715950012
6212187648.0,-0.5276017785072327
6213125120.0,-0.5346917510032654
6214062592.0,-0.5402150750160217
6215000064.0,-0.5411254167556763
6215937536.0,-0.535243034362793
6216875008.0,-0.5293222069740295
6217812480.0,-0.5215351581573486
6218749952.0,-0.5121930837631226
6219687424.0,-0.5024861097335815
6220624896.0,-0.4902859628200531
6221562368.0,-0.4774651825428009
6222499840.0,-0.4648154079914093
6223437312.0,-0.45202183723449707
6224374784.0,-0.4398430585861206
6225312256.0,-0.42739200592041016
6226250240.0,-0.4163382053375244
6227187712.0,-0.40556302666664124
6228125184.0,-0.39471501111984253
6229062656.0,-0.38559117913246155
6230000128.0,-0.3778243362903595
6230937600.0,-0.37052226066589355
6231875072.0,-0.36376017332077026
6232812544.0,-0.3574115037918091
6233750016.0,-0.3515821099281311
6234687488.0,-0.34680718183517456
6235624960.0,-0.340738981962204
6236562432.0,-0.33528581261634827
6237499904.0,-0.3282769024372101
6238437376.0,-0.3217613995075226
6239374848.0,-0.315263032913208
6240312320.0,-0.3073025345802307
6241249792.0,-0.29974648356437683
6242187264.0,-0.29231923818588257
6243125248.0,-0.2854441702365875
6244062720.0,-0.2780349552631378
6245000192.0,-0.42530399560928345
6245937664.0,-0.42704135179519653
6246875136.0,-0.429316908121109
6247812608.0,-0.43465086817741394
6248750080.0,-0.4420053958892822
6249687552.0,-0.45110413432121277
6250625024.0,-0.46244940161705017
6251562496.0,-0.47563791275024414
6252499968.0,-0.49147483706474304
6253437440.0,-0.5090374946594238
6254374912.0,-0.5304586887359619
6255312384.0,-0.5525874495506287
6256249856.0,-0.5763612985610962
6257187328.0,-0.6017017960548401
6258124800.0,-0.6283587217330933
6259062272.0,-0.6561936140060425
6259999744.0,-0.6854106783866882
6260937728.0,-0.7134804725646973
6261875200.0,-0.7411993741989136
6262812672.0,-0.767438530921936
6263750144.0,-0.7913564443588257
6264687616.0,-0.8141801953315735
6265625088.0,-0.8343986868858337
6266562560.0,-0.8513293862342834
6267500032.0,-0.8653161525726318
6268437504.0,-0.8761805295944214
6269374976.0,-0.8832846283912659
6270312448.0,-0.8862723708152771
6271249920.0,-0.8866459131240845
6272187392.0,-0.8846195936203003
6273124864.0,-0.8773602843284607
6274062336.0,-0.8684954643249512
6274999808.0,-0.852557897567749
6275937280.0,-0.8351238369941711
6276874752.0,-0.8158494830131531
6277812736.0,-0.7917126417160034
6278750208.0,-0.7680649757385254
6279687680.0,-0.7410284876823425
6280625152.0,-0.7131235599517822
6281562624.0,-0.6848567128181458
6282500096.0,-0.6545306444168091
6283437568.0,-0.624466061592102
6284375040.0,-0.5934940576553345
6285312512.0,-0.5633976459503174
6286249984.0,-0.5326969027519226
6287187456.0,-0.5039281845092773
6288124928.0,-0.4757302701473236
6289062400.0,-0.4493354260921478
6289999872.0,-0.4239204227924347
6290937344.0,-0.4004497826099396
6291874816.0,-0.3808393180370331
6292812288.0,-0.3621542751789093
6293749760.0,-0.3461049497127533
6294687744.0,-0.3325272500514984
6295625216.0,-0.3210470378398895
6296562688.0,-0.31827613711357117
6297500160.0,-0.31715747714042664
6298437632.0,-0.3192249536514282
6299375104.0,-0.32507291436195374
6300312576.0,-0.333010733127594
6301250048.0,-0.3445635735988617
6302187520.0,-0.3589656949043274
6303124992.0,-0.3766058385372162
6304062464.0,-0.3955499827861786
6304999936.0,-0.5333744883537292
6305937408.0,-0.5540308952331543
6306874880.0,-0.5749635100364685
6307812352.0,-0.5972439646720886
6308749824.0,-0.6211183071136475
6309687296.0,-0.6448827385902405
6310624768.0,-0.6711934208869934
6311562752.0,-0.6977927684783936
6312500224.0,-0.7246906757354736
6313437696.0,-0.7507752776145935
6314375168.0,-0.7773711085319519
6315312640.0,-0.8047989010810852
6316250112.0,-0.8305870294570923
6317187584.0,-0.8560392260551453
6318125056.0,-0.8803097605705261
6319062528.0,-0.9014039039611816
6320000000.0,-0.921969473361969
6320937472.0,-0.9393627643585205
6321874944.0,-0.9561631083488464
6322812416.0,-0.9703838229179382
6323749888.0,-0.9809706211090088
6324687360.0,-0.9876274466514587
6325624832.0,-0.9925676584243774
6326562304.0,-0.9939063787460327
6327499776.0,-0.993710458278656
6328437248.0,-0.9891329407691956
6329375232.0,-0.9848353862762451
6330312704.0,-0.977380096912384
6331250176.0,-0.9675960540771484
6332187648.0,-0.9546588659286499
6333125120.0,-0.9412025213241577
6334062592.0,-0.9243123531341553
6335000064.0,-0.9069405794143677
6335937536.0,-0.8887287974357605
6336875008.0,-0.8686972856521606
6337812480.0,-0.8478856682777405
6338749952.0,-0.8254601955413818
6339687424.0,-0.8034892678260803
6340624896.0,-0.7796306014060974
6341562368.0,-0.7561123967170715
6342499840.0,-0.7331607937812805
6343437312.0,-0.7102194428443909
6344374784.0,-0.687614381313324
6345312256.0,-0.6658543944358826
6346250240.0,-0.6447447538375854
6347187712.0,-0.6216819882392883
6348125184.0,-0.6018327474594116
6349062656.0,-0.5827566385269165
6350000128.0,-0.564780592918396
6350937600.0,-0.5486908555030823
6351875072.0,-0.5334858298301697
6352812544.0,-0.5195840001106262
6353750016.0,-0.5089810490608215
6354687488.0,-0.4994054436683655
6355624960.0,-0.49391645193099976
6356562432.0,-0.4889959990978241
6357499904.0,-0.4878424406051636
6358437376.0,-0.4890647530555725
6359374848.0,-0.4936615526676178
6360312320.0,-0.49963176250457764
6361249792.0,-0.5087838768959045
6362187264.0,-0.5210514664649963
6363125248.0,-0.5338566303253174
6364062720.0,-0.5499206185340881
6365000192.0,-0.8253366947174072
6365937664.0,-0.8315868377685547
6366875136.0,-0.8378198742866516
6367812608.0,-0.8433961868286133
6368750080.0,-0.8515934944152832
6369687552.0,-0.8607332110404968
6370625024.0,-0.8689549565315247
6371562496.0,-0.879508912563324
6372499968.0,-0.8884652256965637
6373437440.0,-0.8978408575057983
6374374912.0,-0.9073789715766907
6375312384.0,-0.9173228144645691
6376249856.0,-0.9280197024345398
6377187328.0,-0.9368966817855835
6378124800.0,-0.9444203972816467
6379062272.0,-0.9523460865020752
6380000256.0,-0.9598604440689087
6380937728.0,-0.965516984462738
6381875200.0,-0.9714193940162659
6382812672.0,-0.9765856266021729
6383750144.0,-0.980642557144165
6384687616.0,-0.9855344295501709
6385625088.0,-0.9887798428535461
6386562560.0,-0.9914757013320923
6387500032.0,-0.994345486164093
6388437504.0,-0.9958296418190002
6389374976.0,-0.9978063106536865
6390312448.0,-0.9991668462753296
6391249920.0,-0.9997748732566833
6392187392.0,-1.000580072402954
6393124864.0,-1.0007236003875732
6394062336.0,-1.0002812147140503
6394999808.0,-0.9982768297195435
6395937280.0,-0.9979982972145081
6396874752.0,-0.995919942855835
6397812736.0,-0.9943044781684875
6398750208.0,-0.9919208884239197
6399687680.0,-0.9890810251235962
6400625152.0,-0.9867058396339417
6401562624.0,-0.9855004549026489
6402500096.0,-0.9839322566986084
6403437568.0,-0.982326865196228
6404375040.0,-0.9817644357681274
6405312512.0,-0.9817060828208923
6406249984.0,-0.98193359375
6407187456.0,-0.9828447699546814
6408124928.0,-0.9840588569641113
6409062400.0,-0.986529529094696
6409999872.0,-0.9907863140106201
6410937344.0,-0.9938020706176758
6411874816.0,-0.9987251162528992
6412812288.0,-1.0046429634094238
6413749760.0,-1.0120010375976562
6414687744.0,-1.0204497575759888
6415625216.0,-1.0259772539138794
6416562688.0,-1.0320854187011719
6417500160.0,-1.0407367944717407
6418437632.0,-1.0483741760253906
6419375104.0,-1.0567976236343384
6420312576.0,-1.0656613111495972
6421250048.0,-1.0739063024520874
6422187520.0,-1.0806798934936523
6423124992.0,-1.0875831842422485
6424062464.0,-1.0896551609039307
6424999936.0,-1.108523964881897
6425937408.0,-1.1194546222686768
6426874880.0,-1.129577398300171
6427812352.0,-1.1396892070770264
6428749824.0,-1.1475157737731934
6429687296.0,-1.1544098854064941
6430624768.0,-1.1590769290924072
6431562752.0,-1.1634016036987305
6432500224.0,-1.1665087938308716
6433437696.0,-1.16746985912323
6434375168.0,-1.1667814254760742
6435312640.0,-1.166010856628418
6436250112.0,-1.16313898563385
6437187584.0,-1.1580532789230347
6438125056.0,-1.1519501209259033
6439062528.0,-1.1445908546447754
6440000000.0,-1.1353812217712402
6440937472.0,-1.1252968311309814
6441874944.0,-1.1144664287567139
6442812416.0,-1.1032553911209106
6443749888.0,-1.090242862701416
6444687360.0,-1.076284646987915
6445624832.0,-1.0630987882614136
6446562304.0,-1.0478812456130981
6447499776.0,-1.0355807542800903
6448437248.0,-1.021849513053894
6449375232.0,-1.00972580909729
6450312704.0,-0.9990015029907227
6451250176.0,-0.9886321425437927
6452187648.0,-0.9797347784042358
6453125120.0,-0.9698289036750793
6454062592.0,-0.9626389145851135
6455000064.0,-0.9548642039299011
6455937536.0,-0.9482192397117615
6456875008.0,-0.9422317743301392
6457812480.0,-0.9367455840110779
6458749952.0,-0.9307377934455872
6459687424.0,-0.9253005385398865
6460624896.0,-0.9219502806663513
6461562368.0,-0.9173351526260376
6462499840.0,-0.9135327339172363
6463437312.0,-0.9096368551254272
6464374784.0,-0.906067967414856
6465312256.0,-0.9023191332817078
6466250240.0,-0.900062620639801
6467187712.0,-0.8965136408805847
6468125184.0,-0.892701268196106
6469062656.0,-0.8893024921417236
6470000128.0,-0.8847365975379944
6470937600.0,-0.8788114190101624
6471875072.0,-0.874297022819519
6472812544.0,-0.8693044781684875
6473750016.0,-0.866458535194397
6474687488.0,-0.8635141849517822
6475624960.0,-0.8606337904930115
6476562432.0,-0.8575305342674255
6477499904.0,-0.8545911312103271
6478437376.0,-0.8507236242294312
6479374848.0,-0.8472462296485901
6480312320.0,-0.8457608819007874
6481249792.0,-0.8433279395103455
6482187264.0,-0.8434381484985352
6483125248.0,-0.841690719127655
6484062720.0,-0.8403806090354919
6485000192.0,-0.9423511028289795
6485937664.0,-0.9495362639427185
6486875136.0,-0.9571879506111145
6487812608.0,-0.9640056490898132
6488750080.0,-0.9719297289848328
6489687552.0,-0.9800844192504883
6490625024.0,-0.9857684373855591
6491562496.0,-0.9910934567451477
6492499968.0,-0.9989895224571228
6493437440.0,-1.0051350593566895
6494374912.0,-1.010000467300415
6495312384.0,-1.014492392539978
6496249856.0,-1.018592119216919
6497187328.0,-1.0209664106369019
6498124800.0,-1.023492455482483
6499062272.0,-1.0236703157424927
6499999744.0,-1.0220633745193481
6500937728.0,-1.0204048156738281
6501875200.0,-1.016436219215393
6502812672.0,-1.0126714706420898
6503750144.0,-1.005954384803772
6504687616.0,-0.9991523623466492
6505625088.0,-0.9914572238922119
6506562560.0,-0.9822278022766113
6507500032.0,-0.9735628962516785
6508437504.0,-0.9633221626281738
6509374976.0,-0.9535222053527832
6510312448.0,-0.9421618580818176
6511249920.0,-0.9306742548942566
6512187392.0,-0.918286144733429
6513124864.0,-0.9064548015594482
6514062336.0,-0.8951682448387146
6514999808.0,-0.8841258883476257
6515937280.0,-0.8734356760978699
6516874752.0,-0.8627150058746338
6517812736.0,-0.8522757291793823
6518750208.0,-0.8425632119178772
6519687680.0,-0.832096517086029
6520625152.0,-0.8229349255561829
6521562624.0,-0.8141148686408997
6522500096.0,-0.8066467046737671
6523437568.0,-0.7983565926551819
6524375040.0,-0.7919749021530151
6525312512.0,-0.7863433957099915
6526249984.0,-0.7820722460746765
6527187456.0,-0.7773629426956177
6528124928.0,-0.7763434648513794
6529062400.0,-0.7748942971229553
6529999872.0,-0.7752155065536499
6530937344.0,-0.7753788232803345
6531874816.0,-0.7762572169303894
6532812288.0,-0.7780686020851135
6533749760.0,-0.7807537913322449
6534687744.0,-0.7851150631904602
6535625216.0,-0.7894502878189087
6536562688.0,-0.7938328385353088
6537500160.0,-0.7991093397140503
6538437632.0,-0.8060774207115173
6539375104.0,-0.8127131462097168
6540312576.0,-0.8211271166801453
6541250048.0,-0.8293694853782654
6542187520.0,-0.8372839689254761
6543124992.0,-0.8441421389579773
6544062464.0,-0.8519739508628845
6544999936.0,-0.8502915501594543
6545937408.0,-0.8524734973907471
6546874880.0,-0.8553846478462219
6547812352.0,-0.8593989610671997
6548749824.0,-0.8631540536880493
6549687296.0,-0.8668762445449829
6550624768.0,-0.8717696666717529
6551562752.0,-0.8752449750900269
6552500224.0,-0.8794221878051758
6553437696.0,-0.8850265145301819
6554375168.0,-0.889240562915802
6555312640.0,-0.895137369632721
6556250112.0,-0.9017268419265747
6557187584.0,-0.9109687209129333
6558125056.0,-0.9202146530151367
6559062528.0,-0.9313762187957764
6560000000.0,-0.9415651559829712
6560937472.0,-0.9539384841918945
6561874944.0,-0.9663207530975342
6562812416.0,-0.9800008535385132
6563749888.0,-0.9933067560195923
6564687360.0,-1.0068509578704834
6565624832.0,-1.02024507522583
6566562304.0,-1.0340914726257324
6567499776.0,-1.0468025207519531
6568437248.0,-1.0609471797943115
6569375232.0,-1.0738800764083862
6570312704.0,-1.0876306295394897
6571250176.0,-1.099524736404419
6572187648.0,-1.1125236749649048
6573125120.0,-1.123730182647705
6574062592.0,-1.1339879035949707
6575000064.0,-1.1429712772369385
6575937536.0,-1.1515014171600342
6576875008.0,-1.157975673675537
6577812480.0,-1.1633846759796143
6578749952.0,-1.1664552688598633
6579687424.0,-1.1700360774993896
6580624896.0,-1.1712851524353027
6581562368.0,-1.1725736856460571
6582499840.0,-1.1731947660446167
6583437312.0,-1.1718065738677979
6584374784.0,-1.171502947807312
6585312256.0,-1.1695363521575928
6586250240.0,-1.167173147201538
6587187712.0,-1.1629835367202759
6588125184.0,-1.1588354110717773
6589062656.0,-1.1557224988937378
6590000128.0,-1.1508231163024902
6590937600.0,-1.1466068029403687
6591875072.0,-1.1434564590454102
6592812544.0,-1.1385101079940796
6593750016.0,-1.1345244646072388
6594687488.0,-1.1296672821044922
6595624960.0,-1.1261409521102905
6596562432.0,-1.1220399141311646
6597499904.0,-1.1203303337097168
6598437376.0,-1.1190640926361084
6599374848.0,-1.1159058809280396
6600312320.0,-1.1152172088623047
6601249792.0,-1.1137776374816895
6602187264.0,-1.1121164560317993
6603125248.0,-1.112677812576294
6604062720.0,-1.1130338907241821
6605000192.0,-1.111050009727478
6605937664.0,-1.1164988279342651
6606875136.0,-1.1230844259262085
6607812608.0,-1.1274869441986084
6608750080.0,-1.1322243213653564
6609687552.0,-1.1363331079483032
6610625024.0,-1.1414883136749268
6611562496.0,-1.146575927734375
6612499968.0,-1.150062918663025
6613437440.0,-1.154038667678833
6614374912.0,-1.157958984375
6615312384.0,-1.1629974842071533
6616249856.0,-1.1668623685836792
6617187328.0,-1.171120285987854
6618124800.0,-1.175390362739563
6619062272.0,-1.181492567062378
6620000256.0,-1.1873260736465454
6620937728.0,-1.1949100494384766
6621875200.0,-1.2031683921813965
6622812672.0,-1.2122198343276978
6623750144.0,-1.221793532371521
6624687616.0,-1.2329837083816528
6625625088.0,-1.2480124235153198
6626562560.0,-1.2665481567382812
6627500032.0,-1.2855225801467896
6628437504.0,-1.3044747114181519
6629374976.0,-1.3246283531188965
6630312448.0,-1.3439615964889526
6631249920.0,-1.363150954246521
6632187392.0,-1.3817123174667358
6633124864.0,-1.4014803171157837
6634062336.0,-1.421371340751648
6634999808.0,-1.441415786743164
6635937280.0,-1.4612945318222046
6636874752.0,-1.4795424938201904
6637812736.0,-1.4969151020050049
6638750208.0,-1.5154926776885986
6639687680.0,-1.5327562093734741
6640625152.0,-1.5491504669189453
6641562624.0,-1.5649722814559937
6642500096.0,-1.5796626806259155
6643437568.0,-1.59474515914917
6644375040.0,-1.6075063943862915
6645312512.0,-1.6191595792770386
6646249984.0,-1.6312406063079834
6647187456.0,-1.6382144689559937
6648124928.0,-1.6465637683868408
6649062400.0,-1.651977300643921
6649999872.0,-1.659145474433899
6650937344.0,-1.6656254529953003
6651874816.0,-1.6725801229476929
6652812288.0,-1.6781375408172607
6653749760.0,-1.6819119453430176
6654687744.0,-1.6851468086242676
6655625216.0,-1.6894855499267578
6656562688.0,-1.6915441751480103
6657500160.0,-1.6946898698806763
6658437632.0,-1.6983100175857544
6659375104.0,-1.7032521963119507
6660312576.0,-1.7094930410385132
6661250048.0,-1.7160612344741821
6662187520.0,-1.7252771854400635
6663124992.0,-1.7367558479309082
6664062464.0,-1.7476521730422974
6664999936.0,-1.7708021402359009
6665937408.0,-1.7818210124969482
6666874880.0,-1.7935162782669067
6667812352.0,-1.8061832189559937
6668749824.0,-1.819579839706421
6669687296.0,-1.8333796262741089
6670624768.0,-1.8464933633804321
6671562752.0,-1.859838843345642
6672500224.0,-1.8732905387878418
6673437696.0,-1.8850626945495605
6674375168.0,-1.8976149559020996
6675312640.0,-1.9077539443969727
6676250112.0,-1.9169145822525024
6677187584.0,-1.9229944944381714
6678125056.0,-1.9269663095474243
6679062528.0,-1.932658314704895
6680000000.0,-1.93662691116333
6680937472.0,-1.9398704767227173
6681874944.0,-1.9435062408447266
6682812416.0,-1.9466272592544556
6683749888.0,-1.948503851890564
6684687360.0,-1.9483095407485962
6685624832.0,-1.9497301578521729
6686562304.0,-1.950561761856079
6687499776.0,-1.9499934911727905
6688437248.0,-1.95126211643219
6689375232.0,-1.9544930458068848
6690312704.0,-1.9587106704711914
6691250176.0,-1.9639344215393066
6692187648.0,-1.9710344076156616
6693125120.0,-1.9779938459396362
6694062592.0,-1.9868736267089844
6695000064.0,-1.996003270149231
6695937536.0,-2.009782075881958
6696875008.0,-2.0244362354278564
6697812480.0,-2.040419340133667
6698749952.0,-2.058581829071045
6699687424.0,-2.0792782306671143
6700624896.0,-2.1019670963287354
6701562368.0,-2.1250956058502197
6702499840.0,-2.1499786376953125
6703437312.0,-2.175234794616699
6704374784.0,-2.2013587951660156
6705312256.0,-2.227403163909912
6706250240.0,-2.25399112701416
6707187712.0,-2.2794766426086426
6708125184.0,-2.305330514907837
6709062656.0,-2.3304998874664307
6710000128.0,-2.3543102741241455
6710937600.0,-2.3762879371643066
6711875072.0,-2.3952603340148926
6712812544.0,-2.411642551422119
6713750016.0,-2.4228827953338623
6714687488.0,-2.4338667392730713
6715624960.0,-2.4420485496520996
6716562432.0,-2.4483704566955566
6717499904.0,-2.4524717330932617
6718437376.0,-2.4536399841308594
6719374848.0,-2.454339027404785
6720312320.0,-2.4525692462921143
6721249792.0,-2.450136184692383
6722187264.0,-2.4470956325531006
6723125248.0,-2.4441182613372803
6724062720.0,-2.44221568107605
6725000192.0,-2.4181087017059326
6725937664.0,-2.4209578037261963
6726875136.0,-2.4253017902374268
6727812608.0,-2.430666923522949
6728750080.0,-2.4390907287597656
6729687552.0,-2.4505746364593506
6730625024.0,-2.4637253284454346
6731562496.0,-2.4786205291748047
6732499968.0,-2.4973180294036865
6733437440.0,-2.5174567699432373
6734374912.0,-2.5388412475585938
6735312384.0,-2.562854766845703
6736249856.0,-2.588331937789917
6737187328.0,-2.6164026260375977
6738124800.0,-2.645667791366577
6739062272.0,-2.6770200729370117
6739999744.0,-2.710980176925659
6740937728.0,-2.744704246520996
6741875200.0,-2.7786881923675537
6742812672.0,-2.812816619873047
6743750144.0,-2.8463449478149414
6744687616.0,-2.878628730773926
6745625088.0,-2.9118728637695312
6746562560.0,-2.9423599243164062
6747500032.0,-2.972522497177124
6748437504.0,-3.000368356704712
6749374976.0,-3.0249996185302734
6750312448.0,-3.048233985900879
6751249920.0,-3.067617654800415
6752187392.0,-3.090512752532959
6753124864.0,-3.105318546295166
6754062336.0,-3.1167654991149902
6754999808.0,-3.1250438690185547
6755937280.0,-3.129103660583496
6756874752.0,-3.1291451454162598
6757812736.0,-3.123281955718994
6758750208.0,-3.113436222076416
6759687680.0,-3.0991930961608887
6760625152.0,-3.080446481704712
6761562624.0,-3.0573441982269287
6762500096.0,-3.0297670364379883
6763437568.0,-2.9982032775878906
6764375040.0,-2.962432861328125
6765312512.0,-2.923534870147705
6766249984.0,-2.880793571472168
6767187456.0,-2.833367347717285
6768124928.0,-2.782273769378662
6769062400.0,-2.728294849395752
6769999872.0,-2.670215606689453
6770937344.0,-2.608025550842285
6771874816.0,-2.5446956157684326
6772812288.0,-2.4780771732330322
6773749760.0,-2.4126672744750977
6774687744.0,-2.346874952316284
6775625216.0,-2.2836251258850098
6776562688.0,-2.2217445373535156
6777500160.0,-2.163187026977539
6778437632.0,-2.112290143966675
6779375104.0,-2.0643982887268066
6780312576.0,-2.019188642501831
6781250048.0,-1.9769365787506104
6782187520.0,-1.9389623403549194
6783124992.0,-1.9025883674621582
6784062464.0,-1.8711127042770386
6784999936.0,-2.321075201034546
6785937408.0,-2.3030314445495605
6786874880.0,-2.284041166305542
6787812352.0,-2.267648935317993
6788749824.0,-2.2510554790496826
6789687296.0,-2.236130475997925
6790624768.0,-2.221696138381958
6791562752.0,-2.2098138332366943
6792500224.0,-2.200953722000122
6793437696.0,-2.1943435668945312
6794375168.0,-2.1909866333007812
6795312640.0,-2.1889450550079346
6796250112.0,-2.186309337615967
6797187584.0,-2.186838150024414
6798125056.0,-2.187795400619507
6799062528.0,-2.1896896362304688
6800000000.0,-2.1917507648468018
6800937472.0,-2.197399377822876
6801874944.0,-2.205005407333374
6802812416.0,-2.2140657901763916
6803749888.0,-2.228731632232666
6804687360.0,-2.245351791381836
6805624832.0,-2.2641491889953613
6806562304.0,-2.283445119857788
6807499776.0,-2.3018276691436768
6808437248.0,-2.320300817489624
6809375232.0,-2.3383865356445312
6810312704.0,-2.3569352626800537
6811250176.0,-2.374065399169922
6812187648.0,-2.3902833461761475
6813125120.0,-2.4035329818725586
6814062592.0,-2.4159255027770996
6815000064.0,-2.4262945652008057
6815937536.0,-2.436135768890381
6816875008.0,-2.4441635608673096
6817812480.0,-2.447326421737671
6818749952.0,-2.449650526046753
6819687424.0,-2.4472429752349854
6820624896.0,-2.4427945613861084
6821562368.0,-2.435030460357666
6822499840.0,-2.422532796859741
6823437312.0,-2.405193567276001
6824374784.0,-2.385639190673828
6825312256.0,-2.36195969581604
6826250240.0,-2.3337767124176025
6827187712.0,-2.304584264755249
6828125184.0,-2.271040439605713
6829062656.0,-2.233973979949951
6830000128.0,-2.1958916187286377
6830937600.0,-2.1552677154541016
6831875072.0,-2.114490032196045
6832812544.0,-2.074237585067749
6833750016.0,-2.03187894821167
6834687488.0,-1.9909260272979736
6835624960.0,-1.9496465921401978
6836562432.0,-1.9093366861343384
6837499904.0,-1.8697168827056885
6838437376.0,-1.8305736780166626
6839374848.0,-1.791437029838562
6840312320.0,-1.753649115562439
6841249792.0,-1.7181471586227417
6842187264.0,-1.6840088367462158
6843125248.0,-1.6543405055999756
6844062720.0,-1.6256237030029297
6845000192.0,-1.5220882892608643
6845937664.0,-1.4942845106124878
6846875136.0,-1.470762848854065
6847812608.0,-1.4491757154464722
6848750080.0,-1.4299904108047485
6849687552.0,-1.41334867477417
6850625024.0,-1.3985201120376587
6851562496.0,-1.3872203826904297
6852499968.0,-1.3793137073516846
6853437440.0,-1.374131202697754
6854374912.0,-1.3728997707366943
6855312384.0,-1.371939778327942
6856249856.0,-1.3750089406967163
6857187328.0,-1.3812830448150635
6858124800.0,-1.3883552551269531
6859062272.0,-1.3990012407302856
6860000256.0,-1.4111136198043823
6860937728.0,-1.4267797470092773
6861875200.0,-1.4437965154647827
6862812672.0,-1.4629998207092285
6863750144.0,-1.4816489219665527
6864687616.0,-1.5021414756774902
6865625088.0,-1.5214089155197144
6866562560.0,-1.540857195854187
6867500032.0,-1.558463215827942
6868437504.0,-1.5757217407226562
6869374976.0,-1.5911887884140015
6870312448.0,-1.607155203819275
6871249920.0,-1.6195863485336304
6872187392.0,-1.630838394165039
6873124864.0,-1.6394156217575073
6874062336.0,-1.6449530124664307
6874999808.0,-1.647201418876648
6875937280.0,-1.6480876207351685
6876874752.0,-1.6464771032333374
6877812736.0,-1.6413553953170776
6878750208.0,-1.6354577541351318
6879687680.0,-1.6266043186187744
6880625152.0,-1.613718867301941
6881562624.0,-1.6020164489746094
6882500096.0,-1.58513343334198
6883437568.0,-1.5652700662612915
6884375040.0,-1.5448060035705566
6885312512.0,-1.5206128358840942
6886249984.0,-1.4930806159973145
6887187456.0,-1.464553952217102
6888124928.0,-1.4358307123184204
6889062400.0,-1.4050545692443848
6889999872.0,-1.3735476732254028
6890937344.0,-1.343052864074707
6891874816.0,-1.3103817701339722
6892812288.0,-1.2788162231445312
6893749760.0,-1.248308539390564
6894687744.0,-1.2180869579315186
6895625216.0,-1.1881208419799805
6896562688.0,-1.1588412523269653
6897500160.0,-1.1309913396835327
6898437632.0,-1.1040409803390503
6899375104.0,-1.0792866945266724
6900312576.0,-1.055101752281189
6901250048.0,-1.0332658290863037
6902187520.0,-1.0138572454452515
6903124992.0,-0.9981763958930969
6904062464.0,-0.9835047721862793
6904999936.0,-0.9825279116630554
6905937408.0,-0.9789210557937622
6906874880.0,-0.9769911766052246
6907812352.0,-0.977812647819519
6908749824.0,-0.9779336452484131
6909687296.0,-0.9802243709564209
6910624768.0,-0.9829339385032654
6911562752.0,-0.9865220785140991
6912500224.0,-0.9912945032119751
6913437696.0,-0.995378851890564
6914375168.0,-1.000350832939148
6915312640.0,-1.0054739713668823
6916250112.0,-1.0087531805038452
6917187584.0,-1.012663722038269
6918125056.0,-1.0148574113845825
6919062528.0,-1.0152426958084106
6920000000.0,-1.0144015550613403
6920937472.0,-1.012195110321045
6921874944.0,-1.0081007480621338
6922812416.0,-1.0029025077819824
6923749888.0,-0.9952353239059448
6924687360.0,-0.9845712184906006
6925624832.0,-0.9742558598518372
6926562304.0,-0.9587286710739136
6927499776.0,-0.9445729851722717
6928437248.0,-0.9279268980026245
6929375232.0,-0.9096167087554932
6930312704.0,-0.8896100521087646
6931250176.0,-0.8692956566810608
6932187648.0,-0.8486149907112122
6933125120.0,-0.8271428346633911
6934062592.0,-0.8057535886764526
6935000064.0,-0.7826464176177979
6935937536.0,-0.760664165019989
6936875008.0,-0.7381005883216858
6937812480.0,-0.715136706829071
6938749952.0,-0.6923469305038452
6939687424.0,-0.6706686019897461
6940624896.0,-0.64875328540802
6941562368.0,-0.6315439939498901
6942499840.0,-0.6139912605285645
6943437312.0,-0.5974627733230591
6944374784.0,-0.5831348896026611
6945312256.0,-0.5704586505889893
6946250240.0,-0.5596989393234253
6947187712.0,-0.5509104132652283
6948125184.0,-0.5427095890045166
6949062656.0,-0.5385959148406982
6950000128.0,-0.5346964001655579
6950937600.0,-0.5323479771614075
6951875072.0,-0.5318942070007324
6952812544.0,-0.5312298536300659
6953750016.0,-0.533004105091095
6954687488.0,-0.5354035496711731
6955624960.0,-0.5384283661842346
6956562432.0,-0.5453715324401855
6957499904.0,-0.552743673324585
6958437376.0,-0.5615978240966797
6959374848.0,-0.5704840421676636
6960312320.0,-0.5810450911521912
6961249792.0,-0.5908393859863281
6962187264.0,-0.6010281443595886
6963125248.0,-0.6109405159950256
6964062720.0,-0.6211950778961182
6965000192.0,-0.5292249917984009
6965937664.0,-0.5377073287963867
6966875136.0,-0.5471721291542053
6967812608.0,-0.557379961013794
6968750080.0,-0.5679934024810791
6969687552.0,-0.5783904790878296
6970625024.0,-0.5888397693634033
6971562496.0,-0.5986520051956177
6972499968.0,-0.6098705530166626
6973437440.0,-0.6212253570556641
6974374912.0,-0.631536066532135
6975312384.0,-0.6421817541122437
6976249856.0,-0.6533905267715454
6977187328.0,-0.6652852296829224
6978124800.0,-0.676611602306366
6979062272.0,-0.6887616515159607
6979999744.0,-0.7025969624519348
6980937728.0,-0.7154388427734375
6981875200.0,-0.7259940505027771
6982812672.0,-0.7358638048171997
6983750144.0,-0.7447336316108704
6984687616.0,-0.7537071108818054
6985625088.0,-0.7613332271575928
6986562560.0,-0.7693995833396912
6987500032.0,-0.7757511138916016
6988437504.0,-0.7817539572715759
6989374976.0,-0.787706732749939
6990312448.0,-0.7910012006759644
6991249920.0,-0.7947466969490051
6992187392.0,-0.7962722182273865
6993124864.0,-0.7964075207710266
6994062336.0,-0.7954956889152527
6994999808.0,-0.7915148735046387
6995937280.0,-0.7877766489982605
6996874752.0,-0.7818145751953125
6997812736.0,-0.7757855653762817
6998750208.0,-0.767573893070221
6999687680.0,-0.7598442435264587
7000625152.0,-0.7495952248573303
7001562624.0,-0.7394258379936218
7002500096.0,-0.7276277542114258
7003437568.0,-0.7155479788780212
7004375040.0,-0.7037498354911804
7005312512.0,-0.6920547485351562
7006249984.0,-0.6786824464797974
7007187456.0,-0.6643017530441284
7008124928.0,-0.6458000540733337
7009062400.0,-0.6279904842376709
7009999872.0,-0.6115450263023376
7010937344.0,-0.5941172242164612
7011874816.0,-0.576476514339447
7012812288.0,-0.5598395466804504
7013749760.0,-0.5428816080093384
7014687744.0,-0.5260037779808044
7015625216.0,-0.5104899406433105
7016562688.0,-0.4945581257343292
7017500160.0,-0.48006126284599304
7018437632.0,-0.465008407831192
7019375104.0,-0.45010921359062195
7020312576.0,-0.43568485975265503
7021250048.0,-0.42206597328186035
7022187520.0,-0.4091542661190033
7023124992.0,-0.39814823865890503
7024062464.0,-0.38831618428230286
7024999936.0,-0.2956877052783966
7025937408.0,-0.29810982942581177
7026874880.0,-0.30211687088012695
7027812352.0,-0.30580443143844604
7028749824.0,-0.31115666031837463
7029687296.0,-0.31810832023620605
7030624768.0,-0.32441505789756775
7031562752.0,-0.332730770111084
7032500224.0,-0.34340324997901917
7033437696.0,-0.354634165763855
7034375168.0,-0.36639925837516785
7035312640.0,-0.3803442120552063
7036250112.0,-0.39476561546325684
7037187584.0,-0.40904054045677185
7038125056.0,-0.42347559332847595
7039062528.0,-0.43807581067085266
7040000000.0,-0.45226192474365234
7040937472.0,-0.4673078656196594
7041874944.0,-0.48252856731414795
7042812416.0,-0.4962838888168335
7043749888.0,-0.510532796382904
7044687360.0,-0.5237157344818115
7045624832.0,-0.5368634462356567
7046562304.0,-0.5491342544555664
7047499776.0,-0.5603562593460083
7048437248.0,-0.5695584416389465
7049375232.0,-0.5794270038604736
7050312704.0,-0.5879248976707458
7051250176.0,-0.5947278738021851
7052187648.0,-0.600662112236023
7053125120.0,-0.604888916015625
7054062592.0,-0.6092728972434998
7055000064.0,-0.6106734275817871
7055937536.0,-0.611779510974884
7056875008.0,-0.611112117767334
7057812480.0,-0.6098710298538208
7058749952.0,-0.6105387806892395
7059687424.0,-0.6100289225578308
7060624896.0,-0.6073998212814331
7061562368.0,-0.6048161387443542
7062499840.0,-0.6002254486083984
7063437312.0,-0.5938470959663391
7064374784.0,-0.5864444971084595
7065312256.0,-0.5766057372093201
7066250240.0,-0.567159116268158
7067187712.0,-0.5546589493751526
7068125184.0,-0.5439881086349487
7069062656.0,-0.5308321118354797
7070000128.0,-0.5174012780189514
7070937600.0,-0.5047335028648376
7071875072.0,-0.4910607635974884
7072812544.0,-0.4762021601200104
7073750016.0,-0.46165794134140015
7074687488.0,-0.4468132555484772
7075624960.0,-0.4311460256576538
7076562432.0,-0.41573387384414673
7077499904.0,-0.4003843367099762
7078437376.0,-0.38453274965286255
7079374848.0,-0.3693518340587616
7080312320.0,-0.35440248250961304
7081249792.0,-0.3383327126502991
7082187264.0,-0.323843389749527
7083125248.0,-0.3088564872741699
7084062720.0,-0.29496416449546814
7085000192.0,-0.3584544062614441
7085937664.0,-0.34835192561149597
7086875136.0,-0.33851975202560425
7087812608.0,-0.32674819231033325
7088750080.0,-0.31637829542160034
7089687552.0,-0.30689504742622375
7090625024.0,-0.29851922392845154
7091562496.0,-0.29031679034233093
7092499968.0,-0.28273922204971313
7093437440.0,-0.2777455151081085
7094374912.0,-0.27270886301994324
7095312384.0,-0.2694757282733917
7096249856.0,-0.2689845561981201
7097187328.0,-0.2667343020439148
7098124800.0,-0.2672661542892456
7099062272.0,-0.2705696225166321
7100000256.0,-0.27388203144073486
7100937728.0,-0.2804397642612457
7101875200.0,-0.2869119942188263
7102812672.0,-0.29592451453208923
7103750144.0,-0.30570605397224426
7104687616.0,-0.3170444071292877
7105625088.0,-0.33029651641845703
7106562560.0,-0.3442259132862091
7107500032.0,-0.3602524995803833
7108437504.0,-0.37774884700775146
7109374976.0,-0.39737120270729065
7110312448.0,-0.4174673557281494
7111249920.0,-0.43887755274772644
7112187392.0,-0.4605557322502136
7113124864.0,-0.483297199010849
7114062336.0,-0.505863606929779
7114999808.0,-0.5276191830635071
7115937280.0,-0.549180269241333
7116874752.0,-0.5706692337989807
7117812736.0,-0.5927730202674866
7118750208.0,-0.6137374639511108
7119687680.0,-0.6335605382919312
7120625152.0,-0.6529337167739868
7121562624.0,-0.67146897315979
7122500096.0,-0.6876475811004639
7123437568.0,-0.7033734917640686
7124375040.0,-0.7164065837860107
7125312512.0,-0.7274859547615051
7126249984.0,-0.7374384999275208
7127187456.0,-0.7438186407089233
7128124928.0,-0.7500861883163452
7129062400.0,-0.7525750994682312
7129999872.0,-0.754205048084259
7130937344.0,-0.7527669072151184
7131874816.0,-0.7502288222312927
7132812288.0,-0.745662271976471
7133749760.0,-0.7386519908905029
7134687744.0,-0.7295951843261719
7135625216.0,-0.7183900475502014
7136562688.0,-0.7072235941886902
7137500160.0,-0.6919662356376648
7138437632.0,-0.6747145652770996
7139375104.0,-0.6574041843414307
7140312576.0,-0.6388130784034729
7141250048.0,-0.619476318359375
7142187520.0,-0.5980506539344788
7143124992.0,-0.5768388509750366
7144062464.0,-0.4395177364349365
7144999936.0,-0.43778830766677856
7145937408.0,-0.43433427810668945
7146874880.0,-0.43110066652297974
7147812352.0,-0.42833247780799866
7148749824.0,-0.4261018633842468
7149687296.0,-0.42227423191070557
7150624768.0,-0.41918936371803284
7151562752.0,-0.4166123569011688
7152500224.0,-0.4167299270629883
7153437696.0,-0.416659951210022
7154375168.0,-0.4191015362739563
7155312640.0,-0.4205589294433594
7156250112.0,-0.4253285527229309
7157187584.0,-0.4308379888534546
7158125056.0,-0.4377231001853943
7159062528.0,-0.44644108414649963
7160000000.0,-0.45473945140838623
7160937472.0,-0.4610287547111511
7161874944.0,-0.4684159755706787
7162812416.0,-0.47810831665992737
7163749888.0,-0.4875074326992035
7164687360.0,-0.49803751707077026
7165624832.0,-0.5084319114685059
7166562304.0,-0.5189850926399231
7167499776.0,-0.5299271941184998
7168437248.0,-0.5397211313247681
7169375232.0,-0.5491669774055481
7170312704.0,-0.5577304363250732
7171250176.0,-0.5661385655403137
7172187648.0,-0.5724971294403076
7173125120.0,-0.5784185528755188
7174062592.0,-0.5831805467605591
7175000064.0,-0.5862619280815125
7175937536.0,-0.5865769982337952
7176875008.0,-0.5865007638931274
7177812480.0,-0.5829774141311646
7178749952.0,-0.5796248912811279
7179687424.0,-0.5750016570091248
7180624896.0,-0.5684215426445007
7181562368.0,-0.5601925253868103
7182499840.0,-0.5507954955101013
7183437312.0,-0.541237473487854
7184374784.0,-0.5288779139518738
7185312256.0,-0.515417218208313
7186250240.0,-0.4981483817100525
7187187712.0,-0.4818669259548187
7188125184.0,-0.46256107091903687
7189062656.0,-0.44300606846809387
7190000128.0,-0.42428335547447205
7190937600.0,-0.40439939498901367
7191875072.0,-0.384861558675766
7192812544.0,-0.36481812596321106
7193750016.0,-0.3465174734592438
7194687488.0,-0.32903724908828735
7195624960.0,-0.31074410676956177
7196562432.0,-0.2942339777946472
7197499904.0,-0.27788570523262024
7198437376.0,-0.2635729908943176
7199374848.0,-0.2500261664390564
7200312320.0,-0.23972907662391663
7201249792.0,-0.23060481250286102
7202187264.0,-0.22448109090328217
7203125248.0,-0.21897479891777039
7204062720.0,-0.32157689332962036
7205000192.0,-0.3339080214500427
7205937664.0,-0.3484729826450348
7206875136.0,-0.365633100271225
7207812608.0,-0.38535016775131226
7208750080.0,-0.4079737067222595
7209687552.0,-0.4326207935810089
7210625024.0,-0.46110787987709045
7211562496.0,-0.49175503849983215
7212499968.0,-0.5232645273208618
7213437440.0,-0.5561459064483643
7214374912.0,-0.5901872515678406
7215312384.0,-0.6246774792671204
7216249856.0,-0.6598600149154663
7217187328.0,-0.6949809789657593
7218124800.0,-0.7282937169075012
7219062272.0,-0.7594134211540222
7219999744.0,-0.7884823083877563
7220937728.0,-0.8149394392967224
7221875200.0,-0.8383647203445435
7222812672.0,-0.8582072257995605
7223750144.0,-0.8759158849716187
7224687616.0,-0.8874980211257935
7225625088.0,-0.8960654139518738
7226562560.0,-0.8990491032600403
7227500032.0,-0.8983927965164185
7228437504.0,-0.8938280940055847
7229374976.0,-0.884194016456604
7230312448.0,-0.8695559501647949
7231249920.0,-0.8518574237823486
7232187392.0,-0.8294578790664673
7233124864.0,-0.8036424517631531
7234062336.0,-0.7744693756103516
7234999808.0,-0.742347002029419
7235937280.0,-0.7073671221733093
7236874752.0,-0.669664204120636
7237812736.0,-0.6329103708267212
7238750208.0,-0.5927640795707703
7239687680.0,-0.5533280372619629
7240625152.0,-0.5113165974617004
7241562624.0,-0.46850019693374634
7242500096.0,-0.42581120133399963
7243437568.0,-0.383107453584671
7244375040.0,-0.3406435251235962
7245312512.0,-0.2988717555999756
7246249984.0,-0.2576139569282532
7247187456.0,-0.21914221346378326
7248124928.0,-0.18110570311546326
7249062400.0,-0.14661069214344025
7249999872.0,-0.11287777870893478
7250937344.0,-0.08251596242189407
7251874816.0,-0.056174710392951965
7252812288.0,-0.03304901346564293
7253749760.0,-0.013147532939910889
7254687744.0,0.0037040039896965027
7255625216.0,0.015928881242871284
7256562688.0,0.024874795228242874
7257500160.0,0.029486902058124542
7258437632.0,0.029304934665560722
7259375104.0,0.02542816288769245
7260312576.0,0.018256530165672302
7261250048.0,0.006013774778693914
7262187520.0,-0.0114224748685956
7263124992.0,-0.03166903182864189
7264062464.0,-0.30872005224227905
7264999936.0,-0.30498006939888
7265937408.0,-0.30385348200798035
7266874880.0,-0.30378082394599915
7267812352.0,-0.30703383684158325
7268749824.0,-0.31312596797943115
7269687296.0,-0.3208056688308716
7270624768.0,-0.3304796516895294
7271562752.0,-0.34263530373573303
7272500224.0,-0.3573988378047943
7273437696.0,-0.37251928448677063
7274375168.0,-0.3886939287185669
7275312640.0,-0.40532392263412476
7276250112.0,-0.42221692204475403
7277187584.0,-0.4391779601573944
7278125056.0,-0.4545248746871948
7279062528.0,-0.4708229601383209
7280000000.0,-0.48415645956993103
7280937472.0,-0.4978865385055542
7281874944.0,-0.5080288052558899
7282812416.0,-0.5183078646659851
7283749888.0,-0.5258985161781311
7284687360.0,-0.5310549736022949
7285624832.0,-0.5350219011306763
7286562304.0,-0.5351545214653015
7287499776.0,-0.5370967984199524
7288437248.0,-0.5379018783569336
7289375232.0,-0.5355048179626465
7290312704.0,-0.5317738652229309
7291250176.0,-0.5258713960647583
7292187648.0,-0.5164311528205872
7293125120.0,-0.5043633580207825
7294062592.0,-0.49275675415992737
7295000064.0,-0.4775668978691101
7295937536.0,-0.4612274765968323
7296875008.0,-0.4456757605075836
7297812480.0,-0.42760220170021057
7298749952.0,-0.4089864194393158
7299687424.0,-0.39231935143470764
7300624896.0,-0.3735907971858978
7301562368.0,-0.35566115379333496
7302499840.0,-0.33883237838745117
7303437312.0,-0.3222346603870392
7304374784.0,-0.3059486150741577
7305312256.0,-0.29179781675338745
7306250240.0,-0.2782571315765381
7307187712.0,-0.2657107710838318
7308125184.0,-0.2541736960411072
7309062656.0,-0.24630041420459747
7310000128.0,-0.23811909556388855
7310937600.0,-0.23235611617565155
7311875072.0,-0.2261979728937149
7312812544.0,-0.22346673905849457
7313750016.0,-0.22111015021800995
7314687488.0,-0.21910502016544342
7315624960.0,-0.2183476984500885
7316562432.0,-0.218069389462471
7317499904.0,-0.21741752326488495
7318437376.0,-0.21639208495616913
7319374848.0,-0.2141089141368866
7320312320.0,-0.21051166951656342
7321249792.0,-0.20579420030117035
7322187264.0,-0.19846707582473755
7323125248.0,-0.18987645208835602
7324062720.0,-0.33387884497642517
7325000192.0,-0.31346356868743896
7325937664.0,-0.29148203134536743
7326875136.0,-0.26638057827949524
7327812608.0,-0.23967821896076202
7328750080.0,-0.2126220315694809
7329687552.0,-0.18466249108314514
7330625024.0,-0.15732116997241974
7331562496.0,-0.13042746484279633
7332499968.0,-0.10648370534181595
7333437440.0,-0.08497932553291321
7334374912.0,-0.06824155896902084
7335312384.0,-0.05355966091156006
7336249856.0,-0.04350058361887932
7337187328.0,-0.03901763632893562
7338124800.0,-0.03695271164178848
7339062272.0,-0.03840331360697746
7340000256.0,-0.045068468898534775
7340937728.0,-0.055764175951480865
7341875200.0,-0.07136388123035431
7342812672.0,-0.09092158824205399
7343750144.0,-0.11337831616401672
7344687616.0,-0.13755035400390625
7345625088.0,-0.1631355732679367
7346562560.0,-0.1898711621761322
7347500032.0,-0.21661773324012756
7348437504.0,-0.2407110333442688
7349374976.0,-0.2630895972251892
7350312448.0,-0.2823554575443268
7351249920.0,-0.29885488748550415
7352187392.0,-0.31134024262428284
7353124864.0,-0.3182537853717804
7354062336.0,-0.3203020691871643
7354999808.0,-0.3187735974788666
7355937280.0,-0.31261035799980164
7356874752.0,-0.2999420166015625
7357812736.0,-0.28490549325942993
7358750208.0,-0.26392272114753723
7359687680.0,-0.2406904250383377
7360625152.0,-0.2131897360086441
7361562624.0,-0.18300452828407288
7362500096.0,-0.1521577090024948
7363437568.0,-0.11964218318462372
7364375040.0,-0.08553583174943924
7365312512.0,-0.05180131271481514
7366249984.0,-0.018757490441203117
7367187456.0,0.010445786640048027
7368124928.0,0.036222271621227264
7369062400.0,0.05694577097892761
7369999872.0,0.07463782280683517
7370937344.0,0.08827008306980133
7371874816.0,0.0988100990653038
7372812288.0,0.10623446106910706
7373749760.0,0.11123111099004745
7374687744.0,0.11516349017620087
7375625216.0,0.11672822386026382
7376562688.0,0.11845692247152328
7377500160.0,0.11770667135715485
7378437632.0,0.11718077212572098
7379375104.0,0.1145557388663292
7380312576.0,0.11021969467401505
7381250048.0,0.10531064867973328
7382187520.0,0.09807126969099045
7383124992.0,0.08920865505933762
7384062464.0,-0.21823838353157043
7384999936.0,-0.23608392477035522
7385937408.0,-0.2531486451625824
7386874880.0,-0.270526260137558
7387812352.0,-0.2877887785434723
7388749824.0,-0.3035159111022949
7389687296.0,-0.3178025186061859
7390624768.0,-0.3296356797218323
7391562752.0,-0.33967238664627075
7392500224.0,-0.34758785367012024
7393437696.0,-0.35091009736061096
7394375168.0,-0.3510003387928009
7395312640.0,-0.34846192598342896
7396250112.0,-0.3414435088634491
7397187584.0,-0.33141812682151794
7398125056.0,-0.31690713763237
7399062528.0,-0.30000361800193787
7400000000.0,-0.27963846921920776
7400937472.0,-0.2554623484611511
7401874944.0,-0.22778242826461792
7402812416.0,-0.19854538142681122
7403749888.0,-0.1669098436832428
7404687360.0,-0.1346154808998108
7405624832.0,-0.09935779124498367
7406562304.0,-0.06447473913431168
7407499776.0,-0.027877282351255417
7408437248.0,0.008240639232099056
7409375232.0,0.044465452432632446
7410312704.0,0.07977110147476196
7411250176.0,0.11361080408096313
7412187648.0,0.14656107127666473
7413125120.0,0.17747537791728973
7414062592.0,0.20691953599452972
7415000064.0,0.23250766098499298
7415937536.0,0.2557820975780487
7416875008.0,0.2765609622001648
7417812480.0,0.29251623153686523
7418749952.0,0.30702778697013855
7419687424.0,0.3174968957901001
7420624896.0,0.32367271184921265
7421562368.0,0.3259133994579315
7422499840.0,0.3241962194442749
7423437312.0,0.32070961594581604
7424374784.0,0.31182801723480225
7425312256.0,0.30056852102279663
7426250240.0,0.2854013741016388
7427187712.0,0.26695874333381653
7428125184.0,0.24682165682315826
7429062656.0,0.22287091612815857
7430000128.0,0.1969074010848999
7430937600.0,0.16844788193702698
7431875072.0,0.1401888132095337
7432812544.0,0.1091919094324112
7433750016.0,0.07836930453777313
7434687488.0,0.046404968947172165
7435624960.0,0.014461304992437363
7436562432.0,-0.017681902274489403
7437499904.0,-0.04823894798755646
7438437376.0,-0.07840663939714432
7439374848.0,-0.10801909863948822
7440312320.0,-0.13796460628509521
7441249792.0,-0.16666844487190247
7442187264.0,-0.19378380477428436
7443125248.0,-0.21940340101718903
7444062720.0,0.02902287058532238
7445000192.0,0.013750454410910606
7445937664.0,-0.0019736820831894875
7446875136.0,-0.018738476559519768
7447812608.0,-0.03536422550678253
7448750080.0,-0.05165432021021843
7449687552.0,-0.0682540014386177
7450625024.0,-0.08274326473474503
7451562496.0,-0.09726200997829437
7452499968.0,-0.1099311038851738
7453437440.0,-0.12024631351232529
7454374912.0,-0.1284422129392624
7455312384.0,-0.1360723078250885
7456249856.0,-0.1406913548707962
7457187328.0,-0.14280740916728973
7458124800.0,-0.14419883489608765
7459062272.0,-0.14054058492183685
7459999744.0,-0.13726308941841125
7460937728.0,-0.13226397335529327
7461875200.0,-0.1252831369638443
7462812672.0,-0.11559481173753738
7463750144.0,-0.10559622943401337
7464687616.0,-0.09528651088476181
7465625088.0,-0.08556555211544037
7466562560.0,-0.0763971209526062
7467500032.0,-0.0678175762295723
7468437504.0,-0.05995674058794975
7469374976.0,-0.05147028714418411
7470312448.0,-0.044457584619522095
7471249920.0,-0.0383865125477314
7472187392.0,-0.034433797001838684
7473124864.0,-0.030438905581831932
7474062336.0,-0.028174491599202156
7474999808.0,-0.02665739320218563
7475937280.0,-0.02784096449613571
7476874752.0,-0.029791785404086113
7477812736.0,-0.034041956067085266
7478750208.0,-0.03949902951717377
7479687680.0,-0.04736427590250969
7480625152.0,-0.05539904162287712
7481562624.0,-0.06505119055509567
7482500096.0,-0.0755121186375618
7483437568.0,-0.08671679347753525
7484375040.0,-0.09836072474718094
7485312512.0,-0.10964003950357437
7486249984.0,-0.12194585055112839
7487187456.0,-0.13443228602409363
7488124928.0,-0.14510801434516907
7489062400.0,-0.15444037318229675
7489999872.0,-0.16343273222446442
7490937344.0,-0.17129148542881012
7491874816.0,-0.1753455102443695
7492812288.0,-0.17923490703105927
7493749760.0,-0.17877836525440216
7494687744.0,-0.17874784767627716
7495625216.0,-0.17541609704494476
7496562688.0,-0.171170175075531
7497500160.0,-0.16589726507663727
7498437632.0,-0.1581946313381195
7499375104.0,-0.14895832538604736
7500312576.0,-0.13885490596294403
7501250048.0,-0.12786301970481873
7502187520.0,-0.11764319986104965
7503124992.0,-0.10663629323244095
7504062464.0,-0.0970165878534317
7504999936.0,-0.07067140191793442
7505937408.0,-0.04744245484471321
7506874880.0,-0.02807549573481083
7507812352.0,-0.011620242148637772
7508749824.0,0.0019098393386229873
7509687296.0,0.011156750842928886
7510624768.0,0.01613279990851879
7511562752.0,0.017270267009735107
7512500224.0,0.013186543248593807
7513437696.0,0.007628683000802994
7514375168.0,-0.0013631373876705766
7515312640.0,-0.013130337931215763
7516250112.0,-0.027974426746368408
7517187584.0,-0.040637820959091187
7518125056.0,-0.05520225688815117
7519062528.0,-0.07106282562017441
7520000000.0,-0.0863051638007164
7520937472.0,-0.10037440806627274
7521874944.0,-0.11421476304531097
7522812416.0,-0.12607921659946442
7523749888.0,-0.13554538786411285
7524687360.0,-0.14394763112068176
7525624832.0,-0.14855672419071198
7526562304.0,-0.1502419114112854
7527499776.0,-0.14866550266742706
7528437248.0,-0.1451767385005951
7529375232.0,-0.13847440481185913
7530312704.0,-0.13068099319934845
7531250176.0,-0.11935967206954956
7532187648.0,-0.10738930851221085
7533125120.0,-0.09493085741996765
7534062592.0,-0.07904202491044998
7535000064.0,-0.0655040368437767
7535937536.0,-0.051773615181446075
7536875008.0,-0.038642603904008865
7537812480.0,-0.027013301849365234
7538749952.0,-0.016867389902472496
7539687424.0,-0.011503474786877632
7540624896.0,-0.006685227621346712
7541562368.0,-0.0065556359477341175
7542499840.0,-0.00922571774572134
7543437312.0,-0.016554011031985283
7544374784.0,-0.027053575962781906
7545312256.0,-0.04215759038925171
7546250240.0,-0.0616491325199604
7547187712.0,-0.0845380499958992
7548125184.0,-0.10991828888654709
7549062656.0,-0.1385054886341095
7550000128.0,-0.16858403384685516
7550937600.0,-0.19823965430259705
7551875072.0,-0.22876639664173126
7552812544.0,-0.2567124664783478
7553750016.0,-0.2839829921722412
7554687488.0,-0.30689865350723267
7555624960.0,-0.32777827978134155
7556562432.0,-0.3467561602592468
7557499904.0,-0.3624061644077301
7558437376.0,-0.37777090072631836
7559374848.0,-0.39326217770576477
7560312320.0,-0.40507689118385315
7561249792.0,-0.4168262779712677
7562187264.0,-0.4293116629123688
7563125248.0,-0.4420328438282013
7564062720.0,-0.4503253698348999
7565000192.0,-0.4361995458602905
7565937664.0,-0.4202829897403717
7566875136.0,-0.40255555510520935
7567812608.0,-0.38153794407844543
7568750080.0,-0.3578493297100067
7569687552.0,-0.33220967650413513
7570625024.0,-0.30627790093421936
7571562496.0,-0.27841243147850037
7572499968.0,-0.2509177029132843
7573437440.0,-0.22179032862186432
7574374912.0,-0.19327682256698608
7575312384.0,-0.1651405692100525
7576249856.0,-0.13593235611915588
7577187328.0,-0.10869839042425156
7578124800.0,-0.08376016467809677
7579062272.0,-0.058306410908699036
7580000256.0,-0.03548026457428932
7580937728.0,-0.01390851940959692
7581875200.0,0.005743281915783882
7582812672.0,0.02284356951713562
7583750144.0,0.038651321083307266
7584687616.0,0.05072449520230293
7585625088.0,0.06263796985149384
7586562560.0,0.07135213166475296
7587500032.0,0.07668288052082062
7588437504.0,0.07985151559114456
7589374976.0,0.07999566942453384
7590312448.0,0.07935300469398499
7591249920.0,0.07535306364297867
7592187392.0,0.06875566393136978
7593124864.0,0.06089126691222191
7594062336.0,0.05183519795536995
7594999808.0,0.040646884590387344
7595937280.0,0.028756076470017433
7596874752.0,0.015580649487674236
7597812736.0,0.0002671272086445242
7598750208.0,-0.015975890681147575
7599687680.0,-0.03290293365716934
7600625152.0,-0.049997396767139435
7601562624.0,-0.06742650270462036
7602500096.0,-0.08587615191936493
7603437568.0,-0.10341214388608932
7604375040.0,-0.12114547938108444
7605312512.0,-0.1392044723033905
7606249984.0,-0.15471695363521576
7607187456.0,-0.1702667772769928
7608124928.0,-0.18486648797988892
7609062400.0,-0.19781537353992462
7609999872.0,-0.21058151125907898
7610937344.0,-0.22190561890602112
7611874816.0,-0.23175254464149475
7612812288.0,-0.2401532083749771
7613749760.0,-0.2467084378004074
7614687744.0,-0.2543427050113678
7615625216.0,-0.2575330436229706
7616562688.0,-0.2597287595272064
7617500160.0,-0.26191046833992004
7618437632.0,-0.26556745171546936
7619375104.0,-0.26961660385131836
7620312576.0,-0.2742771804332733
7621250048.0,-0.2785305380821228
7622187520.0,-0.2808836102485657
7623124992.0,-0.2849993109703064
7624062464.0,-0.2833096385002136
7624999936.0,-0.28994524478912354
7625937408.0,-0.29365652799606323
7626874880.0,-0.2969060242176056
7627812352.0,-0.2987174689769745
7628749824.0,-0.29684725403785706
7629687296.0,-0.29325443506240845
7630624768.0,-0.2873643636703491
7631562752.0,-0.2806248366832733
7632500224.0,-0.2712889611721039
7633437696.0,-0.2627362608909607
7634375168.0,-0.2522319555282593
7635312640.0,-0.24106737971305847
7636250112.0,-0.22916556894779205
7637187584.0,-0.21581044793128967
7638125056.0,-0.20270705223083496
7639062528.0,-0.19031378626823425
7640000000.0,-0.1774442493915558
7640937472.0,-0.16563105583190918
7641874944.0,-0.1542605310678482
7642812416.0,-0.14284783601760864
7643749888.0,-0.13388767838478088
7644687360.0,-0.12919127941131592
7645624832.0,-0.12488900870084763
7646562304.0,-0.12251372635364532
7647499776.0,-0.11958110332489014
7648437248.0,-0.11864230781793594
7649375232.0,-0.12044316530227661
7650312704.0,-0.12212315201759338
7651250176.0,-0.12485205382108688
7652187648.0,-0.12839531898498535
7653125120.0,-0.1335730105638504
7654062592.0,-0.13905860483646393
7655000064.0,-0.145353302359581
7655937536.0,-0.15274584293365479
7656875008.0,-0.1600649505853653
7657812480.0,-0.16854198276996613
7658749952.0,-0.17703399062156677
7659687424.0,-0.18587425351142883
7660624896.0,-0.19344529509544373
7661562368.0,-0.20175881683826447
7662499840.0,-0.20941820740699768
7663437312.0,-0.21608728170394897
7664374784.0,-0.22374220192432404
7665312256.0,-0.2298746556043625
7666250240.0,-0.23454535007476807
7667187712.0,-0.2402852475643158
7668125184.0,-0.2440810352563858
7669062656.0,-0.24476125836372375
7670000128.0,-0.24625486135482788
7670937600.0,-0.2449127435684204
7671875072.0,-0.24351266026496887
7672812544.0,-0.24107196927070618
7673750016.0,-0.2379658818244934
7674687488.0,-0.2325146347284317
7675624960.0,-0.22709566354751587
7676562432.0,-0.22141483426094055
7677499904.0,-0.21324293315410614
7678437376.0,-0.20503409206867218
7679374848.0,-0.19714590907096863
7680312320.0,-0.18752264976501465
7681249792.0,-0.17726850509643555
7682187264.0,-0.16817767918109894
7683125248.0,-0.15891806781291962
7684062720.0,0.07295055687427521
7685000192.0,0.0871390551328659
7685937664.0,0.09879667311906815
7686875136.0,0.107099749147892
7687812608.0,0.11524742841720581
7688750080.0,0.11879144608974457
7689687552.0,0.12044821679592133
7690625024.0,0.119108185172081
7691562496.0,0.11562629789113998
7692499968.0,0.10924441367387772
7693437440.0,0.10004832595586777
7694374912.0,0.08843927085399628
7695312384.0,0.074480801820755
7696249856.0,0.057774677872657776
7697187328.0,0.039069242775440216
7698124800.0,0.018742920830845833
7699062272.0,-0.0027293465100228786
7699999744.0,-0.02620983123779297
7700937728.0,-0.05006730929017067
7701875200.0,-0.0743178278207779
7702812672.0,-0.09855221211910248
7703750144.0,-0.12250777333974838
7704687616.0,-0.146283358335495
7705625088.0,-0.1685759723186493
7706562560.0,-0.19005097448825836
7707500032.0,-0.21023619174957275
7708437504.0,-0.2285553216934204
7709374976.0,-0.24692416191101074
7710312448.0,-0.2615271210670471
7711249920.0,-0.2749629318714142
7712187392.0,-0.2878447473049164
7713124864.0,-0.297325998544693
7714062336.0,-0.3058120012283325
7714999808.0,-0.3120591342449188
7715937280.0,-0.31640779972076416
7716874752.0,-0.3182958960533142
7717812736.0,-0.3192732334136963
7718750208.0,-0.31875917315483093
7719687680.0,-0.31736236810684204
7720625152.0,-0.3132532238960266
7721562624.0,-0.30858492851257324
7722500096.0,-0.30060291290283203
7723437568.0,-0.2957000434398651
7724375040.0,-0.28784704208374023
7725312512.0,-0.2807127833366394
7726249984.0,-0.2727707624435425
7727187456.0,-0.26467907428741455
7728124928.0,-0.2578284442424774
7729062400.0,-0.25111255049705505
7729999872.0,-0.24411514401435852
7730937344.0,-0.23718275129795074
7731874816.0,-0.2308221012353897
7732812288.0,-0.22539663314819336
7733749760.0,-0.2208033800125122
7734687744.0,-0.2169940024614334
7735625216.0,-0.21344909071922302
7736562688.0,-0.20994816720485687
7737500160.0,-0.20823761820793152
7738437632.0,-0.20693744719028473
7739375104.0,-0.2061692476272583
7740312576.0,-0.20787082612514496
7741250048.0,-0.20925702154636383
7742187520.0,-0.21251742541790009
7743124992.0,-0.21484971046447754
7744062464.0,-0.20157615840435028
7744999936.0,-0.16439345479011536
7745937408.0,-0.12526708841323853
7746874880.0,-0.08489576727151871
7747812352.0,-0.043498847633600235
7748749824.0,-0.0049062082543969154
7749687296.0,0.03233439847826958
7750624768.0,0.06687363982200623
7751562752.0,0.09844315052032471
7752500224.0,0.12816916406154633
7753437696.0,0.15466193854808807
7754375168.0,0.1767033040523529
7755312640.0,0.19745369255542755
7756250112.0,0.2129288911819458
7757187584.0,0.2249925285577774
7758125056.0,0.2331586480140686
7759062528.0,0.23860523104667664
7760000000.0,0.23968639969825745
7760937472.0,0.23855429887771606
7761874944.0,0.2335302233695984
7762812416.0,0.2257000356912613
7763749888.0,0.21615329384803772
7764687360.0,0.204374298453331
7765624832.0,0.18951614201068878
7766562304.0,0.17435552179813385
7767499776.0,0.15741859376430511
7768437248.0,0.13854622840881348
7769375232.0,0.11843595653772354
7770312704.0,0.09730035811662674
7771250176.0,0.07661247998476028
7772187648.0,0.05695808678865433
7773125120.0,0.03684588894248009
7774062592.0,0.015705471858382225
7775000064.0,-0.005458314437419176
7775937536.0,-0.024345727637410164
7776875008.0,-0.04267062991857529
7777812480.0,-0.06156560406088829
7778749952.0,-0.08047511428594589
7779687424.0,-0.09690095484256744
7780624896.0,-0.11275898665189743
7781562368.0,-0.12932448089122772
7782499840.0,-0.1426565796136856
7783437312.0,-0.15740275382995605
7784374784.0,-0.1708943247795105
7785312256.0,-0.182917520403862
7786250240.0,-0.1946788877248764
7787187712.0,-0.20499776303768158
7788125184.0,-0.2147367000579834
7789062656.0,-0.22339174151420593
7790000128.0,-0.2324575036764145
7790937600.0,-0.24006231129169464
7791875072.0,-0.24689429998397827
7792812544.0,-0.2536769509315491
7793750016.0,-0.25941044092178345
7794687488.0,-0.26478102803230286
7795624960.0,-0.26966017484664917
7796562432.0,-0.2737790644168854
7797499904.0,-0.28039881587028503
7798437376.0,-0.28679341077804565
7799374848.0,-0.29202520847320557
7800312320.0,-0.29482918977737427
7801249792.0,-0.2965383529663086
7802187264.0,-0.2979743182659149
7803125248.0,-0.2958037257194519
7804062720.0,-0.2788664996623993
7805000192.0,-0.26999515295028687
7805937664.0,-0.2610744833946228
7806875136.0,-0.2512652575969696
7807812608.0,-0.2389591932296753
7808750080.0,-0.22629320621490479
7809687552.0,-0.21310429275035858
7810625024.0,-0.1978108286857605
7811562496.0,-0.1847532093524933
7812499968.0,-0.16967006027698517
7813437440.0,-0.15387746691703796
7814374912.0,-0.13725508749485016
7815312384.0,-0.12087074667215347
7816249856.0,-0.10471168160438538
7817187328.0,-0.08693423867225647
7818124800.0,-0.06909498572349548
7819062272.0,-0.05311314016580582
7820000256.0,-0.03691698610782623
7820937728.0,-0.021802715957164764
7821875200.0,-0.006541823502629995
7822812672.0,0.005193089134991169
7823750144.0,0.015132005326449871
7824687616.0,0.024650229141116142
7825625088.0,0.034996148198843
7826562560.0,0.04245300963521004
7827500032.0,0.05034300684928894
7828437504.0,0.05707365274429321
7829374976.0,0.06294508278369904
7830312448.0,0.06896485388278961
7831249920.0,0.07366788387298584
7832187392.0,0.07698266953229904
7833124864.0,0.08055426180362701
7834062336.0,0.08381909132003784
7834999808.0,0.08549961447715759
7835937280.0,0.08892779052257538
7836874752.0,0.09141519665718079
7837812736.0,0.09203509241342545
7838750208.0,0.09232363104820251
7839687680.0,0.0941033884882927
7840625152.0,0.09405204653739929
7841562624.0,0.09364374727010727
7842500096.0,0.09379404038190842
7843437568.0,0.0945357084274292
7844375040.0,0.09311126917600632
7845312512.0,0.09253056347370148
7846249984.0,0.09078266471624374
7847187456.0,0.08887004852294922
7848124928.0,0.0845646858215332
7849062400.0,0.07994575798511505
7849999872.0,0.0758068710565567
7850937344.0,0.07035394757986069
7851874816.0,0.06450893729925156
7852812288.0,0.05799087882041931
7853749760.0,0.05260796844959259
7854687744.0,0.04434193670749664
7855625216.0,0.036269865930080414
7856562688.0,0.0279253963381052
7857500160.0,0.018127990886569023
7858437632.0,0.00856047309935093
7859375104.0,-0.0019540877547115088
7860312576.0,-0.01292987260967493
7861250048.0,-0.023230567574501038
7862187520.0,-0.034238871186971664
7863124992.0,-0.04555482789874077
7864062464.0,0.05120100453495979
7864999936.0,0.04289281740784645
7865937408.0,0.033281102776527405
7866874880.0,0.025047510862350464
7867812352.0,0.018209684640169144
7868749824.0,0.011504068970680237
7869687296.0,0.0056442562490701675
7870624768.0,-0.0004551624588202685
7871562752.0,-0.005116560030728579
7872500224.0,-0.008690414018929005
7873437696.0,-0.015950918197631836
7874375168.0,-0.021589791402220726
7875312640.0,-0.02881772257387638
7876250112.0,-0.03706197440624237
7877187584.0,-0.04423670470714569
7878125056.0,-0.053834468126297
7879062528.0,-0.06114750728011131
7880000000.0,-0.07053910940885544
7880937472.0,-0.08150853961706161
7881874944.0,-0.09296824038028717
7882812416.0,-0.10536549985408783
7883749888.0,-0.11949028819799423
7884687360.0,-0.13491688668727875
7885624832.0,-0.15221628546714783
7886562304.0,-0.17133010923862457
7887499776.0,-0.19091935455799103
7888437248.0,-0.21298131346702576
7889375232.0,-0.23557578027248383
7890312704.0,-0.25921034812927246
7891250176.0,-0.28397366404533386
7892187648.0,-0.3086478114128113
7893125120.0,-0.33426475524902344
7894062592.0,-0.36072421073913574
7895000064.0,-0.385455846786499
7895937536.0,-0.4086613059043884
7896875008.0,-0.4299640655517578
7897812480.0,-0.4525872468948364
7898749952.0,-0.4700281023979187
7899687424.0,-0.48689350485801697
7900624896.0,-0.4995878040790558
7901562368.0,-0.5096346139907837
7902499840.0,-0.5184285044670105
7903437312.0,-0.5236472487449646
7904374784.0,-0.5250781178474426
7905312256.0,-0.5245428681373596
7906250240.0,-0.5207846760749817
7907187712.0,-0.5134379863739014
7908125184.0,-0.5027101635932922
7909062656.0,-0.49115151166915894
7910000128.0,-0.47605711221694946
7910937600.0,-0.45713406801223755
7911875072.0,-0.43625128269195557
7912812544.0,-0.41331949830055237
7913750016.0,-0.3887345492839813
7914687488.0,-0.36238232254981995
7915624960.0,-0.33443623781204224
7916562432.0,-0.3061246871948242
7917499904.0,-0.27637866139411926
7918437376.0,-0.24527941644191742
7919374848.0,-0.21394671499729156
7920312320.0,-0.1831759363412857
7921249792.0,-0.15414880216121674
7922187264.0,-0.1232120469212532
7923125248.0,-0.09535284340381622
7924062720.0,0.055481038987636566
7925000192.0,0.07912560552358627
7925937664.0,0.09905742853879929
7926875136.0,0.11791815608739853
7927812608.0,0.13236334919929504
7928750080.0,0.1454232931137085
7929687552.0,0.1559552550315857
7930625024.0,0.16386175155639648
7931562496.0,0.1693796068429947
7932499968.0,0.17203474044799805
7933437440.0,0.171913743019104
7934374912.0,0.17035959661006927
7935312384.0,0.16723357141017914
7936249856.0,0.15933483839035034
7937187328.0,0.15215691924095154
7938124800.0,0.1414719521999359
7939062272.0,0.13009896874427795
7939999744.0,0.11719657480716705
7940937728.0,0.10264986753463745
7941875200.0,0.08717362582683563
7942812672.0,0.0697353407740593
7943750144.0,0.05167919024825096
7944687616.0,0.03273314982652664
7945625088.0,0.010818163864314556
7946562560.0,-0.008759751915931702
7947500032.0,-0.031939588487148285
7948437504.0,-0.05564485862851143
7949374976.0,-0.07835384458303452
7950312448.0,-0.09905008226633072
7951249920.0,-0.12041886895895004
7952187392.0,-0.14218080043792725
7953124864.0,-0.1649000346660614
7954062336.0,-0.1866750866174698
7954999808.0,-0.20886223018169403
7955937280.0,-0.23228810727596283
7956874752.0,-0.2539471387863159
7957812736.0,-0.27685511112213135
7958750208.0,-0.2989320456981659
7959687680.0,-0.3200719654560089
7960625152.0,-0.340496301651001
7961562624.0,-0.3610984981060028
7962500096.0,-0.3804134726524353
7963437568.0,-0.39945709705352783
7964375040.0,-0.416949063539505
7965312512.0,-0.43361952900886536
7966249984.0,-0.4487685263156891
7967187456.0,-0.4625649154186249
7968124928.0,-0.47620752453804016
7969062400.0,-0.4882449209690094
7969999872.0,-0.49841782450675964
7970937344.0,-0.5079579949378967
7971874816.0,-0.5135867595672607
7972812288.0,-0.5186296105384827
7973749760.0,-0.5222629308700562
7974687744.0,-0.522404134273529
7975625216.0,-0.5226497054100037
7976562688.0,-0.5203484296798706
7977500160.0,-0.515900731086731
7978437632.0,-0.5091550946235657
7979375104.0,-0.4995853006839752
7980312576.0,-0.4874362647533417
7981250048.0,-0.4739299714565277
7982187520.0,-0.4578409194946289
7983124992.0,-0.4396880567073822
7984062464.0,-0.41718655824661255
7984999936.0,-0.40271222591400146
7985937408.0,-0.38787558674812317
7986874880.0,-0.3705388605594635
7987812352.0,-0.35228824615478516
7988749824.0,-0.3343172073364258
7989687296.0,-0.31405937671661377
7990624768.0,-0.2941405773162842
7991562752.0,-0.27289342880249023
7992500224.0,-0.2525303363800049
7993437696.0,-0.23072165250778198
7994375168.0,-0.20984362065792084
7995312640.0,-0.1895143687725067
7996250112.0,-0.168596088886261
7997187584.0,-0.14874953031539917
7998125056.0,-0.12957701086997986
7999062528.0,-0.11139237880706787
8000000000.0,-0.09123536944389343
