Frequency (Hz),Measurement
2000000000.0,0.14208292961120605
2000937472.0,0.13497093319892883
2001874944.0,0.13164380192756653
2002812544.0,0.12764586508274078
2003750016.0,0.12293194979429245
2004687488.0,0.11819315701723099
2005624960.0,0.11332504451274872
2006562560.0,0.10914526134729385
2007500032.0,0.10356185585260391
2008437504.0,0.09834328293800354
2009374976.0,0.09330352395772934
2010312448.0,0.0873069241642952
2011250048.0,0.08209741115570068
2012187520.0,0.07546468824148178
2013124992.0,0.06923386454582214
2014062464.0,0.06323317438364029
2015000064.0,0.05780160427093506
2015937536.0,0.05164958909153938
2016875008.0,0.04568576067686081
2017812480.0,0.03932276740670204
2018749952.0,0.034811701625585556
2019687552.0,0.02894730307161808
2020625024.0,0.025128817185759544
2021562496.0,0.02106957696378231
2022499968.0,0.017028875648975372
2023437440.0,0.014620824716985226
2024375040.0,0.01205664686858654
2025312512.0,0.010168883949518204
2026249984.0,0.00949578732252121
2027187456.0,0.008987702429294586
2028125056.0,0.0099191814661026
2029062528.0,0.011032004840672016
2030000000.0,0.012464173138141632
2030937472.0,0.015297431498765945
2031874944.0,0.01943283900618553
2032812544.0,0.024027856066823006
2033750016.0,0.02939939871430397
2034687488.0,0.03501283377408981
2035624960.0,0.04207950457930565
2036562560.0,0.048302918672561646
2037500032.0,0.05627083405852318
2038437504.0,0.06361899524927139
2039374976.0,0.07253597676753998
2040312448.0,0.08109646290540695
2041250048.0,0.08908046036958694
2042187520.0,0.0977187305688858
2043124992.0,0.10525573045015335
2044062464.0,0.11213423311710358
2044999936.0,0.11925022304058075
2045937536.0,0.1248282939195633
2046875008.0,0.1306665539741516
2047812480.0,0.1349203884601593
2048749952.0,0.1440580189228058
2049687552.0,0.1391344964504242
2050625024.0,0.1340322047472
2051562496.0,0.12822681665420532
2052499968.0,0.12237581610679626
2053437440.0,0.11549977213144302
2054375040.0,0.10879606008529663
2055312512.0,0.10177203267812729
2056249984.0,0.09397232532501221
2057187456.0,0.08633417636156082
2058125056.0,0.07975451648235321
2059062528.0,0.07224845141172409
2060000000.0,0.06490319222211838
2060937472.0,0.05865088477730751
2061874944.0,0.051781874150037766
2062812544.0,0.046457480639219284
2063750016.0,0.03998635336756706
2064687488.0,0.03409767523407936
2065624960.0,0.029540007933974266
2066562560.0,0.02429409883916378
2067500032.0,0.019316142424941063
2068437504.0,0.015353572554886341
2069374976.0,0.011693964712321758
2070312448.0,0.008927433751523495
2071250048.0,0.005660263821482658
2072187520.0,0.0026356494054198265
2073124992.0,9.651846630731598e-05
2074062464.0,-0.0010391967371106148
2075000064.0,-0.003115219296887517
2075937536.0,-0.004645900335162878
2076875008.0,-0.006293509621173143
2077812480.0,-0.006757814437150955
2078749952.0,-0.007075702305883169
2079687552.0,-0.006705430801957846
2080625024.0,-0.005822823382914066
2081562496.0,-0.004416000563651323
2082499968.0,-0.003325300058349967
2083437440.0,-0.0019982103258371353
2084375040.0,0.0006588664837181568
2085312512.0,0.0031627328135073185
2086249984.0,0.006670578848570585
2087187456.0,0.010224975645542145
2088125056.0,0.015201796777546406
2089062528.0,0.02029675617814064
2090000000.0,0.025675930082798004
2090937472.0,0.03247461095452309
2091874944.0,0.03857041150331497
2092812544.0,0.04677760601043701
2093750016.0,0.05439053475856781
2094687488.0,0.06292779743671417
2095624960.0,0.0723455622792244
2096562560.0,0.0823831856250763
2097500032.0,0.09316948056221008
2098437504.0,0.10429313033819199
2099374976.0,0.11516492813825607
2100312448.0,0.1275593787431717
2101250048.0,0.14019903540611267
2102187520.0,0.15338100492954254
2103124992.0,0.16629348695278168
2104062464.0,0.17986831068992615
2104999936.0,0.19376084208488464
2105937536.0,0.20641064643859863
2106875008.0,0.22015877068042755
2107812480.0,0.23211774230003357
2108749952.0,0.2708834707736969
2109687552.0,0.27957871556282043
2110625024.0,0.2876890301704407
2111562496.0,0.2949921786785126
2112499968.0,0.30067935585975647
2113437440.0,0.30552512407302856
2114375040.0,0.30811429023742676
2115312512.0,0.3084065914154053
2116249984.0,0.3071921467781067
2117187456.0,0.3026261329650879
2118125056.0,0.296391099691391
2119062528.0,0.28630608320236206
2120000000.0,0.2739892303943634
2120937472.0,0.258506715297699
2121874944.0,0.23986397683620453
2122812544.0,0.2197902947664261
2123750016.0,0.1964370161294937
2124687488.0,0.1707877516746521
2125624960.0,0.14579179883003235
2126562560.0,0.117561474442482
2127500032.0,0.0913839265704155
2128437504.0,0.06395940482616425
2129374976.0,0.037004660815000534
2130312448.0,0.011438356712460518
2131250048.0,-0.013286764733493328
2132187520.0,-0.03576928749680519
2133124992.0,-0.05535631254315376
2134062464.0,-0.07302309572696686
2135000064.0,-0.08793602883815765
2135937536.0,-0.10008471459150314
2136875008.0,-0.11005672812461853
2137812480.0,-0.11589569598436356
2138749952.0,-0.11977492272853851
2139687552.0,-0.12018786370754242
2140625024.0,-0.11898348480463028
2141562496.0,-0.11453167349100113
2142499968.0,-0.10850751399993896
2143437440.0,-0.09958812594413757
2144375040.0,-0.08978629112243652
2145312512.0,-0.07766732573509216
2146249984.0,-0.06479478627443314
2147187456.0,-0.050522372126579285
2148124928.0,-0.036831144243478775
2149062400.0,-0.02149449661374092
2150000128.0,-0.006786523852497339
2150937600.0,0.007160722278058529
2151875072.0,0.022338178008794785
2152812544.0,0.03596922755241394
2153750016.0,0.04980345442891121
2154687488.0,0.06220513954758644
2155624960.0,0.07472257316112518
2156562432.0,0.08576028048992157
2157499904.0,0.09702589362859726
2158437376.0,0.10702615976333618
2159375104.0,0.11655853688716888
2160312576.0,0.12590552866458893
2161250048.0,0.13577136397361755
2162187520.0,0.14432211220264435
2163124992.0,0.15299534797668457
2164062464.0,0.16188551485538483
2164999936.0,0.1706913560628891
2165937408.0,0.17885449528694153
2166874880.0,0.18737633526325226
2167812608.0,0.19562099874019623
2168750080.0,0.22093461453914642
2169687552.0,0.2319324016571045
2170625024.0,0.2429327517747879
2171562496.0,0.2540760040283203
2172499968.0,0.2651262879371643
2173437440.0,0.27449488639831543
2174374912.0,0.28359439969062805
2175312384.0,0.2916214168071747
2176250112.0,0.2979712188243866
2177187584.0,0.3036542236804962
2178125056.0,0.30728328227996826
2179062528.0,0.30868661403656006
2180000000.0,0.30805492401123047
2180937472.0,0.30633336305618286
2181874944.0,0.30255866050720215
2182812416.0,0.29648107290267944
2183749888.0,0.2876761257648468
2184687616.0,0.27650052309036255
2185625088.0,0.26474425196647644
2186562560.0,0.2500975728034973
2187500032.0,0.2341427356004715
2188437504.0,0.21562975645065308
2189374976.0,0.1975693553686142
2190312448.0,0.1783389300107956
2191249920.0,0.15750887989997864
2192187392.0,0.13614676892757416
2193125120.0,0.11463049054145813
2194062592.0,0.09431402385234833
2195000064.0,0.07384073734283447
2195937536.0,0.053489189594984055
2196875008.0,0.034789688885211945
2197812480.0,0.017520302906632423
2198749952.0,-0.00013883723295293748
2199687424.0,-0.014601130038499832
2200624896.0,-0.027477415278553963
2201562624.0,-0.03860701993107796
2202500096.0,-0.048076074570417404
2203437568.0,-0.054703548550605774
2204375040.0,-0.05915725976228714
2205312512.0,-0.06140376627445221
2206249984.0,-0.06140613183379173
2207187456.0,-0.05798490718007088
2208124928.0,-0.0535321868956089
2209062400.0,-0.04601544141769409
2209999872.0,-0.03819088637828827
2210937600.0,-0.028087930753827095
2211875072.0,-0.015390649437904358
2212812544.0,-0.0021714651957154274
2213750016.0,0.012474057264626026
2214687488.0,0.028284898027777672
2215624960.0,0.04464748874306679
2216562432.0,0.062351834028959274
2217499904.0,0.07976406812667847
2218437376.0,0.09686821699142456
2219375104.0,0.11397317796945572
2220312576.0,0.13102930784225464
2221250048.0,0.14675700664520264
2222187520.0,0.1624290496110916
2223124992.0,0.17771652340888977
2224062464.0,0.1905619204044342
2224999936.0,0.2017747014760971
2225937408.0,0.2129337191581726
2226874880.0,0.22166940569877625
2227812608.0,0.228862926363945
2228750080.0,0.20127388834953308
2229687552.0,0.20704278349876404
2230625024.0,0.21261905133724213
2231562496.0,0.21585756540298462
2232499968.0,0.21856233477592468
2233437440.0,0.21915102005004883
2234374912.0,0.2182246595621109
2235312384.0,0.21469447016716003
2236250112.0,0.2102438509464264
2237187584.0,0.20323729515075684
2238125056.0,0.19348974525928497
2239062528.0,0.18238301575183868
2240000000.0,0.1687001734972
2240937472.0,0.1535918116569519
2241874944.0,0.13725170493125916
2242812416.0,0.11885438114404678
2243749888.0,0.10007861256599426
2244687616.0,0.07940566539764404
2245625088.0,0.05914681777358055
2246562560.0,0.03860523924231529
2247500032.0,0.017143603414297104
2248437504.0,-0.002303431974723935
2249374976.0,-0.02197314240038395
2250312448.0,-0.04055548831820488
2251249920.0,-0.057836778461933136
2252187392.0,-0.07359372079372406
2253125120.0,-0.0860123261809349
2254062592.0,-0.09719955921173096
2255000064.0,-0.10552162677049637
2255937536.0,-0.11195886135101318
2256875008.0,-0.11600042134523392
2257812480.0,-0.11725318431854248
2258749952.0,-0.11681090295314789
2259687424.0,-0.11340716481208801
2260624896.0,-0.10755550861358643
2261562624.0,-0.10007310658693314
2262500096.0,-0.09032350033521652
2263437568.0,-0.0791487842798233
2264375040.0,-0.06688765436410904
2265312512.0,-0.05188567191362381
2266249984.0,-0.03781244158744812
2267187456.0,-0.0207718126475811
2268124928.0,-0.004284992348402739
2269062400.0,0.013141687028110027
2270000128.0,0.03051377274096012
2270937600.0,0.0475359708070755
2271875072.0,0.06517534703016281
2272812544.0,0.08289434015750885
2273750016.0,0.09935041517019272
2274687488.0,0.11512637883424759
2275624960.0,0.13031113147735596
2276562432.0,0.14446328580379486
2277499904.0,0.15770234167575836
2278437376.0,0.17086632549762726
2279375104.0,0.1817140132188797
2280312576.0,0.1927032619714737
2281250048.0,0.20226609706878662
2282187520.0,0.21089692413806915
2283124992.0,0.21787585318088531
2284062464.0,0.2250317931175232
2284999936.0,0.23133815824985504
2285937408.0,0.23642949759960175
2286874880.0,0.24127519130706787
2287812608.0,0.2453588843345642
2288750080.0,0.25694045424461365
2289687552.0,0.265595018863678
2290625024.0,0.2728366255760193
2291562496.0,0.28071144223213196
2292499968.0,0.2886267304420471
2293437440.0,0.2953883409500122
2294374912.0,0.3012334406375885
2295312384.0,0.3076486587524414
2296250112.0,0.31155717372894287
2297187584.0,0.31566736102104187
2298125056.0,0.31735116243362427
2299062528.0,0.3176940977573395
2300000000.0,0.3155654966831207
2300937472.0,0.31233203411102295
2301874944.0,0.3062909245491028
2302812416.0,0.29825639724731445
2303749888.0,0.28654706478118896
2304687616.0,0.27250659465789795
2305625088.0,0.25551068782806396
2306562560.0,0.2368776947259903
2307500032.0,0.21579977869987488
2308437504.0,0.19169700145721436
2309374976.0,0.16659945249557495
2310312448.0,0.13893361389636993
2311249920.0,0.11133462190628052
2312187392.0,0.0819040834903717
2313125120.0,0.05293984338641167
2314062592.0,0.023413313552737236
2315000064.0,-0.004770833533257246
2315937536.0,-0.032161980867385864
2316875008.0,-0.056925784796476364
2317812480.0,-0.08133283257484436
2318749952.0,-0.10256657749414444
2319687424.0,-0.1223326101899147
2320624896.0,-0.13965727388858795
2321562624.0,-0.15453653037548065
2322500096.0,-0.16615669429302216
2323437568.0,-0.17648860812187195
2324375040.0,-0.18378393352031708
2325312512.0,-0.1911659836769104
2326249984.0,-0.19459933042526245
2327187456.0,-0.195871964097023
2328124928.0,-0.19600868225097656
2329062400.0,-0.19393958151340485
2329999872.0,-0.19083158671855927
2330937600.0,-0.18608351051807404
2331875072.0,-0.178910031914711
2332812544.0,-0.17160192131996155
2333750016.0,-0.1627892404794693
2334687488.0,-0.15144303441047668
2335624960.0,-0.13977186381816864
2336562432.0,-0.12458206713199615
2337499904.0,-0.10968436300754547
2338437376.0,-0.09169735759496689
2339375104.0,-0.07277166098356247
2340312576.0,-0.052304163575172424
2341250048.0,-0.03139469772577286
2342187520.0,-0.00654630409553647
2343124992.0,0.01685059443116188
2344062464.0,0.04234226793050766
2344999936.0,0.06825052201747894
2345937408.0,0.09476713836193085
2346874880.0,0.12104465812444687
2347812608.0,0.14672619104385376
2348750080.0,0.20220954716205597
2349687552.0,0.21782982349395752
2350625024.0,0.23029236495494843
2351562496.0,0.23957687616348267
2352499968.0,0.2448979616165161
2353437440.0,0.247806116938591
2354374912.0,0.24703355133533478
2355312384.0,0.24220095574855804
2356250112.0,0.2341846376657486
2357187584.0,0.2235907018184662
2358125056.0,0.2087012529373169
2359062528.0,0.19239702820777893
2360000000.0,0.17216551303863525
2360937472.0,0.1492861956357956
2361874944.0,0.12380758672952652
2362812416.0,0.09740887582302094
2363749888.0,0.06982545554637909
2364687616.0,0.04210352152585983
2365625088.0,0.012525727041065693
2366562560.0,-0.016584761440753937
2367500032.0,-0.04537350311875343
2368437504.0,-0.07420670241117477
2369374976.0,-0.10174496471881866
2370312448.0,-0.1281910389661789
2371249920.0,-0.15320611000061035
2372187392.0,-0.17615769803524017
2373125120.0,-0.19707894325256348
2374062592.0,-0.2144266813993454
2375000064.0,-0.2305411845445633
2375937536.0,-0.24305927753448486
2376875008.0,-0.2523738443851471
2377812480.0,-0.26032060384750366
2378749952.0,-0.26418209075927734
2379687424.0,-0.26549550890922546
2380624896.0,-0.26479461789131165
2381562624.0,-0.2612522542476654
2382500096.0,-0.2558472454547882
2383437568.0,-0.24635659158229828
2384375040.0,-0.235982283949852
2385312512.0,-0.22334685921669006
2386249984.0,-0.20931485295295715
2387187456.0,-0.19547103345394135
2388124928.0,-0.17934495210647583
2389062400.0,-0.1609598994255066
2390000128.0,-0.1436816155910492
2390937600.0,-0.1253937929868698
2391875072.0,-0.1082644835114479
2392812544.0,-0.09095554053783417
2393750016.0,-0.07516113668680191
2394687488.0,-0.05935635045170784
2395624960.0,-0.045594971626996994
2396562432.0,-0.031529806554317474
2397499904.0,-0.01908247172832489
2398437376.0,-0.008852195926010609
2399375104.0,0.0016901674680411816
2400312576.0,0.009207217954099178
2401250048.0,0.01506461389362812
2402187520.0,0.02067282609641552
2403124992.0,0.025392688810825348
2404062464.0,0.027966855093836784
2404999936.0,0.029388783499598503
2405937408.0,0.030116166919469833
2406874880.0,0.02882867306470871
2407812608.0,0.02672530710697174
2408750080.0,0.022821839898824692
2409687552.0,0.02976727858185768
2410625024.0,0.031556155532598495
2411562496.0,0.03309519216418266
2412499968.0,0.031117795035243034
2413437440.0,0.02666955441236496
2414374912.0,0.021003779023885727
2415312384.0,0.011877208016812801
2416250112.0,0.002140599302947521
2417187584.0,-0.010959045961499214
2418125056.0,-0.024854984134435654
2419062528.0,-0.04201210290193558
2420000000.0,-0.05959209054708481
2420937472.0,-0.07885997742414474
2421874944.0,-0.09962541610002518
2422812416.0,-0.11964202672243118
2423749888.0,-0.14129497110843658
2424687616.0,-0.16253000497817993
2425625088.0,-0.18371543288230896
2426562560.0,-0.20614489912986755
2427500032.0,-0.2281985878944397
2428437504.0,-0.24954961240291595
2429374976.0,-0.27078109979629517
2430312448.0,-0.2930055856704712
2431249920.0,-0.3118065297603607
2432187392.0,-0.3295226991176605
2433125120.0,-0.3483298420906067
2434062592.0,-0.36572980880737305
2435000064.0,-0.3806762397289276
2435937536.0,-0.3941989243030548
2436875008.0,-0.40582334995269775
2437812480.0,-0.41678953170776367
2438749952.0,-0.4259626269340515
2439687424.0,-0.4336291253566742
2440624896.0,-0.4393392503261566
2441562624.0,-0.44316014647483826
2442500096.0,-0.4465566575527191
2443437568.0,-0.4486367702484131
2444375040.0,-0.44864970445632935
2445312512.0,-0.4476860761642456
2446249984.0,-0.44619688391685486
2447187456.0,-0.44232431054115295
2448124928.0,-0.43839600682258606
2449062400.0,-0.4350130558013916
2449999872.0,-0.42933231592178345
2450937600.0,-0.4239788353443146
2451875072.0,-0.4180440306663513
2452812544.0,-0.4115866422653198
2453750016.0,-0.40628963708877563
2454687488.0,-0.3994055986404419
2455624960.0,-0.39485448598861694
2456562432.0,-0.3882600963115692
2457499904.0,-0.38234782218933105
2458437376.0,-0.377899169921875
2459375104.0,-0.37410953640937805
2460312576.0,-0.37053918838500977
2461250048.0,-0.3688533902168274
2462187520.0,-0.36811885237693787
2463124992.0,-0.3681289255619049
2464062464.0,-0.369209885597229
2464999936.0,-0.37153011560440063
2465937408.0,-0.3765743672847748
2466874880.0,-0.3830318748950958
2467812608.0,-0.3934798240661621
2468750080.0,-0.4808901846408844
2469687552.0,-0.5020144581794739
2470625024.0,-0.5260826349258423
2471562496.0,-0.5539284944534302
2472499968.0,-0.583861768245697
2473437440.0,-0.6180219054222107
2474374912.0,-0.6547614932060242
2475312384.0,-0.6947571039199829
2476250112.0,-0.7382717728614807
2477187584.0,-0.7858451008796692
2478125056.0,-0.8368085622787476
2479062528.0,-0.8900299668312073
2480000000.0,-0.94593346118927
2480937472.0,-1.0052824020385742
2481874944.0,-1.0679254531860352
2482812416.0,-1.1345845460891724
2483749888.0,-1.2045882940292358
2484687616.0,-1.2778429985046387
2485625088.0,-1.3539754152297974
2486562560.0,-1.4349366426467896
2487500032.0,-1.5176384449005127
2488437504.0,-1.6061315536499023
2489374976.0,-1.6987025737762451
2490312448.0,-1.794716715812683
2491249920.0,-1.8949146270751953
2492187392.0,-1.9980084896087646
2493125120.0,-2.1055784225463867
2494062592.0,-2.2192907333374023
2495000064.0,-2.3394458293914795
2495937536.0,-2.4663636684417725
2496875008.0,-2.6002016067504883
2497812480.0,-2.7418930530548096
2498749952.0,-2.8911867141723633
2499687424.0,-3.0502939224243164
2500624896.0,-3.2174346446990967
2501562624.0,-3.39665150642395
2502500096.0,-3.58530330657959
2503437568.0,-3.788111925125122
2504375040.0,-4.0067901611328125
2505312512.0,-4.239842891693115
2506249984.0,-4.4920654296875
2507187456.0,-4.760159015655518
2508124928.0,-5.0455546379089355
2509062400.0,-5.3495025634765625
2510000128.0,-5.669350624084473
2510937600.0,-6.001242637634277
2511875072.0,-6.338795185089111
2512812544.0,-6.677826404571533
2513750016.0,-7.003711700439453
2514687488.0,-7.29941987991333
2515624960.0,-7.556214332580566
2516562432.0,-7.754302978515625
2517499904.0,-7.8813934326171875
2518437376.0,-7.920495510101318
2519375104.0,-7.865980625152588
2520312576.0,-7.723855495452881
2521250048.0,-7.506108283996582
2522187520.0,-7.229441165924072
2523124992.0,-6.907166004180908
2524062464.0,-6.553277969360352
2524999936.0,-6.1811041831970215
2525937408.0,-5.799129962921143
2526874880.0,-5.416742324829102
2527812608.0,-5.043968200683594
2528750080.0,-4.6787238121032715
2529687552.0,-4.341578483581543
2530625024.0,-4.027272701263428
2531562496.0,-3.730593681335449
2532499968.0,-3.4554243087768555
2533437440.0,-3.1991944313049316
2534374912.0,-2.9632787704467773
2535312384.0,-2.7495956420898438
2536250112.0,-2.555265426635742
2537187584.0,-2.3757822513580322
2538125056.0,-2.2152457237243652
2539062528.0,-2.067594528198242
2540000000.0,-1.9336909055709839
2540937472.0,-1.8124538660049438
2541874944.0,-1.7015180587768555
2542812416.0,-1.6024500131607056
2543749888.0,-1.5098668336868286
2544687616.0,-1.4267675876617432
2545625088.0,-1.3523657321929932
2546562560.0,-1.285248041152954
2547500032.0,-1.2252070903778076
2548437504.0,-1.1702313423156738
2549374976.0,-1.1214683055877686
2550312448.0,-1.0777794122695923
2551249920.0,-1.0386782884597778
2552187392.0,-1.0019322633743286
2553125120.0,-0.970494270324707
2554062592.0,-0.9409100413322449
2555000064.0,-0.9150643348693848
2555937536.0,-0.8907214999198914
2556875008.0,-0.8685013055801392
2557812480.0,-0.8470987677574158
2558749952.0,-0.8270541429519653
2559687424.0,-0.8067358136177063
2560624896.0,-0.7884413003921509
2561562624.0,-0.7688746452331543
2562500096.0,-0.7492039799690247
2563437568.0,-0.7302337884902954
2564375040.0,-0.711154043674469
2565312512.0,-0.6905214786529541
2566249984.0,-0.6697455048561096
2567187456.0,-0.6491474509239197
2568124928.0,-0.6276392936706543
2569062400.0,-0.6051071882247925
2569999872.0,-0.5815335512161255
2570937600.0,-0.5572459101676941
2571875072.0,-0.5324414968490601
2572812544.0,-0.5055461525917053
2573750016.0,-0.47885310649871826
2574687488.0,-0.4499233365058899
2575624960.0,-0.4215441048145294
2576562432.0,-0.392021119594574
2577499904.0,-0.361866295337677
2578437376.0,-0.33144232630729675
2579375104.0,-0.30050599575042725
2580312576.0,-0.27056199312210083
2581250048.0,-0.23960846662521362
2582187520.0,-0.2101849615573883
2583124992.0,-0.1809079945087433
2584062464.0,-0.15244057774543762
2584999936.0,-0.1257912963628769
2585937408.0,-0.09958057850599289
2586874880.0,-0.07555684447288513
2587812608.0,-0.05281699448823929
2588750080.0,-0.02748020365834236
2589687552.0,-0.014595290645956993
2590625024.0,-0.0012813484063372016
2591562496.0,0.008720636367797852
2592499968.0,0.01656491309404373
2593437440.0,0.023509826511144638
2594374912.0,0.02696007490158081
2595312384.0,0.03033556416630745
2596250112.0,0.03130221366882324
2597187584.0,0.029060518369078636
2598125056.0,0.026606692001223564
2599062528.0,0.020362362265586853
2600000000.0,0.015055331401526928
2600937472.0,0.006532695610076189
2601874944.0,-0.0023785813245922327
2602812416.0,-0.012164856307208538
2603749888.0,-0.02249770425260067
2604687616.0,-0.03550785034894943
2605625088.0,-0.04866354167461395
2606562560.0,-0.061224158853292465
2607500032.0,-0.07460876554250717
2608437504.0,-0.08918014168739319
2609374976.0,-0.1027011126279831
2610312448.0,-0.11624486744403839
2611249920.0,-0.13013288378715515
2612187392.0,-0.14230310916900635
2613125120.0,-0.15526612102985382
2614062592.0,-0.16712169349193573
2615000064.0,-0.17794662714004517
2615937536.0,-0.18789827823638916
2616875008.0,-0.1970456838607788
2617812480.0,-0.2043086588382721
2618749952.0,-0.2115851491689682
2619687424.0,-0.217061847448349
2620624896.0,-0.2205408662557602
2621562624.0,-0.22387345135211945
2622500096.0,-0.2242216318845749
2623437568.0,-0.22457915544509888
2624375040.0,-0.2221200317144394
2625312512.0,-0.21839338541030884
2626249984.0,-0.21350368857383728
2627187456.0,-0.2060566544532776
2628124928.0,-0.19821123778820038
2629062400.0,-0.18840163946151733
2630000128.0,-0.1775364875793457
2630937600.0,-0.16506265103816986
2631875072.0,-0.15171463787555695
2632812544.0,-0.13705360889434814
2633750016.0,-0.1213945671916008
2634687488.0,-0.10488694906234741
2635624960.0,-0.08712725341320038
2636562432.0,-0.06987854838371277
2637499904.0,-0.05094849690794945
2638437376.0,-0.031729962676763535
2639375104.0,-0.012595593929290771
2640312576.0,0.005462422966957092
2641250048.0,0.024452030658721924
2642187520.0,0.04372921958565712
2643124992.0,0.06221528723835945
2644062464.0,0.08019621670246124
2644999936.0,0.09735580533742905
2645937408.0,0.11297709494829178
2646874880.0,0.1286601424217224
2647812608.0,0.15340256690979004
2648750080.0,0.16803276538848877
2649687552.0,0.18084803223609924
2650625024.0,0.191266268491745
2651562496.0,0.20034120976924896
2652499968.0,0.20636168122291565
2653437440.0,0.2097763866186142
2654374912.0,0.2102787345647812
2655312384.0,0.20871999859809875
2656250112.0,0.2040966898202896
2657187584.0,0.19768844544887543
2658125056.0,0.18891578912734985
2659062528.0,0.17802757024765015
2660000000.0,0.16536591947078705
2660937472.0,0.15054985880851746
2661874944.0,0.13429969549179077
2662812416.0,0.11608673632144928
2663749888.0,0.09798875451087952
2664687616.0,0.07762429118156433
2665625088.0,0.058331284672021866
2666562560.0,0.03697546571493149
2667500032.0,0.015988456085324287
2668437504.0,-0.0041800932958722115
2669374976.0,-0.025074364617466927
2670312448.0,-0.0443294383585453
2671249920.0,-0.06387922912836075
2672187392.0,-0.08166872709989548
2673125120.0,-0.09775760769844055
2674062592.0,-0.11222729831933975
2675000064.0,-0.1266462504863739
2675937536.0,-0.13866551220417023
2676875008.0,-0.14914338290691376
2677812480.0,-0.15755735337734222
2678749952.0,-0.16358625888824463
2679687424.0,-0.16688579320907593
2680624896.0,-0.17004166543483734
2681562624.0,-0.1699293553829193
2682500096.0,-0.16809286177158356
2683437568.0,-0.1635989248752594
2684375040.0,-0.15786206722259521
2685312512.0,-0.15005777776241302
2686249984.0,-0.14027632772922516
2687187456.0,-0.12851588428020477
2688124928.0,-0.11633948981761932
2689062400.0,-0.10155628621578217
2689999872.0,-0.0865798071026802
2690937600.0,-0.07070623338222504
2691875072.0,-0.054013028740882874
2692812544.0,-0.03591891750693321
2693750016.0,-0.017320066690444946
2694687488.0,0.0004916053730994463
2695624960.0,0.019319217652082443
2696562432.0,0.03681875020265579
2697499904.0,0.055069904774427414
2698437376.0,0.07266644388437271
2699375104.0,0.08906590193510056
2700312576.0,0.10487327724695206
2701250048.0,0.1200016513466835
2702187520.0,0.13423581421375275
2703124992.0,0.14833219349384308
2704062464.0,0.1602911800146103
2704999936.0,0.17031989991664886
2705937408.0,0.180890753865242
2706874880.0,0.18890628218650818
2707812608.0,0.20780853927135468
2708750080.0,0.21207168698310852
2709687552.0,0.2156461775302887
2710625024.0,0.2184479534626007
2711562496.0,0.21898625791072845
2712499968.0,0.21886342763900757
2713437440.0,0.21712447702884674
2714374912.0,0.21550728380680084
2715312384.0,0.21075980365276337
2716250112.0,0.20487691462039948
2717187584.0,0.19818396866321564
2718125056.0,0.19017605483531952
2719062528.0,0.1801730841398239
2720000000.0,0.16965773701667786
2720937472.0,0.15796808898448944
2721874944.0,0.14472626149654388
2722812416.0,0.1299467831850052
2723749888.0,0.1150100827217102
2724687616.0,0.09817255288362503
2725625088.0,0.08148950338363647
2726562560.0,0.06283826380968094
2727500032.0,0.04494328424334526
2728437504.0,0.02532629668712616
2729374976.0,0.005765316542237997
2730312448.0,-0.014918152242898941
2731249920.0,-0.034294020384550095
2732187392.0,-0.053600430488586426
2733125120.0,-0.07336380332708359
2734062592.0,-0.09079062193632126
2735000064.0,-0.10825448483228683
2735937536.0,-0.12499286234378815
2736875008.0,-0.13900403678417206
2737812480.0,-0.15354853868484497
2738749952.0,-0.16475659608840942
2739687424.0,-0.17505879700183868
2740624896.0,-0.18330320715904236
2741562624.0,-0.18980364501476288
2742500096.0,-0.1932660937309265
2743437568.0,-0.1941719502210617
2744375040.0,-0.1936033070087433
2745312512.0,-0.1905558854341507
2746249984.0,-0.1850098818540573
2747187456.0,-0.1769094169139862
2748124928.0,-0.16644658148288727
2749062400.0,-0.15499931573867798
2750000128.0,-0.13984394073486328
2750937600.0,-0.12350112199783325
2751875072.0,-0.10598361492156982
2752812544.0,-0.08697907626628876
2753750016.0,-0.06600375473499298
2754687488.0,-0.04474553465843201
2755624960.0,-0.023134035989642143
2756562432.0,0.00034409304498694837
2757499904.0,0.022715160623192787
2758437376.0,0.044571299105882645
2759375104.0,0.0668201744556427
2760312576.0,0.08830146491527557
2761250048.0,0.10883425921201706
2762187520.0,0.1286182850599289
2763124992.0,0.14673779904842377
2764062464.0,0.162589892745018
2764999936.0,0.17725269496440887
2765937408.0,0.18963485956192017
2766874880.0,0.19994573295116425
2767812608.0,0.24124443531036377
2768750080.0,0.24442994594573975
2769687552.0,0.24612902104854584
2770625024.0,0.2468685507774353
2771562496.0,0.24548010528087616
2772499968.0,0.24190425872802734
2773437440.0,0.23700520396232605
2774374912.0,0.2318170815706253
2775312384.0,0.22404883801937103
2776250112.0,0.2158132940530777
2777187584.0,0.20546412467956543
2778125056.0,0.19437165558338165
2779062528.0,0.18262743949890137
2780000000.0,0.1695067137479782
2780937472.0,0.15567642450332642
2781874944.0,0.1415533721446991
2782812416.0,0.1273914873600006
2783749888.0,0.11235016584396362
2784687616.0,0.0976288914680481
2785625088.0,0.08169131726026535
2786562560.0,0.06589885801076889
2787500032.0,0.050531622022390366
2788437504.0,0.03437751159071922
2789374976.0,0.02030511572957039
2790312448.0,0.005588992033153772
2791249920.0,-0.008091549389064312
2792187392.0,-0.022329475730657578
2793125120.0,-0.034370873123407364
2794062592.0,-0.046159304678440094
2795000064.0,-0.05697808787226677
2795937536.0,-0.0670493021607399
2796875008.0,-0.07622341066598892
2797812480.0,-0.08338432759046555
2798749952.0,-0.08911847323179245
2799687424.0,-0.09397231042385101
2800624896.0,-0.09720122069120407
2801562624.0,-0.10119444876909256
2802500096.0,-0.10132954269647598
2803437568.0,-0.10124500840902328
2804375040.0,-0.09838785976171494
2805312512.0,-0.09357496351003647
2806249984.0,-0.08824361860752106
2807187456.0,-0.0821763426065445
2808124928.0,-0.07301535457372665
2809062400.0,-0.06415849924087524
2809999872.0,-0.05319473147392273
2810937600.0,-0.039852485060691833
2811875072.0,-0.026815779507160187
2812812544.0,-0.01290739607065916
2813750016.0,0.00303587201051414
2814687488.0,0.018565157428383827
2815624960.0,0.03631134703755379
2816562432.0,0.052746277302503586
2817499904.0,0.070411816239357
2818437376.0,0.08824242651462555
2819375104.0,0.1055048331618309
2820312576.0,0.1215701624751091
2821250048.0,0.13911418616771698
2822187520.0,0.15384510159492493
2823124992.0,0.16892677545547485
2824062464.0,0.1827515810728073
2824999936.0,0.19564996659755707
2825937408.0,0.20673401653766632
2826874880.0,0.21583816409111023
2827812608.0,0.23058585822582245
2828750080.0,0.23631837964057922
2829687552.0,0.2393006831407547
2830625024.0,0.24137218296527863
2831562496.0,0.24049851298332214
2832499968.0,0.23859307169914246
2833437440.0,0.2337373048067093
2834374912.0,0.22839082777500153
2835312384.0,0.2210482954978943
2836250112.0,0.211876779794693
2837187584.0,0.2009660005569458
2838125056.0,0.18881839513778687
2839062528.0,0.17586831748485565
2840000000.0,0.16110534965991974
2840937472.0,0.14651437103748322
2841874944.0,0.13007161021232605
2842812416.0,0.11349819600582123
2843749888.0,0.09652739018201828
2844687616.0,0.07836319506168365
2845625088.0,0.061155013740062714
2846562560.0,0.042883310467004776
2847500032.0,0.02522130496799946
2848437504.0,0.00895734690129757
2849374976.0,-0.0076161096803843975
2850312448.0,-0.023703277111053467
2851249920.0,-0.038799531757831573
2852187392.0,-0.05308104306459427
2853125120.0,-0.0658702552318573
2854062592.0,-0.07756471633911133
2855000064.0,-0.0867207944393158
2855937536.0,-0.09597513824701309
2856875008.0,-0.10350587964057922
2857812480.0,-0.10928574949502945
2858749952.0,-0.11307431757450104
2859687424.0,-0.11449512094259262
2860624896.0,-0.11490023881196976
2861562624.0,-0.11411195248365402
2862500096.0,-0.11192122846841812
2863437568.0,-0.1072477251291275
2864375040.0,-0.09986934810876846
2865312512.0,-0.09190411865711212
2866249984.0,-0.08256630599498749
2867187456.0,-0.07125265151262283
2868124928.0,-0.06007090210914612
2869062400.0,-0.04617529734969139
2870000128.0,-0.03248577192425728
2870937600.0,-0.016264913603663445
2871875072.0,0.00015875563258305192
2872812544.0,0.015988189727067947
2873750016.0,0.03292280435562134
2874687488.0,0.05008961632847786
2875624960.0,0.06728385388851166
2876562432.0,0.08495735377073288
2877499904.0,0.10150975733995438
2878437376.0,0.1187155544757843
2879375104.0,0.1340215802192688
2880312576.0,0.1500096470117569
2881250048.0,0.16404248774051666
2882187520.0,0.17730572819709778
2883124992.0,0.1907050758600235
2884062464.0,0.20207886397838593
2884999936.0,0.21280385553836823
2885937408.0,0.22133424878120422
2886874880.0,0.22982162237167358
2887812608.0,0.2126118391752243
2888750080.0,0.2172199785709381
2889687552.0,0.2197330892086029
2890625024.0,0.2215987890958786
2891562496.0,0.22236625850200653
2892499968.0,0.2217016965150833
2893437440.0,0.22073684632778168
2894374912.0,0.2176903933286667
2895312384.0,0.2135472297668457
2896250112.0,0.20735420286655426
2897187584.0,0.20051078498363495
2898125056.0,0.19206345081329346
2899062528.0,0.1828305870294571
2900000000.0,0.1710556298494339
2900937472.0,0.1581335812807083
2901874944.0,0.14380064606666565
2902812416.0,0.1291833072900772
2903749888.0,0.11380521208047867
2904687616.0,0.09757114201784134
2905625088.0,0.08023961633443832
2906562560.0,0.0624590739607811
2907500032.0,0.04549875482916832
2908437504.0,0.027438344433903694
2909374976.0,0.010114551521837711
2910312448.0,-0.006310834549367428
2911249920.0,-0.022092008963227272
2912187392.0,-0.03737321123480797
2913125120.0,-0.05088929086923599
2914062592.0,-0.063658706843853
2915000064.0,-0.07374460995197296
2915937536.0,-0.08286318182945251
2916875008.0,-0.08992714434862137
2917812480.0,-0.09419222176074982
2918749952.0,-0.09697555750608444
2919687424.0,-0.0975111722946167
2920624896.0,-0.09657292068004608
2921562624.0,-0.09325389564037323
2922500096.0,-0.0874079242348671
2923437568.0,-0.0798238068819046
2924375040.0,-0.06930752843618393
2925312512.0,-0.05904581397771835
2926249984.0,-0.044628504663705826
2927187456.0,-0.03128175437450409
2928124928.0,-0.015074177645146847
2929062400.0,0.001512253424152732
2929999872.0,0.018308671191334724
2930937600.0,0.03575611114501953
2931875072.0,0.0538187213242054
2932812544.0,0.07051240652799606
2933750016.0,0.0889778733253479
2934687488.0,0.10556215047836304
2935624960.0,0.12190593034029007
2936562432.0,0.13761264085769653
2937499904.0,0.15187965333461761
2938437376.0,0.1651013046503067
2939375104.0,0.17752648890018463
2940312576.0,0.18765512108802795
2941250048.0,0.19669534265995026
2942187520.0,0.20480084419250488
2943124992.0,0.21082957088947296
2944062464.0,0.21662427484989166
2944999936.0,0.22039827704429626
2945937408.0,0.2224402129650116
2946874880.0,0.22450625896453857
2947812608.0,0.20470736920833588
2948750080.0,0.20247362554073334
2949687552.0,0.19962173700332642
2950625024.0,0.19670064747333527
2951562496.0,0.19346117973327637
2952499968.0,0.18975594639778137
2953437440.0,0.1866692751646042
2954374912.0,0.18323397636413574
2955312384.0,0.17861750721931458
2956250112.0,0.17489241063594818
2957187584.0,0.17039835453033447
2958125056.0,0.16648758947849274
2959062528.0,0.16117271780967712
2960000000.0,0.15685781836509705
2960937472.0,0.1522960364818573
2961874944.0,0.1469016820192337
2962812416.0,0.14209961891174316
2963749888.0,0.13600894808769226
2964687616.0,0.13002760708332062
2965625088.0,0.1248059794306755
2966562560.0,0.11923354864120483
2967500032.0,0.11175283789634705
2968437504.0,0.1059848740696907
2969374976.0,0.09812882542610168
2970312448.0,0.09213887155056
2971249920.0,0.08517046272754669
2972187392.0,0.07740280032157898
2973125120.0,0.07016731053590775
2974062592.0,0.06275250017642975
2975000064.0,0.05559224635362625
2975937536.0,0.04816359281539917
2976875008.0,0.04208122566342354
2977812480.0,0.03509465977549553
2978749952.0,0.029081616550683975
2979687424.0,0.022940469905734062
2980624896.0,0.017587805166840553
2981562624.0,0.012850448489189148
2982500096.0,0.0091696847230196
2983437568.0,0.004652407485991716
2984375040.0,0.0019273378420621157
2985312512.0,-0.0003218667989131063
2986249984.0,-0.0016933501465246081
2987187456.0,-0.0028273239731788635
2988124928.0,-0.0031221024692058563
2989062400.0,-0.0027736849151551723
2990000128.0,-0.002722815377637744
2990937600.0,-0.0009621458011679351
2991875072.0,0.0007475336315110326
2992812544.0,0.002352388808503747
2993750016.0,0.004448276478797197
2994687488.0,0.006618526764214039
2995624960.0,0.009942415170371532
2996562432.0,0.01199394278228283
2997499904.0,0.014372029341757298
2998437376.0,0.017549021169543266
2999375104.0,0.019737666472792625
3000312576.0,0.024389464408159256
3001250048.0,0.027583040297031403
3002187520.0,0.029074769467115402
3003124992.0,0.03186560422182083
3004062464.0,0.033891815692186356
3004999936.0,0.03537356108427048
3005937408.0,0.03770141303539276
3006874880.0,0.03874818608164787
3007812608.0,0.13094642758369446
3008750080.0,0.12815074622631073
3009687552.0,0.12535813450813293
3010625024.0,0.12231597304344177
3011562496.0,0.11877722293138504
3012499968.0,0.11321157962083817
3013437440.0,0.10886526107788086
3014374912.0,0.10425827652215958
3015312384.0,0.09936559200286865
3016250112.0,0.09374695271253586
3017187584.0,0.08848383277654648
3018125056.0,0.08277387917041779
3019062528.0,0.0775546282529831
3020000000.0,0.0711916983127594
3020937472.0,0.06436856836080551
3021874944.0,0.06018758565187454
3022812416.0,0.05343444645404816
3023749888.0,0.04736621677875519
3024687616.0,0.041039448231458664
3025625088.0,0.035123877227306366
3026562560.0,0.02890687808394432
3027500032.0,0.024120090529322624
3028437504.0,0.01804792881011963
3029374976.0,0.011743592098355293
3030312448.0,0.005995714571326971
3031249920.0,-0.00028672884218394756
3032187392.0,-0.0059962524101138115
3033125120.0,-0.009700989350676537
3034062592.0,-0.016320960596203804
3035000064.0,-0.02087082900106907
3035937536.0,-0.025632377713918686
3036875008.0,-0.030832313001155853
3037812480.0,-0.035314373672008514
3038749952.0,-0.040696881711483
3039687424.0,-0.0439877025783062
3040624896.0,-0.04843779280781746
3041562624.0,-0.05218115821480751
3042500096.0,-0.05546111986041069
3043437568.0,-0.05833729729056358
3044375040.0,-0.06064758077263832
3045312512.0,-0.061949145048856735
3046249984.0,-0.06372292339801788
3047187456.0,-0.06525363773107529
3048124928.0,-0.06555455178022385
3049062400.0,-0.06557954847812653
3049999872.0,-0.06509770452976227
3050937600.0,-0.06345793604850769
3051875072.0,-0.061355505138635635
3052812544.0,-0.05834027752280235
3053750016.0,-0.05468344688415527
3054687488.0,-0.049935951828956604
3055624960.0,-0.04482609033584595
3056562432.0,-0.038773976266384125
3057499904.0,-0.032597582787275314
3058437376.0,-0.025329923257231712
3059375104.0,-0.01650812104344368
3060312576.0,-0.007707614451646805
3061250048.0,0.002682456513866782
3062187520.0,0.012598036788403988
3063124992.0,0.02458692155778408
3064062464.0,0.03568793460726738
3064999936.0,0.04804815351963043
3065937408.0,0.06051640957593918
3066874880.0,0.07347499579191208
3067812608.0,0.13982221484184265
3068750080.0,0.14558272063732147
3069687552.0,0.1492607742547989
3070625024.0,0.1519848108291626
3071562496.0,0.15318801999092102
3072499968.0,0.153477743268013
3073437440.0,0.15189386904239655
3074374912.0,0.14918015897274017
3075312384.0,0.14503014087677002
3076250112.0,0.1402299851179123
3077187584.0,0.13300791382789612
3078125056.0,0.12525574862957
3079062528.0,0.11767057329416275
3080000000.0,0.10859961062669754
3080937472.0,0.0982738509774208
3081874944.0,0.0888492614030838
3082812416.0,0.07743881642818451
3083749888.0,0.06577897071838379
3084687616.0,0.05575006082653999
3085625088.0,0.04586735740303993
3086562560.0,0.03505691885948181
3087500032.0,0.025552961975336075
3088437504.0,0.015894895419478416
3089374976.0,0.007294800598174334
3090312448.0,-0.0006702762329950929
3091249920.0,-0.008531004190444946
3092187392.0,-0.013615486212074757
3093125120.0,-0.01807336136698723
3094062592.0,-0.021965783089399338
3095000064.0,-0.024757130071520805
3095937536.0,-0.026492275297641754
3096875008.0,-0.027625596150755882
3097812480.0,-0.026856984943151474
3098749952.0,-0.02414064295589924
3099687424.0,-0.021763747557997704
3100624896.0,-0.017940400168299675
3101562624.0,-0.012613060884177685
3102500096.0,-0.008468948304653168
3103437568.0,-0.0016384526388719678
3104375040.0,0.004917436745017767
3105312512.0,0.012560542672872543
3106249984.0,0.020066026598215103
3107187456.0,0.0285029299557209
3108124928.0,0.03725925460457802
3109062400.0,0.04391317442059517
3110000128.0,0.05222982168197632
3110937600.0,0.05991637334227562
3111875072.0,0.06733852624893188
3112812544.0,0.07519272714853287
3113750016.0,0.08195047080516815
3114687488.0,0.08934195339679718
3115624960.0,0.09518121182918549
3116562432.0,0.1011335477232933
3117499904.0,0.10638896375894547
3118437376.0,0.11196255683898926
3119375104.0,0.11574402451515198
3120312576.0,0.11897499859333038
3121250048.0,0.12331677228212357
3122187520.0,0.12666714191436768
3123124992.0,0.1292971968650818
3124062464.0,0.13149672746658325
3124999936.0,0.13396625220775604
3125937408.0,0.1358923465013504
3126874880.0,0.13834503293037415
3127812608.0,0.14464958012104034
3128750080.0,0.1440228521823883
3129687552.0,0.14322540163993835
3130625024.0,0.14221718907356262
3131562496.0,0.14066609740257263
3132499968.0,0.13863888382911682
3133437440.0,0.135870099067688
3134374912.0,0.13254667818546295
3135312384.0,0.13009123504161835
3136250112.0,0.12762174010276794
3137187584.0,0.12447607517242432
3138125056.0,0.12121414393186569
3139062528.0,0.11976992338895798
3140000000.0,0.1200905442237854
3140937472.0,0.11965075880289078
3141874944.0,0.12110447883605957
3142812416.0,0.12490472942590714
3143749888.0,0.12865519523620605
3144687616.0,0.1332404464483261
3145625088.0,0.138809472322464
3146562560.0,0.14367471635341644
3147500032.0,0.14955143630504608
3148437504.0,0.1534442901611328
3149374976.0,0.15599659085273743
3150312448.0,0.15699854493141174
3151249920.0,0.15546636283397675
3152187392.0,0.15219300985336304
3153125120.0,0.14759160578250885
3154062592.0,0.14024804532527924
3155000064.0,0.13118626177310944
3155937536.0,0.12043435126543045
3156875008.0,0.1069708988070488
3157812480.0,0.09313513338565826
3158749952.0,0.07857037335634232
3159687424.0,0.06210210919380188
3160624896.0,0.04725030064582825
3161562624.0,0.032701920717954636
3162500096.0,0.018701594322919846
3163437568.0,0.005317255388945341
3164375040.0,-0.0063318489119410515
3165312512.0,-0.016303496435284615
3166249984.0,-0.024115845561027527
3167187456.0,-0.029560275375843048
3168124928.0,-0.03347931429743767
3169062400.0,-0.034389425069093704
3169999872.0,-0.032760459929704666
3170937600.0,-0.029986903071403503
3171875072.0,-0.024227270856499672
3172812544.0,-0.016690725460648537
3173750016.0,-0.007341606076806784
3174687488.0,0.004241905175149441
3175624960.0,0.01606171950697899
3176562432.0,0.029853835701942444
3177499904.0,0.04407157376408577
3178437376.0,0.058923132717609406
3179375104.0,0.07416722178459167
3180312576.0,0.08974213153123856
3181250048.0,0.10479673743247986
3182187520.0,0.11985315382480621
3183124992.0,0.1347878873348236
3184062464.0,0.148582324385643
3184999936.0,0.16120043396949768
3185937408.0,0.17343534529209137
3186874880.0,0.18410050868988037
3187812608.0,0.15104950964450836
3188750080.0,0.14686638116836548
3189687552.0,0.1420745551586151
3190625024.0,0.13697242736816406
3191562496.0,0.13091231882572174
3192499968.0,0.12461114674806595
3193437440.0,0.1187574490904808
3194374912.0,0.11376786231994629
3195312384.0,0.10862065106630325
3196250112.0,0.10294224321842194
3197187584.0,0.09759695082902908
3198125056.0,0.09341724961996078
3199062528.0,0.08986279368400574
3200000000.0,0.0864475667476654
3200937472.0,0.0840991735458374
3201874944.0,0.0821552723646164
3202812416.0,0.0812496542930603
3203749888.0,0.08173714578151703
3204687616.0,0.08194591104984283
3205625088.0,0.0830373764038086
3206562560.0,0.0845227763056755
3207500032.0,0.08570083975791931
3208437504.0,0.08922985196113586
3209374976.0,0.09074409306049347
3210312448.0,0.09313973039388657
3211249920.0,0.0961226150393486
3212187392.0,0.09817831218242645
3213125120.0,0.10093127191066742
3214062592.0,0.10381541401147842
3215000064.0,0.1054292619228363
3215937536.0,0.10797958821058273
3216875008.0,0.10926903039216995
3217812480.0,0.11082170158624649
3218749952.0,0.11122231930494308
3219687424.0,0.11231989413499832
3220624896.0,0.11249575018882751
3221562624.0,0.11324617266654968
3222500096.0,0.11165469884872437
3223437568.0,0.11078007519245148
3224375040.0,0.11036483198404312
3225312512.0,0.10961854457855225
3226249984.0,0.10800262540578842
3227187456.0,0.10710705071687698
3228124928.0,0.10766052454710007
3229062400.0,0.10649233311414719
3230000128.0,0.10699726641178131
3230937600.0,0.10661500692367554
3231875072.0,0.10725374519824982
3232812544.0,0.10789205878973007
3233750016.0,0.10994170606136322
3234687488.0,0.1125902459025383
3235624960.0,0.115685373544693
3236562432.0,0.11868807673454285
3237499904.0,0.12313232570886612
3238437376.0,0.12815752625465393
3239375104.0,0.1332883983850479
3240312576.0,0.13975779712200165
3241250048.0,0.14505289494991302
3242187520.0,0.15053243935108185
3243124992.0,0.15745532512664795
3244062464.0,0.16352881491184235
3244999936.0,0.17081765830516815
3245937408.0,0.17638616263866425
3246874880.0,0.181360125541687
3247812608.0,0.09197555482387543
3248750080.0,0.08451100438833237
3249687552.0,0.07464636862277985
3250625024.0,0.06521900743246078
3251562496.0,0.05497157946228981
3252499968.0,0.04522567614912987
3253437440.0,0.03630819544196129
3254374912.0,0.028335247188806534
3255312384.0,0.021228544414043427
3256250112.0,0.01668764092028141
3257187584.0,0.014357544481754303
3258125056.0,0.013531582430005074
3259062528.0,0.01363418810069561
3260000000.0,0.015587438829243183
3260937472.0,0.018395237624645233
3261874944.0,0.02239135280251503
3262812416.0,0.027088364586234093
3263749888.0,0.03154943883419037
3264687616.0,0.03577718883752823
3265625088.0,0.04017689451575279
3266562560.0,0.04468277841806412
3267500032.0,0.04783054441213608
3268437504.0,0.05169740691781044
3269374976.0,0.05461063235998154
3270312448.0,0.05680427327752113
3271249920.0,0.060261040925979614
3272187392.0,0.06173708289861679
3273125120.0,0.06437308341264725
3274062592.0,0.06638488918542862
3275000064.0,0.06856567412614822
3275937536.0,0.06991402804851532
3276875008.0,0.07121104747056961
3277812480.0,0.07266780734062195
3278749952.0,0.07255452871322632
3279687424.0,0.07403089851140976
3280624896.0,0.07501443475484848
3281562624.0,0.07525515556335449
3282500096.0,0.07642757147550583
3283437568.0,0.07676921039819717
3284375040.0,0.07628535479307175
3285312512.0,0.07628317177295685
3286249984.0,0.07668185234069824
3287187456.0,0.0762573704123497
3288124928.0,0.07656916975975037
3289062400.0,0.07621034979820251
3289999872.0,0.07538073509931564
3290937600.0,0.07556987553834915
3291875072.0,0.0757036879658699
3292812544.0,0.07575486600399017
3293750016.0,0.07563614845275879
3294687488.0,0.07689401507377625
3295624960.0,0.07825310528278351
3296562432.0,0.07875807583332062
3297499904.0,0.08117137104272842
3298437376.0,0.08173089474439621
3299375104.0,0.08376458287239075
3300312576.0,0.08569198101758957
3301250048.0,0.08930109441280365
3302187520.0,0.09265299886465073
3303124992.0,0.09570250660181046
3304062464.0,0.10014630109071732
3304999936.0,0.10501736402511597
3305937408.0,0.10955822467803955
3306874880.0,0.11447107791900635
3307812608.0,0.12640921771526337
3308750080.0,0.1341640204191208
3309687552.0,0.1419305056333542
3310625024.0,0.15002307295799255
3311562496.0,0.15855246782302856
3312499968.0,0.1660863161087036
3313437440.0,0.17516891658306122
3314374912.0,0.1824948787689209
3315312384.0,0.18831294775009155
3316250112.0,0.19520404934883118
3317187584.0,0.20035000145435333
3318125056.0,0.2063276469707489
3319062528.0,0.21145612001419067
3320000000.0,0.2141498178243637
3320937472.0,0.21626010537147522
3321874944.0,0.21809764206409454
3322812416.0,0.2176010012626648
3323749888.0,0.2157820165157318
3324687616.0,0.2134922593832016
3325625088.0,0.21003147959709167
3326562560.0,0.20632553100585938
3327500032.0,0.1997099071741104
3328437504.0,0.1930697113275528
3329374976.0,0.1847892552614212
3330312448.0,0.17626957595348358
3331249920.0,0.16618701815605164
3332187392.0,0.1564071625471115
3333125120.0,0.145328089594841
3334062592.0,0.13508497178554535
3335000064.0,0.12399793416261673
3335937536.0,0.11281494796276093
3336875008.0,0.10241055488586426
3337812480.0,0.09173940867185593
3338749952.0,0.08116254955530167
3339687424.0,0.07004092633724213
3340624896.0,0.061050135642290115
3341562624.0,0.05193556100130081
3342500096.0,0.0438472256064415
3343437568.0,0.03602932021021843
3344375040.0,0.02974691055715084
3345312512.0,0.024393688887357712
3346249984.0,0.020816249772906303
3347187456.0,0.01716546341776848
3348124928.0,0.015126113779842854
3349062400.0,0.014405946247279644
3350000128.0,0.015130419284105301
3350937600.0,0.016703009605407715
3351875072.0,0.01951604150235653
3352812544.0,0.023183338344097137
3353750016.0,0.028638480231165886
3354687488.0,0.03492864966392517
3355624960.0,0.041475825011730194
3356562432.0,0.049384213984012604
3357499904.0,0.05821229889988899
3358437376.0,0.06629841774702072
3359375104.0,0.07612890750169754
3360312576.0,0.08480573445558548
3361250048.0,0.09497980773448944
3362187520.0,0.10557615011930466
3363124992.0,0.11466941237449646
3364062464.0,0.12400665879249573
3364999936.0,0.13296209275722504
3365937408.0,0.14123350381851196
3366874880.0,0.14926780760288239
3367812608.0,0.0318048894405365
3368750080.0,0.03578154742717743
3369687552.0,0.03910079970955849
3370625024.0,0.04145354777574539
3371562496.0,0.04459675773978233
3372499968.0,0.046941109001636505
3373437440.0,0.04850984364748001
3374374912.0,0.04859660565853119
3375312384.0,0.048124779015779495
3376250112.0,0.04588853940367699
3377187584.0,0.04315143823623657
3378125056.0,0.03985077887773514
3379062528.0,0.0345439687371254
3380000000.0,0.029030710458755493
3380937472.0,0.02270153909921646
3381874944.0,0.01488005556166172
3382812416.0,0.006352817639708519
3383749888.0,-0.0026183926966041327
3384687616.0,-0.012255671434104443
3385625088.0,-0.02229679562151432
3386562560.0,-0.03326086699962616
3387500032.0,-0.044020459055900574
3388437504.0,-0.05488411709666252
3389374976.0,-0.0659678727388382
3390312448.0,-0.07575853914022446
3391249920.0,-0.08650112897157669
3392187392.0,-0.0970333069562912
3393125120.0,-0.10652752220630646
3394062592.0,-0.11447422206401825
3395000064.0,-0.12289165705442429
3395937536.0,-0.13072223961353302
3396875008.0,-0.13702872395515442
3397812480.0,-0.14290255308151245
3398749952.0,-0.14731164276599884
3399687424.0,-0.1510147601366043
3400624896.0,-0.15432436764240265
3401562624.0,-0.15667033195495605
3402500096.0,-0.15909092128276825
3403437568.0,-0.15895381569862366
3404375040.0,-0.16069328784942627
3405312512.0,-0.15983349084854126
3406249984.0,-0.1598268747329712
3407187456.0,-0.1584814190864563
3408124928.0,-0.157989501953125
3409062400.0,-0.1577576845884323
3409999872.0,-0.15666283667087555
3410937600.0,-0.15674307942390442
3411875072.0,-0.15811748802661896
3412812544.0,-0.15909098088741302
3413750016.0,-0.16221202909946442
3414687488.0,-0.1661645919084549
3415624960.0,-0.17162169516086578
3416562432.0,-0.17933368682861328
3417499904.0,-0.18800057470798492
3418437376.0,-0.19851402938365936
3419375104.0,-0.21154379844665527
3420312576.0,-0.22523833811283112
3421250048.0,-0.24309590458869934
3422187520.0,-0.26105523109436035
3423124992.0,-0.28343647718429565
3424062464.0,-0.3065813183784485
3424999936.0,-0.3307287395000458
3425937408.0,-0.3575534224510193
3426874880.0,-0.3858884572982788
3427812608.0,-0.41542285680770874
3428750080.0,-0.44435614347457886
3429687552.0,-0.47204020619392395
3430625024.0,-0.5009238123893738
3431562496.0,-0.5294672846794128
3432499968.0,-0.5572294592857361
3433437440.0,-0.5848418474197388
3434374912.0,-0.611814022064209
3435312384.0,-0.6396948099136353
3436250112.0,-0.667210578918457
3437187584.0,-0.695314884185791
3438125056.0,-0.7232441902160645
3439062528.0,-0.7525866031646729
3440000000.0,-0.7820870280265808
3440937472.0,-0.8128957152366638
3441874944.0,-0.845139741897583
3442812416.0,-0.8796043992042542
3443749888.0,-0.9163903594017029
3444687616.0,-0.9549599885940552
3445625088.0,-0.9962906241416931
3446562560.0,-1.0400266647338867
3447500032.0,-1.0878633260726929
3448437504.0,-1.1379364728927612
3449374976.0,-1.1903306245803833
3450312448.0,-1.2463338375091553
3451249920.0,-1.304584264755249
3452187392.0,-1.3633724451065063
3453125120.0,-1.4261178970336914
3454062592.0,-1.4891483783721924
3455000064.0,-1.5510743856430054
3455937536.0,-1.6130136251449585
3456875008.0,-1.6723911762237549
3457812480.0,-1.7274839878082275
3458749952.0,-1.778309941291809
3459687424.0,-1.8229445219039917
3460624896.0,-1.8607738018035889
3461562624.0,-1.8910269737243652
3462500096.0,-1.9148916006088257
3463437568.0,-1.9312622547149658
3464375040.0,-1.9401267766952515
3465312512.0,-1.942306399345398
3466249984.0,-1.9371883869171143
3467187456.0,-1.9240881204605103
3468124928.0,-1.9040888547897339
3469062400.0,-1.8779691457748413
3470000128.0,-1.8484177589416504
3470937600.0,-1.813625693321228
3471875072.0,-1.7765097618103027
3472812544.0,-1.7355154752731323
3473750016.0,-1.690911054611206
3474687488.0,-1.6436182260513306
3475624960.0,-1.594571590423584
3476562432.0,-1.544036865234375
3477499904.0,-1.4927674531936646
3478437376.0,-1.4409286975860596
3479375104.0,-1.3867254257202148
3480312576.0,-1.336806058883667
3481250048.0,-1.2888849973678589
3482187520.0,-1.2420926094055176
3483124992.0,-1.1959760189056396
3484062464.0,-1.1490999460220337
3484999936.0,-1.1042907238006592
3485937408.0,-1.0616581439971924
3486874880.0,-1.020424246788025
3487812608.0,-1.0142509937286377
3488750080.0,-0.9759069681167603
3489687552.0,-0.9412890076637268
3490625024.0,-0.9082126617431641
3491562496.0,-0.8776625394821167
3492499968.0,-0.849825918674469
3493437440.0,-0.822778582572937
3494374912.0,-0.7974845767021179
3495312384.0,-0.7744625806808472
3496250112.0,-0.7522558569908142
3497187584.0,-0.7320001721382141
3498125056.0,-0.7136111855506897
3499062528.0,-0.6958776116371155
3500000000.0,-0.6798778772354126
3500937472.0,-0.6647284030914307
3501874944.0,-0.6504257917404175
3502812416.0,-0.6357733011245728
3503749888.0,-0.6216228008270264
3504687616.0,-0.6086050271987915
3505625088.0,-0.5969973206520081
3506562560.0,-0.5856724977493286
3507500032.0,-0.5740796327590942
3508437504.0,-0.5631538033485413
3509374976.0,-0.5515534281730652
3510312448.0,-0.5403911471366882
3511249920.0,-0.5283889174461365
3512187392.0,-0.5157679319381714
3513125120.0,-0.5024505257606506
3514062592.0,-0.48952004313468933
3515000064.0,-0.4737449884414673
3515937536.0,-0.4581916928291321
3516875008.0,-0.4414583146572113
3517812480.0,-0.42487525939941406
3518749952.0,-0.4064062535762787
3519687424.0,-0.38785597681999207
3520624896.0,-0.36912357807159424
3521562624.0,-0.3491649329662323
3522500096.0,-0.330134779214859
3523437568.0,-0.3110372722148895
3524375040.0,-0.2923396825790405
3525312512.0,-0.2737853229045868
3526249984.0,-0.25596120953559875
3527187456.0,-0.23663866519927979
3528124928.0,-0.21841448545455933
3529062400.0,-0.20192493498325348
3529999872.0,-0.18744610249996185
3530937600.0,-0.17338751256465912
3531875072.0,-0.1614120602607727
3532812544.0,-0.1513776183128357
3533750016.0,-0.14261317253112793
3534687488.0,-0.1355903148651123
3535624960.0,-0.13055166602134705
3536562432.0,-0.12649741768836975
3537499904.0,-0.12426384538412094
3538437376.0,-0.12222832441329956
3539375104.0,-0.12245085090398788
3540312576.0,-0.1236550509929657
3541250048.0,-0.12780936062335968
3542187520.0,-0.13227829337120056
3543124992.0,-0.1384335458278656
3544062464.0,-0.14585240185260773
3544999936.0,-0.15526960790157318
3545937408.0,-0.16413995623588562
3546874880.0,-0.1762508600950241
3547812608.0,-0.21033193171024323
3548750080.0,-0.2015387862920761
3549687552.0,-0.19252359867095947
3550625024.0,-0.18382099270820618
3551562496.0,-0.17633655667304993
3552499968.0,-0.16914081573486328
3553437440.0,-0.16343367099761963
3554374912.0,-0.1583549976348877
3555312384.0,-0.15420810878276825
3556250112.0,-0.15094006061553955
3557187584.0,-0.14700402319431305
3558125056.0,-0.14329186081886292
3559062528.0,-0.14061345160007477
3560000000.0,-0.13716185092926025
3560937472.0,-0.13305628299713135
3561874944.0,-0.1303691416978836
3562812416.0,-0.12685136497020721
3563749888.0,-0.12319695204496384
3564687616.0,-0.121365025639534
3565625088.0,-0.1193525567650795
3566562560.0,-0.11597148329019547
3567500032.0,-0.11428984999656677
3568437504.0,-0.11230847239494324
3569374976.0,-0.11036207526922226
3570312448.0,-0.10778675973415375
3571249920.0,-0.10451260954141617
3572187392.0,-0.10218043625354767
3573125120.0,-0.09858998656272888
3574062592.0,-0.09606698155403137
3575000064.0,-0.09127671271562576
3575937536.0,-0.08914061635732651
3576875008.0,-0.08450673520565033
3577812480.0,-0.07999951392412186
3578749952.0,-0.07700952142477036
3579687424.0,-0.07323725521564484
3580624896.0,-0.06951549649238586
3581562624.0,-0.06617989391088486
3582500096.0,-0.062020983546972275
3583437568.0,-0.05824071913957596
3584375040.0,-0.05504845827817917
3585312512.0,-0.05142653360962868
3586249984.0,-0.04915787652134895
3587187456.0,-0.046679459512233734
3588124928.0,-0.044832635670900345
3589062400.0,-0.044252216815948486
3590000128.0,-0.04243587329983711
3590937600.0,-0.04290412366390228
3591875072.0,-0.04382773116230965
3592812544.0,-0.04520108923316002
3593750016.0,-0.04695010185241699
3594687488.0,-0.04894221946597099
3595624960.0,-0.051333341747522354
3596562432.0,-0.053259577602148056
3597499904.0,-0.05653535947203636
3598437376.0,-0.05981498584151268
3599375104.0,-0.06228741630911827
3600312576.0,-0.06480414420366287
3601250048.0,-0.0681239441037178
3602187520.0,-0.07204925268888474
3603124992.0,-0.07423632591962814
3604062464.0,-0.07699226588010788
3604999936.0,-0.08022598922252655
3605937408.0,-0.08173968642950058
3606874880.0,-0.08345628529787064
3607812608.0,-0.08788160979747772
3608750080.0,-0.08561503142118454
3609687552.0,-0.08430485427379608
3610625024.0,-0.08210980147123337
3611562496.0,-0.08173350244760513
3612499968.0,-0.08155934512615204
3613437440.0,-0.08152537792921066
3614374912.0,-0.08214464038610458
3615312384.0,-0.08432716876268387
3616250112.0,-0.0864611491560936
3617187584.0,-0.08866537362337112
3618125056.0,-0.09108380973339081
3619062528.0,-0.09412481635808945
3620000000.0,-0.09671783447265625
3620937472.0,-0.10021159052848816
3621874944.0,-0.10287825763225555
3622812416.0,-0.10471256822347641
3623749888.0,-0.10717414319515228
3624687616.0,-0.10992670059204102
3625625088.0,-0.1132090613245964
3626562560.0,-0.11531892418861389
3627500032.0,-0.11798488348722458
3628437504.0,-0.11998456716537476
3629374976.0,-0.12217210233211517
3630312448.0,-0.12213382869958878
3631249920.0,-0.12245451658964157
3632187392.0,-0.12136835604906082
3633125120.0,-0.11943121254444122
3634062592.0,-0.11752614378929138
3635000064.0,-0.11500605195760727
3635937536.0,-0.10953989624977112
3636875008.0,-0.10565413534641266
3637812480.0,-0.10042464733123779
3638749952.0,-0.09386597573757172
3639687424.0,-0.08772633224725723
3640624896.0,-0.08078598231077194
3641562624.0,-0.0741267278790474
3642500096.0,-0.06658665090799332
3643437568.0,-0.059086352586746216
3644375040.0,-0.051346346735954285
3645312512.0,-0.042465753853321075
3646249984.0,-0.03370410203933716
3647187456.0,-0.024881580844521523
3648124928.0,-0.016485802829265594
3649062400.0,-0.00867684930562973
3649999872.0,-0.0012606632662937045
3650937600.0,0.006143328733742237
3651875072.0,0.01317271776497364
3652812544.0,0.018971320241689682
3653750016.0,0.026186447590589523
3654687488.0,0.031132113188505173
3655624960.0,0.0343112014234066
3656562432.0,0.03841554746031761
3657499904.0,0.04148440808057785
3658437376.0,0.04360249638557434
3659375104.0,0.04476026073098183
3660312576.0,0.04505531117320061
3661250048.0,0.04372551292181015
3662187520.0,0.04263390973210335
3663124992.0,0.039627332240343094
3664062464.0,0.03560524806380272
3664999936.0,0.030867822468280792
3665937408.0,0.02560885064303875
3666874880.0,0.019687306135892868
3667812608.0,0.012705874629318714
3668750080.0,0.007152936886996031
3669687552.0,0.002266719238832593
3670625024.0,-0.0024972567334771156
3671562496.0,-0.006070965901017189
3672499968.0,-0.010017800144851208
3673437440.0,-0.011501590721309185
3674374912.0,-0.012837136164307594
3675312384.0,-0.01545075885951519
3676250112.0,-0.015458997339010239
3677187584.0,-0.016817184165120125
3678125056.0,-0.01695423200726509
3679062528.0,-0.016192002221941948
3680000000.0,-0.01575363613665104
3680937472.0,-0.01555066742002964
3681874944.0,-0.014326977543532848
3682812416.0,-0.01268188375979662
3683749888.0,-0.011084568686783314
3684687616.0,-0.008841249160468578
3685625088.0,-0.005960531998425722
3686562560.0,-0.003155026352033019
3687500032.0,-0.0001236452371813357
3688437504.0,0.0031978022307157516
3689374976.0,0.007064348086714745
3690312448.0,0.010306788608431816
3691249920.0,0.012200982309877872
3692187392.0,0.01477004960179329
3693125120.0,0.017682762816548347
3694062592.0,0.01977279782295227
3695000064.0,0.022885773330926895
3695937536.0,0.024430951103568077
3696875008.0,0.026616288349032402
3697812480.0,0.027976611629128456
3698749952.0,0.029716061428189278
3699687424.0,0.031353384256362915
3700624896.0,0.031062494963407516
3701562624.0,0.03287402540445328
3702500096.0,0.031947117298841476
3703437568.0,0.03012925200164318
3704375040.0,0.02697604149580002
3705312512.0,0.02312483824789524
3706249984.0,0.018113046884536743
3707187456.0,0.010820671916007996
3708124928.0,0.002278618048876524
3709062400.0,-0.006561946589499712
3710000128.0,-0.016917545348405838
3710937600.0,-0.02741672471165657
3711875072.0,-0.040322788059711456
3712812544.0,-0.0554070770740509
3713750016.0,-0.0704362541437149
3714687488.0,-0.08816230297088623
3715624960.0,-0.10642438381910324
3716562432.0,-0.1256602704524994
3717499904.0,-0.1457032859325409
3718437376.0,-0.16716143488883972
3719375104.0,-0.18902498483657837
3720312576.0,-0.21021054685115814
3721250048.0,-0.23016905784606934
3722187520.0,-0.2504143714904785
3723124992.0,-0.26940107345581055
3724062464.0,-0.28797927498817444
3724999936.0,-0.3052372932434082
3725937408.0,-0.3209525942802429
3726874880.0,-0.3351970911026001
3727812608.0,-0.021564098075032234
3728750080.0,-0.022101150825619698
3729687552.0,-0.022339217364788055
3730625024.0,-0.02442566677927971
3731562496.0,-0.0269006360322237
3732499968.0,-0.029652656987309456
3733437440.0,-0.03378145769238472
3734374912.0,-0.03667454794049263
3735312384.0,-0.03861694037914276
3736250112.0,-0.0414622463285923
3737187584.0,-0.0436154380440712
3738125056.0,-0.04500916972756386
3739062528.0,-0.046083513647317886
3740000000.0,-0.04537012055516243
3740937472.0,-0.04525400325655937
3741874944.0,-0.0442800298333168
3742812416.0,-0.042218167334795
3743749888.0,-0.03922362998127937
3744687616.0,-0.03576770797371864
3745625088.0,-0.030142096802592278
3746562560.0,-0.02391755022108555
3747500032.0,-0.017961421981453896
3748437504.0,-0.009678015485405922
3749374976.0,-0.0018315785564482212
3750312448.0,0.007783590350300074
3751249920.0,0.019438326358795166
3752187392.0,0.030192414298653603
3753125120.0,0.04151969775557518
3754062592.0,0.05177386850118637
3755000064.0,0.06251467764377594
3755937536.0,0.07366729527711868
3756875008.0,0.08297207951545715
3757812480.0,0.09244289994239807
3758749952.0,0.10071603953838348
3759687424.0,0.10866829752922058
3760624896.0,0.11479087918996811
3761562624.0,0.12049759179353714
3762500096.0,0.12460996955633163
3763437568.0,0.1278756707906723
3764375040.0,0.12935273349285126
3765312512.0,0.13020503520965576
3766249984.0,0.12847252190113068
3767187456.0,0.12572775781154633
3768124928.0,0.12216294556856155
3769062400.0,0.11675835400819778
3769999872.0,0.10983437299728394
3770937600.0,0.10161442309617996
3771875072.0,0.09229190647602081
3772812544.0,0.08273054659366608
3773750016.0,0.07232357561588287
3774687488.0,0.061308301985263824
3775624960.0,0.04867790266871452
3776562432.0,0.03699953481554985
3777499904.0,0.024346111342310905
3778437376.0,0.012532655149698257
3779375104.0,-0.000554727332200855
3780312576.0,-0.014101430773735046
3781250048.0,-0.025822395458817482
3782187520.0,-0.03886710852384567
3783124992.0,-0.049962352961301804
3784062464.0,-0.06052311137318611
3784999936.0,-0.07116179913282394
3785937408.0,-0.0799279659986496
3786874880.0,-0.0700841024518013
3787812608.0,-0.07353309541940689
3788750080.0,-0.0761280283331871
3789687552.0,-0.07942769676446915
3790625024.0,-0.08214092999696732
3791562496.0,-0.08476625382900238
3792499968.0,-0.08780921250581741
3793437440.0,-0.09128886461257935
3794374912.0,-0.093970388174057
3795312384.0,-0.09493626654148102
3796250112.0,-0.09636075794696808
3797187584.0,-0.09548953920602798
3798125056.0,-0.0958351194858551
3799062528.0,-0.09282267093658447
3800000000.0,-0.0894610732793808
3800937472.0,-0.08478523790836334
3801874944.0,-0.08004246652126312
3802812416.0,-0.07420913130044937
3803749888.0,-0.067726731300354
3804687616.0,-0.06087448075413704
3805625088.0,-0.05140664801001549
3806562560.0,-0.04384593665599823
3807500032.0,-0.03405509144067764
3808437504.0,-0.024963272735476494
3809374976.0,-0.015490217134356499
3810312448.0,-0.007176016923040152
3811249920.0,0.0019697402603924274
3812187392.0,0.010073736310005188
3813125120.0,0.017330080270767212
3814062592.0,0.02469375543296337
3815000064.0,0.0325293205678463
3815937536.0,0.03953682258725166
3816875008.0,0.044531166553497314
3817812480.0,0.0503588505089283
3818749952.0,0.053774166852235794
3819687424.0,0.05735144391655922
3820624896.0,0.058694154024124146
3821562624.0,0.05995440110564232
3822500096.0,0.05923379585146904
3823437568.0,0.05859661102294922
3824375040.0,0.056847747415304184
3825312512.0,0.05540432408452034
3826249984.0,0.05270862579345703
3827187456.0,0.04879613593220711
3828124928.0,0.044543102383613586
3829062400.0,0.03988959267735481
3830000128.0,0.03478485718369484
3830937600.0,0.02946658246219158
3831875072.0,0.02444835752248764
3832812544.0,0.01763092540204525
3833750016.0,0.012489872053265572
3834687488.0,0.005524384789168835
3835624960.0,-0.0007022588979452848
3836562432.0,-0.00639372831210494
3837499904.0,-0.012617950327694416
3838437376.0,-0.01897118054330349
3839375104.0,-0.02418380230665207
3840312576.0,-0.029689010232686996
3841250048.0,-0.0348549522459507
3842187520.0,-0.03957093507051468
3843124992.0,-0.043406616896390915
3844062464.0,-0.047658149152994156
3844999936.0,-0.05164257809519768
3845937408.0,-0.053802598267793655
3846874880.0,-0.05172473192214966
3847812608.0,-0.05356487259268761
3848750080.0,-0.05563194677233696
3849687552.0,-0.057809896767139435
3850625024.0,-0.05927993729710579
3851562496.0,-0.06076038256287575
3852499968.0,-0.06228554621338844
3853437440.0,-0.06341440975666046
3854374912.0,-0.0646602064371109
3855312384.0,-0.06420542299747467
3856250112.0,-0.06452701985836029
3857187584.0,-0.06369297206401825
3858125056.0,-0.06224364414811134
3859062528.0,-0.060680873692035675
3860000000.0,-0.059431929141283035
3860937472.0,-0.05691178888082504
3861874944.0,-0.053988438099622726
3862812416.0,-0.051999781280756
3863749888.0,-0.05019451305270195
3864687616.0,-0.05127863585948944
3865625088.0,-0.051458023488521576
3866562560.0,-0.05352552980184555
3867500032.0,-0.05735928565263748
3868437504.0,-0.0633833184838295
3869374976.0,-0.06997588276863098
3870312448.0,-0.0793062150478363
3871249920.0,-0.08912839740514755
3872187392.0,-0.09966661036014557
3873125120.0,-0.11076448857784271
3874062592.0,-0.12192844599485397
3875000064.0,-0.13472649455070496
3875937536.0,-0.14563387632369995
3876875008.0,-0.1551249474287033
3877812480.0,-0.1636645644903183
3878749952.0,-0.170503631234169
3879687424.0,-0.17480207979679108
3880624896.0,-0.17772899568080902
3881562624.0,-0.17816060781478882
3882500096.0,-0.17696359753608704
3883437568.0,-0.17402978241443634
3884375040.0,-0.1678626537322998
3885312512.0,-0.16066086292266846
3886249984.0,-0.15211088955402374
3887187456.0,-0.14099422097206116
3888124928.0,-0.13002724945545197
3889062400.0,-0.11797130852937698
3889999872.0,-0.10448489338159561
3890937600.0,-0.0923805832862854
3891875072.0,-0.07946109771728516
3892812544.0,-0.06792754679918289
3893750016.0,-0.05623982474207878
3894687488.0,-0.04673385247588158
3895624960.0,-0.038193974643945694
3896562432.0,-0.030427858233451843
3897499904.0,-0.024496491998434067
3898437376.0,-0.01865238882601261
3899375104.0,-0.015055937692523003
3900312576.0,-0.01184814516454935
3901250048.0,-0.01034096721559763
3902187520.0,-0.008786792866885662
3903124992.0,-0.008549859747290611
3904062464.0,-0.007133285515010357
3904999936.0,-0.0069624134339392185
3905937408.0,-0.0057898093946278095
3906874880.0,-0.015027137473225594
3907812608.0,-0.023908862844109535
3908750080.0,-0.030750134959816933
3909687552.0,-0.03551347926259041
3910625024.0,-0.03859637305140495
3911562496.0,-0.04083627834916115
3912499968.0,-0.04094633832573891
3913437440.0,-0.03845808655023575
3914374912.0,-0.034844402223825455
3915312384.0,-0.029902979731559753
3916250112.0,-0.02322624810039997
3917187584.0,-0.014620610512793064
3918125056.0,-0.00500832125544548
3919062528.0,0.004749056417495012
3920000000.0,0.01636335998773575
3920937472.0,0.026127425953745842
3921874944.0,0.03744536638259888
3922812416.0,0.04866344854235649
3923749888.0,0.059541746973991394
3924687616.0,0.07025615125894547
3925625088.0,0.07931322604417801
3926562560.0,0.08730293810367584
3927500032.0,0.09368148446083069
3928437504.0,0.10100281238555908
3929374976.0,0.10419464111328125
3930312448.0,0.10804624855518341
3931249920.0,0.10888240486383438
3932187392.0,0.10959392786026001
3933125120.0,0.10744190216064453
3934062592.0,0.10519042611122131
3935000064.0,0.10136666148900986
3935937536.0,0.09526074677705765
3936875008.0,0.08854878693819046
3937812480.0,0.08035116642713547
3938749952.0,0.06961324065923691
3939687424.0,0.05960452929139137
3940624896.0,0.04801974073052406
3941562624.0,0.03543370962142944
3942500096.0,0.023389924317598343
3943437568.0,0.009817041456699371
3944375040.0,-0.0033698726911097765
3945312512.0,-0.017055213451385498
3946249984.0,-0.03068891167640686
3947187456.0,-0.043088436126708984
3948124928.0,-0.05692770704627037
3949062400.0,-0.06968831270933151
3950000128.0,-0.0819513276219368
3950937600.0,-0.0934307798743248
3951875072.0,-0.10417264699935913
3952812544.0,-0.11456038057804108
3953750016.0,-0.12446922063827515
3954687488.0,-0.13273803889751434
3955624960.0,-0.14170488715171814
3956562432.0,-0.1488664448261261
3957499904.0,-0.1560324877500534
3958437376.0,-0.16244839131832123
3959375104.0,-0.1690906435251236
3960312576.0,-0.1734393686056137
3961250048.0,-0.17888513207435608
3962187520.0,-0.18475554883480072
3963124992.0,-0.18931326270103455
3964062464.0,-0.1938692033290863
3964999936.0,-0.1975058764219284
3965937408.0,-0.20131036639213562
3966874880.0,-0.09265467524528503
3967812608.0,-0.09784593433141708
3968750080.0,-0.10306371748447418
3969687552.0,-0.10788654536008835
3970625024.0,-0.11211510002613068
3971562496.0,-0.115140900015831
3972499968.0,-0.11795198172330856
3973437440.0,-0.11872058361768723
3974374912.0,-0.11953699588775635
3975312384.0,-0.1194465309381485
3976250112.0,-0.11718306690454483
3977187584.0,-0.114608995616436
3978125056.0,-0.11171629279851913
3979062528.0,-0.10835246741771698
3980000000.0,-0.10390687733888626
3980937472.0,-0.09922521561384201
3981874944.0,-0.0940449982881546
3982812416.0,-0.08874360471963882
3983749888.0,-0.08346792310476303
3984687616.0,-0.0763930231332779
3985625088.0,-0.07096274197101593
3986562560.0,-0.06567322462797165
3987500032.0,-0.05887533351778984
3988437504.0,-0.053558170795440674
3989374976.0,-0.04748348146677017
3990312448.0,-0.04131406545639038
3991249920.0,-0.036270517855882645
3992187392.0,-0.03215649351477623
3993125120.0,-0.028664274141192436
3994062592.0,-0.025463415309786797
3995000064.0,-0.022054580971598625
3995937536.0,-0.02021678164601326
3996875008.0,-0.019318411126732826
3997812480.0,-0.01896834373474121
3998749952.0,-0.019852660596370697
3999687424.0,-0.01878410205245018
4000624896.0,-0.011910805478692055
4001562624.0,-0.01708095520734787
4002500096.0,-0.02278483286499977
4003437568.0,-0.029984187334775925
4004375040.0,-0.03652383014559746
4005312512.0,-0.04487256705760956
4006249984.0,-0.05295548588037491
4007187456.0,-0.061890941113233566
4008124928.0,-0.07104458659887314
4009062400.0,-0.07946530729532242
4009999872.0,-0.0885855183005333
4010937600.0,-0.09713318943977356
4011875072.0,-0.10607986152172089
4012812544.0,-0.11492545157670975
4013750016.0,-0.12372478097677231
4014687488.0,-0.132272407412529
4015624960.0,-0.13910402357578278
4016562432.0,-0.14714893698692322
4017499904.0,-0.1548558920621872
4018437376.0,-0.16263853013515472
4019375104.0,-0.16913746297359467
4020312576.0,-0.1760113537311554
4021250048.0,-0.18174512684345245
4022187520.0,-0.1878693401813507
4023124992.0,-0.19217586517333984
4024062464.0,-0.19744165241718292
4024999936.0,-0.20091082155704498
4025937408.0,-0.20529308915138245
4026874880.0,-0.19773031771183014
4027812608.0,-0.20031388103961945
4028750080.0,-0.20293506979942322
4029687552.0,-0.20522893965244293
4030625024.0,-0.2076539546251297
4031562496.0,-0.20932748913764954
4032499968.0,-0.21062736213207245
4033437440.0,-0.21217083930969238
4034374912.0,-0.21290817856788635
4035312384.0,-0.2152319997549057
4036250112.0,-0.21618150174617767
4037187584.0,-0.2170489877462387
4038125056.0,-0.2168428897857666
4039062528.0,-0.21550890803337097
4040000000.0,-0.21458446979522705
4040937472.0,-0.21276508271694183
4041874944.0,-0.21159270405769348
4042812416.0,-0.20770470798015594
4043749888.0,-0.20470021665096283
4044687616.0,-0.20027048885822296
4045625088.0,-0.19583699107170105
4046562560.0,-0.18998229503631592
4047500032.0,-0.18361522257328033
4048437504.0,-0.17616255581378937
4049374976.0,-0.16841472685337067
4050312448.0,-0.15815973281860352
4051249920.0,-0.14845392107963562
4052187392.0,-0.13806632161140442
4053125120.0,-0.12633472681045532
4054062592.0,-0.11380849778652191
4055000064.0,-0.10063125938177109
4055937536.0,-0.08876640349626541
4056875008.0,-0.07735345512628555
4057812480.0,-0.0635884553194046
4058749952.0,-0.05154947564005852
4059687424.0,-0.03966772183775902
4060624896.0,-0.027879850938916206
4061562624.0,-0.016681844368577003
4062500096.0,-0.00605732761323452
4063437568.0,0.004844356328248978
4064375040.0,0.012373453006148338
4065312512.0,0.019687136635184288
4066249984.0,0.026745077222585678
4067187456.0,0.032244712114334106
4068124928.0,0.03698479011654854
4069062400.0,0.04040634632110596
4070000128.0,0.042161308228969574
4070937600.0,0.04393911734223366
4071875072.0,0.04320521652698517
4072812544.0,0.04142903536558151
4073750016.0,0.03883131965994835
4074687488.0,0.034973133355379105
4075624960.0,0.030363677069544792
4076562432.0,0.024634651839733124
4077499904.0,0.017713479697704315
4078437376.0,0.009388231672346592
4079375104.0,0.0011321675265207887
4080312576.0,-0.009730556979775429
4081250048.0,-0.019644638523459435
4082187520.0,-0.03008158504962921
4083124992.0,-0.04060901701450348
4084062464.0,-0.05185525864362717
4084999936.0,-0.062202464789152145
4085937408.0,-0.07176388800144196
4086874880.0,-0.09584164619445801
4087812608.0,-0.102555051445961
4088750080.0,-0.10674712061882019
4089687552.0,-0.11105137318372726
4090625024.0,-0.11501748859882355
4091562496.0,-0.11788197606801987
4092499968.0,-0.12057190388441086
4093437440.0,-0.12174230068922043
4094374912.0,-0.12434013187885284
4095312384.0,-0.1261260062456131
4096250112.0,-0.12662431597709656
4097187584.0,-0.1276184618473053
4098125056.0,-0.12870001792907715
4099062528.0,-0.1298048496246338
4100000000.0,-0.13043978810310364
4100937472.0,-0.1314244568347931
4101874944.0,-0.13363026082515717
4102812416.0,-0.13469019532203674
4103749888.0,-0.13646338880062103
4104687616.0,-0.13737596571445465
4105625088.0,-0.1395992934703827
4106562560.0,-0.1409996896982193
4107500032.0,-0.14081546664237976
4108437504.0,-0.14386431872844696
4109374976.0,-0.14451469480991364
4110312448.0,-0.14534728229045868
4111249920.0,-0.14536386728286743
4112187392.0,-0.1459622085094452
4113125120.0,-0.14602945744991302
4114062592.0,-0.14563529193401337
4115000064.0,-0.1457214504480362
4115937536.0,-0.14391377568244934
4116875008.0,-0.14286017417907715
4117812480.0,-0.1411629617214203
4118749952.0,-0.13853323459625244
4119687424.0,-0.13611620664596558
4120624896.0,-0.13179486989974976
4121562624.0,-0.12867923080921173
4122500096.0,-0.12484724074602127
4123437568.0,-0.12039276957511902
4124375040.0,-0.11690746992826462
4125312512.0,-0.11280494928359985
4126249984.0,-0.10865328460931778
4127187456.0,-0.10409744828939438
4128124928.0,-0.09983615577220917
4129062400.0,-0.09572368860244751
4129999872.0,-0.09194512665271759
4130937600.0,-0.08876511454582214
4131875072.0,-0.0839618667960167
4132812544.0,-0.08162826299667358
4133750016.0,-0.07794444262981415
4134687488.0,-0.07505107671022415
4135624960.0,-0.07211216539144516
4136562432.0,-0.06976524740457535
4137499904.0,-0.06683996319770813
4138437376.0,-0.06486567854881287
4139375104.0,-0.06378302723169327
4140312576.0,-0.061635687947273254
4141250048.0,-0.05951254814863205
4142187520.0,-0.058271538466215134
4143124992.0,-0.0569702684879303
4144062464.0,-0.05563689395785332
4144999936.0,-0.05449909716844559
4145937408.0,-0.05337979272007942
4146874880.0,-0.09242237359285355
4147812608.0,-0.09532434493303299
4148750080.0,-0.0964544415473938
4149687552.0,-0.0957879051566124
4150625024.0,-0.0952313095331192
4151562496.0,-0.09374214708805084
4152499968.0,-0.09173016250133514
4153437440.0,-0.08936940878629684
4154374912.0,-0.08691958338022232
4155312384.0,-0.08331464231014252
4156250112.0,-0.07859679311513901
4157187584.0,-0.07446636259555817
4158125056.0,-0.06944094598293304
4159062528.0,-0.06500235944986343
4160000000.0,-0.060561563819646835
4160937472.0,-0.05555778369307518
4161874944.0,-0.05100291967391968
4162812416.0,-0.04556567594408989
4163749888.0,-0.04179473593831062
4164687616.0,-0.03695482015609741
4165625088.0,-0.03424391150474548
4166562560.0,-0.03216799721121788
4167500032.0,-0.030696887522935867
4168437504.0,-0.029928287491202354
4169374976.0,-0.030075429007411003
4170312448.0,-0.03128639608621597
4171249920.0,-0.03240766376256943
4172187392.0,-0.03387167304754257
4173125120.0,-0.036644112318754196
4174062592.0,-0.03940492495894432
4175000064.0,-0.04259871318936348
4175937536.0,-0.04682355001568794
4176875008.0,-0.05070926249027252
4177812480.0,-0.05578361079096794
4178749952.0,-0.061136506497859955
4179687424.0,-0.06596764922142029
4180624896.0,-0.07071592658758163
4181562624.0,-0.07529587298631668
4182500096.0,-0.08068771660327911
4183437568.0,-0.08580902963876724
4184375040.0,-0.09076729416847229
4185312512.0,-0.09598666429519653
4186249984.0,-0.1004386842250824
4187187456.0,-0.10499347746372223
4188124928.0,-0.10945292562246323
4189062400.0,-0.11209449172019958
4190000128.0,-0.11538907885551453
4190937600.0,-0.11838260293006897
4191875072.0,-0.12179437279701233
4192812544.0,-0.12483792006969452
4193750016.0,-0.12832319736480713
4194687488.0,-0.13083578646183014
4195624960.0,-0.13536334037780762
4196562432.0,-0.13923875987529755
4197499904.0,-0.14283938705921173
4198437376.0,-0.1469041258096695
4199375104.0,-0.15036067366600037
4200312576.0,-0.1551961451768875
4201250048.0,-0.16000114381313324
4202187520.0,-0.16532869637012482
4203124992.0,-0.1710798442363739
4204062464.0,-0.17547272145748138
4204999936.0,-0.17970187962055206
4205937408.0,-0.18378131091594696
4206874880.0,-0.17488223314285278
4207812608.0,-0.18057964742183685
4208750080.0,-0.1854570060968399
4209687552.0,-0.1894221305847168
4210625024.0,-0.19372709095478058
4211562496.0,-0.19786815345287323
4212499968.0,-0.20099951326847076
4213437440.0,-0.20254603028297424
4214374912.0,-0.20322304964065552
4215312384.0,-0.2026233971118927
4216250112.0,-0.20221075415611267
4217187584.0,-0.19980661571025848
4218125056.0,-0.19546456634998322
4219062528.0,-0.18906453251838684
4220000000.0,-0.17977114021778107
4220937472.0,-0.17065124213695526
4221874944.0,-0.16070657968521118
4222812416.0,-0.1479928195476532
4223749888.0,-0.13616132736206055
4224687616.0,-0.12257040292024612
4225625088.0,-0.1073526069521904
4226562560.0,-0.09171921759843826
4227500032.0,-0.07624075561761856
4228437504.0,-0.05851132050156593
4229374976.0,-0.04298035427927971
4230312448.0,-0.0259767547249794
4231249920.0,-0.0087527921423316
4232187392.0,0.007880611345171928
4233125120.0,0.02357119880616665
4234062592.0,0.03941897675395012
4235000064.0,0.054972175508737564
4235937536.0,0.06886942684650421
4236875008.0,0.08162028342485428
4237812480.0,0.0950455442070961
4238749952.0,0.10634339600801468
4239687424.0,0.11704196035861969
4240624896.0,0.12558315694332123
4241562624.0,0.13261951506137848
4242500096.0,0.13809780776500702
4243437568.0,0.14222578704357147
4244375040.0,0.1450173407793045
4245312512.0,0.14650140702724457
4246249984.0,0.14481283724308014
4247187456.0,0.14270645380020142
4248124928.0,0.13825367391109467
4249062400.0,0.13228698074817657
4249999872.0,0.12347754091024399
4250937600.0,0.1137794554233551
4251875072.0,0.10361563414335251
4252812544.0,0.09109129011631012
4253750016.0,0.07627113163471222
4254687488.0,0.05983863025903702
4255624960.0,0.0428488627076149
4256562432.0,0.02455303445458412
4257499904.0,0.004839415196329355
4258437376.0,-0.015644192695617676
4259375104.0,-0.036587927490472794
4260312576.0,-0.05911540240049362
4261250048.0,-0.08042275905609131
4262187520.0,-0.1023596003651619
4263124992.0,-0.12452904880046844
4264062464.0,-0.14558538794517517
4264999936.0,-0.1672970950603485
4265937408.0,-0.18873684108257294
4266874880.0,-0.20098018646240234
4267812608.0,-0.20902788639068604
4268750080.0,-0.21753908693790436
4269687552.0,-0.22558750212192535
4270625024.0,-0.2329735904932022
4271562496.0,-0.24001842737197876
4272499968.0,-0.24532905220985413
4273437440.0,-0.25022080540657043
4274374912.0,-0.2526906728744507
4275312384.0,-0.2538231611251831
4276250112.0,-0.25372564792633057
4277187584.0,-0.2518337666988373
4278125056.0,-0.24747049808502197
4279062528.0,-0.2401968240737915
4280000000.0,-0.23161262273788452
4280937472.0,-0.22101077437400818
4281874944.0,-0.2085556983947754
4282812416.0,-0.19292780756950378
4283749888.0,-0.1768338978290558
4284687616.0,-0.15824371576309204
4285625088.0,-0.13927190005779266
4286562560.0,-0.1169721931219101
4287500032.0,-0.09400448948144913
4288437504.0,-0.06974282115697861
4289374976.0,-0.04506991058588028
4290312448.0,-0.021243777126073837
4291249920.0,0.0036613636184483767
4292187392.0,0.027565699070692062
4293125120.0,0.05087941139936447
4294062592.0,0.07357686758041382
4295000064.0,0.09373635053634644
4295937536.0,0.11221646517515182
4296875008.0,0.1306760013103485
4297812480.0,0.1460193693637848
4298749952.0,0.15965667366981506
4299687424.0,0.17099983990192413
4300624896.0,0.17906710505485535
4301562368.0,0.18621589243412018
4302499840.0,0.19012156128883362
4303437312.0,0.19245846569538116
4304374784.0,0.1907304972410202
4305312256.0,0.18716102838516235
4306250240.0,0.18147103488445282
4307187712.0,0.17251141369342804
4308125184.0,0.16238285601139069
4309062656.0,0.1490563005208969
4310000128.0,0.13394823670387268
4310937600.0,0.11868374049663544
4311875072.0,0.10082237422466278
4312812544.0,0.0825386494398117
4313750016.0,0.06332964450120926
4314687488.0,0.0430370531976223
4315624960.0,0.02330821007490158
4316562432.0,0.003291552420705557
4317499904.0,-0.01692480780184269
4318437376.0,-0.03721052035689354
4319374848.0,-0.055650196969509125
4320312320.0,-0.07427134364843369
4321249792.0,-0.09234516322612762
4322187264.0,-0.10860797017812729
4323125248.0,-0.1252226084470749
4324062720.0,-0.1401839405298233
4325000192.0,-0.1539970338344574
4325937664.0,-0.16626623272895813
4326875136.0,-0.2254304587841034
4327812608.0,-0.22593547403812408
4328750080.0,-0.2244073897600174
4329687552.0,-0.22065266966819763
4330625024.0,-0.214943066239357
4331562496.0,-0.20870651304721832
4332499968.0,-0.200222447514534
4333437440.0,-0.19183053076267242
4334374912.0,-0.18171079456806183
4335312384.0,-0.17265908420085907
4336249856.0,-0.16432715952396393
4337187328.0,-0.15398797392845154
4338124800.0,-0.14553578197956085
4339062272.0,-0.13887348771095276
4339999744.0,-0.13000163435935974
4340937728.0,-0.12297417968511581
4341875200.0,-0.1171279326081276
4342812672.0,-0.11175976693630219
4343750144.0,-0.1066482812166214
4344687616.0,-0.1021108478307724
4345625088.0,-0.0972018614411354
4346562560.0,-0.09428461641073227
4347500032.0,-0.09210187196731567
4348437504.0,-0.08967641741037369
4349374976.0,-0.08908446878194809
4350312448.0,-0.08842230588197708
4351249920.0,-0.08784544467926025
4352187392.0,-0.0875527486205101
4353124864.0,-0.08835045248270035
4354062336.0,-0.08794432878494263
4354999808.0,-0.0908876284956932
4355937280.0,-0.09194102138280869
4356874752.0,-0.09326756745576859
4357812736.0,-0.09601721167564392
4358750208.0,-0.09835942089557648
4359687680.0,-0.10156998038291931
4360625152.0,-0.10489579290151596
4361562624.0,-0.10887439548969269
4362500096.0,-0.11252627521753311
4363437568.0,-0.11576542258262634
4364375040.0,-0.11831960827112198
4365312512.0,-0.12108557671308517
4366249984.0,-0.12572303414344788
4367187456.0,-0.12873806059360504
4368124928.0,-0.13288924098014832
4369062400.0,-0.13761241734027863
4369999872.0,-0.14180108904838562
4370937344.0,-0.14653895795345306
4371874816.0,-0.15058587491512299
4372812288.0,-0.1551923155784607
4373749760.0,-0.15996862947940826
4374687744.0,-0.16481488943099976
4375625216.0,-0.17038242518901825
4376562688.0,-0.17557401955127716
4377500160.0,-0.18113157153129578
4378437632.0,-0.18859538435935974
4379375104.0,-0.1957913637161255
4380312576.0,-0.20399264991283417
4381250048.0,-0.21248666942119598
4382187520.0,-0.2213245928287506
4383124992.0,-0.23263438045978546
4384062464.0,-0.24197937548160553
4384999936.0,-0.25367721915245056
4385937408.0,-0.2649851143360138
4386874880.0,-0.33583423495292664
4387812352.0,-0.34507498145103455
4388749824.0,-0.3503892719745636
4389687296.0,-0.35608768463134766
4390624768.0,-0.359910249710083
4391562752.0,-0.3614828288555145
4392500224.0,-0.3626331686973572
4393437696.0,-0.3593711256980896
4394375168.0,-0.35691511631011963
4395312640.0,-0.3509943187236786
4396250112.0,-0.3435014486312866
4397187584.0,-0.3359552323818207
4398125056.0,-0.3240278661251068
4399062528.0,-0.31215900182724
4400000000.0,-0.29761072993278503
4400937472.0,-0.28212493658065796
4401874944.0,-0.2669084966182709
4402812416.0,-0.24972929060459137
4403749888.0,-0.23280371725559235
4404687360.0,-0.2148451954126358
4405624832.0,-0.19632717967033386
4406562304.0,-0.17857828736305237
4407499776.0,-0.16007615625858307
4408437248.0,-0.14230318367481232
4409375232.0,-0.12630151212215424
4410312704.0,-0.11210943013429642
4411250176.0,-0.09795951098203659
4412187648.0,-0.08508678525686264
4413125120.0,-0.07383326441049576
4414062592.0,-0.06430042535066605
4415000064.0,-0.055504269897937775
4415937536.0,-0.04778124392032623
4416875008.0,-0.04341113939881325
4417812480.0,-0.041095439344644547
4418749952.0,-0.042051032185554504
4419687424.0,-0.045044153928756714
4420624896.0,-0.051105648279190063
4421562368.0,-0.05858936533331871
4422499840.0,-0.06906212121248245
4423437312.0,-0.08298543095588684
4424374784.0,-0.09725277870893478
4425312256.0,-0.11414240300655365
4426250240.0,-0.13182421028614044
4427187712.0,-0.15049263834953308
4428125184.0,-0.17050278186798096
4429062656.0,-0.1924176961183548
4430000128.0,-0.21497933566570282
4430937600.0,-0.23841986060142517
4431875072.0,-0.2612895369529724
4432812544.0,-0.2853968143463135
4433750016.0,-0.30941614508628845
4434687488.0,-0.3332577347755432
4435624960.0,-0.3567192554473877
4436562432.0,-0.3793523907661438
4437499904.0,-0.4005438983440399
4438437376.0,-0.4216005802154541
4439374848.0,-0.4417124092578888
4440312320.0,-0.4601171314716339
4441249792.0,-0.4780786633491516
4442187264.0,-0.49213653802871704
4443125248.0,-0.5077438354492188
4444062720.0,-0.5194844603538513
4445000192.0,-0.5302316546440125
4445937664.0,-0.538762629032135
4446875136.0,-0.5505837202072144
4447812608.0,-0.5578655004501343
4448750080.0,-0.5632449984550476
4449687552.0,-0.5664872527122498
4450625024.0,-0.5682071447372437
4451562496.0,-0.5676551461219788
4452499968.0,-0.5643683671951294
4453437440.0,-0.5584813356399536
4454374912.0,-0.5518304705619812
4455312384.0,-0.5427618622779846
4456249856.0,-0.5311312079429626
4457187328.0,-0.5190056562423706
4458124800.0,-0.5036191344261169
4459062272.0,-0.4882921278476715
4460000256.0,-0.47207310795783997
4460937728.0,-0.4549415111541748
4461875200.0,-0.43717142939567566
4462812672.0,-0.4203789234161377
4463750144.0,-0.40345466136932373
4464687616.0,-0.38523048162460327
4465625088.0,-0.3697454631328583
4466562560.0,-0.35284101963043213
4467500032.0,-0.3386322557926178
4468437504.0,-0.32513007521629333
4469374976.0,-0.31117573380470276
4470312448.0,-0.29949700832366943
4471249920.0,-0.28905680775642395
4472187392.0,-0.27842122316360474
4473124864.0,-0.2710340917110443
4474062336.0,-0.26401251554489136
4474999808.0,-0.259894460439682
4475937280.0,-0.2585582137107849
4476874752.0,-0.2578801214694977
4477812736.0,-0.2602550983428955
4478750208.0,-0.2638411223888397
4479687680.0,-0.27075013518333435
4480625152.0,-0.2788526117801666
4481562624.0,-0.2902240455150604
4482500096.0,-0.3042234182357788
4483437568.0,-0.3193332254886627
4484375040.0,-0.33779338002204895
4485312512.0,-0.3594960868358612
4486249984.0,-0.3827417194843292
4487187456.0,-0.40904414653778076
4488124928.0,-0.4372299015522003
4489062400.0,-0.46699258685112
4489999872.0,-0.4975133538246155
4490937344.0,-0.5309165716171265
4491874816.0,-0.5631345510482788
4492812288.0,-0.5961865186691284
4493749760.0,-0.6299887299537659
4494687744.0,-0.6630201935768127
4495625216.0,-0.695580780506134
4496562688.0,-0.7275254130363464
4497500160.0,-0.7607696652412415
4498437632.0,-0.7920711040496826
4499375104.0,-0.8207139372825623
4500312576.0,-0.848139762878418
4501250048.0,-0.8734763860702515
4502187520.0,-0.8964977860450745
4503124992.0,-0.9181087613105774
4504062464.0,-0.9383410811424255
4504999936.0,-0.9567438364028931
4505937408.0,-0.9720647931098938
4506874880.0,-0.9364120364189148
4507812352.0,-0.949620246887207
4508749824.0,-0.9607043862342834
4509687296.0,-0.9690710306167603
4510624768.0,-0.9744508266448975
4511562752.0,-0.9772129058837891
4512500224.0,-0.9776196479797363
4513437696.0,-0.9741427302360535
4514375168.0,-0.9694409966468811
4515312640.0,-0.9626679420471191
4516250112.0,-0.9534509778022766
4517187584.0,-0.9421603679656982
4518125056.0,-0.930044949054718
4519062528.0,-0.9181914329528809
4520000000.0,-0.903427004814148
4520937472.0,-0.8896673321723938
4521874944.0,-0.8752027750015259
4522812416.0,-0.8610427379608154
4523749888.0,-0.8467784523963928
4524687360.0,-0.8331280946731567
4525624832.0,-0.8214174509048462
4526562304.0,-0.8104172348976135
4527499776.0,-0.7999767065048218
4528437248.0,-0.7911670207977295
4529375232.0,-0.7834771275520325
4530312704.0,-0.777954638004303
4531250176.0,-0.7735913395881653
4532187648.0,-0.7734682559967041
4533125120.0,-0.7767156958580017
4534062592.0,-0.7827169895172119
4535000064.0,-0.7934252619743347
4535937536.0,-0.8066120743751526
4536875008.0,-0.8246484398841858
4537812480.0,-0.8465005159378052
4538749952.0,-0.8704289793968201
4539687424.0,-0.8991367816925049
4540624896.0,-0.9295240640640259
4541562368.0,-0.9640192985534668
4542499840.0,-1.0003398656845093
4543437312.0,-1.040912389755249
4544374784.0,-1.0836862325668335
4545312256.0,-1.1314231157302856
4546250240.0,-1.1828947067260742
4547187712.0,-1.2371981143951416
4548125184.0,-1.2955690622329712
4549062656.0,-1.3553224802017212
4550000128.0,-1.4178593158721924
4550937600.0,-1.4821813106536865
4551875072.0,-1.5496912002563477
4552812544.0,-1.6171308755874634
4553750016.0,-1.6845784187316895
4554687488.0,-1.7542026042938232
4555624960.0,-1.8243021965026855
4556562432.0,-1.8940280675888062
4557499904.0,-1.965417504310608
4558437376.0,-2.036153793334961
4559374848.0,-2.107353687286377
4560312320.0,-2.17929744720459
4561249792.0,-2.2482972145080566
4562187264.0,-2.3155627250671387
4563125248.0,-2.3794596195220947
4564062720.0,-2.442857265472412
4565000192.0,-2.5027120113372803
4565937664.0,-2.5606136322021484
4566875136.0,-2.433336019515991
4567812608.0,-2.467384099960327
4568750080.0,-2.5010082721710205
4569687552.0,-2.5338330268859863
4570625024.0,-2.5660817623138428
4571562496.0,-2.5984914302825928
4572499968.0,-2.63151478767395
4573437440.0,-2.6630542278289795
4574374912.0,-2.696584939956665
4575312384.0,-2.729304075241089
4576249856.0,-2.7630550861358643
4577187328.0,-2.7981204986572266
4578124800.0,-2.8370423316955566
4579062272.0,-2.8754475116729736
4579999744.0,-2.9166276454925537
4580937728.0,-2.9565556049346924
4581875200.0,-2.9967398643493652
4582812672.0,-3.034846067428589
4583750144.0,-3.071331262588501
4584687616.0,-3.1059930324554443
4585625088.0,-3.140815019607544
4586562560.0,-3.1754038333892822
4587500032.0,-3.2091012001037598
4588437504.0,-3.2421457767486572
4589374976.0,-3.273416757583618
4590312448.0,-3.3064308166503906
4591249920.0,-3.3408148288726807
4592187392.0,-3.3765337467193604
4593124864.0,-3.4150354862213135
4594062336.0,-3.4549455642700195
4594999808.0,-3.4954428672790527
4595937280.0,-3.538499355316162
4596874752.0,-3.5790982246398926
4597812736.0,-3.6213595867156982
4598750208.0,-3.6656951904296875
4599687680.0,-3.710684061050415
4600625152.0,-3.759552478790283
4601562624.0,-3.8100666999816895
4602500096.0,-3.861370801925659
4603437568.0,-3.9106571674346924
4604375040.0,-3.9584617614746094
4605312512.0,-4.002643585205078
4606249984.0,-4.041945457458496
4607187456.0,-4.08141565322876
4608124928.0,-4.119542121887207
4609062400.0,-4.1630024909973145
4609999872.0,-4.205738067626953
4610937344.0,-4.247726917266846
4611874816.0,-4.286706924438477
4612812288.0,-4.321249961853027
4613749760.0,-4.35142707824707
4614687744.0,-4.379822254180908
4615625216.0,-4.407106876373291
4616562688.0,-4.432689666748047
4617500160.0,-4.454061985015869
4618437632.0,-4.466969966888428
4619375104.0,-4.474939823150635
4620312576.0,-4.476320743560791
4621250048.0,-4.476382255554199
4622187520.0,-4.473784446716309
4623124992.0,-4.4683709144592285
4624062464.0,-4.458556175231934
4624999936.0,-4.442899227142334
4625937408.0,-4.420578479766846
4626874880.0,-4.574172019958496
4627812352.0,-4.519677639007568
4628749824.0,-4.4625091552734375
4629687296.0,-4.3976826667785645
4630624768.0,-4.329843521118164
4631562752.0,-4.259079456329346
4632500224.0,-4.184637546539307
4633437696.0,-4.108341217041016
4634375168.0,-4.028250217437744
4635312640.0,-3.9447078704833984
4636250112.0,-3.8565938472747803
4637187584.0,-3.7643871307373047
4638125056.0,-3.666396141052246
4639062528.0,-3.5634021759033203
4640000000.0,-3.455697536468506
4640937472.0,-3.3456482887268066
4641874944.0,-3.2325515747070312
4642812416.0,-3.118424415588379
4643749888.0,-3.0055675506591797
4644687360.0,-2.895160675048828
4645624832.0,-2.786163330078125
4646562304.0,-2.678605794906616
4647499776.0,-2.572556734085083
4648437248.0,-2.4706711769104004
4649375232.0,-2.372735023498535
4650312704.0,-2.2797088623046875
4651250176.0,-2.1889169216156006
4652187648.0,-2.1029536724090576
4653125120.0,-2.021684408187866
4654062592.0,-1.9441734552383423
4655000064.0,-1.8717215061187744
4655937536.0,-1.8033779859542847
4656875008.0,-1.7404130697250366
4657812480.0,-1.6823805570602417
4658749952.0,-1.6292942762374878
4659687424.0,-1.581263542175293
4660624896.0,-1.5375919342041016
4661562368.0,-1.4982153177261353
4662499840.0,-1.4632086753845215
4663437312.0,-1.4324582815170288
4664374784.0,-1.4039415121078491
4665312256.0,-1.3800270557403564
4666250240.0,-1.3592495918273926
4667187712.0,-1.3413339853286743
4668125184.0,-1.3262470960617065
4669062656.0,-1.3141905069351196
4670000128.0,-1.301969289779663
4670937600.0,-1.2921916246414185
4671875072.0,-1.2841652631759644
4672812544.0,-1.2760522365570068
4673750016.0,-1.2690054178237915
4674687488.0,-1.2624613046646118
4675624960.0,-1.2564184665679932
4676562432.0,-1.2478275299072266
4677499904.0,-1.239461898803711
4678437376.0,-1.2289577722549438
4679374848.0,-1.2155259847640991
4680312320.0,-1.2015068531036377
4681249792.0,-1.1853275299072266
4682187264.0,-1.167525291442871
4683125248.0,-1.1489741802215576
4684062720.0,-1.1284971237182617
4685000192.0,-1.107986330986023
4685937664.0,-1.0857608318328857
4686875136.0,-1.0869591236114502
4687812608.0,-1.0639079809188843
4688750080.0,-1.038120150566101
4689687552.0,-1.010883092880249
4690625024.0,-0.9831899404525757
4691562496.0,-0.954197347164154
4692499968.0,-0.9230441451072693
4693437440.0,-0.8927095532417297
4694374912.0,-0.8609691262245178
4695312384.0,-0.8277530074119568
4696249856.0,-0.7949650883674622
4697187328.0,-0.7628917098045349
4698124800.0,-0.7290154695510864
4699062272.0,-0.6957092881202698
4700000256.0,-0.6626591086387634
4700937728.0,-0.6300833821296692
4701875200.0,-0.5982349514961243
4702812672.0,-0.5664970278739929
4703750144.0,-0.5358071327209473
4704687616.0,-0.506422221660614
4705625088.0,-0.4779477119445801
4706562560.0,-0.4506499469280243
4707500032.0,-0.4258396029472351
4708437504.0,-0.4012121856212616
4709374976.0,-0.3791995644569397
4710312448.0,-0.3592340052127838
4711249920.0,-0.3404880464076996
4712187392.0,-0.32301127910614014
4713124864.0,-0.30828461050987244
4714062336.0,-0.29550889134407043
4714999808.0,-0.28466737270355225
4715937280.0,-0.27437588572502136
4716874752.0,-0.2663770318031311
4717812736.0,-0.2605503499507904
4718750208.0,-0.25708356499671936
4719687680.0,-0.2549399435520172
4720625152.0,-0.2547796070575714
4721562624.0,-0.2576487362384796
4722500096.0,-0.26213833689689636
4723437568.0,-0.2682168781757355
4724375040.0,-0.27548956871032715
4725312512.0,-0.28398963809013367
4726249984.0,-0.2945185899734497
4727187456.0,-0.3066243827342987
4728124928.0,-0.3197527527809143
4729062400.0,-0.33473438024520874
4729999872.0,-0.350172758102417
4730937344.0,-0.367239773273468
4731874816.0,-0.3841278553009033
4732812288.0,-0.4015597403049469
4733749760.0,-0.4209090769290924
4734687744.0,-0.43971943855285645
4735625216.0,-0.45829397439956665
4736562688.0,-0.47713202238082886
4737500160.0,-0.4954579472541809
4738437632.0,-0.5126019716262817
4739375104.0,-0.5287320613861084
4740312576.0,-0.5454931259155273
4741250048.0,-0.5598843693733215
4742187520.0,-0.573837161064148
4743124992.0,-0.5862575173377991
4744062464.0,-0.5973026156425476
4744999936.0,-0.6059491634368896
4745937408.0,-0.6129618883132935
4746874880.0,-0.4289901554584503
4747812352.0,-0.4293849468231201
4748749824.0,-0.42855313420295715
4749687296.0,-0.4270106852054596
4750624768.0,-0.4260796904563904
4751562752.0,-0.4231638014316559
4752500224.0,-0.42107611894607544
4753437696.0,-0.4181957244873047
4754375168.0,-0.41404053568840027
4755312640.0,-0.40995660424232483
4756250112.0,-0.40651634335517883
4757187584.0,-0.4005905091762543
4758125056.0,-0.39472177624702454
4759062528.0,-0.38931554555892944
4760000000.0,-0.38294246792793274
4760937472.0,-0.3758683502674103
4761874944.0,-0.36809325218200684
4762812416.0,-0.35860562324523926
4763749888.0,-0.35061824321746826
4764687360.0,-0.3409813344478607
4765624832.0,-0.33022570610046387
4766562304.0,-0.31964996457099915
4767499776.0,-0.3079034090042114
4768437248.0,-0.29600077867507935
4769375232.0,-0.2830398678779602
4770312704.0,-0.2697858512401581
4771250176.0,-0.25574880838394165
4772187648.0,-0.24029086530208588
4773125120.0,-0.22500520944595337
4774062592.0,-0.20708361268043518
4775000064.0,-0.1901649534702301
4775937536.0,-0.1716170459985733
4776875008.0,-0.15229687094688416
4777812480.0,-0.13303925096988678
4778749952.0,-0.1125757098197937
4779687424.0,-0.0934239849448204
4780624896.0,-0.07271634787321091
4781562368.0,-0.051887355744838715
4782499840.0,-0.030306760221719742
4783437312.0,-0.009783381596207619
4784374784.0,0.012619633227586746
4785312256.0,0.0327061265707016
4786250240.0,0.05357727035880089
4787187712.0,0.0724496841430664
4788125184.0,0.09167396277189255
4789062656.0,0.10814685374498367
4790000128.0,0.12431801110506058
4790937600.0,0.13901841640472412
4791875072.0,0.15148420631885529
4792812544.0,0.1622961163520813
4793750016.0,0.17079603672027588
4794687488.0,0.1777179092168808
4795624960.0,0.18209069967269897
4796562432.0,0.18422284722328186
4797499904.0,0.18336628377437592
4798437376.0,0.18003906309604645
4799374848.0,0.17454496026039124
4800312320.0,0.16583222150802612
4801249792.0,0.15463042259216309
4802187264.0,0.1403014361858368
4803125248.0,0.12390851229429245
4804062720.0,0.10679270327091217
4805000192.0,0.08538587391376495
4805937664.0,0.06240121275186539
4806875136.0,-0.21583296358585358
4807812608.0,-0.2226126343011856
4808750080.0,-0.22868245840072632
4809687552.0,-0.23428837954998016
4810625024.0,-0.24128150939941406
4811562496.0,-0.24699263274669647
4812499968.0,-0.252928227186203
4813437440.0,-0.25826457142829895
4814374912.0,-0.2621113657951355
4815312384.0,-0.2665867805480957
4816249856.0,-0.2702837586402893
4817187328.0,-0.2725428640842438
4818124800.0,-0.2740495800971985
4819062272.0,-0.27491384744644165
4819999744.0,-0.27515169978141785
4820937728.0,-0.2724383771419525
4821875200.0,-0.27034932374954224
4822812672.0,-0.266772985458374
4823750144.0,-0.2622701823711395
4824687616.0,-0.256563663482666
4825625088.0,-0.24987201392650604
4826562560.0,-0.24327309429645538
4827500032.0,-0.23538073897361755
4828437504.0,-0.22625833749771118
4829374976.0,-0.2161124050617218
4830312448.0,-0.20571592450141907
4831249920.0,-0.19605116546154022
4832187392.0,-0.18469592928886414
4833124864.0,-0.17355339229106903
4834062336.0,-0.16206178069114685
4834999808.0,-0.15078800916671753
4835937280.0,-0.13943926990032196
4836874752.0,-0.12915168702602386
4837812736.0,-0.11994896084070206
4838750208.0,-0.11035546660423279
4839687680.0,-0.10213469713926315
4840625152.0,-0.09537309408187866
4841562624.0,-0.09026947617530823
4842500096.0,-0.08606158941984177
4843437568.0,-0.08259953558444977
4844375040.0,-0.0811886191368103
4845312512.0,-0.08242649585008621
4846249984.0,-0.08292693644762039
4847187456.0,-0.08714117854833603
4848124928.0,-0.09257357567548752
4849062400.0,-0.09763780981302261
4849999872.0,-0.10474877804517746
4850937344.0,-0.1141056939959526
4851874816.0,-0.12385978549718857
4852812288.0,-0.13484995067119598
4853749760.0,-0.14720351994037628
4854687744.0,-0.1611960530281067
4855625216.0,-0.17544415593147278
4856562688.0,-0.18908558785915375
4857500160.0,-0.20443667471408844
4858437632.0,-0.217917799949646
4859375104.0,-0.23222000896930695
4860312576.0,-0.2451930046081543
4861250048.0,-0.25891557335853577
4862187520.0,-0.2707642912864685
4863124992.0,-0.28242018818855286
4864062464.0,-0.2929033935070038
4864999936.0,-0.30326566100120544
4865937408.0,-0.31077322363853455
4866874880.0,-0.2960833013057709
4867812352.0,-0.303425669670105
4868749824.0,-0.3088008463382721
4869687296.0,-0.3138834536075592
4870624768.0,-0.31850650906562805
4871562752.0,-0.3215675950050354
4872500224.0,-0.32401490211486816
4873437696.0,-0.3252304792404175
4874375168.0,-0.3259613513946533
4875312640.0,-0.3255675733089447
4876250112.0,-0.3237918019294739
4877187584.0,-0.32097646594047546
4878125056.0,-0.3168189227581024
4879062528.0,-0.3126240074634552
4880000000.0,-0.306841641664505
4880937472.0,-0.2993965148925781
4881874944.0,-0.29182493686676025
4882812416.0,-0.28463098406791687
4883749888.0,-0.27547115087509155
4884687360.0,-0.26477596163749695
4885624832.0,-0.2537423372268677
4886562304.0,-0.24295279383659363
4887499776.0,-0.2306457757949829
4888437248.0,-0.2187359631061554
4889375232.0,-0.20496468245983124
4890312704.0,-0.1916206330060959
4891250176.0,-0.17817692458629608
4892187648.0,-0.16403478384017944
4893125120.0,-0.15094782412052155
4894062592.0,-0.13660934567451477
4895000064.0,-0.12249113619327545
4895937536.0,-0.10775434225797653
4896875008.0,-0.09396227449178696
4897812480.0,-0.08214893937110901
4898749952.0,-0.06835272908210754
4899687424.0,-0.056616224348545074
4900624896.0,-0.04562016949057579
4901562368.0,-0.03473212942481041
4902499840.0,-0.026312118396162987
4903437312.0,-0.017568636685609818
4904374784.0,-0.0105179063975811
4905312256.0,-0.003895634552463889
4906250240.0,0.0009970568353310227
4907187712.0,0.00528187258169055
4908125184.0,0.00797631498426199
4909062656.0,0.008936850354075432
4910000128.0,0.010149720124900341
4910937600.0,0.008060507476329803
4911875072.0,0.0070611475966870785
4912812544.0,0.0037119388580322266
4913750016.0,-0.0021583731286227703
4914687488.0,-0.007601122371852398
4915624960.0,-0.014288941398262978
4916562432.0,-0.022803952917456627
4917499904.0,-0.0316324345767498
4918437376.0,-0.041194211691617966
4919374848.0,-0.05180047079920769
4920312320.0,-0.06310571730136871
4921249792.0,-0.07492571324110031
4922187264.0,-0.08727759122848511
4923125248.0,-0.09932772815227509
4924062720.0,-0.1115158274769783
4925000192.0,-0.12468570470809937
4925937664.0,-0.18506118655204773
4926875136.0,-0.18426930904388428
4927812608.0,-0.18478970229625702
4928750080.0,-0.1859443336725235
4929687552.0,-0.18551261723041534
4930625024.0,-0.18655900657176971
4931562496.0,-0.185921311378479
4932499968.0,-0.18648505210876465
4933437440.0,-0.18503709137439728
4934374912.0,-0.18321532011032104
4935312384.0,-0.18076501786708832
4936249856.0,-0.17845579981803894
4937187328.0,-0.17453406751155853
4938124800.0,-0.17057733237743378
4939062272.0,-0.1654600203037262
4940000256.0,-0.16025613248348236
4940937728.0,-0.1541861593723297
4941875200.0,-0.148729145526886
4942812672.0,-0.14067871868610382
4943750144.0,-0.1341206282377243
4944687616.0,-0.12609823048114777
4945625088.0,-0.11645223945379257
4946562560.0,-0.10690557211637497
4947500032.0,-0.09703328460454941
4948437504.0,-0.08802412450313568
4949374976.0,-0.07677124440670013
4950312448.0,-0.06718408316373825
4951249920.0,-0.056326549500226974
4952187392.0,-0.046539198607206345
4953124864.0,-0.03533469885587692
4954062336.0,-0.025198400020599365
4954999808.0,-0.015411612577736378
4955937280.0,-0.005933545529842377
4956874752.0,0.0035028080455958843
4957812736.0,0.012996736913919449
4958750208.0,0.020388083532452583
4959687680.0,0.026839477941393852
4960625152.0,0.033140894025564194
4961562624.0,0.03842825070023537
4962500096.0,0.04313774034380913
4963437568.0,0.04618300125002861
4964375040.0,0.047461915761232376
4965312512.0,0.04886961355805397
4966249984.0,0.04847239330410957
4967187456.0,0.04723067581653595
4968124928.0,0.044733043760061264
4969062400.0,0.04122535139322281
4969999872.0,0.03663408383727074
4970937344.0,0.03044833429157734
4971874816.0,0.02302488125860691
4972812288.0,0.014964009635150433
4973749760.0,0.0071158441714942455
4974687744.0,-0.002367655048146844
4975625216.0,-0.011155576445162296
4976562688.0,-0.020881790667772293
4977500160.0,-0.03141634538769722
4978437632.0,-0.04255356639623642
4979375104.0,-0.053613949567079544
4980312576.0,-0.06340892612934113
4981250048.0,-0.0739973932504654
4982187520.0,-0.08360178023576736
4983124992.0,-0.09235009551048279
4984062464.0,-0.10211294889450073
4984999936.0,-0.11079086363315582
4985937408.0,-0.1546081304550171
4986874880.0,-0.16561193764209747
4987812352.0,-0.1752443015575409
4988749824.0,-0.18245874345302582
4989687296.0,-0.19029901921749115
4990624768.0,-0.1949899047613144
4991562752.0,-0.19898127019405365
4992500224.0,-0.20231430232524872
4993437696.0,-0.20436649024486542
4994375168.0,-0.20462633669376373
4995312640.0,-0.20383283495903015
4996250112.0,-0.20144698023796082
4997187584.0,-0.19807887077331543
4998125056.0,-0.19354523718357086
4999062528.0,-0.18718092143535614
5000000000.0,-0.1808127611875534
5000937472.0,-0.1720649152994156
5001874944.0,-0.1638241410255432
5002812416.0,-0.15344145894050598
5003749888.0,-0.14285235106945038
5004687360.0,-0.13126637041568756
5005624832.0,-0.12118551135063171
5006562304.0,-0.108138807117939
5007499776.0,-0.09610848873853683
5008437248.0,-0.08430833369493484
5009375232.0,-0.07151535153388977
5010312704.0,-0.059932347387075424
5011250176.0,-0.0481700524687767
5012187648.0,-0.036634303629398346
5013125120.0,-0.024409297853708267
5014062592.0,-0.0144481360912323
5015000064.0,-0.003500834573060274
5015937536.0,0.006108276546001434
5016875008.0,0.014169421046972275
5017812480.0,0.022329814732074738
5018749952.0,0.030457373708486557
5019687424.0,0.03607873246073723
5020624896.0,0.0416051410138607
5021562368.0,0.04640677571296692
5022499840.0,0.04917922616004944
5023437312.0,0.05219297483563423
5024374784.0,0.05357689410448074
5025312256.0,0.05404170975089073
5026250240.0,0.05387668311595917
5027187712.0,0.051951777189970016
5028125184.0,0.04874006658792496
5029062656.0,0.04563229903578758
5030000128.0,0.04178241640329361
5030937600.0,0.03724556788802147
5031875072.0,0.032040830701589584
5032812544.0,0.026428040117025375
5033750016.0,0.019592784345149994
5034687488.0,0.011523135006427765
5035624960.0,0.005327803082764149
5036562432.0,-0.002468292834237218
5037499904.0,-0.010209940373897552
5038437376.0,-0.019363287836313248
5039374848.0,-0.026943601667881012
5040312320.0,-0.036522168666124344
5041249792.0,-0.0442415215075016
5042187264.0,-0.052669133991003036
5043125248.0,-0.06091396510601044
5044062720.0,-0.06996821612119675
5045000192.0,-0.07841324806213379
5045937664.0,-0.09598837792873383
5046875136.0,-0.1061512753367424
5047812608.0,-0.11422484368085861
5048750080.0,-0.12252243608236313
5049687552.0,-0.12938618659973145
5050625024.0,-0.13690297305583954
5051562496.0,-0.14338120818138123
5052499968.0,-0.14926975965499878
5053437440.0,-0.15440376102924347
5054374912.0,-0.15967756509780884
5055312384.0,-0.1623351126909256
5056249856.0,-0.1663168966770172
5057187328.0,-0.16901761293411255
5058124800.0,-0.17085285484790802
5059062272.0,-0.17192533612251282
5059999744.0,-0.1735735982656479
5060937728.0,-0.17355510592460632
5061875200.0,-0.17231816053390503
5062812672.0,-0.1714666783809662
5063750144.0,-0.16992254555225372
5064687616.0,-0.16626109182834625
5065625088.0,-0.16334572434425354
5066562560.0,-0.15879061818122864
5067500032.0,-0.1532590687274933
5068437504.0,-0.14776621758937836
5069374976.0,-0.1420511156320572
5070312448.0,-0.13540567457675934
5071249920.0,-0.12770400941371918
5072187392.0,-0.1210065633058548
5073124864.0,-0.11292801797389984
5074062336.0,-0.1061401292681694
5074999808.0,-0.09859108924865723
5075937280.0,-0.09143590182065964
5076874752.0,-0.08370792120695114
5077812736.0,-0.07738075405359268
5078750208.0,-0.07130958139896393
5079687680.0,-0.06421095132827759
5080625152.0,-0.05858499929308891
5081562624.0,-0.05285772308707237
5082500096.0,-0.04781080782413483
5083437568.0,-0.04352822154760361
5084375040.0,-0.03944771736860275
5085312512.0,-0.036897651851177216
5086249984.0,-0.03252101317048073
5087187456.0,-0.03017142415046692
5088124928.0,-0.02807987853884697
5089062400.0,-0.0265988539904356
5089999872.0,-0.025188468396663666
5090937344.0,-0.025161921977996826
5091874816.0,-0.024174338206648827
5092812288.0,-0.024305181577801704
5093749760.0,-0.024378249421715736
5094687744.0,-0.0247636865824461
5095625216.0,-0.025832142680883408
5096562688.0,-0.027273356914520264
5097500160.0,-0.030097324401140213
5098437632.0,-0.03180034086108208
5099375104.0,-0.03578074648976326
5100312576.0,-0.039582010358572006
5101250048.0,-0.042860954999923706
5102187520.0,-0.046082500368356705
5103124992.0,-0.049379151314496994
5104062464.0,-0.05382817983627319
5104999936.0,-0.057490210980176926
5105937408.0,-0.13073717057704926
5106874880.0,-0.13641832768917084
5107812352.0,-0.14028240740299225
5108749824.0,-0.14488252997398376
5109687296.0,-0.14833177626132965
5110624768.0,-0.1513916552066803
5111562752.0,-0.15280430018901825
5112500224.0,-0.154817134141922
5113437696.0,-0.15477463603019714
5114375168.0,-0.15433257818222046
5115312640.0,-0.1528160274028778
5116250112.0,-0.15100589394569397
5117187584.0,-0.14925912022590637
5118125056.0,-0.14581111073493958
5119062528.0,-0.1416970044374466
5120000000.0,-0.13779284060001373
5120937472.0,-0.1333383023738861
5121874944.0,-0.12921443581581116
5122812416.0,-0.1246490329504013
5123749888.0,-0.11926695704460144
5124687360.0,-0.11509588360786438
5125624832.0,-0.1101565882563591
5126562304.0,-0.10593956708908081
5127499776.0,-0.10275117307901382
5128437248.0,-0.09771089255809784
5129375232.0,-0.09438302367925644
5130312704.0,-0.08977591246366501
5131250176.0,-0.084037184715271
5132187648.0,-0.08009713143110275
5133125120.0,-0.07487071305513382
5134062592.0,-0.07113643735647202
5135000064.0,-0.06718470901250839
5135937536.0,-0.06533646583557129
5136875008.0,-0.06279650330543518
5137812480.0,-0.06061140447854996
5138749952.0,-0.05920625105500221
5139687424.0,-0.05962474271655083
5140624896.0,-0.05915746092796326
5141562368.0,-0.05987963080406189
5142499840.0,-0.06064388528466225
5143437312.0,-0.06255791336297989
5144374784.0,-0.06361017376184464
5145312256.0,-0.06652823090553284
5146250240.0,-0.0694039836525917
5147187712.0,-0.0729411318898201
5148125184.0,-0.07730848342180252
5149062656.0,-0.08136190474033356
5150000128.0,-0.08540040999650955
5150937600.0,-0.09072963148355484
5151875072.0,-0.09480095654726028
5152812544.0,-0.09991371631622314
5153750016.0,-0.10604385286569595
5154687488.0,-0.1124052181839943
5155624960.0,-0.11910908669233322
5156562432.0,-0.12616463005542755
5157499904.0,-0.1342841237783432
5158437376.0,-0.1405417025089264
5159374848.0,-0.14924301207065582
5160312320.0,-0.15803620219230652
5161249792.0,-0.16623346507549286
5162187264.0,-0.17495466768741608
5163125248.0,-0.18393050134181976
5164062720.0,-0.1922369748353958
5165000192.0,-0.20138967037200928
5165937664.0,-0.20021942257881165
5166875136.0,-0.21221929788589478
5167812608.0,-0.22273816168308258
5168750080.0,-0.2320169061422348
5169687552.0,-0.24016335606575012
5170625024.0,-0.24743132293224335
5171562496.0,-0.2528603672981262
5172499968.0,-0.25694674253463745
5173437440.0,-0.2611086666584015
5174374912.0,-0.2613353133201599
5175312384.0,-0.2628309428691864
5176249856.0,-0.2613353133201599
5177187328.0,-0.2596084475517273
5178124800.0,-0.2563643157482147
5179062272.0,-0.2515907883644104
5180000256.0,-0.2462780624628067
5180937728.0,-0.24036890268325806
5181875200.0,-0.23189236223697662
5182812672.0,-0.22462105751037598
5183750144.0,-0.2150232195854187
5184687616.0,-0.2045840173959732
5185625088.0,-0.19464445114135742
5186562560.0,-0.18287010490894318
5187500032.0,-0.1713547259569168
5188437504.0,-0.15967442095279694
5189374976.0,-0.14609839022159576
5190312448.0,-0.13431991636753082
5191249920.0,-0.12057434767484665
5192187392.0,-0.10822686553001404
5193124864.0,-0.09573106467723846
5194062336.0,-0.08242611587047577
5194999808.0,-0.07053088396787643
5195937280.0,-0.0576176755130291
5196874752.0,-0.04621727392077446
5197812736.0,-0.03485778719186783
5198750208.0,-0.02554660104215145
5199687680.0,-0.01571470871567726
5200625152.0,-0.008449756540358067
5201562624.0,-0.002123023383319378
5202500096.0,0.0035357594024389982
5203437568.0,0.008390791714191437
5204375040.0,0.01178121380507946
5205312512.0,0.014341565780341625
5206249984.0,0.014417730271816254
5207187456.0,0.014474131166934967
5208124928.0,0.01334285270422697
5209062400.0,0.010123887099325657
5209999872.0,0.006556378677487373
5210937344.0,0.0012726623099297285
5211874816.0,-0.005388388875871897
5212812288.0,-0.013773797079920769
5213749760.0,-0.023458288982510567
5214687744.0,-0.03485162556171417
5215625216.0,-0.04743468016386032
5216562688.0,-0.060997750610113144
5217500160.0,-0.07485566288232803
5218437632.0,-0.09046163409948349
5219375104.0,-0.10570704936981201
5220312576.0,-0.12174895405769348
5221250048.0,-0.13865384459495544
5222187520.0,-0.15621419250965118
5223124992.0,-0.17293031513690948
5224062464.0,-0.18970584869384766
5224999936.0,-0.20651766657829285
5225937408.0,-0.216356560587883
5226874880.0,-0.2304230034351349
5227812352.0,-0.2439771294593811
5228749824.0,-0.2561216652393341
5229687296.0,-0.2675367593765259
5230624768.0,-0.27624502778053284
5231562752.0,-0.2852144241333008
5232500224.0,-0.2913423478603363
5233437696.0,-0.2976066768169403
5234375168.0,-0.30252939462661743
5235312640.0,-0.30332982540130615
5236250112.0,-0.3031536042690277
5237187584.0,-0.30221840739250183
5238125056.0,-0.2980671226978302
5239062528.0,-0.29281291365623474
5240000000.0,-0.2838399410247803
5240937472.0,-0.2753000259399414
5241874944.0,-0.2638076841831207
5242812416.0,-0.25123831629753113
5243749888.0,-0.23876982927322388
5244687360.0,-0.22481659054756165
5245624832.0,-0.20885463058948517
5246562304.0,-0.192092627286911
5247499776.0,-0.17458316683769226
5248437248.0,-0.1568569540977478
5249375232.0,-0.13852559030056
5250312704.0,-0.12039418518543243
5251250176.0,-0.10229570418596268
5252187648.0,-0.08399662375450134
5253125120.0,-0.06638507544994354
5254062592.0,-0.04996776208281517
5255000064.0,-0.0344984196126461
5255937536.0,-0.020903928205370903
5256875008.0,-0.006811683531850576
5257812480.0,0.005480514373630285
5258749952.0,0.016260510310530663
5259687424.0,0.0259809959679842
5260624896.0,0.03400731086730957
5261562368.0,0.04002908244729042
5262499840.0,0.04569755867123604
5263437312.0,0.04916781932115555
5264374784.0,0.05055094137787819
5265312256.0,0.05145065113902092
5266250240.0,0.05061246454715729
5267187712.0,0.048769351094961166
5268125184.0,0.04440708085894585
5269062656.0,0.039448924362659454
5270000128.0,0.032684553414583206
5270937600.0,0.02613946422934532
5271875072.0,0.015413141809403896
5272812544.0,0.006191827356815338
5273750016.0,-0.005164583679288626
5274687488.0,-0.01674249954521656
5275624960.0,-0.02965208701789379
5276562432.0,-0.0421261191368103
5277499904.0,-0.05633324384689331
5278437376.0,-0.07032132893800735
5279374848.0,-0.08496806025505066
5280312320.0,-0.09968246519565582
5281249792.0,-0.11502895504236221
5282187264.0,-0.1309998631477356
5283125248.0,-0.14703118801116943
5284062720.0,-0.16280506551265717
5285000192.0,-0.17748169600963593
5285937664.0,-0.20588624477386475
5286875136.0,-0.21950668096542358
5287812608.0,-0.2342454195022583
5288750080.0,-0.24953357875347137
5289687552.0,-0.2636108696460724
5290625024.0,-0.2766902446746826
5291562496.0,-0.2899426221847534
5292499968.0,-0.3037213981151581
5293437440.0,-0.3172008991241455
5294374912.0,-0.3289428651332855
5295312384.0,-0.3417448103427887
5296249856.0,-0.3506890833377838
5297187328.0,-0.3583187758922577
5298124800.0,-0.3663458228111267
5299062272.0,-0.3725265860557556
5299999744.0,-0.3754594027996063
5300937728.0,-0.3792416453361511
5301875200.0,-0.3804140090942383
5302812672.0,-0.38056421279907227
5303750144.0,-0.3782344162464142
5304687616.0,-0.3745293617248535
5305625088.0,-0.36976614594459534
5306562560.0,-0.3639010787010193
5307500032.0,-0.35508158802986145
5308437504.0,-0.34541505575180054
5309374976.0,-0.3343272805213928
5310312448.0,-0.32368630170822144
5311249920.0,-0.31147563457489014
5312187392.0,-0.2979806661605835
5313124864.0,-0.2829112708568573
5314062336.0,-0.26786088943481445
5314999808.0,-0.25208771228790283
5315937280.0,-0.23614764213562012
5316874752.0,-0.21968375146389008
5317812736.0,-0.20161402225494385
5318750208.0,-0.18342463672161102
5319687680.0,-0.1655045747756958
5320625152.0,-0.1462230682373047
5321562624.0,-0.1275303065776825
5322500096.0,-0.10934928804636002
5323437568.0,-0.09077590703964233
5324375040.0,-0.07375728338956833
5325312512.0,-0.057108115404844284
5326249984.0,-0.04125669226050377
5327187456.0,-0.02605125866830349
5328124928.0,-0.011937396600842476
5329062400.0,0.00046240424853749573
5329999872.0,0.011154592037200928
5330937344.0,0.02215491235256195
5331874816.0,0.033330515027046204
5332812288.0,0.0378853939473629
5333749760.0,0.041781578212976456
5334687744.0,0.043887682259082794
5335625216.0,0.04379287734627724
5336562688.0,0.042280301451683044
5337500160.0,0.0395929180085659
5338437632.0,0.03314488008618355
5339375104.0,0.02482483722269535
5340312576.0,0.01534668542444706
5341250048.0,0.0024592760019004345
5342187520.0,-0.012727916240692139
5343124992.0,-0.028229743242263794
5344062464.0,-0.04707150533795357
5344999936.0,-0.06763377785682678
5345937408.0,-0.3495348393917084
5346874880.0,-0.3630439341068268
5347812352.0,-0.3772292733192444
5348749824.0,-0.3910309672355652
5349687296.0,-0.4038759768009186
5350624768.0,-0.4158301055431366
5351562752.0,-0.4266359806060791
5352500224.0,-0.437053382396698
5353437696.0,-0.4450684189796448
5354375168.0,-0.45291668176651
5355312640.0,-0.4594539701938629
5356250112.0,-0.4640069901943207
5357187584.0,-0.46732980012893677
5358125056.0,-0.4674905240535736
5359062528.0,-0.4661286175251007
5360000000.0,-0.4638000428676605
5360937472.0,-0.45979827642440796
5361874944.0,-0.4524925947189331
5362812416.0,-0.4464365839958191
5363749888.0,-0.43649572134017944
5364687360.0,-0.42651620507240295
5365624832.0,-0.4147317111492157
5366562304.0,-0.4014277458190918
5367499776.0,-0.3885177671909332
5368437248.0,-0.37244826555252075
5369375232.0,-0.3567585349082947
5370312704.0,-0.3394996225833893
5371250176.0,-0.3227357566356659
5372187648.0,-0.304198682308197
5373125120.0,-0.2870115339756012
5374062592.0,-0.26816320419311523
5375000064.0,-0.2501855790615082
5375937536.0,-0.23150359094142914
5376875008.0,-0.21379384398460388
5377812480.0,-0.19511964917182922
5378749952.0,-0.1784297227859497
5379687424.0,-0.1606133133172989
5380624896.0,-0.14536307752132416
5381562368.0,-0.12986232340335846
5382499840.0,-0.11641103774309158
5383437312.0,-0.10226567834615707
5384374784.0,-0.09068452566862106
5385312256.0,-0.07841174304485321
5386250240.0,-0.06995552033185959
5387187712.0,-0.062253598123788834
5388125184.0,-0.056546323001384735
5389062656.0,-0.05394694581627846
5390000128.0,-0.05418943986296654
5390937600.0,-0.05556785315275192
5391875072.0,-0.06005418673157692
5392812544.0,-0.06547095626592636
5393750016.0,-0.0745963305234909
5394687488.0,-0.08552700281143188
5395624960.0,-0.09829744696617126
5396562432.0,-0.11277496814727783
5397499904.0,-0.12897232174873352
5398437376.0,-0.14659889042377472
5399374848.0,-0.16567343473434448
5400312320.0,-0.18486569821834564
5401249792.0,-0.20627129077911377
5402187264.0,-0.22775228321552277
5403125248.0,-0.2498997002840042
5404062720.0,-0.2709518074989319
5405000192.0,-0.2928108274936676
5405937664.0,-0.33549970388412476
5406875136.0,-0.35104691982269287
5407812608.0,-0.3656025528907776
5408750080.0,-0.37808164954185486
5409687552.0,-0.38854071497917175
5410625024.0,-0.3974773585796356
5411562496.0,-0.4044029414653778
5412499968.0,-0.4080428183078766
5413437440.0,-0.4105319380760193
5414374912.0,-0.4089953899383545
5415312384.0,-0.4061301052570343
5416249856.0,-0.4000086188316345
5417187328.0,-0.3921603858470917
5418124800.0,-0.380383163690567
5419062272.0,-0.36807680130004883
5420000256.0,-0.3527500033378601
5420937728.0,-0.33646970987319946
5421875200.0,-0.3179866075515747
5422812672.0,-0.2995670735836029
5423750144.0,-0.2786220908164978
5424687616.0,-0.2575106620788574
5425625088.0,-0.2364170253276825
5426562560.0,-0.21466650068759918
5427500032.0,-0.19248786568641663
5428437504.0,-0.1712934970855713
5429374976.0,-0.15095272660255432
5430312448.0,-0.13033895194530487
5431249920.0,-0.1126493364572525
5432187392.0,-0.0939992293715477
5433124864.0,-0.077325239777565
5434062336.0,-0.06339380145072937
5434999808.0,-0.05005363002419472
5435937280.0,-0.0390683151781559
5436874752.0,-0.03056657686829567
5437812736.0,-0.022923070937395096
5438750208.0,-0.018826162442564964
5439687680.0,-0.01642470620572567
5440625152.0,-0.016357608139514923
5441562624.0,-0.019396789371967316
5442500096.0,-0.024710914120078087
5443437568.0,-0.03212887793779373
5444375040.0,-0.042463988065719604
5445312512.0,-0.05459942668676376
5446249984.0,-0.06887033581733704
5447187456.0,-0.08724130690097809
5448124928.0,-0.1069190725684166
5449062400.0,-0.12775875627994537
5449999872.0,-0.15135498344898224
5450937344.0,-0.17579355835914612
5451874816.0,-0.20148541033267975
5452812288.0,-0.22761207818984985
5453749760.0,-0.25456422567367554
5454687744.0,-0.2817457616329193
5455625216.0,-0.3099788725376129
5456562688.0,-0.33752143383026123
5457500160.0,-0.365569144487381
5458437632.0,-0.3919386565685272
5459375104.0,-0.41884154081344604
5460312576.0,-0.4430372714996338
5461250048.0,-0.46584662795066833
5462187520.0,-0.48843109607696533
5463124992.0,-0.507766842842102
5464062464.0,-0.5251034498214722
5464999936.0,-0.5412416458129883
5465937408.0,-0.46336257457733154
5466874880.0,-0.4802464544773102
5467812352.0,-0.4929927885532379
5468749824.0,-0.5040392875671387
5469687296.0,-0.5128844380378723
5470624768.0,-0.5185653567314148
5471562752.0,-0.5218133926391602
5472500224.0,-0.5234144926071167
5473437696.0,-0.5215203762054443
5474375168.0,-0.5159990787506104
5475312640.0,-0.5086419582366943
5476250112.0,-0.4980786442756653
5477187584.0,-0.48625820875167847
5478125056.0,-0.4701642394065857
5479062528.0,-0.454494446516037
5480000000.0,-0.4345354437828064
5480937472.0,-0.4165617525577545
5481874944.0,-0.39506834745407104
5482812416.0,-0.3738861083984375
5483749888.0,-0.35187405347824097
5484687360.0,-0.32920709252357483
5485624832.0,-0.30846142768859863
5486562304.0,-0.2868236005306244
5487499776.0,-0.26602107286453247
5488437248.0,-0.2478340119123459
5489375232.0,-0.22981858253479004
5490312704.0,-0.2131415605545044
5491250176.0,-0.19776713848114014
5492187648.0,-0.1846490055322647
5493125120.0,-0.17312058806419373
5494062592.0,-0.16449964046478271
5495000064.0,-0.1568601429462433
5495937536.0,-0.15148209035396576
5496875008.0,-0.14979714155197144
5497812480.0,-0.1488083153963089
5498749952.0,-0.1507822424173355
5499687424.0,-0.15557529032230377
5500624896.0,-0.1634044051170349
5501562368.0,-0.17226454615592957
5502499840.0,-0.18421189486980438
5503437312.0,-0.1983921378850937
5504374784.0,-0.2159636914730072
5505312256.0,-0.23406781256198883
5506250240.0,-0.2549419403076172
5507187712.0,-0.27801480889320374
5508125184.0,-0.30319347977638245
5509062656.0,-0.3298896849155426
5510000128.0,-0.35786673426628113
5510937600.0,-0.38756853342056274
5511875072.0,-0.418672114610672
5512812544.0,-0.45158708095550537
5513750016.0,-0.48420166969299316
5514687488.0,-0.5173322558403015
5515624960.0,-0.5517973899841309
5516562432.0,-0.5853530168533325
5517499904.0,-0.6187486052513123
5518437376.0,-0.6517046689987183
5519374848.0,-0.6846070885658264
5520312320.0,-0.7167836427688599
5521249792.0,-0.747582197189331
5522187264.0,-0.777043879032135
5523125248.0,-0.8059021830558777
5524062720.0,-0.8355062007904053
5525000192.0,-0.8638765215873718
5525937664.0,-0.7334124445915222
5526875136.0,-0.7460833787918091
5527812608.0,-0.7595566511154175
5528750080.0,-0.7744215726852417
5529687552.0,-0.7912978529930115
5530625024.0,-0.8089634776115417
5531562496.0,-0.8281177282333374
5532499968.0,-0.8477060198783875
5533437440.0,-0.8702796697616577
5534374912.0,-0.8940244913101196
5535312384.0,-0.9170731902122498
5536249856.0,-0.9409385919570923
5537187328.0,-0.9656816720962524
5538124800.0,-0.9887067675590515
5539062272.0,-1.010474443435669
5539999744.0,-1.0304343700408936
5540937728.0,-1.0481469631195068
5541875200.0,-1.062351107597351
5542812672.0,-1.0722224712371826
5543750144.0,-1.0798594951629639
5544687616.0,-1.0834815502166748
5545625088.0,-1.084426999092102
5546562560.0,-1.0815454721450806
5547500032.0,-1.0737329721450806
5548437504.0,-1.0626906156539917
5549374976.0,-1.047046422958374
5550312448.0,-1.026938557624817
5551249920.0,-1.0051219463348389
5552187392.0,-0.9798244833946228
5553124864.0,-0.9515256285667419
5554062336.0,-0.9211976528167725
5554999808.0,-0.8898387551307678
5555937280.0,-0.8570889830589294
5556874752.0,-0.8249973654747009
5557812736.0,-0.7933767437934875
5558750208.0,-0.7623834609985352
5559687680.0,-0.7328396439552307
5560625152.0,-0.705534815788269
5561562624.0,-0.6782375574111938
5562500096.0,-0.6529248356819153
5563437568.0,-0.6304240226745605
5564375040.0,-0.610575795173645
5565312512.0,-0.5923643708229065
5566249984.0,-0.5777159333229065
5567187456.0,-0.5639366507530212
5568124928.0,-0.5508413314819336
5569062400.0,-0.5382717251777649
5569999872.0,-0.5272722244262695
5570937344.0,-0.5157377123832703
5571874816.0,-0.5043627619743347
5572812288.0,-0.49278831481933594
5573749760.0,-0.4826553165912628
5574687744.0,-0.474568247795105
5575625216.0,-0.46675050258636475
5576562688.0,-0.4608258605003357
5577500160.0,-0.4551372528076172
5578437632.0,-0.4523336589336395
5579375104.0,-0.4497920274734497
5580312576.0,-0.44893214106559753
5581250048.0,-0.4484737515449524
5582187520.0,-0.45008575916290283
5583124992.0,-0.45187726616859436
5584062464.0,-0.4539185166358948
5584999936.0,-0.45601245760917664
5585937408.0,-0.43114569783210754
5586874880.0,-0.42250657081604004
5587812352.0,-0.4109717011451721
5588749824.0,-0.3969081938266754
5589687296.0,-0.3835119605064392
5590624768.0,-0.36904963850975037
5591562752.0,-0.3523859679698944
5592500224.0,-0.3354542553424835
5593437696.0,-0.3171398937702179
5594375168.0,-0.2997662425041199
5595312640.0,-0.2807582914829254
5596250112.0,-0.2616872191429138
5597187584.0,-0.24203404784202576
5598125056.0,-0.2230718731880188
5599062528.0,-0.20336367189884186
5600000000.0,-0.18573009967803955
5600937472.0,-0.16711044311523438
5601874944.0,-0.15011067688465118
5602812416.0,-0.13561846315860748
5603749888.0,-0.12070753425359726
5604687360.0,-0.10751202702522278
5605624832.0,-0.09612791985273361
5606562304.0,-0.08644014596939087
5607499776.0,-0.0769672617316246
5608437248.0,-0.07052487134933472
5609375232.0,-0.06573183834552765
5610312704.0,-0.06332840770483017
5611250176.0,-0.06089286878705025
5612187648.0,-0.06148731708526611
5613125120.0,-0.06318705528974533
5614062592.0,-0.0673689916729927
5615000064.0,-0.07242394238710403
5615937536.0,-0.07929462194442749
5616875008.0,-0.08775971829891205
5617812480.0,-0.09633587300777435
5618749952.0,-0.10844645649194717
5619687424.0,-0.11906258761882782
5620624896.0,-0.13182425498962402
5621562368.0,-0.14490297436714172
5622499840.0,-0.15807382762432098
5623437312.0,-0.17281882464885712
5624374784.0,-0.1864919364452362
5625312256.0,-0.20077863335609436
5626250240.0,-0.21529801189899445
5627187712.0,-0.22882430255413055
5628125184.0,-0.2418225109577179
5629062656.0,-0.25397545099258423
5630000128.0,-0.26426059007644653
5630937600.0,-0.27419501543045044
5631875072.0,-0.2833937108516693
5632812544.0,-0.2894037365913391
5633750016.0,-0.29512739181518555
5634687488.0,-0.2984331250190735
5635624960.0,-0.3009478747844696
5636562432.0,-0.30089572072029114
5637499904.0,-0.299248605966568
5638437376.0,-0.2960081398487091
5639374848.0,-0.29061004519462585
5640312320.0,-0.2835550606250763
5641249792.0,-0.275671124458313
5642187264.0,-0.2651717960834503
5643125248.0,-0.2555195391178131
5644062720.0,-0.2440318465232849
5645000192.0,-0.2311401218175888
5645937664.0,-0.19957192242145538
5646875136.0,-0.2027353197336197
5647812608.0,-0.20414946973323822
5648750080.0,-0.20451241731643677
5649687552.0,-0.20314651727676392
5650625024.0,-0.20019307732582092
5651562496.0,-0.19679896533489227
5652499968.0,-0.19182321429252625
5653437440.0,-0.1854974329471588
5654374912.0,-0.17847520112991333
5655312384.0,-0.17126458883285522
5656249856.0,-0.16388976573944092
5657187328.0,-0.15562063455581665
5658124800.0,-0.1468082219362259
5659062272.0,-0.13849174976348877
5660000256.0,-0.13065244257450104
5660937728.0,-0.12443113327026367
5661875200.0,-0.1163758635520935
5662812672.0,-0.11139123886823654
5663750144.0,-0.10630372166633606
5664687616.0,-0.10166506469249725
5665625088.0,-0.09979135543107986
5666562560.0,-0.09740601480007172
5667500032.0,-0.09645375609397888
5668437504.0,-0.09657848626375198
5669374976.0,-0.0978621393442154
5670312448.0,-0.1001356840133667
5671249920.0,-0.1041201651096344
5672187392.0,-0.10790888220071793
5673124864.0,-0.11258411407470703
5674062336.0,-0.11969849467277527
5674999808.0,-0.12661944329738617
5675937280.0,-0.13427141308784485
5676874752.0,-0.14272062480449677
5677812736.0,-0.15142714977264404
5678750208.0,-0.1603693813085556
5679687680.0,-0.1699901819229126
5680625152.0,-0.17794279754161835
5681562624.0,-0.18842023611068726
5682500096.0,-0.19793708622455597
5683437568.0,-0.20649781823158264
5684375040.0,-0.2146073579788208
5685312512.0,-0.2221735119819641
5686249984.0,-0.2297690212726593
5687187456.0,-0.23582975566387177
5688124928.0,-0.24238979816436768
5689062400.0,-0.24672023952007294
5689999872.0,-0.2517443001270294
5690937344.0,-0.25568822026252747
5691874816.0,-0.2582590878009796
5692812288.0,-0.2615259289741516
5693749760.0,-0.2644566297531128
5694687744.0,-0.26739808917045593
5695625216.0,-0.2702781558036804
5696562688.0,-0.2745220363140106
5697500160.0,-0.2773585617542267
5698437632.0,-0.28089725971221924
5699375104.0,-0.2861170768737793
5700312576.0,-0.29187071323394775
5701250048.0,-0.29944878816604614
5702187520.0,-0.3061780035495758
5703124992.0,-0.3153236210346222
5704062464.0,-0.3255399167537689
5704999936.0,-0.33615556359291077
5705937408.0,-0.22604866325855255
5706874880.0,-0.24493888020515442
5707812352.0,-0.26556792855262756
5708749824.0,-0.28538182377815247
5709687296.0,-0.30600491166114807
5710624768.0,-0.32541513442993164
5711562752.0,-0.3417544364929199
5712500224.0,-0.35677972435951233
5713437696.0,-0.3689572215080261
5714375168.0,-0.37913382053375244
5715312640.0,-0.3854348361492157
5716250112.0,-0.3866542875766754
5717187584.0,-0.38422253727912903
5718125056.0,-0.37799450755119324
5719062528.0,-0.3672102689743042
5720000000.0,-0.3522988557815552
5720937472.0,-0.3317565321922302
5721874944.0,-0.30812543630599976
5722812416.0,-0.28167009353637695
5723749888.0,-0.24992766976356506
5724687360.0,-0.21539917588233948
5725624832.0,-0.17845599353313446
5726562304.0,-0.13838960230350494
5727499776.0,-0.09834262728691101
5728437248.0,-0.057325202971696854
5729375232.0,-0.01679382286965847
5730312704.0,0.022949570789933205
5731250176.0,0.060615114867687225
5732187648.0,0.09586233645677567
5733125120.0,0.12821537256240845
5734062592.0,0.1563435196876526
5735000064.0,0.1808750033378601
5735937536.0,0.20071859657764435
5736875008.0,0.21500936150550842
5737812480.0,0.2244158238172531
5738749952.0,0.23059353232383728
5739687424.0,0.23288066685199738
5740624896.0,0.23081716895103455
5741562368.0,0.22494187951087952
5742499840.0,0.21676459908485413
5743437312.0,0.2057344764471054
5744374784.0,0.19252152740955353
5745312256.0,0.17789481580257416
5746250240.0,0.1634686291217804
5747187712.0,0.14959529042243958
5748125184.0,0.1346205472946167
5749062656.0,0.1205359548330307
5750000128.0,0.10745919495820999
5750937600.0,0.09453581273555756
5751875072.0,0.08342628926038742
5752812544.0,0.07155195623636246
5753750016.0,0.06199440732598305
5754687488.0,0.051380857825279236
5755624960.0,0.03738423436880112
5756562432.0,0.017825709655880928
5757499904.0,-0.005126165226101875
5758437376.0,-0.030890516936779022
5759374848.0,-0.05717722326517105
5760312320.0,-0.08655975013971329
5761249792.0,-0.11678353697061539
5762187264.0,-0.14824895560741425
5763125248.0,-0.17861424386501312
5764062720.0,-0.20990389585494995
5765000192.0,-0.24147208034992218
5765937664.0,-0.17848773300647736
5766875136.0,-0.18619404733181
5767812608.0,-0.1945219486951828
5768750080.0,-0.20201998949050903
5769687552.0,-0.21143962442874908
5770625024.0,-0.22123853862285614
5771562496.0,-0.23046237230300903
5772499968.0,-0.24040691554546356
5773437440.0,-0.25005072355270386
5774374912.0,-0.26081857085227966
5775312384.0,-0.27165964245796204
5776249856.0,-0.28214895725250244
5777187328.0,-0.29358235001564026
5778124800.0,-0.3048505187034607
5779062272.0,-0.31579914689064026
5779999744.0,-0.32620346546173096
5780937728.0,-0.33805933594703674
5781875200.0,-0.3486764132976532
5782812672.0,-0.3596556484699249
5783750144.0,-0.37042436003685
5784687616.0,-0.38002675771713257
5785625088.0,-0.39008691906929016
5786562560.0,-0.3987586796283722
5787500032.0,-0.40701982378959656
5788437504.0,-0.41402649879455566
5789374976.0,-0.42011895775794983
5790312448.0,-0.4238108992576599
5791249920.0,-0.4277448058128357
5792187392.0,-0.429504930973053
5793124864.0,-0.4305695593357086
5794062336.0,-0.42973917722702026
5794999808.0,-0.4278959631919861
5795937280.0,-0.4242263436317444
5796874752.0,-0.41993480920791626
5797812736.0,-0.4139392673969269
5798750208.0,-0.40625911951065063
5799687680.0,-0.397199809551239
5800625152.0,-0.3850995600223541
5801562624.0,-0.3736359775066376
5802500096.0,-0.3591948449611664
5803437568.0,-0.3436635136604309
5804375040.0,-0.3271084427833557
5805312512.0,-0.30973586440086365
5806249984.0,-0.291419118642807
5807187456.0,-0.2725328505039215
5808124928.0,-0.2527787685394287
5809062400.0,-0.23372212052345276
5809999872.0,-0.2149430364370346
5810937344.0,-0.1951713263988495
5811874816.0,-0.17579571902751923
5812812288.0,-0.15601693093776703
5813749760.0,-0.13789904117584229
5814687744.0,-0.12134803086519241
5815625216.0,-0.10683839023113251
5816562688.0,-0.09126067161560059
5817500160.0,-0.07867756485939026
5818437632.0,-0.0673123225569725
5819375104.0,-0.058397069573402405
5820312576.0,-0.05150027200579643
5821250048.0,-0.04545298218727112
5822187520.0,-0.042616356164216995
5823124992.0,-0.04064266383647919
5824062464.0,-0.04042995721101761
5824999936.0,-0.04183505102992058
5825937408.0,-0.23653864860534668
5826874880.0,-0.23842748999595642
5827812352.0,-0.23985078930854797
5828749824.0,-0.2429049015045166
5829687296.0,-0.2450152337551117
5830624768.0,-0.24686262011528015
5831562752.0,-0.2500322461128235
5832500224.0,-0.25229135155677795
5833437696.0,-0.2548578977584839
5834375168.0,-0.2572964131832123
5835312640.0,-0.26027145981788635
5836250112.0,-0.26325830817222595
5837187584.0,-0.2662222683429718
5838125056.0,-0.2691788077354431
5839062528.0,-0.2724635601043701
5840000000.0,-0.2769486606121063
5840937472.0,-0.2824985086917877
5841874944.0,-0.2883157730102539
5842812416.0,-0.2946183681488037
5843749888.0,-0.30078020691871643
5844687360.0,-0.3077629804611206
5845624832.0,-0.314294695854187
5846562304.0,-0.3203941285610199
5847499776.0,-0.3270685374736786
5848437248.0,-0.3330809473991394
5849375232.0,-0.33862534165382385
5850312704.0,-0.34381863474845886
5851250176.0,-0.34861478209495544
5852187648.0,-0.35256537795066833
5853125120.0,-0.35573074221611023
5854062592.0,-0.3584013283252716
5855000064.0,-0.3601183295249939
5855937536.0,-0.36064329743385315
5856875008.0,-0.36152270436286926
5857812480.0,-0.3627133071422577
5858749952.0,-0.36166349053382874
5859687424.0,-0.3614419996738434
5860624896.0,-0.36085447669029236
5861562368.0,-0.3589833378791809
5862499840.0,-0.3575076460838318
5863437312.0,-0.3561215102672577
5864374784.0,-0.3522781729698181
5865312256.0,-0.3500572443008423
5866250240.0,-0.3471202850341797
5867187712.0,-0.3443344533443451
5868125184.0,-0.34008467197418213
5869062656.0,-0.3372325003147125
5870000128.0,-0.3350909650325775
5870937600.0,-0.3318810760974884
5871875072.0,-0.3297807276248932
5872812544.0,-0.32862818241119385
5873750016.0,-0.3269783854484558
5874687488.0,-0.32731351256370544
5875624960.0,-0.3273419439792633
5876562432.0,-0.32829123735427856
5877499904.0,-0.3294122517108917
5878437376.0,-0.3311026692390442
5879374848.0,-0.3336140811443329
5880312320.0,-0.3371012806892395
5881249792.0,-0.3402571976184845
5882187264.0,-0.34323227405548096
5883125248.0,-0.348361074924469
5884062720.0,-0.35236647725105286
5885000192.0,-0.35733795166015625
5885937664.0,-0.37118062376976013
5886875136.0,-0.37560561299324036
5887812608.0,-0.38063862919807434
5888750080.0,-0.3846897780895233
5889687552.0,-0.3878230154514313
5890625024.0,-0.3905257284641266
5891562496.0,-0.3927847743034363
5892499968.0,-0.39457815885543823
5893437440.0,-0.3962118625640869
5894374912.0,-0.3968549966812134
5895312384.0,-0.39712250232696533
5896249856.0,-0.39698800444602966
5897187328.0,-0.3967728018760681
5898124800.0,-0.39649197459220886
5899062272.0,-0.39522019028663635
5900000256.0,-0.3936383128166199
5900937728.0,-0.3917332887649536
5901875200.0,-0.3905678987503052
5902812672.0,-0.3897971510887146
5903750144.0,-0.3884465992450714
5904687616.0,-0.3877049684524536
5905625088.0,-0.38759124279022217
5906562560.0,-0.38783901929855347
5907500032.0,-0.3874528706073761
5908437504.0,-0.3881273865699768
5909374976.0,-0.38864901661872864
5910312448.0,-0.39130398631095886
5911249920.0,-0.3915635943412781
5912187392.0,-0.3924331068992615
5913124864.0,-0.3940139710903168
5914062336.0,-0.3958706557750702
5914999808.0,-0.3986845314502716
5915937280.0,-0.4022449254989624
5916874752.0,-0.4064839780330658
5917812736.0,-0.4122005105018616
5918750208.0,-0.41783612966537476
5919687680.0,-0.42323601245880127
5920625152.0,-0.4297902286052704
5921562624.0,-0.4379362463951111
5922500096.0,-0.44627657532691956
5923437568.0,-0.455455482006073
5924375040.0,-0.4649352729320526
5925312512.0,-0.47369611263275146
5926249984.0,-0.48463383316993713
5927187456.0,-0.49578675627708435
5928124928.0,-0.5051532983779907
5929062400.0,-0.5169137120246887
5929999872.0,-0.5268374681472778
5930937344.0,-0.5377430319786072
5931874816.0,-0.5476753115653992
5932812288.0,-0.5587199926376343
5933749760.0,-0.5692923665046692
5934687744.0,-0.5786686539649963
5935625216.0,-0.5870374441146851
5936562688.0,-0.5956695675849915
5937500160.0,-0.6043733954429626
5938437632.0,-0.6128745079040527
5939375104.0,-0.6206042170524597
5940312576.0,-0.6265987157821655
5941250048.0,-0.6321808099746704
5942187520.0,-0.6373400092124939
5943124992.0,-0.6400061249732971
5944062464.0,-0.6413767337799072
5944999936.0,-0.6422812342643738
5945937408.0,-0.42308780550956726
5946874880.0,-0.4394952058792114
5947812352.0,-0.45579373836517334
5948749824.0,-0.4717298150062561
5949687296.0,-0.4879201352596283
5950624768.0,-0.502672553062439
5951562752.0,-0.5167016386985779
5952500224.0,-0.5295233726501465
5953437696.0,-0.5406571626663208
5954375168.0,-0.5508731603622437
5955312640.0,-0.559062659740448
5956250112.0,-0.5680582523345947
5957187584.0,-0.5735201835632324
5958125056.0,-0.5787697434425354
5959062528.0,-0.582525372505188
5960000000.0,-0.5839778780937195
5960937472.0,-0.5836836695671082
5961874944.0,-0.5804651379585266
5962812416.0,-0.5773233771324158
5963749888.0,-0.5719408392906189
5964687360.0,-0.5646320581436157
5965624832.0,-0.5569828152656555
5966562304.0,-0.5482383966445923
5967499776.0,-0.5388047099113464
5968437248.0,-0.5274910926818848
5969375232.0,-0.5157493948936462
5970312704.0,-0.5041510462760925
5971250176.0,-0.4917103350162506
5972187648.0,-0.4795468747615814
5973125120.0,-0.4682050943374634
5974062592.0,-0.45797985792160034
5975000064.0,-0.4485121965408325
5975937536.0,-0.43996039032936096
5976875008.0,-0.4327806234359741
5977812480.0,-0.42583006620407104
5978749952.0,-0.421047180891037
5979687424.0,-0.41634684801101685
5980624896.0,-0.41376423835754395
5981562368.0,-0.41252726316452026
5982499840.0,-0.4126068651676178
5983437312.0,-0.4140811562538147
5984374784.0,-0.4154667258262634
5985312256.0,-0.4183691143989563
5986250240.0,-0.42108702659606934
5987187712.0,-0.42453405261039734
5988125184.0,-0.4285452961921692
5989062656.0,-0.4335537552833557
5990000128.0,-0.4382338523864746
5990937600.0,-0.4415989816188812
5991875072.0,-0.4449431300163269
5992812544.0,-0.44896969199180603
5993750016.0,-0.45301705598831177
5994687488.0,-0.45682576298713684
5995624960.0,-0.460697740316391
5996562432.0,-0.46488070487976074
5997499904.0,-0.46950840950012207
5998437376.0,-0.47402673959732056
5999374848.0,-0.47785675525665283
6000312320.0,-0.48198288679122925
6001249792.0,-0.48616287112236023
6002187264.0,-0.4895131289958954
6003125248.0,-0.49393337965011597
6004062720.0,-0.49651598930358887
6005000192.0,-0.3946363627910614
6005937664.0,-0.40309756994247437
6006875136.0,-0.41397786140441895
6007812608.0,-0.4240701198577881
6008750080.0,-0.43792763352394104
6009687552.0,-0.4515148997306824
6010625024.0,-0.465889573097229
6011562496.0,-0.4814760684967041
6012499968.0,-0.49669668078422546
6013437440.0,-0.5140454769134521
6014374912.0,-0.5305755138397217
6015312384.0,-0.5487810969352722
6016249856.0,-0.5663343667984009
6017187328.0,-0.5839855670928955
6018124800.0,-0.6026462316513062
6019062272.0,-0.6206055879592896
6019999744.0,-0.637497067451477
6020937728.0,-0.6554989218711853
6021875200.0,-0.6709972023963928
6022812672.0,-0.6857882142066956
6023750144.0,-0.6996961236000061
6024687616.0,-0.711832582950592
6025625088.0,-0.7217578887939453
6026562560.0,-0.7294639945030212
6027500032.0,-0.7359278798103333
6028437504.0,-0.7400985956192017
6029374976.0,-0.7415066957473755
6030312448.0,-0.7388876676559448
6031249920.0,-0.7363142371177673
6032187392.0,-0.7309889793395996
6033124864.0,-0.7224445343017578
6034062336.0,-0.7120361924171448
6034999808.0,-0.7014625668525696
6035937280.0,-0.6886878609657288
6036874752.0,-0.6747496128082275
6037812736.0,-0.6593176126480103
6038750208.0,-0.6420072913169861
6039687680.0,-0.6250052452087402
6040625152.0,-0.6072202324867249
6041562624.0,-0.5884348154067993
6042500096.0,-0.5698671340942383
6043437568.0,-0.5521401762962341
6044375040.0,-0.5356930494308472
6045312512.0,-0.5185738801956177
6046249984.0,-0.5027816891670227
6047187456.0,-0.4881850481033325
6048124928.0,-0.4743410050868988
6049062400.0,-0.46184223890304565
6049999872.0,-0.4498875141143799
6050937344.0,-0.4388348460197449
6051874816.0,-0.42930614948272705
6052812288.0,-0.42066046595573425
6053749760.0,-0.4135437309741974
6054687744.0,-0.4070473909378052
6055625216.0,-0.40223488211631775
6056562688.0,-0.3999019265174866
6057500160.0,-0.39702609181404114
6058437632.0,-0.39738547801971436
6059375104.0,-0.3979845941066742
6060312576.0,-0.3990251123905182
6061250048.0,-0.4010544717311859
6062187520.0,-0.40446770191192627
6063124992.0,-0.40822410583496094
6064062464.0,-0.4130294919013977
6064999936.0,-0.4118208885192871
6065937408.0,-0.4174874424934387
6066874880.0,-0.4242856204509735
6067812352.0,-0.43104150891304016
6068749824.0,-0.43843919038772583
6069687296.0,-0.44594526290893555
6070624768.0,-0.4548676609992981
6071562752.0,-0.46233639121055603
6072500224.0,-0.4737403094768524
6073437696.0,-0.48309919238090515
6074375168.0,-0.4925463795661926
6075312640.0,-0.503342866897583
6076250112.0,-0.5140872597694397
6077187584.0,-0.5234522223472595
6078125056.0,-0.5351188778877258
6079062528.0,-0.5445329546928406
6080000000.0,-0.5538368225097656
6080937472.0,-0.5635257959365845
6081874944.0,-0.5727196335792542
6082812416.0,-0.579541027545929
6083749888.0,-0.586384117603302
6084687360.0,-0.59202641248703
6085624832.0,-0.5964837074279785
6086562304.0,-0.6005479097366333
6087499776.0,-0.6025826334953308
6088437248.0,-0.6041993498802185
6089375232.0,-0.6053260564804077
6090312704.0,-0.6043571829795837
6091250176.0,-0.6033813953399658
6092187648.0,-0.6005504131317139
6093125120.0,-0.598259687423706
6094062592.0,-0.5924004316329956
6095000064.0,-0.5845259428024292
6095937536.0,-0.5769837498664856
6096875008.0,-0.5682893395423889
6097812480.0,-0.5583036541938782
6098749952.0,-0.5480007529258728
6099687424.0,-0.5388665199279785
6100624896.0,-0.5284982323646545
6101562368.0,-0.5174303650856018
6102499840.0,-0.5062850117683411
6103437312.0,-0.49517738819122314
6104374784.0,-0.48471593856811523
6105312256.0,-0.4742104411125183
6106250240.0,-0.46496346592903137
6107187712.0,-0.4559994041919708
6108125184.0,-0.44747623801231384
6109062656.0,-0.441240519285202
6110000128.0,-0.43337947130203247
6110937600.0,-0.42721667885780334
6111875072.0,-0.42100250720977783
6112812544.0,-0.4157184958457947
6113750016.0,-0.4102722108364105
6114687488.0,-0.4055779278278351
6115624960.0,-0.40059787034988403
6116562432.0,-0.3971935212612152
6117499904.0,-0.39437028765678406
6118437376.0,-0.39119940996170044
6119374848.0,-0.3897591233253479
6120312320.0,-0.3885992467403412
6121249792.0,-0.38711729645729065
6122187264.0,-0.3872237205505371
6123125248.0,-0.3873910903930664
6124062720.0,-0.38818618655204773
6125000192.0,-0.5781199932098389
6125937664.0,-0.5889205932617188
6126875136.0,-0.5990816354751587
6127812608.0,-0.6090616583824158
6128750080.0,-0.6162735819816589
6129687552.0,-0.6242496967315674
6130625024.0,-0.6307608485221863
6131562496.0,-0.6383288502693176
6132499968.0,-0.6447712182998657
6133437440.0,-0.6508345603942871
6134374912.0,-0.6542284488677979
6135312384.0,-0.6584349870681763
6136249856.0,-0.6609418988227844
6137187328.0,-0.6621026992797852
6138124800.0,-0.6634911298751831
6139062272.0,-0.6637484431266785
6140000256.0,-0.6629399061203003
6140937728.0,-0.6616745591163635
6141875200.0,-0.661478579044342
6142812672.0,-0.6584018468856812
6143750144.0,-0.6562360525131226
6144687616.0,-0.6540738344192505
6145625088.0,-0.650259792804718
6146562560.0,-0.6463279724121094
6147500032.0,-0.6425865888595581
6148437504.0,-0.6388799548149109
6149374976.0,-0.6348580121994019
6150312448.0,-0.6315896511077881
6151249920.0,-0.6305338740348816
6152187392.0,-0.627669095993042
6153124864.0,-0.6256774663925171
6154062336.0,-0.6251590251922607
6154999808.0,-0.6239774227142334
6155937280.0,-0.6243345141410828
6156874752.0,-0.6255906224250793
6157812736.0,-0.6265687942504883
6158750208.0,-0.6281169056892395
6159687680.0,-0.6307926177978516
6160625152.0,-0.6345874071121216
6161562624.0,-0.6366917490959167
6162500096.0,-0.6399033665657043
6163437568.0,-0.6429439187049866
6164375040.0,-0.6474785208702087
6165312512.0,-0.6511691808700562
6166249984.0,-0.6575852036476135
6167187456.0,-0.6635030508041382
6168124928.0,-0.669596254825592
6169062400.0,-0.6754359006881714
6169999872.0,-0.6822998523712158
6170937344.0,-0.6885265707969666
6171874816.0,-0.6964452266693115
6172812288.0,-0.7026087045669556
6173749760.0,-0.7090558409690857
6174687744.0,-0.7164636254310608
6175625216.0,-0.7233550548553467
6176562688.0,-0.7310780882835388
6177500160.0,-0.7376277446746826
6178437632.0,-0.7461066246032715
6179375104.0,-0.7533720135688782
6180312576.0,-0.760447084903717
6181250048.0,-0.7679030895233154
6182187520.0,-0.7743675708770752
6183124992.0,-0.7815569639205933
6184062464.0,-0.7879025936126709
6184999936.0,-0.628490686416626
6185937408.0,-0.6497536897659302
6186874880.0,-0.6711915135383606
6187812352.0,-0.6907563209533691
6188749824.0,-0.7103638648986816
6189687296.0,-0.73091721534729
6190624768.0,-0.7492761015892029
6191562752.0,-0.7665103673934937
6192500224.0,-0.7835745215415955
6193437696.0,-0.7979710698127747
6194375168.0,-0.8134573101997375
6195312640.0,-0.8279581665992737
6196250112.0,-0.8409666419029236
6197187584.0,-0.8532776832580566
6198125056.0,-0.8638362288475037
6199062528.0,-0.8742522597312927
6200000000.0,-0.8813422918319702
6200937472.0,-0.8882151246070862
6201874944.0,-0.891936719417572
6202812416.0,-0.8939525485038757
6203749888.0,-0.894273042678833
6204687360.0,-0.8925363421440125
6205624832.0,-0.8893833756446838
6206562304.0,-0.8854454159736633
6207499776.0,-0.8793262243270874
6208437248.0,-0.8722878098487854
6209375232.0,-0.8633625507354736
6210312704.0,-0.8532329201698303
6211250176.0,-0.8425864577293396
6212187648.0,-0.8306410908699036
6213125120.0,-0.8182191848754883
6214062592.0,-0.8051471710205078
6215000064.0,-0.7914130687713623
6215937536.0,-0.7763304710388184
6216875008.0,-0.7621006965637207
6217812480.0,-0.7469131946563721
6218749952.0,-0.7312409281730652
6219687424.0,-0.717315137386322
6220624896.0,-0.7027077078819275
6221562368.0,-0.6906407475471497
6222499840.0,-0.6776673197746277
6223437312.0,-0.6651082038879395
6224374784.0,-0.6549767851829529
6225312256.0,-0.6434292197227478
6226250240.0,-0.6342861652374268
6227187712.0,-0.6253390908241272
6228125184.0,-0.6190294623374939
6229062656.0,-0.612673819065094
6230000128.0,-0.608238160610199
6230937600.0,-0.6053727269172668
6231875072.0,-0.6031778454780579
6232812544.0,-0.6029776334762573
6233750016.0,-0.6044086813926697
6234687488.0,-0.6073929667472839
6235624960.0,-0.6118396520614624
6236562432.0,-0.6161713004112244
6237499904.0,-0.6224996447563171
6238437376.0,-0.6298437714576721
6239374848.0,-0.6375388503074646
6240312320.0,-0.6470451354980469
6241249792.0,-0.6572279334068298
6242187264.0,-0.6671513319015503
6243125248.0,-0.6774604916572571
6244062720.0,-0.6887970566749573
6245000192.0,-0.696409285068512
6245937664.0,-0.710216224193573
6246875136.0,-0.7246738076210022
6247812608.0,-0.7398633360862732
6248750080.0,-0.753699779510498
6249687552.0,-0.769056499004364
6250625024.0,-0.7839269042015076
6251562496.0,-0.7997235059738159
6252499968.0,-0.8133108019828796
6253437440.0,-0.826223611831665
6254374912.0,-0.8388320207595825
6255312384.0,-0.8488441109657288
6256249856.0,-0.8596732020378113
6257187328.0,-0.8697994351387024
6258124800.0,-0.877835750579834
6259062272.0,-0.8865452408790588
6259999744.0,-0.8931136727333069
6260937728.0,-0.8994458317756653
6261875200.0,-0.9040008783340454
6262812672.0,-0.9086002707481384
6263750144.0,-0.911912739276886
6264687616.0,-0.915164053440094
6265625088.0,-0.9156256914138794
6266562560.0,-0.9166536927223206
6267500032.0,-0.9159063100814819
6268437504.0,-0.9145262241363525
6269374976.0,-0.9130396246910095
6270312448.0,-0.9104864597320557
6271249920.0,-0.9064685702323914
6272187392.0,-0.9017581343650818
6273124864.0,-0.897402286529541
6274062336.0,-0.8936793804168701
6274999808.0,-0.8894152641296387
6275937280.0,-0.8854103684425354
6276874752.0,-0.8815203309059143
6277812736.0,-0.8783782124519348
6278750208.0,-0.8755039572715759
6279687680.0,-0.8725427985191345
6280625152.0,-0.8694535493850708
6281562624.0,-0.8661290407180786
6282500096.0,-0.86341792345047
6283437568.0,-0.8605154752731323
6284375040.0,-0.8586950898170471
6285312512.0,-0.8583774566650391
6286249984.0,-0.8577896356582642
6287187456.0,-0.8592601418495178
6288124928.0,-0.861116349697113
6289062400.0,-0.8630691766738892
6289999872.0,-0.8645981550216675
6290937344.0,-0.8676413893699646
6291874816.0,-0.8705734014511108
6292812288.0,-0.8740206360816956
6293749760.0,-0.8792457580566406
6294687744.0,-0.884814977645874
6295625216.0,-0.8904662728309631
6296562688.0,-0.8951516151428223
6297500160.0,-0.9013877511024475
6298437632.0,-0.908602774143219
6299375104.0,-0.9160884022712708
6300312576.0,-0.9251535534858704
6301250048.0,-0.9346011877059937
6302187520.0,-0.9451058506965637
6303124992.0,-0.955409824848175
6304062464.0,-0.967171847820282
6304999936.0,-0.9969223737716675
6305937408.0,-1.0079753398895264
6306874880.0,-1.018278956413269
6307812352.0,-1.028926134109497
6308749824.0,-1.0385218858718872
6309687296.0,-1.0493515729904175
6310624768.0,-1.0598148107528687
6311562752.0,-1.0699429512023926
6312500224.0,-1.0804076194763184
6313437696.0,-1.089931845664978
6314375168.0,-1.098311424255371
6315312640.0,-1.1072461605072021
6316250112.0,-1.11626398563385
6317187584.0,-1.1274429559707642
6318125056.0,-1.137575387954712
6319062528.0,-1.1470199823379517
6320000000.0,-1.1579781770706177
6320937472.0,-1.1703267097473145
6321874944.0,-1.182693600654602
6322812416.0,-1.19479501247406
6323749888.0,-1.2069604396820068
6324687360.0,-1.2186962366104126
6325624832.0,-1.2304248809814453
6326562304.0,-1.2405809164047241
6327499776.0,-1.249045968055725
6328437248.0,-1.2580543756484985
6329375232.0,-1.2663917541503906
6330312704.0,-1.2728170156478882
6331250176.0,-1.2786731719970703
6332187648.0,-1.282626986503601
6333125120.0,-1.28536856174469
6334062592.0,-1.287527322769165
6335000064.0,-1.2888745069503784
6335937536.0,-1.288813829421997
6336875008.0,-1.2903562784194946
6337812480.0,-1.288857102394104
6338749952.0,-1.2868543863296509
6339687424.0,-1.2841535806655884
6340624896.0,-1.280056118965149
6341562368.0,-1.2741440534591675
6342499840.0,-1.2663646936416626
6343437312.0,-1.2559617757797241
6344374784.0,-1.245877981185913
6345312256.0,-1.2359411716461182
6346250240.0,-1.2236130237579346
6347187712.0,-1.2122350931167603
6348125184.0,-1.2009459733963013
6349062656.0,-1.1886775493621826
6350000128.0,-1.1759991645812988
6350937600.0,-1.1629564762115479
6351875072.0,-1.1512752771377563
6352812544.0,-1.1382155418395996
6353750016.0,-1.1247351169586182
6354687488.0,-1.1104117631912231
6355624960.0,-1.0982893705368042
6356562432.0,-1.0849781036376953
6357499904.0,-1.0729255676269531
6358437376.0,-1.0614906549453735
6359374848.0,-1.051998496055603
6360312320.0,-1.0436179637908936
6361249792.0,-1.0362468957901
6362187264.0,-1.0293842554092407
6363125248.0,-1.0254260301589966
6364062720.0,-1.021350622177124
6365000192.0,-1.389570713043213
6365937664.0,-1.403939962387085
6366875136.0,-1.4182487726211548
6367812608.0,-1.431216835975647
6368750080.0,-1.444665551185608
6369687552.0,-1.457220196723938
6370625024.0,-1.4692014455795288
6371562496.0,-1.4821782112121582
6372499968.0,-1.4937381744384766
6373437440.0,-1.506377935409546
6374374912.0,-1.5171464681625366
6375312384.0,-1.5269290208816528
6376249856.0,-1.5375005006790161
6377187328.0,-1.5459009408950806
6378124800.0,-1.5522772073745728
6379062272.0,-1.5581696033477783
6380000256.0,-1.5639312267303467
6380937728.0,-1.568325161933899
6381875200.0,-1.570366382598877
6382812672.0,-1.5728636980056763
6383750144.0,-1.5751718282699585
6384687616.0,-1.5762503147125244
6385625088.0,-1.5752149820327759
6386562560.0,-1.575323462486267
6387500032.0,-1.573255181312561
6388437504.0,-1.5688247680664062
6389374976.0,-1.564073920249939
6390312448.0,-1.558555006980896
6391249920.0,-1.5504150390625
6392187392.0,-1.5435121059417725
6393124864.0,-1.5341390371322632
6394062336.0,-1.5247248411178589
6394999808.0,-1.5133472681045532
6395937280.0,-1.502070665359497
6396874752.0,-1.4897034168243408
6397812736.0,-1.4789667129516602
6398750208.0,-1.4692132472991943
6399687680.0,-1.4598278999328613
6400625152.0,-1.451175570487976
6401562624.0,-1.4451050758361816
6402500096.0,-1.4397863149642944
6403437568.0,-1.4359506368637085
6404375040.0,-1.4345723390579224
6405312512.0,-1.4352468252182007
6406249984.0,-1.4390299320220947
6407187456.0,-1.443503737449646
6408124928.0,-1.4509687423706055
6409062400.0,-1.4576168060302734
6409999872.0,-1.466544508934021
6410937344.0,-1.476544737815857
6411874816.0,-1.4871556758880615
6412812288.0,-1.500441312789917
6413749760.0,-1.5144226551055908
6414687744.0,-1.531425952911377
6415625216.0,-1.5494779348373413
6416562688.0,-1.5700056552886963
6417500160.0,-1.592824101448059
6418437632.0,-1.616297721862793
6419375104.0,-1.6442070007324219
6420312576.0,-1.67190682888031
6421250048.0,-1.7012823820114136
6422187520.0,-1.7304164171218872
6423124992.0,-1.7604254484176636
6424062464.0,-1.7920924425125122
6424999936.0,-1.8267602920532227
6425937408.0,-1.857993483543396
6426874880.0,-1.8902077674865723
6427812352.0,-1.9207452535629272
6428749824.0,-1.9504657983779907
6429687296.0,-1.9815796613693237
6430624768.0,-2.012143135070801
6431562752.0,-2.042172908782959
6432500224.0,-2.072263240814209
6433437696.0,-2.102604389190674
6434375168.0,-2.129514694213867
6435312640.0,-2.156599283218384
6436250112.0,-2.181168794631958
6437187584.0,-2.2047410011291504
6438125056.0,-2.225834369659424
6439062528.0,-2.2469429969787598
6440000000.0,-2.267385959625244
6440937472.0,-2.2869479656219482
6441874944.0,-2.3053982257843018
6442812416.0,-2.322415828704834
6443749888.0,-2.3367326259613037
6444687360.0,-2.349043130874634
6445624832.0,-2.3602659702301025
6446562304.0,-2.3710381984710693
6447499776.0,-2.3790082931518555
6448437248.0,-2.3849356174468994
6449375232.0,-2.389251947402954
6450312704.0,-2.3929851055145264
6451250176.0,-2.3943862915039062
6452187648.0,-2.3939738273620605
6453125120.0,-2.3933520317077637
6454062592.0,-2.389235734939575
6455000064.0,-2.3836734294891357
6455937536.0,-2.3784661293029785
6456875008.0,-2.3711071014404297
6457812480.0,-2.3656163215637207
6458749952.0,-2.3584723472595215
6459687424.0,-2.3531785011291504
6460624896.0,-2.347633123397827
6461562368.0,-2.3423728942871094
6462499840.0,-2.3385000228881836
6463437312.0,-2.335576057434082
6464374784.0,-2.3341455459594727
6465312256.0,-2.334336280822754
6466250240.0,-2.336064577102661
6467187712.0,-2.339975595474243
6468125184.0,-2.343600034713745
6469062656.0,-2.3484747409820557
6470000128.0,-2.355295419692993
6470937600.0,-2.3642842769622803
6471875072.0,-2.374627113342285
6472812544.0,-2.384280204772949
6473750016.0,-2.395979642868042
6474687488.0,-2.4082894325256348
6475624960.0,-2.4221432209014893
6476562432.0,-2.436565637588501
6477499904.0,-2.4554991722106934
6478437376.0,-2.4752418994903564
6479374848.0,-2.4985620975494385
6480312320.0,-2.52298641204834
6481249792.0,-2.5505456924438477
6482187264.0,-2.5795438289642334
6483125248.0,-2.6119561195373535
6484062720.0,-2.646324872970581
6485000192.0,-2.748218059539795
6485937664.0,-2.7768571376800537
6486875136.0,-2.8064961433410645
6487812608.0,-2.8340375423431396
6488750080.0,-2.8630709648132324
6489687552.0,-2.8899950981140137
6490625024.0,-2.9177350997924805
6491562496.0,-2.9449219703674316
6492499968.0,-2.9733400344848633
6493437440.0,-3.0004255771636963
6494374912.0,-3.0292296409606934
6495312384.0,-3.0576069355010986
6496249856.0,-3.086143970489502
6497187328.0,-3.11395525932312
6498124800.0,-3.1438686847686768
6499062272.0,-3.175149917602539
6499999744.0,-3.2056238651275635
6500937728.0,-3.235454797744751
6501875200.0,-3.265798330307007
6502812672.0,-3.293830394744873
6503750144.0,-3.3223376274108887
6504687616.0,-3.348884105682373
6505625088.0,-3.3744077682495117
6506562560.0,-3.4003124237060547
6507500032.0,-3.424769878387451
6508437504.0,-3.4510695934295654
6509374976.0,-3.4772958755493164
6510312448.0,-3.5046019554138184
6511249920.0,-3.535414218902588
6512187392.0,-3.5646560192108154
6513124864.0,-3.59656023979187
6514062336.0,-3.627223491668701
6514999808.0,-3.6579208374023438
6515937280.0,-3.6876165866851807
6516874752.0,-3.7182438373565674
6517812736.0,-3.74739408493042
6518750208.0,-3.7765493392944336
6519687680.0,-3.8060500621795654
6520625152.0,-3.8347723484039307
6521562624.0,-3.8659942150115967
6522500096.0,-3.8995718955993652
6523437568.0,-3.9349584579467773
6524375040.0,-3.9728481769561768
6525312512.0,-4.012711048126221
6526249984.0,-4.054378509521484
6527187456.0,-4.09668493270874
6528124928.0,-4.139126777648926
6529062400.0,-4.183032512664795
6529999872.0,-4.228789329528809
6530937344.0,-4.274724006652832
6531874816.0,-4.320809364318848
6532812288.0,-4.3656005859375
6533749760.0,-4.410366058349609
6534687744.0,-4.457233428955078
6535625216.0,-4.503966808319092
6536562688.0,-4.549824237823486
6537500160.0,-4.596459865570068
6538437632.0,-4.640631198883057
6539375104.0,-4.684506416320801
6540312576.0,-4.72472620010376
6541250048.0,-4.7646050453186035
6542187520.0,-4.8038482666015625
6543124992.0,-4.841894626617432
6544062464.0,-4.881256580352783
6544999936.0,-4.916189670562744
6545937408.0,-4.961402893066406
6546874880.0,-5.00724458694458
6547812352.0,-5.05403470993042
6548749824.0,-5.100525856018066
6549687296.0,-5.148268222808838
6550624768.0,-5.196164608001709
6551562752.0,-5.24710750579834
6552500224.0,-5.298169136047363
6553437696.0,-5.350180149078369
6554375168.0,-5.400031089782715
6555312640.0,-5.450369834899902
6556250112.0,-5.498302459716797
6557187584.0,-5.54913330078125
6558125056.0,-5.598651885986328
6559062528.0,-5.652824401855469
6560000000.0,-5.705522537231445
6560937472.0,-5.75866174697876
6561874944.0,-5.816494464874268
6562812416.0,-5.871610641479492
6563749888.0,-5.930281639099121
6564687360.0,-5.98844051361084
6565624832.0,-6.047061443328857
6566562304.0,-6.104269504547119
6567499776.0,-6.162774085998535
6568437248.0,-6.220983028411865
6569375232.0,-6.28109884262085
6570312704.0,-6.343159198760986
6571250176.0,-6.409327983856201
6572187648.0,-6.479299545288086
6573125120.0,-6.555363178253174
6574062592.0,-6.631948947906494
6575000064.0,-6.713741302490234
6575937536.0,-6.795717239379883
6576875008.0,-6.88343620300293
6577812480.0,-6.975249767303467
6578749952.0,-7.069947719573975
6579687424.0,-7.170252323150635
6580624896.0,-7.268093585968018
6581562368.0,-7.365506172180176
6582499840.0,-7.456303119659424
6583437312.0,-7.543230056762695
6584374784.0,-7.629055023193359
6585312256.0,-7.7119460105896
6586250240.0,-7.7943010330200195
6587187712.0,-7.875936508178711
6588125184.0,-7.957823276519775
6589062656.0,-8.042658805847168
6590000128.0,-8.128274917602539
6590937600.0,-8.215255737304688
6591875072.0,-8.307108879089355
6592812544.0,-8.401741981506348
6593750016.0,-8.497252464294434
6594687488.0,-8.596949577331543
6595624960.0,-8.699723243713379
6596562432.0,-8.802154541015625
6597499904.0,-8.909473419189453
6598437376.0,-9.015012741088867
6599374848.0,-9.126152038574219
6600312320.0,-9.241433143615723
6601249792.0,-9.358555793762207
6602187264.0,-9.47623062133789
6603125248.0,-9.595138549804688
6604062720.0,-9.713946342468262
6605000192.0,-9.821002960205078
6605937664.0,-9.929572105407715
6606875136.0,-10.035131454467773
6607812608.0,-10.137764930725098
6608750080.0,-10.241475105285645
6609687552.0,-10.342567443847656
6610625024.0,-10.44259262084961
6611562496.0,-10.543867111206055
6612499968.0,-10.638181686401367
6613437440.0,-10.727407455444336
6614374912.0,-10.8153076171875
6615312384.0,-10.900383949279785
6616249856.0,-10.984637260437012
6617187328.0,-11.067098617553711
6618124800.0,-11.1490478515625
6619062272.0,-11.232162475585938
6620000256.0,-11.312049865722656
6620937728.0,-11.391446113586426
6621875200.0,-11.46076488494873
6622812672.0,-11.52436637878418
6623750144.0,-11.57685375213623
6624687616.0,-11.618382453918457
6625625088.0,-11.65567398071289
6626562560.0,-11.679903030395508
6627500032.0,-11.699402809143066
6628437504.0,-11.704217910766602
6629374976.0,-11.709922790527344
6630312448.0,-11.70753288269043
6631249920.0,-11.704957008361816
6632187392.0,-11.696487426757812
6633124864.0,-11.686259269714355
6634062336.0,-11.672861099243164
6634999808.0,-11.668675422668457
6635937280.0,-11.668113708496094
6636874752.0,-11.665822982788086
6637812736.0,-11.656811714172363
6638750208.0,-11.646007537841797
6639687680.0,-11.624940872192383
6640625152.0,-11.593403816223145
6641562624.0,-11.552041053771973
6642500096.0,-11.503034591674805
6643437568.0,-11.444680213928223
6644375040.0,-11.37891960144043
6645312512.0,-11.306010246276855
6646249984.0,-11.235387802124023
6647187456.0,-11.151412963867188
6648124928.0,-11.066079139709473
6649062400.0,-10.971381187438965
6649999872.0,-10.871280670166016
6650937344.0,-10.769036293029785
6651874816.0,-10.669486045837402
6652812288.0,-10.576155662536621
6653749760.0,-10.483195304870605
6654687744.0,-10.394891738891602
6655625216.0,-10.302410125732422
6656562688.0,-10.212759971618652
6657500160.0,-10.113932609558105
6658437632.0,-10.009393692016602
6659375104.0,-9.905073165893555
6660312576.0,-9.800039291381836
6661250048.0,-9.698202133178711
6662187520.0,-9.598211288452148
6663124992.0,-9.499969482421875
6664062464.0,-9.405006408691406
6664999936.0,-9.290726661682129
6665937408.0,-9.192425727844238
6666874880.0,-9.090239524841309
6667812352.0,-8.986451148986816
6668749824.0,-8.885516166687012
6669687296.0,-8.7833251953125
6670624768.0,-8.678886413574219
6671562752.0,-8.576223373413086
6672500224.0,-8.477940559387207
6673437696.0,-8.377172470092773
6674375168.0,-8.28213119506836
6675312640.0,-8.184036254882812
6676250112.0,-8.085561752319336
6677187584.0,-7.985703468322754
6678125056.0,-7.885974407196045
6679062528.0,-7.784356117248535
6680000000.0,-7.687435150146484
6680937472.0,-7.589733600616455
6681874944.0,-7.492703914642334
6682812416.0,-7.393404006958008
6683749888.0,-7.297402858734131
6684687360.0,-7.204342842102051
6685624832.0,-7.119457721710205
6686562304.0,-7.038638591766357
6687499776.0,-6.962090969085693
6688437248.0,-6.891899585723877
6689375232.0,-6.8253397941589355
6690312704.0,-6.763025283813477
6691250176.0,-6.703132152557373
6692187648.0,-6.6450371742248535
6693125120.0,-6.5891947746276855
6694062592.0,-6.537527084350586
6695000064.0,-6.485919952392578
6695937536.0,-6.437820911407471
6696875008.0,-6.387820720672607
6697812480.0,-6.336949348449707
6698749952.0,-6.284399509429932
6699687424.0,-6.2313151359558105
6700624896.0,-6.177793025970459
6701562368.0,-6.1230010986328125
6702499840.0,-6.069289207458496
6703437312.0,-6.012742042541504
6704374784.0,-5.956415176391602
6705312256.0,-5.899993419647217
6706250240.0,-5.840283393859863
6707187712.0,-5.783232688903809
6708125184.0,-5.725319862365723
6709062656.0,-5.667715072631836
6710000128.0,-5.611347675323486
6710937600.0,-5.552628040313721
6711875072.0,-5.493317604064941
6712812544.0,-5.432582378387451
6713750016.0,-5.369325637817383
6714687488.0,-5.306358337402344
6715624960.0,-5.24185848236084
6716562432.0,-5.177000522613525
6717499904.0,-5.1113457679748535
6718437376.0,-5.047342300415039
6719374848.0,-4.982672214508057
6720312320.0,-4.917973041534424
6721249792.0,-4.851940631866455
6722187264.0,-4.784797668457031
6723125248.0,-4.720130443572998
6724062720.0,-4.652683734893799
6725000192.0,-4.370716571807861
6725937664.0,-4.297760009765625
6726875136.0,-4.227931976318359
6727812608.0,-4.162005424499512
6728750080.0,-4.097938537597656
6729687552.0,-4.0368266105651855
6730625024.0,-3.976374864578247
6731562496.0,-3.918720245361328
6732499968.0,-3.861091375350952
6733437440.0,-3.8061769008636475
6734374912.0,-3.750861883163452
6735312384.0,-3.698316812515259
6736249856.0,-3.6472949981689453
6737187328.0,-3.6001193523406982
6738124800.0,-3.556084632873535
6739062272.0,-3.5129761695861816
6739999744.0,-3.4748425483703613
6740937728.0,-3.438581943511963
6741875200.0,-3.406463384628296
6742812672.0,-3.374451160430908
6743750144.0,-3.346144676208496
6744687616.0,-3.319369077682495
6745625088.0,-3.294048309326172
6746562560.0,-3.2722058296203613
6747500032.0,-3.249978542327881
6748437504.0,-3.227001428604126
6749374976.0,-3.207061767578125
6750312448.0,-3.1852047443389893
6751249920.0,-3.165703773498535
6752187392.0,-3.144789218902588
6753124864.0,-3.1251578330993652
6754062336.0,-3.1049821376800537
6754999808.0,-3.0858969688415527
6755937280.0,-3.0666043758392334
6756874752.0,-3.0489063262939453
6757812736.0,-3.03216290473938
6758750208.0,-3.0158402919769287
6759687680.0,-3.0008363723754883
6760625152.0,-2.9838619232177734
6761562624.0,-2.967362880706787
6762500096.0,-2.948725700378418
6763437568.0,-2.9285802841186523
6764375040.0,-2.9075331687927246
6765312512.0,-2.8855063915252686
6766249984.0,-2.860471487045288
6767187456.0,-2.8358569145202637
6768124928.0,-2.807400703430176
6769062400.0,-2.7789394855499268
6769999872.0,-2.7504146099090576
6770937344.0,-2.719708204269409
6771874816.0,-2.689565658569336
6772812288.0,-2.658203125
6773749760.0,-2.6264612674713135
6774687744.0,-2.5952088832855225
6775625216.0,-2.5634560585021973
6776562688.0,-2.530965566635132
6777500160.0,-2.499798536300659
6778437632.0,-2.47037410736084
6779375104.0,-2.4410386085510254
6780312576.0,-2.4117798805236816
6781250048.0,-2.3826630115509033
6782187520.0,-2.3545196056365967
6783124992.0,-2.325932025909424
6784062464.0,-2.2981252670288086
6784999936.0,-2.2771031856536865
6785937408.0,-2.2446067333221436
6786874880.0,-2.211178779602051
6787812352.0,-2.1801559925079346
6788749824.0,-2.1488358974456787
6789687296.0,-2.1189827919006348
6790624768.0,-2.0889012813568115
6791562752.0,-2.0597784519195557
6792500224.0,-2.0332822799682617
6793437696.0,-2.006679058074951
6794375168.0,-1.9828388690948486
6795312640.0,-1.958487629890442
6796250112.0,-1.9368393421173096
6797187584.0,-1.9170087575912476
6798125056.0,-1.8987369537353516
6799062528.0,-1.8806297779083252
6800000000.0,-1.8644731044769287
6800937472.0,-1.8483848571777344
6801874944.0,-1.8339967727661133
6802812416.0,-1.8194082975387573
6803749888.0,-1.807705283164978
6804687360.0,-1.7956539392471313
6805624832.0,-1.7830009460449219
6806562304.0,-1.7716333866119385
6807499776.0,-1.7609320878982544
6808437248.0,-1.7502593994140625
6809375232.0,-1.7400906085968018
6810312704.0,-1.7293826341629028
6811250176.0,-1.7187329530715942
6812187648.0,-1.7066525220870972
6813125120.0,-1.6942421197891235
6814062592.0,-1.681818962097168
6815000064.0,-1.6679219007492065
6815937536.0,-1.6540024280548096
6816875008.0,-1.6407151222229004
6817812480.0,-1.6256723403930664
6818749952.0,-1.6109702587127686
6819687424.0,-1.5949465036392212
6820624896.0,-1.5801669359207153
6821562368.0,-1.5635673999786377
6822499840.0,-1.5448625087738037
6823437312.0,-1.5265575647354126
6824374784.0,-1.5067672729492188
6825312256.0,-1.4855912923812866
6826250240.0,-1.4646692276000977
6827187712.0,-1.4438199996948242
6828125184.0,-1.4220001697540283
6829062656.0,-1.4002313613891602
6830000128.0,-1.3777364492416382
6830937600.0,-1.354876160621643
6831875072.0,-1.332261323928833
6832812544.0,-1.3080248832702637
6833750016.0,-1.2862766981124878
6834687488.0,-1.2638683319091797
6835624960.0,-1.2426738739013672
6836562432.0,-1.2217514514923096
6837499904.0,-1.2029662132263184
6838437376.0,-1.1846742630004883
6839374848.0,-1.1671080589294434
6840312320.0,-1.1514467000961304
6841249792.0,-1.1349339485168457
6842187264.0,-1.1210541725158691
6843125248.0,-1.107924461364746
6844062720.0,-1.0956778526306152
6845000192.0,-1.060183048248291
6845937664.0,-1.050626516342163
6846875136.0,-1.0432898998260498
6847812608.0,-1.036436915397644
6848750080.0,-1.0306247472763062
6849687552.0,-1.0264649391174316
6850625024.0,-1.0242657661437988
6851562496.0,-1.0220234394073486
6852499968.0,-1.0211330652236938
6853437440.0,-1.022348403930664
6854374912.0,-1.0242624282836914
6855312384.0,-1.0257476568222046
6856249856.0,-1.0296685695648193
6857187328.0,-1.033807396888733
6858124800.0,-1.0397239923477173
6859062272.0,-1.0468682050704956
6860000256.0,-1.0544875860214233
6860937728.0,-1.0630309581756592
6861875200.0,-1.0727649927139282
6862812672.0,-1.0847536325454712
6863750144.0,-1.0941895246505737
6864687616.0,-1.106805682182312
6865625088.0,-1.1165088415145874
6866562560.0,-1.1280699968338013
6867500032.0,-1.1386991739273071
6868437504.0,-1.1491789817810059
6869374976.0,-1.1578154563903809
6870312448.0,-1.1667752265930176
6871249920.0,-1.174814224243164
6872187392.0,-1.1807786226272583
6873124864.0,-1.1869040727615356
6874062336.0,-1.1899088621139526
6874999808.0,-1.193490982055664
6875937280.0,-1.1947946548461914
6876874752.0,-1.1939188241958618
6877812736.0,-1.1897753477096558
6878750208.0,-1.1855127811431885
6879687680.0,-1.1773022413253784
6880625152.0,-1.1661183834075928
6881562624.0,-1.1520870923995972
6882500096.0,-1.1370048522949219
6883437568.0,-1.1199162006378174
6884375040.0,-1.1017295122146606
6885312512.0,-1.079656958580017
6886249984.0,-1.058042287826538
6887187456.0,-1.0314958095550537
6888124928.0,-1.0075066089630127
6889062400.0,-0.9796721339225769
6889999872.0,-0.9515109062194824
6890937344.0,-0.9228068590164185
6891874816.0,-0.8943362832069397
6892812288.0,-0.8642964959144592
6893749760.0,-0.8353974223136902
6894687744.0,-0.8048816323280334
6895625216.0,-0.7739773392677307
6896562688.0,-0.7438578009605408
6897500160.0,-0.7145035266876221
6898437632.0,-0.6850334405899048
6899375104.0,-0.6573029160499573
6900312576.0,-0.630614697933197
6901250048.0,-0.6038608551025391
6902187520.0,-0.5774670839309692
6903124992.0,-0.553887665271759
6904062464.0,-0.5313190221786499
6904999936.0,-0.49279889464378357
6905937408.0,-0.489099383354187
6906874880.0,-0.485925555229187
6907812352.0,-0.4838097393512726
6908749824.0,-0.4836438298225403
6909687296.0,-0.4846469759941101
6910624768.0,-0.4861893355846405
6911562752.0,-0.4895908236503601
6912500224.0,-0.4942246675491333
6913437696.0,-0.49899762868881226
6914375168.0,-0.5051275491714478
6915312640.0,-0.5120535492897034
6916250112.0,-0.519754946231842
6917187584.0,-0.5280710458755493
6918125056.0,-0.5365657210350037
6919062528.0,-0.5434901118278503
6920000000.0,-0.5531607866287231
6920937472.0,-0.5622775554656982
6921874944.0,-0.5720480680465698
6922812416.0,-0.5806179046630859
6923749888.0,-0.590796709060669
6924687360.0,-0.5985535383224487
6925624832.0,-0.6063186526298523
6926562304.0,-0.6145197749137878
6927499776.0,-0.6225289106369019
6928437248.0,-0.6301307678222656
6929375232.0,-0.6367112994194031
6930312704.0,-0.6434231996536255
6931250176.0,-0.6520348191261292
6932187648.0,-0.6606343984603882
6933125120.0,-0.6684100031852722
6934062592.0,-0.6751423478126526
6935000064.0,-0.6808934807777405
6935937536.0,-0.6863041520118713
6936875008.0,-0.6919127106666565
6937812480.0,-0.696340024471283
6938749952.0,-0.6996474862098694
6939687424.0,-0.7029659748077393
6940624896.0,-0.703873872756958
6941562368.0,-0.7047718167304993
6942499840.0,-0.70461106300354
6943437312.0,-0.7042514681816101
6944374784.0,-0.701471745967865
6945312256.0,-0.698591947555542
6946250240.0,-0.6946633458137512
6947187712.0,-0.6895266175270081
6948125184.0,-0.6836485266685486
6949062656.0,-0.6767024397850037
6950000128.0,-0.6701090931892395
6950937600.0,-0.6615269184112549
6951875072.0,-0.6514317393302917
6952812544.0,-0.6418946385383606
6953750016.0,-0.6312898397445679
6954687488.0,-0.6207359433174133
6955624960.0,-0.607469379901886
6956562432.0,-0.5979141592979431
6957499904.0,-0.5865331888198853
6958437376.0,-0.5741646885871887
6959374848.0,-0.5611167550086975
6960312320.0,-0.546939492225647
6961249792.0,-0.5322946906089783
6962187264.0,-0.5172396302223206
6963125248.0,-0.5014523863792419
6964062720.0,-0.4859059453010559
6965000192.0,-0.40654999017715454
6965937664.0,-0.39913660287857056
6966875136.0,-0.3921193480491638
6967812608.0,-0.3841502368450165
6968750080.0,-0.37642157077789307
6969687552.0,-0.3698904514312744
6970625024.0,-0.36219707131385803
6971562496.0,-0.35832592844963074
6972499968.0,-0.35139188170433044
6973437440.0,-0.34742623567581177
6974374912.0,-0.34340518712997437
6975312384.0,-0.3408544659614563
6976249856.0,-0.3370053470134735
6977187328.0,-0.3353677988052368
6978124800.0,-0.3344121277332306
6979062272.0,-0.3346610367298126
6979999744.0,-0.3361653685569763
6980937728.0,-0.33835569024086
6981875200.0,-0.3396296799182892
6982812672.0,-0.34312739968299866
6983750144.0,-0.34802091121673584
6984687616.0,-0.35308951139450073
6985625088.0,-0.3599393367767334
6986562560.0,-0.36782214045524597
6987500032.0,-0.37650424242019653
6988437504.0,-0.38583439588546753
6989374976.0,-0.3970355987548828
6990312448.0,-0.4076448976993561
6991249920.0,-0.41954898834228516
6992187392.0,-0.4312927722930908
6993124864.0,-0.4437234699726105
6994062336.0,-0.45631974935531616
6994999808.0,-0.4696076512336731
6995937280.0,-0.48123762011528015
6996874752.0,-0.4938240349292755
6997812736.0,-0.5052549242973328
6998750208.0,-0.5180771946907043
6999687680.0,-0.5283241271972656
7000625152.0,-0.5383676886558533
7001562624.0,-0.5482187867164612
7002500096.0,-0.5556188821792603
7003437568.0,-0.562201738357544
7004375040.0,-0.5689947009086609
7005312512.0,-0.5732942819595337
7006249984.0,-0.5762674808502197
7007187456.0,-0.5791736245155334
7008124928.0,-0.5798745155334473
7009062400.0,-0.5787416696548462
7009999872.0,-0.5772495269775391
7010937344.0,-0.5757945775985718
7011874816.0,-0.5715293884277344
7012812288.0,-0.5657392144203186
7013749760.0,-0.5587859749794006
7014687744.0,-0.5519119501113892
7015625216.0,-0.5443807244300842
7016562688.0,-0.5347475409507751
7017500160.0,-0.5265025496482849
7018437632.0,-0.517490804195404
7019375104.0,-0.5080209374427795
7020312576.0,-0.4985871911048889
7021250048.0,-0.48907533288002014
7022187520.0,-0.47959423065185547
7023124992.0,-0.4705612063407898
7024062464.0,-0.4617830216884613
7024999936.0,-0.43448787927627563
7025937408.0,-0.4269900918006897
7026874880.0,-0.4211311936378479
7027812352.0,-0.4153793156147003
7028749824.0,-0.40971848368644714
7029687296.0,-0.4070391356945038
7030624768.0,-0.4037455916404724
7031562752.0,-0.4033633768558502
7032500224.0,-0.40338125824928284
7033437696.0,-0.40498587489128113
7034375168.0,-0.4080668091773987
7035312640.0,-0.41084858775138855
7036250112.0,-0.4150376319885254
7037187584.0,-0.42216140031814575
7038125056.0,-0.4295043647289276
7039062528.0,-0.4383484721183777
7040000000.0,-0.4470589756965637
7040937472.0,-0.4567389488220215
7041874944.0,-0.4669151306152344
7042812416.0,-0.477159708738327
7043749888.0,-0.4868725538253784
7044687360.0,-0.49582332372665405
7045624832.0,-0.5045303702354431
7046562304.0,-0.5125263929367065
7047499776.0,-0.5179900527000427
7048437248.0,-0.5229788422584534
7049375232.0,-0.5281025767326355
7050312704.0,-0.5307641625404358
7051250176.0,-0.5318235754966736
7052187648.0,-0.5293926000595093
7053125120.0,-0.5278716683387756
7054062592.0,-0.5220959782600403
7055000064.0,-0.516133189201355
7055937536.0,-0.5075303316116333
7056875008.0,-0.496939092874527
7057812480.0,-0.48522627353668213
7058749952.0,-0.47027385234832764
7059687424.0,-0.4537377655506134
7060624896.0,-0.43643635511398315
7061562368.0,-0.41640931367874146
7062499840.0,-0.396093487739563
7063437312.0,-0.37564873695373535
7064374784.0,-0.35392940044403076
7065312256.0,-0.3318222165107727
7066250240.0,-0.3096040189266205
7067187712.0,-0.28748977184295654
7068125184.0,-0.26593253016471863
7069062656.0,-0.24546165764331818
7070000128.0,-0.22584523260593414
7070937600.0,-0.20663224160671234
7071875072.0,-0.18871794641017914
7072812544.0,-0.17200365662574768
7073750016.0,-0.15726721286773682
7074687488.0,-0.14373992383480072
7075624960.0,-0.13231289386749268
7076562432.0,-0.12288103252649307
7077499904.0,-0.11431992799043655
7078437376.0,-0.10944622755050659
7079374848.0,-0.10596781969070435
7080312320.0,-0.10632607340812683
7081249792.0,-0.10850543528795242
7082187264.0,-0.1126641109585762
7083125248.0,-0.1198241263628006
7084062720.0,-0.1281200647354126
7085000192.0,-0.28256869316101074
7085937664.0,-0.2940133512020111
7086875136.0,-0.30819976329803467
7087812608.0,-0.3230209946632385
7088750080.0,-0.3406723439693451
7089687552.0,-0.3598487377166748
7090625024.0,-0.38087156414985657
7091562496.0,-0.4023894667625427
7092499968.0,-0.4282204210758209
7093437440.0,-0.4543269872665405
7094374912.0,-0.4823039770126343
7095312384.0,-0.5118800401687622
7096249856.0,-0.5424396395683289
7097187328.0,-0.5754576325416565
7098124800.0,-0.6085689663887024
7099062272.0,-0.643348753452301
7100000256.0,-0.6770700812339783
7100937728.0,-0.71116042137146
7101875200.0,-0.7442114353179932
7102812672.0,-0.7770473957061768
7103750144.0,-0.8063212633132935
7104687616.0,-0.834338903427124
7105625088.0,-0.8603823781013489
7106562560.0,-0.8838237524032593
7107500032.0,-0.903343141078949
7108437504.0,-0.9198274612426758
7109374976.0,-0.9330907464027405
7110312448.0,-0.9417906403541565
7111249920.0,-0.9472107887268066
7112187392.0,-0.9488210082054138
7113124864.0,-0.9465215802192688
7114062336.0,-0.9404312372207642
7114999808.0,-0.9293370246887207
7115937280.0,-0.9160728454589844
7116874752.0,-0.8977258801460266
7117812736.0,-0.8769741058349609
7118750208.0,-0.8534238338470459
7119687680.0,-0.8256105780601501
7120625152.0,-0.7962174415588379
7121562624.0,-0.7645074129104614
7122500096.0,-0.7309431433677673
7123437568.0,-0.6966137886047363
7124375040.0,-0.6603733897209167
7125312512.0,-0.6241315007209778
7126249984.0,-0.5882388949394226
7127187456.0,-0.5512925386428833
7128124928.0,-0.5139107704162598
7129062400.0,-0.4784994423389435
7129999872.0,-0.4431433379650116
7130937344.0,-0.4082125127315521
7131874816.0,-0.37543243169784546
7132812288.0,-0.3437497019767761
7133749760.0,-0.31382817029953003
7134687744.0,-0.2863551378250122
7135625216.0,-0.2615429759025574
7136562688.0,-0.23886822164058685
7137500160.0,-0.21638934314250946
7138437632.0,-0.19765056669712067
7139375104.0,-0.17938925325870514
7140312576.0,-0.16377303004264832
7141250048.0,-0.15052957832813263
7142187520.0,-0.13970540463924408
7143124992.0,-0.12812615931034088
7144062464.0,-0.22213000059127808
7144999936.0,-0.2229785919189453
7145937408.0,-0.22314152121543884
7146874880.0,-0.2251415252685547
7147812352.0,-0.2266223281621933
7148749824.0,-0.2303169071674347
7149687296.0,-0.23439131677150726
7150624768.0,-0.2397608906030655
7151562752.0,-0.24633127450942993
7152500224.0,-0.25576046109199524
7153437696.0,-0.26441022753715515
7154375168.0,-0.2770403027534485
7155312640.0,-0.2919519543647766
7156250112.0,-0.3086097240447998
7157187584.0,-0.329424649477005
7158125056.0,-0.3512411415576935
7159062528.0,-0.37693479657173157
7160000000.0,-0.4039762020111084
7160937472.0,-0.4317237436771393
7161874944.0,-0.45476463437080383
7162812416.0,-0.47687602043151855
7163749888.0,-0.4938744008541107
7164687360.0,-0.5080214738845825
7165624832.0,-0.517622172832489
7166562304.0,-0.5268259644508362
7167499776.0,-0.5322638750076294
7168437248.0,-0.5367541313171387
7169375232.0,-0.5394955277442932
7170312704.0,-0.5402708649635315
7171250176.0,-0.5420392751693726
7172187648.0,-0.5431809425354004
7173125120.0,-0.5462086796760559
7174062592.0,-0.551281213760376
7175000064.0,-0.5584312081336975
7175937536.0,-0.5684756636619568
7176875008.0,-0.5794137716293335
7177812480.0,-0.5949731469154358
7178749952.0,-0.6101690530776978
7179687424.0,-0.6295806765556335
7180624896.0,-0.6505815386772156
7181562368.0,-0.6703856587409973
7182499840.0,-0.6917958855628967
7183437312.0,-0.7129344940185547
7184374784.0,-0.7328711152076721
7185312256.0,-0.7509000897407532
7186250240.0,-0.7673214673995972
7187187712.0,-0.7809679508209229
7188125184.0,-0.7912802696228027
7189062656.0,-0.7978625893592834
7190000128.0,-0.8019042015075684
7190937600.0,-0.8012616038322449
7191875072.0,-0.7961084842681885
7192812544.0,-0.7877273559570312
7193750016.0,-0.774618923664093
7194687488.0,-0.758537769317627
7195624960.0,-0.7393857836723328
7196562432.0,-0.7184853553771973
7197499904.0,-0.694129228591919
7198437376.0,-0.6686596870422363
7199374848.0,-0.6423908472061157
7200312320.0,-0.615253210067749
7201249792.0,-0.5885699391365051
7202187264.0,-0.5632017850875854
7203125248.0,-0.5388280153274536
7204062720.0,-0.6641110181808472
7205000192.0,-0.6563655138015747
7205937664.0,-0.6513106822967529
7206875136.0,-0.6493957042694092
7207812608.0,-0.6478257775306702
7208750080.0,-0.6499523520469666
7209687552.0,-0.6544231176376343
7210625024.0,-0.6611151099205017
7211562496.0,-0.6705693602561951
7212499968.0,-0.6850022673606873
7213437440.0,-0.7007314562797546
7214374912.0,-0.7174609899520874
7215312384.0,-0.737056314945221
7216249856.0,-0.7552531361579895
7217187328.0,-0.7757503986358643
7218124800.0,-0.7970680594444275
7219062272.0,-0.8187649846076965
7219999744.0,-0.8389573097229004
7220937728.0,-0.8584439158439636
7221875200.0,-0.8780243396759033
7222812672.0,-0.8954420685768127
7223750144.0,-0.9116324782371521
7224687616.0,-0.9275100827217102
7225625088.0,-0.9389553666114807
7226562560.0,-0.9503608345985413
7227500032.0,-0.9585573077201843
7228437504.0,-0.9665809869766235
7229374976.0,-0.9713789820671082
7230312448.0,-0.9751827716827393
7231249920.0,-0.9763602018356323
7232187392.0,-0.9754180908203125
7233124864.0,-0.9736993312835693
7234062336.0,-0.969180703163147
7234999808.0,-0.9640706181526184
7235937280.0,-0.95892333984375
7236874752.0,-0.953229546546936
7237812736.0,-0.9468650221824646
7238750208.0,-0.9415600299835205
7239687680.0,-0.9344117045402527
7240625152.0,-0.9290410280227661
7241562624.0,-0.9243009090423584
7242500096.0,-0.9210136532783508
7243437568.0,-0.9182573556900024
7244375040.0,-0.9172908663749695
7245312512.0,-0.9161641001701355
7246249984.0,-0.9182238578796387
7247187456.0,-0.9230524301528931
7248124928.0,-0.9276983737945557
7249062400.0,-0.9335684776306152
7249999872.0,-0.9428022503852844
7250937344.0,-0.9511521458625793
7251874816.0,-0.9617491364479065
7252812288.0,-0.9737386703491211
7253749760.0,-0.9868403077125549
7254687744.0,-1.0005099773406982
7255625216.0,-1.0153651237487793
7256562688.0,-1.0315711498260498
7257500160.0,-1.0477890968322754
7258437632.0,-1.064739465713501
7259375104.0,-1.0817534923553467
7260312576.0,-1.0988973379135132
7261250048.0,-1.1164538860321045
7262187520.0,-1.1308584213256836
7263124992.0,-1.144970417022705
7264062464.0,-1.1730817556381226
7264999936.0,-1.1883748769760132
7265937408.0,-1.2025383710861206
7266874880.0,-1.216470718383789
7267812352.0,-1.2309925556182861
7268749824.0,-1.246135950088501
7269687296.0,-1.2600973844528198
7270624768.0,-1.2740528583526611
7271562752.0,-1.2854787111282349
7272500224.0,-1.2969177961349487
7273437696.0,-1.306792974472046
7274375168.0,-1.3160172700881958
7275312640.0,-1.3247854709625244
7276250112.0,-1.329847812652588
7277187584.0,-1.3360737562179565
7278125056.0,-1.3373961448669434
7279062528.0,-1.3371726274490356
7280000000.0,-1.3335793018341064
7280937472.0,-1.3283711671829224
7281874944.0,-1.3182748556137085
7282812416.0,-1.3073234558105469
7283749888.0,-1.2933470010757446
7284687360.0,-1.2757378816604614
7285624832.0,-1.2565381526947021
7286562304.0,-1.23525869846344
7287499776.0,-1.2126338481903076
7288437248.0,-1.1887626647949219
7289375232.0,-1.1629871129989624
7290312704.0,-1.1333714723587036
7291250176.0,-1.1032991409301758
7292187648.0,-1.07136869430542
7293125120.0,-1.0395632982254028
7294062592.0,-1.0055993795394897
7295000064.0,-0.9708544611930847
7295937536.0,-0.9366553425788879
7296875008.0,-0.9009326100349426
7297812480.0,-0.8651382327079773
7298749952.0,-0.8290306329727173
7299687424.0,-0.7933487892150879
7300624896.0,-0.7571638226509094
7301562368.0,-0.7221322059631348
7302499840.0,-0.6861186027526855
7303437312.0,-0.6502329111099243
7304374784.0,-0.6159761548042297
7305312256.0,-0.5813531279563904
7306250240.0,-0.5486927628517151
7307187712.0,-0.5172944664955139
7308125184.0,-0.48686641454696655
7309062656.0,-0.45711174607276917
7310000128.0,-0.4293421506881714
7310937600.0,-0.402188777923584
7311875072.0,-0.37740933895111084
7312812544.0,-0.3554292321205139
7313750016.0,-0.3372729420661926
7314687488.0,-0.3208617568016052
7315624960.0,-0.30542927980422974
7316562432.0,-0.2925630807876587
7317499904.0,-0.28067147731781006
7318437376.0,-0.2704632580280304
7319374848.0,-0.2622094750404358
7320312320.0,-0.25596973299980164
7321249792.0,-0.2523784339427948
7322187264.0,-0.24935311079025269
7323125248.0,-0.24926692247390747
7324062720.0,-0.4090634882450104
7325000192.0,-0.4075915813446045
7325937664.0,-0.40685367584228516
7326875136.0,-0.40721505880355835
7327812608.0,-0.4111323952674866
7328750080.0,-0.4147630035877228
7329687552.0,-0.42065706849098206
7330625024.0,-0.42783674597740173
7331562496.0,-0.43524813652038574
7332499968.0,-0.4438462555408478
7333437440.0,-0.4548284709453583
7334374912.0,-0.46509161591529846
7335312384.0,-0.47670063376426697
7336249856.0,-0.4873071312904358
7337187328.0,-0.4994405210018158
7338124800.0,-0.5094940662384033
7339062272.0,-0.5195909738540649
7340000256.0,-0.5275097489356995
7340937728.0,-0.5370004177093506
7341875200.0,-0.5438028573989868
7342812672.0,-0.5499371290206909
7343750144.0,-0.5561458468437195
7344687616.0,-0.5603030323982239
7345625088.0,-0.5623332262039185
7346562560.0,-0.5651270151138306
7347500032.0,-0.5648517608642578
7348437504.0,-0.5626236796379089
7349374976.0,-0.5594151616096497
7350312448.0,-0.5545712113380432
7351249920.0,-0.5485844016075134
7352187392.0,-0.54160475730896
7353124864.0,-0.5332289934158325
7354062336.0,-0.5244515538215637
7354999808.0,-0.514199435710907
7355937280.0,-0.5034218430519104
7356874752.0,-0.4924229085445404
7357812736.0,-0.4800621271133423
7358750208.0,-0.4681282341480255
7359687680.0,-0.4540272355079651
7360625152.0,-0.44054660201072693
7361562624.0,-0.4259180724620819
7362500096.0,-0.4104556739330292
7363437568.0,-0.39476561546325684
7364375040.0,-0.3774982690811157
7365312512.0,-0.3575793504714966
7366249984.0,-0.3398200273513794
7367187456.0,-0.32042667269706726
7368124928.0,-0.3024860620498657
7369062400.0,-0.28325119614601135
7369999872.0,-0.2647544741630554
7370937344.0,-0.24625007808208466
7371874816.0,-0.227140873670578
7372812288.0,-0.20713095366954803
7373749760.0,-0.18756702542304993
7374687744.0,-0.1684543788433075
7375625216.0,-0.14848987758159637
7376562688.0,-0.1271986961364746
7377500160.0,-0.10711425542831421
7378437632.0,-0.08649233728647232
7379375104.0,-0.06395828723907471
7380312576.0,-0.042610153555870056
7381250048.0,-0.02108626440167427
7382187520.0,0.00042326495167799294
7383124992.0,0.022993702441453934
7384062464.0,0.036588601768016815
7384999936.0,0.04402114450931549
7385937408.0,0.050390347838401794
7386874880.0,0.056874025613069534
7387812352.0,0.062436409294605255
7388749824.0,0.06661973148584366
7389687296.0,0.07309087365865707
7390624768.0,0.0784335806965828
7391562752.0,0.08269020915031433
7392500224.0,0.08785797655582428
7393437696.0,0.09295344352722168
7394375168.0,0.0987882986664772
7395312640.0,0.10372812300920486
7396250112.0,0.11036315560340881
7397187584.0,0.11636050045490265
7398125056.0,0.12261603772640228
7399062528.0,0.12970413267612457
7400000000.0,0.13753701746463776
7400937472.0,0.14424186944961548
7401874944.0,0.1521214097738266
7402812416.0,0.15901264548301697
7403749888.0,0.16586385667324066
7404687360.0,0.17116063833236694
7405624832.0,0.17634126543998718
7406562304.0,0.1804608553647995
7407499776.0,0.18322674930095673
7408437248.0,0.18346229195594788
7409375232.0,0.18236033618450165
7410312704.0,0.17906001210212708
7411250176.0,0.173102006316185
7412187648.0,0.16510047018527985
7413125120.0,0.15375500917434692
7414062592.0,0.14028897881507874
7415000064.0,0.12514424324035645
7415937536.0,0.106573186814785
7416875008.0,0.08675285428762436
7417812480.0,0.06505794823169708
7418749952.0,0.04151589795947075
7419687424.0,0.017383625730872154
7420624896.0,-0.007818716578185558
7421562368.0,-0.033006321638822556
7422499840.0,-0.05911216139793396
7423437312.0,-0.08436264842748642
7424374784.0,-0.10908383131027222
7425312256.0,-0.13501721620559692
7426250240.0,-0.15827637910842896
7427187712.0,-0.18084849417209625
7428125184.0,-0.20166224241256714
7429062656.0,-0.22059044241905212
7430000128.0,-0.23905126750469208
7430937600.0,-0.2558412551879883
7431875072.0,-0.2704763114452362
7432812544.0,-0.28399038314819336
7433750016.0,-0.2953683137893677
7434687488.0,-0.3061155378818512
7435624960.0,-0.31566038727760315
7436562432.0,-0.3240370452404022
7437499904.0,-0.33131396770477295
7438437376.0,-0.3371071517467499
7439374848.0,-0.34117430448532104
7440312320.0,-0.3456715941429138
7441249792.0,-0.3470582365989685
7442187264.0,-0.3475845456123352
7443125248.0,-0.34785887598991394
7444062720.0,-0.130459725856781
7445000192.0,-0.1127181276679039
7445937664.0,-0.09621243923902512
7446875136.0,-0.08303508907556534
7447812608.0,-0.07228339463472366
7448750080.0,-0.06316152215003967
7449687552.0,-0.05579017847776413
7450625024.0,-0.051635656505823135
7451562496.0,-0.04621903970837593
7452499968.0,-0.04403562843799591
7453437440.0,-0.040591366589069366
7454374912.0,-0.03892003372311592
7455312384.0,-0.03759229555726051
7456249856.0,-0.034485090523958206
7457187328.0,-0.0322524718940258
7458124800.0,-0.02925044111907482
7459062272.0,-0.02494806796312332
7459999744.0,-0.020837368443608284
7460937728.0,-0.014844710938632488
7461875200.0,-0.0075450134463608265
7462812672.0,0.0005481415428221226
7463750144.0,0.010029667057096958
7464687616.0,0.019373292103409767
7465625088.0,0.030330613255500793
7466562560.0,0.041335780173540115
7467500032.0,0.0526336207985878
7468437504.0,0.06372234970331192
7469374976.0,0.07532310485839844
7470312448.0,0.08791950345039368
7471249920.0,0.09944380074739456
7472187392.0,0.11160852015018463
7473124864.0,0.12333217263221741
7474062336.0,0.1354515105485916
7474999808.0,0.14554958045482635
7475937280.0,0.1548127830028534
7476874752.0,0.1630859225988388
7477812736.0,0.17114251852035522
7478750208.0,0.17720353603363037
7479687680.0,0.18228153884410858
7480625152.0,0.18624721467494965
7481562624.0,0.18778672814369202
7482500096.0,0.18875396251678467
7483437568.0,0.18698224425315857
7484375040.0,0.18554440140724182
7485312512.0,0.1812504231929779
7486249984.0,0.17552651464939117
7487187456.0,0.1682768613100052
7488124928.0,0.1598823070526123
7489062400.0,0.14995037019252777
7489999872.0,0.13944023847579956
7490937344.0,0.12626901268959045
7491874816.0,0.11142077296972275
7492812288.0,0.09423235803842545
7493749760.0,0.07675714045763016
7494687744.0,0.05793160945177078
7495625216.0,0.039354108273983
7496562688.0,0.02095164731144905
7497500160.0,0.0015215427847579122
7498437632.0,-0.01771683245897293
7499375104.0,-0.03589874878525734
7500312576.0,-0.054465778172016144
7501250048.0,-0.07102559506893158
7502187520.0,-0.0876881405711174
7503124992.0,-0.10387884080410004
7504062464.0,-0.08843450248241425
7504999936.0,-0.0981721505522728
7505937408.0,-0.10854990035295486
7506874880.0,-0.1184447631239891
7507812352.0,-0.1289667785167694
7508749824.0,-0.1376466453075409
7509687296.0,-0.14710018038749695
7510624768.0,-0.15525054931640625
7511562752.0,-0.1629546880722046
7512500224.0,-0.17094765603542328
7513437696.0,-0.1760832816362381
7514375168.0,-0.18174146115779877
7515312640.0,-0.1861228495836258
7516250112.0,-0.19031797349452972
7517187584.0,-0.19468636810779572
7518125056.0,-0.1987067610025406
7519062528.0,-0.20036689937114716
7520000000.0,-0.20206226408481598
7520937472.0,-0.20148490369319916
7521874944.0,-0.2010946273803711
7522812416.0,-0.19832612574100494
7523749888.0,-0.19570650160312653
7524687360.0,-0.19217181205749512
7525624832.0,-0.18713463842868805
7526562304.0,-0.18030120432376862
7527499776.0,-0.17384956777095795
7528437248.0,-0.1653883159160614
7529375232.0,-0.15644966065883636
7530312704.0,-0.14560699462890625
7531250176.0,-0.13506503403186798
7532187648.0,-0.12385746091604233
7533125120.0,-0.11059930920600891
7534062592.0,-0.09764623641967773
7535000064.0,-0.08382030576467514
7535937536.0,-0.06857768446207047
7536875008.0,-0.053425904363393784
7537812480.0,-0.03664889559149742
7538749952.0,-0.020131200551986694
7539687424.0,-0.0034110804554075003
7540624896.0,0.014107216149568558
7541562368.0,0.03283311799168587
7542499840.0,0.05333276093006134
7543437312.0,0.07236901670694351
7544374784.0,0.09379389137029648
7545312256.0,0.11458904296159744
7546250240.0,0.13474483788013458
7547187712.0,0.1571630835533142
7548125184.0,0.1778252124786377
7549062656.0,0.1979217380285263
7550000128.0,0.2192288041114807
7550937600.0,0.23841817677021027
7551875072.0,0.25748422741889954
7552812544.0,0.27707573771476746
7553750016.0,0.29550981521606445
7554687488.0,0.3117178678512573
7555624960.0,0.32849356532096863
7556562432.0,0.3442036509513855
7557499904.0,0.35691317915916443
7558437376.0,0.3693547248840332
7559374848.0,0.3802855908870697
7560312320.0,0.38986310362815857
7561249792.0,0.3966982960700989
7562187264.0,0.40215200185775757
7563125248.0,0.40544670820236206
7564062720.0,0.18648433685302734
7565000192.0,0.18548403680324554
7565937664.0,0.18388782441616058
7566875136.0,0.181913360953331
7567812608.0,0.18010562658309937
7568750080.0,0.17770841717720032
7569687552.0,0.1743011623620987
7570625024.0,0.1688430905342102
7571562496.0,0.16330087184906006
7572499968.0,0.1571986824274063
7573437440.0,0.14880000054836273
7574374912.0,0.14027665555477142
7575312384.0,0.12916971743106842
7576249856.0,0.11826325207948685
7577187328.0,0.10513989627361298
7578124800.0,0.09170714765787125
7579062272.0,0.07815008610486984
7580000256.0,0.06200185418128967
7580937728.0,0.04577808454632759
7581875200.0,0.028384068980813026
7582812672.0,0.010368923656642437
7583750144.0,-0.007958265952765942
7584687616.0,-0.026354556903243065
7585625088.0,-0.04621756449341774
7586562560.0,-0.06615544855594635
7587500032.0,-0.08558987081050873
7588437504.0,-0.10540741682052612
7589374976.0,-0.1256617307662964
7590312448.0,-0.1463342159986496
7591249920.0,-0.16594693064689636
7592187392.0,-0.1851821392774582
7593124864.0,-0.2032688409090042
7594062336.0,-0.22126026451587677
7594999808.0,-0.23755252361297607
7595937280.0,-0.2534226179122925
7596874752.0,-0.2685736119747162
7597812736.0,-0.28255531191825867
7598750208.0,-0.29434287548065186
7599687680.0,-0.3041735291481018
7600625152.0,-0.31325197219848633
7601562624.0,-0.32059618830680847
7602500096.0,-0.32547926902770996
7603437568.0,-0.32894620299339294
7604375040.0,-0.3302554786205292
7605312512.0,-0.33127957582473755
7606249984.0,-0.3284756541252136
7607187456.0,-0.3244549036026001
7608124928.0,-0.3192554712295532
7609062400.0,-0.31099456548690796
7609999872.0,-0.30144065618515015
7610937344.0,-0.2892239987850189
7611874816.0,-0.27513009309768677
7612812288.0,-0.258934885263443
7613749760.0,-0.24148981273174286
7614687744.0,-0.22153814136981964
7615625216.0,-0.2001255750656128
7616562688.0,-0.17699716985225677
7617500160.0,-0.15381917357444763
7618437632.0,-0.1282581239938736
7619375104.0,-0.10137761384248734
7620312576.0,-0.07388685643672943
7621250048.0,-0.04523347318172455
7622187520.0,-0.01699249818921089
7623124992.0,0.010882691480219364
7624062464.0,0.03861493989825249
7624999936.0,0.0666358470916748
7625937408.0,0.09363905340433121
7626874880.0,0.11923430114984512
7627812352.0,0.14502647519111633
7628749824.0,0.16876116394996643
7629687296.0,0.19095617532730103
7630624768.0,0.21190176904201508
7631562752.0,0.23125234246253967
7632500224.0,0.24946720898151398
7633437696.0,0.2650895118713379
7634375168.0,0.2781912684440613
7635312640.0,0.291377454996109
7636250112.0,0.30201369524002075
7637187584.0,0.31019189953804016
7638125056.0,0.3175131380558014
7639062528.0,0.3213485777378082
7640000000.0,0.3232269883155823
7640937472.0,0.324137806892395
7641874944.0,0.32287362217903137
7642812416.0,0.3188185393810272
7643749888.0,0.3136003017425537
7644687360.0,0.30629968643188477
7645624832.0,0.2980128526687622
7646562304.0,0.28717556595802307
7647499776.0,0.27589935064315796
7648437248.0,0.26324740052223206
7649375232.0,0.24877576529979706
7650312704.0,0.23174017667770386
7651250176.0,0.2132028192281723
7652187648.0,0.194854274392128
7653125120.0,0.17471519112586975
7654062592.0,0.1537914127111435
7655000064.0,0.1321147382259369
7655937536.0,0.10849060118198395
7656875008.0,0.08353932201862335
7657812480.0,0.05879860743880272
7658749952.0,0.03229817375540733
7659687424.0,0.006358694285154343
7660624896.0,-0.020638812333345413
7661562368.0,-0.047020893543958664
7662499840.0,-0.07351358234882355
7663437312.0,-0.09951070696115494
7664374784.0,-0.1251097172498703
7665312256.0,-0.1497979313135147
7666250240.0,-0.17341279983520508
7667187712.0,-0.19721204042434692
7668125184.0,-0.2183225452899933
7669062656.0,-0.23897391557693481
7670000128.0,-0.25939860939979553
7670937600.0,-0.2774774730205536
7671875072.0,-0.2928806245326996
7672812544.0,-0.3070829212665558
7673750016.0,-0.31862545013427734
7674687488.0,-0.32857218384742737
7675624960.0,-0.335968554019928
7676562432.0,-0.3404930830001831
7677499904.0,-0.3440329134464264
7678437376.0,-0.343151718378067
7679374848.0,-0.34060022234916687
7680312320.0,-0.33525535464286804
7681249792.0,-0.3275439739227295
7682187264.0,-0.31726136803627014
7683125248.0,-0.30660825967788696
7684062720.0,-0.2833133637905121
7685000192.0,-0.27494949102401733
7685937664.0,-0.26394128799438477
7686875136.0,-0.25126007199287415
7687812608.0,-0.23565120995044708
7688750080.0,-0.22085951268672943
7689687552.0,-0.20320680737495422
7690625024.0,-0.18530471622943878
7691562496.0,-0.1666090488433838
7692499968.0,-0.1465168446302414
7693437440.0,-0.12569734454154968
7694374912.0,-0.10616330057382584
7695312384.0,-0.08727739751338959
7696249856.0,-0.06973438709974289
7697187328.0,-0.051026128232479095
7698124800.0,-0.033616967499256134
7699062272.0,-0.015257331542670727
7699999744.0,0.0010208430467173457
7700937728.0,0.018259143456816673
7701875200.0,0.034036312252283096
7702812672.0,0.049929309636354446
7703750144.0,0.06376758962869644
7704687616.0,0.07769983261823654
7705625088.0,0.09163825213909149
7706562560.0,0.10400418192148209
7707500032.0,0.1158047765493393
7708437504.0,0.12597531080245972
7709374976.0,0.13707397878170013
7710312448.0,0.14696712791919708
7711249920.0,0.15625576674938202
7712187392.0,0.1647326946258545
7713124864.0,0.1717606633901596
7714062336.0,0.1794920116662979
7714999808.0,0.18725444376468658
7715937280.0,0.1927061676979065
7716874752.0,0.19983918964862823
7717812736.0,0.20548909902572632
7718750208.0,0.21084752678871155
7719687680.0,0.21516761183738708
7720625152.0,0.21915869414806366
7721562624.0,0.22225618362426758
7722500096.0,0.2239057868719101
7723437568.0,0.22672122716903687
7724375040.0,0.2277573198080063
7725312512.0,0.2273063212633133
7726249984.0,0.2270548790693283
7727187456.0,0.2260083109140396
7728124928.0,0.2250790148973465
7729062400.0,0.2206045687198639
7729999872.0,0.21636910736560822
7730937344.0,0.2103756219148636
7731874816.0,0.20341989398002625
7732812288.0,0.19523577392101288
7733749760.0,0.1857495903968811
7734687744.0,0.17315495014190674
7735625216.0,0.16104184091091156
7736562688.0,0.14625194668769836
7737500160.0,0.13072793185710907
7738437632.0,0.11238839477300644
7739375104.0,0.09453136473894119
7740312576.0,0.07374700158834457
7741250048.0,0.052060388028621674
7742187520.0,0.029428595677018166
7743124992.0,0.005057194735854864
7744062464.0,-0.03768114745616913
7744999936.0,-0.04201669991016388
7745937408.0,-0.04693368822336197
7746874880.0,-0.052164651453495026
7747812352.0,-0.05919581651687622
7748749824.0,-0.06797061860561371
7749687296.0,-0.07713954150676727
7750624768.0,-0.08866792172193527
7751562752.0,-0.10072733461856842
7752500224.0,-0.11455576121807098
7753437696.0,-0.1291908472776413
7754375168.0,-0.14496825635433197
7755312640.0,-0.16152982413768768
7756250112.0,-0.17983007431030273
7757187584.0,-0.19700610637664795
7758125056.0,-0.2155771702528
7759062528.0,-0.23621337115764618
7760000000.0,-0.25539249181747437
7760937472.0,-0.27439120411872864
7761874944.0,-0.2931591868400574
7762812416.0,-0.3120729327201843
7763749888.0,-0.32895153760910034
7764687360.0,-0.3469354510307312
7765624832.0,-0.36237406730651855
7766562304.0,-0.37730690836906433
7767499776.0,-0.3907471001148224
7768437248.0,-0.4030516445636749
7769375232.0,-0.413331538438797
7770312704.0,-0.42249539494514465
7771250176.0,-0.4288148581981659
7772187648.0,-0.43443235754966736
7773125120.0,-0.4382172226905823
7774062592.0,-0.4398723542690277
7775000064.0,-0.4381771683692932
7775937536.0,-0.43505507707595825
7776875008.0,-0.428247332572937
7777812480.0,-0.4210122227668762
7778749952.0,-0.4090966582298279
7779687424.0,-0.39551135897636414
7780624896.0,-0.37934190034866333
7781562368.0,-0.36130043864250183
7782499840.0,-0.3403361737728119
7783437312.0,-0.3184327781200409
7784374784.0,-0.2929838001728058
7785312256.0,-0.2677634060382843
7786250240.0,-0.23865187168121338
7787187712.0,-0.20902876555919647
7788125184.0,-0.17778128385543823
7789062656.0,-0.14593027532100677
7790000128.0,-0.11362726986408234
7790937600.0,-0.07992932200431824
7791875072.0,-0.0460752472281456
7792812544.0,-0.010906443931162357
7793750016.0,0.023512624204158783
7794687488.0,0.056473519653081894
7795624960.0,0.08948100358247757
7796562432.0,0.12158713489770889
7797499904.0,0.15288189053535461
7798437376.0,0.18210916221141815
7799374848.0,0.2092251479625702
7800312320.0,0.23649321496486664
7801249792.0,0.2603919208049774
7802187264.0,0.28233546018600464
7803125248.0,0.3022615909576416
7804062720.0,0.13378340005874634
7805000192.0,0.14588573575019836
7805937664.0,0.15717007219791412
7806875136.0,0.1669425219297409
7807812608.0,0.17410540580749512
7808750080.0,0.1796393245458603
7809687552.0,0.1836676299571991
7810625024.0,0.18401677906513214
7811562496.0,0.18406200408935547
7812499968.0,0.18086907267570496
7813437440.0,0.17684903740882874
7814374912.0,0.16877377033233643
7815312384.0,0.15886172652244568
7816249856.0,0.14637911319732666
7817187328.0,0.13161534070968628
7818124800.0,0.11572988331317902
7819062272.0,0.09689165651798248
7820000256.0,0.07655080407857895
7820937728.0,0.05408422276377678
7821875200.0,0.03028861992061138
7822812672.0,0.007177027873694897
7823750144.0,-0.018142499029636383
7824687616.0,-0.044661518186330795
7825625088.0,-0.07109113037586212
7826562560.0,-0.09949599206447601
7827500032.0,-0.12664934992790222
7828437504.0,-0.15450647473335266
7829374976.0,-0.18366093933582306
7830312448.0,-0.21164298057556152
7831249920.0,-0.23862740397453308
7832187392.0,-0.2658815085887909
7833124864.0,-0.29263216257095337
7834062336.0,-0.31774115562438965
7834999808.0,-0.34135398268699646
7835937280.0,-0.3655087649822235
7836874752.0,-0.3871592581272125
7837812736.0,-0.4069272577762604
7838750208.0,-0.4262973666191101
7839687680.0,-0.4417746961116791
7840625152.0,-0.4559217691421509
7841562624.0,-0.46922972798347473
7842500096.0,-0.4800243675708771
7843437568.0,-0.4889998137950897
7844375040.0,-0.49509161710739136
7845312512.0,-0.499022513628006
7846249984.0,-0.5026698112487793
7847187456.0,-0.5027198791503906
7848124928.0,-0.49872592091560364
7849062400.0,-0.49160051345825195
7849999872.0,-0.4839383065700531
7850937344.0,-0.47490552067756653
7851874816.0,-0.46267762780189514
7852812288.0,-0.45130404829978943
7853749760.0,-0.43725940585136414
7854687744.0,-0.42354100942611694
7855625216.0,-0.40760958194732666
7856562688.0,-0.39216500520706177
7857500160.0,-0.37433233857154846
7858437632.0,-0.3568601608276367
7859375104.0,-0.33881887793540955
7860312576.0,-0.3218596875667572
7861250048.0,-0.3027438223361969
7862187520.0,-0.2860069274902344
7863124992.0,-0.2661554217338562
7864062464.0,-0.24821501970291138
7864999936.0,-0.23051123321056366
7865937408.0,-0.2120356410741806
7866874880.0,-0.19401079416275024
7867812352.0,-0.1747702658176422
7868749824.0,-0.1573704332113266
7869687296.0,-0.14026038348674774
7870624768.0,-0.12200915813446045
7871562752.0,-0.10431525111198425
7872500224.0,-0.08675803989171982
7873437696.0,-0.07097985595464706
7874375168.0,-0.05287182703614235
7875312640.0,-0.03774764761328697
7876250112.0,-0.023457037284970284
7877187584.0,-0.009742841124534607
7878125056.0,0.0026096166111528873
7879062528.0,0.013056120835244656
7880000000.0,0.020853709429502487
7880937472.0,0.02736980840563774
7881874944.0,0.031182389706373215
7882812416.0,0.0331244170665741
7883749888.0,0.03297644108533859
7884687360.0,0.02997766248881817
7885624832.0,0.024629974737763405
7886562304.0,0.01594943180680275
7887499776.0,0.00450618052855134
7888437248.0,-0.008646908216178417
7889375232.0,-0.024548707529902458
7890312704.0,-0.043611831963062286
7891250176.0,-0.06469342112541199
7892187648.0,-0.08619080483913422
7893125120.0,-0.11058113723993301
7894062592.0,-0.13485166430473328
7895000064.0,-0.16155500710010529
7895937536.0,-0.18886727094650269
7896875008.0,-0.21557487547397614
7897812480.0,-0.24366486072540283
7898749952.0,-0.27229657769203186
7899687424.0,-0.3001827895641327
7900624896.0,-0.3282478153705597
7901562368.0,-0.355569452047348
7902499840.0,-0.3829847276210785
7903437312.0,-0.40933093428611755
7904374784.0,-0.43444621562957764
7905312256.0,-0.4583214819431305
7906250240.0,-0.4806497097015381
7907187712.0,-0.5032095909118652
7908125184.0,-0.5242921710014343
7909062656.0,-0.5439248085021973
7910000128.0,-0.5630975961685181
7910937600.0,-0.5818077921867371
7911875072.0,-0.5987790822982788
7912812544.0,-0.61652010679245
7913750016.0,-0.633832573890686
7914687488.0,-0.6504270434379578
7915624960.0,-0.6667301654815674
7916562432.0,-0.684528648853302
7917499904.0,-0.7024048566818237
7918437376.0,-0.720851480960846
7919374848.0,-0.7398898005485535
7920312320.0,-0.7590072751045227
7921249792.0,-0.7793599367141724
7922187264.0,-0.7998999357223511
7923125248.0,-0.8195489048957825
7924062720.0,-0.8614895939826965
7925000192.0,-0.8666828274726868
7925937664.0,-0.8710160255432129
7926875136.0,-0.876190721988678
7927812608.0,-0.87937331199646
7928750080.0,-0.8832637667655945
7929687552.0,-0.8873443603515625
7930625024.0,-0.8897189497947693
7931562496.0,-0.8931284546852112
7932499968.0,-0.895666241645813
7933437440.0,-0.8970618844032288
7934374912.0,-0.8997054696083069
7935312384.0,-0.8995257616043091
7936249856.0,-0.8983122110366821
7937187328.0,-0.896647036075592
7938124800.0,-0.8926274180412292
7939062272.0,-0.8891581892967224
7939999744.0,-0.8831174373626709
7940937728.0,-0.8756018280982971
7941875200.0,-0.867582380771637
7942812672.0,-0.859056830406189
7943750144.0,-0.8483591675758362
7944687616.0,-0.83714359998703
7945625088.0,-0.8223904967308044
7946562560.0,-0.8090667128562927
7947500032.0,-0.7921315431594849
7948437504.0,-0.7754855155944824
7949374976.0,-0.7537345290184021
7950312448.0,-0.7332819104194641
7951249920.0,-0.7121663093566895
7952187392.0,-0.6885769367218018
7953124864.0,-0.6658527851104736
7954062336.0,-0.6398174166679382
7954999808.0,-0.6140028834342957
7955937280.0,-0.5876479744911194
7956874752.0,-0.5595002174377441
7957812736.0,-0.5310474634170532
7958750208.0,-0.5035779476165771
7959687680.0,-0.47332414984703064
7960625152.0,-0.445740669965744
7961562624.0,-0.4175528585910797
7962500096.0,-0.3888187110424042
7963437568.0,-0.3610662817955017
7964375040.0,-0.3354766070842743
7965312512.0,-0.30948686599731445
7966249984.0,-0.2851576507091522
7967187456.0,-0.26091837882995605
7968124928.0,-0.23784562945365906
7969062400.0,-0.21681755781173706
7969999872.0,-0.1976233869791031
7970937344.0,-0.1803121268749237
7971874816.0,-0.16445514559745789
7972812288.0,-0.15119649469852448
7973749760.0,-0.13849888741970062
7974687744.0,-0.12884864211082458
7975625216.0,-0.12153047323226929
7976562688.0,-0.11651995778083801
7977500160.0,-0.11291276663541794
7978437632.0,-0.1112622544169426
7979375104.0,-0.11176014691591263
7980312576.0,-0.1146613135933876
7981250048.0,-0.11866797506809235
7982187520.0,-0.12385588139295578
7983124992.0,-0.1312360167503357
7984062464.0,-0.2536671757698059
7984999936.0,-0.2559986412525177
7985937408.0,-0.2573219835758209
7986874880.0,-0.2596689760684967
7987812352.0,-0.26338282227516174
7988749824.0,-0.26836496591567993
7989687296.0,-0.2725130319595337
7990624768.0,-0.2788114845752716
7991562752.0,-0.2854076027870178
7992500224.0,-0.2919117510318756
7993437696.0,-0.2997151017189026
7994375168.0,-0.30831506848335266
7995312640.0,-0.3180370628833771
7996250112.0,-0.32851895689964294
7997187584.0,-0.3382664620876312
7998125056.0,-0.3482576906681061
7999062528.0,-0.35976600646972656
8000000000.0,-0.3690139949321747
