Frequency (Hz),Measurement
2000000000.0,0.1770908683538437
2000937472.0,0.16972976922988892
2001874944.0,0.1599676012992859
2002812544.0,0.15108263492584229
2003750016.0,0.1413135677576065
2004687488.0,0.13108964264392853
2005624960.0,0.11971363425254822
2006562560.0,0.10763511806726456
2007500032.0,0.09483153373003006
2008437504.0,0.08217618614435196
2009374976.0,0.06855634599924088
2010312448.0,0.05494408309459686
2011250048.0,0.04085121303796768
2012187520.0,0.026185140013694763
2013124992.0,0.011850438080728054
2014062464.0,-0.0020924443379044533
2015000064.0,-0.01696726493537426
2015937536.0,-0.031021980568766594
2016875008.0,-0.04459035396575928
2017812480.0,-0.05772686377167702
2018749952.0,-0.07043135911226273
2019687552.0,-0.08222267031669617
2020625024.0,-0.09347182512283325
2021562496.0,-0.10264061391353607
2022499968.0,-0.11117452383041382
2023437440.0,-0.11897965520620346
2024375040.0,-0.12455417215824127
2025312512.0,-0.12921690940856934
2026249984.0,-0.1316673308610916
2027187456.0,-0.13267935812473297
2028125056.0,-0.13368651270866394
2029062528.0,-0.13156867027282715
2030000000.0,-0.12906120717525482
2030937472.0,-0.12335025519132614
2031874944.0,-0.11707498878240585
2032812544.0,-0.10927671194076538
2033750016.0,-0.09966647624969482
2034687488.0,-0.08931751549243927
2035624960.0,-0.07720516622066498
2036562560.0,-0.06546907871961594
2037500032.0,-0.05305516719818115
2038437504.0,-0.03933107107877731
2039374976.0,-0.02494736947119236
2040312448.0,-0.010849983431398869
2041250048.0,0.004293246194720268
2042187520.0,0.017373472452163696
2043124992.0,0.03216588497161865
2044062464.0,0.045350730419158936
2044999936.0,0.057882681488990784
2045937536.0,0.07031803578138351
2046875008.0,0.08091405779123306
2047812480.0,0.0917186513543129
2048749952.0,0.08906987309455872
2049687552.0,0.09872674942016602
2050625024.0,0.10582374036312103
2051562496.0,0.11047067493200302
2052499968.0,0.11465495824813843
2053437440.0,0.11663711071014404
2054375040.0,0.11645288020372391
2055312512.0,0.1148081123828888
2056249984.0,0.11048190295696259
2057187456.0,0.10377160459756851
2058125056.0,0.09554249048233032
2059062528.0,0.08544179797172546
2060000000.0,0.07388661056756973
2060937472.0,0.06095612421631813
2061874944.0,0.04635520651936531
2062812544.0,0.030381040647625923
2063750016.0,0.012858160771429539
2064687488.0,-0.0046860394068062305
2065624960.0,-0.022209711372852325
2066562560.0,-0.03933342546224594
2067500032.0,-0.05599845573306084
2068437504.0,-0.07239202409982681
2069374976.0,-0.08848322927951813
2070312448.0,-0.10200199484825134
2071250048.0,-0.11567187309265137
2072187520.0,-0.12612737715244293
2073124992.0,-0.13560844957828522
2074062464.0,-0.14348293840885162
2075000064.0,-0.14864276349544525
2075937536.0,-0.15207892656326294
2076875008.0,-0.1523289978504181
2077812480.0,-0.1521311104297638
2078749952.0,-0.14947251975536346
2079687552.0,-0.1452638953924179
2080625024.0,-0.13818319141864777
2081562496.0,-0.13079895079135895
2082499968.0,-0.12180672585964203
2083437440.0,-0.11215885728597641
2084375040.0,-0.10096979886293411
2085312512.0,-0.0893893614411354
2086249984.0,-0.0770828053355217
2087187456.0,-0.0640227273106575
2088125056.0,-0.05190926417708397
2089062528.0,-0.0404096283018589
2090000000.0,-0.028911026194691658
2090937472.0,-0.018012166023254395
2091874944.0,-0.007569820620119572
2092812544.0,0.0029005040414631367
2093750016.0,0.011232181452214718
2094687488.0,0.019561680033802986
2095624960.0,0.026079658418893814
2096562560.0,0.03306266665458679
2097500032.0,0.03842974081635475
2098437504.0,0.04346153512597084
2099374976.0,0.04885365441441536
2100312448.0,0.05250638350844383
2101250048.0,0.056847479194402695
2102187520.0,0.060926247388124466
2103124992.0,0.0651998370885849
2104062464.0,0.06853241473436356
2104999936.0,0.07370652258396149
2105937536.0,0.07798681408166885
2106875008.0,0.08191762864589691
2107812480.0,0.08676803857088089
2108749952.0,0.1173563078045845
2109687552.0,0.12288151681423187
2110625024.0,0.1288231760263443
2111562496.0,0.1330351084470749
2112499968.0,0.13765238225460052
2113437440.0,0.14071354269981384
2114375040.0,0.1422748863697052
2115312512.0,0.14206871390342712
2116249984.0,0.14173927903175354
2117187456.0,0.13941656053066254
2118125056.0,0.1365073323249817
2119062528.0,0.1316230148077011
2120000000.0,0.1257425993680954
2120937472.0,0.11897603422403336
2121874944.0,0.11004456132650375
2122812544.0,0.09951436519622803
2123750016.0,0.08918105810880661
2124687488.0,0.07808090001344681
2125624960.0,0.06630044430494308
2126562560.0,0.05390894412994385
2127500032.0,0.040330901741981506
2128437504.0,0.026556938886642456
2129374976.0,0.013737292028963566
2130312448.0,0.0007113181636668742
2131250048.0,-0.013095228932797909
2132187520.0,-0.026802632957696915
2133124992.0,-0.0383070707321167
2134062464.0,-0.04813535511493683
2135000064.0,-0.058673497289419174
2135937536.0,-0.06781797111034393
2136875008.0,-0.07624993473291397
2137812480.0,-0.0819736123085022
2138749952.0,-0.08691775053739548
2139687552.0,-0.09095499664545059
2140625024.0,-0.09387549012899399
2141562496.0,-0.09451804310083389
2142499968.0,-0.09460289031267166
2143437440.0,-0.0923483818769455
2144375040.0,-0.08958310633897781
2145312512.0,-0.08535338938236237
2146249984.0,-0.07970613986253738
2147187456.0,-0.07251213490962982
2148124928.0,-0.06536474823951721
2149062400.0,-0.0576721653342247
2150000128.0,-0.04825436696410179
2150937600.0,-0.03986559063196182
2151875072.0,-0.029881726950407028
2152812544.0,-0.02096431888639927
2153750016.0,-0.010877998545765877
2154687488.0,-0.0018105144845321774
2155624960.0,0.007310754153877497
2156562432.0,0.015270153060555458
2157499904.0,0.023159243166446686
2158437376.0,0.031024476513266563
2159375104.0,0.03859316557645798
2160312576.0,0.04438059777021408
2161250048.0,0.04955310374498367
2162187520.0,0.053348932415246964
2163124992.0,0.05802319198846817
2164062464.0,0.06081521883606911
2164999936.0,0.06409870833158493
2165937408.0,0.06596839427947998
2166874880.0,0.06820963323116302
2167812608.0,0.06958387792110443
2168750080.0,0.1422957181930542
2169687552.0,0.14313434064388275
2170625024.0,0.14159323275089264
2171562496.0,0.139918252825737
2172499968.0,0.13569846749305725
2173437440.0,0.13036412000656128
2174374912.0,0.12319562584161758
2175312384.0,0.11441327631473541
2176250112.0,0.10515423864126205
2177187584.0,0.09458610415458679
2178125056.0,0.0829000398516655
2179062528.0,0.07069006562232971
2180000000.0,0.0580456368625164
2180937472.0,0.04425064101815224
2181874944.0,0.03043220564723015
2182812416.0,0.01671389676630497
2183749888.0,0.0025647026486694813
2184687616.0,-0.011658461764454842
2185625088.0,-0.023530149832367897
2186562560.0,-0.03718827664852142
2187500032.0,-0.04951157793402672
2188437504.0,-0.06171848997473717
2189374976.0,-0.0729493573307991
2190312448.0,-0.0842355415225029
2191249920.0,-0.09440663456916809
2192187392.0,-0.10357289016246796
2193125120.0,-0.11130274087190628
2194062592.0,-0.11887631565332413
2195000064.0,-0.12397103756666183
2195937536.0,-0.1296844184398651
2196875008.0,-0.13326190412044525
2197812480.0,-0.13734714686870575
2198749952.0,-0.1395367681980133
2199687424.0,-0.14123502373695374
2200624896.0,-0.14245541393756866
2201562624.0,-0.14223378896713257
2202500096.0,-0.14136438071727753
2203437568.0,-0.1395178735256195
2204375040.0,-0.13711769878864288
2205312512.0,-0.134808748960495
2206249984.0,-0.13057281076908112
2207187456.0,-0.12660925090312958
2208124928.0,-0.12211689352989197
2209062400.0,-0.11740373075008392
2209999872.0,-0.11183949559926987
2210937600.0,-0.10621936619281769
2211875072.0,-0.09882794320583344
2212812544.0,-0.09216926991939545
2213750016.0,-0.08405980467796326
2214687488.0,-0.07677405327558517
2215624960.0,-0.06821785122156143
2216562432.0,-0.05983663722872734
2217499904.0,-0.05272143706679344
2218437376.0,-0.04405609145760536
2219375104.0,-0.03409821167588234
2220312576.0,-0.02500615082681179
2221250048.0,-0.015307964757084846
2222187520.0,-0.006003023590892553
2223124992.0,0.003721002023667097
2224062464.0,0.012969528324902058
2224999936.0,0.02356836199760437
2225937408.0,0.03370659798383713
2226874880.0,0.04334522411227226
2227812608.0,0.054089803248643875
2228750080.0,0.06065434589982033
2229687552.0,0.06891988962888718
2230625024.0,0.07662303000688553
2231562496.0,0.08527112007141113
2232499968.0,0.09151170402765274
2233437440.0,0.0970991924405098
2234374912.0,0.10202639549970627
2235312384.0,0.10456019639968872
2236250112.0,0.10632383823394775
2237187584.0,0.10552538931369781
2238125056.0,0.10365705192089081
2239062528.0,0.09995443373918533
2240000000.0,0.09420209378004074
2240937472.0,0.08798620104789734
2241874944.0,0.07917772233486176
2242812416.0,0.0703393742442131
2243749888.0,0.06026429682970047
2244687616.0,0.049166567623615265
2245625088.0,0.03686770051717758
2246562560.0,0.023556029424071312
2247500032.0,0.008336666040122509
2248437504.0,-0.0065836114808917046
2249374976.0,-0.022668784484267235
2250312448.0,-0.03940197080373764
2251249920.0,-0.05740722641348839
2252187392.0,-0.07631632685661316
2253125120.0,-0.09420237690210342
2254062592.0,-0.11318974196910858
2255000064.0,-0.13248977065086365
2255937536.0,-0.1523548811674118
2256875008.0,-0.1721518337726593
2257812480.0,-0.19209951162338257
2258749952.0,-0.21145972609519958
2259687424.0,-0.23177559673786163
2260624896.0,-0.2501799166202545
2261562624.0,-0.26827472448349
2262500096.0,-0.2863976061344147
2263437568.0,-0.302564412355423
2264375040.0,-0.31818336248397827
2265312512.0,-0.3329201638698578
2266249984.0,-0.3461170792579651
2267187456.0,-0.358182817697525
2268124928.0,-0.36801058053970337
2269062400.0,-0.37752214074134827
2270000128.0,-0.3853076696395874
2270937600.0,-0.38977333903312683
2271875072.0,-0.39469513297080994
2272812544.0,-0.396570086479187
2273750016.0,-0.39892494678497314
2274687488.0,-0.39877229928970337
2275624960.0,-0.3966786563396454
2276562432.0,-0.39313262701034546
2277499904.0,-0.38808128237724304
2278437376.0,-0.3822113275527954
2279375104.0,-0.37541675567626953
2280312576.0,-0.3677612543106079
2281250048.0,-0.35812216997146606
2282187520.0,-0.3483820855617523
2283124992.0,-0.33829960227012634
2284062464.0,-0.326778769493103
2284999936.0,-0.3157169222831726
2285937408.0,-0.3043617010116577
2286874880.0,-0.2952984869480133
2287812608.0,-0.2854984700679779
2288750080.0,-0.29829028248786926
2289687552.0,-0.30080538988113403
2290625024.0,-0.30338728427886963
2291562496.0,-0.30542072653770447
2292499968.0,-0.3090890944004059
2293437440.0,-0.3122125267982483
2294374912.0,-0.3159710764884949
2295312384.0,-0.3208833634853363
2296250112.0,-0.32646360993385315
2297187584.0,-0.33360084891319275
2298125056.0,-0.34058699011802673
2299062528.0,-0.35158368945121765
2300000000.0,-0.36242321133613586
2300937472.0,-0.3759976327419281
2301874944.0,-0.3909700810909271
2302812416.0,-0.40811312198638916
2303749888.0,-0.4288531541824341
2304687616.0,-0.4509063959121704
2305625088.0,-0.47466936707496643
2306562560.0,-0.501484215259552
2307500032.0,-0.5302450656890869
2308437504.0,-0.5614990592002869
2309374976.0,-0.592329204082489
2310312448.0,-0.6182003617286682
2311249920.0,-0.6444475054740906
2312187392.0,-0.6728647351264954
2313125120.0,-0.7021722197532654
2314062592.0,-0.7341674566268921
2315000064.0,-0.7661975622177124
2315937536.0,-0.7993799448013306
2316875008.0,-0.8332468867301941
2317812480.0,-0.8674620985984802
2318749952.0,-0.9017119407653809
2319687424.0,-0.9349985122680664
2320624896.0,-0.9678763151168823
2321562624.0,-0.9993329644203186
2322500096.0,-1.0294654369354248
2323437568.0,-1.057453989982605
2324375040.0,-1.0851750373840332
2325312512.0,-1.1104679107666016
2326249984.0,-1.1341828107833862
2327187456.0,-1.155566930770874
2328124928.0,-1.1750736236572266
2329062400.0,-1.1920201778411865
2329999872.0,-1.206320881843567
2330937600.0,-1.216750144958496
2331875072.0,-1.226049780845642
2332812544.0,-1.232673168182373
2333750016.0,-1.2359973192214966
2334687488.0,-1.236929178237915
2335624960.0,-1.2356473207473755
2336562432.0,-1.2325868606567383
2337499904.0,-1.2258920669555664
2338437376.0,-1.2182055711746216
2339375104.0,-1.2086814641952515
2340312576.0,-1.197834849357605
2341250048.0,-1.1850136518478394
2342187520.0,-1.1724770069122314
2343124992.0,-1.1573363542556763
2344062464.0,-1.1417934894561768
2344999936.0,-1.1258498430252075
2345937408.0,-1.1094521284103394
2346874880.0,-1.0936745405197144
2347812608.0,-1.0771487951278687
2348750080.0,-1.047475814819336
2349687552.0,-1.0369315147399902
2350625024.0,-1.0251433849334717
2351562496.0,-1.0148382186889648
2352499968.0,-1.0042794942855835
2353437440.0,-0.9954482316970825
2354374912.0,-0.9869230389595032
2355312384.0,-0.9793363213539124
2356250112.0,-0.9716904163360596
2357187584.0,-0.9671530723571777
2358125056.0,-0.96209716796875
2359062528.0,-0.9584795236587524
2360000000.0,-0.9567493796348572
2360937472.0,-0.9557949304580688
2361874944.0,-0.9586278796195984
2362812416.0,-0.9597513675689697
2363749888.0,-0.9641830325126648
2364687616.0,-0.9701502919197083
2365625088.0,-0.9776831865310669
2366562560.0,-0.9863206148147583
2367500032.0,-0.9956362247467041
2368437504.0,-1.0051743984222412
2369374976.0,-1.0154727697372437
2370312448.0,-1.0258454084396362
2371249920.0,-1.035713791847229
2372187392.0,-1.0450563430786133
2373125120.0,-1.0528144836425781
2374062592.0,-1.0598478317260742
2375000064.0,-1.0640830993652344
2375937536.0,-1.065768837928772
2376875008.0,-1.0643463134765625
2377812480.0,-1.0601470470428467
2378749952.0,-1.052899956703186
2379687424.0,-1.0419998168945312
2380624896.0,-1.0280799865722656
2381562624.0,-1.0115422010421753
2382500096.0,-0.991607666015625
2383437568.0,-0.96747225522995
2384375040.0,-0.9410495758056641
2385312512.0,-0.9136596322059631
2386249984.0,-0.8830136060714722
2387187456.0,-0.850787878036499
2388124928.0,-0.8178129196166992
2389062400.0,-0.783495306968689
2390000128.0,-0.7481231093406677
2390937600.0,-0.7121301293373108
2391875072.0,-0.6765768527984619
2392812544.0,-0.6423857808113098
2393750016.0,-0.6085715889930725
2394687488.0,-0.5748209357261658
2395624960.0,-0.5421871542930603
2396562432.0,-0.510269820690155
2397499904.0,-0.47960856556892395
2398437376.0,-0.4493117034435272
2399375104.0,-0.42187005281448364
2400312576.0,-0.3933030962944031
2401250048.0,-0.3662651777267456
2402187520.0,-0.339927613735199
2403124992.0,-0.31461745500564575
2404062464.0,-0.2899046838283539
2404999936.0,-0.26538535952568054
2405937408.0,-0.2415267676115036
2406874880.0,-0.21897758543491364
2407812608.0,-0.19731684029102325
2408750080.0,-0.12385617941617966
2409687552.0,-0.10255105793476105
2410625024.0,-0.08136862516403198
2411562496.0,-0.062258608639240265
2412499968.0,-0.0450093112885952
2413437440.0,-0.02975093387067318
2414374912.0,-0.016889529302716255
2415312384.0,-0.0071091423742473125
2416250112.0,0.00015857256948947906
2417187584.0,0.0053189885802567005
2418125056.0,0.005960822571069002
2419062528.0,0.004175359383225441
2420000000.0,-0.0011253413977101445
2420937472.0,-0.010597966611385345
2421874944.0,-0.021699074655771255
2422812416.0,-0.03672642633318901
2423749888.0,-0.0552997887134552
2424687616.0,-0.07632305473089218
2425625088.0,-0.09929468482732773
2426562560.0,-0.1247524544596672
2427500032.0,-0.15295422077178955
2428437504.0,-0.1812124401330948
2429374976.0,-0.21110990643501282
2430312448.0,-0.24060148000717163
2431249920.0,-0.27172207832336426
2432187392.0,-0.3009590804576874
2433125120.0,-0.32926324009895325
2434062592.0,-0.35587969422340393
2435000064.0,-0.3801221251487732
2435937536.0,-0.4036359488964081
2436875008.0,-0.4230004847049713
2437812480.0,-0.4407642185688019
2438749952.0,-0.4539530873298645
2439687424.0,-0.4634122848510742
2440624896.0,-0.4705651104450226
2441562624.0,-0.4728422164916992
2442500096.0,-0.47216933965682983
2443437568.0,-0.4674498736858368
2444375040.0,-0.45848163962364197
2445312512.0,-0.4472796618938446
2446249984.0,-0.432914674282074
2447187456.0,-0.41347408294677734
2448124928.0,-0.392987996339798
2449062400.0,-0.36893734335899353
2449999872.0,-0.3433339595794678
2450937600.0,-0.31544578075408936
2451875072.0,-0.2856447398662567
2452812544.0,-0.2543725371360779
2453750016.0,-0.2224365770816803
2454687488.0,-0.18913625180721283
2455624960.0,-0.1560949832201004
2456562432.0,-0.12337365746498108
2457499904.0,-0.08977609127759933
2458437376.0,-0.05646270513534546
2459375104.0,-0.024703433737158775
2460312576.0,0.006825503893196583
2461250048.0,0.03754308447241783
2462187520.0,0.06661690771579742
2463124992.0,0.09477915614843369
2464062464.0,0.12103516608476639
2464999936.0,0.1472412347793579
2465937408.0,0.1704014241695404
2466874880.0,0.19374418258666992
2467812608.0,0.21449463069438934
2468750080.0,0.12649185955524445
2469687552.0,0.13993704319000244
2470625024.0,0.1557188481092453
2471562496.0,0.1687270551919937
2472499968.0,0.17993441224098206
2473437440.0,0.1890920251607895
2474374912.0,0.19682618975639343
2475312384.0,0.20284393429756165
2476250112.0,0.2055767923593521
2477187584.0,0.2082831859588623
2478125056.0,0.20780159533023834
2479062528.0,0.20522348582744598
2480000000.0,0.20208123326301575
2480937472.0,0.1957935094833374
2481874944.0,0.18801772594451904
2482812416.0,0.17814034223556519
2483749888.0,0.16634032130241394
2484687616.0,0.15303003787994385
2485625088.0,0.13811396062374115
2486562560.0,0.12056219577789307
2487500032.0,0.10341787338256836
2488437504.0,0.08496318012475967
2489374976.0,0.06532791256904602
2490312448.0,0.044704679399728775
2491249920.0,0.02398182824254036
2492187392.0,0.0023383833467960358
2493125120.0,-0.01865539327263832
2494062592.0,-0.03924500569701195
2495000064.0,-0.060069769620895386
2495937536.0,-0.07992621511220932
2496875008.0,-0.09854517877101898
2497812480.0,-0.11627412587404251
2498749952.0,-0.1336890459060669
2499687424.0,-0.14856146275997162
2500624896.0,-0.1629442423582077
2501562624.0,-0.17392262816429138
2502500096.0,-0.1844223141670227
2503437568.0,-0.1922743022441864
2504375040.0,-0.19866317510604858
2505312512.0,-0.20334665477275848
2506249984.0,-0.2051248848438263
2507187456.0,-0.2059307098388672
2508124928.0,-0.20385903120040894
2509062400.0,-0.20089934766292572
2510000128.0,-0.19521112740039825
2510937600.0,-0.1874251365661621
2511875072.0,-0.17824405431747437
2512812544.0,-0.16663490235805511
2513750016.0,-0.1544714719057083
2514687488.0,-0.13985797762870789
2515624960.0,-0.12431241571903229
2516562432.0,-0.1091616302728653
2517499904.0,-0.09168442338705063
2518437376.0,-0.07272109389305115
2519375104.0,-0.054428789764642715
2520312576.0,-0.03509965166449547
2521250048.0,-0.015333684161305428
2522187520.0,0.0038811543490737677
2523124992.0,0.023655669763684273
2524062464.0,0.04236028343439102
2524999936.0,0.06059878319501877
2525937408.0,0.07768839597702026
2526874880.0,0.09487766027450562
2527812608.0,0.10920188575983047
2528750080.0,0.16337557137012482
2529687552.0,0.16897332668304443
2530625024.0,0.17324449121952057
2531562496.0,0.17682847380638123
2532499968.0,0.17970751225948334
2533437440.0,0.18225255608558655
2534374912.0,0.1835028976202011
2535312384.0,0.18307889997959137
2536250112.0,0.18249911069869995
2537187584.0,0.18105274438858032
2538125056.0,0.1775761842727661
2539062528.0,0.17551375925540924
2540000000.0,0.16952334344387054
2540937472.0,0.16488832235336304
2541874944.0,0.15781809389591217
2542812416.0,0.14960314333438873
2543749888.0,0.141123428940773
2544687616.0,0.13054420053958893
2545625088.0,0.11967894434928894
2546562560.0,0.10682721436023712
2547500032.0,0.09442128241062164
2548437504.0,0.0804743766784668
2549374976.0,0.06605814397335052
2550312448.0,0.05058596283197403
2551249920.0,0.03509007766842842
2552187392.0,0.019087813794612885
2553125120.0,0.002510162303224206
2554062592.0,-0.012735210359096527
2555000064.0,-0.030013907700777054
2555937536.0,-0.046227097511291504
2556875008.0,-0.06117580085992813
2557812480.0,-0.07566102594137192
2558749952.0,-0.08988112211227417
2559687424.0,-0.10180269181728363
2560624896.0,-0.11443686485290527
2561562624.0,-0.12349357455968857
2562500096.0,-0.13236038386821747
2563437568.0,-0.13867631554603577
2564375040.0,-0.14422620832920074
2565312512.0,-0.14777782559394836
2566249984.0,-0.14853501319885254
2567187456.0,-0.14873065054416656
2568124928.0,-0.14550964534282684
2569062400.0,-0.14053131639957428
2569999872.0,-0.13411685824394226
2570937600.0,-0.12598101794719696
2571875072.0,-0.11677756160497665
2572812544.0,-0.10384777933359146
2573750016.0,-0.09081482887268066
2574687488.0,-0.07572539150714874
2575624960.0,-0.059616681188344955
2576562432.0,-0.042477838695049286
2577499904.0,-0.02381519041955471
2578437376.0,-0.005410682875663042
2579375104.0,0.014396768994629383
2580312576.0,0.035120889544487
2581250048.0,0.05457958206534386
2582187520.0,0.07441943138837814
2583124992.0,0.09399503469467163
2584062464.0,0.11217236518859863
2584999936.0,0.13002093136310577
2585937408.0,0.14806391298770905
2586874880.0,0.16253654658794403
2587812608.0,0.1761806607246399
2588750080.0,0.20050834119319916
2589687552.0,0.20841123163700104
2590625024.0,0.21411366760730743
2591562496.0,0.21703951060771942
2592499968.0,0.21732093393802643
2593437440.0,0.21641311049461365
2594374912.0,0.2123117297887802
2595312384.0,0.2061537206172943
2596250112.0,0.1977190524339676
2597187584.0,0.18810437619686127
2598125056.0,0.17691662907600403
2599062528.0,0.16402481496334076
2600000000.0,0.14933831989765167
2600937472.0,0.1343584507703781
2601874944.0,0.11819583922624588
2602812416.0,0.10110300034284592
2603749888.0,0.08534317463636398
2604687616.0,0.06755579262971878
2605625088.0,0.050781432539224625
2606562560.0,0.03393573686480522
2607500032.0,0.01725039631128311
2608437504.0,0.0015550153329968452
2609374976.0,-0.01315870601683855
2610312448.0,-0.02767784707248211
2611249920.0,-0.04119681194424629
2612187392.0,-0.05398263409733772
2613125120.0,-0.06492824852466583
2614062592.0,-0.07449744641780853
2615000064.0,-0.08390302211046219
2615937536.0,-0.09044897556304932
2616875008.0,-0.09713630378246307
2617812480.0,-0.10191240161657333
2618749952.0,-0.10536647588014603
2619687424.0,-0.10885138064622879
2620624896.0,-0.11013329029083252
2621562624.0,-0.11120148003101349
2622500096.0,-0.11077038198709488
2623437568.0,-0.10969117283821106
2624375040.0,-0.1085863709449768
2625312512.0,-0.10632258653640747
2626249984.0,-0.10357370227575302
2627187456.0,-0.09921655803918839
2628124928.0,-0.0944499596953392
2629062400.0,-0.0893353521823883
2630000128.0,-0.0831940695643425
2630937600.0,-0.0763200893998146
2631875072.0,-0.07065663486719131
2632812544.0,-0.06226168945431709
2633750016.0,-0.05352103337645531
2634687488.0,-0.04490147903561592
2635624960.0,-0.034797582775354385
2636562432.0,-0.02490764670073986
2637499904.0,-0.013777400366961956
2638437376.0,-0.0025537447072565556
2639375104.0,0.010377529077231884
2640312576.0,0.024498041719198227
2641250048.0,0.03797551989555359
2642187520.0,0.05259545147418976
2643124992.0,0.06786971539258957
2644062464.0,0.08356071263551712
2644999936.0,0.10112491250038147
2645937408.0,0.11711437255144119
2646874880.0,0.13399788737297058
2647812608.0,0.21017535030841827
2648750080.0,0.2204633206129074
2649687552.0,0.2300349622964859
2650625024.0,0.23688659071922302
2651562496.0,0.2426542341709137
2652499968.0,0.24611206352710724
2653437440.0,0.24586279690265656
2654374912.0,0.24390709400177002
2655312384.0,0.23808491230010986
2656250112.0,0.22918418049812317
2657187584.0,0.1917664259672165
2658125056.0,0.17455820739269257
2659062528.0,0.15421433746814728
2660000000.0,0.1317642629146576
2660937472.0,0.10756459832191467
2661874944.0,0.08085581660270691
2662812416.0,0.05290956795215607
2663749888.0,0.024224448949098587
2664687616.0,-0.005845750216394663
2665625088.0,-0.03546280413866043
2666562560.0,-0.06441506743431091
2667500032.0,-0.0930909663438797
2668437504.0,-0.12062152475118637
2669374976.0,-0.14710652828216553
2670312448.0,-0.17094209790229797
2671249920.0,-0.1924983114004135
2672187392.0,-0.21269164979457855
2673125120.0,-0.22962036728858948
2674062592.0,-0.24341461062431335
2675000064.0,-0.2548309564590454
2675937536.0,-0.26300323009490967
2676875008.0,-0.26880955696105957
2677812480.0,-0.270671010017395
2678749952.0,-0.2688453197479248
2679687424.0,-0.26558390259742737
2680624896.0,-0.25913769006729126
2681562624.0,-0.2512891888618469
2682500096.0,-0.2397521436214447
2683437568.0,-0.22641530632972717
2684375040.0,-0.21285969018936157
2685312512.0,-0.19551530480384827
2686249984.0,-0.17793771624565125
2687187456.0,-0.16005854308605194
2688124928.0,-0.1408340483903885
2689062400.0,-0.12054644525051117
2689999872.0,-0.10048297047615051
2690937600.0,-0.08032561093568802
2691875072.0,-0.059230465441942215
2692812544.0,-0.04022878780961037
2693750016.0,-0.02045481465756893
2694687488.0,8.389070899283979e-06
2695624960.0,0.018054090440273285
2696562432.0,0.03714437037706375
2697499904.0,0.05516497418284416
2698437376.0,0.07267560064792633
2699375104.0,0.09121697396039963
2700312576.0,0.10766566544771194
2701250048.0,0.12388303875923157
2702187520.0,0.14024576544761658
2703124992.0,0.15594306588172913
2704062464.0,0.17279250919818878
2704999936.0,0.18606553971767426
2705937408.0,0.20026002824306488
2706874880.0,0.213093101978302
2707812608.0,0.18516549468040466
2708750080.0,0.19213669002056122
2709687552.0,0.19692230224609375
2710625024.0,0.20115011930465698
2711562496.0,0.20434364676475525
2712499968.0,0.20500528812408447
2713437440.0,0.20539970695972443
2714374912.0,0.20442382991313934
2715312384.0,0.20124657452106476
2716250112.0,0.19688470661640167
2717187584.0,0.19062814116477966
2718125056.0,0.18277908861637115
2719062528.0,0.17408546805381775
2720000000.0,0.16284936666488647
2720937472.0,0.15247109532356262
2721874944.0,0.13881166279315948
2722812416.0,0.12495625764131546
2723749888.0,0.10983484238386154
2724687616.0,0.09328821301460266
2725625088.0,0.07615894079208374
2726562560.0,0.05952894315123558
2727500032.0,0.040595054626464844
2728437504.0,0.021814774721860886
2729374976.0,0.0028212936595082283
2730312448.0,-0.016864314675331116
2731249920.0,-0.035465095192193985
2732187392.0,-0.054583970457315445
2733125120.0,-0.07267822325229645
2734062592.0,-0.09062717854976654
2735000064.0,-0.1075509786605835
2735937536.0,-0.12285962700843811
2736875008.0,-0.13883373141288757
2737812480.0,-0.15309815108776093
2738749952.0,-0.16556952893733978
2739687424.0,-0.17650432884693146
2740624896.0,-0.18469670414924622
2741562624.0,-0.1930234432220459
2742500096.0,-0.19870400428771973
2743437568.0,-0.20392344892024994
2744375040.0,-0.20637482404708862
2745312512.0,-0.20690397918224335
2746249984.0,-0.20554311573505402
2747187456.0,-0.20199236273765564
2748124928.0,-0.19675658643245697
2749062400.0,-0.19004647433757782
2750000128.0,-0.18145810067653656
2750937600.0,-0.1716836839914322
2751875072.0,-0.16025559604167938
2752812544.0,-0.14734646677970886
2753750016.0,-0.13252364099025726
2754687488.0,-0.11680839210748672
2755624960.0,-0.10050605237483978
2756562432.0,-0.08276543021202087
2757499904.0,-0.06512782722711563
2758437376.0,-0.04605545103549957
2759375104.0,-0.026202958077192307
2760312576.0,-0.007056010887026787
2761250048.0,0.011545047163963318
2762187520.0,0.029848167672753334
2763124992.0,0.047703150659799576
2764062464.0,0.0666482076048851
2764999936.0,0.08307991921901703
2765937408.0,0.09995155781507492
2766874880.0,0.11399050056934357
2767812608.0,0.1715344339609146
2768750080.0,0.17220890522003174
2769687552.0,0.16905342042446136
2770625024.0,0.1673349291086197
2771562496.0,0.1631588190793991
2772499968.0,0.15924319624900818
2773437440.0,0.15412646532058716
2774374912.0,0.14781376719474792
2775312384.0,0.1406741589307785
2776250112.0,0.13344140350818634
2777187584.0,0.12464769184589386
2778125056.0,0.1155809834599495
2779062528.0,0.10607591271400452
2780000000.0,0.0959717407822609
2780937472.0,0.08435513824224472
2781874944.0,0.07279016077518463
2782812416.0,0.06100481376051903
2783749888.0,0.04761705547571182
2784687616.0,0.03603192791342735
2785625088.0,0.023530591279268265
2786562560.0,0.010242512449622154
2787500032.0,-0.0029311715625226498
2788437504.0,-0.01536541897803545
2789374976.0,-0.02773771993815899
2790312448.0,-0.04119575768709183
2791249920.0,-0.05250729247927666
2792187392.0,-0.06483671069145203
2793125120.0,-0.0765676200389862
2794062592.0,-0.08622606098651886
2795000064.0,-0.09586957842111588
2795937536.0,-0.10449713468551636
2796875008.0,-0.11192569881677628
2797812480.0,-0.11847321689128876
2798749952.0,-0.12304797023534775
2799687424.0,-0.1271878033876419
2800624896.0,-0.12925921380519867
2801562624.0,-0.13019005954265594
2802500096.0,-0.1298241764307022
2803437568.0,-0.12856054306030273
2804375040.0,-0.12568749487400055
2805312512.0,-0.12034003436565399
2806249984.0,-0.11266700178384781
2807187456.0,-0.10542172938585281
2808124928.0,-0.09565488249063492
2809062400.0,-0.08569750189781189
2809999872.0,-0.07285019010305405
2810937600.0,-0.060352880507707596
2811875072.0,-0.046119946986436844
2812812544.0,-0.030943455174565315
2813750016.0,-0.015048920176923275
2814687488.0,0.001994638703763485
2815624960.0,0.018929125741124153
2816562432.0,0.03603117913007736
2817499904.0,0.053152699023485184
2818437376.0,0.07002423703670502
2819375104.0,0.08622941374778748
2820312576.0,0.1025964766740799
2821250048.0,0.11740980297327042
2822187520.0,0.13227829337120056
2823124992.0,0.14579258859157562
2824062464.0,0.15705472230911255
2824999936.0,0.16732656955718994
2825937408.0,0.1765226274728775
2826874880.0,0.18323960900306702
2827812608.0,0.19791656732559204
2828750080.0,0.19842946529388428
2829687552.0,0.19872522354125977
2830625024.0,0.19458246231079102
2831562496.0,0.1888863444328308
2832499968.0,0.18093626201152802
2833437440.0,0.17118103802204132
2834374912.0,0.15955610573291779
2835312384.0,0.14528116583824158
2836250112.0,0.1293567419052124
2837187584.0,0.11252926290035248
2838125056.0,0.09418440610170364
2839062528.0,0.07450399547815323
2840000000.0,0.05615801736712456
2840937472.0,0.03660327196121216
2841874944.0,0.01704850234091282
2842812416.0,-0.0036191539838910103
2843749888.0,-0.022243328392505646
2844687616.0,-0.04015766456723213
2845625088.0,-0.05677996575832367
2846562560.0,-0.07197326421737671
2847500032.0,-0.08785713464021683
2848437504.0,-0.09996326267719269
2849374976.0,-0.11029405146837234
2850312448.0,-0.11894217878580093
2851249920.0,-0.12744729220867157
2852187392.0,-0.1331799030303955
2853125120.0,-0.13652338087558746
2854062592.0,-0.13886074721813202
2855000064.0,-0.1390140950679779
2855937536.0,-0.13756507635116577
2856875008.0,-0.13420048356056213
2857812480.0,-0.12991498410701752
2858749952.0,-0.12387774884700775
2859687424.0,-0.11709460616111755
2860624896.0,-0.10835902392864227
2861562624.0,-0.09978064894676208
2862500096.0,-0.08943168073892593
2863437568.0,-0.07953092455863953
2864375040.0,-0.06740698963403702
2865312512.0,-0.054975349456071854
2866249984.0,-0.0427490659058094
2867187456.0,-0.030338343232870102
2868124928.0,-0.017664413899183273
2869062400.0,-0.00441744877025485
2870000128.0,0.009082512930035591
2870937600.0,0.021525664255023003
2871875072.0,0.033413663506507874
2872812544.0,0.04742458090186119
2873750016.0,0.05923490598797798
2874687488.0,0.0703464150428772
2875624960.0,0.08309537917375565
2876562432.0,0.09473494440317154
2877499904.0,0.10573870688676834
2878437376.0,0.11631471663713455
2879375104.0,0.1267118752002716
2880312576.0,0.13625900447368622
2881250048.0,0.1442561149597168
2882187520.0,0.15285564959049225
2883124992.0,0.1604532152414322
2884062464.0,0.1659875363111496
2884999936.0,0.17120017111301422
2885937408.0,0.17645901441574097
2886874880.0,0.1792171150445938
2887812608.0,0.18228931725025177
2888750080.0,0.18344970047473907
2889687552.0,0.18279588222503662
2890625024.0,0.18143120408058167
2891562496.0,0.17901335656642914
2892499968.0,0.1744103878736496
2893437440.0,0.16819782555103302
2894374912.0,0.16004180908203125
2895312384.0,0.15003691613674164
2896250112.0,0.1394193470478058
2897187584.0,0.1253572702407837
2898125056.0,0.11083564907312393
2899062528.0,0.09506992250680923
2900000000.0,0.0792754739522934
2900937472.0,0.06126461923122406
2901874944.0,0.042382776737213135
2902812416.0,0.023519109934568405
2903749888.0,0.004740394186228514
2904687616.0,-0.01406955812126398
2905625088.0,-0.033496662974357605
2906562560.0,-0.05284479260444641
2907500032.0,-0.07021313905715942
2908437504.0,-0.08683981001377106
2909374976.0,-0.1023394837975502
2910312448.0,-0.11772860586643219
2911249920.0,-0.13064232468605042
2912187392.0,-0.1428932249546051
2913125120.0,-0.1519210785627365
2914062592.0,-0.15966951847076416
2915000064.0,-0.16663387417793274
2915937536.0,-0.17093637585639954
2916875008.0,-0.17103584110736847
2917812480.0,-0.1712992936372757
2918749952.0,-0.16881290078163147
2919687424.0,-0.16353605687618256
2920624896.0,-0.15735962986946106
2921562624.0,-0.14788559079170227
2922500096.0,-0.1372246891260147
2923437568.0,-0.12582159042358398
2924375040.0,-0.11186936497688293
2925312512.0,-0.09620615839958191
2926249984.0,-0.08077914267778397
2927187456.0,-0.0649610236287117
2928124928.0,-0.04730520024895668
2929062400.0,-0.029540160670876503
2929999872.0,-0.011483658105134964
2930937600.0,0.00678680744022131
2931875072.0,0.02406718023121357
2932812544.0,0.04172777384519577
2933750016.0,0.05808878690004349
2934687488.0,0.07311870157718658
2935624960.0,0.08734025806188583
2936562432.0,0.10087756812572479
2937499904.0,0.11333902180194855
2938437376.0,0.12365318089723587
2939375104.0,0.1324089914560318
2940312576.0,0.14080040156841278
2941250048.0,0.14674556255340576
2942187520.0,0.1517001986503601
2943124992.0,0.15456543862819672
2944062464.0,0.15617331862449646
2944999936.0,0.15703855454921722
2945937408.0,0.1564686894416809
2946874880.0,0.15585418045520782
2947812608.0,0.15042412281036377
2948750080.0,0.14948232471942902
2949687552.0,0.14594486355781555
2950625024.0,0.1425289362668991
2951562496.0,0.13799533247947693
2952499968.0,0.1323542296886444
2953437440.0,0.12621213495731354
2954374912.0,0.11862112581729889
2955312384.0,0.11105804890394211
2956250112.0,0.10224499553442001
2957187584.0,0.09337610751390457
2958125056.0,0.08309563994407654
2959062528.0,0.07407582551240921
2960000000.0,0.06356844305992126
2960937472.0,0.05232938751578331
2961874944.0,0.04058435559272766
2962812416.0,0.02935604378581047
2963749888.0,0.01808849163353443
2964687616.0,0.006377671845257282
2965625088.0,-0.0055594127625226974
2966562560.0,-0.017805149778723717
2967500032.0,-0.029343515634536743
2968437504.0,-0.040567927062511444
2969374976.0,-0.05013153702020645
2970312448.0,-0.06099017336964607
2971249920.0,-0.07092476636171341
2972187392.0,-0.08085736632347107
2973125120.0,-0.08871323615312576
2974062592.0,-0.09688118100166321
2975000064.0,-0.1031145453453064
2975937536.0,-0.11012230068445206
2976875008.0,-0.11570872366428375
2977812480.0,-0.12047175318002701
2978749952.0,-0.12280034273862839
2979687424.0,-0.12497459352016449
2980624896.0,-0.12571527063846588
2981562624.0,-0.12516944110393524
2982500096.0,-0.12418409436941147
2983437568.0,-0.12225762009620667
2984375040.0,-0.11942208558320999
2985312512.0,-0.11527898907661438
2986249984.0,-0.11064104735851288
2987187456.0,-0.10493624955415726
2988124928.0,-0.09792172163724899
2989062400.0,-0.08961430937051773
2990000128.0,-0.08224032074213028
2990937600.0,-0.07458126544952393
2991875072.0,-0.06591009348630905
2992812544.0,-0.05700233578681946
2993750016.0,-0.048063620924949646
2994687488.0,-0.04019998386502266
2995624960.0,-0.031717535108327866
2996562432.0,-0.023781921714544296
2997499904.0,-0.01572037674486637
2998437376.0,-0.009515315294265747
2999375104.0,-0.0037572169676423073
3000312576.0,0.00019134867761749774
3001250048.0,0.004436260089278221
3002187520.0,0.007431174628436565
3003124992.0,0.009943509474396706
3004062464.0,0.01170031912624836
3004999936.0,0.011810293421149254
3005937408.0,0.012327469885349274
3006874880.0,0.010798131115734577
3007812608.0,0.007309406995773315
3008750080.0,0.004659106023609638
3009687552.0,-0.0006633829325437546
3010625024.0,-0.004790646955370903
3011562496.0,-0.009395582601428032
3012499968.0,-0.013956288807094097
3013437440.0,-0.018765635788440704
3014374912.0,-0.02397060953080654
3015312384.0,-0.028997214511036873
3016250112.0,-0.0340375192463398
3017187584.0,-0.039659079164266586
3018125056.0,-0.04428090900182724
3019062528.0,-0.049186330288648605
3020000000.0,-0.05388833209872246
3020937472.0,-0.05884866416454315
3021874944.0,-0.06412327289581299
3022812416.0,-0.06927917897701263
3023749888.0,-0.07444601505994797
3024687616.0,-0.07786255329847336
3025625088.0,-0.0818883627653122
3026562560.0,-0.08621519058942795
3027500032.0,-0.090965636074543
3028437504.0,-0.09501847624778748
3029374976.0,-0.09878791123628616
3030312448.0,-0.10161353647708893
3031249920.0,-0.10629766434431076
3032187392.0,-0.11008337885141373
3033125120.0,-0.11331520229578018
3034062592.0,-0.11588999629020691
3035000064.0,-0.11858329176902771
3035937536.0,-0.12163213640451431
3036875008.0,-0.12257266789674759
3037812480.0,-0.12443733960390091
3038749952.0,-0.12500661611557007
3039687424.0,-0.1262432038784027
3040624896.0,-0.12684082984924316
3041562624.0,-0.1267295777797699
3042500096.0,-0.1257725954055786
3043437568.0,-0.12416110932826996
3044375040.0,-0.1210290864109993
3045312512.0,-0.11915523558855057
3046249984.0,-0.11576735973358154
3047187456.0,-0.11225585639476776
3048124928.0,-0.10893864929676056
3049062400.0,-0.10468918085098267
3049999872.0,-0.09963393211364746
3050937600.0,-0.0945650041103363
3051875072.0,-0.09002655744552612
3052812544.0,-0.08474797010421753
3053750016.0,-0.07983338087797165
3054687488.0,-0.07421126961708069
3055624960.0,-0.0683990940451622
3056562432.0,-0.06262845546007156
3057499904.0,-0.057838067412376404
3058437376.0,-0.05240638926625252
3059375104.0,-0.04705153405666351
3060312576.0,-0.04301821067929268
3061250048.0,-0.038739848881959915
3062187520.0,-0.03464929759502411
3063124992.0,-0.031856946647167206
3064062464.0,-0.030190108343958855
3064999936.0,-0.02735857665538788
3065937408.0,-0.026215016841888428
3066874880.0,-0.026004929095506668
3067812608.0,-0.012044256553053856
3068750080.0,-0.017595022916793823
3069687552.0,-0.02412698045372963
3070625024.0,-0.03170483186841011
3071562496.0,-0.03885683789849281
3072499968.0,-0.04738045111298561
3073437440.0,-0.05690109729766846
3074374912.0,-0.06585400551557541
3075312384.0,-0.0750102773308754
3076250112.0,-0.08456600457429886
3077187584.0,-0.0934416800737381
3078125056.0,-0.10261404514312744
3079062528.0,-0.11048579961061478
3080000000.0,-0.11792699247598648
3080937472.0,-0.12465640902519226
3081874944.0,-0.1315431296825409
3082812416.0,-0.13582190871238708
3083749888.0,-0.14097081124782562
3084687616.0,-0.14256857335567474
3085625088.0,-0.14476722478866577
3086562560.0,-0.1454010307788849
3087500032.0,-0.14478155970573425
3088437504.0,-0.1441289484500885
3089374976.0,-0.13922791182994843
3090312448.0,-0.13564620912075043
3091249920.0,-0.13135021924972534
3092187392.0,-0.12490426748991013
3093125120.0,-0.11784873157739639
3094062592.0,-0.11060025542974472
3095000064.0,-0.10211193561553955
3095937536.0,-0.09384747594594955
3096875008.0,-0.08453947305679321
3097812480.0,-0.0748375952243805
3098749952.0,-0.06468798965215683
3099687424.0,-0.05437402054667473
3100624896.0,-0.04459761455655098
3101562624.0,-0.03516506403684616
3102500096.0,-0.024656809866428375
3103437568.0,-0.014248405583202839
3104375040.0,-0.004976559430360794
3105312512.0,0.00418096175417304
3106249984.0,0.01333263423293829
3107187456.0,0.02135397307574749
3108124928.0,0.02922791615128517
3109062400.0,0.03607742488384247
3110000128.0,0.0431404747068882
3110937600.0,0.0495607890188694
3111875072.0,0.055771056562662125
3112812544.0,0.059833724051713943
3113750016.0,0.06479263305664062
3114687488.0,0.06908959895372391
3115624960.0,0.07285583764314651
3116562432.0,0.07662510126829147
3117499904.0,0.07937544584274292
3118437376.0,0.08213858306407928
3119375104.0,0.08428017050027847
3120312576.0,0.08572477102279663
3121250048.0,0.08796969056129456
3122187520.0,0.08984246850013733
3123124992.0,0.09103720635175705
3124062464.0,0.09158848226070404
3124999936.0,0.09309054166078568
3125937408.0,0.09343830496072769
3126874880.0,0.09467609226703644
3127812608.0,0.11469198763370514
3128750080.0,0.11138194799423218
3129687552.0,0.10841496288776398
3130625024.0,0.10681600868701935
3131562496.0,0.10400840640068054
3132499968.0,0.10149531811475754
3133437440.0,0.10006937384605408
3134374912.0,0.09841015934944153
3135312384.0,0.09746478497982025
3136250112.0,0.09613653272390366
3137187584.0,0.09500796347856522
3138125056.0,0.0945841446518898
3139062528.0,0.09384985268115997
3140000000.0,0.09276866167783737
3140937472.0,0.0926826000213623
3141874944.0,0.0916261076927185
3142812416.0,0.09043218195438385
3143749888.0,0.09021340310573578
3144687616.0,0.08835316449403763
3145625088.0,0.0878884345293045
3146562560.0,0.08618950098752975
3147500032.0,0.08364444226026535
3148437504.0,0.08099178224802017
3149374976.0,0.07799361646175385
3150312448.0,0.07419348508119583
3151249920.0,0.06943707168102264
3152187392.0,0.06603620946407318
3153125120.0,0.05976591259241104
3154062592.0,0.05414126440882683
3155000064.0,0.04701918736100197
3155937536.0,0.039369069039821625
3156875008.0,0.031990572810173035
3157812480.0,0.02294757403433323
3158749952.0,0.013487172313034534
3159687424.0,0.0034137878101319075
3160624896.0,-0.007691781967878342
3161562624.0,-0.01904679462313652
3162500096.0,-0.02982231043279171
3163437568.0,-0.04127342626452446
3164375040.0,-0.05292583256959915
3165312512.0,-0.06451978534460068
3166249984.0,-0.07616499811410904
3167187456.0,-0.08780436217784882
3168124928.0,-0.09823762625455856
3169062400.0,-0.10874844342470169
3169999872.0,-0.11860789358615875
3170937600.0,-0.12796570360660553
3171875072.0,-0.1363683044910431
3172812544.0,-0.14431829750537872
3173750016.0,-0.15030772984027863
3174687488.0,-0.15465889871120453
3175624960.0,-0.1578313559293747
3176562432.0,-0.1592952311038971
3177499904.0,-0.16112758219242096
3178437376.0,-0.16057148575782776
3179375104.0,-0.15766143798828125
3180312576.0,-0.15511073172092438
3181250048.0,-0.15006868541240692
3182187520.0,-0.14212514460086823
3183124992.0,-0.13419629633426666
3184062464.0,-0.1246146708726883
3184999936.0,-0.1129208356142044
3185937408.0,-0.09995555132627487
3186874880.0,-0.08651479333639145
3187812608.0,0.040610987693071365
3188750080.0,0.039153292775154114
3189687552.0,0.037946898490190506
3190625024.0,0.03905380517244339
3191562496.0,0.03910094127058983
3192499968.0,0.040881965309381485
3193437440.0,0.043733544647693634
3194374912.0,0.0467512309551239
3195312384.0,0.05067027360200882
3196250112.0,0.054000258445739746
3197187584.0,0.05873918533325195
3198125056.0,0.06320451945066452
3199062528.0,0.0677405446767807
3200000000.0,0.0718807578086853
3200937472.0,0.07658872753381729
3201874944.0,0.0803743228316307
3202812416.0,0.08319220691919327
3203749888.0,0.08514787256717682
3204687616.0,0.08616263419389725
3205625088.0,0.08669965714216232
3206562560.0,0.08455456793308258
3207500032.0,0.08363237231969833
3208437504.0,0.07925903052091599
3209374976.0,0.07522900402545929
3210312448.0,0.06909622251987457
3211249920.0,0.06222641468048096
3212187392.0,0.054422471672296524
3213125120.0,0.044406283646821976
3214062592.0,0.034702472388744354
3215000064.0,0.0240324679762125
3215937536.0,0.012083730660378933
3216875008.0,-0.0008708895766176283
3217812480.0,-0.012971087358891964
3218749952.0,-0.025777239352464676
3219687424.0,-0.038431815803050995
3220624896.0,-0.05122600123286247
3221562624.0,-0.06295195966959
3222500096.0,-0.07572784274816513
3223437568.0,-0.0866817981004715
3224375040.0,-0.09732521325349808
3225312512.0,-0.10603047162294388
3226249984.0,-0.11379528045654297
3227187456.0,-0.12072578817605972
3228124928.0,-0.12686900794506073
3229062400.0,-0.1314953863620758
3230000128.0,-0.13553938269615173
3230937600.0,-0.13770416378974915
3231875072.0,-0.1374720335006714
3232812544.0,-0.13690824806690216
3233750016.0,-0.13553689420223236
3234687488.0,-0.13351306319236755
3235624960.0,-0.1289135217666626
3236562432.0,-0.12576383352279663
3237499904.0,-0.11981984972953796
3238437376.0,-0.11431315541267395
3239375104.0,-0.10942777991294861
3240312576.0,-0.10361792147159576
3241250048.0,-0.09848306328058243
3242187520.0,-0.09451433271169662
3243124992.0,-0.08984005451202393
3244062464.0,-0.08560580015182495
3244999936.0,-0.08333098143339157
3245937408.0,-0.08137955516576767
3246874880.0,-0.0807264968752861
3247812608.0,-0.07325412333011627
3248750080.0,-0.07624323666095734
3249687552.0,-0.07984736561775208
3250625024.0,-0.0837487280368805
3251562496.0,-0.08703146874904633
3252499968.0,-0.08840779960155487
3253437440.0,-0.09142324328422546
3254374912.0,-0.09192755073308945
3255312384.0,-0.09108937531709671
3256250112.0,-0.09016986191272736
3257187584.0,-0.0871860608458519
3258125056.0,-0.0844036340713501
3259062528.0,-0.07985667139291763
3260000000.0,-0.07459010928869247
3260937472.0,-0.06768370419740677
3261874944.0,-0.06106709688901901
3262812416.0,-0.053101878613233566
3263749888.0,-0.04501134529709816
3264687616.0,-0.036059122532606125
3265625088.0,-0.02813788689672947
3266562560.0,-0.02001470886170864
3267500032.0,-0.012903192080557346
3268437504.0,-0.006495350506156683
3269374976.0,-0.0012643192894756794
3270312448.0,0.0038417193572968245
3271249920.0,0.0064451443031430244
3272187392.0,0.00845645647495985
3273125120.0,0.008444459177553654
3274062592.0,0.008100432343780994
3275000064.0,0.006599761079996824
3275937536.0,0.004471765365451574
3276875008.0,0.0024806142318993807
3277812480.0,-3.487733920337632e-05
3278749952.0,-0.0022016570437699556
3279687424.0,-0.004111598711460829
3280624896.0,-0.005540986079722643
3281562624.0,-0.005923936143517494
3282500096.0,-0.005947493482381105
3283437568.0,-0.006437606643885374
3284375040.0,-0.004578215070068836
3285312512.0,-0.0026270179077982903
3286249984.0,-0.0012695929035544395
3287187456.0,0.0006632967852056026
3288124928.0,0.002634173259139061
3289062400.0,0.003936799708753824
3289999872.0,0.0036543612368404865
3290937600.0,0.00410311808809638
3291875072.0,0.0023042699322104454
3292812544.0,0.0001384166971547529
3293750016.0,-0.0026410669088363647
3294687488.0,-0.0075111547484993935
3295624960.0,-0.012087250128388405
3296562432.0,-0.019182633608579636
3297499904.0,-0.025702878832817078
3298437376.0,-0.03406775742769241
3299375104.0,-0.04265226796269417
3300312576.0,-0.051314856857061386
3301250048.0,-0.06129228696227074
3302187520.0,-0.06929245591163635
3303124992.0,-0.07967964559793472
3304062464.0,-0.08785759657621384
3304999936.0,-0.09605051577091217
3305937408.0,-0.10376322269439697
3306874880.0,-0.11311925947666168
3307812608.0,-0.07960337400436401
3308750080.0,-0.07801146805286407
3309687552.0,-0.07592928409576416
3310625024.0,-0.0743909627199173
3311562496.0,-0.07238183915615082
3312499968.0,-0.07142308354377747
3313437440.0,-0.0700482651591301
3314374912.0,-0.07009626179933548
3315312384.0,-0.06998934596776962
3316250112.0,-0.07133825868368149
3317187584.0,-0.07220946997404099
3318125056.0,-0.07469779998064041
3319062528.0,-0.07724020630121231
3320000000.0,-0.08041535317897797
3320937472.0,-0.0847584530711174
3321874944.0,-0.08950196206569672
3322812416.0,-0.09401420503854752
3323749888.0,-0.10050491988658905
3324687616.0,-0.10650291293859482
3325625088.0,-0.11301494389772415
3326562560.0,-0.11909820139408112
3327500032.0,-0.125385120511055
3328437504.0,-0.132313534617424
3329374976.0,-0.13715793192386627
3330312448.0,-0.1428196132183075
3331249920.0,-0.14869152009487152
3332187392.0,-0.15216173231601715
3333125120.0,-0.15726150572299957
3334062592.0,-0.1594567894935608
3335000064.0,-0.16090865433216095
3335937536.0,-0.16232363879680634
3336875008.0,-0.1621418595314026
3337812480.0,-0.16276893019676208
3338749952.0,-0.16025255620479584
3339687424.0,-0.15528425574302673
3340624896.0,-0.1512802243232727
3341562624.0,-0.14619044959545135
3342500096.0,-0.13917183876037598
3343437568.0,-0.13284744322299957
3344375040.0,-0.12447706609964371
3345312512.0,-0.11521408706903458
3346249984.0,-0.10602562874555588
3347187456.0,-0.09754068404436111
3348124928.0,-0.08806260675191879
3349062400.0,-0.07872356474399567
3350000128.0,-0.06852554529905319
3350937600.0,-0.05927427113056183
3351875072.0,-0.05049668624997139
3352812544.0,-0.04193658381700516
3353750016.0,-0.034582216292619705
3354687488.0,-0.026512350887060165
3355624960.0,-0.020098481327295303
3356562432.0,-0.01478123664855957
3357499904.0,-0.00894447322934866
3358437376.0,-0.00406937999650836
3359375104.0,-0.0004935837350785732
3360312576.0,0.002480205148458481
3361250048.0,0.005082184914499521
3362187520.0,0.006530339363962412
3363124992.0,0.008773112669587135
3364062464.0,0.009956662543118
3364999936.0,0.011557403951883316
3365937408.0,0.013760341331362724
3366874880.0,0.015411367639899254
3367812608.0,0.023575617000460625
3368750080.0,0.031258724629879
3369687552.0,0.03757253289222717
3370625024.0,0.0444740355014801
3371562496.0,0.05052144080400467
3372499968.0,0.054958730936050415
3373437440.0,0.05850237235426903
3374374912.0,0.060657624155282974
3375312384.0,0.0622427798807621
3376250112.0,0.062533438205719
3377187584.0,0.06174096837639809
3378125056.0,0.05946292355656624
3379062528.0,0.05563133955001831
3380000000.0,0.05135190114378929
3380937472.0,0.04604756459593773
3381874944.0,0.03942478075623512
3382812416.0,0.03212834894657135
3383749888.0,0.02281278185546398
3384687616.0,0.014906024560332298
3385625088.0,0.004471133928745985
3386562560.0,-0.005440139677375555
3387500032.0,-0.014374175108969212
3388437504.0,-0.02444140426814556
3389374976.0,-0.03410617262125015
3390312448.0,-0.04433014243841171
3391249920.0,-0.05417512357234955
3392187392.0,-0.06266771256923676
3393125120.0,-0.07126465439796448
3394062592.0,-0.07866929471492767
3395000064.0,-0.08645161241292953
3395937536.0,-0.092741958796978
3396875008.0,-0.09796331077814102
3397812480.0,-0.10383201390504837
3398749952.0,-0.10774210840463638
3399687424.0,-0.11183640360832214
3400624896.0,-0.11416813731193542
3401562624.0,-0.11520060151815414
3402500096.0,-0.11569155007600784
3403437568.0,-0.11541617661714554
3404375040.0,-0.1137414425611496
3405312512.0,-0.11286208033561707
3406249984.0,-0.10976340621709824
3407187456.0,-0.10771423578262329
3408124928.0,-0.10447496920824051
3409062400.0,-0.10117091238498688
3409999872.0,-0.09759421646595001
3410937600.0,-0.09383644163608551
3411875072.0,-0.09094197303056717
3412812544.0,-0.08599517494440079
3413750016.0,-0.08248714357614517
3414687488.0,-0.07819583266973495
3415624960.0,-0.07380147278308868
3416562432.0,-0.06950876861810684
3417499904.0,-0.06541622430086136
3418437376.0,-0.06173309311270714
3419375104.0,-0.05823018029332161
3420312576.0,-0.05564851313829422
3421250048.0,-0.05141942575573921
3422187520.0,-0.047807883471250534
3423124992.0,-0.04393599554896355
3424062464.0,-0.04077314957976341
3424999936.0,-0.037777554243803024
3425937408.0,-0.03391572833061218
3426874880.0,-0.030224665999412537
3427812608.0,-0.02698373794555664
3428750080.0,-0.024677885696291924
3429687552.0,-0.022412477061152458
3430625024.0,-0.018923064693808556
3431562496.0,-0.016091417521238327
3432499968.0,-0.011752048507332802
3433437440.0,-0.007174698635935783
3434374912.0,-0.00224498612806201
3435312384.0,0.003991224803030491
3436250112.0,0.011270897462964058
3437187584.0,0.018501613289117813
3438125056.0,0.028204765170812607
3439062528.0,0.037997499108314514
3440000000.0,0.04954935610294342
3440937472.0,0.06142105534672737
3441874944.0,0.07439941167831421
3442812416.0,0.08809755742549896
3443749888.0,0.10268900543451309
3444687616.0,0.11651400476694107
3445625088.0,0.1298305243253708
3446562560.0,0.14298240840435028
3447500032.0,0.1560184806585312
3448437504.0,0.16749799251556396
3449374976.0,0.17851227521896362
3450312448.0,0.18674694001674652
3451249920.0,0.1940779685974121
3452187392.0,0.19932514429092407
3453125120.0,0.20101095736026764
3454062592.0,0.20161107182502747
3455000064.0,0.19832825660705566
3455937536.0,0.19271545112133026
3456875008.0,0.18457281589508057
3457812480.0,0.1736481785774231
3458749952.0,0.16142065823078156
3459687424.0,0.1470639407634735
3460624896.0,0.13069084286689758
3461562624.0,0.1134059950709343
3462500096.0,0.09448911994695663
3463437568.0,0.07563666999340057
3464375040.0,0.056612174957990646
3465312512.0,0.035957079380750656
3466249984.0,0.01679231785237789
3467187456.0,-0.002138647250831127
3468124928.0,-0.018976854160428047
3469062400.0,-0.03520432859659195
3470000128.0,-0.049592044204473495
3470937600.0,-0.06348861753940582
3471875072.0,-0.07480321079492569
3472812544.0,-0.08494338393211365
3473750016.0,-0.09173870831727982
3474687488.0,-0.09650064259767532
3475624960.0,-0.09973812103271484
3476562432.0,-0.10050009191036224
3477499904.0,-0.10107004642486572
3478437376.0,-0.09973260760307312
3479375104.0,-0.09628701210021973
3480312576.0,-0.09288590401411057
3481250048.0,-0.08840321004390717
3482187520.0,-0.08285719901323318
3483124992.0,-0.0777566134929657
3484062464.0,-0.07168148458003998
3484999936.0,-0.06658865511417389
3485937408.0,-0.06138753145933151
3486874880.0,-0.057493798434734344
3487812608.0,-0.0427171029150486
3488750080.0,-0.04694950208067894
3489687552.0,-0.049949124455451965
3490625024.0,-0.05448393151164055
3491562496.0,-0.0598982572555542
3492499968.0,-0.0638851746916771
3493437440.0,-0.06978257745504379
3494374912.0,-0.07558119297027588
3495312384.0,-0.08135254681110382
3496250112.0,-0.08553048968315125
3497187584.0,-0.08993810415267944
3498125056.0,-0.09370575845241547
3499062528.0,-0.09630890935659409
3500000000.0,-0.09780140221118927
3500937472.0,-0.09863579273223877
3501874944.0,-0.09716732800006866
3502812416.0,-0.09439090639352798
3503749888.0,-0.09175001829862595
3504687616.0,-0.08770900219678879
3505625088.0,-0.08148115873336792
3506562560.0,-0.07396908849477768
3507500032.0,-0.06737694889307022
3508437504.0,-0.05945790186524391
3509374976.0,-0.05080144852399826
3510312448.0,-0.04214067757129669
3511249920.0,-0.032747089862823486
3512187392.0,-0.024581894278526306
3513125120.0,-0.01490516122430563
3514062592.0,-0.0059336707927286625
3515000064.0,0.002136219060048461
3515937536.0,0.010229337029159069
3516875008.0,0.017331819981336594
3517812480.0,0.023901507258415222
3518749952.0,0.02924235165119171
3519687424.0,0.03350018709897995
3520624896.0,0.036797866225242615
3521562624.0,0.038963593542575836
3522500096.0,0.0399574413895607
3523437568.0,0.040119096636772156
3524375040.0,0.03877399116754532
3525312512.0,0.03565336763858795
3526249984.0,0.032857589423656464
3527187456.0,0.02799387276172638
3528124928.0,0.023979341611266136
3529062400.0,0.019405022263526917
3529999872.0,0.012966224923729897
3530937600.0,0.006453019566833973
3531875072.0,0.001184617867693305
3532812544.0,-0.005393987987190485
3533750016.0,-0.011492381803691387
3534687488.0,-0.015721740201115608
3535624960.0,-0.02125183306634426
3536562432.0,-0.024738052859902382
3537499904.0,-0.02797016128897667
3538437376.0,-0.029636578634381294
3539375104.0,-0.030867379158735275
3540312576.0,-0.03056461364030838
3541250048.0,-0.030166111886501312
3542187520.0,-0.028639748692512512
3543124992.0,-0.026357559487223625
3544062464.0,-0.023817433044314384
3544999936.0,-0.020524684339761734
3545937408.0,-0.015936564654111862
3546874880.0,-0.011979308910667896
3547812608.0,-0.008991984650492668
3548750080.0,-0.010386105626821518
3549687552.0,-0.012429128400981426
3550625024.0,-0.014236781746149063
3551562496.0,-0.016097793355584145
3552499968.0,-0.018654020503163338
3553437440.0,-0.02158544398844242
3554374912.0,-0.024357667192816734
3555312384.0,-0.02782035805284977
3556250112.0,-0.030891867354512215
3557187584.0,-0.03416985273361206
3558125056.0,-0.037286426872015
3559062528.0,-0.04023107513785362
3560000000.0,-0.043025705963373184
3560937472.0,-0.047536496073007584
3561874944.0,-0.05028460919857025
3562812416.0,-0.05297403782606125
3563749888.0,-0.055792853236198425
3564687616.0,-0.057854510843753815
3565625088.0,-0.059397220611572266
3566562560.0,-0.06149512529373169
3567500032.0,-0.06295763701200485
3568437504.0,-0.06371986865997314
3569374976.0,-0.0643317699432373
3570312448.0,-0.06448138505220413
3571249920.0,-0.06362614780664444
3572187392.0,-0.06307254731655121
3573125120.0,-0.0625549927353859
3574062592.0,-0.06198469549417496
3575000064.0,-0.05987764522433281
3575937536.0,-0.058440327644348145
3576875008.0,-0.05708733946084976
3577812480.0,-0.054782673716545105
3578749952.0,-0.05405345559120178
3579687424.0,-0.051772117614746094
3580624896.0,-0.04936316981911659
3581562624.0,-0.0474226288497448
3582500096.0,-0.04471157118678093
3583437568.0,-0.04299822822213173
3584375040.0,-0.04315900802612305
3585312512.0,-0.042242929339408875
3586249984.0,-0.04257267713546753
3587187456.0,-0.04228229820728302
3588124928.0,-0.042711205780506134
3589062400.0,-0.04230800271034241
3590000128.0,-0.041886843740940094
3590937600.0,-0.04195069894194603
3591875072.0,-0.042787667363882065
3592812544.0,-0.04181971773505211
3593750016.0,-0.04242126643657684
3594687488.0,-0.04211655259132385
3595624960.0,-0.04158128798007965
3596562432.0,-0.040670160204172134
3597499904.0,-0.038765206933021545
3598437376.0,-0.03652683272957802
3599375104.0,-0.03476347774267197
3600312576.0,-0.03188934177160263
3601250048.0,-0.028394799679517746
3602187520.0,-0.024605050683021545
3603124992.0,-0.019425369799137115
3604062464.0,-0.015005660243332386
3604999936.0,-0.010072289034724236
3605937408.0,-0.004192762542515993
3606874880.0,0.0022371860686689615
3607812608.0,0.024817079305648804
3608750080.0,0.03401012718677521
3609687552.0,0.04358477517962456
3610625024.0,0.05166517570614815
3611562496.0,0.05947192385792732
3612499968.0,0.06651882827281952
3613437440.0,0.0723511129617691
3614374912.0,0.07799045741558075
3615312384.0,0.08373281359672546
3616250112.0,0.08753485232591629
3617187584.0,0.08936554193496704
3618125056.0,0.09148608148097992
3619062528.0,0.09246674925088882
3620000000.0,0.09187439829111099
3620937472.0,0.08953650295734406
3621874944.0,0.08662305027246475
3622812416.0,0.08312204480171204
3623749888.0,0.07930845022201538
3624687616.0,0.07403822243213654
3625625088.0,0.06823403388261795
3626562560.0,0.06251419335603714
3627500032.0,0.05594973638653755
3628437504.0,0.048647936433553696
3629374976.0,0.04084343463182449
3630312448.0,0.0321953147649765
3631249920.0,0.02296278439462185
3632187392.0,0.013864048756659031
3633125120.0,0.0038841329514980316
3634062592.0,-0.005984081421047449
3635000064.0,-0.01547666359692812
3635937536.0,-0.02607066184282303
3636875008.0,-0.03548506274819374
3637812480.0,-0.04500729218125343
3638749952.0,-0.05436531454324722
3639687424.0,-0.06390130519866943
3640624896.0,-0.07202322036027908
3641562624.0,-0.08044042438268661
3642500096.0,-0.08874912559986115
3643437568.0,-0.09565016627311707
3644375040.0,-0.10212249308824539
3645312512.0,-0.10816852003335953
3646249984.0,-0.11454106867313385
3647187456.0,-0.11893642693758011
3648124928.0,-0.12311011552810669
3649062400.0,-0.12626348435878754
3649999872.0,-0.13024771213531494
3650937600.0,-0.13321815431118011
3651875072.0,-0.1359652429819107
3652812544.0,-0.1378626525402069
3653750016.0,-0.13900259137153625
3654687488.0,-0.1386006474494934
3655624960.0,-0.13880187273025513
3656562432.0,-0.13823345303535461
3657499904.0,-0.13755124807357788
3658437376.0,-0.1351029872894287
3659375104.0,-0.13279011845588684
3660312576.0,-0.13131392002105713
3661250048.0,-0.12806852161884308
3662187520.0,-0.12440061569213867
3663124992.0,-0.1209884062409401
3664062464.0,-0.11737702041864395
3664999936.0,-0.11275641620159149
3665937408.0,-0.10911887139081955
3666874880.0,-0.10433239489793777
3667812608.0,-0.08776124566793442
3668750080.0,-0.08804040402173996
3669687552.0,-0.08798021823167801
3670625024.0,-0.08625643700361252
3671562496.0,-0.08423931896686554
3672499968.0,-0.08083249628543854
3673437440.0,-0.07684260606765747
3674374912.0,-0.0725017860531807
3675312384.0,-0.06804867833852768
3676250112.0,-0.06327584385871887
3677187584.0,-0.0558924600481987
3678125056.0,-0.04977153241634369
3679062528.0,-0.042106032371520996
3680000000.0,-0.03436676040291786
3680937472.0,-0.026493879035115242
3681874944.0,-0.01769723743200302
3682812416.0,-0.008114341646432877
3683749888.0,0.0003713799815159291
3684687616.0,0.009588158689439297
3685625088.0,0.019024185836315155
3686562560.0,0.02769758179783821
3687500032.0,0.035522475838661194
3688437504.0,0.042585887014865875
3689374976.0,0.04999011382460594
3690312448.0,0.056117039173841476
3691249920.0,0.06116221845149994
3692187392.0,0.06436656415462494
3693125120.0,0.06948592513799667
3694062592.0,0.07251056283712387
3695000064.0,0.07428532093763351
3695937536.0,0.07514914125204086
3696875008.0,0.07394849509000778
3697812480.0,0.0735064297914505
3698749952.0,0.07115290313959122
3699687424.0,0.06891065835952759
3700624896.0,0.06515403836965561
3701562624.0,0.059274524450302124
3702500096.0,0.052969757467508316
3703437568.0,0.046828966587781906
3704375040.0,0.040477536618709564
3705312512.0,0.03379235044121742
3706249984.0,0.026858014985919
3707187456.0,0.019277552142739296
3708124928.0,0.011117372661828995
3709062400.0,0.0028871800750494003
3710000128.0,-0.0057627116329967976
3710937600.0,-0.014425672590732574
3711875072.0,-0.022825416177511215
3712812544.0,-0.030217746272683144
3713750016.0,-0.03669726476073265
3714687488.0,-0.043257761746644974
3715624960.0,-0.04854615405201912
3716562432.0,-0.05325349047780037
3717499904.0,-0.057507626712322235
3718437376.0,-0.06051899865269661
3719375104.0,-0.06295712292194366
3720312576.0,-0.06421112269163132
3721250048.0,-0.0652870386838913
3722187520.0,-0.06401179730892181
3723124992.0,-0.06326063722372055
3724062464.0,-0.061825186014175415
3724999936.0,-0.06042056530714035
3725937408.0,-0.0583028644323349
3726874880.0,-0.05574231594800949
3727812608.0,-0.05815717577934265
3728750080.0,-0.0586945116519928
3729687552.0,-0.05714945122599602
3730625024.0,-0.0566457100212574
3731562496.0,-0.05542606860399246
3732499968.0,-0.05574618652462959
3733437440.0,-0.055054448544979095
3734374912.0,-0.05604647845029831
3735312384.0,-0.056075651198625565
3736250112.0,-0.056829068809747696
3737187584.0,-0.05914410203695297
3738125056.0,-0.061559051275253296
3739062528.0,-0.06466416269540787
3740000000.0,-0.06830553710460663
3740937472.0,-0.07229442894458771
3741874944.0,-0.07704906910657883
3742812416.0,-0.08211027085781097
3743749888.0,-0.08702757954597473
3744687616.0,-0.09248574078083038
3745625088.0,-0.09886811673641205
3746562560.0,-0.10414749383926392
3747500032.0,-0.11065338551998138
3748437504.0,-0.11591054499149323
3749374976.0,-0.12189601361751556
3750312448.0,-0.12838518619537354
3751249920.0,-0.13303475081920624
3752187392.0,-0.13833540678024292
3753125120.0,-0.14365015923976898
3754062592.0,-0.14744560420513153
3755000064.0,-0.15196003019809723
3755937536.0,-0.15431921184062958
3756875008.0,-0.15528734028339386
3757812480.0,-0.1560528725385666
3758749952.0,-0.15498295426368713
3759687424.0,-0.15277323126792908
3760624896.0,-0.14917999505996704
3761562624.0,-0.14333969354629517
3762500096.0,-0.1375499963760376
3763437568.0,-0.13096372783184052
3764375040.0,-0.12153816968202591
3765312512.0,-0.11273353546857834
3766249984.0,-0.10204741358757019
3767187456.0,-0.09115999191999435
3768124928.0,-0.07923004031181335
3769062400.0,-0.06844888627529144
3769999872.0,-0.05706202983856201
3770937600.0,-0.045171692967414856
3771875072.0,-0.03515949100255966
3772812544.0,-0.02459067665040493
3773750016.0,-0.014680429361760616
3774687488.0,-0.007185403723269701
3775624960.0,0.0005352878361009061
3776562432.0,0.00640726275742054
3777499904.0,0.01168661005795002
3778437376.0,0.015239980071783066
3779375104.0,0.016636719927191734
3780312576.0,0.01719248853623867
3781250048.0,0.01551822666078806
3782187520.0,0.012089718133211136
3783124992.0,0.0073845055885612965
3784062464.0,0.0008669114322401583
3784999936.0,-0.006156569346785545
3785937408.0,-0.015427915379405022
3786874880.0,-0.013934487476944923
3787812608.0,-0.023373590782284737
3788750080.0,-0.03201647847890854
3789687552.0,-0.04292409494519234
3790625024.0,-0.0541268065571785
3791562496.0,-0.06694025546312332
3792499968.0,-0.07745063304901123
3793437440.0,-0.08793964236974716
3794374912.0,-0.09955176711082458
3795312384.0,-0.1111752986907959
3796250112.0,-0.12097715586423874
3797187584.0,-0.13124395906925201
3798125056.0,-0.1410515457391739
3799062528.0,-0.15006354451179504
3800000000.0,-0.15820375084877014
3800937472.0,-0.16530029475688934
3801874944.0,-0.17121389508247375
3802812416.0,-0.17623895406723022
3803749888.0,-0.1788942813873291
3804687616.0,-0.18086954951286316
3805625088.0,-0.18103843927383423
3806562560.0,-0.18085816502571106
3807500032.0,-0.17871709167957306
3808437504.0,-0.17534928023815155
3809374976.0,-0.17068800330162048
3810312448.0,-0.16459302604198456
3811249920.0,-0.1577584147453308
3812187392.0,-0.1507580578327179
3813125120.0,-0.14192774891853333
3814062592.0,-0.13243091106414795
3815000064.0,-0.12268545478582382
3815937536.0,-0.11359460651874542
3816875008.0,-0.10403317213058472
3817812480.0,-0.09357573837041855
3818749952.0,-0.08492767065763474
3819687424.0,-0.07515861093997955
3820624896.0,-0.0654120147228241
3821562624.0,-0.05728093534708023
3822500096.0,-0.049519579857587814
3823437568.0,-0.04240988567471504
3824375040.0,-0.0361579991877079
3825312512.0,-0.031024573370814323
3826249984.0,-0.0267334021627903
3827187456.0,-0.02387191168963909
3828124928.0,-0.022019904106855392
3829062400.0,-0.02089538425207138
3830000128.0,-0.020648261532187462
3830937600.0,-0.021727951243519783
3831875072.0,-0.022914504632353783
3832812544.0,-0.026404179632663727
3833750016.0,-0.02852867729961872
3834687488.0,-0.03322475031018257
3835624960.0,-0.037003688514232635
3836562432.0,-0.04220468923449516
3837499904.0,-0.046363163739442825
3838437376.0,-0.05180509388446808
3839375104.0,-0.0563005656003952
3840312576.0,-0.06157102435827255
3841250048.0,-0.06533532589673996
3842187520.0,-0.06954079121351242
3843124992.0,-0.0726379007101059
3844062464.0,-0.07547472417354584
3844999936.0,-0.07726067304611206
3845937408.0,-0.07986848056316376
3846874880.0,-0.07124391198158264
3847812608.0,-0.06835049390792847
3848750080.0,-0.0625925064086914
3849687552.0,-0.059787411242723465
3850625024.0,-0.05709969997406006
3851562496.0,-0.05349377542734146
3852499968.0,-0.05133074149489403
3853437440.0,-0.049562543630599976
3854374912.0,-0.04862389713525772
3855312384.0,-0.046441804617643356
3856250112.0,-0.04659786447882652
3857187584.0,-0.045537736266851425
3858125056.0,-0.046520959585905075
3859062528.0,-0.04710248485207558
3860000000.0,-0.04877549037337303
3860937472.0,-0.050313640385866165
3861874944.0,-0.05218421667814255
3862812416.0,-0.05400380492210388
3863749888.0,-0.055837422609329224
3864687616.0,-0.0585458017885685
3865625088.0,-0.06212719529867172
3866562560.0,-0.06390329450368881
3867500032.0,-0.06690189242362976
3868437504.0,-0.06917855888605118
3869374976.0,-0.07082846760749817
3870312448.0,-0.07275743782520294
3871249920.0,-0.07442257553339005
3872187392.0,-0.07644709944725037
3873125120.0,-0.07714711874723434
3874062592.0,-0.07925251871347427
3875000064.0,-0.07945125550031662
3875937536.0,-0.08292306214570999
3876875008.0,-0.08549603819847107
3877812480.0,-0.08667618036270142
3878749952.0,-0.0885835587978363
3879687424.0,-0.0897068977355957
3880624896.0,-0.09099166095256805
3881562624.0,-0.09108148515224457
3882500096.0,-0.09197970479726791
3883437568.0,-0.09213070571422577
3884375040.0,-0.09175410121679306
3885312512.0,-0.09132479876279831
3886249984.0,-0.09155614674091339
3887187456.0,-0.0919237807393074
3888124928.0,-0.09174204617738724
3889062400.0,-0.09194105863571167
3889999872.0,-0.09221912920475006
3890937600.0,-0.09189682453870773
3891875072.0,-0.09273897856473923
3892812544.0,-0.09390563517808914
3893750016.0,-0.09445509314537048
3894687488.0,-0.09594065696001053
3895624960.0,-0.09850861132144928
3896562432.0,-0.09985381364822388
3897499904.0,-0.10351478308439255
3898437376.0,-0.10670910030603409
3899375104.0,-0.10959639400243759
3900312576.0,-0.11364932358264923
3901250048.0,-0.11824178695678711
3902187520.0,-0.12301098555326462
3903124992.0,-0.12766513228416443
3904062464.0,-0.13261976838111877
3904999936.0,-0.1378028243780136
3905937408.0,-0.14308907091617584
3906874880.0,-0.16093234717845917
3907812608.0,-0.1668066531419754
3908750080.0,-0.17421849071979523
3909687552.0,-0.1782570779323578
3910625024.0,-0.18012380599975586
3911562496.0,-0.17979569733142853
3912499968.0,-0.1780742108821869
3913437440.0,-0.1735590398311615
3914374912.0,-0.16747799515724182
3915312384.0,-0.15950194001197815
3916250112.0,-0.1496274769306183
3917187584.0,-0.13746532797813416
3918125056.0,-0.1237814873456955
3919062528.0,-0.10925902426242828
3920000000.0,-0.09417017549276352
3920937472.0,-0.07747659832239151
3921874944.0,-0.061199914664030075
3922812416.0,-0.04506447911262512
3923749888.0,-0.028398025780916214
3924687616.0,-0.013323158957064152
3925625088.0,0.0016953543527051806
3926562560.0,0.015303078107535839
3927500032.0,0.028513271361589432
3928437504.0,0.040331196039915085
3929374976.0,0.048886023461818695
3930312448.0,0.055706705898046494
3931249920.0,0.06095140054821968
3932187392.0,0.06382004916667938
3933125120.0,0.06496650725603104
3934062592.0,0.06393637508153915
3935000064.0,0.0612686388194561
3935937536.0,0.05728303641080856
3936875008.0,0.050852060317993164
3937812480.0,0.04447152465581894
3938749952.0,0.036386068910360336
3939687424.0,0.02768625132739544
3940624896.0,0.018373940140008926
3941562624.0,0.009422105737030506
3942500096.0,0.00018472915689926594
3943437568.0,-0.00852905586361885
3944375040.0,-0.017313139513134956
3945312512.0,-0.025110097602009773
3946249984.0,-0.03280932083725929
3947187456.0,-0.03977150470018387
3948124928.0,-0.04560690373182297
3949062400.0,-0.050758425146341324
3950000128.0,-0.054895900189876556
3950937600.0,-0.059349704533815384
3951875072.0,-0.061779238283634186
3952812544.0,-0.0633053183555603
3953750016.0,-0.06621529906988144
3954687488.0,-0.0661967471241951
3955624960.0,-0.06831900775432587
3956562432.0,-0.06927673518657684
3957499904.0,-0.06994481384754181
3958437376.0,-0.07084573060274124
3959375104.0,-0.07120107114315033
3960312576.0,-0.07099347561597824
3961250048.0,-0.07175292819738388
3962187520.0,-0.07485625147819519
3963124992.0,-0.07832178473472595
3964062464.0,-0.08244053274393082
3964999936.0,-0.08672869205474854
3965937408.0,-0.09167636930942535
3966874880.0,-0.106687530875206
3967812608.0,-0.11888013780117035
3968750080.0,-0.1332293152809143
3969687552.0,-0.14631685614585876
3970625024.0,-0.15975439548492432
3971562496.0,-0.17287026345729828
3972499968.0,-0.18543459475040436
3973437440.0,-0.19650162756443024
3974374912.0,-0.2070116400718689
3975312384.0,-0.21512621641159058
3976250112.0,-0.22195357084274292
3977187584.0,-0.22799740731716156
3978125056.0,-0.23194757103919983
3979062528.0,-0.23342448472976685
3980000000.0,-0.23281042277812958
3980937472.0,-0.23097233474254608
3981874944.0,-0.22798004746437073
3982812416.0,-0.22306779026985168
3983749888.0,-0.21749894320964813
3984687616.0,-0.20967267453670502
3985625088.0,-0.20079472661018372
3986562560.0,-0.19048689305782318
3987500032.0,-0.17962411046028137
3988437504.0,-0.1692415028810501
3989374976.0,-0.15728282928466797
3990312448.0,-0.14452007412910461
3991249920.0,-0.13428014516830444
3992187392.0,-0.12229956686496735
3993125120.0,-0.11171724647283554
3994062592.0,-0.10055293142795563
3995000064.0,-0.09151061624288559
3995937536.0,-0.08228663355112076
3996875008.0,-0.0756731629371643
3997812480.0,-0.06899216026067734
3998749952.0,-0.06289175897836685
3999687424.0,-0.056932635605335236
4000624896.0,-0.06297994405031204
4001562624.0,-0.06198437139391899
4002500096.0,-0.06067662686109543
4003437568.0,-0.06313077360391617
4004375040.0,-0.06382822245359421
4005312512.0,-0.0673249289393425
4006249984.0,-0.07151797413825989
4007187456.0,-0.07662173360586166
4008124928.0,-0.08241944015026093
4009062400.0,-0.08898119628429413
4009999872.0,-0.09622138738632202
4010937600.0,-0.10315149277448654
4011875072.0,-0.1116565614938736
4012812544.0,-0.11894246935844421
4013750016.0,-0.12749633193016052
4014687488.0,-0.13433264195919037
4015624960.0,-0.14248047769069672
4016562432.0,-0.14895080029964447
4017499904.0,-0.1568877100944519
4018437376.0,-0.1637202352285385
4019375104.0,-0.16962721943855286
4020312576.0,-0.17555032670497894
4021250048.0,-0.18101470172405243
4022187520.0,-0.18700402975082397
4023124992.0,-0.19068804383277893
4024062464.0,-0.19433465600013733
4024999936.0,-0.19756630063056946
4025937408.0,-0.2007637470960617
4026874880.0,-0.19305148720741272
4027812608.0,-0.19965457916259766
4028750080.0,-0.20540429651737213
4029687552.0,-0.2109905481338501
4030625024.0,-0.21643641591072083
4031562496.0,-0.2210347205400467
4032499968.0,-0.22536404430866241
4033437440.0,-0.22803649306297302
4034374912.0,-0.2305694967508316
4035312384.0,-0.23106840252876282
4036250112.0,-0.22966141998767853
4037187584.0,-0.22753998637199402
4038125056.0,-0.22393235564231873
4039062528.0,-0.21944460272789001
4040000000.0,-0.21346162259578705
4040937472.0,-0.20780658721923828
4041874944.0,-0.20166528224945068
4042812416.0,-0.19382886588573456
4043749888.0,-0.18521463871002197
4044687616.0,-0.17612724006175995
4045625088.0,-0.16655844449996948
4046562560.0,-0.1550196260213852
4047500032.0,-0.1423027664422989
4048437504.0,-0.12922315299510956
4049374976.0,-0.11674055457115173
4050312448.0,-0.10377725213766098
4051249920.0,-0.09004581719636917
4052187392.0,-0.07674896717071533
4053125120.0,-0.06447523832321167
4054062592.0,-0.05104010924696922
4055000064.0,-0.039020441472530365
4055937536.0,-0.028661997988820076
4056875008.0,-0.018767645582556725
4057812480.0,-0.009813164360821247
4058749952.0,-0.002891241805627942
4059687424.0,0.0028128225822001696
4060624896.0,0.0065000420436263084
4061562624.0,0.009495114907622337
4062500096.0,0.009946738369762897
4063437568.0,0.008852316066622734
4064375040.0,0.006860237568616867
4065312512.0,0.0030849194154143333
4066249984.0,-0.00239786459133029
4067187456.0,-0.01052181888371706
4068124928.0,-0.01772088184952736
4069062400.0,-0.027662478387355804
4070000128.0,-0.03972801938652992
4070937600.0,-0.0507519394159317
4071875072.0,-0.06341556459665298
4072812544.0,-0.07693980634212494
4073750016.0,-0.09013545513153076
4074687488.0,-0.10333295166492462
4075624960.0,-0.11600230634212494
4076562432.0,-0.12839294970035553
4077499904.0,-0.14052540063858032
4078437376.0,-0.15116766095161438
4079375104.0,-0.16239392757415771
4080312576.0,-0.1721591353416443
4081250048.0,-0.18117974698543549
4082187520.0,-0.1881694197654724
4083124992.0,-0.19487737119197845
4084062464.0,-0.20029331743717194
4084999936.0,-0.20409664511680603
4085937408.0,-0.2063412070274353
4086874880.0,-0.18766719102859497
4087812608.0,-0.1871965378522873
4088750080.0,-0.186067134141922
4089687552.0,-0.18300271034240723
4090625024.0,-0.1798696219921112
4091562496.0,-0.17517077922821045
4092499968.0,-0.170906201004982
4093437440.0,-0.16603071987628937
4094374912.0,-0.160101056098938
4095312384.0,-0.15387460589408875
4096250112.0,-0.14726190268993378
4097187584.0,-0.14171910285949707
4098125056.0,-0.1342450976371765
4099062528.0,-0.12843459844589233
4100000000.0,-0.12216466665267944
4100937472.0,-0.11620423942804337
4101874944.0,-0.11009620875120163
4102812416.0,-0.10494247078895569
4103749888.0,-0.09973857551813126
4104687616.0,-0.09345418214797974
4105625088.0,-0.08883673697710037
4106562560.0,-0.083345927298069
4107500032.0,-0.07980514317750931
4108437504.0,-0.07479590177536011
4109374976.0,-0.07048339396715164
4110312448.0,-0.06721213459968567
4111249920.0,-0.06378906220197678
4112187392.0,-0.061200812458992004
4113125120.0,-0.058682478964328766
4114062592.0,-0.05726029351353645
4115000064.0,-0.05521006882190704
4115937536.0,-0.053858350962400436
4116875008.0,-0.05328107997775078
4117812480.0,-0.052739646285772324
4118749952.0,-0.05167396366596222
4119687424.0,-0.051935214549303055
4120624896.0,-0.051051102578639984
4121562624.0,-0.05230668559670448
4122500096.0,-0.05270373076200485
4123437568.0,-0.053684432059526443
4124375040.0,-0.05519099906086922
4125312512.0,-0.05663829669356346
4126249984.0,-0.05877397209405899
4127187456.0,-0.06181919947266579
4128124928.0,-0.06387510895729065
4129062400.0,-0.06679808348417282
4129999872.0,-0.07067202031612396
4130937600.0,-0.07553918659687042
4131875072.0,-0.07993453741073608
4132812544.0,-0.085428386926651
4133750016.0,-0.09177397936582565
4134687488.0,-0.0977666974067688
4135624960.0,-0.10557464510202408
4136562432.0,-0.1136307492852211
4137499904.0,-0.1216392070055008
4138437376.0,-0.13016001880168915
4139375104.0,-0.1379556953907013
4140312576.0,-0.14705270528793335
4141250048.0,-0.15663036704063416
4142187520.0,-0.16655637323856354
4143124992.0,-0.17591804265975952
4144062464.0,-0.18457800149917603
4144999936.0,-0.19334572553634644
4145937408.0,-0.20266000926494598
4146874880.0,-0.2222665548324585
4147812608.0,-0.22970378398895264
4148750080.0,-0.23492786288261414
4149687552.0,-0.23784089088439941
4150625024.0,-0.23827756941318512
4151562496.0,-0.23849107325077057
4152499968.0,-0.23655328154563904
4153437440.0,-0.2318042516708374
4154374912.0,-0.22628864645957947
4155312384.0,-0.21902790665626526
4156250112.0,-0.2099429816007614
4157187584.0,-0.19993773102760315
4158125056.0,-0.18930035829544067
4159062528.0,-0.17711469531059265
4160000000.0,-0.16602057218551636
4160937472.0,-0.1529037058353424
4161874944.0,-0.1404879242181778
4162812416.0,-0.12708193063735962
4163749888.0,-0.11472921818494797
4164687616.0,-0.10232886672019958
4165625088.0,-0.09039068222045898
4166562560.0,-0.07988717406988144
4167500032.0,-0.06943932175636292
4168437504.0,-0.05950448662042618
4169374976.0,-0.05048515647649765
4170312448.0,-0.0428861565887928
4171249920.0,-0.03545432537794113
4172187392.0,-0.028623435646295547
4173125120.0,-0.02305704914033413
4174062592.0,-0.017347004264593124
4175000064.0,-0.01321149617433548
4175937536.0,-0.010207120329141617
4176875008.0,-0.006728891283273697
4177812480.0,-0.003884275443851948
4178749952.0,-0.0019974876195192337
4179687424.0,-0.001242634723894298
4180624896.0,0.0010243527358397841
4181562624.0,0.0016464600339531898
4182500096.0,0.0021210708655416965
4183437568.0,0.0011876424541696906
4184375040.0,0.00017052378098014742
4185312512.0,-0.001683478127233684
4186249984.0,-0.004111092071980238
4187187456.0,-0.007207413669675589
4188124928.0,-0.010006006807088852
4189062400.0,-0.01392878033220768
4190000128.0,-0.017902720719575882
4190937600.0,-0.0224390160292387
4191875072.0,-0.029077356681227684
4192812544.0,-0.03560798987746239
4193750016.0,-0.04363548383116722
4194687488.0,-0.052295535802841187
4195624960.0,-0.06109920144081116
4196562432.0,-0.0706896185874939
4197499904.0,-0.08070952445268631
4198437376.0,-0.09242311865091324
4199375104.0,-0.10287819057703018
4200312576.0,-0.11490786075592041
4201250048.0,-0.1275894045829773
4202187520.0,-0.14015154540538788
4203124992.0,-0.1532851755619049
4204062464.0,-0.16587045788764954
4204999936.0,-0.17837437987327576
4205937408.0,-0.19160760939121246
4206874880.0,-0.1947682797908783
4207812608.0,-0.20645122230052948
4208750080.0,-0.21775253117084503
4209687552.0,-0.2303091287612915
4210625024.0,-0.23991599678993225
4211562496.0,-0.2486671507358551
4212499968.0,-0.25803449749946594
4213437440.0,-0.26451969146728516
4214374912.0,-0.2706400752067566
4215312384.0,-0.2735075354576111
4216250112.0,-0.2758941352367401
4217187584.0,-0.2753136456012726
4218125056.0,-0.2724047899246216
4219062528.0,-0.2671119272708893
4220000000.0,-0.2590789794921875
4220937472.0,-0.24854600429534912
4221874944.0,-0.23781752586364746
4222812416.0,-0.22146821022033691
4223749888.0,-0.205547034740448
4224687616.0,-0.18764422833919525
4225625088.0,-0.16835610568523407
4226562560.0,-0.14800061285495758
4227500032.0,-0.12503302097320557
4228437504.0,-0.10251157730817795
4229374976.0,-0.07998933643102646
4230312448.0,-0.05749423801898956
4231249920.0,-0.0364602729678154
4232187392.0,-0.01470327191054821
4233125120.0,0.005954384803771973
4234062592.0,0.0244047362357378
4235000064.0,0.04173333942890167
4235937536.0,0.056614428758621216
4236875008.0,0.07212094217538834
4237812480.0,0.08225330710411072
4238749952.0,0.09089283645153046
4239687424.0,0.09804341197013855
4240624896.0,0.10134876519441605
4241562624.0,0.1018863096833229
4242500096.0,0.1016802042722702
4243437568.0,0.09724505990743637
4244375040.0,0.09225200116634369
4245312512.0,0.08426136523485184
4246249984.0,0.0742691233754158
4247187456.0,0.0633503869175911
4248124928.0,0.05059653893113136
4249062400.0,0.0352088063955307
4249999872.0,0.019714515656232834
4250937600.0,0.0029622530564665794
4251875072.0,-0.015020259656012058
4252812544.0,-0.03360404074192047
4253750016.0,-0.05209558084607124
4254687488.0,-0.07099725306034088
4255624960.0,-0.0889604240655899
4256562432.0,-0.10749940574169159
4257499904.0,-0.12500132620334625
4258437376.0,-0.14267466962337494
4259375104.0,-0.15763288736343384
4260312576.0,-0.17451417446136475
4261250048.0,-0.18934082984924316
4262187520.0,-0.20385263860225677
4263124992.0,-0.21847757697105408
4264062464.0,-0.23141930997371674
4264999936.0,-0.2455545961856842
4265937408.0,-0.25832778215408325
4266874880.0,-0.26719361543655396
4267812608.0,-0.2715725302696228
4268750080.0,-0.27490440011024475
4269687552.0,-0.2798426151275635
4270625024.0,-0.28436756134033203
4271562496.0,-0.2883516550064087
4272499968.0,-0.2926503121852875
4273437440.0,-0.2943589985370636
4274374912.0,-0.29677149653434753
4275312384.0,-0.29694491624832153
4276250112.0,-0.2964492440223694
4277187584.0,-0.2959199547767639
4278125056.0,-0.29089799523353577
4279062528.0,-0.2860414981842041
4280000000.0,-0.2792328894138336
4280937472.0,-0.2707451283931732
4281874944.0,-0.2588498890399933
4282812416.0,-0.24621106684207916
4283749888.0,-0.23312221467494965
4284687616.0,-0.21731561422348022
4285625088.0,-0.19982419908046722
4286562560.0,-0.18095536530017853
4287500032.0,-0.16016452014446259
4288437504.0,-0.13758616149425507
4289374976.0,-0.11612118035554886
4290312448.0,-0.09231562912464142
4291249920.0,-0.06932929158210754
4292187392.0,-0.04600714147090912
4293125120.0,-0.021965391933918
4294062592.0,0.0012362170964479446
4295000064.0,0.02262147143483162
4295937536.0,0.04409226402640343
4296875008.0,0.06453234702348709
4297812480.0,0.08272165060043335
4298749952.0,0.09991208463907242
4299687424.0,0.11451210081577301
4300624896.0,0.1264493614435196
4301562368.0,0.13719956576824188
4302499840.0,0.14582672715187073
4303437312.0,0.14928145706653595
4304374784.0,0.1522519439458847
4305312256.0,0.1512223184108734
4306250240.0,0.14757131040096283
4307187712.0,0.14116862416267395
4308125184.0,0.1305849254131317
4309062656.0,0.1188059076666832
4310000128.0,0.10315663367509842
4310937600.0,0.08555546402931213
4311875072.0,0.06596323847770691
4312812544.0,0.042481083422899246
4313750016.0,0.018185868859291077
4314687488.0,-0.008496369235217571
4315624960.0,-0.03589509055018425
4316562432.0,-0.06507467478513718
4317499904.0,-0.0939890444278717
4318437376.0,-0.12503357231616974
4319374848.0,-0.15414190292358398
4320312320.0,-0.18504132330417633
4321249792.0,-0.21401473879814148
4322187264.0,-0.24242758750915527
4323125248.0,-0.26854047179222107
4324062720.0,-0.29364654421806335
4325000192.0,-0.31693902611732483
4325937664.0,-0.3373795747756958
4326875136.0,-0.36886709928512573
4327812608.0,-0.3626459240913391
4328750080.0,-0.3554967939853668
4329687552.0,-0.34734460711479187
4330625024.0,-0.3388125002384186
4331562496.0,-0.3308592736721039
4332499968.0,-0.3208911120891571
4333437440.0,-0.3116869330406189
4334374912.0,-0.3020882308483124
4335312384.0,-0.29393377900123596
4336249856.0,-0.2851569950580597
4337187328.0,-0.2775730788707733
4338124800.0,-0.2710370421409607
4339062272.0,-0.2648354768753052
4339999744.0,-0.25907570123672485
4340937728.0,-0.2534339427947998
4341875200.0,-0.24799594283103943
4342812672.0,-0.24247625470161438
4343750144.0,-0.2370741367340088
4344687616.0,-0.230879008769989
4345625088.0,-0.22398075461387634
4346562560.0,-0.2169966846704483
4347500032.0,-0.2091313749551773
4348437504.0,-0.20082251727581024
4349374976.0,-0.191884383559227
4350312448.0,-0.18227770924568176
4351249920.0,-0.16925756633281708
4352187392.0,-0.15654312074184418
4353124864.0,-0.14210891723632812
4354062336.0,-0.12598077952861786
4354999808.0,-0.10955793410539627
4355937280.0,-0.09233002364635468
4356874752.0,-0.07552257925271988
4357812736.0,-0.06008494272828102
4358750208.0,-0.0460151806473732
4359687680.0,-0.03365212306380272
4360625152.0,-0.027425002306699753
4361562624.0,-0.022420646622776985
4362500096.0,-0.018801461905241013
4363437568.0,-0.018172653391957283
4364375040.0,-0.01643403246998787
4365312512.0,-0.01663803681731224
4366249984.0,-0.016763845458626747
4367187456.0,-0.01828613318502903
4368124928.0,-0.01930925063788891
4369062400.0,-0.021326318383216858
4369999872.0,-0.0246586874127388
4370937344.0,-0.026112854480743408
4371874816.0,-0.03001740388572216
4372812288.0,-0.03355307877063751
4373749760.0,-0.03954083099961281
4374687744.0,-0.04674585536122322
4375625216.0,-0.05586430802941322
4376562688.0,-0.0664718821644783
4377500160.0,-0.07883919030427933
4378437632.0,-0.092373326420784
4379375104.0,-0.10872939229011536
4380312576.0,-0.12624675035476685
4381250048.0,-0.14679594337940216
4382187520.0,-0.16768401861190796
4383124992.0,-0.1908898800611496
4384062464.0,-0.21386659145355225
4384999936.0,-0.2379065901041031
4385937408.0,-0.2617041766643524
4386874880.0,-0.353794127702713
4387812352.0,-0.36852872371673584
4388749824.0,-0.38232845067977905
4389687296.0,-0.3933354318141937
4390624768.0,-0.40113329887390137
4391562752.0,-0.40601369738578796
4392500224.0,-0.40917813777923584
4393437696.0,-0.40682902932167053
4394375168.0,-0.4020981192588806
4395312640.0,-0.3941400349140167
4396250112.0,-0.3818987309932709
4397187584.0,-0.3673548996448517
4398125056.0,-0.3496665358543396
4399062528.0,-0.3286776542663574
4400000000.0,-0.30483609437942505
4400937472.0,-0.2790704667568207
4401874944.0,-0.2507079541683197
4402812416.0,-0.22111685574054718
4403749888.0,-0.1906345784664154
4404687360.0,-0.15895891189575195
4405624832.0,-0.12625104188919067
4406562304.0,-0.09517841786146164
4407499776.0,-0.06292988359928131
4408437248.0,-0.032112378627061844
4409375232.0,-0.002096710726618767
4410312704.0,0.02578849345445633
4411250176.0,0.052645351737737656
4412187648.0,0.07665956020355225
4413125120.0,0.09913948178291321
4414062592.0,0.1181120052933693
4415000064.0,0.13499724864959717
4415937536.0,0.14853759109973907
4416875008.0,0.1588355302810669
4417812480.0,0.16562554240226746
4418749952.0,0.16926123201847076
4419687424.0,0.1688295304775238
4420624896.0,0.1650943011045456
4421562368.0,0.15913084149360657
4422499840.0,0.14860749244689941
4423437312.0,0.1356257051229477
4424374784.0,0.12015123665332794
4425312256.0,0.10248856246471405
4426250240.0,0.08161525428295135
4427187712.0,0.05969458073377609
4428125184.0,0.03458118066191673
4429062656.0,0.00911409966647625
4430000128.0,-0.01589222438633442
4430937600.0,-0.04356272891163826
4431875072.0,-0.07026609778404236
4432812544.0,-0.09646337479352951
4433750016.0,-0.1230696365237236
4434687488.0,-0.1478402316570282
4435624960.0,-0.17117753624916077
4436562432.0,-0.1928432136774063
4437499904.0,-0.21262547373771667
4438437376.0,-0.23036780953407288
4439374848.0,-0.2446223646402359
4440312320.0,-0.2597827911376953
4441249792.0,-0.26937851309776306
4442187264.0,-0.2772521376609802
4443125248.0,-0.28234514594078064
4444062720.0,-0.285258024930954
4445000192.0,-0.2870330512523651
4445937664.0,-0.2865842878818512
4446875136.0,-0.23019185662269592
4447812608.0,-0.2344764918088913
4448750080.0,-0.2365799844264984
4449687552.0,-0.23503534495830536
4450625024.0,-0.23165474832057953
4451562496.0,-0.22558534145355225
4452499968.0,-0.21649836003780365
4453437440.0,-0.20536254346370697
4454374912.0,-0.19161687791347504
4455312384.0,-0.1753537505865097
4456249856.0,-0.15741996467113495
4457187328.0,-0.137295663356781
4458124800.0,-0.11640562117099762
4459062272.0,-0.09405238926410675
4460000256.0,-0.07354363799095154
4460937728.0,-0.049791257828474045
4461875200.0,-0.028872407972812653
4462812672.0,-0.007834210991859436
4463750144.0,0.012031535618007183
4464687616.0,0.03008054755628109
4465625088.0,0.046182844787836075
4466562560.0,0.06086122244596481
4467500032.0,0.07251740992069244
4468437504.0,0.08400802314281464
4469374976.0,0.09055647999048233
4470312448.0,0.09402213245630264
4471249920.0,0.09515543282032013
4472187392.0,0.09406768530607224
4473124864.0,0.08940143883228302
4474062336.0,0.0825313925743103
4474999808.0,0.07241301238536835
4475937280.0,0.05903031677007675
4476874752.0,0.04384710639715195
4477812736.0,0.025366775691509247
4478750208.0,0.0056526693515479565
4479687680.0,-0.017431993037462234
4480625152.0,-0.04086977243423462
4481562624.0,-0.06741943210363388
4482500096.0,-0.09307742863893509
4483437568.0,-0.12147419154644012
4484375040.0,-0.14977334439754486
4485312512.0,-0.1780347228050232
4486249984.0,-0.20679600536823273
4487187456.0,-0.2353389710187912
4488124928.0,-0.2612786889076233
4489062400.0,-0.28659266233444214
4489999872.0,-0.3105033338069916
4490937344.0,-0.33327409625053406
4491874816.0,-0.35337570309638977
4492812288.0,-0.3716389834880829
4493749760.0,-0.3866267502307892
4494687744.0,-0.40070825815200806
4495625216.0,-0.41125401854515076
4496562688.0,-0.41990792751312256
4497500160.0,-0.4253135919570923
4498437632.0,-0.43137651681900024
4499375104.0,-0.43253788352012634
4500312576.0,-0.4342080056667328
4501250048.0,-0.4345499873161316
4502187520.0,-0.43235090374946594
4503124992.0,-0.4290930926799774
4504062464.0,-0.4255460202693939
4504999936.0,-0.42045721411705017
4505937408.0,-0.41568487882614136
4506874880.0,-0.29475900530815125
4507812352.0,-0.2926004230976105
4508749824.0,-0.29006558656692505
4509687296.0,-0.28890272974967957
4510624768.0,-0.28754541277885437
4511562752.0,-0.2863990366458893
4512500224.0,-0.2877815365791321
4513437696.0,-0.28956934809684753
4514375168.0,-0.2920348048210144
4515312640.0,-0.29605939984321594
4516250112.0,-0.3003416657447815
4517187584.0,-0.30579155683517456
4518125056.0,-0.31186625361442566
4519062528.0,-0.31924524903297424
4520000000.0,-0.3273759186267853
4520937472.0,-0.33575090765953064
4521874944.0,-0.3444391191005707
4522812416.0,-0.3542533218860626
4523749888.0,-0.36279720067977905
4524687360.0,-0.3729313015937805
4525624832.0,-0.3818284571170807
4526562304.0,-0.39074769616127014
4527499776.0,-0.4002026617527008
4528437248.0,-0.4095763862133026
4529375232.0,-0.4192395508289337
4530312704.0,-0.4271553158760071
4531250176.0,-0.43511509895324707
4532187648.0,-0.4426400363445282
4533125120.0,-0.44972437620162964
4534062592.0,-0.45664212107658386
4535000064.0,-0.46176135540008545
4535937536.0,-0.4667561650276184
4536875008.0,-0.4708496630191803
4537812480.0,-0.47416287660598755
4538749952.0,-0.47652527689933777
4539687424.0,-0.47732505202293396
4540624896.0,-0.4791637063026428
4541562368.0,-0.4790773391723633
4542499840.0,-0.4789563715457916
4543437312.0,-0.47894877195358276
4544374784.0,-0.47707727551460266
4545312256.0,-0.4763544201850891
4546250240.0,-0.47537168860435486
4547187712.0,-0.4725554287433624
4548125184.0,-0.46985650062561035
4549062656.0,-0.46754559874534607
4550000128.0,-0.4640335738658905
4550937600.0,-0.46100184321403503
4551875072.0,-0.459322065114975
4552812544.0,-0.4567919075489044
4553750016.0,-0.45437178015708923
4554687488.0,-0.4516777992248535
4555624960.0,-0.44979846477508545
4556562432.0,-0.44766753911972046
4557499904.0,-0.4448181390762329
4558437376.0,-0.4435040354728699
4559374848.0,-0.4424010217189789
4560312320.0,-0.4415503144264221
4561249792.0,-0.439523845911026
4562187264.0,-0.43756139278411865
4563125248.0,-0.436828076839447
4564062720.0,-0.43425458669662476
4565000192.0,-0.43257638812065125
4565937664.0,-0.4304395616054535
4566875136.0,-0.3853904604911804
4567812608.0,-0.39185574650764465
4568750080.0,-0.3956807851791382
4569687552.0,-0.39804914593696594
4570625024.0,-0.3995920419692993
4571562496.0,-0.39875346422195435
4572499968.0,-0.39476659893989563
4573437440.0,-0.39018723368644714
4574374912.0,-0.38117119669914246
4575312384.0,-0.37134024500846863
4576249856.0,-0.35953977704048157
4577187328.0,-0.346645325422287
4578124800.0,-0.33008185029029846
4579062272.0,-0.31259262561798096
4579999744.0,-0.2936613857746124
4580937728.0,-0.27413278818130493
4581875200.0,-0.25264012813568115
4582812672.0,-0.2308356612920761
4583750144.0,-0.2073548287153244
4584687616.0,-0.1839943379163742
4585625088.0,-0.16020146012306213
4586562560.0,-0.13863588869571686
4587500032.0,-0.11644306033849716
4588437504.0,-0.09604141861200333
4589374976.0,-0.07642841339111328
4590312448.0,-0.05869334563612938
4591249920.0,-0.042154062539339066
4592187392.0,-0.027862703427672386
4593124864.0,-0.014618278481066227
4594062336.0,-0.004149206914007664
4594999808.0,0.003668979275971651
4595937280.0,0.008800631389021873
4596874752.0,0.01191962230950594
4597812736.0,0.01214149035513401
4598750208.0,0.009795047342777252
4599687680.0,0.003821589983999729
4600625152.0,-0.00461922399699688
4601562624.0,-0.014683913439512253
4602500096.0,-0.02795899100601673
4603437568.0,-0.04190044477581978
4604375040.0,-0.05875392258167267
4605312512.0,-0.07747314125299454
4606249984.0,-0.09911589324474335
4607187456.0,-0.12196984142065048
4608124928.0,-0.14458736777305603
4609062400.0,-0.16821549832820892
4609999872.0,-0.19291365146636963
4610937344.0,-0.21582657098770142
4611874816.0,-0.2384326010942459
4612812288.0,-0.2610835134983063
4613749760.0,-0.2822331190109253
4614687744.0,-0.30287599563598633
4615625216.0,-0.32212239503860474
4616562688.0,-0.340451717376709
4617500160.0,-0.35783544182777405
4618437632.0,-0.37380334734916687
4619375104.0,-0.38720235228538513
4620312576.0,-0.4013867676258087
4621250048.0,-0.41352126002311707
4622187520.0,-0.4246056079864502
4623124992.0,-0.4360401928424835
4624062464.0,-0.4444946050643921
4624999936.0,-0.45338112115859985
4625937408.0,-0.46154406666755676
4626874880.0,-0.4735530614852905
4627812352.0,-0.4680466651916504
4628749824.0,-0.4612354338169098
4629687296.0,-0.4527058005332947
4630624768.0,-0.4443974792957306
4631562752.0,-0.4351336658000946
4632500224.0,-0.4250151813030243
4633437696.0,-0.41475987434387207
4634375168.0,-0.40507757663726807
4635312640.0,-0.3952818214893341
4636250112.0,-0.38417747616767883
4637187584.0,-0.375060111284256
4638125056.0,-0.3662037253379822
4639062528.0,-0.35822150111198425
4640000000.0,-0.3503238260746002
4640937472.0,-0.3438088893890381
4641874944.0,-0.3376159369945526
4642812416.0,-0.3311343491077423
4643749888.0,-0.32677966356277466
4644687360.0,-0.3231738209724426
4645624832.0,-0.3206396698951721
4646562304.0,-0.31902268528938293
4647499776.0,-0.31978800892829895
4648437248.0,-0.3208595812320709
4649375232.0,-0.3239278197288513
4650312704.0,-0.3272014558315277
4651250176.0,-0.33240681886672974
4652187648.0,-0.3379729688167572
4653125120.0,-0.34466496109962463
4654062592.0,-0.35133233666419983
4655000064.0,-0.35882988572120667
4655937536.0,-0.36779266595840454
4656875008.0,-0.37731504440307617
4657812480.0,-0.3871496319770813
4658749952.0,-0.3986218571662903
4659687424.0,-0.4100491404533386
4660624896.0,-0.42306292057037354
4661562368.0,-0.43584853410720825
4662499840.0,-0.45025745034217834
4663437312.0,-0.46257805824279785
4664374784.0,-0.4763455092906952
4665312256.0,-0.49128100275993347
4666250240.0,-0.5053291916847229
4667187712.0,-0.5199917554855347
4668125184.0,-0.535013735294342
4669062656.0,-0.5507448315620422
4670000128.0,-0.5655153393745422
4670937600.0,-0.5800215601921082
4671875072.0,-0.5956671237945557
4672812544.0,-0.6096418499946594
4673750016.0,-0.623051106929779
4674687488.0,-0.6354801058769226
4675624960.0,-0.6482299566268921
4676562432.0,-0.6611968278884888
4677499904.0,-0.6701042056083679
4678437376.0,-0.6805462837219238
4679374848.0,-0.6904347538948059
4680312320.0,-0.6980381011962891
4681249792.0,-0.7045018672943115
4682187264.0,-0.7095166444778442
4683125248.0,-0.7143909335136414
4684062720.0,-0.7164347767829895
4685000192.0,-0.7174884676933289
4685937664.0,-0.7157623171806335
4686875136.0,-0.6934633851051331
4687812608.0,-0.6930677890777588
4688750080.0,-0.688583493232727
4689687552.0,-0.682435929775238
4690625024.0,-0.6732218265533447
4691562496.0,-0.6619971394538879
4692499968.0,-0.6479508876800537
4693437440.0,-0.6316961050033569
4694374912.0,-0.6132981181144714
4695312384.0,-0.5938303470611572
4696249856.0,-0.5725675225257874
4697187328.0,-0.549917459487915
4698124800.0,-0.5269683003425598
4699062272.0,-0.5034650564193726
4700000256.0,-0.48060423135757446
4700937728.0,-0.45865222811698914
4701875200.0,-0.4377038776874542
4702812672.0,-0.4183672070503235
4703750144.0,-0.4011700451374054
4704687616.0,-0.38593119382858276
4705625088.0,-0.3746577799320221
4706562560.0,-0.36573150753974915
4707500032.0,-0.36145177483558655
4708437504.0,-0.3614170253276825
4709374976.0,-0.3651968240737915
4710312448.0,-0.3729521930217743
4711249920.0,-0.3864993453025818
4712187392.0,-0.4045276939868927
4713124864.0,-0.4274406433105469
4714062336.0,-0.45518234372138977
4714999808.0,-0.4869389533996582
4715937280.0,-0.5232592821121216
4716874752.0,-0.5635637044906616
4717812736.0,-0.6064091920852661
4718750208.0,-0.6535954475402832
4719687680.0,-0.7012747526168823
4720625152.0,-0.7508890628814697
4721562624.0,-0.8003524541854858
4722500096.0,-0.8488235473632812
4723437568.0,-0.8977847099304199
4724375040.0,-0.943327009677887
4725312512.0,-0.9865435361862183
4726249984.0,-1.0263679027557373
4727187456.0,-1.061183214187622
4728124928.0,-1.0916893482208252
4729062400.0,-1.1179752349853516
4729999872.0,-1.1400178670883179
4730937344.0,-1.1572412252426147
4731874816.0,-1.17160964012146
4732812288.0,-1.1812262535095215
4733749760.0,-1.18650221824646
4734687744.0,-1.1891868114471436
4735625216.0,-1.1875025033950806
4736562688.0,-1.1829414367675781
4737500160.0,-1.1760358810424805
4738437632.0,-1.1669397354125977
4739375104.0,-1.1560156345367432
4740312576.0,-1.144170880317688
4741250048.0,-1.1303752660751343
4742187520.0,-1.1159608364105225
4743124992.0,-1.1024699211120605
4744062464.0,-1.0871281623840332
4744999936.0,-1.0731886625289917
4745937408.0,-1.057787299156189
4746874880.0,-0.8167334794998169
4747812352.0,-0.8231126666069031
4748749824.0,-0.8285546898841858
4749687296.0,-0.8335170149803162
4750624768.0,-0.8394662141799927
4751562752.0,-0.8451634049415588
4752500224.0,-0.8498462438583374
4753437696.0,-0.8547219634056091
4754375168.0,-0.8593000769615173
4755312640.0,-0.8622498512268066
4756250112.0,-0.8645356297492981
4757187584.0,-0.866572380065918
4758125056.0,-0.8675695657730103
4759062528.0,-0.86741703748703
4760000000.0,-0.8674464821815491
4760937472.0,-0.8667479157447815
4761874944.0,-0.8647559881210327
4762812416.0,-0.8622703552246094
4763749888.0,-0.859698474407196
4764687360.0,-0.8556923270225525
4765624832.0,-0.8516753315925598
4766562304.0,-0.8482069373130798
4767499776.0,-0.8426443934440613
4768437248.0,-0.8382673859596252
4769375232.0,-0.8331248164176941
4770312704.0,-0.8276707530021667
4771250176.0,-0.8232787251472473
4772187648.0,-0.818626880645752
4773125120.0,-0.8152397274971008
4774062592.0,-0.8125585913658142
4775000064.0,-0.8119043707847595
4775937536.0,-0.8123453259468079
4776875008.0,-0.8133504390716553
4777812480.0,-0.8168466091156006
4778749952.0,-0.8217694759368896
4779687424.0,-0.8277532458305359
4780624896.0,-0.8368468284606934
4781562368.0,-0.8456388115882874
4782499840.0,-0.8557436466217041
4783437312.0,-0.8697622418403625
4784374784.0,-0.8857622742652893
4785312256.0,-0.9026616215705872
4786250240.0,-0.9206231832504272
4787187712.0,-0.9410078525543213
4788125184.0,-0.9628517627716064
4789062656.0,-0.9865964651107788
4790000128.0,-1.0110522508621216
4790937600.0,-1.037479281425476
4791875072.0,-1.0650604963302612
4792812544.0,-1.0916907787322998
4793750016.0,-1.1198359727859497
4794687488.0,-1.1486830711364746
4795624960.0,-1.1758935451507568
4796562432.0,-1.2037322521209717
4797499904.0,-1.2301921844482422
4798437376.0,-1.2552847862243652
4799374848.0,-1.2795530557632446
4800312320.0,-1.3020092248916626
4801249792.0,-1.3227248191833496
4802187264.0,-1.340524435043335
4803125248.0,-1.3556358814239502
4804062720.0,-1.367958664894104
4805000192.0,-1.3800060749053955
4805937664.0,-1.387576699256897
4806875136.0,-1.2420672178268433
4807812608.0,-1.2452971935272217
4808750080.0,-1.2471404075622559
4809687552.0,-1.2479431629180908
4810625024.0,-1.2469505071640015
4811562496.0,-1.2446789741516113
4812499968.0,-1.2418065071105957
4813437440.0,-1.2379424571990967
4814374912.0,-1.232253074645996
4815312384.0,-1.2272173166275024
4816249856.0,-1.2202333211898804
4817187328.0,-1.2145159244537354
4818124800.0,-1.2074440717697144
4819062272.0,-1.201192855834961
4819999744.0,-1.1957403421401978
4820937728.0,-1.1896787881851196
4821875200.0,-1.1851240396499634
4822812672.0,-1.181419014930725
4823750144.0,-1.178934931755066
4824687616.0,-1.1777430772781372
4825625088.0,-1.1783818006515503
4826562560.0,-1.1797168254852295
4827500032.0,-1.1828047037124634
4828437504.0,-1.1897456645965576
4829374976.0,-1.1974437236785889
4830312448.0,-1.208479642868042
4831249920.0,-1.219678521156311
4832187392.0,-1.2333447933197021
4833124864.0,-1.2489653825759888
4834062336.0,-1.266701579093933
4834999808.0,-1.2848224639892578
4835937280.0,-1.3043464422225952
4836874752.0,-1.3246245384216309
4837812736.0,-1.3454164266586304
4838750208.0,-1.3670672178268433
4839687680.0,-1.3885926008224487
4840625152.0,-1.4106605052947998
4841562624.0,-1.432573914527893
4842500096.0,-1.4541451930999756
4843437568.0,-1.4749829769134521
4844375040.0,-1.494250774383545
4845312512.0,-1.5133323669433594
4846249984.0,-1.5307044982910156
4847187456.0,-1.5471194982528687
4848124928.0,-1.5627228021621704
4849062400.0,-1.5778144598007202
4849999872.0,-1.5902045965194702
4850937344.0,-1.6017659902572632
4851874816.0,-1.6114386320114136
4852812288.0,-1.6199392080307007
4853749760.0,-1.6279596090316772
4854687744.0,-1.6349561214447021
4855625216.0,-1.6401658058166504
4856562688.0,-1.645535945892334
4857500160.0,-1.6498007774353027
4858437632.0,-1.6530874967575073
4859375104.0,-1.6565219163894653
4860312576.0,-1.6593904495239258
4861250048.0,-1.6633442640304565
4862187520.0,-1.6660000085830688
4863124992.0,-1.6701029539108276
4864062464.0,-1.6736102104187012
4864999936.0,-1.6769225597381592
4865937408.0,-1.6810152530670166
4866874880.0,-1.6628727912902832
4867812352.0,-1.6690922975540161
4868749824.0,-1.6741009950637817
4869687296.0,-1.6794546842575073
4870624768.0,-1.683763027191162
4871562752.0,-1.6886106729507446
4872500224.0,-1.6929435729980469
4873437696.0,-1.6986273527145386
4874375168.0,-1.703370213508606
4875312640.0,-1.710606336593628
4876250112.0,-1.7198599576950073
4877187584.0,-1.7289668321609497
4878125056.0,-1.7409034967422485
4879062528.0,-1.7518138885498047
4880000000.0,-1.7633806467056274
4880937472.0,-1.7763371467590332
4881874944.0,-1.7883915901184082
4882812416.0,-1.799748182296753
4883749888.0,-1.8121402263641357
4884687360.0,-1.8244136571884155
4885624832.0,-1.8353604078292847
4886562304.0,-1.8453574180603027
4887499776.0,-1.855127215385437
4888437248.0,-1.8632158041000366
4889375232.0,-1.8693256378173828
4890312704.0,-1.8744945526123047
4891250176.0,-1.8759256601333618
4892187648.0,-1.8767536878585815
4893125120.0,-1.8739668130874634
4894062592.0,-1.868636131286621
4895000064.0,-1.8591443300247192
4895937536.0,-1.8475302457809448
4896875008.0,-1.8347193002700806
4897812480.0,-1.818868637084961
4898749952.0,-1.8008226156234741
4899687424.0,-1.7817310094833374
4900624896.0,-1.758867621421814
4901562368.0,-1.7358756065368652
4902499840.0,-1.7121866941452026
4903437312.0,-1.6856740713119507
4904374784.0,-1.6586883068084717
4905312256.0,-1.6318881511688232
4906250240.0,-1.6052024364471436
4907187712.0,-1.5793477296829224
4908125184.0,-1.5529215335845947
4909062656.0,-1.5283360481262207
4910000128.0,-1.5048413276672363
4910937600.0,-1.4824566841125488
4911875072.0,-1.4605921506881714
4912812544.0,-1.4410942792892456
4913750016.0,-1.4234907627105713
4914687488.0,-1.4097660779953003
4915624960.0,-1.397639513015747
4916562432.0,-1.3881586790084839
4917499904.0,-1.3798843622207642
4918437376.0,-1.3756027221679688
4919374848.0,-1.3722193241119385
4920312320.0,-1.3723649978637695
4921249792.0,-1.3732867240905762
4922187264.0,-1.3217825889587402
4923125248.0,-1.3098063468933105
4924062720.0,-1.2994863986968994
4925000192.0,-1.29088294506073
4925937664.0,-1.3985830545425415
4926875136.0,-1.4050291776657104
4927812608.0,-1.4100092649459839
4928750080.0,-1.4161301851272583
4929687552.0,-1.4204418659210205
4930625024.0,-1.42348313331604
4931562496.0,-1.423905611038208
4932499968.0,-1.422271966934204
4933437440.0,-1.4192863702774048
4934374912.0,-1.4131133556365967
4935312384.0,-1.4048548936843872
4936249856.0,-1.3940566778182983
4937187328.0,-1.3812114000320435
4938124800.0,-1.3652522563934326
4939062272.0,-1.3472058773040771
4940000256.0,-1.328237771987915
4940937728.0,-1.3068883419036865
4941875200.0,-1.2846976518630981
4942812672.0,-1.2612626552581787
4943750144.0,-1.236445426940918
4944687616.0,-1.21286940574646
4945625088.0,-1.189682960510254
4946562560.0,-1.1669921875
4947500032.0,-1.14547860622406
4948437504.0,-1.12552011013031
4949374976.0,-1.1075010299682617
4950312448.0,-1.0923211574554443
4951249920.0,-1.0774956941604614
4952187392.0,-1.065965175628662
4953124864.0,-1.0562459230422974
4954062336.0,-1.048346996307373
4954999808.0,-1.04275643825531
4955937280.0,-1.0383009910583496
4956874752.0,-1.0350022315979004
4957812736.0,-1.033812165260315
4958750208.0,-1.0318808555603027
4959687680.0,-1.0304113626480103
4960625152.0,-1.0285329818725586
4961562624.0,-1.0260052680969238
4962500096.0,-1.022827386856079
4963437568.0,-1.0189229249954224
4964375040.0,-1.0143648386001587
4965312512.0,-1.0080243349075317
4966249984.0,-1.0005264282226562
4967187456.0,-0.9924971461296082
4968124928.0,-0.9839100241661072
4969062400.0,-0.9752481579780579
4969999872.0,-0.9661591053009033
4970937344.0,-0.9558309316635132
4971874816.0,-0.9454469680786133
4972812288.0,-0.9347516894340515
4973749760.0,-0.9245933294296265
4974687744.0,-0.915076732635498
4975625216.0,-0.9067752957344055
4976562688.0,-0.8976258635520935
4977500160.0,-0.8901661038398743
4978437632.0,-0.8825826644897461
4979375104.0,-0.8749276399612427
4980312576.0,-0.8675895929336548
4981250048.0,-0.8596399426460266
4982187520.0,-0.8513270616531372
4983124992.0,-0.8425150513648987
4984062464.0,-0.8343866467475891
4984999936.0,-0.8250041604042053
4985937408.0,-0.8054240942001343
4986874880.0,-0.7961578965187073
4987812352.0,-0.7878175973892212
4988749824.0,-0.7813198566436768
4989687296.0,-0.7739229798316956
4990624768.0,-0.7697429656982422
4991562752.0,-0.7659801244735718
4992500224.0,-0.7637569904327393
4993437696.0,-0.7647237777709961
4994375168.0,-0.7660725712776184
4995312640.0,-0.7682276964187622
4996250112.0,-0.7717878818511963
4997187584.0,-0.7752376198768616
4998125056.0,-0.7810423374176025
4999062528.0,-0.7891123294830322
5000000000.0,-0.7959863543510437
5000937472.0,-0.8045817613601685
5001874944.0,-0.8125354051589966
5002812416.0,-0.8208649754524231
5003749888.0,-0.8295682072639465
5004687360.0,-0.8370374441146851
5005624832.0,-0.8433229327201843
5006562304.0,-0.8497004508972168
5007499776.0,-0.8536139726638794
5008437248.0,-0.8565460443496704
5009375232.0,-0.856558620929718
5010312704.0,-0.8549193143844604
5011250176.0,-0.8518723249435425
5012187648.0,-0.8459582328796387
5013125120.0,-0.838059663772583
5014062592.0,-0.8263677358627319
5015000064.0,-0.8123255968093872
5015937536.0,-0.7961636781692505
5016875008.0,-0.7774232625961304
5017812480.0,-0.7557200193405151
5018749952.0,-0.731751561164856
5019687424.0,-0.7072594165802002
5020624896.0,-0.6801953315734863
5021562368.0,-0.6515852808952332
5022499840.0,-0.6203067302703857
5023437312.0,-0.5894526839256287
5024374784.0,-0.5576505661010742
5025312256.0,-0.5276731848716736
5026250240.0,-0.49491772055625916
5027187712.0,-0.4646109938621521
5028125184.0,-0.4347451329231262
5029062656.0,-0.40713539719581604
5030000128.0,-0.3799675405025482
5030937600.0,-0.35526207089424133
5031875072.0,-0.33282122015953064
5032812544.0,-0.31289637088775635
5033750016.0,-0.29562118649482727
5034687488.0,-0.28171661496162415
5035624960.0,-0.26930832862854004
5036562432.0,-0.26240313053131104
5037499904.0,-0.257534384727478
5038437376.0,-0.2560161352157593
5039374848.0,-0.2574588358402252
5040312320.0,-0.2623566687107086
5041249792.0,-0.26871562004089355
5042187264.0,-0.2793872654438019
5043125248.0,-0.2928057909011841
5044062720.0,-0.3069325387477875
5045000192.0,-0.32515251636505127
5045937664.0,-0.5922864675521851
5046875136.0,-0.6013581156730652
5047812608.0,-0.6105057001113892
5048750080.0,-0.619188129901886
5049687552.0,-0.6285346150398254
5050625024.0,-0.636960506439209
5051562496.0,-0.6447775363922119
5052499968.0,-0.6544452905654907
5053437440.0,-0.6627318263053894
5054374912.0,-0.6703667044639587
5055312384.0,-0.6780462265014648
5056249856.0,-0.6853455305099487
5057187328.0,-0.6917193531990051
5058124800.0,-0.6960498094558716
5059062272.0,-0.7004425525665283
5059999744.0,-0.7036899328231812
5060937728.0,-0.7061557173728943
5061875200.0,-0.7058094143867493
5062812672.0,-0.7048999071121216
5063750144.0,-0.7013514637947083
5064687616.0,-0.6971391439437866
5065625088.0,-0.6905414462089539
5066562560.0,-0.6822378635406494
5067500032.0,-0.6706798672676086
5068437504.0,-0.6583840250968933
5069374976.0,-0.6441313624382019
5070312448.0,-0.6273625493049622
5071249920.0,-0.6092000603675842
5072187392.0,-0.5899150371551514
5073124864.0,-0.5696175694465637
5074062336.0,-0.5473308563232422
5074999808.0,-0.5244655013084412
5075937280.0,-0.4997694492340088
5076874752.0,-0.47429803013801575
5077812736.0,-0.45021623373031616
5078750208.0,-0.4249608814716339
5079687680.0,-0.4004218578338623
5080625152.0,-0.37602993845939636
5081562624.0,-0.35204946994781494
5082500096.0,-0.3291689455509186
5083437568.0,-0.3075707256793976
5084375040.0,-0.28780093789100647
5085312512.0,-0.26901775598526
5086249984.0,-0.2530266344547272
5087187456.0,-0.238467738032341
5088124928.0,-0.2271178513765335
5089062400.0,-0.21773415803909302
5089999872.0,-0.2109440118074417
5090937344.0,-0.2066517472267151
5091874816.0,-0.20532888174057007
5092812288.0,-0.20520134270191193
5093749760.0,-0.20922333002090454
5094687744.0,-0.2147204428911209
5095625216.0,-0.22308625280857086
5096562688.0,-0.23453904688358307
5097500160.0,-0.24714769423007965
5098437632.0,-0.2622847259044647
5099375104.0,-0.280011922121048
5100312576.0,-0.300394207239151
5101250048.0,-0.32145610451698303
5102187520.0,-0.34354692697525024
5103124992.0,-0.3683568239212036
5104062464.0,-0.3929175138473511
5104999936.0,-0.4185643494129181
5105937408.0,-0.5147696733474731
5106874880.0,-0.5322563052177429
5107812352.0,-0.5489999055862427
5108749824.0,-0.5660215020179749
5109687296.0,-0.5789638161659241
5110624768.0,-0.5905794501304626
5111562752.0,-0.5982270240783691
5112500224.0,-0.6058490872383118
5113437696.0,-0.610109806060791
5114375168.0,-0.6114219427108765
5115312640.0,-0.6117995977401733
5116250112.0,-0.6108794808387756
5117187584.0,-0.6091475486755371
5118125056.0,-0.6050300002098083
5119062528.0,-0.6001984477043152
5120000000.0,-0.5941404104232788
5120937472.0,-0.5875473022460938
5121874944.0,-0.5803160667419434
5122812416.0,-0.5729393362998962
5123749888.0,-0.565115213394165
5124687360.0,-0.557826042175293
5125624832.0,-0.5497215390205383
5126562304.0,-0.5415822267532349
5127499776.0,-0.5328479409217834
5128437248.0,-0.5242725014686584
5129375232.0,-0.5137571692466736
5130312704.0,-0.5034084320068359
5131250176.0,-0.4928226172924042
5132187648.0,-0.4787980020046234
5133125120.0,-0.46571749448776245
5134062592.0,-0.44996318221092224
5135000064.0,-0.4324130713939667
5135937536.0,-0.4156677722930908
5136875008.0,-0.39645951986312866
5137812480.0,-0.37813401222229004
5138749952.0,-0.35952243208885193
5139687424.0,-0.34122511744499207
5140624896.0,-0.32317015528678894
5141562368.0,-0.3062175214290619
5142499840.0,-0.2921527326107025
5143437312.0,-0.27981773018836975
5144374784.0,-0.2728534936904907
5145312256.0,-0.27059927582740784
5146250240.0,-0.2766547203063965
5147187712.0,-0.28868335485458374
5148125184.0,-0.30418848991394043
5149062656.0,-0.3228732943534851
5150000128.0,-0.3428952991962433
5150937600.0,-0.3626334071159363
5151875072.0,-0.38414308428764343
5152812544.0,-0.403909295797348
5153750016.0,-0.4243621826171875
5154687488.0,-0.44233405590057373
5155624960.0,-0.4599009156227112
5156562432.0,-0.47664251923561096
5157499904.0,-0.49166780710220337
5158437376.0,-0.5043785572052002
5159374848.0,-0.515622079372406
5160312320.0,-0.5258287787437439
5161249792.0,-0.5354998111724854
5162187264.0,-0.5433592200279236
5163125248.0,-0.5521252751350403
5164062720.0,-0.5600897073745728
5165000192.0,-0.568830668926239
5165937664.0,-0.574799120426178
5166875136.0,-0.589938223361969
5167812608.0,-0.6051607728004456
5168750080.0,-0.6221444010734558
5169687552.0,-0.639209508895874
5170625024.0,-0.656078577041626
5171562496.0,-0.6717192530632019
5172499968.0,-0.6886034607887268
5173437440.0,-0.704866349697113
5174374912.0,-0.7196238040924072
5175312384.0,-0.7328824400901794
5176249856.0,-0.7448049187660217
5177187328.0,-0.7571443915367126
5178124800.0,-0.7656856179237366
5179062272.0,-0.772666335105896
5180000256.0,-0.7758060693740845
5180937728.0,-0.7779098749160767
5181875200.0,-0.7763332724571228
5182812672.0,-0.7721251249313354
5183750144.0,-0.7648665308952332
5184687616.0,-0.7556975483894348
5185625088.0,-0.7421367764472961
5186562560.0,-0.7261685729026794
5187500032.0,-0.7075645923614502
5188437504.0,-0.6868578195571899
5189374976.0,-0.6643093824386597
5190312448.0,-0.6416736841201782
5191249920.0,-0.6180565357208252
5192187392.0,-0.5936627984046936
5193124864.0,-0.5683086514472961
5194062336.0,-0.5440019369125366
5194999808.0,-0.5196664333343506
5195937280.0,-0.49691763520240784
5196874752.0,-0.4743093252182007
5197812736.0,-0.4524437189102173
5198750208.0,-0.43273794651031494
5199687680.0,-0.41383588314056396
5200625152.0,-0.39832645654678345
5201562624.0,-0.3849232494831085
5202500096.0,-0.3738382160663605
5203437568.0,-0.3649516701698303
5204375040.0,-0.35861411690711975
5205312512.0,-0.3568951487541199
5206249984.0,-0.3563845455646515
5207187456.0,-0.35978883504867554
5208124928.0,-0.36519375443458557
5209062400.0,-0.3738254904747009
5209999872.0,-0.38555198907852173
5210937344.0,-0.39957138895988464
5211874816.0,-0.41570115089416504
5212812288.0,-0.43391308188438416
5213749760.0,-0.45473217964172363
5214687744.0,-0.4777013659477234
5215625216.0,-0.5027008652687073
5216562688.0,-0.528484046459198
5217500160.0,-0.5564723610877991
5218437632.0,-0.5846770405769348
5219375104.0,-0.6131387948989868
5220312576.0,-0.6424392461776733
5221250048.0,-0.6705430150032043
5222187520.0,-0.6986809968948364
5223124992.0,-0.7249220013618469
5224062464.0,-0.7533178329467773
5224999936.0,-0.779449999332428
5225937408.0,-0.8309057354927063
5226874880.0,-0.8556976318359375
5227812352.0,-0.8773748874664307
5228749824.0,-0.8992546200752258
5229687296.0,-0.9173325300216675
5230624768.0,-0.9333133101463318
5231562752.0,-0.9459531307220459
5232500224.0,-0.9579707980155945
5233437696.0,-0.9655814170837402
5234375168.0,-0.9713336825370789
5235312640.0,-0.9741975665092468
5236250112.0,-0.9750275611877441
5237187584.0,-0.9737986922264099
5238125056.0,-0.9710685014724731
5239062528.0,-0.966460108757019
5240000000.0,-0.9580710530281067
5240937472.0,-0.9487305879592896
5241874944.0,-0.9378260374069214
5242812416.0,-0.9255294799804688
5243749888.0,-0.9122260212898254
5244687360.0,-0.898024320602417
5245624832.0,-0.8836092352867126
5246562304.0,-0.8670995831489563
5247499776.0,-0.8519801497459412
5248437248.0,-0.835511326789856
5249375232.0,-0.8205709457397461
5250312704.0,-0.8042745590209961
5251250176.0,-0.7900343537330627
5252187648.0,-0.7755288481712341
5253125120.0,-0.7621796131134033
5254062592.0,-0.7476937174797058
5255000064.0,-0.7355460524559021
5255937536.0,-0.7251871228218079
5256875008.0,-0.7163527011871338
5257812480.0,-0.7100592851638794
5258749952.0,-0.7060338854789734
5259687424.0,-0.7031083106994629
5260624896.0,-0.7019985914230347
5261562368.0,-0.7029226422309875
5262499840.0,-0.7056055068969727
5263437312.0,-0.7103211879730225
5264374784.0,-0.7172862887382507
5265312256.0,-0.7254069447517395
5266250240.0,-0.7367497682571411
5267187712.0,-0.7484521269798279
5268125184.0,-0.7632743716239929
5269062656.0,-0.7804012894630432
5270000128.0,-0.8007290959358215
5270937600.0,-0.8217068314552307
5271875072.0,-0.8461281061172485
5272812544.0,-0.8718916773796082
5273750016.0,-0.8996732831001282
5274687488.0,-0.9308663606643677
5275624960.0,-0.962780237197876
5276562432.0,-0.9965791702270508
5277499904.0,-1.0332858562469482
5278437376.0,-1.069467306137085
5279374848.0,-1.107055902481079
5280312320.0,-1.1452711820602417
5281249792.0,-1.1842058897018433
5282187264.0,-1.2236461639404297
5283125248.0,-1.2627203464508057
5284062720.0,-1.30186128616333
5285000192.0,-1.3409124612808228
5285937664.0,-1.3695659637451172
5286875136.0,-1.4024968147277832
5287812608.0,-1.433587908744812
5288750080.0,-1.4624357223510742
5289687552.0,-1.488775372505188
5290625024.0,-1.5110447406768799
5291562496.0,-1.5324827432632446
5292499968.0,-1.549476146697998
5293437440.0,-1.5651872158050537
5294374912.0,-1.5780631303787231
5295312384.0,-1.5871416330337524
5296249856.0,-1.5923985242843628
5297187328.0,-1.594797968864441
5298124800.0,-1.5947235822677612
5299062272.0,-1.5906975269317627
5299999744.0,-1.584242343902588
5300937728.0,-1.5761326551437378
5301875200.0,-1.5661814212799072
5302812672.0,-1.555140495300293
5303750144.0,-1.5414432287216187
5304687616.0,-1.527488112449646
5305625088.0,-1.5117815732955933
5306562560.0,-1.4966306686401367
5307500032.0,-1.4816381931304932
5308437504.0,-1.464600920677185
5309374976.0,-1.450400471687317
5310312448.0,-1.435327172279358
5311249920.0,-1.422126054763794
5312187392.0,-1.4075907468795776
5313124864.0,-1.3941287994384766
5314062336.0,-1.3821840286254883
5314999808.0,-1.3733174800872803
5315937280.0,-1.3673092126846313
5316874752.0,-1.3609477281570435
5317812736.0,-1.3570969104766846
5318750208.0,-1.3560750484466553
5319687680.0,-1.3573198318481445
5320625152.0,-1.3625560998916626
5321562624.0,-1.3687537908554077
5322500096.0,-1.37820303440094
5323437568.0,-1.3910298347473145
5324375040.0,-1.4066880941390991
5325312512.0,-1.4254891872406006
5326249984.0,-1.4484097957611084
5327187456.0,-1.4737472534179688
5328124928.0,-1.501591444015503
5329062400.0,-1.533229112625122
5329999872.0,-1.5663899183273315
5330937344.0,-1.602244257926941
5331874816.0,-1.6408178806304932
5332812288.0,-1.709107518196106
5333749760.0,-1.7556874752044678
5334687744.0,-1.8049181699752808
5335625216.0,-1.8563313484191895
5336562688.0,-1.9068259000778198
5337500160.0,-1.9595621824264526
5338437632.0,-2.0135514736175537
5339375104.0,-2.0688490867614746
5340312576.0,-2.125540256500244
5341250048.0,-2.1826839447021484
5342187520.0,-2.2392799854278564
5343124992.0,-2.2926361560821533
5344062464.0,-2.3449883460998535
5344999936.0,-2.396646738052368
5345937408.0,-2.3382091522216797
5346874880.0,-2.3693392276763916
5347812352.0,-2.397622585296631
5348749824.0,-2.4249441623687744
5349687296.0,-2.4491147994995117
5350624768.0,-2.4698474407196045
5351562752.0,-2.487656593322754
5352500224.0,-2.501832962036133
5353437696.0,-2.511472225189209
5354375168.0,-2.51830792427063
5355312640.0,-2.520472288131714
5356250112.0,-2.5191924571990967
5357187584.0,-2.512463092803955
5358125056.0,-2.5026872158050537
5359062528.0,-2.48865008354187
5360000000.0,-2.4722516536712646
5360937472.0,-2.45382022857666
5361874944.0,-2.431056261062622
5362812416.0,-2.407893419265747
5363749888.0,-2.382866382598877
5364687360.0,-2.35748553276062
5365624832.0,-2.331111192703247
5366562304.0,-2.3051140308380127
5367499776.0,-2.2785232067108154
5368437248.0,-2.2533512115478516
5369375232.0,-2.227459669113159
5370312704.0,-2.201831340789795
5371250176.0,-2.177255868911743
5372187648.0,-2.153585433959961
5373125120.0,-2.1305453777313232
5374062592.0,-2.1077799797058105
5375000064.0,-2.086684465408325
5375937536.0,-2.0662314891815186
5376875008.0,-2.0470054149627686
5377812480.0,-2.029609441757202
5378749952.0,-2.0129785537719727
5379687424.0,-1.9988733530044556
5380624896.0,-1.9847654104232788
5381562368.0,-1.971970796585083
5382499840.0,-1.960276484489441
5383437312.0,-1.9510475397109985
5384374784.0,-1.9436944723129272
5385312256.0,-1.9371083974838257
5386250240.0,-1.9321359395980835
5387187712.0,-1.9286459684371948
5388125184.0,-1.9262019395828247
5389062656.0,-1.9247815608978271
5390000128.0,-1.9265466928482056
5390937600.0,-1.9294852018356323
5391875072.0,-1.930807113647461
5392812544.0,-1.93442964553833
5393750016.0,-1.9393399953842163
5394687488.0,-1.9430525302886963
5395624960.0,-1.9481921195983887
5396562432.0,-1.953224778175354
5397499904.0,-1.9588366746902466
5398437376.0,-1.9643670320510864
5399374848.0,-1.9696297645568848
5400312320.0,-1.9728001356124878
5401249792.0,-1.9771355390548706
5402187264.0,-1.9801603555679321
5403125248.0,-1.982171893119812
5404062720.0,-1.9827824831008911
5405000192.0,-1.9828145503997803
5405937664.0,-2.1228044033050537
5406875136.0,-2.1227543354034424
5407812608.0,-2.1163244247436523
5408750080.0,-2.1088969707489014
5409687552.0,-2.098656177520752
5410625024.0,-2.0851640701293945
5411562496.0,-2.070833921432495
5412499968.0,-2.0522050857543945
5413437440.0,-2.0332634449005127
5414374912.0,-2.0114221572875977
5415312384.0,-1.9866780042648315
5416249856.0,-1.9597692489624023
5417187328.0,-1.9323177337646484
5418124800.0,-1.9015910625457764
5419062272.0,-1.8708851337432861
5420000256.0,-1.8397090435028076
5420937728.0,-1.8080546855926514
5421875200.0,-1.7760862112045288
5422812672.0,-1.744346261024475
5423750144.0,-1.712051510810852
5424687616.0,-1.6811150312423706
5425625088.0,-1.6518542766571045
5426562560.0,-1.6203982830047607
5427500032.0,-1.5908552408218384
5428437504.0,-1.562277913093567
5429374976.0,-1.5334272384643555
5430312448.0,-1.5078181028366089
5431249920.0,-1.4815622568130493
5432187392.0,-1.4573808908462524
5433124864.0,-1.4347100257873535
5434062336.0,-1.411645770072937
5434999808.0,-1.389463186264038
5435937280.0,-1.3682668209075928
5436874752.0,-1.3493387699127197
5437812736.0,-1.3297513723373413
5438750208.0,-1.313645601272583
5439687680.0,-1.296824336051941
5440625152.0,-1.2830475568771362
5441562624.0,-1.270139455795288
5442500096.0,-1.2593172788619995
5443437568.0,-1.2503329515457153
5444375040.0,-1.2424674034118652
5445312512.0,-1.2370671033859253
5446249984.0,-1.2331527471542358
5447187456.0,-1.2298424243927002
5448124928.0,-1.2288132905960083
5449062400.0,-1.2296488285064697
5449999872.0,-1.2318507432937622
5450937344.0,-1.2353087663650513
5451874816.0,-1.2399266958236694
5452812288.0,-1.2460604906082153
5453749760.0,-1.2524257898330688
5454687744.0,-1.2612022161483765
5455625216.0,-1.2707723379135132
5456562688.0,-1.2811691761016846
5457500160.0,-1.2917745113372803
5458437632.0,-1.302194595336914
5459375104.0,-1.3129559755325317
5460312576.0,-1.3240654468536377
5461250048.0,-1.3339983224868774
5462187520.0,-1.3433308601379395
5463124992.0,-1.3511526584625244
5464062464.0,-1.357468843460083
5464999936.0,-1.3631316423416138
5465937408.0,-1.3705713748931885
5466874880.0,-1.371058464050293
5467812352.0,-1.3688454627990723
5468749824.0,-1.3641157150268555
5469687296.0,-1.3582777976989746
5470624768.0,-1.3495367765426636
5471562752.0,-1.3392510414123535
5472500224.0,-1.3255615234375
5473437696.0,-1.3103724718093872
5474375168.0,-1.2942898273468018
5475312640.0,-1.2756489515304565
5476250112.0,-1.2551205158233643
5477187584.0,-1.234527826309204
5478125056.0,-1.211099624633789
5479062528.0,-1.1869269609451294
5480000000.0,-1.162557601928711
5480937472.0,-1.1365940570831299
5481874944.0,-1.1093707084655762
5482812416.0,-1.0830398797988892
5483749888.0,-1.055326223373413
5484687360.0,-1.0280448198318481
5485624832.0,-1.0015745162963867
5486562304.0,-0.9745144844055176
5487499776.0,-0.9488637447357178
5488437248.0,-0.9232816100120544
5489375232.0,-0.8975201845169067
5490312704.0,-0.8735288977622986
5491250176.0,-0.8500686287879944
5492187648.0,-0.8285154700279236
5493125120.0,-0.8063666820526123
5494062592.0,-0.7864940166473389
5495000064.0,-0.7687709927558899
5495937536.0,-0.7521849274635315
5496875008.0,-0.7382078170776367
5497812480.0,-0.7258481383323669
5498749952.0,-0.7164906859397888
5499687424.0,-0.7088828682899475
5500624896.0,-0.7044501900672913
5501562368.0,-0.7027087211608887
5502499840.0,-0.7037643790245056
5503437312.0,-0.706809937953949
5504374784.0,-0.7134914398193359
5505312256.0,-0.722238302230835
5506250240.0,-0.7357054948806763
5507187712.0,-0.7499783039093018
5508125184.0,-0.7677468061447144
5509062656.0,-0.7873981595039368
5510000128.0,-0.8099441528320312
5510937600.0,-0.8349584341049194
5511875072.0,-0.8603535890579224
5512812544.0,-0.8885231018066406
5513750016.0,-0.9184975624084473
5514687488.0,-0.9496057033538818
5515624960.0,-0.9806715250015259
5516562432.0,-1.0129787921905518
5517499904.0,-1.0439434051513672
5518437376.0,-1.075184941291809
5519374848.0,-1.1054168939590454
5520312320.0,-1.1340830326080322
5521249792.0,-1.160855770111084
5522187264.0,-1.1856167316436768
5523125248.0,-1.2057543992996216
5524062720.0,-1.2241758108139038
5525000192.0,-1.23891019821167
5525937664.0,-1.074803113937378
5526875136.0,-1.0796465873718262
5527812608.0,-1.0842599868774414
5528750080.0,-1.0873103141784668
5529687552.0,-1.086672067642212
5530625024.0,-1.0839792490005493
5531562496.0,-1.0797842741012573
5532499968.0,-1.0754287242889404
5533437440.0,-1.0674270391464233
5534374912.0,-1.0584652423858643
5535312384.0,-1.047959566116333
5536249856.0,-1.0375174283981323
5537187328.0,-1.024294137954712
5538124800.0,-1.010910987854004
5539062272.0,-0.9961823225021362
5539999744.0,-0.9820317625999451
5540937728.0,-0.9655763506889343
5541875200.0,-0.9494823813438416
5542812672.0,-0.9337307810783386
5543750144.0,-0.9177936911582947
5544687616.0,-0.9000502824783325
5545625088.0,-0.8846572637557983
5546562560.0,-0.8697080612182617
5547500032.0,-0.8543427586555481
5548437504.0,-0.8400143384933472
5549374976.0,-0.8261775970458984
5550312448.0,-0.8143026828765869
5551249920.0,-0.8029779195785522
5552187392.0,-0.7937771677970886
5553124864.0,-0.7855608463287354
5554062336.0,-0.7789899110794067
5554999808.0,-0.7736833095550537
5555937280.0,-0.770559549331665
5556874752.0,-0.7687769532203674
5557812736.0,-0.7696648836135864
5558750208.0,-0.7724257111549377
5559687680.0,-0.7773194313049316
5560625152.0,-0.785488486289978
5561562624.0,-0.7963516712188721
5562500096.0,-0.8089150190353394
5563437568.0,-0.8250581622123718
5564375040.0,-0.8429545164108276
5565312512.0,-0.8641678690910339
5566249984.0,-0.886696457862854
5567187456.0,-0.9111225008964539
5568124928.0,-0.9373959302902222
5569062400.0,-0.9657571315765381
5569999872.0,-0.9944989085197449
5570937344.0,-1.023348093032837
5571874816.0,-1.0526078939437866
5572812288.0,-1.0807695388793945
5573749760.0,-1.1082335710525513
5574687744.0,-1.1348543167114258
5575625216.0,-1.1594158411026
5576562688.0,-1.1820359230041504
5577500160.0,-1.202427625656128
5578437632.0,-1.220680594444275
5579375104.0,-1.2363249063491821
5580312576.0,-1.2492821216583252
5581250048.0,-1.2589142322540283
5582187520.0,-1.2668462991714478
5583124992.0,-1.2711317539215088
5584062464.0,-1.2750132083892822
5584999936.0,-1.275050401687622
5585937408.0,-1.2000524997711182
5586874880.0,-1.2063286304473877
5587812352.0,-1.212096095085144
5588749824.0,-1.2160061597824097
5589687296.0,-1.2187225818634033
5590624768.0,-1.2198113203048706
5591562752.0,-1.2214365005493164
5592500224.0,-1.2218446731567383
5593437696.0,-1.2194535732269287
5594375168.0,-1.2186168432235718
5595312640.0,-1.215151309967041
5596250112.0,-1.211833119392395
5597187584.0,-1.2082602977752686
5598125056.0,-1.2047083377838135
5599062528.0,-1.1995896100997925
5600000000.0,-1.193253993988037
5600937472.0,-1.1885442733764648
5601874944.0,-1.1827270984649658
5602812416.0,-1.1764248609542847
5603749888.0,-1.1713916063308716
5604687360.0,-1.165379524230957
5605624832.0,-1.1603418588638306
5606562304.0,-1.1545382738113403
5607499776.0,-1.149702787399292
5608437248.0,-1.144838809967041
5609375232.0,-1.1415244340896606
5610312704.0,-1.137974500656128
5611250176.0,-1.1335070133209229
5612187648.0,-1.1279178857803345
5613125120.0,-1.1233519315719604
5614062592.0,-1.1198066473007202
5615000064.0,-1.1163440942764282
5615937536.0,-1.1126352548599243
5616875008.0,-1.1097463369369507
5617812480.0,-1.107627511024475
5618749952.0,-1.1051877737045288
5619687424.0,-1.1044285297393799
5620624896.0,-1.103324294090271
5621562368.0,-1.1031571626663208
5622499840.0,-1.1030751466751099
5623437312.0,-1.1032878160476685
5624374784.0,-1.1048678159713745
5625312256.0,-1.1046807765960693
5626250240.0,-1.1051936149597168
5627187712.0,-1.1074802875518799
5628125184.0,-1.1088632345199585
5629062656.0,-1.108353853225708
5630000128.0,-1.10919988155365
5630937600.0,-1.1101288795471191
5631875072.0,-1.1099644899368286
5632812544.0,-1.1101362705230713
5633750016.0,-1.1085351705551147
5634687488.0,-1.1060924530029297
5635624960.0,-1.1045622825622559
5636562432.0,-1.100562572479248
5637499904.0,-1.0962963104248047
5638437376.0,-1.0902479887008667
5639374848.0,-1.0825989246368408
5640312320.0,-1.075404405593872
5641249792.0,-1.067980170249939
5642187264.0,-1.0597776174545288
5643125248.0,-1.0503947734832764
5644062720.0,-1.041509747505188
5645000192.0,-1.031455636024475
5645937664.0,-1.0286747217178345
5646875136.0,-1.0169720649719238
5647812608.0,-1.004111886024475
5648750080.0,-0.9907748103141785
5649687552.0,-0.974779486656189
5650625024.0,-0.9602552056312561
5651562496.0,-0.9428468942642212
5652499968.0,-0.9255083203315735
5653437440.0,-0.9073965549468994
5654374912.0,-0.8882790803909302
5655312384.0,-0.8683919310569763
5656249856.0,-0.8475638628005981
5657187328.0,-0.825983464717865
5658124800.0,-0.8049455881118774
5659062272.0,-0.7834811806678772
5660000256.0,-0.7611799836158752
5660937728.0,-0.7403914928436279
5661875200.0,-0.7197164297103882
5662812672.0,-0.6981736421585083
5663750144.0,-0.6795581579208374
5664687616.0,-0.6613728404045105
5665625088.0,-0.6445346474647522
5666562560.0,-0.6284101605415344
5667500032.0,-0.6140507459640503
5668437504.0,-0.6000908017158508
5669374976.0,-0.5879061222076416
5670312448.0,-0.5774624347686768
5671249920.0,-0.5678598880767822
5672187392.0,-0.5600703358650208
5673124864.0,-0.553141176700592
5674062336.0,-0.5485551357269287
5674999808.0,-0.5440419316291809
5675937280.0,-0.5430367588996887
5676874752.0,-0.5425043702125549
5677812736.0,-0.5437194108963013
5678750208.0,-0.5445525050163269
5679687680.0,-0.5463640689849854
5680625152.0,-0.5505710244178772
5681562624.0,-0.5538399815559387
5682500096.0,-0.5588836073875427
5683437568.0,-0.5618613958358765
5684375040.0,-0.5657575726509094
5685312512.0,-0.5685774683952332
5686249984.0,-0.5714849233627319
5687187456.0,-0.5721614360809326
5688124928.0,-0.5745692253112793
5689062400.0,-0.5752564072608948
5689999872.0,-0.575425922870636
5690937344.0,-0.5732753872871399
5691874816.0,-0.570234477519989
5692812288.0,-0.5660066604614258
5693749760.0,-0.5594391226768494
5694687744.0,-0.5522746443748474
5695625216.0,-0.543303906917572
5696562688.0,-0.5327345728874207
5697500160.0,-0.520522952079773
5698437632.0,-0.5067117810249329
5699375104.0,-0.49236834049224854
5700312576.0,-0.47887474298477173
5701250048.0,-0.463775098323822
5702187520.0,-0.4484180212020874
5703124992.0,-0.433982789516449
5704062464.0,-0.4202607572078705
5704999936.0,-0.40822988748550415
5705937408.0,-0.3757997453212738
5706874880.0,-0.37357139587402344
5707812352.0,-0.37179866433143616
5708749824.0,-0.37097442150115967
5709687296.0,-0.3696235418319702
5710624768.0,-0.36838167905807495
5711562752.0,-0.36681506037712097
5712500224.0,-0.36469995975494385
5713437696.0,-0.36480093002319336
5714375168.0,-0.3643313944339752
5715312640.0,-0.36330074071884155
5716250112.0,-0.36076974868774414
5717187584.0,-0.35783907771110535
5718125056.0,-0.354180246591568
5719062528.0,-0.34954309463500977
5720000000.0,-0.3446943163871765
5720937472.0,-0.33698469400405884
5721874944.0,-0.3294561505317688
5722812416.0,-0.32254907488822937
5723749888.0,-0.31320422887802124
5724687360.0,-0.30573150515556335
5725624832.0,-0.2970234155654907
5726562304.0,-0.28848251700401306
5727499776.0,-0.2800939083099365
5728437248.0,-0.2726918160915375
5729375232.0,-0.26511287689208984
5730312704.0,-0.26050499081611633
5731250176.0,-0.25590208172798157
5732187648.0,-0.2538454532623291
5733125120.0,-0.25335171818733215
5734062592.0,-0.2543788552284241
5735000064.0,-0.2587549686431885
5735937536.0,-0.2626723647117615
5736875008.0,-0.2698688805103302
5737812480.0,-0.2778237760066986
5738749952.0,-0.28821858763694763
5739687424.0,-0.30029383301734924
5740624896.0,-0.31392863392829895
5741562368.0,-0.3278511166572571
5742499840.0,-0.3408009707927704
5743437312.0,-0.3523552417755127
5744374784.0,-0.3659134805202484
5745312256.0,-0.37550556659698486
5746250240.0,-0.38479679822921753
5747187712.0,-0.39089658856391907
5748125184.0,-0.39614710211753845
5749062656.0,-0.39725261926651
5750000128.0,-0.39643263816833496
5750937600.0,-0.39406102895736694
5751875072.0,-0.38936856389045715
5752812544.0,-0.38283154368400574
5753750016.0,-0.37513983249664307
5754687488.0,-0.3675748109817505
5755624960.0,-0.359928697347641
5756562432.0,-0.35021060705184937
5757499904.0,-0.34263545274734497
5758437376.0,-0.3340320289134979
5759374848.0,-0.3271307945251465
5760312320.0,-0.32169267535209656
5761249792.0,-0.31505391001701355
5762187264.0,-0.3124876618385315
5763125248.0,-0.3089122772216797
5764062720.0,-0.30515074729919434
5765000192.0,-0.3028355538845062
5765937664.0,-0.22777311503887177
5766875136.0,-0.23034553229808807
5767812608.0,-0.23539969325065613
5768750080.0,-0.23893161118030548
5769687552.0,-0.24419531226158142
5770625024.0,-0.24968095123767853
5771562496.0,-0.25574177503585815
5772499968.0,-0.2628922760486603
5773437440.0,-0.2683117389678955
5774374912.0,-0.2749403417110443
5775312384.0,-0.28208696842193604
5776249856.0,-0.2896730601787567
5777187328.0,-0.2974954843521118
5778124800.0,-0.30424222350120544
5779062272.0,-0.3121318221092224
5779999744.0,-0.31790924072265625
5780937728.0,-0.3250233829021454
5781875200.0,-0.3312283456325531
5782812672.0,-0.3378181755542755
5783750144.0,-0.3433544933795929
5784687616.0,-0.3485373854637146
5785625088.0,-0.3536432981491089
5786562560.0,-0.35638076066970825
5787500032.0,-0.35993582010269165
5788437504.0,-0.3630817234516144
5789374976.0,-0.3615322411060333
5790312448.0,-0.36068016290664673
5791249920.0,-0.3572646379470825
5792187392.0,-0.3538897633552551
5793124864.0,-0.34972286224365234
5794062336.0,-0.34476548433303833
5794999808.0,-0.33886823058128357
5795937280.0,-0.3313882648944855
5796874752.0,-0.3246217668056488
5797812736.0,-0.31695178151130676
5798750208.0,-0.30615663528442383
5799687680.0,-0.29564303159713745
5800625152.0,-0.2841513156890869
5801562624.0,-0.2730003297328949
5802500096.0,-0.26038241386413574
5803437568.0,-0.24725952744483948
5804375040.0,-0.23311005532741547
5805312512.0,-0.21919655799865723
5806249984.0,-0.20495209097862244
5807187456.0,-0.18865014612674713
5808124928.0,-0.17377969622612
5809062400.0,-0.15868327021598816
5809999872.0,-0.14404800534248352
5810937344.0,-0.1294436901807785
5811874816.0,-0.11334022879600525
5812812288.0,-0.09789364039897919
5813749760.0,-0.08414297550916672
5814687744.0,-0.07053748518228531
5815625216.0,-0.05748171731829643
5816562688.0,-0.04440519958734512
5817500160.0,-0.032682035118341446
5818437632.0,-0.020256606861948967
5819375104.0,-0.009516355581581593
5820312576.0,0.0013855989091098309
5821250048.0,0.011011851020157337
5822187520.0,0.020281730219721794
5823124992.0,0.02729066275060177
5824062464.0,0.033990029245615005
5824999936.0,0.04067869484424591
5825937408.0,-0.1462790071964264
5826874880.0,-0.15080174803733826
5827812352.0,-0.15447574853897095
5828749824.0,-0.15673348307609558
5829687296.0,-0.15802672505378723
5830624768.0,-0.15603119134902954
5831562752.0,-0.1545434594154358
5832500224.0,-0.15248051285743713
5833437696.0,-0.14853224158287048
5834375168.0,-0.1454278826713562
5835312640.0,-0.14267012476921082
5836250112.0,-0.13879747688770294
5837187584.0,-0.13503563404083252
5838125056.0,-0.1312423199415207
5839062528.0,-0.1297883689403534
5840000000.0,-0.12993164360523224
5840937472.0,-0.13014809787273407
5841874944.0,-0.1327727735042572
5842812416.0,-0.13438871502876282
5843749888.0,-0.1388799101114273
5844687360.0,-0.1425839066505432
5845624832.0,-0.1486091911792755
5846562304.0,-0.15526703000068665
5847499776.0,-0.162654310464859
5848437248.0,-0.17087821662425995
5849375232.0,-0.1792616993188858
5850312704.0,-0.1887548565864563
5851250176.0,-0.19905193150043488
5852187648.0,-0.20923306047916412
5853125120.0,-0.21883398294448853
5854062592.0,-0.22880421578884125
5855000064.0,-0.23942212760448456
5855937536.0,-0.24796198308467865
5856875008.0,-0.25592201948165894
5857812480.0,-0.26224908232688904
5858749952.0,-0.2674180269241333
5859687424.0,-0.27107781171798706
5860624896.0,-0.2727438509464264
5861562368.0,-0.27326908707618713
5862499840.0,-0.2707027792930603
5863437312.0,-0.2661471664905548
5864374784.0,-0.26032620668411255
5865312256.0,-0.25318026542663574
5866250240.0,-0.24334652721881866
5867187712.0,-0.23421108722686768
5868125184.0,-0.22284765541553497
5869062656.0,-0.21062172949314117
5870000128.0,-0.19741402566432953
5870937600.0,-0.18481329083442688
5871875072.0,-0.17228862643241882
5872812544.0,-0.15909650921821594
5873750016.0,-0.1465510129928589
5874687488.0,-0.13641466200351715
5875624960.0,-0.12619569897651672
5876562432.0,-0.11743732541799545
5877499904.0,-0.11247614026069641
5878437376.0,-0.10655713826417923
5879374848.0,-0.10371223837137222
5880312320.0,-0.10374815762042999
5881249792.0,-0.1052628755569458
5882187264.0,-0.10894317179918289
5883125248.0,-0.11467117816209793
5884062720.0,-0.12257291376590729
5885000192.0,-0.13145481050014496
5885937664.0,-0.07173357158899307
5886875136.0,-0.07679268717765808
5887812608.0,-0.0817447379231453
5888750080.0,-0.08834253996610641
5889687552.0,-0.09605930745601654
5890625024.0,-0.10423213243484497
5891562496.0,-0.11171738058328629
5892499968.0,-0.11889036744832993
5893437440.0,-0.12797799706459045
5894374912.0,-0.13698787987232208
5895312384.0,-0.14464783668518066
5896249856.0,-0.15418404340744019
5897187328.0,-0.1625099629163742
5898124800.0,-0.17217443883419037
5899062272.0,-0.1811118870973587
5900000256.0,-0.1900627166032791
5900937728.0,-0.1995771825313568
5901875200.0,-0.20881876349449158
5902812672.0,-0.21761015057563782
5903750144.0,-0.22597891092300415
5904687616.0,-0.23545758426189423
5905625088.0,-0.24369841814041138
5906562560.0,-0.2518587112426758
5907500032.0,-0.2610573172569275
5908437504.0,-0.2678709924221039
5909374976.0,-0.27486515045166016
5910312448.0,-0.2832699716091156
5911249920.0,-0.2906646728515625
5912187392.0,-0.2975127696990967
5913124864.0,-0.3035142421722412
5914062336.0,-0.3108721673488617
5914999808.0,-0.3160501718521118
5915937280.0,-0.321865051984787
5916874752.0,-0.3252177834510803
5917812736.0,-0.32840695977211
5918750208.0,-0.3322778344154358
5919687680.0,-0.33365046977996826
5920625152.0,-0.3336009979248047
5921562624.0,-0.33321645855903625
5922500096.0,-0.33206871151924133
5923437568.0,-0.33070969581604004
5924375040.0,-0.3272899389266968
5925312512.0,-0.3228231966495514
5926249984.0,-0.31719446182250977
5927187456.0,-0.30982646346092224
5928124928.0,-0.30261093378067017
5929062400.0,-0.2930012345314026
5929999872.0,-0.2814432978630066
5930937344.0,-0.26952627301216125
5931874816.0,-0.2551121115684509
5932812288.0,-0.24088048934936523
5933749760.0,-0.2254173457622528
5934687744.0,-0.20838342607021332
5935625216.0,-0.1913849115371704
5936562688.0,-0.17349784076213837
5937500160.0,-0.1548992097377777
5938437632.0,-0.13676610589027405
5939375104.0,-0.11812648177146912
5940312576.0,-0.10048213601112366
5941250048.0,-0.08278299123048782
5942187520.0,-0.06559230387210846
5943124992.0,-0.05030956119298935
5944062464.0,-0.035797614604234695
5944999936.0,-0.024341212585568428
5945937408.0,-0.12875626981258392
5946874880.0,-0.13683995604515076
5947812352.0,-0.14812882244586945
5948749824.0,-0.160299152135849
5949687296.0,-0.17376850545406342
5950624768.0,-0.18884457647800446
5951562752.0,-0.20469099283218384
5952500224.0,-0.22324496507644653
5953437696.0,-0.24228450655937195
5954375168.0,-0.2614179849624634
5955312640.0,-0.2812013328075409
5956250112.0,-0.30111825466156006
5957187584.0,-0.32054492831230164
5958125056.0,-0.33997803926467896
5959062528.0,-0.3595333993434906
5960000000.0,-0.37804844975471497
5960937472.0,-0.39614012837409973
5961874944.0,-0.4117535948753357
5962812416.0,-0.4253360629081726
5963749888.0,-0.43689852952957153
5964687360.0,-0.446496844291687
5965624832.0,-0.4525199830532074
5966562304.0,-0.4557938873767853
5967499776.0,-0.45424848794937134
5968437248.0,-0.45292526483535767
5969375232.0,-0.4460162818431854
5970312704.0,-0.4362618327140808
5971250176.0,-0.42463427782058716
5972187648.0,-0.40764856338500977
5973125120.0,-0.39086028933525085
5974062592.0,-0.3700241446495056
5975000064.0,-0.3477763533592224
5975937536.0,-0.32369494438171387
5976875008.0,-0.29917386174201965
5977812480.0,-0.27408042550086975
5978749952.0,-0.2495446801185608
5979687424.0,-0.22512274980545044
5980624896.0,-0.2013028860092163
5981562368.0,-0.18096600472927094
5982499840.0,-0.16014152765274048
5983437312.0,-0.1424204409122467
5984374784.0,-0.1258307695388794
5985312256.0,-0.11186176538467407
5986250240.0,-0.1022394597530365
5987187712.0,-0.09408531337976456
5988125184.0,-0.08795615285634995
5989062656.0,-0.08545859903097153
5990000128.0,-0.08451227098703384
5990937600.0,-0.08558318763971329
5991875072.0,-0.09019625186920166
5992812544.0,-0.0956285372376442
5993750016.0,-0.10126902163028717
5994687488.0,-0.10933627933263779
5995624960.0,-0.11778678745031357
5996562432.0,-0.12719038128852844
5997499904.0,-0.13644364476203918
5998437376.0,-0.14536842703819275
5999374848.0,-0.15518827736377716
6000312320.0,-0.1638500839471817
6001249792.0,-0.17114371061325073
6002187264.0,-0.17871946096420288
6003125248.0,-0.18495436012744904
6004062720.0,-0.19141384959220886
6005000192.0,-0.15104162693023682
6005937664.0,-0.15822447836399078
6006875136.0,-0.16685843467712402
6007812608.0,-0.17528501152992249
6008750080.0,-0.1853354424238205
6009687552.0,-0.1946573555469513
6010625024.0,-0.20450396835803986
6011562496.0,-0.21616001427173615
6012499968.0,-0.22841210663318634
6013437440.0,-0.24103136360645294
6014374912.0,-0.25390616059303284
6015312384.0,-0.26834940910339355
6016249856.0,-0.28149330615997314
6017187328.0,-0.2957318127155304
6018124800.0,-0.30884724855422974
6019062272.0,-0.3214687705039978
6019999744.0,-0.3331034481525421
6020937728.0,-0.34537434577941895
6021875200.0,-0.35552138090133667
6022812672.0,-0.3653855621814728
6023750144.0,-0.3736550211906433
6024687616.0,-0.3818196654319763
6025625088.0,-0.3884197175502777
6026562560.0,-0.3931507468223572
6027500032.0,-0.3971472680568695
6028437504.0,-0.39977747201919556
6029374976.0,-0.3993319869041443
6030312448.0,-0.3985755741596222
6031249920.0,-0.39595872163772583
6032187392.0,-0.3906119763851166
6033124864.0,-0.3834901750087738
6034062336.0,-0.3767216205596924
6034999808.0,-0.3671412467956543
6035937280.0,-0.3572934865951538
6036874752.0,-0.345967173576355
6037812736.0,-0.33607247471809387
6038750208.0,-0.32386186718940735
6039687680.0,-0.3124849200248718
6040625152.0,-0.3019110858440399
6041562624.0,-0.290409117937088
6042500096.0,-0.2790473997592926
6043437568.0,-0.26857805252075195
6044375040.0,-0.2586604654788971
6045312512.0,-0.24952572584152222
6046249984.0,-0.24205568432807922
6047187456.0,-0.23599016666412354
6048124928.0,-0.23020555078983307
6049062400.0,-0.22430483996868134
6049999872.0,-0.22009046375751495
6050937344.0,-0.2183854877948761
6051874816.0,-0.21657539904117584
6052812288.0,-0.215859055519104
6053749760.0,-0.21610824763774872
6054687744.0,-0.21724973618984222
6055625216.0,-0.2194576859474182
6056562688.0,-0.22182385623455048
6057500160.0,-0.2249026894569397
6058437632.0,-0.22866860032081604
6059375104.0,-0.23165060579776764
6060312576.0,-0.23692713677883148
6061250048.0,-0.24265249073505402
6062187520.0,-0.24843478202819824
6063124992.0,-0.25372225046157837
6064062464.0,-0.2595973610877991
6064999936.0,-0.1626349538564682
6065937408.0,-0.18288864195346832
6066874880.0,-0.20399342477321625
6067812352.0,-0.22510278224945068
6068749824.0,-0.2454109787940979
6069687296.0,-0.2653484046459198
6070624768.0,-0.28453296422958374
6071562752.0,-0.30373117327690125
6072500224.0,-0.32189059257507324
6073437696.0,-0.33860430121421814
6074375168.0,-0.355954647064209
6075312640.0,-0.3717989921569824
6076250112.0,-0.38577356934547424
6077187584.0,-0.39903929829597473
6078125056.0,-0.41196203231811523
6079062528.0,-0.42170923948287964
6080000000.0,-0.4304032325744629
6080937472.0,-0.4390163719654083
6081874944.0,-0.4454115033149719
6082812416.0,-0.45069992542266846
6083749888.0,-0.4536367654800415
6084687360.0,-0.4560094177722931
6085624832.0,-0.45626601576805115
6086562304.0,-0.4552091658115387
6087499776.0,-0.4534148573875427
6088437248.0,-0.4500496983528137
6089375232.0,-0.44549694657325745
6090312704.0,-0.43901506066322327
6091250176.0,-0.4321724474430084
6092187648.0,-0.4241127073764801
6093125120.0,-0.4146674573421478
6094062592.0,-0.4037790596485138
6095000064.0,-0.39146652817726135
6095937536.0,-0.37896817922592163
6096875008.0,-0.3660152852535248
6097812480.0,-0.353338360786438
6098749952.0,-0.3388746380805969
6099687424.0,-0.3240855038166046
6100624896.0,-0.30922359228134155
6101562368.0,-0.29448774456977844
6102499840.0,-0.2797926068305969
6103437312.0,-0.26373282074928284
6104374784.0,-0.2487267553806305
6105312256.0,-0.2339821308851242
6106250240.0,-0.21856898069381714
6107187712.0,-0.2042408436536789
6108125184.0,-0.1901964247226715
6109062656.0,-0.17675936222076416
6110000128.0,-0.1636604219675064
6110937600.0,-0.15124256908893585
6111875072.0,-0.14025083184242249
6112812544.0,-0.12814961373806
6113750016.0,-0.11780576407909393
6114687488.0,-0.10802341997623444
6115624960.0,-0.09932451695203781
6116562432.0,-0.09168171882629395
6117499904.0,-0.08490799367427826
6118437376.0,-0.08188160508871078
6119374848.0,-0.08087637275457382
6120312320.0,-0.08259408175945282
6121249792.0,-0.08422423899173737
6122187264.0,-0.08770188689231873
6123125248.0,-0.09374366700649261
6124062720.0,-0.09987862408161163
6125000192.0,-0.15325018763542175
6125937664.0,-0.1679389476776123
6126875136.0,-0.18267469108104706
6127812608.0,-0.1986975371837616
6128750080.0,-0.21463891863822937
6129687552.0,-0.23056630790233612
6130625024.0,-0.2475033700466156
6131562496.0,-0.26382723450660706
6132499968.0,-0.28086766600608826
6133437440.0,-0.29675567150115967
6134374912.0,-0.3135494887828827
6135312384.0,-0.3297977149486542
6136249856.0,-0.346216082572937
6137187328.0,-0.35984915494918823
6138124800.0,-0.3759835660457611
6139062272.0,-0.38942065834999084
6140000256.0,-0.40183448791503906
6140937728.0,-0.4114612340927124
6141875200.0,-0.4223906397819519
6142812672.0,-0.43107032775878906
6143750144.0,-0.43970349431037903
6144687616.0,-0.44902440905570984
6145625088.0,-0.4565754532814026
6146562560.0,-0.46207189559936523
6147500032.0,-0.4656237065792084
6148437504.0,-0.4677046835422516
6149374976.0,-0.4684079885482788
6150312448.0,-0.4673709571361542
6151249920.0,-0.4641999900341034
6152187392.0,-0.46017786860466003
6153124864.0,-0.4537876844406128
6154062336.0,-0.44652363657951355
6154999808.0,-0.4382005035877228
6155937280.0,-0.4270828664302826
6156874752.0,-0.4157523512840271
6157812736.0,-0.4044785499572754
6158750208.0,-0.3905414342880249
6159687680.0,-0.3775310516357422
6160625152.0,-0.36259084939956665
6161562624.0,-0.34817856550216675
6162500096.0,-0.3345435857772827
6163437568.0,-0.32018032670021057
6164375040.0,-0.3069725036621094
6165312512.0,-0.29221609234809875
6166249984.0,-0.2788470685482025
6167187456.0,-0.26506349444389343
6168124928.0,-0.2520790696144104
6169062400.0,-0.23810386657714844
6169999872.0,-0.22486570477485657
6170937344.0,-0.21002772450447083
6171874816.0,-0.1966976821422577
6172812288.0,-0.18412631750106812
6173749760.0,-0.1719190776348114
6174687744.0,-0.16196683049201965
6175625216.0,-0.15276788175106049
6176562688.0,-0.14444378018379211
6177500160.0,-0.13826438784599304
6178437632.0,-0.13187649846076965
6179375104.0,-0.12632174789905548
6180312576.0,-0.12414953857660294
6181250048.0,-0.1226465180516243
6182187520.0,-0.12203100323677063
6183124992.0,-0.12309423089027405
6184062464.0,-0.12718811631202698
6184999936.0,-0.27241092920303345
6185937408.0,-0.2882095277309418
6186874880.0,-0.30370762944221497
6187812352.0,-0.32033708691596985
6188749824.0,-0.3371430039405823
6189687296.0,-0.35295212268829346
6190624768.0,-0.3696996867656708
6191562752.0,-0.3844928443431854
6192500224.0,-0.4007098376750946
6193437696.0,-0.41392281651496887
6194375168.0,-0.4264945685863495
6195312640.0,-0.43715769052505493
6196250112.0,-0.4462803602218628
6197187584.0,-0.4542084336280823
6198125056.0,-0.4607572853565216
6199062528.0,-0.4656226933002472
6200000000.0,-0.47066691517829895
6200937472.0,-0.47296348214149475
6201874944.0,-0.47615110874176025
6202812416.0,-0.47813737392425537
6203749888.0,-0.48160165548324585
6204687360.0,-0.4843560755252838
6205624832.0,-0.48782482743263245
6206562304.0,-0.492462694644928
6207499776.0,-0.4973301291465759
6208437248.0,-0.5037299990653992
6209375232.0,-0.5118252635002136
6210312704.0,-0.5193764567375183
6211250176.0,-0.5274338126182556
6212187648.0,-0.5353692173957825
6213125120.0,-0.5422307848930359
6214062592.0,-0.547634482383728
6215000064.0,-0.5481907725334167
6215937536.0,-0.5437166094779968
6216875008.0,-0.5378459095954895
6217812480.0,-0.5291001796722412
6218749952.0,-0.5184782147407532
6219687424.0,-0.5075145363807678
6220624896.0,-0.49391016364097595
6221562368.0,-0.4801660180091858
6222499840.0,-0.46663200855255127
6223437312.0,-0.4525164067745209
6224374784.0,-0.43879568576812744
6225312256.0,-0.4276082217693329
6226250240.0,-0.41541218757629395
6227187712.0,-0.40547460317611694
6228125184.0,-0.395193487405777
6229062656.0,-0.3870958983898163
6230000128.0,-0.3788405954837799
6230937600.0,-0.3713824450969696
6231875072.0,-0.36382055282592773
6232812544.0,-0.35709309577941895
6233750016.0,-0.3509455621242523
6234687488.0,-0.34461069107055664
6235624960.0,-0.33780375123023987
6236562432.0,-0.33090025186538696
6237499904.0,-0.32405054569244385
6238437376.0,-0.3164915442466736
6239374848.0,-0.30978721380233765
6240312320.0,-0.3024674952030182
6241249792.0,-0.2950654625892639
6242187264.0,-0.2880861461162567
6243125248.0,-0.2804855704307556
6244062720.0,-0.2737695872783661
6245000192.0,-0.4290449023246765
6245937664.0,-0.4313580095767975
6246875136.0,-0.4351870119571686
6247812608.0,-0.44088807702064514
6248750080.0,-0.44797828793525696
6249687552.0,-0.4581637680530548
6250625024.0,-0.47007712721824646
6251562496.0,-0.4837146997451782
6252499968.0,-0.49977755546569824
6253437440.0,-0.5197978615760803
6254374912.0,-0.5396654605865479
6255312384.0,-0.5625002980232239
6256249856.0,-0.5869116187095642
6257187328.0,-0.6127020120620728
6258124800.0,-0.6410794258117676
6259062272.0,-0.6685565710067749
6259999744.0,-0.6962364315986633
6260937728.0,-0.7235764861106873
6261875200.0,-0.7494305968284607
6262812672.0,-0.7746549844741821
6263750144.0,-0.7981445789337158
6264687616.0,-0.8179271817207336
6265625088.0,-0.8367769718170166
6266562560.0,-0.8536571860313416
6267500032.0,-0.8661323189735413
6268437504.0,-0.876726508140564
6269374976.0,-0.8828237652778625
6270312448.0,-0.8853688836097717
6271249920.0,-0.8862918019294739
6272187392.0,-0.8824988007545471
6273124864.0,-0.8749523162841797
6274062336.0,-0.864970326423645
6274999808.0,-0.8514936566352844
6275937280.0,-0.8355913758277893
6276874752.0,-0.8154913187026978
6277812736.0,-0.7933494448661804
6278750208.0,-0.768832266330719
6279687680.0,-0.7419775724411011
6280625152.0,-0.7141017317771912
6281562624.0,-0.6839076280593872
6282500096.0,-0.6537191271781921
6283437568.0,-0.6233421564102173
6284375040.0,-0.5929713845252991
6285312512.0,-0.561764657497406
6286249984.0,-0.5318852066993713
6287187456.0,-0.5033953189849854
6288124928.0,-0.47571995854377747
6289062400.0,-0.4493381381034851
6289999872.0,-0.42362266778945923
6290937344.0,-0.4016054570674896
6291874816.0,-0.3796977996826172
6292812288.0,-0.362104594707489
6293749760.0,-0.346476286649704
6294687744.0,-0.33298611640930176
6295625216.0,-0.3232896625995636
6296562688.0,-0.3217056095600128
6297500160.0,-0.3216876685619354
6298437632.0,-0.32580816745758057
6299375104.0,-0.3317788541316986
6300312576.0,-0.34125927090644836
6301250048.0,-0.35467270016670227
6302187520.0,-0.36975592374801636
6303124992.0,-0.3877657949924469
6304062464.0,-0.4081973135471344
6304999936.0,-0.5471295714378357
6305937408.0,-0.5686089992523193
6306874880.0,-0.5914669632911682
6307812352.0,-0.6147996187210083
6308749824.0,-0.6397959589958191
6309687296.0,-0.6637530326843262
6310624768.0,-0.6896347999572754
6311562752.0,-0.7162916660308838
6312500224.0,-0.7418869733810425
6313437696.0,-0.76744145154953
6314375168.0,-0.7927321791648865
6315312640.0,-0.8165600895881653
6316250112.0,-0.8414461612701416
6317187584.0,-0.8635964393615723
6318125056.0,-0.8833774328231812
6319062528.0,-0.902665913105011
6320000000.0,-0.9197872877120972
6320937472.0,-0.9332611560821533
6321874944.0,-0.9489892721176147
6322812416.0,-0.9614934325218201
6323749888.0,-0.9709283709526062
6324687360.0,-0.9787372946739197
6325624832.0,-0.9814243316650391
6326562304.0,-0.9819163084030151
6327499776.0,-0.9795582890510559
6328437248.0,-0.9759028553962708
6329375232.0,-0.968787431716919
6330312704.0,-0.9593012928962708
6331250176.0,-0.9486679434776306
6332187648.0,-0.9352840781211853
6333125120.0,-0.9203571677207947
6334062592.0,-0.9033430814743042
6335000064.0,-0.8869624733924866
6335937536.0,-0.8684275150299072
6336875008.0,-0.8488091230392456
6337812480.0,-0.8278787732124329
6338749952.0,-0.8063707947731018
6339687424.0,-0.7853426933288574
6340624896.0,-0.763160765171051
6341562368.0,-0.7414202094078064
6342499840.0,-0.7184338569641113
6343437312.0,-0.6969812512397766
6344374784.0,-0.6754290461540222
6345312256.0,-0.6546005606651306
6346250240.0,-0.6342386603355408
6347187712.0,-0.6140058636665344
6348125184.0,-0.5935783386230469
6349062656.0,-0.5747539401054382
6350000128.0,-0.5572408437728882
6350937600.0,-0.5405232906341553
6351875072.0,-0.5269380807876587
6352812544.0,-0.51408851146698
6353750016.0,-0.5035658478736877
6354687488.0,-0.4957513213157654
6355624960.0,-0.48986905813217163
6356562432.0,-0.4865473508834839
6357499904.0,-0.4860421419143677
6358437376.0,-0.4882105588912964
6359374848.0,-0.4921087324619293
6360312320.0,-0.4997794032096863
6361249792.0,-0.5092673897743225
6362187264.0,-0.5219635367393494
6363125248.0,-0.5379056334495544
6364062720.0,-0.5558805465698242
6365000192.0,-0.827950656414032
6365937664.0,-0.8345690369606018
6366875136.0,-0.842681348323822
6367812608.0,-0.8500106334686279
6368750080.0,-0.8583047986030579
6369687552.0,-0.8666929006576538
6370625024.0,-0.8754990100860596
6371562496.0,-0.8859261274337769
6372499968.0,-0.8936861753463745
6373437440.0,-0.9039405584335327
6374374912.0,-0.9131912589073181
6375312384.0,-0.9219631552696228
6376249856.0,-0.9316769242286682
6377187328.0,-0.940005362033844
6378124800.0,-0.948333740234375
6379062272.0,-0.9555702805519104
6380000256.0,-0.9623293280601501
6380937728.0,-0.9680848121643066
6381875200.0,-0.9743859767913818
6382812672.0,-0.9795575141906738
6383750144.0,-0.9836293458938599
6384687616.0,-0.988122284412384
6385625088.0,-0.9923794269561768
6386562560.0,-0.9950965046882629
6387500032.0,-0.9977012276649475
6388437504.0,-0.9999017715454102
6389374976.0,-1.0015380382537842
6390312448.0,-1.0028129816055298
6391249920.0,-1.0024800300598145
6392187392.0,-1.0004804134368896
6393124864.0,-0.9995999932289124
6394062336.0,-0.997738778591156
6394999808.0,-0.9953211545944214
6395937280.0,-0.9933657050132751
6396874752.0,-0.9907164573669434
6397812736.0,-0.9876512289047241
6398750208.0,-0.9855036735534668
6399687680.0,-0.9819042682647705
6400625152.0,-0.9801464676856995
6401562624.0,-0.9775804877281189
6402500096.0,-0.9754975438117981
6403437568.0,-0.9745575189590454
6404375040.0,-0.9731708765029907
6405312512.0,-0.9743459820747375
6406249984.0,-0.9760642647743225
6407187456.0,-0.9788193702697754
6408124928.0,-0.982157289981842
6409062400.0,-0.9849929809570312
6409999872.0,-0.9886494874954224
6410937344.0,-0.9910992383956909
6411874816.0,-0.9960307478904724
6412812288.0,-1.0014369487762451
6413749760.0,-1.0075366497039795
6414687744.0,-1.0136656761169434
6415625216.0,-1.0194613933563232
6416562688.0,-1.0273407697677612
6417500160.0,-1.0358058214187622
6418437632.0,-1.0447503328323364
6419375104.0,-1.052933692932129
6420312576.0,-1.0620630979537964
6421250048.0,-1.0712254047393799
6422187520.0,-1.079895257949829
6423124992.0,-1.0849753618240356
6424062464.0,-1.089441180229187
6424999936.0,-1.1049623489379883
6425937408.0,-1.11842679977417
6426874880.0,-1.1293665170669556
6427812352.0,-1.1377973556518555
6428749824.0,-1.1453644037246704
6429687296.0,-1.1502381563186646
6430624768.0,-1.1580250263214111
6431562752.0,-1.1621501445770264
6432500224.0,-1.1648565530776978
6433437696.0,-1.1658605337142944
6434375168.0,-1.1643261909484863
6435312640.0,-1.1632864475250244
6436250112.0,-1.1586558818817139
6437187584.0,-1.1544677019119263
6438125056.0,-1.1470272541046143
6439062528.0,-1.1383187770843506
6440000000.0,-1.1294348239898682
6440937472.0,-1.1186383962631226
6441874944.0,-1.107141375541687
6442812416.0,-1.0964851379394531
6443749888.0,-1.0845134258270264
6444687360.0,-1.0727473497390747
6445624832.0,-1.0596561431884766
6446562304.0,-1.04751718044281
6447499776.0,-1.035509705543518
6448437248.0,-1.0244098901748657
6449375232.0,-1.0136991739273071
6450312704.0,-1.0027791261672974
6451250176.0,-0.9940534830093384
6452187648.0,-0.9850574135780334
6453125120.0,-0.9759781956672668
6454062592.0,-0.9686006307601929
6455000064.0,-0.9620370864868164
6455937536.0,-0.9550472497940063
6456875008.0,-0.9484606981277466
6457812480.0,-0.9404757022857666
6458749952.0,-0.9358409643173218
6459687424.0,-0.9300594925880432
6460624896.0,-0.9247644543647766
6461562368.0,-0.9205664396286011
6462499840.0,-0.9157813787460327
6463437312.0,-0.9130103588104248
6464374784.0,-0.9096406698226929
6465312256.0,-0.9061674475669861
6466250240.0,-0.9026153683662415
6467187712.0,-0.8994951248168945
6468125184.0,-0.8953704833984375
6469062656.0,-0.893088698387146
6470000128.0,-0.8903181552886963
6470937600.0,-0.8861480355262756
6471875072.0,-0.8830204010009766
6472812544.0,-0.8782172203063965
6473750016.0,-0.8754363059997559
6474687488.0,-0.8734632730484009
6475624960.0,-0.869359016418457
6476562432.0,-0.8669807314872742
6477499904.0,-0.8635601997375488
6478437376.0,-0.8587216734886169
6479374848.0,-0.8560259938240051
6480312320.0,-0.8529198169708252
6481249792.0,-0.8508667349815369
6482187264.0,-0.8487779498100281
6483125248.0,-0.8478104472160339
6484062720.0,-0.8471584916114807
6485000192.0,-0.9489995241165161
6485937664.0,-0.9561513066291809
6486875136.0,-0.9623544812202454
6487812608.0,-0.967933714389801
6488750080.0,-0.9748131036758423
6489687552.0,-0.9810977578163147
6490625024.0,-0.9858217835426331
6491562496.0,-0.990929126739502
6492499968.0,-0.9951279759407043
6493437440.0,-0.9992701411247253
6494374912.0,-1.0028913021087646
6495312384.0,-1.00570547580719
6496249856.0,-1.008872151374817
6497187328.0,-1.0120831727981567
6498124800.0,-1.0145378112792969
6499062272.0,-1.0167819261550903
6499999744.0,-1.0161129236221313
6500937728.0,-1.016196608543396
6501875200.0,-1.0133812427520752
6502812672.0,-1.0106608867645264
6503750144.0,-1.0071500539779663
6504687616.0,-1.00108003616333
6505625088.0,-0.9944435954093933
6506562560.0,-0.9876524806022644
6507500032.0,-0.9791897535324097
6508437504.0,-0.9688014388084412
6509374976.0,-0.9596219658851624
6510312448.0,-0.9498986601829529
6511249920.0,-0.9389843344688416
6512187392.0,-0.9270565509796143
6513124864.0,-0.915367841720581
6514062336.0,-0.9036386609077454
6514999808.0,-0.8910513520240784
6515937280.0,-0.8793475031852722
6516874752.0,-0.8669124245643616
6517812736.0,-0.8564529418945312
6518750208.0,-0.8454014658927917
6519687680.0,-0.8347771763801575
6520625152.0,-0.8259429335594177
6521562624.0,-0.8173971772193909
6522500096.0,-0.8094806671142578
6523437568.0,-0.8041663765907288
6524375040.0,-0.7973711490631104
6525312512.0,-0.7934845685958862
6526249984.0,-0.7907241582870483
6527187456.0,-0.7891228795051575
6528124928.0,-0.7869730591773987
6529062400.0,-0.7868683338165283
6529999872.0,-0.7873156070709229
6530937344.0,-0.7894144058227539
6531874816.0,-0.7910571098327637
6532812288.0,-0.7957163453102112
6533749760.0,-0.7999725341796875
6534687744.0,-0.80617755651474
6535625216.0,-0.8119514584541321
6536562688.0,-0.8185896277427673
6537500160.0,-0.8249847292900085
6538437632.0,-0.8326767683029175
6539375104.0,-0.8409383296966553
6540312576.0,-0.8492029309272766
6541250048.0,-0.8567700386047363
6542187520.0,-0.8646416664123535
6543124992.0,-0.871559202671051
6544062464.0,-0.8804515600204468
6544999936.0,-0.876272439956665
6545937408.0,-0.8787667751312256
6546874880.0,-0.8824704885482788
6547812352.0,-0.8863685727119446
6548749824.0,-0.8897270560264587
6549687296.0,-0.8922917246818542
6550624768.0,-0.895405650138855
6551562752.0,-0.8998060822486877
6552500224.0,-0.9036440253257751
6553437696.0,-0.9077686071395874
6554375168.0,-0.9132700562477112
6555312640.0,-0.9185532331466675
6556250112.0,-0.9256649017333984
6557187584.0,-0.9323025345802307
6558125056.0,-0.9408749341964722
6559062528.0,-0.9496755599975586
6560000000.0,-0.9595282077789307
6560937472.0,-0.9710978269577026
6561874944.0,-0.9823738932609558
6562812416.0,-0.9962590336799622
6563749888.0,-1.0096304416656494
6564687360.0,-1.023838996887207
6565624832.0,-1.0377737283706665
6566562304.0,-1.052225112915039
6567499776.0,-1.0654879808425903
6568437248.0,-1.0801423788070679
6569375232.0,-1.0950133800506592
6570312704.0,-1.1086665391921997
6571250176.0,-1.1216318607330322
6572187648.0,-1.1342439651489258
6573125120.0,-1.1464307308197021
6574062592.0,-1.1569615602493286
6575000064.0,-1.166527271270752
6575937536.0,-1.174715280532837
6576875008.0,-1.1808074712753296
6577812480.0,-1.1866164207458496
6578749952.0,-1.190140962600708
6579687424.0,-1.1930701732635498
6580624896.0,-1.1932997703552246
6581562368.0,-1.1936722993850708
6582499840.0,-1.193596601486206
6583437312.0,-1.1921409368515015
6584374784.0,-1.1910609006881714
6585312256.0,-1.1878803968429565
6586250240.0,-1.184585452079773
6587187712.0,-1.1811362504959106
6588125184.0,-1.1759222745895386
6589062656.0,-1.170552134513855
6590000128.0,-1.1661450862884521
6590937600.0,-1.1607859134674072
6591875072.0,-1.156015157699585
6592812544.0,-1.1522046327590942
6593750016.0,-1.148897647857666
6594687488.0,-1.146447777748108
6595624960.0,-1.1438356637954712
6596562432.0,-1.1426092386245728
6597499904.0,-1.1409318447113037
6598437376.0,-1.1398818492889404
6599374848.0,-1.1390032768249512
6600312320.0,-1.138183832168579
6601249792.0,-1.138168215751648
6602187264.0,-1.1383893489837646
6603125248.0,-1.1402723789215088
6604062720.0,-1.1435812711715698
6605000192.0,-1.1436488628387451
6605937664.0,-1.150870442390442
6606875136.0,-1.1563869714736938
6607812608.0,-1.1621862649917603
6608750080.0,-1.1659406423568726
6609687552.0,-1.1716946363449097
6610625024.0,-1.1751165390014648
6611562496.0,-1.1799745559692383
6612499968.0,-1.1838176250457764
6613437440.0,-1.1868865489959717
6614374912.0,-1.1885515451431274
6615312384.0,-1.192842721939087
6616249856.0,-1.1967284679412842
6617187328.0,-1.2002747058868408
6618124800.0,-1.20382821559906
6619062272.0,-1.2092407941818237
6620000256.0,-1.2136930227279663
6620937728.0,-1.2200627326965332
6621875200.0,-1.2265516519546509
6622812672.0,-1.2347729206085205
6623750144.0,-1.2430808544158936
6624687616.0,-1.2521278858184814
6625625088.0,-1.265000343322754
6626562560.0,-1.2807869911193848
6627500032.0,-1.2990323305130005
6628437504.0,-1.318912148475647
6629374976.0,-1.3395123481750488
6630312448.0,-1.3614482879638672
6631249920.0,-1.3825424909591675
6632187392.0,-1.404738187789917
6633124864.0,-1.427207350730896
6634062336.0,-1.4496850967407227
6634999808.0,-1.4729340076446533
6635937280.0,-1.4968247413635254
6636874752.0,-1.5173252820968628
6637812736.0,-1.537822961807251
6638750208.0,-1.5573760271072388
6639687680.0,-1.5736706256866455
6640625152.0,-1.5903669595718384
6641562624.0,-1.6048729419708252
6642500096.0,-1.6182409524917603
6643437568.0,-1.631239891052246
6644375040.0,-1.6421844959259033
6645312512.0,-1.650745153427124
6646249984.0,-1.6589751243591309
6647187456.0,-1.6649744510650635
6648124928.0,-1.6699432134628296
6649062400.0,-1.672472357749939
6649999872.0,-1.675354242324829
6650937344.0,-1.67767333984375
6651874816.0,-1.6808407306671143
6652812288.0,-1.6856732368469238
6653749760.0,-1.688165307044983
6654687744.0,-1.6910244226455688
6655625216.0,-1.6921755075454712
6656562688.0,-1.6964871883392334
6657500160.0,-1.698798656463623
6658437632.0,-1.702871322631836
6659375104.0,-1.707203984260559
6660312576.0,-1.7135403156280518
6661250048.0,-1.7235815525054932
6662187520.0,-1.7347309589385986
6663124992.0,-1.747826099395752
6664062464.0,-1.7614587545394897
6664999936.0,-1.783825159072876
6665937408.0,-1.7993329763412476
6666874880.0,-1.812983512878418
6667812352.0,-1.8281090259552002
6668749824.0,-1.8420037031173706
6669687296.0,-1.8570477962493896
6670624768.0,-1.8715211153030396
6671562752.0,-1.8846018314361572
6672500224.0,-1.8985267877578735
6673437696.0,-1.9117470979690552
6674375168.0,-1.9242727756500244
6675312640.0,-1.935475468635559
6676250112.0,-1.9455599784851074
6677187584.0,-1.9520103931427002
6678125056.0,-1.957021713256836
6679062528.0,-1.9598796367645264
6680000000.0,-1.9614818096160889
6680937472.0,-1.9608142375946045
6681874944.0,-1.9600934982299805
6682812416.0,-1.9578310251235962
6683749888.0,-1.9571870565414429
6684687360.0,-1.954901099205017
6685624832.0,-1.9541751146316528
6686562304.0,-1.9539501667022705
6687499776.0,-1.954753041267395
6688437248.0,-1.9568032026290894
6689375232.0,-1.9616671800613403
6690312704.0,-1.9677841663360596
6691250176.0,-1.9752784967422485
6692187648.0,-1.9848756790161133
6693125120.0,-1.9956251382827759
6694062592.0,-2.008190870285034
6695000064.0,-2.0214037895202637
6695937536.0,-2.035799026489258
6696875008.0,-2.0524652004241943
6697812480.0,-2.0718748569488525
6698749952.0,-2.0942349433898926
6699687424.0,-2.1183581352233887
6700624896.0,-2.1441712379455566
6701562368.0,-2.1705825328826904
6702499840.0,-2.1955857276916504
6703437312.0,-2.2203376293182373
6704374784.0,-2.244051456451416
6705312256.0,-2.26654314994812
6706250240.0,-2.289235830307007
6707187712.0,-2.310817003250122
6708125184.0,-2.33144211769104
6709062656.0,-2.351071357727051
6710000128.0,-2.3694865703582764
6710937600.0,-2.3856070041656494
6711875072.0,-2.400132179260254
6712812544.0,-2.4116766452789307
6713750016.0,-2.423035144805908
6714687488.0,-2.4274680614471436
6715624960.0,-2.4319770336151123
6716562432.0,-2.434129238128662
6717499904.0,-2.4341676235198975
6718437376.0,-2.434225559234619
6719374848.0,-2.43290376663208
6720312320.0,-2.430912733078003
6721249792.0,-2.42917799949646
6722187264.0,-2.4281764030456543
6723125248.0,-2.427128791809082
6724062720.0,-2.4268853664398193
6725000192.0,-2.4037208557128906
6725937664.0,-2.408388376235962
6726875136.0,-2.4148426055908203
6727812608.0,-2.4212536811828613
6728750080.0,-2.428713798522949
6729687552.0,-2.4368319511413574
6730625024.0,-2.447556734085083
6731562496.0,-2.4596898555755615
6732499968.0,-2.4735047817230225
6733437440.0,-2.489511013031006
6734374912.0,-2.5082781314849854
6735312384.0,-2.5301921367645264
6736249856.0,-2.5533504486083984
6737187328.0,-2.5792453289031982
6738124800.0,-2.606818199157715
6739062272.0,-2.6347250938415527
6739999744.0,-2.6666500568389893
6740937728.0,-2.698423385620117
6741875200.0,-2.7323477268218994
6742812672.0,-2.765662908554077
6743750144.0,-2.7977333068847656
6744687616.0,-2.8312196731567383
6745625088.0,-2.861893653869629
6746562560.0,-2.8935160636901855
6747500032.0,-2.92319393157959
6748437504.0,-2.950986862182617
6749374976.0,-2.977052927017212
6750312448.0,-3.0011143684387207
6751249920.0,-3.0219976902008057
6752187392.0,-3.0459513664245605
6753124864.0,-3.0597457885742188
6754062336.0,-3.0706076622009277
6754999808.0,-3.078885316848755
6755937280.0,-3.085232734680176
6756874752.0,-3.088963031768799
6757812736.0,-3.0883336067199707
6758750208.0,-3.0838847160339355
6759687680.0,-3.073601245880127
6760625152.0,-3.060800552368164
6761562624.0,-3.0417723655700684
6762500096.0,-3.0167481899261475
6763437568.0,-2.9855709075927734
6764375040.0,-2.949820041656494
6765312512.0,-2.9090089797973633
6766249984.0,-2.8615269660949707
6767187456.0,-2.814734697341919
6768124928.0,-2.7617616653442383
6769062400.0,-2.7081446647644043
6769999872.0,-2.6509015560150146
6770937344.0,-2.5912938117980957
6771874816.0,-2.5286736488342285
6772812288.0,-2.465503454208374
6773749760.0,-2.401395559310913
6774687744.0,-2.3386504650115967
6775625216.0,-2.2765653133392334
6776562688.0,-2.2158524990081787
6777500160.0,-2.1586220264434814
6778437632.0,-2.107436180114746
6779375104.0,-2.05728816986084
6780312576.0,-2.0104963779449463
6781250048.0,-1.9674216508865356
6782187520.0,-1.9282965660095215
6783124992.0,-1.893658995628357
6784062464.0,-1.8640143871307373
6784999936.0,-2.319147825241089
6785937408.0,-2.302713394165039
6786874880.0,-2.287687063217163
6787812352.0,-2.2742340564727783
6788749824.0,-2.2624361515045166
6789687296.0,-2.2498016357421875
6790624768.0,-2.2375917434692383
6791562752.0,-2.2259180545806885
6792500224.0,-2.216254472732544
6793437696.0,-2.2071890830993652
6794375168.0,-2.200364112854004
6795312640.0,-2.1967132091522217
6796250112.0,-2.19551420211792
6797187584.0,-2.19586181640625
6798125056.0,-2.199425220489502
6799062528.0,-2.20512056350708
6800000000.0,-2.2129268646240234
6800937472.0,-2.2230887413024902
6801874944.0,-2.2335195541381836
6802812416.0,-2.2449545860290527
6803749888.0,-2.2586402893066406
6804687360.0,-2.273805618286133
6805624832.0,-2.290069341659546
6806562304.0,-2.3075976371765137
6807499776.0,-2.3268837928771973
6808437248.0,-2.3443410396575928
6809375232.0,-2.364055871963501
6810312704.0,-2.38253116607666
6811250176.0,-2.400294065475464
6812187648.0,-2.41780948638916
6813125120.0,-2.432952880859375
6814062592.0,-2.445714235305786
6815000064.0,-2.4609880447387695
6815937536.0,-2.471776008605957
6816875008.0,-2.4825284481048584
6817812480.0,-2.489384651184082
6818749952.0,-2.4914021492004395
6819687424.0,-2.4900095462799072
6820624896.0,-2.4822702407836914
6821562368.0,-2.4693655967712402
6822499840.0,-2.450530529022217
6823437312.0,-2.4280543327331543
6824374784.0,-2.402020215988159
6825312256.0,-2.372044086456299
6826250240.0,-2.340780019760132
6827187712.0,-2.307894706726074
6828125184.0,-2.272078275680542
6829062656.0,-2.2353169918060303
6830000128.0,-2.1965346336364746
6830937600.0,-2.156877040863037
6831875072.0,-2.1177797317504883
6832812544.0,-2.0768299102783203
6833750016.0,-2.0351450443267822
6834687488.0,-1.9932631254196167
6835624960.0,-1.950212001800537
6836562432.0,-1.9085334539413452
6837499904.0,-1.8688786029815674
6838437376.0,-1.8302029371261597
6839374848.0,-1.7942655086517334
6840312320.0,-1.759246587753296
6841249792.0,-1.7261979579925537
6842187264.0,-1.6942670345306396
6843125248.0,-1.6652402877807617
6844062720.0,-1.6375619173049927
6845000192.0,-1.5332529544830322
6845937664.0,-1.5071078538894653
6846875136.0,-1.4820945262908936
6847812608.0,-1.4610587358474731
6848750080.0,-1.4415866136550903
6849687552.0,-1.4264346361160278
6850625024.0,-1.4140374660491943
6851562496.0,-1.4053857326507568
6852499968.0,-1.3984880447387695
6853437440.0,-1.3947027921676636
6854374912.0,-1.3929262161254883
6855312384.0,-1.3935950994491577
6856249856.0,-1.3968181610107422
6857187328.0,-1.4036307334899902
6858124800.0,-1.410326600074768
6859062272.0,-1.4206985235214233
6860000256.0,-1.4332962036132812
6860937728.0,-1.4474035501480103
6861875200.0,-1.4639874696731567
6862812672.0,-1.481331467628479
6863750144.0,-1.500062108039856
6864687616.0,-1.5200680494308472
6865625088.0,-1.5400034189224243
6866562560.0,-1.5595098733901978
6867500032.0,-1.5774948596954346
6868437504.0,-1.59598970413208
6869374976.0,-1.613100290298462
6870312448.0,-1.6282813549041748
6871249920.0,-1.643052577972412
6872187392.0,-1.6560248136520386
6873124864.0,-1.6676785945892334
6874062336.0,-1.6766295433044434
6874999808.0,-1.6828047037124634
6875937280.0,-1.6870468854904175
6876874752.0,-1.6854321956634521
6877812736.0,-1.6813324689865112
6878750208.0,-1.673153281211853
6879687680.0,-1.6619901657104492
6880625152.0,-1.647972822189331
6881562624.0,-1.6314538717269897
6882500096.0,-1.6108142137527466
6883437568.0,-1.588829755783081
6884375040.0,-1.5638359785079956
6885312512.0,-1.536765694618225
6886249984.0,-1.5073269605636597
6887187456.0,-1.4768906831741333
6888124928.0,-1.4436291456222534
6889062400.0,-1.4115228652954102
6889999872.0,-1.378048062324524
6890937344.0,-1.3443390130996704
6891874816.0,-1.3114633560180664
6892812288.0,-1.278615951538086
6893749760.0,-1.2467824220657349
6894687744.0,-1.2163299322128296
6895625216.0,-1.1885552406311035
6896562688.0,-1.1604210138320923
6897500160.0,-1.1348860263824463
6898437632.0,-1.1109031438827515
6899375104.0,-1.0882378816604614
6900312576.0,-1.0665568113327026
6901250048.0,-1.0467171669006348
6902187520.0,-1.0287039279937744
6903124992.0,-1.0123512744903564
6904062464.0,-0.9992362856864929
6904999936.0,-1.001741886138916
6905937408.0,-0.9983443021774292
6906874880.0,-0.996808648109436
6907812352.0,-0.9962651133537292
6908749824.0,-0.9972873330116272
6909687296.0,-1.0003162622451782
6910624768.0,-1.0049121379852295
6911562752.0,-1.0089828968048096
6912500224.0,-1.014142632484436
6913437696.0,-1.0196093320846558
6914375168.0,-1.02412748336792
6915312640.0,-1.0289177894592285
6916250112.0,-1.0325828790664673
6917187584.0,-1.0345739126205444
6918125056.0,-1.0350213050842285
6919062528.0,-1.0350061655044556
6920000000.0,-1.0334115028381348
6920937472.0,-1.0319284200668335
6921874944.0,-1.0278116464614868
6922812416.0,-1.021485686302185
6923749888.0,-1.0148056745529175
6924687360.0,-1.005725383758545
6925624832.0,-0.9950523972511292
6926562304.0,-0.9829810261726379
6927499776.0,-0.9684105515480042
6928437248.0,-0.9514073729515076
6929375232.0,-0.9340699911117554
6930312704.0,-0.9143080115318298
6931250176.0,-0.8936521410942078
6932187648.0,-0.8716644644737244
6933125120.0,-0.8502567410469055
6934062592.0,-0.8271001577377319
6935000064.0,-0.8043279051780701
6935937536.0,-0.7811943292617798
6936875008.0,-0.759220540523529
6937812480.0,-0.7377129793167114
6938749952.0,-0.7164685130119324
6939687424.0,-0.6957172155380249
6940624896.0,-0.6747068762779236
6941562368.0,-0.6562213897705078
6942499840.0,-0.6378520727157593
6943437312.0,-0.6214596629142761
6944374784.0,-0.60613614320755
6945312256.0,-0.5927853584289551
6946250240.0,-0.5824673771858215
6947187712.0,-0.5743052959442139
6948125184.0,-0.5645167231559753
6949062656.0,-0.5576173663139343
6950000128.0,-0.5528555512428284
6950937600.0,-0.549933910369873
6951875072.0,-0.5484022498130798
6952812544.0,-0.5481728315353394
6953750016.0,-0.5494663119316101
6954687488.0,-0.5524511337280273
6955624960.0,-0.5548549294471741
6956562432.0,-0.5606062412261963
6957499904.0,-0.5692443251609802
6958437376.0,-0.5764590501785278
6959374848.0,-0.5850801467895508
6960312320.0,-0.5947133302688599
6961249792.0,-0.6052659749984741
6962187264.0,-0.6152216792106628
6963125248.0,-0.6258224844932556
6964062720.0,-0.6369758248329163
6965000192.0,-0.5432968735694885
6965937664.0,-0.5522061586380005
6966875136.0,-0.5620391964912415
6967812608.0,-0.573279857635498
6968750080.0,-0.5846347212791443
6969687552.0,-0.5953161120414734
6970625024.0,-0.6070998907089233
6971562496.0,-0.6177123785018921
6972499968.0,-0.6306690573692322
6973437440.0,-0.6414662599563599
6974374912.0,-0.6530560255050659
6975312384.0,-0.6647090911865234
6976249856.0,-0.6774541139602661
6977187328.0,-0.6896524429321289
6978124800.0,-0.7010397911071777
6979062272.0,-0.7130811810493469
6979999744.0,-0.7263658046722412
6980937728.0,-0.7374499440193176
6981875200.0,-0.7475529313087463
6982812672.0,-0.7578617930412292
6983750144.0,-0.765692949295044
6984687616.0,-0.7731677889823914
6985625088.0,-0.7803235054016113
6986562560.0,-0.7860018014907837
6987500032.0,-0.7917940616607666
6988437504.0,-0.7967550158500671
6989374976.0,-0.8001899719238281
6990312448.0,-0.8025702238082886
6991249920.0,-0.8041930198669434
6992187392.0,-0.8054081797599792
6993124864.0,-0.8041310906410217
6994062336.0,-0.8040835857391357
6994999808.0,-0.8001856803894043
6995937280.0,-0.7967217564582825
6996874752.0,-0.7912704348564148
6997812736.0,-0.784816324710846
6998750208.0,-0.7767757773399353
6999687680.0,-0.767585277557373
7000625152.0,-0.7584144473075867
7001562624.0,-0.7472801804542542
7002500096.0,-0.7371540665626526
7003437568.0,-0.7261190414428711
7004375040.0,-0.7149080634117126
7005312512.0,-0.7021364569664001
7006249984.0,-0.6899170875549316
7007187456.0,-0.6755170226097107
7008124928.0,-0.6581997275352478
7009062400.0,-0.6406671404838562
7009999872.0,-0.6238071918487549
7010937344.0,-0.6052306890487671
7011874816.0,-0.5878207683563232
7012812288.0,-0.5701324939727783
7013749760.0,-0.5526342391967773
7014687744.0,-0.5359200835227966
7015625216.0,-0.5185866951942444
7016562688.0,-0.5020102858543396
7017500160.0,-0.4858262538909912
7018437632.0,-0.470093697309494
7019375104.0,-0.4562830626964569
7020312576.0,-0.4432015120983124
7021250048.0,-0.4306820034980774
7022187520.0,-0.41911810636520386
7023124992.0,-0.40803027153015137
7024062464.0,-0.3969861567020416
7024999936.0,-0.31160855293273926
7025937408.0,-0.3143434524536133
7026874880.0,-0.31996992230415344
7027812352.0,-0.32388123869895935
7028749824.0,-0.3310169279575348
7029687296.0,-0.3381235897541046
7030624768.0,-0.3458712100982666
7031562752.0,-0.3549346923828125
7032500224.0,-0.3641684651374817
7033437696.0,-0.3761364817619324
7034375168.0,-0.38812488317489624
7035312640.0,-0.40131133794784546
7036250112.0,-0.4158421456813812
7037187584.0,-0.4298309087753296
7038125056.0,-0.4451209604740143
7039062528.0,-0.4596802294254303
7040000000.0,-0.4740501344203949
7040937472.0,-0.48771190643310547
7041874944.0,-0.5026134848594666
7042812416.0,-0.5161629915237427
7043749888.0,-0.5301636457443237
7044687360.0,-0.542550802230835
7045624832.0,-0.5556390881538391
7046562304.0,-0.5672063827514648
7047499776.0,-0.5779455900192261
7048437248.0,-0.5880454182624817
7049375232.0,-0.5961547493934631
7050312704.0,-0.604422390460968
7051250176.0,-0.6109530925750732
7052187648.0,-0.6164684295654297
7053125120.0,-0.6215556859970093
7054062592.0,-0.6236374378204346
7055000064.0,-0.6245278716087341
7055937536.0,-0.6247726678848267
7056875008.0,-0.6241092681884766
7057812480.0,-0.6228037476539612
7058749952.0,-0.6223627924919128
7059687424.0,-0.6210373044013977
7060624896.0,-0.6185603141784668
7061562368.0,-0.6137815713882446
7062499840.0,-0.6085209846496582
7063437312.0,-0.6025315523147583
7064374784.0,-0.5956888794898987
7065312256.0,-0.5879025459289551
7066250240.0,-0.5782687664031982
7067187712.0,-0.5675432682037354
7068125184.0,-0.5570775270462036
7069062656.0,-0.5444557666778564
7070000128.0,-0.5326589345932007
7070937600.0,-0.520990788936615
7071875072.0,-0.5073979496955872
7072812544.0,-0.4938831627368927
7073750016.0,-0.47960662841796875
7074687488.0,-0.4652542173862457
7075624960.0,-0.45152634382247925
7076562432.0,-0.4351936876773834
7077499904.0,-0.42058759927749634
7078437376.0,-0.4044961929321289
7079374848.0,-0.38809362053871155
7080312320.0,-0.3724651336669922
7081249792.0,-0.35627463459968567
7082187264.0,-0.33963915705680847
7083125248.0,-0.3233906328678131
7084062720.0,-0.3075922429561615
7085000192.0,-0.3708136975765228
7085937664.0,-0.35991400480270386
7086875136.0,-0.34794881939888
7087812608.0,-0.3369187116622925
7088750080.0,-0.3267572224140167
7089687552.0,-0.31664782762527466
7090625024.0,-0.3093724548816681
7091562496.0,-0.3008318245410919
7092499968.0,-0.2956063747406006
7093437440.0,-0.29059913754463196
7094374912.0,-0.28652092814445496
7095312384.0,-0.28314828872680664
7096249856.0,-0.28125882148742676
7097187328.0,-0.28099313378334045
7098124800.0,-0.28166043758392334
7099062272.0,-0.2847657799720764
7100000256.0,-0.28910961747169495
7100937728.0,-0.2947852313518524
7101875200.0,-0.3023012578487396
7102812672.0,-0.31154629588127136
7103750144.0,-0.3244028687477112
7104687616.0,-0.3363516926765442
7105625088.0,-0.3501081168651581
7106562560.0,-0.3648742735385895
7107500032.0,-0.3815328776836395
7108437504.0,-0.3995956480503082
7109374976.0,-0.4189213216304779
7110312448.0,-0.4413069784641266
7111249920.0,-0.46272599697113037
7112187392.0,-0.4856813848018646
7113124864.0,-0.5078473687171936
7114062336.0,-0.5310685634613037
7114999808.0,-0.5539010167121887
7115937280.0,-0.5775365233421326
7116874752.0,-0.5997715592384338
7117812736.0,-0.6196281313896179
7118750208.0,-0.6401515603065491
7119687680.0,-0.6596621870994568
7120625152.0,-0.6777922511100769
7121562624.0,-0.6936113834381104
7122500096.0,-0.7092751860618591
7123437568.0,-0.7224711179733276
7124375040.0,-0.7345382571220398
7125312512.0,-0.7451272010803223
7126249984.0,-0.7534044981002808
7127187456.0,-0.7584393620491028
7128124928.0,-0.7623949646949768
7129062400.0,-0.7634485363960266
7129999872.0,-0.7635097503662109
7130937344.0,-0.7607108354568481
7131874816.0,-0.755813479423523
7132812288.0,-0.7500401735305786
7133749760.0,-0.7425856590270996
7134687744.0,-0.7309789061546326
7135625216.0,-0.719207227230072
7136562688.0,-0.7065802216529846
7137500160.0,-0.6913014054298401
7138437632.0,-0.6751759052276611
7139375104.0,-0.657747745513916
7140312576.0,-0.6393863558769226
7141250048.0,-0.6189712285995483
7142187520.0,-0.5983400940895081
7143124992.0,-0.5776306390762329
7144062464.0,-0.4509965181350708
7144999936.0,-0.44967594742774963
7145937408.0,-0.4489515721797943
7146874880.0,-0.44503575563430786
7147812352.0,-0.44094932079315186
7148749824.0,-0.4388594925403595
7149687296.0,-0.4357711672782898
7150624768.0,-0.43312934041023254
7151562752.0,-0.43202459812164307
7152500224.0,-0.43057411909103394
7153437696.0,-0.43098539113998413
7154375168.0,-0.4323507845401764
7155312640.0,-0.4350152015686035
7156250112.0,-0.4388267993927002
7157187584.0,-0.4439197778701782
7158125056.0,-0.45087653398513794
7159062528.0,-0.4596249461174011
7160000000.0,-0.46802425384521484
7160937472.0,-0.4754859507083893
7161874944.0,-0.48296892642974854
7162812416.0,-0.4919154644012451
7163749888.0,-0.500059962272644
7164687360.0,-0.5115265846252441
7165624832.0,-0.5213342905044556
7166562304.0,-0.5309677124023438
7167499776.0,-0.5415138602256775
7168437248.0,-0.550838053226471
7169375232.0,-0.5596076846122742
7170312704.0,-0.567827582359314
7171250176.0,-0.5751275420188904
7172187648.0,-0.5805417895317078
7173125120.0,-0.5852593779563904
7174062592.0,-0.5889307260513306
7175000064.0,-0.5901394486427307
7175937536.0,-0.591543436050415
7176875008.0,-0.5905925035476685
7177812480.0,-0.5885178446769714
7178749952.0,-0.5837405920028687
7179687424.0,-0.5778653621673584
7180624896.0,-0.5709041357040405
7181562368.0,-0.5635239481925964
7182499840.0,-0.55269855260849
7183437312.0,-0.5420742630958557
7184374784.0,-0.5286997556686401
7185312256.0,-0.5145212411880493
7186250240.0,-0.496180921792984
7187187712.0,-0.47713521122932434
7188125184.0,-0.45734378695487976
7189062656.0,-0.4381387233734131
7190000128.0,-0.4176265597343445
7190937600.0,-0.3986263573169708
7191875072.0,-0.37925511598587036
7192812544.0,-0.35964322090148926
7193750016.0,-0.34006619453430176
7194687488.0,-0.3220456540584564
7195624960.0,-0.3038259446620941
7196562432.0,-0.2868649959564209
7197499904.0,-0.27211877703666687
7198437376.0,-0.2577192187309265
7199374848.0,-0.24525244534015656
7200312320.0,-0.23474225401878357
7201249792.0,-0.22748993337154388
7202187264.0,-0.22099332511425018
7203125248.0,-0.219013512134552
7204062720.0,-0.3263998031616211
7205000192.0,-0.3401157557964325
7205937664.0,-0.3565119206905365
7206875136.0,-0.3738330006599426
7207812608.0,-0.39610517024993896
7208750080.0,-0.4201357662677765
7209687552.0,-0.44550979137420654
7210625024.0,-0.4739952087402344
7211562496.0,-0.505328893661499
7212499968.0,-0.5383428335189819
7213437440.0,-0.571968138217926
7214374912.0,-0.606020450592041
7215312384.0,-0.6399717330932617
7216249856.0,-0.6731791496276855
7217187328.0,-0.7044457793235779
7218124800.0,-0.7355698943138123
7219062272.0,-0.7673894762992859
7219999744.0,-0.7938876152038574
7220937728.0,-0.8195586204528809
7221875200.0,-0.841935396194458
7222812672.0,-0.8604442477226257
7223750144.0,-0.8755238652229309
7224687616.0,-0.8863732218742371
7225625088.0,-0.8932909965515137
7226562560.0,-0.8951950073242188
7227500032.0,-0.8933117389678955
7228437504.0,-0.8875423073768616
7229374976.0,-0.8763312101364136
7230312448.0,-0.8613590598106384
7231249920.0,-0.8432672619819641
7232187392.0,-0.8202897906303406
7233124864.0,-0.7945414185523987
7234062336.0,-0.7640761733055115
7234999808.0,-0.7321416735649109
7235937280.0,-0.6960919499397278
7236874752.0,-0.6608806252479553
7237812736.0,-0.624219536781311
7238750208.0,-0.5854929685592651
7239687680.0,-0.544707715511322
7240625152.0,-0.503497838973999
7241562624.0,-0.46032533049583435
7242500096.0,-0.417651504278183
7243437568.0,-0.3754878342151642
7244375040.0,-0.33205077052116394
7245312512.0,-0.2901020348072052
7246249984.0,-0.25057223439216614
7247187456.0,-0.2114877998828888
7248124928.0,-0.17380964756011963
7249062400.0,-0.14092247188091278
7249999872.0,-0.10898767411708832
7250937344.0,-0.08071395754814148
7251874816.0,-0.055139731615781784
7252812288.0,-0.0334504172205925
7253749760.0,-0.0151923056691885
7254687744.0,0.0004959638463333249
7255625216.0,0.012080359272658825
7256562688.0,0.018457235768437386
7257500160.0,0.021985357627272606
7258437632.0,0.02056964859366417
7259375104.0,0.01478566788136959
7260312576.0,0.003195003839209676
7261250048.0,-0.010804101824760437
7262187520.0,-0.030296502634882927
7263124992.0,-0.05472413823008537
7264062464.0,-0.3192048668861389
7264999936.0,-0.3156800866127014
7265937408.0,-0.3157194256782532
7266874880.0,-0.3174630105495453
7267812352.0,-0.32063376903533936
7268749824.0,-0.3270171284675598
7269687296.0,-0.33562326431274414
7270624768.0,-0.3463323414325714
7271562752.0,-0.35908323526382446
7272500224.0,-0.37172502279281616
7273437696.0,-0.38573917746543884
7274375168.0,-0.40096956491470337
7275312640.0,-0.41920432448387146
7276250112.0,-0.4356163740158081
7277187584.0,-0.4514126777648926
7278125056.0,-0.4676663279533386
7279062528.0,-0.48392531275749207
7280000000.0,-0.49850356578826904
7280937472.0,-0.5124239921569824
7281874944.0,-0.524384081363678
7282812416.0,-0.533797562122345
7283749888.0,-0.5414827466011047
7284687360.0,-0.5462949872016907
7285624832.0,-0.5492112040519714
7286562304.0,-0.5488020777702332
7287499776.0,-0.5484492778778076
7288437248.0,-0.5471758842468262
7289375232.0,-0.5440107583999634
7290312704.0,-0.5383838415145874
7291250176.0,-0.529990553855896
7292187648.0,-0.5201893448829651
7293125120.0,-0.5080873370170593
7294062592.0,-0.4949546456336975
7295000064.0,-0.47905901074409485
7295937536.0,-0.464121550321579
7296875008.0,-0.44633427262306213
7297812480.0,-0.42818406224250793
7298749952.0,-0.4098430573940277
7299687424.0,-0.39064696431159973
7300624896.0,-0.37282323837280273
7301562368.0,-0.35456153750419617
7302499840.0,-0.3377113342285156
7303437312.0,-0.320285439491272
7304374784.0,-0.30526065826416016
7305312256.0,-0.29056206345558167
7306250240.0,-0.2774786949157715
7307187712.0,-0.26600024104118347
7308125184.0,-0.2558991611003876
7309062656.0,-0.24665574729442596
7310000128.0,-0.2391633540391922
7310937600.0,-0.23379799723625183
7311875072.0,-0.22799235582351685
7312812544.0,-0.22407928109169006
7313750016.0,-0.22326134145259857
7314687488.0,-0.2218550741672516
7315624960.0,-0.22089114785194397
7316562432.0,-0.21972070634365082
7317499904.0,-0.21858912706375122
7318437376.0,-0.21692705154418945
7319374848.0,-0.21588167548179626
7320312320.0,-0.21225868165493011
7321249792.0,-0.20729601383209229
7322187264.0,-0.19973070919513702
7323125248.0,-0.19160296022891998
7324062720.0,-0.3352305293083191
7325000192.0,-0.31401917338371277
7325937664.0,-0.29009464383125305
7326875136.0,-0.26604339480400085
7327812608.0,-0.23940874636173248
7328750080.0,-0.21208573877811432
7329687552.0,-0.18338017165660858
7330625024.0,-0.1562279313802719
7331562496.0,-0.13105013966560364
7332499968.0,-0.10772339254617691
7333437440.0,-0.08663731813430786
7334374912.0,-0.0686807855963707
7335312384.0,-0.05703413859009743
7336249856.0,-0.04950416088104248
7337187328.0,-0.04688427969813347
7338124800.0,-0.04756830260157585
7339062272.0,-0.05046113580465317
7340000256.0,-0.05782501399517059
7340937728.0,-0.07091253250837326
7341875200.0,-0.08731386065483093
7342812672.0,-0.10695624351501465
7343750144.0,-0.1298428177833557
7344687616.0,-0.15468640625476837
7345625088.0,-0.18026557564735413
7346562560.0,-0.20636503398418427
7347500032.0,-0.23125970363616943
7348437504.0,-0.2549024820327759
7349374976.0,-0.27737951278686523
7350312448.0,-0.2959933280944824
7351249920.0,-0.31006017327308655
7352187392.0,-0.3207421898841858
7353124864.0,-0.32892516255378723
7354062336.0,-0.33072325587272644
7354999808.0,-0.328708291053772
7355937280.0,-0.32039085030555725
7356874752.0,-0.30880144238471985
7357812736.0,-0.29099148511886597
7358750208.0,-0.2713810205459595
7359687680.0,-0.24668800830841064
7360625152.0,-0.21861805021762848
7361562624.0,-0.18880105018615723
7362500096.0,-0.15739233791828156
7363437568.0,-0.12433581054210663
7364375040.0,-0.0903606042265892
7365312512.0,-0.05699221417307854
7366249984.0,-0.026151880621910095
7367187456.0,0.002522783586755395
7368124928.0,0.02770078368484974
7369062400.0,0.047718364745378494
7369999872.0,0.06350348889827728
7370937344.0,0.07505439966917038
7371874816.0,0.08411899209022522
7372812288.0,0.09012480825185776
7373749760.0,0.09469091147184372
7374687744.0,0.09585856646299362
7375625216.0,0.09647715836763382
7376562688.0,0.09692714363336563
7377500160.0,0.09492435306310654
7378437632.0,0.09409715980291367
7379375104.0,0.09022477269172668
7380312576.0,0.08667217940092087
7381250048.0,0.08111782371997833
7382187520.0,0.07325999438762665
7383124992.0,0.06529981642961502
7384062464.0,-0.240127295255661
7384999936.0,-0.2571218013763428
7385937408.0,-0.2724035680294037
7386874880.0,-0.28974899649620056
7387812352.0,-0.3059939444065094
7388749824.0,-0.3202773928642273
7389687296.0,-0.3348957300186157
7390624768.0,-0.3446098268032074
7391562752.0,-0.3535884916782379
7392500224.0,-0.35833311080932617
7393437696.0,-0.36001062393188477
7394375168.0,-0.3596442937850952
7395312640.0,-0.3552115261554718
7396250112.0,-0.3460417091846466
7397187584.0,-0.33488261699676514
7398125056.0,-0.3197897672653198
7399062528.0,-0.30037689208984375
7400000000.0,-0.27787646651268005
7400937472.0,-0.253900408744812
7401874944.0,-0.22566889226436615
7402812416.0,-0.19532835483551025
7403749888.0,-0.1614275723695755
7404687360.0,-0.1274973750114441
7405624832.0,-0.09166967868804932
7406562304.0,-0.05478205904364586
7407499776.0,-0.01906566321849823
7408437248.0,0.0182579904794693
7409375232.0,0.05500304326415062
7410312704.0,0.09023605287075043
7411250176.0,0.12315354496240616
7412187648.0,0.1556979864835739
7413125120.0,0.18556852638721466
7414062592.0,0.21263685822486877
7415000064.0,0.2368430197238922
7415937536.0,0.2583353817462921
7416875008.0,0.27881091833114624
7417812480.0,0.2924734354019165
7418749952.0,0.3039892911911011
7419687424.0,0.3124048411846161
7420624896.0,0.3165612518787384
7421562368.0,0.31711700558662415
7422499840.0,0.3138807415962219
7423437312.0,0.307850182056427
7424374784.0,0.2986147105693817
7425312256.0,0.28485971689224243
7426250240.0,0.2680421471595764
7427187712.0,0.24864916503429413
7428125184.0,0.2277885526418686
7429062656.0,0.20409463346004486
7430000128.0,0.17826206982135773
7430937600.0,0.14875783026218414
7431875072.0,0.11919641494750977
7432812544.0,0.0886777937412262
7433750016.0,0.05746884271502495
7434687488.0,0.025085698813199997
7435624960.0,-0.007307956460863352
7436562432.0,-0.039428483694791794
7437499904.0,-0.07088415324687958
7438437376.0,-0.10093340277671814
7439374848.0,-0.13011731207370758
7440312320.0,-0.15940113365650177
7441249792.0,-0.18839746713638306
7442187264.0,-0.21508267521858215
7443125248.0,-0.23934169113636017
7444062720.0,0.012798672541975975
7445000192.0,-0.0013932290021330118
7445937664.0,-0.0178927443921566
7446875136.0,-0.034151870757341385
7447812608.0,-0.0519411526620388
7448750080.0,-0.06857761740684509
7449687552.0,-0.08404308557510376
7450625024.0,-0.10009049624204636
7451562496.0,-0.11474720388650894
7452499968.0,-0.12619563937187195
7453437440.0,-0.13634848594665527
7454374912.0,-0.14532382786273956
7455312384.0,-0.150460883975029
7456249856.0,-0.1537121683359146
7457187328.0,-0.1546684354543686
7458124800.0,-0.15468163788318634
7459062272.0,-0.15109355747699738
7459999744.0,-0.14661644399166107
7460937728.0,-0.13960778713226318
7461875200.0,-0.1316576451063156
7462812672.0,-0.12162784487009048
7463750144.0,-0.11175195872783661
7464687616.0,-0.10092667490243912
7465625088.0,-0.08962474763393402
7466562560.0,-0.08055069297552109
7467500032.0,-0.07213933765888214
7468437504.0,-0.06453892588615417
7469374976.0,-0.05618884414434433
7470312448.0,-0.04947376251220703
7471249920.0,-0.04484914615750313
7472187392.0,-0.04054154083132744
7473124864.0,-0.03619956597685814
7474062336.0,-0.03554251417517662
7474999808.0,-0.03545014187693596
7475937280.0,-0.03740701824426651
7476874752.0,-0.04020557552576065
7477812736.0,-0.04514212906360626
7478750208.0,-0.05066252127289772
7479687680.0,-0.05790405720472336
7480625152.0,-0.06701933592557907
7481562624.0,-0.07542097568511963
7482500096.0,-0.08596059679985046
7483437568.0,-0.09718485176563263
7484375040.0,-0.1083567887544632
7485312512.0,-0.12027677148580551
7486249984.0,-0.1309320628643036
7487187456.0,-0.14249353110790253
7488124928.0,-0.15175014734268188
7489062400.0,-0.1623314917087555
7489999872.0,-0.1705636978149414
7490937344.0,-0.17687036097049713
7491874816.0,-0.18218538165092468
7492812288.0,-0.18428900837898254
7493749760.0,-0.18617397546768188
7494687744.0,-0.18420636653900146
7495625216.0,-0.18304501473903656
7496562688.0,-0.17799395322799683
7497500160.0,-0.17249640822410583
7498437632.0,-0.1654832512140274
7499375104.0,-0.15592791140079498
7500312576.0,-0.14610590040683746
7501250048.0,-0.135969877243042
7502187520.0,-0.1250181794166565
7503124992.0,-0.11554766446352005
7504062464.0,-0.09406787902116776
7504999936.0,-0.06781023740768433
7505937408.0,-0.04684891179203987
7506874880.0,-0.0287773534655571
7507812352.0,-0.013858968392014503
7508749824.0,-0.002951447619125247
7509687296.0,0.004445706959813833
7510624768.0,0.008157249540090561
7511562752.0,0.008465898223221302
7512500224.0,0.004001623950898647
7513437696.0,-0.0037278346717357635
7514375168.0,-0.014149942435324192
7515312640.0,-0.02845950610935688
7516250112.0,-0.04366321489214897
7517187584.0,-0.05791278928518295
7518125056.0,-0.07346415519714355
7519062528.0,-0.08850127458572388
7520000000.0,-0.10447568446397781
7520937472.0,-0.11886964738368988
7521874944.0,-0.13316603004932404
7522812416.0,-0.1450565606355667
7523749888.0,-0.15444345772266388
7524687360.0,-0.1606273502111435
7525624832.0,-0.16537311673164368
7526562304.0,-0.16781140863895416
7527499776.0,-0.1669350266456604
7528437248.0,-0.1644064337015152
7529375232.0,-0.15735933184623718
7530312704.0,-0.1478399634361267
7531250176.0,-0.1376890242099762
7532187648.0,-0.12545613944530487
7533125120.0,-0.11215818673372269
7534062592.0,-0.09742630273103714
7535000064.0,-0.08345140516757965
7535937536.0,-0.06903499364852905
7536875008.0,-0.05608221888542175
7537812480.0,-0.045757830142974854
7538749952.0,-0.036857493221759796
7539687424.0,-0.030348751693964005
7540624896.0,-0.028300704434514046
7541562368.0,-0.029016971588134766
7542499840.0,-0.031589362770318985
7543437312.0,-0.04089278727769852
7544374784.0,-0.05297166481614113
7545312256.0,-0.07010004669427872
7546250240.0,-0.08890258520841599
7547187712.0,-0.11248191446065903
7548125184.0,-0.1396728903055191
7549062656.0,-0.16789603233337402
7550000128.0,-0.19738972187042236
7550937600.0,-0.22754549980163574
7551875072.0,-0.2589121162891388
7552812544.0,-0.2867526710033417
7553750016.0,-0.313433974981308
7554687488.0,-0.3363809287548065
7555624960.0,-0.35653117299079895
7556562432.0,-0.3744552433490753
7557499904.0,-0.38909924030303955
7558437376.0,-0.4026392102241516
7559374848.0,-0.4164535701274872
7560312320.0,-0.4289184510707855
7561249792.0,-0.44079428911209106
7562187264.0,-0.45259979367256165
7563125248.0,-0.4650033414363861
7564062720.0,-0.456820547580719
7565000192.0,-0.4432104527950287
7565937664.0,-0.42555752396583557
7566875136.0,-0.4070681035518646
7567812608.0,-0.3833419680595398
7568750080.0,-0.3604148030281067
7569687552.0,-0.3338247835636139
7570625024.0,-0.3074105679988861
7571562496.0,-0.2806720733642578
7572499968.0,-0.25328588485717773
7573437440.0,-0.22507166862487793
7574374912.0,-0.1973147988319397
7575312384.0,-0.17063008248806
7576249856.0,-0.1440335363149643
7577187328.0,-0.11688482761383057
7578124800.0,-0.09288027137517929
7579062272.0,-0.06977252662181854
7580000256.0,-0.046057526022195816
7580937728.0,-0.02636859379708767
7581875200.0,-0.0079730786383152
7582812672.0,0.008480392396450043
7583750144.0,0.02149406261742115
7584687616.0,0.03341250866651535
7585625088.0,0.04275093972682953
7586562560.0,0.049515288323163986
7587500032.0,0.054519280791282654
7588437504.0,0.05730895325541496
7589374976.0,0.05489511042833328
7590312448.0,0.05279962718486786
7591249920.0,0.04844135046005249
7592187392.0,0.041604816913604736
7593124864.0,0.033079229295253754
7594062336.0,0.02334391139447689
7594999808.0,0.011207113042473793
7595937280.0,-0.0007233242504298687
7596874752.0,-0.016165290027856827
7597812736.0,-0.03151917830109596
7598750208.0,-0.047892384231090546
7599687680.0,-0.06493975967168808
7600625152.0,-0.08325821161270142
7601562624.0,-0.10285969078540802
7602500096.0,-0.12115410715341568
7603437568.0,-0.13772062957286835
7604375040.0,-0.15613016486167908
7605312512.0,-0.1744915395975113
7606249984.0,-0.19019466638565063
7607187456.0,-0.2060932070016861
7608124928.0,-0.22070534527301788
7609062400.0,-0.23390093445777893
7609999872.0,-0.24677160382270813
7610937344.0,-0.25626885890960693
7611874816.0,-0.26620233058929443
7612812288.0,-0.27330073714256287
7613749760.0,-0.2796873450279236
7614687744.0,-0.28509730100631714
7615625216.0,-0.28888651728630066
7616562688.0,-0.29078543186187744
7617500160.0,-0.29169711470603943
7618437632.0,-0.2948051691055298
7619375104.0,-0.29956918954849243
7620312576.0,-0.3026435375213623
7621250048.0,-0.30560195446014404
7622187520.0,-0.30970093607902527
7623124992.0,-0.3126811385154724
7624062464.0,-0.3079301118850708
7624999936.0,-0.31338727474212646
7625937408.0,-0.31710588932037354
7626874880.0,-0.31763336062431335
7627812352.0,-0.3172474205493927
7628749824.0,-0.3136291205883026
7629687296.0,-0.3092373311519623
7630624768.0,-0.3028062880039215
7631562752.0,-0.29528701305389404
7632500224.0,-0.2850475311279297
7633437696.0,-0.27504366636276245
7634375168.0,-0.26260775327682495
7635312640.0,-0.25092682242393494
7636250112.0,-0.23828157782554626
7637187584.0,-0.22577603161334991
7638125056.0,-0.21283386647701263
7639062528.0,-0.19992545247077942
7640000000.0,-0.18640872836112976
7640937472.0,-0.17533142864704132
7641874944.0,-0.16369956731796265
7642812416.0,-0.15262363851070404
7643749888.0,-0.1434953510761261
7644687360.0,-0.13759446144104004
7645624832.0,-0.132978156208992
7646562304.0,-0.13022813200950623
7647499776.0,-0.1286144107580185
7648437248.0,-0.12714582681655884
7649375232.0,-0.12790845334529877
7650312704.0,-0.1295027732849121
7651250176.0,-0.13275930285453796
7652187648.0,-0.13696733117103577
7653125120.0,-0.14227992296218872
7654062592.0,-0.14734336733818054
7655000064.0,-0.15359850227832794
7655937536.0,-0.16134899854660034
7656875008.0,-0.16960857808589935
7657812480.0,-0.17788280546665192
7658749952.0,-0.18643535673618317
7659687424.0,-0.19485288858413696
7660624896.0,-0.20218093693256378
7661562368.0,-0.21112370491027832
7662499840.0,-0.21876107156276703
7663437312.0,-0.22541087865829468
7664374784.0,-0.23249804973602295
7665312256.0,-0.23958730697631836
7666250240.0,-0.2454819232225418
7667187712.0,-0.2503475546836853
7668125184.0,-0.254814475774765
7669062656.0,-0.2588280439376831
7670000128.0,-0.25857388973236084
7670937600.0,-0.25802382826805115
7671875072.0,-0.25603362917900085
7672812544.0,-0.25333356857299805
7673750016.0,-0.24942348897457123
7674687488.0,-0.24328218400478363
7675624960.0,-0.2384689897298813
7676562432.0,-0.23078785836696625
7677499904.0,-0.22269371151924133
7678437376.0,-0.2152518779039383
7679374848.0,-0.2062244713306427
7680312320.0,-0.19702062010765076
7681249792.0,-0.1887989193201065
7682187264.0,-0.1788165271282196
7683125248.0,-0.16924920678138733
7684062720.0,0.06522305309772491
7685000192.0,0.07849452644586563
7685937664.0,0.08877147734165192
7686875136.0,0.09767529368400574
7687812608.0,0.10331635922193527
7688750080.0,0.10804398357868195
7689687552.0,0.10757818818092346
7690625024.0,0.10608187317848206
7691562496.0,0.10135212540626526
7692499968.0,0.0945952981710434
7693437440.0,0.08510257303714752
7694374912.0,0.07233475893735886
7695312384.0,0.05783664062619209
7696249856.0,0.0409528873860836
7697187328.0,0.021837662905454636
7698124800.0,0.0020127955358475447
7699062272.0,-0.02163124829530716
7699999744.0,-0.04464118182659149
7700937728.0,-0.06787612289190292
7701875200.0,-0.09238587319850922
7702812672.0,-0.1165885329246521
7703750144.0,-0.13935136795043945
7704687616.0,-0.16314592957496643
7705625088.0,-0.1854817122220993
7706562560.0,-0.20632140338420868
7707500032.0,-0.22420737147331238
7708437504.0,-0.24268051981925964
7709374976.0,-0.25885629653930664
7710312448.0,-0.27300071716308594
7711249920.0,-0.28616318106651306
7712187392.0,-0.2968546450138092
7713124864.0,-0.3058447241783142
7714062336.0,-0.31273242831230164
7714999808.0,-0.3183077871799469
7715937280.0,-0.3215527832508087
7716874752.0,-0.32435715198516846
7717812736.0,-0.32411447167396545
7718750208.0,-0.32463204860687256
7719687680.0,-0.32196304202079773
7720625152.0,-0.3172745406627655
7721562624.0,-0.3125138580799103
7722500096.0,-0.3057580888271332
7723437568.0,-0.29755765199661255
7724375040.0,-0.29162338376045227
7725312512.0,-0.2831832468509674
7726249984.0,-0.2761910557746887
7727187456.0,-0.26921287178993225
7728124928.0,-0.25968876481056213
7729062400.0,-0.2537813186645508
7729999872.0,-0.24627266824245453
7730937344.0,-0.23904241621494293
7731874816.0,-0.2331310212612152
7732812288.0,-0.2275228500366211
7733749760.0,-0.22181059420108795
7734687744.0,-0.2173030972480774
7735625216.0,-0.2151263803243637
7736562688.0,-0.21270893514156342
7737500160.0,-0.210932657122612
7738437632.0,-0.2095184475183487
7739375104.0,-0.2101781666278839
7740312576.0,-0.2110259085893631
7741250048.0,-0.21366222202777863
7742187520.0,-0.21610857546329498
7743124992.0,-0.22179478406906128
7744062464.0,-0.19371795654296875
7744999936.0,-0.15760667622089386
7745937408.0,-0.11843795329332352
7746874880.0,-0.07839111983776093
7747812352.0,-0.04004225879907608
7748749824.0,-0.0023366939276456833
7749687296.0,0.0346587672829628
7750624768.0,0.0674225464463234
7751562752.0,0.09837955236434937
7752500224.0,0.12616631388664246
7753437696.0,0.150939479470253
7754375168.0,0.1720607429742813
7755312640.0,0.18949954211711884
7756250112.0,0.20376785099506378
7757187584.0,0.21465760469436646
7758125056.0,0.22011175751686096
7759062528.0,0.22411087155342102
7760000000.0,0.22387918829917908
7760937472.0,0.2206813097000122
7761874944.0,0.2144821435213089
7762812416.0,0.2054910659790039
7763749888.0,0.19471098482608795
7764687360.0,0.18260687589645386
7765624832.0,0.16727136075496674
7766562304.0,0.14980801939964294
7767499776.0,0.13169485330581665
7768437248.0,0.11151285469532013
7769375232.0,0.09167488664388657
7770312704.0,0.07074525952339172
7771250176.0,0.049792785197496414
7772187648.0,0.02891497313976288
7773125120.0,0.008675980381667614
7774062592.0,-0.011475699953734875
7775000064.0,-0.032042164355516434
7775937536.0,-0.05147074908018112
7776875008.0,-0.0709831565618515
7777812480.0,-0.08900458365678787
7778749952.0,-0.10687269270420074
7779687424.0,-0.12352894246578217
7780624896.0,-0.13975688815116882
7781562368.0,-0.15507063269615173
7782499840.0,-0.16907693445682526
7783437312.0,-0.18193578720092773
7784374784.0,-0.19341759383678436
7785312256.0,-0.2047191858291626
7786250240.0,-0.21567101776599884
7787187712.0,-0.22503387928009033
7788125184.0,-0.23356766998767853
7789062656.0,-0.24075539410114288
7790000128.0,-0.24813170731067657
7790937600.0,-0.2544093132019043
7791875072.0,-0.26083046197891235
7792812544.0,-0.2659708261489868
7793750016.0,-0.2702937722206116
7794687488.0,-0.27516889572143555
7795624960.0,-0.2786509096622467
7796562432.0,-0.2832150161266327
7797499904.0,-0.29051685333251953
7798437376.0,-0.29564914107322693
7799374848.0,-0.29873719811439514
7800312320.0,-0.3012412190437317
7801249792.0,-0.3026049733161926
7802187264.0,-0.30256524682044983
7803125248.0,-0.300660640001297
7804062720.0,-0.28223395347595215
7805000192.0,-0.2732219099998474
7805937664.0,-0.26292118430137634
7806875136.0,-0.2518288195133209
7807812608.0,-0.2396763116121292
7808750080.0,-0.2260466068983078
7809687552.0,-0.21268656849861145
7810625024.0,-0.1987064927816391
7811562496.0,-0.18340158462524414
7812499968.0,-0.16819129884243011
7813437440.0,-0.15199688076972961
7814374912.0,-0.13626277446746826
7815312384.0,-0.11925923824310303
7816249856.0,-0.10185986012220383
7817187328.0,-0.08534705638885498
7818124800.0,-0.06906522810459137
7819062272.0,-0.05117470398545265
7820000256.0,-0.035731084644794464
7820937728.0,-0.02095876820385456
7821875200.0,-0.006046532187610865
7822812672.0,0.0048897783271968365
7823750144.0,0.0150452870875597
7824687616.0,0.02519615925848484
7825625088.0,0.03294484317302704
7826562560.0,0.04052548110485077
7827500032.0,0.04737011343240738
7828437504.0,0.054486989974975586
7829374976.0,0.05970880389213562
7830312448.0,0.06450597941875458
7831249920.0,0.06886313855648041
7832187392.0,0.07320117205381393
7833124864.0,0.07480280846357346
7834062336.0,0.07716505974531174
7834999808.0,0.07943566888570786
7835937280.0,0.08112626522779465
7836874752.0,0.08280835300683975
7837812736.0,0.08219066262245178
7838750208.0,0.08300577104091644
7839687680.0,0.0828525722026825
7840625152.0,0.0831669420003891
7841562624.0,0.08253545314073563
7842500096.0,0.08151204138994217
7843437568.0,0.08035439997911453
7844375040.0,0.07982958108186722
7845312512.0,0.07918374240398407
7846249984.0,0.07637088745832443
7847187456.0,0.07530366629362106
7848124928.0,0.07078313082456589
7849062400.0,0.06651757657527924
7849999872.0,0.06053708493709564
7850937344.0,0.05418747663497925
7851874816.0,0.04978368431329727
7852812288.0,0.042772792279720306
7853749760.0,0.036226894706487656
7854687744.0,0.029181508347392082
7855625216.0,0.02063051052391529
7856562688.0,0.013144280761480331
7857500160.0,0.004283042624592781
7858437632.0,-0.005053551867604256
7859375104.0,-0.01446672435849905
7860312576.0,-0.02465655282139778
7861250048.0,-0.03557831794023514
7862187520.0,-0.04619462043046951
7863124992.0,-0.05691764876246452
7864062464.0,0.04248451068997383
7864999936.0,0.03337028995156288
7865937408.0,0.025007784366607666
7866874880.0,0.017395853996276855
7867812352.0,0.010736079886555672
7868749824.0,0.004269841592758894
7869687296.0,-0.0008192271343432367
7870624768.0,-0.005302192643284798
7871562752.0,-0.0091500049456954
7872500224.0,-0.013378843665122986
7873437696.0,-0.018861448392271996
7874375168.0,-0.024980980902910233
7875312640.0,-0.031105006113648415
7876250112.0,-0.03776202350854874
7877187584.0,-0.04420595243573189
7878125056.0,-0.05111158266663551
7879062528.0,-0.059370897710323334
7880000000.0,-0.06891840696334839
7880937472.0,-0.08029080927371979
7881874944.0,-0.09099117666482925
7882812416.0,-0.1035626009106636
7883749888.0,-0.11905495077371597
7884687360.0,-0.13545860350131989
7885624832.0,-0.15426848828792572
7886562304.0,-0.17302654683589935
7887499776.0,-0.19510585069656372
7888437248.0,-0.21723300218582153
7889375232.0,-0.2405852973461151
7890312704.0,-0.2642814517021179
7891250176.0,-0.2890753448009491
7892187648.0,-0.31380540132522583
7893125120.0,-0.33909812569618225
7894062592.0,-0.3646852672100067
7895000064.0,-0.388258695602417
7895937536.0,-0.4131888449192047
7896875008.0,-0.4352574646472931
7897812480.0,-0.455221563577652
7898749952.0,-0.4732385277748108
7899687424.0,-0.48786401748657227
7900624896.0,-0.4997563362121582
7901562368.0,-0.5096542835235596
7902499840.0,-0.5165747404098511
7903437312.0,-0.5205122828483582
7904374784.0,-0.5214990377426147
7905312256.0,-0.5197977423667908
7906250240.0,-0.5146364569664001
7907187712.0,-0.5058616399765015
7908125184.0,-0.49506816267967224
7909062656.0,-0.48181453347206116
7910000128.0,-0.4650435149669647
7910937600.0,-0.4468682110309601
7911875072.0,-0.4251227080821991
7912812544.0,-0.4017992317676544
7913750016.0,-0.37622687220573425
7914687488.0,-0.3494882583618164
7915624960.0,-0.32138490676879883
7916562432.0,-0.2914062440395355
7917499904.0,-0.26144787669181824
7918437376.0,-0.23142968118190765
7919374848.0,-0.20048809051513672
7920312320.0,-0.16925181448459625
7921249792.0,-0.13922932744026184
7922187264.0,-0.1100459098815918
7923125248.0,-0.08242383599281311
7924062720.0,0.06202838942408562
7925000192.0,0.0832420364022255
7925937664.0,0.10113949328660965
7926875136.0,0.11798067390918732
7927812608.0,0.13227622210979462
7928750080.0,0.14425399899482727
7929687552.0,0.1534464806318283
7930625024.0,0.1605699062347412
7931562496.0,0.16434089839458466
7932499968.0,0.1680583655834198
7933437440.0,0.16730652749538422
7934374912.0,0.16412797570228577
7935312384.0,0.15988832712173462
7936249856.0,0.15347939729690552
7937187328.0,0.14462408423423767
7938124800.0,0.1353263109922409
7939062272.0,0.12256480753421783
7939999744.0,0.10864336788654327
7940937728.0,0.09469126909971237
7941875200.0,0.07782600075006485
7942812672.0,0.060617633163928986
7943750144.0,0.0413014218211174
7944687616.0,0.021744633093476295
7945625088.0,0.0017363530350849032
7946562560.0,-0.019380180165171623
7947500032.0,-0.04201455041766167
7948437504.0,-0.06439454853534698
7949374976.0,-0.0876026526093483
7950312448.0,-0.10786396265029907
7951249920.0,-0.13021261990070343
7952187392.0,-0.15142910182476044
7953124864.0,-0.1736217439174652
7954062336.0,-0.19555339217185974
7954999808.0,-0.2172299325466156
7955937280.0,-0.23832517862319946
7956874752.0,-0.2603248059749603
7957812736.0,-0.2814018130302429
7958750208.0,-0.3022478222846985
7959687680.0,-0.32252201437950134
7960625152.0,-0.34432151913642883
7961562624.0,-0.363456130027771
7962500096.0,-0.3834719955921173
7963437568.0,-0.400807648897171
7964375040.0,-0.41900885105133057
7965312512.0,-0.4358713924884796
7966249984.0,-0.4520381689071655
7967187456.0,-0.46532222628593445
7968124928.0,-0.4783613383769989
7969062400.0,-0.4891946613788605
7969999872.0,-0.4986500144004822
7970937344.0,-0.5061299204826355
7971874816.0,-0.5119723081588745
7972812288.0,-0.5168083310127258
7973749760.0,-0.5177656412124634
7974687744.0,-0.5192434787750244
7975625216.0,-0.5169013738632202
7976562688.0,-0.5145729184150696
7977500160.0,-0.5092862248420715
7978437632.0,-0.5002845525741577
7979375104.0,-0.4912761449813843
7980312576.0,-0.478667676448822
7981250048.0,-0.463644802570343
7982187520.0,-0.44737541675567627
7983124992.0,-0.42942196130752563
7984062464.0,-0.4052451252937317
7984999936.0,-0.39028143882751465
7985937408.0,-0.3755247890949249
7986874880.0,-0.35879772901535034
7987812352.0,-0.3407398760318756
7988749824.0,-0.3235096335411072
7989687296.0,-0.3040499687194824
7990624768.0,-0.284097820520401
7991562752.0,-0.2640000581741333
7992500224.0,-0.2437850534915924
7993437696.0,-0.22363290190696716
7994375168.0,-0.20336581766605377
7995312640.0,-0.18315334618091583
7996250112.0,-0.16348862648010254
7997187584.0,-0.1438748836517334
7998125056.0,-0.12461848556995392
7999062528.0,-0.10796064138412476
8000000000.0,-0.08840446174144745
