Frequency (Hz),Measurement
2000000000.0,0.1517423540353775
2000937472.0,0.14478647708892822
2001874944.0,0.14110539853572845
2002812544.0,0.1366940140724182
2003750016.0,0.13170099258422852
2004687488.0,0.12633565068244934
2005624960.0,0.12137554585933685
2006562560.0,0.11566878855228424
2007500032.0,0.11016707867383957
2008437504.0,0.10433352738618851
2009374976.0,0.0989239439368248
2010312448.0,0.0921054482460022
2011250048.0,0.08574675023555756
2012187520.0,0.07932131737470627
2013124992.0,0.07317682355642319
2014062464.0,0.06640635430812836
2015000064.0,0.06100451946258545
2015937536.0,0.053947243839502335
2016875008.0,0.048372574150562286
2017812480.0,0.041920945048332214
2018749952.0,0.036312781274318695
2019687552.0,0.031897250562906265
2020625024.0,0.02623254619538784
2021562496.0,0.022221168503165245
2022499968.0,0.018689768388867378
2023437440.0,0.015884609892964363
2024375040.0,0.013201947323977947
2025312512.0,0.011770791374146938
2026249984.0,0.011150918900966644
2027187456.0,0.010800148360431194
2028125056.0,0.011446922086179256
2029062528.0,0.012854932807385921
2030000000.0,0.015028480440378189
2030937472.0,0.0183555968105793
2031874944.0,0.022252609953284264
2032812544.0,0.027121150866150856
2033750016.0,0.03279995545744896
2034687488.0,0.038125135004520416
2035624960.0,0.0456656813621521
2036562560.0,0.053668953478336334
2037500032.0,0.06138904392719269
2038437504.0,0.06969110667705536
2039374976.0,0.07833194732666016
2040312448.0,0.08653011173009872
2041250048.0,0.09536904096603394
2042187520.0,0.10352513194084167
2043124992.0,0.11169853061437607
2044062464.0,0.11934822052717209
2044999936.0,0.12590786814689636
2045937536.0,0.13292735815048218
2046875008.0,0.13806936144828796
2047812480.0,0.14320826530456543
2048749952.0,0.15307925641536713
2049687552.0,0.14844036102294922
2050625024.0,0.14348730444908142
2051562496.0,0.1372513622045517
2052499968.0,0.1308416724205017
2053437440.0,0.12426496297121048
2054375040.0,0.11709104478359222
2055312512.0,0.11001486331224442
2056249984.0,0.10312958061695099
2057187456.0,0.09567376226186752
2058125056.0,0.08828667551279068
2059062528.0,0.08164969831705093
2060000000.0,0.07418034970760345
2060937472.0,0.06734418123960495
2061874944.0,0.06086236983537674
2062812544.0,0.055946674197912216
2063750016.0,0.048643242567777634
2064687488.0,0.043028753250837326
2065624960.0,0.038668710738420486
2066562560.0,0.03454620763659477
2067500032.0,0.02921665832400322
2068437504.0,0.0246500913053751
2069374976.0,0.02049686387181282
2070312448.0,0.016838792711496353
2071250048.0,0.013742406852543354
2072187520.0,0.010532116517424583
2073124992.0,0.008158192969858646
2074062464.0,0.005656140390783548
2075000064.0,0.0036160165909677744
2075937536.0,0.002816351130604744
2076875008.0,0.0014496591174975038
2077812480.0,0.0003366879536770284
2078749952.0,0.00026673346292227507
2079687552.0,-8.054917998379096e-05
2080625024.0,0.00043905331403948367
2081562496.0,0.0006611321005038917
2082499968.0,0.0024919849820435047
2083437440.0,0.003788877511397004
2084375040.0,0.0062921540811657906
2085312512.0,0.008553841151297092
2086249984.0,0.011508977971971035
2087187456.0,0.015403363853693008
2088125056.0,0.019536271691322327
2089062528.0,0.024524856358766556
2090000000.0,0.030470751225948334
2090937472.0,0.03598237410187721
2091874944.0,0.042954474687576294
2092812544.0,0.05012530833482742
2093750016.0,0.05819123983383179
2094687488.0,0.06676933169364929
2095624960.0,0.07624216377735138
2096562560.0,0.08556319028139114
2097500032.0,0.09647686779499054
2098437504.0,0.10688771307468414
2099374976.0,0.11867614090442657
2100312448.0,0.1308693289756775
2101250048.0,0.14396686851978302
2102187520.0,0.1563902199268341
2103124992.0,0.17002613842487335
2104062464.0,0.18363580107688904
2104999936.0,0.19619140028953552
2105937536.0,0.21061865985393524
2106875008.0,0.22317107021808624
2107812480.0,0.2355376034975052
2108749952.0,0.27388647198677063
2109687552.0,0.28274664282798767
2110625024.0,0.28948038816452026
2111562496.0,0.29692575335502625
2112499968.0,0.3021445870399475
2113437440.0,0.3065948188304901
2114375040.0,0.31037652492523193
2115312512.0,0.31154143810272217
2116249984.0,0.31025877594947815
2117187456.0,0.3056319057941437
2118125056.0,0.2993643879890442
2119062528.0,0.2887779772281647
2120000000.0,0.2769257426261902
2120937472.0,0.26078662276268005
2121874944.0,0.24264881014823914
2122812544.0,0.2218484878540039
2123750016.0,0.1990320235490799
2124687488.0,0.1748405545949936
2125624960.0,0.14964734017848969
2126562560.0,0.12151148915290833
2127500032.0,0.09453675895929337
2128437504.0,0.06724219024181366
2129374976.0,0.040647272020578384
2130312448.0,0.015537764877080917
2131250048.0,-0.008413481526076794
2132187520.0,-0.03086094930768013
2133124992.0,-0.05037330836057663
2134062464.0,-0.06779671460390091
2135000064.0,-0.08247444033622742
2135937536.0,-0.09445039182901382
2136875008.0,-0.10362604260444641
2137812480.0,-0.10966682434082031
2138749952.0,-0.11234406381845474
2139687552.0,-0.11238595098257065
2140625024.0,-0.11062116920948029
2141562496.0,-0.10627593100070953
2142499968.0,-0.09822829067707062
2143437440.0,-0.08995222300291061
2144375040.0,-0.07947313040494919
2145312512.0,-0.06692266464233398
2146249984.0,-0.05372491478919983
2147187456.0,-0.039325106889009476
2148124928.0,-0.025332340970635414
2149062400.0,-0.010267158038914204
2150000128.0,0.004153734538704157
2150937600.0,0.019447214901447296
2151875072.0,0.03441297635436058
2152812544.0,0.04843910038471222
2153750016.0,0.0615115649998188
2154687488.0,0.07414793223142624
2155624960.0,0.08654947578907013
2156562432.0,0.09762866795063019
2157499904.0,0.108189657330513
2158437376.0,0.11824248731136322
2159375104.0,0.12783697247505188
2160312576.0,0.13743194937705994
2161250048.0,0.14722302556037903
2162187520.0,0.1555403172969818
2163124992.0,0.16346612572669983
2164062464.0,0.17167899012565613
2164999936.0,0.17995764315128326
2165937408.0,0.18762017786502838
2166874880.0,0.1953640729188919
2167812608.0,0.2031446248292923
2168750080.0,0.22714941203594208
2169687552.0,0.23768845200538635
2170625024.0,0.2489885687828064
2171562496.0,0.2587938606739044
2172499968.0,0.26862168312072754
2173437440.0,0.2774199843406677
2174374912.0,0.2866840660572052
2175312384.0,0.2943354845046997
2176250112.0,0.30096518993377686
2177187584.0,0.3051767349243164
2178125056.0,0.308451384305954
2179062528.0,0.3091539144515991
2180000000.0,0.3085106313228607
2180937472.0,0.3057944178581238
2181874944.0,0.3015928864479065
2182812416.0,0.2948070764541626
2183749888.0,0.28563013672828674
2184687616.0,0.27509111166000366
2185625088.0,0.26245978474617004
2186562560.0,0.24844779074192047
2187500032.0,0.2332354635000229
2188437504.0,0.21595816314220428
2189374976.0,0.19735918939113617
2190312448.0,0.1770082414150238
2191249920.0,0.15684157609939575
2192187392.0,0.1359911859035492
2193125120.0,0.11522214114665985
2194062592.0,0.09416066855192184
2195000064.0,0.0739414319396019
2195937536.0,0.054171107709407806
2196875008.0,0.035021841526031494
2197812480.0,0.01759079471230507
2198749952.0,0.0012049350189045072
2199687424.0,-0.012515234760940075
2200624896.0,-0.024705056101083755
2201562624.0,-0.035203222185373306
2202500096.0,-0.04324781522154808
2203437568.0,-0.04895009100437164
2204375040.0,-0.054175931960344315
2205312512.0,-0.05429745092988014
2206249984.0,-0.053465358912944794
2207187456.0,-0.05101245641708374
2208124928.0,-0.04596491903066635
2209062400.0,-0.038621872663497925
2209999872.0,-0.02915896847844124
2210937600.0,-0.018149076029658318
2211875072.0,-0.005843942053616047
2212812544.0,0.007996637374162674
2213750016.0,0.02236170880496502
2214687488.0,0.03954809531569481
2215624960.0,0.05519125238060951
2216562432.0,0.07280651479959488
2217499904.0,0.09084558486938477
2218437376.0,0.10829301178455353
2219375104.0,0.12618130445480347
2220312576.0,0.1425441950559616
2221250048.0,0.16015878319740295
2222187520.0,0.17563603818416595
2223124992.0,0.18939432501792908
2224062464.0,0.20248499512672424
2224999936.0,0.21409185230731964
2225937408.0,0.22389155626296997
2226874880.0,0.23264102637767792
2227812608.0,0.24023586511611938
2228750080.0,0.21240529417991638
2229687552.0,0.21740920841693878
2230625024.0,0.22178134322166443
2231562496.0,0.22514522075653076
2232499968.0,0.22739888727664948
2233437440.0,0.2276824712753296
2234374912.0,0.2265862077474594
2235312384.0,0.22354482114315033
2236250112.0,0.2173822671175003
2237187584.0,0.20971795916557312
2238125056.0,0.19973769783973694
2239062528.0,0.18770363926887512
2240000000.0,0.1745169460773468
2240937472.0,0.15809573233127594
2241874944.0,0.14158591628074646
2242812416.0,0.12338505685329437
2243749888.0,0.10300610214471817
2244687616.0,0.08212582021951675
2245625088.0,0.06124269589781761
2246562560.0,0.04019082337617874
2247500032.0,0.019103186205029488
2248437504.0,-0.0012430304195731878
2249374976.0,-0.022011060267686844
2250312448.0,-0.040186166763305664
2251249920.0,-0.057109687477350235
2252187392.0,-0.07256925851106644
2253125120.0,-0.08566315472126007
2254062592.0,-0.09658995270729065
2255000064.0,-0.1056952252984047
2255937536.0,-0.11160194873809814
2256875008.0,-0.11613927781581879
2257812480.0,-0.11682161688804626
2258749952.0,-0.11598282307386398
2259687424.0,-0.11204294115304947
2260624896.0,-0.10571037232875824
2261562624.0,-0.09797031432390213
2262500096.0,-0.08817072957754135
2263437568.0,-0.07618379592895508
2264375040.0,-0.06374489516019821
2265312512.0,-0.049496233463287354
2266249984.0,-0.033905383199453354
2267187456.0,-0.017832791432738304
2268124928.0,-0.0005688826204277575
2269062400.0,0.016590801998972893
2270000128.0,0.034481342881917953
2270937600.0,0.05193893611431122
2271875072.0,0.06872925907373428
2272812544.0,0.08647669851779938
2273750016.0,0.10322742909193039
2274687488.0,0.11880941689014435
2275624960.0,0.13538207113742828
2276562432.0,0.14951865375041962
2277499904.0,0.16373272240161896
2278437376.0,0.17589181661605835
2279375104.0,0.18751971423625946
2280312576.0,0.19810588657855988
2281250048.0,0.20843850076198578
2282187520.0,0.21664917469024658
2283124992.0,0.22367092967033386
2284062464.0,0.2308136224746704
2284999936.0,0.23742735385894775
2285937408.0,0.24285995960235596
2286874880.0,0.24847708642482758
2287812608.0,0.2521902918815613
2288750080.0,0.26390016078948975
2289687552.0,0.27242815494537354
2290625024.0,0.2799082398414612
2291562496.0,0.2876216769218445
2292499968.0,0.29572057723999023
2293437440.0,0.30241355299949646
2294374912.0,0.3097495436668396
2295312384.0,0.31534138321876526
2296250112.0,0.3206314742565155
2297187584.0,0.32417988777160645
2298125056.0,0.32578757405281067
2299062528.0,0.3269437551498413
2300000000.0,0.32471078634262085
2300937472.0,0.32088297605514526
2301874944.0,0.31579574942588806
2302812416.0,0.3068096339702606
2303749888.0,0.2955830991268158
2304687616.0,0.28247782588005066
2305625088.0,0.2660996615886688
2306562560.0,0.24743865430355072
2307500032.0,0.22589518129825592
2308437504.0,0.20246875286102295
2309374976.0,0.1764448583126068
2310312448.0,0.1498258262872696
2311249920.0,0.12183305621147156
2312187392.0,0.09165100008249283
2313125120.0,0.06315898150205612
2314062592.0,0.0335799939930439
2315000064.0,0.004122537560760975
2315937536.0,-0.023441167548298836
2316875008.0,-0.04918868839740753
2317812480.0,-0.0728939026594162
2318749952.0,-0.09513462334871292
2319687424.0,-0.11450059711933136
2320624896.0,-0.1321135312318802
2321562624.0,-0.1467130482196808
2322500096.0,-0.16025815904140472
2323437568.0,-0.171323761343956
2324375040.0,-0.17869625985622406
2325312512.0,-0.18605025112628937
2326249984.0,-0.189954936504364
2327187456.0,-0.19346360862255096
2328124928.0,-0.19366151094436646
2329062400.0,-0.1917797327041626
2329999872.0,-0.1893351823091507
2330937600.0,-0.1846408247947693
2331875072.0,-0.178536519408226
2332812544.0,-0.1713963896036148
2333750016.0,-0.1612055003643036
2334687488.0,-0.151361882686615
2335624960.0,-0.13876084983348846
2336562432.0,-0.12450352311134338
2337499904.0,-0.10854612290859222
2338437376.0,-0.09127228707075119
2339375104.0,-0.07201226055622101
2340312576.0,-0.051869574934244156
2341250048.0,-0.029994148761034012
2342187520.0,-0.006957419216632843
2343124992.0,0.017208775505423546
2344062464.0,0.04271207004785538
2344999936.0,0.06884840130805969
2345937408.0,0.09513707458972931
2346874880.0,0.12098418176174164
2347812608.0,0.1477024108171463
2348750080.0,0.20288927853107452
2349687552.0,0.21730269491672516
2350625024.0,0.2307024449110031
2351562496.0,0.23979100584983826
2352499968.0,0.24618157744407654
2353437440.0,0.24954287707805634
2354374912.0,0.2492072582244873
2355312384.0,0.2449074536561966
2356250112.0,0.2371937334537506
2357187584.0,0.22595930099487305
2358125056.0,0.21249160170555115
2359062528.0,0.19579750299453735
2360000000.0,0.17568807303905487
2360937472.0,0.15360572934150696
2361874944.0,0.12898549437522888
2362812416.0,0.10507266223430634
2363749888.0,0.07805082201957703
2364687616.0,0.04948808252811432
2365625088.0,0.021729545667767525
2366562560.0,-0.00713779591023922
2367500032.0,-0.03684582933783531
2368437504.0,-0.06537263840436935
2369374976.0,-0.09198401868343353
2370312448.0,-0.11768348515033722
2371249920.0,-0.1419517546892166
2372187392.0,-0.16402006149291992
2373125120.0,-0.18388807773590088
2374062592.0,-0.20184917747974396
2375000064.0,-0.2172325700521469
2375937536.0,-0.22917068004608154
2376875008.0,-0.23811224102973938
2377812480.0,-0.24461710453033447
2378749952.0,-0.24885441362857819
2379687424.0,-0.25025588274002075
2380624896.0,-0.2487272173166275
2381562624.0,-0.24552223086357117
2382500096.0,-0.2393292784690857
2383437568.0,-0.23116713762283325
2384375040.0,-0.2211528867483139
2385312512.0,-0.20933151245117188
2386249984.0,-0.19536250829696655
2387187456.0,-0.18014846742153168
2388124928.0,-0.16378279030323029
2389062400.0,-0.1478576511144638
2390000128.0,-0.1303335726261139
2390937600.0,-0.11332635581493378
2391875072.0,-0.09624303877353668
2392812544.0,-0.08010929822921753
2393750016.0,-0.06498293578624725
2394687488.0,-0.05145970359444618
2395624960.0,-0.036442894488573074
2396562432.0,-0.024099545553326607
2397499904.0,-0.012495158240199089
2398437376.0,-0.001634340500459075
2399375104.0,0.007984044030308723
2400312576.0,0.01551706250756979
2401250048.0,0.021465910598635674
2402187520.0,0.027797050774097443
2403124992.0,0.03164687380194664
2404062464.0,0.034409474581480026
2404999936.0,0.03638086095452309
2405937408.0,0.03736494854092598
2406874880.0,0.035971224308013916
2407812608.0,0.03500502556562424
2408750080.0,0.030307220295071602
2409687552.0,0.03596971929073334
2410625024.0,0.038737472146749496
2411562496.0,0.040148597210645676
2412499968.0,0.03806047886610031
2413437440.0,0.03495326638221741
2414374912.0,0.0291840061545372
2415312384.0,0.021219540387392044
2416250112.0,0.011153656989336014
2417187584.0,-0.0010965082328766584
2418125056.0,-0.01667863130569458
2419062528.0,-0.03225283697247505
2420000000.0,-0.04974547401070595
2420937472.0,-0.06770389527082443
2421874944.0,-0.08710774779319763
2422812416.0,-0.10880136489868164
2423749888.0,-0.13020440936088562
2424687616.0,-0.15215015411376953
2425625088.0,-0.17382171750068665
2426562560.0,-0.19634893536567688
2427500032.0,-0.2186625748872757
2428437504.0,-0.240773007273674
2429374976.0,-0.26043179631233215
2430312448.0,-0.2808609902858734
2431249920.0,-0.29974618554115295
2432187392.0,-0.31761661171913147
2433125120.0,-0.33512261509895325
2434062592.0,-0.3503861427307129
2435000064.0,-0.3638679087162018
2435937536.0,-0.3773505985736847
2436875008.0,-0.3888520896434784
2437812480.0,-0.39943927526474
2438749952.0,-0.408552348613739
2439687424.0,-0.41533979773521423
2440624896.0,-0.4209517538547516
2441562624.0,-0.4258556067943573
2442500096.0,-0.4285401701927185
2443437568.0,-0.4302501678466797
2444375040.0,-0.43056195974349976
2445312512.0,-0.4301818609237671
2446249984.0,-0.4284175634384155
2447187456.0,-0.4255163371562958
2448124928.0,-0.42023083567619324
2449062400.0,-0.4149661064147949
2449999872.0,-0.40974941849708557
2450937600.0,-0.4027386009693146
2451875072.0,-0.396109402179718
2452812544.0,-0.3893497884273529
2453750016.0,-0.38302481174468994
2454687488.0,-0.3766683042049408
2455624960.0,-0.37025269865989685
2456562432.0,-0.3642951250076294
2457499904.0,-0.35807326436042786
2458437376.0,-0.3518209159374237
2459375104.0,-0.3483181595802307
2460312576.0,-0.34454643726348877
2461250048.0,-0.34221771359443665
2462187520.0,-0.3413729667663574
2463124992.0,-0.340654581785202
2464062464.0,-0.34174907207489014
2464999936.0,-0.34496575593948364
2465937408.0,-0.3499670922756195
2466874880.0,-0.35733699798583984
2467812608.0,-0.367454469203949
2468750080.0,-0.4525580108165741
2469687552.0,-0.4745144844055176
2470625024.0,-0.49763917922973633
2471562496.0,-0.5227878093719482
2472499968.0,-0.5531088709831238
2473437440.0,-0.5867018699645996
2474374912.0,-0.6233101487159729
2475312384.0,-0.6638578176498413
2476250112.0,-0.706261157989502
2477187584.0,-0.7523159384727478
2478125056.0,-0.8030253052711487
2479062528.0,-0.8560625910758972
2480000000.0,-0.9124332070350647
2480937472.0,-0.9714924693107605
2481874944.0,-1.0328795909881592
2482812416.0,-1.0984010696411133
2483749888.0,-1.1665458679199219
2484687616.0,-1.2386056184768677
2485625088.0,-1.3136066198349
2486562560.0,-1.3935457468032837
2487500032.0,-1.4778594970703125
2488437504.0,-1.564077377319336
2489374976.0,-1.6551636457443237
2490312448.0,-1.7503732442855835
2491249920.0,-1.8483502864837646
2492187392.0,-1.9517642259597778
2493125120.0,-2.058732271194458
2494062592.0,-2.170713424682617
2495000064.0,-2.288316488265991
2495937536.0,-2.410949945449829
2496875008.0,-2.5400121212005615
2497812480.0,-2.6759188175201416
2498749952.0,-2.8193862438201904
2499687424.0,-2.973179578781128
2500624896.0,-3.136687994003296
2501562624.0,-3.3113296031951904
2502500096.0,-3.4981751441955566
2503437568.0,-3.6985011100769043
2504375040.0,-3.912551164627075
2505312512.0,-4.1430230140686035
2506249984.0,-4.390058994293213
2507187456.0,-4.658627986907959
2508124928.0,-4.946779727935791
2509062400.0,-5.253345966339111
2510000128.0,-5.574684143066406
2510937600.0,-5.914360046386719
2511875072.0,-6.263957977294922
2512812544.0,-6.615675449371338
2513750016.0,-6.9596428871154785
2514687488.0,-7.278098106384277
2515624960.0,-7.560939788818359
2516562432.0,-7.786725044250488
2517499904.0,-7.942458152770996
2518437376.0,-8.012847900390625
2519375104.0,-7.99536657333374
2520312576.0,-7.887787818908691
2521250048.0,-7.692983150482178
2522187520.0,-7.427123069763184
2523124992.0,-7.103848934173584
2524062464.0,-6.7457146644592285
2524999936.0,-6.365603446960449
2525937408.0,-5.97484016418457
2526874880.0,-5.583163261413574
2527812608.0,-5.199389457702637
2528750080.0,-4.823596477508545
2529687552.0,-4.477405548095703
2530625024.0,-4.150765895843506
2531562496.0,-3.84486722946167
2532499968.0,-3.560220241546631
2533437440.0,-3.2963449954986572
2534374912.0,-3.0506677627563477
2535312384.0,-2.8280954360961914
2536250112.0,-2.6251308917999268
2537187584.0,-2.4396181106567383
2538125056.0,-2.269533634185791
2539062528.0,-2.1152219772338867
2540000000.0,-1.9741812944412231
2540937472.0,-1.8470699787139893
2541874944.0,-1.731076955795288
2542812416.0,-1.6246438026428223
2543749888.0,-1.5282386541366577
2544687616.0,-1.443102478981018
2545625088.0,-1.3649210929870605
2546562560.0,-1.2949150800704956
2547500032.0,-1.2337371110916138
2548437504.0,-1.1762408018112183
2549374976.0,-1.1243618726730347
2550312448.0,-1.0785456895828247
2551249920.0,-1.0364809036254883
2552187392.0,-0.9993383288383484
2553125120.0,-0.9667003750801086
2554062592.0,-0.9369192719459534
2555000064.0,-0.9089124798774719
2555937536.0,-0.883893609046936
2556875008.0,-0.8611867427825928
2557812480.0,-0.8394190669059753
2558749952.0,-0.8191583752632141
2559687424.0,-0.8006210327148438
2560624896.0,-0.7821913957595825
2561562624.0,-0.7629547119140625
2562500096.0,-0.7443421483039856
2563437568.0,-0.7253631949424744
2564375040.0,-0.7064908146858215
2565312512.0,-0.687314510345459
2566249984.0,-0.6672075986862183
2567187456.0,-0.6463451981544495
2568124928.0,-0.6253450512886047
2569062400.0,-0.6025317907333374
2569999872.0,-0.5795618891716003
2570937600.0,-0.5559991598129272
2571875072.0,-0.5304863452911377
2572812544.0,-0.5050590634346008
2573750016.0,-0.47761884331703186
2574687488.0,-0.44914326071739197
2575624960.0,-0.42071792483329773
2576562432.0,-0.39092200994491577
2577499904.0,-0.3608054220676422
2578437376.0,-0.32989415526390076
2579375104.0,-0.2993837893009186
2580312576.0,-0.26831090450286865
2581250048.0,-0.23823878169059753
2582187520.0,-0.20835714042186737
2583124992.0,-0.17851808667182922
2584062464.0,-0.15007619559764862
2584999936.0,-0.12296540290117264
2585937408.0,-0.09656675904989243
2586874880.0,-0.07264991849660873
2587812608.0,-0.04940685257315636
2588750080.0,-0.024739572778344154
2589687552.0,-0.010708305053412914
2590625024.0,0.0019291812786832452
2591562496.0,0.012518382631242275
2592499968.0,0.02112155221402645
2593437440.0,0.028416607528924942
2594374912.0,0.03339197114109993
2595312384.0,0.03481454774737358
2596250112.0,0.03646336495876312
2597187584.0,0.03478400036692619
2598125056.0,0.03264928609132767
2599062528.0,0.028270553797483444
2600000000.0,0.021612927317619324
2600937472.0,0.014098545536398888
2601874944.0,0.004933011718094349
2602812416.0,-0.004612945020198822
2603749888.0,-0.015435540117323399
2604687616.0,-0.027530362829566002
2605625088.0,-0.03976908326148987
2606562560.0,-0.05343896895647049
2607500032.0,-0.0665544718503952
2608437504.0,-0.08034800738096237
2609374976.0,-0.09342092275619507
2610312448.0,-0.10666786879301071
2611249920.0,-0.12054397910833359
2612187392.0,-0.1323738694190979
2613125120.0,-0.14462810754776
2614062592.0,-0.15692485868930817
2615000064.0,-0.16827523708343506
2615937536.0,-0.17784467339515686
2616875008.0,-0.18638186156749725
2617812480.0,-0.19440902769565582
2618749952.0,-0.2013966292142868
2619687424.0,-0.20619381964206696
2620624896.0,-0.2100633978843689
2621562624.0,-0.21288958191871643
2622500096.0,-0.21308183670043945
2623437568.0,-0.2127721607685089
2624375040.0,-0.2114294320344925
2625312512.0,-0.20665310323238373
2626249984.0,-0.201712504029274
2627187456.0,-0.1949571967124939
2628124928.0,-0.18692564964294434
2629062400.0,-0.1768876016139984
2630000128.0,-0.16627492010593414
2630937600.0,-0.15382318198680878
2631875072.0,-0.1400396078824997
2632812544.0,-0.12512050569057465
2633750016.0,-0.109510138630867
2634687488.0,-0.09215816855430603
2635624960.0,-0.07594168186187744
2636562432.0,-0.05662717670202255
2637499904.0,-0.038996778428554535
2638437376.0,-0.019715039059519768
2639375104.0,-0.0012205973034724593
2640312576.0,0.01700100116431713
2641250048.0,0.037074871361255646
2642187520.0,0.05513574928045273
2643124992.0,0.07322003692388535
2644062464.0,0.09043683111667633
2644999936.0,0.10733949393033981
2645937408.0,0.1231178268790245
2646874880.0,0.1382114738225937
2647812608.0,0.16316980123519897
2648750080.0,0.17717893421649933
2649687552.0,0.1891006976366043
2650625024.0,0.19975465536117554
2651562496.0,0.20815163850784302
2652499968.0,0.21226294338703156
2653437440.0,0.21581588685512543
2654374912.0,0.21563607454299927
2655312384.0,0.21339696645736694
2656250112.0,0.20887690782546997
2657187584.0,0.2019241750240326
2658125056.0,0.19344952702522278
2659062528.0,0.18087519705295563
2660000000.0,0.16840074956417084
2660937472.0,0.15397676825523376
2661874944.0,0.1363898515701294
2662812416.0,0.11875636130571365
2663749888.0,0.0998917743563652
2664687616.0,0.08016810566186905
2665625088.0,0.05977727472782135
2666562560.0,0.03822315111756325
2667500032.0,0.017332036048173904
2668437504.0,-0.0034815501421689987
2669374976.0,-0.023554600775241852
2670312448.0,-0.0436677448451519
2671249920.0,-0.06273999810218811
2672187392.0,-0.08064843714237213
2673125120.0,-0.09687326103448868
2674062592.0,-0.11127439886331558
2675000064.0,-0.12571679055690765
2675937536.0,-0.13635949790477753
2676875008.0,-0.14701157808303833
2677812480.0,-0.1541772484779358
2678749952.0,-0.16000248491764069
2679687424.0,-0.1639576256275177
2680624896.0,-0.1652078628540039
2681562624.0,-0.16490909457206726
2682500096.0,-0.16258588433265686
2683437568.0,-0.15841473639011383
2684375040.0,-0.15127286314964294
2685312512.0,-0.14217841625213623
2686249984.0,-0.13184435665607452
2687187456.0,-0.11993610858917236
2688124928.0,-0.10666748881340027
2689062400.0,-0.09091995656490326
2689999872.0,-0.07522105425596237
2690937600.0,-0.05933728069067001
2691875072.0,-0.040808774530887604
2692812544.0,-0.022575195878744125
2693750016.0,-0.002829265082255006
2694687488.0,0.015844294801354408
2695624960.0,0.03462786227464676
2696562432.0,0.053545355796813965
2697499904.0,0.0706171989440918
2698437376.0,0.08986791223287582
2699375104.0,0.1057201400399208
2700312576.0,0.12223353981971741
2701250048.0,0.1372772604227066
2702187520.0,0.15219458937644958
2703124992.0,0.16548500955104828
2704062464.0,0.17737485468387604
2704999936.0,0.1882561296224594
2705937408.0,0.19746413826942444
2706874880.0,0.2059059590101242
2707812608.0,0.2236904799938202
2708750080.0,0.22851504385471344
2709687552.0,0.23089097440242767
2710625024.0,0.23223617672920227
2711562496.0,0.23261453211307526
2712499968.0,0.2314043939113617
2713437440.0,0.22990034520626068
2714374912.0,0.22721831500530243
2715312384.0,0.22163031995296478
2716250112.0,0.2159895896911621
2717187584.0,0.20853400230407715
2718125056.0,0.19923368096351624
2719062528.0,0.18934908509254456
2720000000.0,0.17774973809719086
2720937472.0,0.1649511158466339
2721874944.0,0.15134592354297638
2722812416.0,0.13672983646392822
2723749888.0,0.11968670785427094
2724687616.0,0.1030554324388504
2725625088.0,0.08447293192148209
2726562560.0,0.06604034453630447
2727500032.0,0.046233758330345154
2728437504.0,0.026898998767137527
2729374976.0,0.005865185987204313
2730312448.0,-0.01362181082367897
2731249920.0,-0.03375900909304619
2732187392.0,-0.05362064018845558
2733125120.0,-0.072913758456707
2734062592.0,-0.09152201563119888
2735000064.0,-0.10832250863313675
2735937536.0,-0.12541261315345764
2736875008.0,-0.14063844084739685
2737812480.0,-0.15427330136299133
2738749952.0,-0.1659410446882248
2739687424.0,-0.17581363022327423
2740624896.0,-0.18346141278743744
2741562624.0,-0.1894705891609192
2742500096.0,-0.1929282397031784
2743437568.0,-0.1933986395597458
2744375040.0,-0.1924409568309784
2745312512.0,-0.18866661190986633
2746249984.0,-0.18251881003379822
2747187456.0,-0.17403706908226013
2748124928.0,-0.16251112520694733
2749062400.0,-0.15115757286548615
2750000128.0,-0.136231929063797
2750937600.0,-0.11930306255817413
2751875072.0,-0.10125968605279922
2752812544.0,-0.08108878880739212
2753750016.0,-0.0589100681245327
2754687488.0,-0.03788413852453232
2755624960.0,-0.015216849744319916
2756562432.0,0.008749736472964287
2757499904.0,0.03145269677042961
2758437376.0,0.05422775819897652
2759375104.0,0.07684975117444992
2760312576.0,0.09933016449213028
2761250048.0,0.1210569217801094
2762187520.0,0.13973607122898102
2763124992.0,0.1584526151418686
2764062464.0,0.1743697226047516
2764999936.0,0.18857602775096893
2765937408.0,0.20174717903137207
2766874880.0,0.21238501369953156
2767812608.0,0.25311535596847534
2768750080.0,0.2571899890899658
2769687552.0,0.2586717903614044
2770625024.0,0.2588414251804352
2771562496.0,0.25761938095092773
2772499968.0,0.25420835614204407
2773437440.0,0.24902792274951935
2774374912.0,0.24321506917476654
2775312384.0,0.23535990715026855
2776250112.0,0.22708669304847717
2777187584.0,0.21694833040237427
2778125056.0,0.20589208602905273
2779062528.0,0.19449898600578308
2780000000.0,0.1808081418275833
2780937472.0,0.16725096106529236
2781874944.0,0.15306717157363892
2782812416.0,0.13781435787677765
2783749888.0,0.12326513975858688
2784687616.0,0.10720684379339218
2785625088.0,0.0912773385643959
2786562560.0,0.07596593350172043
2787500032.0,0.059443674981594086
2788437504.0,0.044886987656354904
2789374976.0,0.030070969834923744
2790312448.0,0.01417386345565319
2791249920.0,0.00027087132912129164
2792187392.0,-0.012874189764261246
2793125120.0,-0.026048414409160614
2794062592.0,-0.03842741623520851
2795000064.0,-0.04919327795505524
2795937536.0,-0.05905725061893463
2796875008.0,-0.06795934587717056
2797812480.0,-0.07560277730226517
2798749952.0,-0.08245635777711868
2799687424.0,-0.08743911236524582
2800624896.0,-0.0908423364162445
2801562624.0,-0.09358269721269608
2802500096.0,-0.09433359652757645
2803437568.0,-0.09347596019506454
2804375040.0,-0.09083376079797745
2805312512.0,-0.08757445216178894
2806249984.0,-0.08200982213020325
2807187456.0,-0.07560784369707108
2808124928.0,-0.06639694422483444
2809062400.0,-0.057567283511161804
2809999872.0,-0.04692309722304344
2810937600.0,-0.03489811718463898
2811875072.0,-0.022494645789265633
2812812544.0,-0.00786064937710762
2813750016.0,0.008185452781617641
2814687488.0,0.023452840745449066
2815624960.0,0.039673034101724625
2816562432.0,0.057543687522411346
2817499904.0,0.07347185909748077
2818437376.0,0.09093978255987167
2819375104.0,0.10777977854013443
2820312576.0,0.12416049093008041
2821250048.0,0.14100231230258942
2822187520.0,0.15705989301204681
2823124992.0,0.1717858910560608
2824062464.0,0.18577995896339417
2824999936.0,0.1976936012506485
2825937408.0,0.2090897411108017
2826874880.0,0.21886266767978668
2827812608.0,0.2325076013803482
2828750080.0,0.2378368377685547
2829687552.0,0.24137619137763977
2830625024.0,0.24228228628635406
2831562496.0,0.24240685999393463
2832499968.0,0.24039362370967865
2833437440.0,0.23598647117614746
2834374912.0,0.2300625890493393
2835312384.0,0.22313356399536133
2836250112.0,0.21397359669208527
2837187584.0,0.203134223818779
2838125056.0,0.19108617305755615
2839062528.0,0.17760014533996582
2840000000.0,0.16429300606250763
2840937472.0,0.14974892139434814
2841874944.0,0.13391754031181335
2842812416.0,0.11751984059810638
2843749888.0,0.10099243372678757
2844687616.0,0.08393817394971848
2845625088.0,0.06640396267175674
2846562560.0,0.04947482794523239
2847500032.0,0.033408671617507935
2848437504.0,0.016417695209383965
2849374976.0,0.0006987939705140889
2850312448.0,-0.013974914327263832
2851249920.0,-0.02830064855515957
2852187392.0,-0.04230714216828346
2853125120.0,-0.05362908914685249
2854062592.0,-0.0648946613073349
2855000064.0,-0.07372353971004486
2855937536.0,-0.08236685395240784
2856875008.0,-0.08973731845617294
2857812480.0,-0.09429967403411865
2858749952.0,-0.09772256016731262
2859687424.0,-0.09943749010562897
2860624896.0,-0.09949661046266556
2861562624.0,-0.0974479466676712
2862500096.0,-0.09393433481454849
2863437568.0,-0.0896114632487297
2864375040.0,-0.08296795189380646
2865312512.0,-0.07561777532100677
2866249984.0,-0.06639031320810318
2867187456.0,-0.05490360036492348
2868124928.0,-0.04307640343904495
2869062400.0,-0.02974068373441696
2870000128.0,-0.01533594448119402
2870937600.0,-0.0010079219937324524
2871875072.0,0.015416337177157402
2872812544.0,0.03137657418847084
2873750016.0,0.04768585413694382
2874687488.0,0.06457839161157608
2875624960.0,0.0813416987657547
2876562432.0,0.09737405925989151
2877499904.0,0.11363889276981354
2878437376.0,0.12989477813243866
2879375104.0,0.1449434459209442
2880312576.0,0.159464031457901
2881250048.0,0.17329217493534088
2882187520.0,0.18614932894706726
2883124992.0,0.1979622095823288
2884062464.0,0.20863887667655945
2884999936.0,0.21859799325466156
2885937408.0,0.2264859974384308
2886874880.0,0.23318709433078766
2887812608.0,0.21614108979701996
2888750080.0,0.2187066227197647
2889687552.0,0.22095079720020294
2890625024.0,0.22100242972373962
2891562496.0,0.22218912839889526
2892499968.0,0.22131463885307312
2893437440.0,0.21922177076339722
2894374912.0,0.21645084023475647
2895312384.0,0.2117520123720169
2896250112.0,0.20555996894836426
2897187584.0,0.19858400523662567
2898125056.0,0.1900898963212967
2899062528.0,0.17997616529464722
2900000000.0,0.16897250711917877
2900937472.0,0.15593798458576202
2901874944.0,0.1421390026807785
2902812416.0,0.1271740049123764
2903749888.0,0.11136031895875931
2904687616.0,0.09555027633905411
2905625088.0,0.0787566676735878
2906562560.0,0.06180615350604057
2907500032.0,0.044335875660181046
2908437504.0,0.027501650154590607
2909374976.0,0.01112242229282856
2910312448.0,-0.004810452461242676
2911249920.0,-0.02078966610133648
2912187392.0,-0.03412838652729988
2913125120.0,-0.04712710157036781
2914062592.0,-0.0588216632604599
2915000064.0,-0.0678524449467659
2915937536.0,-0.0768200233578682
2916875008.0,-0.08306898921728134
2917812480.0,-0.08745358139276505
2918749952.0,-0.0896202102303505
2919687424.0,-0.08914955705404282
2920624896.0,-0.08676423132419586
2921562624.0,-0.08258908241987228
2922500096.0,-0.0753193348646164
2923437568.0,-0.0677051991224289
2924375040.0,-0.05805616453289986
2925312512.0,-0.044942647218704224
2926249984.0,-0.03146354481577873
2927187456.0,-0.016620587557554245
2928124928.0,-1.9286486349301413e-05
2929062400.0,0.01565656252205372
2929999872.0,0.03290742263197899
2930937600.0,0.05184665322303772
2931875072.0,0.06892593204975128
2932812544.0,0.08671999722719193
2933750016.0,0.10514423251152039
2934687488.0,0.12150287628173828
2935624960.0,0.1377461701631546
2936562432.0,0.15256264805793762
2937499904.0,0.16749435663223267
2938437376.0,0.17974413931369781
2939375104.0,0.19130368530750275
2940312576.0,0.20138320326805115
2941250048.0,0.20995458960533142
2942187520.0,0.21738967299461365
2943124992.0,0.22331391274929047
2944062464.0,0.22848379611968994
2944999936.0,0.23189237713813782
2945937408.0,0.23401856422424316
2946874880.0,0.2344028353691101
2947812608.0,0.2137640416622162
2948750080.0,0.21129503846168518
2949687552.0,0.20872992277145386
2950625024.0,0.20481213927268982
2951562496.0,0.20117853581905365
2952499968.0,0.19720536470413208
2953437440.0,0.19283194839954376
2954374912.0,0.1886165738105774
2955312384.0,0.18395109474658966
2956250112.0,0.17903217673301697
2957187584.0,0.17435361444950104
2958125056.0,0.16955822706222534
2959062528.0,0.16491203010082245
2960000000.0,0.15996325016021729
2960937472.0,0.15415242314338684
2961874944.0,0.14977921545505524
2962812416.0,0.14471067488193512
2963749888.0,0.13808579742908478
2964687616.0,0.13244980573654175
2965625088.0,0.12606364488601685
2966562560.0,0.11969061940908432
2967500032.0,0.11334101855754852
2968437504.0,0.10718905925750732
2969374976.0,0.09924166649580002
2970312448.0,0.092476025223732
2971249920.0,0.08513552695512772
2972187392.0,0.07833787053823471
2973125120.0,0.07031004875898361
2974062592.0,0.06389228254556656
2975000064.0,0.05588961020112038
2975937536.0,0.04946626350283623
2976875008.0,0.0421777218580246
2977812480.0,0.036587055772542953
2978749952.0,0.02968318574130535
2979687424.0,0.023928919807076454
2980624896.0,0.01918019913136959
2981562624.0,0.013920160941779613
2982500096.0,0.009925387799739838
2983437568.0,0.006983002182096243
2984375040.0,0.004399806726723909
2985312512.0,0.0030493405647575855
2986249984.0,0.0010617387015372515
2987187456.0,9.096402209252119e-06
2988124928.0,-0.00011148550402140245
2989062400.0,0.00033789293956942856
2990000128.0,0.0008952637435868382
2990937600.0,0.0030886800959706306
2991875072.0,0.004419980105012655
2992812544.0,0.006672712974250317
2993750016.0,0.008610695600509644
2994687488.0,0.01151380967348814
2995624960.0,0.014201520942151546
2996562432.0,0.01687634363770485
2997499904.0,0.02005602791905403
2998437376.0,0.022912215441465378
2999375104.0,0.026054713875055313
3000312576.0,0.031066501513123512
3001250048.0,0.03383577615022659
3002187520.0,0.03649238869547844
3003124992.0,0.039107225835323334
3004062464.0,0.041304852813482285
3004999936.0,0.04363470524549484
3005937408.0,0.04586779326200485
3006874880.0,0.047574110329151154
3007812608.0,0.1389739215373993
3008750080.0,0.136112779378891
3009687552.0,0.13442398607730865
3010625024.0,0.13092012703418732
3011562496.0,0.12612579762935638
3012499968.0,0.12332668900489807
3013437440.0,0.11899470537900925
3014374912.0,0.11468596756458282
3015312384.0,0.10985198616981506
3016250112.0,0.10458142310380936
3017187584.0,0.09937392175197601
3018125056.0,0.0944526419043541
3019062528.0,0.08857445418834686
3020000000.0,0.08214535564184189
3020937472.0,0.07627920061349869
3021874944.0,0.07020265609025955
3022812416.0,0.06510902941226959
3023749888.0,0.059077974408864975
3024687616.0,0.05341221019625664
3025625088.0,0.04746265709400177
3026562560.0,0.04115290939807892
3027500032.0,0.03514256700873375
3028437504.0,0.02959146536886692
3029374976.0,0.023461636155843735
3030312448.0,0.017814617604017258
3031249920.0,0.01193670928478241
3032187392.0,0.005744434893131256
3033125120.0,-0.0006229325081221759
3034062592.0,-0.0059466129168868065
3035000064.0,-0.011195705272257328
3035937536.0,-0.0168879684060812
3036875008.0,-0.021995365619659424
3037812480.0,-0.02760288305580616
3038749952.0,-0.03314021974802017
3039687424.0,-0.038447704166173935
3040624896.0,-0.04360233247280121
3041562624.0,-0.047710128128528595
3042500096.0,-0.05119379609823227
3043437568.0,-0.05479705333709717
3044375040.0,-0.057120878249406815
3045312512.0,-0.05908779054880142
3046249984.0,-0.06168711557984352
3047187456.0,-0.06274786591529846
3048124928.0,-0.06447380781173706
3049062400.0,-0.06409196555614471
3049999872.0,-0.06427985429763794
3050937600.0,-0.06353030353784561
3051875072.0,-0.0626184493303299
3052812544.0,-0.06012755259871483
3053750016.0,-0.056624479591846466
3054687488.0,-0.052850496023893356
3055624960.0,-0.04745558276772499
3056562432.0,-0.04167767986655235
3057499904.0,-0.03468100354075432
3058437376.0,-0.02679026499390602
3059375104.0,-0.01858927123248577
3060312576.0,-0.009313030168414116
3061250048.0,0.00014884048141539097
3062187520.0,0.010814315639436245
3063124992.0,0.02207884192466736
3064062464.0,0.033687736839056015
3064999936.0,0.04643861949443817
3065937408.0,0.059390801936388016
3066874880.0,0.07311174273490906
3067812608.0,0.1389586329460144
3068750080.0,0.1446160525083542
3069687552.0,0.149278923869133
3070625024.0,0.15245282649993896
3071562496.0,0.1542975753545761
3072499968.0,0.1551356017589569
3073437440.0,0.1543577015399933
3074374912.0,0.15200206637382507
3075312384.0,0.14895112812519073
3076250112.0,0.1441526710987091
3077187584.0,0.1383814960718155
3078125056.0,0.13128764927387238
3079062528.0,0.12414085865020752
3080000000.0,0.11621936410665512
3080937472.0,0.10663923621177673
3081874944.0,0.09674787521362305
3082812416.0,0.08624645322561264
3083749888.0,0.0762394517660141
3084687616.0,0.06748486310243607
3085625088.0,0.05727389082312584
3086562560.0,0.04717399179935455
3087500032.0,0.03836923465132713
3088437504.0,0.02910967543721199
3089374976.0,0.021006815135478973
3090312448.0,0.012427188456058502
3091249920.0,0.005659441463649273
3092187392.0,-4.74625157949049e-05
3093125120.0,-0.003861895762383938
3094062592.0,-0.007901699282228947
3095000064.0,-0.010941719636321068
3095937536.0,-0.012620160356163979
3096875008.0,-0.012842932716012001
3097812480.0,-0.01215564925223589
3098749952.0,-0.011183398775756359
3099687424.0,-0.008377726189792156
3100624896.0,-0.004193844273686409
3101562624.0,0.0006903537432663143
3102500096.0,0.005371576175093651
3103437568.0,0.011180154979228973
3104375040.0,0.017279498279094696
3105312512.0,0.023688020184636116
3106249984.0,0.03183773532509804
3107187456.0,0.03902129456400871
3108124928.0,0.04610268026590347
3109062400.0,0.05401645228266716
3110000128.0,0.061382096260786057
3110937600.0,0.06851739436388016
3111875072.0,0.07573714107275009
3112812544.0,0.08245006948709488
3113750016.0,0.08865522593259811
3114687488.0,0.09440623223781586
3115624960.0,0.10045082867145538
3116562432.0,0.1049676239490509
3117499904.0,0.10992028564214706
3118437376.0,0.11444073915481567
3119375104.0,0.1175287589430809
3120312576.0,0.12159018218517303
3121250048.0,0.12446217238903046
3122187520.0,0.12734775245189667
3123124992.0,0.1295529156923294
3124062464.0,0.13170158863067627
3124999936.0,0.1334637552499771
3125937408.0,0.13621418178081512
3126874880.0,0.13767029345035553
3127812608.0,0.14259503781795502
3128750080.0,0.14270146191120148
3129687552.0,0.14229367673397064
3130625024.0,0.14152657985687256
3131562496.0,0.13987748324871063
3132499968.0,0.13677623867988586
3133437440.0,0.13461017608642578
3134374912.0,0.1316806823015213
3135312384.0,0.12898853421211243
3136250112.0,0.12611454725265503
3137187584.0,0.12348582595586777
3138125056.0,0.12129263579845428
3139062528.0,0.12021838873624802
3140000000.0,0.1195896714925766
3140937472.0,0.1200827807188034
3141874944.0,0.12236613035202026
3142812416.0,0.12551677227020264
3143749888.0,0.12953682243824005
3144687616.0,0.13529962301254272
3145625088.0,0.1408531814813614
3146562560.0,0.14639198780059814
3147500032.0,0.15201088786125183
3148437504.0,0.1563275307416916
3149374976.0,0.15922512114048004
3150312448.0,0.16113004088401794
3151249920.0,0.1599276214838028
3152187392.0,0.15762709081172943
3153125120.0,0.15264903008937836
3154062592.0,0.14569753408432007
3155000064.0,0.13628797233104706
3155937536.0,0.12589190900325775
3156875008.0,0.11289514601230621
3157812480.0,0.09915891289710999
3158749952.0,0.08520478010177612
3159687424.0,0.0697331577539444
3160624896.0,0.05477134883403778
3161562624.0,0.040277138352394104
3162500096.0,0.025458090007305145
3163437568.0,0.013251075521111488
3164375040.0,0.002589245093986392
3165312512.0,-0.007323112338781357
3166249984.0,-0.01463568489998579
3167187456.0,-0.02040913701057434
3168124928.0,-0.023444848135113716
3169062400.0,-0.024015065282583237
3169999872.0,-0.023764444515109062
3170937600.0,-0.019917048513889313
3171875072.0,-0.01373421959578991
3172812544.0,-0.006351504009217024
3173750016.0,0.004274910315871239
3174687488.0,0.015003928914666176
3175624960.0,0.027913566678762436
3176562432.0,0.041616376489400864
3177499904.0,0.055512987077236176
3178437376.0,0.07070277631282806
3179375104.0,0.08635058254003525
3180312576.0,0.10101378709077835
3181250048.0,0.11621497571468353
3182187520.0,0.1314098984003067
3183124992.0,0.14516136050224304
3184062464.0,0.15968909859657288
3184999936.0,0.17264603078365326
3185937408.0,0.18390171229839325
3186874880.0,0.19529394805431366
3187812608.0,0.16102133691310883
3188750080.0,0.15640677511692047
3189687552.0,0.15110281109809875
3190625024.0,0.14572833478450775
3191562496.0,0.1392405778169632
3192499968.0,0.13296256959438324
3193437440.0,0.1274961680173874
3194374912.0,0.12020836770534515
3195312384.0,0.11393555253744125
3196250112.0,0.1086902767419815
3197187584.0,0.10248872637748718
3198125056.0,0.09800814837217331
3199062528.0,0.09429647028446198
3200000000.0,0.09079655259847641
3200937472.0,0.08868683129549026
3201874944.0,0.0862044095993042
3202812416.0,0.08460215479135513
3203749888.0,0.0838245376944542
3204687616.0,0.083533875644207
3205625088.0,0.08474195003509521
3206562560.0,0.08547614514827728
3207500032.0,0.0870228111743927
3208437504.0,0.08932901173830032
3209374976.0,0.09053894877433777
3210312448.0,0.09267983585596085
3211249920.0,0.09510829299688339
3212187392.0,0.09764331579208374
3213125120.0,0.10070304572582245
3214062592.0,0.1025855764746666
3215000064.0,0.10592097043991089
3215937536.0,0.10686948150396347
3216875008.0,0.10893246531486511
3217812480.0,0.11002231389284134
3218749952.0,0.11083602905273438
3219687424.0,0.11161774396896362
3220624896.0,0.11203087121248245
3221562624.0,0.11236297339200974
3222500096.0,0.11255194991827011
3223437568.0,0.11161702871322632
3224375040.0,0.11091890186071396
3225312512.0,0.11067606508731842
3226249984.0,0.1108977422118187
3227187456.0,0.1108253225684166
3228124928.0,0.11077329516410828
3229062400.0,0.11060215532779694
3230000128.0,0.11162130534648895
3230937600.0,0.11273453384637833
3231875072.0,0.11359919607639313
3232812544.0,0.11538197845220566
3233750016.0,0.11858765035867691
3234687488.0,0.12074363231658936
3235624960.0,0.12495913356542587
3236562432.0,0.12993693351745605
3237499904.0,0.13399946689605713
3238437376.0,0.13955427706241608
3239375104.0,0.14574019610881805
3240312576.0,0.1523418426513672
3241250048.0,0.15932506322860718
3242187520.0,0.16561836004257202
3243124992.0,0.17278774082660675
3244062464.0,0.1798187792301178
3244999936.0,0.1872779279947281
3245937408.0,0.19331280887126923
3246874880.0,0.19950641691684723
3247812608.0,0.11007564514875412
3248750080.0,0.10261830687522888
3249687552.0,0.09270219504833221
3250625024.0,0.0834655687212944
3251562496.0,0.07384027540683746
3252499968.0,0.06349395960569382
3253437440.0,0.05319637432694435
3254374912.0,0.04503490775823593
3255312384.0,0.03717309236526489
3256250112.0,0.03124573640525341
3257187584.0,0.02715226449072361
3258125056.0,0.025670332834124565
3259062528.0,0.02482333593070507
3260000000.0,0.026339232921600342
3260937472.0,0.028434688225388527
3261874944.0,0.0322791263461113
3262812416.0,0.036841824650764465
3263749888.0,0.03990526869893074
3264687616.0,0.04451316222548485
3265625088.0,0.04852908104658127
3266562560.0,0.05141058191657066
3267500032.0,0.05466669052839279
3268437504.0,0.058235231786966324
3269374976.0,0.06122507154941559
3270312448.0,0.06289716809988022
3271249920.0,0.06577118486166
3272187392.0,0.06598542630672455
3273125120.0,0.06766834855079651
3274062592.0,0.06943435966968536
3275000064.0,0.06998217850923538
3275937536.0,0.07157029956579208
3276875008.0,0.07181881368160248
3277812480.0,0.07255814969539642
3278749952.0,0.0733407735824585
3279687424.0,0.07386863976716995
3280624896.0,0.07449354231357574
3281562624.0,0.07450713962316513
3282500096.0,0.07484819740056992
3283437568.0,0.07473558932542801
3284375040.0,0.07531287521123886
3285312512.0,0.07448896765708923
3286249984.0,0.07489300519227982
3287187456.0,0.07409491389989853
3288124928.0,0.07472939789295197
3289062400.0,0.07433617115020752
3289999872.0,0.07437275350093842
3290937600.0,0.0744890347123146
3291875072.0,0.07462793588638306
3292812544.0,0.0759451761841774
3293750016.0,0.07688789814710617
3294687488.0,0.07739675045013428
3295624960.0,0.07950606942176819
3296562432.0,0.08073098957538605
3297499904.0,0.08182244002819061
3298437376.0,0.08326082676649094
3299375104.0,0.08594489842653275
3300312576.0,0.08911870419979095
3301250048.0,0.09286446869373322
3302187520.0,0.09625278413295746
3303124992.0,0.09960565716028214
3304062464.0,0.10517388582229614
3304999936.0,0.10921404510736465
3305937408.0,0.1155146136879921
3306874880.0,0.12059188634157181
3307812608.0,0.13320700824260712
3308750080.0,0.1424001306295395
3309687552.0,0.15079809725284576
3310625024.0,0.1587735414505005
3311562496.0,0.16798357665538788
3312499968.0,0.1759992092847824
3313437440.0,0.18335269391536713
3314374912.0,0.19193823635578156
3315312384.0,0.1993338018655777
3316250112.0,0.2058270126581192
3317187584.0,0.2118256837129593
3318125056.0,0.21709664165973663
3319062528.0,0.22176998853683472
3320000000.0,0.225249782204628
3320937472.0,0.2279137223958969
3321874944.0,0.22952482104301453
3322812416.0,0.22943806648254395
3323749888.0,0.2278183549642563
3324687616.0,0.22551622986793518
3325625088.0,0.22278925776481628
3326562560.0,0.21751579642295837
3327500032.0,0.21189647912979126
3328437504.0,0.20482447743415833
3329374976.0,0.19702281057834625
3330312448.0,0.18815258145332336
3331249920.0,0.17910023033618927
3332187392.0,0.1690068244934082
3333125120.0,0.15748810768127441
3334062592.0,0.14734362065792084
3335000064.0,0.136201411485672
3335937536.0,0.12470674514770508
3336875008.0,0.1137106716632843
3337812480.0,0.10257849097251892
3338749952.0,0.09193812310695648
3339687424.0,0.08160955458879471
3340624896.0,0.07283739745616913
3341562624.0,0.0629725381731987
3342500096.0,0.05470868572592735
3343437568.0,0.0470421127974987
3344375040.0,0.040054406970739365
3345312512.0,0.03493187576532364
3346249984.0,0.030687838792800903
3347187456.0,0.028022510930895805
3348124928.0,0.025847982615232468
3349062400.0,0.025875085964798927
3350000128.0,0.02563484013080597
3350937600.0,0.02684803120791912
3351875072.0,0.02970205619931221
3352812544.0,0.03406719118356705
3353750016.0,0.03839927911758423
3354687488.0,0.044074300676584244
3355624960.0,0.05111740157008171
3356562432.0,0.05830918252468109
3357499904.0,0.06611181050539017
3358437376.0,0.07451964169740677
3359375104.0,0.08463788777589798
3360312576.0,0.09327729046344757
3361250048.0,0.10282586514949799
3362187520.0,0.11225784569978714
3363124992.0,0.12141537666320801
3364062464.0,0.13069649040699005
3364999936.0,0.13944464921951294
3365937408.0,0.14787405729293823
3366874880.0,0.15471284091472626
3367812608.0,0.03678620979189873
3368750080.0,0.04047155752778053
3369687552.0,0.04325065389275551
3370625024.0,0.046785783022642136
3371562496.0,0.04901296645402908
3372499968.0,0.05034792423248291
3373437440.0,0.05200830474495888
3374374912.0,0.05223216861486435
3375312384.0,0.052837569266557693
3376250112.0,0.05043715611100197
3377187584.0,0.04715720936655998
3378125056.0,0.04383271560072899
3379062528.0,0.038740064948797226
3380000000.0,0.033493783324956894
3380937472.0,0.02694912627339363
3381874944.0,0.019298965111374855
3382812416.0,0.012446261942386627
3383749888.0,0.003328663529828191
3384687616.0,-0.005604825913906097
3385625088.0,-0.015758825466036797
3386562560.0,-0.02583427168428898
3387500032.0,-0.03554655611515045
3388437504.0,-0.04568284749984741
3389374976.0,-0.056147873401641846
3390312448.0,-0.06613649427890778
3391249920.0,-0.07533338665962219
3392187392.0,-0.08452649414539337
3393125120.0,-0.09245049953460693
3394062592.0,-0.10088665783405304
3395000064.0,-0.10828492045402527
3395937536.0,-0.11456514149904251
3396875008.0,-0.11939811706542969
3397812480.0,-0.12493626773357391
3398749952.0,-0.12836486101150513
3399687424.0,-0.1317664384841919
3400624896.0,-0.13389581441879272
3401562624.0,-0.13538843393325806
3402500096.0,-0.1364772617816925
3403437568.0,-0.13683506846427917
3404375040.0,-0.13557574152946472
3405312512.0,-0.13529816269874573
3406249984.0,-0.13340997695922852
3407187456.0,-0.13268403708934784
3408124928.0,-0.1314370036125183
3409062400.0,-0.12895099818706512
3409999872.0,-0.12926363945007324
3410937600.0,-0.1289886087179184
3411875072.0,-0.12962844967842102
3412812544.0,-0.1300860047340393
3413750016.0,-0.13290107250213623
3414687488.0,-0.13645343482494354
3415624960.0,-0.14189554750919342
3416562432.0,-0.14846919476985931
3417499904.0,-0.15664474666118622
3418437376.0,-0.16714100539684296
3419375104.0,-0.18048037588596344
3420312576.0,-0.19565217196941376
3421250048.0,-0.21216066181659698
3422187520.0,-0.2306012511253357
3423124992.0,-0.2519347071647644
3424062464.0,-0.2753901779651642
3424999936.0,-0.30057796835899353
3425937408.0,-0.3268246650695801
3426874880.0,-0.3554390072822571
3427812608.0,-0.3852681815624237
3428750080.0,-0.4140026271343231
3429687552.0,-0.44121861457824707
3430625024.0,-0.47002077102661133
3431562496.0,-0.4983830451965332
3432499968.0,-0.5265780091285706
3433437440.0,-0.5536993741989136
3434374912.0,-0.5825149416923523
3435312384.0,-0.6092678904533386
3436250112.0,-0.6368445754051208
3437187584.0,-0.6641870737075806
3438125056.0,-0.6915103197097778
3439062528.0,-0.719872772693634
3440000000.0,-0.7495934367179871
3440937472.0,-0.7795266509056091
3441874944.0,-0.8129419684410095
3442812416.0,-0.8485013246536255
3443749888.0,-0.8851814270019531
3444687616.0,-0.9251811504364014
3445625088.0,-0.9675423502922058
3446562560.0,-1.0148146152496338
3447500032.0,-1.0640634298324585
3448437504.0,-1.1164318323135376
3449374976.0,-1.1730245351791382
3450312448.0,-1.2315701246261597
3451249920.0,-1.291353464126587
3452187392.0,-1.352986216545105
3453125120.0,-1.4143937826156616
3454062592.0,-1.4775059223175049
3455000064.0,-1.5389914512634277
3455937536.0,-1.6019046306610107
3456875008.0,-1.6636358499526978
3457812480.0,-1.7211440801620483
3458749952.0,-1.773171305656433
3459687424.0,-1.8213132619857788
3460624896.0,-1.8623805046081543
3461562624.0,-1.8986252546310425
3462500096.0,-1.9268393516540527
3463437568.0,-1.946938157081604
3464375040.0,-1.9581927061080933
3465312512.0,-1.9606678485870361
3466249984.0,-1.9577220678329468
3467187456.0,-1.9492429494857788
3468124928.0,-1.9359025955200195
3469062400.0,-1.915145754814148
3470000128.0,-1.8902695178985596
3470937600.0,-1.859702229499817
3471875072.0,-1.8229410648345947
3472812544.0,-1.7822065353393555
3473750016.0,-1.7363780736923218
3474687488.0,-1.685842514038086
3475624960.0,-1.6335573196411133
3476562432.0,-1.5804263353347778
3477499904.0,-1.528134822845459
3478437376.0,-1.4736965894699097
3479375104.0,-1.4185861349105835
3480312576.0,-1.367748737335205
3481250048.0,-1.3196436166763306
3482187520.0,-1.2700618505477905
3483124992.0,-1.2213239669799805
3484062464.0,-1.172775149345398
3484999936.0,-1.125051736831665
3485937408.0,-1.080277919769287
3486874880.0,-1.037975549697876
3487812608.0,-1.0319082736968994
3488750080.0,-0.9937556385993958
3489687552.0,-0.9572666883468628
3490625024.0,-0.9237795472145081
3491562496.0,-0.891628623008728
3492499968.0,-0.862249493598938
3493437440.0,-0.8345496654510498
3494374912.0,-0.8084748387336731
3495312384.0,-0.7842226624488831
3496250112.0,-0.761857807636261
3497187584.0,-0.7405581474304199
3498125056.0,-0.7216736078262329
3499062528.0,-0.7034268379211426
3500000000.0,-0.6866987347602844
3500937472.0,-0.6700379252433777
3501874944.0,-0.6537054181098938
3502812416.0,-0.6391953229904175
3503749888.0,-0.6254292130470276
3504687616.0,-0.613001823425293
3505625088.0,-0.6009566783905029
3506562560.0,-0.5896697640419006
3507500032.0,-0.5783329606056213
3508437504.0,-0.5665689706802368
3509374976.0,-0.5549038052558899
3510312448.0,-0.5421246290206909
3511249920.0,-0.5304083228111267
3512187392.0,-0.5178582668304443
3513125120.0,-0.5043545961380005
3514062592.0,-0.49075520038604736
3515000064.0,-0.4769875407218933
3515937536.0,-0.4621623754501343
3516875008.0,-0.44610825181007385
3517812480.0,-0.4302663505077362
3518749952.0,-0.4148312509059906
3519687424.0,-0.39813870191574097
3520624896.0,-0.3794398307800293
3521562624.0,-0.36151814460754395
3522500096.0,-0.34169986844062805
3523437568.0,-0.32289934158325195
3524375040.0,-0.3040524125099182
3525312512.0,-0.285955548286438
3526249984.0,-0.2674071192741394
3527187456.0,-0.2493155300617218
3528124928.0,-0.23163138329982758
3529062400.0,-0.21523961424827576
3529999872.0,-0.19994288682937622
3530937600.0,-0.18652354180812836
3531875072.0,-0.17253585159778595
3532812544.0,-0.16076138615608215
3533750016.0,-0.14960132539272308
3534687488.0,-0.14104610681533813
3535624960.0,-0.13371381163597107
3536562432.0,-0.1286347657442093
3537499904.0,-0.12550175189971924
3538437376.0,-0.1247953400015831
3539375104.0,-0.12592901289463043
3540312576.0,-0.12723518908023834
3541250048.0,-0.13102921843528748
3542187520.0,-0.13523197174072266
3543124992.0,-0.14100244641304016
3544062464.0,-0.14811666309833527
3544999936.0,-0.15627090632915497
3545937408.0,-0.16643938422203064
3546874880.0,-0.17739273607730865
3547812608.0,-0.21013975143432617
3548750080.0,-0.20138956606388092
3549687552.0,-0.19327345490455627
3550625024.0,-0.18498116731643677
3551562496.0,-0.17735205590724945
3552499968.0,-0.1691613644361496
3553437440.0,-0.160148024559021
3554374912.0,-0.1537398099899292
3555312384.0,-0.14641636610031128
3556250112.0,-0.14130479097366333
3557187584.0,-0.13676749169826508
3558125056.0,-0.132203608751297
3559062528.0,-0.12833787500858307
3560000000.0,-0.12488323450088501
3560937472.0,-0.12111732363700867
3561874944.0,-0.11717545241117477
3562812416.0,-0.11354343593120575
3563749888.0,-0.11064866930246353
3564687616.0,-0.1078597828745842
3565625088.0,-0.10459837317466736
3566562560.0,-0.10204631090164185
3567500032.0,-0.09965254366397858
3568437504.0,-0.09616071730852127
3569374976.0,-0.09397581219673157
3570312448.0,-0.09131687134504318
3571249920.0,-0.08771893382072449
3572187392.0,-0.08320390433073044
3573125120.0,-0.08006554841995239
3574062592.0,-0.0756603255867958
3575000064.0,-0.07328876852989197
3575937536.0,-0.06889962404966354
3576875008.0,-0.06575538963079453
3577812480.0,-0.062293265014886856
3578749952.0,-0.05890808627009392
3579687424.0,-0.05527283996343613
3580624896.0,-0.05202536657452583
3581562624.0,-0.04774708300828934
3582500096.0,-0.045283254235982895
3583437568.0,-0.041819553822278976
3584375040.0,-0.03976110741496086
3585312512.0,-0.03833908960223198
3586249984.0,-0.03625558689236641
3587187456.0,-0.03366660326719284
3588124928.0,-0.03329914063215256
3589062400.0,-0.03271176666021347
3590000128.0,-0.032864563167095184
3590937600.0,-0.03366512432694435
3591875072.0,-0.03545098379254341
3592812544.0,-0.036953069269657135
3593750016.0,-0.03891855478286743
3594687488.0,-0.04230168089270592
3595624960.0,-0.04501526802778244
3596562432.0,-0.04800107702612877
3597499904.0,-0.051733631640672684
3598437376.0,-0.0544872060418129
3599375104.0,-0.05875318497419357
3600312576.0,-0.06258657574653625
3601250048.0,-0.0667676031589508
3602187520.0,-0.0703432708978653
3603124992.0,-0.07423914968967438
3604062464.0,-0.07723167538642883
3604999936.0,-0.08033578842878342
3605937408.0,-0.08190997689962387
3606874880.0,-0.08401986956596375
3607812608.0,-0.09004776924848557
3608750080.0,-0.08903999626636505
3609687552.0,-0.08737219125032425
3610625024.0,-0.08608470112085342
3611562496.0,-0.08512578159570694
3612499968.0,-0.08456870913505554
3613437440.0,-0.08475662022829056
3614374912.0,-0.08439744263887405
3615312384.0,-0.08567584306001663
3616250112.0,-0.08681604266166687
3617187584.0,-0.08903366327285767
3618125056.0,-0.08975832164287567
3619062528.0,-0.09174957126379013
3620000000.0,-0.09518354386091232
3620937472.0,-0.09622783213853836
3621874944.0,-0.09888646751642227
3622812416.0,-0.10147935897111893
3623749888.0,-0.1035107672214508
3624687616.0,-0.10401648283004761
3625625088.0,-0.10664301365613937
3626562560.0,-0.107272207736969
3627500032.0,-0.10943351686000824
3628437504.0,-0.10960063338279724
3629374976.0,-0.11019524186849594
3630312448.0,-0.1093519926071167
3631249920.0,-0.1080029159784317
3632187392.0,-0.10601422190666199
3633125120.0,-0.10392889380455017
3634062592.0,-0.10034102201461792
3635000064.0,-0.09668972343206406
3635937536.0,-0.09201119840145111
3636875008.0,-0.08756256103515625
3637812480.0,-0.08128787577152252
3638749952.0,-0.0743437111377716
3639687424.0,-0.06805180013179779
3640624896.0,-0.060089096426963806
3641562624.0,-0.051837727427482605
3642500096.0,-0.04524502903223038
3643437568.0,-0.03620847314596176
3644375040.0,-0.028447624295949936
3645312512.0,-0.020158523693680763
3646249984.0,-0.011999695561826229
3647187456.0,-0.0033277201000601053
3648124928.0,0.0039666141383349895
3649062400.0,0.011491010896861553
3649999872.0,0.01859595626592636
3650937600.0,0.024962043389678
3651875072.0,0.03146967664361
3652812544.0,0.036394670605659485
3653750016.0,0.041006702929735184
3654687488.0,0.044816114008426666
3655624960.0,0.04863855615258217
3656562432.0,0.05168408527970314
3657499904.0,0.05452725663781166
3658437376.0,0.05505239591002464
3659375104.0,0.05534349009394646
3660312576.0,0.0547456368803978
3661250048.0,0.05224331468343735
3662187520.0,0.05071916803717613
3663124992.0,0.046817708760499954
3664062464.0,0.04326348006725311
3664999936.0,0.03788744658231735
3665937408.0,0.031004227697849274
3666874880.0,0.025511838495731354
3667812608.0,0.016877872869372368
3668750080.0,0.010787080973386765
3669687552.0,0.005626310128718615
3670625024.0,0.000741941446904093
3671562496.0,-0.0038953188341110945
3672499968.0,-0.007381467614322901
3673437440.0,-0.009870058856904507
3674374912.0,-0.012869964353740215
3675312384.0,-0.01517941989004612
3676250112.0,-0.016313718631863594
3677187584.0,-0.01759006828069687
3678125056.0,-0.01732342131435871
3679062528.0,-0.01705692894756794
3680000000.0,-0.016602041199803352
3680937472.0,-0.015131638385355473
3681874944.0,-0.013903532177209854
3682812416.0,-0.012165520340204239
3683749888.0,-0.009213590994477272
3684687616.0,-0.007141629699617624
3685625088.0,-0.004653196781873703
3686562560.0,-0.0007661388372071087
3687500032.0,0.0018135557183995843
3688437504.0,0.0048463912680745125
3689374976.0,0.008015638217329979
3690312448.0,0.011113785207271576
3691249920.0,0.014486774802207947
3692187392.0,0.017793457955121994
3693125120.0,0.022294320166110992
3694062592.0,0.025857239961624146
3695000064.0,0.028292760252952576
3695937536.0,0.030004341155290604
3696875008.0,0.03242594376206398
3697812480.0,0.03520762920379639
3698749952.0,0.03643450140953064
3699687424.0,0.038870103657245636
3700624896.0,0.03946467489004135
3701562624.0,0.03925103694200516
3702500096.0,0.039083611220121384
3703437568.0,0.03748193755745888
3704375040.0,0.03445351496338844
3705312512.0,0.031157666817307472
3706249984.0,0.02600296214222908
3707187456.0,0.02014649473130703
3708124928.0,0.01168283261358738
3709062400.0,0.002788190497085452
3710000128.0,-0.007967247627675533
3710937600.0,-0.019664594903588295
3711875072.0,-0.03228477016091347
3712812544.0,-0.04755602404475212
3713750016.0,-0.06344617903232574
3714687488.0,-0.08031082153320312
3715624960.0,-0.09855003654956818
3716562432.0,-0.11675573885440826
3717499904.0,-0.13775914907455444
3718437376.0,-0.15804004669189453
3719375104.0,-0.17846204340457916
3720312576.0,-0.19770775735378265
3721250048.0,-0.21789583563804626
3722187520.0,-0.2382737398147583
3723124992.0,-0.2580416202545166
3724062464.0,-0.2769084870815277
3724999936.0,-0.2940116226673126
3725937408.0,-0.30986344814300537
3726874880.0,-0.3236648738384247
3727812608.0,-0.008540896698832512
3728750080.0,-0.00882982648909092
3729687552.0,-0.008864822797477245
3730625024.0,-0.010547596029937267
3731562496.0,-0.01219937577843666
3732499968.0,-0.014709937386214733
3733437440.0,-0.018849637359380722
3734374912.0,-0.0218975767493248
3735312384.0,-0.02540377341210842
3736250112.0,-0.027741124853491783
3737187584.0,-0.029557419940829277
3738125056.0,-0.03129413723945618
3739062528.0,-0.03260340541601181
3740000000.0,-0.0321803018450737
3740937472.0,-0.031503889709711075
3741874944.0,-0.030118761584162712
3742812416.0,-0.027630573138594627
3743749888.0,-0.02443469688296318
3744687616.0,-0.02080565318465233
3745625088.0,-0.016066590324044228
3746562560.0,-0.010540876537561417
3747500032.0,-0.004012594930827618
3748437504.0,0.002621341496706009
3749374976.0,0.009571692906320095
3750312448.0,0.018881184980273247
3751249920.0,0.0276133194565773
3752187392.0,0.03867655619978905
3753125120.0,0.04826214164495468
3754062592.0,0.058758433908224106
3755000064.0,0.06893040984869003
3755937536.0,0.07777755707502365
3756875008.0,0.08667844533920288
3757812480.0,0.09506896883249283
3758749952.0,0.10330533981323242
3759687424.0,0.11052095890045166
3760624896.0,0.11684023588895798
3761562624.0,0.12209441512823105
3762500096.0,0.1264158934354782
3763437568.0,0.1298062652349472
3764375040.0,0.13078533113002777
3765312512.0,0.13078352808952332
3766249984.0,0.12918947637081146
3767187456.0,0.12700945138931274
3768124928.0,0.12277412414550781
3769062400.0,0.11697954684495926
3769999872.0,0.10932973027229309
3770937600.0,0.10102394223213196
3771875072.0,0.09172426164150238
3772812544.0,0.08176826685667038
3773750016.0,0.07145614922046661
3774687488.0,0.061346251517534256
3775624960.0,0.049530912190675735
3776562432.0,0.0378652885556221
3777499904.0,0.02678406424820423
3778437376.0,0.01502817403525114
3779375104.0,0.002638218691572547
3780312576.0,-0.009515414014458656
3781250048.0,-0.02153790183365345
3782187520.0,-0.0320829376578331
3783124992.0,-0.04246239736676216
3784062464.0,-0.05317987501621246
3784999936.0,-0.06151345372200012
3785937408.0,-0.06940444558858871
3786874880.0,-0.059034399688243866
3787812608.0,-0.06223554164171219
3788750080.0,-0.0654149055480957
3789687552.0,-0.06831757724285126
3790625024.0,-0.07084520906209946
3791562496.0,-0.073282890021801
3792499968.0,-0.0760609582066536
3793437440.0,-0.07853476703166962
3794374912.0,-0.08102759718894958
3795312384.0,-0.08246126770973206
3796250112.0,-0.08344115316867828
3797187584.0,-0.08212001621723175
3798125056.0,-0.0814545750617981
3799062528.0,-0.0788518562912941
3800000000.0,-0.07495910674333572
3800937472.0,-0.06974402815103531
3801874944.0,-0.06318248808383942
3802812416.0,-0.0570664256811142
3803749888.0,-0.05051206424832344
3804687616.0,-0.04174380749464035
3805625088.0,-0.033124178647994995
3806562560.0,-0.024990001693367958
3807500032.0,-0.016591498628258705
3808437504.0,-0.006818045862019062
3809374976.0,0.0019030976109206676
3810312448.0,0.01114596612751484
3811249920.0,0.019236300140619278
3812187392.0,0.026557764038443565
3813125120.0,0.03426876664161682
3814062592.0,0.04207246005535126
3815000064.0,0.047092270106077194
3815937536.0,0.05294100567698479
3816875008.0,0.057295430451631546
3817812480.0,0.06102275103330612
3818749952.0,0.06352289766073227
3819687424.0,0.06668542325496674
3820624896.0,0.06705635786056519
3821562624.0,0.06649116426706314
3822500096.0,0.06597968190908432
3823437568.0,0.06299721449613571
3824375040.0,0.05994521453976631
3825312512.0,0.05665452033281326
3826249984.0,0.051783014088869095
3827187456.0,0.04817634075880051
3828124928.0,0.043889712542295456
3829062400.0,0.03935704007744789
3830000128.0,0.03401486575603485
3830937600.0,0.028457874432206154
3831875072.0,0.02278612181544304
3832812544.0,0.017721259966492653
3833750016.0,0.012538377195596695
3834687488.0,0.005203559994697571
3835624960.0,-0.0009943119948729873
3836562432.0,-0.006854735780507326
3837499904.0,-0.011639336124062538
3838437376.0,-0.01786860264837742
3839375104.0,-0.021499285474419594
3840312576.0,-0.026339363306760788
3841250048.0,-0.031646717339754105
3842187520.0,-0.035767365247011185
3843124992.0,-0.040760740637779236
3844062464.0,-0.04526248946785927
3844999936.0,-0.04856470599770546
3845937408.0,-0.052435748279094696
3846874880.0,-0.04992445930838585
3847812608.0,-0.05299888923764229
3848750080.0,-0.05534863471984863
3849687552.0,-0.057143136858940125
3850625024.0,-0.05830495059490204
3851562496.0,-0.059662070125341415
3852499968.0,-0.060947682708501816
3853437440.0,-0.06218024343252182
3854374912.0,-0.06236826255917549
3855312384.0,-0.0634622871875763
3856250112.0,-0.06347642838954926
3857187584.0,-0.062173206359148026
3858125056.0,-0.06059257313609123
3859062528.0,-0.05912969633936882
3860000000.0,-0.056408822536468506
3860937472.0,-0.05383550003170967
3861874944.0,-0.051056720316410065
3862812416.0,-0.048126883804798126
3863749888.0,-0.04667556285858154
3864687616.0,-0.04579663276672363
3865625088.0,-0.0460556261241436
3866562560.0,-0.04778266325592995
3867500032.0,-0.05046631395816803
3868437504.0,-0.05541900545358658
3869374976.0,-0.06203377619385719
3870312448.0,-0.06996587663888931
3871249920.0,-0.0795150101184845
3872187392.0,-0.09018880128860474
3873125120.0,-0.10038751363754272
3874062592.0,-0.11232038587331772
3875000064.0,-0.12374983727931976
3875937536.0,-0.13400383293628693
3876875008.0,-0.14383776485919952
3877812480.0,-0.15157613158226013
3878749952.0,-0.15779918432235718
3879687424.0,-0.16289310157299042
3880624896.0,-0.16406874358654022
3881562624.0,-0.16564925014972687
3882500096.0,-0.1648741066455841
3883437568.0,-0.15979690849781036
3884375040.0,-0.15395164489746094
3885312512.0,-0.14688029885292053
3886249984.0,-0.13908810913562775
3887187456.0,-0.1287641078233719
3888124928.0,-0.11820665001869202
3889062400.0,-0.10693550109863281
3889999872.0,-0.09438980370759964
3890937600.0,-0.08210552483797073
3891875072.0,-0.0704660639166832
3892812544.0,-0.05919799581170082
3893750016.0,-0.04903796687722206
3894687488.0,-0.038416534662246704
3895624960.0,-0.029970476403832436
3896562432.0,-0.021911008283495903
3897499904.0,-0.01526445522904396
3898437376.0,-0.010467542335391045
3899375104.0,-0.006911847740411758
3900312576.0,-0.004265866242349148
3901250048.0,-0.0020416050683707
3902187520.0,-0.0006434328970499337
3903124992.0,7.572908361908048e-05
3904062464.0,0.00043186667608097196
3904999936.0,-0.0005958258989267051
3905937408.0,0.0011322428472340107
3906874880.0,-0.009659579955041409
3907812608.0,-0.018651185557246208
3908750080.0,-0.02556966431438923
3909687552.0,-0.032174620777368546
3910625024.0,-0.03547026216983795
3911562496.0,-0.037674590945243835
3912499968.0,-0.037393681704998016
3913437440.0,-0.03575015068054199
3914374912.0,-0.0330180749297142
3915312384.0,-0.028771433979272842
3916250112.0,-0.022913319990038872
3917187584.0,-0.015428519807755947
3918125056.0,-0.006677484139800072
3919062528.0,0.0029950954485684633
3920000000.0,0.013896751217544079
3920937472.0,0.024190377444028854
3921874944.0,0.03590967133641243
3922812416.0,0.046224623918533325
3923749888.0,0.05645240098237991
3924687616.0,0.06629056483507156
3925625088.0,0.07480407506227493
3926562560.0,0.08346035331487656
3927500032.0,0.08943544328212738
3928437504.0,0.09562873840332031
3929374976.0,0.10016069561243057
3930312448.0,0.10322825610637665
3931249920.0,0.10492110997438431
3932187392.0,0.10541272908449173
3933125120.0,0.1028461903333664
3934062592.0,0.09962128102779388
3935000064.0,0.09569231420755386
3935937536.0,0.08990128338336945
3936875008.0,0.08338280022144318
3937812480.0,0.07609159499406815
3938749952.0,0.06760773807764053
3939687424.0,0.057024624198675156
3940624896.0,0.04677414894104004
3941562624.0,0.036910705268383026
3942500096.0,0.025994230061769485
3943437568.0,0.013950791209936142
3944375040.0,0.001925744116306305
3945312512.0,-0.011114954948425293
3946249984.0,-0.023758497089147568
3947187456.0,-0.036033887416124344
3948124928.0,-0.04787043482065201
3949062400.0,-0.05855565518140793
3950000128.0,-0.07020807266235352
3950937600.0,-0.08100148290395737
3951875072.0,-0.09063135832548141
3952812544.0,-0.10002389550209045
3953750016.0,-0.11026126891374588
3954687488.0,-0.11789930611848831
3955624960.0,-0.1266241818666458
3956562432.0,-0.1339636892080307
3957499904.0,-0.1405075192451477
3958437376.0,-0.14765828847885132
3959375104.0,-0.15236927568912506
3960312576.0,-0.1579970270395279
3961250048.0,-0.16304713487625122
3962187520.0,-0.16829226911067963
3963124992.0,-0.17441372573375702
3964062464.0,-0.17821870744228363
3964999936.0,-0.18238309025764465
3965937408.0,-0.18653474748134613
3966874880.0,-0.07847630977630615
3967812608.0,-0.08530614525079727
3968750080.0,-0.09106950461864471
3969687552.0,-0.09546298533678055
3970625024.0,-0.09979347139596939
3971562496.0,-0.10299069434404373
3972499968.0,-0.1054295003414154
3973437440.0,-0.10733222216367722
3974374912.0,-0.10851358622312546
3975312384.0,-0.10976357012987137
3976250112.0,-0.10960488766431808
3977187584.0,-0.10919950902462006
3978125056.0,-0.10726696252822876
3979062528.0,-0.10545498132705688
3980000000.0,-0.10191797465085983
3980937472.0,-0.09719138592481613
3981874944.0,-0.092194564640522
3982812416.0,-0.08771087229251862
3983749888.0,-0.08164189010858536
3984687616.0,-0.07562942057847977
3985625088.0,-0.07042951136827469
3986562560.0,-0.06514111161231995
3987500032.0,-0.05958585813641548
3988437504.0,-0.053870297968387604
3989374976.0,-0.04903899505734444
3990312448.0,-0.04388483241200447
3991249920.0,-0.03915805742144585
3992187392.0,-0.03514638543128967
3993125120.0,-0.030979912728071213
3994062592.0,-0.028932422399520874
3995000064.0,-0.02627038210630417
3995937536.0,-0.02401028946042061
3996875008.0,-0.02374747395515442
3997812480.0,-0.023702768608927727
3998749952.0,-0.02435283735394478
3999687424.0,-0.024014195427298546
4000624896.0,-0.01648346148431301
4001562624.0,-0.02117539942264557
4002500096.0,-0.026373855769634247
4003437568.0,-0.03153260424733162
4004375040.0,-0.037491947412490845
4005312512.0,-0.043335482478141785
4006249984.0,-0.05052262172102928
4007187456.0,-0.0589463897049427
4008124928.0,-0.06704498827457428
4009062400.0,-0.07630034536123276
4009999872.0,-0.08599711209535599
4010937600.0,-0.0948568731546402
4011875072.0,-0.10486043989658356
4012812544.0,-0.11396130174398422
4013750016.0,-0.1216992437839508
4014687488.0,-0.13072390854358673
4015624960.0,-0.13858245313167572
4016562432.0,-0.14571504294872284
4017499904.0,-0.15404555201530457
4018437376.0,-0.1613118052482605
4019375104.0,-0.16678521037101746
4020312576.0,-0.17208343744277954
4021250048.0,-0.17783011496067047
4022187520.0,-0.18335916101932526
4023124992.0,-0.18858128786087036
4024062464.0,-0.19316011667251587
4024999936.0,-0.19591879844665527
4025937408.0,-0.1997782588005066
4026874880.0,-0.19228054583072662
4027812608.0,-0.19340859353542328
4028750080.0,-0.19612239301204681
4029687552.0,-0.19790668785572052
4030625024.0,-0.19934885203838348
4031562496.0,-0.20172636210918427
4032499968.0,-0.20313508808612823
4033437440.0,-0.20416270196437836
4034374912.0,-0.20569463074207306
4035312384.0,-0.20643918216228485
4036250112.0,-0.20708705484867096
4037187584.0,-0.20684295892715454
4038125056.0,-0.20643137395381927
4039062528.0,-0.20627661049365997
4040000000.0,-0.2044689804315567
4040937472.0,-0.2021220624446869
4041874944.0,-0.19992375373840332
4042812416.0,-0.19672903418540955
4043749888.0,-0.19290998578071594
4044687616.0,-0.1884722113609314
4045625088.0,-0.18330246210098267
4046562560.0,-0.17770065367221832
4047500032.0,-0.1697894036769867
4048437504.0,-0.16119374334812164
4049374976.0,-0.15244361758232117
4050312448.0,-0.14293386042118073
4051249920.0,-0.13202786445617676
4052187392.0,-0.12158625572919846
4053125120.0,-0.11089310795068741
4054062592.0,-0.0991683378815651
4055000064.0,-0.08831344544887543
4055937536.0,-0.07553600519895554
4056875008.0,-0.062155548483133316
4057812480.0,-0.05045203119516373
4058749952.0,-0.03827167674899101
4059687424.0,-0.025905568152666092
4060624896.0,-0.014975016005337238
4061562624.0,-0.005560365505516529
4062500096.0,0.004551863297820091
4063437568.0,0.013418925926089287
4064375040.0,0.02145059034228325
4065312512.0,0.028107011690735817
4066249984.0,0.03481098636984825
4067187456.0,0.03992484509944916
4068124928.0,0.04395997151732445
4069062400.0,0.04598398134112358
4070000128.0,0.047285016626119614
4070937600.0,0.04754199460148811
4071875072.0,0.04594973474740982
4072812544.0,0.043615683913230896
4073750016.0,0.03983856737613678
4074687488.0,0.03495696932077408
4075624960.0,0.028690939769148827
4076562432.0,0.022325200960040092
4077499904.0,0.014743649400770664
4078437376.0,0.007341471035033464
4079375104.0,-0.0024347940925508738
4080312576.0,-0.010783298872411251
4081250048.0,-0.02129955217242241
4082187520.0,-0.032087165862321854
4083124992.0,-0.0424412302672863
4084062464.0,-0.05339774116873741
4084999936.0,-0.06335628777742386
4085937408.0,-0.07299091666936874
4086874880.0,-0.0975332111120224
4087812608.0,-0.1046065241098404
4088750080.0,-0.10905613005161285
4089687552.0,-0.11183833330869675
4090625024.0,-0.11508816480636597
4091562496.0,-0.11650249361991882
4092499968.0,-0.11882799118757248
4093437440.0,-0.11988607794046402
4094374912.0,-0.12119877338409424
4095312384.0,-0.12172860652208328
4096250112.0,-0.12250109761953354
4097187584.0,-0.12304732203483582
4098125056.0,-0.12413745373487473
4099062528.0,-0.12466289103031158
4100000000.0,-0.1256953775882721
4100937472.0,-0.12619566917419434
4101874944.0,-0.1270947903394699
4102812416.0,-0.12816904485225677
4103749888.0,-0.12875105440616608
4104687616.0,-0.13003608584403992
4105625088.0,-0.1305766999721527
4106562560.0,-0.13116025924682617
4107500032.0,-0.13215191662311554
4108437504.0,-0.13245391845703125
4109374976.0,-0.1320292353630066
4110312448.0,-0.13257242739200592
4111249920.0,-0.13237212598323822
4112187392.0,-0.13104714453220367
4113125120.0,-0.13158687949180603
4114062592.0,-0.12917180359363556
4115000064.0,-0.12871883809566498
4115937536.0,-0.12702617049217224
4116875008.0,-0.1253851354122162
4117812480.0,-0.12211389094591141
4118749952.0,-0.1203741580247879
4119687424.0,-0.11800529807806015
4120624896.0,-0.11472710967063904
4121562624.0,-0.11136295646429062
4122500096.0,-0.10872098058462143
4123437568.0,-0.10430628806352615
4124375040.0,-0.10051218420267105
4125312512.0,-0.09723100811243057
4126249984.0,-0.09386841952800751
4127187456.0,-0.08968087285757065
4128124928.0,-0.085495725274086
4129062400.0,-0.08205432444810867
4129999872.0,-0.07705724239349365
4130937600.0,-0.07255051285028458
4131875072.0,-0.0696772038936615
4132812544.0,-0.06657416373491287
4133750016.0,-0.063520148396492
4134687488.0,-0.06084553152322769
4135624960.0,-0.059586215764284134
4136562432.0,-0.0580756850540638
4137499904.0,-0.0561230406165123
4138437376.0,-0.05604555830359459
4139375104.0,-0.05451154708862305
4140312576.0,-0.0539998896420002
4141250048.0,-0.05252401903271675
4142187520.0,-0.05225822702050209
4143124992.0,-0.05218811705708504
4144062464.0,-0.0524725466966629
4144999936.0,-0.05164216831326485
4145937408.0,-0.05023152008652687
4146874880.0,-0.09046179056167603
4147812608.0,-0.09280193597078323
4148750080.0,-0.09396139532327652
4149687552.0,-0.0937587171792984
4150625024.0,-0.09426189213991165
4151562496.0,-0.09290740638971329
4152499968.0,-0.09088379144668579
4153437440.0,-0.08836037665605545
4154374912.0,-0.08502402156591415
4155312384.0,-0.08264661580324173
4156250112.0,-0.07822345942258835
4157187584.0,-0.07417116314172745
4158125056.0,-0.0685357004404068
4159062528.0,-0.06367246806621552
4160000000.0,-0.058339010924100876
4160937472.0,-0.05328076705336571
4161874944.0,-0.047208212316036224
4162812416.0,-0.042439669370651245
4163749888.0,-0.03756784275174141
4164687616.0,-0.03398101404309273
4165625088.0,-0.030558519065380096
4166562560.0,-0.0275795329362154
4167500032.0,-0.02514457143843174
4168437504.0,-0.024361371994018555
4169374976.0,-0.02368813008069992
4170312448.0,-0.0222396869212389
4171249920.0,-0.022258291020989418
4172187392.0,-0.023890847340226173
4173125120.0,-0.02630351111292839
4174062592.0,-0.028687287122011185
4175000064.0,-0.031809840351343155
4175937536.0,-0.03578908368945122
4176875008.0,-0.03951554745435715
4177812480.0,-0.0430254228413105
4178749952.0,-0.04770695045590401
4179687424.0,-0.05214734748005867
4180624896.0,-0.05816160514950752
4181562624.0,-0.06198388710618019
4182500096.0,-0.06814301013946533
4183437568.0,-0.07211454212665558
4184375040.0,-0.07635775208473206
4185312512.0,-0.08125794678926468
4186249984.0,-0.08510465919971466
4187187456.0,-0.08937418460845947
4188124928.0,-0.09307453781366348
4189062400.0,-0.09655583649873734
4190000128.0,-0.10054685920476913
4190937600.0,-0.10315199196338654
4191875072.0,-0.10623664408922195
4192812544.0,-0.10925976186990738
4193750016.0,-0.11295191943645477
4194687488.0,-0.1150875836610794
4195624960.0,-0.11888056248426437
4196562432.0,-0.1225653812289238
4197499904.0,-0.1269972026348114
4198437376.0,-0.13264082372188568
4199375104.0,-0.13707073032855988
4200312576.0,-0.14306935667991638
4201250048.0,-0.14812631905078888
4202187520.0,-0.15311269462108612
4203124992.0,-0.1579533815383911
4204062464.0,-0.1632440984249115
4204999936.0,-0.16859260201454163
4205937408.0,-0.17296697199344635
4206874880.0,-0.16458085179328918
4207812608.0,-0.17059946060180664
4208750080.0,-0.1766023486852646
4209687552.0,-0.18079859018325806
4210625024.0,-0.18629759550094604
4211562496.0,-0.18920375406742096
4212499968.0,-0.19227758049964905
4213437440.0,-0.19428445398807526
4214374912.0,-0.19418106973171234
4215312384.0,-0.19372065365314484
4216250112.0,-0.19155964255332947
4217187584.0,-0.18912047147750854
4218125056.0,-0.18440325558185577
4219062528.0,-0.17734305560588837
4220000000.0,-0.16983500123023987
4220937472.0,-0.16039763391017914
4221874944.0,-0.15067897737026215
4222812416.0,-0.13776785135269165
4223749888.0,-0.12442836165428162
4224687616.0,-0.1120767816901207
4225625088.0,-0.09826520830392838
4226562560.0,-0.08324597030878067
4227500032.0,-0.06813310831785202
4228437504.0,-0.05168839916586876
4229374976.0,-0.035428110510110855
4230312448.0,-0.019660331308841705
4231249920.0,-0.0034594296012073755
4232187392.0,0.013146612793207169
4233125120.0,0.029190566390752792
4234062592.0,0.04387389123439789
4235000064.0,0.058854855597019196
4235937536.0,0.07354682683944702
4236875008.0,0.08731967210769653
4237812480.0,0.09988907724618912
4238749952.0,0.11088155955076218
4239687424.0,0.12106756865978241
4240624896.0,0.12849539518356323
4241562624.0,0.13513560593128204
4242500096.0,0.14033415913581848
4243437568.0,0.14342093467712402
4244375040.0,0.1445707231760025
4245312512.0,0.14568965137004852
4246249984.0,0.14351299405097961
4247187456.0,0.1408800333738327
4248124928.0,0.13693681359291077
4249062400.0,0.13105377554893494
4249999872.0,0.12284354865550995
4250937600.0,0.1142759844660759
4251875072.0,0.10250798612833023
4252812544.0,0.08989395946264267
4253750016.0,0.07577245682477951
4254687488.0,0.060610201209783554
4255624960.0,0.04354448989033699
4256562432.0,0.026023289188742638
4257499904.0,0.006877711974084377
4258437376.0,-0.012789933010935783
4259375104.0,-0.03368537500500679
4260312576.0,-0.05526845157146454
4261250048.0,-0.07740481197834015
4262187520.0,-0.09940198808908463
4263124992.0,-0.12088988721370697
4264062464.0,-0.14351436495780945
4264999936.0,-0.1643942892551422
4265937408.0,-0.18469664454460144
4266874880.0,-0.19368888437747955
4267812608.0,-0.20219910144805908
4268750080.0,-0.20913496613502502
4269687552.0,-0.2165198028087616
4270625024.0,-0.22272929549217224
4271562496.0,-0.22917808592319489
4272499968.0,-0.23378075659275055
4273437440.0,-0.23779058456420898
4274374912.0,-0.23999525606632233
4275312384.0,-0.2415444254875183
4276250112.0,-0.24099169671535492
4277187584.0,-0.23801478743553162
4278125056.0,-0.23348189890384674
4279062528.0,-0.22709091007709503
4280000000.0,-0.21700963377952576
4280937472.0,-0.20674340426921844
4281874944.0,-0.19189408421516418
4282812416.0,-0.17725004255771637
4283749888.0,-0.16031311452388763
4284687616.0,-0.14199784398078918
4285625088.0,-0.12292776256799698
4286562560.0,-0.10213593393564224
4287500032.0,-0.0797896757721901
4288437504.0,-0.056775957345962524
4289374976.0,-0.03369363024830818
4290312448.0,-0.01065442617982626
4291249920.0,0.012721647508442402
4292187392.0,0.03626971319317818
4293125120.0,0.05899379774928093
4294062592.0,0.07959231734275818
4295000064.0,0.09957782924175262
4295937536.0,0.11794492602348328
4296875008.0,0.1333303302526474
4297812480.0,0.14872606098651886
4298749952.0,0.1620439738035202
4299687424.0,0.17199157178401947
4300624896.0,0.18112075328826904
4301562368.0,0.18719027936458588
4302499840.0,0.19074255228042603
4303437312.0,0.1921827495098114
4304374784.0,0.19107791781425476
4305312256.0,0.1871841996908188
4306250240.0,0.1804734468460083
4307187712.0,0.17185164988040924
4308125184.0,0.16069422662258148
4309062656.0,0.14759531617164612
4310000128.0,0.13165457546710968
4310937600.0,0.11478356271982193
4311875072.0,0.09773485362529755
4312812544.0,0.07789567857980728
4313750016.0,0.05877038091421127
4314687488.0,0.03799041733145714
4315624960.0,0.017162704840302467
4316562432.0,-0.0025742920115590096
4317499904.0,-0.022998077794909477
4318437376.0,-0.042424362152814865
4319374848.0,-0.06105389818549156
4320312320.0,-0.08037932962179184
4321249792.0,-0.0978984609246254
4322187264.0,-0.11447669565677643
4323125248.0,-0.13038237392902374
4324062720.0,-0.14415627717971802
4325000192.0,-0.15605565905570984
4325937664.0,-0.16643810272216797
4326875136.0,-0.22473865747451782
4327812608.0,-0.2234528362751007
4328750080.0,-0.22090208530426025
4329687552.0,-0.21487832069396973
4330625024.0,-0.20928503572940826
4331562496.0,-0.20206555724143982
4332499968.0,-0.1945316642522812
4333437440.0,-0.1855195313692093
4334374912.0,-0.17580224573612213
4335312384.0,-0.16568385064601898
4336249856.0,-0.15494750440120697
4337187328.0,-0.1449809968471527
4338124800.0,-0.13594749569892883
4339062272.0,-0.12674899399280548
4339999744.0,-0.11836244910955429
4340937728.0,-0.11064784228801727
4341875200.0,-0.10381162166595459
4342812672.0,-0.09622533619403839
4343750144.0,-0.09028113633394241
4344687616.0,-0.08463037014007568
4345625088.0,-0.07968615740537643
4346562560.0,-0.07602151483297348
4347500032.0,-0.07298491895198822
4348437504.0,-0.0711633637547493
4349374976.0,-0.06997208297252655
4350312448.0,-0.0709691122174263
4351249920.0,-0.07062193751335144
4352187392.0,-0.07151178270578384
4353124864.0,-0.07347289472818375
4354062336.0,-0.07384813576936722
4354999808.0,-0.07550395280122757
4355937280.0,-0.07682353258132935
4356874752.0,-0.0801086500287056
4357812736.0,-0.0837785080075264
4358750208.0,-0.08620265871286392
4359687680.0,-0.08998054265975952
4360625152.0,-0.09406339377164841
4361562624.0,-0.09824568033218384
4362500096.0,-0.10128512233495712
4363437568.0,-0.10554031282663345
4364375040.0,-0.10920052230358124
4365312512.0,-0.11376702785491943
4366249984.0,-0.1179070696234703
4367187456.0,-0.121945321559906
4368124928.0,-0.12623755633831024
4369062400.0,-0.13119454681873322
4369999872.0,-0.13599905371665955
4370937344.0,-0.13976813852787018
4371874816.0,-0.1434783935546875
4372812288.0,-0.14787040650844574
4373749760.0,-0.15234076976776123
4374687744.0,-0.15735524892807007
4375625216.0,-0.1627255380153656
4376562688.0,-0.16888901591300964
4377500160.0,-0.17498210072517395
4378437632.0,-0.18159541487693787
4379375104.0,-0.18833056092262268
4380312576.0,-0.1961798518896103
4381250048.0,-0.20534458756446838
4382187520.0,-0.21410265564918518
4383124992.0,-0.2230687290430069
4384062464.0,-0.2337760478258133
4384999936.0,-0.2437116950750351
4385937408.0,-0.25568437576293945
4386874880.0,-0.3253253698348999
4387812352.0,-0.33348414301872253
4388749824.0,-0.3394361734390259
4389687296.0,-0.34457090497016907
4390624768.0,-0.34760886430740356
4391562752.0,-0.34792423248291016
4392500224.0,-0.3470546305179596
4393437696.0,-0.34399694204330444
4394375168.0,-0.34040313959121704
4395312640.0,-0.33398428559303284
4396250112.0,-0.3263785243034363
4397187584.0,-0.3178216516971588
4398125056.0,-0.307792603969574
4399062528.0,-0.2966201901435852
4400000000.0,-0.28194358944892883
4400937472.0,-0.26726365089416504
4401874944.0,-0.2519412636756897
4402812416.0,-0.23560334742069244
4403749888.0,-0.21955420076847076
4404687360.0,-0.20043860375881195
4405624832.0,-0.18283523619174957
4406562304.0,-0.16495917737483978
4407499776.0,-0.14695274829864502
4408437248.0,-0.13034753501415253
4409375232.0,-0.11384431272745132
4410312704.0,-0.0992371141910553
4411250176.0,-0.08381310850381851
4412187648.0,-0.07039699703454971
4413125120.0,-0.05817233771085739
4414062592.0,-0.04785417765378952
4415000064.0,-0.03879985213279724
4415937536.0,-0.032478705048561096
4416875008.0,-0.029033862054347992
4417812480.0,-0.02769431471824646
4418749952.0,-0.028667636215686798
4419687424.0,-0.03304888308048248
4420624896.0,-0.03909815475344658
4421562368.0,-0.046714670956134796
4422499840.0,-0.057444989681243896
4423437312.0,-0.06923243403434753
4424374784.0,-0.08349043875932693
4425312256.0,-0.09865131974220276
4426250240.0,-0.11634136736392975
4427187712.0,-0.13529179990291595
4428125184.0,-0.15478692948818207
4429062656.0,-0.1766985058784485
4430000128.0,-0.2001408487558365
4430937600.0,-0.223388209939003
4431875072.0,-0.2466510385274887
4432812544.0,-0.27108410000801086
4433750016.0,-0.295696884393692
4434687488.0,-0.320452481508255
4435624960.0,-0.3437606990337372
4436562432.0,-0.3675609230995178
4437499904.0,-0.3900010585784912
4438437376.0,-0.41033482551574707
4439374848.0,-0.4313167929649353
4440312320.0,-0.4495982825756073
4441249792.0,-0.4660807251930237
4442187264.0,-0.4809555113315582
4443125248.0,-0.4959815740585327
4444062720.0,-0.5070233345031738
4445000192.0,-0.5167475342750549
4445937664.0,-0.5236937403678894
4446875136.0,-0.533107340335846
4447812608.0,-0.5405570268630981
4448750080.0,-0.5459126830101013
4449687552.0,-0.5480901002883911
4450625024.0,-0.5498919486999512
4451562496.0,-0.5483477115631104
4452499968.0,-0.5445109009742737
4453437440.0,-0.5389699935913086
4454374912.0,-0.5312836170196533
4455312384.0,-0.5224772691726685
4456249856.0,-0.5121497511863708
4457187328.0,-0.49951624870300293
4458124800.0,-0.4863336682319641
4459062272.0,-0.47124001383781433
4460000256.0,-0.45428821444511414
4460937728.0,-0.4373960494995117
4461875200.0,-0.4217248260974884
4462812672.0,-0.40452221035957336
4463750144.0,-0.38741546869277954
4464687616.0,-0.37134674191474915
4465625088.0,-0.3549257218837738
4466562560.0,-0.3399602770805359
4467500032.0,-0.32556313276290894
4468437504.0,-0.31177642941474915
4469374976.0,-0.29976287484169006
4470312448.0,-0.287947416305542
4471249920.0,-0.2776685953140259
4472187392.0,-0.2699737548828125
4473124864.0,-0.2630615532398224
4474062336.0,-0.2584608495235443
4474999808.0,-0.2555360198020935
4475937280.0,-0.2545703649520874
4476874752.0,-0.2544248402118683
4477812736.0,-0.25688764452934265
4478750208.0,-0.26038429141044617
4479687680.0,-0.2662857472896576
4480625152.0,-0.2748391330242157
4481562624.0,-0.2853546738624573
4482500096.0,-0.29818829894065857
4483437568.0,-0.31417837738990784
4484375040.0,-0.33225634694099426
4485312512.0,-0.35278740525245667
4486249984.0,-0.3757025897502899
4487187456.0,-0.39998042583465576
4488124928.0,-0.42598146200180054
4489062400.0,-0.4542980492115021
4489999872.0,-0.4838329255580902
4490937344.0,-0.5135230422019958
4491874816.0,-0.5430209040641785
4492812288.0,-0.5729828476905823
4493749760.0,-0.6041553616523743
4494687744.0,-0.6347923874855042
4495625216.0,-0.6668100953102112
4496562688.0,-0.6986926794052124
4497500160.0,-0.7302610874176025
4498437632.0,-0.7597639560699463
4499375104.0,-0.7906053066253662
4500312576.0,-0.8192881941795349
4501250048.0,-0.8473668098449707
4502187520.0,-0.8721407651901245
4503124992.0,-0.8956912755966187
4504062464.0,-0.9186570644378662
4504999936.0,-0.9383898973464966
4505937408.0,-0.9553742408752441
4506874880.0,-0.9205538630485535
4507812352.0,-0.9342668056488037
4508749824.0,-0.94631427526474
4509687296.0,-0.954655647277832
4510624768.0,-0.9601606130599976
4511562752.0,-0.961868941783905
4512500224.0,-0.9616736769676208
4513437696.0,-0.9565215706825256
4514375168.0,-0.9490466713905334
4515312640.0,-0.940569281578064
4516250112.0,-0.9285727739334106
4517187584.0,-0.916784942150116
4518125056.0,-0.9027445912361145
4519062528.0,-0.8883506655693054
4520000000.0,-0.8735315799713135
4520937472.0,-0.8596487045288086
4521874944.0,-0.8446133732795715
4522812416.0,-0.830524742603302
4523749888.0,-0.817571759223938
4524687360.0,-0.8040770888328552
4525624832.0,-0.7942913174629211
4526562304.0,-0.7828980088233948
4527499776.0,-0.772637665271759
4528437248.0,-0.7649117112159729
4529375232.0,-0.7566473484039307
4530312704.0,-0.7524908185005188
4531250176.0,-0.7505593299865723
4532187648.0,-0.751941442489624
4533125120.0,-0.7540621161460876
4534062592.0,-0.761860728263855
4535000064.0,-0.7714219689369202
4535937536.0,-0.7843027114868164
4536875008.0,-0.8011007905006409
4537812480.0,-0.8208634257316589
4538749952.0,-0.8460782170295715
4539687424.0,-0.8744714260101318
4540624896.0,-0.905034065246582
4541562368.0,-0.9408026933670044
4542499840.0,-0.9760949015617371
4543437312.0,-1.0165549516677856
4544374784.0,-1.0598747730255127
4545312256.0,-1.1051015853881836
4546250240.0,-1.153242588043213
4547187712.0,-1.2049949169158936
4548125184.0,-1.2607368230819702
4549062656.0,-1.317455768585205
4550000128.0,-1.3788880109786987
4550937600.0,-1.4437310695648193
4551875072.0,-1.5109413862228394
4552812544.0,-1.5788302421569824
4553750016.0,-1.6475311517715454
4554687488.0,-1.7195158004760742
4555624960.0,-1.7896384000778198
4556562432.0,-1.860984444618225
4557499904.0,-1.9317392110824585
4558437376.0,-2.002455234527588
4559374848.0,-2.073133945465088
4560312320.0,-2.143130302429199
4561249792.0,-2.2116129398345947
4562187264.0,-2.2795817852020264
4563125248.0,-2.344735622406006
4564062720.0,-2.4087822437286377
4565000192.0,-2.468263864517212
4565937664.0,-2.527289390563965
4566875136.0,-2.3974854946136475
4567812608.0,-2.4302642345428467
4568750080.0,-2.4637835025787354
4569687552.0,-2.4955732822418213
4570625024.0,-2.5283191204071045
4571562496.0,-2.5589396953582764
4572499968.0,-2.5898020267486572
4573437440.0,-2.617875576019287
4574374912.0,-2.6442835330963135
4575312384.0,-2.672226905822754
4576249856.0,-2.701688766479492
4577187328.0,-2.731421947479248
4578124800.0,-2.763782501220703
4579062272.0,-2.797015905380249
4579999744.0,-2.8342132568359375
4580937728.0,-2.872938394546509
4581875200.0,-2.9119174480438232
4582812672.0,-2.951040029525757
4583750144.0,-2.9904098510742188
4584687616.0,-3.0292794704437256
4585625088.0,-3.069253444671631
4586562560.0,-3.1087915897369385
4587500032.0,-3.149029016494751
4588437504.0,-3.1874325275421143
4589374976.0,-3.2255990505218506
4590312448.0,-3.26239013671875
4591249920.0,-3.3003621101379395
4592187392.0,-3.340597629547119
4593124864.0,-3.381845712661743
4594062336.0,-3.4285178184509277
4594999808.0,-3.4770307540893555
4595937280.0,-3.5274603366851807
4596874752.0,-3.579164743423462
4597812736.0,-3.6310055255889893
4598750208.0,-3.681704521179199
4599687680.0,-3.7315824031829834
4600625152.0,-3.78521728515625
4601562624.0,-3.840400218963623
4602500096.0,-3.8944146633148193
4603437568.0,-3.9461114406585693
4604375040.0,-3.99312686920166
4605312512.0,-4.040417194366455
4606249984.0,-4.085387229919434
4607187456.0,-4.130981922149658
4608124928.0,-4.176971912384033
4609062400.0,-4.221471786499023
4609999872.0,-4.264101505279541
4610937344.0,-4.3012166023254395
4611874816.0,-4.3307342529296875
4612812288.0,-4.358765125274658
4613749760.0,-4.38090705871582
4614687744.0,-4.400518417358398
4615625216.0,-4.4176344871521
4616562688.0,-4.429959297180176
4617500160.0,-4.441212177276611
4618437632.0,-4.446420669555664
4619375104.0,-4.450438022613525
4620312576.0,-4.455686092376709
4621250048.0,-4.457456588745117
4622187520.0,-4.458433151245117
4623124992.0,-4.460687160491943
4624062464.0,-4.460443496704102
4624999936.0,-4.458937644958496
4625937408.0,-4.456419944763184
4626874880.0,-4.62584924697876
4627812352.0,-4.592606544494629
4628749824.0,-4.5492987632751465
4629687296.0,-4.497866153717041
4630624768.0,-4.434640407562256
4631562752.0,-4.366083145141602
4632500224.0,-4.290509223937988
4633437696.0,-4.2102155685424805
4634375168.0,-4.123411178588867
4635312640.0,-4.032802104949951
4636250112.0,-3.936612606048584
4637187584.0,-3.835932970046997
4638125056.0,-3.7324557304382324
4639062528.0,-3.626030921936035
4640000000.0,-3.5187721252441406
4640937472.0,-3.4087064266204834
4641874944.0,-3.295377016067505
4642812416.0,-3.1814634799957275
4643749888.0,-3.065415382385254
4644687360.0,-2.951545238494873
4645624832.0,-2.8385088443756104
4646562304.0,-2.7275750637054443
4647499776.0,-2.618067502975464
4648437248.0,-2.513455390930176
4649375232.0,-2.411240577697754
4650312704.0,-2.3147590160369873
4651250176.0,-2.222099781036377
4652187648.0,-2.132659673690796
4653125120.0,-2.0471038818359375
4654062592.0,-1.9649450778961182
4655000064.0,-1.8865915536880493
4655937536.0,-1.8130093812942505
4656875008.0,-1.7450053691864014
4657812480.0,-1.6837440729141235
4658749952.0,-1.6273186206817627
4659687424.0,-1.576936960220337
4660624896.0,-1.5315611362457275
4661562368.0,-1.4921355247497559
4662499840.0,-1.458620548248291
4663437312.0,-1.4293442964553833
4664374784.0,-1.4035476446151733
4665312256.0,-1.3800554275512695
4666250240.0,-1.3578252792358398
4667187712.0,-1.3385459184646606
4668125184.0,-1.3205488920211792
4669062656.0,-1.3051683902740479
4670000128.0,-1.2927321195602417
4670937600.0,-1.2812477350234985
4671875072.0,-1.273209571838379
4672812544.0,-1.2648568153381348
4673750016.0,-1.2581111192703247
4674687488.0,-1.253819465637207
4675624960.0,-1.2481573820114136
4676562432.0,-1.241733193397522
4677499904.0,-1.2341411113739014
4678437376.0,-1.225121259689331
4679374848.0,-1.2147533893585205
4680312320.0,-1.2014222145080566
4681249792.0,-1.1880930662155151
4682187264.0,-1.1714199781417847
4683125248.0,-1.152378797531128
4684062720.0,-1.1334551572799683
4685000192.0,-1.1124677658081055
4685937664.0,-1.0909228324890137
4686875136.0,-1.0911762714385986
4687812608.0,-1.0652649402618408
4688750080.0,-1.0391062498092651
4689687552.0,-1.011663794517517
4690625024.0,-0.9840892553329468
4691562496.0,-0.9559046030044556
4692499968.0,-0.9248455166816711
4693437440.0,-0.8936298489570618
4694374912.0,-0.861433744430542
4695312384.0,-0.8276776075363159
4696249856.0,-0.7937436103820801
4697187328.0,-0.759742796421051
4698124800.0,-0.7256600260734558
4699062272.0,-0.692327618598938
4700000256.0,-0.6586721539497375
4700937728.0,-0.6256442666053772
4701875200.0,-0.5934276580810547
4702812672.0,-0.5620948076248169
4703750144.0,-0.5309833884239197
4704687616.0,-0.50173419713974
4705625088.0,-0.47467559576034546
4706562560.0,-0.44796285033226013
4707500032.0,-0.4225776493549347
4708437504.0,-0.3997073471546173
4709374976.0,-0.37780889868736267
4710312448.0,-0.3576459288597107
4711249920.0,-0.33860334753990173
4712187392.0,-0.32201093435287476
4713124864.0,-0.30732250213623047
4714062336.0,-0.2943228781223297
4714999808.0,-0.28204602003097534
4715937280.0,-0.2730085551738739
4716874752.0,-0.2650302052497864
4717812736.0,-0.25969329476356506
4718750208.0,-0.25493085384368896
4719687680.0,-0.25335004925727844
4720625152.0,-0.25385576486587524
4721562624.0,-0.25603634119033813
4722500096.0,-0.2590320408344269
4723437568.0,-0.26557832956314087
4724375040.0,-0.27229398488998413
4725312512.0,-0.2814348042011261
4726249984.0,-0.2924039959907532
4727187456.0,-0.3033864498138428
4728124928.0,-0.31722456216812134
4729062400.0,-0.33114975690841675
4729999872.0,-0.3470224440097809
4730937344.0,-0.3627886474132538
4731874816.0,-0.3797452449798584
4732812288.0,-0.3968677222728729
4733749760.0,-0.414242148399353
4734687744.0,-0.4318055212497711
4735625216.0,-0.4493674337863922
4736562688.0,-0.4676389694213867
4737500160.0,-0.48503175377845764
4738437632.0,-0.5016235113143921
4739375104.0,-0.5187350511550903
4740312576.0,-0.5348972678184509
4741250048.0,-0.5481875538825989
4742187520.0,-0.5629206299781799
4743124992.0,-0.5758151412010193
4744062464.0,-0.585872232913971
4744999936.0,-0.5948354601860046
4745937408.0,-0.6026073098182678
4746874880.0,-0.418158620595932
4747812352.0,-0.41667410731315613
4748749824.0,-0.415067583322525
4749687296.0,-0.4132825434207916
4750624768.0,-0.41041237115859985
4751562752.0,-0.40771299600601196
4752500224.0,-0.4045182764530182
4753437696.0,-0.40204402804374695
4754375168.0,-0.3990004062652588
4755312640.0,-0.39463382959365845
4756250112.0,-0.3902169167995453
4757187584.0,-0.3856365382671356
4758125056.0,-0.37859565019607544
4759062528.0,-0.37333396077156067
4760000000.0,-0.3659785985946655
4760937472.0,-0.3593216836452484
4761874944.0,-0.3514387905597687
4762812416.0,-0.3435975909233093
4763749888.0,-0.3337074816226959
4764687360.0,-0.3243969678878784
4765624832.0,-0.31313657760620117
4766562304.0,-0.30130037665367126
4767499776.0,-0.29100048542022705
4768437248.0,-0.27984026074409485
4769375232.0,-0.26776155829429626
4770312704.0,-0.25574666261672974
4771250176.0,-0.2413451075553894
4772187648.0,-0.2282990664243698
4773125120.0,-0.2125876098871231
4774062592.0,-0.19697406888008118
4775000064.0,-0.17959363758563995
4775937536.0,-0.16127341985702515
4776875008.0,-0.14306938648223877
4777812480.0,-0.12392529845237732
4778749952.0,-0.10427629202604294
4779687424.0,-0.08483614027500153
4780624896.0,-0.06422197818756104
4781562368.0,-0.04346407949924469
4782499840.0,-0.023263797163963318
4783437312.0,-0.0036917333491146564
4784374784.0,0.017388101667165756
4785312256.0,0.03782673925161362
4786250240.0,0.05708255618810654
4787187712.0,0.07487359642982483
4788125184.0,0.09208571165800095
4789062656.0,0.10856135189533234
4790000128.0,0.12369813770055771
4790937600.0,0.1379542499780655
4791875072.0,0.14998625218868256
4792812544.0,0.16086000204086304
4793750016.0,0.16953811049461365
4794687488.0,0.17634853720664978
4795624960.0,0.17969031631946564
4796562432.0,0.18149028718471527
4797499904.0,0.18048503994941711
4798437376.0,0.1773522049188614
4799374848.0,0.1704983115196228
4800312320.0,0.1619696021080017
4801249792.0,0.1511511653661728
4802187264.0,0.13804195821285248
4803125248.0,0.12201958149671555
4804062720.0,0.10402321070432663
4805000192.0,0.08477214723825455
4805937664.0,0.06253235787153244
4806875136.0,-0.21218404173851013
4807812608.0,-0.21684885025024414
4808750080.0,-0.22207732498645782
4809687552.0,-0.2266181856393814
4810625024.0,-0.23167350888252258
4811562496.0,-0.2360810488462448
4812499968.0,-0.24057939648628235
4813437440.0,-0.24498894810676575
4814374912.0,-0.24870753288269043
4815312384.0,-0.250556081533432
4816249856.0,-0.2535272240638733
4817187328.0,-0.2535227835178375
4818124800.0,-0.2551284730434418
4819062272.0,-0.25408658385276794
4819999744.0,-0.25259703397750854
4820937728.0,-0.2518613338470459
4821875200.0,-0.24816085398197174
4822812672.0,-0.24483905732631683
4823750144.0,-0.24002735316753387
4824687616.0,-0.23423177003860474
4825625088.0,-0.22782635688781738
4826562560.0,-0.21991321444511414
4827500032.0,-0.21195682883262634
4828437504.0,-0.20309865474700928
4829374976.0,-0.1938599795103073
4830312448.0,-0.18323864042758942
4831249920.0,-0.17273499071598053
4832187392.0,-0.16225144267082214
4833124864.0,-0.15086516737937927
4834062336.0,-0.14041483402252197
4834999808.0,-0.1296272575855255
4835937280.0,-0.11874602735042572
4836874752.0,-0.10940320789813995
4837812736.0,-0.100600466132164
4838750208.0,-0.09189005196094513
4839687680.0,-0.0843091607093811
4840625152.0,-0.0779535323381424
4841562624.0,-0.0737045481801033
4842500096.0,-0.06969311088323593
4843437568.0,-0.06790297478437424
4844375040.0,-0.06734319776296616
4845312512.0,-0.0687909945845604
4846249984.0,-0.07274657487869263
4847187456.0,-0.07599149644374847
4848124928.0,-0.0817946270108223
4849062400.0,-0.08901222795248032
4849999872.0,-0.09786023944616318
4850937344.0,-0.10680176317691803
4851874816.0,-0.11801524460315704
4852812288.0,-0.1298266500234604
4853749760.0,-0.14380358159542084
4854687744.0,-0.15776307880878448
4855625216.0,-0.17273235321044922
4856562688.0,-0.18632405996322632
4857500160.0,-0.20206937193870544
4858437632.0,-0.21646550297737122
4859375104.0,-0.2315835952758789
4860312576.0,-0.2454058825969696
4861250048.0,-0.2597922384738922
4862187520.0,-0.2723191976547241
4863124992.0,-0.2841982841491699
4864062464.0,-0.29453691840171814
4864999936.0,-0.30454498529434204
4865937408.0,-0.3120885491371155
4866874880.0,-0.2964983284473419
4867812352.0,-0.30254319310188293
4868749824.0,-0.31028369069099426
4869687296.0,-0.3145751655101776
4870624768.0,-0.32031768560409546
4871562752.0,-0.3236749470233917
4872500224.0,-0.3256337642669678
4873437696.0,-0.3273875117301941
4874375168.0,-0.3270018696784973
4875312640.0,-0.32689133286476135
4876250112.0,-0.32428812980651855
4877187584.0,-0.32141977548599243
4878125056.0,-0.3166602849960327
4879062528.0,-0.3121230900287628
4880000000.0,-0.3057895600795746
4880937472.0,-0.29874640703201294
4881874944.0,-0.2906323969364166
4882812416.0,-0.28164052963256836
4883749888.0,-0.27234768867492676
4884687360.0,-0.2626473009586334
4885624832.0,-0.25063180923461914
4886562304.0,-0.23955492675304413
4887499776.0,-0.22672542929649353
4888437248.0,-0.21428969502449036
4889375232.0,-0.2006598263978958
4890312704.0,-0.18685151636600494
4891250176.0,-0.1728919893503189
4892187648.0,-0.15833483636379242
4893125120.0,-0.14322620630264282
4894062592.0,-0.12959986925125122
4895000064.0,-0.11552023142576218
4895937536.0,-0.10110539197921753
4896875008.0,-0.08649693429470062
4897812480.0,-0.07328777760267258
4898749952.0,-0.05960323289036751
4899687424.0,-0.04766010493040085
4900624896.0,-0.03671184182167053
4901562368.0,-0.025984710082411766
4902499840.0,-0.014885837212204933
4903437312.0,-0.006858608685433865
4904374784.0,0.0005754023441113532
4905312256.0,0.007041080389171839
4906250240.0,0.013087833300232887
4907187712.0,0.01663704216480255
4908125184.0,0.019713981077075005
4909062656.0,0.021776802837848663
4910000128.0,0.021725352853536606
4910937600.0,0.018356917425990105
4911875072.0,0.015670862048864365
4912812544.0,0.012048734351992607
4913750016.0,0.006604262161999941
4914687488.0,-0.0010614156490191817
4915624960.0,-0.007392073515802622
4916562432.0,-0.017331577837467194
4917499904.0,-0.025658870115876198
4918437376.0,-0.0355253629386425
4919374848.0,-0.045822422951459885
4920312320.0,-0.057052262127399445
4921249792.0,-0.06861699372529984
4922187264.0,-0.08105488866567612
4923125248.0,-0.09366966038942337
4924062720.0,-0.10630367696285248
4925000192.0,-0.11871802061796188
4925937664.0,-0.17887184023857117
4926875136.0,-0.17974066734313965
4927812608.0,-0.18091556429862976
4928750080.0,-0.18167336285114288
4929687552.0,-0.18197232484817505
4930625024.0,-0.18272218108177185
4931562496.0,-0.18321387469768524
4932499968.0,-0.18263664841651917
4933437440.0,-0.18193818628787994
4934374912.0,-0.18193501234054565
4935312384.0,-0.17896611988544464
4936249856.0,-0.176877960562706
4937187328.0,-0.17382289469242096
4938124800.0,-0.1699528992176056
4939062272.0,-0.16566923260688782
4940000256.0,-0.160952627658844
4940937728.0,-0.15564005076885223
4941875200.0,-0.14928291738033295
4942812672.0,-0.1425314098596573
4943750144.0,-0.13556230068206787
4944687616.0,-0.12737996876239777
4945625088.0,-0.11802094429731369
4946562560.0,-0.10824021697044373
4947500032.0,-0.09860702604055405
4948437504.0,-0.0886893942952156
4949374976.0,-0.07799585163593292
4950312448.0,-0.06851539015769958
4951249920.0,-0.05649901181459427
4952187392.0,-0.045533642172813416
4953124864.0,-0.035130079835653305
4954062336.0,-0.02458835579454899
4954999808.0,-0.014351878315210342
4955937280.0,-0.004421782214194536
4956874752.0,0.0049105556681752205
4957812736.0,0.012767530977725983
4958750208.0,0.021900637075304985
4959687680.0,0.028547929599881172
4960625152.0,0.034464240074157715
4961562624.0,0.040645014494657516
4962500096.0,0.045710254460573196
4963437568.0,0.0487978532910347
4964375040.0,0.050872839987277985
4965312512.0,0.052630387246608734
4966249984.0,0.0535605251789093
4967187456.0,0.05193409323692322
4968124928.0,0.049417298287153244
4969062400.0,0.046159181743860245
4969999872.0,0.04196220636367798
4970937344.0,0.03669064864516258
4971874816.0,0.0300302691757679
4972812288.0,0.02421034500002861
4973749760.0,0.015772884711623192
4974687744.0,0.0074750748462975025
4975625216.0,-0.0013485134113579988
4976562688.0,-0.010352271609008312
4977500160.0,-0.02028696797788143
4978437632.0,-0.029023589566349983
4979375104.0,-0.03923121467232704
4980312576.0,-0.04988066479563713
4981250048.0,-0.05905531719326973
4982187520.0,-0.07005736976861954
4983124992.0,-0.0777432844042778
4984062464.0,-0.08563923090696335
4984999936.0,-0.09396978467702866
4985937408.0,-0.13625214993953705
4986874880.0,-0.1465839147567749
4987812352.0,-0.15547332167625427
4988749824.0,-0.16225825250148773
4989687296.0,-0.1683052033185959
4990624768.0,-0.17350426316261292
4991562752.0,-0.17744988203048706
4992500224.0,-0.18091009557247162
4993437696.0,-0.18144185841083527
4994375168.0,-0.18115146458148956
4995312640.0,-0.18022792041301727
4996250112.0,-0.1783292591571808
4997187584.0,-0.17507527768611908
4998125056.0,-0.16994798183441162
4999062528.0,-0.16429930925369263
5000000000.0,-0.15896905958652496
5000937472.0,-0.15080086886882782
5001874944.0,-0.14232102036476135
5002812416.0,-0.13347257673740387
5003749888.0,-0.12369281053543091
5004687360.0,-0.11347061395645142
5005624832.0,-0.10327348858118057
5006562304.0,-0.09212014824151993
5007499776.0,-0.08079416304826736
5008437248.0,-0.07043652981519699
5009375232.0,-0.059030499309301376
5010312704.0,-0.04809306189417839
5011250176.0,-0.03649241104722023
5012187648.0,-0.026330845430493355
5013125120.0,-0.015816913917660713
5014062592.0,-0.005739085841923952
5015000064.0,0.003756939899176359
5015937536.0,0.012814345769584179
5016875008.0,0.021752988919615746
5017812480.0,0.029334846884012222
5018749952.0,0.03606894239783287
5019687424.0,0.041996654123067856
5020624896.0,0.047814734280109406
5021562368.0,0.05256162956357002
5022499840.0,0.05585136637091637
5023437312.0,0.057380612939596176
5024374784.0,0.06013038009405136
5025312256.0,0.05882733687758446
5026250240.0,0.05765863507986069
5027187712.0,0.05649641901254654
5028125184.0,0.054292529821395874
5029062656.0,0.05152130872011185
5030000128.0,0.04840942472219467
5030937600.0,0.04323457553982735
5031875072.0,0.03892771154642105
5032812544.0,0.03325434774160385
5033750016.0,0.027303921058773994
5034687488.0,0.020364515483379364
5035624960.0,0.013025780208408833
5036562432.0,0.00652409577742219
5037499904.0,-0.001464848406612873
5038437376.0,-0.009253568015992641
5039374848.0,-0.01731095463037491
5040312320.0,-0.02631581760942936
5041249792.0,-0.03391268476843834
5042187264.0,-0.042500585317611694
5043125248.0,-0.0501636266708374
5044062720.0,-0.05879149213433266
5045000192.0,-0.06636320054531097
5045937664.0,-0.0838695764541626
5046875136.0,-0.09250445663928986
5047812608.0,-0.10027044266462326
5048750080.0,-0.10831525921821594
5049687552.0,-0.11453557014465332
5050625024.0,-0.12169262021780014
5051562496.0,-0.12807342410087585
5052499968.0,-0.13394325971603394
5053437440.0,-0.13886913657188416
5054374912.0,-0.14402931928634644
5055312384.0,-0.14746403694152832
5056249856.0,-0.15147340297698975
5057187328.0,-0.1525260955095291
5058124800.0,-0.15444260835647583
5059062272.0,-0.15569233894348145
5059999744.0,-0.1556447446346283
5060937728.0,-0.15503621101379395
5061875200.0,-0.15395493805408478
5062812672.0,-0.15144389867782593
5063750144.0,-0.1493249535560608
5064687616.0,-0.14594046771526337
5065625088.0,-0.14210748672485352
5066562560.0,-0.13762058317661285
5067500032.0,-0.13383887708187103
5068437504.0,-0.12804073095321655
5069374976.0,-0.12246623635292053
5070312448.0,-0.11682494729757309
5071249920.0,-0.11025835573673248
5072187392.0,-0.10512761771678925
5073124864.0,-0.09808062016963959
5074062336.0,-0.09226824343204498
5074999808.0,-0.0848790779709816
5075937280.0,-0.07914049923419952
5076874752.0,-0.07186365872621536
5077812736.0,-0.06463618576526642
5078750208.0,-0.058634307235479355
5079687680.0,-0.05231180787086487
5080625152.0,-0.04744022339582443
5081562624.0,-0.041820548474788666
5082500096.0,-0.03750671073794365
5083437568.0,-0.03377169743180275
5084375040.0,-0.030272306874394417
5085312512.0,-0.027041759341955185
5086249984.0,-0.023952603340148926
5087187456.0,-0.023719636723399162
5088124928.0,-0.0221661739051342
5089062400.0,-0.021546393632888794
5089999872.0,-0.02030480094254017
5090937344.0,-0.020294390618801117
5091874816.0,-0.020773326978087425
5092812288.0,-0.020277872681617737
5093749760.0,-0.021874379366636276
5094687744.0,-0.023689452558755875
5095625216.0,-0.025365367531776428
5096562688.0,-0.027801569551229477
5097500160.0,-0.030559631064534187
5098437632.0,-0.0339260958135128
5099375104.0,-0.036654114723205566
5100312576.0,-0.04056829586625099
5101250048.0,-0.04478286951780319
5102187520.0,-0.04815947264432907
5103124992.0,-0.052322398871183395
5104062464.0,-0.05687704682350159
5104999936.0,-0.06197621300816536
5105937408.0,-0.13453206419944763
5106874880.0,-0.1409955471754074
5107812352.0,-0.144891619682312
5108749824.0,-0.14884473383426666
5109687296.0,-0.1513778418302536
5110624768.0,-0.15340377390384674
5111562752.0,-0.15385767817497253
5112500224.0,-0.1541013866662979
5113437696.0,-0.15405398607254028
5114375168.0,-0.15372388064861298
5115312640.0,-0.15154550969600677
5116250112.0,-0.1508459597826004
5117187584.0,-0.1476248949766159
5118125056.0,-0.1441275179386139
5119062528.0,-0.14045840501785278
5120000000.0,-0.13596852123737335
5120937472.0,-0.13030698895454407
5121874944.0,-0.12620458006858826
5122812416.0,-0.12016564607620239
5123749888.0,-0.11402739584445953
5124687360.0,-0.10943231731653214
5125624832.0,-0.10341012477874756
5126562304.0,-0.09765183180570602
5127499776.0,-0.09117157012224197
5128437248.0,-0.08651939034461975
5129375232.0,-0.08142877370119095
5130312704.0,-0.07560713589191437
5131250176.0,-0.06933985650539398
5132187648.0,-0.0633382499217987
5133125120.0,-0.059383291751146317
5134062592.0,-0.054911017417907715
5135000064.0,-0.051041871309280396
5135937536.0,-0.04813460633158684
5136875008.0,-0.04458501562476158
5137812480.0,-0.042677395045757294
5138749952.0,-0.040573351085186005
5139687424.0,-0.04013152793049812
5140624896.0,-0.039584387093782425
5141562368.0,-0.039364080876111984
5142499840.0,-0.041010282933712006
5143437312.0,-0.041847795248031616
5144374784.0,-0.04513552412390709
5145312256.0,-0.04747435823082924
5146250240.0,-0.05007663741707802
5147187712.0,-0.05464411526918411
5148125184.0,-0.05807913839817047
5149062656.0,-0.06288361549377441
5150000128.0,-0.06704538315534592
5150937600.0,-0.07231023162603378
5151875072.0,-0.07739043980836868
5152812544.0,-0.08361940085887909
5153750016.0,-0.0906103104352951
5154687488.0,-0.09699482470750809
5155624960.0,-0.10386033356189728
5156562432.0,-0.11110879480838776
5157499904.0,-0.11838079243898392
5158437376.0,-0.1256926953792572
5159374848.0,-0.13438047468662262
5160312320.0,-0.14185915887355804
5161249792.0,-0.150108203291893
5162187264.0,-0.15922395884990692
5163125248.0,-0.1691863089799881
5164062720.0,-0.17810671031475067
5165000192.0,-0.18809163570404053
5165937664.0,-0.1879366636276245
5166875136.0,-0.19995704293251038
5167812608.0,-0.21044470369815826
5168750080.0,-0.2209378480911255
5169687552.0,-0.22967013716697693
5170625024.0,-0.23689232766628265
5171562496.0,-0.24252420663833618
5172499968.0,-0.24748127162456512
5173437440.0,-0.25069326162338257
5174374912.0,-0.25203925371170044
5175312384.0,-0.25216227769851685
5176249856.0,-0.2503197193145752
5177187328.0,-0.2478017508983612
5178124800.0,-0.24492247402668
5179062272.0,-0.24009227752685547
5180000256.0,-0.2343900054693222
5180937728.0,-0.22779029607772827
5181875200.0,-0.21973802149295807
5182812672.0,-0.21133187413215637
5183750144.0,-0.20181779563426971
5184687616.0,-0.19097048044204712
5185625088.0,-0.1792668253183365
5186562560.0,-0.16878053545951843
5187500032.0,-0.15614661574363708
5188437504.0,-0.14382241666316986
5189374976.0,-0.13010014593601227
5190312448.0,-0.11724365502595901
5191249920.0,-0.10338431596755981
5192187392.0,-0.0905570238828659
5193124864.0,-0.07802479714155197
5194062336.0,-0.06384667009115219
5194999808.0,-0.05235018953680992
5195937280.0,-0.04028286039829254
5196874752.0,-0.029519863426685333
5197812736.0,-0.01848357915878296
5198750208.0,-0.01020457036793232
5199687680.0,-0.000289811723632738
5200625152.0,0.006200769450515509
5201562624.0,0.01304651703685522
5202500096.0,0.018717940896749496
5203437568.0,0.023400289937853813
5204375040.0,0.02764943242073059
5205312512.0,0.02999170683324337
5206249984.0,0.030052602291107178
5207187456.0,0.030146578326821327
5208124928.0,0.029631637036800385
5209062400.0,0.025486262515187263
5209999872.0,0.021505041047930717
5210937344.0,0.016506187617778778
5211874816.0,0.009998281486332417
5212812288.0,0.002400723984465003
5213749760.0,-0.00747650396078825
5214687744.0,-0.01783711276948452
5215625216.0,-0.028712641447782516
5216562688.0,-0.041667647659778595
5217500160.0,-0.05522552877664566
5218437632.0,-0.07122642546892166
5219375104.0,-0.08713746070861816
5220312576.0,-0.10344024747610092
5221250048.0,-0.1198912039399147
5222187520.0,-0.13603366911411285
5223124992.0,-0.15309196710586548
5224062464.0,-0.17060606181621552
5224999936.0,-0.1873447597026825
5225937408.0,-0.19761797785758972
5226874880.0,-0.21141868829727173
5227812352.0,-0.22655466198921204
5228749824.0,-0.23823508620262146
5229687296.0,-0.24942632019519806
5230624768.0,-0.26054495573043823
5231562752.0,-0.26891499757766724
5232500224.0,-0.2761828303337097
5233437696.0,-0.2835615873336792
5234375168.0,-0.28643855452537537
5235312640.0,-0.28865399956703186
5236250112.0,-0.2885029911994934
5237187584.0,-0.2866939604282379
5238125056.0,-0.28232935070991516
5239062528.0,-0.2757575511932373
5240000000.0,-0.26837751269340515
5240937472.0,-0.25877225399017334
5241874944.0,-0.2474704384803772
5242812416.0,-0.23604877293109894
5243749888.0,-0.22257274389266968
5244687360.0,-0.20879045128822327
5245624832.0,-0.192918062210083
5246562304.0,-0.17695623636245728
5247499776.0,-0.1601441651582718
5248437248.0,-0.14330428838729858
5249375232.0,-0.1258668154478073
5250312704.0,-0.10782970488071442
5251250176.0,-0.09090567380189896
5252187648.0,-0.07397827506065369
5253125120.0,-0.056695178151130676
5254062592.0,-0.04023249074816704
5255000064.0,-0.024867668747901917
5255937536.0,-0.009181207977235317
5256875008.0,0.00435729930177331
5257812480.0,0.01645410992205143
5258749952.0,0.026205653324723244
5259687424.0,0.035742420703172684
5260624896.0,0.044337689876556396
5261562368.0,0.04986894503235817
5262499840.0,0.05391655117273331
5263437312.0,0.057696931064128876
5264374784.0,0.059540145099163055
5265312256.0,0.059839751571416855
5266250240.0,0.05955369770526886
5267187712.0,0.05723114311695099
5268125184.0,0.052747104316949844
5269062656.0,0.04786267876625061
5270000128.0,0.03983648121356964
5270937600.0,0.032244328409433365
5271875072.0,0.023379666730761528
5272812544.0,0.013767344877123833
5273750016.0,0.003198997350409627
5274687488.0,-0.008564675226807594
5275624960.0,-0.020071038976311684
5276562432.0,-0.03227075934410095
5277499904.0,-0.045343779027462006
5278437376.0,-0.06012016907334328
5279374848.0,-0.07504414767026901
5280312320.0,-0.08900230377912521
5281249792.0,-0.1049145758152008
5282187264.0,-0.12031793594360352
5283125248.0,-0.13670551776885986
5284062720.0,-0.15197040140628815
5285000192.0,-0.16731148958206177
5285937664.0,-0.19392511248588562
5286875136.0,-0.20894503593444824
5287812608.0,-0.22350120544433594
5288750080.0,-0.23712128400802612
5289687552.0,-0.2498926967382431
5290625024.0,-0.26367026567459106
5291562496.0,-0.2760234773159027
5292499968.0,-0.28924989700317383
5293437440.0,-0.30177000164985657
5294374912.0,-0.31265830993652344
5295312384.0,-0.3231552839279175
5296249856.0,-0.3317071497440338
5297187328.0,-0.3401798903942108
5298124800.0,-0.346985787153244
5299062272.0,-0.3516404926776886
5299999744.0,-0.355202853679657
5300937728.0,-0.35792848467826843
5301875200.0,-0.3591610789299011
5302812672.0,-0.3592532277107239
5303750144.0,-0.35741639137268066
5304687616.0,-0.35516244173049927
5305625088.0,-0.350197434425354
5306562560.0,-0.34346774220466614
5307500032.0,-0.3359202444553375
5308437504.0,-0.3288491666316986
5309374976.0,-0.31790149211883545
5310312448.0,-0.307228684425354
5311249920.0,-0.2951638102531433
5312187392.0,-0.2818298041820526
5313124864.0,-0.2685043513774872
5314062336.0,-0.2529509365558624
5314999808.0,-0.23657386004924774
5315937280.0,-0.22086016833782196
5316874752.0,-0.20306402444839478
5317812736.0,-0.18525521457195282
5318750208.0,-0.16796429455280304
5319687680.0,-0.1490260511636734
5320625152.0,-0.13064324855804443
5321562624.0,-0.11258234828710556
5322500096.0,-0.09412619471549988
5323437568.0,-0.0762990415096283
5324375040.0,-0.05901886150240898
5325312512.0,-0.04265263304114342
5326249984.0,-0.027390234172344208
5327187456.0,-0.01376418024301529
5328124928.0,-0.00015211825666483492
5329062400.0,0.012714452110230923
5329999872.0,0.02339683100581169
5330937344.0,0.03367285057902336
5331874816.0,0.04385023191571236
5332812288.0,0.048507802188396454
5333749760.0,0.05171360448002815
5334687744.0,0.053225815296173096
5335625216.0,0.05370646342635155
5336562688.0,0.05159289762377739
5337500160.0,0.047481879591941833
5338437632.0,0.04118913412094116
5339375104.0,0.03372679278254509
5340312576.0,0.022216958925127983
5341250048.0,0.009240581654012203
5342187520.0,-0.006233811378479004
5343124992.0,-0.02272404171526432
5344062464.0,-0.04169262573122978
5344999936.0,-0.06302820891141891
5345937408.0,-0.34266066551208496
5346874880.0,-0.35776132345199585
5347812352.0,-0.37148526310920715
5348749824.0,-0.3848981559276581
5349687296.0,-0.3975771367549896
5350624768.0,-0.4082357883453369
5351562752.0,-0.41820037364959717
5352500224.0,-0.42725902795791626
5353437696.0,-0.4365427494049072
5354375168.0,-0.4439314603805542
5355312640.0,-0.44871029257774353
5356250112.0,-0.4529135227203369
5357187584.0,-0.45456063747406006
5358125056.0,-0.4555787742137909
5359062528.0,-0.45453643798828125
5360000000.0,-0.4501277208328247
5360937472.0,-0.44628533720970154
5361874944.0,-0.4390185475349426
5362812416.0,-0.43039634823799133
5363749888.0,-0.42113909125328064
5364687360.0,-0.40930360555648804
5365624832.0,-0.3971000015735626
5366562304.0,-0.38297009468078613
5367499776.0,-0.367929607629776
5368437248.0,-0.3519555330276489
5369375232.0,-0.3358844816684723
5370312704.0,-0.3190939128398895
5371250176.0,-0.3008487820625305
5372187648.0,-0.2825319170951843
5373125120.0,-0.2631898820400238
5374062592.0,-0.24429281055927277
5375000064.0,-0.22434720396995544
5375937536.0,-0.20567192137241364
5376875008.0,-0.18740585446357727
5377812480.0,-0.16891665756702423
5378749952.0,-0.15345250070095062
5379687424.0,-0.1363217681646347
5380624896.0,-0.12086869031190872
5381562368.0,-0.1064368337392807
5382499840.0,-0.09238792210817337
5383437312.0,-0.0788029134273529
5384374784.0,-0.0666302815079689
5385312256.0,-0.0570797435939312
5386250240.0,-0.0484200045466423
5387187712.0,-0.04041453078389168
5388125184.0,-0.037005648016929626
5389062656.0,-0.034165818244218826
5390000128.0,-0.034379564225673676
5390937600.0,-0.03586457669734955
5391875072.0,-0.04097210615873337
5392812544.0,-0.04757451266050339
5393750016.0,-0.05682927742600441
5394687488.0,-0.06838848441839218
5395624960.0,-0.0810127705335617
5396562432.0,-0.0979718267917633
5397499904.0,-0.11371316015720367
5398437376.0,-0.13348445296287537
5399374848.0,-0.15163813531398773
5400312320.0,-0.17367993295192719
5401249792.0,-0.19450174272060394
5402187264.0,-0.21689148247241974
5403125248.0,-0.23990435898303986
5404062720.0,-0.2615973949432373
5405000192.0,-0.2833355963230133
5405937664.0,-0.32568225264549255
5406875136.0,-0.3403529226779938
5407812608.0,-0.3537277579307556
5408750080.0,-0.3651886284351349
5409687552.0,-0.37570929527282715
5410625024.0,-0.3830016553401947
5411562496.0,-0.38936346769332886
5412499968.0,-0.3942965567111969
5413437440.0,-0.3945423662662506
5414374912.0,-0.39288225769996643
5415312384.0,-0.38905414938926697
5416249856.0,-0.3832525908946991
5417187328.0,-0.3742351830005646
5418124800.0,-0.36204275488853455
5419062272.0,-0.34965264797210693
5420000256.0,-0.3346392512321472
5420937728.0,-0.3184572756290436
5421875200.0,-0.2999850809574127
5422812672.0,-0.28191956877708435
5423750144.0,-0.26145675778388977
5424687616.0,-0.2405240833759308
5425625088.0,-0.2188016027212143
5426562560.0,-0.19636227190494537
5427500032.0,-0.17417068779468536
5428437504.0,-0.1517416089773178
5429374976.0,-0.1300390064716339
5430312448.0,-0.10901886969804764
5431249920.0,-0.08946185559034348
5432187392.0,-0.07081224024295807
5433124864.0,-0.05327696353197098
5434062336.0,-0.03814798220992088
5434999808.0,-0.024249834939837456
5435937280.0,-0.013592420145869255
5436874752.0,-0.0036941044963896275
5437812736.0,0.0032289018854498863
5438750208.0,0.008160008117556572
5439687680.0,0.009955000132322311
5440625152.0,0.009458906017243862
5441562624.0,0.005973582621663809
5442500096.0,0.000930293754208833
5443437568.0,-0.007573647424578667
5444375040.0,-0.018601220101118088
5445312512.0,-0.0315687470138073
5446249984.0,-0.04701681435108185
5447187456.0,-0.065116748213768
5448124928.0,-0.0842551440000534
5449062400.0,-0.10506691038608551
5449999872.0,-0.12828336656093597
5450937344.0,-0.15289947390556335
5451874816.0,-0.17835836112499237
5452812288.0,-0.20489081740379333
5453749760.0,-0.23208458721637726
5454687744.0,-0.261031836271286
5455625216.0,-0.2903181314468384
5456562688.0,-0.31949707865715027
5457500160.0,-0.3482621908187866
5458437632.0,-0.37526974081993103
5459375104.0,-0.4008970558643341
5460312576.0,-0.42530888319015503
5461250048.0,-0.44736629724502563
5462187520.0,-0.46892282366752625
5463124992.0,-0.4880777597427368
5464062464.0,-0.5057191848754883
5464999936.0,-0.5201743245124817
5465937408.0,-0.4429500997066498
5466874880.0,-0.45658308267593384
5467812352.0,-0.4682968556880951
5468749824.0,-0.4789140820503235
5469687296.0,-0.4882628917694092
5470624768.0,-0.49457767605781555
5471562752.0,-0.49887964129447937
5472500224.0,-0.49952590465545654
5473437696.0,-0.4988497793674469
5474375168.0,-0.4932752847671509
5475312640.0,-0.4856511950492859
5476250112.0,-0.47596487402915955
5477187584.0,-0.46251076459884644
5478125056.0,-0.44838884472846985
5479062528.0,-0.43295931816101074
5480000000.0,-0.4153473973274231
5480937472.0,-0.39663979411125183
5481874944.0,-0.37632542848587036
5482812416.0,-0.3559190034866333
5483749888.0,-0.33360955119132996
5484687360.0,-0.3123806416988373
5485624832.0,-0.291378915309906
5486562304.0,-0.270549476146698
5487499776.0,-0.2513675391674042
5488437248.0,-0.23257780075073242
5489375232.0,-0.21472647786140442
5490312704.0,-0.1991836130619049
5491250176.0,-0.18378432095050812
5492187648.0,-0.16997064650058746
5493125120.0,-0.15800629556179047
5494062592.0,-0.14847077429294586
5495000064.0,-0.14198222756385803
5495937536.0,-0.1383446604013443
5496875008.0,-0.13683347404003143
5497812480.0,-0.13748443126678467
5498749952.0,-0.14180120825767517
5499687424.0,-0.14798465371131897
5500624896.0,-0.1569124162197113
5501562368.0,-0.16735488176345825
5502499840.0,-0.1809028685092926
5503437312.0,-0.19673295319080353
5504374784.0,-0.21495488286018372
5505312256.0,-0.23519814014434814
5506250240.0,-0.2583217918872833
5507187712.0,-0.28130900859832764
5508125184.0,-0.30769097805023193
5509062656.0,-0.334760844707489
5510000128.0,-0.36354562640190125
5510937600.0,-0.3955153226852417
5511875072.0,-0.42922550439834595
5512812544.0,-0.4617554843425751
5513750016.0,-0.4954074025154114
5514687488.0,-0.5278850197792053
5515624960.0,-0.5603017210960388
5516562432.0,-0.5923522710800171
5517499904.0,-0.6232832074165344
5518437376.0,-0.653806746006012
5519374848.0,-0.6838952302932739
5520312320.0,-0.712132453918457
5521249792.0,-0.7412475347518921
5522187264.0,-0.7701960802078247
5523125248.0,-0.798410952091217
5524062720.0,-0.8267176747322083
5525000192.0,-0.8542459011077881
5525937664.0,-0.7199143171310425
5526875136.0,-0.7341310977935791
5527812608.0,-0.7486827969551086
5528750080.0,-0.7629871964454651
5529687552.0,-0.7795013785362244
5530625024.0,-0.7969047427177429
5531562496.0,-0.8148043155670166
5532499968.0,-0.8347060680389404
5533437440.0,-0.8541121482849121
5534374912.0,-0.87594074010849
5535312384.0,-0.8976622819900513
5536249856.0,-0.9205551147460938
5537187328.0,-0.9429516196250916
5538124800.0,-0.9652060270309448
5539062272.0,-0.9857334494590759
5539999744.0,-1.0064659118652344
5540937728.0,-1.024896502494812
5541875200.0,-1.0396648645401
5542812672.0,-1.0518699884414673
5543750144.0,-1.061747431755066
5544687616.0,-1.066074252128601
5545625088.0,-1.067287564277649
5546562560.0,-1.0636249780654907
5547500032.0,-1.0563870668411255
5548437504.0,-1.044472098350525
5549374976.0,-1.0288225412368774
5550312448.0,-1.0100572109222412
5551249920.0,-0.9869455099105835
5552187392.0,-0.9623740911483765
5553124864.0,-0.9339140057563782
5554062336.0,-0.9052786231040955
5554999808.0,-0.8747738003730774
5555937280.0,-0.8441928625106812
5556874752.0,-0.8136219382286072
5557812736.0,-0.7831141948699951
5558750208.0,-0.7520632147789001
5559687680.0,-0.724509596824646
5560625152.0,-0.6970711350440979
5561562624.0,-0.6713160872459412
5562500096.0,-0.6470085382461548
5563437568.0,-0.6261488795280457
5564375040.0,-0.6076486706733704
5565312512.0,-0.591027557849884
5566249984.0,-0.5766939520835876
5567187456.0,-0.5628950595855713
5568124928.0,-0.5493322610855103
5569062400.0,-0.5375110507011414
5569999872.0,-0.524758517742157
5570937344.0,-0.5136786699295044
5571874816.0,-0.5022240281105042
5572812288.0,-0.4910224974155426
5573749760.0,-0.4796489179134369
5574687744.0,-0.4701215326786041
5575625216.0,-0.46174466609954834
5576562688.0,-0.45601117610931396
5577500160.0,-0.45033547282218933
5578437632.0,-0.44644561409950256
5579375104.0,-0.4441613554954529
5580312576.0,-0.44370710849761963
5581250048.0,-0.445271760225296
5582187520.0,-0.4456975758075714
5583124992.0,-0.4474385380744934
5584062464.0,-0.44864559173583984
5584999936.0,-0.4510573744773865
5585937408.0,-0.4253057837486267
5586874880.0,-0.41560599207878113
5587812352.0,-0.40344512462615967
5588749824.0,-0.3903859257698059
5589687296.0,-0.37554317712783813
5590624768.0,-0.3602140247821808
5591562752.0,-0.3430955111980438
5592500224.0,-0.3250584602355957
5593437696.0,-0.3066183626651764
5594375168.0,-0.2874702513217926
5595312640.0,-0.26709893345832825
5596250112.0,-0.24782536923885345
5597187584.0,-0.22710661590099335
5598125056.0,-0.2075127363204956
5599062528.0,-0.1882248967885971
5600000000.0,-0.16964863240718842
5600937472.0,-0.15180416405200958
5601874944.0,-0.13440707325935364
5602812416.0,-0.11817701160907745
5603749888.0,-0.10411320626735687
5604687360.0,-0.08981230854988098
5605624832.0,-0.07849680632352829
5606562304.0,-0.0681259036064148
5607499776.0,-0.05958609655499458
5608437248.0,-0.05295398458838463
5609375232.0,-0.04803655669093132
5610312704.0,-0.04511450603604317
5611250176.0,-0.04428112134337425
5612187648.0,-0.04329989477992058
5613125120.0,-0.04590105637907982
5614062592.0,-0.04879187047481537
5615000064.0,-0.0545964390039444
5615937536.0,-0.06129271164536476
5616875008.0,-0.06954634934663773
5617812480.0,-0.07848641276359558
5618749952.0,-0.08948609232902527
5619687424.0,-0.10093033313751221
5620624896.0,-0.1133035346865654
5621562368.0,-0.12755048274993896
5622499840.0,-0.14133158326148987
5623437312.0,-0.15484611690044403
5624374784.0,-0.1691392958164215
5625312256.0,-0.1829254925251007
5626250240.0,-0.19704569876194
5627187712.0,-0.2099394053220749
5628125184.0,-0.22259537875652313
5629062656.0,-0.2350224256515503
5630000128.0,-0.2450295388698578
5630937600.0,-0.2544834315776825
5631875072.0,-0.2622692286968231
5632812544.0,-0.2691633999347687
5633750016.0,-0.2735179662704468
5634687488.0,-0.27783462405204773
5635624960.0,-0.2788276970386505
5636562432.0,-0.27848416566848755
5637499904.0,-0.2777678966522217
5638437376.0,-0.2731727361679077
5639374848.0,-0.27002039551734924
5640312320.0,-0.2619468867778778
5641249792.0,-0.2535431385040283
5642187264.0,-0.2450541853904724
5643125248.0,-0.2349284291267395
5644062720.0,-0.22277012467384338
5645000192.0,-0.20997656881809235
5645937664.0,-0.18061751127243042
5646875136.0,-0.18406552076339722
5647812608.0,-0.18648357689380646
5648750080.0,-0.1879863291978836
5649687552.0,-0.18786253035068512
5650625024.0,-0.18464837968349457
5651562496.0,-0.18267858028411865
5652499968.0,-0.17751508951187134
5653437440.0,-0.17293362319469452
5654374912.0,-0.16619086265563965
5655312384.0,-0.1583736091852188
5656249856.0,-0.1507638543844223
5657187328.0,-0.1423705667257309
5658124800.0,-0.13396263122558594
5659062272.0,-0.126440167427063
5660000256.0,-0.11796168982982635
5660937728.0,-0.1107906773686409
5661875200.0,-0.10349706560373306
5662812672.0,-0.09715720266103745
5663750144.0,-0.09290530532598495
5664687616.0,-0.08825689554214478
5665625088.0,-0.08528197556734085
5666562560.0,-0.0831063985824585
5667500032.0,-0.08255557715892792
5668437504.0,-0.0828239694237709
5669374976.0,-0.08410491794347763
5670312448.0,-0.0865713581442833
5671249920.0,-0.09061720967292786
5672187392.0,-0.09392541646957397
5673124864.0,-0.0982903316617012
5674062336.0,-0.10380827635526657
5674999808.0,-0.11054307967424393
5675937280.0,-0.11749573796987534
5676874752.0,-0.12592941522598267
5677812736.0,-0.13193760812282562
5678750208.0,-0.1422637403011322
5679687680.0,-0.15083637833595276
5680625152.0,-0.1590498983860016
5681562624.0,-0.16678784787654877
5682500096.0,-0.17512044310569763
5683437568.0,-0.18260693550109863
5684375040.0,-0.1903446763753891
5685312512.0,-0.19776678085327148
5686249984.0,-0.20331795513629913
5687187456.0,-0.2090388685464859
5688124928.0,-0.21376784145832062
5689062400.0,-0.21732518076896667
5689999872.0,-0.22179235517978668
5690937344.0,-0.22555629909038544
5691874816.0,-0.22803586721420288
5692812288.0,-0.23126982152462006
5693749760.0,-0.23433801531791687
5694687744.0,-0.23717813193798065
5695625216.0,-0.23955154418945312
5696562688.0,-0.2449297457933426
5697500160.0,-0.24778345227241516
5698437632.0,-0.25167596340179443
5699375104.0,-0.25656819343566895
5700312576.0,-0.26367396116256714
5701250048.0,-0.27102524042129517
5702187520.0,-0.2787708342075348
5703124992.0,-0.28919851779937744
5704062464.0,-0.29957354068756104
5704999936.0,-0.31048211455345154
5705937408.0,-0.20256182551383972
5706874880.0,-0.22259338200092316
5707812352.0,-0.2443343997001648
5708749824.0,-0.2647723853588104
5709687296.0,-0.2854282259941101
5710624768.0,-0.3044555187225342
5711562752.0,-0.3205905258655548
5712500224.0,-0.3360796868801117
5713437696.0,-0.34916502237319946
5714375168.0,-0.3585985004901886
5715312640.0,-0.3639989495277405
5716250112.0,-0.36624813079833984
5717187584.0,-0.3650495707988739
5718125056.0,-0.3583056926727295
5719062528.0,-0.34771642088890076
5720000000.0,-0.33422890305519104
5720937472.0,-0.31505244970321655
5721874944.0,-0.29180675745010376
5722812416.0,-0.2647002339363098
5723749888.0,-0.23354879021644592
5724687360.0,-0.19939211010932922
5725624832.0,-0.16280920803546906
5726562304.0,-0.12370132654905319
5727499776.0,-0.08416235446929932
5728437248.0,-0.04332165792584419
5729375232.0,-0.003729711752384901
5730312704.0,0.03511277586221695
5731250176.0,0.07307220250368118
5732187648.0,0.10792120546102524
5733125120.0,0.14005771279335022
5734062592.0,0.16815760731697083
5735000064.0,0.1925095021724701
5735937536.0,0.21185021102428436
5736875008.0,0.22726047039031982
5737812480.0,0.23830439150333405
5738749952.0,0.2444259077310562
5739687424.0,0.24713070690631866
5740624896.0,0.2449108213186264
5741562368.0,0.2397649884223938
5742499840.0,0.23087015748023987
5743437312.0,0.21974815428256989
5744374784.0,0.20829260349273682
5745312256.0,0.19414962828159332
5746250240.0,0.18015238642692566
5747187712.0,0.165302112698555
5748125184.0,0.15143412351608276
5749062656.0,0.13630758225917816
5750000128.0,0.12372356653213501
5750937600.0,0.11023227125406265
5751875072.0,0.0986475944519043
5752812544.0,0.08758489042520523
5753750016.0,0.07701396942138672
5754687488.0,0.0669638141989708
5755624960.0,0.053925301879644394
5756562432.0,0.03381533920764923
5757499904.0,0.009487032890319824
5758437376.0,-0.015907056629657745
5759374848.0,-0.043323323130607605
5760312320.0,-0.07198178768157959
5761249792.0,-0.10214348137378693
5762187264.0,-0.13263952732086182
5763125248.0,-0.16366656124591827
5764062720.0,-0.19337934255599976
5765000192.0,-0.22455352544784546
5765937664.0,-0.158888578414917
5766875136.0,-0.1663963496685028
5767812608.0,-0.17457880079746246
5768750080.0,-0.1837482452392578
5769687552.0,-0.19350074231624603
5770625024.0,-0.20319776237010956
5771562496.0,-0.2135487049818039
5772499968.0,-0.22355416417121887
5773437440.0,-0.2336043417453766
5774374912.0,-0.24384170770645142
5775312384.0,-0.25448936223983765
5776249856.0,-0.2655356228351593
5777187328.0,-0.27673277258872986
5778124800.0,-0.2873587906360626
5779062272.0,-0.2983359396457672
5779999744.0,-0.31004026532173157
5780937728.0,-0.32181301712989807
5781875200.0,-0.3329646587371826
5782812672.0,-0.3440290093421936
5783750144.0,-0.3553782105445862
5784687616.0,-0.365628719329834
5785625088.0,-0.3743055462837219
5786562560.0,-0.38301360607147217
5787500032.0,-0.3911988437175751
5788437504.0,-0.39827990531921387
5789374976.0,-0.4054388701915741
5790312448.0,-0.4088422656059265
5791249920.0,-0.413430780172348
5792187392.0,-0.41598108410835266
5793124864.0,-0.417263001203537
5794062336.0,-0.416934609413147
5794999808.0,-0.41571512818336487
5795937280.0,-0.41275182366371155
5796874752.0,-0.4090660810470581
5797812736.0,-0.4033965468406677
5798750208.0,-0.3960382640361786
5799687680.0,-0.38823992013931274
5800625152.0,-0.3773040771484375
5801562624.0,-0.365159273147583
5802500096.0,-0.350595086812973
5803437568.0,-0.3340848386287689
5804375040.0,-0.31803256273269653
5805312512.0,-0.3006550967693329
5806249984.0,-0.28193068504333496
5807187456.0,-0.2633289694786072
5808124928.0,-0.24299968779087067
5809062400.0,-0.22368161380290985
5809999872.0,-0.20452050864696503
5810937344.0,-0.18628479540348053
5811874816.0,-0.16628818213939667
5812812288.0,-0.1477157026529312
5813749760.0,-0.12996429204940796
5814687744.0,-0.1129004955291748
5815625216.0,-0.09771905094385147
5816562688.0,-0.0843212828040123
5817500160.0,-0.07135476171970367
5818437632.0,-0.06186730042099953
5819375104.0,-0.051975976675748825
5820312576.0,-0.04474148899316788
5821250048.0,-0.04039604961872101
5822187520.0,-0.03642447665333748
5823124992.0,-0.03567671775817871
5824062464.0,-0.0351841039955616
5824999936.0,-0.03794557601213455
5825937408.0,-0.2315087467432022
5826874880.0,-0.2326500564813614
5827812352.0,-0.23400039970874786
5828749824.0,-0.23620016872882843
5829687296.0,-0.23739901185035706
5830624768.0,-0.23864847421646118
5831562752.0,-0.2404658943414688
5832500224.0,-0.24251984059810638
5833437696.0,-0.24406006932258606
5834375168.0,-0.24664649367332458
5835312640.0,-0.24809139966964722
5836250112.0,-0.2509404718875885
5837187584.0,-0.25400716066360474
5838125056.0,-0.25674837827682495
5839062528.0,-0.25918683409690857
5840000000.0,-0.26516348123550415
5840937472.0,-0.27001509070396423
5841874944.0,-0.27593666315078735
5842812416.0,-0.2815028727054596
5843749888.0,-0.2880599796772003
5844687360.0,-0.29304784536361694
5845624832.0,-0.2983435392379761
5846562304.0,-0.3036237061023712
5847499776.0,-0.30941665172576904
5848437248.0,-0.31339019536972046
5849375232.0,-0.3174361288547516
5850312704.0,-0.3222287595272064
5851250176.0,-0.326012521982193
5852187648.0,-0.32896363735198975
5853125120.0,-0.33158549666404724
5854062592.0,-0.33425647020339966
5855000064.0,-0.3372282385826111
5855937536.0,-0.3379904627799988
5856875008.0,-0.3397621810436249
5857812480.0,-0.3402867615222931
5858749952.0,-0.34024903178215027
5859687424.0,-0.33885669708251953
5860624896.0,-0.3377821147441864
5861562368.0,-0.335483193397522
5862499840.0,-0.3337545096874237
5863437312.0,-0.3317583501338959
5864374784.0,-0.3269014060497284
5865312256.0,-0.3252946436405182
5866250240.0,-0.322406530380249
5867187712.0,-0.3201610743999481
5868125184.0,-0.31544333696365356
5869062656.0,-0.3129512369632721
5870000128.0,-0.31010717153549194
5870937600.0,-0.3089955151081085
5871875072.0,-0.3076359033584595
5872812544.0,-0.3070307672023773
5873750016.0,-0.3084125220775604
5874687488.0,-0.31013908982276917
5875624960.0,-0.3116784691810608
5876562432.0,-0.3138490319252014
5877499904.0,-0.3161695599555969
5878437376.0,-0.32031023502349854
5879374848.0,-0.32449737191200256
5880312320.0,-0.32684168219566345
5881249792.0,-0.3317437767982483
5882187264.0,-0.335548996925354
5883125248.0,-0.3399604260921478
5884062720.0,-0.3445509076118469
5885000192.0,-0.3493756055831909
5885937664.0,-0.3643498420715332
5886875136.0,-0.3691333830356598
5887812608.0,-0.37329989671707153
5888750080.0,-0.3779408931732178
5889687552.0,-0.38145992159843445
5890625024.0,-0.38575100898742676
5891562496.0,-0.38834336400032043
5892499968.0,-0.3896580934524536
5893437440.0,-0.392127126455307
5894374912.0,-0.392890989780426
5895312384.0,-0.39277997612953186
5896249856.0,-0.39262834191322327
5897187328.0,-0.39238137006759644
5898124800.0,-0.39159896969795227
5899062272.0,-0.39212846755981445
5900000256.0,-0.39143863320350647
5900937728.0,-0.39093104004859924
5901875200.0,-0.3909963071346283
5902812672.0,-0.3904899060726166
5903750144.0,-0.38999342918395996
5904687616.0,-0.3887965977191925
5905625088.0,-0.38779416680336
5906562560.0,-0.38672542572021484
5907500032.0,-0.3850022256374359
5908437504.0,-0.3841356337070465
5909374976.0,-0.3831920921802521
5910312448.0,-0.3831475079059601
5911249920.0,-0.38309434056282043
5912187392.0,-0.3825365900993347
5913124864.0,-0.3833974003791809
5914062336.0,-0.3825753629207611
5914999808.0,-0.38429298996925354
5915937280.0,-0.3876020312309265
5916874752.0,-0.38999250531196594
5917812736.0,-0.3938021659851074
5918750208.0,-0.39870911836624146
5919687680.0,-0.40320253372192383
5920625152.0,-0.41017818450927734
5921562624.0,-0.4164097011089325
5922500096.0,-0.42552632093429565
5923437568.0,-0.4330236613750458
5924375040.0,-0.44103553891181946
5925312512.0,-0.45035210251808167
5926249984.0,-0.4610327482223511
5927187456.0,-0.47205084562301636
5928124928.0,-0.4833858013153076
5929062400.0,-0.49594834446907043
5929999872.0,-0.5086595416069031
5930937344.0,-0.5207813382148743
5931874816.0,-0.5339064598083496
5932812288.0,-0.5443359613418579
5933749760.0,-0.5566918849945068
5934687744.0,-0.5670484900474548
5935625216.0,-0.5767461657524109
5936562688.0,-0.5864706039428711
5937500160.0,-0.5968436002731323
5938437632.0,-0.6056621670722961
5939375104.0,-0.6130962371826172
5940312576.0,-0.6202706098556519
5941250048.0,-0.6254626512527466
5942187520.0,-0.629513144493103
5943124992.0,-0.631777822971344
5944062464.0,-0.633603036403656
5944999936.0,-0.6330740451812744
5945937408.0,-0.417561411857605
5946874880.0,-0.4333893954753876
5947812352.0,-0.4499324858188629
5948749824.0,-0.4659293293952942
5949687296.0,-0.48118236660957336
5950624768.0,-0.49649614095687866
5951562752.0,-0.5123746991157532
5952500224.0,-0.5256068110466003
5953437696.0,-0.5382546186447144
5954375168.0,-0.5494321584701538
5955312640.0,-0.5596861243247986
5956250112.0,-0.5683231353759766
5957187584.0,-0.5757670998573303
5958125056.0,-0.5806265473365784
5959062528.0,-0.5846830010414124
5960000000.0,-0.5857650637626648
5960937472.0,-0.5855090022087097
5961874944.0,-0.5831417441368103
5962812416.0,-0.5796829462051392
5963749888.0,-0.5737908482551575
5964687360.0,-0.5659458637237549
5965624832.0,-0.5565263032913208
5966562304.0,-0.5459317564964294
5967499776.0,-0.5344120264053345
5968437248.0,-0.5216897130012512
5969375232.0,-0.5092458128929138
5970312704.0,-0.49624261260032654
5971250176.0,-0.483595073223114
5972187648.0,-0.4713550806045532
5973125120.0,-0.46012744307518005
5974062592.0,-0.44936037063598633
5975000064.0,-0.439568430185318
5975937536.0,-0.431252658367157
5976875008.0,-0.42345985770225525
5977812480.0,-0.41766226291656494
5978749952.0,-0.4126494526863098
5979687424.0,-0.4090145528316498
5980624896.0,-0.40674489736557007
5981562368.0,-0.4056311249732971
5982499840.0,-0.40490400791168213
5983437312.0,-0.40612131357192993
5984374784.0,-0.407380610704422
5985312256.0,-0.4090114235877991
5986250240.0,-0.4111762046813965
5987187712.0,-0.4149142801761627
5988125184.0,-0.4188123643398285
5989062656.0,-0.42282697558403015
5990000128.0,-0.4260718822479248
5990937600.0,-0.430805504322052
5991875072.0,-0.43450942635536194
5992812544.0,-0.43872690200805664
5993750016.0,-0.44233372807502747
5994687488.0,-0.44603386521339417
5995624960.0,-0.44985049962997437
5996562432.0,-0.45395541191101074
5997499904.0,-0.4573332667350769
5998437376.0,-0.46049946546554565
5999374848.0,-0.4637359380722046
6000312320.0,-0.46668747067451477
6001249792.0,-0.46862486004829407
6002187264.0,-0.47184517979621887
6003125248.0,-0.47405678033828735
6004062720.0,-0.4760168194770813
6005000192.0,-0.3734370172023773
6005937664.0,-0.38212522864341736
6006875136.0,-0.3910689651966095
6007812608.0,-0.4027344584465027
6008750080.0,-0.4144880473613739
6009687552.0,-0.42937856912612915
6010625024.0,-0.44407105445861816
6011562496.0,-0.4602791965007782
6012499968.0,-0.47680535912513733
6013437440.0,-0.49509191513061523
6014374912.0,-0.5128347277641296
6015312384.0,-0.5304911136627197
6016249856.0,-0.5491661429405212
6017187328.0,-0.5663827657699585
6018124800.0,-0.5855580568313599
6019062272.0,-0.6034010052680969
6019999744.0,-0.6193041801452637
6020937728.0,-0.6362577676773071
6021875200.0,-0.6506149768829346
6022812672.0,-0.6644273400306702
6023750144.0,-0.6766749024391174
6024687616.0,-0.6867730021476746
6025625088.0,-0.6964771747589111
6026562560.0,-0.7026731967926025
6027500032.0,-0.7073910236358643
6028437504.0,-0.709155261516571
6029374976.0,-0.7095149159431458
6030312448.0,-0.7071078419685364
6031249920.0,-0.7037037014961243
6032187392.0,-0.6989116072654724
6033124864.0,-0.6911494731903076
6034062336.0,-0.6837123036384583
6034999808.0,-0.6724064946174622
6035937280.0,-0.6614822745323181
6036874752.0,-0.6492859721183777
6037812736.0,-0.6351046562194824
6038750208.0,-0.6190209984779358
6039687680.0,-0.6026214957237244
6040625152.0,-0.5872529149055481
6041562624.0,-0.5701602101325989
6042500096.0,-0.5531889796257019
6043437568.0,-0.536384642124176
6044375040.0,-0.519408643245697
6045312512.0,-0.5031965970993042
6046249984.0,-0.4876042306423187
6047187456.0,-0.47281134128570557
6048124928.0,-0.4572560489177704
6049062400.0,-0.44325584173202515
6049999872.0,-0.43054717779159546
6050937344.0,-0.4187435805797577
6051874816.0,-0.4085477292537689
6052812288.0,-0.3992426097393036
6053749760.0,-0.3905007243156433
6054687744.0,-0.38479363918304443
6055625216.0,-0.3792675733566284
6056562688.0,-0.3750953674316406
6057500160.0,-0.37238264083862305
6058437632.0,-0.3705926239490509
6059375104.0,-0.36998462677001953
6060312576.0,-0.37085163593292236
6061250048.0,-0.3715505301952362
6062187520.0,-0.37451615929603577
6063124992.0,-0.3778327703475952
6064062464.0,-0.38204991817474365
6064999936.0,-0.38032546639442444
6065937408.0,-0.38600265979766846
6066874880.0,-0.39266398549079895
6067812352.0,-0.4004579484462738
6068749824.0,-0.40743550658226013
6069687296.0,-0.4166719615459442
6070624768.0,-0.4251231253147125
6071562752.0,-0.43505868315696716
6072500224.0,-0.4458676278591156
6073437696.0,-0.45564135909080505
6074375168.0,-0.4664386212825775
6075312640.0,-0.47696858644485474
6076250112.0,-0.485726535320282
6077187584.0,-0.49478161334991455
6078125056.0,-0.5042728781700134
6079062528.0,-0.5129368305206299
6080000000.0,-0.5206357836723328
6080937472.0,-0.5293036699295044
6081874944.0,-0.537419319152832
6082812416.0,-0.543570339679718
6083749888.0,-0.5490725636482239
6084687360.0,-0.5549370050430298
6085624832.0,-0.5591830015182495
6086562304.0,-0.5623914003372192
6087499776.0,-0.564980149269104
6088437248.0,-0.5669164657592773
6089375232.0,-0.5663721561431885
6090312704.0,-0.56409752368927
6091250176.0,-0.5627245903015137
6092187648.0,-0.5595064163208008
6093125120.0,-0.5540671348571777
6094062592.0,-0.549265444278717
6095000064.0,-0.5422769784927368
6095937536.0,-0.5348137617111206
6096875008.0,-0.5271677374839783
6097812480.0,-0.5194936394691467
6098749952.0,-0.5111968517303467
6099687424.0,-0.5022290945053101
6100624896.0,-0.49297770857810974
6101562368.0,-0.4834773540496826
6102499840.0,-0.47429415583610535
6103437312.0,-0.46481871604919434
6104374784.0,-0.45606285333633423
6105312256.0,-0.4479280412197113
6106250240.0,-0.4386172294616699
6107187712.0,-0.4308794438838959
6108125184.0,-0.42262983322143555
6109062656.0,-0.4149439036846161
6110000128.0,-0.40734049677848816
6110937600.0,-0.4003913998603821
6111875072.0,-0.3942820131778717
6112812544.0,-0.388701468706131
6113750016.0,-0.3840005099773407
6114687488.0,-0.37882447242736816
6115624960.0,-0.37540289759635925
6116562432.0,-0.372476726770401
6117499904.0,-0.3690360188484192
6118437376.0,-0.36726129055023193
6119374848.0,-0.3664078414440155
6120312320.0,-0.3655925393104553
6121249792.0,-0.3654979169368744
6122187264.0,-0.3659972548484802
6123125248.0,-0.36707401275634766
6124062720.0,-0.3701113164424896
6125000192.0,-0.5633344054222107
6125937664.0,-0.5751400589942932
6126875136.0,-0.5880088806152344
6127812608.0,-0.5987579822540283
6128750080.0,-0.6102071404457092
6129687552.0,-0.618587076663971
6130625024.0,-0.6268279552459717
6131562496.0,-0.633085310459137
6132499968.0,-0.6400575637817383
6133437440.0,-0.6430412530899048
6134374912.0,-0.6464371085166931
6135312384.0,-0.6485156416893005
6136249856.0,-0.65009605884552
6137187328.0,-0.6509563326835632
6138124800.0,-0.6501421332359314
6139062272.0,-0.6495420336723328
6140000256.0,-0.6480150818824768
6140937728.0,-0.6452088952064514
6141875200.0,-0.6416534781455994
6142812672.0,-0.638285756111145
6143750144.0,-0.6352943778038025
6144687616.0,-0.6308624744415283
6145625088.0,-0.6276434063911438
6146562560.0,-0.6233603954315186
6147500032.0,-0.6196926832199097
6148437504.0,-0.6157324910163879
6149374976.0,-0.610977828502655
6150312448.0,-0.6081297397613525
6151249920.0,-0.6061750650405884
6152187392.0,-0.603706955909729
6153124864.0,-0.6027600169181824
6154062336.0,-0.6017823815345764
6154999808.0,-0.6018736958503723
6155937280.0,-0.6024423837661743
6156874752.0,-0.6025779247283936
6157812736.0,-0.6037344932556152
6158750208.0,-0.6058893799781799
6159687680.0,-0.6085802316665649
6160625152.0,-0.6114003658294678
6161562624.0,-0.614522397518158
6162500096.0,-0.6181697249412537
6163437568.0,-0.6223386526107788
6164375040.0,-0.6260218620300293
6165312512.0,-0.6308469772338867
6166249984.0,-0.6376521587371826
6167187456.0,-0.6433985233306885
6168124928.0,-0.6500194072723389
6169062400.0,-0.6569429039955139
6169999872.0,-0.6630427241325378
6170937344.0,-0.6693374514579773
6171874816.0,-0.6744493842124939
6172812288.0,-0.6815856695175171
6173749760.0,-0.6886290907859802
6174687744.0,-0.6957022547721863
6175625216.0,-0.7036752104759216
6176562688.0,-0.7115257978439331
6177500160.0,-0.7204160094261169
6178437632.0,-0.7292231321334839
6179375104.0,-0.7378353476524353
6180312576.0,-0.7452123761177063
6181250048.0,-0.752994954586029
6182187520.0,-0.7601469159126282
6183124992.0,-0.7668195366859436
6184062464.0,-0.7728742361068726
6184999936.0,-0.6127699613571167
6185937408.0,-0.6340829133987427
6186874880.0,-0.6545581221580505
6187812352.0,-0.6758208870887756
6188749824.0,-0.6954825520515442
6189687296.0,-0.7153161764144897
6190624768.0,-0.7336368560791016
6191562752.0,-0.7531124353408813
6192500224.0,-0.7710001468658447
6193437696.0,-0.7873773574829102
6194375168.0,-0.8029336333274841
6195312640.0,-0.8169139623641968
6196250112.0,-0.8300025463104248
6197187584.0,-0.8428372144699097
6198125056.0,-0.8523687124252319
6199062528.0,-0.8617828488349915
6200000000.0,-0.8686651587486267
6200937472.0,-0.8749117851257324
6201874944.0,-0.8798621892929077
6202812416.0,-0.8830163478851318
6203749888.0,-0.8854478001594543
6204687360.0,-0.8843899965286255
6205624832.0,-0.8827319145202637
6206562304.0,-0.8797189593315125
6207499776.0,-0.8746012449264526
6208437248.0,-0.866776704788208
6209375232.0,-0.8594184517860413
6210312704.0,-0.84937983751297
6211250176.0,-0.8382547497749329
6212187648.0,-0.8256853818893433
6213125120.0,-0.8130313158035278
6214062592.0,-0.7991401553153992
6215000064.0,-0.7846179008483887
6215937536.0,-0.7698109149932861
6216875008.0,-0.7545526623725891
6217812480.0,-0.7380102872848511
6218749952.0,-0.7214276194572449
6219687424.0,-0.7063227295875549
6220624896.0,-0.6914993524551392
6221562368.0,-0.6770915985107422
6222499840.0,-0.6628993153572083
6223437312.0,-0.6501414775848389
6224374784.0,-0.6371290683746338
6225312256.0,-0.6260219812393188
6226250240.0,-0.6154646873474121
6227187712.0,-0.6067603230476379
6228125184.0,-0.6006705164909363
6229062656.0,-0.5955217480659485
6230000128.0,-0.5916403532028198
6230937600.0,-0.5886546969413757
6231875072.0,-0.5883115530014038
6232812544.0,-0.5877454280853271
6233750016.0,-0.5902413725852966
6234687488.0,-0.5917849540710449
6235624960.0,-0.5950794219970703
6236562432.0,-0.5989974141120911
6237499904.0,-0.6044661402702332
6238437376.0,-0.6104145646095276
6239374848.0,-0.6181344985961914
6240312320.0,-0.6252399682998657
6241249792.0,-0.6344581246376038
6242187264.0,-0.6421852707862854
6243125248.0,-0.6526302099227905
6244062720.0,-0.6624451279640198
6245000192.0,-0.6679772138595581
6245937664.0,-0.6805151104927063
6246875136.0,-0.6933255195617676
6247812608.0,-0.7059340476989746
6248750080.0,-0.7192937731742859
6249687552.0,-0.7336131930351257
6250625024.0,-0.7466675043106079
6251562496.0,-0.7605549693107605
6252499968.0,-0.7741880416870117
6253437440.0,-0.7879007458686829
6254374912.0,-0.8010510206222534
6255312384.0,-0.8137066960334778
6256249856.0,-0.8258624076843262
6257187328.0,-0.8371507525444031
6258124800.0,-0.8480267524719238
6259062272.0,-0.857811450958252
6259999744.0,-0.866931676864624
6260937728.0,-0.8743581771850586
6261875200.0,-0.8810543417930603
6262812672.0,-0.8855682015419006
6263750144.0,-0.8896719813346863
6264687616.0,-0.8931549191474915
6265625088.0,-0.897142231464386
6266562560.0,-0.8991413712501526
6267500032.0,-0.9019436836242676
6268437504.0,-0.9041517376899719
6269374976.0,-0.904691755771637
6270312448.0,-0.9051250219345093
6271249920.0,-0.9021807909011841
6272187392.0,-0.8995120525360107
6273124864.0,-0.897616982460022
6274062336.0,-0.8932385444641113
6274999808.0,-0.8891764283180237
6275937280.0,-0.8852410316467285
6276874752.0,-0.88059002161026
6277812736.0,-0.8756018280982971
6278750208.0,-0.8708275556564331
6279687680.0,-0.8653848767280579
6280625152.0,-0.8601737022399902
6281562624.0,-0.8561878800392151
6282500096.0,-0.8529707789421082
6283437568.0,-0.8508561849594116
6284375040.0,-0.8498461246490479
6285312512.0,-0.849877655506134
6286249984.0,-0.8507258296012878
6287187456.0,-0.8534597158432007
6288124928.0,-0.8556156158447266
6289062400.0,-0.8589118123054504
6289999872.0,-0.8628455996513367
6290937344.0,-0.866056501865387
6291874816.0,-0.8692245483398438
6292812288.0,-0.8728563785552979
6293749760.0,-0.8755869269371033
6294687744.0,-0.8804695010185242
6295625216.0,-0.8842455148696899
6296562688.0,-0.8897944688796997
6297500160.0,-0.8947362899780273
6298437632.0,-0.9021304845809937
6299375104.0,-0.9080414175987244
6300312576.0,-0.9162172079086304
6301250048.0,-0.9229663014411926
6302187520.0,-0.932305097579956
6303124992.0,-0.9407434463500977
6304062464.0,-0.9486584067344666
6304999936.0,-0.9761338829994202
6305937408.0,-0.9833306074142456
6306874880.0,-0.9908033609390259
6307812352.0,-1.000239610671997
6308749824.0,-1.0088101625442505
6309687296.0,-1.0172923803329468
6310624768.0,-1.0267401933670044
6311562752.0,-1.0357173681259155
6312500224.0,-1.0452450513839722
6313437696.0,-1.055128812789917
6314375168.0,-1.065191388130188
6315312640.0,-1.0754051208496094
6316250112.0,-1.0848608016967773
6317187584.0,-1.0960290431976318
6318125056.0,-1.107585072517395
6319062528.0,-1.1180638074874878
6320000000.0,-1.1286780834197998
6320937472.0,-1.139884352684021
6321874944.0,-1.152980923652649
6322812416.0,-1.165773630142212
6323749888.0,-1.178898811340332
6324687360.0,-1.191030502319336
6325624832.0,-1.2026238441467285
6326562304.0,-1.2113631963729858
6327499776.0,-1.2214908599853516
6328437248.0,-1.2291921377182007
6329375232.0,-1.2379443645477295
6330312704.0,-1.245510220527649
6331250176.0,-1.2524070739746094
6332187648.0,-1.256951928138733
6333125120.0,-1.260911226272583
6334062592.0,-1.2636266946792603
6335000064.0,-1.2649575471878052
6335937536.0,-1.2657853364944458
6336875008.0,-1.265889048576355
6337812480.0,-1.2658100128173828
6338749952.0,-1.2633615732192993
6339687424.0,-1.2606327533721924
6340624896.0,-1.255717396736145
6341562368.0,-1.250749945640564
6342499840.0,-1.2437666654586792
6343437312.0,-1.2358407974243164
6344374784.0,-1.2277755737304688
6345312256.0,-1.2183020114898682
6346250240.0,-1.2089810371398926
6347187712.0,-1.1987745761871338
6348125184.0,-1.1902730464935303
6349062656.0,-1.1788426637649536
6350000128.0,-1.1678383350372314
6350937600.0,-1.1554473638534546
6351875072.0,-1.1442079544067383
6352812544.0,-1.1314445734024048
6353750016.0,-1.1199076175689697
6354687488.0,-1.1070555448532104
6355624960.0,-1.0945589542388916
6356562432.0,-1.0818873643875122
6357499904.0,-1.0695445537567139
6358437376.0,-1.057602882385254
6359374848.0,-1.0466419458389282
6360312320.0,-1.0349745750427246
6361249792.0,-1.0258476734161377
6362187264.0,-1.0201033353805542
6363125248.0,-1.0158571004867554
6364062720.0,-1.0136843919754028
6365000192.0,-1.3854612112045288
6365937664.0,-1.4008961915969849
6366875136.0,-1.4151979684829712
6367812608.0,-1.430062174797058
6368750080.0,-1.4435631036758423
6369687552.0,-1.4570865631103516
6370625024.0,-1.470805287361145
6371562496.0,-1.4839237928390503
6372499968.0,-1.4978243112564087
6373437440.0,-1.5106627941131592
6374374912.0,-1.522642731666565
6375312384.0,-1.534263253211975
6376249856.0,-1.544817566871643
6377187328.0,-1.5532894134521484
6378124800.0,-1.5603007078170776
6379062272.0,-1.5649101734161377
6380000256.0,-1.568802833557129
6380937728.0,-1.572265625
6381875200.0,-1.5741372108459473
6382812672.0,-1.574851393699646
6383750144.0,-1.5730127096176147
6384687616.0,-1.5705902576446533
6385625088.0,-1.568353533744812
6386562560.0,-1.564095139503479
6387500032.0,-1.5588696002960205
6388437504.0,-1.5534547567367554
6389374976.0,-1.5461846590042114
6390312448.0,-1.5385076999664307
6391249920.0,-1.530590534210205
6392187392.0,-1.5217077732086182
6393124864.0,-1.5102956295013428
6394062336.0,-1.5000897645950317
6394999808.0,-1.488160490989685
6395937280.0,-1.4766288995742798
6396874752.0,-1.4671427011489868
6397812736.0,-1.4582884311676025
6398750208.0,-1.4513963460922241
6399687680.0,-1.4447652101516724
6400625152.0,-1.439393401145935
6401562624.0,-1.4351696968078613
6402500096.0,-1.4308347702026367
6403437568.0,-1.429306149482727
6404375040.0,-1.4284720420837402
6405312512.0,-1.4321134090423584
6406249984.0,-1.4355722665786743
6407187456.0,-1.4400824308395386
6408124928.0,-1.44655179977417
6409062400.0,-1.4535820484161377
6409999872.0,-1.462786316871643
6410937344.0,-1.4722949266433716
6411874816.0,-1.4826014041900635
6412812288.0,-1.495176076889038
6413749760.0,-1.5082956552505493
6414687744.0,-1.5233793258666992
6415625216.0,-1.539100170135498
6416562688.0,-1.5586973428726196
6417500160.0,-1.5800468921661377
6418437632.0,-1.6021546125411987
6419375104.0,-1.6284620761871338
6420312576.0,-1.6559371948242188
6421250048.0,-1.6825048923492432
6422187520.0,-1.7089656591415405
6423124992.0,-1.7379857301712036
6424062464.0,-1.768319845199585
6424999936.0,-1.8023993968963623
6425937408.0,-1.836544156074524
6426874880.0,-1.872787356376648
6427812352.0,-1.9088279008865356
6428749824.0,-1.9444708824157715
6429687296.0,-1.9784629344940186
6430624768.0,-2.010164260864258
6431562752.0,-2.0408151149749756
6432500224.0,-2.069073438644409
6433437696.0,-2.0969605445861816
6434375168.0,-2.123046398162842
6435312640.0,-2.148164987564087
6436250112.0,-2.172253131866455
6437187584.0,-2.1926417350769043
6438125056.0,-2.212871789932251
6439062528.0,-2.2316110134124756
6440000000.0,-2.249314308166504
6440937472.0,-2.2649013996124268
6441874944.0,-2.2792270183563232
6442812416.0,-2.2921242713928223
6443749888.0,-2.304075241088867
6444687360.0,-2.31299090385437
6445624832.0,-2.323465585708618
6446562304.0,-2.331005811691284
6447499776.0,-2.337822675704956
6448437248.0,-2.3433711528778076
6449375232.0,-2.346275806427002
6450312704.0,-2.348210573196411
6451250176.0,-2.348137140274048
6452187648.0,-2.347829580307007
6453125120.0,-2.3440310955047607
6454062592.0,-2.3397104740142822
6455000064.0,-2.334540367126465
6455937536.0,-2.32822585105896
6456875008.0,-2.322594165802002
6457812480.0,-2.3173060417175293
6458749952.0,-2.3128182888031006
6459687424.0,-2.3075013160705566
6460624896.0,-2.3039562702178955
6461562368.0,-2.300961494445801
6462499840.0,-2.29919171333313
6463437312.0,-2.296828269958496
6464374784.0,-2.2959353923797607
6465312256.0,-2.2953901290893555
6466250240.0,-2.293935775756836
6467187712.0,-2.294387102127075
6468125184.0,-2.293607711791992
6469062656.0,-2.2926106452941895
6470000128.0,-2.2930500507354736
6470937600.0,-2.29379940032959
6471875072.0,-2.2976789474487305
6472812544.0,-2.3020753860473633
6473750016.0,-2.3081507682800293
6474687488.0,-2.3169398307800293
6475624960.0,-2.3283984661102295
6476562432.0,-2.3462862968444824
6477499904.0,-2.3671319484710693
6478437376.0,-2.39013671875
6479374848.0,-2.4163870811462402
6480312320.0,-2.448831796646118
6481249792.0,-2.4815831184387207
6482187264.0,-2.517852783203125
6483125248.0,-2.558590888977051
6484062720.0,-2.599036455154419
6485000192.0,-2.706056833267212
6485937664.0,-2.735287666320801
6486875136.0,-2.765410900115967
6487812608.0,-2.7940316200256348
6488750080.0,-2.820934772491455
6489687552.0,-2.8482513427734375
6490625024.0,-2.8752851486206055
6491562496.0,-2.901749849319458
6492499968.0,-2.9275903701782227
6493437440.0,-2.953003168106079
6494374912.0,-2.9792520999908447
6495312384.0,-3.0067625045776367
6496249856.0,-3.034440279006958
6497187328.0,-3.0621354579925537
6498124800.0,-3.090538740158081
6499062272.0,-3.12147855758667
6499999744.0,-3.151564836502075
6500937728.0,-3.1805381774902344
6501875200.0,-3.2089500427246094
6502812672.0,-3.235985040664673
6503750144.0,-3.261584997177124
6504687616.0,-3.2868616580963135
6505625088.0,-3.3118295669555664
6506562560.0,-3.335714340209961
6507500032.0,-3.361224412918091
6508437504.0,-3.386176109313965
6509374976.0,-3.412541627883911
6510312448.0,-3.4385924339294434
6511249920.0,-3.4654037952423096
6512187392.0,-3.492602586746216
6513124864.0,-3.520087242126465
6514062336.0,-3.546541929244995
6514999808.0,-3.575272798538208
6515937280.0,-3.6037421226501465
6516874752.0,-3.6334025859832764
6517812736.0,-3.663430690765381
6518750208.0,-3.6939542293548584
6519687680.0,-3.724985361099243
6520625152.0,-3.7559280395507812
6521562624.0,-3.788001775741577
6522500096.0,-3.821164846420288
6523437568.0,-3.8565611839294434
6524375040.0,-3.8946800231933594
6525312512.0,-3.9346702098846436
6526249984.0,-3.9773364067077637
6527187456.0,-4.0219316482543945
6528124928.0,-4.064464092254639
6529062400.0,-4.109568119049072
6529999872.0,-4.154443264007568
6530937344.0,-4.201441287994385
6531874816.0,-4.248071670532227
6532812288.0,-4.293381214141846
6533749760.0,-4.338171482086182
6534687744.0,-4.381208896636963
6535625216.0,-4.423040866851807
6536562688.0,-4.463311672210693
6537500160.0,-4.503549098968506
6538437632.0,-4.546014785766602
6539375104.0,-4.585745811462402
6540312576.0,-4.626020908355713
6541250048.0,-4.665451526641846
6542187520.0,-4.705606937408447
6543124992.0,-4.745039939880371
6544062464.0,-4.784571647644043
6544999936.0,-4.8223652839660645
6545937408.0,-4.87191104888916
6546874880.0,-4.9240803718566895
6547812352.0,-4.977662563323975
6548749824.0,-5.031121730804443
6549687296.0,-5.082428455352783
6550624768.0,-5.133995532989502
6551562752.0,-5.185611248016357
6552500224.0,-5.237269878387451
6553437696.0,-5.289187908172607
6554375168.0,-5.341885566711426
6555312640.0,-5.394106864929199
6556250112.0,-5.446728706359863
6557187584.0,-5.500280857086182
6558125056.0,-5.55574369430542
6559062528.0,-5.6117048263549805
6560000000.0,-5.668382167816162
6560937472.0,-5.7243876457214355
6561874944.0,-5.780677318572998
6562812416.0,-5.837679386138916
6563749888.0,-5.898277759552002
6564687360.0,-5.959817409515381
6565624832.0,-6.021475315093994
6566562304.0,-6.0853800773620605
6567499776.0,-6.148823261260986
6568437248.0,-6.210512638092041
6569375232.0,-6.275987148284912
6570312704.0,-6.338305950164795
6571250176.0,-6.4067487716674805
6572187648.0,-6.479725360870361
6573125120.0,-6.557389736175537
6574062592.0,-6.639342308044434
6575000064.0,-6.717446327209473
6575937536.0,-6.797579288482666
6576875008.0,-6.877840995788574
6577812480.0,-6.958738803863525
6578749952.0,-7.040506362915039
6579687424.0,-7.123375415802002
6580624896.0,-7.209286212921143
6581562368.0,-7.295633316040039
6582499840.0,-7.382574081420898
6583437312.0,-7.466355800628662
6584374784.0,-7.554131507873535
6585312256.0,-7.641462802886963
6586250240.0,-7.733731746673584
6587187712.0,-7.827671527862549
6588125184.0,-7.920068264007568
6589062656.0,-8.014182090759277
6590000128.0,-8.110207557678223
6590937600.0,-8.205971717834473
6591875072.0,-8.304610252380371
6592812544.0,-8.403841972351074
6593750016.0,-8.501404762268066
6594687488.0,-8.60030460357666
6595624960.0,-8.697501182556152
6596562432.0,-8.79955005645752
6597499904.0,-8.903146743774414
6598437376.0,-9.009841918945312
6599374848.0,-9.119245529174805
6600312320.0,-9.226773262023926
6601249792.0,-9.334819793701172
6602187264.0,-9.44064712524414
6603125248.0,-9.547233581542969
6604062720.0,-9.655694007873535
6605000192.0,-9.756513595581055
6605937664.0,-9.861430168151855
6606875136.0,-9.966734886169434
6607812608.0,-10.067962646484375
6608750080.0,-10.16689682006836
6609687552.0,-10.262412071228027
6610625024.0,-10.35094928741455
6611562496.0,-10.433807373046875
6612499968.0,-10.51593017578125
6613437440.0,-10.591686248779297
6614374912.0,-10.669652938842773
6615312384.0,-10.744726181030273
6616249856.0,-10.813384056091309
6617187328.0,-10.884703636169434
6618124800.0,-10.956523895263672
6619062272.0,-11.026275634765625
6620000256.0,-11.090848922729492
6620937728.0,-11.157572746276855
6621875200.0,-11.221781730651855
6622812672.0,-11.285225868225098
6623750144.0,-11.349493026733398
6624687616.0,-11.41369915008545
6625625088.0,-11.47702407836914
6626562560.0,-11.53428840637207
6627500032.0,-11.584541320800781
6628437504.0,-11.616756439208984
6629374976.0,-11.639460563659668
6630312448.0,-11.651168823242188
6631249920.0,-11.65941047668457
6632187392.0,-11.660534858703613
6633124864.0,-11.6654634475708
6634062336.0,-11.666903495788574
6634999808.0,-11.66287899017334
6635937280.0,-11.658040046691895
6636874752.0,-11.649526596069336
6637812736.0,-11.637625694274902
6638750208.0,-11.623326301574707
6639687680.0,-11.605565071105957
6640625152.0,-11.582884788513184
6641562624.0,-11.55501651763916
6642500096.0,-11.514270782470703
6643437568.0,-11.468412399291992
6644375040.0,-11.414228439331055
6645312512.0,-11.351669311523438
6646249984.0,-11.284485816955566
6647187456.0,-11.209380149841309
6648124928.0,-11.131032943725586
6649062400.0,-11.05179214477539
6649999872.0,-10.96808910369873
6650937344.0,-10.887371063232422
6651874816.0,-10.804365158081055
6652812288.0,-10.723689079284668
6653749760.0,-10.643355369567871
6654687744.0,-10.565597534179688
6655625216.0,-10.481593132019043
6656562688.0,-10.392425537109375
6657500160.0,-10.291607856750488
6658437632.0,-10.180455207824707
6659375104.0,-10.064261436462402
6660312576.0,-9.942184448242188
6661250048.0,-9.824925422668457
6662187520.0,-9.708036422729492
6663124992.0,-9.596116065979004
6664062464.0,-9.485980033874512
6664999936.0,-9.368558883666992
6665937408.0,-9.268965721130371
6666874880.0,-9.172325134277344
6667812352.0,-9.082257270812988
6668749824.0,-8.988382339477539
6669687296.0,-8.894011497497559
6670624768.0,-8.793750762939453
6671562752.0,-8.68886947631836
6672500224.0,-8.580147743225098
6673437696.0,-8.472541809082031
6674375168.0,-8.370908737182617
6675312640.0,-8.269946098327637
6676250112.0,-8.174640655517578
6677187584.0,-8.078792572021484
6678125056.0,-7.984254360198975
6679062528.0,-7.887388706207275
6680000000.0,-7.793645858764648
6680937472.0,-7.698512554168701
6681874944.0,-7.603732109069824
6682812416.0,-7.510509014129639
6683749888.0,-7.418810844421387
6684687360.0,-7.33037805557251
6685624832.0,-7.247628211975098
6686562304.0,-7.16773796081543
6687499776.0,-7.094436168670654
6688437248.0,-7.0235161781311035
6689375232.0,-6.953797817230225
6690312704.0,-6.885110378265381
6691250176.0,-6.820498943328857
6692187648.0,-6.754616737365723
6693125120.0,-6.691445350646973
6694062592.0,-6.629037857055664
6695000064.0,-6.566285133361816
6695937536.0,-6.504217147827148
6696875008.0,-6.4410719871521
6697812480.0,-6.3802103996276855
6698749952.0,-6.317105770111084
6699687424.0,-6.253971099853516
6700624896.0,-6.1906352043151855
6701562368.0,-6.128625869750977
6702499840.0,-6.066647052764893
6703437312.0,-6.003671169281006
6704374784.0,-5.941975116729736
6705312256.0,-5.881208896636963
6706250240.0,-5.823450088500977
6707187712.0,-5.763200759887695
6708125184.0,-5.707470417022705
6709062656.0,-5.6518707275390625
6710000128.0,-5.597567081451416
6710937600.0,-5.541243076324463
6711875072.0,-5.484082221984863
6712812544.0,-5.425062656402588
6713750016.0,-5.364705562591553
6714687488.0,-5.299503803253174
6715624960.0,-5.234383583068848
6716562432.0,-5.169858932495117
6717499904.0,-5.101975440979004
6718437376.0,-5.038757801055908
6719374848.0,-4.974581241607666
6720312320.0,-4.911661148071289
6721249792.0,-4.849372386932373
6722187264.0,-4.7855682373046875
6723125248.0,-4.720593452453613
6724062720.0,-4.653911113739014
6725000192.0,-4.370756149291992
6725937664.0,-4.296075344085693
6726875136.0,-4.225272178649902
6727812608.0,-4.156392574310303
6728750080.0,-4.088713645935059
6729687552.0,-4.026535511016846
6730625024.0,-3.9674057960510254
6731562496.0,-3.9070446491241455
6732499968.0,-3.850019931793213
6733437440.0,-3.793545722961426
6734374912.0,-3.7397897243499756
6735312384.0,-3.6871697902679443
6736249856.0,-3.637702465057373
6737187328.0,-3.5909011363983154
6738124800.0,-3.5486958026885986
6739062272.0,-3.5068306922912598
6739999744.0,-3.471328020095825
6740937728.0,-3.4383761882781982
6741875200.0,-3.409724473953247
6742812672.0,-3.3812665939331055
6743750144.0,-3.3567564487457275
6744687616.0,-3.3315134048461914
6745625088.0,-3.3071835041046143
6746562560.0,-3.2829020023345947
6747500032.0,-3.2577788829803467
6748437504.0,-3.232715606689453
6749374976.0,-3.2089173793792725
6750312448.0,-3.1868410110473633
6751249920.0,-3.1650335788726807
6752187392.0,-3.1431212425231934
6753124864.0,-3.1246352195739746
6754062336.0,-3.1053028106689453
6754999808.0,-3.0881834030151367
6755937280.0,-3.070859432220459
6756874752.0,-3.052896738052368
6757812736.0,-3.036478042602539
6758750208.0,-3.0192971229553223
6759687680.0,-3.002037525177002
6760625152.0,-2.9840030670166016
6761562624.0,-2.964484214782715
6762500096.0,-2.9450552463531494
6763437568.0,-2.925031900405884
6764375040.0,-2.901798963546753
6765312512.0,-2.8792805671691895
6766249984.0,-2.854198932647705
6767187456.0,-2.827195167541504
6768124928.0,-2.7991414070129395
6769062400.0,-2.7706968784332275
6769999872.0,-2.739955425262451
6770937344.0,-2.7096235752105713
6771874816.0,-2.67859148979187
6772812288.0,-2.6484742164611816
6773749760.0,-2.617943048477173
6774687744.0,-2.586627960205078
6775625216.0,-2.5541155338287354
6776562688.0,-2.522606611251831
6777500160.0,-2.4904236793518066
6778437632.0,-2.462127208709717
6779375104.0,-2.433511734008789
6780312576.0,-2.4058802127838135
6781250048.0,-2.375880002975464
6782187520.0,-2.345350980758667
6783124992.0,-2.3178110122680664
6784062464.0,-2.287766456604004
6784999936.0,-2.265937328338623
6785937408.0,-2.2308874130249023
6786874880.0,-2.197026491165161
6787812352.0,-2.163634777069092
6788749824.0,-2.1321818828582764
6789687296.0,-2.1013083457946777
6790624768.0,-2.073530435562134
6791562752.0,-2.0465807914733887
6792500224.0,-2.021421432495117
6793437696.0,-1.9977660179138184
6794375168.0,-1.975545048713684
6795312640.0,-1.9544529914855957
6796250112.0,-1.9341758489608765
6797187584.0,-1.914416790008545
6798125056.0,-1.8970880508422852
6799062528.0,-1.8780306577682495
6800000000.0,-1.8621774911880493
6800937472.0,-1.8468365669250488
6801874944.0,-1.8319950103759766
6802812416.0,-1.818660855293274
6803749888.0,-1.806783676147461
6804687360.0,-1.7963595390319824
6805624832.0,-1.7859264612197876
6806562304.0,-1.7766897678375244
6807499776.0,-1.7653844356536865
6808437248.0,-1.7555551528930664
6809375232.0,-1.743234634399414
6810312704.0,-1.73090660572052
6811250176.0,-1.7200392484664917
6812187648.0,-1.7074216604232788
6813125120.0,-1.6965196132659912
6814062592.0,-1.6839194297790527
6815000064.0,-1.6704381704330444
6815937536.0,-1.6566988229751587
6816875008.0,-1.6423612833023071
6817812480.0,-1.6267452239990234
6818749952.0,-1.6113485097885132
6819687424.0,-1.5954569578170776
6820624896.0,-1.5780768394470215
6821562368.0,-1.5587785243988037
6822499840.0,-1.540786623954773
6823437312.0,-1.522194743156433
6824374784.0,-1.5010863542556763
6825312256.0,-1.4817932844161987
6826250240.0,-1.461708903312683
6827187712.0,-1.4411532878875732
6828125184.0,-1.4198347330093384
6829062656.0,-1.396848440170288
6830000128.0,-1.3749136924743652
6830937600.0,-1.3502947092056274
6831875072.0,-1.32683265209198
6832812544.0,-1.303029179573059
6833750016.0,-1.2797563076019287
6834687488.0,-1.2568029165267944
6835624960.0,-1.2364169359207153
6836562432.0,-1.2157371044158936
6837499904.0,-1.1954840421676636
6838437376.0,-1.1763216257095337
6839374848.0,-1.1580402851104736
6840312320.0,-1.1409192085266113
6841249792.0,-1.1254370212554932
6842187264.0,-1.1101046800613403
6843125248.0,-1.0981519222259521
6844062720.0,-1.0856016874313354
6845000192.0,-1.0486040115356445
6845937664.0,-1.0404088497161865
6846875136.0,-1.0329951047897339
6847812608.0,-1.0263569355010986
6848750080.0,-1.0218417644500732
6849687552.0,-1.0182790756225586
6850625024.0,-1.0162585973739624
6851562496.0,-1.0148789882659912
6852499968.0,-1.0142992734909058
6853437440.0,-1.0164003372192383
6854374912.0,-1.0174299478530884
6855312384.0,-1.0201737880706787
6856249856.0,-1.023508906364441
6857187328.0,-1.0279054641723633
6858124800.0,-1.033216953277588
6859062272.0,-1.0397508144378662
6860000256.0,-1.0491212606430054
6860937728.0,-1.0575875043869019
6861875200.0,-1.0678001642227173
6862812672.0,-1.0799534320831299
6863750144.0,-1.0910816192626953
6864687616.0,-1.1024785041809082
6865625088.0,-1.1142271757125854
6866562560.0,-1.1252496242523193
6867500032.0,-1.1347713470458984
6868437504.0,-1.1452364921569824
6869374976.0,-1.153459072113037
6870312448.0,-1.161966323852539
6871249920.0,-1.1700711250305176
6872187392.0,-1.1760656833648682
6873124864.0,-1.1820297241210938
6874062336.0,-1.1848368644714355
6874999808.0,-1.1870533227920532
6875937280.0,-1.186643362045288
6876874752.0,-1.1845775842666626
6877812736.0,-1.1802115440368652
6878750208.0,-1.1730796098709106
6879687680.0,-1.1641453504562378
6880625152.0,-1.149096131324768
6881562624.0,-1.1346834897994995
6882500096.0,-1.1158454418182373
6883437568.0,-1.096922755241394
6884375040.0,-1.0756328105926514
6885312512.0,-1.0529958009719849
6886249984.0,-1.0281457901000977
6887187456.0,-1.004196286201477
6888124928.0,-0.977576494216919
6889062400.0,-0.950457751750946
6889999872.0,-0.9230768084526062
6890937344.0,-0.8935960531234741
6891874816.0,-0.8640387654304504
6892812288.0,-0.8344965577125549
6893749760.0,-0.8041362762451172
6894687744.0,-0.7755346894264221
6895625216.0,-0.7451168894767761
6896562688.0,-0.7166396379470825
6897500160.0,-0.6875048279762268
6898437632.0,-0.658477246761322
6899375104.0,-0.6320925354957581
6900312576.0,-0.606072187423706
6901250048.0,-0.5801354050636292
6902187520.0,-0.5561853647232056
6903124992.0,-0.5319753885269165
6904062464.0,-0.5086415410041809
6904999936.0,-0.4727717339992523
6905937408.0,-0.4689185917377472
6906874880.0,-0.4654393494129181
6907812352.0,-0.4646593928337097
6908749824.0,-0.46374353766441345
6909687296.0,-0.46363723278045654
6910624768.0,-0.46655139327049255
6911562752.0,-0.4704495668411255
6912500224.0,-0.4746721386909485
6913437696.0,-0.480787992477417
6914375168.0,-0.486656129360199
6915312640.0,-0.4942479133605957
6916250112.0,-0.5033302307128906
6917187584.0,-0.5131033658981323
6918125056.0,-0.5215705633163452
6919062528.0,-0.5304601192474365
6920000000.0,-0.5408185720443726
6920937472.0,-0.5515907406806946
6921874944.0,-0.5606149435043335
6922812416.0,-0.5706697702407837
6923749888.0,-0.5804598331451416
6924687360.0,-0.5897047519683838
6925624832.0,-0.5984697937965393
6926562304.0,-0.606001615524292
6927499776.0,-0.6145774126052856
6928437248.0,-0.6221064329147339
6929375232.0,-0.6296678781509399
6930312704.0,-0.6349157691001892
6931250176.0,-0.644321858882904
6932187648.0,-0.6512636542320251
6933125120.0,-0.6587529182434082
6934062592.0,-0.6652312278747559
6935000064.0,-0.6714058518409729
6935937536.0,-0.6758589148521423
6936875008.0,-0.6801691055297852
6937812480.0,-0.6835044622421265
6938749952.0,-0.6863030195236206
6939687424.0,-0.6882284283638
6940624896.0,-0.6884409785270691
6941562368.0,-0.6892802119255066
6942499840.0,-0.68748939037323
6943437312.0,-0.6860569715499878
6944374784.0,-0.6841245889663696
6945312256.0,-0.6803094744682312
6946250240.0,-0.6766064763069153
6947187712.0,-0.6709888577461243
6948125184.0,-0.6663650274276733
6949062656.0,-0.6600239276885986
6950000128.0,-0.6531144976615906
6950937600.0,-0.6443725228309631
6951875072.0,-0.6345749497413635
6952812544.0,-0.6240009665489197
6953750016.0,-0.612902820110321
6954687488.0,-0.6008601784706116
6955624960.0,-0.5890260338783264
6956562432.0,-0.5758869051933289
6957499904.0,-0.5637266039848328
6958437376.0,-0.5495489835739136
6959374848.0,-0.5360158681869507
6960312320.0,-0.5214471817016602
6961249792.0,-0.5066583752632141
6962187264.0,-0.4907710552215576
6963125248.0,-0.47498568892478943
6964062720.0,-0.45957425236701965
6965000192.0,-0.37976911664009094
6965937664.0,-0.37256449460983276
6966875136.0,-0.36305925250053406
6967812608.0,-0.35541266202926636
6968750080.0,-0.34847959876060486
6969687552.0,-0.34164324402809143
6970625024.0,-0.3341292142868042
6971562496.0,-0.3288538455963135
6972499968.0,-0.323108971118927
6973437440.0,-0.3184804320335388
6974374912.0,-0.3144424259662628
6975312384.0,-0.31043165922164917
6976249856.0,-0.3096117675304413
6977187328.0,-0.3066394627094269
6978124800.0,-0.30693086981773376
6979062272.0,-0.30724552273750305
6979999744.0,-0.30921831727027893
6980937728.0,-0.31164994835853577
6981875200.0,-0.31397730112075806
6982812672.0,-0.3181954324245453
6983750144.0,-0.3228602409362793
6984687616.0,-0.32874757051467896
6985625088.0,-0.3360799252986908
6986562560.0,-0.3443343937397003
6987500032.0,-0.35409024357795715
6988437504.0,-0.36480215191841125
6989374976.0,-0.3762402832508087
6990312448.0,-0.38864749670028687
6991249920.0,-0.4006747007369995
6992187392.0,-0.4137558043003082
6993124864.0,-0.42572808265686035
6994062336.0,-0.43894559144973755
6994999808.0,-0.4523153603076935
6995937280.0,-0.46595293283462524
6996874752.0,-0.4781784117221832
6997812736.0,-0.4906327724456787
6998750208.0,-0.5028954148292542
6999687680.0,-0.5145466327667236
7000625152.0,-0.5248275995254517
7001562624.0,-0.53447026014328
7002500096.0,-0.5425758957862854
7003437568.0,-0.5506563186645508
7004375040.0,-0.5567588210105896
7005312512.0,-0.5617617964744568
7006249984.0,-0.5662668943405151
7007187456.0,-0.5684927701950073
7008124928.0,-0.5691538453102112
7009062400.0,-0.5692441463470459
7009999872.0,-0.5676838755607605
7010937344.0,-0.5637811422348022
7011874816.0,-0.559810221195221
7012812288.0,-0.554358959197998
7013749760.0,-0.5473812818527222
7014687744.0,-0.5390661954879761
7015625216.0,-0.5316232442855835
7016562688.0,-0.5230370759963989
7017500160.0,-0.514497697353363
7018437632.0,-0.5051758289337158
7019375104.0,-0.4950728118419647
7020312576.0,-0.48562249541282654
7021250048.0,-0.47623351216316223
7022187520.0,-0.46677836775779724
7023124992.0,-0.4571411609649658
7024062464.0,-0.4480937421321869
7024999936.0,-0.42079034447669983
7025937408.0,-0.4134208559989929
7026874880.0,-0.4070594906806946
7027812352.0,-0.3995179831981659
7028749824.0,-0.39592254161834717
7029687296.0,-0.392223984003067
7030624768.0,-0.3889099955558777
7031562752.0,-0.388392835855484
7032500224.0,-0.3888005018234253
7033437696.0,-0.38991889357566833
7034375168.0,-0.3923918902873993
7035312640.0,-0.3980950117111206
7036250112.0,-0.4028643071651459
7037187584.0,-0.40948230028152466
7038125056.0,-0.41623422503471375
7039062528.0,-0.42654284834861755
7040000000.0,-0.43584972620010376
7040937472.0,-0.4456092417240143
7041874944.0,-0.4544921815395355
7042812416.0,-0.46582746505737305
7043749888.0,-0.47384023666381836
7044687360.0,-0.4818667471408844
7045624832.0,-0.48986420035362244
7046562304.0,-0.49771732091903687
7047499776.0,-0.503108024597168
7048437248.0,-0.508512020111084
7049375232.0,-0.5117525458335876
7050312704.0,-0.5135849714279175
7051250176.0,-0.5133049488067627
7052187648.0,-0.5115489959716797
7053125120.0,-0.5086427330970764
7054062592.0,-0.5038002133369446
7055000064.0,-0.4969712495803833
7055937536.0,-0.48789849877357483
7056875008.0,-0.477769672870636
7057812480.0,-0.46545490622520447
7058749952.0,-0.4497098922729492
7059687424.0,-0.4326017200946808
7060624896.0,-0.4142081141471863
7061562368.0,-0.3958122432231903
7062499840.0,-0.37494197487831116
7063437312.0,-0.3544256091117859
7064374784.0,-0.3338010311126709
7065312256.0,-0.3125191330909729
7066250240.0,-0.2910163104534149
7067187712.0,-0.26961490511894226
7068125184.0,-0.24858753383159637
7069062656.0,-0.22919410467147827
7070000128.0,-0.20954373478889465
7070937600.0,-0.19175301492214203
7071875072.0,-0.17369309067726135
7072812544.0,-0.15813042223453522
7073750016.0,-0.14364339411258698
7074687488.0,-0.1306299865245819
7075624960.0,-0.1189413070678711
7076562432.0,-0.10944180935621262
7077499904.0,-0.10210559517145157
7078437376.0,-0.09697586297988892
7079374848.0,-0.09352608025074005
7080312320.0,-0.09303721785545349
7081249792.0,-0.09562190622091293
7082187264.0,-0.10044486075639725
7083125248.0,-0.1074381172657013
7084062720.0,-0.11555396020412445
7085000192.0,-0.27069464325904846
7085937664.0,-0.28203392028808594
7086875136.0,-0.2956606149673462
7087812608.0,-0.3109038174152374
7088750080.0,-0.32813477516174316
7089687552.0,-0.3465903699398041
7090625024.0,-0.36780378222465515
7091562496.0,-0.39096948504447937
7092499968.0,-0.4158644378185272
7093437440.0,-0.4429042339324951
7094374912.0,-0.47160178422927856
7095312384.0,-0.5015715956687927
7096249856.0,-0.5328235030174255
7097187328.0,-0.5655662417411804
7098124800.0,-0.5981124639511108
7099062272.0,-0.6312644481658936
7100000256.0,-0.6653099656105042
7100937728.0,-0.69764643907547
7101875200.0,-0.7304878830909729
7102812672.0,-0.7614654302597046
7103750144.0,-0.7915734648704529
7104687616.0,-0.8186420202255249
7105625088.0,-0.8433225154876709
7106562560.0,-0.8649808168411255
7107500032.0,-0.8834466934204102
7108437504.0,-0.898095428943634
7109374976.0,-0.9112208485603333
7110312448.0,-0.9190880656242371
7111249920.0,-0.9234470725059509
7112187392.0,-0.92366623878479
7113124864.0,-0.9196801781654358
7114062336.0,-0.9121174216270447
7114999808.0,-0.9005863070487976
7115937280.0,-0.8849288821220398
7116874752.0,-0.8672799468040466
7117812736.0,-0.8446105718612671
7118750208.0,-0.8203290700912476
7119687680.0,-0.7917888760566711
7120625152.0,-0.7627214789390564
7121562624.0,-0.7290295958518982
7122500096.0,-0.6954324841499329
7123437568.0,-0.6613805294036865
7124375040.0,-0.6253296732902527
7125312512.0,-0.5888892412185669
7126249984.0,-0.5527085065841675
7127187456.0,-0.5158458352088928
7128124928.0,-0.479351669549942
7129062400.0,-0.4442628026008606
7129999872.0,-0.4097650647163391
7130937344.0,-0.3764355480670929
7131874816.0,-0.3438658118247986
7132812288.0,-0.31322354078292847
7133749760.0,-0.28344613313674927
7134687744.0,-0.2572900056838989
7135625216.0,-0.23258620500564575
7136562688.0,-0.2099827378988266
7137500160.0,-0.19070982933044434
7138437632.0,-0.1708994209766388
7139375104.0,-0.15481428802013397
7140312576.0,-0.14018063247203827
7141250048.0,-0.12810273468494415
7142187520.0,-0.11652230471372604
7143124992.0,-0.10717573016881943
7144062464.0,-0.2023007571697235
7144999936.0,-0.2028929740190506
7145937408.0,-0.2050497978925705
7146874880.0,-0.20687882602214813
7147812352.0,-0.21025419235229492
7148749824.0,-0.21421965956687927
7149687296.0,-0.2188553661108017
7150624768.0,-0.22584207355976105
7151562752.0,-0.23387497663497925
7152500224.0,-0.24205322563648224
7153437696.0,-0.2524572014808655
7154375168.0,-0.2643030285835266
7155312640.0,-0.2790817618370056
7156250112.0,-0.29684826731681824
7157187584.0,-0.3158813714981079
7158125056.0,-0.3386816680431366
7159062528.0,-0.36361268162727356
7160000000.0,-0.3898114264011383
7160937472.0,-0.4168115556240082
7161874944.0,-0.4384433627128601
7162812416.0,-0.45811933279037476
7163749888.0,-0.47490012645721436
7164687360.0,-0.487684428691864
7165624832.0,-0.4984433352947235
7166562304.0,-0.5063590407371521
7167499776.0,-0.5123926997184753
7168437248.0,-0.5146799087524414
7169375232.0,-0.5159713625907898
7170312704.0,-0.5176450610160828
7171250176.0,-0.5190062522888184
7172187648.0,-0.521260678768158
7173125120.0,-0.5234121680259705
7174062592.0,-0.5294262170791626
7175000064.0,-0.5354755520820618
7175937536.0,-0.5455350279808044
7176875008.0,-0.5560608506202698
7177812480.0,-0.570902407169342
7178749952.0,-0.589111328125
7179687424.0,-0.6085973978042603
7180624896.0,-0.6284124255180359
7181562368.0,-0.6506921648979187
7182499840.0,-0.6732549071311951
7183437312.0,-0.6945302486419678
7184374784.0,-0.7145960330963135
7185312256.0,-0.7334008812904358
7186250240.0,-0.7492515444755554
7187187712.0,-0.7622482180595398
7188125184.0,-0.7727066874504089
7189062656.0,-0.7784360647201538
7190000128.0,-0.7818577289581299
7190937600.0,-0.7808845639228821
7191875072.0,-0.7757033109664917
7192812544.0,-0.7678819298744202
7193750016.0,-0.7558020353317261
7194687488.0,-0.7405463457107544
7195624960.0,-0.7217398881912231
7196562432.0,-0.7005736231803894
7197499904.0,-0.6763820648193359
7198437376.0,-0.6501311659812927
7199374848.0,-0.6239619851112366
7200312320.0,-0.595373272895813
7201249792.0,-0.5690680146217346
7202187264.0,-0.5431869029998779
7203125248.0,-0.5187197923660278
7204062720.0,-0.6426992416381836
7205000192.0,-0.6343297958374023
7205937664.0,-0.6290493607521057
7206875136.0,-0.6252778768539429
7207812608.0,-0.6244697570800781
7208750080.0,-0.6254594922065735
7209687552.0,-0.6284076571464539
7210625024.0,-0.6364916563034058
7211562496.0,-0.6470968723297119
7212499968.0,-0.6604784727096558
7213437440.0,-0.6760287880897522
7214374912.0,-0.6932570338249207
7215312384.0,-0.711112380027771
7216249856.0,-0.7312968373298645
7217187328.0,-0.7519633173942566
7218124800.0,-0.7716448307037354
7219062272.0,-0.792023241519928
7219999744.0,-0.8113138675689697
7220937728.0,-0.8299283385276794
7221875200.0,-0.8474646210670471
7222812672.0,-0.8651185035705566
7223750144.0,-0.8800604939460754
7224687616.0,-0.8932887315750122
7225625088.0,-0.9046458005905151
7226562560.0,-0.9151594638824463
7227500032.0,-0.922196626663208
7228437504.0,-0.9284555315971375
7229374976.0,-0.9326900839805603
7230312448.0,-0.934806764125824
7231249920.0,-0.9354332089424133
7232187392.0,-0.9355698227882385
7233124864.0,-0.9349004030227661
7234062336.0,-0.9305762648582458
7234999808.0,-0.9284151792526245
7235937280.0,-0.9235348701477051
7236874752.0,-0.9209070801734924
7237812736.0,-0.9153869152069092
7238750208.0,-0.9102654457092285
7239687680.0,-0.9053797721862793
7240625152.0,-0.9015234112739563
7241562624.0,-0.897873044013977
7242500096.0,-0.8950169682502747
7243437568.0,-0.8941386938095093
7244375040.0,-0.8932033181190491
7245312512.0,-0.8940858244895935
7246249984.0,-0.8966102004051208
7247187456.0,-0.8998263478279114
7248124928.0,-0.9045974016189575
7249062400.0,-0.9119061231613159
7249999872.0,-0.9202178716659546
7250937344.0,-0.9301176071166992
7251874816.0,-0.9409593343734741
7252812288.0,-0.953403890132904
7253749760.0,-0.9680567979812622
7254687744.0,-0.9831767678260803
7255625216.0,-0.9994843602180481
7256562688.0,-1.0163365602493286
7257500160.0,-1.0336169004440308
7258437632.0,-1.0509965419769287
7259375104.0,-1.0690463781356812
7260312576.0,-1.0881035327911377
7261250048.0,-1.105679988861084
7262187520.0,-1.1212407350540161
7263124992.0,-1.1364318132400513
7264062464.0,-1.1680347919464111
7264999936.0,-1.1828196048736572
7265937408.0,-1.1988561153411865
7266874880.0,-1.213685154914856
7267812352.0,-1.2269710302352905
7268749824.0,-1.2401663064956665
7269687296.0,-1.2530145645141602
7270624768.0,-1.2647072076797485
7271562752.0,-1.27577805519104
7272500224.0,-1.285986065864563
7273437696.0,-1.295536756515503
7274375168.0,-1.3049293756484985
7275312640.0,-1.3117045164108276
7276250112.0,-1.316823124885559
7277187584.0,-1.3203656673431396
7278125056.0,-1.3207253217697144
7279062528.0,-1.3183295726776123
7280000000.0,-1.3134368658065796
7280937472.0,-1.3063499927520752
7281874944.0,-1.2974668741226196
7282812416.0,-1.284580111503601
7283749888.0,-1.2710602283477783
7284687360.0,-1.2536981105804443
7285624832.0,-1.2360020875930786
7286562304.0,-1.2148582935333252
7287499776.0,-1.1940727233886719
7288437248.0,-1.1698449850082397
7289375232.0,-1.144648551940918
7290312704.0,-1.1186037063598633
7291250176.0,-1.0889875888824463
7292187648.0,-1.0583345890045166
7293125120.0,-1.0274317264556885
7294062592.0,-0.99567711353302
7295000064.0,-0.9609469175338745
7295937536.0,-0.926348090171814
7296875008.0,-0.892032265663147
7297812480.0,-0.856097400188446
7298749952.0,-0.8191733956336975
7299687424.0,-0.7826974987983704
7300624896.0,-0.747020959854126
7301562368.0,-0.7105408906936646
7302499840.0,-0.6748248934745789
7303437312.0,-0.6390947699546814
7304374784.0,-0.6054767966270447
7305312256.0,-0.5714617371559143
7306250240.0,-0.5389822125434875
7307187712.0,-0.5071831345558167
7308125184.0,-0.47650372982025146
7309062656.0,-0.44646066427230835
7310000128.0,-0.41875678300857544
7310937600.0,-0.39146652817726135
7311875072.0,-0.36642080545425415
7312812544.0,-0.34523218870162964
7313750016.0,-0.32674217224121094
7314687488.0,-0.31056180596351624
7315624960.0,-0.29574450850486755
7316562432.0,-0.2819066643714905
7317499904.0,-0.27016615867614746
7318437376.0,-0.2605976462364197
7319374848.0,-0.25241994857788086
7320312320.0,-0.24611809849739075
7321249792.0,-0.2426142543554306
7322187264.0,-0.2406029999256134
7323125248.0,-0.2412702739238739
7324062720.0,-0.4009338915348053
7325000192.0,-0.3992277681827545
7325937664.0,-0.39821657538414
7326875136.0,-0.4003235697746277
7327812608.0,-0.4022657573223114
7328750080.0,-0.40619370341300964
7329687552.0,-0.41211217641830444
7330625024.0,-0.4186508357524872
7331562496.0,-0.4266217350959778
7332499968.0,-0.4342530071735382
7333437440.0,-0.443031907081604
7334374912.0,-0.45221588015556335
7335312384.0,-0.46234986186027527
7336249856.0,-0.47259730100631714
7337187328.0,-0.48260360956192017
7338124800.0,-0.4925581216812134
7339062272.0,-0.5015668869018555
7340000256.0,-0.5101772546768188
7340937728.0,-0.5182180404663086
7341875200.0,-0.5252237319946289
7342812672.0,-0.5301487445831299
7343750144.0,-0.5350180268287659
7344687616.0,-0.5386102199554443
7345625088.0,-0.5406215786933899
7346562560.0,-0.5417931079864502
7347500032.0,-0.5421619415283203
7348437504.0,-0.5411949157714844
7349374976.0,-0.5371654033660889
7350312448.0,-0.5333999395370483
7351249920.0,-0.5284637808799744
7352187392.0,-0.5204506516456604
7353124864.0,-0.5122551918029785
7354062336.0,-0.5042454600334167
7354999808.0,-0.49347391724586487
7355937280.0,-0.4811823070049286
7356874752.0,-0.46921664476394653
7357812736.0,-0.457571417093277
7358750208.0,-0.4433482587337494
7359687680.0,-0.43044552206993103
7360625152.0,-0.4152226150035858
7361562624.0,-0.4016362130641937
7362500096.0,-0.38632920384407043
7363437568.0,-0.3709354102611542
7364375040.0,-0.3530355989933014
7365312512.0,-0.334091454744339
7366249984.0,-0.3163284659385681
7367187456.0,-0.29710978269577026
7368124928.0,-0.27865830063819885
7369062400.0,-0.25899726152420044
7369999872.0,-0.24025464057922363
7370937344.0,-0.2222840040922165
7371874816.0,-0.20243574678897858
7372812288.0,-0.18379151821136475
7373749760.0,-0.1657889038324356
7374687744.0,-0.1452191174030304
7375625216.0,-0.12662968039512634
7376562688.0,-0.10571201890707016
7377500160.0,-0.0856151357293129
7378437632.0,-0.06562994420528412
7379375104.0,-0.04419161379337311
7380312576.0,-0.022769443690776825
7381250048.0,-0.0010506246471777558
7382187520.0,0.020709212869405746
7383124992.0,0.04241856187582016
7384062464.0,0.05494561046361923
7384999936.0,0.061891622841358185
7385937408.0,0.0680558830499649
7386874880.0,0.07415139675140381
7387812352.0,0.08012815564870834
7388749824.0,0.08433254808187485
7389687296.0,0.09008610993623734
7390624768.0,0.0954330563545227
7391562752.0,0.10014081001281738
7392500224.0,0.1051836907863617
7393437696.0,0.11060446500778198
7394375168.0,0.11654452234506607
7395312640.0,0.12149272114038467
7396250112.0,0.1271805614233017
7397187584.0,0.13417015969753265
7398125056.0,0.14053167402744293
7399062528.0,0.1476740688085556
7400000000.0,0.1543692648410797
7400937472.0,0.16133561730384827
7401874944.0,0.16883228719234467
7402812416.0,0.17639662325382233
7403749888.0,0.1830669790506363
7404687360.0,0.18950076401233673
7405624832.0,0.1945144236087799
7406562304.0,0.19771374762058258
7407499776.0,0.20026099681854248
7408437248.0,0.2007421851158142
7409375232.0,0.19868133962154388
7410312704.0,0.1949770599603653
7411250176.0,0.18902863562107086
7412187648.0,0.17944462597370148
7413125120.0,0.16830407083034515
7414062592.0,0.1541520059108734
7415000064.0,0.13816025853157043
7415937536.0,0.11932766437530518
7416875008.0,0.09920018911361694
7417812480.0,0.07686624675989151
7418749952.0,0.053879301995038986
7419687424.0,0.029000859707593918
7420624896.0,0.003521424252539873
7421562368.0,-0.023529497906565666
7422499840.0,-0.04901653155684471
7423437312.0,-0.0759098157286644
7424374784.0,-0.10142837464809418
7425312256.0,-0.12588144838809967
7426250240.0,-0.15008389949798584
7427187712.0,-0.17236439883708954
7428125184.0,-0.19319964945316315
7429062656.0,-0.21166858077049255
7430000128.0,-0.22954842448234558
7430937600.0,-0.24619033932685852
7431875072.0,-0.2600957453250885
7432812544.0,-0.2734815776348114
7433750016.0,-0.2850382626056671
7434687488.0,-0.2952312231063843
7435624960.0,-0.3038397431373596
7436562432.0,-0.31243568658828735
7437499904.0,-0.3190682530403137
7438437376.0,-0.3250798285007477
7439374848.0,-0.32970961928367615
7440312320.0,-0.33216211199760437
7441249792.0,-0.33332547545433044
7442187264.0,-0.33375754952430725
7443125248.0,-0.3327455520629883
7444062720.0,-0.11317194998264313
7445000192.0,-0.0941217839717865
7445937664.0,-0.0792229101061821
7446875136.0,-0.06537967920303345
7447812608.0,-0.05441409349441528
7448750080.0,-0.04572734236717224
7449687552.0,-0.03854716941714287
7450625024.0,-0.03219121694564819
7451562496.0,-0.02888236939907074
7452499968.0,-0.025957582518458366
7453437440.0,-0.023172156885266304
7454374912.0,-0.02120998501777649
7455312384.0,-0.02027520351111889
7456249856.0,-0.017167337238788605
7457187328.0,-0.014935591258108616
7458124800.0,-0.011103596538305283
7459062272.0,-0.006856504362076521
7459999744.0,-0.0021573849953711033
7460937728.0,0.004232187755405903
7461875200.0,0.011341839097440243
7462812672.0,0.019264917820692062
7463750144.0,0.02793044224381447
7464687616.0,0.0376790389418602
7465625088.0,0.047905873507261276
7466562560.0,0.059159550815820694
7467500032.0,0.07029719650745392
7468437504.0,0.08283569663763046
7469374976.0,0.09567143768072128
7470312448.0,0.1076519712805748
7471249920.0,0.12021087855100632
7472187392.0,0.1320330798625946
7473124864.0,0.1435813307762146
7474062336.0,0.1553160399198532
7474999808.0,0.16564950346946716
7475937280.0,0.17569899559020996
7476874752.0,0.1838761419057846
7477812736.0,0.1911114901304245
7478750208.0,0.19667746126651764
7479687680.0,0.2009861171245575
7480625152.0,0.20378325879573822
7481562624.0,0.20603890717029572
7482500096.0,0.20640774071216583
7483437568.0,0.2043607085943222
7484375040.0,0.20192284882068634
7485312512.0,0.1972564309835434
7486249984.0,0.19060616195201874
7487187456.0,0.18333633244037628
7488124928.0,0.17536364495754242
7489062400.0,0.16436675190925598
7489999872.0,0.15282002091407776
7490937344.0,0.14009849727153778
7491874816.0,0.1239774152636528
7492812288.0,0.10724522918462753
7493749760.0,0.08916331827640533
7494687744.0,0.07079224288463593
7495625216.0,0.052621569484472275
7496562688.0,0.032929934561252594
7497500160.0,0.014728084206581116
7498437632.0,-0.004071174655109644
7499375104.0,-0.022352108731865883
7500312576.0,-0.04108265042304993
7501250048.0,-0.05815688893198967
7502187520.0,-0.07450374960899353
7503124992.0,-0.08984198421239853
7504062464.0,-0.07251471281051636
7504999936.0,-0.08255279809236526
7505937408.0,-0.09316036850214005
7506874880.0,-0.10352516919374466
7507812352.0,-0.11240166425704956
7508749824.0,-0.12180375307798386
7509687296.0,-0.13031615316867828
7510624768.0,-0.1382260024547577
7511562752.0,-0.1457580178976059
7512500224.0,-0.15313920378684998
7513437696.0,-0.15872764587402344
7514375168.0,-0.16474495828151703
7515312640.0,-0.16768886148929596
7516250112.0,-0.17145013809204102
7517187584.0,-0.17547950148582458
7518125056.0,-0.178626149892807
7519062528.0,-0.18149912357330322
7520000000.0,-0.18204550445079803
7520937472.0,-0.1816759556531906
7521874944.0,-0.18063470721244812
7522812416.0,-0.17775188386440277
7523749888.0,-0.17493855953216553
7524687360.0,-0.16985958814620972
7525624832.0,-0.1648983210325241
7526562304.0,-0.1581326276063919
7527499776.0,-0.15092448890209198
7528437248.0,-0.14309124648571014
7529375232.0,-0.13379013538360596
7530312704.0,-0.12421375513076782
7531250176.0,-0.11429624259471893
7532187648.0,-0.10177676379680634
7533125120.0,-0.08996354043483734
7534062592.0,-0.07482103258371353
7535000064.0,-0.061783917248249054
7535937536.0,-0.045743994414806366
7536875008.0,-0.03054720163345337
7537812480.0,-0.014474345371127129
7538749952.0,0.0029778045136481524
7539687424.0,0.019250944256782532
7540624896.0,0.03763110935688019
7541562368.0,0.05485565960407257
7542499840.0,0.07572800666093826
7543437312.0,0.09583183377981186
7544374784.0,0.11785893887281418
7545312256.0,0.13818438351154327
7546250240.0,0.15840375423431396
7547187712.0,0.17997461557388306
7548125184.0,0.20111872255802155
7549062656.0,0.22170348465442657
7550000128.0,0.24137455224990845
7550937600.0,0.2620159089565277
7551875072.0,0.2810407280921936
7552812544.0,0.29972901940345764
7553750016.0,0.3170836865901947
7554687488.0,0.334711492061615
7555624960.0,0.35045430064201355
7556562432.0,0.36663708090782166
7557499904.0,0.3793816864490509
7558437376.0,0.3911146819591522
7559374848.0,0.40155720710754395
7560312320.0,0.40979117155075073
7561249792.0,0.41547295451164246
7562187264.0,0.4212181866168976
7563125248.0,0.42464378476142883
7564062720.0,0.20603998005390167
7565000192.0,0.20447762310504913
7565937664.0,0.20325618982315063
7566875136.0,0.19963008165359497
7567812608.0,0.19782178103923798
7568750080.0,0.19485189020633698
7569687552.0,0.1911693662405014
7570625024.0,0.18642646074295044
7571562496.0,0.18075938522815704
7572499968.0,0.17343996465206146
7573437440.0,0.16713668406009674
7574374912.0,0.15716864168643951
7575312384.0,0.1457604169845581
7576249856.0,0.13476017117500305
7577187328.0,0.12169203907251358
7578124800.0,0.10835588723421097
7579062272.0,0.09386491775512695
7580000256.0,0.07808881253004074
7580937728.0,0.061917323619127274
7581875200.0,0.04393472895026207
7582812672.0,0.027173221111297607
7583750144.0,0.008995670825242996
7584687616.0,-0.009834690019488335
7585625088.0,-0.030171815305948257
7586562560.0,-0.04991038143634796
7587500032.0,-0.07048238813877106
7588437504.0,-0.09103433787822723
7589374976.0,-0.11062309145927429
7590312448.0,-0.13044171035289764
7591249920.0,-0.15146653354167938
7592187392.0,-0.16976647078990936
7593124864.0,-0.1887567788362503
7594062336.0,-0.20662938058376312
7594999808.0,-0.22236768901348114
7595937280.0,-0.23811423778533936
7596874752.0,-0.2525615394115448
7597812736.0,-0.26645582914352417
7598750208.0,-0.27783235907554626
7599687680.0,-0.28758156299591064
7600625152.0,-0.29605236649513245
7601562624.0,-0.30261504650115967
7602500096.0,-0.30744946002960205
7603437568.0,-0.31026387214660645
7604375040.0,-0.3117668032646179
7605312512.0,-0.31039243936538696
7606249984.0,-0.3080786466598511
7607187456.0,-0.30411648750305176
7608124928.0,-0.29692333936691284
7609062400.0,-0.2882453203201294
7609999872.0,-0.27777227759361267
7610937344.0,-0.26509612798690796
7611874816.0,-0.25122955441474915
7612812288.0,-0.23481963574886322
7613749760.0,-0.21668727695941925
7614687744.0,-0.1974758505821228
7615625216.0,-0.17563875019550323
7616562688.0,-0.1542482227087021
7617500160.0,-0.12968343496322632
7618437632.0,-0.10414227843284607
7619375104.0,-0.07795729488134384
7620312576.0,-0.05013751983642578
7621250048.0,-0.023587539792060852
7622187520.0,0.004981204401701689
7623124992.0,0.03324524685740471
7624062464.0,0.06006206199526787
7624999936.0,0.08775083720684052
7625937408.0,0.11477122455835342
7626874880.0,0.1404787003993988
7627812352.0,0.16536743938922882
7628749824.0,0.19016963243484497
7629687296.0,0.21254679560661316
7630624768.0,0.23399636149406433
7631562752.0,0.2524808645248413
7632500224.0,0.27022430300712585
7633437696.0,0.2856962978839874
7634375168.0,0.29983729124069214
7635312640.0,0.31202811002731323
7636250112.0,0.3212355077266693
7637187584.0,0.330012708902359
7638125056.0,0.3347463309764862
7639062528.0,0.3394717574119568
7640000000.0,0.34124794602394104
7640937472.0,0.3409178555011749
7641874944.0,0.33836349844932556
7642812416.0,0.33540433645248413
7643749888.0,0.3293897807598114
7644687360.0,0.32161960005760193
7645624832.0,0.3125261664390564
7646562304.0,0.3021964430809021
7647499776.0,0.2905685007572174
7648437248.0,0.27639031410217285
7649375232.0,0.2611410915851593
7650312704.0,0.2454444169998169
7651250176.0,0.2262776494026184
7652187648.0,0.20726223289966583
7653125120.0,0.18724046647548676
7654062592.0,0.16613182425498962
7655000064.0,0.1435503214597702
7655937536.0,0.11952004581689835
7656875008.0,0.09618506580591202
7657812480.0,0.07110762596130371
7658749952.0,0.04515849053859711
7659687424.0,0.01937490701675415
7660624896.0,-0.007108414079993963
7661562368.0,-0.03414947912096977
7662499840.0,-0.06015373766422272
7663437312.0,-0.08648057281970978
7664374784.0,-0.11281096190214157
7665312256.0,-0.1377105861902237
7666250240.0,-0.16234557330608368
7667187712.0,-0.18543390929698944
7668125184.0,-0.20747442543506622
7669062656.0,-0.22794686257839203
7670000128.0,-0.2469453513622284
7670937600.0,-0.2654392421245575
7671875072.0,-0.2819623053073883
7672812544.0,-0.29497918486595154
7673750016.0,-0.30634617805480957
7674687488.0,-0.31664684414863586
7675624960.0,-0.3231062889099121
7676562432.0,-0.3276233673095703
7677499904.0,-0.3302000164985657
7678437376.0,-0.32941633462905884
7679374848.0,-0.32652413845062256
7680312320.0,-0.3211272656917572
7681249792.0,-0.3134876787662506
7682187264.0,-0.30343538522720337
7683125248.0,-0.29097723960876465
7684062720.0,-0.26799076795578003
7685000192.0,-0.2591526210308075
7685937664.0,-0.2469741404056549
7686875136.0,-0.2338876724243164
7687812608.0,-0.21786734461784363
7688750080.0,-0.2029028832912445
7689687552.0,-0.1855495423078537
7690625024.0,-0.16719001531600952
7691562496.0,-0.14886902272701263
7692499968.0,-0.1290203332901001
7693437440.0,-0.10862382501363754
7694374912.0,-0.08836941421031952
7695312384.0,-0.06942734122276306
7696249856.0,-0.05194694548845291
7697187328.0,-0.0338842049241066
7698124800.0,-0.015243453904986382
7699062272.0,0.0011865964625030756
7699999744.0,0.018989477306604385
7700937728.0,0.03573038801550865
7701875200.0,0.050983965396881104
7702812672.0,0.06707105040550232
7703750144.0,0.0815853476524353
7704687616.0,0.0956721380352974
7705625088.0,0.10805188864469528
7706562560.0,0.12156613171100616
7707500032.0,0.13315944373607635
7708437504.0,0.14403536915779114
7709374976.0,0.15474329888820648
7710312448.0,0.16361896693706512
7711249920.0,0.1732487827539444
7712187392.0,0.18213482201099396
7713124864.0,0.1906544715166092
7714062336.0,0.19727641344070435
7714999808.0,0.20603974163532257
7715937280.0,0.2129206657409668
7716874752.0,0.21953809261322021
7717812736.0,0.2250971496105194
7718750208.0,0.23029999434947968
7719687680.0,0.2362138330936432
7720625152.0,0.23953835666179657
7721562624.0,0.24236705899238586
7722500096.0,0.24500954151153564
7723437568.0,0.2464420348405838
7724375040.0,0.2477337121963501
7725312512.0,0.24774613976478577
7726249984.0,0.2466450035572052
7727187456.0,0.24668745696544647
7728124928.0,0.24298126995563507
7729062400.0,0.2390390932559967
7729999872.0,0.23352226614952087
7730937344.0,0.22780178487300873
7731874816.0,0.22002194821834564
7732812288.0,0.21021033823490143
7733749760.0,0.1993945986032486
7734687744.0,0.1878296583890915
7735625216.0,0.17333705723285675
7736562688.0,0.15854938328266144
7737500160.0,0.141977921128273
7738437632.0,0.12408952414989471
7739375104.0,0.1053847223520279
7740312576.0,0.0843040943145752
7741250048.0,0.0630316510796547
7742187520.0,0.03844613581895828
7743124992.0,0.015422777272760868
7744062464.0,-0.02418583817780018
7744999936.0,-0.028940267860889435
7745937408.0,-0.03434604033827782
7746874880.0,-0.04040699452161789
7747812352.0,-0.047414228320121765
7748749824.0,-0.05693333223462105
7749687296.0,-0.06859907507896423
7750624768.0,-0.07996153831481934
7751562752.0,-0.09273652732372284
7752500224.0,-0.10746903717517853
7753437696.0,-0.1217920333147049
7754375168.0,-0.1395157426595688
7755312640.0,-0.15634417533874512
7756250112.0,-0.17355601489543915
7757187584.0,-0.19210977852344513
7758125056.0,-0.21059376001358032
7759062528.0,-0.23023539781570435
7760000000.0,-0.2490721493959427
7760937472.0,-0.2677189111709595
7761874944.0,-0.2860202491283417
7762812416.0,-0.3044286370277405
7763749888.0,-0.32259321212768555
7764687360.0,-0.3385137617588043
7765624832.0,-0.35475119948387146
7766562304.0,-0.3679077923297882
7767499776.0,-0.3809935450553894
7768437248.0,-0.3923509120941162
7769375232.0,-0.4012796878814697
7770312704.0,-0.40884774923324585
7771250176.0,-0.4155401289463043
7772187648.0,-0.4197613298892975
7773125120.0,-0.4212267994880676
7774062592.0,-0.4218004047870636
7775000064.0,-0.4188400208950043
7775937536.0,-0.41376182436943054
7776875008.0,-0.4071328938007355
7777812480.0,-0.398082971572876
7778749952.0,-0.3855552673339844
7779687424.0,-0.37158113718032837
7780624896.0,-0.35342609882354736
7781562368.0,-0.33496055006980896
7782499840.0,-0.31400778889656067
7783437312.0,-0.29122164845466614
7784374784.0,-0.265167772769928
7785312256.0,-0.23860886693000793
7786250240.0,-0.21022383868694305
7787187712.0,-0.1799226999282837
7788125184.0,-0.14926375448703766
7789062656.0,-0.11671983450651169
7790000128.0,-0.08394140750169754
7790937600.0,-0.05112038925290108
7791875072.0,-0.016693728044629097
7792812544.0,0.01642291434109211
7793750016.0,0.04998388513922691
7794687488.0,0.0835927352309227
7795624960.0,0.11622414737939835
7796562432.0,0.14840370416641235
7797499904.0,0.1779700368642807
7798437376.0,0.20900984108448029
7799374848.0,0.23567816615104675
7800312320.0,0.2612795829772949
7801249792.0,0.28551754355430603
7802187264.0,0.3066610097885132
7803125248.0,0.32489824295043945
7804062720.0,0.1549433469772339
7805000192.0,0.16696101427078247
7805937664.0,0.1772775501012802
7806875136.0,0.18687504529953003
7807812608.0,0.19362600147724152
7808750080.0,0.1983734667301178
7809687552.0,0.20156525075435638
7810625024.0,0.20251955091953278
7811562496.0,0.20169022679328918
7812499968.0,0.19845269620418549
7813437440.0,0.1930379569530487
7814374912.0,0.18470855057239532
7815312384.0,0.17355845868587494
7816249856.0,0.1614290028810501
7817187328.0,0.14702340960502625
7818124800.0,0.1299920380115509
7819062272.0,0.11139039695262909
7820000256.0,0.09059891104698181
7820937728.0,0.06721673160791397
7821875200.0,0.043948955833911896
7822812672.0,0.01989981345832348
7823750144.0,-0.003739564213901758
7824687616.0,-0.029838813468813896
7825625088.0,-0.05645489692687988
7826562560.0,-0.08599735796451569
7827500032.0,-0.11301029473543167
7828437504.0,-0.14209860563278198
7829374976.0,-0.1698378473520279
7830312448.0,-0.19883814454078674
7831249920.0,-0.22645866870880127
7832187392.0,-0.2535434067249298
7833124864.0,-0.2797749936580658
7834062336.0,-0.30591872334480286
7834999808.0,-0.3298673629760742
7835937280.0,-0.3533434271812439
7836874752.0,-0.37427154183387756
7837812736.0,-0.3948523700237274
7838750208.0,-0.4130996763706207
7839687680.0,-0.4287568926811218
7840625152.0,-0.4430430233478546
7841562624.0,-0.454534649848938
7842500096.0,-0.4652201235294342
7843437568.0,-0.4727848172187805
7844375040.0,-0.47865739464759827
7845312512.0,-0.48282134532928467
7846249984.0,-0.4843495786190033
7847187456.0,-0.4845244288444519
7848124928.0,-0.4780893921852112
7849062400.0,-0.47110581398010254
7849999872.0,-0.46253979206085205
7850937344.0,-0.45231807231903076
7851874816.0,-0.4413857161998749
7852812288.0,-0.4281408488750458
7853749760.0,-0.41374385356903076
7854687744.0,-0.4000427722930908
7855625216.0,-0.3828605115413666
7856562688.0,-0.36748242378234863
7857500160.0,-0.3509216904640198
7858437632.0,-0.33248263597488403
7859375104.0,-0.3145826458930969
7860312576.0,-0.2965593636035919
7861250048.0,-0.2782157361507416
7862187520.0,-0.2597592771053314
7863124992.0,-0.24001877009868622
7864062464.0,-0.22312118113040924
7864999936.0,-0.20385517179965973
7865937408.0,-0.18801356852054596
7866874880.0,-0.17037324607372284
7867812352.0,-0.15058250725269318
7868749824.0,-0.13288377225399017
7869687296.0,-0.11483575403690338
7870624768.0,-0.09771299362182617
7871562752.0,-0.07946810126304626
7872500224.0,-0.06264778971672058
7873437696.0,-0.045151062309741974
7874375168.0,-0.028642233461141586
7875312640.0,-0.013727210462093353
7876250112.0,0.0015685228863731027
7877187584.0,0.015061808750033379
7878125056.0,0.027331644669175148
7879062528.0,0.03772689029574394
7880000000.0,0.04599125683307648
7880937472.0,0.05271726846694946
7881874944.0,0.05705270916223526
7882812416.0,0.05931676924228668
7883749888.0,0.05819302424788475
7884687360.0,0.053804248571395874
7885624832.0,0.04750769957900047
7886562304.0,0.0392693355679512
7887499776.0,0.02768111601471901
7888437248.0,0.01300862431526184
7889375232.0,-0.0027355041820555925
7890312704.0,-0.022723162546753883
7891250176.0,-0.043983183801174164
7892187648.0,-0.06768487393856049
7893125120.0,-0.09170655161142349
7894062592.0,-0.11852724105119705
7895000064.0,-0.1444413810968399
7895937536.0,-0.17196397483348846
7896875008.0,-0.19925858080387115
7897812480.0,-0.2277432531118393
7898749952.0,-0.25655069947242737
7899687424.0,-0.2860013544559479
7900624896.0,-0.31517529487609863
7901562368.0,-0.3428405225276947
7902499840.0,-0.37028244137763977
7903437312.0,-0.397402286529541
7904374784.0,-0.4235933721065521
7905312256.0,-0.4477768838405609
7906250240.0,-0.4706793427467346
7907187712.0,-0.4934197962284088
7908125184.0,-0.5138521790504456
7909062656.0,-0.5346290469169617
7910000128.0,-0.5550190806388855
7910937600.0,-0.5735399723052979
7911875072.0,-0.5915331244468689
7912812544.0,-0.6103864908218384
7913750016.0,-0.6270841956138611
7914687488.0,-0.6461119651794434
7915624960.0,-0.6643399596214294
7916562432.0,-0.682158887386322
7917499904.0,-0.7016709446907043
7918437376.0,-0.7203451991081238
7919374848.0,-0.7404941916465759
7920312320.0,-0.7609956860542297
7921249792.0,-0.7817474603652954
7922187264.0,-0.8030118346214294
7923125248.0,-0.8248721957206726
7924062720.0,-0.865382969379425
7925000192.0,-0.8701419234275818
7925937664.0,-0.8753958344459534
7926875136.0,-0.8793231844902039
7927812608.0,-0.8833205103874207
7928750080.0,-0.8865883350372314
7929687552.0,-0.8905025720596313
7930625024.0,-0.8924180865287781
7931562496.0,-0.8961267471313477
7932499968.0,-0.8968318700790405
7933437440.0,-0.8982991576194763
7934374912.0,-0.899354875087738
7935312384.0,-0.897328794002533
7936249856.0,-0.8966957330703735
7937187328.0,-0.8948165774345398
7938124800.0,-0.8915387988090515
7939062272.0,-0.8868562579154968
7939999744.0,-0.8814547061920166
7940937728.0,-0.87450110912323
7941875200.0,-0.8658420443534851
7942812672.0,-0.8556259274482727
7943750144.0,-0.8436486124992371
7944687616.0,-0.8293983936309814
7945625088.0,-0.8148020505905151
7946562560.0,-0.7975996732711792
7947500032.0,-0.7781268358230591
7948437504.0,-0.7589613795280457
7949374976.0,-0.73710036277771
7950312448.0,-0.7154300808906555
7951249920.0,-0.6925504207611084
7952187392.0,-0.6690047979354858
7953124864.0,-0.6426959037780762
7954062336.0,-0.6170555949211121
7954999808.0,-0.59004807472229
7955937280.0,-0.5629415512084961
7956874752.0,-0.5344189405441284
7957812736.0,-0.5054638385772705
7958750208.0,-0.47683635354042053
7959687680.0,-0.4474003314971924
7960625152.0,-0.41861680150032043
7961562624.0,-0.3899213671684265
7962500096.0,-0.3619436025619507
7963437568.0,-0.3362216055393219
7964375040.0,-0.30916619300842285
7965312512.0,-0.28311172127723694
7966249984.0,-0.2588421702384949
7967187456.0,-0.23493702709674835
7968124928.0,-0.21495939791202545
7969062400.0,-0.19447140395641327
7969999872.0,-0.17523038387298584
7970937344.0,-0.1589653491973877
7971874816.0,-0.1439206600189209
7972812288.0,-0.12953469157218933
7973749760.0,-0.11806446313858032
7974687744.0,-0.10834318399429321
7975625216.0,-0.103042371571064
7976562688.0,-0.0980539321899414
7977500160.0,-0.09617599099874496
7978437632.0,-0.09575376659631729
7979375104.0,-0.09756521135568619
7980312576.0,-0.1000606119632721
7981250048.0,-0.10477732121944427
7982187520.0,-0.1112479567527771
7983124992.0,-0.11964184045791626
7984062464.0,-0.24150873720645905
7984999936.0,-0.24296945333480835
7985937408.0,-0.24655528366565704
7986874880.0,-0.2496573030948639
7987812352.0,-0.2537423074245453
7988749824.0,-0.2593937814235687
7989687296.0,-0.26466089487075806
7990624768.0,-0.27148300409317017
7991562752.0,-0.27801769971847534
7992500224.0,-0.28616589307785034
7993437696.0,-0.29480624198913574
7994375168.0,-0.30265259742736816
7995312640.0,-0.31260600686073303
7996250112.0,-0.32231342792510986
7997187584.0,-0.3326430320739746
7998125056.0,-0.343011736869812
7999062528.0,-0.35440343618392944
8000000000.0,-0.36238279938697815
