Frequency (Hz),Measurement
2000000000.0,0.18790259957313538
2000937472.0,0.18028107285499573
2001874944.0,0.171518012881279
2002812544.0,0.162410706281662
2003750016.0,0.1527634859085083
2004687488.0,0.14178311824798584
2005624960.0,0.1313134878873825
2006562560.0,0.11995133012533188
2007500032.0,0.10671640187501907
2008437504.0,0.09412089735269547
2009374976.0,0.08070783317089081
2010312448.0,0.06638069450855255
2011250048.0,0.05323534086346626
2012187520.0,0.03890374302864075
2013124992.0,0.02439463883638382
2014062464.0,0.009745325893163681
2015000064.0,-0.004940507933497429
2015937536.0,-0.01872970163822174
2016875008.0,-0.032045260071754456
2017812480.0,-0.04486236348748207
2018749952.0,-0.05734069645404816
2019687552.0,-0.06950558722019196
2020625024.0,-0.08008476346731186
2021562496.0,-0.08968452364206314
2022499968.0,-0.09809385240077972
2023437440.0,-0.10516977310180664
2024375040.0,-0.11084739118814468
2025312512.0,-0.11552959680557251
2026249984.0,-0.11770937591791153
2027187456.0,-0.11977160722017288
2028125056.0,-0.11916559934616089
2029062528.0,-0.11682777851819992
2030000000.0,-0.11440793424844742
2030937472.0,-0.1082412526011467
2031874944.0,-0.10257888585329056
2032812544.0,-0.09492814540863037
2033750016.0,-0.08575628697872162
2034687488.0,-0.07573779672384262
2035624960.0,-0.06470771878957748
2036562560.0,-0.052258022129535675
2037500032.0,-0.03954826667904854
2038437504.0,-0.025702815502882004
2039374976.0,-0.011641424149274826
2040312448.0,0.00221340567804873
2041250048.0,0.016023222357034683
2042187520.0,0.030624065548181534
2043124992.0,0.04487597197294235
2044062464.0,0.05774533003568649
2044999936.0,0.07140711694955826
2045937536.0,0.08309750258922577
2046875008.0,0.0950361043214798
2047812480.0,0.10459847748279572
2048749952.0,0.10280907154083252
2049687552.0,0.11165601015090942
2050625024.0,0.11920532584190369
2051562496.0,0.1245192363858223
2052499968.0,0.1281808763742447
2053437440.0,0.13007031381130219
2054375040.0,0.1296224445104599
2055312512.0,0.12765493988990784
2056249984.0,0.1245930939912796
2057187456.0,0.11767728626728058
2058125056.0,0.10973355919122696
2059062528.0,0.09923068434000015
2060000000.0,0.0877240002155304
2060937472.0,0.07436557114124298
2061874944.0,0.05837492644786835
2062812544.0,0.04344978183507919
2063750016.0,0.02653057686984539
2064687488.0,0.009581340476870537
2065624960.0,-0.00815486814826727
2066562560.0,-0.02594078704714775
2067500032.0,-0.04312534257769585
2068437504.0,-0.059493761509656906
2069374976.0,-0.0747518241405487
2070312448.0,-0.08888410031795502
2071250048.0,-0.10119408369064331
2072187520.0,-0.1129346638917923
2073124992.0,-0.12231431901454926
2074062464.0,-0.1303308606147766
2075000064.0,-0.13549701869487762
2075937536.0,-0.1391555368900299
2076875008.0,-0.1408417969942093
2077812480.0,-0.14025424420833588
2078749952.0,-0.13787806034088135
2079687552.0,-0.1333419531583786
2080625024.0,-0.127324640750885
2081562496.0,-0.11952455341815948
2082499968.0,-0.11072106659412384
2083437440.0,-0.10043328255414963
2084375040.0,-0.08897265046834946
2085312512.0,-0.07788342237472534
2086249984.0,-0.06515555828809738
2087187456.0,-0.052943043410778046
2088125056.0,-0.040446687489748
2089062528.0,-0.02823897823691368
2090000000.0,-0.016836056485772133
2090937472.0,-0.005483993329107761
2091874944.0,0.004616774618625641
2092812544.0,0.014647095464169979
2093750016.0,0.02364390343427658
2094687488.0,0.03184286132454872
2095624960.0,0.038716163486242294
2096562560.0,0.0449078194797039
2097500032.0,0.05056309327483177
2098437504.0,0.0556507483124733
2099374976.0,0.06106644496321678
2100312448.0,0.06523159891366959
2101250048.0,0.06947880238294601
2102187520.0,0.07385103404521942
2103124992.0,0.07778899371623993
2104062464.0,0.08252868801355362
2104999936.0,0.08633841574192047
2105937536.0,0.09171741455793381
2106875008.0,0.09662242233753204
2107812480.0,0.10063502937555313
2108749952.0,0.13126491010189056
2109687552.0,0.137182354927063
2110625024.0,0.1430884152650833
2111562496.0,0.14739574491977692
2112499968.0,0.1514570116996765
2113437440.0,0.15402795374393463
2114375040.0,0.15655215084552765
2115312512.0,0.15727008879184723
2116249984.0,0.15662473440170288
2117187456.0,0.15478667616844177
2118125056.0,0.15152651071548462
2119062528.0,0.14732304215431213
2120000000.0,0.14158998429775238
2120937472.0,0.13505473732948303
2121874944.0,0.12552838027477264
2122812544.0,0.11612115055322647
2123750016.0,0.1057889387011528
2124687488.0,0.09504752606153488
2125624960.0,0.08251254260540009
2126562560.0,0.06954711675643921
2127500032.0,0.05729825422167778
2128437504.0,0.04337918385863304
2129374976.0,0.029915761202573776
2130312448.0,0.01707940734922886
2131250048.0,0.004261151887476444
2132187520.0,-0.008675525896251202
2133124992.0,-0.02076544426381588
2134062464.0,-0.031974080950021744
2135000064.0,-0.042378269135951996
2135937536.0,-0.051182810217142105
2136875008.0,-0.05840481072664261
2137812480.0,-0.06569573283195496
2138749952.0,-0.07134830206632614
2139687552.0,-0.07493595033884048
2140625024.0,-0.07708367705345154
2141562496.0,-0.07850804924964905
2142499968.0,-0.07802698016166687
2143437440.0,-0.07562179118394852
2144375040.0,-0.07301684468984604
2145312512.0,-0.06939009577035904
2146249984.0,-0.06433755904436111
2147187456.0,-0.05751485377550125
2148124928.0,-0.05029898136854172
2149062400.0,-0.043046735227108
2150000128.0,-0.03434636816382408
2150937600.0,-0.024747023358941078
2151875072.0,-0.016421403735876083
2152812544.0,-0.007018697913736105
2153750016.0,0.0015492604579776525
2154687488.0,0.011439702473580837
2155624960.0,0.02071664296090603
2156562432.0,0.029073743149638176
2157499904.0,0.037064239382743835
2158437376.0,0.04443757236003876
2159375104.0,0.050632543861866
2160312576.0,0.05703255906701088
2161250048.0,0.06241944804787636
2162187520.0,0.06770508736371994
2163124992.0,0.07166370004415512
2164062464.0,0.07406119257211685
2164999936.0,0.07669663429260254
2165937408.0,0.07876534014940262
2166874880.0,0.08017582446336746
2167812608.0,0.08208931237459183
2168750080.0,0.153678759932518
2169687552.0,0.15529514849185944
2170625024.0,0.15495248138904572
2171562496.0,0.1524478942155838
2172499968.0,0.1477450430393219
2173437440.0,0.14342570304870605
2174374912.0,0.13597044348716736
2175312384.0,0.128244549036026
2176250112.0,0.11905112117528915
2177187584.0,0.10859113931655884
2178125056.0,0.09675629436969757
2179062528.0,0.08523052930831909
2180000000.0,0.07186584919691086
2180937472.0,0.05831126123666763
2181874944.0,0.044582549482584
2182812416.0,0.03103645332157612
2183749888.0,0.017521295696496964
2184687616.0,0.003764254506677389
2185625088.0,-0.00946340337395668
2186562560.0,-0.021580686792731285
2187500032.0,-0.03433549031615257
2188437504.0,-0.04641067236661911
2189374976.0,-0.05780888721346855
2190312448.0,-0.06850719451904297
2191249920.0,-0.077230304479599
2192187392.0,-0.08641929179430008
2193125120.0,-0.09429265558719635
2194062592.0,-0.1020556315779686
2195000064.0,-0.10679580271244049
2195937536.0,-0.11206438392400742
2196875008.0,-0.1163191944360733
2197812480.0,-0.11999701708555222
2198749952.0,-0.12260608375072479
2199687424.0,-0.12284322082996368
2200624896.0,-0.12318781763315201
2201562624.0,-0.12296552956104279
2202500096.0,-0.12147384881973267
2203437568.0,-0.11890859156847
2204375040.0,-0.11709919571876526
2205312512.0,-0.11381067335605621
2206249984.0,-0.11106374114751816
2207187456.0,-0.10770121216773987
2208124928.0,-0.10370508581399918
2209062400.0,-0.09826598316431046
2209999872.0,-0.09324438124895096
2210937600.0,-0.0881410464644432
2211875072.0,-0.08057523518800735
2212812544.0,-0.07403149455785751
2213750016.0,-0.06688296794891357
2214687488.0,-0.05964146926999092
2215624960.0,-0.0521681010723114
2216562432.0,-0.04313069209456444
2217499904.0,-0.03484460711479187
2218437376.0,-0.026446936652064323
2219375104.0,-0.017498981207609177
2220312576.0,-0.007885806262493134
2221250048.0,0.001809679321013391
2222187520.0,0.011290750466287136
2223124992.0,0.02175273932516575
2224062464.0,0.031946055591106415
2224999936.0,0.04157310724258423
2225937408.0,0.05069662258028984
2226874880.0,0.061127908527851105
2227812608.0,0.07112443447113037
2228750080.0,0.07749722898006439
2229687552.0,0.08604253083467484
2230625024.0,0.09430894255638123
2231562496.0,0.10198026150465012
2232499968.0,0.1085614338517189
2233437440.0,0.11485421657562256
2234374912.0,0.11924100667238235
2235312384.0,0.12243516743183136
2236250112.0,0.1232735887169838
2237187584.0,0.12237086892127991
2238125056.0,0.1210741177201271
2239062528.0,0.11690355092287064
2240000000.0,0.11140191555023193
2240937472.0,0.1056964173913002
2241874944.0,0.0973033532500267
2242812416.0,0.08826354146003723
2243749888.0,0.07757571339607239
2244687616.0,0.06614677608013153
2245625088.0,0.05363040417432785
2246562560.0,0.03983306512236595
2247500032.0,0.02554664947092533
2248437504.0,0.010218354873359203
2249374976.0,-0.0050012762658298016
2250312448.0,-0.022884292528033257
2251249920.0,-0.040173545479774475
2252187392.0,-0.058259326964616776
2253125120.0,-0.07635735720396042
2254062592.0,-0.09476548433303833
2255000064.0,-0.11430210620164871
2255937536.0,-0.13345074653625488
2256875008.0,-0.15409992635250092
2257812480.0,-0.17438101768493652
2258749952.0,-0.19350506365299225
2259687424.0,-0.21259582042694092
2260624896.0,-0.23116789758205414
2261562624.0,-0.2493044137954712
2262500096.0,-0.2670179009437561
2263437568.0,-0.28421851992607117
2264375040.0,-0.2999873459339142
2265312512.0,-0.3144242465496063
2266249984.0,-0.32743480801582336
2267187456.0,-0.34051474928855896
2268124928.0,-0.3498746156692505
2269062400.0,-0.35920923948287964
2270000128.0,-0.36683303117752075
2270937600.0,-0.3728705942630768
2271875072.0,-0.37721359729766846
2272812544.0,-0.38014721870422363
2273750016.0,-0.38171419501304626
2274687488.0,-0.38029658794403076
2275624960.0,-0.3791083097457886
2276562432.0,-0.37573105096817017
2277499904.0,-0.3715609312057495
2278437376.0,-0.36594194173812866
2279375104.0,-0.35817423462867737
2280312576.0,-0.3510051965713501
2281250048.0,-0.34195080399513245
2282187520.0,-0.3326537311077118
2283124992.0,-0.3224904239177704
2284062464.0,-0.3115752935409546
2284999936.0,-0.3008759319782257
2285937408.0,-0.2904897630214691
2286874880.0,-0.2793644368648529
2287812608.0,-0.26988643407821655
2288750080.0,-0.28397271037101746
2289687552.0,-0.287295401096344
2290625024.0,-0.2903355658054352
2291562496.0,-0.29311689734458923
2292499968.0,-0.2964635491371155
2293437440.0,-0.29926663637161255
2294374912.0,-0.30428165197372437
2295312384.0,-0.30876830220222473
2296250112.0,-0.3147589862346649
2297187584.0,-0.32211557030677795
2298125056.0,-0.3307715058326721
2299062528.0,-0.3414818346500397
2300000000.0,-0.3538782298564911
2300937472.0,-0.3675827980041504
2301874944.0,-0.38384073972702026
2302812416.0,-0.4008600413799286
2303749888.0,-0.4213898777961731
2304687616.0,-0.4437693953514099
2305625088.0,-0.46816524863243103
2306562560.0,-0.4951411485671997
2307500032.0,-0.5265511274337769
2308437504.0,-0.5595402717590332
2309374976.0,-0.5917209982872009
2310312448.0,-0.6188706159591675
2311249920.0,-0.6464458703994751
2312187392.0,-0.6760311126708984
2313125120.0,-0.7075793743133545
2314062592.0,-0.7387272715568542
2315000064.0,-0.7710869908332825
2315937536.0,-0.805894136428833
2316875008.0,-0.8404760360717773
2317812480.0,-0.8753219842910767
2318749952.0,-0.9106452465057373
2319687424.0,-0.9448171257972717
2320624896.0,-0.9792841672897339
2321562624.0,-1.0124025344848633
2322500096.0,-1.0448020696640015
2323437568.0,-1.0751932859420776
2324375040.0,-1.1044023036956787
2325312512.0,-1.1310479640960693
2326249984.0,-1.156341791152954
2327187456.0,-1.178360104560852
2328124928.0,-1.1974728107452393
2329062400.0,-1.2162668704986572
2329999872.0,-1.230136752128601
2330937600.0,-1.2428854703903198
2331875072.0,-1.2529151439666748
2332812544.0,-1.2613201141357422
2333750016.0,-1.2652949094772339
2334687488.0,-1.2677847146987915
2335624960.0,-1.2676318883895874
2336562432.0,-1.2653921842575073
2337499904.0,-1.260575532913208
2338437376.0,-1.2540661096572876
2339375104.0,-1.2455635070800781
2340312576.0,-1.235331416130066
2341250048.0,-1.224768042564392
2342187520.0,-1.2117488384246826
2343124992.0,-1.1974544525146484
2344062464.0,-1.1820087432861328
2344999936.0,-1.1664483547210693
2345937408.0,-1.1503214836120605
2346874880.0,-1.134896993637085
2347812608.0,-1.1193493604660034
2348750080.0,-1.0896220207214355
2349687552.0,-1.0785378217697144
2350625024.0,-1.0684576034545898
2351562496.0,-1.0585830211639404
2352499968.0,-1.0476001501083374
2353437440.0,-1.0380330085754395
2354374912.0,-1.0288752317428589
2355312384.0,-1.0205957889556885
2356250112.0,-1.0139975547790527
2357187584.0,-1.0072252750396729
2358125056.0,-1.0030604600906372
2359062528.0,-1.0000404119491577
2360000000.0,-0.9982854127883911
2360937472.0,-0.9978616833686829
2361874944.0,-0.9991940855979919
2362812416.0,-1.0014021396636963
2363749888.0,-1.0050486326217651
2364687616.0,-1.009920597076416
2365625088.0,-1.0163649320602417
2366562560.0,-1.0245591402053833
2367500032.0,-1.0339680910110474
2368437504.0,-1.0437501668930054
2369374976.0,-1.0533506870269775
2370312448.0,-1.0634859800338745
2371249920.0,-1.0734131336212158
2372187392.0,-1.0830955505371094
2373125120.0,-1.0902175903320312
2374062592.0,-1.0958398580551147
2375000064.0,-1.0994622707366943
2375937536.0,-1.1002236604690552
2376875008.0,-1.0991848707199097
2377812480.0,-1.093200445175171
2378749952.0,-1.085785984992981
2379687424.0,-1.075299859046936
2380624896.0,-1.0607614517211914
2381562624.0,-1.0432815551757812
2382500096.0,-1.0212401151657104
2383437568.0,-0.9975891709327698
2384375040.0,-0.9709387421607971
2385312512.0,-0.9412750005722046
2386249984.0,-0.9106932282447815
2387187456.0,-0.8769969940185547
2388124928.0,-0.8431965112686157
2389062400.0,-0.8084107637405396
2390000128.0,-0.7727323174476624
2390937600.0,-0.7360667586326599
2391875072.0,-0.7004240155220032
2392812544.0,-0.6648005843162537
2393750016.0,-0.6302708387374878
2394687488.0,-0.5963234901428223
2395624960.0,-0.5626307129859924
2396562432.0,-0.5300304293632507
2397499904.0,-0.49925607442855835
2398437376.0,-0.46914854645729065
2399375104.0,-0.44001850485801697
2400312576.0,-0.4121567904949188
2401250048.0,-0.3836663067340851
2402187520.0,-0.3568938374519348
2403124992.0,-0.33180367946624756
2404062464.0,-0.3058331310749054
2404999936.0,-0.28140637278556824
2405937408.0,-0.2568962275981903
2406874880.0,-0.23328299820423126
2407812608.0,-0.21116985380649567
2408750080.0,-0.13809899985790253
2409687552.0,-0.11552756279706955
2410625024.0,-0.0942593589425087
2411562496.0,-0.07543971389532089
2412499968.0,-0.056466035544872284
2413437440.0,-0.04113521799445152
2414374912.0,-0.027595020830631256
2415312384.0,-0.01715618185698986
2416250112.0,-0.009232995100319386
2417187584.0,-0.00431909179314971
2418125056.0,-0.002736901631578803
2419062528.0,-0.00484053697437048
2420000000.0,-0.010397796519100666
2420937472.0,-0.018619200214743614
2421874944.0,-0.02905752696096897
2422812416.0,-0.042823195457458496
2423749888.0,-0.0617101714015007
2424687616.0,-0.08203715831041336
2425625088.0,-0.10462933778762817
2426562560.0,-0.12988461554050446
2427500032.0,-0.15676641464233398
2428437504.0,-0.18480199575424194
2429374976.0,-0.21429388225078583
2430312448.0,-0.24405129253864288
2431249920.0,-0.2731991410255432
2432187392.0,-0.3034343421459198
2433125120.0,-0.33166131377220154
2434062592.0,-0.3579392433166504
2435000064.0,-0.38298264145851135
2435937536.0,-0.4051319360733032
2436875008.0,-0.4243091642856598
2437812480.0,-0.4406540095806122
2438749952.0,-0.45462220907211304
2439687424.0,-0.4644680917263031
2440624896.0,-0.4714134633541107
2441562624.0,-0.47401487827301025
2442500096.0,-0.4727265238761902
2443437568.0,-0.46842753887176514
2444375040.0,-0.4601796567440033
2445312512.0,-0.4478307366371155
2446249984.0,-0.4326167702674866
2447187456.0,-0.41465890407562256
2448124928.0,-0.39366376399993896
2449062400.0,-0.3692864775657654
2449999872.0,-0.3435050845146179
2450937600.0,-0.3158324956893921
2451875072.0,-0.28657233715057373
2452812544.0,-0.25477513670921326
2453750016.0,-0.2225264012813568
2454687488.0,-0.18949931859970093
2455624960.0,-0.1566287726163864
2456562432.0,-0.12340962141752243
2457499904.0,-0.08993003517389297
2458437376.0,-0.057010285556316376
2459375104.0,-0.024452699348330498
2460312576.0,0.006800363771617413
2461250048.0,0.03664509207010269
2462187520.0,0.06577184796333313
2463124992.0,0.0942791998386383
2464062464.0,0.1214045062661171
2464999936.0,0.14734426140785217
2465937408.0,0.17084485292434692
2466874880.0,0.1942318230867386
2467812608.0,0.21477501094341278
2468750080.0,0.12646183371543884
2469687552.0,0.14027643203735352
2470625024.0,0.15663635730743408
2471562496.0,0.16913056373596191
2472499968.0,0.18087297677993774
2473437440.0,0.19036604464054108
2474374912.0,0.19809021055698395
2475312384.0,0.20384012162685394
2476250112.0,0.20734748244285583
2477187584.0,0.20876452326774597
2478125056.0,0.20855240523815155
2479062528.0,0.20706215500831604
2480000000.0,0.20369739830493927
2480937472.0,0.19741946458816528
2481874944.0,0.1890135258436203
2482812416.0,0.18027500808238983
2483749888.0,0.16801407933235168
2484687616.0,0.1546132117509842
2485625088.0,0.1404833197593689
2486562560.0,0.12336337566375732
2487500032.0,0.10537640750408173
2488437504.0,0.08716431260108948
2489374976.0,0.0681801363825798
2490312448.0,0.04756011813879013
2491249920.0,0.02730962261557579
2492187392.0,0.006231663748621941
2493125120.0,-0.015090438537299633
2494062592.0,-0.036221329122781754
2495000064.0,-0.056295689195394516
2495937536.0,-0.07716376334428787
2496875008.0,-0.09590289741754532
2497812480.0,-0.1135660707950592
2498749952.0,-0.13128088414669037
2499687424.0,-0.14558961987495422
2500624896.0,-0.15841403603553772
2501562624.0,-0.1712942272424698
2502500096.0,-0.180780827999115
2503437568.0,-0.18943490087985992
2504375040.0,-0.19534876942634583
2505312512.0,-0.20025241374969482
2506249984.0,-0.20180737972259521
2507187456.0,-0.20266523957252502
2508124928.0,-0.19963130354881287
2509062400.0,-0.1966666281223297
2510000128.0,-0.19061630964279175
2510937600.0,-0.18340091407299042
2511875072.0,-0.17488159239292145
2512812544.0,-0.16326941549777985
2513750016.0,-0.1507175862789154
2514687488.0,-0.1367260366678238
2515624960.0,-0.1204478070139885
2516562432.0,-0.10514137148857117
2517499904.0,-0.0872919037938118
2518437376.0,-0.06873375177383423
2519375104.0,-0.05002298206090927
2520312576.0,-0.031209345906972885
2521250048.0,-0.01163033302873373
2522187520.0,0.007528867572546005
2523124992.0,0.027036352083086967
2524062464.0,0.04526777192950249
2524999936.0,0.06349605321884155
2525937408.0,0.08096881955862045
2526874880.0,0.098176009953022
2527812608.0,0.11394451558589935
2528750080.0,0.16672898828983307
2529687552.0,0.17283055186271667
2530625024.0,0.17852306365966797
2531562496.0,0.18112027645111084
2532499968.0,0.18559589982032776
2533437440.0,0.18737512826919556
2534374912.0,0.18871274590492249
2535312384.0,0.18944548070430756
2536250112.0,0.1893368661403656
2537187584.0,0.18760555982589722
2538125056.0,0.18478606641292572
2539062528.0,0.18230825662612915
2540000000.0,0.17739005386829376
2540937472.0,0.17071937024593353
2541874944.0,0.16513857245445251
2542812416.0,0.156864196062088
2543749888.0,0.1475275456905365
2544687616.0,0.13746407628059387
2545625088.0,0.12615200877189636
2546562560.0,0.11426326632499695
2547500032.0,0.10172264277935028
2548437504.0,0.08740738034248352
2549374976.0,0.07347019761800766
2550312448.0,0.05731701850891113
2551249920.0,0.0416254848241806
2552187392.0,0.02566148154437542
2553125120.0,0.009989631362259388
2554062592.0,-0.006309280171990395
2555000064.0,-0.022786669433116913
2555937536.0,-0.03719955310225487
2556875008.0,-0.05382424220442772
2557812480.0,-0.068832166492939
2558749952.0,-0.08170350641012192
2559687424.0,-0.09485841542482376
2560624896.0,-0.10668505728244781
2561562624.0,-0.11714798957109451
2562500096.0,-0.12543979287147522
2563437568.0,-0.13231517374515533
2564375040.0,-0.1372607946395874
2565312512.0,-0.1411268264055252
2566249984.0,-0.14222005009651184
2567187456.0,-0.1417958289384842
2568124928.0,-0.13953831791877747
2569062400.0,-0.13463468849658966
2569999872.0,-0.1292986422777176
2570937600.0,-0.12116816639900208
2571875072.0,-0.1110258623957634
2572812544.0,-0.09933330118656158
2573750016.0,-0.0854959562420845
2574687488.0,-0.07073554396629333
2575624960.0,-0.054310981184244156
2576562432.0,-0.036676667630672455
2577499904.0,-0.01901591382920742
2578437376.0,-0.000170304614584893
2579375104.0,0.019365759566426277
2580312576.0,0.03935372829437256
2581250048.0,0.05997638776898384
2582187520.0,0.07996901124715805
2583124992.0,0.09956198930740356
2584062464.0,0.1181984692811966
2584999936.0,0.13622663915157318
2585937408.0,0.1527467519044876
2586874880.0,0.1684502214193344
2587812608.0,0.18172167241573334
2588750080.0,0.20642174780368805
2589687552.0,0.21425007283687592
2590625024.0,0.21891945600509644
2591562496.0,0.2222469449043274
2592499968.0,0.2244652360677719
2593437440.0,0.2225932776927948
2594374912.0,0.21933478116989136
2595312384.0,0.21372954547405243
2596250112.0,0.20610474050045013
2597187584.0,0.19628602266311646
2598125056.0,0.18501442670822144
2599062528.0,0.17225348949432373
2600000000.0,0.15829716622829437
2600937472.0,0.14281757175922394
2601874944.0,0.12723268568515778
2602812416.0,0.11099689453840256
2603749888.0,0.09251715987920761
2604687616.0,0.07608059048652649
2605625088.0,0.05916035175323486
2606562560.0,0.04301624000072479
2607500032.0,0.02613445371389389
2608437504.0,0.009466453455388546
2609374976.0,-0.00443169055506587
2610312448.0,-0.019183408468961716
2611249920.0,-0.032495297491550446
2612187392.0,-0.044092848896980286
2613125120.0,-0.05565148964524269
2614062592.0,-0.06546411663293839
2615000064.0,-0.07437829673290253
2615937536.0,-0.08036421984434128
2616875008.0,-0.08795136213302612
2617812480.0,-0.09304530173540115
2618749952.0,-0.09680933505296707
2619687424.0,-0.09974254667758942
2620624896.0,-0.1012118011713028
2621562624.0,-0.10282903909683228
2622500096.0,-0.10212522745132446
2623437568.0,-0.1008472740650177
2624375040.0,-0.09948737174272537
2625312512.0,-0.09753955155611038
2626249984.0,-0.09365053474903107
2627187456.0,-0.08974801748991013
2628124928.0,-0.08454353362321854
2629062400.0,-0.07972497493028641
2630000128.0,-0.07460067421197891
2630937600.0,-0.06764659285545349
2631875072.0,-0.060365743935108185
2632812544.0,-0.053010374307632446
2633750016.0,-0.04487183690071106
2634687488.0,-0.0354800708591938
2635624960.0,-0.025684742256999016
2636562432.0,-0.01558586023747921
2637499904.0,-0.004444173537194729
2638437376.0,0.00781625509262085
2639375104.0,0.02001342549920082
2640312576.0,0.03418894112110138
2641250048.0,0.04870150238275528
2642187520.0,0.06255408376455307
2643124992.0,0.07822670042514801
2644062464.0,0.09459204971790314
2644999936.0,0.11096873134374619
2645937408.0,0.12807025015354156
2646874880.0,0.14503857493400574
2647812608.0,0.22041918337345123
2648750080.0,0.23080605268478394
2649687552.0,0.24029576778411865
2650625024.0,0.2485741525888443
2651562496.0,0.25252944231033325
2652499968.0,0.25683027505874634
2653437440.0,0.2569272220134735
2654374912.0,0.25381582975387573
2655312384.0,0.24878109991550446
2656250112.0,0.24125441908836365
2657187584.0,0.20279432833194733
2658125056.0,0.18600057065486908
2659062528.0,0.16659463942050934
2660000000.0,0.14356721937656403
2660937472.0,0.11981049180030823
2661874944.0,0.09268459677696228
2662812416.0,0.06505782157182693
2663749888.0,0.0359724797308445
2664687616.0,0.0070093306712806225
2665625088.0,-0.022876737639307976
2666562560.0,-0.05292540043592453
2667500032.0,-0.08176072686910629
2668437504.0,-0.10849898308515549
2669374976.0,-0.13512709736824036
2670312448.0,-0.16062889993190765
2671249920.0,-0.1818167120218277
2672187392.0,-0.20158833265304565
2673125120.0,-0.21852566301822662
2674062592.0,-0.2326677292585373
2675000064.0,-0.24376742541790009
2675937536.0,-0.2520811855792999
2676875008.0,-0.25636833906173706
2677812480.0,-0.2593771815299988
2678749952.0,-0.2592025101184845
2679687424.0,-0.2553790807723999
2680624896.0,-0.24938388168811798
2681562624.0,-0.2405102401971817
2682500096.0,-0.22883915901184082
2683437568.0,-0.21677729487419128
2684375040.0,-0.20102949440479279
2685312512.0,-0.18598692119121552
2686249984.0,-0.16755136847496033
2687187456.0,-0.14866945147514343
2688124928.0,-0.13013839721679688
2689062400.0,-0.10922975093126297
2689999872.0,-0.08925540000200272
2690937600.0,-0.06873930245637894
2691875072.0,-0.048650339245796204
2692812544.0,-0.02831392176449299
2693750016.0,-0.008520014584064484
2694687488.0,0.01044999435544014
2695624960.0,0.02944902889430523
2696562432.0,0.04792661592364311
2697499904.0,0.06690599769353867
2698437376.0,0.08474184572696686
2699375104.0,0.10184769332408905
2700312576.0,0.11955352127552032
2701250048.0,0.13546119630336761
2702187520.0,0.15170741081237793
2703124992.0,0.16755998134613037
2704062464.0,0.18289248645305634
2704999936.0,0.19753167033195496
2705937408.0,0.21087674796581268
2706874880.0,0.22441621124744415
2707812608.0,0.19620753824710846
2708750080.0,0.20242902636528015
2709687552.0,0.2074292153120041
2710625024.0,0.21201010048389435
2711562496.0,0.21524624526500702
2712499968.0,0.21670201420783997
2713437440.0,0.21720372140407562
2714374912.0,0.21576789021492004
2715312384.0,0.21232935786247253
2716250112.0,0.20786578953266144
2717187584.0,0.20157577097415924
2718125056.0,0.1948574185371399
2719062528.0,0.18459327518939972
2720000000.0,0.17577405273914337
2720937472.0,0.16468499600887299
2721874944.0,0.1515781134366989
2722812416.0,0.13672128319740295
2723749888.0,0.1218024492263794
2724687616.0,0.10517818480730057
2725625088.0,0.08792264759540558
2726562560.0,0.07072460651397705
2727500032.0,0.052560701966285706
2728437504.0,0.03379588574171066
2729374976.0,0.014863927848637104
2730312448.0,-0.004219652619212866
2731249920.0,-0.023724272847175598
2732187392.0,-0.04197947680950165
2733125120.0,-0.060713864862918854
2734062592.0,-0.07804780453443527
2735000064.0,-0.09577944874763489
2735937536.0,-0.11165562272071838
2736875008.0,-0.1263066530227661
2737812480.0,-0.1397283971309662
2738749952.0,-0.1517164558172226
2739687424.0,-0.16303899884223938
2740624896.0,-0.17238406836986542
2741562624.0,-0.18008063733577728
2742500096.0,-0.18572859466075897
2743437568.0,-0.19013306498527527
2744375040.0,-0.19229921698570251
2745312512.0,-0.19339969754219055
2746249984.0,-0.19154001772403717
2747187456.0,-0.1887405961751938
2748124928.0,-0.18406841158866882
2749062400.0,-0.17700882256031036
2750000128.0,-0.16890953481197357
2750937600.0,-0.15909762680530548
2751875072.0,-0.14741116762161255
2752812544.0,-0.13470840454101562
2753750016.0,-0.12014482170343399
2754687488.0,-0.10449087619781494
2755624960.0,-0.08709666877985
2756562432.0,-0.06963351368904114
2757499904.0,-0.05165332928299904
2758437376.0,-0.0331619568169117
2759375104.0,-0.01389293372631073
2760312576.0,0.005009608808904886
2761250048.0,0.024047696962952614
2762187520.0,0.043687593191862106
2763124992.0,0.06217498704791069
2764062464.0,0.07917605340480804
2764999936.0,0.09758779406547546
2765937408.0,0.1124509796500206
2766874880.0,0.12697798013687134
2767812608.0,0.1837676763534546
2768750080.0,0.18413616716861725
2769687552.0,0.18327128887176514
2770625024.0,0.1805104911327362
2771562496.0,0.17657332122325897
2772499968.0,0.1712675243616104
2773437440.0,0.16735650599002838
2774374912.0,0.16112147271633148
2775312384.0,0.1537787914276123
2776250112.0,0.14598572254180908
2777187584.0,0.13734623789787292
2778125056.0,0.12853725254535675
2779062528.0,0.11805029958486557
2780000000.0,0.10810000449419022
2780937472.0,0.097652368247509
2781874944.0,0.08674577623605728
2782812416.0,0.07441935688257217
2783749888.0,0.06232636421918869
2784687616.0,0.049739301204681396
2785625088.0,0.03650442510843277
2786562560.0,0.024426132440567017
2787500032.0,0.011726160533726215
2788437504.0,-0.0012015270767733455
2789374976.0,-0.013871646486222744
2790312448.0,-0.026552120223641396
2791249920.0,-0.038931023329496384
2792187392.0,-0.051108088344335556
2793125120.0,-0.06242399290204048
2794062592.0,-0.07238857448101044
2795000064.0,-0.0826130285859108
2795937536.0,-0.09118715673685074
2796875008.0,-0.09819149225950241
2797812480.0,-0.10455569624900818
2798749952.0,-0.11019042134284973
2799687424.0,-0.11344990134239197
2800624896.0,-0.11592470109462738
2801562624.0,-0.11792981624603271
2802500096.0,-0.11707588285207748
2803437568.0,-0.11469660699367523
2804375040.0,-0.1117859035730362
2805312512.0,-0.10644344985485077
2806249984.0,-0.09924514591693878
2807187456.0,-0.09224982559680939
2808124928.0,-0.08364518731832504
2809062400.0,-0.07253475487232208
2809999872.0,-0.06077444925904274
2810937600.0,-0.04679743945598602
2811875072.0,-0.031942617148160934
2812812544.0,-0.01673557236790657
2813750016.0,-0.0011660251766443253
2814687488.0,0.01575508899986744
2815624960.0,0.03262625262141228
2816562432.0,0.050111155956983566
2817499904.0,0.06642181426286697
2818437376.0,0.0838117003440857
2819375104.0,0.10004909336566925
2820312576.0,0.1169959306716919
2821250048.0,0.13147567212581635
2822187520.0,0.14619219303131104
2823124992.0,0.15921536087989807
2824062464.0,0.1709478795528412
2824999936.0,0.1810382753610611
2825937408.0,0.19038617610931396
2826874880.0,0.19707313179969788
2827812608.0,0.2101568728685379
2828750080.0,0.21201859414577484
2829687552.0,0.2111670970916748
2830625024.0,0.208251953125
2831562496.0,0.2031601369380951
2832499968.0,0.19495868682861328
2833437440.0,0.18447868525981903
2834374912.0,0.1725371778011322
2835312384.0,0.1594829559326172
2836250112.0,0.14278776943683624
2837187584.0,0.12526293098926544
2838125056.0,0.10586811602115631
2839062528.0,0.08818939328193665
2840000000.0,0.06868473440408707
2840937472.0,0.049121201038360596
2841874944.0,0.02867710404098034
2842812416.0,0.009733636863529682
2843749888.0,-0.008727923035621643
2844687616.0,-0.026941930875182152
2845625088.0,-0.04376411810517311
2846562560.0,-0.05964557081460953
2847500032.0,-0.0749584212899208
2848437504.0,-0.08651537448167801
2849374976.0,-0.09886384755373001
2850312448.0,-0.1066482812166214
2851249920.0,-0.11376037448644638
2852187392.0,-0.11965277045965195
2853125120.0,-0.12356702983379364
2854062592.0,-0.12529045343399048
2855000064.0,-0.12582534551620483
2855937536.0,-0.12449879944324493
2856875008.0,-0.12156181037425995
2857812480.0,-0.11659586429595947
2858749952.0,-0.11025335639715195
2859687424.0,-0.10364880412817001
2860624896.0,-0.09504344314336777
2861562624.0,-0.08617658168077469
2862500096.0,-0.07626776397228241
2863437568.0,-0.06457114964723587
2864375040.0,-0.05278791859745979
2865312512.0,-0.04130825027823448
2866249984.0,-0.02915348671376705
2867187456.0,-0.016036376357078552
2868124928.0,-0.0038195019587874413
2869062400.0,0.008734840899705887
2870000128.0,0.022222235798835754
2870937600.0,0.0354597233235836
2871875072.0,0.04766063764691353
2872812544.0,0.06106895953416824
2873750016.0,0.07288838922977448
2874687488.0,0.08575862646102905
2875624960.0,0.09735020995140076
2876562432.0,0.10856511443853378
2877499904.0,0.12041334807872772
2878437376.0,0.13037419319152832
2879375104.0,0.14115075767040253
2880312576.0,0.15003253519535065
2881250048.0,0.15912990272045135
2882187520.0,0.16665515303611755
2883124992.0,0.17435501515865326
2884062464.0,0.18104974925518036
2884999936.0,0.185865119099617
2885937408.0,0.1908702254295349
2886874880.0,0.19439390301704407
2887812608.0,0.19683010876178741
2888750080.0,0.19825632870197296
2889687552.0,0.19820548593997955
2890625024.0,0.19615985453128815
2891562496.0,0.1933136135339737
2892499968.0,0.18883025646209717
2893437440.0,0.1824478805065155
2894374912.0,0.17512013018131256
2895312384.0,0.1653418242931366
2896250112.0,0.15368026494979858
2897187584.0,0.14023296535015106
2898125056.0,0.12669356167316437
2899062528.0,0.11068262904882431
2900000000.0,0.09370623528957367
2900937472.0,0.07609834522008896
2901874944.0,0.05838431790471077
2902812416.0,0.03887471929192543
2903749888.0,0.01969953440129757
2904687616.0,0.00047214399091899395
2905625088.0,-0.01866011694073677
2906562560.0,-0.03644544258713722
2907500032.0,-0.054472897201776505
2908437504.0,-0.07122565060853958
2909374976.0,-0.0871172621846199
2910312448.0,-0.10153119266033173
2911249920.0,-0.11415983736515045
2912187392.0,-0.12694807350635529
2913125120.0,-0.13663829863071442
2914062592.0,-0.14540725946426392
2915000064.0,-0.1500759720802307
2915937536.0,-0.15459482371807098
2916875008.0,-0.15629041194915771
2917812480.0,-0.1554681360721588
2918749952.0,-0.15345750749111176
2919687424.0,-0.14944672584533691
2920624896.0,-0.14163725078105927
2921562624.0,-0.1341342031955719
2922500096.0,-0.12320290505886078
2923437568.0,-0.11154364049434662
2924375040.0,-0.09740348160266876
2925312512.0,-0.08250080794095993
2926249984.0,-0.06701663881540298
2927187456.0,-0.04984618350863457
2928124928.0,-0.033188555389642715
2929062400.0,-0.014334060251712799
2929999872.0,0.003825972555205226
2930937600.0,0.02144169807434082
2931875072.0,0.03916962444782257
2932812544.0,0.05632808059453964
2933750016.0,0.07262880355119705
2934687488.0,0.08758026361465454
2935624960.0,0.10222108662128448
2936562432.0,0.11670661717653275
2937499904.0,0.1283625364303589
2938437376.0,0.13919493556022644
2939375104.0,0.1485208123922348
2940312576.0,0.15636968612670898
2941250048.0,0.1619846522808075
2942187520.0,0.16662438213825226
2943124992.0,0.17079326510429382
2944062464.0,0.17321442067623138
2944999936.0,0.17324471473693848
2945937408.0,0.17359279096126556
2946874880.0,0.17224325239658356
2947812608.0,0.1678006798028946
2948750080.0,0.16565127670764923
2949687552.0,0.16280023753643036
2950625024.0,0.15952302515506744
2951562496.0,0.15563331544399261
2952499968.0,0.14985716342926025
2953437440.0,0.14384813606739044
2954374912.0,0.13690106570720673
2955312384.0,0.12862183153629303
2956250112.0,0.12100029736757278
2957187584.0,0.11232246458530426
2958125056.0,0.10329298675060272
2959062528.0,0.0925491452217102
2960000000.0,0.08221020549535751
2960937472.0,0.07142674922943115
2961874944.0,0.059882767498493195
2962812416.0,0.04906066879630089
2963749888.0,0.036780793219804764
2964687616.0,0.025523578748106956
2965625088.0,0.014187091961503029
2966562560.0,0.0028380511794239283
2967500032.0,-0.008545299991965294
2968437504.0,-0.019756216555833817
2969374976.0,-0.030706796795129776
2970312448.0,-0.04149718955159187
2971249920.0,-0.051548298448324203
2972187392.0,-0.06100619211792946
2973125120.0,-0.0691457986831665
2974062592.0,-0.07635635137557983
2975000064.0,-0.08343317359685898
2975937536.0,-0.09007500112056732
2976875008.0,-0.09456579387187958
2977812480.0,-0.09873718023300171
2978749952.0,-0.10194861888885498
2979687424.0,-0.10413633286952972
2980624896.0,-0.10503309220075607
2981562624.0,-0.10419009625911713
2982500096.0,-0.10285574197769165
2983437568.0,-0.10019592195749283
2984375040.0,-0.09743307530879974
2985312512.0,-0.09283091127872467
2986249984.0,-0.08738885819911957
2987187456.0,-0.08124116063117981
2988124928.0,-0.07436321675777435
2989062400.0,-0.06804975122213364
2990000128.0,-0.06046607345342636
2990937600.0,-0.05119571462273598
2991875072.0,-0.04220425710082054
2992812544.0,-0.03388310223817825
2993750016.0,-0.02471272461116314
2994687488.0,-0.015886550769209862
2995624960.0,-0.007649675011634827
2996562432.0,0.00027718974160961807
2997499904.0,0.00829229224473238
2998437376.0,0.01519001554697752
2999375104.0,0.020690277218818665
3000312576.0,0.024526139721274376
3001250048.0,0.028736455366015434
3002187520.0,0.031382184475660324
3003124992.0,0.03501702472567558
3004062464.0,0.03551778569817543
3004999936.0,0.03664039447903633
3005937408.0,0.03635157272219658
3006874880.0,0.034573379904031754
3007812608.0,0.0312892347574234
3008750080.0,0.027103621512651443
3009687552.0,0.02317703329026699
3010625024.0,0.01898879185318947
3011562496.0,0.013645822182297707
3012499968.0,0.009158243425190449
3013437440.0,0.003710346994921565
3014374912.0,-0.0003561852499842644
3015312384.0,-0.00548397796228528
3016250112.0,-0.01047851238399744
3017187584.0,-0.015967419371008873
3018125056.0,-0.020539985969662666
3019062528.0,-0.025618569925427437
3020000000.0,-0.030920485034585
3020937472.0,-0.03624911606311798
3021874944.0,-0.041102707386016846
3022812416.0,-0.04613632336258888
3023749888.0,-0.05080447345972061
3024687616.0,-0.05566947162151337
3025625088.0,-0.06070732697844505
3026562560.0,-0.06448354572057724
3027500032.0,-0.06869297474622726
3028437504.0,-0.07347075641155243
3029374976.0,-0.07707783579826355
3030312448.0,-0.08063461631536484
3031249920.0,-0.08471368998289108
3032187392.0,-0.08806256204843521
3033125120.0,-0.09116817265748978
3034062592.0,-0.0945860743522644
3035000064.0,-0.09611184149980545
3035937536.0,-0.0990714505314827
3036875008.0,-0.10036446899175644
3037812480.0,-0.10262109339237213
3038749952.0,-0.1032143235206604
3039687424.0,-0.10345422476530075
3040624896.0,-0.10351941734552383
3041562624.0,-0.10391297936439514
3042500096.0,-0.10275434702634811
3043437568.0,-0.10099159926176071
3044375040.0,-0.0988699272274971
3045312512.0,-0.09644722193479538
3046249984.0,-0.09361087530851364
3047187456.0,-0.09006329625844955
3048124928.0,-0.0864335149526596
3049062400.0,-0.08177123963832855
3049999872.0,-0.07734788954257965
3050937600.0,-0.07280419766902924
3051875072.0,-0.06747106462717056
3052812544.0,-0.06212061643600464
3053750016.0,-0.05567712336778641
3054687488.0,-0.050895582884550095
3055624960.0,-0.04549314081668854
3056562432.0,-0.039869196712970734
3057499904.0,-0.03496832773089409
3058437376.0,-0.029184728860855103
3059375104.0,-0.02463945932686329
3060312576.0,-0.019297530874609947
3061250048.0,-0.015542822889983654
3062187520.0,-0.011497372761368752
3063124992.0,-0.008311868645250797
3064062464.0,-0.006084954831749201
3064999936.0,-0.0037937492597848177
3065937408.0,-0.0018527399515733123
3066874880.0,-0.0028614122420549393
3067812608.0,0.011779258027672768
3068750080.0,0.005475553218275309
3069687552.0,-0.0007259033736772835
3070625024.0,-0.00784443411976099
3071562496.0,-0.016307946294546127
3072499968.0,-0.024751562625169754
3073437440.0,-0.03367177024483681
3074374912.0,-0.04276546090841293
3075312384.0,-0.05204709246754646
3076250112.0,-0.06091056019067764
3077187584.0,-0.06996725499629974
3078125056.0,-0.07883988320827484
3079062528.0,-0.0869307667016983
3080000000.0,-0.0943564847111702
3080937472.0,-0.102033831179142
3081874944.0,-0.10732243955135345
3082812416.0,-0.11275766789913177
3083749888.0,-0.11667750030755997
3084687616.0,-0.12054434418678284
3085625088.0,-0.12186508625745773
3086562560.0,-0.12243402749300003
3087500032.0,-0.12166542559862137
3088437504.0,-0.12010892480611801
3089374976.0,-0.11787384748458862
3090312448.0,-0.11376562714576721
3091249920.0,-0.10890607535839081
3092187392.0,-0.1031482145190239
3093125120.0,-0.09601917862892151
3094062592.0,-0.08859200775623322
3095000064.0,-0.08085455745458603
3095937536.0,-0.07190817594528198
3096875008.0,-0.06302136182785034
3097812480.0,-0.05382641777396202
3098749952.0,-0.0434151291847229
3099687424.0,-0.03349814563989639
3100624896.0,-0.023946018889546394
3101562624.0,-0.013758444227278233
3102500096.0,-0.0030102680902928114
3103437568.0,0.006239709910005331
3104375040.0,0.016129815950989723
3105312512.0,0.025548825040459633
3106249984.0,0.03413049876689911
3107187456.0,0.04221726208925247
3108124928.0,0.04996679723262787
3109062400.0,0.056903157383203506
3110000128.0,0.06442192941904068
3110937600.0,0.07047391682863235
3111875072.0,0.07526280730962753
3112812544.0,0.0814424380660057
3113750016.0,0.0857347697019577
3114687488.0,0.09014416486024857
3115624960.0,0.09342948347330093
3116562432.0,0.09721051156520844
3117499904.0,0.10012606531381607
3118437376.0,0.1029648706316948
3119375104.0,0.10428004711866379
3120312576.0,0.10682768374681473
3121250048.0,0.1085318848490715
3122187520.0,0.1099419891834259
3123124992.0,0.1113080084323883
3124062464.0,0.11289497464895248
3124999936.0,0.11499068140983582
3125937408.0,0.11562615633010864
3126874880.0,0.11593429744243622
3127812608.0,0.13569115102291107
3128750080.0,0.13311967253684998
3129687552.0,0.12965914607048035
3130625024.0,0.12819074094295502
3131562496.0,0.12609398365020752
3132499968.0,0.12483054399490356
3133437440.0,0.12253864854574203
3134374912.0,0.12130292505025864
3135312384.0,0.1203739121556282
3136250112.0,0.1187141165137291
3137187584.0,0.11682151257991791
3138125056.0,0.11618312448263168
3139062528.0,0.11493056267499924
3140000000.0,0.11487451195716858
3140937472.0,0.11397092789411545
3141874944.0,0.11387376487255096
3142812416.0,0.11286289989948273
3143749888.0,0.11226695030927658
3144687616.0,0.1117434948682785
3145625088.0,0.10988524556159973
3146562560.0,0.10812630504369736
3147500032.0,0.1066393032670021
3148437504.0,0.10385140031576157
3149374976.0,0.10108784586191177
3150312448.0,0.09744307398796082
3151249920.0,0.09313325583934784
3152187392.0,0.08878014981746674
3153125120.0,0.08287914097309113
3154062592.0,0.07694905251264572
3155000064.0,0.06985810399055481
3155937536.0,0.06227589771151543
3156875008.0,0.05459870770573616
3157812480.0,0.04559794068336487
3158749952.0,0.03517894074320793
3159687424.0,0.024807218462228775
3160624896.0,0.015092754736542702
3161562624.0,0.0038941060192883015
3162500096.0,-0.00757664954289794
3163437568.0,-0.01841804012656212
3164375040.0,-0.03046310506761074
3165312512.0,-0.042649637907743454
3166249984.0,-0.053614936769008636
3167187456.0,-0.06471280753612518
3168124928.0,-0.07675506919622421
3169062400.0,-0.08674001693725586
3169999872.0,-0.09714929759502411
3170937600.0,-0.10690008103847504
3171875072.0,-0.11521151661872864
3172812544.0,-0.12277619540691376
3173750016.0,-0.12818816304206848
3174687488.0,-0.13337922096252441
3175624960.0,-0.13721373677253723
3176562432.0,-0.1400090903043747
3177499904.0,-0.14027784764766693
3178437376.0,-0.13842827081680298
3179375104.0,-0.13679422438144684
3180312576.0,-0.13325132429599762
3181250048.0,-0.12863531708717346
3182187520.0,-0.12133584171533585
3183124992.0,-0.11322442442178726
3184062464.0,-0.10400524735450745
3184999936.0,-0.0930476114153862
3185937408.0,-0.08041497319936752
3186874880.0,-0.06641359627246857
3187812608.0,0.060557879507541656
3188750080.0,0.060012008994817734
3189687552.0,0.05889182537794113
3190625024.0,0.05999155715107918
3191562496.0,0.06035536155104637
3192499968.0,0.06174400821328163
3193437440.0,0.06441060453653336
3194374912.0,0.06774043291807175
3195312384.0,0.07045664638280869
3196250112.0,0.07563140243291855
3197187584.0,0.08002687990665436
3198125056.0,0.08426155894994736
3199062528.0,0.08943523466587067
3200000000.0,0.09419601410627365
3200937472.0,0.09757788479328156
3201874944.0,0.10123893618583679
3202812416.0,0.10399579256772995
3203749888.0,0.10642177611589432
3204687616.0,0.10742360353469849
3205625088.0,0.1081831231713295
3206562560.0,0.10644347965717316
3207500032.0,0.10435382276773453
3208437504.0,0.10148390382528305
3209374976.0,0.0971866101026535
3210312448.0,0.09189450740814209
3211249920.0,0.08454611897468567
3212187392.0,0.07639361172914505
3213125120.0,0.06669420748949051
3214062592.0,0.05777767300605774
3215000064.0,0.04678364843130112
3215937536.0,0.03502221032977104
3216875008.0,0.022953057661652565
3217812480.0,0.01078864187002182
3218749952.0,-0.002767563099041581
3219687424.0,-0.015409152954816818
3220624896.0,-0.02750331349670887
3221562624.0,-0.039928827434778214
3222500096.0,-0.051680970937013626
3223437568.0,-0.0630277469754219
3224375040.0,-0.07350952923297882
3225312512.0,-0.08299121260643005
3226249984.0,-0.09056219458580017
3227187456.0,-0.0977059081196785
3228124928.0,-0.10448126494884491
3229062400.0,-0.10825002193450928
3230000128.0,-0.11124123632907867
3230937600.0,-0.11295437812805176
3231875072.0,-0.11464495211839676
3232812544.0,-0.1133265346288681
3233750016.0,-0.112165167927742
3234687488.0,-0.10986746847629547
3235624960.0,-0.10707881301641464
3236562432.0,-0.10169672220945358
3237499904.0,-0.09783777594566345
3238437376.0,-0.09268634766340256
3239375104.0,-0.08729112148284912
3240312576.0,-0.08167362213134766
3241250048.0,-0.07660180330276489
3242187520.0,-0.07148979604244232
3243124992.0,-0.06723298877477646
3244062464.0,-0.06456446647644043
3244999936.0,-0.06172055006027222
3245937408.0,-0.06026120483875275
3246874880.0,-0.06021156907081604
3247812608.0,-0.052482664585113525
3248750080.0,-0.055996984243392944
3249687552.0,-0.06029623746871948
3250625024.0,-0.0643123984336853
3251562496.0,-0.0674845427274704
3252499968.0,-0.07006318867206573
3253437440.0,-0.07250519841909409
3254374912.0,-0.07340067625045776
3255312384.0,-0.07316002994775772
3256250112.0,-0.07252972573041916
3257187584.0,-0.0692196786403656
3258125056.0,-0.06592614948749542
3259062528.0,-0.06212573125958443
3260000000.0,-0.0564643032848835
3260937472.0,-0.050440430641174316
3261874944.0,-0.043735161423683167
3262812416.0,-0.03534181788563728
3263749888.0,-0.027600260451436043
3264687616.0,-0.019626155495643616
3265625088.0,-0.011498384177684784
3266562560.0,-0.003492932068184018
3267500032.0,0.0027178977616131306
3268437504.0,0.008684247732162476
3269374976.0,0.015019332990050316
3270312448.0,0.019509973004460335
3271249920.0,0.02216777205467224
3272187392.0,0.023951362818479538
3273125120.0,0.024305561557412148
3274062592.0,0.023808646947145462
3275000064.0,0.023343892768025398
3275937536.0,0.021055227145552635
3276875008.0,0.01936543919146061
3277812480.0,0.016390375792980194
3278749952.0,0.0143452612683177
3279687424.0,0.011690719053149223
3280624896.0,0.011165976524353027
3281562624.0,0.010385309346020222
3282500096.0,0.010698385536670685
3283437568.0,0.010412313044071198
3284375040.0,0.011444603092968464
3285312512.0,0.013727334327995777
3286249984.0,0.01504643727093935
3287187456.0,0.015433365479111671
3288124928.0,0.017878398299217224
3289062400.0,0.018857317045331
3289999872.0,0.019103489816188812
3290937600.0,0.020341672003269196
3291875072.0,0.019254446029663086
3292812544.0,0.016900138929486275
3293750016.0,0.012947188690304756
3294687488.0,0.008885885588824749
3295624960.0,0.004262010101228952
3296562432.0,-0.0021616057492792606
3297499904.0,-0.010022690519690514
3298437376.0,-0.018196426331996918
3299375104.0,-0.026490122079849243
3300312576.0,-0.035399701446294785
3301250048.0,-0.04381584748625755
3302187520.0,-0.053986065089702606
3303124992.0,-0.06334475427865982
3304062464.0,-0.07230992615222931
3304999936.0,-0.08147979527711868
3305937408.0,-0.08993272483348846
3306874880.0,-0.09829417616128922
3307812608.0,-0.06574733555316925
3308750080.0,-0.0636439174413681
3309687552.0,-0.060802482068538666
3310625024.0,-0.058730993419885635
3311562496.0,-0.05699155479669571
3312499968.0,-0.05451948195695877
3313437440.0,-0.05463375896215439
3314374912.0,-0.05298033356666565
3315312384.0,-0.054153941571712494
3316250112.0,-0.05481822416186333
3317187584.0,-0.05705781653523445
3318125056.0,-0.059079334139823914
3319062528.0,-0.06193431839346886
3320000000.0,-0.06559449434280396
3320937472.0,-0.07009679079055786
3321874944.0,-0.07460596412420273
3322812416.0,-0.08071104437112808
3323749888.0,-0.0873589888215065
3324687616.0,-0.09264736622571945
3325625088.0,-0.09917755424976349
3326562560.0,-0.10591376572847366
3327500032.0,-0.1124393492937088
3328437504.0,-0.11820513755083084
3329374976.0,-0.12388096004724503
3330312448.0,-0.1300334483385086
3331249920.0,-0.1355738341808319
3332187392.0,-0.1397409290075302
3333125120.0,-0.14409761130809784
3334062592.0,-0.14655901491641998
3335000064.0,-0.1488962471485138
3335937536.0,-0.15012189745903015
3336875008.0,-0.1506405472755432
3337812480.0,-0.15011200308799744
3338749952.0,-0.14696620404720306
3339687424.0,-0.14361132681369781
3340624896.0,-0.13892421126365662
3341562624.0,-0.13332004845142365
3342500096.0,-0.12790976464748383
3343437568.0,-0.1206970289349556
3344375040.0,-0.11298441141843796
3345312512.0,-0.10362338274717331
3346249984.0,-0.0951099842786789
3347187456.0,-0.08622002601623535
3348124928.0,-0.07694028317928314
3349062400.0,-0.06733450293540955
3350000128.0,-0.05746910348534584
3350937600.0,-0.047712065279483795
3351875072.0,-0.038305915892124176
3352812544.0,-0.030635656788945198
3353750016.0,-0.02263193577528
3354687488.0,-0.014105663634836674
3355624960.0,-0.007890156470239162
3356562432.0,-0.0014947393210604787
3357499904.0,0.00389229622669518
3358437376.0,0.008174613118171692
3359375104.0,0.01300536934286356
3360312576.0,0.016170017421245575
3361250048.0,0.020030945539474487
3362187520.0,0.022397130727767944
3363124992.0,0.024689074605703354
3364062464.0,0.026063691824674606
3364999936.0,0.02799573540687561
3365937408.0,0.029971100389957428
3366874880.0,0.03195936232805252
3367812608.0,0.04040812700986862
3368750080.0,0.04780212417244911
3369687552.0,0.05477714166045189
3370625024.0,0.0610293373465538
3371562496.0,0.06688803434371948
3372499968.0,0.07102559506893158
3373437440.0,0.07441852241754532
3374374912.0,0.07803720235824585
3375312384.0,0.07947162538766861
3376250112.0,0.07960481941699982
3377187584.0,0.07816692441701889
3378125056.0,0.07557611167430878
3379062528.0,0.07256510108709335
3380000000.0,0.06828266382217407
3380937472.0,0.06235473230481148
3381874944.0,0.056329600512981415
3382812416.0,0.04920951649546623
3383749888.0,0.040084358304739
3384687616.0,0.03164627030491829
3385625088.0,0.02174926921725273
3386562560.0,0.012997746467590332
3387500032.0,0.0024975426495075226
3388437504.0,-0.007161624729633331
3389374976.0,-0.017122678458690643
3390312448.0,-0.02687627263367176
3391249920.0,-0.037145305424928665
3392187392.0,-0.04531656950712204
3393125120.0,-0.053455501794815063
3394062592.0,-0.06152990087866783
3395000064.0,-0.06898576766252518
3395937536.0,-0.07534048706293106
3396875008.0,-0.08178475499153137
3397812480.0,-0.0865246057510376
3398749952.0,-0.09038033336400986
3399687424.0,-0.09420570731163025
3400624896.0,-0.095692478120327
3401562624.0,-0.09736455976963043
3402500096.0,-0.09781698882579803
3403437568.0,-0.09830424934625626
3404375040.0,-0.09738864749670029
3405312512.0,-0.09642515331506729
3406249984.0,-0.09398577362298965
3407187456.0,-0.0912361815571785
3408124928.0,-0.08862417936325073
3409062400.0,-0.08596210181713104
3409999872.0,-0.08166676014661789
3410937600.0,-0.07798411697149277
3411875072.0,-0.07372488081455231
3412812544.0,-0.0698980763554573
3413750016.0,-0.06646747142076492
3414687488.0,-0.06159929186105728
3415624960.0,-0.05800401046872139
3416562432.0,-0.053193166851997375
3417499904.0,-0.04996349662542343
3418437376.0,-0.046550851315259933
3419375104.0,-0.04205496236681938
3420312576.0,-0.038459960371255875
3421250048.0,-0.03524065390229225
3422187520.0,-0.031950488686561584
3423124992.0,-0.027919093146920204
3424062464.0,-0.02387673780322075
3424999936.0,-0.020684638991951942
3425937408.0,-0.016978027299046516
3426874880.0,-0.014607583172619343
3427812608.0,-0.01142599992454052
3428750080.0,-0.008974336087703705
3429687552.0,-0.0065337857231497765
3430625024.0,-0.004957886412739754
3431562496.0,-0.0013102779630571604
3432499968.0,0.003306169528514147
3433437440.0,0.0074408696964383125
3434374912.0,0.012543955817818642
3435312384.0,0.018327325582504272
3436250112.0,0.02595381624996662
3437187584.0,0.034707486629486084
3438125056.0,0.04385508596897125
3439062528.0,0.053570281714200974
3440000000.0,0.06552526354789734
3440937472.0,0.07669704407453537
3441874944.0,0.09006746858358383
3442812416.0,0.10289818793535233
3443749888.0,0.11714696139097214
3444687616.0,0.13058261573314667
3445625088.0,0.14489713311195374
3446562560.0,0.1575620025396347
3447500032.0,0.17195695638656616
3448437504.0,0.18374751508235931
3449374976.0,0.1933663785457611
3450312448.0,0.20251238346099854
3451249920.0,0.2103365659713745
3452187392.0,0.21408970654010773
3453125120.0,0.21637746691703796
3454062592.0,0.21711213886737823
3455000064.0,0.21459521353244781
3455937536.0,0.20816786587238312
3456875008.0,0.20161403715610504
3457812480.0,0.1914704442024231
3458749952.0,0.17880292236804962
3459687424.0,0.16571341454982758
3460624896.0,0.1491939127445221
3461562624.0,0.13244573771953583
3462500096.0,0.11294916272163391
3463437568.0,0.09454813599586487
3464375040.0,0.07527375966310501
3465312512.0,0.05516780540347099
3466249984.0,0.035723067820072174
3467187456.0,0.01818651705980301
3468124928.0,-0.0002248679957119748
3469062400.0,-0.01634918712079525
3470000128.0,-0.030772216618061066
3470937600.0,-0.04398318752646446
3471875072.0,-0.0547645203769207
3472812544.0,-0.06417015939950943
3473750016.0,-0.07143698632717133
3474687488.0,-0.0766461193561554
3475624960.0,-0.07991207391023636
3476562432.0,-0.08111061900854111
3477499904.0,-0.08182564377784729
3478437376.0,-0.0798128992319107
3479375104.0,-0.07730407267808914
3480312576.0,-0.07400792837142944
3481250048.0,-0.06912602484226227
3482187520.0,-0.06403963267803192
3483124992.0,-0.05842475965619087
3484062464.0,-0.05460667610168457
3484999936.0,-0.04869282618165016
3485937408.0,-0.04356527328491211
3486874880.0,-0.0389225073158741
3487812608.0,-0.025358805432915688
3488750080.0,-0.02950289472937584
3489687552.0,-0.03316630423069
3490625024.0,-0.03821869567036629
3491562496.0,-0.04447229951620102
3492499968.0,-0.04910223186016083
3493437440.0,-0.05494106560945511
3494374912.0,-0.06020141392946243
3495312384.0,-0.06664429605007172
3496250112.0,-0.07056047767400742
3497187584.0,-0.07469899952411652
3498125056.0,-0.0773102268576622
3499062528.0,-0.08049053698778152
3500000000.0,-0.08165445923805237
3500937472.0,-0.08142795413732529
3501874944.0,-0.07963664084672928
3502812416.0,-0.07768039405345917
3503749888.0,-0.07452390342950821
3504687616.0,-0.07004445791244507
3505625088.0,-0.06438793987035751
3506562560.0,-0.05821794643998146
3507500032.0,-0.05249776691198349
3508437504.0,-0.04374650865793228
3509374976.0,-0.03582319617271423
3510312448.0,-0.027517778798937798
3511249920.0,-0.01775217242538929
3512187392.0,-0.008413810282945633
3513125120.0,0.0002911739284172654
3514062592.0,0.00889758113771677
3515000064.0,0.01807171292603016
3515937536.0,0.026363007724285126
3516875008.0,0.03452646732330322
3517812480.0,0.041039951145648956
3518749952.0,0.046685591340065
3519687424.0,0.05062960833311081
3520624896.0,0.0535869300365448
3521562624.0,0.0564667172729969
3522500096.0,0.05737681686878204
3523437568.0,0.05654747784137726
3524375040.0,0.055657267570495605
3525312512.0,0.05331074446439743
3526249984.0,0.04988737776875496
3527187456.0,0.045692700892686844
3528124928.0,0.04048367217183113
3529062400.0,0.0352361723780632
3529999872.0,0.030099404975771904
3530937600.0,0.02420869842171669
3531875072.0,0.018929876387119293
3532812544.0,0.013455814681947231
3533750016.0,0.007798489648848772
3534687488.0,0.0026991579215973616
3535624960.0,-0.001235352479852736
3536562432.0,-0.0051019201055169106
3537499904.0,-0.007972312159836292
3538437376.0,-0.00966750830411911
3539375104.0,-0.01052162703126669
3540312576.0,-0.011467227712273598
3541250048.0,-0.009673107415437698
3542187520.0,-0.007662630639970303
3543124992.0,-0.006491938140243292
3544062464.0,-0.003692969447001815
3544999936.0,0.001176068908534944
3545937408.0,0.00477285822853446
3546874880.0,0.01056654378771782
3547812608.0,0.013405979610979557
3548750080.0,0.011149364523589611
3549687552.0,0.009286127053201199
3550625024.0,0.007208467461168766
3551562496.0,0.004788955207914114
3552499968.0,0.002415982773527503
3553437440.0,0.0002639135345816612
3554374912.0,-0.001980638364329934
3555312384.0,-0.005404990166425705
3556250112.0,-0.007963146083056927
3557187584.0,-0.011513466946780682
3558125056.0,-0.013966752216219902
3559062528.0,-0.01778789609670639
3560000000.0,-0.0202363058924675
3560937472.0,-0.025698265060782433
3561874944.0,-0.02856437861919403
3562812416.0,-0.031196484342217445
3563749888.0,-0.03478596732020378
3564687616.0,-0.03754735738039017
3565625088.0,-0.03917023539543152
3566562560.0,-0.041246335953474045
3567500032.0,-0.04279221221804619
3568437504.0,-0.04359078407287598
3569374976.0,-0.04494692385196686
3570312448.0,-0.04465029016137123
3571249920.0,-0.04423759877681732
3572187392.0,-0.043879829347133636
3573125120.0,-0.042397014796733856
3574062592.0,-0.041159410029649734
3575000064.0,-0.04095250740647316
3575937536.0,-0.03916744887828827
3576875008.0,-0.03828156366944313
3577812480.0,-0.036498960107564926
3578749952.0,-0.03511141240596771
3579687424.0,-0.03292858600616455
3580624896.0,-0.030123809352517128
3581562624.0,-0.02823101170361042
3582500096.0,-0.025525912642478943
3583437568.0,-0.023160992190241814
3584375040.0,-0.022645991295576096
3585312512.0,-0.022038031369447708
3586249984.0,-0.022510606795549393
3587187456.0,-0.022130560129880905
3588124928.0,-0.0221770741045475
3589062400.0,-0.023162653669714928
3590000128.0,-0.023048803210258484
3590937600.0,-0.022592369467020035
3591875072.0,-0.023461664095520973
3592812544.0,-0.021952128037810326
3593750016.0,-0.02236739546060562
3594687488.0,-0.02186012454330921
3595624960.0,-0.021790683269500732
3596562432.0,-0.02034316025674343
3597499904.0,-0.01885289140045643
3598437376.0,-0.01735852286219597
3599375104.0,-0.013956114649772644
3600312576.0,-0.011252878233790398
3601250048.0,-0.0081319659948349
3602187520.0,-0.005438534542918205
3603124992.0,-0.0012452204246073961
3604062464.0,0.003706189338117838
3604999936.0,0.00955161452293396
3605937408.0,0.014700567349791527
3606874880.0,0.02121361903846264
3607812608.0,0.044805049896240234
3608750080.0,0.05452905222773552
3609687552.0,0.06307166069746017
3610625024.0,0.07139866799116135
3611562496.0,0.07995357364416122
3612499968.0,0.08730905503034592
3613437440.0,0.0936230942606926
3614374912.0,0.09862101823091507
3615312384.0,0.10350731760263443
3616250112.0,0.10723435133695602
3617187584.0,0.11035001277923584
3618125056.0,0.11178803443908691
3619062528.0,0.11333322525024414
3620000000.0,0.11242511123418808
3620937472.0,0.1109808012843132
3621874944.0,0.10810522735118866
3622812416.0,0.10434690117835999
3623749888.0,0.09931851178407669
3624687616.0,0.09347500652074814
3625625088.0,0.08704824000597
3626562560.0,0.08113916963338852
3627500032.0,0.0739157497882843
3628437504.0,0.06673020869493484
3629374976.0,0.058474794030189514
3630312448.0,0.049690552055835724
3631249920.0,0.04132204130291939
3632187392.0,0.03102097287774086
3633125120.0,0.022085528820753098
3634062592.0,0.011582120321691036
3635000064.0,0.0023722515907138586
3635937536.0,-0.007795417681336403
3636875008.0,-0.017054256051778793
3637812480.0,-0.026226742193102837
3638749952.0,-0.03549804538488388
3639687424.0,-0.04451904445886612
3640624896.0,-0.05236024409532547
3641562624.0,-0.061343785375356674
3642500096.0,-0.06834753602743149
3643437568.0,-0.07567539811134338
3644375040.0,-0.08339190483093262
3645312512.0,-0.09021607786417007
3646249984.0,-0.09461391717195511
3647187456.0,-0.09975337237119675
3648124928.0,-0.10362759232521057
3649062400.0,-0.10846686363220215
3649999872.0,-0.11119233816862106
3650937600.0,-0.11451401561498642
3651875072.0,-0.11587266623973846
3652812544.0,-0.11779757589101791
3653750016.0,-0.11893337219953537
3654687488.0,-0.11974311619997025
3655624960.0,-0.11906174570322037
3656562432.0,-0.1189497634768486
3657499904.0,-0.11772166937589645
3658437376.0,-0.11659058183431625
3659375104.0,-0.11436398327350616
3660312576.0,-0.11127790063619614
3661250048.0,-0.10898908972740173
3662187520.0,-0.10537054389715195
3663124992.0,-0.10117460042238235
3664062464.0,-0.0979476273059845
3664999936.0,-0.09444331377744675
3665937408.0,-0.08977147936820984
3666874880.0,-0.08596891164779663
3667812608.0,-0.0686858743429184
3668750080.0,-0.06846748292446136
3669687552.0,-0.06813912093639374
3670625024.0,-0.06601004302501678
3671562496.0,-0.06436154246330261
3672499968.0,-0.0608450248837471
3673437440.0,-0.058114416897296906
3674374912.0,-0.05315649136900902
3675312384.0,-0.048472654074430466
3676250112.0,-0.04288597032427788
3677187584.0,-0.03707771748304367
3678125056.0,-0.030069950968027115
3679062528.0,-0.022780556231737137
3680000000.0,-0.014333896338939667
3680937472.0,-0.0076822019182145596
3681874944.0,0.0012779831886291504
3682812416.0,0.010116047225892544
3683749888.0,0.018940085545182228
3684687616.0,0.028642456978559494
3685625088.0,0.03692929446697235
3686562560.0,0.04494711011648178
3687500032.0,0.053414057940244675
3688437504.0,0.060448408126831055
3689374976.0,0.06728184968233109
3690312448.0,0.07432063668966293
3691249920.0,0.08018942177295685
3692187392.0,0.08555633574724197
3693125120.0,0.08855459094047546
3694062592.0,0.09180701524019241
3695000064.0,0.09389340877532959
3695937536.0,0.09462106972932816
3696875008.0,0.09439623355865479
3697812480.0,0.09300592541694641
3698749952.0,0.09118595719337463
3699687424.0,0.08896254748106003
3700624896.0,0.08444976061582565
3701562624.0,0.08052821457386017
3702500096.0,0.07510750740766525
3703437568.0,0.06850297749042511
3704375040.0,0.061764203011989594
3705312512.0,0.0547802671790123
3706249984.0,0.04807563126087189
3707187456.0,0.0401037335395813
3708124928.0,0.03211016207933426
3709062400.0,0.023880381137132645
3710000128.0,0.014957347884774208
3710937600.0,0.006682467181235552
3711875072.0,-0.002499551046639681
3712812544.0,-0.010296041145920753
3713750016.0,-0.01612325944006443
3714687488.0,-0.0223236121237278
3715624960.0,-0.028387250378727913
3716562432.0,-0.03343372046947479
3717499904.0,-0.03676685318350792
3718437376.0,-0.03983039781451225
3719375104.0,-0.041578259319067
3720312576.0,-0.04248608276247978
3721250048.0,-0.0434221550822258
3722187520.0,-0.04349900782108307
3723124992.0,-0.042926352471113205
3724062464.0,-0.04171985015273094
3724999936.0,-0.0394507572054863
3725937408.0,-0.03768077865242958
3726874880.0,-0.03648856654763222
3727812608.0,-0.039217788726091385
3728750080.0,-0.038492538034915924
3729687552.0,-0.038182180374860764
3730625024.0,-0.03748243302106857
3731562496.0,-0.036452535539865494
3732499968.0,-0.036258526146411896
3733437440.0,-0.03518382087349892
3734374912.0,-0.03492044657468796
3735312384.0,-0.03557654470205307
3736250112.0,-0.03739470988512039
3737187584.0,-0.03871181607246399
3738125056.0,-0.041198983788490295
3739062528.0,-0.043734047561883926
3740000000.0,-0.047215163707733154
3740937472.0,-0.05023147910833359
3741874944.0,-0.055856138467788696
3742812416.0,-0.06057262048125267
3743749888.0,-0.06527917087078094
3744687616.0,-0.07005693018436432
3745625088.0,-0.07640288025140762
3746562560.0,-0.08149664849042892
3747500032.0,-0.08658503741025925
3748437504.0,-0.09165655076503754
3749374976.0,-0.09670165926218033
3750312448.0,-0.10315655916929245
3751249920.0,-0.10901623219251633
3752187392.0,-0.11423571407794952
3753125120.0,-0.1195477768778801
3754062592.0,-0.12383230030536652
3755000064.0,-0.12637808918952942
3755937536.0,-0.13014668226242065
3756875008.0,-0.13174018263816833
3757812480.0,-0.13172908127307892
3758749952.0,-0.1304657757282257
3759687424.0,-0.12818515300750732
3760624896.0,-0.1251460462808609
3761562624.0,-0.12039823085069656
3762500096.0,-0.11411294341087341
3763437568.0,-0.10641094297170639
3764375040.0,-0.09823764860630035
3765312512.0,-0.08892568945884705
3766249984.0,-0.0788084864616394
3767187456.0,-0.06857997179031372
3768124928.0,-0.0573882982134819
3769062400.0,-0.04621594026684761
3769999872.0,-0.0343392975628376
3770937600.0,-0.02359013631939888
3771875072.0,-0.012664400041103363
3772812544.0,-0.0016101676737889647
3773750016.0,0.008014374412596226
3774687488.0,0.016404185444116592
3775624960.0,0.02391546033322811
3776562432.0,0.030851123854517937
3777499904.0,0.036563389003276825
3778437376.0,0.03971502184867859
3779375104.0,0.04197074472904205
3780312576.0,0.04126260057091713
3781250048.0,0.03872273489832878
3782187520.0,0.035708729177713394
3783124992.0,0.029958317056298256
3784062464.0,0.024399390444159508
3784999936.0,0.01657731831073761
3785937408.0,0.008035900071263313
3786874880.0,0.009619515389204025
3787812608.0,0.00168887572363019
3788750080.0,-0.006881737150251865
3789687552.0,-0.017575204372406006
3790625024.0,-0.029452940449118614
3791562496.0,-0.04122220352292061
3792499968.0,-0.052191294729709625
3793437440.0,-0.06368584930896759
3794374912.0,-0.07423539459705353
3795312384.0,-0.08454601466655731
3796250112.0,-0.09573239833116531
3797187584.0,-0.1054379940032959
3798125056.0,-0.1153259426355362
3799062528.0,-0.12470734119415283
3800000000.0,-0.13275820016860962
3800937472.0,-0.1389574259519577
3801874944.0,-0.14528809487819672
3802812416.0,-0.14924190938472748
3803749888.0,-0.1533416211605072
3804687616.0,-0.15516141057014465
3805625088.0,-0.1559981107711792
3806562560.0,-0.1552092730998993
3807500032.0,-0.15284499526023865
3808437504.0,-0.15033717453479767
3809374976.0,-0.14595352113246918
3810312448.0,-0.1392834186553955
3811249920.0,-0.13227473199367523
3812187392.0,-0.12382353842258453
3813125120.0,-0.11588797718286514
3814062592.0,-0.10617109388113022
3815000064.0,-0.09613894671201706
3815937536.0,-0.08661995083093643
3816875008.0,-0.07658806443214417
3817812480.0,-0.0660114660859108
3818749952.0,-0.056750182062387466
3819687424.0,-0.04686328023672104
3820624896.0,-0.038820717483758926
3821562624.0,-0.029252534732222557
3822500096.0,-0.021742479875683784
3823437568.0,-0.014318636618554592
3824375040.0,-0.009305756539106369
3825312512.0,-0.0049110944382846355
3826249984.0,0.0007266557076945901
3827187456.0,0.0033438594546169043
3828124928.0,0.005732839927077293
3829062400.0,0.00748332217335701
3830000128.0,0.006735778413712978
3830937600.0,0.004896679427474737
3831875072.0,0.00283508631400764
3832812544.0,-9.646757825976238e-05
3833750016.0,-0.003529475536197424
3834687488.0,-0.007457495667040348
3835624960.0,-0.012185875326395035
3836562432.0,-0.016362406313419342
3837499904.0,-0.02172665484249592
3838437376.0,-0.02546531893312931
3839375104.0,-0.02997734770178795
3840312576.0,-0.03448440134525299
3841250048.0,-0.038206636905670166
3842187520.0,-0.04196997731924057
3843124992.0,-0.045144665986299515
3844062464.0,-0.04820654168725014
3844999936.0,-0.05019788071513176
3845937408.0,-0.051129698753356934
3846874880.0,-0.043258603662252426
3847812608.0,-0.03997264429926872
3848750080.0,-0.036673467606306076
3849687552.0,-0.033593494445085526
3850625024.0,-0.03118354268372059
3851562496.0,-0.028963560238480568
3852499968.0,-0.02751113660633564
3853437440.0,-0.025692256167531013
3854374912.0,-0.02440597116947174
3855312384.0,-0.02348027378320694
3856250112.0,-0.021494358777999878
3857187584.0,-0.022072311490774155
3858125056.0,-0.022011879831552505
3859062528.0,-0.022657908499240875
3860000000.0,-0.02483937330543995
3860937472.0,-0.026662060990929604
3861874944.0,-0.029419491067528725
3862812416.0,-0.031513940542936325
3863749888.0,-0.03428275138139725
3864687616.0,-0.036037832498550415
3865625088.0,-0.03882933780550957
3866562560.0,-0.040825095027685165
3867500032.0,-0.043397996574640274
3868437504.0,-0.0452139712870121
3869374976.0,-0.04794055595993996
3870312448.0,-0.04977384954690933
3871249920.0,-0.05117716267704964
3872187392.0,-0.052069928497076035
3873125120.0,-0.05310257524251938
3874062592.0,-0.05507199466228485
3875000064.0,-0.05566370487213135
3875937536.0,-0.05870693922042847
3876875008.0,-0.06162755563855171
3877812480.0,-0.06367183476686478
3878749952.0,-0.06533157825469971
3879687424.0,-0.06688695400953293
3880624896.0,-0.06813175231218338
3881562624.0,-0.06925979256629944
3882500096.0,-0.0692528635263443
3883437568.0,-0.06967338919639587
3884375040.0,-0.06933032721281052
3885312512.0,-0.06876042485237122
3886249984.0,-0.06829368323087692
3887187456.0,-0.06783759593963623
3888124928.0,-0.06789430230855942
3889062400.0,-0.06727732717990875
3889999872.0,-0.06853599846363068
3890937600.0,-0.06866748631000519
3891875072.0,-0.06971575319766998
3892812544.0,-0.07073561102151871
3893750016.0,-0.07160770148038864
3894687488.0,-0.07316240668296814
3895624960.0,-0.07528045773506165
3896562432.0,-0.0778019055724144
3897499904.0,-0.07960323989391327
3898437376.0,-0.08381371945142746
3899375104.0,-0.08577779680490494
3900312576.0,-0.09019153565168381
3901250048.0,-0.09464340656995773
3902187520.0,-0.09819585829973221
3903124992.0,-0.10457798093557358
3904062464.0,-0.10859540104866028
3904999936.0,-0.11295132339000702
3905937408.0,-0.1179589256644249
3906874880.0,-0.13508181273937225
3907812608.0,-0.14343832433223724
3908750080.0,-0.1481066644191742
3909687552.0,-0.15289396047592163
3910625024.0,-0.1544092297554016
3911562496.0,-0.1554385870695114
3912499968.0,-0.15448661148548126
3913437440.0,-0.1489088237285614
3914374912.0,-0.14246222376823425
3915312384.0,-0.1343119740486145
3916250112.0,-0.12533189356327057
3917187584.0,-0.11268441379070282
3918125056.0,-0.10066518187522888
3919062528.0,-0.08685214817523956
3920000000.0,-0.07159368693828583
3920937472.0,-0.05610052868723869
3921874944.0,-0.03978246450424194
3922812416.0,-0.023601502180099487
3923749888.0,-0.006803499534726143
3924687616.0,0.008583134040236473
3925625088.0,0.024295203387737274
3926562560.0,0.038500044494867325
3927500032.0,0.051256030797958374
3928437504.0,0.0623573400080204
3929374976.0,0.0712704136967659
3930312448.0,0.07937793433666229
3931249920.0,0.0848197191953659
3932187392.0,0.08719037473201752
3933125120.0,0.08872263878583908
3934062592.0,0.08726785331964493
3935000064.0,0.08525644987821579
3935937536.0,0.08148737996816635
3936875008.0,0.07635608315467834
3937812480.0,0.06780501455068588
3938749952.0,0.06150458753108978
3939687424.0,0.0532509870827198
3940624896.0,0.043860215693712234
3941562624.0,0.033893562853336334
3942500096.0,0.0236200001090765
3943437568.0,0.015321913175284863
3944375040.0,0.006645468529313803
3945312512.0,-0.0009456856059841812
3946249984.0,-0.008860744535923004
3947187456.0,-0.01501920074224472
3948124928.0,-0.018839512020349503
3949062400.0,-0.024347206577658653
3950000128.0,-0.027882205322384834
3950937600.0,-0.03162957355380058
3951875072.0,-0.03312680870294571
3952812544.0,-0.03590404614806175
3953750016.0,-0.03694622218608856
3954687488.0,-0.03867271915078163
3955624960.0,-0.03987332060933113
3956562432.0,-0.04238271713256836
3957499904.0,-0.04317830875515938
3958437376.0,-0.04563616216182709
3959375104.0,-0.04575187712907791
3960312576.0,-0.04685395583510399
3961250048.0,-0.04770858958363533
3962187520.0,-0.051086701452732086
3963124992.0,-0.05405960604548454
3964062464.0,-0.05696440488100052
3964999936.0,-0.06193475425243378
3965937408.0,-0.06705783307552338
3966874880.0,-0.08164715766906738
3967812608.0,-0.09511542320251465
3968750080.0,-0.10923103988170624
3969687552.0,-0.12311029434204102
3970625024.0,-0.136524498462677
3971562496.0,-0.14809979498386383
3972499968.0,-0.15984372794628143
3973437440.0,-0.1705198734998703
3974374912.0,-0.1806635707616806
3975312384.0,-0.1881575882434845
3976250112.0,-0.19524702429771423
3977187584.0,-0.1999506801366806
3978125056.0,-0.20280537009239197
3979062528.0,-0.2056960165500641
3980000000.0,-0.2049437314271927
3980937472.0,-0.20452071726322174
3981874944.0,-0.2016633003950119
3982812416.0,-0.1974109560251236
3983749888.0,-0.19100338220596313
3984687616.0,-0.18489597737789154
3985625088.0,-0.17664355039596558
3986562560.0,-0.1671735644340515
3987500032.0,-0.1569780707359314
3988437504.0,-0.14588308334350586
3989374976.0,-0.13416467607021332
3990312448.0,-0.12104903906583786
3991249920.0,-0.10958404093980789
3992187392.0,-0.09781484305858612
3993125120.0,-0.0868067741394043
3994062592.0,-0.07512456178665161
3995000064.0,-0.06539793312549591
3995937536.0,-0.056565385311841965
3996875008.0,-0.0482473224401474
3997812480.0,-0.043011538684368134
3998749952.0,-0.03764105960726738
3999687424.0,-0.03173938766121864
4000624896.0,-0.03909068927168846
4001562624.0,-0.03710564598441124
4002500096.0,-0.03616095706820488
4003437568.0,-0.03657437860965729
4004375040.0,-0.03827140852808952
4005312512.0,-0.04142505303025246
4006249984.0,-0.045461736619472504
4007187456.0,-0.05022939294576645
4008124928.0,-0.056994397193193436
4009062400.0,-0.06437905877828598
4009999872.0,-0.07062511891126633
4010937600.0,-0.07847553491592407
4011875072.0,-0.08646111190319061
4012812544.0,-0.09376132488250732
4013750016.0,-0.103131964802742
4014687488.0,-0.11146280914545059
4015624960.0,-0.11931809782981873
4016562432.0,-0.12606929242610931
4017499904.0,-0.13312126696109772
4018437376.0,-0.14054235816001892
4019375104.0,-0.1475730687379837
4020312576.0,-0.15275463461875916
4021250048.0,-0.15789878368377686
4022187520.0,-0.16290520131587982
4023124992.0,-0.16678892076015472
4024062464.0,-0.17019978165626526
4024999936.0,-0.17237801849842072
4025937408.0,-0.1750815063714981
4026874880.0,-0.1682625412940979
4027812608.0,-0.1747134029865265
4028750080.0,-0.18126153945922852
4029687552.0,-0.18723338842391968
4030625024.0,-0.19295617938041687
4031562496.0,-0.1969515085220337
4032499968.0,-0.20160555839538574
4033437440.0,-0.20240028202533722
4034374912.0,-0.2046402245759964
4035312384.0,-0.20536455512046814
4036250112.0,-0.20472338795661926
4037187584.0,-0.20270957052707672
4038125056.0,-0.1996590942144394
4039062528.0,-0.19619543850421906
4040000000.0,-0.19150251150131226
4040937472.0,-0.18632803857326508
4041874944.0,-0.18017777800559998
4042812416.0,-0.17267578840255737
4043749888.0,-0.16401782631874084
4044687616.0,-0.1541336178779602
4045625088.0,-0.14282847940921783
4046562560.0,-0.1308484822511673
4047500032.0,-0.11861765384674072
4048437504.0,-0.10500394552946091
4049374976.0,-0.09176551550626755
4050312448.0,-0.07754301279783249
4051249920.0,-0.062383681535720825
4052187392.0,-0.04888966679573059
4053125120.0,-0.03541909158229828
4054062592.0,-0.022057272493839264
4055000064.0,-0.010034836828708649
4055937536.0,0.0009771704208105803
4056875008.0,0.010421388782560825
4057812480.0,0.018815902993083
4058749952.0,0.02616826444864273
4059687424.0,0.032094839960336685
4060624896.0,0.03689570352435112
4061562624.0,0.03886651620268822
4062500096.0,0.03977753967046738
4063437568.0,0.03883318975567818
4064375040.0,0.03593427687883377
4065312512.0,0.03302411362528801
4066249984.0,0.027064181864261627
4067187456.0,0.019181538373231888
4068124928.0,0.011345654726028442
4069062400.0,0.0017027049325406551
4070000128.0,-0.008871198631823063
4070937600.0,-0.0200919508934021
4071875072.0,-0.032820843160152435
4072812544.0,-0.04435496777296066
4073750016.0,-0.05840206518769264
4074687488.0,-0.07118302583694458
4075624960.0,-0.08431610465049744
4076562432.0,-0.09708306193351746
4077499904.0,-0.1088518425822258
4078437376.0,-0.11981002986431122
4079375104.0,-0.1300857663154602
4080312576.0,-0.13988074660301208
4081250048.0,-0.14820437133312225
4082187520.0,-0.15478692948818207
4083124992.0,-0.1605115383863449
4084062464.0,-0.16573071479797363
4084999936.0,-0.1692102700471878
4085937408.0,-0.17164483666419983
4086874880.0,-0.15384861826896667
4087812608.0,-0.15340593457221985
4088750080.0,-0.15204842388629913
4089687552.0,-0.15089073777198792
4090625024.0,-0.14675718545913696
4091562496.0,-0.14334233105182648
4092499968.0,-0.13854694366455078
4093437440.0,-0.13399972021579742
4094374912.0,-0.1288788616657257
4095312384.0,-0.1231251060962677
4096250112.0,-0.11630968749523163
4097187584.0,-0.10963714122772217
4098125056.0,-0.10288491100072861
4099062528.0,-0.09794039279222488
4100000000.0,-0.09203043580055237
4100937472.0,-0.08427939563989639
4101874944.0,-0.07846193015575409
4102812416.0,-0.07359196245670319
4103749888.0,-0.06840931624174118
4104687616.0,-0.06304661184549332
4105625088.0,-0.05785045772790909
4106562560.0,-0.05251149833202362
4107500032.0,-0.04902419447898865
4108437504.0,-0.045534513890743256
4109374976.0,-0.04155249893665314
4110312448.0,-0.03792780265212059
4111249920.0,-0.03454452380537987
4112187392.0,-0.03277090936899185
4113125120.0,-0.030189309269189835
4114062592.0,-0.028309930115938187
4115000064.0,-0.026825373992323875
4115937536.0,-0.02560686133801937
4116875008.0,-0.024979647248983383
4117812480.0,-0.023951109498739243
4118749952.0,-0.024212192744016647
4119687424.0,-0.025279546156525612
4120624896.0,-0.025284357368946075
4121562624.0,-0.026405638083815575
4122500096.0,-0.026086173951625824
4123437568.0,-0.02777516469359398
4124375040.0,-0.028758712112903595
4125312512.0,-0.031310927122831345
4126249984.0,-0.03289392963051796
4127187456.0,-0.03522901237010956
4128124928.0,-0.038406673818826675
4129062400.0,-0.04203687608242035
4129999872.0,-0.045473501086235046
4130937600.0,-0.04962724819779396
4131875072.0,-0.054040197283029556
4132812544.0,-0.059507064521312714
4133750016.0,-0.06554921716451645
4134687488.0,-0.0716736763715744
4135624960.0,-0.07811453938484192
4136562432.0,-0.08556566387414932
4137499904.0,-0.09270542114973068
4138437376.0,-0.10046794265508652
4139375104.0,-0.10850655287504196
4140312576.0,-0.11825006455183029
4141250048.0,-0.12801307439804077
4142187520.0,-0.13745485246181488
4143124992.0,-0.14594201743602753
4144062464.0,-0.15493954718112946
4144999936.0,-0.16395902633666992
4145937408.0,-0.17275716364383698
4146874880.0,-0.19312502443790436
4147812608.0,-0.20093606412410736
4148750080.0,-0.20558038353919983
4149687552.0,-0.20868398249149323
4150625024.0,-0.21029163897037506
4151562496.0,-0.20886263251304626
4152499968.0,-0.2069239765405655
4153437440.0,-0.20258383452892303
4154374912.0,-0.1964539736509323
4155312384.0,-0.18849848210811615
4156250112.0,-0.18013884127140045
4157187584.0,-0.17025813460350037
4158125056.0,-0.1592102199792862
4159062528.0,-0.14768148958683014
4160000000.0,-0.13615824282169342
4160937472.0,-0.12405214458703995
4161874944.0,-0.11181852966547012
4162812416.0,-0.09926598519086838
4163749888.0,-0.08691450953483582
4164687616.0,-0.07446950674057007
4165625088.0,-0.06337225437164307
4166562560.0,-0.05301050841808319
4167500032.0,-0.042017120867967606
4168437504.0,-0.031760722398757935
4169374976.0,-0.023441774770617485
4170312448.0,-0.015828683972358704
4171249920.0,-0.008046259172260761
4172187392.0,-0.0012595850275829434
4173125120.0,0.004655618220567703
4174062592.0,0.009372365660965443
4175000064.0,0.01392311416566372
4175937536.0,0.017356034368276596
4176875008.0,0.019732734188437462
4177812480.0,0.02190367504954338
4178749952.0,0.02455197460949421
4179687424.0,0.025224512442946434
4180624896.0,0.0252059455960989
4181562624.0,0.026618720963597298
4182500096.0,0.024896962568163872
4183437568.0,0.02448585256934166
4184375040.0,0.023203900083899498
4185312512.0,0.02094191685318947
4186249984.0,0.018740558996796608
4187187456.0,0.015862280502915382
4188124928.0,0.011521470732986927
4189062400.0,0.007837790064513683
4190000128.0,0.001918475260026753
4190937600.0,-0.0032439555507153273
4191875072.0,-0.00967483501881361
4192812544.0,-0.01619710400700569
4193750016.0,-0.02370419353246689
4194687488.0,-0.032678358256816864
4195624960.0,-0.04159175232052803
4196562432.0,-0.050492700189352036
4197499904.0,-0.06015172228217125
4198437376.0,-0.06948686391115189
4199375104.0,-0.07975488901138306
4200312576.0,-0.09173397719860077
4201250048.0,-0.10460518300533295
4202187520.0,-0.11761879920959473
4203124992.0,-0.1292722374200821
4204062464.0,-0.14278577268123627
4204999936.0,-0.1553683578968048
4205937408.0,-0.16823843121528625
4206874880.0,-0.17132340371608734
4207812608.0,-0.18395762145519257
4208750080.0,-0.19524049758911133
4209687552.0,-0.20687559247016907
4210625024.0,-0.21881309151649475
4211562496.0,-0.22816044092178345
4212499968.0,-0.23733094334602356
4213437440.0,-0.2442556470632553
4214374912.0,-0.2489948868751526
4215312384.0,-0.2510863244533539
4216250112.0,-0.25209924578666687
4217187584.0,-0.2499738186597824
4218125056.0,-0.24685485661029816
4219062528.0,-0.24087674915790558
4220000000.0,-0.23345664143562317
4220937472.0,-0.22368904948234558
4221874944.0,-0.21059264242649078
4222812416.0,-0.19670115411281586
4223749888.0,-0.17938247323036194
4224687616.0,-0.1618266999721527
4225625088.0,-0.14286692440509796
4226562560.0,-0.12133161723613739
4227500032.0,-0.09925872087478638
4228437504.0,-0.07668422907590866
4229374976.0,-0.05426276475191116
4230312448.0,-0.032215774059295654
4231249920.0,-0.010064844973385334
4232187392.0,0.01212301105260849
4233125120.0,0.031795039772987366
4234062592.0,0.051208000630140305
4235000064.0,0.06902334839105606
4235937536.0,0.0848453938961029
4236875008.0,0.09897568821907043
4237812480.0,0.11042845994234085
4238749952.0,0.12012171745300293
4239687424.0,0.12615904211997986
4240624896.0,0.12976758182048798
4241562624.0,0.13075633347034454
4242500096.0,0.12982423603534698
4243437568.0,0.12606342136859894
4244375040.0,0.12018422782421112
4245312512.0,0.1111108809709549
4246249984.0,0.10142199695110321
4247187456.0,0.09038762748241425
4248124928.0,0.07675588876008987
4249062400.0,0.06149742752313614
4249999872.0,0.04544525966048241
4250937600.0,0.028520803898572922
4251875072.0,0.011552941985428333
4252812544.0,-0.006765923462808132
4253750016.0,-0.025411229580640793
4254687488.0,-0.04334302991628647
4255624960.0,-0.062251754105091095
4256562432.0,-0.08065716922283173
4257499904.0,-0.09885714203119278
4258437376.0,-0.11665534228086472
4259375104.0,-0.13387808203697205
4260312576.0,-0.1497557908296585
4261250048.0,-0.16521352529525757
4262187520.0,-0.18073898553848267
4263124992.0,-0.1954047977924347
4264062464.0,-0.2086913138628006
4264999936.0,-0.22250942885875702
4265937408.0,-0.23550930619239807
4266874880.0,-0.24502328038215637
4267812608.0,-0.24879604578018188
4268750080.0,-0.2540876865386963
4269687552.0,-0.2588241994380951
4270625024.0,-0.26394030451774597
4271562496.0,-0.2692468464374542
4272499968.0,-0.2730100452899933
4273437440.0,-0.27611395716667175
4274374912.0,-0.2791081368923187
4275312384.0,-0.27993056178092957
4276250112.0,-0.28000178933143616
4277187584.0,-0.2785468101501465
4278125056.0,-0.27498650550842285
4279062528.0,-0.27006828784942627
4280000000.0,-0.263024240732193
4280937472.0,-0.254027396440506
4281874944.0,-0.24254588782787323
4282812416.0,-0.23039688169956207
4283749888.0,-0.21547506749629974
4284687616.0,-0.2003917545080185
4285625088.0,-0.183078333735466
4286562560.0,-0.16445404291152954
4287500032.0,-0.14506153762340546
4288437504.0,-0.12373391538858414
4289374976.0,-0.1010809913277626
4290312448.0,-0.07846282422542572
4291249920.0,-0.05413033813238144
4292187392.0,-0.03027557022869587
4293125120.0,-0.007546680048108101
4294062592.0,0.015928275883197784
4295000064.0,0.038857392966747284
4295937536.0,0.059455420821905136
4296875008.0,0.08016283065080643
4297812480.0,0.09802931547164917
4298749952.0,0.11517855525016785
4299687424.0,0.12942230701446533
4300624896.0,0.1437903344631195
4301562368.0,0.15415100753307343
4302499840.0,0.16227947175502777
4303437312.0,0.1670106202363968
4304374784.0,0.17022649943828583
4305312256.0,0.1705821305513382
4306250240.0,0.16805699467658997
4307187712.0,0.16041263937950134
4308125184.0,0.15170106291770935
4309062656.0,0.14025019109249115
4310000128.0,0.12564314901828766
4310937600.0,0.10775753110647202
4311875072.0,0.08685330301523209
4312812544.0,0.06423725932836533
4313750016.0,0.039255063980817795
4314687488.0,0.013221071101725101
4315624960.0,-0.014766774140298367
4316562432.0,-0.043356914073228836
4317499904.0,-0.07336515933275223
4318437376.0,-0.10440648347139359
4319374848.0,-0.13445232808589935
4320312320.0,-0.16533246636390686
4321249792.0,-0.195162832736969
4322187264.0,-0.22210411727428436
4323125248.0,-0.24834482371807098
4324062720.0,-0.27266237139701843
4325000192.0,-0.29430851340293884
4325937664.0,-0.3146488070487976
4326875136.0,-0.34688296914100647
4327812608.0,-0.3410830795764923
4328750080.0,-0.33440864086151123
4329687552.0,-0.32662561535835266
4330625024.0,-0.31779807806015015
4331562496.0,-0.3097519874572754
4332499968.0,-0.29983365535736084
4333437440.0,-0.2908274829387665
4334374912.0,-0.2824442982673645
4335312384.0,-0.27393993735313416
4336249856.0,-0.2666957974433899
4337187328.0,-0.2599371671676636
4338124800.0,-0.254202663898468
4339062272.0,-0.24813394248485565
4339999744.0,-0.2431405633687973
4340937728.0,-0.23928986489772797
4341875200.0,-0.23404552042484283
4342812672.0,-0.22878329455852509
4343750144.0,-0.22312681376934052
4344687616.0,-0.21726399660110474
4345625088.0,-0.2108256071805954
4346562560.0,-0.20423410832881927
4347500032.0,-0.19594170153141022
4348437504.0,-0.18860986828804016
4349374976.0,-0.17906709015369415
4350312448.0,-0.169392392039299
4351249920.0,-0.15864868462085724
4352187392.0,-0.14597195386886597
4353124864.0,-0.13190867006778717
4354062336.0,-0.11684101819992065
4354999808.0,-0.09946928173303604
4355937280.0,-0.08375044167041779
4356874752.0,-0.06626533716917038
4357812736.0,-0.05081158131361008
4358750208.0,-0.037213992327451706
4359687680.0,-0.0265443604439497
4360625152.0,-0.017852745950222015
4361562624.0,-0.013482260517776012
4362500096.0,-0.01076588686555624
4363437568.0,-0.009066784754395485
4364375040.0,-0.007937361486256123
4365312512.0,-0.006193870212882757
4366249984.0,-0.005996050778776407
4367187456.0,-0.006024262402206659
4368124928.0,-0.007282360456883907
4369062400.0,-0.00868985801935196
4369999872.0,-0.011375616304576397
4370937344.0,-0.0129202576354146
4371874816.0,-0.015772942453622818
4372812288.0,-0.021142156794667244
4373749760.0,-0.027263721451163292
4374687744.0,-0.03445005416870117
4375625216.0,-0.04284937307238579
4376562688.0,-0.052206069231033325
4377500160.0,-0.06335102766752243
4378437632.0,-0.07752435654401779
4379375104.0,-0.09295251220464706
4380312576.0,-0.10946690291166306
4381250048.0,-0.12857724726200104
4382187520.0,-0.14940910041332245
4383124992.0,-0.17079345881938934
4384062464.0,-0.19426017999649048
4384999936.0,-0.21765713393688202
4385937408.0,-0.24098321795463562
4386874880.0,-0.33289986848831177
4387812352.0,-0.3475164771080017
4388749824.0,-0.36061954498291016
4389687296.0,-0.37112191319465637
4390624768.0,-0.3793182671070099
4391562752.0,-0.38440898060798645
4392500224.0,-0.3874798119068146
4393437696.0,-0.3855481445789337
4394375168.0,-0.3823308050632477
4395312640.0,-0.3748205900192261
4396250112.0,-0.3648810386657715
4397187584.0,-0.35040783882141113
4398125056.0,-0.3324291408061981
4399062528.0,-0.31188252568244934
4400000000.0,-0.2878377437591553
4400937472.0,-0.2625289559364319
4401874944.0,-0.23578119277954102
4402812416.0,-0.2071073204278946
4403749888.0,-0.1770285815000534
4404687360.0,-0.1443326473236084
4405624832.0,-0.11155827343463898
4406562304.0,-0.0787540078163147
4407499776.0,-0.045754626393318176
4408437248.0,-0.013437613844871521
4409375232.0,0.016087103635072708
4410312704.0,0.045346155762672424
4411250176.0,0.07230920344591141
4412187648.0,0.09732164442539215
4413125120.0,0.11891031265258789
4414062592.0,0.13945560157299042
4415000064.0,0.15552927553653717
4415937536.0,0.16957423090934753
4416875008.0,0.17972621321678162
4417812480.0,0.18717634677886963
4418749952.0,0.1898864209651947
4419687424.0,0.18959371745586395
4420624896.0,0.18738360702991486
4421562368.0,0.17994776368141174
4422499840.0,0.16945968568325043
4423437312.0,0.15653951466083527
4424374784.0,0.14138779044151306
4425312256.0,0.122942253947258
4426250240.0,0.10287167876958847
4427187712.0,0.08138241618871689
4428125184.0,0.0574931763112545
4429062656.0,0.03280506655573845
4430000128.0,0.006106490269303322
4430937600.0,-0.02109401300549507
4431875072.0,-0.047014132142066956
4432812544.0,-0.07350252568721771
4433750016.0,-0.0998300313949585
4434687488.0,-0.12467154860496521
4435624960.0,-0.14847007393836975
4436562432.0,-0.17100802063941956
4437499904.0,-0.18965204060077667
4438437376.0,-0.20775233209133148
4439374848.0,-0.22334349155426025
4440312320.0,-0.2364054024219513
4441249792.0,-0.24663721024990082
4442187264.0,-0.2533283531665802
4443125248.0,-0.2597130835056305
4444062720.0,-0.2625248432159424
4445000192.0,-0.2657245397567749
4445937664.0,-0.264078289270401
4446875136.0,-0.20728151500225067
4447812608.0,-0.21253420412540436
4448750080.0,-0.21428294479846954
4449687552.0,-0.21420703828334808
4450625024.0,-0.21144600212574005
4451562496.0,-0.20473431050777435
4452499968.0,-0.195967435836792
4453437440.0,-0.18450646102428436
4454374912.0,-0.17073166370391846
4455312384.0,-0.1537950187921524
4456249856.0,-0.13570977747440338
4457187328.0,-0.11606579273939133
4458124800.0,-0.09522639960050583
4459062272.0,-0.07317285239696503
4460000256.0,-0.05201103165745735
4460937728.0,-0.03000330924987793
4461875200.0,-0.007690911181271076
4462812672.0,0.01364183984696865
4463750144.0,0.03352835029363632
4464687616.0,0.052056021988391876
4465625088.0,0.07068003714084625
4466562560.0,0.0842895582318306
4467500032.0,0.0971764475107193
4468437504.0,0.10789493471384048
4469374976.0,0.11491040140390396
4470312448.0,0.1199154406785965
4471249920.0,0.1206795945763588
4472187392.0,0.11867023259401321
4473124864.0,0.11388332396745682
4474062336.0,0.10686402022838593
4474999808.0,0.0968032032251358
4475937280.0,0.08415532112121582
4476874752.0,0.06728777289390564
4477812736.0,0.049739643931388855
4478750208.0,0.029838882386684418
4479687680.0,0.008055816404521465
4480625152.0,-0.01650402881205082
4481562624.0,-0.04251110553741455
4482500096.0,-0.0685637816786766
4483437568.0,-0.09644217789173126
4484375040.0,-0.12455756962299347
4485312512.0,-0.1533220261335373
4486249984.0,-0.18083831667900085
4487187456.0,-0.20788972079753876
4488124928.0,-0.234874427318573
4489062400.0,-0.260459303855896
4489999872.0,-0.2843416929244995
4490937344.0,-0.3058317005634308
4491874816.0,-0.32644549012184143
4492812288.0,-0.34425318241119385
4493749760.0,-0.3606418967247009
4494687744.0,-0.3736349642276764
4495625216.0,-0.3844703733921051
4496562688.0,-0.3935682773590088
4497500160.0,-0.4010680019855499
4498437632.0,-0.40565401315689087
4499375104.0,-0.4085949659347534
4500312576.0,-0.4095872938632965
4501250048.0,-0.4093014597892761
4502187520.0,-0.4085673689842224
4503124992.0,-0.4057156443595886
4504062464.0,-0.40274712443351746
4504999936.0,-0.39762505888938904
4505937408.0,-0.39353907108306885
4506874880.0,-0.2739366590976715
4507812352.0,-0.27039068937301636
4508749824.0,-0.2675599157810211
4509687296.0,-0.2656906843185425
4510624768.0,-0.2650054693222046
4511562752.0,-0.26570215821266174
4512500224.0,-0.26702186465263367
4513437696.0,-0.26779118180274963
4514375168.0,-0.2709311246871948
4515312640.0,-0.27551957964897156
4516250112.0,-0.2801833748817444
4517187584.0,-0.2859198749065399
4518125056.0,-0.29293954372406006
4519062528.0,-0.2999865710735321
4520000000.0,-0.3073809742927551
4520937472.0,-0.3163486421108246
4521874944.0,-0.32644960284233093
4522812416.0,-0.33631932735443115
4523749888.0,-0.3472006618976593
4524687360.0,-0.35687538981437683
4525624832.0,-0.3656699061393738
4526562304.0,-0.375347375869751
4527499776.0,-0.3834020793437958
4528437248.0,-0.392040878534317
4529375232.0,-0.4006548523902893
4530312704.0,-0.4080505967140198
4531250176.0,-0.4171186685562134
4532187648.0,-0.4241734743118286
4533125120.0,-0.43083280324935913
4534062592.0,-0.4378546476364136
4535000064.0,-0.44419047236442566
4535937536.0,-0.4491143226623535
4536875008.0,-0.4536086618900299
4537812480.0,-0.45682960748672485
4538749952.0,-0.4593495726585388
4539687424.0,-0.46048587560653687
4540624896.0,-0.4613803029060364
4541562368.0,-0.46203750371932983
4542499840.0,-0.4618358016014099
4543437312.0,-0.459710955619812
4544374784.0,-0.45852071046829224
4545312256.0,-0.45639556646347046
4546250240.0,-0.4534997045993805
4547187712.0,-0.449750691652298
4548125184.0,-0.4474143087863922
4549062656.0,-0.4450235366821289
4550000128.0,-0.44151535630226135
4550937600.0,-0.43895161151885986
4551875072.0,-0.43537411093711853
4552812544.0,-0.4325801432132721
4553750016.0,-0.4304904341697693
4554687488.0,-0.42776596546173096
4555624960.0,-0.4264703691005707
4556562432.0,-0.42533594369888306
4557499904.0,-0.4236880838871002
4558437376.0,-0.4217461347579956
4559374848.0,-0.41981279850006104
4560312320.0,-0.4199521541595459
4561249792.0,-0.4189296364784241
4562187264.0,-0.4185207784175873
4563125248.0,-0.41706910729408264
4564062720.0,-0.41592180728912354
4565000192.0,-0.4133320450782776
4565937664.0,-0.4115006923675537
4566875136.0,-0.3667031526565552
4567812608.0,-0.37240707874298096
4568750080.0,-0.3768272399902344
4569687552.0,-0.37950509786605835
4570625024.0,-0.37972378730773926
4571562496.0,-0.37805965542793274
4572499968.0,-0.37541258335113525
4573437440.0,-0.3696426451206207
4574374912.0,-0.3620825707912445
4575312384.0,-0.3524036705493927
4576249856.0,-0.34074047207832336
4577187328.0,-0.3278530538082123
4578124800.0,-0.31228703260421753
4579062272.0,-0.29519760608673096
4579999744.0,-0.2761530876159668
4580937728.0,-0.25589919090270996
4581875200.0,-0.23451174795627594
4582812672.0,-0.21190163493156433
4583750144.0,-0.1887119561433792
4584687616.0,-0.16665557026863098
4585625088.0,-0.14207813143730164
4586562560.0,-0.1198633536696434
4587500032.0,-0.09752720594406128
4588437504.0,-0.07624810934066772
4589374976.0,-0.05615689605474472
4590312448.0,-0.0372718945145607
4591249920.0,-0.02011006884276867
4592187392.0,-0.004540564026683569
4593124864.0,0.008464853279292583
4594062336.0,0.018500916659832
4594999808.0,0.02707124873995781
4595937280.0,0.032885339111089706
4596874752.0,0.035834141075611115
4597812736.0,0.03544802591204643
4598750208.0,0.033572860062122345
4599687680.0,0.028704827651381493
4600625152.0,0.02103906311094761
4601562624.0,0.011406304314732552
4602500096.0,-0.0015366605948656797
4603437568.0,-0.015523427166044712
4604375040.0,-0.03331869840621948
4605312512.0,-0.0509861595928669
4606249984.0,-0.07101424783468246
4607187456.0,-0.09244890511035919
4608124928.0,-0.11510371416807175
4609062400.0,-0.13653041422367096
4609999872.0,-0.16104450821876526
4610937344.0,-0.18369300663471222
4611874816.0,-0.2068738341331482
4612812288.0,-0.2284662127494812
4613749760.0,-0.25055012106895447
4614687744.0,-0.2710471749305725
4615625216.0,-0.29130563139915466
4616562688.0,-0.3098178803920746
4617500160.0,-0.3272309899330139
4618437632.0,-0.34265387058258057
4619375104.0,-0.3575495779514313
4620312576.0,-0.3702266216278076
4621250048.0,-0.3827928304672241
4622187520.0,-0.3942417800426483
4623124992.0,-0.4048374593257904
4624062464.0,-0.4153054654598236
4624999936.0,-0.42483481764793396
4625937408.0,-0.43329063057899475
4626874880.0,-0.4454016387462616
4627812352.0,-0.4405171573162079
4628749824.0,-0.4342595636844635
4629687296.0,-0.42692089080810547
4630624768.0,-0.41866534948349
4631562752.0,-0.4099843204021454
4632500224.0,-0.4008217453956604
4633437696.0,-0.3906450867652893
4634375168.0,-0.38161981105804443
4635312640.0,-0.3713493347167969
4636250112.0,-0.36156338453292847
4637187584.0,-0.3525785207748413
4638125056.0,-0.3431648015975952
4639062528.0,-0.334999680519104
4640000000.0,-0.3271873891353607
4640937472.0,-0.3202159106731415
4641874944.0,-0.31315144896507263
4642812416.0,-0.3086198568344116
4643749888.0,-0.3046247959136963
4644687360.0,-0.3010084331035614
4645624832.0,-0.29923713207244873
4646562304.0,-0.29936379194259644
4647499776.0,-0.30070599913597107
4648437248.0,-0.30301788449287415
4649375232.0,-0.3067028820514679
4650312704.0,-0.3103615641593933
4651250176.0,-0.31488800048828125
4652187648.0,-0.31951600313186646
4653125120.0,-0.3259875476360321
4654062592.0,-0.33250105381011963
4655000064.0,-0.34117501974105835
4655937536.0,-0.35050132870674133
4656875008.0,-0.36075034737586975
4657812480.0,-0.37171369791030884
4658749952.0,-0.3826907277107239
4659687424.0,-0.3938174247741699
4660624896.0,-0.4057033360004425
4661562368.0,-0.41746509075164795
4662499840.0,-0.4310666024684906
4663437312.0,-0.4439438581466675
4664374784.0,-0.45821940898895264
4665312256.0,-0.4728543162345886
4666250240.0,-0.4885859489440918
4667187712.0,-0.5026966333389282
4668125184.0,-0.5181800723075867
4669062656.0,-0.5334265232086182
4670000128.0,-0.5488502979278564
4670937600.0,-0.5638500452041626
4671875072.0,-0.5776563286781311
4672812544.0,-0.5914162397384644
4673750016.0,-0.6060097813606262
4674687488.0,-0.6184017658233643
4675624960.0,-0.6292804479598999
4676562432.0,-0.6412001252174377
4677499904.0,-0.6527409553527832
4678437376.0,-0.6633877754211426
4679374848.0,-0.6735953092575073
4680312320.0,-0.6819677948951721
4681249792.0,-0.689730167388916
4682187264.0,-0.6953903436660767
4683125248.0,-0.6995757222175598
4684062720.0,-0.702812910079956
4685000192.0,-0.7034724354743958
4685937664.0,-0.7022435665130615
4686875136.0,-0.679182231426239
4687812608.0,-0.6780596971511841
4688750080.0,-0.6738406419754028
4689687552.0,-0.6677204370498657
4690625024.0,-0.659233808517456
4691562496.0,-0.647240936756134
4692499968.0,-0.6336926817893982
4693437440.0,-0.6185920238494873
4694374912.0,-0.6005886197090149
4695312384.0,-0.5804572105407715
4696249856.0,-0.5606043338775635
4697187328.0,-0.5372885465621948
4698124800.0,-0.5149536728858948
4699062272.0,-0.4914361238479614
4700000256.0,-0.4691721796989441
4700937728.0,-0.4469675123691559
4701875200.0,-0.4264761209487915
4702812672.0,-0.40700817108154297
4703750144.0,-0.3905521035194397
4704687616.0,-0.37644490599632263
4705625088.0,-0.364100843667984
4706562560.0,-0.3559887707233429
4707500032.0,-0.35177597403526306
4708437504.0,-0.3522062301635742
4709374976.0,-0.35669538378715515
4710312448.0,-0.3667382299900055
4711249920.0,-0.381803423166275
4712187392.0,-0.4013201594352722
4713124864.0,-0.4248584508895874
4714062336.0,-0.45392516255378723
4714999808.0,-0.48726871609687805
4715937280.0,-0.5239197015762329
4716874752.0,-0.5642435550689697
4717812736.0,-0.6080981492996216
4718750208.0,-0.6545577645301819
4719687680.0,-0.702481746673584
4720625152.0,-0.7506019473075867
4721562624.0,-0.800689160823822
4722500096.0,-0.8492940068244934
4723437568.0,-0.8968157768249512
4724375040.0,-0.9422267079353333
4725312512.0,-0.9848078489303589
4726249984.0,-1.0256166458129883
4727187456.0,-1.0603522062301636
4728124928.0,-1.0912235975265503
4729062400.0,-1.1169899702072144
4729999872.0,-1.1384286880493164
4730937344.0,-1.155580759048462
4731874816.0,-1.1680001020431519
4732812288.0,-1.1773693561553955
4733749760.0,-1.1828126907348633
4734687744.0,-1.1833664178848267
4735625216.0,-1.1822154521942139
4736562688.0,-1.1777102947235107
4737500160.0,-1.1697694063186646
4738437632.0,-1.1624034643173218
4739375104.0,-1.1517611742019653
4740312576.0,-1.140267014503479
4741250048.0,-1.126737356185913
4742187520.0,-1.1125694513320923
4743124992.0,-1.0970379114151
4744062464.0,-1.0814913511276245
4744999936.0,-1.0657126903533936
4745937408.0,-1.049820065498352
4746874880.0,-0.8084614872932434
4747812352.0,-0.8160240054130554
4748749824.0,-0.8222063779830933
4749687296.0,-0.8296248912811279
4750624768.0,-0.8371548056602478
4751562752.0,-0.8427995443344116
4752500224.0,-0.8482879996299744
4753437696.0,-0.8537936806678772
4754375168.0,-0.8575061559677124
4755312640.0,-0.8617990612983704
4756250112.0,-0.8651130795478821
4757187584.0,-0.8661707043647766
4758125056.0,-0.8664067387580872
4759062528.0,-0.8668668866157532
4760000000.0,-0.8664143085479736
4760937472.0,-0.8648110628128052
4761874944.0,-0.8618587255477905
4762812416.0,-0.8572921752929688
4763749888.0,-0.8544265031814575
4764687360.0,-0.84937983751297
4765624832.0,-0.844692587852478
4766562304.0,-0.8399369120597839
4767499776.0,-0.8341972827911377
4768437248.0,-0.8290374279022217
4769375232.0,-0.8232499361038208
4770312704.0,-0.8175559043884277
4771250176.0,-0.8136743903160095
4772187648.0,-0.8091467022895813
4773125120.0,-0.8064916133880615
4774062592.0,-0.802763819694519
4775000064.0,-0.8005322813987732
4775937536.0,-0.8003613352775574
4776875008.0,-0.801024854183197
4777812480.0,-0.8041743636131287
4778749952.0,-0.8082183003425598
4779687424.0,-0.8138333559036255
4780624896.0,-0.821299135684967
4781562368.0,-0.8310107588768005
4782499840.0,-0.8407046794891357
4783437312.0,-0.8545402884483337
4784374784.0,-0.8687394857406616
4785312256.0,-0.8862714767456055
4786250240.0,-0.9047512412071228
4787187712.0,-0.9264114499092102
4788125184.0,-0.9491967558860779
4789062656.0,-0.9730243682861328
4790000128.0,-0.9991894364356995
4790937600.0,-1.0246636867523193
4791875072.0,-1.0519908666610718
4792812544.0,-1.080510139465332
4793750016.0,-1.108370304107666
4794687488.0,-1.135634183883667
4795624960.0,-1.1628906726837158
4796562432.0,-1.1892536878585815
4797499904.0,-1.2161575555801392
4798437376.0,-1.2414628267288208
4799374848.0,-1.264585256576538
4800312320.0,-1.287760853767395
4801249792.0,-1.308207392692566
4802187264.0,-1.3272699117660522
4803125248.0,-1.3434923887252808
4804062720.0,-1.3579611778259277
4805000192.0,-1.3703770637512207
4805937664.0,-1.3803226947784424
4806875136.0,-1.236407995223999
4807812608.0,-1.2420754432678223
4808750080.0,-1.2448699474334717
4809687552.0,-1.2451509237289429
4810625024.0,-1.2448793649673462
4811562496.0,-1.2430578470230103
4812499968.0,-1.2393311262130737
4813437440.0,-1.2335941791534424
4814374912.0,-1.228015661239624
4815312384.0,-1.2207114696502686
4816249856.0,-1.2141413688659668
4817187328.0,-1.2066936492919922
4818124800.0,-1.199142336845398
4819062272.0,-1.1924551725387573
4819999744.0,-1.1868510246276855
4820937728.0,-1.1824824810028076
4821875200.0,-1.1767843961715698
4822812672.0,-1.1740186214447021
4823750144.0,-1.1706119775772095
4824687616.0,-1.1705034971237183
4825625088.0,-1.1703637838363647
4826562560.0,-1.1729031801223755
4827500032.0,-1.1774617433547974
4828437504.0,-1.1835551261901855
4829374976.0,-1.1921924352645874
4830312448.0,-1.2031136751174927
4831249920.0,-1.2162870168685913
4832187392.0,-1.230434775352478
4833124864.0,-1.2458873987197876
4834062336.0,-1.261897325515747
4834999808.0,-1.2811568975448608
4835937280.0,-1.3002278804779053
4836874752.0,-1.3202773332595825
4837812736.0,-1.340840458869934
4838750208.0,-1.3632287979125977
4839687680.0,-1.38467276096344
4840625152.0,-1.4073750972747803
4841562624.0,-1.42799711227417
4842500096.0,-1.4506438970565796
4843437568.0,-1.471149206161499
4844375040.0,-1.4912174940109253
4845312512.0,-1.5105066299438477
4846249984.0,-1.5294294357299805
4847187456.0,-1.5461792945861816
4848124928.0,-1.5626839399337769
4849062400.0,-1.5774890184402466
4849999872.0,-1.5909653902053833
4850937344.0,-1.6022497415542603
4851874816.0,-1.6129800081253052
4852812288.0,-1.622025728225708
4853749760.0,-1.6310497522354126
4854687744.0,-1.6369860172271729
4855625216.0,-1.6432865858078003
4856562688.0,-1.6479960680007935
4857500160.0,-1.6514897346496582
4858437632.0,-1.6552191972732544
4859375104.0,-1.658501148223877
4860312576.0,-1.6626170873641968
4861250048.0,-1.666225552558899
4862187520.0,-1.6703205108642578
4863124992.0,-1.6763907670974731
4864062464.0,-1.6799873113632202
4864999936.0,-1.6842308044433594
4865937408.0,-1.686133623123169
4866874880.0,-1.6685656309127808
4867812352.0,-1.670180320739746
4868749824.0,-1.6734579801559448
4869687296.0,-1.6768944263458252
4870624768.0,-1.682041883468628
4871562752.0,-1.6865105628967285
4872500224.0,-1.6932371854782104
4873437696.0,-1.7013648748397827
4874375168.0,-1.7103627920150757
4875312640.0,-1.7192455530166626
4876250112.0,-1.7285611629486084
4877187584.0,-1.7386176586151123
4878125056.0,-1.7499325275421143
4879062528.0,-1.7606902122497559
4880000000.0,-1.7718901634216309
4880937472.0,-1.7834055423736572
4881874944.0,-1.795521855354309
4882812416.0,-1.809818983078003
4883749888.0,-1.8221848011016846
4884687360.0,-1.8347034454345703
4885624832.0,-1.8485873937606812
4886562304.0,-1.8624104261398315
4887499776.0,-1.8734991550445557
4888437248.0,-1.8829671144485474
4889375232.0,-1.8914003372192383
4890312704.0,-1.896661639213562
4891250176.0,-1.8980557918548584
4892187648.0,-1.8983782529830933
4893125120.0,-1.8952187299728394
4894062592.0,-1.8908218145370483
4895000064.0,-1.8824400901794434
4895937536.0,-1.87149977684021
4896875008.0,-1.8570444583892822
4897812480.0,-1.8409162759780884
4898749952.0,-1.8233171701431274
4899687424.0,-1.802393913269043
4900624896.0,-1.7819300889968872
4901562368.0,-1.7571544647216797
4902499840.0,-1.7318122386932373
4903437312.0,-1.7054847478866577
4904374784.0,-1.6767067909240723
4905312256.0,-1.6481831073760986
4906250240.0,-1.6191903352737427
4907187712.0,-1.5916377305984497
4908125184.0,-1.5629806518554688
4909062656.0,-1.5379514694213867
4910000128.0,-1.514846920967102
4910937600.0,-1.4904836416244507
4911875072.0,-1.4701972007751465
4912812544.0,-1.4513353109359741
4913750016.0,-1.4343336820602417
4914687488.0,-1.4190460443496704
4915624960.0,-1.4078729152679443
4916562432.0,-1.3981523513793945
4917499904.0,-1.3909608125686646
4918437376.0,-1.3854159116744995
4919374848.0,-1.382850170135498
4920312320.0,-1.3833069801330566
4921249792.0,-1.3850719928741455
4922187264.0,-1.3327199220657349
4923125248.0,-1.3210339546203613
4924062720.0,-1.3109725713729858
4925000192.0,-1.3017011880874634
4925937664.0,-1.4087318181991577
4926875136.0,-1.4154740571975708
4927812608.0,-1.4207054376602173
4928750080.0,-1.426792860031128
4929687552.0,-1.4307255744934082
4930625024.0,-1.4333679676055908
4931562496.0,-1.433952808380127
4932499968.0,-1.4330329895019531
4933437440.0,-1.428466558456421
4934374912.0,-1.4239144325256348
4935312384.0,-1.4161044359207153
4936249856.0,-1.406137466430664
4937187328.0,-1.3933781385421753
4938124800.0,-1.3802106380462646
4939062272.0,-1.3629350662231445
4940000256.0,-1.3438607454299927
4940937728.0,-1.3227819204330444
4941875200.0,-1.3006669282913208
4942812672.0,-1.2782554626464844
4943750144.0,-1.2557140588760376
4944687616.0,-1.2302619218826294
4945625088.0,-1.2078169584274292
4946562560.0,-1.1845343112945557
4947500032.0,-1.1638686656951904
4948437504.0,-1.141829490661621
4949374976.0,-1.1226545572280884
4950312448.0,-1.1061601638793945
4951249920.0,-1.090800404548645
4952187392.0,-1.0785229206085205
4953124864.0,-1.0668299198150635
4954062336.0,-1.0583255290985107
4954999808.0,-1.0507662296295166
4955937280.0,-1.0447518825531006
4956874752.0,-1.040112853050232
4957812736.0,-1.0374500751495361
4958750208.0,-1.0344139337539673
4959687680.0,-1.0326640605926514
4960625152.0,-1.0297009944915771
4961562624.0,-1.0281769037246704
4962500096.0,-1.0257173776626587
4963437568.0,-1.021788239479065
4964375040.0,-1.0177620649337769
4965312512.0,-1.010979413986206
4966249984.0,-1.003556728363037
4967187456.0,-0.9949359893798828
4968124928.0,-0.9869323372840881
4969062400.0,-0.9774147868156433
4969999872.0,-0.9673417806625366
4970937344.0,-0.9575703144073486
4971874816.0,-0.9464430809020996
4972812288.0,-0.9364223480224609
4973749760.0,-0.9261189103126526
4974687744.0,-0.9160944223403931
4975625216.0,-0.9073269367218018
4976562688.0,-0.8994432091712952
4977500160.0,-0.8916283249855042
4978437632.0,-0.8837539553642273
4979375104.0,-0.8760560154914856
4980312576.0,-0.8684666156768799
4981250048.0,-0.8597573637962341
4982187520.0,-0.8509379625320435
4983124992.0,-0.841706395149231
4984062464.0,-0.8330339193344116
4984999936.0,-0.8238747119903564
4985937408.0,-0.8016231060028076
4986874880.0,-0.7915560603141785
4987812352.0,-0.78379887342453
4988749824.0,-0.7765926718711853
4989687296.0,-0.7706284523010254
4990624768.0,-0.7657554745674133
4991562752.0,-0.7623504996299744
4992500224.0,-0.7598103284835815
4993437696.0,-0.7595152854919434
4994375168.0,-0.7597644329071045
4995312640.0,-0.7607063055038452
4996250112.0,-0.764004111289978
4997187584.0,-0.7687271237373352
4998125056.0,-0.7756418585777283
4999062528.0,-0.7827179431915283
5000000000.0,-0.7900147438049316
5000937472.0,-0.798187792301178
5001874944.0,-0.8081744313240051
5002812416.0,-0.815997838973999
5003749888.0,-0.824467122554779
5004687360.0,-0.8321841955184937
5005624832.0,-0.8378031253814697
5006562304.0,-0.8437399864196777
5007499776.0,-0.8486247062683105
5008437248.0,-0.8510832786560059
5009375232.0,-0.8511626720428467
5010312704.0,-0.8493726253509521
5011250176.0,-0.8449823260307312
5012187648.0,-0.8396164774894714
5013125120.0,-0.8298200964927673
5014062592.0,-0.8201135396957397
5015000064.0,-0.8059977293014526
5015937536.0,-0.7902814745903015
5016875008.0,-0.7717017531394958
5017812480.0,-0.7504758834838867
5018749952.0,-0.7270063161849976
5019687424.0,-0.7019298672676086
5020624896.0,-0.6740889549255371
5021562368.0,-0.6445585489273071
5022499840.0,-0.6143816709518433
5023437312.0,-0.5833941102027893
5024374784.0,-0.5513505339622498
5025312256.0,-0.5190028548240662
5026250240.0,-0.4883102476596832
5027187712.0,-0.457481324672699
5028125184.0,-0.42720431089401245
5029062656.0,-0.3996105492115021
5030000128.0,-0.37348300218582153
5030937600.0,-0.3486637771129608
5031875072.0,-0.3270653784275055
5032812544.0,-0.30571526288986206
5033750016.0,-0.2889924943447113
5034687488.0,-0.2740248739719391
5035624960.0,-0.2615945041179657
5036562432.0,-0.2532848119735718
5037499904.0,-0.24753189086914062
5038437376.0,-0.24537137150764465
5039374848.0,-0.24553489685058594
5040312320.0,-0.2499866485595703
5041249792.0,-0.25599244236946106
5042187264.0,-0.26511555910110474
5043125248.0,-0.2787223160266876
5044062720.0,-0.2933237552642822
5045000192.0,-0.3110869228839874
5045937664.0,-0.578278124332428
5046875136.0,-0.5871920585632324
5047812608.0,-0.5964948534965515
5048750080.0,-0.605924665927887
5049687552.0,-0.615263819694519
5050625024.0,-0.6257348656654358
5051562496.0,-0.6342372894287109
5052499968.0,-0.6438307762145996
5053437440.0,-0.6523978114128113
5054374912.0,-0.6600048542022705
5055312384.0,-0.6676652431488037
5056249856.0,-0.6745433807373047
5057187328.0,-0.6811479330062866
5058124800.0,-0.6869029402732849
5059062272.0,-0.6904365420341492
5059999744.0,-0.6938284635543823
5060937728.0,-0.6945046186447144
5061875200.0,-0.6945279836654663
5062812672.0,-0.6926496028900146
5063750144.0,-0.6892579793930054
5064687616.0,-0.6838529109954834
5065625088.0,-0.6773747205734253
5066562560.0,-0.6677613258361816
5067500032.0,-0.6572677493095398
5068437504.0,-0.644729733467102
5069374976.0,-0.6302379369735718
5070312448.0,-0.6153548955917358
5071249920.0,-0.5966795086860657
5072187392.0,-0.5773171186447144
5073124864.0,-0.5565369129180908
5074062336.0,-0.5354463458061218
5074999808.0,-0.5114783644676208
5075937280.0,-0.4881082773208618
5076874752.0,-0.46392953395843506
5077812736.0,-0.43923327326774597
5078750208.0,-0.41384899616241455
5079687680.0,-0.3894056975841522
5080625152.0,-0.36450716853141785
5081562624.0,-0.33981651067733765
5082500096.0,-0.31566864252090454
5083437568.0,-0.293934166431427
5084375040.0,-0.2731281816959381
5085312512.0,-0.2558324933052063
5086249984.0,-0.23914676904678345
5087187456.0,-0.22408251464366913
5088124928.0,-0.21294118463993073
5089062400.0,-0.20247915387153625
5089999872.0,-0.19649797677993774
5090937344.0,-0.1915537416934967
5091874816.0,-0.1898547112941742
5092812288.0,-0.1918921321630478
5093749760.0,-0.19494031369686127
5094687744.0,-0.20196321606636047
5095625216.0,-0.21035712957382202
5096562688.0,-0.2211584746837616
5097500160.0,-0.23446124792099
5098437632.0,-0.2503663897514343
5099375104.0,-0.26831671595573425
5100312576.0,-0.2875458598136902
5101250048.0,-0.3077858090400696
5102187520.0,-0.33011990785598755
5103124992.0,-0.3540005087852478
5104062464.0,-0.3780088424682617
5104999936.0,-0.4020286202430725
5105937408.0,-0.49783411622047424
5106874880.0,-0.5152177810668945
5107812352.0,-0.5316914319992065
5108749824.0,-0.5470980405807495
5109687296.0,-0.5605576038360596
5110624768.0,-0.5715832114219666
5111562752.0,-0.5804185271263123
5112500224.0,-0.5887016654014587
5113437696.0,-0.5932391285896301
5114375168.0,-0.5963169932365417
5115312640.0,-0.5977253317832947
5116250112.0,-0.5975014567375183
5117187584.0,-0.5946996212005615
5118125056.0,-0.5915014743804932
5119062528.0,-0.5861659049987793
5120000000.0,-0.5818332433700562
5120937472.0,-0.5751042366027832
5121874944.0,-0.5690501928329468
5122812416.0,-0.5630760788917542
5123749888.0,-0.5553742051124573
5124687360.0,-0.5472679734230042
5125624832.0,-0.5391494631767273
5126562304.0,-0.5310807228088379
5127499776.0,-0.5218849182128906
5128437248.0,-0.5125421285629272
5129375232.0,-0.5022974014282227
5130312704.0,-0.49161407351493835
5131250176.0,-0.4785381853580475
5132187648.0,-0.4661322236061096
5133125120.0,-0.4523055851459503
5134062592.0,-0.43678274750709534
5135000064.0,-0.4205029308795929
5135937536.0,-0.40322715044021606
5136875008.0,-0.38444435596466064
5137812480.0,-0.36577755212783813
5138749952.0,-0.3469308614730835
5139687424.0,-0.328665554523468
5140624896.0,-0.3119050860404968
5141562368.0,-0.2955881357192993
5142499840.0,-0.28123530745506287
5143437312.0,-0.2709297835826874
5144374784.0,-0.2637520730495453
5145312256.0,-0.26082006096839905
5146250240.0,-0.26629483699798584
5147187712.0,-0.2771211564540863
5148125184.0,-0.29202738404273987
5149062656.0,-0.31051427125930786
5150000128.0,-0.3293645977973938
5150937600.0,-0.3498886525630951
5151875072.0,-0.37047356367111206
5152812544.0,-0.39114803075790405
5153750016.0,-0.4113428294658661
5154687488.0,-0.4297841489315033
5155624960.0,-0.4484359323978424
5156562432.0,-0.46534091234207153
5157499904.0,-0.48017752170562744
5158437376.0,-0.49288156628608704
5159374848.0,-0.5040051341056824
5160312320.0,-0.513313353061676
5161249792.0,-0.5232018828392029
5162187264.0,-0.5316991209983826
5163125248.0,-0.5402064323425293
5164062720.0,-0.5483965873718262
5165000192.0,-0.5552522540092468
5165937664.0,-0.5614096522331238
5166875136.0,-0.5753099918365479
5167812608.0,-0.5907366871833801
5168750080.0,-0.6070539355278015
5169687552.0,-0.6234501004219055
5170625024.0,-0.6417350172996521
5171562496.0,-0.6584650278091431
5172499968.0,-0.6759882569313049
5173437440.0,-0.692688524723053
5174374912.0,-0.7089455723762512
5175312384.0,-0.7228041291236877
5176249856.0,-0.7333674430847168
5177187328.0,-0.7443272471427917
5178124800.0,-0.7531858086585999
5179062272.0,-0.7580674886703491
5180000256.0,-0.7621639370918274
5180937728.0,-0.7627571821212769
5181875200.0,-0.7596096992492676
5182812672.0,-0.7554183006286621
5183750144.0,-0.7466978430747986
5184687616.0,-0.7373097538948059
5185625088.0,-0.7255452275276184
5186562560.0,-0.7106282711029053
5187500032.0,-0.6931985020637512
5188437504.0,-0.6743825078010559
5189374976.0,-0.6533409357070923
5190312448.0,-0.6325013041496277
5191249920.0,-0.6094222664833069
5192187392.0,-0.5864932537078857
5193124864.0,-0.5631615519523621
5194062336.0,-0.5410581231117249
5194999808.0,-0.5174680352210999
5195937280.0,-0.49532949924468994
5196874752.0,-0.47388187050819397
5197812736.0,-0.45211416482925415
5198750208.0,-0.433711975812912
5199687680.0,-0.41491594910621643
5200625152.0,-0.3989027738571167
5201562624.0,-0.3850475251674652
5202500096.0,-0.37364310026168823
5203437568.0,-0.36386704444885254
5204375040.0,-0.3592146039009094
5205312512.0,-0.3566581606864929
5206249984.0,-0.357195645570755
5207187456.0,-0.3594937324523926
5208124928.0,-0.3651977479457855
5209062400.0,-0.3736947476863861
5209999872.0,-0.38530460000038147
5210937344.0,-0.39910805225372314
5211874816.0,-0.4157029390335083
5212812288.0,-0.43453893065452576
5213749760.0,-0.4563395380973816
5214687744.0,-0.4785744845867157
5215625216.0,-0.5031249523162842
5216562688.0,-0.5279998183250427
5217500160.0,-0.5545808672904968
5218437632.0,-0.5815212726593018
5219375104.0,-0.6096699237823486
5220312576.0,-0.6361292004585266
5221250048.0,-0.6655696630477905
5222187520.0,-0.6935732364654541
5223124992.0,-0.7216869592666626
5224062464.0,-0.7483702301979065
5224999936.0,-0.7745395302772522
5225937408.0,-0.825777530670166
5226874880.0,-0.8506845831871033
5227812352.0,-0.8732370734214783
5228749824.0,-0.893912136554718
5229687296.0,-0.912787914276123
5230624768.0,-0.9308564066886902
5231562752.0,-0.9451003670692444
5232500224.0,-0.9556367993354797
5233437696.0,-0.9636525511741638
5234375168.0,-0.9700387120246887
5235312640.0,-0.9734127521514893
5236250112.0,-0.9747493863105774
5237187584.0,-0.9734887480735779
5238125056.0,-0.9699823260307312
5239062528.0,-0.9635555744171143
5240000000.0,-0.9565210342407227
5240937472.0,-0.9467765092849731
5241874944.0,-0.9355327486991882
5242812416.0,-0.9226614832878113
5243749888.0,-0.9098684191703796
5244687360.0,-0.895387589931488
5245624832.0,-0.8812891840934753
5246562304.0,-0.867018461227417
5247499776.0,-0.8531695008277893
5248437248.0,-0.8383161425590515
5249375232.0,-0.8243913650512695
5250312704.0,-0.809074878692627
5251250176.0,-0.7962928414344788
5252187648.0,-0.7818893194198608
5253125120.0,-0.7686750888824463
5254062592.0,-0.7571103572845459
5255000064.0,-0.7463489174842834
5255937536.0,-0.737872302532196
5256875008.0,-0.7307783961296082
5257812480.0,-0.7252911925315857
5258749952.0,-0.721379280090332
5259687424.0,-0.7179766297340393
5260624896.0,-0.7177184224128723
5261562368.0,-0.7186139225959778
5262499840.0,-0.7223970890045166
5263437312.0,-0.7270986437797546
5264374784.0,-0.7343950271606445
5265312256.0,-0.7439169883728027
5266250240.0,-0.7560666799545288
5267187712.0,-0.7699514627456665
5268125184.0,-0.7862216830253601
5269062656.0,-0.8048068881034851
5270000128.0,-0.8247687220573425
5270937600.0,-0.8458168506622314
5271875072.0,-0.869525671005249
5272812544.0,-0.894913911819458
5273750016.0,-0.9240970015525818
5274687488.0,-0.9537570476531982
5275624960.0,-0.9860804080963135
5276562432.0,-1.0211255550384521
5277499904.0,-1.056870460510254
5278437376.0,-1.0953867435455322
5279374848.0,-1.1349598169326782
5280312320.0,-1.1751697063446045
5281249792.0,-1.216212272644043
5282187264.0,-1.2570006847381592
5283125248.0,-1.2981594800949097
5284062720.0,-1.3389434814453125
5285000192.0,-1.377772331237793
5285937664.0,-1.4064152240753174
5286875136.0,-1.4395570755004883
5287812608.0,-1.4693939685821533
5288750080.0,-1.4981882572174072
5289687552.0,-1.5230741500854492
5290625024.0,-1.5458199977874756
5291562496.0,-1.5650217533111572
5292499968.0,-1.5842763185501099
5293437440.0,-1.5991326570510864
5294374912.0,-1.611283779144287
5295312384.0,-1.6207751035690308
5296249856.0,-1.6268593072891235
5297187328.0,-1.6284379959106445
5298124800.0,-1.6299008131027222
5299062272.0,-1.6277598142623901
5299999744.0,-1.6233454942703247
5300937728.0,-1.6166889667510986
5301875200.0,-1.6053217649459839
5302812672.0,-1.5930333137512207
5303750144.0,-1.5778945684432983
5304687616.0,-1.5629334449768066
5305625088.0,-1.5461199283599854
5306562560.0,-1.5290583372116089
5307500032.0,-1.5135225057601929
5308437504.0,-1.4976211786270142
5309374976.0,-1.4816553592681885
5310312448.0,-1.4676053524017334
5311249920.0,-1.4539180994033813
5312187392.0,-1.4400832653045654
5313124864.0,-1.4284576177597046
5314062336.0,-1.4172232151031494
5314999808.0,-1.4101907014846802
5315937280.0,-1.4041478633880615
5316874752.0,-1.4010175466537476
5317812736.0,-1.4002755880355835
5318750208.0,-1.4028434753417969
5319687680.0,-1.4080674648284912
5320625152.0,-1.4145509004592896
5321562624.0,-1.4238747358322144
5322500096.0,-1.435355305671692
5323437568.0,-1.4502081871032715
5324375040.0,-1.4676053524017334
5325312512.0,-1.4882899522781372
5326249984.0,-1.5113303661346436
5327187456.0,-1.5371391773223877
5328124928.0,-1.5653969049453735
5329062400.0,-1.597029209136963
5329999872.0,-1.6310752630233765
5330937344.0,-1.6683549880981445
5331874816.0,-1.7058396339416504
5332812288.0,-1.7753769159317017
5333749760.0,-1.8233277797698975
5334687744.0,-1.8743083477020264
5335625216.0,-1.926943302154541
5336562688.0,-1.980932593345642
5337500160.0,-2.0372021198272705
5338437632.0,-2.0917434692382812
5339375104.0,-2.149256467819214
5340312576.0,-2.20827054977417
5341250048.0,-2.2655928134918213
5342187520.0,-2.32378888130188
5343124992.0,-2.381370782852173
5344062464.0,-2.4383277893066406
5344999936.0,-2.491736888885498
5345937408.0,-2.434138774871826
5346874880.0,-2.4660379886627197
5347812352.0,-2.4953527450561523
5348749824.0,-2.5200703144073486
5349687296.0,-2.5414607524871826
5350624768.0,-2.5597920417785645
5351562752.0,-2.5754640102386475
5352500224.0,-2.587270498275757
5353437696.0,-2.5954811573028564
5354375168.0,-2.599280595779419
5355312640.0,-2.6010475158691406
5356250112.0,-2.5982353687286377
5357187584.0,-2.591740369796753
5358125056.0,-2.581174850463867
5359062528.0,-2.5679469108581543
5360000000.0,-2.5530171394348145
5360937472.0,-2.534868001937866
5361874944.0,-2.5156302452087402
5362812416.0,-2.4958648681640625
5363749888.0,-2.4726293087005615
5364687360.0,-2.449227809906006
5365624832.0,-2.4251840114593506
5366562304.0,-2.3995859622955322
5367499776.0,-2.374793291091919
5368437248.0,-2.3489019870758057
5369375232.0,-2.3231139183044434
5370312704.0,-2.2979838848114014
5371250176.0,-2.2734925746917725
5372187648.0,-2.2492916584014893
5373125120.0,-2.2260053157806396
5374062592.0,-2.2021679878234863
5375000064.0,-2.1792361736297607
5375937536.0,-2.15627121925354
5376875008.0,-2.1361191272735596
5377812480.0,-2.1174001693725586
5378749952.0,-2.0988609790802
5379687424.0,-2.0840368270874023
5380624896.0,-2.0694000720977783
5381562368.0,-2.057199716567993
5382499840.0,-2.0467936992645264
5383437312.0,-2.0372114181518555
5384374784.0,-2.030961275100708
5385312256.0,-2.0256528854370117
5386250240.0,-2.0218465328216553
5387187712.0,-2.0196337699890137
5388125184.0,-2.0191810131073
5389062656.0,-2.019401788711548
5390000128.0,-2.0207223892211914
5390937600.0,-2.022092819213867
5391875072.0,-2.0246737003326416
5392812544.0,-2.0283255577087402
5393750016.0,-2.0320839881896973
5394687488.0,-2.036555051803589
5395624960.0,-2.0420899391174316
5396562432.0,-2.0473856925964355
5397499904.0,-2.0524895191192627
5398437376.0,-2.0565762519836426
5399374848.0,-2.0610594749450684
5400312320.0,-2.064201831817627
5401249792.0,-2.06746244430542
5402187264.0,-2.06889009475708
5403125248.0,-2.071282148361206
5404062720.0,-2.070143699645996
5405000192.0,-2.0699198246002197
5405937664.0,-2.2116611003875732
5406875136.0,-2.2092738151550293
5407812608.0,-2.20259952545166
5408750080.0,-2.196113348007202
5409687552.0,-2.185791015625
5410625024.0,-2.1734890937805176
5411562496.0,-2.1587812900543213
5412499968.0,-2.1394202709198
5413437440.0,-2.119687795639038
5414374912.0,-2.0970139503479004
5415312384.0,-2.0716753005981445
5416249856.0,-2.044924020767212
5417187328.0,-2.0171260833740234
5418124800.0,-1.9886006116867065
5419062272.0,-1.9566820859909058
5420000256.0,-1.9233131408691406
5420937728.0,-1.8895984888076782
5421875200.0,-1.855211615562439
5422812672.0,-1.8212469816207886
5423750144.0,-1.7861831188201904
5424687616.0,-1.7521090507507324
5425625088.0,-1.7183012962341309
5426562560.0,-1.686828851699829
5427500032.0,-1.6547138690948486
5428437504.0,-1.6244057416915894
5429374976.0,-1.5949305295944214
5430312448.0,-1.5677387714385986
5431249920.0,-1.5406826734542847
5432187392.0,-1.5155178308486938
5433124864.0,-1.4920285940170288
5434062336.0,-1.4688940048217773
5434999808.0,-1.4462995529174805
5435937280.0,-1.4243981838226318
5436874752.0,-1.406538724899292
5437812736.0,-1.3881402015686035
5438750208.0,-1.3720402717590332
5439687680.0,-1.3569780588150024
5440625152.0,-1.3437387943267822
5441562624.0,-1.3320977687835693
5442500096.0,-1.320030689239502
5443437568.0,-1.310226321220398
5444375040.0,-1.302037239074707
5445312512.0,-1.296554446220398
5446249984.0,-1.2919197082519531
5447187456.0,-1.2892383337020874
5448124928.0,-1.288608431816101
5449062400.0,-1.2896260023117065
5449999872.0,-1.291342854499817
5450937344.0,-1.2942684888839722
5451874816.0,-1.299086093902588
5452812288.0,-1.305135726928711
5453749760.0,-1.3131216764450073
5454687744.0,-1.3209517002105713
5455625216.0,-1.3296804428100586
5456562688.0,-1.340193748474121
5457500160.0,-1.3517253398895264
5458437632.0,-1.3629039525985718
5459375104.0,-1.373336911201477
5460312576.0,-1.3848658800125122
5461250048.0,-1.3950669765472412
5462187520.0,-1.4048441648483276
5463124992.0,-1.4129000902175903
5464062464.0,-1.4197460412979126
5464999936.0,-1.4254918098449707
5465937408.0,-1.4351423978805542
5466874880.0,-1.4358973503112793
5467812352.0,-1.4345450401306152
5468749824.0,-1.429351568222046
5469687296.0,-1.4240076541900635
5470624768.0,-1.4152443408966064
5471562752.0,-1.4046441316604614
5472500224.0,-1.3917458057403564
5473437696.0,-1.377607822418213
5474375168.0,-1.3614246845245361
5475312640.0,-1.3426345586776733
5476250112.0,-1.3220688104629517
5477187584.0,-1.3003957271575928
5478125056.0,-1.2776345014572144
5479062528.0,-1.252684473991394
5480000000.0,-1.2266321182250977
5480937472.0,-1.200958013534546
5481874944.0,-1.1736639738082886
5482812416.0,-1.1445273160934448
5483749888.0,-1.1179817914962769
5484687360.0,-1.0904804468154907
5485624832.0,-1.0632569789886475
5486562304.0,-1.0359517335891724
5487499776.0,-1.0092811584472656
5488437248.0,-0.9828605055809021
5489375232.0,-0.9563413262367249
5490312704.0,-0.9311493039131165
5491250176.0,-0.9064545035362244
5492187648.0,-0.883712112903595
5493125120.0,-0.8626183867454529
5494062592.0,-0.8427277207374573
5495000064.0,-0.8244251012802124
5495937536.0,-0.8085085153579712
5496875008.0,-0.7942952513694763
5497812480.0,-0.7820900082588196
5498749952.0,-0.7730827331542969
5499687424.0,-0.7663766145706177
5500624896.0,-0.7624282836914062
5501562368.0,-0.7609525918960571
5502499840.0,-0.7621961832046509
5503437312.0,-0.7654868960380554
5504374784.0,-0.7728685736656189
5505312256.0,-0.7822975516319275
5506250240.0,-0.7938698530197144
5507187712.0,-0.808758556842804
5508125184.0,-0.826767086982727
5509062656.0,-0.8468289375305176
5510000128.0,-0.8696386814117432
5510937600.0,-0.8943113088607788
5511875072.0,-0.9214743375778198
5512812544.0,-0.9504332542419434
5513750016.0,-0.9793473482131958
5514687488.0,-1.010925054550171
5515624960.0,-1.0428446531295776
5516562432.0,-1.0747185945510864
5517499904.0,-1.1066168546676636
5518437376.0,-1.1381915807724
5519374848.0,-1.1686540842056274
5520312320.0,-1.1970304250717163
5521249792.0,-1.2244422435760498
5522187264.0,-1.2505394220352173
5523125248.0,-1.2723100185394287
5524062720.0,-1.2902584075927734
5525000192.0,-1.305545687675476
5525937664.0,-1.1412652730941772
5526875136.0,-1.1465380191802979
5527812608.0,-1.1508948802947998
5528750080.0,-1.1524274349212646
5529687552.0,-1.1538901329040527
5530625024.0,-1.1520905494689941
5531562496.0,-1.1487414836883545
5532499968.0,-1.143875241279602
5533437440.0,-1.137357473373413
5534374912.0,-1.1274805068969727
5535312384.0,-1.11813223361969
5536249856.0,-1.1064058542251587
5537187328.0,-1.094474196434021
5538124800.0,-1.081506371498108
5539062272.0,-1.0670151710510254
5539999744.0,-1.0522313117980957
5540937728.0,-1.0372939109802246
5541875200.0,-1.0219320058822632
5542812672.0,-1.0061354637145996
5543750144.0,-0.9892974495887756
5544687616.0,-0.9739322066307068
5545625088.0,-0.9586907625198364
5546562560.0,-0.9441452622413635
5547500032.0,-0.9289388060569763
5548437504.0,-0.9153279066085815
5549374976.0,-0.9027766585350037
5550312448.0,-0.8908113837242126
5551249920.0,-0.8806872367858887
5552187392.0,-0.8728029727935791
5553124864.0,-0.8641824126243591
5554062336.0,-0.8580601811408997
5554999808.0,-0.8539726138114929
5555937280.0,-0.8515856266021729
5556874752.0,-0.8518868684768677
5557812736.0,-0.8542913198471069
5558750208.0,-0.8571327328681946
5559687680.0,-0.8645355105400085
5560625152.0,-0.8747572898864746
5561562624.0,-0.8871542811393738
5562500096.0,-0.9027088284492493
5563437568.0,-0.9210660457611084
5564375040.0,-0.9418049454689026
5565312512.0,-0.9640436768531799
5566249984.0,-0.988906741142273
5567187456.0,-1.0158110857009888
5568124928.0,-1.0443090200424194
5569062400.0,-1.0730090141296387
5569999872.0,-1.1033653020858765
5570937344.0,-1.133533239364624
5571874816.0,-1.1645469665527344
5572812288.0,-1.1951249837875366
5573749760.0,-1.2248528003692627
5574687744.0,-1.2523115873336792
5575625216.0,-1.2785675525665283
5576562688.0,-1.303242564201355
5577500160.0,-1.32387375831604
5578437632.0,-1.3429360389709473
5579375104.0,-1.3592921495437622
5580312576.0,-1.372897982597351
5581250048.0,-1.3835502862930298
5582187520.0,-1.3903708457946777
5583124992.0,-1.394890546798706
5584062464.0,-1.3968522548675537
5584999936.0,-1.3971445560455322
5585937408.0,-1.3186908960342407
5586874880.0,-1.3261300325393677
5587812352.0,-1.3316738605499268
5588749824.0,-1.336013913154602
5589687296.0,-1.3388053178787231
5590624768.0,-1.3410311937332153
5591562752.0,-1.3414506912231445
5592500224.0,-1.3435651063919067
5593437696.0,-1.3423551321029663
5594375168.0,-1.3401963710784912
5595312640.0,-1.3370214700698853
5596250112.0,-1.3334026336669922
5597187584.0,-1.327633261680603
5598125056.0,-1.3222547769546509
5599062528.0,-1.3161065578460693
5600000000.0,-1.3092724084854126
5600937472.0,-1.3038508892059326
5601874944.0,-1.2970906496047974
5602812416.0,-1.2897038459777832
5603749888.0,-1.2825852632522583
5604687360.0,-1.2757648229599
5605624832.0,-1.2685613632202148
5606562304.0,-1.2612738609313965
5607499776.0,-1.254867434501648
5608437248.0,-1.2480647563934326
5609375232.0,-1.2407689094543457
5610312704.0,-1.2352848052978516
5611250176.0,-1.2285276651382446
5612187648.0,-1.2220193147659302
5613125120.0,-1.2168018817901611
5614062592.0,-1.211426019668579
5615000064.0,-1.2079538106918335
5615937536.0,-1.2034716606140137
5616875008.0,-1.1990132331848145
5617812480.0,-1.1959062814712524
5618749952.0,-1.1918537616729736
5619687424.0,-1.1887176036834717
5620624896.0,-1.1862874031066895
5621562368.0,-1.1836227178573608
5622499840.0,-1.1804485321044922
5623437312.0,-1.178352952003479
5624374784.0,-1.1762363910675049
5625312256.0,-1.1741896867752075
5626250240.0,-1.1721795797348022
5627187712.0,-1.1706721782684326
5628125184.0,-1.1671086549758911
5629062656.0,-1.1644128561019897
5630000128.0,-1.1633833646774292
5630937600.0,-1.1600216627120972
5631875072.0,-1.1572332382202148
5632812544.0,-1.154008150100708
5633750016.0,-1.1507225036621094
5634687488.0,-1.146798014640808
5635624960.0,-1.1407105922698975
5636562432.0,-1.1341747045516968
5637499904.0,-1.1278671026229858
5638437376.0,-1.120234489440918
5639374848.0,-1.1123019456863403
5640312320.0,-1.1027708053588867
5641249792.0,-1.093100666999817
5642187264.0,-1.0829824209213257
5643125248.0,-1.0733790397644043
5644062720.0,-1.061637043952942
5645000192.0,-1.0489422082901
5645937664.0,-1.045829176902771
5646875136.0,-1.031646966934204
5647812608.0,-1.017320156097412
5648750080.0,-1.000077724456787
5649687552.0,-0.9826276302337646
5650625024.0,-0.9644014239311218
5651562496.0,-0.9452884793281555
5652499968.0,-0.9243307113647461
5653437440.0,-0.9053078889846802
5654374912.0,-0.884594738483429
5655312384.0,-0.8639869093894958
5656249856.0,-0.8436710834503174
5657187328.0,-0.8210219144821167
5658124800.0,-0.7987955212593079
5659062272.0,-0.7777827382087708
5660000256.0,-0.7564445734024048
5660937728.0,-0.7344630360603333
5661875200.0,-0.7135096192359924
5662812672.0,-0.6930984258651733
5663750144.0,-0.6714484095573425
5664687616.0,-0.6529780626296997
5665625088.0,-0.634502112865448
5666562560.0,-0.6181604862213135
5667500032.0,-0.6008669137954712
5668437504.0,-0.5865384936332703
5669374976.0,-0.5730041265487671
5670312448.0,-0.5613431930541992
5671249920.0,-0.5515041947364807
5672187392.0,-0.5427985787391663
5673124864.0,-0.5370810031890869
5674062336.0,-0.5330276489257812
5674999808.0,-0.5294685363769531
5675937280.0,-0.5291110277175903
5676874752.0,-0.5284643769264221
5677812736.0,-0.5301312208175659
5678750208.0,-0.531701922416687
5679687680.0,-0.5350443720817566
5680625152.0,-0.537810206413269
5681562624.0,-0.5416339635848999
5682500096.0,-0.544944703578949
5683437568.0,-0.5486845970153809
5684375040.0,-0.5525023937225342
5685312512.0,-0.5550366640090942
5686249984.0,-0.5582172870635986
5687187456.0,-0.5594149827957153
5688124928.0,-0.5610238909721375
5689062400.0,-0.5618641376495361
5689999872.0,-0.5617578029632568
5690937344.0,-0.5608211755752563
5691874816.0,-0.557041585445404
5692812288.0,-0.5518552660942078
5693749760.0,-0.5456036925315857
5694687744.0,-0.5387842059135437
5695625216.0,-0.5295417308807373
5696562688.0,-0.5200764536857605
5697500160.0,-0.5082173347473145
5698437632.0,-0.4956687092781067
5699375104.0,-0.4828355014324188
5700312576.0,-0.46815025806427
5701250048.0,-0.45581501722335815
5702187520.0,-0.44116857647895813
5703124992.0,-0.42788028717041016
5704062464.0,-0.41581666469573975
5704999936.0,-0.40179309248924255
5705937408.0,-0.370114803314209
5706874880.0,-0.36913028359413147
5707812352.0,-0.3684556186199188
5708749824.0,-0.36707910895347595
5709687296.0,-0.3654387295246124
5710624768.0,-0.36474987864494324
5711562752.0,-0.36202773451805115
5712500224.0,-0.35926127433776855
5713437696.0,-0.35942524671554565
5714375168.0,-0.3573048710823059
5715312640.0,-0.3544877767562866
5716250112.0,-0.3509601950645447
5717187584.0,-0.3459981083869934
5718125056.0,-0.342672735452652
5719062528.0,-0.33760061860084534
5720000000.0,-0.33259978890419006
5720937472.0,-0.3267815113067627
5721874944.0,-0.31920740008354187
5722812416.0,-0.3125256597995758
5723749888.0,-0.30500704050064087
5724687360.0,-0.29667261242866516
5725624832.0,-0.2882181406021118
5726562304.0,-0.27982237935066223
5727499776.0,-0.2724064588546753
5728437248.0,-0.26524391770362854
5729375232.0,-0.2583175003528595
5730312704.0,-0.2537893056869507
5731250176.0,-0.2501872479915619
5732187648.0,-0.24811460077762604
5733125120.0,-0.24816066026687622
5734062592.0,-0.24916519224643707
5735000064.0,-0.2523847818374634
5735937536.0,-0.2572014629840851
5736875008.0,-0.26444536447525024
5737812480.0,-0.27384960651397705
5738749952.0,-0.2853847146034241
5739687424.0,-0.2961561977863312
5740624896.0,-0.30917346477508545
5741562368.0,-0.32164591550827026
5742499840.0,-0.3351639211177826
5743437312.0,-0.346431702375412
5744374784.0,-0.35792723298072815
5745312256.0,-0.3673223853111267
5746250240.0,-0.37600329518318176
5747187712.0,-0.38282832503318787
5748125184.0,-0.38613519072532654
5749062656.0,-0.38855886459350586
5750000128.0,-0.38799813389778137
5750937600.0,-0.3869210183620453
5751875072.0,-0.38262826204299927
5752812544.0,-0.3772321939468384
5753750016.0,-0.37072446942329407
5754687488.0,-0.3636244237422943
5755624960.0,-0.35631895065307617
5756562432.0,-0.347372829914093
5757499904.0,-0.3392637073993683
5758437376.0,-0.33095040917396545
5759374848.0,-0.32407018542289734
5760312320.0,-0.31663650274276733
5761249792.0,-0.3121967017650604
5762187264.0,-0.3088551461696625
5763125248.0,-0.30466923117637634
5764062720.0,-0.3005678653717041
5765000192.0,-0.29726555943489075
5765937664.0,-0.22242169082164764
5766875136.0,-0.2252875119447708
5767812608.0,-0.22939854860305786
5768750080.0,-0.23414453864097595
5769687552.0,-0.23890717327594757
5770625024.0,-0.2445339411497116
5771562496.0,-0.25132858753204346
5772499968.0,-0.25781697034835815
5773437440.0,-0.26479867100715637
5774374912.0,-0.2714832127094269
5775312384.0,-0.27890244126319885
5776249856.0,-0.2872464656829834
5777187328.0,-0.29458117485046387
5778124800.0,-0.3019826412200928
5779062272.0,-0.30882373452186584
5779999744.0,-0.31558501720428467
5780937728.0,-0.3218507468700409
5781875200.0,-0.32863086462020874
5782812672.0,-0.33475571870803833
5783750144.0,-0.3413521647453308
5784687616.0,-0.34565287828445435
5785625088.0,-0.3497331142425537
5786562560.0,-0.3531002402305603
5787500032.0,-0.35604506731033325
5788437504.0,-0.35992032289505005
5789374976.0,-0.3587125837802887
5790312448.0,-0.3571176528930664
5791249920.0,-0.3553029000759125
5792187392.0,-0.3518565893173218
5793124864.0,-0.3474392890930176
5794062336.0,-0.3420545160770416
5794999808.0,-0.3366473913192749
5795937280.0,-0.32850655913352966
5796874752.0,-0.3212156593799591
5797812736.0,-0.3121207058429718
5798750208.0,-0.30307847261428833
5799687680.0,-0.2937222123146057
5800625152.0,-0.28258681297302246
5801562624.0,-0.26944679021835327
5802500096.0,-0.25729185342788696
5803437568.0,-0.2430245578289032
5804375040.0,-0.22958602011203766
5805312512.0,-0.2142908275127411
5806249984.0,-0.19912081956863403
5807187456.0,-0.18516196310520172
5808124928.0,-0.1695770025253296
5809062400.0,-0.15307553112506866
5809999872.0,-0.13859212398529053
5810937344.0,-0.12324289232492447
5811874816.0,-0.10852573812007904
5812812288.0,-0.09469066560268402
5813749760.0,-0.08023440837860107
5814687744.0,-0.06625108420848846
5815625216.0,-0.05284693092107773
5816562688.0,-0.0414140559732914
5817500160.0,-0.029624486342072487
5818437632.0,-0.01689842902123928
5819375104.0,-0.006431584246456623
5820312576.0,0.004357272293418646
5821250048.0,0.013208553194999695
5822187520.0,0.022874945774674416
5823124992.0,0.030182696878910065
5824062464.0,0.03819357231259346
5824999936.0,0.044820111244916916
5825937408.0,-0.13950121402740479
5826874880.0,-0.14427371323108673
5827812352.0,-0.14835390448570251
5828749824.0,-0.15040215849876404
5829687296.0,-0.15147718787193298
5830624768.0,-0.15114738047122955
5831562752.0,-0.14934760332107544
5832500224.0,-0.14767986536026
5833437696.0,-0.14593204855918884
5834375168.0,-0.14221210777759552
5835312640.0,-0.13917191326618195
5836250112.0,-0.13482697308063507
5837187584.0,-0.13077335059642792
5838125056.0,-0.12672211229801178
5839062528.0,-0.12354457378387451
5840000000.0,-0.12322623282670975
5840937472.0,-0.12412106245756149
5841874944.0,-0.12574729323387146
5842812416.0,-0.12772685289382935
5843749888.0,-0.13098828494548798
5844687360.0,-0.13636556267738342
5845624832.0,-0.14159910380840302
5846562304.0,-0.1489909291267395
5847499776.0,-0.15508542954921722
5848437248.0,-0.16379573941230774
5849375232.0,-0.17207038402557373
5850312704.0,-0.1819034069776535
5851250176.0,-0.19161531329154968
5852187648.0,-0.20082345604896545
5853125120.0,-0.21007969975471497
5854062592.0,-0.22013325989246368
5855000064.0,-0.22927327454090118
5855937536.0,-0.2387440949678421
5856875008.0,-0.2465086281299591
5857812480.0,-0.25390154123306274
5858749952.0,-0.25899437069892883
5859687424.0,-0.2632751166820526
5860624896.0,-0.26480597257614136
5861562368.0,-0.26468947529792786
5862499840.0,-0.2620331346988678
5863437312.0,-0.2584425210952759
5864374784.0,-0.25237634778022766
5865312256.0,-0.24453239142894745
5866250240.0,-0.23668602108955383
5867187712.0,-0.22574220597743988
5868125184.0,-0.2145306020975113
5869062656.0,-0.20287548005580902
5870000128.0,-0.19014783203601837
5870937600.0,-0.17743507027626038
5871875072.0,-0.1641174852848053
5872812544.0,-0.15128862857818604
5873750016.0,-0.13979068398475647
5874687488.0,-0.12883174419403076
5875624960.0,-0.11929837614297867
5876562432.0,-0.11110484600067139
5877499904.0,-0.1055607795715332
5878437376.0,-0.10142310708761215
5879374848.0,-0.09969373792409897
5880312320.0,-0.09917555749416351
5881249792.0,-0.10047867894172668
5882187264.0,-0.10343481600284576
5883125248.0,-0.10808036476373672
5884062720.0,-0.11418737471103668
5885000192.0,-0.12257435917854309
5885937664.0,-0.06246066093444824
5886875136.0,-0.06667684763669968
5887812608.0,-0.07282045483589172
5888750080.0,-0.07947210967540741
5889687552.0,-0.08626283705234528
5890625024.0,-0.0940040796995163
5891562496.0,-0.1013076975941658
5892499968.0,-0.10974964499473572
5893437440.0,-0.11721803992986679
5894374912.0,-0.12585808336734772
5895312384.0,-0.1347505897283554
5896249856.0,-0.14523407816886902
5897187328.0,-0.1539282351732254
5898124800.0,-0.16318807005882263
5899062272.0,-0.17299118638038635
5900000256.0,-0.1821611523628235
5900937728.0,-0.19096729159355164
5901875200.0,-0.20074406266212463
5902812672.0,-0.20977041125297546
5903750144.0,-0.2182074338197708
5904687616.0,-0.22750969231128693
5905625088.0,-0.23605996370315552
5906562560.0,-0.24371540546417236
5907500032.0,-0.25233349204063416
5908437504.0,-0.26018744707107544
5909374976.0,-0.2673038840293884
5910312448.0,-0.2750021815299988
5911249920.0,-0.28234803676605225
5912187392.0,-0.28956905007362366
5913124864.0,-0.2957962155342102
5914062336.0,-0.3027304410934448
5914999808.0,-0.3093996047973633
5915937280.0,-0.3143079876899719
5916874752.0,-0.31774771213531494
5917812736.0,-0.3214282691478729
5918750208.0,-0.324323445558548
5919687680.0,-0.3268361985683441
5920625152.0,-0.3294616937637329
5921562624.0,-0.33019018173217773
5922500096.0,-0.3307605981826782
5923437568.0,-0.32883408665657043
5924375040.0,-0.32685554027557373
5925312512.0,-0.3233989477157593
5926249984.0,-0.3177448511123657
5927187456.0,-0.3107995390892029
5928124928.0,-0.3027224838733673
5929062400.0,-0.2928165793418884
5929999872.0,-0.2805284559726715
5930937344.0,-0.2694511413574219
5931874816.0,-0.25538596510887146
5932812288.0,-0.2406041920185089
5933749760.0,-0.22524140775203705
5934687744.0,-0.20852437615394592
5935625216.0,-0.19089074432849884
5936562688.0,-0.17202375829219818
5937500160.0,-0.15415668487548828
5938437632.0,-0.1359458565711975
5939375104.0,-0.11826453357934952
5940312576.0,-0.09935881942510605
5941250048.0,-0.08168971538543701
5942187520.0,-0.06529765576124191
5943124992.0,-0.048457417637109756
5944062464.0,-0.03477804735302925
5944999936.0,-0.022542815655469894
5945937408.0,-0.12474682927131653
5946874880.0,-0.1333787441253662
5947812352.0,-0.1442631334066391
5948749824.0,-0.15524530410766602
5949687296.0,-0.16944490373134613
5950624768.0,-0.18449169397354126
5951562752.0,-0.2010273039340973
5952500224.0,-0.2184438556432724
5953437696.0,-0.23712919652462006
5954375168.0,-0.25646162033081055
5955312640.0,-0.2749643623828888
5956250112.0,-0.29466837644577026
5957187584.0,-0.31485381722450256
5958125056.0,-0.33442422747612
5959062528.0,-0.3530104458332062
5960000000.0,-0.3722100555896759
5960937472.0,-0.3882032632827759
5961874944.0,-0.40413209795951843
5962812416.0,-0.41813912987709045
5963749888.0,-0.4300476908683777
5964687360.0,-0.43947821855545044
5965624832.0,-0.447989821434021
5966562304.0,-0.4512782692909241
5967499776.0,-0.4518209397792816
5968437248.0,-0.44851845502853394
5969375232.0,-0.4427092969417572
5970312704.0,-0.4332028925418854
5971250176.0,-0.4203101396560669
5972187648.0,-0.40615665912628174
5973125120.0,-0.3878934383392334
5974062592.0,-0.3681575059890747
5975000064.0,-0.34653618931770325
5975937536.0,-0.32344651222229004
5976875008.0,-0.29992568492889404
5977812480.0,-0.2743617594242096
5978749952.0,-0.24980702996253967
5979687424.0,-0.22553396224975586
5980624896.0,-0.2021269053220749
5981562368.0,-0.18095536530017853
5982499840.0,-0.16077472269535065
5983437312.0,-0.14266635477542877
5984374784.0,-0.12589535117149353
5985312256.0,-0.11185626685619354
5986250240.0,-0.09946010261774063
5987187712.0,-0.09109864383935928
5988125184.0,-0.08454227447509766
5989062656.0,-0.081736721098423
5990000128.0,-0.07970394194126129
5990937600.0,-0.0804237648844719
5991875072.0,-0.08503632992506027
5992812544.0,-0.09003501385450363
5993750016.0,-0.09628686308860779
5994687488.0,-0.10347016155719757
5995624960.0,-0.11074163764715195
5996562432.0,-0.11980462819337845
5997499904.0,-0.1289275586605072
5998437376.0,-0.13755115866661072
5999374848.0,-0.14619605243206024
6000312320.0,-0.15496748685836792
6001249792.0,-0.16354627907276154
6002187264.0,-0.17091518640518188
6003125248.0,-0.17804281413555145
6004062720.0,-0.1839224249124527
6005000192.0,-0.14370453357696533
6005937664.0,-0.15223123133182526
6006875136.0,-0.15964774787425995
6007812608.0,-0.16780292987823486
6008750080.0,-0.17748193442821503
6009687552.0,-0.1865975558757782
6010625024.0,-0.19826951622962952
6011562496.0,-0.20980918407440186
6012499968.0,-0.22243493795394897
6013437440.0,-0.23406317830085754
6014374912.0,-0.24741540849208832
6015312384.0,-0.2609829604625702
6016249856.0,-0.27495211362838745
6017187328.0,-0.287504643201828
6018124800.0,-0.30188480019569397
6019062272.0,-0.3151366114616394
6019999744.0,-0.32694894075393677
6020937728.0,-0.33916863799095154
6021875200.0,-0.3493069112300873
6022812672.0,-0.36036333441734314
6023750144.0,-0.369930624961853
6024687616.0,-0.37815168499946594
6025625088.0,-0.3846944272518158
6026562560.0,-0.38930612802505493
6027500032.0,-0.393614798784256
6028437504.0,-0.39566344022750854
6029374976.0,-0.39412710070610046
6030312448.0,-0.39331063628196716
6031249920.0,-0.3897998034954071
6032187392.0,-0.3851907551288605
6033124864.0,-0.37868452072143555
6034062336.0,-0.3708566427230835
6034999808.0,-0.3622732162475586
6035937280.0,-0.35296711325645447
6036874752.0,-0.34219983220100403
6037812736.0,-0.3312144875526428
6038750208.0,-0.3202996551990509
6039687680.0,-0.30875203013420105
6040625152.0,-0.2979832887649536
6041562624.0,-0.28659167885780334
6042500096.0,-0.2750082314014435
6043437568.0,-0.26430150866508484
6044375040.0,-0.2552059292793274
6045312512.0,-0.24594004452228546
6046249984.0,-0.23801594972610474
6047187456.0,-0.23091283440589905
6048124928.0,-0.22570866346359253
6049062400.0,-0.2197684943675995
6049999872.0,-0.21543172001838684
6050937344.0,-0.2111307978630066
6051874816.0,-0.20941796898841858
6052812288.0,-0.20877182483673096
6053749760.0,-0.2089175134897232
6054687744.0,-0.21012046933174133
6055625216.0,-0.21202318370342255
6056562688.0,-0.2150506228208542
6057500160.0,-0.21896199882030487
6058437632.0,-0.2232341766357422
6059375104.0,-0.22681817412376404
6060312576.0,-0.23225384950637817
6061250048.0,-0.23662222921848297
6062187520.0,-0.24264495074748993
6063124992.0,-0.2472275048494339
6064062464.0,-0.2537889778614044
6064999936.0,-0.15510477125644684
6065937408.0,-0.17533327639102936
6066874880.0,-0.19410943984985352
6067812352.0,-0.21368055045604706
6068749824.0,-0.23486430943012238
6069687296.0,-0.25333455204963684
6070624768.0,-0.2724066972732544
6071562752.0,-0.291525661945343
6072500224.0,-0.310152530670166
6073437696.0,-0.3286547362804413
6074375168.0,-0.3455396890640259
6075312640.0,-0.360817551612854
6076250112.0,-0.3755125105381012
6077187584.0,-0.3894656300544739
6078125056.0,-0.4016389548778534
6079062528.0,-0.4125499725341797
6080000000.0,-0.42244890332221985
6080937472.0,-0.4296095669269562
6081874944.0,-0.4357095956802368
6082812416.0,-0.44015032052993774
6083749888.0,-0.4429909288883209
6084687360.0,-0.44413143396377563
6085624832.0,-0.44491779804229736
6086562304.0,-0.44304168224334717
6087499776.0,-0.44088515639305115
6088437248.0,-0.43732255697250366
6089375232.0,-0.43312594294548035
6090312704.0,-0.4269297420978546
6091250176.0,-0.4203289747238159
6092187648.0,-0.41182154417037964
6093125120.0,-0.40122613310813904
6094062592.0,-0.39065536856651306
6095000064.0,-0.37730205059051514
6095937536.0,-0.36588960886001587
6096875008.0,-0.35262995958328247
6097812480.0,-0.33885568380355835
6098749952.0,-0.32519108057022095
6099687424.0,-0.31189313530921936
6100624896.0,-0.2967914938926697
6101562368.0,-0.281019389629364
6102499840.0,-0.26603150367736816
6103437312.0,-0.2508085072040558
6104374784.0,-0.2366008311510086
6105312256.0,-0.22154168784618378
6106250240.0,-0.20713992416858673
6107187712.0,-0.19337846338748932
6108125184.0,-0.17957726120948792
6109062656.0,-0.16617560386657715
6110000128.0,-0.15294046700000763
6110937600.0,-0.1411256194114685
6111875072.0,-0.1283060908317566
6112812544.0,-0.1170765608549118
6113750016.0,-0.10682287812232971
6114687488.0,-0.09665136784315109
6115624960.0,-0.08646897971630096
6116562432.0,-0.07885312288999557
6117499904.0,-0.07253103703260422
6118437376.0,-0.06895147264003754
6119374848.0,-0.06822482496500015
6120312320.0,-0.06848705559968948
6121249792.0,-0.07222551107406616
6122187264.0,-0.07610105723142624
6123125248.0,-0.08109021931886673
6124062720.0,-0.08830194175243378
6125000192.0,-0.14129148423671722
6125937664.0,-0.15588219463825226
6126875136.0,-0.1702040731906891
6127812608.0,-0.18576805293560028
6128750080.0,-0.2011018544435501
6129687552.0,-0.21819907426834106
6130625024.0,-0.23527474701404572
6131562496.0,-0.2519589364528656
6132499968.0,-0.26834627985954285
6133437440.0,-0.2847999930381775
6134374912.0,-0.3007095158100128
6135312384.0,-0.3163616955280304
6136249856.0,-0.3319692313671112
6137187328.0,-0.3470185399055481
6138124800.0,-0.36200517416000366
6139062272.0,-0.37511008977890015
6140000256.0,-0.38875827193260193
6140937728.0,-0.3996579051017761
6141875200.0,-0.4115353524684906
6142812672.0,-0.4207834303379059
6143750144.0,-0.42960673570632935
6144687616.0,-0.4388231337070465
6145625088.0,-0.4466133713722229
6146562560.0,-0.45287805795669556
6147500032.0,-0.4571622312068939
6148437504.0,-0.45982861518859863
6149374976.0,-0.4611729085445404
6150312448.0,-0.46088874340057373
6151249920.0,-0.4592304229736328
6152187392.0,-0.45490771532058716
6153124864.0,-0.44994762539863586
6154062336.0,-0.44264623522758484
6154999808.0,-0.4349825382232666
6155937280.0,-0.4257171154022217
6156874752.0,-0.41468244791030884
6157812736.0,-0.4027445912361145
6158750208.0,-0.39008110761642456
6159687680.0,-0.376962810754776
6160625152.0,-0.3623920977115631
6161562624.0,-0.3485127091407776
6162500096.0,-0.3340495824813843
6163437568.0,-0.31969550251960754
6164375040.0,-0.3051205575466156
6165312512.0,-0.2906745672225952
6166249984.0,-0.2765192687511444
6167187456.0,-0.2623126208782196
6168124928.0,-0.24949447810649872
6169062400.0,-0.23624013364315033
6169999872.0,-0.2216484248638153
6170937344.0,-0.20713338255882263
6171874816.0,-0.19469496607780457
6172812288.0,-0.18363158404827118
6173749760.0,-0.17243582010269165
6174687744.0,-0.16212449967861176
6175625216.0,-0.15282811224460602
6176562688.0,-0.1439456045627594
6177500160.0,-0.1366834193468094
6178437632.0,-0.1308978945016861
6179375104.0,-0.12567338347434998
6180312576.0,-0.12255660444498062
6181250048.0,-0.12078364193439484
6182187520.0,-0.1201026663184166
6183124992.0,-0.12151279300451279
6184062464.0,-0.12563742697238922
6184999936.0,-0.27013134956359863
6185937408.0,-0.28654375672340393
6186874880.0,-0.30296799540519714
6187812352.0,-0.3197319209575653
6188749824.0,-0.33734196424484253
6189687296.0,-0.3539477586746216
6190624768.0,-0.37166473269462585
6191562752.0,-0.38836219906806946
6192500224.0,-0.40376004576683044
6193437696.0,-0.4186950623989105
6194375168.0,-0.4315095543861389
6195312640.0,-0.4426761269569397
6196250112.0,-0.4511496126651764
6197187584.0,-0.4598349630832672
6198125056.0,-0.4647873342037201
6199062528.0,-0.47036710381507874
6200000000.0,-0.4729190170764923
6200937472.0,-0.47431060671806335
6201874944.0,-0.4772900640964508
6202812416.0,-0.4773077666759491
6203749888.0,-0.47722893953323364
6204687360.0,-0.47896426916122437
6205624832.0,-0.4822103679180145
6206562304.0,-0.4854833781719208
6207499776.0,-0.49058476090431213
6208437248.0,-0.49725568294525146
6209375232.0,-0.505436360836029
6210312704.0,-0.5133077502250671
6211250176.0,-0.522763729095459
6212187648.0,-0.530979335308075
6213125120.0,-0.5384350419044495
6214062592.0,-0.5435456037521362
6215000064.0,-0.5444391965866089
6215937536.0,-0.539946436882019
6216875008.0,-0.5334032773971558
6217812480.0,-0.5271468758583069
6218749952.0,-0.5170577168464661
6219687424.0,-0.5073791742324829
6220624896.0,-0.49507713317871094
6221562368.0,-0.48155662417411804
6222499840.0,-0.4685695171356201
6223437312.0,-0.4547249972820282
6224374784.0,-0.44108790159225464
6225312256.0,-0.42894843220710754
6226250240.0,-0.4168244004249573
6227187712.0,-0.40585047006607056
6228125184.0,-0.3954465985298157
6229062656.0,-0.387056827545166
6230000128.0,-0.37956127524375916
6230937600.0,-0.3724513649940491
6231875072.0,-0.3649120628833771
6232812544.0,-0.3597964346408844
6233750016.0,-0.35330650210380554
6234687488.0,-0.34686359763145447
6235624960.0,-0.34106990694999695
6236562432.0,-0.3351462185382843
6237499904.0,-0.3277841806411743
6238437376.0,-0.3212548494338989
6239374848.0,-0.31364428997039795
6240312320.0,-0.3054661154747009
6241249792.0,-0.29818689823150635
6242187264.0,-0.29041174054145813
6243125248.0,-0.2834145724773407
6244062720.0,-0.27595552802085876
6245000192.0,-0.42695096135139465
6245937664.0,-0.42929306626319885
6246875136.0,-0.4327259063720703
6247812608.0,-0.43821248412132263
6248750080.0,-0.44585710763931274
6249687552.0,-0.4536181688308716
6250625024.0,-0.46700519323349
6251562496.0,-0.4793662428855896
6252499968.0,-0.4962816834449768
6253437440.0,-0.5138216018676758
6254374912.0,-0.5357850790023804
6255312384.0,-0.5585065484046936
6256249856.0,-0.5812191963195801
6257187328.0,-0.6079381108283997
6258124800.0,-0.6354526281356812
6259062272.0,-0.6628878116607666
6259999744.0,-0.6912581920623779
6260937728.0,-0.7189574241638184
6261875200.0,-0.7466195821762085
6262812672.0,-0.7733764052391052
6263750144.0,-0.7980377674102783
6264687616.0,-0.8203405141830444
6265625088.0,-0.8398405909538269
6266562560.0,-0.8573525547981262
6267500032.0,-0.8695818781852722
6268437504.0,-0.8792789578437805
6269374976.0,-0.885111927986145
6270312448.0,-0.8874173760414124
6271249920.0,-0.8876571655273438
6272187392.0,-0.8839334845542908
6273124864.0,-0.8766436576843262
6274062336.0,-0.8657854795455933
6274999808.0,-0.8509727120399475
6275937280.0,-0.8336159586906433
6276874752.0,-0.8136151432991028
6277812736.0,-0.7905663847923279
6278750208.0,-0.7662640810012817
6279687680.0,-0.7397502064704895
6280625152.0,-0.7111393809318542
6281562624.0,-0.6822813153266907
6282500096.0,-0.652333676815033
6283437568.0,-0.6213375329971313
6284375040.0,-0.5910560488700867
6285312512.0,-0.5605829954147339
6286249984.0,-0.5305794477462769
6287187456.0,-0.5014625787734985
6288124928.0,-0.47454771399497986
6289062400.0,-0.44871586561203003
6289999872.0,-0.4233114421367645
6290937344.0,-0.4013194143772125
6291874816.0,-0.3812807500362396
6292812288.0,-0.36283978819847107
6293749760.0,-0.34708288311958313
6294687744.0,-0.3340064585208893
6295625216.0,-0.3244095742702484
6296562688.0,-0.3214690089225769
6297500160.0,-0.3217792510986328
6298437632.0,-0.32478874921798706
6299375104.0,-0.33060720562934875
6300312576.0,-0.3402000367641449
6301250048.0,-0.35235604643821716
6302187520.0,-0.36782804131507874
6303124992.0,-0.3852033317089081
6304062464.0,-0.405331552028656
6304999936.0,-0.5452130436897278
6305937408.0,-0.5648494362831116
6306874880.0,-0.5857836604118347
6307812352.0,-0.6090376377105713
6308749824.0,-0.632546067237854
6309687296.0,-0.656981348991394
6310624768.0,-0.6838877201080322
6311562752.0,-0.7094950675964355
6312500224.0,-0.7369100451469421
6313437696.0,-0.7628862857818604
6314375168.0,-0.7892817258834839
6315312640.0,-0.8154714703559875
6316250112.0,-0.8414265513420105
6317187584.0,-0.8647310137748718
6318125056.0,-0.8873475790023804
6319062528.0,-0.9081871509552002
6320000000.0,-0.9276054501533508
6320937472.0,-0.9440916180610657
6321874944.0,-0.9593575596809387
6322812416.0,-0.9719151258468628
6323749888.0,-0.981722354888916
6324687360.0,-0.9879875779151917
6325624832.0,-0.9913151860237122
6326562304.0,-0.9926480650901794
6327499776.0,-0.9909477233886719
6328437248.0,-0.9875151515007019
6329375232.0,-0.9807511568069458
6330312704.0,-0.9726472496986389
6331250176.0,-0.9618849158287048
6332187648.0,-0.9494585394859314
6333125120.0,-0.9345678091049194
6334062592.0,-0.918651819229126
6335000064.0,-0.8996332287788391
6335937536.0,-0.881097137928009
6336875008.0,-0.8605342507362366
6337812480.0,-0.8387961387634277
6338749952.0,-0.8156886696815491
6339687424.0,-0.7942990660667419
6340624896.0,-0.7711365222930908
6341562368.0,-0.7471317052841187
6342499840.0,-0.7237497568130493
6343437312.0,-0.7019659280776978
6344374784.0,-0.6793032288551331
6345312256.0,-0.6579325199127197
6346250240.0,-0.6373332142829895
6347187712.0,-0.6160979866981506
6348125184.0,-0.595539927482605
6349062656.0,-0.577122151851654
6350000128.0,-0.5602239966392517
6350937600.0,-0.5440862774848938
6351875072.0,-0.5298104286193848
6352812544.0,-0.5175838470458984
6353750016.0,-0.506464421749115
6354687488.0,-0.49843060970306396
6355624960.0,-0.4924904704093933
6356562432.0,-0.48911750316619873
6357499904.0,-0.4888167381286621
6358437376.0,-0.4908224046230316
6359374848.0,-0.49540817737579346
6360312320.0,-0.5034758448600769
6361249792.0,-0.5135170817375183
6362187264.0,-0.5250739455223083
6363125248.0,-0.5396196842193604
6364062720.0,-0.5577154159545898
6365000192.0,-0.8318947553634644
6365937664.0,-0.8363933563232422
6366875136.0,-0.8444394469261169
6367812608.0,-0.8517115116119385
6368750080.0,-0.8605712652206421
6369687552.0,-0.8691142797470093
6370625024.0,-0.8786382079124451
6371562496.0,-0.8891089558601379
6372499968.0,-0.897345781326294
6373437440.0,-0.9076138734817505
6374374912.0,-0.9178707599639893
6375312384.0,-0.9278769493103027
6376249856.0,-0.935835063457489
6377187328.0,-0.943558394908905
6378124800.0,-0.9522680044174194
6379062272.0,-0.9594814777374268
6380000256.0,-0.967289388179779
6380937728.0,-0.9735998511314392
6381875200.0,-0.9799860119819641
6382812672.0,-0.9844361543655396
6383750144.0,-0.9909480214118958
6384687616.0,-0.9941390752792358
6385625088.0,-0.9966737031936646
6386562560.0,-0.9994397163391113
6387500032.0,-1.001161813735962
6388437504.0,-1.001133680343628
6389374976.0,-1.0045580863952637
6390312448.0,-1.005476713180542
6391249920.0,-1.0055006742477417
6392187392.0,-1.0060840845108032
6393124864.0,-1.0065525770187378
6394062336.0,-1.0057170391082764
6394999808.0,-1.0049728155136108
6395937280.0,-1.0035858154296875
6396874752.0,-1.0006382465362549
6397812736.0,-0.9978446960449219
6398750208.0,-0.9962913393974304
6399687680.0,-0.9918976426124573
6400625152.0,-0.9904859066009521
6401562624.0,-0.987077534198761
6402500096.0,-0.9847650527954102
6403437568.0,-0.9831387400627136
6404375040.0,-0.9840376973152161
6405312512.0,-0.98322594165802
6406249984.0,-0.9834508895874023
6407187456.0,-0.9831255674362183
6408124928.0,-0.9867753386497498
6409062400.0,-0.989946186542511
6409999872.0,-0.9928380846977234
6410937344.0,-0.9978363513946533
6411874816.0,-1.0034099817276
6412812288.0,-1.0083035230636597
6413749760.0,-1.0154542922973633
6414687744.0,-1.0220638513565063
6415625216.0,-1.028631567955017
6416562688.0,-1.0369333028793335
6417500160.0,-1.0439376831054688
6418437632.0,-1.0529648065567017
6419375104.0,-1.060773253440857
6420312576.0,-1.0690655708312988
6421250048.0,-1.0765345096588135
6422187520.0,-1.084444522857666
6423124992.0,-1.0900797843933105
6424062464.0,-1.093381643295288
6424999936.0,-1.111201524734497
6425937408.0,-1.1233831644058228
6426874880.0,-1.1357189416885376
6427812352.0,-1.144704818725586
6428749824.0,-1.1521896123886108
6429687296.0,-1.1605119705200195
6430624768.0,-1.1655322313308716
6431562752.0,-1.1685478687286377
6432500224.0,-1.1701326370239258
6433437696.0,-1.170698881149292
6434375168.0,-1.1692028045654297
6435312640.0,-1.1678045988082886
6436250112.0,-1.1639201641082764
6437187584.0,-1.158530354499817
6438125056.0,-1.1526789665222168
6439062528.0,-1.1448572874069214
6440000000.0,-1.1349287033081055
6440937472.0,-1.1241779327392578
6441874944.0,-1.1133283376693726
6442812416.0,-1.10243558883667
6443749888.0,-1.0886586904525757
6444687360.0,-1.075336217880249
6445624832.0,-1.0624421834945679
6446562304.0,-1.0485056638717651
6447499776.0,-1.0352948904037476
6448437248.0,-1.0223358869552612
6449375232.0,-1.0109790563583374
6450312704.0,-1.0003033876419067
6451250176.0,-0.9895497560501099
6452187648.0,-0.9804649353027344
6453125120.0,-0.9723467826843262
6454062592.0,-0.9640202522277832
6455000064.0,-0.9573348760604858
6455937536.0,-0.9504705667495728
6456875008.0,-0.9455799460411072
6457812480.0,-0.940474808216095
6458749952.0,-0.9348210692405701
6459687424.0,-0.9308753609657288
6460624896.0,-0.9269158244132996
6461562368.0,-0.9227851629257202
6462499840.0,-0.9194554686546326
6463437312.0,-0.9156293272972107
6464374784.0,-0.9136820435523987
6465312256.0,-0.9107398390769958
6466250240.0,-0.9060916304588318
6467187712.0,-0.9040704965591431
6468125184.0,-0.9001157283782959
6469062656.0,-0.8951786160469055
6470000128.0,-0.8915337920188904
6470937600.0,-0.8863914012908936
6471875072.0,-0.8816635608673096
6472812544.0,-0.8769656419754028
6473750016.0,-0.872273862361908
6474687488.0,-0.8705672025680542
6475624960.0,-0.8675670623779297
6476562432.0,-0.8642016649246216
6477499904.0,-0.8612831830978394
6478437376.0,-0.85841304063797
6479374848.0,-0.8541297912597656
6480312320.0,-0.853020191192627
6481249792.0,-0.8505649566650391
6482187264.0,-0.8501248359680176
6483125248.0,-0.8473816514015198
6484062720.0,-0.8474740982055664
6485000192.0,-0.9497133493423462
6485937664.0,-0.9569799304008484
6486875136.0,-0.9647630453109741
6487812608.0,-0.9727703332901001
6488750080.0,-0.9799674153327942
6489687552.0,-0.9870661497116089
6490625024.0,-0.9929155111312866
6491562496.0,-0.9999936819076538
6492499968.0,-1.0056997537612915
6493437440.0,-1.0092737674713135
6494374912.0,-1.0149242877960205
6495312384.0,-1.0188182592391968
6496249856.0,-1.022984266281128
6497187328.0,-1.024988055229187
6498124800.0,-1.0256578922271729
6499062272.0,-1.025447964668274
6499999744.0,-1.0237529277801514
6500937728.0,-1.021844744682312
6501875200.0,-1.0186767578125
6502812672.0,-1.0136500597000122
6503750144.0,-1.007678508758545
6504687616.0,-1.0012344121932983
6505625088.0,-0.9933928847312927
6506562560.0,-0.9850377440452576
6507500032.0,-0.9753384590148926
6508437504.0,-0.9652504920959473
6509374976.0,-0.9547253251075745
6510312448.0,-0.9433426260948181
6511249920.0,-0.9323880076408386
6512187392.0,-0.9211280345916748
6513124864.0,-0.9094921350479126
6514062336.0,-0.8983592391014099
6514999808.0,-0.8873208165168762
6515937280.0,-0.87717205286026
6516874752.0,-0.8673064112663269
6517812736.0,-0.8563873171806335
6518750208.0,-0.8465993404388428
6519687680.0,-0.8376185297966003
6520625152.0,-0.8291559219360352
6521562624.0,-0.8214009404182434
6522500096.0,-0.8134238123893738
6523437568.0,-0.8055945038795471
6524375040.0,-0.8004505038261414
6525312512.0,-0.7942307591438293
6526249984.0,-0.7908466458320618
6527187456.0,-0.7882102131843567
6528124928.0,-0.786354124546051
6529062400.0,-0.787383496761322
6529999872.0,-0.7864108681678772
6530937344.0,-0.7879858613014221
6531874816.0,-0.7892662286758423
6532812288.0,-0.7912212610244751
6533749760.0,-0.7937173247337341
6534687744.0,-0.7984294891357422
6535625216.0,-0.8023192286491394
6536562688.0,-0.8076232671737671
6537500160.0,-0.8149550557136536
6538437632.0,-0.8212668299674988
6539375104.0,-0.8301452398300171
6540312576.0,-0.8374758958816528
6541250048.0,-0.8470544219017029
6542187520.0,-0.856367290019989
6543124992.0,-0.8639815449714661
6544062464.0,-0.8717455863952637
6544999936.0,-0.8685947060585022
6545937408.0,-0.8713890910148621
6546874880.0,-0.8758549094200134
6547812352.0,-0.8789771199226379
6548749824.0,-0.8813229203224182
6549687296.0,-0.8854354619979858
6550624768.0,-0.8896941542625427
6551562752.0,-0.8949257731437683
6552500224.0,-0.8994934558868408
6553437696.0,-0.9044485092163086
6554375168.0,-0.9100001454353333
6555312640.0,-0.9155722260475159
6556250112.0,-0.9236301183700562
6557187584.0,-0.9327553510665894
6558125056.0,-0.9413652420043945
6559062528.0,-0.9521740674972534
6560000000.0,-0.9633687138557434
6560937472.0,-0.9731401205062866
6561874944.0,-0.9852457642555237
6562812416.0,-0.9996097087860107
6563749888.0,-1.012203574180603
6564687360.0,-1.025956392288208
6565624832.0,-1.0395549535751343
6566562304.0,-1.0525609254837036
6567499776.0,-1.0646482706069946
6568437248.0,-1.0771913528442383
6569375232.0,-1.089606523513794
6570312704.0,-1.1002235412597656
6571250176.0,-1.1113395690917969
6572187648.0,-1.1229313611984253
6573125120.0,-1.1337519884109497
6574062592.0,-1.1429986953735352
6575000064.0,-1.1519206762313843
6575937536.0,-1.159248948097229
6576875008.0,-1.1662328243255615
6577812480.0,-1.1712806224822998
6578749952.0,-1.1741245985031128
6579687424.0,-1.17792546749115
6580624896.0,-1.1787559986114502
6581562368.0,-1.179159164428711
6582499840.0,-1.1790302991867065
6583437312.0,-1.1786776781082153
6584374784.0,-1.1773772239685059
6585312256.0,-1.1747195720672607
6586250240.0,-1.1721994876861572
6587187712.0,-1.1701586246490479
6588125184.0,-1.1671252250671387
6589062656.0,-1.162607192993164
6590000128.0,-1.1575422286987305
6590937600.0,-1.1554454565048218
6591875072.0,-1.1495603322982788
6592812544.0,-1.1451125144958496
6593750016.0,-1.141133427619934
6594687488.0,-1.1363295316696167
6595624960.0,-1.1319756507873535
6596562432.0,-1.1291091442108154
6597499904.0,-1.1267751455307007
6598437376.0,-1.1241408586502075
6599374848.0,-1.122828722000122
6600312320.0,-1.121023178100586
6601249792.0,-1.1196333169937134
6602187264.0,-1.120289921760559
6603125248.0,-1.1205235719680786
6604062720.0,-1.1224218606948853
6605000192.0,-1.121109962463379
6605937664.0,-1.1272739171981812
6606875136.0,-1.133434772491455
6607812608.0,-1.1373473405838013
6608750080.0,-1.1420811414718628
6609687552.0,-1.1471830606460571
6610625024.0,-1.1522072553634644
6611562496.0,-1.1563401222229004
6612499968.0,-1.1624280214309692
6613437440.0,-1.1665360927581787
6614374912.0,-1.1713922023773193
6615312384.0,-1.1760004758834839
6616249856.0,-1.1805014610290527
6617187328.0,-1.185960292816162
6618124800.0,-1.1920461654663086
6619062272.0,-1.1965335607528687
6620000256.0,-1.2022886276245117
6620937728.0,-1.2101409435272217
6621875200.0,-1.2180984020233154
6622812672.0,-1.2277470827102661
6623750144.0,-1.2376668453216553
6624687616.0,-1.2497974634170532
6625625088.0,-1.2644912004470825
6626562560.0,-1.283347725868225
6627500032.0,-1.3034695386886597
6628437504.0,-1.321793556213379
6629374976.0,-1.3428943157196045
6630312448.0,-1.363106369972229
6631249920.0,-1.383136510848999
6632187392.0,-1.403161883354187
6633124864.0,-1.422228455543518
6634062336.0,-1.4422111511230469
6634999808.0,-1.4604289531707764
6635937280.0,-1.4789631366729736
6636874752.0,-1.498185157775879
6637812736.0,-1.5159943103790283
6638750208.0,-1.534213662147522
6639687680.0,-1.5525869131088257
6640625152.0,-1.5692274570465088
6641562624.0,-1.586847186088562
6642500096.0,-1.6025599241256714
6643437568.0,-1.6172832250595093
6644375040.0,-1.6310590505599976
6645312512.0,-1.6432092189788818
6646249984.0,-1.6526708602905273
6647187456.0,-1.6602563858032227
6648124928.0,-1.6679739952087402
6649062400.0,-1.6727248430252075
6649999872.0,-1.6760879755020142
6650937344.0,-1.6796163320541382
6651874816.0,-1.685519814491272
6652812288.0,-1.69017493724823
6653749760.0,-1.6940202713012695
6654687744.0,-1.6970115900039673
6655625216.0,-1.6990878582000732
6656562688.0,-1.7020748853683472
6657500160.0,-1.704014539718628
6658437632.0,-1.7082178592681885
6659375104.0,-1.710994839668274
6660312576.0,-1.717067003250122
6661250048.0,-1.7249361276626587
6662187520.0,-1.7346957921981812
6663124992.0,-1.7460219860076904
6664062464.0,-1.7581247091293335
6664999936.0,-1.779681921005249
6665937408.0,-1.7915936708450317
6666874880.0,-1.8032587766647339
6667812352.0,-1.8162877559661865
6668749824.0,-1.8280822038650513
6669687296.0,-1.8410921096801758
6670624768.0,-1.8548015356063843
6671562752.0,-1.8670976161956787
6672500224.0,-1.8806287050247192
6673437696.0,-1.8934800624847412
6674375168.0,-1.9068114757537842
6675312640.0,-1.918060302734375
6676250112.0,-1.9266533851623535
6677187584.0,-1.9328536987304688
6678125056.0,-1.9372614622116089
6679062528.0,-1.9410609006881714
6680000000.0,-1.946693778038025
6680937472.0,-1.9512382745742798
6681874944.0,-1.9568763971328735
6682812416.0,-1.961118459701538
6683749888.0,-1.965062141418457
6684687360.0,-1.9686611890792847
6685624832.0,-1.9715046882629395
6686562304.0,-1.9725483655929565
6687499776.0,-1.974341630935669
6688437248.0,-1.9753378629684448
6689375232.0,-1.9755492210388184
6690312704.0,-1.9795187711715698
6691250176.0,-1.9832340478897095
6692187648.0,-1.989774227142334
6693125120.0,-1.9960209131240845
6694062592.0,-2.004615068435669
6695000064.0,-2.0144236087799072
6695937536.0,-2.027757406234741
6696875008.0,-2.0431158542633057
6697812480.0,-2.060878038406372
6698749952.0,-2.081210136413574
6699687424.0,-2.1024391651153564
6700624896.0,-2.12674617767334
6701562368.0,-2.150501251220703
6702499840.0,-2.175131320953369
6703437312.0,-2.1997947692871094
6704374784.0,-2.2258694171905518
6705312256.0,-2.251538038253784
6706250240.0,-2.2785427570343018
6707187712.0,-2.3040730953216553
6708125184.0,-2.3296165466308594
6709062656.0,-2.3520710468292236
6710000128.0,-2.3730082511901855
6710937600.0,-2.3914685249328613
6711875072.0,-2.406278610229492
6712812544.0,-2.421100378036499
6713750016.0,-2.4316446781158447
6714687488.0,-2.4409420490264893
6715624960.0,-2.447225570678711
6716562432.0,-2.4524123668670654
6717499904.0,-2.4557597637176514
6718437376.0,-2.458022356033325
6719374848.0,-2.4582180976867676
6720312320.0,-2.4566855430603027
6721249792.0,-2.4543519020080566
6722187264.0,-2.453735113143921
6723125248.0,-2.452986717224121
6724062720.0,-2.452558755874634
6725000192.0,-2.4298763275146484
6725937664.0,-2.4317612648010254
6726875136.0,-2.435229539871216
6727812608.0,-2.4388654232025146
6728750080.0,-2.4438605308532715
6729687552.0,-2.4504005908966064
6730625024.0,-2.460627317428589
6731562496.0,-2.474881410598755
6732499968.0,-2.4920074939727783
6733437440.0,-2.512375593185425
6734374912.0,-2.5334103107452393
6735312384.0,-2.5576841831207275
6736249856.0,-2.5823421478271484
6737187328.0,-2.6099376678466797
6738124800.0,-2.63936185836792
6739062272.0,-2.6714072227478027
6739999744.0,-2.7034313678741455
6740937728.0,-2.739183187484741
6741875200.0,-2.773866653442383
6742812672.0,-2.8080146312713623
6743750144.0,-2.8427600860595703
6744687616.0,-2.8750104904174805
6745625088.0,-2.9070537090301514
6746562560.0,-2.9363067150115967
6747500032.0,-2.9659276008605957
6748437504.0,-2.9940011501312256
6749374976.0,-3.020580768585205
6750312448.0,-3.0453991889953613
6751249920.0,-3.0666191577911377
6752187392.0,-3.090604543685913
6753124864.0,-3.1056227684020996
6754062336.0,-3.1167502403259277
6754999808.0,-3.123361825942993
6755937280.0,-3.126307487487793
6756874752.0,-3.123431921005249
6757812736.0,-3.1164140701293945
6758750208.0,-3.102821111679077
6759687680.0,-3.086576461791992
6760625152.0,-3.064638376235962
6761562624.0,-3.0394604206085205
6762500096.0,-3.0095019340515137
6763437568.0,-2.9781270027160645
6764375040.0,-2.9427502155303955
6765312512.0,-2.902968406677246
6766249984.0,-2.8606834411621094
6767187456.0,-2.815492868423462
6768124928.0,-2.7650933265686035
6769062400.0,-2.71140193939209
6769999872.0,-2.6526801586151123
6770937344.0,-2.591810464859009
6771874816.0,-2.5286102294921875
6772812288.0,-2.463996171951294
6773749760.0,-2.40092396736145
6774687744.0,-2.3388736248016357
6775625216.0,-2.276792287826538
6776562688.0,-2.2168960571289062
6777500160.0,-2.1579291820526123
6778437632.0,-2.1086316108703613
6779375104.0,-2.0592992305755615
6780312576.0,-2.0150671005249023
6781250048.0,-1.9743788242340088
6782187520.0,-1.9362602233886719
6783124992.0,-1.902285099029541
6784062464.0,-1.872657060623169
6784999936.0,-2.3260562419891357
6785937408.0,-2.30871319770813
6786874880.0,-2.292572498321533
6787812352.0,-2.2772204875946045
6788749824.0,-2.2626490592956543
6789687296.0,-2.2491655349731445
6790624768.0,-2.2367615699768066
6791562752.0,-2.2270216941833496
6792500224.0,-2.21811842918396
6793437696.0,-2.2122159004211426
6794375168.0,-2.20750093460083
6795312640.0,-2.2055368423461914
6796250112.0,-2.20466947555542
6797187584.0,-2.2039530277252197
6798125056.0,-2.20499849319458
6799062528.0,-2.206631898880005
6800000000.0,-2.2084994316101074
6800937472.0,-2.2126455307006836
6801874944.0,-2.218151330947876
6802812416.0,-2.225121259689331
6803749888.0,-2.237112283706665
6804687360.0,-2.2539961338043213
6805624832.0,-2.2715110778808594
6806562304.0,-2.289313793182373
6807499776.0,-2.3075547218322754
6808437248.0,-2.322890281677246
6809375232.0,-2.340569019317627
6810312704.0,-2.3553295135498047
6811250176.0,-2.369786500930786
6812187648.0,-2.382570743560791
6813125120.0,-2.3943264484405518
6814062592.0,-2.4067294597625732
6815000064.0,-2.417478084564209
6815937536.0,-2.4277799129486084
6816875008.0,-2.432736396789551
6817812480.0,-2.4366233348846436
6818749952.0,-2.4376816749572754
6819687424.0,-2.434997797012329
6820624896.0,-2.4296255111694336
6821562368.0,-2.418977975845337
6822499840.0,-2.4056782722473145
6823437312.0,-2.3902361392974854
6824374784.0,-2.3690667152404785
6825312256.0,-2.3457109928131104
6826250240.0,-2.3193347454071045
6827187712.0,-2.2870004177093506
6828125184.0,-2.254554271697998
6829062656.0,-2.217588186264038
6830000128.0,-2.17697811126709
6830937600.0,-2.1368305683135986
6831875072.0,-2.095686674118042
6832812544.0,-2.0540037155151367
6833750016.0,-2.0133137702941895
6834687488.0,-1.972855806350708
6835624960.0,-1.9318615198135376
6836562432.0,-1.8904814720153809
6837499904.0,-1.8509135246276855
6838437376.0,-1.8101236820220947
6839374848.0,-1.7725818157196045
6840312320.0,-1.7361928224563599
6841249792.0,-1.7033064365386963
6842187264.0,-1.6719602346420288
6843125248.0,-1.6413249969482422
6844062720.0,-1.6147441864013672
6845000192.0,-1.5116513967514038
6845937664.0,-1.486656665802002
6846875136.0,-1.4654730558395386
6847812608.0,-1.444730281829834
6848750080.0,-1.4273865222930908
6849687552.0,-1.411689043045044
6850625024.0,-1.398532509803772
6851562496.0,-1.3886305093765259
6852499968.0,-1.3817837238311768
6853437440.0,-1.3791046142578125
6854374912.0,-1.3782447576522827
6855312384.0,-1.3806354999542236
6856249856.0,-1.3839805126190186
6857187328.0,-1.3913570642471313
6858124800.0,-1.3999476432800293
6859062272.0,-1.4111464023590088
6860000256.0,-1.422983169555664
6860937728.0,-1.43878972530365
6861875200.0,-1.4545819759368896
6862812672.0,-1.4723683595657349
6863750144.0,-1.4904872179031372
6864687616.0,-1.5098296403884888
6865625088.0,-1.52858304977417
6866562560.0,-1.546722650527954
6867500032.0,-1.5632694959640503
6868437504.0,-1.5793687105178833
6869374976.0,-1.5952811241149902
6870312448.0,-1.608992338180542
6871249920.0,-1.6210016012191772
6872187392.0,-1.6312484741210938
6873124864.0,-1.6394118070602417
6874062336.0,-1.644809365272522
6874999808.0,-1.6468913555145264
6875937280.0,-1.6485016345977783
6876874752.0,-1.647778868675232
6877812736.0,-1.644677758216858
6878750208.0,-1.63796067237854
6879687680.0,-1.6295969486236572
6880625152.0,-1.6183534860610962
6881562624.0,-1.6041027307510376
6882500096.0,-1.5881667137145996
6883437568.0,-1.568535327911377
6884375040.0,-1.54661226272583
6885312512.0,-1.5214732885360718
6886249984.0,-1.4933967590332031
6887187456.0,-1.4646036624908447
6888124928.0,-1.4361703395843506
6889062400.0,-1.4057235717773438
6889999872.0,-1.3758174180984497
6890937344.0,-1.3438818454742432
6891874816.0,-1.3121368885040283
6892812288.0,-1.2810598611831665
6893749760.0,-1.2487467527389526
6894687744.0,-1.2173478603363037
6895625216.0,-1.187853455543518
6896562688.0,-1.1580018997192383
6897500160.0,-1.1293824911117554
6898437632.0,-1.1037092208862305
6899375104.0,-1.0785489082336426
6900312576.0,-1.0551103353500366
6901250048.0,-1.034293532371521
6902187520.0,-1.0158144235610962
6903124992.0,-0.9989452362060547
6904062464.0,-0.9856865406036377
6904999936.0,-0.9874838590621948
6905937408.0,-0.9843356013298035
6906874880.0,-0.9830715656280518
6907812352.0,-0.9825418591499329
6908749824.0,-0.9845224022865295
6909687296.0,-0.9869593381881714
6910624768.0,-0.9905932545661926
6911562752.0,-0.9943867921829224
6912500224.0,-0.9986066818237305
6913437696.0,-1.0034061670303345
6914375168.0,-1.008468508720398
6915312640.0,-1.013396978378296
6916250112.0,-1.0168890953063965
6917187584.0,-1.0195623636245728
6918125056.0,-1.0203354358673096
6919062528.0,-1.020267367362976
6920000000.0,-1.0191131830215454
6920937472.0,-1.0165009498596191
6921874944.0,-1.012097954750061
6922812416.0,-1.0064949989318848
6923749888.0,-0.9977608323097229
6924687360.0,-0.9874452948570251
6925624832.0,-0.9755850434303284
6926562304.0,-0.9609197378158569
6927499776.0,-0.9443362355232239
6928437248.0,-0.9271333813667297
6929375232.0,-0.9083981513977051
6930312704.0,-0.8884801268577576
6931250176.0,-0.8678287267684937
6932187648.0,-0.8464792966842651
6933125120.0,-0.8251150846481323
6934062592.0,-0.8040249943733215
6935000064.0,-0.7815690636634827
6935937536.0,-0.7592344880104065
6936875008.0,-0.7367038726806641
6937812480.0,-0.7144805192947388
6938749952.0,-0.6915989518165588
6939687424.0,-0.671021580696106
6940624896.0,-0.6508206129074097
6941562368.0,-0.6316245794296265
6942499840.0,-0.6128097176551819
6943437312.0,-0.5982274413108826
6944374784.0,-0.5833747982978821
6945312256.0,-0.5707461833953857
6946250240.0,-0.5610089898109436
6947187712.0,-0.5530710816383362
6948125184.0,-0.5464819669723511
6949062656.0,-0.5411701798439026
6950000128.0,-0.5373460054397583
6950937600.0,-0.5359576344490051
6951875072.0,-0.5339599251747131
6952812544.0,-0.5353067517280579
6953750016.0,-0.536146879196167
6954687488.0,-0.5388274788856506
6955624960.0,-0.5419334769248962
6956562432.0,-0.5475409030914307
6957499904.0,-0.5551233887672424
6958437376.0,-0.5635036826133728
6959374848.0,-0.5725299715995789
6960312320.0,-0.5818042159080505
6961249792.0,-0.5918986797332764
6962187264.0,-0.6017664074897766
6963125248.0,-0.6112533807754517
6964062720.0,-0.6202610731124878
6965000192.0,-0.5262924432754517
6965937664.0,-0.5355647206306458
6966875136.0,-0.5456995964050293
6967812608.0,-0.5541251301765442
6968750080.0,-0.564204216003418
6969687552.0,-0.5746107697486877
6970625024.0,-0.583865225315094
6971562496.0,-0.5952051877975464
6972499968.0,-0.6046782732009888
6973437440.0,-0.6153585314750671
6974374912.0,-0.6263610124588013
6975312384.0,-0.6365700364112854
6976249856.0,-0.6484391689300537
6977187328.0,-0.6595802903175354
6978124800.0,-0.673404335975647
6979062272.0,-0.6850762963294983
6979999744.0,-0.6974029541015625
6980937728.0,-0.7098551392555237
6981875200.0,-0.7191080451011658
6982812672.0,-0.7288349866867065
6983750144.0,-0.7371963858604431
6984687616.0,-0.7456586956977844
6985625088.0,-0.7542768120765686
6986562560.0,-0.761285662651062
6987500032.0,-0.7674775123596191
6988437504.0,-0.7731442451477051
6989374976.0,-0.7770607471466064
6990312448.0,-0.7811110019683838
6991249920.0,-0.7847781181335449
6992187392.0,-0.7848520278930664
6993124864.0,-0.7851895093917847
6994062336.0,-0.783403217792511
6994999808.0,-0.7797726392745972
6995937280.0,-0.776729166507721
6996874752.0,-0.7705516219139099
6997812736.0,-0.7636024355888367
6998750208.0,-0.7563526630401611
6999687680.0,-0.7471873760223389
7000625152.0,-0.7384012937545776
7001562624.0,-0.72752445936203
7002500096.0,-0.7160869836807251
7003437568.0,-0.7045448422431946
7004375040.0,-0.6926048398017883
7005312512.0,-0.6798729300498962
7006249984.0,-0.6670788526535034
7007187456.0,-0.6526623964309692
7008124928.0,-0.6358853578567505
7009062400.0,-0.6182721257209778
7009999872.0,-0.6012827157974243
7010937344.0,-0.5849846005439758
7011874816.0,-0.5677528977394104
7012812288.0,-0.5502802133560181
7013749760.0,-0.534716784954071
7014687744.0,-0.5177117586135864
7015625216.0,-0.5019586086273193
7016562688.0,-0.4859260022640228
7017500160.0,-0.47156965732574463
7018437632.0,-0.45669564604759216
7019375104.0,-0.44211050868034363
7020312576.0,-0.42841383814811707
7021250048.0,-0.415662556886673
7022187520.0,-0.4021819233894348
7023124992.0,-0.3912450671195984
7024062464.0,-0.38016557693481445
7024999936.0,-0.29246267676353455
7025937408.0,-0.2953042685985565
7026874880.0,-0.30023083090782166
7027812352.0,-0.30555468797683716
7028749824.0,-0.31039857864379883
7029687296.0,-0.3172847628593445
7030624768.0,-0.32535436749458313
7031562752.0,-0.33374613523483276
7032500224.0,-0.3439145088195801
7033437696.0,-0.3560718595981598
7034375168.0,-0.3692525327205658
7035312640.0,-0.3832431435585022
7036250112.0,-0.3974756896495819
7037187584.0,-0.41204336285591125
7038125056.0,-0.4251677691936493
7039062528.0,-0.4399859309196472
7040000000.0,-0.45534080266952515
7040937472.0,-0.4684322774410248
7041874944.0,-0.48458942770957947
7042812416.0,-0.4984816014766693
7043749888.0,-0.5121011734008789
7044687360.0,-0.5258598923683167
7045624832.0,-0.5382331013679504
7046562304.0,-0.5498722791671753
7047499776.0,-0.5613095164299011
7048437248.0,-0.5718002915382385
7049375232.0,-0.5804546475410461
7050312704.0,-0.5887432098388672
7051250176.0,-0.5955386161804199
7052187648.0,-0.6010814309120178
7053125120.0,-0.6045184135437012
7054062592.0,-0.6082141995429993
7055000064.0,-0.6087174415588379
7055937536.0,-0.6100010275840759
7056875008.0,-0.6092852354049683
7057812480.0,-0.6072947978973389
7058749952.0,-0.6057048439979553
7059687424.0,-0.6060773134231567
7060624896.0,-0.6031603813171387
7061562368.0,-0.5985656976699829
7062499840.0,-0.5930303931236267
7063437312.0,-0.5865576863288879
7064374784.0,-0.5792849063873291
7065312256.0,-0.5701916217803955
7066250240.0,-0.5598297119140625
7067187712.0,-0.549037754535675
7068125184.0,-0.5373735427856445
7069062656.0,-0.5257841944694519
7070000128.0,-0.5122466087341309
7070937600.0,-0.49764397740364075
7071875072.0,-0.4841173589229584
7072812544.0,-0.4699777662754059
7073750016.0,-0.45503634214401245
7074687488.0,-0.4396066665649414
7075624960.0,-0.4224205017089844
7076562432.0,-0.40790989995002747
7077499904.0,-0.39129638671875
7078437376.0,-0.3760874271392822
7079374848.0,-0.36069241166114807
7080312320.0,-0.3448229432106018
7081249792.0,-0.3289424180984497
7082187264.0,-0.31457123160362244
7083125248.0,-0.2999066710472107
7084062720.0,-0.2852989733219147
7085000192.0,-0.3486155569553375
7085937664.0,-0.33731016516685486
7086875136.0,-0.32743653655052185
7087812608.0,-0.31683656573295593
7088750080.0,-0.30574363470077515
7089687552.0,-0.297070175409317
7090625024.0,-0.28827008605003357
7091562496.0,-0.2806750535964966
7092499968.0,-0.2733354866504669
7093437440.0,-0.2675950825214386
7094374912.0,-0.2640466094017029
7095312384.0,-0.26051127910614014
7096249856.0,-0.25850021839141846
7097187328.0,-0.25817084312438965
7098124800.0,-0.2593633532524109
7099062272.0,-0.26139718294143677
7100000256.0,-0.2663818299770355
7100937728.0,-0.2718481123447418
7101875200.0,-0.28041329979896545
7102812672.0,-0.28948086500167847
7103750144.0,-0.29949256777763367
7104687616.0,-0.3114440143108368
7105625088.0,-0.3256726861000061
7106562560.0,-0.3396432101726532
7107500032.0,-0.356369286775589
7108437504.0,-0.3723554313182831
7109374976.0,-0.3931075930595398
7110312448.0,-0.4137222468852997
7111249920.0,-0.4364893138408661
7112187392.0,-0.459340900182724
7113124864.0,-0.4815247654914856
7114062336.0,-0.5031135678291321
7114999808.0,-0.5268447399139404
7115937280.0,-0.5485703349113464
7116874752.0,-0.5709844827651978
7117812736.0,-0.5919983386993408
7118750208.0,-0.6132920980453491
7119687680.0,-0.6329675316810608
7120625152.0,-0.6524691581726074
7121562624.0,-0.6708518862724304
7122500096.0,-0.6868323683738708
7123437568.0,-0.7014467716217041
7124375040.0,-0.7126989960670471
7125312512.0,-0.7242316603660583
7126249984.0,-0.7326131463050842
7127187456.0,-0.7400595545768738
7128124928.0,-0.743998110294342
7129062400.0,-0.7472456693649292
7129999872.0,-0.7471008896827698
7130937344.0,-0.7451868653297424
7131874816.0,-0.74228835105896
7132812288.0,-0.7362753748893738
7133749760.0,-0.7290326952934265
7134687744.0,-0.718085765838623
7135625216.0,-0.7066852450370789
7136562688.0,-0.6932836174964905
7137500160.0,-0.6775861382484436
7138437632.0,-0.6609166264533997
7139375104.0,-0.6415472030639648
7140312576.0,-0.6223980188369751
7141250048.0,-0.6022073030471802
7142187520.0,-0.5822537541389465
7143124992.0,-0.5594469308853149
7144062464.0,-0.42928412556648254
7144999936.0,-0.42800378799438477
7145937408.0,-0.4250536561012268
7146874880.0,-0.421540230512619
7147812352.0,-0.41811102628707886
7148749824.0,-0.4157736897468567
7149687296.0,-0.41206422448158264
7150624768.0,-0.41081634163856506
7151562752.0,-0.40886446833610535
7152500224.0,-0.4079104959964752
7153437696.0,-0.40838822722435
7154375168.0,-0.4090668559074402
7155312640.0,-0.4115932881832123
7156250112.0,-0.41616159677505493
7157187584.0,-0.42230796813964844
7158125056.0,-0.42975330352783203
7159062528.0,-0.438361793756485
7160000000.0,-0.4468083083629608
7160937472.0,-0.4537951350212097
7161874944.0,-0.46197980642318726
7162812416.0,-0.47091981768608093
7163749888.0,-0.4816696345806122
7164687360.0,-0.49062469601631165
7165624832.0,-0.5005545616149902
7166562304.0,-0.5116227269172668
7167499776.0,-0.522223949432373
7168437248.0,-0.5316284894943237
7169375232.0,-0.5404734015464783
7170312704.0,-0.5497133731842041
7171250176.0,-0.55656898021698
7172187648.0,-0.5629147887229919
7173125120.0,-0.5681436657905579
7174062592.0,-0.5711371302604675
7175000064.0,-0.5743339657783508
7175937536.0,-0.575239896774292
7176875008.0,-0.5749197602272034
7177812480.0,-0.5726004242897034
7178749952.0,-0.5689336657524109
7179687424.0,-0.5642193555831909
7180624896.0,-0.5573469400405884
7181562368.0,-0.549260139465332
7182499840.0,-0.5396078824996948
7183437312.0,-0.5282646417617798
7184374784.0,-0.5169119238853455
7185312256.0,-0.5031930208206177
7186250240.0,-0.48540249466896057
7187187712.0,-0.4674551784992218
7188125184.0,-0.4504980742931366
7189062656.0,-0.43189719319343567
7190000128.0,-0.41301268339157104
7190937600.0,-0.3943842351436615
7191875072.0,-0.37629222869873047
7192812544.0,-0.3560050427913666
7193750016.0,-0.3374916911125183
7194687488.0,-0.31956955790519714
7195624960.0,-0.3011043667793274
7196562432.0,-0.28627264499664307
7197499904.0,-0.2705392837524414
7198437376.0,-0.25655466318130493
7199374848.0,-0.24342641234397888
7200312320.0,-0.23349817097187042
7201249792.0,-0.2245662659406662
7202187264.0,-0.2187499850988388
7203125248.0,-0.21594786643981934
7204062720.0,-0.3206065893173218
7205000192.0,-0.33439841866493225
7205937664.0,-0.35037046670913696
7206875136.0,-0.36903104186058044
7207812608.0,-0.389793336391449
7208750080.0,-0.4127607047557831
7209687552.0,-0.4388973116874695
7210625024.0,-0.4664871394634247
7211562496.0,-0.4971328377723694
7212499968.0,-0.5299674868583679
7213437440.0,-0.5633633136749268
7214374912.0,-0.596998929977417
7215312384.0,-0.6326707005500793
7216249856.0,-0.6675535440444946
7217187328.0,-0.7003627419471741
7218124800.0,-0.7339493632316589
7219062272.0,-0.7646035552024841
7219999744.0,-0.7945418953895569
7220937728.0,-0.8207387328147888
7221875200.0,-0.844175398349762
7222812672.0,-0.8639121055603027
7223750144.0,-0.8796716332435608
7224687616.0,-0.8916810154914856
7225625088.0,-0.8979976177215576
7226562560.0,-0.9021357893943787
7227500032.0,-0.8994988203048706
7228437504.0,-0.8935499787330627
7229374976.0,-0.8825177550315857
7230312448.0,-0.8677494525909424
7231249920.0,-0.847838282585144
7232187392.0,-0.825599193572998
7233124864.0,-0.7982564568519592
7234062336.0,-0.7681414484977722
7234999808.0,-0.7344134449958801
7235937280.0,-0.6989914774894714
7236874752.0,-0.6630321145057678
7237812736.0,-0.6243287324905396
7238750208.0,-0.5848689675331116
7239687680.0,-0.5443681478500366
7240625152.0,-0.5017147064208984
7241562624.0,-0.4583819508552551
7242500096.0,-0.41575559973716736
7243437568.0,-0.3731115460395813
7244375040.0,-0.32990938425064087
7245312512.0,-0.2888396084308624
7246249984.0,-0.2482934594154358
7247187456.0,-0.20953676104545593
7248124928.0,-0.17244718968868256
7249062400.0,-0.137156680226326
7249999872.0,-0.10486109554767609
7250937344.0,-0.07524288445711136
7251874816.0,-0.04895956441760063
7252812288.0,-0.025900976732373238
7253749760.0,-0.0067822616547346115
7254687744.0,0.008403044193983078
7255625216.0,0.019994661211967468
7256562688.0,0.027255959808826447
7257500160.0,0.03070630133152008
7258437632.0,0.030330989509820938
7259375104.0,0.02448919229209423
7260312576.0,0.015279158018529415
7261250048.0,0.0015590110560879111
7262187520.0,-0.016214990988373756
7263124992.0,-0.038951288908720016
7264062464.0,-0.30862122774124146
7264999936.0,-0.3054841458797455
7265937408.0,-0.30470672249794006
7266874880.0,-0.30627915263175964
7267812352.0,-0.31056731939315796
7268749824.0,-0.31727859377861023
7269687296.0,-0.3255082964897156
7270624768.0,-0.3358476459980011
7271562752.0,-0.3484698534011841
7272500224.0,-0.3622952401638031
7273437696.0,-0.3790280520915985
7274375168.0,-0.39537209272384644
7275312640.0,-0.41283565759658813
7276250112.0,-0.42896604537963867
7277187584.0,-0.44720423221588135
7278125056.0,-0.4617486596107483
7279062528.0,-0.47697389125823975
7280000000.0,-0.4905962347984314
7280937472.0,-0.5036028027534485
7281874944.0,-0.5151485800743103
7282812416.0,-0.5232958793640137
7283749888.0,-0.5317198634147644
7284687360.0,-0.5366479754447937
7285624832.0,-0.5397175550460815
7286562304.0,-0.5398765206336975
7287499776.0,-0.5420325398445129
7288437248.0,-0.5423760414123535
7289375232.0,-0.5390724539756775
7290312704.0,-0.534673810005188
7291250176.0,-0.5262525081634521
7292187648.0,-0.5158699154853821
7293125120.0,-0.504662275314331
7294062592.0,-0.49132150411605835
7295000064.0,-0.47503167390823364
7295937536.0,-0.4605821371078491
7296875008.0,-0.44230467081069946
7297812480.0,-0.42448151111602783
7298749952.0,-0.4078254997730255
7299687424.0,-0.3888174593448639
7300624896.0,-0.36898332834243774
7301562368.0,-0.3522765040397644
7302499840.0,-0.33486199378967285
7303437312.0,-0.3177827000617981
7304374784.0,-0.30206283926963806
7305312256.0,-0.28787165880203247
7306250240.0,-0.2744658887386322
7307187712.0,-0.2626607418060303
7308125184.0,-0.2519567310810089
7309062656.0,-0.24292981624603271
7310000128.0,-0.23566140234470367
7310937600.0,-0.2280176877975464
7311875072.0,-0.22293271124362946
7312812544.0,-0.21942445635795593
7313750016.0,-0.2186024785041809
7314687488.0,-0.21697552502155304
7315624960.0,-0.21612831950187683
7316562432.0,-0.21587476134300232
7317499904.0,-0.2148243933916092
7318437376.0,-0.21376287937164307
7319374848.0,-0.21135561168193817
7320312320.0,-0.20708678662776947
7321249792.0,-0.2024950236082077
7322187264.0,-0.1954529583454132
7323125248.0,-0.186427041888237
7324062720.0,-0.33088698983192444
7325000192.0,-0.3086617887020111
7325937664.0,-0.2853443920612335
7326875136.0,-0.26012301445007324
7327812608.0,-0.23401309549808502
7328750080.0,-0.20621730387210846
7329687552.0,-0.17900992929935455
7330625024.0,-0.15251024067401886
7331562496.0,-0.12549571692943573
7332499968.0,-0.10218078643083572
7333437440.0,-0.08009059727191925
7334374912.0,-0.06319227814674377
7335312384.0,-0.050762806087732315
7336249856.0,-0.04141230136156082
7337187328.0,-0.03616961091756821
7338124800.0,-0.03710309416055679
7339062272.0,-0.03885701671242714
7340000256.0,-0.04710011929273605
7340937728.0,-0.05886007472872734
7341875200.0,-0.07562699913978577
7342812672.0,-0.09465903788805008
7343750144.0,-0.11641901731491089
7344687616.0,-0.14063894748687744
7345625088.0,-0.16818217933177948
7346562560.0,-0.19455872476100922
7347500032.0,-0.22000755369663239
7348437504.0,-0.24446752667427063
7349374976.0,-0.26751628518104553
7350312448.0,-0.28652045130729675
7351249920.0,-0.30222052335739136
7352187392.0,-0.31466665863990784
7353124864.0,-0.3214101195335388
7354062336.0,-0.3236440420150757
7354999808.0,-0.32076895236968994
7355937280.0,-0.31323593854904175
7356874752.0,-0.30167970061302185
7357812736.0,-0.28471606969833374
7358750208.0,-0.26446211338043213
7359687680.0,-0.24037155508995056
7360625152.0,-0.21358038485050201
7361562624.0,-0.1835068315267563
7362500096.0,-0.153634712100029
7363437568.0,-0.12035523355007172
7364375040.0,-0.08645133674144745
7365312512.0,-0.05278174951672554
7366249984.0,-0.020950429141521454
7367187456.0,0.00708531541749835
7368124928.0,0.030771736055612564
7369062400.0,0.05248415842652321
7369999872.0,0.06888248026371002
7370937344.0,0.08251750469207764
7371874816.0,0.09152181446552277
7372812288.0,0.09871837496757507
7373749760.0,0.10361221432685852
7374687744.0,0.10557340085506439
7375625216.0,0.107563316822052
7376562688.0,0.10789549350738525
7377500160.0,0.10717835277318954
7378437632.0,0.10612829774618149
7379375104.0,0.10334498435258865
7380312576.0,0.098636694252491
7381250048.0,0.09276355803012848
7382187520.0,0.08591446280479431
7383124992.0,0.07631311565637589
7384062464.0,-0.22911487519741058
7384999936.0,-0.24540255963802338
7385937408.0,-0.2646801471710205
7386874880.0,-0.27961617708206177
7387812352.0,-0.2952041029930115
7388749824.0,-0.3112669885158539
7389687296.0,-0.32363981008529663
7390624768.0,-0.33484917879104614
7391562752.0,-0.34249594807624817
7392500224.0,-0.3488966226577759
7393437696.0,-0.351424902677536
7394375168.0,-0.35034477710723877
7395312640.0,-0.3465671241283417
7396250112.0,-0.33880215883255005
7397187584.0,-0.32800552248954773
7398125056.0,-0.3130784332752228
7399062528.0,-0.2944622337818146
7400000000.0,-0.2729087173938751
7400937472.0,-0.24882103502750397
7401874944.0,-0.22019876539707184
7402812416.0,-0.1905582845211029
7403749888.0,-0.1579030454158783
7404687360.0,-0.1255415678024292
7405624832.0,-0.09008049219846725
7406562304.0,-0.05473477020859718
7407499776.0,-0.017547661438584328
7408437248.0,0.017335938289761543
7409375232.0,0.05297348275780678
7410312704.0,0.08918091654777527
7411250176.0,0.12272772938013077
7412187648.0,0.155296191573143
7413125120.0,0.18583665788173676
7414062592.0,0.21449513733386993
7415000064.0,0.23959437012672424
7415937536.0,0.26140233874320984
7416875008.0,0.2810874879360199
7417812480.0,0.29718175530433655
7418749952.0,0.309751033782959
7419687424.0,0.31856057047843933
7420624896.0,0.323276549577713
7421562368.0,0.32394036650657654
7422499840.0,0.3218289315700531
7423437312.0,0.3160185217857361
7424374784.0,0.3071276843547821
7425312256.0,0.29329535365104675
7426250240.0,0.27734968066215515
7427187712.0,0.25786006450653076
7428125184.0,0.23657599091529846
7429062656.0,0.21238797903060913
7430000128.0,0.18528640270233154
7430937600.0,0.15637938678264618
7431875072.0,0.1268482655286789
7432812544.0,0.09532532095909119
7433750016.0,0.06459933519363403
7434687488.0,0.031002571806311607
7435624960.0,-7.253458170453086e-05
7436562432.0,-0.0320233590900898
7437499904.0,-0.06358952820301056
7438437376.0,-0.09383559972047806
7439374848.0,-0.12302874028682709
7440312320.0,-0.15273155272006989
7441249792.0,-0.18142756819725037
7442187264.0,-0.20835883915424347
7443125248.0,-0.2331571727991104
7444062720.0,0.01807646080851555
7445000192.0,0.0032034791074693203
7445937664.0,-0.012378371320664883
7446875136.0,-0.02746257744729519
7447812608.0,-0.045062143355607986
7448750080.0,-0.06153811886906624
7449687552.0,-0.07701210677623749
7450625024.0,-0.09129869937896729
7451562496.0,-0.10504790395498276
7452499968.0,-0.1181102842092514
7453437440.0,-0.12751002609729767
7454374912.0,-0.13554471731185913
7455312384.0,-0.1422635018825531
7456249856.0,-0.14651814103126526
7457187328.0,-0.1494167298078537
7458124800.0,-0.1488659679889679
7459062272.0,-0.14563632011413574
7459999744.0,-0.14148347079753876
7460937728.0,-0.1354438215494156
7461875200.0,-0.12677551805973053
7462812672.0,-0.11778224259614944
7463750144.0,-0.10674799978733063
7464687616.0,-0.09608558565378189
7465625088.0,-0.08729191869497299
7466562560.0,-0.07745834439992905
7467500032.0,-0.0681929811835289
7468437504.0,-0.060107164084911346
7469374976.0,-0.053222160786390305
7470312448.0,-0.046718236058950424
7471249920.0,-0.03993384540081024
7472187392.0,-0.035072747617959976
7473124864.0,-0.03222270309925079
7474062336.0,-0.03049496002495289
7474999808.0,-0.030849870294332504
7475937280.0,-0.0320022813975811
7476874752.0,-0.0335092693567276
7477812736.0,-0.03895864635705948
7478750208.0,-0.04447219520807266
7479687680.0,-0.05237392708659172
7480625152.0,-0.06011373922228813
7481562624.0,-0.06961490958929062
7482500096.0,-0.07928264886140823
7483437568.0,-0.09051994234323502
7484375040.0,-0.10260981321334839
7485312512.0,-0.11440443247556686
7486249984.0,-0.12583936750888824
7487187456.0,-0.13614067435264587
7488124928.0,-0.14902913570404053
7489062400.0,-0.1588091105222702
7489999872.0,-0.1678467094898224
7490937344.0,-0.1750548928976059
7491874816.0,-0.17938794195652008
7492812288.0,-0.182425394654274
7493749760.0,-0.1833285689353943
7494687744.0,-0.18192030489444733
7495625216.0,-0.17990466952323914
7496562688.0,-0.1747981160879135
7497500160.0,-0.16931910812854767
7498437632.0,-0.1618402898311615
7499375104.0,-0.1545126587152481
7500312576.0,-0.14400064945220947
7501250048.0,-0.13431139290332794
7502187520.0,-0.12398452311754227
7503124992.0,-0.11264393478631973
7504062464.0,-0.09595640748739243
7504999936.0,-0.07020775228738785
7505937408.0,-0.046978987753391266
7506874880.0,-0.028073273599147797
7507812352.0,-0.01181963924318552
7508749824.0,-0.00023292849073186517
7509687296.0,0.008179002441465855
7510624768.0,0.011809960007667542
7511562752.0,0.012173900380730629
7512500224.0,0.00719023821875453
7513437696.0,-0.0005876224604435265
7514375168.0,-0.011159895919263363
7515312640.0,-0.023498933762311935
7516250112.0,-0.03787015378475189
7517187584.0,-0.05096359923481941
7518125056.0,-0.06634273380041122
7519062528.0,-0.0813710168004036
7520000000.0,-0.09662944823503494
7520937472.0,-0.1114412322640419
7521874944.0,-0.12511210143566132
7522812416.0,-0.136233851313591
7523749888.0,-0.14584149420261383
7524687360.0,-0.1536836326122284
7525624832.0,-0.15904001891613007
7526562304.0,-0.16093510389328003
7527499776.0,-0.15908809006214142
7528437248.0,-0.15618719160556793
7529375232.0,-0.150382399559021
7530312704.0,-0.14018233120441437
7531250176.0,-0.1296829730272293
7532187648.0,-0.1169615313410759
7533125120.0,-0.10337766259908676
7534062592.0,-0.08889161050319672
7535000064.0,-0.07493619620800018
7535937536.0,-0.061245426535606384
7536875008.0,-0.04781906306743622
7537812480.0,-0.03751913830637932
7538749952.0,-0.02729606255888939
7539687424.0,-0.021318810060620308
7540624896.0,-0.01871335133910179
7541562368.0,-0.019225312396883965
7542499840.0,-0.022650377824902534
7543437312.0,-0.02933632768690586
7544374784.0,-0.040558405220508575
7545312256.0,-0.05618637427687645
7546250240.0,-0.07528042793273926
7547187712.0,-0.09817715734243393
7548125184.0,-0.12504318356513977
7549062656.0,-0.1533341407775879
7550000128.0,-0.18267831206321716
7550937600.0,-0.21324437856674194
7551875072.0,-0.2426895797252655
7552812544.0,-0.2706874907016754
7553750016.0,-0.29669371247291565
7554687488.0,-0.31914979219436646
7555624960.0,-0.33962544798851013
7556562432.0,-0.35686472058296204
7557499904.0,-0.37287968397140503
7558437376.0,-0.386770099401474
7559374848.0,-0.4001920521259308
7560312320.0,-0.4124385118484497
7561249792.0,-0.4263124167919159
7562187264.0,-0.43721872568130493
7563125248.0,-0.4496140778064728
7564062720.0,-0.44627487659454346
7565000192.0,-0.431587815284729
7565937664.0,-0.41539835929870605
7566875136.0,-0.39697450399398804
7567812608.0,-0.37388211488723755
7568750080.0,-0.3503982424736023
7569687552.0,-0.3248523473739624
7570625024.0,-0.29825451970100403
7571562496.0,-0.27084311842918396
7572499968.0,-0.24258814752101898
7573437440.0,-0.2138190120458603
7574374912.0,-0.1856321543455124
7575312384.0,-0.15708637237548828
7576249856.0,-0.13024291396141052
7577187328.0,-0.10264932364225388
7578124800.0,-0.07658685743808746
7579062272.0,-0.05364124849438667
7580000256.0,-0.030343985185027122
7580937728.0,-0.00914919376373291
7581875200.0,0.009168287739157677
7582812672.0,0.026573259383440018
7583750144.0,0.03985307365655899
7584687616.0,0.05211004614830017
7585625088.0,0.06150669604539871
7586562560.0,0.06911587715148926
7587500032.0,0.07316365092992783
7588437504.0,0.07615243643522263
7589374976.0,0.07585838437080383
7590312448.0,0.07308941334486008
7591249920.0,0.06827057152986526
7592187392.0,0.060569360852241516
7593124864.0,0.05279124528169632
7594062336.0,0.04418732225894928
7594999808.0,0.03330609202384949
7595937280.0,0.020747505128383636
7596874752.0,0.0063053821213543415
7597812736.0,-0.008903996087610722
7598750208.0,-0.025041228160262108
7599687680.0,-0.041360411792993546
7600625152.0,-0.06055864691734314
7601562624.0,-0.07901395112276077
7602500096.0,-0.09774179011583328
7603437568.0,-0.11558797210454941
7604375040.0,-0.13248960673809052
7605312512.0,-0.15021757781505585
7606249984.0,-0.1670108586549759
7607187456.0,-0.18183214962482452
7608124928.0,-0.19583050906658173
7609062400.0,-0.20927581191062927
7609999872.0,-0.2220812290906906
7610937344.0,-0.23189014196395874
7611874816.0,-0.24110974371433258
7612812288.0,-0.24939800798892975
7613749760.0,-0.2559143602848053
7614687744.0,-0.26190561056137085
7615625216.0,-0.2651452422142029
7616562688.0,-0.2667752802371979
7617500160.0,-0.26887938380241394
7618437632.0,-0.27145931124687195
7619375104.0,-0.2764433026313782
7620312576.0,-0.2798539400100708
7621250048.0,-0.28409695625305176
7622187520.0,-0.2874731421470642
7623124992.0,-0.2896342873573303
7624062464.0,-0.2883598506450653
7624999936.0,-0.29355886578559875
7625937408.0,-0.29726049304008484
7626874880.0,-0.29939115047454834
7627812352.0,-0.2988263666629791
7628749824.0,-0.2970415949821472
7629687296.0,-0.29242900013923645
7630624768.0,-0.28611767292022705
7631562752.0,-0.2776191234588623
7632500224.0,-0.26894646883010864
7633437696.0,-0.2591596245765686
7634375168.0,-0.24725283682346344
7635312640.0,-0.23516082763671875
7636250112.0,-0.22331677377223969
7637187584.0,-0.20963335037231445
7638125056.0,-0.19587211310863495
7639062528.0,-0.1826988160610199
7640000000.0,-0.1705750674009323
7640937472.0,-0.15859507024288177
7641874944.0,-0.14747974276542664
7642812416.0,-0.13685759902000427
7643749888.0,-0.12845396995544434
7644687360.0,-0.12414189428091049
7645624832.0,-0.1192559227347374
7646562304.0,-0.11612486839294434
7647499776.0,-0.11553435772657394
7648437248.0,-0.11455933749675751
7649375232.0,-0.11468524485826492
7650312704.0,-0.1174522191286087
7651250176.0,-0.12173786759376526
7652187648.0,-0.12603312730789185
7653125120.0,-0.13131190836429596
7654062592.0,-0.13724926114082336
7655000064.0,-0.1443009227514267
7655937536.0,-0.15207822620868683
7656875008.0,-0.16041158139705658
7657812480.0,-0.16936428844928741
7658749952.0,-0.17701344192028046
7659687424.0,-0.18652455508708954
7660624896.0,-0.19502891600131989
7661562368.0,-0.20256046950817108
7662499840.0,-0.21086065471172333
7663437312.0,-0.21853338181972504
7664374784.0,-0.22448928654193878
7665312256.0,-0.23024554550647736
7666250240.0,-0.23687170445919037
7667187712.0,-0.24140317738056183
7668125184.0,-0.24492932856082916
7669062656.0,-0.24713751673698425
7670000128.0,-0.24942511320114136
7670937600.0,-0.2500409185886383
7671875072.0,-0.2480272352695465
7672812544.0,-0.2462603747844696
7673750016.0,-0.2434084713459015
7674687488.0,-0.23825380206108093
7675624960.0,-0.2338080257177353
7676562432.0,-0.22754639387130737
7677499904.0,-0.21819338202476501
7678437376.0,-0.21109771728515625
7679374848.0,-0.20375052094459534
7680312320.0,-0.194928839802742
7681249792.0,-0.18552450835704803
7682187264.0,-0.17651976644992828
7683125248.0,-0.1664019078016281
7684062720.0,0.06790634244680405
7685000192.0,0.08089737594127655
7685937664.0,0.09212450683116913
7686875136.0,0.10112778842449188
7687812608.0,0.1064375638961792
7688750080.0,0.10996047407388687
7689687552.0,0.11096388846635818
7690625024.0,0.1091834306716919
7691562496.0,0.10578185319900513
7692499968.0,0.099720798432827
7693437440.0,0.08981890231370926
7694374912.0,0.0776800736784935
7695312384.0,0.06269829720258713
7696249856.0,0.04644526168704033
7697187328.0,0.026682280004024506
7698124800.0,0.005659220740199089
7699062272.0,-0.01619873382151127
7699999744.0,-0.04058872535824776
7700937728.0,-0.06536664813756943
7701875200.0,-0.089300736784935
7702812672.0,-0.11331282556056976
7703750144.0,-0.13627620041370392
7704687616.0,-0.159807026386261
7705625088.0,-0.17949672043323517
7706562560.0,-0.2020319551229477
7707500032.0,-0.2216043919324875
7708437504.0,-0.23914389312267303
7709374976.0,-0.2550974190235138
7710312448.0,-0.26936566829681396
7711249920.0,-0.28177621960639954
7712187392.0,-0.29366791248321533
7713124864.0,-0.3027040958404541
7714062336.0,-0.3098486065864563
7714999808.0,-0.31465384364128113
7715937280.0,-0.318122923374176
7716874752.0,-0.31949135661125183
7717812736.0,-0.31972649693489075
7718750208.0,-0.31961172819137573
7719687680.0,-0.31609660387039185
7720625152.0,-0.3118084669113159
7721562624.0,-0.30502885580062866
7722500096.0,-0.2994515001773834
7723437568.0,-0.2925175130367279
7724375040.0,-0.28445670008659363
7725312512.0,-0.2763598561286926
7726249984.0,-0.26771941781044006
7727187456.0,-0.25932809710502625
7728124928.0,-0.2536591589450836
7729062400.0,-0.24606746435165405
7729999872.0,-0.239019975066185
7730937344.0,-0.23255127668380737
7731874816.0,-0.2272159308195114
7732812288.0,-0.22234153747558594
7733749760.0,-0.2173265963792801
7734687744.0,-0.21279621124267578
7735625216.0,-0.2096708118915558
7736562688.0,-0.20677725970745087
7737500160.0,-0.20537719130516052
7738437632.0,-0.20452889800071716
7739375104.0,-0.2051023691892624
7740312576.0,-0.20677565038204193
7741250048.0,-0.20874443650245667
7742187520.0,-0.212497740983963
7743124992.0,-0.21638673543930054
7744062464.0,-0.1914852410554886
7744999936.0,-0.15583908557891846
7745937408.0,-0.1150607243180275
7746874880.0,-0.07396281510591507
7747812352.0,-0.034899476915597916
7748749824.0,0.0024520622100681067
7749687296.0,0.03871068358421326
7750624768.0,0.07152939587831497
7751562752.0,0.1024729311466217
7752500224.0,0.13096383213996887
7753437696.0,0.15628553926944733
7754375168.0,0.17762388288974762
7755312640.0,0.1962587535381317
7756250112.0,0.20943455398082733
7757187584.0,0.22121863067150116
7758125056.0,0.22722214460372925
7759062528.0,0.23151594400405884
7760000000.0,0.23093236982822418
7760937472.0,0.2278706133365631
7761874944.0,0.22226761281490326
7762812416.0,0.21320882439613342
7763749888.0,0.2023705244064331
7764687360.0,0.19011428952217102
7765624832.0,0.1758739948272705
7766562304.0,0.15804019570350647
7767499776.0,0.14062120020389557
7768437248.0,0.12011832743883133
7769375232.0,0.10101951658725739
7770312704.0,0.08088558167219162
7771250176.0,0.059130460023880005
7772187648.0,0.0393412820994854
7773125120.0,0.01987757720053196
7774062592.0,-0.0008232547552324831
7775000064.0,-0.02066812850534916
7775937536.0,-0.040113382041454315
7776875008.0,-0.059550799429416656
7777812480.0,-0.0774851143360138
7778749952.0,-0.09531642496585846
7779687424.0,-0.11288971453905106
7780624896.0,-0.12900754809379578
7781562368.0,-0.1428283303976059
7782499840.0,-0.1574820727109909
7783437312.0,-0.1706453263759613
7784374784.0,-0.18311937153339386
7785312256.0,-0.1943565309047699
7786250240.0,-0.20395596325397491
7787187712.0,-0.21399815380573273
7788125184.0,-0.22310231626033783
7789062656.0,-0.2311011701822281
7790000128.0,-0.23890341818332672
7790937600.0,-0.24525564908981323
7791875072.0,-0.25157222151756287
7792812544.0,-0.25721800327301025
7793750016.0,-0.26070061326026917
7794687488.0,-0.2656799852848053
7795624960.0,-0.2687770128250122
7796562432.0,-0.2735265791416168
7797499904.0,-0.27851101756095886
7798437376.0,-0.28419968485832214
7799374848.0,-0.28777483105659485
7800312320.0,-0.29086679220199585
7801249792.0,-0.29164084792137146
7802187264.0,-0.2923389673233032
7803125248.0,-0.29065364599227905
7804062720.0,-0.2711208760738373
7805000192.0,-0.26257631182670593
7805937664.0,-0.2525933086872101
7806875136.0,-0.24179674685001373
7807812608.0,-0.23008961975574493
7808750080.0,-0.21650665998458862
7809687552.0,-0.20310550928115845
7810625024.0,-0.1883658468723297
7811562496.0,-0.17437128722667694
7812499968.0,-0.15876266360282898
7813437440.0,-0.14284473657608032
7814374912.0,-0.12660659849643707
7815312384.0,-0.11124832928180695
7816249856.0,-0.09470498561859131
7817187328.0,-0.07702004909515381
7818124800.0,-0.0616852268576622
7819062272.0,-0.04587433487176895
7820000256.0,-0.02933180145919323
7820937728.0,-0.015082158148288727
7821875200.0,-0.00015066549531184137
7822812672.0,0.010553344152867794
7823750144.0,0.018977051600813866
7824687616.0,0.028986066579818726
7825625088.0,0.037283945828676224
7826562560.0,0.04444669932126999
7827500032.0,0.051978833973407745
7828437504.0,0.05803067609667778
7829374976.0,0.06420130282640457
7830312448.0,0.06910955905914307
7831249920.0,0.07334728538990021
7832187392.0,0.07614198327064514
7833124864.0,0.07927628606557846
7834062336.0,0.08011453598737717
7834999808.0,0.08233897387981415
7835937280.0,0.08375119417905807
7836874752.0,0.08594001084566116
7837812736.0,0.08589272201061249
7838750208.0,0.08646909147500992
7839687680.0,0.08683007955551147
7840625152.0,0.08687274158000946
7841562624.0,0.08643300831317902
7842500096.0,0.08571358770132065
7843437568.0,0.08567839860916138
7844375040.0,0.08364387601613998
7845312512.0,0.0832676962018013
7846249984.0,0.08252794295549393
7847187456.0,0.08041071891784668
7848124928.0,0.07592989504337311
7849062400.0,0.07187734544277191
7849999872.0,0.06639572978019714
7850937344.0,0.06139766052365303
7851874816.0,0.05540166422724724
7852812288.0,0.048376984894275665
7853749760.0,0.04198833554983139
7854687744.0,0.03421739861369133
7855625216.0,0.02697678841650486
7856562688.0,0.017883403226733208
7857500160.0,0.009203539229929447
7858437632.0,-0.00046144542284309864
7859375104.0,-0.009958657436072826
7860312576.0,-0.02000105381011963
7861250048.0,-0.031344763934612274
7862187520.0,-0.04160239174962044
7863124992.0,-0.05265091732144356
7864062464.0,0.047023363411426544
7864999936.0,0.03815583884716034
7865937408.0,0.02943035401403904
7866874880.0,0.021932117640972137
7867812352.0,0.014608301222324371
7868749824.0,0.009192325174808502
7869687296.0,0.004222756251692772
7870624768.0,-0.0010611597681418061
7871562752.0,-0.004852623678743839
7872500224.0,-0.008321803994476795
7873437696.0,-0.015304233878850937
7874375168.0,-0.021754126995801926
7875312640.0,-0.02786114253103733
7876250112.0,-0.03536484017968178
7877187584.0,-0.041749730706214905
7878125056.0,-0.05027515068650246
7879062528.0,-0.05909629166126251
7880000000.0,-0.06822431832551956
7880937472.0,-0.07964804023504257
7881874944.0,-0.09129425138235092
7882812416.0,-0.1040949895977974
7883749888.0,-0.1186147928237915
7884687360.0,-0.13450266420841217
7885624832.0,-0.1516432762145996
7886562304.0,-0.17116674780845642
7887499776.0,-0.191384419798851
7888437248.0,-0.21283744275569916
7889375232.0,-0.23719829320907593
7890312704.0,-0.26041680574417114
7891250176.0,-0.28442758321762085
7892187648.0,-0.3091026246547699
7893125120.0,-0.3346940577030182
7894062592.0,-0.36017343401908875
7895000064.0,-0.384538859128952
7895937536.0,-0.40844056010246277
7896875008.0,-0.4302005469799042
7897812480.0,-0.45323386788368225
7898749952.0,-0.4699838161468506
7899687424.0,-0.48619329929351807
7900624896.0,-0.49773985147476196
7901562368.0,-0.5072906017303467
7902499840.0,-0.5153860449790955
7903437312.0,-0.5205832123756409
7904374784.0,-0.5221064686775208
7905312256.0,-0.5212839245796204
7906250240.0,-0.5165351033210754
7907187712.0,-0.5095754861831665
7908125184.0,-0.4995933771133423
7909062656.0,-0.4861414134502411
7910000128.0,-0.47085729241371155
7910937600.0,-0.45229005813598633
7911875072.0,-0.4309467673301697
7912812544.0,-0.40777552127838135
7913750016.0,-0.3838440477848053
7914687488.0,-0.35839053988456726
7915624960.0,-0.32903364300727844
7916562432.0,-0.3004247546195984
7917499904.0,-0.27041691541671753
7918437376.0,-0.2410650998353958
7919374848.0,-0.2097286731004715
7920312320.0,-0.17905746400356293
7921249792.0,-0.14893636107444763
7922187264.0,-0.11927786469459534
7923125248.0,-0.09087102115154266
7924062720.0,0.05475001409649849
7925000192.0,0.07598965615034103
7925937664.0,0.09510737657546997
7926875136.0,0.11296671628952026
7927812608.0,0.12652502954006195
7928750080.0,0.13949406147003174
7929687552.0,0.14846311509609222
7930625024.0,0.15549439191818237
7931562496.0,0.16033262014389038
7932499968.0,0.1628992110490799
7933437440.0,0.16253499686717987
7934374912.0,0.16126179695129395
7935312384.0,0.15580856800079346
7936249856.0,0.15017592906951904
7937187328.0,0.14117911458015442
7938124800.0,0.131920725107193
7939062272.0,0.11983243376016617
7939999744.0,0.10562234371900558
7940937728.0,0.09116962552070618
7941875200.0,0.07433559745550156
7942812672.0,0.057556841522455215
7943750144.0,0.038308173418045044
7944687616.0,0.019035587087273598
7945625088.0,-0.0009240028448402882
7946562560.0,-0.022138943895697594
7947500032.0,-0.043775394558906555
7948437504.0,-0.06732811778783798
7949374976.0,-0.0899379774928093
7950312448.0,-0.11080724745988846
7951249920.0,-0.13285252451896667
7952187392.0,-0.15389925241470337
7953124864.0,-0.1754164695739746
7954062336.0,-0.1959911584854126
7954999808.0,-0.21809345483779907
7955937280.0,-0.2413756549358368
7956874752.0,-0.26266685128211975
7957812736.0,-0.28365081548690796
7958750208.0,-0.30412477254867554
7959687680.0,-0.32542091608047485
7960625152.0,-0.34632351994514465
7961562624.0,-0.3661506772041321
7962500096.0,-0.38430219888687134
7963437568.0,-0.40258845686912537
7964375040.0,-0.42100825905799866
7965312512.0,-0.43751347064971924
7966249984.0,-0.4522450566291809
7967187456.0,-0.4664737284183502
7968124928.0,-0.4792207181453705
7969062400.0,-0.4897346496582031
7969999872.0,-0.49951526522636414
7970937344.0,-0.5081163048744202
7971874816.0,-0.5149496793746948
7972812288.0,-0.5197270512580872
7973749760.0,-0.5220995545387268
7974687744.0,-0.5236968398094177
7975625216.0,-0.5231888890266418
7976562688.0,-0.5198025107383728
7977500160.0,-0.515226423740387
7978437632.0,-0.5082826614379883
7979375104.0,-0.49823233485221863
7980312576.0,-0.48675188422203064
7981250048.0,-0.4722002148628235
7982187520.0,-0.45671746134757996
7983124992.0,-0.4399908185005188
7984062464.0,-0.41654661297798157
7984999936.0,-0.40258389711380005
7985937408.0,-0.3865024447441101
7986874880.0,-0.37091293931007385
7987812352.0,-0.3523685336112976
7988749824.0,-0.3346374034881592
7989687296.0,-0.31398695707321167
7990624768.0,-0.2946379482746124
7991562752.0,-0.2744678556919098
7992500224.0,-0.25419434905052185
7993437696.0,-0.23268690705299377
7994375168.0,-0.2123996764421463
7995312640.0,-0.19120843708515167
7996250112.0,-0.1710883229970932
7997187584.0,-0.15138942003250122
7998125056.0,-0.13264787197113037
7999062528.0,-0.11431477963924408
8000000000.0,-0.09555027633905411
