Frequency (Hz),Measurement
2000000000.0,0.1696220487356186
2000937472.0,0.16138800978660583
2001874944.0,0.1516779661178589
2002812544.0,0.14229469001293182
2003750016.0,0.13301818072795868
2004687488.0,0.12202498316764832
2005624960.0,0.11004742234945297
2006562560.0,0.09829053282737732
2007500032.0,0.08503195643424988
2008437504.0,0.07239603996276855
2009374976.0,0.057818349450826645
2010312448.0,0.04303044080734253
2011250048.0,0.02866302616894245
2012187520.0,0.014119450934231281
2013124992.0,-0.0009559652535244823
2014062464.0,-0.015688257291913033
2015000064.0,-0.03003815747797489
2015937536.0,-0.044611673802137375
2016875008.0,-0.05855394899845123
2017812480.0,-0.07239300012588501
2018749952.0,-0.08493641018867493
2019687552.0,-0.09697257727384567
2020625024.0,-0.10712621361017227
2021562496.0,-0.11736585944890976
2022499968.0,-0.12604022026062012
2023437440.0,-0.13398517668247223
2024375040.0,-0.14000087976455688
2025312512.0,-0.14453227818012238
2026249984.0,-0.1481887847185135
2027187456.0,-0.14986571669578552
2028125056.0,-0.14870105683803558
2029062528.0,-0.14692144095897675
2030000000.0,-0.1442730724811554
2030937472.0,-0.13857603073120117
2031874944.0,-0.13173748552799225
2032812544.0,-0.12443512678146362
2033750016.0,-0.11592135578393936
2034687488.0,-0.1052045002579689
2035624960.0,-0.09346726536750793
2036562560.0,-0.0810684934258461
2037500032.0,-0.06861456483602524
2038437504.0,-0.05441608279943466
2039374976.0,-0.04024599492549896
2040312448.0,-0.026083968579769135
2041250048.0,-0.012030220590531826
2042187520.0,0.00339516275562346
2043124992.0,0.01730264537036419
2044062464.0,0.030543707311153412
2044999936.0,0.04413963854312897
2045937536.0,0.05685436353087425
2046875008.0,0.0695776492357254
2047812480.0,0.08018925040960312
2048749952.0,0.07828319817781448
2049687552.0,0.08709504455327988
2050625024.0,0.09479999542236328
2051562496.0,0.10063953697681427
2052499968.0,0.1051422730088234
2053437440.0,0.10719726979732513
2054375040.0,0.1074536070227623
2055312512.0,0.10508014261722565
2056249984.0,0.10246573388576508
2057187456.0,0.0964624360203743
2058125056.0,0.08782520145177841
2059062528.0,0.07832428812980652
2060000000.0,0.06652692705392838
2060937472.0,0.05380303040146828
2061874944.0,0.039118923246860504
2062812544.0,0.02399325743317604
2063750016.0,0.007929258979856968
2064687488.0,-0.008884536102414131
2065624960.0,-0.026519400998950005
2066562560.0,-0.04441138729453087
2067500032.0,-0.0607195645570755
2068437504.0,-0.07582452148199081
2069374976.0,-0.09155821800231934
2070312448.0,-0.10557828098535538
2071250048.0,-0.1183585375547409
2072187520.0,-0.12926338613033295
2073124992.0,-0.13929305970668793
2074062464.0,-0.14700044691562653
2075000064.0,-0.15344732999801636
2075937536.0,-0.1553858518600464
2076875008.0,-0.1571287214756012
2077812480.0,-0.15711930394172668
2078749952.0,-0.1542656123638153
2079687552.0,-0.15062090754508972
2080625024.0,-0.14444635808467865
2081562496.0,-0.137719064950943
2082499968.0,-0.1287367343902588
2083437440.0,-0.11771801114082336
2084375040.0,-0.10774180293083191
2085312512.0,-0.09684361517429352
2086249984.0,-0.08520203083753586
2087187456.0,-0.07382068783044815
2088125056.0,-0.061708562076091766
2089062528.0,-0.050362374633550644
2090000000.0,-0.03937692940235138
2090937472.0,-0.02872241847217083
2091874944.0,-0.01929735392332077
2092812544.0,-0.009747793897986412
2093750016.0,-0.0015637842006981373
2094687488.0,0.005450788419693708
2095624960.0,0.012696248479187489
2096562560.0,0.01773088611662388
2097500032.0,0.02380654215812683
2098437504.0,0.027493445202708244
2099374976.0,0.03210627660155296
2100312448.0,0.03625058755278587
2101250048.0,0.03928641229867935
2102187520.0,0.04292144626379013
2103124992.0,0.04660503938794136
2104062464.0,0.050328079611063004
2104999936.0,0.05477885156869888
2105937536.0,0.05912550538778305
2106875008.0,0.0635443702340126
2107812480.0,0.06818266957998276
2108749952.0,0.09874065220355988
2109687552.0,0.10433769226074219
2110625024.0,0.11095687001943588
2111562496.0,0.11494415253400803
2112499968.0,0.11899905651807785
2113437440.0,0.12125474214553833
2114375040.0,0.12415280938148499
2115312512.0,0.12481129169464111
2116249984.0,0.12490846961736679
2117187456.0,0.12303482741117477
2118125056.0,0.11992663145065308
2119062528.0,0.11564478278160095
2120000000.0,0.11021437495946884
2120937472.0,0.10311631113290787
2121874944.0,0.09565556049346924
2122812544.0,0.0861506387591362
2123750016.0,0.0764327272772789
2124687488.0,0.06656403839588165
2125624960.0,0.0545695535838604
2126562560.0,0.042277514934539795
2127500032.0,0.0294838584959507
2128437504.0,0.016357313841581345
2129374976.0,0.004642102401703596
2130312448.0,-0.009186960756778717
2131250048.0,-0.02056933008134365
2132187520.0,-0.032318115234375
2133124992.0,-0.04421057552099228
2134062464.0,-0.055699337273836136
2135000064.0,-0.06544850766658783
2135937536.0,-0.07447220385074615
2136875008.0,-0.0812641903758049
2137812480.0,-0.08741018921136856
2138749952.0,-0.09256754070520401
2139687552.0,-0.09635379910469055
2140625024.0,-0.09797757118940353
2141562496.0,-0.09846574813127518
2142499968.0,-0.0976172536611557
2143437440.0,-0.09520260244607925
2144375040.0,-0.09186195582151413
2145312512.0,-0.08789549767971039
2146249984.0,-0.08308467268943787
2147187456.0,-0.0768037661910057
2148124928.0,-0.06900787353515625
2149062400.0,-0.06193714216351509
2150000128.0,-0.053622741252183914
2150937600.0,-0.044229600578546524
2151875072.0,-0.03583125025033951
2152812544.0,-0.02629493735730648
2153750016.0,-0.016885211691260338
2154687488.0,-0.008278326131403446
2155624960.0,0.0009561599581502378
2156562432.0,0.009740719571709633
2157499904.0,0.01745174452662468
2158437376.0,0.02472010813653469
2159375104.0,0.03192894160747528
2160312576.0,0.03697827085852623
2161250048.0,0.04268622398376465
2162187520.0,0.046508289873600006
2163124992.0,0.05084003135561943
2164062464.0,0.053877126425504684
2164999936.0,0.05681382119655609
2165937408.0,0.05906754359602928
2166874880.0,0.060127612203359604
2167812608.0,0.061402369290590286
2168750080.0,0.13355836272239685
2169687552.0,0.13338282704353333
2170625024.0,0.13357068598270416
2171562496.0,0.1303524672985077
2172499968.0,0.12654319405555725
2173437440.0,0.12024194747209549
2174374912.0,0.11257686465978622
2175312384.0,0.10444691777229309
2176250112.0,0.0949726477265358
2177187584.0,0.08399969339370728
2178125056.0,0.07318749278783798
2179062528.0,0.06018412858247757
2180000000.0,0.04670277610421181
2180937472.0,0.03317851573228836
2181874944.0,0.019694330170750618
2182812416.0,0.0056595588102936745
2183749888.0,-0.009466830641031265
2184687616.0,-0.02270428091287613
2185625088.0,-0.03568093851208687
2186562560.0,-0.04929415136575699
2187500032.0,-0.06239084526896477
2188437504.0,-0.07330971211194992
2189374976.0,-0.08558374643325806
2190312448.0,-0.09594980627298355
2191249920.0,-0.10667186975479126
2192187392.0,-0.11578523367643356
2193125120.0,-0.1238582655787468
2194062592.0,-0.13154947757720947
2195000064.0,-0.13674859702587128
2195937536.0,-0.1418742835521698
2196875008.0,-0.1465235948562622
2197812480.0,-0.14935584366321564
2198749952.0,-0.15162470936775208
2199687424.0,-0.15300065279006958
2200624896.0,-0.15278421342372894
2201562624.0,-0.15248437225818634
2202500096.0,-0.15111900866031647
2203437568.0,-0.14989490807056427
2204375040.0,-0.14686232805252075
2205312512.0,-0.14372773468494415
2206249984.0,-0.14019183814525604
2207187456.0,-0.13584116101264954
2208124928.0,-0.13161368668079376
2209062400.0,-0.1268811672925949
2209999872.0,-0.11984390020370483
2210937600.0,-0.1149485781788826
2211875072.0,-0.1071087047457695
2212812544.0,-0.1003890186548233
2213750016.0,-0.09219282865524292
2214687488.0,-0.08348143100738525
2215624960.0,-0.07540260255336761
2216562432.0,-0.06671567261219025
2217499904.0,-0.058444276452064514
2218437376.0,-0.04804949834942818
2219375104.0,-0.039482906460762024
2220312576.0,-0.029373405501246452
2221250048.0,-0.01976512186229229
2222187520.0,-0.00912238284945488
2223124992.0,0.0011040809331461787
2224062464.0,0.011588781140744686
2224999936.0,0.02172417938709259
2225937408.0,0.03241872414946556
2226874880.0,0.04288293048739433
2227812608.0,0.052619773894548416
2228750080.0,0.06009991466999054
2229687552.0,0.0694759413599968
2230625024.0,0.0776638388633728
2231562496.0,0.08548125624656677
2232499968.0,0.09218767285346985
2233437440.0,0.09767524152994156
2234374912.0,0.10319223999977112
2235312384.0,0.10621993988752365
2236250112.0,0.10894530266523361
2237187584.0,0.10872851312160492
2238125056.0,0.10606744885444641
2239062528.0,0.10214461386203766
2240000000.0,0.09706123173236847
2240937472.0,0.08947271853685379
2241874944.0,0.08095419406890869
2242812416.0,0.07183415442705154
2243749888.0,0.061239052563905716
2244687616.0,0.05014266446232796
2245625088.0,0.0375218465924263
2246562560.0,0.023465514183044434
2247500032.0,0.009009066969156265
2248437504.0,-0.005546439439058304
2249374976.0,-0.02221016399562359
2250312448.0,-0.038885489106178284
2251249920.0,-0.05728532001376152
2252187392.0,-0.07507478445768356
2253125120.0,-0.09508726000785828
2254062592.0,-0.11428207904100418
2255000064.0,-0.13415944576263428
2255937536.0,-0.15426598489284515
2256875008.0,-0.1751491129398346
2257812480.0,-0.19462355971336365
2258749952.0,-0.21484224498271942
2259687424.0,-0.23360638320446014
2260624896.0,-0.2535340189933777
2261562624.0,-0.272685706615448
2262500096.0,-0.28997060656547546
2263437568.0,-0.3065977990627289
2264375040.0,-0.32188722491264343
2265312512.0,-0.3353433609008789
2266249984.0,-0.3482398986816406
2267187456.0,-0.3609090745449066
2268124928.0,-0.37051835656166077
2269062400.0,-0.379991739988327
2270000128.0,-0.3868672549724579
2270937600.0,-0.3924887478351593
2271875072.0,-0.39717406034469604
2272812544.0,-0.39958688616752625
2273750016.0,-0.4003121554851532
2274687488.0,-0.39988580346107483
2275624960.0,-0.3984721004962921
2276562432.0,-0.39451590180397034
2277499904.0,-0.3892830014228821
2278437376.0,-0.3823671340942383
2279375104.0,-0.373984158039093
2280312576.0,-0.3662075102329254
2281250048.0,-0.355958491563797
2282187520.0,-0.3451719582080841
2283124992.0,-0.33359023928642273
2284062464.0,-0.32146579027175903
2284999936.0,-0.30994242429733276
2285937408.0,-0.2979514002799988
2286874880.0,-0.2863994240760803
2287812608.0,-0.2753429412841797
2288750080.0,-0.28623735904693604
2289687552.0,-0.28735822439193726
2290625024.0,-0.28879109025001526
2291562496.0,-0.29070645570755005
2292499968.0,-0.29178932309150696
2293437440.0,-0.29360008239746094
2294374912.0,-0.2970494031906128
2295312384.0,-0.3005698025226593
2296250112.0,-0.3055020272731781
2297187584.0,-0.3113541305065155
2298125056.0,-0.3194812536239624
2299062528.0,-0.3273569643497467
2300000000.0,-0.3372800648212433
2300937472.0,-0.3497810363769531
2301874944.0,-0.36413079500198364
2302812416.0,-0.37995508313179016
2303749888.0,-0.39825162291526794
2304687616.0,-0.41909724473953247
2305625088.0,-0.44279101490974426
2306562560.0,-0.4682726562023163
2307500032.0,-0.49687659740448
2308437504.0,-0.5274673104286194
2309374976.0,-0.5574084520339966
2310312448.0,-0.5827443599700928
2311249920.0,-0.6090081930160522
2312187392.0,-0.6362918019294739
2313125120.0,-0.6652717590332031
2314062592.0,-0.6953821182250977
2315000064.0,-0.7266689538955688
2315937536.0,-0.7592213153839111
2316875008.0,-0.7924620509147644
2317812480.0,-0.8260711431503296
2318749952.0,-0.8605127930641174
2319687424.0,-0.8944647908210754
2320624896.0,-0.9262277483940125
2321562624.0,-0.9579616189002991
2322500096.0,-0.9884839057922363
2323437568.0,-1.0180799961090088
2324375040.0,-1.0454703569412231
2325312512.0,-1.071492075920105
2326249984.0,-1.094686508178711
2327187456.0,-1.115605354309082
2328124928.0,-1.1352206468582153
2329062400.0,-1.151495099067688
2329999872.0,-1.16665780544281
2330937600.0,-1.1787195205688477
2331875072.0,-1.188301920890808
2332812544.0,-1.1950875520706177
2333750016.0,-1.1995482444763184
2334687488.0,-1.200284719467163
2335624960.0,-1.1993414163589478
2336562432.0,-1.196134328842163
2337499904.0,-1.1904332637786865
2338437376.0,-1.1831984519958496
2339375104.0,-1.174646019935608
2340312576.0,-1.163960337638855
2341250048.0,-1.1520612239837646
2342187520.0,-1.1380219459533691
2343124992.0,-1.1241813898086548
2344062464.0,-1.1091444492340088
2344999936.0,-1.0933904647827148
2345937408.0,-1.076981782913208
2346874880.0,-1.0612854957580566
2347812608.0,-1.0467541217803955
2348750080.0,-1.0172194242477417
2349687552.0,-1.0090173482894897
2350625024.0,-1.0001851320266724
2351562496.0,-0.9904612898826599
2352499968.0,-0.9823578596115112
2353437440.0,-0.9741408228874207
2354374912.0,-0.9676099419593811
2355312384.0,-0.9604079723358154
2356250112.0,-0.9569904804229736
2357187584.0,-0.9528678059577942
2358125056.0,-0.9505302309989929
2359062528.0,-0.949018120765686
2360000000.0,-0.9486209154129028
2360937472.0,-0.9511300921440125
2361874944.0,-0.9538353085517883
2362812416.0,-0.9581656455993652
2363749888.0,-0.9637578725814819
2364687616.0,-0.9711892604827881
2365625088.0,-0.9801674485206604
2366562560.0,-0.9891995787620544
2367500032.0,-1.000313639640808
2368437504.0,-1.0118368864059448
2369374976.0,-1.0233426094055176
2370312448.0,-1.0347541570663452
2371249920.0,-1.045106053352356
2372187392.0,-1.0556639432907104
2373125120.0,-1.064255714416504
2374062592.0,-1.0714436769485474
2375000064.0,-1.0766100883483887
2375937536.0,-1.0784984827041626
2376875008.0,-1.0776647329330444
2377812480.0,-1.074508547782898
2378749952.0,-1.0666548013687134
2379687424.0,-1.0557664632797241
2380624896.0,-1.0426456928253174
2381562624.0,-1.0259392261505127
2382500096.0,-1.005391001701355
2383437568.0,-0.9819445013999939
2384375040.0,-0.9565942883491516
2385312512.0,-0.9279043674468994
2386249984.0,-0.8968765139579773
2387187456.0,-0.8646425008773804
2388124928.0,-0.8309372663497925
2389062400.0,-0.7958406209945679
2390000128.0,-0.7616432309150696
2390937600.0,-0.7256147265434265
2391875072.0,-0.6894434094429016
2392812544.0,-0.6558877229690552
2393750016.0,-0.620976448059082
2394687488.0,-0.5874537825584412
2395624960.0,-0.5550042390823364
2396562432.0,-0.5236501693725586
2397499904.0,-0.4922238290309906
2398437376.0,-0.4622734785079956
2399375104.0,-0.4339323341846466
2400312576.0,-0.40644019842147827
2401250048.0,-0.3796648383140564
2402187520.0,-0.3542660176753998
2403124992.0,-0.3286037743091583
2404062464.0,-0.3037314713001251
2404999936.0,-0.2800061106681824
2405937408.0,-0.25666165351867676
2406874880.0,-0.2334822416305542
2407812608.0,-0.2109937071800232
2408750080.0,-0.1388116180896759
2409687552.0,-0.11695040762424469
2410625024.0,-0.09684652835130692
2411562496.0,-0.07756216824054718
2412499968.0,-0.06056288629770279
2413437440.0,-0.04555250331759453
2414374912.0,-0.032523930072784424
2415312384.0,-0.022502979263663292
2416250112.0,-0.015141713432967663
2417187584.0,-0.01136261597275734
2418125056.0,-0.010906840674579144
2419062528.0,-0.012417403981089592
2420000000.0,-0.018345477059483528
2420937472.0,-0.027235018089413643
2421874944.0,-0.038696032017469406
2422812416.0,-0.05394711345434189
2423749888.0,-0.07166721671819687
2424687616.0,-0.09220720827579498
2425625088.0,-0.11551841348409653
2426562560.0,-0.14060163497924805
2427500032.0,-0.16846530139446259
2428437504.0,-0.1969006508588791
2429374976.0,-0.22610872983932495
2430312448.0,-0.25526630878448486
2431249920.0,-0.2860349118709564
2432187392.0,-0.3147048056125641
2433125120.0,-0.34255164861679077
2434062592.0,-0.36887243390083313
2435000064.0,-0.3927718997001648
2435937536.0,-0.41522979736328125
2436875008.0,-0.43411940336227417
2437812480.0,-0.45155781507492065
2438749952.0,-0.46384307742118835
2439687424.0,-0.4734223783016205
2440624896.0,-0.47863689064979553
2441562624.0,-0.48098745942115784
2442500096.0,-0.479800820350647
2443437568.0,-0.4737384617328644
2444375040.0,-0.46564623713493347
2445312512.0,-0.4538268446922302
2446249984.0,-0.43816718459129333
2447187456.0,-0.4195551574230194
2448124928.0,-0.39858773350715637
2449062400.0,-0.37437012791633606
2449999872.0,-0.34840863943099976
2450937600.0,-0.32002681493759155
2451875072.0,-0.2893783152103424
2452812544.0,-0.25886180996894836
2453750016.0,-0.2266310751438141
2454687488.0,-0.19356200098991394
2455624960.0,-0.15968583524227142
2456562432.0,-0.1265162229537964
2457499904.0,-0.09321185201406479
2458437376.0,-0.06111474707722664
2459375104.0,-0.02868298441171646
2460312576.0,0.0031810211949050426
2461250048.0,0.03310145065188408
2462187520.0,0.06224099546670914
2463124992.0,0.09106452018022537
2464062464.0,0.11738409101963043
2464999936.0,0.14220589399337769
2465937408.0,0.16598980128765106
2466874880.0,0.18870329856872559
2467812608.0,0.20946168899536133
2468750080.0,0.12078433483839035
2469687552.0,0.13427935540676117
2470625024.0,0.1501653641462326
2471562496.0,0.1624317169189453
2472499968.0,0.17415353655815125
2473437440.0,0.18258601427078247
2474374912.0,0.19008207321166992
2475312384.0,0.19573459029197693
2476250112.0,0.1987377405166626
2477187584.0,0.20035231113433838
2478125056.0,0.1999962031841278
2479062528.0,0.1973002701997757
2480000000.0,0.19290125370025635
2480937472.0,0.18655823171138763
2481874944.0,0.17879848182201385
2482812416.0,0.16851021349430084
2483749888.0,0.1563999056816101
2484687616.0,0.14252738654613495
2485625088.0,0.1271364390850067
2486562560.0,0.11089515686035156
2487500032.0,0.09248930960893631
2488437504.0,0.07420684397220612
2489374976.0,0.053996741771698
2490312448.0,0.03295796737074852
2491249920.0,0.01281832903623581
2492187392.0,-0.008629157207906246
2493125120.0,-0.02980217896401882
2494062592.0,-0.05092436820268631
2495000064.0,-0.07181710749864578
2495937536.0,-0.0914774164557457
2496875008.0,-0.11046458780765533
2497812480.0,-0.12873432040214539
2498749952.0,-0.1452716737985611
2499687424.0,-0.16033770143985748
2500624896.0,-0.17458371818065643
2501562624.0,-0.18633632361888885
2502500096.0,-0.19609950482845306
2503437568.0,-0.2039335072040558
2504375040.0,-0.21030327677726746
2505312512.0,-0.2152414470911026
2506249984.0,-0.21750345826148987
2507187456.0,-0.21805128455162048
2508124928.0,-0.21660588681697845
2509062400.0,-0.21341991424560547
2510000128.0,-0.2073664367198944
2510937600.0,-0.1989680528640747
2511875072.0,-0.19102376699447632
2512812544.0,-0.17917218804359436
2513750016.0,-0.1659686416387558
2514687488.0,-0.15262991189956665
2515624960.0,-0.13660955429077148
2516562432.0,-0.12041641771793365
2517499904.0,-0.10277857631444931
2518437376.0,-0.08422475308179855
2519375104.0,-0.06482656300067902
2520312576.0,-0.045713238418102264
2521250048.0,-0.026410210877656937
2522187520.0,-0.007351313717663288
2523124992.0,0.012501549907028675
2524062464.0,0.030858084559440613
2524999936.0,0.05016602948307991
2525937408.0,0.06756714731454849
2526874880.0,0.08462455868721008
2527812608.0,0.10128042846918106
2528750080.0,0.15386274456977844
2529687552.0,0.1609826385974884
2530625024.0,0.1656099557876587
2531562496.0,0.17002518475055695
2532499968.0,0.17304570972919464
2533437440.0,0.1759721338748932
2534374912.0,0.17737534642219543
2535312384.0,0.17875482141971588
2536250112.0,0.17826072871685028
2537187584.0,0.17723461985588074
2538125056.0,0.17520171403884888
2539062528.0,0.17207024991512299
2540000000.0,0.16738678514957428
2540937472.0,0.16156433522701263
2541874944.0,0.15513238310813904
2542812416.0,0.148140087723732
2543749888.0,0.13966012001037598
2544687616.0,0.12996914982795715
2545625088.0,0.11957313120365143
2546562560.0,0.10695478320121765
2547500032.0,0.09396419674158096
2548437504.0,0.08050145953893661
2549374976.0,0.0650138258934021
2550312448.0,0.050341468304395676
2551249920.0,0.03389676287770271
2552187392.0,0.018511269241571426
2553125120.0,0.0013129191938787699
2554062592.0,-0.014757907018065453
2555000064.0,-0.030726201832294464
2555937536.0,-0.0470416359603405
2556875008.0,-0.06327599287033081
2557812480.0,-0.07864934206008911
2558749952.0,-0.09276382625102997
2559687424.0,-0.10599352419376373
2560624896.0,-0.1186612918972969
2561562624.0,-0.1287076324224472
2562500096.0,-0.13864766061306
2563437568.0,-0.1469525843858719
2564375040.0,-0.15146267414093018
2565312512.0,-0.15657426416873932
2566249984.0,-0.1581796109676361
2567187456.0,-0.15810979902744293
2568124928.0,-0.15693753957748413
2569062400.0,-0.1531551033258438
2569999872.0,-0.14763064682483673
2570937600.0,-0.13926832377910614
2571875072.0,-0.12925732135772705
2572812544.0,-0.11898837238550186
2573750016.0,-0.1056639552116394
2574687488.0,-0.09189793467521667
2575624960.0,-0.07647986710071564
2576562432.0,-0.05917844548821449
2577499904.0,-0.041445598006248474
2578437376.0,-0.023373939096927643
2579375104.0,-0.003883644472807646
2580312576.0,0.01599740795791149
2581250048.0,0.03562244027853012
2582187520.0,0.05531492829322815
2583124992.0,0.07449658215045929
2584062464.0,0.09334103763103485
2584999936.0,0.11157257854938507
2585937408.0,0.12868791818618774
2586874880.0,0.143712118268013
2587812608.0,0.15748757123947144
2588750080.0,0.18242783844470978
2589687552.0,0.1903904229402542
2590625024.0,0.19616317749023438
2591562496.0,0.1988447904586792
2592499968.0,0.2007542848587036
2593437440.0,0.19983166456222534
2594374912.0,0.1962563842535019
2595312384.0,0.19089290499687195
2596250112.0,0.1833697259426117
2597187584.0,0.1730182021856308
2598125056.0,0.16312488913536072
2599062528.0,0.15103557705879211
2600000000.0,0.13741816580295563
2600937472.0,0.12378676980733871
2601874944.0,0.10786683112382889
2602812416.0,0.09182022511959076
2603749888.0,0.07635804265737534
2604687616.0,0.05983566865324974
2605625088.0,0.04315139353275299
2606562560.0,0.026670420542359352
2607500032.0,0.010420447215437889
2608437504.0,-0.004551345482468605
2609374976.0,-0.019124425947666168
2610312448.0,-0.031764376908540726
2611249920.0,-0.045321788638830185
2612187392.0,-0.056303247809410095
2613125120.0,-0.06751927733421326
2614062592.0,-0.07650849223136902
2615000064.0,-0.08528301119804382
2615937536.0,-0.09203791618347168
2616875008.0,-0.0984051525592804
2617812480.0,-0.10322479158639908
2618749952.0,-0.10712399333715439
2619687424.0,-0.11057224869728088
2620624896.0,-0.11202076077461243
2621562624.0,-0.11287114024162292
2622500096.0,-0.11236301064491272
2623437568.0,-0.11195945739746094
2624375040.0,-0.1106104925274849
2625312512.0,-0.10827270150184631
2626249984.0,-0.10581221431493759
2627187456.0,-0.10239721089601517
2628124928.0,-0.09807915985584259
2629062400.0,-0.09333989769220352
2630000128.0,-0.0871145948767662
2630937600.0,-0.08152738213539124
2631875072.0,-0.07497495412826538
2632812544.0,-0.06841571629047394
2633750016.0,-0.06043904647231102
2634687488.0,-0.05142120271921158
2635624960.0,-0.04223683848977089
2636562432.0,-0.032676976174116135
2637499904.0,-0.022846311330795288
2638437376.0,-0.011571459472179413
2639375104.0,0.0006320391548797488
2640312576.0,0.013082197867333889
2641250048.0,0.027681751176714897
2642187520.0,0.04243079572916031
2643124992.0,0.0571775920689106
2644062464.0,0.07188433408737183
2644999936.0,0.08910451084375381
2645937408.0,0.10485146194696426
2646874880.0,0.12048108875751495
2647812608.0,0.19649873673915863
2648750080.0,0.20699627697467804
2649687552.0,0.21621359884738922
2650625024.0,0.2234696000814438
2651562496.0,0.22835546731948853
2652499968.0,0.23144668340682983
2653437440.0,0.23075683414936066
2654374912.0,0.2288656085729599
2655312384.0,0.22283485531806946
2656250112.0,0.21508200466632843
2657187584.0,0.17742066085338593
2658125056.0,0.1591271609067917
2659062528.0,0.13926388323307037
2660000000.0,0.11665560305118561
2660937472.0,0.091890849173069
2661874944.0,0.06595047563314438
2662812416.0,0.03780441731214523
2663749888.0,0.009250088594853878
2664687616.0,-0.02044992707669735
2665625088.0,-0.04971395060420036
2666562560.0,-0.0794479250907898
2667500032.0,-0.10729335993528366
2668437504.0,-0.13487064838409424
2669374976.0,-0.1612444818019867
2670312448.0,-0.1861257404088974
2671249920.0,-0.20727680623531342
2672187392.0,-0.22690074145793915
2673125120.0,-0.2433183640241623
2674062592.0,-0.2572595179080963
2675000064.0,-0.269206702709198
2675937536.0,-0.27658984065055847
2676875008.0,-0.28100717067718506
2677812480.0,-0.28280478715896606
2678749952.0,-0.2824910879135132
2679687424.0,-0.2784506678581238
2680624896.0,-0.27216535806655884
2681562624.0,-0.26316267251968384
2682500096.0,-0.251401424407959
2683437568.0,-0.23888956010341644
2684375040.0,-0.22330522537231445
2685312512.0,-0.20693902671337128
2686249984.0,-0.18801328539848328
2687187456.0,-0.1690082550048828
2688124928.0,-0.14885340631008148
2689062400.0,-0.1289328634738922
2689999872.0,-0.10752027481794357
2690937600.0,-0.08790035545825958
2691875072.0,-0.06624716520309448
2692812544.0,-0.04577505588531494
2693750016.0,-0.024766338989138603
2694687488.0,-0.005281361751258373
2695624960.0,0.01397698000073433
2696562432.0,0.032100945711135864
2697499904.0,0.05080137029290199
2698437376.0,0.06913933902978897
2699375104.0,0.08794885128736496
2700312576.0,0.10430975258350372
2701250048.0,0.12171316891908646
2702187520.0,0.13859902322292328
2703124992.0,0.15478761494159698
2704062464.0,0.1700303554534912
2704999936.0,0.18523536622524261
2705937408.0,0.19866637885570526
2706874880.0,0.2122998684644699
2707812608.0,0.18446829915046692
2708750080.0,0.19150999188423157
2709687552.0,0.19614212214946747
2710625024.0,0.20041826367378235
2711562496.0,0.20198488235473633
2712499968.0,0.20370522141456604
2713437440.0,0.20334704220294952
2714374912.0,0.20142069458961487
2715312384.0,0.19772852957248688
2716250112.0,0.1934141367673874
2717187584.0,0.18657390773296356
2718125056.0,0.1789344996213913
2719062528.0,0.16885970532894135
2720000000.0,0.15889553725719452
2720937472.0,0.14670923352241516
2721874944.0,0.13292935490608215
2722812416.0,0.11755329370498657
2723749888.0,0.10233298689126968
2724687616.0,0.08533225953578949
2725625088.0,0.06767702102661133
2726562560.0,0.04849204793572426
2727500032.0,0.029528217390179634
2728437504.0,0.01047466229647398
2729374976.0,-0.009299222379922867
2730312448.0,-0.028833916410803795
2731249920.0,-0.04816361516714096
2732187392.0,-0.0677022859454155
2733125120.0,-0.08743733167648315
2734062592.0,-0.10549389570951462
2735000064.0,-0.12305716425180435
2735937536.0,-0.13980795443058014
2736875008.0,-0.15569007396697998
2737812480.0,-0.16960509121418
2738749952.0,-0.18331918120384216
2739687424.0,-0.19338154792785645
2740624896.0,-0.20339509844779968
2741562624.0,-0.21149590611457825
2742500096.0,-0.21705983579158783
2743437568.0,-0.2214319407939911
2744375040.0,-0.22431327402591705
2745312512.0,-0.2247203141450882
2746249984.0,-0.22356002032756805
2747187456.0,-0.21951913833618164
2748124928.0,-0.21452708542346954
2749062400.0,-0.20798613131046295
2750000128.0,-0.19850853085517883
2750937600.0,-0.18839672207832336
2751875072.0,-0.1764311045408249
2752812544.0,-0.16303782165050507
2753750016.0,-0.14865878224372864
2754687488.0,-0.13139279186725616
2755624960.0,-0.11447950452566147
2756562432.0,-0.09516210854053497
2757499904.0,-0.0772378072142601
2758437376.0,-0.05839933454990387
2759375104.0,-0.03916196897625923
2760312576.0,-0.01876753196120262
2761250048.0,0.001616179826669395
2762187520.0,0.021436158567667007
2763124992.0,0.04042646288871765
2764062464.0,0.05830458179116249
2764999936.0,0.07590313255786896
2765937408.0,0.09301025420427322
2766874880.0,0.10850030183792114
2767812608.0,0.16527193784713745
2768750080.0,0.1656985580921173
2769687552.0,0.16519315540790558
2770625024.0,0.16400788724422455
2771562496.0,0.16034644842147827
2772499968.0,0.1562182903289795
2773437440.0,0.15167511999607086
2774374912.0,0.14489474892616272
2775312384.0,0.13839350640773773
2776250112.0,0.13116402924060822
2777187584.0,0.12244676053524017
2778125056.0,0.11410954594612122
2779062528.0,0.10411041229963303
2780000000.0,0.09333194047212601
2780937472.0,0.08347507566213608
2781874944.0,0.07193031162023544
2782812416.0,0.06043722853064537
2783749888.0,0.047451186925172806
2784687616.0,0.035230960696935654
2785625088.0,0.021168343722820282
2786562560.0,0.008540079928934574
2787500032.0,-0.0055046845227479935
2788437504.0,-0.018209729343652725
2789374976.0,-0.03120800293982029
2790312448.0,-0.04465017095208168
2791249920.0,-0.0573284737765789
2792187392.0,-0.06896726787090302
2793125120.0,-0.08080519735813141
2794062592.0,-0.09144528210163116
2795000064.0,-0.10199359804391861
2795937536.0,-0.110871322453022
2796875008.0,-0.11891761422157288
2797812480.0,-0.1260744333267212
2798749952.0,-0.13149039447307587
2799687424.0,-0.13614122569561005
2800624896.0,-0.1384948343038559
2801562624.0,-0.1408166140317917
2802500096.0,-0.14114028215408325
2803437568.0,-0.13981302082538605
2804375040.0,-0.13800369203090668
2805312512.0,-0.13305777311325073
2806249984.0,-0.12569724023342133
2807187456.0,-0.11896321922540665
2808124928.0,-0.11071819812059402
2809062400.0,-0.10012182593345642
2809999872.0,-0.08801186829805374
2810937600.0,-0.07453498244285583
2811875072.0,-0.061310119926929474
2812812544.0,-0.04675288125872612
2813750016.0,-0.03033849596977234
2814687488.0,-0.014475351199507713
2815624960.0,0.0028915689326822758
2816562432.0,0.019426174461841583
2817499904.0,0.03721889480948448
2818437376.0,0.05387016013264656
2819375104.0,0.07032940536737442
2820312576.0,0.08603724092245102
2821250048.0,0.10137517005205154
2822187520.0,0.11493194103240967
2823124992.0,0.12856264412403107
2824062464.0,0.14026299118995667
2824999936.0,0.15091244876384735
2825937408.0,0.1596803218126297
2826874880.0,0.16625428199768066
2827812608.0,0.18067094683647156
2828750080.0,0.18207740783691406
2829687552.0,0.18181750178337097
2830625024.0,0.179239884018898
2831562496.0,0.17391997575759888
2832499968.0,0.16644328832626343
2833437440.0,0.15603308379650116
2834374912.0,0.14404799044132233
2835312384.0,0.13055522739887238
2836250112.0,0.11481688916683197
2837187584.0,0.09905125200748444
2838125056.0,0.08012403547763824
2839062528.0,0.06249668076634407
2840000000.0,0.04297203943133354
2840937472.0,0.02404370903968811
2841874944.0,0.004944936838001013
2842812416.0,-0.013100205920636654
2843749888.0,-0.031906433403491974
2844687616.0,-0.04933895543217659
2845625088.0,-0.06588724255561829
2846562560.0,-0.08061400800943375
2847500032.0,-0.09481257200241089
2848437504.0,-0.10674387216567993
2849374976.0,-0.11682917177677155
2850312448.0,-0.12621361017227173
2851249920.0,-0.13297463953495026
2852187392.0,-0.1379343867301941
2853125120.0,-0.14166414737701416
2854062592.0,-0.1426662653684616
2855000064.0,-0.14399541914463043
2855937536.0,-0.1407436579465866
2856875008.0,-0.13764795660972595
2857812480.0,-0.13268053531646729
2858749952.0,-0.12613768875598907
2859687424.0,-0.11978738754987717
2860624896.0,-0.11105164885520935
2861562624.0,-0.1013670265674591
2862500096.0,-0.09152150899171829
2863437568.0,-0.08005934208631516
2864375040.0,-0.06841826438903809
2865312512.0,-0.05608556047081947
2866249984.0,-0.044866763055324554
2867187456.0,-0.031214987859129906
2868124928.0,-0.01965959183871746
2869062400.0,-0.006913451477885246
2870000128.0,0.005681739654392004
2870937600.0,0.018556833267211914
2871875072.0,0.03144625201821327
2872812544.0,0.04254048317670822
2873750016.0,0.05560857430100441
2874687488.0,0.0666685700416565
2875624960.0,0.07798130810260773
2876562432.0,0.08866334706544876
2877499904.0,0.09997095167636871
2878437376.0,0.11001284420490265
2879375104.0,0.11878210306167603
2880312576.0,0.12774606049060822
2881250048.0,0.13614408671855927
2882187520.0,0.14268739521503448
2883124992.0,0.14969982206821442
2884062464.0,0.15579912066459656
2884999936.0,0.16014984250068665
2885937408.0,0.164056196808815
2886874880.0,0.16612043976783752
2887812608.0,0.16802918910980225
2888750080.0,0.1691315919160843
2889687552.0,0.16863806545734406
2890625024.0,0.1662198156118393
2891562496.0,0.16161911189556122
2892499968.0,0.15739968419075012
2893437440.0,0.1507541686296463
2894374912.0,0.1433820277452469
2895312384.0,0.13294820487499237
2896250112.0,0.12116087973117828
2897187584.0,0.1077512577176094
2898125056.0,0.09291114658117294
2899062528.0,0.07725407183170319
2900000000.0,0.060172341763973236
2900937472.0,0.0413849838078022
2901874944.0,0.023656172677874565
2902812416.0,0.004125583916902542
2903749888.0,-0.013268404640257359
2904687616.0,-0.032989129424095154
2905625088.0,-0.051144711673259735
2906562560.0,-0.06903883814811707
2907500032.0,-0.08671077340841293
2908437504.0,-0.103317990899086
2909374976.0,-0.11913511902093887
2910312448.0,-0.1323743760585785
2911249920.0,-0.14533968269824982
2912187392.0,-0.15651629865169525
2913125120.0,-0.1653747260570526
2914062592.0,-0.17241722345352173
2915000064.0,-0.17711608111858368
2915937536.0,-0.18018659949302673
2916875008.0,-0.18071508407592773
2917812480.0,-0.17955970764160156
2918749952.0,-0.17587250471115112
2919687424.0,-0.17075593769550323
2920624896.0,-0.16384945809841156
2921562624.0,-0.1546955704689026
2922500096.0,-0.1441117227077484
2923437568.0,-0.13149689137935638
2924375040.0,-0.11686478555202484
2925312512.0,-0.10139446705579758
2926249984.0,-0.08546315133571625
2927187456.0,-0.06804206222295761
2928124928.0,-0.05039060488343239
2929062400.0,-0.03249435871839523
2929999872.0,-0.014021732844412327
2930937600.0,0.004108480643481016
2931875072.0,0.02360258251428604
2932812544.0,0.040081679821014404
2933750016.0,0.05627726390957832
2934687488.0,0.07351292669773102
2935624960.0,0.0874251127243042
2936562432.0,0.10051977634429932
2937499904.0,0.11288943141698837
2938437376.0,0.12383696436882019
2939375104.0,0.1323375552892685
2940312576.0,0.1399402767419815
2941250048.0,0.1465311348438263
2942187520.0,0.15080204606056213
2943124992.0,0.15382559597492218
2944062464.0,0.15557096898555756
2944999936.0,0.15532062947750092
2945937408.0,0.1540142446756363
2946874880.0,0.15246982872486115
2947812608.0,0.14666715264320374
2948750080.0,0.14425502717494965
2949687552.0,0.14139306545257568
2950625024.0,0.1367599070072174
2951562496.0,0.13198846578598022
2952499968.0,0.1264607161283493
2953437440.0,0.11917069554328918
2954374912.0,0.11174478381872177
2955312384.0,0.10348884761333466
2956250112.0,0.09449439495801926
2957187584.0,0.08496392518281937
2958125056.0,0.07427049428224564
2959062528.0,0.06364475935697556
2960000000.0,0.05176429823040962
2960937472.0,0.03999781981110573
2961874944.0,0.029230158776044846
2962812416.0,0.017663350328803062
2963749888.0,0.005365260411053896
2964687616.0,-0.006152750458568335
2965625088.0,-0.018974699079990387
2966562560.0,-0.03130463883280754
2967500032.0,-0.042769771069288254
2968437504.0,-0.054442670196294785
2969374976.0,-0.06557231396436691
2970312448.0,-0.07731181383132935
2971249920.0,-0.08772017806768417
2972187392.0,-0.09695732593536377
2973125120.0,-0.10569758713245392
2974062592.0,-0.11451343446969986
2975000064.0,-0.1218663677573204
2975937536.0,-0.1280491203069687
2976875008.0,-0.13287626206874847
2977812480.0,-0.13673458993434906
2978749952.0,-0.14081145823001862
2979687424.0,-0.14329266548156738
2980624896.0,-0.1444672793149948
2981562624.0,-0.1451410949230194
2982500096.0,-0.14263825118541718
2983437568.0,-0.1398821920156479
2984375040.0,-0.13768239319324493
2985312512.0,-0.13351744413375854
2986249984.0,-0.12873515486717224
2987187456.0,-0.12158793956041336
2988124928.0,-0.11481942981481552
2989062400.0,-0.1083945631980896
2990000128.0,-0.0995301827788353
2990937600.0,-0.09112118184566498
2991875072.0,-0.08195293694734573
2992812544.0,-0.07281988859176636
2993750016.0,-0.06442436575889587
2994687488.0,-0.05518285930156708
2995624960.0,-0.046626027673482895
2996562432.0,-0.03746769204735756
2997499904.0,-0.03035561740398407
2998437376.0,-0.022669551894068718
2999375104.0,-0.01698005571961403
3000312576.0,-0.013119715265929699
3001250048.0,-0.007865269668400288
3002187520.0,-0.003854741808027029
3003124992.0,-0.0009059431031346321
3004062464.0,0.0014192374655976892
3004999936.0,0.002399191027507186
3005937408.0,0.002664500381797552
3006874880.0,0.0018722491804510355
3007812608.0,-0.001421063207089901
3008750080.0,-0.004297604318708181
3009687552.0,-0.008238410577178001
3010625024.0,-0.011986234225332737
3011562496.0,-0.01594461500644684
3012499968.0,-0.020350169390439987
3013437440.0,-0.0243549607694149
3014374912.0,-0.02879275567829609
3015312384.0,-0.03293910622596741
3016250112.0,-0.03835124149918556
3017187584.0,-0.04211648181080818
3018125056.0,-0.04796560853719711
3019062528.0,-0.052568718791007996
3020000000.0,-0.05717184394598007
3020937472.0,-0.06165080517530441
3021874944.0,-0.06724247336387634
3022812416.0,-0.0714733898639679
3023749888.0,-0.07703203707933426
3024687616.0,-0.08180315792560577
3025625088.0,-0.0856044813990593
3026562560.0,-0.09157544374465942
3027500032.0,-0.09511591494083405
3028437504.0,-0.10026008635759354
3029374976.0,-0.10456357151269913
3030312448.0,-0.10846232622861862
3031249920.0,-0.11284299939870834
3032187392.0,-0.11632418632507324
3033125120.0,-0.12018926441669464
3034062592.0,-0.12350557744503021
3035000064.0,-0.12648554146289825
3035937536.0,-0.13024236261844635
3036875008.0,-0.13273754715919495
3037812480.0,-0.1335829198360443
3038749952.0,-0.13625918328762054
3039687424.0,-0.13778777420520782
3040624896.0,-0.14003102481365204
3041562624.0,-0.13989415764808655
3042500096.0,-0.139230877161026
3043437568.0,-0.13875193893909454
3044375040.0,-0.1376267820596695
3045312512.0,-0.13547849655151367
3046249984.0,-0.13303226232528687
3047187456.0,-0.13084259629249573
3048124928.0,-0.1281551867723465
3049062400.0,-0.12389823794364929
3049999872.0,-0.12046319246292114
3050937600.0,-0.11599110066890717
3051875072.0,-0.11221810430288315
3052812544.0,-0.10670037567615509
3053750016.0,-0.10207069665193558
3054687488.0,-0.09640221297740936
3055624960.0,-0.0911632776260376
3056562432.0,-0.0855247899889946
3057499904.0,-0.08083987981081009
3058437376.0,-0.07526354491710663
3059375104.0,-0.07054616510868073
3060312576.0,-0.06570466607809067
3061250048.0,-0.06133027374744415
3062187520.0,-0.05757332965731621
3063124992.0,-0.053947851061820984
3064062464.0,-0.050365399569272995
3064999936.0,-0.04841895028948784
3065937408.0,-0.04664989933371544
3066874880.0,-0.04503617808222771
3067812608.0,-0.030413910746574402
3068750080.0,-0.035561900585889816
3069687552.0,-0.04159953445196152
3070625024.0,-0.04805082827806473
3071562496.0,-0.05514893680810928
3072499968.0,-0.06210029870271683
3073437440.0,-0.07012252509593964
3074374912.0,-0.07907642424106598
3075312384.0,-0.08824708312749863
3076250112.0,-0.095528744161129
3077187584.0,-0.10349725186824799
3078125056.0,-0.11112026870250702
3079062528.0,-0.11919306963682175
3080000000.0,-0.1252720206975937
3080937472.0,-0.1314050406217575
3081874944.0,-0.13706286251544952
3082812416.0,-0.14118747413158417
3083749888.0,-0.14451077580451965
3084687616.0,-0.14604738354682922
3085625088.0,-0.14711645245552063
3086562560.0,-0.14701040089130402
3087500032.0,-0.14628517627716064
3088437504.0,-0.144235759973526
3089374976.0,-0.14044082164764404
3090312448.0,-0.1371077299118042
3091249920.0,-0.13163940608501434
3092187392.0,-0.1262851059436798
3093125120.0,-0.11911752074956894
3094062592.0,-0.11111802607774734
3095000064.0,-0.10385153442621231
3095937536.0,-0.09425816684961319
3096875008.0,-0.08550535142421722
3097812480.0,-0.0753733366727829
3098749952.0,-0.06657867133617401
3099687424.0,-0.057287778705358505
3100624896.0,-0.046189893037080765
3101562624.0,-0.036617618054151535
3102500096.0,-0.02703148126602173
3103437568.0,-0.017162220552563667
3104375040.0,-0.008993172086775303
3105312512.0,0.00017190833750646561
3106249984.0,0.007957155816257
3107187456.0,0.015542262233793736
3108124928.0,0.02378697320818901
3109062400.0,0.030915312469005585
3110000128.0,0.036312516778707504
3110937600.0,0.04150284826755524
3111875072.0,0.04676982760429382
3112812544.0,0.05141381174325943
3113750016.0,0.055264804512262344
3114687488.0,0.05907394737005234
3115624960.0,0.06298957765102386
3116562432.0,0.06504786014556885
3117499904.0,0.06778060644865036
3118437376.0,0.06929777562618256
3119375104.0,0.07120176404714584
3120312576.0,0.07270833849906921
3121250048.0,0.07506109029054642
3122187520.0,0.07590775936841965
3123124992.0,0.07689660787582397
3124062464.0,0.07744105160236359
3124999936.0,0.07783909142017365
3125937408.0,0.07905638217926025
3126874880.0,0.07820137590169907
3127812608.0,0.09889889508485794
3128750080.0,0.0947536826133728
3129687552.0,0.09276296943426132
3130625024.0,0.08972207456827164
3131562496.0,0.0879991203546524
3132499968.0,0.08492089062929153
3133437440.0,0.08405144512653351
3134374912.0,0.08217880874872208
3135312384.0,0.08113856613636017
3136250112.0,0.07871770113706589
3137187584.0,0.07839804142713547
3138125056.0,0.07746119052171707
3139062528.0,0.07731632143259048
3140000000.0,0.07696454226970673
3140937472.0,0.07581088691949844
3141874944.0,0.075703926384449
3142812416.0,0.07503049820661545
3143749888.0,0.07452064007520676
3144687616.0,0.07340443879365921
3145625088.0,0.07237254083156586
3146562560.0,0.07096675783395767
3147500032.0,0.06932391226291656
3148437504.0,0.06769105792045593
3149374976.0,0.0645514577627182
3150312448.0,0.06187260150909424
3151249920.0,0.05816163867712021
3152187392.0,0.05404321104288101
3153125120.0,0.04963139444589615
3154062592.0,0.04403134062886238
3155000064.0,0.0374191477894783
3155937536.0,0.030626913532614708
3156875008.0,0.023765012621879578
3157812480.0,0.015242095105350018
3158749952.0,0.0064482735469937325
3159687424.0,-0.002999731106683612
3160624896.0,-0.013243557885289192
3161562624.0,-0.02333168499171734
3162500096.0,-0.03447051718831062
3163437568.0,-0.04527099058032036
3164375040.0,-0.05667320638895035
3165312512.0,-0.06761779636144638
3166249984.0,-0.07852828502655029
3167187456.0,-0.0904136523604393
3168124928.0,-0.10021869838237762
3169062400.0,-0.10941686481237411
3169999872.0,-0.11904718726873398
3170937600.0,-0.1273333579301834
3171875072.0,-0.13584508001804352
3172812544.0,-0.14272138476371765
3173750016.0,-0.14874351024627686
3174687488.0,-0.1533404141664505
3175624960.0,-0.15781114995479584
3176562432.0,-0.15972569584846497
3177499904.0,-0.15976078808307648
3178437376.0,-0.15971237421035767
3179375104.0,-0.157655268907547
3180312576.0,-0.15525095164775848
3181250048.0,-0.14989930391311646
3182187520.0,-0.1424074023962021
3183124992.0,-0.13543200492858887
3184062464.0,-0.12400227040052414
3184999936.0,-0.11383885890245438
3185937408.0,-0.10133875906467438
3186874880.0,-0.088890939950943
3187812608.0,0.03890214487910271
3188750080.0,0.0375467911362648
3189687552.0,0.03652171418070793
3190625024.0,0.03546193987131119
3191562496.0,0.03609997034072876
3192499968.0,0.036557070910930634
3193437440.0,0.038955677300691605
3194374912.0,0.04059891775250435
3195312384.0,0.04401194676756859
3196250112.0,0.047546353191137314
3197187584.0,0.05153961107134819
3198125056.0,0.055353693664073944
3199062528.0,0.05941568315029144
3200000000.0,0.0627092644572258
3200937472.0,0.06551933288574219
3201874944.0,0.06826501339673996
3202812416.0,0.07116721570491791
3203749888.0,0.07259511202573776
3204687616.0,0.07314414530992508
3205625088.0,0.0727308839559555
3206562560.0,0.07048404216766357
3207500032.0,0.0673888698220253
3208437504.0,0.06371714174747467
3209374976.0,0.05907927826046944
3210312448.0,0.05305851623415947
3211249920.0,0.045588504523038864
3212187392.0,0.037419188767671585
3213125120.0,0.028424791991710663
3214062592.0,0.017839616164565086
3215000064.0,0.006991423200815916
3215937536.0,-0.0049172211438417435
3216875008.0,-0.01758795976638794
3217812480.0,-0.029037123546004295
3218749952.0,-0.04257035627961159
3219687424.0,-0.055637627840042114
3220624896.0,-0.06736677885055542
3221562624.0,-0.079646997153759
3222500096.0,-0.09112019836902618
3223437568.0,-0.10172348469495773
3224375040.0,-0.11164000630378723
3225312512.0,-0.12003491818904877
3226249984.0,-0.12782086431980133
3227187456.0,-0.13380728662014008
3228124928.0,-0.13882778584957123
3229062400.0,-0.14239807426929474
3230000128.0,-0.14517946541309357
3230937600.0,-0.14666545391082764
3231875072.0,-0.14662639796733856
3232812544.0,-0.14414386451244354
3233750016.0,-0.14277373254299164
3234687488.0,-0.1388687640428543
3235624960.0,-0.13384422659873962
3236562432.0,-0.1293567717075348
3237499904.0,-0.12318143248558044
3238437376.0,-0.11726999282836914
3239375104.0,-0.11122521013021469
3240312576.0,-0.10509493201971054
3241250048.0,-0.09862487763166428
3242187520.0,-0.0935124009847641
3243124992.0,-0.08876775950193405
3244062464.0,-0.08456426113843918
3244999936.0,-0.08134989440441132
3245937408.0,-0.0791846364736557
3246874880.0,-0.07740060240030289
3247812608.0,-0.06992549449205399
3248750080.0,-0.07396931201219559
3249687552.0,-0.07652821391820908
3250625024.0,-0.08123444765806198
3251562496.0,-0.083771251142025
3252499968.0,-0.08597800880670547
3253437440.0,-0.08745614439249039
3254374912.0,-0.0883578360080719
3255312384.0,-0.08807412534952164
3256250112.0,-0.08697133511304855
3257187584.0,-0.08601010590791702
3258125056.0,-0.08302020281553268
3259062528.0,-0.07861825823783875
3260000000.0,-0.07323222607374191
3260937472.0,-0.06704837083816528
3261874944.0,-0.060440074652433395
3262812416.0,-0.05315802991390228
3263749888.0,-0.04472985863685608
3264687616.0,-0.036869391798973083
3265625088.0,-0.02919270657002926
3266562560.0,-0.022559141740202904
3267500032.0,-0.015523148700594902
3268437504.0,-0.010458402335643768
3269374976.0,-0.005881056655198336
3270312448.0,-0.002793960738927126
3271249920.0,-9.302485523221549e-06
3272187392.0,0.0011682187905535102
3273125120.0,0.0018185053486377
3274062592.0,0.0007202716078609228
3275000064.0,-0.0004848648386541754
3275937536.0,-0.003424458671361208
3276875008.0,-0.005363918375223875
3277812480.0,-0.008386744186282158
3278749952.0,-0.01126506645232439
3279687424.0,-0.012747542932629585
3280624896.0,-0.013340737670660019
3281562624.0,-0.015993520617485046
3282500096.0,-0.016646211966872215
3283437568.0,-0.01728823222219944
3284375040.0,-0.016845140606164932
3285312512.0,-0.014711584895849228
3286249984.0,-0.012735041789710522
3287187456.0,-0.011779576539993286
3288124928.0,-0.010693938471376896
3289062400.0,-0.00933605246245861
3289999872.0,-0.008518164977431297
3290937600.0,-0.008816419169306755
3291875072.0,-0.009643970057368279
3292812544.0,-0.01208531390875578
3293750016.0,-0.015599130652844906
3294687488.0,-0.020031731575727463
3295624960.0,-0.024326017126441002
3296562432.0,-0.03112644888460636
3297499904.0,-0.037974804639816284
3298437376.0,-0.046371009200811386
3299375104.0,-0.0538707934319973
3300312576.0,-0.06294000148773193
3301250048.0,-0.0722825825214386
3302187520.0,-0.08117684721946716
3303124992.0,-0.09079853445291519
3304062464.0,-0.09893868863582611
3304999936.0,-0.10802992433309555
3305937408.0,-0.11632318049669266
3306874880.0,-0.12372709810733795
3307812608.0,-0.09240151196718216
3308750080.0,-0.08852040022611618
3309687552.0,-0.08584216237068176
3310625024.0,-0.08375198394060135
3311562496.0,-0.08163156360387802
3312499968.0,-0.08028136938810349
3313437440.0,-0.07933854311704636
3314374912.0,-0.07879560440778732
3315312384.0,-0.07741807401180267
3316250112.0,-0.07864367961883545
3317187584.0,-0.07937918603420258
3318125056.0,-0.08109941333532333
3319062528.0,-0.08303109556436539
3320000000.0,-0.08640224486589432
3320937472.0,-0.09029485285282135
3321874944.0,-0.0954439789056778
3322812416.0,-0.09858280420303345
3323749888.0,-0.10457109659910202
3324687616.0,-0.10930278152227402
3325625088.0,-0.1148638129234314
3326562560.0,-0.12099065631628036
3327500032.0,-0.1272692084312439
3328437504.0,-0.13349825143814087
3329374976.0,-0.13754667341709137
3330312448.0,-0.14280645549297333
3331249920.0,-0.14912287890911102
3332187392.0,-0.15272553265094757
3333125120.0,-0.15553195774555206
3334062592.0,-0.1590348184108734
3335000064.0,-0.16091206669807434
3335937536.0,-0.16213412582874298
3336875008.0,-0.16160833835601807
3337812480.0,-0.16042253375053406
3338749952.0,-0.1589779257774353
3339687424.0,-0.15543942153453827
3340624896.0,-0.151017427444458
3341562624.0,-0.14558705687522888
3342500096.0,-0.13957051932811737
3343437568.0,-0.13281996548175812
3344375040.0,-0.12635862827301025
3345312512.0,-0.11852878332138062
3346249984.0,-0.10953126102685928
3347187456.0,-0.10078685730695724
3348124928.0,-0.09255286306142807
3349062400.0,-0.08302932232618332
3350000128.0,-0.0739605501294136
3350937600.0,-0.06504271924495697
3351875072.0,-0.057282425463199615
3352812544.0,-0.04955608770251274
3353750016.0,-0.04208729416131973
3354687488.0,-0.03488534316420555
3355624960.0,-0.028914710506796837
3356562432.0,-0.024491189047694206
3357499904.0,-0.018886897712945938
3358437376.0,-0.014905045740306377
3359375104.0,-0.011436143890023232
3360312576.0,-0.009221968241035938
3361250048.0,-0.007581495214253664
3362187520.0,-0.005773630924522877
3363124992.0,-0.00391625240445137
3364062464.0,-0.002939030760899186
3364999936.0,-0.0029583994764834642
3365937408.0,-0.0018019370036199689
3366874880.0,-0.0001739083236316219
3367812608.0,0.007635917514562607
3368750080.0,0.014707065187394619
3369687552.0,0.021021179854869843
3370625024.0,0.027782132849097252
3371562496.0,0.033201128244400024
3372499968.0,0.03730328753590584
3373437440.0,0.040845535695552826
3374374912.0,0.043931037187576294
3375312384.0,0.04505106434226036
3376250112.0,0.045199960470199585
3377187584.0,0.04548240080475807
3378125056.0,0.043097998946905136
3379062528.0,0.04019184038043022
3380000000.0,0.03580305352807045
3380937472.0,0.0313415601849556
3381874944.0,0.02541196532547474
3382812416.0,0.017999881878495216
3383749888.0,0.010890315286815166
3384687616.0,0.0013222130946815014
3385625088.0,-0.007072333712130785
3386562560.0,-0.015980836004018784
3387500032.0,-0.0256260484457016
3388437504.0,-0.03565523028373718
3389374976.0,-0.044975634664297104
3390312448.0,-0.05352497845888138
3391249920.0,-0.061491381376981735
3392187392.0,-0.07052828371524811
3393125120.0,-0.078257717192173
3394062592.0,-0.0853993147611618
3395000064.0,-0.09199082851409912
3395937536.0,-0.09821348637342453
3396875008.0,-0.10271942615509033
3397812480.0,-0.10703641176223755
3398749952.0,-0.11058611422777176
3399687424.0,-0.11207623034715652
3400624896.0,-0.11428683996200562
3401562624.0,-0.11643556505441666
3402500096.0,-0.1159670501947403
3403437568.0,-0.11536669731140137
3404375040.0,-0.11392117291688919
3405312512.0,-0.11161918193101883
3406249984.0,-0.10934608429670334
3407187456.0,-0.10626000910997391
3408124928.0,-0.10334684699773788
3409062400.0,-0.09978147596120834
3409999872.0,-0.09655072540044785
3410937600.0,-0.09321862459182739
3411875072.0,-0.08922629058361053
3412812544.0,-0.08502039313316345
3413750016.0,-0.08108349144458771
3414687488.0,-0.07703053951263428
3415624960.0,-0.072512187063694
3416562432.0,-0.06955311447381973
3417499904.0,-0.0659891813993454
3418437376.0,-0.06278866529464722
3419375104.0,-0.05966892093420029
3420312576.0,-0.05630183592438698
3421250048.0,-0.053385179489851
3422187520.0,-0.05120473355054855
3423124992.0,-0.04944285750389099
3424062464.0,-0.045536890625953674
3424999936.0,-0.04383862391114235
3425937408.0,-0.04090040549635887
3426874880.0,-0.038522813469171524
3427812608.0,-0.03560687229037285
3428750080.0,-0.034423280507326126
3429687552.0,-0.03277593106031418
3430625024.0,-0.030586399137973785
3431562496.0,-0.02873668260872364
3432499968.0,-0.02416672557592392
3433437440.0,-0.02035084180533886
3434374912.0,-0.015550600364804268
3435312384.0,-0.008774450048804283
3436250112.0,-0.0028829830698668957
3437187584.0,0.004424289800226688
3438125056.0,0.012675503268837929
3439062528.0,0.022260796278715134
3440000000.0,0.03326139599084854
3440937472.0,0.04545998573303223
3441874944.0,0.05779530853033066
3442812416.0,0.07095970213413239
3443749888.0,0.08520955592393875
3444687616.0,0.09952310472726822
3445625088.0,0.11290747672319412
3446562560.0,0.1272350549697876
3447500032.0,0.1386769860982895
3448437504.0,0.15024131536483765
3449374976.0,0.16239100694656372
3450312448.0,0.16931656002998352
3451249920.0,0.17746643722057343
3452187392.0,0.18251068890094757
3453125120.0,0.1843349039554596
3454062592.0,0.18458165228366852
3455000064.0,0.18228928744792938
3455937536.0,0.17780619859695435
3456875008.0,0.16948144137859344
3457812480.0,0.15988922119140625
3458749952.0,0.14709800481796265
3459687424.0,0.13261887431144714
3460624896.0,0.11695832014083862
3461562624.0,0.0995534136891365
3462500096.0,0.08190184086561203
3463437568.0,0.06308944523334503
3464375040.0,0.043677918612957
3465312512.0,0.024261223152279854
3466249984.0,0.005682098213583231
3467187456.0,-0.012603294104337692
3468124928.0,-0.029784979298710823
3469062400.0,-0.046117160469293594
3470000128.0,-0.059621136635541916
3470937600.0,-0.07294327020645142
3471875072.0,-0.08410388976335526
3472812544.0,-0.09242507070302963
3473750016.0,-0.09995565563440323
3474687488.0,-0.1040818840265274
3475624960.0,-0.1069064512848854
3476562432.0,-0.10861179977655411
3477499904.0,-0.10650519281625748
3478437376.0,-0.10509868711233139
3479375104.0,-0.10157576948404312
3480312576.0,-0.09706186503171921
3481250048.0,-0.09229670464992523
3482187520.0,-0.08617158979177475
3483124992.0,-0.08069633692502975
3484062464.0,-0.07405439019203186
3484999936.0,-0.06806978583335876
3485937408.0,-0.06317771226167679
3486874880.0,-0.0589434839785099
3487812608.0,-0.04360885173082352
3488750080.0,-0.04570811241865158
3489687552.0,-0.04990377277135849
3490625024.0,-0.05482155829668045
3491562496.0,-0.057613737881183624
3492499968.0,-0.06282515823841095
3493437440.0,-0.06860557943582535
3494374912.0,-0.07436317950487137
3495312384.0,-0.07978923618793488
3496250112.0,-0.08436812460422516
3497187584.0,-0.08975454419851303
3498125056.0,-0.09346076846122742
3499062528.0,-0.0970466285943985
3500000000.0,-0.09742454439401627
3500937472.0,-0.09841295331716537
3501874944.0,-0.09688334912061691
3502812416.0,-0.09453659504652023
3503749888.0,-0.09265943616628647
3504687616.0,-0.08861348032951355
3505625088.0,-0.08381947875022888
3506562560.0,-0.0787249356508255
3507500032.0,-0.07268813252449036
3508437504.0,-0.06524664163589478
3509374976.0,-0.05663174390792847
3510312448.0,-0.049393847584724426
3511249920.0,-0.04051985964179039
3512187392.0,-0.03262454271316528
3513125120.0,-0.024385960772633553
3514062592.0,-0.0161125510931015
3515000064.0,-0.008153475821018219
3515937536.0,-0.00046834093518555164
3516875008.0,0.005770843010395765
3517812480.0,0.011410125531256199
3518749952.0,0.01638433337211609
3519687424.0,0.019670909270644188
3520624896.0,0.022373829036951065
3521562624.0,0.023799942806363106
3522500096.0,0.02344192937016487
3523437568.0,0.02253781072795391
3524375040.0,0.021074676886200905
3525312512.0,0.018919380381703377
3526249984.0,0.01493784412741661
3527187456.0,0.010714720003306866
3528124928.0,0.004684102721512318
3529062400.0,-0.0007362873293459415
3529999872.0,-0.007787673268467188
3530937600.0,-0.014194265007972717
3531875072.0,-0.02028699405491352
3532812544.0,-0.02592017874121666
3533750016.0,-0.03068944811820984
3534687488.0,-0.03580205887556076
3535624960.0,-0.04001419246196747
3536562432.0,-0.04359742999076843
3537499904.0,-0.045922961086034775
3538437376.0,-0.046511050313711166
3539375104.0,-0.04725941643118858
3540312576.0,-0.047178540378808975
3541250048.0,-0.045043665915727615
3542187520.0,-0.042488813400268555
3543124992.0,-0.04086396098136902
3544062464.0,-0.037077877670526505
3544999936.0,-0.032375141978263855
3545937408.0,-0.027277061715722084
3546874880.0,-0.01976873353123665
3547812608.0,-0.01700427196919918
3548750080.0,-0.017770417034626007
3549687552.0,-0.01786895841360092
3550625024.0,-0.019383547827601433
3551562496.0,-0.021381577476859093
3552499968.0,-0.022733023390173912
3553437440.0,-0.024695925414562225
3554374912.0,-0.026299506425857544
3555312384.0,-0.02945953793823719
3556250112.0,-0.032027941197156906
3557187584.0,-0.034334100782871246
3558125056.0,-0.03602883219718933
3559062528.0,-0.03981872275471687
3560000000.0,-0.042106885462999344
3560937472.0,-0.04536844789981842
3561874944.0,-0.04797883704304695
3562812416.0,-0.05055069923400879
3563749888.0,-0.05273987725377083
3564687616.0,-0.05523714795708656
3565625088.0,-0.05712823569774628
3566562560.0,-0.05789705738425255
3567500032.0,-0.06048049405217171
3568437504.0,-0.06144596263766289
3569374976.0,-0.062382686883211136
3570312448.0,-0.06232384964823723
3571249920.0,-0.06190038099884987
3572187392.0,-0.061804961413145065
3573125120.0,-0.061211492866277695
3574062592.0,-0.060698218643665314
3575000064.0,-0.059458181262016296
3575937536.0,-0.05970584973692894
3576875008.0,-0.05787462368607521
3577812480.0,-0.05704157426953316
3578749952.0,-0.055879104882478714
3579687424.0,-0.05510396882891655
3580624896.0,-0.05353090539574623
3581562624.0,-0.05171008035540581
3582500096.0,-0.05013764277100563
3583437568.0,-0.04993443191051483
3584375040.0,-0.04983677342534065
3585312512.0,-0.05142872780561447
3586249984.0,-0.05169012397527695
3587187456.0,-0.05223575979471207
3588124928.0,-0.052855998277664185
3589062400.0,-0.054249171167612076
3590000128.0,-0.05502500385046005
3590937600.0,-0.05474131554365158
3591875072.0,-0.05575636774301529
3592812544.0,-0.05588303878903389
3593750016.0,-0.05597161129117012
3594687488.0,-0.055927690118551254
3595624960.0,-0.05569170042872429
3596562432.0,-0.05420013889670372
3597499904.0,-0.05320844054222107
3598437376.0,-0.05232400447130203
3599375104.0,-0.05057647451758385
3600312576.0,-0.0469214953482151
3601250048.0,-0.0437760092318058
3602187520.0,-0.04059883579611778
3603124992.0,-0.03579431027173996
3604062464.0,-0.031085290014743805
3604999936.0,-0.026247089728713036
3605937408.0,-0.019856568425893784
3606874880.0,-0.01434838306158781
3607812608.0,0.00861620157957077
3608750080.0,0.017819860950112343
3609687552.0,0.026955900713801384
3610625024.0,0.035555649548769
3611562496.0,0.04406309127807617
3612499968.0,0.0517086461186409
3613437440.0,0.05864311009645462
3614374912.0,0.0649895891547203
3615312384.0,0.06938192248344421
3616250112.0,0.0727723017334938
3617187584.0,0.07678855210542679
3618125056.0,0.07892119139432907
3619062528.0,0.07983493059873581
3620000000.0,0.08010128140449524
3620937472.0,0.07898698002099991
3621874944.0,0.0767074003815651
3622812416.0,0.07466311007738113
3623749888.0,0.06993026286363602
3624687616.0,0.0653747171163559
3625625088.0,0.0600460059940815
3626562560.0,0.0542929507791996
3627500032.0,0.04738190397620201
3628437504.0,0.03990837559103966
3629374976.0,0.03185955807566643
3630312448.0,0.024312840774655342
3631249920.0,0.015425204299390316
3632187392.0,0.005716274492442608
3633125120.0,-0.002762038027867675
3634062592.0,-0.01307001430541277
3635000064.0,-0.021387167274951935
3635937536.0,-0.03096875734627247
3636875008.0,-0.04115340858697891
3637812480.0,-0.048954643309116364
3638749952.0,-0.05824058875441551
3639687424.0,-0.0660160630941391
3640624896.0,-0.0741632878780365
3641562624.0,-0.08245424181222916
3642500096.0,-0.09058302640914917
3643437568.0,-0.09724580496549606
3644375040.0,-0.10361669957637787
3645312512.0,-0.10923725366592407
3646249984.0,-0.1151241585612297
3647187456.0,-0.12020189315080643
3648124928.0,-0.125168576836586
3649062400.0,-0.1282545030117035
3649999872.0,-0.13162457942962646
3650937600.0,-0.1333225667476654
3651875072.0,-0.1354653388261795
3652812544.0,-0.13728560507297516
3653750016.0,-0.13815225660800934
3654687488.0,-0.13972777128219604
3655624960.0,-0.13876235485076904
3656562432.0,-0.13886989653110504
3657499904.0,-0.1371612548828125
3658437376.0,-0.1363222450017929
3659375104.0,-0.13575708866119385
3660312576.0,-0.1325284093618393
3661250048.0,-0.13074560463428497
3662187520.0,-0.12821172177791595
3663124992.0,-0.12522663176059723
3664062464.0,-0.12150922417640686
3664999936.0,-0.11920550465583801
3665937408.0,-0.11554505676031113
3666874880.0,-0.11101637035608292
3667812608.0,-0.09462310373783112
3668750080.0,-0.09525870531797409
3669687552.0,-0.09438880532979965
3670625024.0,-0.09322571754455566
3671562496.0,-0.09186349809169769
3672499968.0,-0.0889257863163948
3673437440.0,-0.08576049655675888
3674374912.0,-0.08180007338523865
3675312384.0,-0.07771574705839157
3676250112.0,-0.07261461764574051
3677187584.0,-0.06837066262960434
3678125056.0,-0.061779048293828964
3679062528.0,-0.055225323885679245
3680000000.0,-0.047470953315496445
3680937472.0,-0.04071999713778496
3681874944.0,-0.03260008245706558
3682812416.0,-0.024652907624840736
3683749888.0,-0.016319524496793747
3684687616.0,-0.00817244965583086
3685625088.0,-0.00031202053651213646
3686562560.0,0.00821149442344904
3687500032.0,0.016202548518776894
3688437504.0,0.022925276309251785
3689374976.0,0.03059796802699566
3690312448.0,0.036804020404815674
3691249920.0,0.043360717594623566
3692187392.0,0.048215799033641815
3693125120.0,0.052208080887794495
3694062592.0,0.05607297644019127
3695000064.0,0.05835343152284622
3695937536.0,0.0592089518904686
3696875008.0,0.06041492149233818
3697812480.0,0.06026256084442139
3698749952.0,0.05960267037153244
3699687424.0,0.057094983756542206
3700624896.0,0.054030194878578186
3701562624.0,0.050892166793346405
3702500096.0,0.04535837098956108
3703437568.0,0.0399346686899662
3704375040.0,0.03422435373067856
3705312512.0,0.027612706646323204
3706249984.0,0.02135506644845009
3707187456.0,0.014932407066226006
3708124928.0,0.008283386938273907
3709062400.0,0.00028546666726469994
3710000128.0,-0.0073734247125685215
3710937600.0,-0.015263219363987446
3711875072.0,-0.02251262590289116
3712812544.0,-0.03064192831516266
3713750016.0,-0.03586535155773163
3714687488.0,-0.04131161421537399
3715624960.0,-0.046057771891355515
3716562432.0,-0.05075744539499283
3717499904.0,-0.05412346124649048
3718437376.0,-0.05743981525301933
3719375104.0,-0.05969369783997536
3720312576.0,-0.06039891019463539
3721250048.0,-0.06108706071972847
3722187520.0,-0.060782384127378464
3723124992.0,-0.06013350188732147
3724062464.0,-0.05830308422446251
3724999936.0,-0.057381466031074524
3725937408.0,-0.05534300580620766
3726874880.0,-0.053776003420352936
3727812608.0,-0.05769715458154678
3728750080.0,-0.05839327722787857
3729687552.0,-0.05778691545128822
3730625024.0,-0.05763833597302437
3731562496.0,-0.056763797998428345
3732499968.0,-0.056477438658475876
3733437440.0,-0.05629802495241165
3734374912.0,-0.05697987228631973
3735312384.0,-0.058854419738054276
3736250112.0,-0.05961639806628227
3737187584.0,-0.06198044493794441
3738125056.0,-0.06414470076560974
3739062528.0,-0.06710932403802872
3740000000.0,-0.07157281786203384
3740937472.0,-0.0757843405008316
3741874944.0,-0.07974506914615631
3742812416.0,-0.08519534766674042
3743749888.0,-0.09108719974756241
3744687616.0,-0.09738277643918991
3745625088.0,-0.10387270152568817
3746562560.0,-0.10948275774717331
3747500032.0,-0.11546553671360016
3748437504.0,-0.12125814706087112
3749374976.0,-0.12672704458236694
3750312448.0,-0.1333375871181488
3751249920.0,-0.1394299566745758
3752187392.0,-0.1455877721309662
3753125120.0,-0.15097898244857788
3754062592.0,-0.15631890296936035
3755000064.0,-0.16021429002285004
3755937536.0,-0.1637466549873352
3756875008.0,-0.16519615054130554
3757812480.0,-0.16578304767608643
3758749952.0,-0.16643781960010529
3759687424.0,-0.164743110537529
3760624896.0,-0.16208505630493164
3761562624.0,-0.15792188048362732
3762500096.0,-0.1511175036430359
3763437568.0,-0.14440180361270905
3764375040.0,-0.1364886611700058
3765312512.0,-0.12654291093349457
3766249984.0,-0.1160617545247078
3767187456.0,-0.10420098155736923
3768124928.0,-0.09268993884325027
3769062400.0,-0.08062256127595901
3769999872.0,-0.07017765194177628
3770937600.0,-0.058148667216300964
3771875072.0,-0.046842098236083984
3772812544.0,-0.03675900772213936
3773750016.0,-0.026426801458001137
3774687488.0,-0.017040938138961792
3775624960.0,-0.008738278411328793
3776562432.0,-0.0031175476033240557
3777499904.0,0.0035884070675820112
3778437376.0,0.006793566979467869
3779375104.0,0.008660566993057728
3780312576.0,0.008821990340948105
3781250048.0,0.008516451343894005
3782187520.0,0.006029726006090641
3783124992.0,0.002097971038892865
3784062464.0,-0.0035234102979302406
3784999936.0,-0.011072768829762936
3785937408.0,-0.01834445260465145
3786874880.0,-0.01583506539463997
3787812608.0,-0.023527653887867928
3788750080.0,-0.032183390110731125
3789687552.0,-0.04314080998301506
3790625024.0,-0.05462384596467018
3791562496.0,-0.06696349382400513
3792499968.0,-0.07754011452198029
3793437440.0,-0.08704256266355515
3794374912.0,-0.09805894643068314
3795312384.0,-0.10929208248853683
3796250112.0,-0.11997943371534348
3797187584.0,-0.12987111508846283
3798125056.0,-0.13902677595615387
3799062528.0,-0.1469288319349289
3800000000.0,-0.1548154354095459
3800937472.0,-0.16038446128368378
3801874944.0,-0.16608229279518127
3802812416.0,-0.1704954355955124
3803749888.0,-0.1728757619857788
3804687616.0,-0.17516770958900452
3805625088.0,-0.17600110173225403
3806562560.0,-0.17488645017147064
3807500032.0,-0.17140063643455505
3808437504.0,-0.16930978000164032
3809374976.0,-0.16486923396587372
3810312448.0,-0.15889760851860046
3811249920.0,-0.1523456573486328
3812187392.0,-0.1451941877603531
3813125120.0,-0.137079656124115
3814062592.0,-0.12791447341442108
3815000064.0,-0.11721926927566528
3815937536.0,-0.10716042667627335
3816875008.0,-0.09898927807807922
3817812480.0,-0.08872314542531967
3818749952.0,-0.07834814488887787
3819687424.0,-0.06989479064941406
3820624896.0,-0.06147646903991699
3821562624.0,-0.05325700342655182
3822500096.0,-0.045745305716991425
3823437568.0,-0.03975274786353111
3824375040.0,-0.0336199514567852
3825312512.0,-0.02954527549445629
3826249984.0,-0.026577752083539963
3827187456.0,-0.023622583597898483
3828124928.0,-0.02216257154941559
3829062400.0,-0.023409271612763405
3830000128.0,-0.023785248398780823
3830937600.0,-0.02508055418729782
3831875072.0,-0.027786875143647194
3832812544.0,-0.031420543789863586
3833750016.0,-0.03517596051096916
3834687488.0,-0.03995724767446518
3835624960.0,-0.04449501633644104
3836562432.0,-0.04958677291870117
3837499904.0,-0.05512053146958351
3838437376.0,-0.0605165921151638
3839375104.0,-0.06524700671434402
3840312576.0,-0.06987131386995316
3841250048.0,-0.07402411848306656
3842187520.0,-0.07762545347213745
3843124992.0,-0.0818101242184639
3844062464.0,-0.08450055867433548
3844999936.0,-0.08723487704992294
3845937408.0,-0.08875979483127594
3846874880.0,-0.08077499270439148
3847812608.0,-0.07705432921648026
3848750080.0,-0.07293681800365448
3849687552.0,-0.06903283298015594
3850625024.0,-0.06545602530241013
3851562496.0,-0.06240520626306534
3852499968.0,-0.06060369312763214
3853437440.0,-0.0586063526570797
3854374912.0,-0.05717048794031143
3855312384.0,-0.05496619641780853
3856250112.0,-0.05245980992913246
3857187584.0,-0.05320345610380173
3858125056.0,-0.05314750224351883
3859062528.0,-0.05338606983423233
3860000000.0,-0.05348101630806923
3860937472.0,-0.05456166714429855
3861874944.0,-0.055782921612262726
3862812416.0,-0.05838289111852646
3863749888.0,-0.059871356934309006
3864687616.0,-0.06180047616362572
3865625088.0,-0.06321156769990921
3866562560.0,-0.06493666023015976
3867500032.0,-0.06622424721717834
3868437504.0,-0.06673122197389603
3869374976.0,-0.06919965893030167
3870312448.0,-0.07109764218330383
3871249920.0,-0.0717514231801033
3872187392.0,-0.07337214052677155
3873125120.0,-0.07483064383268356
3874062592.0,-0.07558896392583847
3875000064.0,-0.07713430374860764
3875937536.0,-0.07896961271762848
3876875008.0,-0.08155462145805359
3877812480.0,-0.0836091861128807
3878749952.0,-0.08552542328834534
3879687424.0,-0.08665962517261505
3880624896.0,-0.0883277878165245
3881562624.0,-0.08868331462144852
3882500096.0,-0.08893939852714539
3883437568.0,-0.088422492146492
3884375040.0,-0.08878961950540543
3885312512.0,-0.08741381019353867
3886249984.0,-0.08790848404169083
3887187456.0,-0.08766642212867737
3888124928.0,-0.08816828578710556
3889062400.0,-0.08883950859308243
3889999872.0,-0.08953125774860382
3890937600.0,-0.09003033488988876
3891875072.0,-0.0916953757405281
3892812544.0,-0.0923808217048645
3893750016.0,-0.09329164028167725
3894687488.0,-0.09524351358413696
3895624960.0,-0.09778253734111786
3896562432.0,-0.10009054094552994
3897499904.0,-0.10402945429086685
3898437376.0,-0.10847962647676468
3899375104.0,-0.11198804527521133
3900312576.0,-0.11628016829490662
3901250048.0,-0.1208813339471817
3902187520.0,-0.125340536236763
3903124992.0,-0.13171535730361938
3904062464.0,-0.13595347106456757
3904999936.0,-0.14089009165763855
3905937408.0,-0.14477306604385376
3906874880.0,-0.16254812479019165
3907812608.0,-0.17121344804763794
3908750080.0,-0.1770932376384735
3909687552.0,-0.18245166540145874
3910625024.0,-0.184377059340477
3911562496.0,-0.1861276626586914
3912499968.0,-0.18535134196281433
3913437440.0,-0.18049196898937225
3914374912.0,-0.17551642656326294
3915312384.0,-0.1670624017715454
3916250112.0,-0.1579979956150055
3917187584.0,-0.1468360871076584
3918125056.0,-0.1341707408428192
3919062528.0,-0.11993493139743805
3920000000.0,-0.1055087000131607
3920937472.0,-0.08931462466716766
3921874944.0,-0.07270100712776184
3922812416.0,-0.056692853569984436
3923749888.0,-0.040178604423999786
3924687616.0,-0.024211522191762924
3925625088.0,-0.008286338299512863
3926562560.0,0.006794997490942478
3927500032.0,0.019395921379327774
3928437504.0,0.029621504247188568
3929374976.0,0.03895272687077522
3930312448.0,0.045814335346221924
3931249920.0,0.051174797117710114
3932187392.0,0.055621977895498276
3933125120.0,0.056262820959091187
3934062592.0,0.05650753900408745
3935000064.0,0.05334019660949707
3935937536.0,0.04881252348423004
3936875008.0,0.04455198347568512
3937812480.0,0.03814278170466423
3938749952.0,0.03072374500334263
3939687424.0,0.02272857539355755
3940624896.0,0.014638973399996758
3941562624.0,0.005284179467707872
3942500096.0,-0.0030704918317496777
3943437568.0,-0.010860064998269081
3944375040.0,-0.019677234813570976
3945312512.0,-0.02631192095577717
3946249984.0,-0.03291354700922966
3947187456.0,-0.038803569972515106
3948124928.0,-0.04428069293498993
3949062400.0,-0.04889243096113205
3950000128.0,-0.05205802991986275
3950937600.0,-0.0542396605014801
3951875072.0,-0.05634817108511925
3952812544.0,-0.05833740532398224
3953750016.0,-0.0608578622341156
3954687488.0,-0.061877284198999405
3955624960.0,-0.06281442195177078
3956562432.0,-0.06429343670606613
3957499904.0,-0.06529377400875092
3958437376.0,-0.0669068843126297
3959375104.0,-0.06660622358322144
3960312576.0,-0.0669206827878952
3961250048.0,-0.067508764564991
3962187520.0,-0.06985162943601608
3963124992.0,-0.07207638770341873
3964062464.0,-0.0757807269692421
3964999936.0,-0.07891025394201279
3965937408.0,-0.08467256277799606
3966874880.0,-0.09850282967090607
3967812608.0,-0.11063654720783234
3968750080.0,-0.1243729516863823
3969687552.0,-0.1378898173570633
3970625024.0,-0.1515180468559265
3971562496.0,-0.16398733854293823
3972499968.0,-0.17762739956378937
3973437440.0,-0.18886330723762512
3974374912.0,-0.19767874479293823
3975312384.0,-0.20558641850948334
3976250112.0,-0.21468262374401093
3977187584.0,-0.21991053223609924
3978125056.0,-0.22433708608150482
3979062528.0,-0.22652298212051392
3980000000.0,-0.22712551057338715
3980937472.0,-0.22696428000926971
3981874944.0,-0.22413301467895508
3982812416.0,-0.2215363085269928
3983749888.0,-0.21575604379177094
3984687616.0,-0.20910753309726715
3985625088.0,-0.2012627124786377
3986562560.0,-0.19333428144454956
3987500032.0,-0.18403151631355286
3988437504.0,-0.17401620745658875
3989374976.0,-0.1631838083267212
3990312448.0,-0.15217864513397217
3991249920.0,-0.14102010428905487
3992187392.0,-0.130181223154068
3993125120.0,-0.12010511755943298
3994062592.0,-0.10952451080083847
3995000064.0,-0.09989935159683228
3995937536.0,-0.09151195734739304
3996875008.0,-0.08335130661725998
3997812480.0,-0.0781853124499321
3998749952.0,-0.07335125654935837
3999687424.0,-0.06743451952934265
4000624896.0,-0.07380491495132446
4001562624.0,-0.07193298637866974
4002500096.0,-0.07182792574167252
4003437568.0,-0.07201652228832245
4004375040.0,-0.0738704577088356
4005312512.0,-0.07703417539596558
4006249984.0,-0.08043523132801056
4007187456.0,-0.08591917157173157
4008124928.0,-0.09285932779312134
4009062400.0,-0.09848638623952866
4009999872.0,-0.1062677651643753
4010937600.0,-0.11317188292741776
4011875072.0,-0.12096518278121948
4012812544.0,-0.1286436915397644
4013750016.0,-0.13650532066822052
4014687488.0,-0.14334632456302643
4015624960.0,-0.15116021037101746
4016562432.0,-0.15714479982852936
4017499904.0,-0.16413509845733643
4018437376.0,-0.17030586302280426
4019375104.0,-0.1748412698507309
4020312576.0,-0.17987364530563354
4021250048.0,-0.18439210951328278
4022187520.0,-0.18719527125358582
4023124992.0,-0.19163687527179718
4024062464.0,-0.1930161714553833
4024999936.0,-0.19478407502174377
4025937408.0,-0.19812069833278656
4026874880.0,-0.18935923278331757
4027812608.0,-0.19492824375629425
4028750080.0,-0.20075103640556335
4029687552.0,-0.2047431468963623
4030625024.0,-0.21046005189418793
4031562496.0,-0.21466633677482605
4032499968.0,-0.21771632134914398
4033437440.0,-0.21957050263881683
4034374912.0,-0.22124400734901428
4035312384.0,-0.22143271565437317
4036250112.0,-0.22077694535255432
4037187584.0,-0.2198045253753662
4038125056.0,-0.21703854203224182
4039062528.0,-0.21344952285289764
4040000000.0,-0.2085849791765213
4040937472.0,-0.20321966707706451
4041874944.0,-0.19717854261398315
4042812416.0,-0.19016772508621216
4043749888.0,-0.18163347244262695
4044687616.0,-0.17113955318927765
4045625088.0,-0.16086618602275848
4046562560.0,-0.15003353357315063
4047500032.0,-0.136672705411911
4048437504.0,-0.12420989573001862
4049374976.0,-0.1111205518245697
4050312448.0,-0.0979488343000412
4051249920.0,-0.08434170484542847
4052187392.0,-0.07096527516841888
4053125120.0,-0.05641908571124077
4054062592.0,-0.043636925518512726
4055000064.0,-0.03193465247750282
4055937536.0,-0.02173900231719017
4056875008.0,-0.011727859266102314
4057812480.0,-0.002517592627555132
4058749952.0,0.004419034346938133
4059687424.0,0.010040715336799622
4060624896.0,0.014009284786880016
4061562624.0,0.01637883298099041
4062500096.0,0.01622585393488407
4063437568.0,0.01469083596020937
4064375040.0,0.012021014466881752
4065312512.0,0.007507956121116877
4066249984.0,0.002118258271366358
4067187456.0,-0.004627897869795561
4068124928.0,-0.013873540796339512
4069062400.0,-0.02415640279650688
4070000128.0,-0.03399267792701721
4070937600.0,-0.04714903235435486
4071875072.0,-0.059267863631248474
4072812544.0,-0.0728415697813034
4073750016.0,-0.08590561151504517
4074687488.0,-0.09986653178930283
4075624960.0,-0.11278190463781357
4076562432.0,-0.12569449841976166
4077499904.0,-0.13923820853233337
4078437376.0,-0.14932863414287567
4079375104.0,-0.16000884771347046
4080312576.0,-0.16937454044818878
4081250048.0,-0.1780252903699875
4082187520.0,-0.18488281965255737
4083124992.0,-0.1910071223974228
4084062464.0,-0.1955566108226776
4084999936.0,-0.1994851976633072
4085937408.0,-0.2008287012577057
4086874880.0,-0.18269427120685577
4087812608.0,-0.18263353407382965
4088750080.0,-0.1815982162952423
4089687552.0,-0.18009580671787262
4090625024.0,-0.17798861861228943
4091562496.0,-0.1745970994234085
4092499968.0,-0.16967780888080597
4093437440.0,-0.16605719923973083
4094374912.0,-0.16087812185287476
4095312384.0,-0.15517644584178925
4096250112.0,-0.14901457726955414
4097187584.0,-0.14277605712413788
4098125056.0,-0.13579636812210083
4099062528.0,-0.12875153124332428
4100000000.0,-0.12160782516002655
4100937472.0,-0.11445390433073044
4101874944.0,-0.10784055292606354
4102812416.0,-0.1008894219994545
4103749888.0,-0.0945345014333725
4104687616.0,-0.08908210694789886
4105625088.0,-0.08310708403587341
4106562560.0,-0.07830362021923065
4107500032.0,-0.07243145257234573
4108437504.0,-0.0679074078798294
4109374976.0,-0.06361477822065353
4110312448.0,-0.05985444784164429
4111249920.0,-0.05703921988606453
4112187392.0,-0.05355960503220558
4113125120.0,-0.050675168633461
4114062592.0,-0.04872947931289673
4115000064.0,-0.04694941267371178
4115937536.0,-0.04544200375676155
4116875008.0,-0.0437249019742012
4117812480.0,-0.04349098727107048
4118749952.0,-0.041957706212997437
4119687424.0,-0.04274911805987358
4120624896.0,-0.04248346760869026
4121562624.0,-0.04245093837380409
4122500096.0,-0.042009275406599045
4123437568.0,-0.04295370355248451
4124375040.0,-0.043591685593128204
4125312512.0,-0.04441868141293526
4126249984.0,-0.04657461494207382
4127187456.0,-0.048855770379304886
4128124928.0,-0.05159248411655426
4129062400.0,-0.05437460169196129
4129999872.0,-0.05883653834462166
4130937600.0,-0.06322947889566422
4131875072.0,-0.06858372688293457
4132812544.0,-0.07380703836679459
4133750016.0,-0.07966368645429611
4134687488.0,-0.08751532435417175
4135624960.0,-0.09424519538879395
4136562432.0,-0.10252690315246582
4137499904.0,-0.11035743355751038
4138437376.0,-0.118733249604702
4139375104.0,-0.1283014565706253
4140312576.0,-0.13789673149585724
4141250048.0,-0.1470458060503006
4142187520.0,-0.15757863223552704
4143124992.0,-0.16794507205486298
4144062464.0,-0.17784564197063446
4144999936.0,-0.1883586198091507
4145937408.0,-0.1977953165769577
4146874880.0,-0.22006703913211823
4147812608.0,-0.22866645455360413
4148750080.0,-0.2360399216413498
4149687552.0,-0.23991847038269043
4150625024.0,-0.2430221438407898
4151562496.0,-0.24260099232196808
4152499968.0,-0.24019037187099457
4153437440.0,-0.23762135207653046
4154374912.0,-0.23287397623062134
4155312384.0,-0.22570180892944336
4156250112.0,-0.2165026068687439
4157187584.0,-0.20664680004119873
4158125056.0,-0.19639013707637787
4159062528.0,-0.18455420434474945
4160000000.0,-0.17240265011787415
4160937472.0,-0.15923383831977844
4161874944.0,-0.1472466140985489
4162812416.0,-0.13367357850074768
4163749888.0,-0.12101417779922485
4164687616.0,-0.10761252790689468
4165625088.0,-0.09582176059484482
4166562560.0,-0.08465923368930817
4167500032.0,-0.07406207174062729
4168437504.0,-0.06376509368419647
4169374976.0,-0.05424647778272629
4170312448.0,-0.045777976512908936
4171249920.0,-0.038507457822561264
4172187392.0,-0.031118255108594894
4173125120.0,-0.024452663958072662
4174062592.0,-0.018849896267056465
4175000064.0,-0.013914154842495918
4175937536.0,-0.010319430381059647
4176875008.0,-0.005135616287589073
4177812480.0,-0.001660141278989613
4178749952.0,0.0005382601520977914
4179687424.0,0.002142989542335272
4180624896.0,0.004056563135236502
4181562624.0,0.005017324350774288
4182500096.0,0.005860128439962864
4183437568.0,0.005800759419798851
4184375040.0,0.004860363435000181
4185312512.0,0.0030600319150835276
4186249984.0,0.0013509693089872599
4187187456.0,-0.0011304821819067001
4188124928.0,-0.004326426424086094
4189062400.0,-0.009485057555139065
4190000128.0,-0.012907321564853191
4190937600.0,-0.018918847665190697
4191875072.0,-0.024708561599254608
4192812544.0,-0.031239934265613556
4193750016.0,-0.038484033197164536
4194687488.0,-0.04707111418247223
4195624960.0,-0.05527573451399803
4196562432.0,-0.0652606412768364
4197499904.0,-0.074758380651474
4198437376.0,-0.08646953105926514
4199375104.0,-0.09839566797018051
4200312576.0,-0.11007600277662277
4201250048.0,-0.12313028424978256
4202187520.0,-0.13661570847034454
4203124992.0,-0.14879724383354187
4204062464.0,-0.16072015464305878
4204999936.0,-0.17282967269420624
4205937408.0,-0.18540650606155396
4206874880.0,-0.1890304535627365
4207812608.0,-0.20167578756809235
4208750080.0,-0.2139005959033966
4209687552.0,-0.22617162764072418
4210625024.0,-0.23720696568489075
4211562496.0,-0.24754919111728668
4212499968.0,-0.2551572620868683
4213437440.0,-0.2633872330188751
4214374912.0,-0.2693955898284912
4215312384.0,-0.27329203486442566
4216250112.0,-0.27503564953804016
4217187584.0,-0.27457737922668457
4218125056.0,-0.2714962065219879
4219062528.0,-0.26524627208709717
4220000000.0,-0.2583162486553192
4220937472.0,-0.24915029108524323
4221874944.0,-0.2372412383556366
4222812416.0,-0.2235289216041565
4223749888.0,-0.2090071141719818
4224687616.0,-0.19135284423828125
4225625088.0,-0.1724836826324463
4226562560.0,-0.15133757889270782
4227500032.0,-0.13082297146320343
4228437504.0,-0.10982964932918549
4229374976.0,-0.08653847128152847
4230312448.0,-0.06494259834289551
4231249920.0,-0.04344726726412773
4232187392.0,-0.020534208044409752
4233125120.0,-0.0008540239650756121
4234062592.0,0.01955898478627205
4235000064.0,0.036865923553705215
4235937536.0,0.052918680012226105
4236875008.0,0.06763844937086105
4237812480.0,0.07949802279472351
4238749952.0,0.089413121342659
4239687424.0,0.09647565335035324
4240624896.0,0.10099291056394577
4241562624.0,0.10220897942781448
4242500096.0,0.10128594934940338
4243437568.0,0.09767176955938339
4244375040.0,0.09230612218379974
4245312512.0,0.08512827008962631
4246249984.0,0.07420051842927933
4247187456.0,0.0619497112929821
4248124928.0,0.0486605241894722
4249062400.0,0.03406870737671852
4249999872.0,0.01795807108283043
4250937600.0,0.0013951851287856698
4251875072.0,-0.015628814697265625
4252812544.0,-0.034127090126276016
4253750016.0,-0.052453793585300446
4254687488.0,-0.070540651679039
4255624960.0,-0.08838820457458496
4256562432.0,-0.10616888105869293
4257499904.0,-0.12398406118154526
4258437376.0,-0.14171017706394196
4259375104.0,-0.1577536016702652
4260312576.0,-0.17378655076026917
4261250048.0,-0.189469575881958
4262187520.0,-0.20433208346366882
4263124992.0,-0.21830260753631592
4264062464.0,-0.23226800560951233
4264999936.0,-0.2432352602481842
4265937408.0,-0.2564954161643982
4266874880.0,-0.26742076873779297
4267812608.0,-0.2710708975791931
4268750080.0,-0.2760300934314728
4269687552.0,-0.2808815538883209
4270625024.0,-0.2845846116542816
4271562496.0,-0.2884571850299835
4272499968.0,-0.29171133041381836
4273437440.0,-0.294624388217926
4274374912.0,-0.2966759204864502
4275312384.0,-0.2980920672416687
4276250112.0,-0.297261118888855
4277187584.0,-0.29659411311149597
4278125056.0,-0.2922278940677643
4279062528.0,-0.286761075258255
4280000000.0,-0.27990400791168213
4280937472.0,-0.27047649025917053
4281874944.0,-0.260132759809494
4282812416.0,-0.24806411564350128
4283749888.0,-0.23322457075119019
4284687616.0,-0.2188086360692978
4285625088.0,-0.20161515474319458
4286562560.0,-0.1822526901960373
4287500032.0,-0.1627429574728012
4288437504.0,-0.14076487720012665
4289374976.0,-0.11853891611099243
4290312448.0,-0.09691751003265381
4291249920.0,-0.07393012940883636
4292187392.0,-0.05062314495444298
4293125120.0,-0.028007304295897484
4294062592.0,-0.00648765591904521
4295000064.0,0.016506751999258995
4295937536.0,0.03725565969944
4296875008.0,0.05749804154038429
4297812480.0,0.07505735009908676
4298749952.0,0.09090270847082138
4299687424.0,0.10609068721532822
4300624896.0,0.1183001920580864
4301562368.0,0.12833917140960693
4302499840.0,0.1352073848247528
4303437312.0,0.14050205051898956
4304374784.0,0.1429191529750824
4305312256.0,0.14273296296596527
4306250240.0,0.1399608850479126
4307187712.0,0.13393837213516235
4308125184.0,0.12374789267778397
4309062656.0,0.11157464981079102
4310000128.0,0.09658529609441757
4310937600.0,0.08010149002075195
4311875072.0,0.05975249409675598
4312812544.0,0.03866280987858772
4313750016.0,0.01343316026031971
4314687488.0,-0.012419335544109344
4315624960.0,-0.04054310545325279
4316562432.0,-0.06997887790203094
4317499904.0,-0.09997773170471191
4318437376.0,-0.13084293901920319
4319374848.0,-0.16217227280139923
4320312320.0,-0.19186194241046906
4321249792.0,-0.22139132022857666
4322187264.0,-0.24909356236457825
4323125248.0,-0.2757137417793274
4324062720.0,-0.30002346634864807
4325000192.0,-0.3231230080127716
4325937664.0,-0.3435722887516022
4326875136.0,-0.38095998764038086
4327812608.0,-0.37472963333129883
4328750080.0,-0.3676459491252899
4329687552.0,-0.3598376512527466
4330625024.0,-0.351345419883728
4331562496.0,-0.34304744005203247
4332499968.0,-0.33356335759162903
4333437440.0,-0.32371529936790466
4334374912.0,-0.3145979642868042
4335312384.0,-0.3052245080471039
4336249856.0,-0.29560384154319763
4337187328.0,-0.28785035014152527
4338124800.0,-0.28074267506599426
4339062272.0,-0.2733020484447479
4339999744.0,-0.2669217586517334
4340937728.0,-0.26167479157447815
4341875200.0,-0.25562602281570435
4342812672.0,-0.24999478459358215
4343750144.0,-0.24420547485351562
4344687616.0,-0.23736460506916046
4345625088.0,-0.23126651346683502
4346562560.0,-0.224119633436203
4347500032.0,-0.2159636914730072
4348437504.0,-0.20880471169948578
4349374976.0,-0.1997203826904297
4350312448.0,-0.18991313874721527
4351249920.0,-0.1790967732667923
4352187392.0,-0.1662232130765915
4353124864.0,-0.15285414457321167
4354062336.0,-0.13906486332416534
4354999808.0,-0.1219349056482315
4355937280.0,-0.10535329580307007
4356874752.0,-0.08807409554719925
4357812736.0,-0.072417713701725
4358750208.0,-0.058258701115846634
4359687680.0,-0.046805478632450104
4360625152.0,-0.038706887513399124
4361562624.0,-0.03383050113916397
4362500096.0,-0.03025423362851143
4363437568.0,-0.029150964692234993
4364375040.0,-0.027805611491203308
4365312512.0,-0.02673351764678955
4366249984.0,-0.027333270758390427
4367187456.0,-0.028938613831996918
4368124928.0,-0.029740607365965843
4369062400.0,-0.03099600225687027
4369999872.0,-0.03279012069106102
4370937344.0,-0.03552566468715668
4371874816.0,-0.038810450583696365
4372812288.0,-0.043359532952308655
4373749760.0,-0.04829602316021919
4374687744.0,-0.05639197677373886
4375625216.0,-0.06411496549844742
4376562688.0,-0.07370369136333466
4377500160.0,-0.08471638709306717
4378437632.0,-0.09966714680194855
4379375104.0,-0.11574773490428925
4380312576.0,-0.13242147862911224
4381250048.0,-0.15213675796985626
4382187520.0,-0.17150956392288208
4383124992.0,-0.19368477165699005
4384062464.0,-0.2166035920381546
4384999936.0,-0.24104808270931244
4385937408.0,-0.2637667953968048
4386874880.0,-0.35651808977127075
4387812352.0,-0.372463196516037
4388749824.0,-0.3856716454029083
4389687296.0,-0.39647966623306274
4390624768.0,-0.4049341380596161
4391562752.0,-0.412088543176651
4392500224.0,-0.41360437870025635
4393437696.0,-0.4124838709831238
4394375168.0,-0.4095788300037384
4395312640.0,-0.4014623463153839
4396250112.0,-0.391300231218338
4397187584.0,-0.377705842256546
4398125056.0,-0.3608900308609009
4399062528.0,-0.3398183286190033
4400000000.0,-0.31725338101387024
4400937472.0,-0.29156577587127686
4401874944.0,-0.2634957730770111
4402812416.0,-0.23409375548362732
4403749888.0,-0.20329204201698303
4404687360.0,-0.17114990949630737
4405624832.0,-0.13871990144252777
4406562304.0,-0.10627925395965576
4407499776.0,-0.07376325130462646
4408437248.0,-0.04217086732387543
4409375232.0,-0.011478999629616737
4410312704.0,0.017942411825060844
4411250176.0,0.04534193128347397
4412187648.0,0.07054857164621353
4413125120.0,0.09359104931354523
4414062592.0,0.11368916183710098
4415000064.0,0.13124153017997742
4415937536.0,0.14571264386177063
4416875008.0,0.1564912348985672
4417812480.0,0.16377000510692596
4418749952.0,0.16865181922912598
4419687424.0,0.16941526532173157
4420624896.0,0.16652308404445648
4421562368.0,0.16127200424671173
4422499840.0,0.1516927182674408
4423437312.0,0.1389399617910385
4424374784.0,0.12383054941892624
4425312256.0,0.10699893534183502
4426250240.0,0.08679140359163284
4427187712.0,0.0654831975698471
4428125184.0,0.04237212613224983
4429062656.0,0.017563622444868088
4430000128.0,-0.007980686612427235
4430937600.0,-0.0334010012447834
4431875072.0,-0.06030871719121933
4432812544.0,-0.08655975013971329
4433750016.0,-0.11168133467435837
4434687488.0,-0.13544610142707825
4435624960.0,-0.1604597121477127
4436562432.0,-0.18121610581874847
4437499904.0,-0.20123933255672455
4438437376.0,-0.2193804383277893
4439374848.0,-0.23460890352725983
4440312320.0,-0.24773481488227844
4441249792.0,-0.2573804259300232
4442187264.0,-0.2649473547935486
4443125248.0,-0.27042248845100403
4444062720.0,-0.27355721592903137
4445000192.0,-0.27547937631607056
4445937664.0,-0.27552545070648193
4446875136.0,-0.2172512263059616
4447812608.0,-0.2239324003458023
4448750080.0,-0.22671812772750854
4449687552.0,-0.2266245186328888
4450625024.0,-0.2244451642036438
4451562496.0,-0.21782389283180237
4452499968.0,-0.20950603485107422
4453437440.0,-0.19811776280403137
4454374912.0,-0.18469732999801636
4455312384.0,-0.16979524493217468
4456249856.0,-0.151610866189003
4457187328.0,-0.13259844481945038
4458124800.0,-0.11201043426990509
4459062272.0,-0.09092128276824951
4460000256.0,-0.06971398741006851
4460937728.0,-0.0483347624540329
4461875200.0,-0.02645057626068592
4462812672.0,-0.0060526300221681595
4463750144.0,0.012806513346731663
4464687616.0,0.030889339745044708
4465625088.0,0.04645302891731262
4466562560.0,0.06116986274719238
4467500032.0,0.07332003116607666
4468437504.0,0.08320022374391556
4469374976.0,0.09022782742977142
4470312448.0,0.09466630965471268
4471249920.0,0.09623712301254272
4472187392.0,0.09490958601236343
4473124864.0,0.0900917574763298
4474062336.0,0.08386140316724777
4474999808.0,0.07347559928894043
4475937280.0,0.06064590811729431
4476874752.0,0.04513057693839073
4477812736.0,0.027132367715239525
4478750208.0,0.006944546476006508
4479687680.0,-0.01564083993434906
4480625152.0,-0.03962009772658348
4481562624.0,-0.0649326965212822
4482500096.0,-0.09171561151742935
4483437568.0,-0.11917423456907272
4484375040.0,-0.14637677371501923
4485312512.0,-0.17553851008415222
4486249984.0,-0.20346637070178986
4487187456.0,-0.23109382390975952
4488124928.0,-0.2577335834503174
4489062400.0,-0.2823747396469116
4489999872.0,-0.30545148253440857
4490937344.0,-0.3265434503555298
4491874816.0,-0.34647414088249207
4492812288.0,-0.36383217573165894
4493749760.0,-0.37893566489219666
4494687744.0,-0.39220523834228516
4495625216.0,-0.4020649194717407
4496562688.0,-0.4101993441581726
4497500160.0,-0.41596344113349915
4498437632.0,-0.41961100697517395
4499375104.0,-0.4219955503940582
4500312576.0,-0.4227968454360962
4501250048.0,-0.42108920216560364
4502187520.0,-0.41892632842063904
4503124992.0,-0.41564807295799255
4504062464.0,-0.4110540747642517
4504999936.0,-0.4065536558628082
4505937408.0,-0.4018983840942383
4506874880.0,-0.2816365361213684
4507812352.0,-0.2783614993095398
4508749824.0,-0.2754986584186554
4509687296.0,-0.27332696318626404
4510624768.0,-0.2728714048862457
4511562752.0,-0.27252280712127686
4512500224.0,-0.27257177233695984
4513437696.0,-0.27609360218048096
4514375168.0,-0.27898356318473816
4515312640.0,-0.2839948236942291
4516250112.0,-0.28981712460517883
4517187584.0,-0.29557687044143677
4518125056.0,-0.30205559730529785
4519062528.0,-0.31124147772789
4520000000.0,-0.3194977045059204
4520937472.0,-0.3289758861064911
4521874944.0,-0.3379966914653778
4522812416.0,-0.3474707007408142
4523749888.0,-0.35803499817848206
4524687360.0,-0.3682909607887268
4525624832.0,-0.3770406246185303
4526562304.0,-0.38709554076194763
4527499776.0,-0.39601951837539673
4528437248.0,-0.40550491213798523
4529375232.0,-0.4140324294567108
4530312704.0,-0.4227239191532135
4531250176.0,-0.4316449463367462
4532187648.0,-0.43946215510368347
4533125120.0,-0.44608086347579956
4534062592.0,-0.4535077214241028
4535000064.0,-0.45913028717041016
4535937536.0,-0.46438291668891907
4536875008.0,-0.4690442681312561
4537812480.0,-0.4721052050590515
4538749952.0,-0.4759041965007782
4539687424.0,-0.47781336307525635
4540624896.0,-0.4792519211769104
4541562368.0,-0.47951728105545044
4542499840.0,-0.4793964624404907
4543437312.0,-0.47919923067092896
4544374784.0,-0.47729310393333435
4545312256.0,-0.47513264417648315
4546250240.0,-0.4730052649974823
4547187712.0,-0.47026553750038147
4548125184.0,-0.4679635465145111
4549062656.0,-0.4643300473690033
4550000128.0,-0.4622412621974945
4550937600.0,-0.45991361141204834
4551875072.0,-0.45700502395629883
4552812544.0,-0.45469042658805847
4553750016.0,-0.452530175447464
4554687488.0,-0.4498852789402008
4555624960.0,-0.44791728258132935
4556562432.0,-0.4456017315387726
4557499904.0,-0.4442142844200134
4558437376.0,-0.44305694103240967
4559374848.0,-0.4409146308898926
4560312320.0,-0.4395471215248108
4561249792.0,-0.43870317935943604
4562187264.0,-0.43752408027648926
4563125248.0,-0.43604013323783875
4564062720.0,-0.43420904874801636
4565000192.0,-0.43289270997047424
4565937664.0,-0.4302527606487274
4566875136.0,-0.38313570618629456
4567812608.0,-0.38916918635368347
4568750080.0,-0.39244356751441956
4569687552.0,-0.39413344860076904
4570625024.0,-0.39526960253715515
4571562496.0,-0.39393866062164307
4572499968.0,-0.3900887072086334
4573437440.0,-0.38531798124313354
4574374912.0,-0.3768713176250458
4575312384.0,-0.3668878674507141
4576249856.0,-0.3556958734989166
4577187328.0,-0.34103909134864807
4578124800.0,-0.3252145051956177
4579062272.0,-0.3074895739555359
4579999744.0,-0.28889039158821106
4580937728.0,-0.26810386776924133
4581875200.0,-0.2461048811674118
4582812672.0,-0.22360874712467194
4583750144.0,-0.200641468167305
4584687616.0,-0.17675183713436127
4585625088.0,-0.15352210402488708
4586562560.0,-0.12954291701316833
4587500032.0,-0.10670527070760727
4588437504.0,-0.08470246940851212
4589374976.0,-0.06478067487478256
4590312448.0,-0.04489310085773468
4591249920.0,-0.0280503761023283
4592187392.0,-0.012722715735435486
4593124864.0,0.0012298600049689412
4594062336.0,0.01172975730150938
4594999808.0,0.0209994837641716
4595937280.0,0.027135642245411873
4596874752.0,0.03123672492802143
4597812736.0,0.03190942853689194
4598750208.0,0.03056662529706955
4599687680.0,0.025565067306160927
4600625152.0,0.018408924341201782
4601562624.0,0.009798320941627026
4602500096.0,-0.0030353530310094357
4603437568.0,-0.016993064433336258
4604375040.0,-0.03247050195932388
4605312512.0,-0.050511956214904785
4606249984.0,-0.07101878523826599
4607187456.0,-0.09185557812452316
4608124928.0,-0.11441488564014435
4609062400.0,-0.13712111115455627
4609999872.0,-0.1598770171403885
4610937344.0,-0.18283362686634064
4611874816.0,-0.20641495287418365
4612812288.0,-0.2298281192779541
4613749760.0,-0.25277867913246155
4614687744.0,-0.2748554050922394
4615625216.0,-0.29462966322898865
4616562688.0,-0.31446319818496704
4617500160.0,-0.3327035903930664
4618437632.0,-0.349833220243454
4619375104.0,-0.3654817044734955
4620312576.0,-0.3801705241203308
4621250048.0,-0.3932691216468811
4622187520.0,-0.4062020182609558
4623124992.0,-0.41691550612449646
4624062464.0,-0.42727962136268616
4624999936.0,-0.4379057288169861
4625937408.0,-0.44671812653541565
4626874880.0,-0.46185606718063354
4627812352.0,-0.4574248194694519
4628749824.0,-0.45103153586387634
4629687296.0,-0.4431278705596924
4630624768.0,-0.4362748861312866
4631562752.0,-0.42761024832725525
4632500224.0,-0.4173147976398468
4633437696.0,-0.4084784686565399
4634375168.0,-0.39821216464042664
4635312640.0,-0.38838669657707214
4636250112.0,-0.37834471464157104
4637187584.0,-0.36787423491477966
4638125056.0,-0.3582095205783844
4639062528.0,-0.34942570328712463
4640000000.0,-0.3402632772922516
4640937472.0,-0.332284152507782
4641874944.0,-0.3254840075969696
4642812416.0,-0.3200666010379791
4643749888.0,-0.31512734293937683
4644687360.0,-0.31114882230758667
4645624832.0,-0.3078024685382843
4646562304.0,-0.3070636987686157
4647499776.0,-0.3070548176765442
4648437248.0,-0.3071390688419342
4649375232.0,-0.30989885330200195
4650312704.0,-0.31257185339927673
4651250176.0,-0.3166176676750183
4652187648.0,-0.3205563426017761
4653125120.0,-0.32734984159469604
4654062592.0,-0.3332475423812866
4655000064.0,-0.34127846360206604
4655937536.0,-0.34935691952705383
4656875008.0,-0.3583379089832306
4657812480.0,-0.3681984543800354
4658749952.0,-0.37843117117881775
4659687424.0,-0.389835387468338
4660624896.0,-0.4007846415042877
4661562368.0,-0.4133208692073822
4662499840.0,-0.4256702661514282
4663437312.0,-0.43763816356658936
4664374784.0,-0.45062997937202454
4665312256.0,-0.46492549777030945
4666250240.0,-0.4787391126155853
4667187712.0,-0.49200960993766785
4668125184.0,-0.5071868896484375
4669062656.0,-0.521931529045105
4670000128.0,-0.5368720889091492
4670937600.0,-0.5514039397239685
4671875072.0,-0.5659866333007812
4672812544.0,-0.580669641494751
4673750016.0,-0.5941710472106934
4674687488.0,-0.6077572107315063
4675624960.0,-0.621095597743988
4676562432.0,-0.633099377155304
4677499904.0,-0.6460927724838257
4678437376.0,-0.6572210192680359
4679374848.0,-0.6672818064689636
4680312320.0,-0.6768311858177185
4681249792.0,-0.6842832565307617
4682187264.0,-0.6911140084266663
4683125248.0,-0.6952934861183167
4684062720.0,-0.6975135207176208
4685000192.0,-0.6987003087997437
4685937664.0,-0.6986324787139893
4686875136.0,-0.6751469373703003
4687812608.0,-0.6740627288818359
4688750080.0,-0.6725336313247681
4689687552.0,-0.6671907305717468
4690625024.0,-0.6595259308815002
4691562496.0,-0.6493191123008728
4692499968.0,-0.6362784504890442
4693437440.0,-0.6216621994972229
4694374912.0,-0.6033470034599304
4695312384.0,-0.583844780921936
4696249856.0,-0.5625573992729187
4697187328.0,-0.5404454469680786
4698124800.0,-0.5168056488037109
4699062272.0,-0.4942985773086548
4700000256.0,-0.4712975025177002
4700937728.0,-0.44894537329673767
4701875200.0,-0.4277119040489197
4702812672.0,-0.40853631496429443
4703750144.0,-0.39184731245040894
4704687616.0,-0.37606745958328247
4705625088.0,-0.36381441354751587
4706562560.0,-0.3552120625972748
4707500032.0,-0.3496135473251343
4708437504.0,-0.34917253255844116
4709374976.0,-0.35252583026885986
4710312448.0,-0.36128127574920654
4711249920.0,-0.3749150037765503
4712187392.0,-0.3941839933395386
4713124864.0,-0.41783422231674194
4714062336.0,-0.4460647404193878
4714999808.0,-0.47965291142463684
4715937280.0,-0.5153077244758606
4716874752.0,-0.5550517439842224
4717812736.0,-0.598244309425354
4718750208.0,-0.6444711089134216
4719687680.0,-0.6920107007026672
4720625152.0,-0.7406802177429199
4721562624.0,-0.7896193861961365
4722500096.0,-0.8381163477897644
4723437568.0,-0.8853185176849365
4724375040.0,-0.9310622811317444
4725312512.0,-0.9744362831115723
4726249984.0,-1.0133880376815796
4727187456.0,-1.049181342124939
4728124928.0,-1.078892707824707
4729062400.0,-1.1050162315368652
4729999872.0,-1.1268941164016724
4730937344.0,-1.1431652307510376
4731874816.0,-1.1562116146087646
4732812288.0,-1.1639373302459717
4733749760.0,-1.1696500778198242
4734687744.0,-1.1719729900360107
4735625216.0,-1.17002534866333
4736562688.0,-1.1663461923599243
4737500160.0,-1.1597487926483154
4738437632.0,-1.1493418216705322
4739375104.0,-1.1399568319320679
4740312576.0,-1.1273406744003296
4741250048.0,-1.1143529415130615
4742187520.0,-1.0988675355911255
4743124992.0,-1.0845410823822021
4744062464.0,-1.0692490339279175
4744999936.0,-1.0528559684753418
4745937408.0,-1.0367333889007568
4746874880.0,-0.792309045791626
4747812352.0,-0.7974043488502502
4748749824.0,-0.8044387102127075
4749687296.0,-0.8104478716850281
4750624768.0,-0.8167745471000671
4751562752.0,-0.8220288157463074
4752500224.0,-0.8272445201873779
4753437696.0,-0.8321419358253479
4754375168.0,-0.8361359238624573
4755312640.0,-0.8391655683517456
4756250112.0,-0.8420405983924866
4757187584.0,-0.8446844816207886
4758125056.0,-0.8457512855529785
4759062528.0,-0.8455948233604431
4760000000.0,-0.8448984622955322
4760937472.0,-0.8429153561592102
4761874944.0,-0.8402146697044373
4762812416.0,-0.8373897075653076
4763749888.0,-0.8341027498245239
4764687360.0,-0.8298133611679077
4765624832.0,-0.8253046274185181
4766562304.0,-0.8207833170890808
4767499776.0,-0.8159446716308594
4768437248.0,-0.8093931078910828
4769375232.0,-0.8046413064002991
4770312704.0,-0.7994466423988342
4771250176.0,-0.7945901155471802
4772187648.0,-0.7897291779518127
4773125120.0,-0.7849371433258057
4774062592.0,-0.7825405597686768
4775000064.0,-0.7799615263938904
4775937536.0,-0.7789257168769836
4776875008.0,-0.7790869474411011
4777812480.0,-0.7812812328338623
4778749952.0,-0.7844141721725464
4779687424.0,-0.7899375557899475
4780624896.0,-0.7973544001579285
4781562368.0,-0.8068917989730835
4782499840.0,-0.8180750608444214
4783437312.0,-0.833001434803009
4784374784.0,-0.8493218421936035
4785312256.0,-0.8669055700302124
4786250240.0,-0.8863553404808044
4787187712.0,-0.9069772958755493
4788125184.0,-0.9288440346717834
4789062656.0,-0.9530600905418396
4790000128.0,-0.9781919121742249
4790937600.0,-1.004744291305542
4791875072.0,-1.0320526361465454
4792812544.0,-1.0595738887786865
4793750016.0,-1.0874754190444946
4794687488.0,-1.115010142326355
4795624960.0,-1.1414481401443481
4796562432.0,-1.1676568984985352
4797499904.0,-1.1927729845046997
4798437376.0,-1.2185065746307373
4799374848.0,-1.2413153648376465
4800312320.0,-1.2633265256881714
4801249792.0,-1.2831403017044067
4802187264.0,-1.3000448942184448
4803125248.0,-1.3149000406265259
4804062720.0,-1.3279578685760498
4805000192.0,-1.3369483947753906
4805937664.0,-1.3457393646240234
4806875136.0,-1.2018020153045654
4807812608.0,-1.2057613134384155
4808750080.0,-1.207390546798706
4809687552.0,-1.207671046257019
4810625024.0,-1.2064381837844849
4811562496.0,-1.2031599283218384
4812499968.0,-1.1992063522338867
4813437440.0,-1.1945749521255493
4814374912.0,-1.1883941888809204
4815312384.0,-1.1821987628936768
4816249856.0,-1.1741902828216553
4817187328.0,-1.1676621437072754
4818124800.0,-1.1608335971832275
4819062272.0,-1.1534953117370605
4819999744.0,-1.1466147899627686
4820937728.0,-1.1398744583129883
4821875200.0,-1.1349966526031494
4822812672.0,-1.130603313446045
4823750144.0,-1.1283308267593384
4824687616.0,-1.126650333404541
4825625088.0,-1.1261968612670898
4826562560.0,-1.1276733875274658
4827500032.0,-1.131371259689331
4828437504.0,-1.1351737976074219
4829374976.0,-1.1421077251434326
4830312448.0,-1.1511634588241577
4831249920.0,-1.1605159044265747
4832187392.0,-1.1731891632080078
4833124864.0,-1.1878209114074707
4834062336.0,-1.2048782110214233
4834999808.0,-1.2226080894470215
4835937280.0,-1.2414113283157349
4836874752.0,-1.262087106704712
4837812736.0,-1.2821160554885864
4838750208.0,-1.3040794134140015
4839687680.0,-1.326042890548706
4840625152.0,-1.3479524850845337
4841562624.0,-1.369797945022583
4842500096.0,-1.3911124467849731
4843437568.0,-1.4131901264190674
4844375040.0,-1.4341295957565308
4845312512.0,-1.4541490077972412
4846249984.0,-1.4730793237686157
4847187456.0,-1.490347981452942
4848124928.0,-1.5080922842025757
4849062400.0,-1.5232089757919312
4849999872.0,-1.5377871990203857
4850937344.0,-1.5498270988464355
4851874816.0,-1.5615384578704834
4852812288.0,-1.5717476606369019
4853749760.0,-1.5791802406311035
4854687744.0,-1.58642578125
4855625216.0,-1.5919380187988281
4856562688.0,-1.5969504117965698
4857500160.0,-1.6012039184570312
4858437632.0,-1.6046733856201172
4859375104.0,-1.6085069179534912
4860312576.0,-1.6120022535324097
4861250048.0,-1.615503191947937
4862187520.0,-1.619795799255371
4863124992.0,-1.6235302686691284
4864062464.0,-1.6273243427276611
4864999936.0,-1.631001353263855
4865937408.0,-1.633715033531189
4866874880.0,-1.61586332321167
4867812352.0,-1.619209885597229
4868749824.0,-1.6212514638900757
4869687296.0,-1.6254228353500366
4870624768.0,-1.6293765306472778
4871562752.0,-1.6349624395370483
4872500224.0,-1.64090895652771
4873437696.0,-1.6485313177108765
4874375168.0,-1.6563246250152588
4875312640.0,-1.665332317352295
4876250112.0,-1.6751595735549927
4877187584.0,-1.6845883131027222
4878125056.0,-1.6966222524642944
4879062528.0,-1.7085201740264893
4880000000.0,-1.7210687398910522
4880937472.0,-1.7341281175613403
4881874944.0,-1.7462917566299438
4882812416.0,-1.7588776350021362
4883749888.0,-1.7722394466400146
4884687360.0,-1.7845678329467773
4885624832.0,-1.7975802421569824
4886562304.0,-1.8086899518966675
4887499776.0,-1.8194637298583984
4888437248.0,-1.8268029689788818
4889375232.0,-1.83320152759552
4890312704.0,-1.8374578952789307
4891250176.0,-1.83880615234375
4892187648.0,-1.838244080543518
4893125120.0,-1.8349394798278809
4894062592.0,-1.82998788356781
4895000064.0,-1.821600079536438
4895937536.0,-1.8118150234222412
4896875008.0,-1.7992101907730103
4897812480.0,-1.7848848104476929
4898749952.0,-1.7673629522323608
4899687424.0,-1.7468597888946533
4900624896.0,-1.7262755632400513
4901562368.0,-1.7014275789260864
4902499840.0,-1.676957130432129
4903437312.0,-1.6514458656311035
4904374784.0,-1.6253352165222168
4905312256.0,-1.5979613065719604
4906250240.0,-1.570180058479309
4907187712.0,-1.5433976650238037
4908125184.0,-1.516465425491333
4909062656.0,-1.490334153175354
4910000128.0,-1.466059923171997
4910937600.0,-1.442101240158081
4911875072.0,-1.4206523895263672
4912812544.0,-1.4024704694747925
4913750016.0,-1.386629343032837
4914687488.0,-1.3707945346832275
4915624960.0,-1.3586437702178955
4916562432.0,-1.348846197128296
4917499904.0,-1.3412446975708008
4918437376.0,-1.3358944654464722
4919374848.0,-1.3331449031829834
4920312320.0,-1.332626223564148
4921249792.0,-1.3343602418899536
4922187264.0,-1.2846359014511108
4923125248.0,-1.2743074893951416
4924062720.0,-1.265594482421875
4925000192.0,-1.2569133043289185
4925937664.0,-1.3631048202514648
4926875136.0,-1.370768427848816
4927812608.0,-1.3781949281692505
4928750080.0,-1.3846427202224731
4929687552.0,-1.3906930685043335
4930625024.0,-1.3944404125213623
4931562496.0,-1.3960908651351929
4932499968.0,-1.3950951099395752
4933437440.0,-1.3933532238006592
4934374912.0,-1.3896410465240479
4935312384.0,-1.3825621604919434
4936249856.0,-1.3738274574279785
4937187328.0,-1.3627020120620728
4938124800.0,-1.3494071960449219
4939062272.0,-1.3341708183288574
4940000256.0,-1.3156273365020752
4940937728.0,-1.2963072061538696
4941875200.0,-1.2760697603225708
4942812672.0,-1.2545064687728882
4943750144.0,-1.2302441596984863
4944687616.0,-1.2073343992233276
4945625088.0,-1.1845169067382812
4946562560.0,-1.1623035669326782
4947500032.0,-1.1395729780197144
4948437504.0,-1.119052529335022
4949374976.0,-1.1003830432891846
4950312448.0,-1.0828804969787598
4951249920.0,-1.0675604343414307
4952187392.0,-1.0549076795578003
4953124864.0,-1.0450862646102905
4954062336.0,-1.0367485284805298
4954999808.0,-1.0290029048919678
4955937280.0,-1.0249767303466797
4956874752.0,-1.0203430652618408
4957812736.0,-1.0180190801620483
4958750208.0,-1.0148842334747314
4959687680.0,-1.0123447179794312
4960625152.0,-1.0101604461669922
4961562624.0,-1.0076653957366943
4962500096.0,-1.004425287246704
4963437568.0,-1.000517725944519
4964375040.0,-0.9952574372291565
4965312512.0,-0.9883797764778137
4966249984.0,-0.9805622696876526
4967187456.0,-0.9709975123405457
4968124928.0,-0.961073637008667
4969062400.0,-0.9511282444000244
4969999872.0,-0.9404433369636536
4970937344.0,-0.9300298690795898
4971874816.0,-0.918524980545044
4972812288.0,-0.9084449410438538
4973749760.0,-0.8983769416809082
4974687744.0,-0.8889421820640564
4975625216.0,-0.8809633851051331
4976562688.0,-0.8730595111846924
4977500160.0,-0.8652394413948059
4978437632.0,-0.8567906618118286
4979375104.0,-0.8494816422462463
4980312576.0,-0.8424775004386902
4981250048.0,-0.8339092135429382
4982187520.0,-0.8250751495361328
4983124992.0,-0.816683828830719
4984062464.0,-0.8072442412376404
4984999936.0,-0.799187421798706
4985937408.0,-0.7784311175346375
4986874880.0,-0.7692506313323975
4987812352.0,-0.7612459659576416
4988749824.0,-0.7535794973373413
4989687296.0,-0.7477669715881348
4990624768.0,-0.7449698448181152
4991562752.0,-0.7404689788818359
4992500224.0,-0.7404252886772156
4993437696.0,-0.7406101226806641
4994375168.0,-0.7421184182167053
4995312640.0,-0.7450329661369324
4996250112.0,-0.750005841255188
4997187584.0,-0.7543469667434692
4998125056.0,-0.7606639862060547
4999062528.0,-0.7681125998497009
5000000000.0,-0.7756920456886292
5000937472.0,-0.7839629650115967
5001874944.0,-0.7935198545455933
5002812416.0,-0.8025305271148682
5003749888.0,-0.8123641014099121
5004687360.0,-0.821407675743103
5005624832.0,-0.8285326957702637
5006562304.0,-0.835654616355896
5007499776.0,-0.8400661945343018
5008437248.0,-0.841984748840332
5009375232.0,-0.84465092420578
5010312704.0,-0.8429699540138245
5011250176.0,-0.8399415016174316
5012187648.0,-0.8346409797668457
5013125120.0,-0.8258788585662842
5014062592.0,-0.8148135542869568
5015000064.0,-0.8015775084495544
5015937536.0,-0.7854061126708984
5016875008.0,-0.7667067050933838
5017812480.0,-0.7448174953460693
5018749952.0,-0.7218223214149475
5019687424.0,-0.6967733502388
5020624896.0,-0.6699619293212891
5021562368.0,-0.6412094831466675
5022499840.0,-0.6116154789924622
5023437312.0,-0.5795230865478516
5024374784.0,-0.5491633415222168
5025312256.0,-0.5175662636756897
5026250240.0,-0.48674705624580383
5027187712.0,-0.45552945137023926
5028125184.0,-0.42544296383857727
5029062656.0,-0.39580827951431274
5030000128.0,-0.3689728379249573
5030937600.0,-0.34378620982170105
5031875072.0,-0.3216158449649811
5032812544.0,-0.3001856505870819
5033750016.0,-0.28207534551620483
5034687488.0,-0.2672472596168518
5035624960.0,-0.25500428676605225
5036562432.0,-0.24615316092967987
5037499904.0,-0.24100415408611298
5038437376.0,-0.23807919025421143
5039374848.0,-0.2385362982749939
5040312320.0,-0.24231991171836853
5041249792.0,-0.24848034977912903
5042187264.0,-0.2576378285884857
5043125248.0,-0.26900604367256165
5044062720.0,-0.283679336309433
5045000192.0,-0.29906025528907776
5045937664.0,-0.5676019787788391
5046875136.0,-0.576124906539917
5047812608.0,-0.584286093711853
5048750080.0,-0.5933474898338318
5049687552.0,-0.6038864850997925
5050625024.0,-0.6117303967475891
5051562496.0,-0.6211257576942444
5052499968.0,-0.629628598690033
5053437440.0,-0.6378459334373474
5054374912.0,-0.6465640068054199
5055312384.0,-0.6529799103736877
5056249856.0,-0.659373939037323
5057187328.0,-0.6651358008384705
5058124800.0,-0.6715349555015564
5059062272.0,-0.6755313277244568
5059999744.0,-0.6779656410217285
5060937728.0,-0.6791151165962219
5061875200.0,-0.679186224937439
5062812672.0,-0.6773565411567688
5063750144.0,-0.6754390001296997
5064687616.0,-0.6688420176506042
5065625088.0,-0.6603130102157593
5066562560.0,-0.6515477895736694
5067500032.0,-0.6391687393188477
5068437504.0,-0.6295515298843384
5069374976.0,-0.6136108636856079
5070312448.0,-0.5982202291488647
5071249920.0,-0.5807203054428101
5072187392.0,-0.5616939663887024
5073124864.0,-0.5409932136535645
5074062336.0,-0.520050048828125
5074999808.0,-0.49709054827690125
5075937280.0,-0.47382915019989014
5076874752.0,-0.4495205879211426
5077812736.0,-0.424115926027298
5078750208.0,-0.4005531370639801
5079687680.0,-0.3764224648475647
5080625152.0,-0.3514672815799713
5081562624.0,-0.32899752259254456
5082500096.0,-0.3068295419216156
5083437568.0,-0.2855782210826874
5084375040.0,-0.2653912305831909
5085312512.0,-0.247442826628685
5086249984.0,-0.23206119239330292
5087187456.0,-0.21789181232452393
5088124928.0,-0.2067626267671585
5089062400.0,-0.19748952984809875
5089999872.0,-0.191703662276268
5090937344.0,-0.1870245635509491
5091874816.0,-0.18576064705848694
5092812288.0,-0.1859731674194336
5093749760.0,-0.18970194458961487
5094687744.0,-0.19702297449111938
5095625216.0,-0.204740971326828
5096562688.0,-0.21545124053955078
5097500160.0,-0.22946615517139435
5098437632.0,-0.2451920211315155
5099375104.0,-0.2631097137928009
5100312576.0,-0.2825205624103546
5101250048.0,-0.30381566286087036
5102187520.0,-0.3276544511318207
5103124992.0,-0.3519303500652313
5104062464.0,-0.3759687840938568
5104999936.0,-0.4005110561847687
5105937408.0,-0.4976012706756592
5106874880.0,-0.5146629214286804
5107812352.0,-0.5318372845649719
5108749824.0,-0.5456264019012451
5109687296.0,-0.558076798915863
5110624768.0,-0.5690940618515015
5111562752.0,-0.5780343413352966
5112500224.0,-0.584613025188446
5113437696.0,-0.5890874862670898
5114375168.0,-0.5908147692680359
5115312640.0,-0.5914598703384399
5116250112.0,-0.5899078249931335
5117187584.0,-0.5857023596763611
5118125056.0,-0.5817983746528625
5119062528.0,-0.5755205154418945
5120000000.0,-0.569103479385376
5120937472.0,-0.56064373254776
5121874944.0,-0.553562343120575
5122812416.0,-0.5451788306236267
5123749888.0,-0.5357229113578796
5124687360.0,-0.528063952922821
5125624832.0,-0.5190728902816772
5126562304.0,-0.510574996471405
5127499776.0,-0.5001767873764038
5128437248.0,-0.4909992814064026
5129375232.0,-0.4802418053150177
5130312704.0,-0.46919509768486023
5131250176.0,-0.45756107568740845
5132187648.0,-0.4439593255519867
5133125120.0,-0.4292624890804291
5134062592.0,-0.4144020080566406
5135000064.0,-0.39830607175827026
5135937536.0,-0.38145315647125244
5136875008.0,-0.3634732663631439
5137812480.0,-0.34563273191452026
5138749952.0,-0.3269132971763611
5139687424.0,-0.30851125717163086
5140624896.0,-0.2911401689052582
5141562368.0,-0.2754024863243103
5142499840.0,-0.2608491778373718
5143437312.0,-0.2501142919063568
5144374784.0,-0.24108940362930298
5145312256.0,-0.2413368970155716
5146250240.0,-0.24629434943199158
5147187712.0,-0.2575416564941406
5148125184.0,-0.2730485200881958
5149062656.0,-0.2904793918132782
5150000128.0,-0.31071388721466064
5150937600.0,-0.331521600484848
5151875072.0,-0.352598637342453
5152812544.0,-0.3734048008918762
5153750016.0,-0.39337629079818726
5154687488.0,-0.4133182168006897
5155624960.0,-0.42991888523101807
5156562432.0,-0.4469422399997711
5157499904.0,-0.4617527425289154
5158437376.0,-0.47495102882385254
5159374848.0,-0.4872761070728302
5160312320.0,-0.4981292486190796
5161249792.0,-0.5069758892059326
5162187264.0,-0.5163286328315735
5163125248.0,-0.5244693756103516
5164062720.0,-0.5329813361167908
5165000192.0,-0.5413538217544556
5165937664.0,-0.5468433499336243
5166875136.0,-0.5619334578514099
5167812608.0,-0.5767768025398254
5168750080.0,-0.5926619172096252
5169687552.0,-0.6103591918945312
5170625024.0,-0.6273230910301208
5171562496.0,-0.6451027393341064
5172499968.0,-0.6619775891304016
5173437440.0,-0.6789772510528564
5174374912.0,-0.6941651105880737
5175312384.0,-0.7076594233512878
5176249856.0,-0.7198622226715088
5177187328.0,-0.7301725149154663
5178124800.0,-0.738964319229126
5179062272.0,-0.7438216805458069
5180000256.0,-0.7481454014778137
5180937728.0,-0.7485097646713257
5181875200.0,-0.7473177909851074
5182812672.0,-0.7417769432067871
5183750144.0,-0.7345032691955566
5184687616.0,-0.7260230779647827
5185625088.0,-0.7125184535980225
5186562560.0,-0.6976228952407837
5187500032.0,-0.6799657344818115
5188437504.0,-0.6622183918952942
5189374976.0,-0.6420395970344543
5190312448.0,-0.6206603646278381
5191249920.0,-0.5975534915924072
5192187392.0,-0.5744771957397461
5193124864.0,-0.5512495636940002
5194062336.0,-0.5268442630767822
5194999808.0,-0.5023708939552307
5195937280.0,-0.47886964678764343
5196874752.0,-0.45516663789749146
5197812736.0,-0.433952659368515
5198750208.0,-0.41364070773124695
5199687680.0,-0.3941616415977478
5200625152.0,-0.37789642810821533
5201562624.0,-0.3634284734725952
5202500096.0,-0.35175585746765137
5203437568.0,-0.34221404790878296
5204375040.0,-0.33594968914985657
5205312512.0,-0.33270591497421265
5206249984.0,-0.3313525915145874
5207187456.0,-0.33371561765670776
5208124928.0,-0.3386281430721283
5209062400.0,-0.3465767502784729
5209999872.0,-0.35759690403938293
5210937344.0,-0.37133413553237915
5211874816.0,-0.3866588771343231
5212812288.0,-0.4048060178756714
5213749760.0,-0.42459872364997864
5214687744.0,-0.4463457763195038
5215625216.0,-0.47003015875816345
5216562688.0,-0.4935573637485504
5217500160.0,-0.5192357897758484
5218437632.0,-0.5437453985214233
5219375104.0,-0.569818913936615
5220312576.0,-0.5961505770683289
5221250048.0,-0.6239445805549622
5222187520.0,-0.650488018989563
5223124992.0,-0.6768304705619812
5224062464.0,-0.7025299072265625
5224999936.0,-0.7270290851593018
5225937408.0,-0.7768229246139526
5226874880.0,-0.8000262975692749
5227812352.0,-0.823107123374939
5228749824.0,-0.8427475690841675
5229687296.0,-0.8610581159591675
5230624768.0,-0.8766072988510132
5231562752.0,-0.8910635113716125
5232500224.0,-0.9025267362594604
5233437696.0,-0.9122087359428406
5234375168.0,-0.918241560459137
5235312640.0,-0.9226751923561096
5236250112.0,-0.9260408282279968
5237187584.0,-0.9259186387062073
5238125056.0,-0.9225524067878723
5239062528.0,-0.9171780347824097
5240000000.0,-0.9107904434204102
5240937472.0,-0.9024786353111267
5241874944.0,-0.8927773237228394
5242812416.0,-0.8831049799919128
5243749888.0,-0.8706661462783813
5244687360.0,-0.8581612706184387
5245624832.0,-0.844901442527771
5246562304.0,-0.8313536643981934
5247499776.0,-0.8171237707138062
5248437248.0,-0.8025327920913696
5249375232.0,-0.7879019975662231
5250312704.0,-0.773885190486908
5251250176.0,-0.7616643309593201
5252187648.0,-0.7484599947929382
5253125120.0,-0.7358044981956482
5254062592.0,-0.7245550751686096
5255000064.0,-0.7136602997779846
5255937536.0,-0.7054310441017151
5256875008.0,-0.6976120471954346
5257812480.0,-0.6917984485626221
5258749952.0,-0.6868231296539307
5259687424.0,-0.6840118169784546
5260624896.0,-0.6818418502807617
5261562368.0,-0.6814844608306885
5262499840.0,-0.6837543845176697
5263437312.0,-0.6881739497184753
5264374784.0,-0.6948811411857605
5265312256.0,-0.7034004330635071
5266250240.0,-0.7137269973754883
5267187712.0,-0.726023256778717
5268125184.0,-0.7407042384147644
5269062656.0,-0.7569234371185303
5270000128.0,-0.7748275995254517
5270937600.0,-0.7950471043586731
5271875072.0,-0.8157044649124146
5272812544.0,-0.8396902084350586
5273750016.0,-0.864485502243042
5274687488.0,-0.8916906714439392
5275624960.0,-0.9210398197174072
5276562432.0,-0.9523441195487976
5277499904.0,-0.9845412969589233
5278437376.0,-1.019296646118164
5279374848.0,-1.0550702810287476
5280312320.0,-1.0907193422317505
5281249792.0,-1.1285656690597534
5282187264.0,-1.167328119277954
5283125248.0,-1.2070423364639282
5284062720.0,-1.2453207969665527
5285000192.0,-1.2837826013565063
5285937664.0,-1.3116705417633057
5286875136.0,-1.343500018119812
5287812608.0,-1.3729623556137085
5288750080.0,-1.3995221853256226
5289687552.0,-1.4233577251434326
5290625024.0,-1.445125699043274
5291562496.0,-1.463535189628601
5292499968.0,-1.4805247783660889
5293437440.0,-1.4944431781768799
5294374912.0,-1.5044596195220947
5295312384.0,-1.5124528408050537
5296249856.0,-1.5165889263153076
5297187328.0,-1.5193445682525635
5298124800.0,-1.5192270278930664
5299062272.0,-1.5154240131378174
5299999744.0,-1.5104384422302246
5300937728.0,-1.501821756362915
5301875200.0,-1.4914822578430176
5302812672.0,-1.4800171852111816
5303750144.0,-1.4667357206344604
5304687616.0,-1.452691912651062
5305625088.0,-1.436928391456604
5306562560.0,-1.4212219715118408
5307500032.0,-1.405285358428955
5308437504.0,-1.390650749206543
5309374976.0,-1.3740556240081787
5310312448.0,-1.359958291053772
5311249920.0,-1.3468025922775269
5312187392.0,-1.3344602584838867
5313124864.0,-1.3222346305847168
5314062336.0,-1.313256859779358
5314999808.0,-1.304362177848816
5315937280.0,-1.2978020906448364
5316874752.0,-1.2927616834640503
5317812736.0,-1.2908873558044434
5318750208.0,-1.2908484935760498
5319687680.0,-1.2936675548553467
5320625152.0,-1.299309253692627
5321562624.0,-1.3064271211624146
5322500096.0,-1.3182579278945923
5323437568.0,-1.3312594890594482
5324375040.0,-1.3476911783218384
5325312512.0,-1.366466999053955
5326249984.0,-1.387895941734314
5327187456.0,-1.4139474630355835
5328124928.0,-1.4401670694351196
5329062400.0,-1.4718462228775024
5329999872.0,-1.5047260522842407
5330937344.0,-1.5418753623962402
5331874816.0,-1.5791610479354858
5332812288.0,-1.646706461906433
5333749760.0,-1.6932748556137085
5334687744.0,-1.7425591945648193
5335625216.0,-1.7936111688613892
5336562688.0,-1.847214698791504
5337500160.0,-1.9010987281799316
5338437632.0,-1.9579622745513916
5339375104.0,-2.014587163925171
5340312576.0,-2.071824073791504
5341250048.0,-2.1296401023864746
5342187520.0,-2.184828519821167
5343124992.0,-2.239175796508789
5344062464.0,-2.292743682861328
5344999936.0,-2.3420867919921875
5345937408.0,-2.285797595977783
5346874880.0,-2.3150017261505127
5347812352.0,-2.341491460800171
5348749824.0,-2.366239070892334
5349687296.0,-2.3854329586029053
5350624768.0,-2.403733015060425
5351562752.0,-2.4175448417663574
5352500224.0,-2.427335739135742
5353437696.0,-2.434262275695801
5354375168.0,-2.436004638671875
5355312640.0,-2.435399293899536
5356250112.0,-2.4318203926086426
5357187584.0,-2.4264073371887207
5358125056.0,-2.4169719219207764
5359062528.0,-2.4041590690612793
5360000000.0,-2.389671802520752
5360937472.0,-2.373199224472046
5361874944.0,-2.355269432067871
5362812416.0,-2.335177183151245
5363749888.0,-2.313418388366699
5364687360.0,-2.2898967266082764
5365624832.0,-2.265275478363037
5366562304.0,-2.2409181594848633
5367499776.0,-2.21531081199646
5368437248.0,-2.18953013420105
5369375232.0,-2.165597438812256
5370312704.0,-2.139346122741699
5371250176.0,-2.1147942543029785
5372187648.0,-2.090878963470459
5373125120.0,-2.0681750774383545
5374062592.0,-2.0464611053466797
5375000064.0,-2.02582049369812
5375937536.0,-2.005758762359619
5376875008.0,-1.9855719804763794
5377812480.0,-1.9679417610168457
5378749952.0,-1.952558994293213
5379687424.0,-1.9367913007736206
5380624896.0,-1.9230287075042725
5381562368.0,-1.9115711450576782
5382499840.0,-1.9005118608474731
5383437312.0,-1.8920433521270752
5384374784.0,-1.8837789297103882
5385312256.0,-1.8777549266815186
5386250240.0,-1.8736083507537842
5387187712.0,-1.8708163499832153
5388125184.0,-1.869168996810913
5389062656.0,-1.8688163757324219
5390000128.0,-1.8705250024795532
5390937600.0,-1.8724232912063599
5391875072.0,-1.874026894569397
5392812544.0,-1.8794124126434326
5393750016.0,-1.8852875232696533
5394687488.0,-1.890228271484375
5395624960.0,-1.897788405418396
5396562432.0,-1.9049559831619263
5397499904.0,-1.9131333827972412
5398437376.0,-1.9203753471374512
5399374848.0,-1.9271743297576904
5400312320.0,-1.9347134828567505
5401249792.0,-1.939787745475769
5402187264.0,-1.9455543756484985
5403125248.0,-1.9509785175323486
5404062720.0,-1.954965591430664
5405000192.0,-1.956326961517334
5405937664.0,-2.098717212677002
5406875136.0,-2.097759962081909
5407812608.0,-2.094449043273926
5408750080.0,-2.0885322093963623
5409687552.0,-2.078728675842285
5410625024.0,-2.0673959255218506
5411562496.0,-2.052016019821167
5412499968.0,-2.0366179943084717
5413437440.0,-2.0164554119110107
5414374912.0,-1.994929313659668
5415312384.0,-1.971829891204834
5416249856.0,-1.946509599685669
5417187328.0,-1.9187982082366943
5418124800.0,-1.891133189201355
5419062272.0,-1.8612905740737915
5420000256.0,-1.829986810684204
5420937728.0,-1.7974551916122437
5421875200.0,-1.7644460201263428
5422812672.0,-1.732739806175232
5423750144.0,-1.7003929615020752
5424687616.0,-1.6687253713607788
5425625088.0,-1.637996792793274
5426562560.0,-1.606142282485962
5427500032.0,-1.575749158859253
5428437504.0,-1.5452076196670532
5429374976.0,-1.5157390832901
5430312448.0,-1.4878077507019043
5431249920.0,-1.4618674516677856
5432187392.0,-1.4364262819290161
5433124864.0,-1.4126633405685425
5434062336.0,-1.3895578384399414
5434999808.0,-1.3668532371520996
5435937280.0,-1.3459466695785522
5436874752.0,-1.3266392946243286
5437812736.0,-1.3078616857528687
5438750208.0,-1.2902123928070068
5439687680.0,-1.274687647819519
5440625152.0,-1.2599875926971436
5441562624.0,-1.2484560012817383
5442500096.0,-1.2367233037948608
5443437568.0,-1.2271292209625244
5444375040.0,-1.2186999320983887
5445312512.0,-1.2123997211456299
5446249984.0,-1.2058593034744263
5447187456.0,-1.2026704549789429
5448124928.0,-1.2006210088729858
5449062400.0,-1.199431300163269
5449999872.0,-1.200374722480774
5450937344.0,-1.2050036191940308
5451874816.0,-1.208098292350769
5452812288.0,-1.214654803276062
5453749760.0,-1.2218726873397827
5454687744.0,-1.2304364442825317
5455625216.0,-1.239166259765625
5456562688.0,-1.2495650053024292
5457500160.0,-1.2600980997085571
5458437632.0,-1.2705745697021484
5459375104.0,-1.2825876474380493
5460312576.0,-1.2921040058135986
5461250048.0,-1.3018900156021118
5462187520.0,-1.3123259544372559
5463124992.0,-1.3207873106002808
5464062464.0,-1.3286192417144775
5464999936.0,-1.3344519138336182
5465937408.0,-1.3425588607788086
5466874880.0,-1.344692587852478
5467812352.0,-1.3442121744155884
5468749824.0,-1.3424828052520752
5469687296.0,-1.336122989654541
5470624768.0,-1.3287171125411987
5471562752.0,-1.3195618391036987
5472500224.0,-1.3089803457260132
5473437696.0,-1.2947485446929932
5474375168.0,-1.2793936729431152
5475312640.0,-1.2621158361434937
5476250112.0,-1.2436212301254272
5477187584.0,-1.2238889932632446
5478125056.0,-1.2017252445220947
5479062528.0,-1.1786819696426392
5480000000.0,-1.1535552740097046
5480937472.0,-1.1286592483520508
5481874944.0,-1.102935552597046
5482812416.0,-1.0756126642227173
5483749888.0,-1.0483474731445312
5484687360.0,-1.0215785503387451
5485624832.0,-0.9942854642868042
5486562304.0,-0.9670237302780151
5487499776.0,-0.9403514862060547
5488437248.0,-0.9138026237487793
5489375232.0,-0.8891775608062744
5490312704.0,-0.8633530735969543
5491250176.0,-0.8398938775062561
5492187648.0,-0.816476047039032
5493125120.0,-0.7953011989593506
5494062592.0,-0.7753838896751404
5495000064.0,-0.7563866972923279
5495937536.0,-0.7392073273658752
5496875008.0,-0.7241665124893188
5497812480.0,-0.7120833396911621
5498749952.0,-0.7018381357192993
5499687424.0,-0.6943854093551636
5500624896.0,-0.690027117729187
5501562368.0,-0.6883374452590942
5502499840.0,-0.689146101474762
5503437312.0,-0.6921830773353577
5504374784.0,-0.6985501050949097
5505312256.0,-0.7074685096740723
5506250240.0,-0.7181078195571899
5507187712.0,-0.7320983409881592
5508125184.0,-0.7485068440437317
5509062656.0,-0.7673124670982361
5510000128.0,-0.7895999550819397
5510937600.0,-0.8124920725822449
5511875072.0,-0.8377478718757629
5512812544.0,-0.8643216490745544
5513750016.0,-0.8929164409637451
5514687488.0,-0.9236859083175659
5515624960.0,-0.9524917006492615
5516562432.0,-0.984549343585968
5517499904.0,-1.0145084857940674
5518437376.0,-1.0449222326278687
5519374848.0,-1.074774146080017
5520312320.0,-1.101787805557251
5521249792.0,-1.1276123523712158
5522187264.0,-1.1510825157165527
5523125248.0,-1.1720460653305054
5524062720.0,-1.1892759799957275
5525000192.0,-1.2039028406143188
5525937664.0,-1.0406222343444824
5526875136.0,-1.04459810256958
5527812608.0,-1.048545002937317
5528750080.0,-1.0498641729354858
5529687552.0,-1.0493677854537964
5530625024.0,-1.047593355178833
5531562496.0,-1.0420207977294922
5532499968.0,-1.0372741222381592
5533437440.0,-1.0296027660369873
5534374912.0,-1.0199977159500122
5535312384.0,-1.0096079111099243
5536249856.0,-0.9983264803886414
5537187328.0,-0.9846624732017517
5538124800.0,-0.972598671913147
5539062272.0,-0.9569999575614929
5539999744.0,-0.9429423809051514
5540937728.0,-0.9272584915161133
5541875200.0,-0.9113336801528931
5542812672.0,-0.8953827023506165
5543750144.0,-0.8790941834449768
5544687616.0,-0.8628187775611877
5545625088.0,-0.8466802835464478
5546562560.0,-0.8317858576774597
5547500032.0,-0.81697016954422
5548437504.0,-0.8030135035514832
5549374976.0,-0.7903159260749817
5550312448.0,-0.7777454853057861
5551249920.0,-0.7669396996498108
5552187392.0,-0.7564327716827393
5553124864.0,-0.7481364011764526
5554062336.0,-0.7406068444252014
5554999808.0,-0.7343125343322754
5555937280.0,-0.7314396500587463
5556874752.0,-0.7305158376693726
5557812736.0,-0.730625569820404
5558750208.0,-0.7336153388023376
5559687680.0,-0.7393405437469482
5560625152.0,-0.7463198900222778
5561562624.0,-0.7583929896354675
5562500096.0,-0.7724906802177429
5563437568.0,-0.787876546382904
5564375040.0,-0.8058463335037231
5565312512.0,-0.8275078535079956
5566249984.0,-0.8503371477127075
5567187456.0,-0.8751492500305176
5568124928.0,-0.9013063311576843
5569062400.0,-0.9294249415397644
5569999872.0,-0.9571412801742554
5570937344.0,-0.9867022633552551
5571874816.0,-1.0160319805145264
5572812288.0,-1.0460965633392334
5573749760.0,-1.0726988315582275
5574687744.0,-1.100534200668335
5575625216.0,-1.1259907484054565
5576562688.0,-1.148769736289978
5577500160.0,-1.168656349182129
5578437632.0,-1.1876721382141113
5579375104.0,-1.2020326852798462
5580312576.0,-1.215101718902588
5581250048.0,-1.224183201789856
5582187520.0,-1.2318735122680664
5583124992.0,-1.2364026308059692
5584062464.0,-1.2377283573150635
5584999936.0,-1.2373311519622803
5585937408.0,-1.1600111722946167
5586874880.0,-1.1672465801239014
5587812352.0,-1.1719727516174316
5588749824.0,-1.1759260892868042
5589687296.0,-1.178965449333191
5590624768.0,-1.1806037425994873
5591562752.0,-1.1814709901809692
5592500224.0,-1.1814521551132202
5593437696.0,-1.1806141138076782
5594375168.0,-1.179245114326477
5595312640.0,-1.1770708560943604
5596250112.0,-1.173813819885254
5597187584.0,-1.1714305877685547
5598125056.0,-1.1662695407867432
5599062528.0,-1.161645531654358
5600000000.0,-1.1559799909591675
5600937472.0,-1.1501699686050415
5601874944.0,-1.1460379362106323
5602812416.0,-1.139872670173645
5603749888.0,-1.1366456747055054
5604687360.0,-1.1307402849197388
5605624832.0,-1.1259523630142212
5606562304.0,-1.1214107275009155
5607499776.0,-1.1168389320373535
5608437248.0,-1.111882209777832
5609375232.0,-1.1078869104385376
5610312704.0,-1.1050618886947632
5611250176.0,-1.1019511222839355
5612187648.0,-1.0988388061523438
5613125120.0,-1.0959031581878662
5614062592.0,-1.0941613912582397
5615000064.0,-1.0927122831344604
5615937536.0,-1.0922553539276123
5616875008.0,-1.0922549962997437
5617812480.0,-1.092170000076294
5618749952.0,-1.0918042659759521
5619687424.0,-1.0928995609283447
5620624896.0,-1.0947389602661133
5621562368.0,-1.0972168445587158
5622499840.0,-1.0993014574050903
5623437312.0,-1.1035676002502441
5624374784.0,-1.1069611310958862
5625312256.0,-1.1104024648666382
5626250240.0,-1.1141436100006104
5627187712.0,-1.117134690284729
5628125184.0,-1.1210435628890991
5629062656.0,-1.123469591140747
5630000128.0,-1.1271332502365112
5630937600.0,-1.1294198036193848
5631875072.0,-1.132592797279358
5632812544.0,-1.1351839303970337
5633750016.0,-1.1377465724945068
5634687488.0,-1.1380386352539062
5635624960.0,-1.1379417181015015
5636562432.0,-1.1376516819000244
5637499904.0,-1.1364529132843018
5638437376.0,-1.1329063177108765
5639374848.0,-1.1296379566192627
5640312320.0,-1.1250075101852417
5641249792.0,-1.119646430015564
5642187264.0,-1.1148344278335571
5643125248.0,-1.10690438747406
5644062720.0,-1.0989048480987549
5645000192.0,-1.0901461839675903
5645937664.0,-1.0889427661895752
5646875136.0,-1.0765734910964966
5647812608.0,-1.063813328742981
5648750080.0,-1.0497437715530396
5649687552.0,-1.034134864807129
5650625024.0,-1.0174272060394287
5651562496.0,-1.0012224912643433
5652499968.0,-0.9827195405960083
5653437440.0,-0.9636838436126709
5654374912.0,-0.9434781074523926
5655312384.0,-0.9227325320243835
5656249856.0,-0.9016875624656677
5657187328.0,-0.8805168867111206
5658124800.0,-0.8573982119560242
5659062272.0,-0.8356456756591797
5660000256.0,-0.8125971555709839
5660937728.0,-0.7916316390037537
5661875200.0,-0.7691314816474915
5662812672.0,-0.7485532164573669
5663750144.0,-0.7277940511703491
5664687616.0,-0.7078009843826294
5665625088.0,-0.6895070672035217
5666562560.0,-0.6721879243850708
5667500032.0,-0.6558972597122192
5668437504.0,-0.6412837505340576
5669374976.0,-0.6282956600189209
5670312448.0,-0.616614580154419
5671249920.0,-0.6056050062179565
5672187392.0,-0.5976665616035461
5673124864.0,-0.5905815958976746
5674062336.0,-0.5846743583679199
5674999808.0,-0.5793439149856567
5675937280.0,-0.5776019096374512
5676874752.0,-0.5762090086936951
5677812736.0,-0.5769686698913574
5678750208.0,-0.5782753229141235
5679687680.0,-0.5800943970680237
5680625152.0,-0.5827825665473938
5681562624.0,-0.5852988362312317
5682500096.0,-0.5883246660232544
5683437568.0,-0.5894283652305603
5684375040.0,-0.591496467590332
5685312512.0,-0.5927994847297668
5686249984.0,-0.5935114622116089
5687187456.0,-0.5942443609237671
5688124928.0,-0.5940093398094177
5689062400.0,-0.5931596159934998
5689999872.0,-0.590618908405304
5690937344.0,-0.5888723134994507
5691874816.0,-0.5848786234855652
5692812288.0,-0.5778951048851013
5693749760.0,-0.5713929533958435
5694687744.0,-0.5629380345344543
5695625216.0,-0.5529755353927612
5696562688.0,-0.5402095317840576
5697500160.0,-0.5273033380508423
5698437632.0,-0.5147532820701599
5699375104.0,-0.5002176761627197
5700312576.0,-0.4850137531757355
5701250048.0,-0.47106778621673584
5702187520.0,-0.45705628395080566
5703124992.0,-0.4424452483654022
5704062464.0,-0.4281448721885681
5704999936.0,-0.41498878598213196
5705937408.0,-0.38202908635139465
5706874880.0,-0.37978777289390564
5707812352.0,-0.37759020924568176
5708749824.0,-0.3753063380718231
5709687296.0,-0.37334147095680237
5710624768.0,-0.37051481008529663
5711562752.0,-0.36798033118247986
5712500224.0,-0.3657222092151642
5713437696.0,-0.3659888803958893
5714375168.0,-0.36442098021507263
5715312640.0,-0.36234360933303833
5716250112.0,-0.3599737882614136
5717187584.0,-0.357622891664505
5718125056.0,-0.35418829321861267
5719062528.0,-0.3499332368373871
5720000000.0,-0.34500160813331604
5720937472.0,-0.3379703462123871
5721874944.0,-0.33295929431915283
5722812416.0,-0.32557952404022217
5723749888.0,-0.3187468945980072
5724687360.0,-0.31258606910705566
5725624832.0,-0.3044537901878357
5726562304.0,-0.29691383242607117
5727499776.0,-0.28965336084365845
5728437248.0,-0.283631294965744
5729375232.0,-0.2779684364795685
5730312704.0,-0.2718709409236908
5731250176.0,-0.2690257132053375
5732187648.0,-0.2670970559120178
5733125120.0,-0.2671513557434082
5734062592.0,-0.2687939405441284
5735000064.0,-0.2711230218410492
5735937536.0,-0.27576082944869995
5736875008.0,-0.2830483615398407
5737812480.0,-0.29029759764671326
5738749952.0,-0.30109307169914246
5739687424.0,-0.31353533267974854
5740624896.0,-0.32522112131118774
5741562368.0,-0.3381221890449524
5742499840.0,-0.35090625286102295
5743437312.0,-0.36264902353286743
5744374784.0,-0.3748306334018707
5745312256.0,-0.3856590986251831
5746250240.0,-0.3924897313117981
5747187712.0,-0.39817410707473755
5748125184.0,-0.4024002254009247
5749062656.0,-0.40346410870552063
5750000128.0,-0.40299299359321594
5750937600.0,-0.39920803904533386
5751875072.0,-0.39723554253578186
5752812544.0,-0.3897649049758911
5753750016.0,-0.38180264830589294
5754687488.0,-0.37388867139816284
5755624960.0,-0.3646807372570038
5756562432.0,-0.35515525937080383
5757499904.0,-0.34567317366600037
5758437376.0,-0.33620545268058777
5759374848.0,-0.3280488848686218
5760312320.0,-0.32125574350357056
5761249792.0,-0.31547167897224426
5762187264.0,-0.31004035472869873
5763125248.0,-0.30653321743011475
5764062720.0,-0.3014572560787201
5765000192.0,-0.2962180972099304
5765937664.0,-0.22040696442127228
5766875136.0,-0.22283628582954407
5767812608.0,-0.22620292007923126
5768750080.0,-0.2308868169784546
5769687552.0,-0.2353825867176056
5770625024.0,-0.24002455174922943
5771562496.0,-0.24610504508018494
5772499968.0,-0.25120875239372253
5773437440.0,-0.25899526476860046
5774374912.0,-0.26577186584472656
5775312384.0,-0.27310022711753845
5776249856.0,-0.2812621593475342
5777187328.0,-0.28862738609313965
5778124800.0,-0.2967711091041565
5779062272.0,-0.3040008544921875
5779999744.0,-0.31077900528907776
5780937728.0,-0.31848934292793274
5781875200.0,-0.32580119371414185
5782812672.0,-0.33246803283691406
5783750144.0,-0.3377823829650879
5784687616.0,-0.344169020652771
5785625088.0,-0.34916529059410095
5786562560.0,-0.3533632457256317
5787500032.0,-0.35809972882270813
5788437504.0,-0.3605903685092926
5789374976.0,-0.3606019616127014
5790312448.0,-0.3596636652946472
5791249920.0,-0.35835739970207214
5792187392.0,-0.3546503484249115
5793124864.0,-0.3504980504512787
5794062336.0,-0.34552398324012756
5794999808.0,-0.3395800292491913
5795937280.0,-0.3322921097278595
5796874752.0,-0.3247829079627991
5797812736.0,-0.3161364197731018
5798750208.0,-0.30718889832496643
5799687680.0,-0.2959411144256592
5800625152.0,-0.284444123506546
5801562624.0,-0.2720736265182495
5802500096.0,-0.25890228152275085
5803437568.0,-0.24680790305137634
5804375040.0,-0.23229347169399261
5805312512.0,-0.2186453938484192
5806249984.0,-0.20363952219486237
5807187456.0,-0.18937864899635315
5808124928.0,-0.17397071421146393
5809062400.0,-0.15987041592597961
5809999872.0,-0.14513623714447021
5810937344.0,-0.13133138418197632
5811874816.0,-0.11526535451412201
5812812288.0,-0.09944204986095428
5813749760.0,-0.08490387350320816
5814687744.0,-0.07100354135036469
5815625216.0,-0.05835172161459923
5816562688.0,-0.04510429501533508
5817500160.0,-0.033776503056287766
5818437632.0,-0.022067934274673462
5819375104.0,-0.012260341085493565
5820312576.0,-0.002024057088419795
5821250048.0,0.00709871482104063
5822187520.0,0.016034197062253952
5823124992.0,0.023768289014697075
5824062464.0,0.030711637809872627
5824999936.0,0.03729585185647011
5825937408.0,-0.14781703054904938
5826874880.0,-0.15268215537071228
5827812352.0,-0.15606653690338135
5828749824.0,-0.1589955985546112
5829687296.0,-0.15964120626449585
5830624768.0,-0.15917566418647766
5831562752.0,-0.15716615319252014
5832500224.0,-0.15606731176376343
5833437696.0,-0.15326742827892303
5834375168.0,-0.15030665695667267
5835312640.0,-0.14608120918273926
5836250112.0,-0.14210106432437897
5837187584.0,-0.13866174221038818
5838125056.0,-0.13543005287647247
5839062528.0,-0.13206031918525696
5840000000.0,-0.1309826672077179
5840937472.0,-0.13102631270885468
5841874944.0,-0.13155105710029602
5842812416.0,-0.13218867778778076
5843749888.0,-0.13572116196155548
5844687360.0,-0.13863959908485413
5845624832.0,-0.1433759480714798
5846562304.0,-0.1488034576177597
5847499776.0,-0.15435446798801422
5848437248.0,-0.16085174679756165
5849375232.0,-0.16875585913658142
5850312704.0,-0.17666107416152954
5851250176.0,-0.1867571473121643
5852187648.0,-0.19542740285396576
5853125120.0,-0.20466181635856628
5854062592.0,-0.2143927663564682
5855000064.0,-0.2228822559118271
5855937536.0,-0.2309657633304596
5856875008.0,-0.23817721009254456
5857812480.0,-0.24499163031578064
5858749952.0,-0.2498697191476822
5859687424.0,-0.25258612632751465
5860624896.0,-0.2546634376049042
5861562368.0,-0.2540533244609833
5862499840.0,-0.2511521875858307
5863437312.0,-0.24579942226409912
5864374784.0,-0.23960153758525848
5865312256.0,-0.23333662748336792
5866250240.0,-0.22555230557918549
5867187712.0,-0.214793398976326
5868125184.0,-0.20438328385353088
5869062656.0,-0.1916380524635315
5870000128.0,-0.18011346459388733
5870937600.0,-0.16631916165351868
5871875072.0,-0.15423671901226044
5872812544.0,-0.14256079494953156
5873750016.0,-0.13199397921562195
5874687488.0,-0.12199491262435913
5875624960.0,-0.11225321888923645
5876562432.0,-0.10503806173801422
5877499904.0,-0.09989199787378311
5878437376.0,-0.0971493348479271
5879374848.0,-0.09475365281105042
5880312320.0,-0.0962907075881958
5881249792.0,-0.09777678549289703
5882187264.0,-0.10231125354766846
5883125248.0,-0.10900506377220154
5884062720.0,-0.11714575439691544
5885000192.0,-0.127510666847229
5885937664.0,-0.0686856061220169
5886875136.0,-0.07475428283214569
5887812608.0,-0.08066844940185547
5888750080.0,-0.08761834353208542
5889687552.0,-0.09564193338155746
5890625024.0,-0.1027010902762413
5891562496.0,-0.11102951318025589
5892499968.0,-0.11988498270511627
5893437440.0,-0.1283905953168869
5894374912.0,-0.13791468739509583
5895312384.0,-0.14658597111701965
5896249856.0,-0.157171830534935
5897187328.0,-0.16550007462501526
5898124800.0,-0.17520545423030853
5899062272.0,-0.18393076956272125
5900000256.0,-0.19331012666225433
5900937728.0,-0.20146799087524414
5901875200.0,-0.2098766565322876
5902812672.0,-0.2189548760652542
5903750144.0,-0.22736921906471252
5904687616.0,-0.23507222533226013
5905625088.0,-0.24405071139335632
5906562560.0,-0.2510601580142975
5907500032.0,-0.2587472200393677
5908437504.0,-0.26660090684890747
5909374976.0,-0.2732022702693939
5910312448.0,-0.2803913354873657
5911249920.0,-0.2871057689189911
5912187392.0,-0.29206034541130066
5913124864.0,-0.2981299161911011
5914062336.0,-0.30481743812561035
5914999808.0,-0.3096472918987274
5915937280.0,-0.3135753273963928
5916874752.0,-0.3171244263648987
5917812736.0,-0.31983843445777893
5918750208.0,-0.3219057321548462
5919687680.0,-0.3230830132961273
5920625152.0,-0.323368638753891
5921562624.0,-0.3237418532371521
5922500096.0,-0.32315611839294434
5923437568.0,-0.32064202427864075
5924375040.0,-0.3166643977165222
5925312512.0,-0.31256362795829773
5926249984.0,-0.3066836893558502
5927187456.0,-0.29909971356391907
5928124928.0,-0.2917466461658478
5929062400.0,-0.2821923494338989
5929999872.0,-0.2718105614185333
5930937344.0,-0.25899648666381836
5931874816.0,-0.24552500247955322
5932812288.0,-0.2308223396539688
5933749760.0,-0.21622128784656525
5934687744.0,-0.1994267851114273
5935625216.0,-0.18186138570308685
5936562688.0,-0.16543009877204895
5937500160.0,-0.1482480764389038
5938437632.0,-0.13044609129428864
5939375104.0,-0.11246830970048904
5940312576.0,-0.09596656262874603
5941250048.0,-0.07877743989229202
5942187520.0,-0.062107596546411514
5943124992.0,-0.04684554785490036
5944062464.0,-0.0318690650165081
5944999936.0,-0.018932320177555084
5945937408.0,-0.12236230075359344
5946874880.0,-0.13104309141635895
5947812352.0,-0.14187932014465332
5948749824.0,-0.154255211353302
5949687296.0,-0.16865897178649902
5950624768.0,-0.18413186073303223
5951562752.0,-0.20105820894241333
5952500224.0,-0.2192482203245163
5953437696.0,-0.238616943359375
5954375168.0,-0.2575852572917938
5955312640.0,-0.27669209241867065
5956250112.0,-0.2969363033771515
5957187584.0,-0.31693804264068604
5958125056.0,-0.33639413118362427
5959062528.0,-0.35711920261383057
5960000000.0,-0.3743003010749817
5960937472.0,-0.3919019103050232
5961874944.0,-0.4080902338027954
5962812416.0,-0.4215327501296997
5963749888.0,-0.4344594180583954
5964687360.0,-0.44486215710639954
5965624832.0,-0.451137900352478
5966562304.0,-0.45511388778686523
5967499776.0,-0.4558107554912567
5968437248.0,-0.45312976837158203
5969375232.0,-0.44703739881515503
5970312704.0,-0.4379260241985321
5971250176.0,-0.426913321018219
5972187648.0,-0.4108150005340576
5973125120.0,-0.39331841468811035
5974062592.0,-0.3739570379257202
5975000064.0,-0.3524579405784607
5975937536.0,-0.3287392556667328
5976875008.0,-0.30326470732688904
5977812480.0,-0.2797336280345917
5978749952.0,-0.25409895181655884
5979687424.0,-0.23025311529636383
5980624896.0,-0.2080622762441635
5981562368.0,-0.18590058386325836
5982499840.0,-0.1662488430738449
5983437312.0,-0.148289293050766
5984374784.0,-0.13199979066848755
5985312256.0,-0.11857196688652039
5986250240.0,-0.10786204040050507
5987187712.0,-0.09864386171102524
5988125184.0,-0.09300314635038376
5989062656.0,-0.08926044404506683
5990000128.0,-0.08792940527200699
5990937600.0,-0.08821126818656921
5991875072.0,-0.0912393257021904
5992812544.0,-0.09626398235559464
5993750016.0,-0.10221252590417862
5994687488.0,-0.10934415459632874
5995624960.0,-0.11698595434427261
5996562432.0,-0.12488366663455963
5997499904.0,-0.13378873467445374
5998437376.0,-0.14297793805599213
5999374848.0,-0.15094256401062012
6000312320.0,-0.1589043289422989
6001249792.0,-0.1669144332408905
6002187264.0,-0.17419153451919556
6003125248.0,-0.18025532364845276
6004062720.0,-0.18558824062347412
6005000192.0,-0.14510926604270935
6005937664.0,-0.1511189192533493
6006875136.0,-0.1584840565919876
6007812608.0,-0.16637800633907318
6008750080.0,-0.1750449389219284
6009687552.0,-0.18434573709964752
6010625024.0,-0.19570431113243103
6011562496.0,-0.20529292523860931
6012499968.0,-0.2176201045513153
6013437440.0,-0.22961175441741943
6014374912.0,-0.24231946468353271
6015312384.0,-0.25514498353004456
6016249856.0,-0.26840895414352417
6017187328.0,-0.2818860113620758
6018124800.0,-0.2952653467655182
6019062272.0,-0.30726298689842224
6019999744.0,-0.3188016712665558
6020937728.0,-0.3307497501373291
6021875200.0,-0.34029337763786316
6022812672.0,-0.3507656157016754
6023750144.0,-0.3596329391002655
6024687616.0,-0.3670983612537384
6025625088.0,-0.3728255033493042
6026562560.0,-0.37907254695892334
6027500032.0,-0.38265785574913025
6028437504.0,-0.384965181350708
6029374976.0,-0.3861973285675049
6030312448.0,-0.38389045000076294
6031249920.0,-0.3820420801639557
6032187392.0,-0.37742680311203003
6033124864.0,-0.3725283443927765
6034062336.0,-0.3661242723464966
6034999808.0,-0.35854703187942505
6035937280.0,-0.35034459829330444
6036874752.0,-0.341605007648468
6037812736.0,-0.33098089694976807
6038750208.0,-0.3210972845554352
6039687680.0,-0.3103930950164795
6040625152.0,-0.3015191853046417
6041562624.0,-0.29162609577178955
6042500096.0,-0.2813319265842438
6043437568.0,-0.2721354365348816
6044375040.0,-0.2622503638267517
6045312512.0,-0.2545529305934906
6046249984.0,-0.24729770421981812
6047187456.0,-0.23976369202136993
6048124928.0,-0.2336379587650299
6049062400.0,-0.22948488593101501
6049999872.0,-0.22560229897499084
6050937344.0,-0.22263793647289276
6051874816.0,-0.2202034443616867
6052812288.0,-0.22030916810035706
6053749760.0,-0.21959058940410614
6054687744.0,-0.22077924013137817
6055625216.0,-0.222560852766037
6056562688.0,-0.223839670419693
6057500160.0,-0.22739316523075104
6058437632.0,-0.23051364719867706
6059375104.0,-0.23525765538215637
6060312576.0,-0.2396274358034134
6061250048.0,-0.24397404491901398
6062187520.0,-0.24835625290870667
6063124992.0,-0.25395092368125916
6064062464.0,-0.25999993085861206
6064999936.0,-0.16022895276546478
6065937408.0,-0.1799590140581131
6066874880.0,-0.20081932842731476
6067812352.0,-0.22047843039035797
6068749824.0,-0.2401195615530014
6069687296.0,-0.25942105054855347
6070624768.0,-0.27806150913238525
6071562752.0,-0.2962662875652313
6072500224.0,-0.3138001263141632
6073437696.0,-0.3303883969783783
6074375168.0,-0.34685689210891724
6075312640.0,-0.36195892095565796
6076250112.0,-0.3766593635082245
6077187584.0,-0.3895331025123596
6078125056.0,-0.4012191593647003
6079062528.0,-0.41129353642463684
6080000000.0,-0.420784056186676
6080937472.0,-0.4289635419845581
6081874944.0,-0.4345775842666626
6082812416.0,-0.4384657144546509
6083749888.0,-0.4415597915649414
6084687360.0,-0.44307810068130493
6085624832.0,-0.4435603618621826
6086562304.0,-0.4415033757686615
6087499776.0,-0.43778106570243835
6088437248.0,-0.43457552790641785
6089375232.0,-0.4291316568851471
6090312704.0,-0.4230448603630066
6091250176.0,-0.41653069853782654
6092187648.0,-0.40743061900138855
6093125120.0,-0.39769914746284485
6094062592.0,-0.3858936131000519
6095000064.0,-0.37498921155929565
6095937536.0,-0.3627029359340668
6096875008.0,-0.3487166166305542
6097812480.0,-0.3356897830963135
6098749952.0,-0.3213847875595093
6099687424.0,-0.30626150965690613
6100624896.0,-0.29149678349494934
6101562368.0,-0.27678874135017395
6102499840.0,-0.26317650079727173
6103437312.0,-0.24810613691806793
6104374784.0,-0.2338748276233673
6105312256.0,-0.21964547038078308
6106250240.0,-0.20576199889183044
6107187712.0,-0.1914476752281189
6108125184.0,-0.17916662991046906
6109062656.0,-0.16451241075992584
6110000128.0,-0.15231545269489288
6110937600.0,-0.14007852971553802
6111875072.0,-0.12762199342250824
6112812544.0,-0.11706007272005081
6113750016.0,-0.10640871524810791
6114687488.0,-0.09734311699867249
6115624960.0,-0.08841254562139511
6116562432.0,-0.08049407601356506
6117499904.0,-0.07370954006910324
6118437376.0,-0.0706060528755188
6119374848.0,-0.07038062065839767
6120312320.0,-0.0722283348441124
6121249792.0,-0.07511641085147858
6122187264.0,-0.07927641272544861
6123125248.0,-0.08555964380502701
6124062720.0,-0.0925706997513771
6125000192.0,-0.1465202122926712
6125937664.0,-0.16132496297359467
6126875136.0,-0.17624685168266296
6127812608.0,-0.19199791550636292
6128750080.0,-0.20742270350456238
6129687552.0,-0.223824605345726
6130625024.0,-0.24053990840911865
6131562496.0,-0.2565714716911316
6132499968.0,-0.272997111082077
6133437440.0,-0.28940349817276
6134374912.0,-0.30499574542045593
6135312384.0,-0.32189467549324036
6136249856.0,-0.3373335897922516
6137187328.0,-0.3523956537246704
6138124800.0,-0.3670365512371063
6139062272.0,-0.37997549772262573
6140000256.0,-0.3931494355201721
6140937728.0,-0.40496793389320374
6141875200.0,-0.4155060052871704
6142812672.0,-0.4260961711406708
6143750144.0,-0.4362993538379669
6144687616.0,-0.4468555152416229
6145625088.0,-0.45567089319229126
6146562560.0,-0.46281859278678894
6147500032.0,-0.4674767553806305
6148437504.0,-0.47095853090286255
6149374976.0,-0.47135835886001587
6150312448.0,-0.47048279643058777
6151249920.0,-0.46823593974113464
6152187392.0,-0.4631147086620331
6153124864.0,-0.4578203856945038
6154062336.0,-0.45025956630706787
6154999808.0,-0.4412468373775482
6155937280.0,-0.4313089847564697
6156874752.0,-0.41987302899360657
6157812736.0,-0.4080822169780731
6158750208.0,-0.39558660984039307
6159687680.0,-0.3815772235393524
6160625152.0,-0.3665684461593628
6161562624.0,-0.3527202010154724
6162500096.0,-0.33668747544288635
6163437568.0,-0.3219158351421356
6164375040.0,-0.30641719698905945
6165312512.0,-0.29107779264450073
6166249984.0,-0.2766447961330414
6167187456.0,-0.26277396082878113
6168124928.0,-0.24890916049480438
6169062400.0,-0.23441430926322937
6169999872.0,-0.21943749487400055
6170937344.0,-0.20493841171264648
6171874816.0,-0.19226011633872986
6172812288.0,-0.17999184131622314
6173749760.0,-0.16730955243110657
6174687744.0,-0.15718720853328705
6175625216.0,-0.14685487747192383
6176562688.0,-0.13802190124988556
6177500160.0,-0.13167433440685272
6178437632.0,-0.12515930831432343
6179375104.0,-0.11986005306243896
6180312576.0,-0.11658789962530136
6181250048.0,-0.11484585702419281
6182187520.0,-0.11540965735912323
6183124992.0,-0.11692975461483002
6184062464.0,-0.12040863186120987
6184999936.0,-0.2657884359359741
6185937408.0,-0.2810837924480438
6186874880.0,-0.29736122488975525
6187812352.0,-0.3141779899597168
6188749824.0,-0.33121490478515625
6189687296.0,-0.34880298376083374
6190624768.0,-0.36559388041496277
6191562752.0,-0.38259226083755493
6192500224.0,-0.39752987027168274
6193437696.0,-0.4127809405326843
6194375168.0,-0.4265719950199127
6195312640.0,-0.4370417594909668
6196250112.0,-0.44732969999313354
6197187584.0,-0.4553099274635315
6198125056.0,-0.4629645049571991
6199062528.0,-0.4682632386684418
6200000000.0,-0.47354382276535034
6200937472.0,-0.4759683907032013
6201874944.0,-0.47842615842819214
6202812416.0,-0.48028483986854553
6203749888.0,-0.48371508717536926
6204687360.0,-0.4860472083091736
6205624832.0,-0.48933544754981995
6206562304.0,-0.4934151768684387
6207499776.0,-0.4991289973258972
6208437248.0,-0.5063773393630981
6209375232.0,-0.5140562057495117
6210312704.0,-0.5236929059028625
6211250176.0,-0.5325169563293457
6212187648.0,-0.5414189696311951
6213125120.0,-0.5481765270233154
6214062592.0,-0.5541386604309082
6215000064.0,-0.5552147626876831
6215937536.0,-0.550930917263031
6216875008.0,-0.544059157371521
6217812480.0,-0.5369483232498169
6218749952.0,-0.5269546508789062
6219687424.0,-0.5152414441108704
6220624896.0,-0.5031452775001526
6221562368.0,-0.4894463121891022
6222499840.0,-0.47503310441970825
6223437312.0,-0.4610796570777893
6224374784.0,-0.44815972447395325
6225312256.0,-0.4347382187843323
6226250240.0,-0.42159220576286316
6227187712.0,-0.40965473651885986
6228125184.0,-0.39836010336875916
6229062656.0,-0.38887596130371094
6230000128.0,-0.37837865948677063
6230937600.0,-0.3703748285770416
6231875072.0,-0.3640660345554352
6232812544.0,-0.3565438687801361
6233750016.0,-0.34923774003982544
6234687488.0,-0.3435753583908081
6235624960.0,-0.3366585671901703
6236562432.0,-0.32982000708580017
6237499904.0,-0.3220970034599304
6238437376.0,-0.3142234981060028
6239374848.0,-0.30728286504745483
6240312320.0,-0.29944291710853577
6241249792.0,-0.2922964096069336
6242187264.0,-0.2847970426082611
6243125248.0,-0.27886128425598145
6244062720.0,-0.2712039649486542
6245000192.0,-0.42219340801239014
6245937664.0,-0.4237317442893982
6246875136.0,-0.4272865653038025
6247812608.0,-0.4316314160823822
6248750080.0,-0.43803513050079346
6249687552.0,-0.4478151500225067
6250625024.0,-0.460183709859848
6251562496.0,-0.47420287132263184
6252499968.0,-0.4914729595184326
6253437440.0,-0.5108299255371094
6254374912.0,-0.5316597819328308
6255312384.0,-0.5547730922698975
6256249856.0,-0.5797650218009949
6257187328.0,-0.6053906083106995
6258124800.0,-0.6329218745231628
6259062272.0,-0.6623188257217407
6259999744.0,-0.6907091736793518
6260937728.0,-0.7197948694229126
6261875200.0,-0.7466709017753601
6262812672.0,-0.7730346918106079
6263750144.0,-0.7969902753829956
6264687616.0,-0.8199638724327087
6265625088.0,-0.8383506536483765
6266562560.0,-0.8550335168838501
6267500032.0,-0.8682909607887268
6268437504.0,-0.8776894807815552
6269374976.0,-0.8846662044525146
6270312448.0,-0.8859915733337402
6271249920.0,-0.88695228099823
6272187392.0,-0.8830379843711853
6273124864.0,-0.8770384788513184
6274062336.0,-0.8663392066955566
6274999808.0,-0.8533856272697449
6275937280.0,-0.8367120027542114
6276874752.0,-0.8173200488090515
6277812736.0,-0.795208752155304
6278750208.0,-0.7701289653778076
6279687680.0,-0.744806706905365
6280625152.0,-0.7167704701423645
6281562624.0,-0.6879555583000183
6282500096.0,-0.6580502390861511
6283437568.0,-0.6277138590812683
6284375040.0,-0.5965405106544495
6285312512.0,-0.5660325288772583
6286249984.0,-0.5357443690299988
6287187456.0,-0.5065286159515381
6288124928.0,-0.47859543561935425
6289062400.0,-0.4529425799846649
6289999872.0,-0.4267236888408661
6290937344.0,-0.40527865290641785
6291874816.0,-0.3845692574977875
6292812288.0,-0.366189569234848
6293749760.0,-0.35023432970046997
6294687744.0,-0.3371737599372864
6295625216.0,-0.3272187411785126
6296562688.0,-0.3232160806655884
6297500160.0,-0.32434847950935364
6298437632.0,-0.32581305503845215
6299375104.0,-0.332581490278244
6300312576.0,-0.34222981333732605
6301250048.0,-0.35399189591407776
6302187520.0,-0.36899054050445557
6303124992.0,-0.38671666383743286
6304062464.0,-0.4066218435764313
6304999936.0,-0.5449120402336121
6305937408.0,-0.5658962726593018
6306874880.0,-0.5878331661224365
6307812352.0,-0.6109260320663452
6308749824.0,-0.6348346471786499
6309687296.0,-0.659865140914917
6310624768.0,-0.6852666139602661
6311562752.0,-0.7111511826515198
6312500224.0,-0.7377364635467529
6313437696.0,-0.7642362713813782
6314375168.0,-0.7899234294891357
6315312640.0,-0.8153904676437378
6316250112.0,-0.8410929441452026
6317187584.0,-0.8644135594367981
6318125056.0,-0.8866779804229736
6319062528.0,-0.9063272476196289
6320000000.0,-0.9243617057800293
6320937472.0,-0.9393308162689209
6321874944.0,-0.9535372257232666
6322812416.0,-0.9671464562416077
6323749888.0,-0.9765443205833435
6324687360.0,-0.9836657643318176
6325624832.0,-0.9866737723350525
6326562304.0,-0.9874932169914246
6327499776.0,-0.9859778881072998
6328437248.0,-0.9814057946205139
6329375232.0,-0.9745713472366333
6330312704.0,-0.9652511477470398
6331250176.0,-0.9550254940986633
6332187648.0,-0.9411687850952148
6333125120.0,-0.9258106350898743
6334062592.0,-0.9096261262893677
6335000064.0,-0.8926011919975281
6335937536.0,-0.8723143935203552
6336875008.0,-0.8513489365577698
6337812480.0,-0.8299835920333862
6338749952.0,-0.8070639371871948
6339687424.0,-0.7848852276802063
6340624896.0,-0.76253741979599
6341562368.0,-0.7380881905555725
6342499840.0,-0.7163829207420349
6343437312.0,-0.6931259632110596
6344374784.0,-0.6712847352027893
6345312256.0,-0.6498271226882935
6346250240.0,-0.6301189064979553
6347187712.0,-0.6097421646118164
6348125184.0,-0.5901000499725342
6349062656.0,-0.5723077058792114
6350000128.0,-0.555936336517334
6350937600.0,-0.5418001413345337
6351875072.0,-0.5292055606842041
6352812544.0,-0.5182846188545227
6353750016.0,-0.5084202885627747
6354687488.0,-0.5016528964042664
6355624960.0,-0.4962458908557892
6356562432.0,-0.4926607012748718
6357499904.0,-0.4906700849533081
6358437376.0,-0.4919510781764984
6359374848.0,-0.49602964520454407
6360312320.0,-0.5022963285446167
6361249792.0,-0.5112635493278503
6362187264.0,-0.5240350365638733
6363125248.0,-0.5374219417572021
6364062720.0,-0.5523645877838135
6365000192.0,-0.8273780941963196
6365937664.0,-0.8346213102340698
6366875136.0,-0.8418946266174316
6367812608.0,-0.8508074283599854
6368750080.0,-0.8600496053695679
6369687552.0,-0.8697851300239563
6370625024.0,-0.8802455067634583
6371562496.0,-0.889789342880249
6372499968.0,-0.89872807264328
6373437440.0,-0.9086554050445557
6374374912.0,-0.9177821278572083
6375312384.0,-0.9272001385688782
6376249856.0,-0.9365144968032837
6377187328.0,-0.9452366828918457
6378124800.0,-0.9535238742828369
6379062272.0,-0.9609352350234985
6380000256.0,-0.9693145155906677
6380937728.0,-0.9753568172454834
6381875200.0,-0.980509340763092
6382812672.0,-0.9854515790939331
6383750144.0,-0.989543080329895
6384687616.0,-0.9936408400535583
6385625088.0,-0.9980171322822571
6386562560.0,-1.0010968446731567
6387500032.0,-1.0029693841934204
6388437504.0,-1.004713535308838
6389374976.0,-1.005626916885376
6390312448.0,-1.005632758140564
6391249920.0,-1.006305456161499
6392187392.0,-1.0052967071533203
6393124864.0,-1.0045264959335327
6394062336.0,-1.0030403137207031
6394999808.0,-1.001300573348999
6395937280.0,-0.9988657832145691
6396874752.0,-0.9962671995162964
6397812736.0,-0.9943643808364868
6398750208.0,-0.9907194972038269
6399687680.0,-0.9877780675888062
6400625152.0,-0.9856012463569641
6401562624.0,-0.983660876750946
6402500096.0,-0.9813454151153564
6403437568.0,-0.9791848659515381
6404375040.0,-0.9793116450309753
6405312512.0,-0.9780450463294983
6406249984.0,-0.9779036641120911
6407187456.0,-0.9797295928001404
6408124928.0,-0.9807717204093933
6409062400.0,-0.9837125539779663
6409999872.0,-0.9872312545776367
6410937344.0,-0.9918330907821655
6411874816.0,-0.995918869972229
6412812288.0,-1.0016931295394897
6413749760.0,-1.0078434944152832
6414687744.0,-1.0143557786941528
6415625216.0,-1.0211008787155151
6416562688.0,-1.0300283432006836
6417500160.0,-1.0382622480392456
6418437632.0,-1.0474061965942383
6419375104.0,-1.055956244468689
6420312576.0,-1.065314531326294
6421250048.0,-1.0745843648910522
6422187520.0,-1.0837738513946533
6423124992.0,-1.0898946523666382
6424062464.0,-1.0951787233352661
6424999936.0,-1.1121290922164917
6425937408.0,-1.1244932413101196
6426874880.0,-1.1351321935653687
6427812352.0,-1.1454436779022217
6428749824.0,-1.1524678468704224
6429687296.0,-1.1596176624298096
6430624768.0,-1.1660891771316528
6431562752.0,-1.1692942380905151
6432500224.0,-1.172134280204773
6433437696.0,-1.1729176044464111
6434375168.0,-1.1727935075759888
6435312640.0,-1.1698417663574219
6436250112.0,-1.167805552482605
6437187584.0,-1.1624547243118286
6438125056.0,-1.1557695865631104
6439062528.0,-1.1484814882278442
6440000000.0,-1.1393755674362183
6440937472.0,-1.1294819116592407
6441874944.0,-1.1179683208465576
6442812416.0,-1.1062705516815186
6443749888.0,-1.0940407514572144
6444687360.0,-1.0803455114364624
6445624832.0,-1.0684510469436646
6446562304.0,-1.0551451444625854
6447499776.0,-1.0431206226348877
6448437248.0,-1.031703233718872
6449375232.0,-1.0199453830718994
6450312704.0,-1.008846402168274
6451250176.0,-0.998461902141571
6452187648.0,-0.988574743270874
6453125120.0,-0.9785705804824829
6454062592.0,-0.9698084592819214
6455000064.0,-0.9611209630966187
6455937536.0,-0.9540594220161438
6456875008.0,-0.9481446743011475
6457812480.0,-0.9429695010185242
6458749952.0,-0.937686562538147
6459687424.0,-0.9343999624252319
6460624896.0,-0.9309260845184326
6461562368.0,-0.9280630350112915
6462499840.0,-0.9259520173072815
6463437312.0,-0.9223117828369141
6464374784.0,-0.9200316071510315
6465312256.0,-0.9167842268943787
6466250240.0,-0.9128562211990356
6467187712.0,-0.9084926843643188
6468125184.0,-0.9032723307609558
6469062656.0,-0.8992021679878235
6470000128.0,-0.8946171402931213
6470937600.0,-0.8891514539718628
6471875072.0,-0.8838791251182556
6472812544.0,-0.8793476223945618
6473750016.0,-0.8754708766937256
6474687488.0,-0.8718084692955017
6475624960.0,-0.8687458634376526
6476562432.0,-0.8654399514198303
6477499904.0,-0.8614987134933472
6478437376.0,-0.8585504293441772
6479374848.0,-0.8569087386131287
6480312320.0,-0.8540407419204712
6481249792.0,-0.8524786829948425
6482187264.0,-0.8509548902511597
6483125248.0,-0.8493368625640869
6484062720.0,-0.8486031889915466
6485000192.0,-0.9509240388870239
6485937664.0,-0.9565593004226685
6486875136.0,-0.9631926417350769
6487812608.0,-0.970429539680481
6488750080.0,-0.9785895943641663
6489687552.0,-0.9838332533836365
6490625024.0,-0.9911300539970398
6491562496.0,-0.9966807961463928
6492499968.0,-1.0035827159881592
6493437440.0,-1.0083860158920288
6494374912.0,-1.0137872695922852
6495312384.0,-1.0188238620758057
6496249856.0,-1.0228137969970703
6497187328.0,-1.0254088640213013
6498124800.0,-1.0270087718963623
6499062272.0,-1.0275143384933472
6499999744.0,-1.0261380672454834
6500937728.0,-1.0237829685211182
6501875200.0,-1.0195233821868896
6502812672.0,-1.016018271446228
6503750144.0,-1.0107494592666626
6504687616.0,-1.0053174495697021
6505625088.0,-0.9979726672172546
6506562560.0,-0.9899774193763733
6507500032.0,-0.9811058044433594
6508437504.0,-0.9719402194023132
6509374976.0,-0.9617906212806702
6510312448.0,-0.9525395631790161
6511249920.0,-0.9396665096282959
6512187392.0,-0.929508626461029
6513124864.0,-0.9185305833816528
6514062336.0,-0.90706467628479
6514999808.0,-0.8961102366447449
6515937280.0,-0.885504961013794
6516874752.0,-0.8758349418640137
6517812736.0,-0.8659754395484924
6518750208.0,-0.8573458194732666
6519687680.0,-0.8500332832336426
6520625152.0,-0.8406732082366943
6521562624.0,-0.8336504101753235
6522500096.0,-0.8253276944160461
6523437568.0,-0.8189045190811157
6524375040.0,-0.8116320967674255
6525312512.0,-0.8058153390884399
6526249984.0,-0.8012627363204956
6527187456.0,-0.7975214719772339
6528124928.0,-0.7953863739967346
6529062400.0,-0.7941260933876038
6529999872.0,-0.7930975556373596
6530937344.0,-0.7943372130393982
6531874816.0,-0.7961570024490356
6532812288.0,-0.7980904579162598
6533749760.0,-0.8021647334098816
6534687744.0,-0.8064774870872498
6535625216.0,-0.8117130994796753
6536562688.0,-0.8176389932632446
6537500160.0,-0.8231794238090515
6538437632.0,-0.8291958570480347
6539375104.0,-0.8347922563552856
6540312576.0,-0.8414880037307739
6541250048.0,-0.8481493592262268
6542187520.0,-0.85521399974823
6543124992.0,-0.8622656464576721
6544062464.0,-0.8699135184288025
6544999936.0,-0.8664441704750061
6545937408.0,-0.8701192736625671
6546874880.0,-0.8742104768753052
6547812352.0,-0.8784432411193848
6548749824.0,-0.8837247490882874
6549687296.0,-0.8871595859527588
6550624768.0,-0.8923473954200745
6551562752.0,-0.8978363275527954
6552500224.0,-0.9023507833480835
6553437696.0,-0.9093601703643799
6554375168.0,-0.9161344170570374
6555312640.0,-0.9246366620063782
6556250112.0,-0.9314767122268677
6557187584.0,-0.9401995539665222
6558125056.0,-0.9496555328369141
6559062528.0,-0.9589149951934814
6560000000.0,-0.9704118371009827
6560937472.0,-0.9809545874595642
6561874944.0,-0.9941619038581848
6562812416.0,-1.005946159362793
6563749888.0,-1.019330620765686
6564687360.0,-1.0331242084503174
6565624832.0,-1.045264482498169
6566562304.0,-1.0586967468261719
6567499776.0,-1.0699143409729004
6568437248.0,-1.0815750360488892
6569375232.0,-1.0931614637374878
6570312704.0,-1.1034715175628662
6571250176.0,-1.115147352218628
6572187648.0,-1.1257213354110718
6573125120.0,-1.135632872581482
6574062592.0,-1.1446263790130615
6575000064.0,-1.1532822847366333
6575937536.0,-1.1593852043151855
6576875008.0,-1.1663354635238647
6577812480.0,-1.170843482017517
6578749952.0,-1.1742479801177979
6579687424.0,-1.1779121160507202
6580624896.0,-1.1802289485931396
6581562368.0,-1.1817567348480225
6582499840.0,-1.1827610731124878
6583437312.0,-1.1821476221084595
6584374784.0,-1.1817684173583984
6585312256.0,-1.1800551414489746
6586250240.0,-1.1785820722579956
6587187712.0,-1.1760309934616089
6588125184.0,-1.1737669706344604
6589062656.0,-1.1698182821273804
6590000128.0,-1.1663224697113037
6590937600.0,-1.162829875946045
6591875072.0,-1.1596015691757202
6592812544.0,-1.1553937196731567
6593750016.0,-1.1523038148880005
6594687488.0,-1.1492257118225098
6595624960.0,-1.145585298538208
6596562432.0,-1.1406012773513794
6597499904.0,-1.137144684791565
6598437376.0,-1.1352291107177734
6599374848.0,-1.1333024501800537
6600312320.0,-1.1315369606018066
6601249792.0,-1.1285709142684937
6602187264.0,-1.1287943124771118
6603125248.0,-1.1299933195114136
6604062720.0,-1.1316498517990112
6605000192.0,-1.129298448562622
6605937664.0,-1.1341832876205444
6606875136.0,-1.1384530067443848
6607812608.0,-1.1431334018707275
6608750080.0,-1.1465493440628052
6609687552.0,-1.152043342590332
6610625024.0,-1.1565637588500977
6611562496.0,-1.1605277061462402
6612499968.0,-1.1655185222625732
6613437440.0,-1.169744610786438
6614374912.0,-1.1744378805160522
6615312384.0,-1.1795873641967773
6616249856.0,-1.184443712234497
6617187328.0,-1.1883819103240967
6618124800.0,-1.1935187578201294
6619062272.0,-1.1999790668487549
6620000256.0,-1.206458568572998
6620937728.0,-1.2145648002624512
6621875200.0,-1.2247190475463867
6622812672.0,-1.2354960441589355
6623750144.0,-1.247549057006836
6624687616.0,-1.260506272315979
6625625088.0,-1.2775280475616455
6626562560.0,-1.2961193323135376
6627500032.0,-1.3153938055038452
6628437504.0,-1.3351095914840698
6629374976.0,-1.3545364141464233
6630312448.0,-1.374529480934143
6631249920.0,-1.3948158025741577
6632187392.0,-1.4150357246398926
6633124864.0,-1.4356306791305542
6634062336.0,-1.4565068483352661
6634999808.0,-1.476686716079712
6635937280.0,-1.4957062005996704
6636874752.0,-1.5144357681274414
6637812736.0,-1.530997633934021
6638750208.0,-1.5471811294555664
6639687680.0,-1.562283992767334
6640625152.0,-1.5769309997558594
6641562624.0,-1.59148371219635
6642500096.0,-1.6056511402130127
6643437568.0,-1.6168951988220215
6644375040.0,-1.6285417079925537
6645312512.0,-1.6394718885421753
6646249984.0,-1.6482068300247192
6647187456.0,-1.654703140258789
6648124928.0,-1.661176085472107
6649062400.0,-1.667199969291687
6649999872.0,-1.6713736057281494
6650937344.0,-1.6763311624526978
6651874816.0,-1.6790860891342163
6652812288.0,-1.6816006898880005
6653749760.0,-1.685173511505127
6654687744.0,-1.687564492225647
6655625216.0,-1.688848614692688
6656562688.0,-1.6904959678649902
6657500160.0,-1.6929080486297607
6658437632.0,-1.694626808166504
6659375104.0,-1.6978440284729004
6660312576.0,-1.702586054801941
6661250048.0,-1.7093236446380615
6662187520.0,-1.718533992767334
6663124992.0,-1.7302881479263306
6664062464.0,-1.7426837682724
6664999936.0,-1.764413833618164
6665937408.0,-1.7783823013305664
6666874880.0,-1.7940770387649536
6667812352.0,-1.8084052801132202
6668749824.0,-1.8224003314971924
6669687296.0,-1.8354889154434204
6670624768.0,-1.848851203918457
6671562752.0,-1.8619253635406494
6672500224.0,-1.872859239578247
6673437696.0,-1.8853538036346436
6674375168.0,-1.8976377248764038
6675312640.0,-1.9088221788406372
6676250112.0,-1.9188017845153809
6677187584.0,-1.9246309995651245
6678125056.0,-1.9299321174621582
6679062528.0,-1.9333469867706299
6680000000.0,-1.9352298974990845
6680937472.0,-1.9382336139678955
6681874944.0,-1.9407768249511719
6682812416.0,-1.9430055618286133
6683749888.0,-1.9462230205535889
6684687360.0,-1.9484635591506958
6685624832.0,-1.9511443376541138
6686562304.0,-1.9542311429977417
6687499776.0,-1.9569276571273804
6688437248.0,-1.9604995250701904
6689375232.0,-1.965017318725586
6690312704.0,-1.9722788333892822
6691250176.0,-1.9783793687820435
6692187648.0,-1.985778570175171
6693125120.0,-1.9942747354507446
6694062592.0,-2.0041375160217285
6695000064.0,-2.0157830715179443
6695937536.0,-2.0287091732025146
6696875008.0,-2.0418179035186768
6697812480.0,-2.057579755783081
6698749952.0,-2.075019121170044
6699687424.0,-2.095283031463623
6700624896.0,-2.1161181926727295
6701562368.0,-2.139939785003662
6702499840.0,-2.1627578735351562
6703437312.0,-2.1868293285369873
6704374784.0,-2.209944009780884
6705312256.0,-2.2336747646331787
6706250240.0,-2.257063150405884
6707187712.0,-2.2816379070281982
6708125184.0,-2.303650140762329
6709062656.0,-2.3261263370513916
6710000128.0,-2.3468127250671387
6710937600.0,-2.3666775226593018
6711875072.0,-2.3830864429473877
6712812544.0,-2.3975889682769775
6713750016.0,-2.4099209308624268
6714687488.0,-2.419482707977295
6715624960.0,-2.4276204109191895
6716562432.0,-2.4346654415130615
6717499904.0,-2.4404444694519043
6718437376.0,-2.444005250930786
6719374848.0,-2.4470698833465576
6720312320.0,-2.448164939880371
6721249792.0,-2.4487781524658203
6722187264.0,-2.4491677284240723
6723125248.0,-2.4478158950805664
6724062720.0,-2.446043014526367
6725000192.0,-2.4210445880889893
6725937664.0,-2.421966314315796
6726875136.0,-2.425766944885254
6727812608.0,-2.4301953315734863
6728750080.0,-2.4371860027313232
6729687552.0,-2.4478042125701904
6730625024.0,-2.4598023891448975
6731562496.0,-2.4732868671417236
6732499968.0,-2.489915609359741
6733437440.0,-2.507734775543213
6734374912.0,-2.5284037590026855
6735312384.0,-2.5506205558776855
6736249856.0,-2.576537847518921
6737187328.0,-2.604304552078247
6738124800.0,-2.6342546939849854
6739062272.0,-2.666569232940674
6739999744.0,-2.700561285018921
6740937728.0,-2.7353975772857666
6741875200.0,-2.768833875656128
6742812672.0,-2.804215908050537
6743750144.0,-2.8393070697784424
6744687616.0,-2.8752083778381348
6745625088.0,-2.909797191619873
6746562560.0,-2.942124843597412
6747500032.0,-2.97206711769104
6748437504.0,-3.001378059387207
6749374976.0,-3.026667356491089
6750312448.0,-3.0510122776031494
6751249920.0,-3.0709540843963623
6752187392.0,-3.0915191173553467
6753124864.0,-3.1055729389190674
6754062336.0,-3.1167540550231934
6754999808.0,-3.124140739440918
6755937280.0,-3.1301515102386475
6756874752.0,-3.1299655437469482
6757812736.0,-3.1259231567382812
6758750208.0,-3.117377281188965
6759687680.0,-3.103755474090576
6760625152.0,-3.0846197605133057
6761562624.0,-3.0601143836975098
6762500096.0,-3.028939962387085
6763437568.0,-2.9952948093414307
6764375040.0,-2.9561853408813477
6765312512.0,-2.9125630855560303
6766249984.0,-2.8661258220672607
6767187456.0,-2.8155055046081543
6768124928.0,-2.759958028793335
6769062400.0,-2.703540802001953
6769999872.0,-2.6440649032592773
6770937344.0,-2.583726167678833
6771874816.0,-2.523615598678589
6772812288.0,-2.4619455337524414
6773749760.0,-2.401594400405884
6774687744.0,-2.339834690093994
6775625216.0,-2.280195713043213
6776562688.0,-2.220155954360962
6777500160.0,-2.1636857986450195
6778437632.0,-2.1123745441436768
6779375104.0,-2.065762996673584
6780312576.0,-2.0203936100006104
6781250048.0,-1.9805047512054443
6782187520.0,-1.9447457790374756
6783124992.0,-1.9135637283325195
6784062464.0,-1.8874300718307495
6784999936.0,-2.3432440757751465
6785937408.0,-2.327472448348999
6786874880.0,-2.311537504196167
6787812352.0,-2.295715808868408
6788749824.0,-2.279369831085205
6789687296.0,-2.266462802886963
6790624768.0,-2.253330945968628
6791562752.0,-2.2431225776672363
6792500224.0,-2.235731363296509
6793437696.0,-2.2295029163360596
6794375168.0,-2.224447727203369
6795312640.0,-2.219820261001587
6796250112.0,-2.2160425186157227
6797187584.0,-2.2137999534606934
6798125056.0,-2.212692975997925
6799062528.0,-2.211344003677368
6800000000.0,-2.214142322540283
6800937472.0,-2.218245267868042
6801874944.0,-2.2258758544921875
6802812416.0,-2.2358663082122803
6803749888.0,-2.250582218170166
6804687360.0,-2.2668380737304688
6805624832.0,-2.284571409225464
6806562304.0,-2.302389621734619
6807499776.0,-2.320448875427246
6808437248.0,-2.3396379947662354
6809375232.0,-2.3574228286743164
6810312704.0,-2.3721654415130615
6811250176.0,-2.3870201110839844
6812187648.0,-2.4001858234405518
6813125120.0,-2.4119200706481934
6814062592.0,-2.4241225719451904
6815000064.0,-2.4327452182769775
6815937536.0,-2.442375659942627
6816875008.0,-2.4477033615112305
6817812480.0,-2.4513211250305176
6818749952.0,-2.452683210372925
6819687424.0,-2.447760581970215
6820624896.0,-2.4401180744171143
6821562368.0,-2.429940700531006
6822499840.0,-2.413968324661255
6823437312.0,-2.3953146934509277
6824374784.0,-2.3756959438323975
6825312256.0,-2.3512203693389893
6826250240.0,-2.323547840118408
6827187712.0,-2.2935473918914795
6828125184.0,-2.2611207962036133
6829062656.0,-2.224763870239258
6830000128.0,-2.1883504390716553
6830937600.0,-2.1505260467529297
6831875072.0,-2.1089277267456055
6832812544.0,-2.0679805278778076
6833750016.0,-2.026831865310669
6834687488.0,-1.984727382659912
6835624960.0,-1.9433681964874268
6836562432.0,-1.9031785726547241
6837499904.0,-1.8648252487182617
6838437376.0,-1.8272705078125
6839374848.0,-1.7911356687545776
6840312320.0,-1.7565839290618896
6841249792.0,-1.7218965291976929
6842187264.0,-1.6902366876602173
6843125248.0,-1.659185528755188
6844062720.0,-1.6305861473083496
6845000192.0,-1.525281310081482
6845937664.0,-1.4980305433273315
6846875136.0,-1.474100112915039
6847812608.0,-1.4524658918380737
6848750080.0,-1.432802438735962
6849687552.0,-1.4176995754241943
6850625024.0,-1.404015064239502
6851562496.0,-1.3946887254714966
6852499968.0,-1.3886183500289917
6853437440.0,-1.3860224485397339
6854374912.0,-1.3857029676437378
6855312384.0,-1.388169288635254
6856249856.0,-1.3926911354064941
6857187328.0,-1.4000823497772217
6858124800.0,-1.408875584602356
6859062272.0,-1.420043706893921
6860000256.0,-1.4334571361541748
6860937728.0,-1.448197841644287
6861875200.0,-1.4644694328308105
6862812672.0,-1.4823702573776245
6863750144.0,-1.5015617609024048
6864687616.0,-1.5205379724502563
6865625088.0,-1.5377322435379028
6866562560.0,-1.5574722290039062
6867500032.0,-1.5755467414855957
6868437504.0,-1.5907007455825806
6869374976.0,-1.6078985929489136
6870312448.0,-1.6226645708084106
6871249920.0,-1.6347439289093018
6872187392.0,-1.6457637548446655
6873124864.0,-1.6553741693496704
6874062336.0,-1.6624354124069214
6874999808.0,-1.6664273738861084
6875937280.0,-1.6693493127822876
6876874752.0,-1.6688786745071411
6877812736.0,-1.6661877632141113
6878750208.0,-1.6605271100997925
6879687680.0,-1.6540484428405762
6880625152.0,-1.6416579484939575
6881562624.0,-1.6281777620315552
6882500096.0,-1.6103641986846924
6883437568.0,-1.590470790863037
6884375040.0,-1.5686527490615845
6885312512.0,-1.5437570810317993
6886249984.0,-1.517223596572876
6887187456.0,-1.4888380765914917
6888124928.0,-1.4592554569244385
6889062400.0,-1.4295704364776611
6889999872.0,-1.3981654644012451
6890937344.0,-1.3655705451965332
6891874816.0,-1.3338720798492432
6892812288.0,-1.3032355308532715
6893749760.0,-1.2729138135910034
6894687744.0,-1.2411810159683228
6895625216.0,-1.2124098539352417
6896562688.0,-1.1846823692321777
6897500160.0,-1.1546082496643066
6898437632.0,-1.1282999515533447
6899375104.0,-1.1034669876098633
6900312576.0,-1.0797584056854248
6901250048.0,-1.0580915212631226
6902187520.0,-1.0379984378814697
6903124992.0,-1.0205345153808594
6904062464.0,-1.0068836212158203
6904999936.0,-1.009210467338562
6905937408.0,-1.004757046699524
6906874880.0,-1.003264307975769
6907812352.0,-1.0027440786361694
6908749824.0,-1.0047941207885742
6909687296.0,-1.0075739622116089
6910624768.0,-1.010735034942627
6911562752.0,-1.0155082941055298
6912500224.0,-1.020824909210205
6913437696.0,-1.025617003440857
6914375168.0,-1.0309114456176758
6915312640.0,-1.0343254804611206
6916250112.0,-1.0376770496368408
6917187584.0,-1.0412300825119019
6918125056.0,-1.0425466299057007
6919062528.0,-1.042031168937683
6920000000.0,-1.0400950908660889
6920937472.0,-1.0359734296798706
6921874944.0,-1.0295860767364502
6922812416.0,-1.0215641260147095
6923749888.0,-1.0112630128860474
6924687360.0,-1.0004653930664062
6925624832.0,-0.9870094060897827
6926562304.0,-0.9724854230880737
6927499776.0,-0.9553017020225525
6928437248.0,-0.9378820657730103
6929375232.0,-0.9197565913200378
6930312704.0,-0.8997385501861572
6931250176.0,-0.8808029890060425
6932187648.0,-0.8602277636528015
6933125120.0,-0.838973879814148
6934062592.0,-0.8175011277198792
6935000064.0,-0.7945757508277893
6935937536.0,-0.7729732990264893
6936875008.0,-0.7507099509239197
6937812480.0,-0.727851152420044
6938749952.0,-0.7060390114784241
6939687424.0,-0.6854138970375061
6940624896.0,-0.6648550629615784
6941562368.0,-0.6467850804328918
6942499840.0,-0.6297308206558228
6943437312.0,-0.6152845025062561
6944374784.0,-0.6018859148025513
6945312256.0,-0.5893337726593018
6946250240.0,-0.5797241926193237
6947187712.0,-0.5705730319023132
6948125184.0,-0.5617706179618835
6949062656.0,-0.5560107827186584
6950000128.0,-0.5520629286766052
6950937600.0,-0.5488992929458618
6951875072.0,-0.5469259023666382
6952812544.0,-0.5470479726791382
6953750016.0,-0.5479860901832581
6954687488.0,-0.5494111180305481
6955624960.0,-0.5522533655166626
6956562432.0,-0.5592552423477173
6957499904.0,-0.5671293139457703
6958437376.0,-0.5754811763763428
6959374848.0,-0.5854710936546326
6960312320.0,-0.594731867313385
6961249792.0,-0.6047700643539429
6962187264.0,-0.6149185299873352
6963125248.0,-0.6260401010513306
6964062720.0,-0.6361665725708008
6965000192.0,-0.5420633554458618
6965937664.0,-0.5507601499557495
6966875136.0,-0.5606179237365723
6967812608.0,-0.5695939660072327
6968750080.0,-0.5802977085113525
6969687552.0,-0.5907244682312012
6970625024.0,-0.6024034023284912
6971562496.0,-0.6138092279434204
6972499968.0,-0.625312864780426
6973437440.0,-0.6379028558731079
6974374912.0,-0.6495527625083923
6975312384.0,-0.6601297855377197
6976249856.0,-0.6707412600517273
6977187328.0,-0.6819674372673035
6978124800.0,-0.6935138702392578
6979062272.0,-0.7047430872917175
6979999744.0,-0.7156993746757507
6980937728.0,-0.7267768979072571
6981875200.0,-0.736565113067627
6982812672.0,-0.7466438412666321
6983750144.0,-0.7556379437446594
6984687616.0,-0.7634714245796204
6985625088.0,-0.7710120677947998
6986562560.0,-0.7788692712783813
6987500032.0,-0.7856286764144897
6988437504.0,-0.7918220162391663
6989374976.0,-0.798260509967804
6990312448.0,-0.8021001219749451
6991249920.0,-0.8063105940818787
6992187392.0,-0.8073817491531372
6993124864.0,-0.8075531125068665
6994062336.0,-0.8062530755996704
6994999808.0,-0.8024433255195618
6995937280.0,-0.7982131242752075
6996874752.0,-0.792619526386261
6997812736.0,-0.7856215834617615
6998750208.0,-0.777256965637207
6999687680.0,-0.7694507837295532
7000625152.0,-0.7602561116218567
7001562624.0,-0.7488363981246948
7002500096.0,-0.7371881604194641
7003437568.0,-0.7257488369941711
7004375040.0,-0.7130274772644043
7005312512.0,-0.6996395587921143
7006249984.0,-0.6867650151252747
7007187456.0,-0.6716071367263794
7008124928.0,-0.6543875932693481
7009062400.0,-0.6367179751396179
7009999872.0,-0.6190451383590698
7010937344.0,-0.6009634733200073
7011874816.0,-0.5831911563873291
7012812288.0,-0.5648912787437439
7013749760.0,-0.5482702851295471
7014687744.0,-0.5325003862380981
7015625216.0,-0.5173176527023315
7016562688.0,-0.5024850964546204
7017500160.0,-0.4891998767852783
7018437632.0,-0.4760948717594147
7019375104.0,-0.46251872181892395
7020312576.0,-0.45018628239631653
7021250048.0,-0.43826740980148315
7022187520.0,-0.42624858021736145
7023124992.0,-0.4159102141857147
7024062464.0,-0.4041639566421509
7024999936.0,-0.31696492433547974
7025937408.0,-0.31945306062698364
7026874880.0,-0.3225732445716858
7027812352.0,-0.32742127776145935
7028749824.0,-0.3325454890727997
7029687296.0,-0.34121400117874146
7030624768.0,-0.3489448130130768
7031562752.0,-0.35792475938796997
7032500224.0,-0.36790260672569275
7033437696.0,-0.38007238507270813
7034375168.0,-0.39222729206085205
7035312640.0,-0.40464919805526733
7036250112.0,-0.4178614616394043
7037187584.0,-0.4316594898700714
7038125056.0,-0.44599032402038574
7039062528.0,-0.4598393440246582
7040000000.0,-0.47402042150497437
7040937472.0,-0.4878653883934021
7041874944.0,-0.5020293593406677
7042812416.0,-0.5163067579269409
7043749888.0,-0.5297187566757202
7044687360.0,-0.5435775518417358
7045624832.0,-0.5559144020080566
7046562304.0,-0.5695433020591736
7047499776.0,-0.5798169374465942
7048437248.0,-0.590809166431427
7049375232.0,-0.6009724140167236
7050312704.0,-0.6105420589447021
7051250176.0,-0.6182382702827454
7052187648.0,-0.6248076558113098
7053125120.0,-0.6291465759277344
7054062592.0,-0.6332463622093201
7055000064.0,-0.6343433260917664
7055937536.0,-0.6334571242332458
7056875008.0,-0.6323980093002319
7057812480.0,-0.6302691102027893
7058749952.0,-0.6301721930503845
7059687424.0,-0.6293314099311829
7060624896.0,-0.6256129145622253
7061562368.0,-0.6228882670402527
7062499840.0,-0.6156480312347412
7063437312.0,-0.6101863384246826
7064374784.0,-0.6041132211685181
7065312256.0,-0.5947991013526917
7066250240.0,-0.5853570103645325
7067187712.0,-0.575096607208252
7068125184.0,-0.5629895925521851
7069062656.0,-0.5501784086227417
7070000128.0,-0.5377965569496155
7070937600.0,-0.5229873061180115
7071875072.0,-0.5085915327072144
7072812544.0,-0.49424052238464355
7073750016.0,-0.4809304177761078
7074687488.0,-0.4640756845474243
7075624960.0,-0.4484080374240875
7076562432.0,-0.4331474304199219
7077499904.0,-0.41703251004219055
7078437376.0,-0.3996553122997284
7079374848.0,-0.3841950595378876
7080312320.0,-0.36811938881874084
7081249792.0,-0.3523971438407898
7082187264.0,-0.3368694484233856
7083125248.0,-0.3214692771434784
7084062720.0,-0.306046724319458
7085000192.0,-0.37000414729118347
7085937664.0,-0.3576922118663788
7086875136.0,-0.3464653491973877
7087812608.0,-0.3349386155605316
7088750080.0,-0.3248339891433716
7089687552.0,-0.31516438722610474
7090625024.0,-0.3057050108909607
7091562496.0,-0.2981775999069214
7092499968.0,-0.29155704379081726
7093437440.0,-0.2851494550704956
7094374912.0,-0.28104668855667114
7095312384.0,-0.27764853835105896
7096249856.0,-0.27470290660858154
7097187328.0,-0.274041086435318
7098124800.0,-0.2763550579547882
7099062272.0,-0.2781866788864136
7100000256.0,-0.2825155556201935
7100937728.0,-0.2888202667236328
7101875200.0,-0.2960776090621948
7102812672.0,-0.30591529607772827
7103750144.0,-0.3159305155277252
7104687616.0,-0.3285749852657318
7105625088.0,-0.34131819009780884
7106562560.0,-0.35551658272743225
7107500032.0,-0.3713911175727844
7108437504.0,-0.3884489834308624
7109374976.0,-0.408187597990036
7110312448.0,-0.4296673536300659
7111249920.0,-0.4509715437889099
7112187392.0,-0.4741649925708771
7113124864.0,-0.4971458613872528
7114062336.0,-0.5205932259559631
7114999808.0,-0.5440951585769653
7115937280.0,-0.5665615200996399
7116874752.0,-0.5893428325653076
7117812736.0,-0.6118744611740112
7118750208.0,-0.6329473257064819
7119687680.0,-0.6526300311088562
7120625152.0,-0.6720245480537415
7121562624.0,-0.6900313496589661
7122500096.0,-0.7063397169113159
7123437568.0,-0.7210444211959839
7124375040.0,-0.7341530323028564
7125312512.0,-0.7435503005981445
7126249984.0,-0.7523089051246643
7127187456.0,-0.7596185207366943
7128124928.0,-0.7632700800895691
7129062400.0,-0.7659527063369751
7129999872.0,-0.7654024958610535
7130937344.0,-0.7631900906562805
7131874816.0,-0.7584246397018433
7132812288.0,-0.7517398595809937
7133749760.0,-0.7422035336494446
7134687744.0,-0.7321716547012329
7135625216.0,-0.7196602821350098
7136562688.0,-0.706958532333374
7137500160.0,-0.6904107332229614
7138437632.0,-0.6743016839027405
7139375104.0,-0.6554204821586609
7140312576.0,-0.6349589824676514
7141250048.0,-0.613632082939148
7142187520.0,-0.5929149389266968
7143124992.0,-0.570103645324707
7144062464.0,-0.4391590356826782
7144999936.0,-0.43671712279319763
7145937408.0,-0.43450412154197693
7146874880.0,-0.4306245744228363
7147812352.0,-0.4264281988143921
7148749824.0,-0.4236440360546112
7149687296.0,-0.4210285246372223
7150624768.0,-0.4189327359199524
7151562752.0,-0.4167935848236084
7152500224.0,-0.41634589433670044
7153437696.0,-0.416471391916275
7154375168.0,-0.4193030893802643
7155312640.0,-0.4211398661136627
7156250112.0,-0.42615407705307007
7157187584.0,-0.43034207820892334
7158125056.0,-0.43939873576164246
7159062528.0,-0.44765934348106384
7160000000.0,-0.4554695188999176
7160937472.0,-0.4622732698917389
7161874944.0,-0.4694969654083252
7162812416.0,-0.4781075417995453
7163749888.0,-0.48765021562576294
7164687360.0,-0.49722379446029663
7165624832.0,-0.5079619884490967
7166562304.0,-0.5176689624786377
7167499776.0,-0.5285647511482239
7168437248.0,-0.538949728012085
7169375232.0,-0.5479976534843445
7170312704.0,-0.5566678047180176
7171250176.0,-0.564214289188385
7172187648.0,-0.5705251097679138
7173125120.0,-0.5764383673667908
7174062592.0,-0.5817466378211975
7175000064.0,-0.5823270678520203
7175937536.0,-0.5833525061607361
7176875008.0,-0.5832220315933228
7177812480.0,-0.5800233483314514
7178749952.0,-0.5764394402503967
7179687424.0,-0.5702902674674988
7180624896.0,-0.562660276889801
7181562368.0,-0.5543144941329956
7182499840.0,-0.5453001856803894
7183437312.0,-0.535305917263031
7184374784.0,-0.5230430960655212
7185312256.0,-0.5097569227218628
7186250240.0,-0.4924473166465759
7187187712.0,-0.47621163725852966
7188125184.0,-0.45685142278671265
7189062656.0,-0.4390481114387512
7190000128.0,-0.4194004535675049
7190937600.0,-0.3996146619319916
7191875072.0,-0.3811497092247009
7192812544.0,-0.361477792263031
7193750016.0,-0.34269392490386963
7194687488.0,-0.32482975721359253
7195624960.0,-0.30784350633621216
7196562432.0,-0.2924072742462158
7197499904.0,-0.2772689759731293
7198437376.0,-0.26391974091529846
7199374848.0,-0.2515910267829895
7200312320.0,-0.24224498867988586
7201249792.0,-0.23410150408744812
7202187264.0,-0.22748389840126038
7203125248.0,-0.2239084392786026
7204062720.0,-0.32849305868148804
7205000192.0,-0.3407447636127472
7205937664.0,-0.3554774820804596
7206875136.0,-0.37320080399513245
7207812608.0,-0.39452895522117615
7208750080.0,-0.41724181175231934
7209687552.0,-0.44204211235046387
7210625024.0,-0.47044575214385986
7211562496.0,-0.5019674897193909
7212499968.0,-0.5345858335494995
7213437440.0,-0.5672069191932678
7214374912.0,-0.6014131307601929
7215312384.0,-0.6353878378868103
7216249856.0,-0.6689022779464722
7217187328.0,-0.7029661536216736
7218124800.0,-0.7358457446098328
7219062272.0,-0.7674468755722046
7219999744.0,-0.796027421951294
7220937728.0,-0.8224318027496338
7221875200.0,-0.8465685248374939
7222812672.0,-0.8656935691833496
7223750144.0,-0.8809298872947693
7224687616.0,-0.8918411135673523
7225625088.0,-0.9000025987625122
7226562560.0,-0.90301913022995
7227500032.0,-0.90146803855896
7228437504.0,-0.8956981301307678
7229374976.0,-0.8848803639411926
7230312448.0,-0.8693730235099792
7231249920.0,-0.8493841886520386
7232187392.0,-0.8263153433799744
7233124864.0,-0.7983887195587158
7234062336.0,-0.7666860818862915
7234999808.0,-0.7329500317573547
7235937280.0,-0.6979948878288269
7236874752.0,-0.6604209542274475
7237812736.0,-0.6230712532997131
7238750208.0,-0.5819653272628784
7239687680.0,-0.5417394638061523
7240625152.0,-0.5010333061218262
7241562624.0,-0.45821937918663025
7242500096.0,-0.4163094460964203
7243437568.0,-0.3734794855117798
7244375040.0,-0.3300777077674866
7245312512.0,-0.288303941488266
7246249984.0,-0.24800151586532593
7247187456.0,-0.20993474125862122
7248124928.0,-0.173158198595047
7249062400.0,-0.1389499306678772
7249999872.0,-0.10672511905431747
7250937344.0,-0.0781773254275322
7251874816.0,-0.051913708448410034
7252812288.0,-0.030739355832338333
7253749760.0,-0.011329914443194866
7254687744.0,0.0038003043737262487
7255625216.0,0.01565452478826046
7256562688.0,0.02239050157368183
7257500160.0,0.025534994900226593
7258437632.0,0.02261222153902054
7259375104.0,0.017293347045779228
7260312576.0,0.007051456719636917
7261250048.0,-0.0064072925597429276
7262187520.0,-0.026099510490894318
7263124992.0,-0.04778514802455902
7264062464.0,-0.31914249062538147
7264999936.0,-0.3157280683517456
7265937408.0,-0.31360870599746704
7266874880.0,-0.3144288659095764
7267812352.0,-0.31730589270591736
7268749824.0,-0.32485243678092957
7269687296.0,-0.33289897441864014
7270624768.0,-0.343213826417923
7271562752.0,-0.3551861643791199
7272500224.0,-0.36961737275123596
7273437696.0,-0.3850548565387726
7274375168.0,-0.40085601806640625
7275312640.0,-0.4181007742881775
7276250112.0,-0.43676531314849854
7277187584.0,-0.45344579219818115
7278125056.0,-0.46970134973526
7279062528.0,-0.4853079617023468
7280000000.0,-0.4989710748195648
7280937472.0,-0.5123705863952637
7281874944.0,-0.5239211916923523
7282812416.0,-0.5327617526054382
7283749888.0,-0.5400075912475586
7284687360.0,-0.5443824529647827
7285624832.0,-0.5478817820549011
7286562304.0,-0.547213077545166
7287499776.0,-0.5478542447090149
7288437248.0,-0.5472148060798645
7289375232.0,-0.5446285009384155
7290312704.0,-0.5387987494468689
7291250176.0,-0.5308061242103577
7292187648.0,-0.5210304856300354
7293125120.0,-0.5101522207260132
7294062592.0,-0.4962920844554901
7295000064.0,-0.48099568486213684
7295937536.0,-0.46524178981781006
7296875008.0,-0.44875290989875793
7297812480.0,-0.4309459626674652
7298749952.0,-0.4134597182273865
7299687424.0,-0.39475831389427185
7300624896.0,-0.3760550320148468
7301562368.0,-0.35816118121147156
7302499840.0,-0.3395698368549347
7303437312.0,-0.32349371910095215
7304374784.0,-0.30843472480773926
7305312256.0,-0.29293903708457947
7306250240.0,-0.2796327769756317
7307187712.0,-0.2684458792209625
7308125184.0,-0.2574845552444458
7309062656.0,-0.24795283377170563
7310000128.0,-0.23996619880199432
7310937600.0,-0.23316071927547455
7311875072.0,-0.22924965620040894
7312812544.0,-0.22524571418762207
7313750016.0,-0.2230687141418457
7314687488.0,-0.22189706563949585
7315624960.0,-0.2219586819410324
7316562432.0,-0.2197858691215515
7317499904.0,-0.21982441842556
7318437376.0,-0.21831277012825012
7319374848.0,-0.2160770297050476
7320312320.0,-0.21310260891914368
7321249792.0,-0.20857852697372437
7322187264.0,-0.20138457417488098
7323125248.0,-0.1925426870584488
7324062720.0,-0.33542782068252563
7325000192.0,-0.31303873658180237
7325937664.0,-0.28950321674346924
7326875136.0,-0.26324859261512756
7327812608.0,-0.23628249764442444
7328750080.0,-0.20870554447174072
7329687552.0,-0.1805439293384552
7330625024.0,-0.15296702086925507
7331562496.0,-0.1271357536315918
7332499968.0,-0.10273739695549011
7333437440.0,-0.08210621774196625
7334374912.0,-0.06323082000017166
7335312384.0,-0.05083279311656952
7336249856.0,-0.04093959555029869
7337187328.0,-0.038468264043331146
7338124800.0,-0.03851696103811264
7339062272.0,-0.04054528847336769
7340000256.0,-0.047962773591279984
7340937728.0,-0.060604676604270935
7341875200.0,-0.07653308659791946
7342812672.0,-0.0960659384727478
7343750144.0,-0.11990859359502792
7344687616.0,-0.14529086649417877
7345625088.0,-0.17074334621429443
7346562560.0,-0.19790910184383392
7347500032.0,-0.22410078346729279
7348437504.0,-0.24891416728496552
7349374976.0,-0.27271541953086853
7350312448.0,-0.2924838066101074
7351249920.0,-0.30902212858200073
7352187392.0,-0.32190218567848206
7353124864.0,-0.32981759309768677
7354062336.0,-0.3327926993370056
7354999808.0,-0.33123937249183655
7355937280.0,-0.3247282803058624
7356874752.0,-0.31325602531433105
7357812736.0,-0.2979430854320526
7358750208.0,-0.2778649628162384
7359687680.0,-0.2551123797893524
7360625152.0,-0.22786559164524078
7361562624.0,-0.1987946629524231
7362500096.0,-0.16735197603702545
7363437568.0,-0.13507086038589478
7364375040.0,-0.10119044780731201
7365312512.0,-0.06702414900064468
7366249984.0,-0.03613777086138725
7367187456.0,-0.00802965834736824
7368124928.0,0.016423165798187256
7369062400.0,0.03714669495820999
7369999872.0,0.053793903440237045
7370937344.0,0.06673657149076462
7371874816.0,0.07630301266908646
7372812288.0,0.0832049548625946
7373749760.0,0.08829709887504578
7374687744.0,0.09144875407218933
7375625216.0,0.09348446130752563
7376562688.0,0.094945028424263
7377500160.0,0.0935467928647995
7378437632.0,0.09159918129444122
7379375104.0,0.08935408294200897
7380312576.0,0.08629441261291504
7381250048.0,0.08051211386919022
7382187520.0,0.07417969405651093
7383124992.0,0.06629244238138199
7384062464.0,-0.23890426754951477
7384999936.0,-0.2565065324306488
7385937408.0,-0.2716127932071686
7386874880.0,-0.28839460015296936
7387812352.0,-0.3034698963165283
7388749824.0,-0.3180067241191864
7389687296.0,-0.33017003536224365
7390624768.0,-0.3415887653827667
7391562752.0,-0.34951546788215637
7392500224.0,-0.35433733463287354
7393437696.0,-0.3562975525856018
7394375168.0,-0.355491578578949
7395312640.0,-0.3504932224750519
7396250112.0,-0.34245678782463074
7397187584.0,-0.3308653235435486
7398125056.0,-0.31596246361732483
7399062528.0,-0.29763948917388916
7400000000.0,-0.2750500440597534
7400937472.0,-0.25132423639297485
7401874944.0,-0.2228434979915619
7402812416.0,-0.1923859715461731
7403749888.0,-0.161203995347023
7404687360.0,-0.12726248800754547
7405624832.0,-0.09228848665952682
7406562304.0,-0.05570889636874199
7407499776.0,-0.019188933074474335
7408437248.0,0.017220821231603622
7409375232.0,0.053386446088552475
7410312704.0,0.08830858021974564
7411250176.0,0.12233169376850128
7412187648.0,0.15526853501796722
7413125120.0,0.18387076258659363
7414062592.0,0.21178273856639862
7415000064.0,0.23683978617191315
7415937536.0,0.25939568877220154
7416875008.0,0.2776823043823242
7417812480.0,0.29291412234306335
7418749952.0,0.3046935498714447
7419687424.0,0.3131716847419739
7420624896.0,0.3183116912841797
7421562368.0,0.3183771073818207
7422499840.0,0.31573745608329773
7423437312.0,0.309264212846756
7424374784.0,0.29981881380081177
7425312256.0,0.286440908908844
7426250240.0,0.26924067735671997
7427187712.0,0.25142285227775574
7428125184.0,0.22829727828502655
7429062656.0,0.20343253016471863
7430000128.0,0.17675593495368958
7430937600.0,0.14826321601867676
7431875072.0,0.11711308360099792
7432812544.0,0.08550704270601273
7433750016.0,0.05430088937282562
7434687488.0,0.02215120568871498
7435624960.0,-0.011472550220787525
7436562432.0,-0.04371185228228569
7437499904.0,-0.07494020462036133
7438437376.0,-0.10521799325942993
7439374848.0,-0.13508671522140503
7440312320.0,-0.16435934603214264
7441249792.0,-0.19260717928409576
7442187264.0,-0.21872633695602417
7443125248.0,-0.24445217847824097
7444062720.0,0.00695906113833189
7445000192.0,-0.009212475270032883
7445937664.0,-0.024285031482577324
7446875136.0,-0.04147367551922798
7447812608.0,-0.05883753299713135
7448750080.0,-0.0750022903084755
7449687552.0,-0.09067635238170624
7450625024.0,-0.10580509155988693
7451562496.0,-0.1195177361369133
7452499968.0,-0.13099344074726105
7453437440.0,-0.1400877982378006
7454374912.0,-0.14947491884231567
7455312384.0,-0.154987633228302
7456249856.0,-0.15916991233825684
7457187328.0,-0.1606895625591278
7458124800.0,-0.15916411578655243
7459062272.0,-0.1563345044851303
7459999744.0,-0.15111877024173737
7460937728.0,-0.14490440487861633
7461875200.0,-0.13589546084403992
7462812672.0,-0.12660115957260132
7463750144.0,-0.11584524810314178
7464687616.0,-0.10503456741571426
7465625088.0,-0.09441199898719788
7466562560.0,-0.08589054644107819
7467500032.0,-0.0769558846950531
7468437504.0,-0.06959128379821777
7469374976.0,-0.060885149985551834
7470312448.0,-0.05414186790585518
7471249920.0,-0.04786044359207153
7472187392.0,-0.04331521317362785
7473124864.0,-0.03882027044892311
7474062336.0,-0.03699685260653496
7474999808.0,-0.036516837775707245
7475937280.0,-0.03673915937542915
7476874752.0,-0.03980208560824394
7477812736.0,-0.042788222432136536
7478750208.0,-0.048188816756010056
7479687680.0,-0.054951656609773636
7480625152.0,-0.062807597219944
7481562624.0,-0.07276134938001633
7482500096.0,-0.08240817487239838
7483437568.0,-0.0937303751707077
7484375040.0,-0.10521197319030762
7485312512.0,-0.11641959846019745
7486249984.0,-0.12889593839645386
7487187456.0,-0.13960422575473785
7488124928.0,-0.1508430391550064
7489062400.0,-0.15979808568954468
7489999872.0,-0.17010654509067535
7490937344.0,-0.17756490409374237
7491874816.0,-0.18221278488636017
7492812288.0,-0.1858721822500229
7493749760.0,-0.18706025183200836
7494687744.0,-0.18633268773555756
7495625216.0,-0.18359220027923584
7496562688.0,-0.17931677401065826
7497500160.0,-0.17401793599128723
7498437632.0,-0.1669946163892746
7499375104.0,-0.15696103870868683
7500312576.0,-0.14754725992679596
7501250048.0,-0.13705097138881683
7502187520.0,-0.1282735913991928
7503124992.0,-0.11745797842741013
7504062464.0,-0.09937024116516113
7504999936.0,-0.07567847520112991
7505937408.0,-0.05334402993321419
7506874880.0,-0.03520834073424339
7507812352.0,-0.019307179376482964
7508749824.0,-0.007655433379113674
7509687296.0,-0.0005414288025349379
7510624768.0,0.0026207314804196358
7511562752.0,0.0021838832180947065
7512500224.0,-0.0015568379312753677
7513437696.0,-0.009807837195694447
7514375168.0,-0.020151127129793167
7515312640.0,-0.0335499569773674
7516250112.0,-0.04884353652596474
7517187584.0,-0.06317321956157684
7518125056.0,-0.0777352973818779
7519062528.0,-0.0934901013970375
7520000000.0,-0.10904334485530853
7520937472.0,-0.12469272315502167
7521874944.0,-0.13809479773044586
7522812416.0,-0.15122228860855103
7523749888.0,-0.16125701367855072
7524687360.0,-0.1685556024312973
7525624832.0,-0.17322316765785217
7526562304.0,-0.17612828314304352
7527499776.0,-0.17517536878585815
7528437248.0,-0.17129744589328766
7529375232.0,-0.16512542963027954
7530312704.0,-0.15623529255390167
7531250176.0,-0.14593151211738586
7532187648.0,-0.13300089538097382
7533125120.0,-0.12015624344348907
7534062592.0,-0.10613489896059036
7535000064.0,-0.0915827602148056
7535937536.0,-0.0775885209441185
7536875008.0,-0.06397069990634918
7537812480.0,-0.0524270124733448
7538749952.0,-0.042905330657958984
7539687424.0,-0.036496348679065704
7540624896.0,-0.03236906975507736
7541562368.0,-0.03293827921152115
7542499840.0,-0.03561289608478546
7543437312.0,-0.0423809178173542
7544374784.0,-0.053740233182907104
7545312256.0,-0.06840667128562927
7546250240.0,-0.08681917190551758
7547187712.0,-0.10887041687965393
7548125184.0,-0.1345071643590927
7549062656.0,-0.16231879591941833
7550000128.0,-0.19165585935115814
7550937600.0,-0.2218034863471985
7551875072.0,-0.25179001688957214
7552812544.0,-0.27935588359832764
7553750016.0,-0.30433693528175354
7554687488.0,-0.3267819881439209
7555624960.0,-0.3477601706981659
7556562432.0,-0.3646388053894043
7557499904.0,-0.379658043384552
7558437376.0,-0.39434632658958435
7559374848.0,-0.40705665946006775
7560312320.0,-0.41998690366744995
7561249792.0,-0.43196332454681396
7562187264.0,-0.4433625340461731
7563125248.0,-0.45530611276626587
7564062720.0,-0.4538228213787079
7565000192.0,-0.4398479759693146
7565937664.0,-0.42296159267425537
7566875136.0,-0.40653663873672485
7567812608.0,-0.3834907114505768
7568750080.0,-0.3594365417957306
7569687552.0,-0.3336191177368164
7570625024.0,-0.3070175051689148
7571562496.0,-0.28109627962112427
7572499968.0,-0.25225740671157837
7573437440.0,-0.22436141967773438
7574374912.0,-0.19674763083457947
7575312384.0,-0.16922540962696075
7576249856.0,-0.1416744738817215
7577187328.0,-0.11610620468854904
7578124800.0,-0.09115738421678543
7579062272.0,-0.06773407757282257
7580000256.0,-0.045226991176605225
7580937728.0,-0.025412650778889656
7581875200.0,-0.00801512785255909
7582812672.0,0.007503394037485123
7583750144.0,0.021241581067442894
7584687616.0,0.032879650592803955
7585625088.0,0.04246027395129204
7586562560.0,0.04839523881673813
7587500032.0,0.05212970823049545
7588437504.0,0.053494472056627274
7589374976.0,0.05266597867012024
7590312448.0,0.04999556764960289
7591249920.0,0.04394174739718437
7592187392.0,0.03623783215880394
7593124864.0,0.027754168957471848
7594062336.0,0.018610160797834396
7594999808.0,0.007748408243060112
7595937280.0,-0.005642563570290804
7596874752.0,-0.02065671794116497
7597812736.0,-0.03656920790672302
7598750208.0,-0.05323682352900505
7599687680.0,-0.07053811103105545
7600625152.0,-0.08860182017087936
7601562624.0,-0.10720580816268921
7602500096.0,-0.12531982362270355
7603437568.0,-0.1442190706729889
7604375040.0,-0.16219080984592438
7605312512.0,-0.1804543137550354
7606249984.0,-0.1965048462152481
7607187456.0,-0.21149063110351562
7608124928.0,-0.22672629356384277
7609062400.0,-0.23982156813144684
7609999872.0,-0.25311723351478577
7610937344.0,-0.2643154263496399
7611874816.0,-0.27361902594566345
7612812288.0,-0.2824922204017639
7613749760.0,-0.28820323944091797
7614687744.0,-0.29505619406700134
7615625216.0,-0.298094242811203
7616562688.0,-0.30065950751304626
7617500160.0,-0.30254435539245605
7618437632.0,-0.30570077896118164
7619375104.0,-0.3108523488044739
7620312576.0,-0.3138687312602997
7621250048.0,-0.31857696175575256
7622187520.0,-0.3207138478755951
7623124992.0,-0.32339346408843994
7624062464.0,-0.32056623697280884
7624999936.0,-0.3256116509437561
7625937408.0,-0.32714661955833435
7626874880.0,-0.32798248529434204
7627812352.0,-0.32681357860565186
7628749824.0,-0.3223884105682373
7629687296.0,-0.31826719641685486
7630624768.0,-0.3104228079319
7631562752.0,-0.3010166585445404
7632500224.0,-0.2915172576904297
7633437696.0,-0.2799648940563202
7634375168.0,-0.2684079110622406
7635312640.0,-0.2557724416255951
7636250112.0,-0.2422364503145218
7637187584.0,-0.22828535735607147
7638125056.0,-0.21423643827438354
7639062528.0,-0.19950821995735168
7640000000.0,-0.18539762496948242
7640937472.0,-0.1721264272928238
7641874944.0,-0.15953640639781952
7642812416.0,-0.14819912612438202
7643749888.0,-0.13916003704071045
7644687360.0,-0.13365879654884338
7645624832.0,-0.1282329261302948
7646562304.0,-0.12457742542028427
7647499776.0,-0.12301766872406006
7648437248.0,-0.12041137367486954
7649375232.0,-0.1209506168961525
7650312704.0,-0.12255892157554626
7651250176.0,-0.12588106095790863
7652187648.0,-0.12861815094947815
7653125120.0,-0.13362371921539307
7654062592.0,-0.14015701413154602
7655000064.0,-0.14677920937538147
7655937536.0,-0.15337783098220825
7656875008.0,-0.16190750896930695
7657812480.0,-0.16947877407073975
7658749952.0,-0.1782832145690918
7659687424.0,-0.18743117153644562
7660624896.0,-0.19570602476596832
7661562368.0,-0.20427629351615906
7662499840.0,-0.2118336409330368
7663437312.0,-0.22059254348278046
7664374784.0,-0.22792977094650269
7665312256.0,-0.2347400039434433
7666250240.0,-0.2409413456916809
7667187712.0,-0.24558000266551971
7668125184.0,-0.2502269744873047
7669062656.0,-0.2525491714477539
7670000128.0,-0.25426366925239563
7670937600.0,-0.25439637899398804
7671875072.0,-0.2546272873878479
7672812544.0,-0.25159406661987305
7673750016.0,-0.2494894117116928
7674687488.0,-0.24639543890953064
7675624960.0,-0.24110515415668488
7676562432.0,-0.2347317785024643
7677499904.0,-0.22781333327293396
7678437376.0,-0.22021755576133728
7679374848.0,-0.2129320502281189
7680312320.0,-0.20385022461414337
7681249792.0,-0.1952499896287918
7682187264.0,-0.18527300655841827
7683125248.0,-0.17594517767429352
7684062720.0,0.057993363589048386
7685000192.0,0.07113300263881683
7685937664.0,0.0820854976773262
7686875136.0,0.09013915061950684
7687812608.0,0.09591410309076309
7688750080.0,0.10109993070363998
7689687552.0,0.10156307369470596
7690625024.0,0.09988453984260559
7691562496.0,0.09527133405208588
7692499968.0,0.08720643818378448
7693437440.0,0.07850810140371323
7694374912.0,0.06815027445554733
7695312384.0,0.053001269698143005
7696249856.0,0.037353597581386566
7697187328.0,0.018007628619670868
7698124800.0,-0.0012443268205970526
7699062272.0,-0.023376110941171646
7699999744.0,-0.045447204262018204
7700937728.0,-0.06999082863330841
7701875200.0,-0.09390942752361298
7702812672.0,-0.11624227464199066
7703750144.0,-0.13982191681861877
7704687616.0,-0.16240659356117249
7705625088.0,-0.18366235494613647
7706562560.0,-0.20440985262393951
7707500032.0,-0.22255080938339233
7708437504.0,-0.240219846367836
7709374976.0,-0.25550976395606995
7710312448.0,-0.26966142654418945
7711249920.0,-0.281857967376709
7712187392.0,-0.2911675274372101
7713124864.0,-0.29918864369392395
7714062336.0,-0.3068368136882782
7714999808.0,-0.311001718044281
7715937280.0,-0.31307509541511536
7716874752.0,-0.31458690762519836
7717812736.0,-0.31266695261001587
7718750208.0,-0.31215113401412964
7719687680.0,-0.30884966254234314
7720625152.0,-0.3045203387737274
7721562624.0,-0.29735562205314636
7722500096.0,-0.2907901704311371
7723437568.0,-0.2833039164543152
7724375040.0,-0.2751823663711548
7725312512.0,-0.2674711048603058
7726249984.0,-0.2601431608200073
7727187456.0,-0.2515144348144531
7728124928.0,-0.24376274645328522
7729062400.0,-0.23691017925739288
7729999872.0,-0.2300516963005066
7730937344.0,-0.2230740636587143
7731874816.0,-0.21842077374458313
7732812288.0,-0.2132880538702011
7733749760.0,-0.2093936800956726
7734687744.0,-0.20728136599063873
7735625216.0,-0.20341287553310394
7736562688.0,-0.20190827548503876
7737500160.0,-0.20010468363761902
7738437632.0,-0.20103664696216583
7739375104.0,-0.2020670473575592
7740312576.0,-0.20386499166488647
7741250048.0,-0.2077004611492157
7742187520.0,-0.21164916455745697
7743124992.0,-0.21698124706745148
7744062464.0,-0.19300711154937744
7744999936.0,-0.159031942486763
7745937408.0,-0.1199372261762619
7746874880.0,-0.0801304504275322
7747812352.0,-0.041023511439561844
7748749824.0,-0.005081810522824526
7749687296.0,0.030557017773389816
7750624768.0,0.06463915854692459
7751562752.0,0.09442353248596191
7752500224.0,0.12252664566040039
7753437696.0,0.14694643020629883
7754375168.0,0.16742803156375885
7755312640.0,0.1840236485004425
7756250112.0,0.19753751158714294
7757187584.0,0.20807026326656342
7758125056.0,0.21518723666667938
7759062528.0,0.21863165497779846
7760000000.0,0.21924030780792236
7760937472.0,0.21700090169906616
7761874944.0,0.21078655123710632
7762812416.0,0.2026248425245285
7763749888.0,0.1905284970998764
7764687360.0,0.17851071059703827
7765624832.0,0.1631912738084793
7766562304.0,0.146292045712471
7767499776.0,0.12842382490634918
7768437248.0,0.10917792469263077
7769375232.0,0.08904798328876495
7770312704.0,0.0685664564371109
7771250176.0,0.04850458353757858
7772187648.0,0.02967297099530697
7773125120.0,0.009135182946920395
7774062592.0,-0.01117027085274458
7775000064.0,-0.030095797032117844
7775937536.0,-0.050640203058719635
7776875008.0,-0.06930378079414368
7777812480.0,-0.08737876266241074
7778749952.0,-0.10379932075738907
7779687424.0,-0.12049506604671478
7780624896.0,-0.1355527937412262
7781562368.0,-0.1509193778038025
7782499840.0,-0.1647988259792328
7783437312.0,-0.1757640838623047
7784374784.0,-0.1872125267982483
7785312256.0,-0.19769026339054108
7786250240.0,-0.20776163041591644
7787187712.0,-0.215334951877594
7788125184.0,-0.22399620711803436
7789062656.0,-0.23077228665351868
7790000128.0,-0.23761871457099915
7790937600.0,-0.24300822615623474
7791875072.0,-0.24798552691936493
7792812544.0,-0.2529829144477844
7793750016.0,-0.25747212767601013
7794687488.0,-0.260885089635849
7795624960.0,-0.26403358578681946
7796562432.0,-0.2666730582714081
7797499904.0,-0.2720229923725128
7798437376.0,-0.2764491140842438
7799374848.0,-0.28003498911857605
7800312320.0,-0.2817426919937134
7801249792.0,-0.2818982005119324
7802187264.0,-0.28134557604789734
7803125248.0,-0.2791755795478821
7804062720.0,-0.25919896364212036
7805000192.0,-0.25019127130508423
7805937664.0,-0.23975448310375214
7806875136.0,-0.22851592302322388
7807812608.0,-0.21655866503715515
7808750080.0,-0.20338739454746246
7809687552.0,-0.18959252536296844
7810625024.0,-0.17548373341560364
7811562496.0,-0.1612270474433899
7812499968.0,-0.14549782872200012
7813437440.0,-0.1301349252462387
7814374912.0,-0.11473152786493301
7815312384.0,-0.09889861941337585
7816249856.0,-0.08197888731956482
7817187328.0,-0.06734964996576309
7818124800.0,-0.051356274634599686
7819062272.0,-0.035696517676115036
7820000256.0,-0.020081227645277977
7820937728.0,-0.005678310990333557
7821875200.0,0.007979843765497208
7822812672.0,0.018487704917788506
7823750144.0,0.02789776213467121
7824687616.0,0.03598848357796669
7825625088.0,0.04552791640162468
7826562560.0,0.0518103688955307
7827500032.0,0.05870039761066437
7828437504.0,0.06472127884626389
7829374976.0,0.06937968730926514
7830312448.0,0.07308823615312576
7831249920.0,0.07677045464515686
7832187392.0,0.07940991222858429
7833124864.0,0.08106425404548645
7834062336.0,0.083686463534832
7834999808.0,0.084404356777668
7835937280.0,0.08584719896316528
7836874752.0,0.08647377789020538
7837812736.0,0.08522975444793701
7838750208.0,0.08707959949970245
7839687680.0,0.08605021238327026
7840625152.0,0.08509739488363266
7841562624.0,0.08497770875692368
7842500096.0,0.08425991237163544
7843437568.0,0.08322972804307938
7844375040.0,0.08231143653392792
7845312512.0,0.08075950294733047
7846249984.0,0.07881403714418411
7847187456.0,0.07757759094238281
7848124928.0,0.07421134412288666
7849062400.0,0.06887125968933105
7849999872.0,0.06445638835430145
7850937344.0,0.059394851326942444
7851874816.0,0.05273330584168434
7852812288.0,0.04755061864852905
7853749760.0,0.04139756038784981
7854687744.0,0.03488072752952576
7855625216.0,0.027869639918208122
7856562688.0,0.019736619666218758
7857500160.0,0.011296575888991356
7858437632.0,0.0026874898467212915
7859375104.0,-0.006966304499655962
7860312576.0,-0.01596861705183983
7861250048.0,-0.025816719979047775
7862187520.0,-0.03590313345193863
7863124992.0,-0.04541685804724693
7864062464.0,0.05438731983304024
7864999936.0,0.04602959379553795
7865937408.0,0.03905777633190155
7866874880.0,0.032469071447849274
7867812352.0,0.025875376537442207
7868749824.0,0.02184097096323967
7869687296.0,0.016334986314177513
7870624768.0,0.012875484302639961
7871562752.0,0.009207985363900661
7872500224.0,0.006302062887698412
7873437696.0,0.0006538234883919358
7874375168.0,-0.004433655645698309
7875312640.0,-0.0096974465996027
7876250112.0,-0.015946559607982635
7877187584.0,-0.02178652584552765
7878125056.0,-0.028366580605506897
7879062528.0,-0.03555335849523544
7880000000.0,-0.04403240233659744
7880937472.0,-0.054259806871414185
7881874944.0,-0.06496033072471619
7882812416.0,-0.07696057111024857
7883749888.0,-0.0901886522769928
7884687360.0,-0.10619829595088959
7885624832.0,-0.12332514673471451
7886562304.0,-0.14208683371543884
7887499776.0,-0.1623125970363617
7888437248.0,-0.18473109602928162
7889375232.0,-0.20723062753677368
7890312704.0,-0.23265521228313446
7891250176.0,-0.25712597370147705
7892187648.0,-0.2822432518005371
7893125120.0,-0.3079037666320801
7894062592.0,-0.3335101902484894
7895000064.0,-0.35827311873435974
7895937536.0,-0.38199281692504883
7896875008.0,-0.4064817428588867
7897812480.0,-0.4257400631904602
7898749952.0,-0.44598862528800964
7899687424.0,-0.4614512622356415
7900624896.0,-0.47465091943740845
7901562368.0,-0.4851044714450836
7902499840.0,-0.4936794638633728
7903437312.0,-0.49937501549720764
7904374784.0,-0.5024157762527466
7905312256.0,-0.5014038681983948
7906250240.0,-0.4978632926940918
7907187712.0,-0.4923980236053467
7908125184.0,-0.48269566893577576
7909062656.0,-0.47127723693847656
7910000128.0,-0.45511379837989807
7910937600.0,-0.4378854036331177
7911875072.0,-0.41775426268577576
7912812544.0,-0.3953275978565216
7913750016.0,-0.37121284008026123
7914687488.0,-0.3452383279800415
7915624960.0,-0.31750115752220154
7916562432.0,-0.2887519598007202
7917499904.0,-0.2600347399711609
7918437376.0,-0.22986692190170288
7919374848.0,-0.19972705841064453
7920312320.0,-0.16946057975292206
7921249792.0,-0.13992810249328613
7922187264.0,-0.11060741543769836
7923125248.0,-0.08348898589611053
7924062720.0,0.06353607028722763
7925000192.0,0.08409305661916733
7925937664.0,0.10277105122804642
7926875136.0,0.1197439506649971
7927812608.0,0.13513368368148804
7928750080.0,0.1479545384645462
7929687552.0,0.15774065256118774
7930625024.0,0.16511684656143188
7931562496.0,0.16996295750141144
7932499968.0,0.17268389463424683
7933437440.0,0.17327366769313812
7934374912.0,0.17183518409729004
7935312384.0,0.16787156462669373
7936249856.0,0.16123323142528534
7937187328.0,0.15410253405570984
7938124800.0,0.14496494829654694
7939062272.0,0.1328231692314148
7939999744.0,0.12183739244937897
7940937728.0,0.10720715671777725
7941875200.0,0.09162021428346634
7942812672.0,0.07416592538356781
7943750144.0,0.05681316927075386
7944687616.0,0.0390603207051754
7945625088.0,0.020075226202607155
7946562560.0,0.00010570322046987712
7947500032.0,-0.021156663075089455
7948437504.0,-0.043825652450323105
7949374976.0,-0.06492962688207626
7950312448.0,-0.08662781119346619
7951249920.0,-0.10723377019166946
7952187392.0,-0.1273745745420456
7953124864.0,-0.14814002811908722
7954062336.0,-0.16942457854747772
7954999808.0,-0.18951968848705292
7955937280.0,-0.2093348503112793
7956874752.0,-0.23142439126968384
7957812736.0,-0.25191614031791687
7958750208.0,-0.2719061076641083
7959687680.0,-0.2923964262008667
7960625152.0,-0.31164035201072693
7961562624.0,-0.33137497305870056
7962500096.0,-0.3501512110233307
7963437568.0,-0.36760345101356506
7964375040.0,-0.38480305671691895
7965312512.0,-0.40079259872436523
7966249984.0,-0.4170251190662384
7967187456.0,-0.43079107999801636
7968124928.0,-0.44331875443458557
7969062400.0,-0.45468565821647644
7969999872.0,-0.4655553102493286
7970937344.0,-0.47270992398262024
7971874816.0,-0.4797859191894531
7972812288.0,-0.48433324694633484
7973749760.0,-0.48739030957221985
7974687744.0,-0.48956745862960815
7975625216.0,-0.48871853947639465
7976562688.0,-0.48717251420021057
7977500160.0,-0.48370781540870667
7978437632.0,-0.4768938720226288
7979375104.0,-0.4690673351287842
7980312576.0,-0.456551194190979
7981250048.0,-0.4446154236793518
7982187520.0,-0.4294234812259674
7983124992.0,-0.41270577907562256
7984062464.0,-0.39046618342399597
7984999936.0,-0.3778783679008484
7985937408.0,-0.36223694682121277
7986874880.0,-0.34699729084968567
7987812352.0,-0.3309812843799591
7988749824.0,-0.31370967626571655
7989687296.0,-0.2947751581668854
7990624768.0,-0.27627548575401306
7991562752.0,-0.2577902674674988
7992500224.0,-0.23807089030742645
7993437696.0,-0.21770226955413818
7994375168.0,-0.19872646033763885
7995312640.0,-0.1795087605714798
7996250112.0,-0.1608588695526123
7997187584.0,-0.14226454496383667
7998125056.0,-0.12404755502939224
7999062528.0,-0.10697365552186966
8000000000.0,-0.0888863205909729
