Frequency (Hz),Measurement
2000000000.0,0.19087952375411987
2000937472.0,0.18267033994197845
2001874944.0,0.17517776787281036
2002812544.0,0.16595757007598877
2003750016.0,0.15637291967868805
2004687488.0,0.14634492993354797
2005624960.0,0.13531537353992462
2006562560.0,0.12370389699935913
2007500032.0,0.11144962906837463
2008437504.0,0.09891950339078903
2009374976.0,0.0856231078505516
2010312448.0,0.07224251329898834
2011250048.0,0.05818677693605423
2012187520.0,0.04399384185671806
2013124992.0,0.030372601002454758
2014062464.0,0.01590120978653431
2015000064.0,0.000849866948556155
2015937536.0,-0.012093734927475452
2016875008.0,-0.02616463415324688
2017812480.0,-0.0388009287416935
2018749952.0,-0.05153728276491165
2019687552.0,-0.062194835394620895
2020625024.0,-0.07329624891281128
2021562496.0,-0.08260495215654373
2022499968.0,-0.09146177023649216
2023437440.0,-0.09863249212503433
2024375040.0,-0.10414853692054749
2025312512.0,-0.10877639055252075
2026249984.0,-0.11162851005792618
2027187456.0,-0.1139502227306366
2028125056.0,-0.11208812892436981
2029062528.0,-0.11015647649765015
2030000000.0,-0.1076999232172966
2030937472.0,-0.10204607993364334
2031874944.0,-0.09708286821842194
2032812544.0,-0.0881599560379982
2033750016.0,-0.07984046638011932
2034687488.0,-0.06916521489620209
2035624960.0,-0.05830185487866402
2036562560.0,-0.04567085951566696
2037500032.0,-0.032961420714855194
2038437504.0,-0.02034054510295391
2039374976.0,-0.00646284269168973
2040312448.0,0.008040336892008781
2041250048.0,0.02172192558646202
2042187520.0,0.03545666113495827
2043124992.0,0.050171904265880585
2044062464.0,0.06359198689460754
2044999936.0,0.07642436772584915
2045937536.0,0.08774489164352417
2046875008.0,0.09963379055261612
2047812480.0,0.10956847667694092
2048749952.0,0.10799908638000488
2049687552.0,0.11657451093196869
2050625024.0,0.1235162764787674
2051562496.0,0.12917597591876984
2052499968.0,0.13282299041748047
2053437440.0,0.13474126160144806
2054375040.0,0.13507036864757538
2055312512.0,0.13260897994041443
2056249984.0,0.1277378350496292
2057187456.0,0.12099852412939072
2058125056.0,0.11332365870475769
2059062528.0,0.10279706865549088
2060000000.0,0.09082280844449997
2060937472.0,0.07768800109624863
2061874944.0,0.06294974684715271
2062812544.0,0.04708538576960564
2063750016.0,0.02961031347513199
2064687488.0,0.012604936957359314
2065624960.0,-0.005605330225080252
2066562560.0,-0.02217835932970047
2067500032.0,-0.039180461317300797
2068437504.0,-0.05572770908474922
2069374976.0,-0.07220800220966339
2070312448.0,-0.08625225722789764
2071250048.0,-0.09984193742275238
2072187520.0,-0.11017945408821106
2073124992.0,-0.12045507878065109
2074062464.0,-0.12797340750694275
2075000064.0,-0.13367871940135956
2075937536.0,-0.1374301314353943
2076875008.0,-0.1388489454984665
2077812480.0,-0.1381102055311203
2078749952.0,-0.13584120571613312
2079687552.0,-0.13135437667369843
2080625024.0,-0.12544769048690796
2081562496.0,-0.11668117344379425
2082499968.0,-0.10754936188459396
2083437440.0,-0.09803862124681473
2084375040.0,-0.08598934859037399
2085312512.0,-0.07459055632352829
2086249984.0,-0.061739418655633926
2087187456.0,-0.04977349564433098
2088125056.0,-0.03701275587081909
2089062528.0,-0.024821460247039795
2090000000.0,-0.013682663440704346
2090937472.0,-0.0019274111837148666
2091874944.0,0.008781002834439278
2092812544.0,0.01854046620428562
2093750016.0,0.027139883488416672
2094687488.0,0.03610718995332718
2095624960.0,0.044113386422395706
2096562560.0,0.05072716623544693
2097500032.0,0.05704358592629433
2098437504.0,0.0625867247581482
2099374976.0,0.0683557465672493
2100312448.0,0.07289004325866699
2101250048.0,0.07667209953069687
2102187520.0,0.08086686581373215
2103124992.0,0.08531613647937775
2104062464.0,0.08970636129379272
2104999936.0,0.09443577378988266
2105937536.0,0.09934134036302567
2106875008.0,0.10491307079792023
2107812480.0,0.10935886204242706
2108749952.0,0.14001096785068512
2109687552.0,0.1460673213005066
2110625024.0,0.1516125649213791
2111562496.0,0.15617850422859192
2112499968.0,0.15997996926307678
2113437440.0,0.1632934808731079
2114375040.0,0.16538821160793304
2115312512.0,0.16602368652820587
2116249984.0,0.16611330211162567
2117187456.0,0.16416293382644653
2118125056.0,0.16029570996761322
2119062528.0,0.15630611777305603
2120000000.0,0.14979064464569092
2120937472.0,0.14277897775173187
2121874944.0,0.1335299015045166
2122812544.0,0.1251610368490219
2123750016.0,0.11397366970777512
2124687488.0,0.10264687985181808
2125624960.0,0.09047230333089828
2126562560.0,0.07664181292057037
2127500032.0,0.06341158598661423
2128437504.0,0.05026225745677948
2129374976.0,0.0357440747320652
2130312448.0,0.022510290145874023
2131250048.0,0.010076799429953098
2132187520.0,-0.003550844034180045
2133124992.0,-0.016202287748456
2134062464.0,-0.027369428426027298
2135000064.0,-0.038181010633707047
2135937536.0,-0.04720959812402725
2136875008.0,-0.05627197399735451
2137812480.0,-0.06250421702861786
2138749952.0,-0.06876755505800247
2139687552.0,-0.07306507974863052
2140625024.0,-0.07584980875253677
2141562496.0,-0.07775495201349258
2142499968.0,-0.07718858122825623
2143437440.0,-0.07548191398382187
2144375040.0,-0.07308501750230789
2145312512.0,-0.06892592459917068
2146249984.0,-0.0634545236825943
2147187456.0,-0.057677820324897766
2148124928.0,-0.050195518881082535
2149062400.0,-0.04311786964535713
2150000128.0,-0.03491443768143654
2150937600.0,-0.025066521018743515
2151875072.0,-0.016337886452674866
2152812544.0,-0.006612780969589949
2153750016.0,0.0026053027249872684
2154687488.0,0.011740236543118954
2155624960.0,0.0207690317183733
2156562432.0,0.029585247859358788
2157499904.0,0.036728791892528534
2158437376.0,0.044753581285476685
2159375104.0,0.051452308893203735
2160312576.0,0.05801085755228996
2161250048.0,0.06368907541036606
2162187520.0,0.06813564151525497
2163124992.0,0.07279587537050247
2164062464.0,0.07603336125612259
2164999936.0,0.07825228571891785
2165937408.0,0.08020513504743576
2166874880.0,0.08263968676328659
2167812608.0,0.08427201211452484
2168750080.0,0.1573813557624817
2169687552.0,0.1584935039281845
2170625024.0,0.15734703838825226
2171562496.0,0.15570546686649323
2172499968.0,0.15219032764434814
2173437440.0,0.14643049240112305
2174374912.0,0.13990098237991333
2175312384.0,0.13240794837474823
2176250112.0,0.12275999784469604
2177187584.0,0.11202279478311539
2178125056.0,0.10048390924930573
2179062528.0,0.089512400329113
2180000000.0,0.07671986520290375
2180937472.0,0.06441503018140793
2181874944.0,0.05039640888571739
2182812416.0,0.0369579941034317
2183749888.0,0.02362165041267872
2184687616.0,0.010346433147788048
2185625088.0,-0.0025579065550118685
2186562560.0,-0.015612673945724964
2187500032.0,-0.027559733018279076
2188437504.0,-0.040036290884017944
2189374976.0,-0.05142127722501755
2190312448.0,-0.06226811930537224
2191249920.0,-0.07191935926675797
2192187392.0,-0.0798659697175026
2193125120.0,-0.08761105686426163
2194062592.0,-0.09527202695608139
2195000064.0,-0.10078271478414536
2195937536.0,-0.10582640022039413
2196875008.0,-0.1099485382437706
2197812480.0,-0.11368539929389954
2198749952.0,-0.11599621921777725
2199687424.0,-0.11646705865859985
2200624896.0,-0.11822812259197235
2201562624.0,-0.1176089495420456
2202500096.0,-0.11681868135929108
2203437568.0,-0.11486989259719849
2204375040.0,-0.11260221898555756
2205312512.0,-0.11048267036676407
2206249984.0,-0.10776395350694656
2207187456.0,-0.10336833447217941
2208124928.0,-0.09966511279344559
2209062400.0,-0.0954640805721283
2209999872.0,-0.09058486670255661
2210937600.0,-0.08590413630008698
2211875072.0,-0.07987028360366821
2212812544.0,-0.07220816612243652
2213750016.0,-0.06542409956455231
2214687488.0,-0.058395691215991974
2215624960.0,-0.051194384694099426
2216562432.0,-0.043261151760816574
2217499904.0,-0.03506053239107132
2218437376.0,-0.02657373435795307
2219375104.0,-0.01778450794517994
2220312576.0,-0.009441740810871124
2221250048.0,0.0001365600328426808
2222187520.0,0.010157407261431217
2223124992.0,0.01985766366124153
2224062464.0,0.02995207905769348
2224999936.0,0.04043390601873398
2225937408.0,0.04926331341266632
2226874880.0,0.05851779133081436
2227812608.0,0.06930814683437347
2228750080.0,0.0753643810749054
2229687552.0,0.0836331844329834
2230625024.0,0.09218228608369827
2231562496.0,0.09926676005125046
2232499968.0,0.10608745366334915
2233437440.0,0.11105427891016006
2234374912.0,0.11662286520004272
2235312384.0,0.11954407393932343
2236250112.0,0.12171570956707001
2237187584.0,0.12135830521583557
2238125056.0,0.11900338530540466
2239062528.0,0.11503592133522034
2240000000.0,0.11006980389356613
2240937472.0,0.10339871793985367
2241874944.0,0.09649153798818588
2242812416.0,0.08764646202325821
2243749888.0,0.07685073465108871
2244687616.0,0.06669699400663376
2245625088.0,0.053789976984262466
2246562560.0,0.04114295914769173
2247500032.0,0.027620956301689148
2248437504.0,0.013315917924046516
2249374976.0,-0.0028188740834593773
2250312448.0,-0.019040312618017197
2251249920.0,-0.035605911165475845
2252187392.0,-0.053776487708091736
2253125120.0,-0.07244250178337097
2254062592.0,-0.09023161977529526
2255000064.0,-0.10965781658887863
2255937536.0,-0.1288979947566986
2256875008.0,-0.1485998034477234
2257812480.0,-0.1676551252603531
2258749952.0,-0.18601153790950775
2259687424.0,-0.2047700732946396
2260624896.0,-0.2244974821805954
2261562624.0,-0.24239523708820343
2262500096.0,-0.25981077551841736
2263437568.0,-0.27694272994995117
2264375040.0,-0.29194530844688416
2265312512.0,-0.30637532472610474
2266249984.0,-0.31924253702163696
2267187456.0,-0.33123186230659485
2268124928.0,-0.3428385853767395
2269062400.0,-0.35162875056266785
2270000128.0,-0.35942745208740234
2270937600.0,-0.3652402460575104
2271875072.0,-0.3698759973049164
2272812544.0,-0.37286627292633057
2273750016.0,-0.3738937973976135
2274687488.0,-0.37422239780426025
2275624960.0,-0.37242621183395386
2276562432.0,-0.3693033456802368
2277499904.0,-0.3658311069011688
2278437376.0,-0.36070263385772705
2279375104.0,-0.35431089997291565
2280312576.0,-0.34727713465690613
2281250048.0,-0.33821961283683777
2282187520.0,-0.3289378583431244
2283124992.0,-0.31937292218208313
2284062464.0,-0.308591365814209
2284999936.0,-0.29828381538391113
2285937408.0,-0.2875394821166992
2286874880.0,-0.27781906723976135
2287812608.0,-0.2695263624191284
2288750080.0,-0.2826138734817505
2289687552.0,-0.2862698435783386
2290625024.0,-0.2885082960128784
2291562496.0,-0.2918456196784973
2292499968.0,-0.29477331042289734
2293437440.0,-0.29857394099235535
2294374912.0,-0.3040355145931244
2295312384.0,-0.30840057134628296
2296250112.0,-0.3143359422683716
2297187584.0,-0.3224874436855316
2298125056.0,-0.3308347761631012
2299062528.0,-0.3413514494895935
2300000000.0,-0.35308143496513367
2300937472.0,-0.3674239218235016
2301874944.0,-0.38376384973526
2302812416.0,-0.4012528359889984
2303749888.0,-0.42199277877807617
2304687616.0,-0.4434228837490082
2305625088.0,-0.46876227855682373
2306562560.0,-0.49577391147613525
2307500032.0,-0.5260545611381531
2308437504.0,-0.5589237809181213
2309374976.0,-0.59019935131073
2310312448.0,-0.6174010038375854
2311249920.0,-0.6448949575424194
2312187392.0,-0.6739193797111511
2313125120.0,-0.7041773796081543
2314062592.0,-0.7354689240455627
2315000064.0,-0.7682215571403503
2315937536.0,-0.8011008501052856
2316875008.0,-0.8346387147903442
2317812480.0,-0.8696889281272888
2318749952.0,-0.904639720916748
2319687424.0,-0.9392811059951782
2320624896.0,-0.973294734954834
2321562624.0,-1.0055814981460571
2322500096.0,-1.0374099016189575
2323437568.0,-1.0678060054779053
2324375040.0,-1.0962309837341309
2325312512.0,-1.1235172748565674
2326249984.0,-1.1471723318099976
2327187456.0,-1.1692187786102295
2328124928.0,-1.1881834268569946
2329062400.0,-1.2060215473175049
2329999872.0,-1.221561074256897
2330937600.0,-1.2339398860931396
2331875072.0,-1.2432684898376465
2332812544.0,-1.2505459785461426
2333750016.0,-1.255444049835205
2334687488.0,-1.2574102878570557
2335624960.0,-1.2564376592636108
2336562432.0,-1.2539188861846924
2337499904.0,-1.2490463256835938
2338437376.0,-1.2431156635284424
2339375104.0,-1.2336981296539307
2340312576.0,-1.2240235805511475
2341250048.0,-1.2110364437103271
2342187520.0,-1.198362112045288
2343124992.0,-1.1844513416290283
2344062464.0,-1.1694480180740356
2344999936.0,-1.153472900390625
2345937408.0,-1.1368943452835083
2346874880.0,-1.121113657951355
2347812608.0,-1.1057417392730713
2348750080.0,-1.0746290683746338
2349687552.0,-1.0629740953445435
2350625024.0,-1.051976203918457
2351562496.0,-1.0428187847137451
2352499968.0,-1.0322749614715576
2353437440.0,-1.02232825756073
2354374912.0,-1.0134862661361694
2355312384.0,-1.005057454109192
2356250112.0,-0.9979460835456848
2357187584.0,-0.9915633797645569
2358125056.0,-0.9876158237457275
2359062528.0,-0.9848330020904541
2360000000.0,-0.9827640652656555
2360937472.0,-0.9827771186828613
2361874944.0,-0.9847639203071594
2362812416.0,-0.9863637089729309
2363749888.0,-0.9910591840744019
2364687616.0,-0.9974614381790161
2365625088.0,-1.0030953884124756
2366562560.0,-1.0124772787094116
2367500032.0,-1.0209275484085083
2368437504.0,-1.0310637950897217
2369374976.0,-1.0420870780944824
2370312448.0,-1.051933765411377
2371249920.0,-1.061417579650879
2372187392.0,-1.0714625120162964
2373125120.0,-1.0796688795089722
2374062592.0,-1.086242437362671
2375000064.0,-1.0899698734283447
2375937536.0,-1.091552972793579
2376875008.0,-1.0907695293426514
2377812480.0,-1.0868480205535889
2378749952.0,-1.0794793367385864
2379687424.0,-1.0680075883865356
2380624896.0,-1.0545713901519775
2381562624.0,-1.0360019207000732
2382500096.0,-1.0169390439987183
2383437568.0,-0.9932745099067688
2384375040.0,-0.9671283960342407
2385312512.0,-0.9375269412994385
2386249984.0,-0.9065326452255249
2387187456.0,-0.873436689376831
2388124928.0,-0.8399943113327026
2389062400.0,-0.8049946427345276
2390000128.0,-0.7697583436965942
2390937600.0,-0.7342572212219238
2391875072.0,-0.6978996992111206
2392812544.0,-0.6627303957939148
2393750016.0,-0.6279774904251099
2394687488.0,-0.593567430973053
2395624960.0,-0.5598276257514954
2396562432.0,-0.527807891368866
2397499904.0,-0.49627819657325745
2398437376.0,-0.46618807315826416
2399375104.0,-0.43730035424232483
2400312576.0,-0.4085295498371124
2401250048.0,-0.3808043301105499
2402187520.0,-0.3527391850948334
2403124992.0,-0.3277337849140167
2404062464.0,-0.3018340468406677
2404999936.0,-0.2775125205516815
2405937408.0,-0.25243884325027466
2406874880.0,-0.22875289618968964
2407812608.0,-0.20650692284107208
2408750080.0,-0.13175742328166962
2409687552.0,-0.10900198668241501
2410625024.0,-0.08802634477615356
2411562496.0,-0.06836727261543274
2412499968.0,-0.05046837031841278
2413437440.0,-0.03382376581430435
2414374912.0,-0.020596429705619812
2415312384.0,-0.008736366406083107
2416250112.0,-0.00021840438421349972
2417187584.0,0.004587366245687008
2418125056.0,0.006444619968533516
2419062528.0,0.0057236975990235806
2420000000.0,0.0012409931514412165
2420937472.0,-0.006853447761386633
2421874944.0,-0.017601048573851585
2422812416.0,-0.032066844403743744
2423749888.0,-0.049404218792915344
2424687616.0,-0.06921293586492538
2425625088.0,-0.09270687401294708
2426562560.0,-0.11781423538923264
2427500032.0,-0.1452578604221344
2428437504.0,-0.17321722209453583
2429374976.0,-0.2029767483472824
2430312448.0,-0.23248377442359924
2431249920.0,-0.26291146874427795
2432187392.0,-0.29158568382263184
2433125120.0,-0.3199596405029297
2434062592.0,-0.34687182307243347
2435000064.0,-0.3724175989627838
2435937536.0,-0.39604100584983826
2436875008.0,-0.41385769844055176
2437812480.0,-0.4325118958950043
2438749952.0,-0.4443921744823456
2439687424.0,-0.45499399304389954
2440624896.0,-0.4628746509552002
2441562624.0,-0.4665384590625763
2442500096.0,-0.466100811958313
2443437568.0,-0.46201372146606445
2444375040.0,-0.4543178379535675
2445312512.0,-0.44224900007247925
2446249984.0,-0.427357941865921
2447187456.0,-0.4103724956512451
2448124928.0,-0.3900238573551178
2449062400.0,-0.36711710691452026
2449999872.0,-0.3407599627971649
2450937600.0,-0.3137366473674774
2451875072.0,-0.2844739556312561
2452812544.0,-0.2543765902519226
2453750016.0,-0.22257356345653534
2454687488.0,-0.18934230506420135
2455624960.0,-0.15677455067634583
2456562432.0,-0.12398485094308853
2457499904.0,-0.09091806411743164
2458437376.0,-0.05821987986564636
2459375104.0,-0.026004822924733162
2460312576.0,0.006148442160338163
2461250048.0,0.03635145351290703
2462187520.0,0.06566096842288971
2463124992.0,0.09334834665060043
2464062464.0,0.12038572132587433
2464999936.0,0.14577823877334595
2465937408.0,0.17107132077217102
2466874880.0,0.19357554614543915
2467812608.0,0.2152062952518463
2468750080.0,0.12766441702842712
2469687552.0,0.14176034927368164
2470625024.0,0.15815035998821259
2471562496.0,0.17082780599594116
2472499968.0,0.18205304443836212
2473437440.0,0.1925230771303177
2474374912.0,0.20047779381275177
2475312384.0,0.20703883469104767
2476250112.0,0.2105608880519867
2477187584.0,0.21276019513607025
2478125056.0,0.2134586125612259
2479062528.0,0.21099723875522614
2480000000.0,0.207776740193367
2480937472.0,0.20243427157402039
2481874944.0,0.1944781243801117
2482812416.0,0.18511423468589783
2483749888.0,0.17323513329029083
2484687616.0,0.16070879995822906
2485625088.0,0.1468382477760315
2486562560.0,0.13072676956653595
2487500032.0,0.1132349744439125
2488437504.0,0.09432259202003479
2489374976.0,0.07519111037254333
2490312448.0,0.05574335157871246
2491249920.0,0.034079164266586304
2492187392.0,0.0136173777282238
2493125120.0,-0.008101497776806355
2494062592.0,-0.02856600470840931
2495000064.0,-0.04904111102223396
2495937536.0,-0.06861954927444458
2496875008.0,-0.08829636126756668
2497812480.0,-0.1056332066655159
2498749952.0,-0.12267978489398956
2499687424.0,-0.13800790905952454
2500624896.0,-0.15147557854652405
2501562624.0,-0.1636994183063507
2502500096.0,-0.1737813800573349
2503437568.0,-0.18168197572231293
2504375040.0,-0.1877955049276352
2505312512.0,-0.19226089119911194
2506249984.0,-0.19529393315315247
2507187456.0,-0.19576026499271393
2508124928.0,-0.19389918446540833
2509062400.0,-0.1904512345790863
2510000128.0,-0.18466651439666748
2510937600.0,-0.17668668925762177
2511875072.0,-0.16760008037090302
2512812544.0,-0.15751107037067413
2513750016.0,-0.14488032460212708
2514687488.0,-0.1314198076725006
2515624960.0,-0.11708775907754898
2516562432.0,-0.09982927143573761
2517499904.0,-0.08230865746736526
2518437376.0,-0.06382692605257034
2519375104.0,-0.0459715835750103
2520312576.0,-0.027195869013667107
2521250048.0,-0.00634860061109066
2522187520.0,0.012182491831481457
2523124992.0,0.030989063903689384
2524062464.0,0.05003002658486366
2524999936.0,0.06749466061592102
2525937408.0,0.08508200198411942
2526874880.0,0.1012057289481163
2527812608.0,0.11722422391176224
2528750080.0,0.1701381355524063
2529687552.0,0.17693962156772614
2530625024.0,0.18112187087535858
2531562496.0,0.18565773963928223
2532499968.0,0.1881077140569687
2533437440.0,0.19049064815044403
2534374912.0,0.19203154742717743
2535312384.0,0.192035511136055
2536250112.0,0.19114920496940613
2537187584.0,0.18958838284015656
2538125056.0,0.1867639273405075
2539062528.0,0.18361812829971313
2540000000.0,0.1791284829378128
2540937472.0,0.17264777421951294
2541874944.0,0.16645604372024536
2542812416.0,0.1583038568496704
2543749888.0,0.1496395617723465
2544687616.0,0.13883976638317108
2545625088.0,0.128006249666214
2546562560.0,0.11625663936138153
2547500032.0,0.1033867821097374
2548437504.0,0.08909519761800766
2549374976.0,0.07393001019954681
2550312448.0,0.05922703817486763
2551249920.0,0.04406484216451645
2552187392.0,0.028009260073304176
2553125120.0,0.011652707122266293
2554062592.0,-0.00466916523873806
2555000064.0,-0.02128889039158821
2555937536.0,-0.0377117283642292
2556875008.0,-0.053060635924339294
2557812480.0,-0.06745295971632004
2558749952.0,-0.08105726540088654
2559687424.0,-0.09284346550703049
2560624896.0,-0.10491438955068588
2561562624.0,-0.114429771900177
2562500096.0,-0.12387511134147644
2563437568.0,-0.13043372333049774
2564375040.0,-0.13618412613868713
2565312512.0,-0.13869953155517578
2566249984.0,-0.1400589644908905
2567187456.0,-0.13916796445846558
2568124928.0,-0.13708361983299255
2569062400.0,-0.13226237893104553
2569999872.0,-0.1256961226463318
2570937600.0,-0.11742870509624481
2571875072.0,-0.10680826008319855
2572812544.0,-0.09436576813459396
2573750016.0,-0.0810997411608696
2574687488.0,-0.06567306071519852
2575624960.0,-0.04921587184071541
2576562432.0,-0.0319201722741127
2577499904.0,-0.013074463233351707
2578437376.0,0.006109337322413921
2579375104.0,0.026132602244615555
2580312576.0,0.046478793025016785
2581250048.0,0.06633457541465759
2582187520.0,0.08656202256679535
2583124992.0,0.10618333518505096
2584062464.0,0.12528522312641144
2584999936.0,0.1437254548072815
2585937408.0,0.16060753166675568
2586874880.0,0.17605140805244446
2587812608.0,0.19086581468582153
2588750080.0,0.21496151387691498
2589687552.0,0.22281385958194733
2590625024.0,0.22876650094985962
2591562496.0,0.23141179978847504
2592499968.0,0.23298759758472443
2593437440.0,0.23100344836711884
2594374912.0,0.22683951258659363
2595312384.0,0.22064992785453796
2596250112.0,0.21362757682800293
2597187584.0,0.20279915630817413
2598125056.0,0.1917828619480133
2599062528.0,0.17887762188911438
2600000000.0,0.1646963208913803
2600937472.0,0.1485656052827835
2601874944.0,0.13304974138736725
2602812416.0,0.11634930968284607
2603749888.0,0.09926158934831619
2604687616.0,0.08190508931875229
2605625088.0,0.06413035094738007
2606562560.0,0.04806913807988167
2607500032.0,0.030722644180059433
2608437504.0,0.014720791950821877
2609374976.0,-0.0011096540838479996
2610312448.0,-0.01591183990240097
2611249920.0,-0.02866363897919655
2612187392.0,-0.0420355349779129
2613125120.0,-0.05231881141662598
2614062592.0,-0.06284228712320328
2615000064.0,-0.07195305079221725
2615937536.0,-0.07938122749328613
2616875008.0,-0.0863109603524208
2617812480.0,-0.09143982082605362
2618749952.0,-0.09506549686193466
2619687424.0,-0.09797152876853943
2620624896.0,-0.10027700662612915
2621562624.0,-0.10053128749132156
2622500096.0,-0.10151614248752594
2623437568.0,-0.10084757208824158
2624375040.0,-0.09834184497594833
2625312512.0,-0.09647589921951294
2626249984.0,-0.09312551468610764
2627187456.0,-0.08941111713647842
2628124928.0,-0.08525047451257706
2629062400.0,-0.07971376925706863
2630000128.0,-0.07468345016241074
2630937600.0,-0.06759028881788254
2631875072.0,-0.05982339382171631
2632812544.0,-0.0521085262298584
2633750016.0,-0.043915651738643646
2634687488.0,-0.03457101434469223
2635624960.0,-0.024818599224090576
2636562432.0,-0.0139134107157588
2637499904.0,-0.0027621579356491566
2638437376.0,0.008920124731957912
2639375104.0,0.022777309641242027
2640312576.0,0.03634607046842575
2641250048.0,0.05018632113933563
2642187520.0,0.06585687398910522
2643124992.0,0.08134900033473969
2644062464.0,0.09848220646381378
2644999936.0,0.11425824463367462
2645937408.0,0.13192987442016602
2646874880.0,0.14892050623893738
2647812608.0,0.2249017208814621
2648750080.0,0.23636294901371002
2649687552.0,0.24535317718982697
2650625024.0,0.253879576921463
2651562496.0,0.2590686082839966
2652499968.0,0.26316362619400024
2653437440.0,0.26365628838539124
2654374912.0,0.26163992285728455
2655312384.0,0.2566613554954529
2656250112.0,0.2484966665506363
2657187584.0,0.21188701689243317
2658125056.0,0.19458359479904175
2659062528.0,0.17490535974502563
2660000000.0,0.15277497470378876
2660937472.0,0.12838886678218842
2661874944.0,0.10150638222694397
2662812416.0,0.0747443214058876
2663749888.0,0.045218661427497864
2664687616.0,0.015866154804825783
2665625088.0,-0.013459745794534683
2666562560.0,-0.042722124606370926
2667500032.0,-0.07200472801923752
2668437504.0,-0.10042036324739456
2669374976.0,-0.1261625736951828
2670312448.0,-0.15056438744068146
2671249920.0,-0.17182381451129913
2672187392.0,-0.19304290413856506
2673125120.0,-0.210645392537117
2674062592.0,-0.2251717448234558
2675000064.0,-0.2371850162744522
2675937536.0,-0.24565334618091583
2676875008.0,-0.25131383538246155
2677812480.0,-0.25425437092781067
2678749952.0,-0.2532135248184204
2679687424.0,-0.2502793073654175
2680624896.0,-0.24524034559726715
2681562624.0,-0.23651933670043945
2682500096.0,-0.22588340938091278
2683437568.0,-0.2130979746580124
2684375040.0,-0.19852513074874878
2685312512.0,-0.18309834599494934
2686249984.0,-0.16531412303447723
2687187456.0,-0.14784197509288788
2688124928.0,-0.12763145565986633
2689062400.0,-0.10950750857591629
2689999872.0,-0.08897669613361359
2690937600.0,-0.06849126517772675
2691875072.0,-0.04905132204294205
2692812544.0,-0.02979031205177307
2693750016.0,-0.009831824339926243
2694687488.0,0.008939261548221111
2695624960.0,0.02806832268834114
2696562432.0,0.0474780909717083
2697499904.0,0.06442157924175262
2698437376.0,0.08148282766342163
2699375104.0,0.09963757544755936
2700312576.0,0.11632227152585983
2701250048.0,0.13389475643634796
2702187520.0,0.14934265613555908
2703124992.0,0.16466335952281952
2704062464.0,0.1802782416343689
2704999936.0,0.19481496512889862
2705937408.0,0.20949991047382355
2706874880.0,0.22286668419837952
2707812608.0,0.1941138058900833
2708750080.0,0.20154768228530884
2709687552.0,0.20693795382976532
2710625024.0,0.21144285798072815
2711562496.0,0.21406289935112
2712499968.0,0.21552066504955292
2713437440.0,0.21664203703403473
2714374912.0,0.21527205407619476
2715312384.0,0.2132236212491989
2716250112.0,0.20914332568645477
2717187584.0,0.20351336896419525
2718125056.0,0.19605129957199097
2719062528.0,0.18739579617977142
2720000000.0,0.17707836627960205
2720937472.0,0.1669384241104126
2721874944.0,0.15393730998039246
2722812416.0,0.14060132205486298
2723749888.0,0.1257660835981369
2724687616.0,0.11044134199619293
2725625088.0,0.09370803087949753
2726562560.0,0.07577528804540634
2727500032.0,0.0580950602889061
2728437504.0,0.04041226580739021
2729374976.0,0.021938683465123177
2730312448.0,0.003367482451722026
2731249920.0,-0.01540174800902605
2732187392.0,-0.03399829566478729
2733125120.0,-0.051595643162727356
2734062592.0,-0.06939283013343811
2735000064.0,-0.08664155006408691
2735937536.0,-0.10256235301494598
2736875008.0,-0.11703001707792282
2737812480.0,-0.1310940980911255
2738749952.0,-0.142699733376503
2739687424.0,-0.15453752875328064
2740624896.0,-0.16313906013965607
2741562624.0,-0.17128974199295044
2742500096.0,-0.17705769836902618
2743437568.0,-0.18142062425613403
2744375040.0,-0.18439504504203796
2745312512.0,-0.18483445048332214
2746249984.0,-0.1844141185283661
2747187456.0,-0.1812528520822525
2748124928.0,-0.17681270837783813
2749062400.0,-0.17039641737937927
2750000128.0,-0.1622355878353119
2750937600.0,-0.1520531177520752
2751875072.0,-0.14130935072898865
2752812544.0,-0.12830780446529388
2753750016.0,-0.1145293116569519
2754687488.0,-0.09954115748405457
2755624960.0,-0.0830838680267334
2756562432.0,-0.06545686721801758
2757499904.0,-0.04741106554865837
2758437376.0,-0.029114924371242523
2759375104.0,-0.010628258809447289
2760312576.0,0.008214522153139114
2761250048.0,0.026817267760634422
2762187520.0,0.04559958353638649
2763124992.0,0.06344327330589294
2764062464.0,0.0816449373960495
2764999936.0,0.09850107133388519
2765937408.0,0.11367767304182053
2766874880.0,0.12825947999954224
2767812608.0,0.18471932411193848
2768750080.0,0.18456239998340607
2769687552.0,0.18318600952625275
2770625024.0,0.18046040832996368
2771562496.0,0.17616693675518036
2772499968.0,0.17245064675807953
2773437440.0,0.16679567098617554
2774374912.0,0.16144698858261108
2775312384.0,0.15435507893562317
2776250112.0,0.14656469225883484
2777187584.0,0.1378466933965683
2778125056.0,0.12802654504776
2779062528.0,0.11840219795703888
2780000000.0,0.10776444524526596
2780937472.0,0.09687865525484085
2781874944.0,0.08544286340475082
2782812416.0,0.07375214248895645
2783749888.0,0.0622011199593544
2784687616.0,0.048873960971832275
2785625088.0,0.0372367799282074
2786562560.0,0.02393505908548832
2787500032.0,0.011148755438625813
2788437504.0,-0.001779968268238008
2789374976.0,-0.013958042487502098
2790312448.0,-0.025969412177801132
2791249920.0,-0.03854865953326225
2792187392.0,-0.04992717504501343
2793125120.0,-0.060206424444913864
2794062592.0,-0.07091224193572998
2795000064.0,-0.07981888949871063
2795937536.0,-0.08829373866319656
2796875008.0,-0.09517036378383636
2797812480.0,-0.10194874554872513
2798749952.0,-0.10662408918142319
2799687424.0,-0.1100204735994339
2800624896.0,-0.11199430376291275
2801562624.0,-0.11263024806976318
2802500096.0,-0.11170399934053421
2803437568.0,-0.11016256362199783
2804375040.0,-0.10643027722835541
2805312512.0,-0.10173497349023819
2806249984.0,-0.09516500681638718
2807187456.0,-0.08706126362085342
2808124928.0,-0.07672611624002457
2809062400.0,-0.06558232009410858
2809999872.0,-0.053981002420186996
2810937600.0,-0.0410282276570797
2811875072.0,-0.026442425325512886
2812812544.0,-0.01096175704151392
2813750016.0,0.004750944674015045
2814687488.0,0.021316520869731903
2815624960.0,0.03846529871225357
2816562432.0,0.055929843336343765
2817499904.0,0.07282711565494537
2818437376.0,0.09005001187324524
2819375104.0,0.10706552118062973
2820312576.0,0.12365192919969559
2821250048.0,0.13845792412757874
2822187520.0,0.15306781232357025
2823124992.0,0.16588672995567322
2824062464.0,0.17774748802185059
2824999936.0,0.18776272237300873
2825937408.0,0.19684088230133057
2826874880.0,0.20341414213180542
2827812608.0,0.218142569065094
2828750080.0,0.2197338193655014
2829687552.0,0.21871109306812286
2830625024.0,0.2162061184644699
2831562496.0,0.21018770337104797
2832499968.0,0.20246896147727966
2833437440.0,0.19201350212097168
2834374912.0,0.1785842776298523
2835312384.0,0.16482262313365936
2836250112.0,0.14921540021896362
2837187584.0,0.13190330564975739
2838125056.0,0.11266927421092987
2839062528.0,0.09296734631061554
2840000000.0,0.07356660813093185
2840937472.0,0.05430450662970543
2841874944.0,0.03382107615470886
2842812416.0,0.013873625546693802
2843749888.0,-0.005142501555383205
2844687616.0,-0.023478319868445396
2845625088.0,-0.04061497002840042
2846562560.0,-0.05659826472401619
2847500032.0,-0.0703582614660263
2848437504.0,-0.08403278142213821
2849374976.0,-0.09570875018835068
2850312448.0,-0.10448769479990005
2851249920.0,-0.11311522126197815
2852187392.0,-0.1191844567656517
2853125120.0,-0.12342550605535507
2854062592.0,-0.12527279555797577
2855000064.0,-0.12658795714378357
2855937536.0,-0.12521237134933472
2856875008.0,-0.12255029380321503
2857812480.0,-0.11854344606399536
2858749952.0,-0.11200027912855148
2859687424.0,-0.10593865811824799
2860624896.0,-0.0969829186797142
2861562624.0,-0.08786926418542862
2862500096.0,-0.07806605100631714
2863437568.0,-0.06824149191379547
2864375040.0,-0.05703588202595711
2865312512.0,-0.04467589408159256
2866249984.0,-0.03209429606795311
2867187456.0,-0.01929907128214836
2868124928.0,-0.005980377085506916
2869062400.0,0.006507874466478825
2870000128.0,0.01983001083135605
2870937600.0,0.03400355949997902
2871875072.0,0.045924827456474304
2872812544.0,0.058200281113386154
2873750016.0,0.07147887349128723
2874687488.0,0.08438690751791
2875624960.0,0.09617218375205994
2876562432.0,0.10787152498960495
2877499904.0,0.1203988716006279
2878437376.0,0.13073205947875977
2879375104.0,0.1413365602493286
2880312576.0,0.15164735913276672
2881250048.0,0.16029341518878937
2882187520.0,0.16947364807128906
2883124992.0,0.17746679484844208
2884062464.0,0.18471547961235046
2884999936.0,0.1905294805765152
2885937408.0,0.1950242966413498
2886874880.0,0.2004302740097046
2887812608.0,0.20181672275066376
2888750080.0,0.2039288878440857
2889687552.0,0.2046857625246048
2890625024.0,0.20444916188716888
2891562496.0,0.20172683894634247
2892499968.0,0.19753339886665344
2893437440.0,0.1914076805114746
2894374912.0,0.1835961788892746
2895312384.0,0.17481482028961182
2896250112.0,0.16382133960723877
2897187584.0,0.1505412757396698
2898125056.0,0.13631290197372437
2899062528.0,0.12055263668298721
2900000000.0,0.10387919843196869
2900937472.0,0.08591306954622269
2901874944.0,0.0685039758682251
2902812416.0,0.049610838294029236
2903749888.0,0.030852846801280975
2904687616.0,0.010634886100888252
2905625088.0,-0.00843946635723114
2906562560.0,-0.028404196724295616
2907500032.0,-0.045774731785058975
2908437504.0,-0.06257089227437973
2909374976.0,-0.07917368412017822
2910312448.0,-0.09354114532470703
2911249920.0,-0.10735972970724106
2912187392.0,-0.11955413222312927
2913125120.0,-0.1307375133037567
2914062592.0,-0.13827365636825562
2915000064.0,-0.1448148936033249
2915937536.0,-0.1486421823501587
2916875008.0,-0.15160730481147766
2917812480.0,-0.1513977199792862
2918749952.0,-0.14922432601451874
2919687424.0,-0.14562055468559265
2920624896.0,-0.13951347768306732
2921562624.0,-0.1315956860780716
2922500096.0,-0.12172801792621613
2923437568.0,-0.11048194020986557
2924375040.0,-0.0980871394276619
2925312512.0,-0.08442766964435577
2926249984.0,-0.06797882914543152
2927187456.0,-0.05180897191166878
2928124928.0,-0.034700073301792145
2929062400.0,-0.017212098464369774
2929999872.0,0.00044305212213657796
2930937600.0,0.018795475363731384
2931875072.0,0.035576798021793365
2932812544.0,0.053276434540748596
2933750016.0,0.06936190277338028
2934687488.0,0.08571801334619522
2935624960.0,0.09940123558044434
2936562432.0,0.11345595121383667
2937499904.0,0.12504102289676666
2938437376.0,0.13693273067474365
2939375104.0,0.14520354568958282
2940312576.0,0.15314386785030365
2941250048.0,0.1606653332710266
2942187520.0,0.16569338738918304
2943124992.0,0.16941221058368683
2944062464.0,0.17092236876487732
2944999936.0,0.1719769984483719
2945937408.0,0.17196835577487946
2946874880.0,0.17108163237571716
2947812608.0,0.16690027713775635
2948750080.0,0.16472741961479187
2949687552.0,0.16272760927677155
2950625024.0,0.1599656045436859
2951562496.0,0.15602174401283264
2952499968.0,0.15051819384098053
2953437440.0,0.1439666599035263
2954374912.0,0.13860897719860077
2955312384.0,0.13151070475578308
2956250112.0,0.12378083914518356
2957187584.0,0.11493884772062302
2958125056.0,0.10573425889015198
2959062528.0,0.09697272628545761
2960000000.0,0.08654098957777023
2960937472.0,0.0763775035738945
2961874944.0,0.06545037031173706
2962812416.0,0.05443762615323067
2963749888.0,0.04332718625664711
2964687616.0,0.03162701800465584
2965625088.0,0.018803680315613747
2966562560.0,0.007551351562142372
2967500032.0,-0.0021235723979771137
2968437504.0,-0.013120340183377266
2969374976.0,-0.023666949942708015
2970312448.0,-0.03464212268590927
2971249920.0,-0.04342102259397507
2972187392.0,-0.05279902368783951
2973125120.0,-0.06193094328045845
2974062592.0,-0.06910202652215958
2975000064.0,-0.07657641172409058
2975937536.0,-0.08254889398813248
2976875008.0,-0.08743691444396973
2977812480.0,-0.09051153063774109
2978749952.0,-0.09399649500846863
2979687424.0,-0.09641961753368378
2980624896.0,-0.0973140224814415
2981562624.0,-0.09706871956586838
2982500096.0,-0.09588771313428879
2983437568.0,-0.09373994916677475
2984375040.0,-0.09038282930850983
2985312512.0,-0.08629017323255539
2986249984.0,-0.08200755715370178
2987187456.0,-0.076130211353302
2988124928.0,-0.06948444247245789
2989062400.0,-0.061792682856321335
2990000128.0,-0.055073514580726624
2990937600.0,-0.04640081897377968
2991875072.0,-0.03790132701396942
2992812544.0,-0.028811808675527573
2993750016.0,-0.02064511738717556
2994687488.0,-0.012493228539824486
2995624960.0,-0.004736068658530712
2996562432.0,0.002655667020007968
2997499904.0,0.01027153804898262
2998437376.0,0.017259972169995308
2999375104.0,0.02262430638074875
3000312576.0,0.026831509545445442
3001250048.0,0.030032197013497353
3002187520.0,0.03396652638912201
3003124992.0,0.036257702857255936
3004062464.0,0.03758903220295906
3004999936.0,0.03761869668960571
3005937408.0,0.03732876479625702
3006874880.0,0.03549489751458168
3007812608.0,0.030556494370102882
3008750080.0,0.0264485701918602
3009687552.0,0.022866463288664818
3010625024.0,0.01822947897017002
3011562496.0,0.012977625243365765
3012499968.0,0.007705186493694782
3013437440.0,0.0023682909086346626
3014374912.0,-0.002551412209868431
3015312384.0,-0.00720113655552268
3016250112.0,-0.013911477290093899
3017187584.0,-0.0186268649995327
3018125056.0,-0.023276733234524727
3019062528.0,-0.028696948662400246
3020000000.0,-0.03326524421572685
3020937472.0,-0.03874685987830162
3021874944.0,-0.044249728322029114
3022812416.0,-0.049494434148073196
3023749888.0,-0.05397821590304375
3024687616.0,-0.05867191404104233
3025625088.0,-0.06240025907754898
3026562560.0,-0.06684181839227676
3027500032.0,-0.07059052586555481
3028437504.0,-0.07575267553329468
3029374976.0,-0.07892435789108276
3030312448.0,-0.08255895227193832
3031249920.0,-0.08632049709558487
3032187392.0,-0.08923821151256561
3033125120.0,-0.09229835867881775
3034062592.0,-0.09478943794965744
3035000064.0,-0.09731065481901169
3035937536.0,-0.09870708733797073
3036875008.0,-0.10103742778301239
3037812480.0,-0.10127132385969162
3038749952.0,-0.10170460492372513
3039687424.0,-0.10219001770019531
3040624896.0,-0.10173256695270538
3041562624.0,-0.10191484540700912
3042500096.0,-0.09917008876800537
3043437568.0,-0.09809498488903046
3044375040.0,-0.09516329318284988
3045312512.0,-0.0928615927696228
3046249984.0,-0.0889003723859787
3047187456.0,-0.08495549857616425
3048124928.0,-0.07978832721710205
3049062400.0,-0.07554689794778824
3049999872.0,-0.07116226851940155
3050937600.0,-0.06554961949586868
3051875072.0,-0.06007605791091919
3052812544.0,-0.05502926558256149
3053750016.0,-0.05023568123579025
3054687488.0,-0.043656934052705765
3055624960.0,-0.03717748448252678
3056562432.0,-0.03155999630689621
3057499904.0,-0.02598859742283821
3058437376.0,-0.020588409155607224
3059375104.0,-0.015903647989034653
3060312576.0,-0.010638503357768059
3061250048.0,-0.007197522558271885
3062187520.0,-0.003663267008960247
3063124992.0,4.119230652577244e-05
3064062464.0,0.0025117157492786646
3064999936.0,0.004426570609211922
3065937408.0,0.005541759077459574
3066874880.0,0.00606560381129384
3067812608.0,0.018904676660895348
3068750080.0,0.012765655294060707
3069687552.0,0.006708234548568726
3070625024.0,-0.0012486998457461596
3071562496.0,-0.009717491455376148
3072499968.0,-0.019139457494020462
3073437440.0,-0.028799673542380333
3074374912.0,-0.038112882524728775
3075312384.0,-0.04763955995440483
3076250112.0,-0.05754566937685013
3077187584.0,-0.0668194517493248
3078125056.0,-0.07664382457733154
3079062528.0,-0.08521930873394012
3080000000.0,-0.09361226856708527
3080937472.0,-0.10121355950832367
3081874944.0,-0.10738412290811539
3082812416.0,-0.11364012211561203
3083749888.0,-0.11884957551956177
3084687616.0,-0.12226053327322006
3085625088.0,-0.124063640832901
3086562560.0,-0.12536460161209106
3087500032.0,-0.12501700222492218
3088437504.0,-0.12371715158224106
3089374976.0,-0.12168293446302414
3090312448.0,-0.11744130402803421
3091249920.0,-0.11260902881622314
3092187392.0,-0.10711456835269928
3093125120.0,-0.10075131803750992
3094062592.0,-0.09357941895723343
3095000064.0,-0.08522572368383408
3095937536.0,-0.0770328938961029
3096875008.0,-0.0671457052230835
3097812480.0,-0.05829609930515289
3098749952.0,-0.0483880452811718
3099687424.0,-0.037650253623723984
3100624896.0,-0.028278334066271782
3101562624.0,-0.01824868842959404
3102500096.0,-0.007725922390818596
3103437568.0,0.0019595595076680183
3104375040.0,0.011732425540685654
3105312512.0,0.02168160304427147
3106249984.0,0.03049786388874054
3107187456.0,0.0409000962972641
3108124928.0,0.04840409383177757
3109062400.0,0.05548135191202164
3110000128.0,0.06352993100881577
3110937600.0,0.06990285962820053
3111875072.0,0.07597324997186661
3112812544.0,0.08144805580377579
3113750016.0,0.0872473195195198
3114687488.0,0.0918506607413292
3115624960.0,0.09535735845565796
3116562432.0,0.09976401925086975
3117499904.0,0.1026289239525795
3118437376.0,0.10578832775354385
3119375104.0,0.10837100446224213
3120312576.0,0.1102357879281044
3121250048.0,0.11369277536869049
3122187520.0,0.11512365937232971
3123124992.0,0.11779709905385971
3124062464.0,0.11919432878494263
3124999936.0,0.1196160688996315
3125937408.0,0.12111296504735947
3126874880.0,0.12276742607355118
3127812608.0,0.14269965887069702
3128750080.0,0.14011353254318237
3129687552.0,0.13725630939006805
3130625024.0,0.13541029393672943
3131562496.0,0.13419176638126373
3132499968.0,0.13190577924251556
3133437440.0,0.1301363706588745
3134374912.0,0.12864413857460022
3135312384.0,0.12842512130737305
3136250112.0,0.12611374258995056
3137187584.0,0.12497000396251678
3138125056.0,0.12366758286952972
3139062528.0,0.12265723943710327
3140000000.0,0.12235472351312637
3140937472.0,0.12198742479085922
3141874944.0,0.12176431715488434
3142812416.0,0.12079492211341858
3143749888.0,0.11922675371170044
3144687616.0,0.11766474694013596
3145625088.0,0.11702579259872437
3146562560.0,0.11519662290811539
3147500032.0,0.11228592693805695
3148437504.0,0.11053548753261566
3149374976.0,0.10725585371255875
3150312448.0,0.10356359928846359
3151249920.0,0.09826343506574631
3152187392.0,0.09348532557487488
3153125120.0,0.0875282809138298
3154062592.0,0.08113022148609161
3155000064.0,0.07445486634969711
3155937536.0,0.06638313829898834
3156875008.0,0.056910816580057144
3157812480.0,0.048608843237161636
3158749952.0,0.03842601180076599
3159687424.0,0.028284240514039993
3160624896.0,0.016550375148653984
3161562624.0,0.0051370770670473576
3162500096.0,-0.007440860848873854
3163437568.0,-0.018430380150675774
3164375040.0,-0.030987761914730072
3165312512.0,-0.04293724521994591
3166249984.0,-0.055103544145822525
3167187456.0,-0.06694119423627853
3168124928.0,-0.0783739984035492
3169062400.0,-0.08913477510213852
3169999872.0,-0.09934499859809875
3170937600.0,-0.10839105397462845
3171875072.0,-0.11736898869276047
3172812544.0,-0.12447085976600647
3173750016.0,-0.1310596764087677
3174687488.0,-0.1368076056241989
3175624960.0,-0.1406426876783371
3176562432.0,-0.14282940328121185
3177499904.0,-0.14504282176494598
3178437376.0,-0.14413119852542877
3179375104.0,-0.14142358303070068
3180312576.0,-0.138356015086174
3181250048.0,-0.133344367146492
3182187520.0,-0.12670685350894928
3183124992.0,-0.11877966672182083
3184062464.0,-0.10927165299654007
3184999936.0,-0.09702561795711517
3185937408.0,-0.08434346318244934
3186874880.0,-0.07108230888843536
3187812608.0,0.058042462915182114
3188750080.0,0.057289525866508484
3189687552.0,0.05700396001338959
3190625024.0,0.05722125992178917
3191562496.0,0.059043046087026596
3192499968.0,0.06242712214589119
3193437440.0,0.0642942264676094
3194374912.0,0.06729353964328766
3195312384.0,0.07146842777729034
3196250112.0,0.07606543600559235
3197187584.0,0.08140945434570312
3198125056.0,0.08644286543130875
3199062528.0,0.09131204336881638
3200000000.0,0.09651072323322296
3200937472.0,0.10096575319766998
3201874944.0,0.10442687571048737
3202812416.0,0.10818035155534744
3203749888.0,0.111439049243927
3204687616.0,0.11242416501045227
3205625088.0,0.1136818677186966
3206562560.0,0.11279556155204773
3207500032.0,0.11065983772277832
3208437504.0,0.10755675286054611
3209374976.0,0.10361192375421524
3210312448.0,0.09896131604909897
3211249920.0,0.09187261760234833
3212187392.0,0.08473929017782211
3213125120.0,0.07559394091367722
3214062592.0,0.06560958176851273
3215000064.0,0.05420143902301788
3215937536.0,0.0430094376206398
3216875008.0,0.030581701546907425
3217812480.0,0.018508145585656166
3218749952.0,0.005635209381580353
3219687424.0,-0.0073409415781497955
3220624896.0,-0.019837593659758568
3221562624.0,-0.03246191516518593
3222500096.0,-0.044755131006240845
3223437568.0,-0.05606437101960182
3224375040.0,-0.06637595593929291
3225312512.0,-0.07555684447288513
3226249984.0,-0.08466833084821701
3227187456.0,-0.09243138134479523
3228124928.0,-0.09901614487171173
3229062400.0,-0.10356395691633224
3230000128.0,-0.1076355129480362
3230937600.0,-0.10923168063163757
3231875072.0,-0.11035812646150589
3232812544.0,-0.11080273985862732
3233750016.0,-0.10944557934999466
3234687488.0,-0.10857830196619034
3235624960.0,-0.10532466322183609
3236562432.0,-0.10163038223981857
3237499904.0,-0.09726216644048691
3238437376.0,-0.09314668923616409
3239375104.0,-0.0889621153473854
3240312576.0,-0.08371701836585999
3241250048.0,-0.07798903435468674
3242187520.0,-0.07453490048646927
3243124992.0,-0.07071912288665771
3244062464.0,-0.06752192974090576
3244999936.0,-0.0658688098192215
3245937408.0,-0.06411127746105194
3246874880.0,-0.06386439502239227
3247812608.0,-0.05675031244754791
3248750080.0,-0.05997346341609955
3249687552.0,-0.06433676928281784
3250625024.0,-0.06770504266023636
3251562496.0,-0.07079003006219864
3252499968.0,-0.07388617098331451
3253437440.0,-0.07545924931764603
3254374912.0,-0.07645435631275177
3255312384.0,-0.07724227756261826
3256250112.0,-0.07593503594398499
3257187584.0,-0.07408701628446579
3258125056.0,-0.06918703764677048
3259062528.0,-0.06562670320272446
3260000000.0,-0.05939441919326782
3260937472.0,-0.0529947392642498
3261874944.0,-0.04665296897292137
3262812416.0,-0.0380990244448185
3263749888.0,-0.02988552302122116
3264687616.0,-0.021072188392281532
3265625088.0,-0.01281299814581871
3266562560.0,-0.00551234558224678
3267500032.0,0.002031241077929735
3268437504.0,0.008941704407334328
3269374976.0,0.014796367846429348
3270312448.0,0.019266974180936813
3271249920.0,0.023535793647170067
3272187392.0,0.025385813787579536
3273125120.0,0.026154568418860435
3274062592.0,0.026464931666851044
3275000064.0,0.026084816083312035
3275937536.0,0.023862693458795547
3276875008.0,0.021844273433089256
3277812480.0,0.01907709427177906
3278749952.0,0.018136944621801376
3279687424.0,0.01607656292617321
3280624896.0,0.013827291317284107
3281562624.0,0.015317422337830067
3282500096.0,0.014383923262357712
3283437568.0,0.014908498153090477
3284375040.0,0.016844745725393295
3285312512.0,0.019062446430325508
3286249984.0,0.01976577751338482
3287187456.0,0.02202409692108631
3288124928.0,0.023705974221229553
3289062400.0,0.024870755150914192
3289999872.0,0.02619657851755619
3290937600.0,0.026841886341571808
3291875072.0,0.0263658557087183
3292812544.0,0.023592276498675346
3293750016.0,0.02124834805727005
3294687488.0,0.017020737752318382
3295624960.0,0.012493956834077835
3296562432.0,0.005437375511974096
3297499904.0,-0.0023090820759534836
3298437376.0,-0.008666543290019035
3299375104.0,-0.017062051221728325
3300312576.0,-0.026063811033964157
3301250048.0,-0.03594445064663887
3302187520.0,-0.04519267380237579
3303124992.0,-0.05480882152915001
3304062464.0,-0.064292311668396
3304999936.0,-0.07321993261575699
3305937408.0,-0.0829196348786354
3306874880.0,-0.09088227152824402
3307812608.0,-0.05881668999791145
3308750080.0,-0.057175103574991226
3309687552.0,-0.05525512620806694
3310625024.0,-0.052815306931734085
3311562496.0,-0.05180833116173744
3312499968.0,-0.05034630745649338
3313437440.0,-0.0500030554831028
3314374912.0,-0.049671024084091187
3315312384.0,-0.05039775371551514
3316250112.0,-0.05179116874933243
3317187584.0,-0.053626712411642075
3318125056.0,-0.05658801645040512
3319062528.0,-0.05994758754968643
3320000000.0,-0.06337903439998627
3320937472.0,-0.06816235929727554
3321874944.0,-0.07343340665102005
3322812416.0,-0.07826948165893555
3323749888.0,-0.08448684215545654
3324687616.0,-0.09044454991817474
3325625088.0,-0.09844818711280823
3326562560.0,-0.10494144260883331
3327500032.0,-0.11161608248949051
3328437504.0,-0.11705952137708664
3329374976.0,-0.1233685314655304
3330312448.0,-0.12942607700824738
3331249920.0,-0.13599641621112823
3332187392.0,-0.13968050479888916
3333125120.0,-0.14463181793689728
3334062592.0,-0.1481693983078003
3335000064.0,-0.15010567009449005
3335937536.0,-0.1508946716785431
3336875008.0,-0.15166568756103516
3337812480.0,-0.15043896436691284
3338749952.0,-0.14756126701831818
3339687424.0,-0.14466314017772675
3340624896.0,-0.13957029581069946
3341562624.0,-0.1345536857843399
3342500096.0,-0.1278124898672104
3343437568.0,-0.1213906854391098
3344375040.0,-0.11434915661811829
3345312512.0,-0.10487788915634155
3346249984.0,-0.09649855643510818
3347187456.0,-0.0871063694357872
3348124928.0,-0.0780615359544754
3349062400.0,-0.06740950047969818
3350000128.0,-0.05833815410733223
3350937600.0,-0.04781126603484154
3351875072.0,-0.03874378651380539
3352812544.0,-0.029236100614070892
3353750016.0,-0.02063022367656231
3354687488.0,-0.013030484318733215
3355624960.0,-0.0057265255600214005
3356562432.0,0.0008559793932363391
3357499904.0,0.006746016908437014
3358437376.0,0.010903880931437016
3359375104.0,0.01612688973546028
3360312576.0,0.020067140460014343
3361250048.0,0.023519432172179222
3362187520.0,0.02579559199512005
3363124992.0,0.02907044254243374
3364062464.0,0.03144384175539017
3364999936.0,0.03383835405111313
3365937408.0,0.036007363349199295
3366874880.0,0.03880975395441055
3367812608.0,0.04757009819149971
3368750080.0,0.05481710284948349
3369687552.0,0.0620676726102829
3370625024.0,0.06986119598150253
3371562496.0,0.0751485601067543
3372499968.0,0.07971268892288208
3373437440.0,0.08370355516672134
3374374912.0,0.08629351854324341
3375312384.0,0.08866450190544128
3376250112.0,0.08895580470561981
3377187584.0,0.0871046781539917
3378125056.0,0.08604199439287186
3379062528.0,0.0817597359418869
3380000000.0,0.07764440029859543
3380937472.0,0.07190671563148499
3381874944.0,0.06501706689596176
3382812416.0,0.056542880833148956
3383749888.0,0.04900841787457466
3384687616.0,0.04004629701375961
3385625088.0,0.0311783105134964
3386562560.0,0.021502124145627022
3387500032.0,0.011207505129277706
3388437504.0,0.0010788602521643043
3389374976.0,-0.010422293096780777
3390312448.0,-0.01960502378642559
3391249920.0,-0.029238300397992134
3392187392.0,-0.039069756865501404
3393125120.0,-0.04842773452401161
3394062592.0,-0.05664290487766266
3395000064.0,-0.064237579703331
3395937536.0,-0.0721927061676979
3396875008.0,-0.07767724245786667
3397812480.0,-0.08349821716547012
3398749952.0,-0.08840524405241013
3399687424.0,-0.09199405461549759
3400624896.0,-0.09512621909379959
3401562624.0,-0.09730508178472519
3402500096.0,-0.09794680774211884
3403437568.0,-0.09770648181438446
3404375040.0,-0.09782624989748001
3405312512.0,-0.09662508219480515
3406249984.0,-0.09576531499624252
3407187456.0,-0.0928337499499321
3408124928.0,-0.09028282761573792
3409062400.0,-0.08730251342058182
3409999872.0,-0.0838971957564354
3410937600.0,-0.08080662041902542
3411875072.0,-0.07686446607112885
3412812544.0,-0.07241848111152649
3413750016.0,-0.06866540759801865
3414687488.0,-0.06340572983026505
3415624960.0,-0.0589585043489933
3416562432.0,-0.054849978536367416
3417499904.0,-0.05023375526070595
3418437376.0,-0.04676854610443115
3419375104.0,-0.042734526097774506
3420312576.0,-0.039051301777362823
3421250048.0,-0.03562752157449722
3422187520.0,-0.03089255280792713
3423124992.0,-0.02868746407330036
3424062464.0,-0.024444429203867912
3424999936.0,-0.021175114437937737
3425937408.0,-0.01819874346256256
3426874880.0,-0.014350030571222305
3427812608.0,-0.010621221736073494
3428750080.0,-0.0084396256133914
3429687552.0,-0.005715932231396437
3430625024.0,-0.002611418953165412
3431562496.0,0.0003141483757644892
3432499968.0,0.003619867144152522
3433437440.0,0.009239970706403255
3434374912.0,0.014764511957764626
3435312384.0,0.021092722192406654
3436250112.0,0.0285127442330122
3437187584.0,0.03766597434878349
3438125056.0,0.04630134999752045
3439062528.0,0.05753131955862045
3440000000.0,0.0681704506278038
3440937472.0,0.08062517642974854
3441874944.0,0.09403745830059052
3442812416.0,0.10651110857725143
3443749888.0,0.12163473665714264
3444687616.0,0.13480199873447418
3445625088.0,0.14957064390182495
3446562560.0,0.16409125924110413
3447500032.0,0.17603211104869843
3448437504.0,0.18899624049663544
3449374976.0,0.19860850274562836
3450312448.0,0.20814728736877441
3451249920.0,0.21538671851158142
3452187392.0,0.2192085087299347
3453125120.0,0.22259405255317688
3454062592.0,0.22333435714244843
3455000064.0,0.22080202400684357
3455937536.0,0.2163146585226059
3456875008.0,0.20807376503944397
3457812480.0,0.19796663522720337
3458749952.0,0.18610574305057526
3459687424.0,0.17222937941551208
3460624896.0,0.15613926947116852
3461562624.0,0.13902674615383148
3462500096.0,0.11973641812801361
3463437568.0,0.1018717885017395
3464375040.0,0.08189627528190613
3465312512.0,0.06304764747619629
3466249984.0,0.042690664529800415
3467187456.0,0.024036427959799767
3468124928.0,0.00541521655395627
3469062400.0,-0.010466057807207108
3470000128.0,-0.025635434314608574
3470937600.0,-0.03912840038537979
3471875072.0,-0.05034266784787178
3472812544.0,-0.05967313423752785
3473750016.0,-0.06826888024806976
3474687488.0,-0.07326903194189072
3475624960.0,-0.0765925943851471
3476562432.0,-0.07851244509220123
3477499904.0,-0.07885737717151642
3478437376.0,-0.07872621715068817
3479375104.0,-0.07609684765338898
3480312576.0,-0.07228261977434158
3481250048.0,-0.06968774646520615
3482187520.0,-0.06521473079919815
3483124992.0,-0.06017892435193062
3484062464.0,-0.055117931216955185
3484999936.0,-0.0503399521112442
3485937408.0,-0.04587250575423241
3486874880.0,-0.04112309589982033
3487812608.0,-0.027772029861807823
3488750080.0,-0.03180692717432976
3489687552.0,-0.036557842046022415
3490625024.0,-0.0413285493850708
3491562496.0,-0.04650860279798508
3492499968.0,-0.053354378789663315
3493437440.0,-0.05816007778048515
3494374912.0,-0.06477247923612595
3495312384.0,-0.0695967897772789
3496250112.0,-0.07413282245397568
3497187584.0,-0.07924234867095947
3498125056.0,-0.08256585896015167
3499062528.0,-0.08498905599117279
3500000000.0,-0.08620074391365051
3500937472.0,-0.08616162091493607
3501874944.0,-0.08392727375030518
3502812416.0,-0.0823153555393219
3503749888.0,-0.0776866227388382
3504687616.0,-0.07285558432340622
3505625088.0,-0.0680084377527237
3506562560.0,-0.06135045364499092
3507500032.0,-0.05483332276344299
3508437504.0,-0.0464087575674057
3509374976.0,-0.038988105952739716
3510312448.0,-0.029256507754325867
3511249920.0,-0.02064260095357895
3512187392.0,-0.011338467709720135
3513125120.0,-0.0013001656625419855
3514062592.0,0.007953878492116928
3515000064.0,0.01757263019680977
3515937536.0,0.02620098926126957
3516875008.0,0.03471948951482773
3517812480.0,0.04185834154486656
3518749952.0,0.04768628999590874
3519687424.0,0.052911996841430664
3520624896.0,0.056713853031396866
3521562624.0,0.05989241600036621
3522500096.0,0.06101987883448601
3523437568.0,0.061723485589027405
3524375040.0,0.06039227172732353
3525312512.0,0.05913958325982094
3526249984.0,0.05568280816078186
3527187456.0,0.051477596163749695
3528124928.0,0.047401729971170425
3529062400.0,0.04264853894710541
3529999872.0,0.03793950006365776
3530937600.0,0.03146073967218399
3531875072.0,0.025731727480888367
3532812544.0,0.021166440099477768
3533750016.0,0.015675794333219528
3534687488.0,0.011166492477059364
3535624960.0,0.006009738892316818
3536562432.0,0.002885624533519149
3537499904.0,0.00017168716294690967
3538437376.0,-0.0019296803511679173
3539375104.0,-0.002968935528770089
3540312576.0,-0.0023035972844809294
3541250048.0,-0.0019232878694310784
3542187520.0,-0.0008827985730022192
3543124992.0,0.0011008447036147118
3544062464.0,0.003027997212484479
3544999936.0,0.0058675589971244335
3545937408.0,0.011032138019800186
3546874880.0,0.015297947451472282
3547812608.0,0.017342597246170044
3548750080.0,0.01488121785223484
3549687552.0,0.012326526455581188
3550625024.0,0.009256022050976753
3551562496.0,0.006662274245172739
3552499968.0,0.0041773151606321335
3553437440.0,0.0014174235984683037
3554374912.0,-0.0017495743231847882
3555312384.0,-0.005426740739494562
3556250112.0,-0.008832496590912342
3557187584.0,-0.011264032684266567
3558125056.0,-0.015605384483933449
3559062528.0,-0.02022399939596653
3560000000.0,-0.024425046518445015
3560937472.0,-0.027353836223483086
3561874944.0,-0.03067409060895443
3562812416.0,-0.03463543951511383
3563749888.0,-0.03755955770611763
3564687616.0,-0.0399344339966774
3565625088.0,-0.042855408042669296
3566562560.0,-0.04449804872274399
3567500032.0,-0.04674941301345825
3568437504.0,-0.04842882975935936
3569374976.0,-0.0488273948431015
3570312448.0,-0.04863244295120239
3571249920.0,-0.04865746200084686
3572187392.0,-0.0481632798910141
3573125120.0,-0.04777879640460014
3574062592.0,-0.046138521283864975
3575000064.0,-0.04543067142367363
3575937536.0,-0.04376058280467987
3576875008.0,-0.042170606553554535
3577812480.0,-0.041077446192502975
3578749952.0,-0.03896747902035713
3579687424.0,-0.03555011376738548
3580624896.0,-0.03344361111521721
3581562624.0,-0.029824765399098396
3582500096.0,-0.027437780052423477
3583437568.0,-0.02454139105975628
3584375040.0,-0.02462879568338394
3585312512.0,-0.02423582412302494
3586249984.0,-0.023491594940423965
3587187456.0,-0.023145725950598717
3588124928.0,-0.022346265614032745
3589062400.0,-0.02182766981422901
3590000128.0,-0.021178357303142548
3590937600.0,-0.021500729024410248
3591875072.0,-0.021387483924627304
3592812544.0,-0.02080565132200718
3593750016.0,-0.02056504786014557
3594687488.0,-0.019406890496611595
3595624960.0,-0.019060540944337845
3596562432.0,-0.01718536578118801
3597499904.0,-0.01548392977565527
3598437376.0,-0.013607064262032509
3599375104.0,-0.011258204467594624
3600312576.0,-0.008165981620550156
3601250048.0,-0.0048578535206615925
3602187520.0,3.231853270335705e-06
3603124992.0,0.003930182661861181
3604062464.0,0.009351295419037342
3604999936.0,0.015169146470725536
3605937408.0,0.020209375768899918
3606874880.0,0.027579903602600098
3607812608.0,0.049239255487918854
3608750080.0,0.05964384973049164
3609687552.0,0.06770546734333038
3610625024.0,0.07570517808198929
3611562496.0,0.08431793749332428
3612499968.0,0.09217273443937302
3613437440.0,0.09819923341274261
3614374912.0,0.10407549142837524
3615312384.0,0.10888417810201645
3616250112.0,0.11295709758996964
3617187584.0,0.11519642174243927
3618125056.0,0.11730407923460007
3619062528.0,0.11849889904260635
3620000000.0,0.11726929247379303
3620937472.0,0.11583711206912994
3621874944.0,0.11341320723295212
3622812416.0,0.10882089287042618
3623749888.0,0.10342837125062943
3624687616.0,0.09720262885093689
3625625088.0,0.09148937463760376
3626562560.0,0.08465886116027832
3627500032.0,0.07777641713619232
3628437504.0,0.06989601254463196
3629374976.0,0.06108338385820389
3630312448.0,0.05227293446660042
3631249920.0,0.04327648878097534
3632187392.0,0.03270198404788971
3633125120.0,0.023373769596219063
3634062592.0,0.013159668073058128
3635000064.0,0.003037390997633338
3635937536.0,-0.00706555275246501
3636875008.0,-0.01716112531721592
3637812480.0,-0.02668427675962448
3638749952.0,-0.03622234985232353
3639687424.0,-0.04534290358424187
3640624896.0,-0.05313793942332268
3641562624.0,-0.06247037649154663
3642500096.0,-0.07037904858589172
3643437568.0,-0.07757647335529327
3644375040.0,-0.08585259318351746
3645312512.0,-0.09263301640748978
3646249984.0,-0.09819206595420837
3647187456.0,-0.104282446205616
3648124928.0,-0.10860059410333633
3649062400.0,-0.11363057047128677
3649999872.0,-0.11668689548969269
3650937600.0,-0.12001410126686096
3651875072.0,-0.12231651693582535
3652812544.0,-0.12338041514158249
3653750016.0,-0.12435024231672287
3654687488.0,-0.1255735605955124
3655624960.0,-0.1251017153263092
3656562432.0,-0.12437102198600769
3657499904.0,-0.12304406613111496
3658437376.0,-0.12175408750772476
3659375104.0,-0.11910531669855118
3660312576.0,-0.1160954013466835
3661250048.0,-0.11268880218267441
3662187520.0,-0.10902782529592514
3663124992.0,-0.10443869978189468
3664062464.0,-0.1007266715168953
3664999936.0,-0.09656184166669846
3665937408.0,-0.09290149807929993
3666874880.0,-0.08824199438095093
3667812608.0,-0.07104390859603882
3668750080.0,-0.07037394493818283
3669687552.0,-0.06984097510576248
3670625024.0,-0.06794454902410507
3671562496.0,-0.06626299768686295
3672499968.0,-0.06149306520819664
3673437440.0,-0.05801022797822952
3674374912.0,-0.05340157821774483
3675312384.0,-0.047814980149269104
3676250112.0,-0.04218882694840431
3677187584.0,-0.03526837006211281
3678125056.0,-0.02874032035470009
3679062528.0,-0.020306967198848724
3680000000.0,-0.011868906207382679
3680937472.0,-0.0035148521419614553
3681874944.0,0.004140824545174837
3682812416.0,0.014309804886579514
3683749888.0,0.023373931646347046
3684687616.0,0.032617587596178055
3685625088.0,0.041498202830553055
3686562560.0,0.050318457186222076
3687500032.0,0.05843421071767807
3688437504.0,0.06703890115022659
3689374976.0,0.07342580705881119
3690312448.0,0.07981803268194199
3691249920.0,0.08601886034011841
3692187392.0,0.09060409665107727
3693125120.0,0.09506145864725113
3694062592.0,0.09814158082008362
3695000064.0,0.09880825877189636
3695937536.0,0.09932290017604828
3696875008.0,0.09979257732629776
3697812480.0,0.0979631319642067
3698749952.0,0.0961528941988945
3699687424.0,0.09174191206693649
3700624896.0,0.08984526246786118
3701562624.0,0.08444584906101227
3702500096.0,0.07816629856824875
3703437568.0,0.07204239070415497
3704375040.0,0.06449568271636963
3705312512.0,0.057212356477975845
3706249984.0,0.04981287568807602
3707187456.0,0.04145880043506622
3708124928.0,0.03347793221473694
3709062400.0,0.024623921141028404
3710000128.0,0.0148349329829216
3710937600.0,0.0048215351998806
3711875072.0,-0.0034601776860654354
3712812544.0,-0.011638617143034935
3713750016.0,-0.018630512058734894
3714687488.0,-0.025363674387335777
3715624960.0,-0.030018284916877747
3716562432.0,-0.035766661167144775
3717499904.0,-0.039473406970500946
3718437376.0,-0.04220852628350258
3719375104.0,-0.044899001717567444
3720312576.0,-0.0467546209692955
3721250048.0,-0.04676986113190651
3722187520.0,-0.047184765338897705
3723124992.0,-0.04607704281806946
3724062464.0,-0.04582340642809868
3724999936.0,-0.04438817501068115
3725937408.0,-0.04248020425438881
3726874880.0,-0.040981974452733994
3727812608.0,-0.04435306414961815
3728750080.0,-0.0433349683880806
3729687552.0,-0.04221184924244881
3730625024.0,-0.04163412004709244
3731562496.0,-0.04042645916342735
3732499968.0,-0.04026840999722481
3733437440.0,-0.03905351459980011
3734374912.0,-0.03875071927905083
3735312384.0,-0.03777909651398659
3736250112.0,-0.040065303444862366
3737187584.0,-0.040794216096401215
3738125056.0,-0.04225483164191246
3739062528.0,-0.04482785239815712
3740000000.0,-0.04814024269580841
3740937472.0,-0.05085381492972374
3741874944.0,-0.05556565895676613
3742812416.0,-0.05982879176735878
3743749888.0,-0.06473727524280548
3744687616.0,-0.06980621814727783
3745625088.0,-0.07556746900081635
3746562560.0,-0.08024986833333969
3747500032.0,-0.08563623577356339
3748437504.0,-0.09099718928337097
3749374976.0,-0.0969492644071579
3750312448.0,-0.100982166826725
3751249920.0,-0.10664128512144089
3752187392.0,-0.11206571012735367
3753125120.0,-0.1171678677201271
3754062592.0,-0.1202489361166954
3755000064.0,-0.1242331713438034
3755937536.0,-0.12723177671432495
3756875008.0,-0.1285989135503769
3757812480.0,-0.12848536670207977
3758749952.0,-0.12833252549171448
3759687424.0,-0.12626048922538757
3760624896.0,-0.12276743352413177
3761562624.0,-0.11767380684614182
3762500096.0,-0.11177933216094971
3763437568.0,-0.1043357253074646
3764375040.0,-0.09623558074235916
3765312512.0,-0.08653400093317032
3766249984.0,-0.07616107910871506
3767187456.0,-0.06557240337133408
3768124928.0,-0.054111454635858536
3769062400.0,-0.04401380941271782
3769999872.0,-0.032155949622392654
3770937600.0,-0.020610351115465164
3771875072.0,-0.009565619751811028
3772812544.0,0.0003142323112115264
3773750016.0,0.009821824729442596
3774687488.0,0.01917855255305767
3775624960.0,0.026628363877534866
3776562432.0,0.03415854647755623
3777499904.0,0.03881829231977463
3778437376.0,0.041374966502189636
3779375104.0,0.042512718588113785
3780312576.0,0.04209621623158455
3781250048.0,0.04131525754928589
3782187520.0,0.03657460957765579
3783124992.0,0.03231381997466087
3784062464.0,0.026719287037849426
3784999936.0,0.019671384245157242
3785937408.0,0.01025865413248539
3786874880.0,0.01167436596006155
3787812608.0,0.003196407575160265
3788750080.0,-0.006264233961701393
3789687552.0,-0.016621075570583344
3790625024.0,-0.02821209281682968
3791562496.0,-0.04017877206206322
3792499968.0,-0.052414704114198685
3793437440.0,-0.06306516379117966
3794374912.0,-0.07471913844347
3795312384.0,-0.08581915497779846
3796250112.0,-0.09707552939653397
3797187584.0,-0.10751926898956299
3798125056.0,-0.11739686876535416
3799062528.0,-0.12626774609088898
3800000000.0,-0.13455846905708313
3800937472.0,-0.14157885313034058
3801874944.0,-0.1474045217037201
3802812416.0,-0.15232545137405396
3803749888.0,-0.1561381071805954
3804687616.0,-0.15698929131031036
3805625088.0,-0.15890535712242126
3806562560.0,-0.1583552062511444
3807500032.0,-0.15632152557373047
3808437504.0,-0.15440179407596588
3809374976.0,-0.1492771953344345
3810312448.0,-0.1436959207057953
3811249920.0,-0.1367163360118866
3812187392.0,-0.12903673946857452
3813125120.0,-0.12041787058115005
3814062592.0,-0.11122599244117737
3815000064.0,-0.10226883739233017
3815937536.0,-0.09202458709478378
3816875008.0,-0.0827087014913559
3817812480.0,-0.0716661736369133
3818749952.0,-0.061921555548906326
3819687424.0,-0.05206579342484474
3820624896.0,-0.04281540960073471
3821562624.0,-0.03462054580450058
3822500096.0,-0.026840517297387123
3823437568.0,-0.019526442512869835
3824375040.0,-0.013000760227441788
3825312512.0,-0.007559194229543209
3826249984.0,-0.003109973855316639
3827187456.0,0.00024938478600233793
3828124928.0,0.0030620796605944633
3829062400.0,0.0041577620431780815
3830000128.0,0.004002786707133055
3830937600.0,0.0034302007406949997
3831875072.0,0.002358203288167715
3832812544.0,-0.0007318930001929402
3833750016.0,-0.004250884521752596
3834687488.0,-0.00738677941262722
3835624960.0,-0.011005167849361897
3836562432.0,-0.01586986519396305
3837499904.0,-0.02011232078075409
3838437376.0,-0.02388887107372284
3839375104.0,-0.028777217492461205
3840312576.0,-0.032516174018383026
3841250048.0,-0.03549181669950485
3842187520.0,-0.03857669234275818
3843124992.0,-0.041320160031318665
3844062464.0,-0.0440550297498703
3844999936.0,-0.046233534812927246
3845937408.0,-0.047516386955976486
3846874880.0,-0.040529631078243256
3847812608.0,-0.03596534579992294
3848750080.0,-0.03230639547109604
3849687552.0,-0.029600143432617188
3850625024.0,-0.026795191690325737
3851562496.0,-0.023970087990164757
3852499968.0,-0.02184654213488102
3853437440.0,-0.019383922219276428
3854374912.0,-0.018506590276956558
3855312384.0,-0.01785174198448658
3856250112.0,-0.017865141853690147
3857187584.0,-0.017816144973039627
3858125056.0,-0.018722323700785637
3859062528.0,-0.01984879933297634
3860000000.0,-0.020876729860901833
3860937472.0,-0.023499222472310066
3861874944.0,-0.025354234501719475
3862812416.0,-0.028140734881162643
3863749888.0,-0.030799636617302895
3864687616.0,-0.03443048521876335
3865625088.0,-0.036204852163791656
3866562560.0,-0.03964734077453613
3867500032.0,-0.04231482371687889
3868437504.0,-0.04398738592863083
3869374976.0,-0.04741296172142029
3870312448.0,-0.049894463270902634
3871249920.0,-0.05195324122905731
3872187392.0,-0.05403083190321922
3873125120.0,-0.0551326759159565
3874062592.0,-0.05728394538164139
3875000064.0,-0.05852204188704491
3875937536.0,-0.06134161725640297
3876875008.0,-0.06350522488355637
3877812480.0,-0.06558776646852493
3878749952.0,-0.06897047162055969
3879687424.0,-0.06999783962965012
3880624896.0,-0.07134698331356049
3881562624.0,-0.07216911762952805
3882500096.0,-0.07257222384214401
3883437568.0,-0.0728895515203476
3884375040.0,-0.07327369600534439
3885312512.0,-0.07222408056259155
3886249984.0,-0.07313871383666992
3887187456.0,-0.0725131407380104
3888124928.0,-0.07245564460754395
3889062400.0,-0.07196612656116486
3889999872.0,-0.07170110940933228
3890937600.0,-0.07106254249811172
3891875072.0,-0.07152371108531952
3892812544.0,-0.07265990972518921
3893750016.0,-0.07369016855955124
3894687488.0,-0.07514416426420212
3895624960.0,-0.07722756266593933
3896562432.0,-0.07955506443977356
3897499904.0,-0.08190454542636871
3898437376.0,-0.08394153416156769
3899375104.0,-0.08788560330867767
3900312576.0,-0.09146426618099213
3901250048.0,-0.0957113653421402
3902187520.0,-0.099847212433815
3903124992.0,-0.1046605035662651
3904062464.0,-0.10887312144041061
3904999936.0,-0.1132163256406784
3905937408.0,-0.11754696816205978
3906874880.0,-0.13391973078250885
3907812608.0,-0.1428777128458023
3908750080.0,-0.14885224401950836
3909687552.0,-0.15248039364814758
3910625024.0,-0.15463976562023163
3911562496.0,-0.15532076358795166
3912499968.0,-0.15220381319522858
3913437440.0,-0.14772596955299377
3914374912.0,-0.1428527683019638
3915312384.0,-0.13442371785640717
3916250112.0,-0.12325256317853928
3917187584.0,-0.11256346106529236
3918125056.0,-0.10026948899030685
3919062528.0,-0.08569047600030899
3920000000.0,-0.0704507827758789
3920937472.0,-0.05404284968972206
3921874944.0,-0.03804963082075119
3922812416.0,-0.020578425377607346
3923749888.0,-0.004029298201203346
3924687616.0,0.010293738916516304
3925625088.0,0.02545563504099846
3926562560.0,0.04062782600522041
3927500032.0,0.05324169248342514
3928437504.0,0.06476350128650665
3929374976.0,0.07468823343515396
3930312448.0,0.08331913501024246
3931249920.0,0.08835642039775848
3932187392.0,0.091877281665802
3933125120.0,0.09300465136766434
3934062592.0,0.0923881083726883
3935000064.0,0.09022141993045807
3935937536.0,0.08591674268245697
3936875008.0,0.08018481731414795
3937812480.0,0.07359275966882706
3938749952.0,0.06540650129318237
3939687424.0,0.056818678975105286
3940624896.0,0.0473301038146019
3941562624.0,0.03814472630620003
3942500096.0,0.02883787266910076
3943437568.0,0.019124753773212433
3944375040.0,0.010645260103046894
3945312512.0,0.0028522287029772997
3946249984.0,-0.004347529262304306
3947187456.0,-0.011197549290955067
3948124928.0,-0.016915975138545036
3949062400.0,-0.021864283829927444
3950000128.0,-0.025682711973786354
3950937600.0,-0.02960316836833954
3951875072.0,-0.030941074714064598
3952812544.0,-0.03336301073431969
3953750016.0,-0.03643153980374336
3954687488.0,-0.03837362304329872
3955624960.0,-0.040222760289907455
3956562432.0,-0.04237474128603935
3957499904.0,-0.04428383335471153
3958437376.0,-0.04669700190424919
3959375104.0,-0.04706921800971031
3960312576.0,-0.047878190875053406
3961250048.0,-0.0506480410695076
3962187520.0,-0.0531543493270874
3963124992.0,-0.05602583289146423
3964062464.0,-0.059630777686834335
3964999936.0,-0.06457828730344772
3965937408.0,-0.06983096152544022
3966874880.0,-0.08383730798959732
3967812608.0,-0.0979471504688263
3968750080.0,-0.11211469769477844
3969687552.0,-0.12617787718772888
3970625024.0,-0.13910190761089325
3971562496.0,-0.15367884933948517
3972499968.0,-0.16408948600292206
3973437440.0,-0.1744169443845749
3974374912.0,-0.18357430398464203
3975312384.0,-0.1919681280851364
3976250112.0,-0.19903182983398438
3977187584.0,-0.2038601040840149
3978125056.0,-0.20727908611297607
3979062528.0,-0.2090344876050949
3980000000.0,-0.20834679901599884
3980937472.0,-0.207532599568367
3981874944.0,-0.20465277135372162
3982812416.0,-0.20022889971733093
3983749888.0,-0.19451472163200378
3984687616.0,-0.18625110387802124
3985625088.0,-0.17846187949180603
3986562560.0,-0.1684882938861847
3987500032.0,-0.1571897268295288
3988437504.0,-0.1457359790802002
3989374976.0,-0.13337738811969757
3990312448.0,-0.1218993067741394
3991249920.0,-0.10941864550113678
3992187392.0,-0.09711700677871704
3993125120.0,-0.08477731049060822
3994062592.0,-0.0741167888045311
3995000064.0,-0.06310515105724335
3995937536.0,-0.054176535457372665
3996875008.0,-0.04671134427189827
3997812480.0,-0.04002843052148819
3998749952.0,-0.03329926356673241
3999687424.0,-0.027926597744226456
4000624896.0,-0.03474089130759239
4001562624.0,-0.032834555953741074
4002500096.0,-0.03162693232297897
4003437568.0,-0.032400768250226974
4004375040.0,-0.03395146504044533
4005312512.0,-0.036559607833623886
4006249984.0,-0.04064499959349632
4007187456.0,-0.045770902186632156
4008124928.0,-0.05139593407511711
4009062400.0,-0.05897001177072525
4009999872.0,-0.06685230880975723
4010937600.0,-0.07351163029670715
4011875072.0,-0.08070903271436691
4012812544.0,-0.08870147168636322
4013750016.0,-0.0976317822933197
4014687488.0,-0.10569334030151367
4015624960.0,-0.11389080435037613
4016562432.0,-0.12194182723760605
4017499904.0,-0.12932945787906647
4018437376.0,-0.13739433884620667
4019375104.0,-0.14425155520439148
4020312576.0,-0.15063433349132538
4021250048.0,-0.15553787350654602
4022187520.0,-0.1613965630531311
4023124992.0,-0.16477839648723602
4024062464.0,-0.1689203828573227
4024999936.0,-0.17219223082065582
4025937408.0,-0.17546984553337097
4026874880.0,-0.16803045570850372
4027812608.0,-0.1766229271888733
4028750080.0,-0.18221278488636017
4029687552.0,-0.1883460432291031
4030625024.0,-0.1936018317937851
4031562496.0,-0.19856330752372742
4032499968.0,-0.20206505060195923
4033437440.0,-0.20513379573822021
4034374912.0,-0.20837698876857758
4035312384.0,-0.2087623029947281
4036250112.0,-0.20819270610809326
4037187584.0,-0.2069465070962906
4038125056.0,-0.20506368577480316
4039062528.0,-0.2010168731212616
4040000000.0,-0.19542141258716583
4040937472.0,-0.19052833318710327
4041874944.0,-0.18410953879356384
4042812416.0,-0.17723500728607178
4043749888.0,-0.16881579160690308
4044687616.0,-0.1586056351661682
4045625088.0,-0.1476229876279831
4046562560.0,-0.13582660257816315
4047500032.0,-0.12272703647613525
4048437504.0,-0.11027098447084427
4049374976.0,-0.09625139832496643
4050312448.0,-0.08209240436553955
4051249920.0,-0.06740939617156982
4052187392.0,-0.053044456988573074
4053125120.0,-0.03866351768374443
4054062592.0,-0.02461237460374832
4055000064.0,-0.012763835489749908
4055937536.0,-0.0012094995472580194
4056875008.0,0.009280182421207428
4057812480.0,0.01810605637729168
4058749952.0,0.02481997013092041
4059687424.0,0.031413182616233826
4060624896.0,0.036244556307792664
4061562624.0,0.040077030658721924
4062500096.0,0.040555987507104874
4063437568.0,0.040443144738674164
4064375040.0,0.038610562682151794
4065312512.0,0.035375624895095825
4066249984.0,0.029898470267653465
4067187456.0,0.023201867938041687
4068124928.0,0.01489008404314518
4069062400.0,0.005234905052930117
4070000128.0,-0.005797240883111954
4070937600.0,-0.015880698338150978
4071875072.0,-0.028516266494989395
4072812544.0,-0.040619686245918274
4073750016.0,-0.05257277190685272
4074687488.0,-0.0665552094578743
4075624960.0,-0.07964696735143661
4076562432.0,-0.0913616418838501
4077499904.0,-0.10322853177785873
4078437376.0,-0.11376122385263443
4079375104.0,-0.12465278059244156
4080312576.0,-0.13447213172912598
4081250048.0,-0.1435365527868271
4082187520.0,-0.15122345089912415
4083124992.0,-0.1566607803106308
4084062464.0,-0.16173437237739563
4084999936.0,-0.16524118185043335
4085937408.0,-0.16632787883281708
4086874880.0,-0.14790165424346924
4087812608.0,-0.14847713708877563
4088750080.0,-0.1461426466703415
4089687552.0,-0.14490072429180145
4090625024.0,-0.14252027869224548
4091562496.0,-0.1389676034450531
4092499968.0,-0.13457709550857544
4093437440.0,-0.1301983743906021
4094374912.0,-0.12502045929431915
4095312384.0,-0.11922764033079147
4096250112.0,-0.11344147473573685
4097187584.0,-0.10745114088058472
4098125056.0,-0.10170571506023407
4099062528.0,-0.09503521025180817
4100000000.0,-0.08954524993896484
4100937472.0,-0.08381978422403336
4101874944.0,-0.07766246050596237
4102812416.0,-0.0728316679596901
4103749888.0,-0.0680152177810669
4104687616.0,-0.06330756843090057
4105625088.0,-0.058832474052906036
4106562560.0,-0.05421000346541405
4107500032.0,-0.05028263479471207
4108437504.0,-0.04661572352051735
4109374976.0,-0.04208254814147949
4110312448.0,-0.03939706087112427
4111249920.0,-0.037956126034259796
4112187392.0,-0.034836817532777786
4113125120.0,-0.03332214429974556
4114062592.0,-0.03165287896990776
4115000064.0,-0.030859695747494698
4115937536.0,-0.02860916405916214
4116875008.0,-0.027807574719190598
4117812480.0,-0.027955764904618263
4118749952.0,-0.027149492874741554
4119687424.0,-0.027093004435300827
4120624896.0,-0.027837591245770454
4121562624.0,-0.027762630954384804
4122500096.0,-0.02882612682878971
4123437568.0,-0.029726002365350723
4124375040.0,-0.03181142359972
4125312512.0,-0.03350067511200905
4126249984.0,-0.03560876473784447
4127187456.0,-0.03852211311459541
4128124928.0,-0.04154068976640701
4129062400.0,-0.0449325330555439
4129999872.0,-0.04836125299334526
4130937600.0,-0.05318617448210716
4131875072.0,-0.05765804275870323
4132812544.0,-0.062020208686590195
4133750016.0,-0.06723392009735107
4134687488.0,-0.07371256500482559
4135624960.0,-0.07993906736373901
4136562432.0,-0.08688634634017944
4137499904.0,-0.09371338784694672
4138437376.0,-0.10222146660089493
4139375104.0,-0.11037790775299072
4140312576.0,-0.11877389997243881
4141250048.0,-0.12815429270267487
4142187520.0,-0.13722558319568634
4143124992.0,-0.14519758522510529
4144062464.0,-0.15269529819488525
4144999936.0,-0.16203278303146362
4145937408.0,-0.1709626019001007
4146874880.0,-0.19128349423408508
4147812608.0,-0.19896672666072845
4148750080.0,-0.2035813182592392
4149687552.0,-0.20602838695049286
4150625024.0,-0.20735178887844086
4151562496.0,-0.20654834806919098
4152499968.0,-0.20251794159412384
4153437440.0,-0.19892746210098267
4154374912.0,-0.19206953048706055
4155312384.0,-0.18476063013076782
4156250112.0,-0.1765097677707672
4157187584.0,-0.1660085916519165
4158125056.0,-0.15610399842262268
4159062528.0,-0.14459966123104095
4160000000.0,-0.13233019411563873
4160937472.0,-0.12012152373790741
4161874944.0,-0.10788789391517639
4162812416.0,-0.09554982930421829
4163749888.0,-0.08339311182498932
4164687616.0,-0.07176031172275543
4165625088.0,-0.06002303957939148
4166562560.0,-0.04891788959503174
4167500032.0,-0.039229098707437515
4168437504.0,-0.029396267607808113
4169374976.0,-0.02033339813351631
4170312448.0,-0.012542282231152058
4171249920.0,-0.004283068235963583
4172187392.0,0.000958689081016928
4173125120.0,0.00647500716149807
4174062592.0,0.011300783604383469
4175000064.0,0.015930427238345146
4175937536.0,0.01879425346851349
4176875008.0,0.02256621979176998
4177812480.0,0.02393162250518799
4178749952.0,0.024949850514531136
4179687424.0,0.026356397196650505
4180624896.0,0.025875993072986603
4181562624.0,0.025621891021728516
4182500096.0,0.02457701414823532
4183437568.0,0.023693470284342766
4184375040.0,0.022627638652920723
4185312512.0,0.02091309241950512
4186249984.0,0.017735585570335388
4187187456.0,0.013856508769094944
4188124928.0,0.010088318027555943
4189062400.0,0.0056706378236413
4190000128.0,0.0004933653981424868
4190937600.0,-0.004525404889136553
4191875072.0,-0.01126767136156559
4192812544.0,-0.018637986853718758
4193750016.0,-0.025899352505803108
4194687488.0,-0.03422834724187851
4195624960.0,-0.042445942759513855
4196562432.0,-0.05212436988949776
4197499904.0,-0.061229098588228226
4198437376.0,-0.07160662859678268
4199375104.0,-0.0838015154004097
4200312576.0,-0.09530431777238846
4201250048.0,-0.10765867680311203
4202187520.0,-0.11937101930379868
4203124992.0,-0.13231851160526276
4204062464.0,-0.14463184773921967
4204999936.0,-0.15821217000484467
4205937408.0,-0.16950201988220215
4206874880.0,-0.17245489358901978
4207812608.0,-0.1844700574874878
4208750080.0,-0.1960308998823166
4209687552.0,-0.20777562260627747
4210625024.0,-0.2189664989709854
4211562496.0,-0.22868096828460693
4212499968.0,-0.2369784414768219
4213437440.0,-0.24480542540550232
4214374912.0,-0.24957558512687683
4215312384.0,-0.2520042657852173
4216250112.0,-0.2529832720756531
4217187584.0,-0.25075066089630127
4218125056.0,-0.24742896854877472
4219062528.0,-0.24128837883472443
4220000000.0,-0.2341388761997223
4220937472.0,-0.22408205270767212
4221874944.0,-0.21127472817897797
4222812416.0,-0.19687092304229736
4223749888.0,-0.18071681261062622
4224687616.0,-0.1620413213968277
4225625088.0,-0.14287616312503815
4226562560.0,-0.12195819616317749
4227500032.0,-0.09969619661569595
4228437504.0,-0.07665710151195526
4229374976.0,-0.05389643460512161
4230312448.0,-0.0312945730984211
4231249920.0,-0.009037806652486324
4232187392.0,0.0121782086789608
4233125120.0,0.032538849860429764
4234062592.0,0.05251910910010338
4235000064.0,0.07040770351886749
4235937536.0,0.0862564742565155
4236875008.0,0.10003839433193207
4237812480.0,0.11163870245218277
4238749952.0,0.1212247684597969
4239687424.0,0.12810008227825165
4240624896.0,0.1320873349905014
4241562624.0,0.1333385407924652
4242500096.0,0.13294248282909393
4243437568.0,0.12962459027767181
4244375040.0,0.124649778008461
4245312512.0,0.11599256098270416
4246249984.0,0.10534816235303879
4247187456.0,0.09388703107833862
4248124928.0,0.07987114042043686
4249062400.0,0.0645100474357605
4249999872.0,0.04905698075890541
4250937600.0,0.03207443282008171
4251875072.0,0.014704539440572262
4252812544.0,-0.0036168713122606277
4253750016.0,-0.022522427141666412
4254687488.0,-0.0415649488568306
4255624960.0,-0.06050807237625122
4256562432.0,-0.07818480581045151
4257499904.0,-0.09690690785646439
4258437376.0,-0.11507538706064224
4259375104.0,-0.13190844655036926
4260312576.0,-0.14717459678649902
4261250048.0,-0.16309458017349243
4262187520.0,-0.1779775768518448
4263124992.0,-0.1935214102268219
4264062464.0,-0.20788267254829407
4264999936.0,-0.22142314910888672
4265937408.0,-0.23427727818489075
4266874880.0,-0.24603590369224548
4267812608.0,-0.2511991560459137
4268750080.0,-0.2561342418193817
4269687552.0,-0.26219040155410767
4270625024.0,-0.2667868733406067
4271562496.0,-0.2728882133960724
4272499968.0,-0.2772184908390045
4273437440.0,-0.28133267164230347
4274374912.0,-0.28450095653533936
4275312384.0,-0.284904420375824
4276250112.0,-0.2860981822013855
4277187584.0,-0.28529036045074463
4278125056.0,-0.28137654066085815
4279062528.0,-0.2762909233570099
4280000000.0,-0.2692674398422241
4280937472.0,-0.2602663040161133
4281874944.0,-0.2503347098827362
4282812416.0,-0.23673956096172333
4283749888.0,-0.22253039479255676
4284687616.0,-0.20643457770347595
4285625088.0,-0.1905512809753418
4286562560.0,-0.17062069475650787
4287500032.0,-0.1509842723608017
4288437504.0,-0.12887214124202728
4289374976.0,-0.10669846832752228
4290312448.0,-0.08424855023622513
4291249920.0,-0.059226203709840775
4292187392.0,-0.03548165038228035
4293125120.0,-0.011840706691145897
4294062592.0,0.011336790397763252
4295000064.0,0.03430061787366867
4295937536.0,0.05595782399177551
4296875008.0,0.07648958265781403
4297812480.0,0.09503474086523056
4298749952.0,0.11284179240465164
4299687424.0,0.1282818764448166
4300624896.0,0.14232216775417328
4301562368.0,0.1528613567352295
4302499840.0,0.1617145538330078
4303437312.0,0.167799174785614
4304374784.0,0.17136414349079132
4305312256.0,0.17117926478385925
4306250240.0,0.16828756034374237
4307187712.0,0.16282792389392853
4308125184.0,0.15468665957450867
4309062656.0,0.14225128293037415
4310000128.0,0.1288096159696579
4310937600.0,0.11133421957492828
4311875072.0,0.09141138941049576
4312812544.0,0.06911510974168777
4313750016.0,0.04523409157991409
4314687488.0,0.01934717781841755
4315624960.0,-0.008116702549159527
4316562432.0,-0.0363478809595108
4317499904.0,-0.06581170856952667
4318437376.0,-0.09634330868721008
4319374848.0,-0.1266365349292755
4320312320.0,-0.15701274573802948
4321249792.0,-0.18691201508045197
4322187264.0,-0.21460385620594025
4323125248.0,-0.24090982973575592
4324062720.0,-0.266377717256546
4325000192.0,-0.28833165764808655
4325937664.0,-0.30914515256881714
4326875136.0,-0.3448678255081177
4327812608.0,-0.3397446870803833
4328750080.0,-0.33302733302116394
4329687552.0,-0.32467925548553467
4330625024.0,-0.31685569882392883
4331562496.0,-0.30849313735961914
4332499968.0,-0.29993629455566406
4333437440.0,-0.29184073209762573
4334374912.0,-0.28294607996940613
4335312384.0,-0.2761133909225464
4336249856.0,-0.26816049218177795
4337187328.0,-0.2618071734905243
4338124800.0,-0.2549184262752533
4339062272.0,-0.25047510862350464
4339999744.0,-0.24532350897789001
4340937728.0,-0.24090592563152313
4341875200.0,-0.2361173778772354
4342812672.0,-0.2310285121202469
4343750144.0,-0.22612370550632477
4344687616.0,-0.22080639004707336
4345625088.0,-0.21530681848526
4346562560.0,-0.20842958986759186
4347500032.0,-0.2014167606830597
4348437504.0,-0.19393478333950043
4349374976.0,-0.1851099580526352
4350312448.0,-0.17659024894237518
4351249920.0,-0.16512979567050934
4352187392.0,-0.15206843614578247
4353124864.0,-0.1376817524433136
4354062336.0,-0.1227879747748375
4354999808.0,-0.10657478868961334
4355937280.0,-0.08902258425951004
4356874752.0,-0.0724279135465622
4357812736.0,-0.055891215801239014
4358750208.0,-0.04145833104848862
4359687680.0,-0.0299384668469429
4360625152.0,-0.021636301651597023
4361562624.0,-0.01668505184352398
4362500096.0,-0.01385292038321495
4363437568.0,-0.011804134584963322
4364375040.0,-0.00927481148391962
4365312512.0,-0.008350522257387638
4366249984.0,-0.008790355175733566
4367187456.0,-0.008568931370973587
4368124928.0,-0.009112345986068249
4369062400.0,-0.010531706735491753
4369999872.0,-0.012968108989298344
4370937344.0,-0.014991340227425098
4371874816.0,-0.01908263936638832
4372812288.0,-0.02278897725045681
4373749760.0,-0.02842612750828266
4374687744.0,-0.03467370569705963
4375625216.0,-0.04254837706685066
4376562688.0,-0.05303012207150459
4377500160.0,-0.06378179788589478
4378437632.0,-0.07752930372953415
4379375104.0,-0.09205322712659836
4380312576.0,-0.10830710828304291
4381250048.0,-0.1272209882736206
4382187520.0,-0.14760757982730865
4383124992.0,-0.17001460492610931
4384062464.0,-0.19240592420101166
4384999936.0,-0.21622730791568756
4385937408.0,-0.23996885120868683
4386874880.0,-0.33228588104248047
4387812352.0,-0.3466393053531647
4388749824.0,-0.3605920374393463
4389687296.0,-0.37127506732940674
4390624768.0,-0.3793415427207947
4391562752.0,-0.38506627082824707
4392500224.0,-0.3874955177307129
4393437696.0,-0.3871077001094818
4394375168.0,-0.3831777274608612
4395312640.0,-0.3763870894908905
4396250112.0,-0.36530596017837524
4397187584.0,-0.35103750228881836
4398125056.0,-0.3336467742919922
4399062528.0,-0.3130527138710022
4400000000.0,-0.29051631689071655
4400937472.0,-0.2651272118091583
4401874944.0,-0.23775018751621246
4402812416.0,-0.20832355320453644
4403749888.0,-0.17806315422058105
4404687360.0,-0.14600038528442383
4405624832.0,-0.11380369961261749
4406562304.0,-0.08073267340660095
4407499776.0,-0.04929497838020325
4408437248.0,-0.016770480200648308
4409375232.0,0.014384224079549313
4410312704.0,0.043665070086717606
4411250176.0,0.07106973975896835
4412187648.0,0.0966387465596199
4413125120.0,0.11857744306325912
4414062592.0,0.1389482617378235
4415000064.0,0.1561804711818695
4415937536.0,0.16920223832130432
4416875008.0,0.17960324883460999
4417812480.0,0.18776839971542358
4418749952.0,0.1909208446741104
4419687424.0,0.19106391072273254
4420624896.0,0.18824169039726257
4421562368.0,0.18171945214271545
4422499840.0,0.1722242385149002
4423437312.0,0.15900199115276337
4424374784.0,0.14334629476070404
4425312256.0,0.12478376179933548
4426250240.0,0.10369662940502167
4427187712.0,0.08230458199977875
4428125184.0,0.05736318975687027
4429062656.0,0.03311591595411301
4430000128.0,0.005789383314549923
4430937600.0,-0.020459063351154327
4431875072.0,-0.04781240597367287
4432812544.0,-0.07480471581220627
4433750016.0,-0.10044606775045395
4434687488.0,-0.12640629708766937
4435624960.0,-0.1513846218585968
4436562432.0,-0.17314137518405914
4437499904.0,-0.19310176372528076
4438437376.0,-0.2112053781747818
4439374848.0,-0.22670768201351166
4440312320.0,-0.23950517177581787
4441249792.0,-0.2504788935184479
4442187264.0,-0.25800561904907227
4443125248.0,-0.26477617025375366
4444062720.0,-0.267231822013855
4445000192.0,-0.26847586035728455
4445937664.0,-0.2687137722969055
4446875136.0,-0.21220546960830688
4447812608.0,-0.2161056399345398
4448750080.0,-0.218692809343338
4449687552.0,-0.21917274594306946
4450625024.0,-0.21616408228874207
4451562496.0,-0.20991119742393494
4452499968.0,-0.20092536509037018
4453437440.0,-0.18944957852363586
4454374912.0,-0.17507417500019073
4455312384.0,-0.15876880288124084
4456249856.0,-0.1398490071296692
4457187328.0,-0.1198190301656723
4458124800.0,-0.09818346053361893
4459062272.0,-0.07696617394685745
4460000256.0,-0.05468582734465599
4460937728.0,-0.031851865351200104
4461875200.0,-0.010393812321126461
4462812672.0,0.011457699351012707
4463750144.0,0.032153356820344925
4464687616.0,0.05101702734827995
4465625088.0,0.06901512295007706
4466562560.0,0.08411256968975067
4467500032.0,0.09798895567655563
4468437504.0,0.10837855935096741
4469374976.0,0.11558914929628372
4470312448.0,0.12065249681472778
4471249920.0,0.12314575165510178
4472187392.0,0.12167990207672119
4473124864.0,0.11818728595972061
4474062336.0,0.11024580895900726
4474999808.0,0.1010066568851471
4475937280.0,0.08883841335773468
4476874752.0,0.07307542860507965
4477812736.0,0.054785631597042084
4478750208.0,0.03516975790262222
4479687680.0,0.013032632879912853
4480625152.0,-0.011105427518486977
4481562624.0,-0.03595281019806862
4482500096.0,-0.0630006343126297
4483437568.0,-0.08988562226295471
4484375040.0,-0.11881260573863983
4485312512.0,-0.1469067633152008
4486249984.0,-0.17487826943397522
4487187456.0,-0.20226092636585236
4488124928.0,-0.23041915893554688
4489062400.0,-0.2553931176662445
4489999872.0,-0.27942797541618347
4490937344.0,-0.30180978775024414
4491874816.0,-0.3215135335922241
4492812288.0,-0.34068483114242554
4493749760.0,-0.3575904667377472
4494687744.0,-0.37173983454704285
4495625216.0,-0.3836868405342102
4496562688.0,-0.39274126291275024
4497500160.0,-0.40137916803359985
4498437632.0,-0.40610647201538086
4499375104.0,-0.40988776087760925
4500312576.0,-0.4115994870662689
4501250048.0,-0.41248103976249695
4502187520.0,-0.4112389087677002
4503124992.0,-0.4087458848953247
4504062464.0,-0.40588808059692383
4504999936.0,-0.40169060230255127
4505937408.0,-0.39786243438720703
4506874880.0,-0.27955588698387146
4507812352.0,-0.27635684609413147
4508749824.0,-0.2738771140575409
4509687296.0,-0.27325138449668884
4510624768.0,-0.2715357542037964
4511562752.0,-0.27180778980255127
4512500224.0,-0.2732834219932556
4513437696.0,-0.2755681872367859
4514375168.0,-0.2777004837989807
4515312640.0,-0.2832191288471222
4516250112.0,-0.2864217758178711
4517187584.0,-0.2926197052001953
4518125056.0,-0.299653559923172
4519062528.0,-0.3062443733215332
4520000000.0,-0.31456005573272705
4520937472.0,-0.3234506845474243
4521874944.0,-0.33209168910980225
4522812416.0,-0.34129905700683594
4523749888.0,-0.35228949785232544
4524687360.0,-0.3617132604122162
4525624832.0,-0.37078118324279785
4526562304.0,-0.3796733617782593
4527499776.0,-0.387829065322876
4528437248.0,-0.39646977186203003
4529375232.0,-0.4046885669231415
4530312704.0,-0.4126668870449066
4531250176.0,-0.42054885625839233
4532187648.0,-0.4281812310218811
4533125120.0,-0.4343683123588562
4534062592.0,-0.4416027069091797
4535000064.0,-0.44680148363113403
4535937536.0,-0.45116421580314636
4536875008.0,-0.4556736648082733
4537812480.0,-0.45854732394218445
4538749952.0,-0.46145883202552795
4539687424.0,-0.463071346282959
4540624896.0,-0.46356260776519775
4541562368.0,-0.4626519978046417
4542499840.0,-0.4618481993675232
4543437312.0,-0.46099117398262024
4544374784.0,-0.45955413579940796
4545312256.0,-0.45665261149406433
4546250240.0,-0.45451056957244873
4547187712.0,-0.4509963393211365
4548125184.0,-0.44780927896499634
4549062656.0,-0.4448460638523102
4550000128.0,-0.4420967996120453
4550937600.0,-0.4393565356731415
4551875072.0,-0.43646740913391113
4552812544.0,-0.433750182390213
4553750016.0,-0.43154585361480713
4554687488.0,-0.42935818433761597
4555624960.0,-0.42714688181877136
4556562432.0,-0.4263894855976105
4557499904.0,-0.4241706132888794
4558437376.0,-0.42297226190567017
4559374848.0,-0.4220001697540283
4560312320.0,-0.42082056403160095
4561249792.0,-0.4205726683139801
4562187264.0,-0.4196564853191376
4563125248.0,-0.41878741979599
4564062720.0,-0.41853752732276917
4565000192.0,-0.41659465432167053
4565937664.0,-0.41578614711761475
4566875136.0,-0.3685831129550934
4567812608.0,-0.37530961632728577
4568750080.0,-0.3794688284397125
4569687552.0,-0.3828829824924469
4570625024.0,-0.3832467794418335
4571562496.0,-0.3823634386062622
4572499968.0,-0.3799648582935333
4573437440.0,-0.37477847933769226
4574374912.0,-0.3675505518913269
4575312384.0,-0.35865435004234314
4576249856.0,-0.3467637300491333
4577187328.0,-0.33364781737327576
4578124800.0,-0.31861764192581177
4579062272.0,-0.3011258840560913
4579999744.0,-0.28357619047164917
4580937728.0,-0.2633764445781708
4581875200.0,-0.2426590621471405
4582812672.0,-0.22019924223423004
4583750144.0,-0.19831955432891846
4584687616.0,-0.1755223125219345
4585625088.0,-0.15265600383281708
4586562560.0,-0.12916195392608643
4587500032.0,-0.10670746862888336
4588437504.0,-0.08611176908016205
4589374976.0,-0.06624696403741837
4590312448.0,-0.04724138602614403
4591249920.0,-0.030484652146697044
4592187392.0,-0.014167861081659794
4593124864.0,-0.0015107444487512112
4594062336.0,0.009186278097331524
4594999808.0,0.018076438456773758
4595937280.0,0.02453332394361496
4596874752.0,0.02637074701488018
4597812736.0,0.02733270637691021
4598750208.0,0.025397678837180138
4599687680.0,0.020855911076068878
4600625152.0,0.013218930922448635
4601562624.0,0.003776136552914977
4602500096.0,-0.008024311624467373
4603437568.0,-0.02165692299604416
4604375040.0,-0.038508154451847076
4605312512.0,-0.05633305758237839
4606249984.0,-0.07658849656581879
4607187456.0,-0.09736310690641403
4608124928.0,-0.11995907127857208
4609062400.0,-0.1426500827074051
4609999872.0,-0.16511301696300507
4610937344.0,-0.18676790595054626
4611874816.0,-0.2106032520532608
4612812288.0,-0.23188254237174988
4613749760.0,-0.2536070644855499
4614687744.0,-0.27383095026016235
4615625216.0,-0.2943987250328064
4616562688.0,-0.31195539236068726
4617500160.0,-0.32907649874687195
4618437632.0,-0.34498414397239685
4619375104.0,-0.358967125415802
4620312576.0,-0.371462881565094
4621250048.0,-0.3837268054485321
4622187520.0,-0.3950776755809784
4623124992.0,-0.4055933952331543
4624062464.0,-0.41534367203712463
4624999936.0,-0.42432454228401184
4625937408.0,-0.4327702522277832
4626874880.0,-0.4457639455795288
4627812352.0,-0.4401853680610657
4628749824.0,-0.4345283508300781
4629687296.0,-0.42682769894599915
4630624768.0,-0.41831228137016296
4631562752.0,-0.40979573130607605
4632500224.0,-0.40006953477859497
4633437696.0,-0.38982531428337097
4634375168.0,-0.3796757459640503
4635312640.0,-0.3700135052204132
4636250112.0,-0.35943326354026794
4637187584.0,-0.3509522080421448
4638125056.0,-0.34197714924812317
4639062528.0,-0.3338620364665985
4640000000.0,-0.326071560382843
4640937472.0,-0.31967630982398987
4641874944.0,-0.3138536810874939
4642812416.0,-0.3070708215236664
4643749888.0,-0.30329644680023193
4644687360.0,-0.3011600375175476
4645624832.0,-0.2987107038497925
4646562304.0,-0.29929205775260925
4647499776.0,-0.3009110391139984
4648437248.0,-0.3025405704975128
4649375232.0,-0.30537325143814087
4650312704.0,-0.30918988585472107
4651250176.0,-0.31467676162719727
4652187648.0,-0.32038748264312744
4653125120.0,-0.327474981546402
4654062592.0,-0.3341560363769531
4655000064.0,-0.34299927949905396
4655937536.0,-0.352819561958313
4656875008.0,-0.3626720607280731
4657812480.0,-0.37311992049217224
4658749952.0,-0.3840334415435791
4659687424.0,-0.39743515849113464
4660624896.0,-0.4084862172603607
4661562368.0,-0.4201090931892395
4662499840.0,-0.4344760477542877
4663437312.0,-0.44678181409835815
4664374784.0,-0.46186375617980957
4665312256.0,-0.4765026867389679
4666250240.0,-0.491265207529068
4667187712.0,-0.5060296058654785
4668125184.0,-0.5212244391441345
4669062656.0,-0.5355384945869446
4670000128.0,-0.5506494641304016
4670937600.0,-0.5657760500907898
4671875072.0,-0.5809217095375061
4672812544.0,-0.5951351523399353
4673750016.0,-0.6087852120399475
4674687488.0,-0.6211725473403931
4675624960.0,-0.6343344449996948
4676562432.0,-0.6460189819335938
4677499904.0,-0.656241774559021
4678437376.0,-0.667393684387207
4679374848.0,-0.6766811013221741
4680312320.0,-0.6853963136672974
4681249792.0,-0.6924852132797241
4682187264.0,-0.6986069083213806
4683125248.0,-0.7015849351882935
4684062720.0,-0.7050257325172424
4685000192.0,-0.706586480140686
4685937664.0,-0.7058715224266052
4686875136.0,-0.6818487048149109
4687812608.0,-0.6813294291496277
4688750080.0,-0.6772249937057495
4689687552.0,-0.6711025238037109
4690625024.0,-0.6617178916931152
4691562496.0,-0.6509178876876831
4692499968.0,-0.6372421979904175
4693437440.0,-0.6213400363922119
4694374912.0,-0.6039926409721375
4695312384.0,-0.5838091969490051
4696249856.0,-0.562517523765564
4697187328.0,-0.5397226810455322
4698124800.0,-0.5164889693260193
4699062272.0,-0.492882639169693
4700000256.0,-0.47037190198898315
4700937728.0,-0.4486995339393616
4701875200.0,-0.4265330135822296
4702812672.0,-0.4071292579174042
4703750144.0,-0.3899156451225281
4704687616.0,-0.37498050928115845
4705625088.0,-0.3623493015766144
4706562560.0,-0.35476282238960266
4707500032.0,-0.3493230640888214
4708437504.0,-0.349013090133667
4709374976.0,-0.3535807728767395
4710312448.0,-0.36292850971221924
4711249920.0,-0.37735915184020996
4712187392.0,-0.39724239706993103
4713124864.0,-0.42083418369293213
4714062336.0,-0.4476611316204071
4714999808.0,-0.4819279611110687
4715937280.0,-0.5177459120750427
4716874752.0,-0.5569432973861694
4717812736.0,-0.6008808016777039
4718750208.0,-0.645470380783081
4719687680.0,-0.6934442520141602
4720625152.0,-0.7425504326820374
4721562624.0,-0.7927252054214478
4722500096.0,-0.8421926498413086
4723437568.0,-0.891101598739624
4724375040.0,-0.9378663301467896
4725312512.0,-0.9814355373382568
4726249984.0,-1.0218250751495361
4727187456.0,-1.057144045829773
4728124928.0,-1.088208556175232
4729062400.0,-1.115324854850769
4729999872.0,-1.1366883516311646
4730937344.0,-1.154411792755127
4731874816.0,-1.1673346757888794
4732812288.0,-1.177321195602417
4733749760.0,-1.1841518878936768
4734687744.0,-1.1859551668167114
4735625216.0,-1.1851956844329834
4736562688.0,-1.1810179948806763
4737500160.0,-1.1756535768508911
4738437632.0,-1.1666449308395386
4739375104.0,-1.1568396091461182
4740312576.0,-1.1458503007888794
4741250048.0,-1.1315706968307495
4742187520.0,-1.1177788972854614
4743124992.0,-1.1037346124649048
4744062464.0,-1.0882922410964966
4744999936.0,-1.0736368894577026
4745937408.0,-1.0578445196151733
4746874880.0,-0.8134316802024841
4747812352.0,-0.8214535117149353
4748749824.0,-0.8278037309646606
4749687296.0,-0.8339501023292542
4750624768.0,-0.8420180678367615
4751562752.0,-0.8484126925468445
4752500224.0,-0.8547515273094177
4753437696.0,-0.8600049614906311
4754375168.0,-0.8648651242256165
4755312640.0,-0.8688490390777588
4756250112.0,-0.8720296025276184
4757187584.0,-0.8740209341049194
4758125056.0,-0.8741565346717834
4759062528.0,-0.8739858269691467
4760000000.0,-0.8723213076591492
4760937472.0,-0.8700132369995117
4761874944.0,-0.8670851588249207
4762812416.0,-0.8638483881950378
4763749888.0,-0.8602485060691833
4764687360.0,-0.8552098274230957
4765624832.0,-0.8505876064300537
4766562304.0,-0.8463985323905945
4767499776.0,-0.840375542640686
4768437248.0,-0.8334863185882568
4769375232.0,-0.8283337354660034
4770312704.0,-0.8222087621688843
4771250176.0,-0.8178665637969971
4772187648.0,-0.8127556443214417
4773125120.0,-0.8083360195159912
4774062592.0,-0.8047084808349609
4775000064.0,-0.803031861782074
4775937536.0,-0.8007625341415405
4776875008.0,-0.8015077114105225
4777812480.0,-0.8033114075660706
4778749952.0,-0.8081666231155396
4779687424.0,-0.8135197758674622
4780624896.0,-0.8210231065750122
4781562368.0,-0.830207109451294
4782499840.0,-0.8404147624969482
4783437312.0,-0.8523018956184387
4784374784.0,-0.8666452169418335
4785312256.0,-0.8829196691513062
4786250240.0,-0.9014157056808472
4787187712.0,-0.9226227402687073
4788125184.0,-0.9443323016166687
4789062656.0,-0.9684595465660095
4790000128.0,-0.9941967129707336
4790937600.0,-1.0205752849578857
4791875072.0,-1.0483487844467163
4792812544.0,-1.0766621828079224
4793750016.0,-1.1042534112930298
4794687488.0,-1.1320255994796753
4795624960.0,-1.1604070663452148
4796562432.0,-1.1875581741333008
4797499904.0,-1.2144131660461426
4798437376.0,-1.2395199537277222
4799374848.0,-1.2640435695648193
4800312320.0,-1.2873831987380981
4801249792.0,-1.308677077293396
4802187264.0,-1.327690601348877
4803125248.0,-1.3448153734207153
4804062720.0,-1.360254168510437
4805000192.0,-1.3730233907699585
4805937664.0,-1.3833858966827393
4806875136.0,-1.2405439615249634
4807812608.0,-1.2459583282470703
4808750080.0,-1.248619556427002
4809687552.0,-1.2499650716781616
4810625024.0,-1.249021291732788
4811562496.0,-1.247754454612732
4812499968.0,-1.2436314821243286
4813437440.0,-1.2393786907196045
4814374912.0,-1.2335011959075928
4815312384.0,-1.2277424335479736
4816249856.0,-1.2207286357879639
4817187328.0,-1.212911605834961
4818124800.0,-1.2055737972259521
4819062272.0,-1.198923945426941
4819999744.0,-1.1922938823699951
4820937728.0,-1.1887128353118896
4821875200.0,-1.1836284399032593
4822812672.0,-1.1803832054138184
4823750144.0,-1.1770083904266357
4824687616.0,-1.17568039894104
4825625088.0,-1.1764247417449951
4826562560.0,-1.1776801347732544
4827500032.0,-1.182733178138733
4828437504.0,-1.1887367963790894
4829374976.0,-1.1955970525741577
4830312448.0,-1.2057679891586304
4831249920.0,-1.2184220552444458
4832187392.0,-1.231691598892212
4833124864.0,-1.2466747760772705
4834062336.0,-1.2638792991638184
4834999808.0,-1.2809523344039917
4835937280.0,-1.2987724542617798
4836874752.0,-1.3200410604476929
4837812736.0,-1.3407363891601562
4838750208.0,-1.3619745969772339
4839687680.0,-1.3846783638000488
4840625152.0,-1.4062488079071045
4841562624.0,-1.427414059638977
4842500096.0,-1.4486491680145264
4843437568.0,-1.469617247581482
4844375040.0,-1.488267421722412
4845312512.0,-1.507849931716919
4846249984.0,-1.5258506536483765
4847187456.0,-1.5426232814788818
4848124928.0,-1.557750940322876
4849062400.0,-1.572429895401001
4849999872.0,-1.5853551626205444
4850937344.0,-1.5974200963974
4851874816.0,-1.6083362102508545
4852812288.0,-1.6173096895217896
4853749760.0,-1.6244148015975952
4854687744.0,-1.6314700841903687
4855625216.0,-1.6375796794891357
4856562688.0,-1.641394019126892
4857500160.0,-1.6456042528152466
4858437632.0,-1.6494817733764648
4859375104.0,-1.6531022787094116
4860312576.0,-1.6566745042800903
4861250048.0,-1.6601544618606567
4862187520.0,-1.6646559238433838
4863124992.0,-1.6693603992462158
4864062464.0,-1.6727113723754883
4864999936.0,-1.6760085821151733
4865937408.0,-1.6787914037704468
4866874880.0,-1.6608588695526123
4867812352.0,-1.6636465787887573
4868749824.0,-1.6666196584701538
4869687296.0,-1.6705052852630615
4870624768.0,-1.6747676134109497
4871562752.0,-1.6796848773956299
4872500224.0,-1.6865514516830444
4873437696.0,-1.6936941146850586
4874375168.0,-1.7020872831344604
4875312640.0,-1.7106825113296509
4876250112.0,-1.7202273607254028
4877187584.0,-1.731381893157959
4878125056.0,-1.741217851638794
4879062528.0,-1.7521123886108398
4880000000.0,-1.7641090154647827
4880937472.0,-1.7754043340682983
4881874944.0,-1.7871114015579224
4882812416.0,-1.7988953590393066
4883749888.0,-1.8129698038101196
4884687360.0,-1.826535701751709
4885624832.0,-1.8397186994552612
4886562304.0,-1.8524174690246582
4887499776.0,-1.8642786741256714
4888437248.0,-1.8755086660385132
4889375232.0,-1.8831061124801636
4890312704.0,-1.889644742012024
4891250176.0,-1.891710877418518
4892187648.0,-1.8919011354446411
4893125120.0,-1.889354944229126
4894062592.0,-1.8833509683609009
4895000064.0,-1.8756415843963623
4895937536.0,-1.8645610809326172
4896875008.0,-1.851314663887024
4897812480.0,-1.8361839056015015
4898749952.0,-1.8186697959899902
4899687424.0,-1.798986554145813
4900624896.0,-1.778246283531189
4901562368.0,-1.7540613412857056
4902499840.0,-1.7309433221817017
4903437312.0,-1.7050864696502686
4904374784.0,-1.6774283647537231
4905312256.0,-1.6495773792266846
4906250240.0,-1.6219446659088135
4907187712.0,-1.5936603546142578
4908125184.0,-1.5663498640060425
4909062656.0,-1.5388482809066772
4910000128.0,-1.5155467987060547
4910937600.0,-1.4919620752334595
4911875072.0,-1.4712857007980347
4912812544.0,-1.4526519775390625
4913750016.0,-1.4358201026916504
4914687488.0,-1.4204180240631104
4915624960.0,-1.4083975553512573
4916562432.0,-1.3976714611053467
4917499904.0,-1.3895831108093262
4918437376.0,-1.3857429027557373
4919374848.0,-1.3823068141937256
4920312320.0,-1.3815268278121948
4921249792.0,-1.3818025588989258
4922187264.0,-1.3313019275665283
4923125248.0,-1.319175362586975
4924062720.0,-1.308263897895813
4925000192.0,-1.298226237297058
4925937664.0,-1.4018235206604004
4926875136.0,-1.4094998836517334
4927812608.0,-1.4144251346588135
4928750080.0,-1.4189444780349731
4929687552.0,-1.4238718748092651
4930625024.0,-1.426218032836914
4931562496.0,-1.4267593622207642
4932499968.0,-1.4251675605773926
4933437440.0,-1.4221946001052856
4934374912.0,-1.4159451723098755
4935312384.0,-1.408707857131958
4936249856.0,-1.3990496397018433
4937187328.0,-1.387526273727417
4938124800.0,-1.3722643852233887
4939062272.0,-1.355543613433838
4940000256.0,-1.3378132581710815
4940937728.0,-1.3170613050460815
4941875200.0,-1.2945466041564941
4942812672.0,-1.2705851793289185
4943750144.0,-1.247363805770874
4944687616.0,-1.2236831188201904
4945625088.0,-1.2004423141479492
4946562560.0,-1.1769251823425293
4947500032.0,-1.1550711393356323
4948437504.0,-1.1337056159973145
4949374976.0,-1.1149617433547974
4950312448.0,-1.0986554622650146
4951249920.0,-1.0826359987258911
4952187392.0,-1.0705422163009644
4953124864.0,-1.0589879751205444
4954062336.0,-1.0501395463943481
4954999808.0,-1.0432937145233154
4955937280.0,-1.0376006364822388
4956874752.0,-1.0347779989242554
4957812736.0,-1.030812382698059
4958750208.0,-1.0287386178970337
4959687680.0,-1.0266625881195068
4960625152.0,-1.0245256423950195
4961562624.0,-1.022476315498352
4962500096.0,-1.020259141921997
4963437568.0,-1.018113136291504
4964375040.0,-1.012407898902893
4965312512.0,-1.007777214050293
4966249984.0,-1.000628113746643
4967187456.0,-0.9927303194999695
4968124928.0,-0.9850624203681946
4969062400.0,-0.9759728908538818
4969999872.0,-0.9669871926307678
4970937344.0,-0.9580930471420288
4971874816.0,-0.9482030272483826
4972812288.0,-0.9378117918968201
4973749760.0,-0.9283695816993713
4974687744.0,-0.9197506308555603
4975625216.0,-0.9113612771034241
4976562688.0,-0.902146577835083
4977500160.0,-0.8949908018112183
4978437632.0,-0.8875768184661865
4979375104.0,-0.8799378275871277
4980312576.0,-0.8719593286514282
4981250048.0,-0.8638855218887329
4982187520.0,-0.85433429479599
4983124992.0,-0.8464719653129578
4984062464.0,-0.8367958068847656
4984999936.0,-0.8267461657524109
4985937408.0,-0.8048421144485474
4986874880.0,-0.7944613099098206
4987812352.0,-0.7868627905845642
4988749824.0,-0.7792537808418274
4989687296.0,-0.7724562287330627
4990624768.0,-0.7689363360404968
4991562752.0,-0.7643014192581177
4992500224.0,-0.7616889476776123
4993437696.0,-0.7598989009857178
4994375168.0,-0.7598940134048462
4995312640.0,-0.7621204257011414
4996250112.0,-0.765091598033905
4997187584.0,-0.7694355845451355
4998125056.0,-0.7752755284309387
4999062528.0,-0.7812556624412537
5000000000.0,-0.7890776991844177
5000937472.0,-0.7966898083686829
5001874944.0,-0.8060924410820007
5002812416.0,-0.8139535784721375
5003749888.0,-0.8220230340957642
5004687360.0,-0.8296764492988586
5005624832.0,-0.8356412649154663
5006562304.0,-0.8406292796134949
5007499776.0,-0.8446569442749023
5008437248.0,-0.8472015857696533
5009375232.0,-0.8476679921150208
5010312704.0,-0.8467069268226624
5011250176.0,-0.8428352475166321
5012187648.0,-0.8368667960166931
5013125120.0,-0.8271637558937073
5014062592.0,-0.8165068626403809
5015000064.0,-0.8033024668693542
5015937536.0,-0.7872394323348999
5016875008.0,-0.7690780758857727
5017812480.0,-0.7480495572090149
5018749952.0,-0.7242830991744995
5019687424.0,-0.6989921927452087
5020624896.0,-0.6706840395927429
5021562368.0,-0.6425145864486694
5022499840.0,-0.6117537617683411
5023437312.0,-0.5813825726509094
5024374784.0,-0.5503012537956238
5025312256.0,-0.519282341003418
5026250240.0,-0.4868934750556946
5027187712.0,-0.4560812711715698
5028125184.0,-0.42702019214630127
5029062656.0,-0.39806613326072693
5030000128.0,-0.3724385201931
5030937600.0,-0.3477844297885895
5031875072.0,-0.325144499540329
5032812544.0,-0.3050020635128021
5033750016.0,-0.2876543402671814
5034687488.0,-0.27273720502853394
5035624960.0,-0.2607806921005249
5036562432.0,-0.2518782317638397
5037499904.0,-0.24648307263851166
5038437376.0,-0.24293290078639984
5039374848.0,-0.2444489598274231
5040312320.0,-0.24836206436157227
5041249792.0,-0.25409144163131714
5042187264.0,-0.2645285725593567
5043125248.0,-0.2776264548301697
5044062720.0,-0.29228103160858154
5045000192.0,-0.3090876638889313
5045937664.0,-0.5784686803817749
5046875136.0,-0.5878349542617798
5047812608.0,-0.5967733263969421
5048750080.0,-0.6073053479194641
5049687552.0,-0.6177366375923157
5050625024.0,-0.6282175183296204
5051562496.0,-0.6372309923171997
5052499968.0,-0.6463136076927185
5053437440.0,-0.6553651094436646
5054374912.0,-0.6649105548858643
5055312384.0,-0.6726065874099731
5056249856.0,-0.6792439222335815
5057187328.0,-0.6861263513565063
5058124800.0,-0.6920645833015442
5059062272.0,-0.6970439553260803
5059999744.0,-0.6988900303840637
5060937728.0,-0.701816976070404
5061875200.0,-0.7021477818489075
5062812672.0,-0.6998212933540344
5063750144.0,-0.6969549655914307
5064687616.0,-0.6920788884162903
5065625088.0,-0.6849502921104431
5066562560.0,-0.6762663722038269
5067500032.0,-0.6659625172615051
5068437504.0,-0.6539252996444702
5069374976.0,-0.6394482254981995
5070312448.0,-0.62371826171875
5071249920.0,-0.6064872741699219
5072187392.0,-0.5857504606246948
5073124864.0,-0.5659233331680298
5074062336.0,-0.5426251888275146
5074999808.0,-0.5204774737358093
5075937280.0,-0.49609875679016113
5076874752.0,-0.47125762701034546
5077812736.0,-0.44652485847473145
5078750208.0,-0.42092451453208923
5079687680.0,-0.3963161110877991
5080625152.0,-0.3711681663990021
5081562624.0,-0.3460008203983307
5082500096.0,-0.3220500648021698
5083437568.0,-0.29903945326805115
5084375040.0,-0.27933183312416077
5085312512.0,-0.2587111294269562
5086249984.0,-0.24128907918930054
5087187456.0,-0.22586975991725922
5088124928.0,-0.2142314612865448
5089062400.0,-0.20431281626224518
5089999872.0,-0.1975298672914505
5090937344.0,-0.1916491836309433
5091874816.0,-0.19080840051174164
5092812288.0,-0.1914777159690857
5093749760.0,-0.19463731348514557
5094687744.0,-0.2003277987241745
5095625216.0,-0.20813463628292084
5096562688.0,-0.21788586676120758
5097500160.0,-0.23149049282073975
5098437632.0,-0.24649961292743683
5099375104.0,-0.2638513743877411
5100312576.0,-0.2824230492115021
5101250048.0,-0.30451327562332153
5102187520.0,-0.32557085156440735
5103124992.0,-0.3490959703922272
5104062464.0,-0.373239129781723
5104999936.0,-0.39795416593551636
5105937408.0,-0.493804931640625
5106874880.0,-0.5124074816703796
5107812352.0,-0.5289576649665833
5108749824.0,-0.5447198152542114
5109687296.0,-0.5570682883262634
5110624768.0,-0.5685670375823975
5111562752.0,-0.5782645344734192
5112500224.0,-0.5862751603126526
5113437696.0,-0.5916221737861633
5114375168.0,-0.5956080555915833
5115312640.0,-0.5986148715019226
5116250112.0,-0.5971960425376892
5117187584.0,-0.597065269947052
5118125056.0,-0.5924471020698547
5119062528.0,-0.5892462134361267
5120000000.0,-0.5838491916656494
5120937472.0,-0.5790377259254456
5121874944.0,-0.572144091129303
5122812416.0,-0.5664432644844055
5123749888.0,-0.5597579479217529
5124687360.0,-0.553070604801178
5125624832.0,-0.5449939966201782
5126562304.0,-0.5377376675605774
5127499776.0,-0.529798150062561
5128437248.0,-0.520330011844635
5129375232.0,-0.5109084248542786
5130312704.0,-0.49961358308792114
5131250176.0,-0.4880908131599426
5132187648.0,-0.47550880908966064
5133125120.0,-0.4622719883918762
5134062592.0,-0.4462617337703705
5135000064.0,-0.43053364753723145
5135937536.0,-0.41325369477272034
5136875008.0,-0.39418721199035645
5137812480.0,-0.37604472041130066
5138749952.0,-0.35729697346687317
5139687424.0,-0.33754023909568787
5140624896.0,-0.3209894299507141
5141562368.0,-0.30439817905426025
5142499840.0,-0.2898763120174408
5143437312.0,-0.27848926186561584
5144374784.0,-0.2703797519207001
5145312256.0,-0.2690531313419342
5146250240.0,-0.2740136981010437
5147187712.0,-0.28483062982559204
5148125184.0,-0.29894590377807617
5149062656.0,-0.31614750623703003
5150000128.0,-0.33457592129707336
5150937600.0,-0.3547395169734955
5151875072.0,-0.3748459815979004
5152812544.0,-0.3949085474014282
5153750016.0,-0.41453835368156433
5154687488.0,-0.43367090821266174
5155624960.0,-0.4512771964073181
5156562432.0,-0.46671023964881897
5157499904.0,-0.4814939498901367
5158437376.0,-0.4934138357639313
5159374848.0,-0.5051895380020142
5160312320.0,-0.5146635174751282
5161249792.0,-0.5248489379882812
5162187264.0,-0.5322984457015991
5163125248.0,-0.5390512943267822
5164062720.0,-0.548090398311615
5165000192.0,-0.5552381873130798
5165937664.0,-0.559792697429657
5166875136.0,-0.5738128423690796
5167812608.0,-0.5883026123046875
5168750080.0,-0.6037960648536682
5169687552.0,-0.620417058467865
5170625024.0,-0.637251079082489
5171562496.0,-0.6555401682853699
5172499968.0,-0.672777533531189
5173437440.0,-0.6900650262832642
5174374912.0,-0.7057569026947021
5175312384.0,-0.719895601272583
5176249856.0,-0.7321896553039551
5177187328.0,-0.7425840497016907
5178124800.0,-0.7519721388816833
5179062272.0,-0.7582504153251648
5180000256.0,-0.7622026205062866
5180937728.0,-0.7637495398521423
5181875200.0,-0.7617220282554626
5182812672.0,-0.7575356364250183
5183750144.0,-0.7494666576385498
5184687616.0,-0.7403841614723206
5185625088.0,-0.7274838089942932
5186562560.0,-0.7141087651252747
5187500032.0,-0.6962242722511292
5188437504.0,-0.6786733865737915
5189374976.0,-0.6587913632392883
5190312448.0,-0.6369415521621704
5191249920.0,-0.6144928932189941
5192187392.0,-0.5918216705322266
5193124864.0,-0.5695381760597229
5194062336.0,-0.545634388923645
5194999808.0,-0.5231825113296509
5195937280.0,-0.5002886652946472
5196874752.0,-0.4776258170604706
5197812736.0,-0.45615237951278687
5198750208.0,-0.4361484944820404
5199687680.0,-0.4182750880718231
5200625152.0,-0.4018499553203583
5201562624.0,-0.38864871859550476
5202500096.0,-0.3771175444126129
5203437568.0,-0.3692856729030609
5204375040.0,-0.3631925880908966
5205312512.0,-0.3606191873550415
5206249984.0,-0.3607233464717865
5207187456.0,-0.36273661255836487
5208124928.0,-0.3676835894584656
5209062400.0,-0.3760915696620941
5209999872.0,-0.38822680711746216
5210937344.0,-0.4034404754638672
5211874816.0,-0.4204721450805664
5212812288.0,-0.43994808197021484
5213749760.0,-0.46221673488616943
5214687744.0,-0.4840506315231323
5215625216.0,-0.5088355541229248
5216562688.0,-0.5341218709945679
5217500160.0,-0.559546947479248
5218437632.0,-0.585986316204071
5219375104.0,-0.6137218475341797
5220312576.0,-0.6416369676589966
5221250048.0,-0.6696060299873352
5222187520.0,-0.6982267498970032
5223124992.0,-0.7265397310256958
5224062464.0,-0.7542170286178589
5224999936.0,-0.7790467739105225
5225937408.0,-0.8319395184516907
5226874880.0,-0.8554853200912476
5227812352.0,-0.8789423108100891
5228749824.0,-0.9004527926445007
5229687296.0,-0.9183244705200195
5230624768.0,-0.9350176453590393
5231562752.0,-0.9488049149513245
5232500224.0,-0.9604734778404236
5233437696.0,-0.9686386585235596
5234375168.0,-0.974522054195404
5235312640.0,-0.9781986474990845
5236250112.0,-0.9784562587738037
5237187584.0,-0.9767419695854187
5238125056.0,-0.9735342860221863
5239062528.0,-0.9678950309753418
5240000000.0,-0.9602299332618713
5240937472.0,-0.9503613710403442
5241874944.0,-0.9396973252296448
5242812416.0,-0.9268067479133606
5243749888.0,-0.9123449921607971
5244687360.0,-0.8976098299026489
5245624832.0,-0.8831984996795654
5246562304.0,-0.8686295747756958
5247499776.0,-0.854720950126648
5248437248.0,-0.8397831916809082
5249375232.0,-0.8241184949874878
5250312704.0,-0.8106491565704346
5251250176.0,-0.7954407334327698
5252187648.0,-0.7816895246505737
5253125120.0,-0.7680034637451172
5254062592.0,-0.756149411201477
5255000064.0,-0.7449580430984497
5255937536.0,-0.7354893684387207
5256875008.0,-0.7276832461357117
5257812480.0,-0.721587061882019
5258749952.0,-0.7169398069381714
5259687424.0,-0.7147282958030701
5260624896.0,-0.7142837643623352
5261562368.0,-0.714581310749054
5262499840.0,-0.7176041007041931
5263437312.0,-0.7224303483963013
5264374784.0,-0.7291465401649475
5265312256.0,-0.7380493879318237
5266250240.0,-0.7503794431686401
5267187712.0,-0.7642031311988831
5268125184.0,-0.7806668281555176
5269062656.0,-0.7983295917510986
5270000128.0,-0.8182565569877625
5270937600.0,-0.8410740494728088
5271875072.0,-0.8654779195785522
5272812544.0,-0.891209602355957
5273750016.0,-0.9197861552238464
5274687488.0,-0.9509359002113342
5275624960.0,-0.9830425381660461
5276562432.0,-1.0174695253372192
5277499904.0,-1.0538665056228638
5278437376.0,-1.0928210020065308
5279374848.0,-1.131625771522522
5280312320.0,-1.1735692024230957
5281249792.0,-1.2133680582046509
5282187264.0,-1.2535197734832764
5283125248.0,-1.2952113151550293
5284062720.0,-1.3342697620391846
5285000192.0,-1.3733960390090942
5285937664.0,-1.4024078845977783
5286875136.0,-1.4352717399597168
5287812608.0,-1.4677268266677856
5288750080.0,-1.497554898262024
5289687552.0,-1.5246504545211792
5290625024.0,-1.5484168529510498
5291562496.0,-1.5670673847198486
5292499968.0,-1.585793137550354
5293437440.0,-1.6020852327346802
5294374912.0,-1.61343252658844
5295312384.0,-1.6230636835098267
5296249856.0,-1.6291815042495728
5297187328.0,-1.632577657699585
5298124800.0,-1.6347627639770508
5299062272.0,-1.6331428289413452
5299999744.0,-1.6300530433654785
5300937728.0,-1.6235826015472412
5301875200.0,-1.6127158403396606
5302812672.0,-1.5998390913009644
5303750144.0,-1.5834747552871704
5304687616.0,-1.567309856414795
5305625088.0,-1.549544095993042
5306562560.0,-1.5327082872390747
5307500032.0,-1.5169377326965332
5308437504.0,-1.5021319389343262
5309374976.0,-1.4868417978286743
5310312448.0,-1.471758246421814
5311249920.0,-1.4583704471588135
5312187392.0,-1.4445854425430298
5313124864.0,-1.4331285953521729
5314062336.0,-1.4222960472106934
5314999808.0,-1.4132411479949951
5315937280.0,-1.405905842781067
5316874752.0,-1.402559518814087
5317812736.0,-1.4021943807601929
5318750208.0,-1.4042549133300781
5319687680.0,-1.407159447669983
5320625152.0,-1.4123940467834473
5321562624.0,-1.4196476936340332
5322500096.0,-1.430222749710083
5323437568.0,-1.4430350065231323
5324375040.0,-1.4569454193115234
5325312512.0,-1.4763530492782593
5326249984.0,-1.4978522062301636
5327187456.0,-1.5219417810440063
5328124928.0,-1.5500357151031494
5329062400.0,-1.579445242881775
5329999872.0,-1.613714575767517
5330937344.0,-1.6494604349136353
5331874816.0,-1.685583472251892
5332812288.0,-1.7535799741744995
5333749760.0,-1.8020572662353516
5334687744.0,-1.8513118028640747
5335625216.0,-1.9033206701278687
5336562688.0,-1.9563608169555664
5337500160.0,-2.0104193687438965
5338437632.0,-2.065558433532715
5339375104.0,-2.122213840484619
5340312576.0,-2.1792469024658203
5341250048.0,-2.236612558364868
5342187520.0,-2.2950327396392822
5343124992.0,-2.353322744369507
5344062464.0,-2.4092745780944824
5344999936.0,-2.4637646675109863
5345937408.0,-2.4092557430267334
5346874880.0,-2.4414846897125244
5347812352.0,-2.470064878463745
5348749824.0,-2.4950387477874756
5349687296.0,-2.5182230472564697
5350624768.0,-2.5382556915283203
5351562752.0,-2.5529134273529053
5352500224.0,-2.565072536468506
5353437696.0,-2.574432849884033
5354375168.0,-2.578686237335205
5355312640.0,-2.5810434818267822
5356250112.0,-2.5781710147857666
5357187584.0,-2.575202465057373
5358125056.0,-2.564876079559326
5359062528.0,-2.5525448322296143
5360000000.0,-2.538566827774048
5360937472.0,-2.5216996669769287
5361874944.0,-2.5042426586151123
5362812416.0,-2.4827990531921387
5363749888.0,-2.4607667922973633
5364687360.0,-2.4381461143493652
5365624832.0,-2.414747953414917
5366562304.0,-2.3889670372009277
5367499776.0,-2.3635153770446777
5368437248.0,-2.3384604454040527
5369375232.0,-2.313366651535034
5370312704.0,-2.2865993976593018
5371250176.0,-2.2621941566467285
5372187648.0,-2.237231969833374
5373125120.0,-2.213542938232422
5374062592.0,-2.189695358276367
5375000064.0,-2.166825771331787
5375937536.0,-2.1445236206054688
5376875008.0,-2.125067949295044
5377812480.0,-2.10744309425354
5378749952.0,-2.0888853073120117
5379687424.0,-2.0743236541748047
5380624896.0,-2.0598297119140625
5381562368.0,-2.0466697216033936
5382499840.0,-2.0366854667663574
5383437312.0,-2.026994228363037
5384374784.0,-2.01969838142395
5385312256.0,-2.0136830806732178
5386250240.0,-2.0106236934661865
5387187712.0,-2.008089542388916
5388125184.0,-2.005948543548584
5389062656.0,-2.005040168762207
5390000128.0,-2.0062484741210938
5390937600.0,-2.0083117485046387
5391875072.0,-2.009652853012085
5392812544.0,-2.0129189491271973
5393750016.0,-2.0184342861175537
5394687488.0,-2.0217130184173584
5395624960.0,-2.0266945362091064
5396562432.0,-2.0323691368103027
5397499904.0,-2.0367608070373535
5398437376.0,-2.0411429405212402
5399374848.0,-2.046616554260254
5400312320.0,-2.0491256713867188
5401249792.0,-2.051790475845337
5402187264.0,-2.0542051792144775
5403125248.0,-2.055215358734131
5404062720.0,-2.0546700954437256
5405000192.0,-2.053972005844116
5405937664.0,-2.194249153137207
5406875136.0,-2.1907172203063965
5407812608.0,-2.185675621032715
5408750080.0,-2.1778388023376465
5409687552.0,-2.1677567958831787
5410625024.0,-2.154357671737671
5411562496.0,-2.1387791633605957
5412499968.0,-2.1208126544952393
5413437440.0,-2.100513219833374
5414374912.0,-2.0782158374786377
5415312384.0,-2.0526795387268066
5416249856.0,-2.0276176929473877
5417187328.0,-1.9995605945587158
5418124800.0,-1.969184398651123
5419062272.0,-1.9385768175125122
5420000256.0,-1.9048088788986206
5420937728.0,-1.8715758323669434
5421875200.0,-1.836651086807251
5422812672.0,-1.8027186393737793
5423750144.0,-1.7679649591445923
5424687616.0,-1.734823226928711
5425625088.0,-1.7018845081329346
5426562560.0,-1.6712307929992676
5427500032.0,-1.6401106119155884
5428437504.0,-1.6097626686096191
5429374976.0,-1.581751823425293
5430312448.0,-1.5542625188827515
5431249920.0,-1.528957486152649
5432187392.0,-1.5040684938430786
5433124864.0,-1.4797483682632446
5434062336.0,-1.456231713294983
5434999808.0,-1.4345484972000122
5435937280.0,-1.4135836362838745
5436874752.0,-1.3945848941802979
5437812736.0,-1.3770397901535034
5438750208.0,-1.3608630895614624
5439687680.0,-1.3470820188522339
5440625152.0,-1.3347121477127075
5441562624.0,-1.3224210739135742
5442500096.0,-1.3121225833892822
5443437568.0,-1.3028322458267212
5444375040.0,-1.2946094274520874
5445312512.0,-1.2882945537567139
5446249984.0,-1.2840074300765991
5447187456.0,-1.2810890674591064
5448124928.0,-1.2806721925735474
5449062400.0,-1.2810533046722412
5449999872.0,-1.2830966711044312
5450937344.0,-1.2860058546066284
5451874816.0,-1.2899672985076904
5452812288.0,-1.2971036434173584
5453749760.0,-1.3042174577713013
5454687744.0,-1.3121089935302734
5455625216.0,-1.3213428258895874
5456562688.0,-1.3317811489105225
5457500160.0,-1.3429844379425049
5458437632.0,-1.3529431819915771
5459375104.0,-1.3647379875183105
5460312576.0,-1.3753482103347778
5461250048.0,-1.3850867748260498
5462187520.0,-1.3957514762878418
5463124992.0,-1.4035556316375732
5464062464.0,-1.4109928607940674
5464999936.0,-1.4172333478927612
5465937408.0,-1.426132321357727
5466874880.0,-1.426456093788147
5467812352.0,-1.4255073070526123
5468749824.0,-1.421030879020691
5469687296.0,-1.4150285720825195
5470624768.0,-1.4067989587783813
5471562752.0,-1.3966232538223267
5472500224.0,-1.3848129510879517
5473437696.0,-1.369189739227295
5474375168.0,-1.3534166812896729
5475312640.0,-1.334381341934204
5476250112.0,-1.3147746324539185
5477187584.0,-1.2933645248413086
5478125056.0,-1.2697938680648804
5479062528.0,-1.2450532913208008
5480000000.0,-1.2191169261932373
5480937472.0,-1.1929939985275269
5481874944.0,-1.1653534173965454
5482812416.0,-1.1374503374099731
5483749888.0,-1.1095445156097412
5484687360.0,-1.0817372798919678
5485624832.0,-1.0546824932098389
5486562304.0,-1.0271306037902832
5487499776.0,-0.9995279312133789
5488437248.0,-0.9720494747161865
5489375232.0,-0.9463425278663635
5490312704.0,-0.9212102890014648
5491250176.0,-0.8958548307418823
5492187648.0,-0.8727583885192871
5493125120.0,-0.8510000705718994
5494062592.0,-0.8319210410118103
5495000064.0,-0.8129675984382629
5495937536.0,-0.7973108291625977
5496875008.0,-0.7823904156684875
5497812480.0,-0.7708567380905151
5498749952.0,-0.7610458135604858
5499687424.0,-0.7536256909370422
5500624896.0,-0.749236524105072
5501562368.0,-0.746651828289032
5502499840.0,-0.7485595345497131
5503437312.0,-0.7513860464096069
5504374784.0,-0.7578252553939819
5505312256.0,-0.7670565247535706
5506250240.0,-0.7793604731559753
5507187712.0,-0.7940835952758789
5508125184.0,-0.8111024498939514
5509062656.0,-0.8313429355621338
5510000128.0,-0.8536015152931213
5510937600.0,-0.8783284425735474
5511875072.0,-0.9052907824516296
5512812544.0,-0.93319171667099
5513750016.0,-0.9632477760314941
5514687488.0,-0.9945067167282104
5515624960.0,-1.026171088218689
5516562432.0,-1.0578364133834839
5517499904.0,-1.0911701917648315
5518437376.0,-1.122793436050415
5519374848.0,-1.153365135192871
5520312320.0,-1.1823430061340332
5521249792.0,-1.209498405456543
5522187264.0,-1.2351410388946533
5523125248.0,-1.25704824924469
5524062720.0,-1.2782402038574219
5525000192.0,-1.2925946712493896
5525937664.0,-1.129533052444458
5526875136.0,-1.1363013982772827
5527812608.0,-1.1418383121490479
5528750080.0,-1.144099473953247
5529687552.0,-1.1458717584609985
5530625024.0,-1.144606113433838
5531562496.0,-1.1418734788894653
5532499968.0,-1.1379694938659668
5533437440.0,-1.1303138732910156
5534374912.0,-1.123147964477539
5535312384.0,-1.1128748655319214
5536249856.0,-1.1025292873382568
5537187328.0,-1.0904699563980103
5538124800.0,-1.0783987045288086
5539062272.0,-1.0644104480743408
5539999744.0,-1.0492945909500122
5540937728.0,-1.0348531007766724
5541875200.0,-1.0193043947219849
5542812672.0,-1.002769112586975
5543750144.0,-0.9871628284454346
5544687616.0,-0.9706020951271057
5545625088.0,-0.9551830291748047
5546562560.0,-0.9405051469802856
5547500032.0,-0.9256842136383057
5548437504.0,-0.9116386771202087
5549374976.0,-0.8989827632904053
5550312448.0,-0.8871020674705505
5551249920.0,-0.8765026926994324
5552187392.0,-0.8673417568206787
5553124864.0,-0.8590021729469299
5554062336.0,-0.8527490496635437
5554999808.0,-0.8482862710952759
5555937280.0,-0.8442701101303101
5556874752.0,-0.8432053923606873
5557812736.0,-0.8443040251731873
5558750208.0,-0.8477076292037964
5559687680.0,-0.8533636927604675
5560625152.0,-0.8618752360343933
5561562624.0,-0.8739359974861145
5562500096.0,-0.8888684511184692
5563437568.0,-0.9049462080001831
5564375040.0,-0.9247456789016724
5565312512.0,-0.9461289048194885
5566249984.0,-0.97067791223526
5567187456.0,-0.9955397844314575
5568124928.0,-1.0235090255737305
5569062400.0,-1.0518008470535278
5569999872.0,-1.08110773563385
5570937344.0,-1.1105831861495972
5571874816.0,-1.1403735876083374
5572812288.0,-1.1701232194900513
5573749760.0,-1.1987959146499634
5574687744.0,-1.2259621620178223
5575625216.0,-1.2515119314193726
5576562688.0,-1.2751494646072388
5577500160.0,-1.2962738275527954
5578437632.0,-1.314485788345337
5579375104.0,-1.3309824466705322
5580312576.0,-1.3447047472000122
5581250048.0,-1.3550020456314087
5582187520.0,-1.3620500564575195
5583124992.0,-1.36803138256073
5584062464.0,-1.3704450130462646
5584999936.0,-1.3700820207595825
5585937408.0,-1.2914475202560425
5586874880.0,-1.2985334396362305
5587812352.0,-1.304914116859436
5588749824.0,-1.3085253238677979
5589687296.0,-1.3129593133926392
5590624768.0,-1.3147944211959839
5591562752.0,-1.3161208629608154
5592500224.0,-1.3166439533233643
5593437696.0,-1.315733551979065
5594375168.0,-1.3151088953018188
5595312640.0,-1.3118480443954468
5596250112.0,-1.3074361085891724
5597187584.0,-1.3028454780578613
5598125056.0,-1.2969484329223633
5599062528.0,-1.2931221723556519
5600000000.0,-1.2866637706756592
5600937472.0,-1.2802040576934814
5601874944.0,-1.274718165397644
5602812416.0,-1.26905357837677
5603749888.0,-1.2635186910629272
5604687360.0,-1.2568511962890625
5605624832.0,-1.2507166862487793
5606562304.0,-1.2447185516357422
5607499776.0,-1.2375720739364624
5608437248.0,-1.2316997051239014
5609375232.0,-1.225735068321228
5610312704.0,-1.2197561264038086
5611250176.0,-1.2140134572982788
5612187648.0,-1.2079918384552002
5613125120.0,-1.2027312517166138
5614062592.0,-1.1977864503860474
5615000064.0,-1.1937819719314575
5615937536.0,-1.1899266242980957
5616875008.0,-1.185280442237854
5617812480.0,-1.1820404529571533
5618749952.0,-1.1784335374832153
5619687424.0,-1.175855278968811
5620624896.0,-1.1732629537582397
5621562368.0,-1.170535922050476
5622499840.0,-1.1684842109680176
5623437312.0,-1.1668126583099365
5624374784.0,-1.1644608974456787
5625312256.0,-1.1632053852081299
5626250240.0,-1.1608703136444092
5627187712.0,-1.1583471298217773
5628125184.0,-1.1570032835006714
5629062656.0,-1.1550896167755127
5630000128.0,-1.1533558368682861
5630937600.0,-1.15107262134552
5631875072.0,-1.149721384048462
5632812544.0,-1.1476205587387085
5633750016.0,-1.1452492475509644
5634687488.0,-1.1405515670776367
5635624960.0,-1.1362969875335693
5636562432.0,-1.131135106086731
5637499904.0,-1.1246228218078613
5638437376.0,-1.1178311109542847
5639374848.0,-1.1095788478851318
5640312320.0,-1.1021027565002441
5641249792.0,-1.0921581983566284
5642187264.0,-1.0814675092697144
5643125248.0,-1.0719212293624878
5644062720.0,-1.0605483055114746
5645000192.0,-1.0483436584472656
5645937664.0,-1.046293020248413
5646875136.0,-1.0328142642974854
5647812608.0,-1.0173027515411377
5648750080.0,-1.000991702079773
5649687552.0,-0.9840543270111084
5650625024.0,-0.9664871096611023
5651562496.0,-0.9474611878395081
5652499968.0,-0.9282541871070862
5653437440.0,-0.9085604548454285
5654374912.0,-0.8875836133956909
5655312384.0,-0.8674756288528442
5656249856.0,-0.8458859324455261
5657187328.0,-0.8247790932655334
5658124800.0,-0.8036156296730042
5659062272.0,-0.7822895646095276
5660000256.0,-0.7604972124099731
5660937728.0,-0.7388397455215454
5661875200.0,-0.7171763777732849
5662812672.0,-0.6948687434196472
5663750144.0,-0.6743739247322083
5664687616.0,-0.6555736064910889
5665625088.0,-0.6375406980514526
5666562560.0,-0.6193038821220398
5667500032.0,-0.6029277443885803
5668437504.0,-0.5897880792617798
5669374976.0,-0.5768736004829407
5670312448.0,-0.564914882183075
5671249920.0,-0.5544359683990479
5672187392.0,-0.5462140440940857
5673124864.0,-0.5388946533203125
5674062336.0,-0.5342618823051453
5674999808.0,-0.5322884917259216
5675937280.0,-0.5305031538009644
5676874752.0,-0.530774712562561
5677812736.0,-0.5317336916923523
5678750208.0,-0.5343942046165466
5679687680.0,-0.5376269221305847
5680625152.0,-0.5406673550605774
5681562624.0,-0.5441358685493469
5682500096.0,-0.547819972038269
5683437568.0,-0.5512087345123291
5684375040.0,-0.5548243522644043
5685312512.0,-0.5586986541748047
5686249984.0,-0.5613999962806702
5687187456.0,-0.5638923048973083
5688124928.0,-0.5657722353935242
5689062400.0,-0.5659958124160767
5689999872.0,-0.5662575960159302
5690937344.0,-0.5638583302497864
5691874816.0,-0.5613269209861755
5692812288.0,-0.5571537017822266
5693749760.0,-0.551474392414093
5694687744.0,-0.5451248288154602
5695625216.0,-0.5362544059753418
5696562688.0,-0.5274051427841187
5697500160.0,-0.5157768130302429
5698437632.0,-0.5041824579238892
5699375104.0,-0.49128127098083496
5700312576.0,-0.4773475229740143
5701250048.0,-0.4644562900066376
5702187520.0,-0.45034074783325195
5703124992.0,-0.43779289722442627
5704062464.0,-0.4250243008136749
5704999936.0,-0.41303902864456177
5705937408.0,-0.3802611529827118
5706874880.0,-0.37820878624916077
5707812352.0,-0.37711063027381897
5708749824.0,-0.3754700720310211
5709687296.0,-0.37397512793540955
5710624768.0,-0.3720158338546753
5711562752.0,-0.36966538429260254
5712500224.0,-0.36751341819763184
5713437696.0,-0.366933137178421
5714375168.0,-0.36448195576667786
5715312640.0,-0.36150801181793213
5716250112.0,-0.35794174671173096
5717187584.0,-0.3542144298553467
5718125056.0,-0.34986016154289246
5719062528.0,-0.3442344069480896
5720000000.0,-0.33904772996902466
5720937472.0,-0.33217570185661316
5721874944.0,-0.3243134617805481
5722812416.0,-0.31693553924560547
5723749888.0,-0.30941131711006165
5724687360.0,-0.29990118741989136
5725624832.0,-0.2916618585586548
5726562304.0,-0.28256794810295105
5727499776.0,-0.27465978264808655
5728437248.0,-0.26689818501472473
5729375232.0,-0.25945696234703064
5730312704.0,-0.25457698106765747
5731250176.0,-0.25072991847991943
5732187648.0,-0.24777506291866302
5733125120.0,-0.24715492129325867
5734062592.0,-0.2474549561738968
5735000064.0,-0.25085553526878357
5735937536.0,-0.2553577423095703
5736875008.0,-0.26220494508743286
5737812480.0,-0.2711195945739746
5738749952.0,-0.2820618152618408
5739687424.0,-0.29339903593063354
5740624896.0,-0.30630165338516235
5741562368.0,-0.3183176517486572
5742499840.0,-0.3301054537296295
5743437312.0,-0.34225910902023315
5744374784.0,-0.35370704531669617
5745312256.0,-0.36420169472694397
5746250240.0,-0.3728310167789459
5747187712.0,-0.37940698862075806
5748125184.0,-0.3840831220149994
5749062656.0,-0.3862629532814026
5750000128.0,-0.3872338831424713
5750937600.0,-0.38579627871513367
5751875072.0,-0.3820197582244873
5752812544.0,-0.37609434127807617
5753750016.0,-0.36988577246665955
5754687488.0,-0.3638727068901062
5755624960.0,-0.35638514161109924
5756562432.0,-0.349133163690567
5757499904.0,-0.340711385011673
5758437376.0,-0.3334263861179352
5759374848.0,-0.3274398148059845
5760312320.0,-0.3202684223651886
5761249792.0,-0.3159279227256775
5762187264.0,-0.31161049008369446
5763125248.0,-0.3092726469039917
5764062720.0,-0.3051585257053375
5765000192.0,-0.30315065383911133
5765937664.0,-0.22496438026428223
5766875136.0,-0.22914670407772064
5767812608.0,-0.23271363973617554
5768750080.0,-0.23793572187423706
5769687552.0,-0.24321778118610382
5770625024.0,-0.24859246611595154
5771562496.0,-0.25542786717414856
5772499968.0,-0.2623864412307739
5773437440.0,-0.26961153745651245
5774374912.0,-0.2768138349056244
5775312384.0,-0.28391343355178833
5776249856.0,-0.2917737066745758
5777187328.0,-0.29942211508750916
5778124800.0,-0.30616259574890137
5779062272.0,-0.3136262595653534
5779999744.0,-0.32121291756629944
5780937728.0,-0.3265002369880676
5781875200.0,-0.3334570825099945
5782812672.0,-0.33996081352233887
5783750144.0,-0.3462282419204712
5784687616.0,-0.3518367409706116
5785625088.0,-0.35577017068862915
5786562560.0,-0.35958337783813477
5787500032.0,-0.3623434901237488
5788437504.0,-0.36556902527809143
5789374976.0,-0.3653252124786377
5790312448.0,-0.36365553736686707
5791249920.0,-0.3615211844444275
5792187392.0,-0.35773366689682007
5793124864.0,-0.3530043363571167
5794062336.0,-0.34814631938934326
5794999808.0,-0.3406998813152313
5795937280.0,-0.3349880278110504
5796874752.0,-0.32639357447624207
5797812736.0,-0.3171902000904083
5798750208.0,-0.3083580434322357
5799687680.0,-0.297195702791214
5800625152.0,-0.2858503758907318
5801562624.0,-0.2736218571662903
5802500096.0,-0.2605798542499542
5803437568.0,-0.24636869132518768
5804375040.0,-0.2328958362340927
5805312512.0,-0.21813035011291504
5806249984.0,-0.20309650897979736
5807187456.0,-0.18732959032058716
5808124928.0,-0.17215792834758759
5809062400.0,-0.1563170850276947
5809999872.0,-0.14180026948451996
5810937344.0,-0.12657475471496582
5811874816.0,-0.11157462745904922
5812812288.0,-0.0958365947008133
5813749760.0,-0.081809401512146
5814687744.0,-0.06759212911128998
5815625216.0,-0.0539591945707798
5816562688.0,-0.04101814329624176
5817500160.0,-0.02835693210363388
5818437632.0,-0.016033319756388664
5819375104.0,-0.004464668221771717
5820312576.0,0.005663640797138214
5821250048.0,0.01675744727253914
5822187520.0,0.025043006986379623
5823124992.0,0.03371762856841087
5824062464.0,0.040772002190351486
5824999936.0,0.04887298867106438
5825937408.0,-0.13432767987251282
5826874880.0,-0.13902942836284637
5827812352.0,-0.1434498280286789
5828749824.0,-0.14587755501270294
5829687296.0,-0.14632932841777802
5830624768.0,-0.14609915018081665
5831562752.0,-0.14474281668663025
5832500224.0,-0.14251576364040375
5833437696.0,-0.1404067873954773
5834375168.0,-0.1364862471818924
5835312640.0,-0.13354618847370148
5836250112.0,-0.12972334027290344
5837187584.0,-0.1269233524799347
5838125056.0,-0.12245837599039078
5839062528.0,-0.11981146037578583
5840000000.0,-0.11940500885248184
5840937472.0,-0.11982479691505432
5841874944.0,-0.1216227263212204
5842812416.0,-0.12485518306493759
5843749888.0,-0.1293405443429947
5844687360.0,-0.13409662246704102
5845624832.0,-0.14034713804721832
5846562304.0,-0.14749480783939362
5847499776.0,-0.1553940325975418
5848437248.0,-0.16335830092430115
5849375232.0,-0.17230956256389618
5850312704.0,-0.1820627748966217
5851250176.0,-0.1935657262802124
5852187648.0,-0.20289552211761475
5853125120.0,-0.2128535360097885
5854062592.0,-0.2222127616405487
5855000064.0,-0.23235943913459778
5855937536.0,-0.24182546138763428
5856875008.0,-0.250337153673172
5857812480.0,-0.25773295760154724
5858749952.0,-0.2638285756111145
5859687424.0,-0.26743194460868835
5860624896.0,-0.27053043246269226
5861562368.0,-0.27013835310935974
5862499840.0,-0.26838868856430054
5863437312.0,-0.2644039988517761
5864374784.0,-0.2583138346672058
5865312256.0,-0.2515084147453308
5866250240.0,-0.24356576800346375
5867187712.0,-0.23362068831920624
5868125184.0,-0.22322772443294525
5869062656.0,-0.2093515545129776
5870000128.0,-0.19662326574325562
5870937600.0,-0.1840381771326065
5871875072.0,-0.16975151002407074
5872812544.0,-0.15682096779346466
5873750016.0,-0.14429278671741486
5874687488.0,-0.13338534533977509
5875624960.0,-0.12463788688182831
5876562432.0,-0.1150735542178154
5877499904.0,-0.10925135761499405
5878437376.0,-0.10508469492197037
5879374848.0,-0.10091964900493622
5880312320.0,-0.09948365390300751
5881249792.0,-0.10103379189968109
5882187264.0,-0.10288630425930023
5883125248.0,-0.10695023089647293
5884062720.0,-0.11247465014457703
5885000192.0,-0.11984705924987793
5885937664.0,-0.05906661972403526
5886875136.0,-0.06389827281236649
5887812608.0,-0.06851167231798172
5888750080.0,-0.07445070892572403
5889687552.0,-0.08109944313764572
5890625024.0,-0.08738325536251068
5891562496.0,-0.09473323076963425
5892499968.0,-0.10292733460664749
5893437440.0,-0.11060281842947006
5894374912.0,-0.11771827191114426
5895312384.0,-0.12798365950584412
5896249856.0,-0.1373731940984726
5897187328.0,-0.14729167520999908
5898124800.0,-0.1571200042963028
5899062272.0,-0.16560247540473938
5900000256.0,-0.17538447678089142
5900937728.0,-0.1838490515947342
5901875200.0,-0.19338734447956085
5902812672.0,-0.2025185376405716
5903750144.0,-0.21113990247249603
5904687616.0,-0.2206255942583084
5905625088.0,-0.22965025901794434
5906562560.0,-0.23753423988819122
5907500032.0,-0.24699608981609344
5908437504.0,-0.25455227494239807
5909374976.0,-0.263126403093338
5910312448.0,-0.27131208777427673
5911249920.0,-0.27801281213760376
5912187392.0,-0.28596892952919006
5913124864.0,-0.29379165172576904
5914062336.0,-0.3006957471370697
5914999808.0,-0.3064744770526886
5915937280.0,-0.31299883127212524
5916874752.0,-0.3176419138908386
5917812736.0,-0.321008563041687
5918750208.0,-0.32439374923706055
5919687680.0,-0.32743462920188904
5920625152.0,-0.3296259939670563
5921562624.0,-0.3306114673614502
5922500096.0,-0.33208462595939636
5923437568.0,-0.3314304053783417
5924375040.0,-0.3295843303203583
5925312512.0,-0.3268606960773468
5926249984.0,-0.32251498103141785
5927187456.0,-0.31572425365448
5928124928.0,-0.3083038032054901
5929062400.0,-0.29938220977783203
5929999872.0,-0.2877914011478424
5930937344.0,-0.27612707018852234
5931874816.0,-0.26157695055007935
5932812288.0,-0.24661217629909515
5933749760.0,-0.23252929747104645
5934687744.0,-0.21509595215320587
5935625216.0,-0.19765669107437134
5936562688.0,-0.1796191781759262
5937500160.0,-0.16077584028244019
5938437632.0,-0.14290224015712738
5939375104.0,-0.12390200048685074
5940312576.0,-0.10628665238618851
5941250048.0,-0.08881789445877075
5942187520.0,-0.07094518095254898
5943124992.0,-0.053501326590776443
5944062464.0,-0.03925380855798721
5944999936.0,-0.026005731895565987
5945937408.0,-0.12718771398067474
5946874880.0,-0.1350182592868805
5947812352.0,-0.14590774476528168
5948749824.0,-0.1571626216173172
5949687296.0,-0.16930635273456573
5950624768.0,-0.18486393988132477
5951562752.0,-0.20003250241279602
5952500224.0,-0.21756762266159058
5953437696.0,-0.2358156144618988
5954375168.0,-0.2546539008617401
5955312640.0,-0.2739073932170868
5956250112.0,-0.29343849420547485
5957187584.0,-0.31327739357948303
5958125056.0,-0.33322030305862427
5959062528.0,-0.3519446551799774
5960000000.0,-0.36980730295181274
5960937472.0,-0.3877016603946686
5961874944.0,-0.40374115109443665
5962812416.0,-0.4162512719631195
5963749888.0,-0.42979103326797485
5964687360.0,-0.43956542015075684
5965624832.0,-0.44547247886657715
5966562304.0,-0.44982704520225525
5967499776.0,-0.4494985342025757
5968437248.0,-0.44647538661956787
5969375232.0,-0.43989869952201843
5970312704.0,-0.43060821294784546
5971250176.0,-0.41830480098724365
5972187648.0,-0.4030168950557709
5973125120.0,-0.3856561779975891
5974062592.0,-0.36667579412460327
5975000064.0,-0.3450445234775543
5975937536.0,-0.3220877945423126
5976875008.0,-0.2986193299293518
5977812480.0,-0.2745974063873291
5978749952.0,-0.2506890892982483
5979687424.0,-0.2259623408317566
5980624896.0,-0.2026662677526474
5981562368.0,-0.18100659549236298
5982499840.0,-0.16052351891994476
5983437312.0,-0.1427030712366104
5984374784.0,-0.12650790810585022
5985312256.0,-0.11168278753757477
5986250240.0,-0.09928572922945023
5987187712.0,-0.09054644405841827
5988125184.0,-0.08536273241043091
5989062656.0,-0.08095424622297287
5990000128.0,-0.08002956211566925
5990937600.0,-0.08113914728164673
5991875072.0,-0.0839577466249466
5992812544.0,-0.08963735401630402
5993750016.0,-0.09565108269453049
5994687488.0,-0.10335628688335419
5995624960.0,-0.11156569421291351
5996562432.0,-0.12004031985998154
5997499904.0,-0.1284046620130539
5998437376.0,-0.13853006064891815
5999374848.0,-0.1458120346069336
6000312320.0,-0.1549670547246933
6001249792.0,-0.1626860350370407
6002187264.0,-0.17122820019721985
6003125248.0,-0.1778072565793991
6004062720.0,-0.1834852248430252
6005000192.0,-0.14385941624641418
6005937664.0,-0.1503051221370697
6006875136.0,-0.15869148075580597
6007812608.0,-0.16888947784900665
6008750080.0,-0.17801013588905334
6009687552.0,-0.1884869486093521
6010625024.0,-0.199738547205925
6011562496.0,-0.21137575805187225
6012499968.0,-0.22366586327552795
6013437440.0,-0.23705539107322693
6014374912.0,-0.249317467212677
6015312384.0,-0.26184722781181335
6016249856.0,-0.2761842608451843
6017187328.0,-0.28968551754951477
6018124800.0,-0.30261823534965515
6019062272.0,-0.31498703360557556
6019999744.0,-0.32703572511672974
6020937728.0,-0.3399770259857178
6021875200.0,-0.3506663739681244
6022812672.0,-0.36124667525291443
6023750144.0,-0.3699992299079895
6024687616.0,-0.3784099221229553
6025625088.0,-0.3855751156806946
6026562560.0,-0.3911646008491516
6027500032.0,-0.39380812644958496
6028437504.0,-0.39505016803741455
6029374976.0,-0.39510318636894226
6030312448.0,-0.39454367756843567
6031249920.0,-0.3912520110607147
6032187392.0,-0.38562723994255066
6033124864.0,-0.37958553433418274
6034062336.0,-0.3721563518047333
6034999808.0,-0.3629052937030792
6035937280.0,-0.3549456298351288
6036874752.0,-0.3430245816707611
6037812736.0,-0.3325624465942383
6038750208.0,-0.3211402893066406
6039687680.0,-0.30908849835395813
6040625152.0,-0.2970893979072571
6041562624.0,-0.28576764464378357
6042500096.0,-0.2741469144821167
6043437568.0,-0.26277831196784973
6044375040.0,-0.2518824636936188
6045312512.0,-0.24300219118595123
6046249984.0,-0.2340731918811798
6047187456.0,-0.2260843813419342
6048124928.0,-0.21921487152576447
6049062400.0,-0.21381790935993195
6049999872.0,-0.210065096616745
6050937344.0,-0.20637927949428558
6051874816.0,-0.20385849475860596
6052812288.0,-0.20344476401805878
6053749760.0,-0.2028268426656723
6054687744.0,-0.20287218689918518
6055625216.0,-0.20505772531032562
6056562688.0,-0.20719601213932037
6057500160.0,-0.2118249535560608
6058437632.0,-0.21487632393836975
6059375104.0,-0.21910333633422852
6060312576.0,-0.22459407150745392
6061250048.0,-0.22982381284236908
6062187520.0,-0.23615501821041107
6063124992.0,-0.24203024804592133
6064062464.0,-0.24766665697097778
6064999936.0,-0.14770282804965973
6065937408.0,-0.16786247491836548
6066874880.0,-0.1886553168296814
6067812352.0,-0.20823046565055847
6068749824.0,-0.22726300358772278
6069687296.0,-0.2474660873413086
6070624768.0,-0.2667616009712219
6071562752.0,-0.2858896255493164
6072500224.0,-0.30547255277633667
6073437696.0,-0.32408982515335083
6074375168.0,-0.34106022119522095
6075312640.0,-0.35706427693367004
6076250112.0,-0.37379637360572815
6077187584.0,-0.3883366882801056
6078125056.0,-0.4004199504852295
6079062528.0,-0.4116041362285614
6080000000.0,-0.4214257001876831
6080937472.0,-0.4299261271953583
6081874944.0,-0.43641579151153564
6082812416.0,-0.4409410059452057
6083749888.0,-0.4450356662273407
6084687360.0,-0.44768521189689636
6085624832.0,-0.44803398847579956
6086562304.0,-0.4462791383266449
6087499776.0,-0.444553017616272
6088437248.0,-0.44144394993782043
6089375232.0,-0.4372669756412506
6090312704.0,-0.43172261118888855
6091250176.0,-0.42405861616134644
6092187648.0,-0.41557225584983826
6093125120.0,-0.4046994745731354
6094062592.0,-0.3939227759838104
6095000064.0,-0.38296639919281006
6095937536.0,-0.3700873553752899
6096875008.0,-0.35662931203842163
6097812480.0,-0.3431040644645691
6098749952.0,-0.3294597566127777
6099687424.0,-0.31557220220565796
6100624896.0,-0.2996479868888855
6101562368.0,-0.2839926779270172
6102499840.0,-0.26767706871032715
6103437312.0,-0.2527519166469574
6104374784.0,-0.23803028464317322
6105312256.0,-0.22235581278800964
6106250240.0,-0.20826254785060883
6107187712.0,-0.1942770779132843
6108125184.0,-0.17977476119995117
6109062656.0,-0.16649006307125092
6110000128.0,-0.15359537303447723
6110937600.0,-0.14048980176448822
6111875072.0,-0.12892308831214905
6112812544.0,-0.11589497327804565
6113750016.0,-0.10510633885860443
6114687488.0,-0.09531722962856293
6115624960.0,-0.08708019554615021
6116562432.0,-0.07809094339609146
6117499904.0,-0.07153909653425217
6118437376.0,-0.06797342747449875
6119374848.0,-0.0672399252653122
6120312320.0,-0.06747845560312271
6121249792.0,-0.06962041556835175
6122187264.0,-0.07367034256458282
6123125248.0,-0.07823509722948074
6124062720.0,-0.08417893201112747
6125000192.0,-0.1377580314874649
6125937664.0,-0.15279214084148407
6126875136.0,-0.1676509976387024
6127812608.0,-0.18326307833194733
6128750080.0,-0.19941642880439758
6129687552.0,-0.2151309847831726
6130625024.0,-0.23252512514591217
6131562496.0,-0.24821355938911438
6132499968.0,-0.2639431357383728
6133437440.0,-0.2804360091686249
6134374912.0,-0.29698440432548523
6135312384.0,-0.31284230947494507
6136249856.0,-0.32831063866615295
6137187328.0,-0.34242114424705505
6138124800.0,-0.358285129070282
6139062272.0,-0.37158793210983276
6140000256.0,-0.38369038701057434
6140937728.0,-0.3956761062145233
6141875200.0,-0.4066696763038635
6142812672.0,-0.4166366755962372
6143750144.0,-0.4256294071674347
6144687616.0,-0.4357967674732208
6145625088.0,-0.4442872703075409
6146562560.0,-0.4492638111114502
6147500032.0,-0.4547635018825531
6148437504.0,-0.4576457440853119
6149374976.0,-0.4596271216869354
6150312448.0,-0.4591812193393707
6151249920.0,-0.45753785967826843
6152187392.0,-0.4540788233280182
6153124864.0,-0.45035767555236816
6154062336.0,-0.4432693421840668
6154999808.0,-0.43573445081710815
6155937280.0,-0.42670202255249023
6156874752.0,-0.41603654623031616
6157812736.0,-0.4040396809577942
6158750208.0,-0.39125528931617737
6159687680.0,-0.37911370396614075
6160625152.0,-0.3638761639595032
6161562624.0,-0.35055455565452576
6162500096.0,-0.3364715576171875
6163437568.0,-0.32167866826057434
6164375040.0,-0.3077353239059448
6165312512.0,-0.2929880619049072
6166249984.0,-0.2799179255962372
6167187456.0,-0.2665053904056549
6168124928.0,-0.25435352325439453
6169062400.0,-0.24084006249904633
6169999872.0,-0.22596096992492676
6170937344.0,-0.21264857053756714
6171874816.0,-0.20096243917942047
6172812288.0,-0.18805262446403503
6173749760.0,-0.17755967378616333
6174687744.0,-0.16704635322093964
6175625216.0,-0.15767578780651093
6176562688.0,-0.14914926886558533
6177500160.0,-0.1410624235868454
6178437632.0,-0.13435524702072144
6179375104.0,-0.12992948293685913
6180312576.0,-0.12588725984096527
6181250048.0,-0.12329550087451935
6182187520.0,-0.12367010861635208
6183124992.0,-0.124542236328125
6184062464.0,-0.12745167315006256
6184999936.0,-0.2726694345474243
6185937408.0,-0.2887408435344696
6186874880.0,-0.30491015315055847
6187812352.0,-0.32219794392585754
6188749824.0,-0.33935850858688354
6189687296.0,-0.3556539714336395
6190624768.0,-0.37286925315856934
6191562752.0,-0.3886536657810211
6192500224.0,-0.4033154249191284
6193437696.0,-0.4177165627479553
6194375168.0,-0.43121713399887085
6195312640.0,-0.4412980377674103
6196250112.0,-0.4501916170120239
6197187584.0,-0.4578206539154053
6198125056.0,-0.46322429180145264
6199062528.0,-0.4683014452457428
6200000000.0,-0.47108516097068787
6200937472.0,-0.4741547405719757
6201874944.0,-0.4744316041469574
6202812416.0,-0.47535473108291626
6203749888.0,-0.47687268257141113
6204687360.0,-0.4778301417827606
6205624832.0,-0.4801972210407257
6206562304.0,-0.4840516149997711
6207499776.0,-0.4879310131072998
6208437248.0,-0.49432680010795593
6209375232.0,-0.5021327137947083
6210312704.0,-0.5106736421585083
6211250176.0,-0.5201677680015564
6212187648.0,-0.5285775661468506
6213125120.0,-0.5363509654998779
6214062592.0,-0.5411659479141235
6215000064.0,-0.5421390533447266
6215937536.0,-0.5373207330703735
6216875008.0,-0.5308636426925659
6217812480.0,-0.5225229859352112
6218749952.0,-0.5138661861419678
6219687424.0,-0.5036723613739014
6220624896.0,-0.49170342087745667
6221562368.0,-0.47944748401641846
6222499840.0,-0.4664642810821533
6223437312.0,-0.4540473222732544
6224374784.0,-0.44086113572120667
6225312256.0,-0.4290734827518463
6226250240.0,-0.4178246259689331
6227187712.0,-0.40675318241119385
6228125184.0,-0.3978659212589264
6229062656.0,-0.38838037848472595
6230000128.0,-0.38067227602005005
6230937600.0,-0.3737291395664215
6231875072.0,-0.36783185601234436
6232812544.0,-0.3619445860385895
6233750016.0,-0.3559541404247284
6234687488.0,-0.35014715790748596
6235624960.0,-0.34483346343040466
6236562432.0,-0.33860352635383606
6237499904.0,-0.332504004240036
6238437376.0,-0.3256201446056366
6239374848.0,-0.3175264000892639
6240312320.0,-0.3098493814468384
6241249792.0,-0.3022514581680298
6242187264.0,-0.29340672492980957
6243125248.0,-0.2864872217178345
6244062720.0,-0.2800883948802948
6245000192.0,-0.4273158013820648
6245937664.0,-0.4298613667488098
6246875136.0,-0.43279364705085754
6247812608.0,-0.43800199031829834
6248750080.0,-0.44562312960624695
6249687552.0,-0.45523935556411743
6250625024.0,-0.4668048322200775
6251562496.0,-0.4807341396808624
6252499968.0,-0.496221125125885
6253437440.0,-0.515409529209137
6254374912.0,-0.5357226133346558
6255312384.0,-0.5582250356674194
6256249856.0,-0.5825125575065613
6257187328.0,-0.6080752015113831
6258124800.0,-0.6352474093437195
6259062272.0,-0.6630275845527649
6259999744.0,-0.6914111971855164
6260937728.0,-0.7199736833572388
6261875200.0,-0.7479138374328613
6262812672.0,-0.7750794887542725
6263750144.0,-0.798718273639679
6264687616.0,-0.8202498555183411
6265625088.0,-0.8414034843444824
6266562560.0,-0.8565430045127869
6267500032.0,-0.8696416616439819
6268437504.0,-0.8802419900894165
6269374976.0,-0.8863354921340942
6270312448.0,-0.8891797065734863
6271249920.0,-0.8898299336433411
6272187392.0,-0.8872518539428711
6273124864.0,-0.8801603317260742
6274062336.0,-0.8691491484642029
6274999808.0,-0.8552721738815308
6275937280.0,-0.8372102379798889
6276874752.0,-0.817322850227356
6277812736.0,-0.794013500213623
6278750208.0,-0.7699756622314453
6279687680.0,-0.7429426908493042
6280625152.0,-0.7148754000663757
6281562624.0,-0.6852537393569946
6282500096.0,-0.6555507183074951
6283437568.0,-0.6246517300605774
6284375040.0,-0.5954996347427368
6285312512.0,-0.5644064545631409
6286249984.0,-0.5346195101737976
6287187456.0,-0.5054398775100708
6288124928.0,-0.4791465401649475
6289062400.0,-0.45217758417129517
6289999872.0,-0.42795491218566895
6290937344.0,-0.40406689047813416
6291874816.0,-0.382784366607666
6292812288.0,-0.3654290437698364
6293749760.0,-0.34867343306541443
6294687744.0,-0.3352348804473877
6295625216.0,-0.32551971077919006
6296562688.0,-0.32147201895713806
6297500160.0,-0.3213467597961426
6298437632.0,-0.32383260130882263
6299375104.0,-0.32938429713249207
6300312576.0,-0.33867478370666504
6301250048.0,-0.350410133600235
6302187520.0,-0.3651783764362335
6303124992.0,-0.3822306990623474
6304062464.0,-0.40142491459846497
6304999936.0,-0.5393432378768921
6305937408.0,-0.5588023066520691
6306874880.0,-0.5797056555747986
6307812352.0,-0.6019003391265869
6308749824.0,-0.6264398097991943
6309687296.0,-0.6507174968719482
6310624768.0,-0.6763279438018799
6311562752.0,-0.7020347714424133
6312500224.0,-0.7279667854309082
6313437696.0,-0.7556065320968628
6314375168.0,-0.7816405892372131
6315312640.0,-0.8083474040031433
6316250112.0,-0.8342620730400085
6317187584.0,-0.8586021661758423
6318125056.0,-0.8824848532676697
6319062528.0,-0.9027803540229797
6320000000.0,-0.9219335913658142
6320937472.0,-0.9383509755134583
6321874944.0,-0.9540264010429382
6322812416.0,-0.9680365920066833
6323749888.0,-0.9785327315330505
6324687360.0,-0.9863250851631165
6325624832.0,-0.9904789328575134
6326562304.0,-0.9929603338241577
6327499776.0,-0.9910237789154053
6328437248.0,-0.9895757436752319
6329375232.0,-0.9848214983940125
6330312704.0,-0.9759207963943481
6331250176.0,-0.9661551713943481
6332187648.0,-0.9550307393074036
6333125120.0,-0.9396340847015381
6334062592.0,-0.9242695569992065
6335000064.0,-0.9073104858398438
6335937536.0,-0.8885911703109741
6336875008.0,-0.8677858710289001
6337812480.0,-0.8456838130950928
6338749952.0,-0.8243233561515808
6339687424.0,-0.8013058304786682
6340624896.0,-0.7780703902244568
6341562368.0,-0.7550447583198547
6342499840.0,-0.731141984462738
6343437312.0,-0.7072849273681641
6344374784.0,-0.6851084232330322
6345312256.0,-0.664374053478241
6346250240.0,-0.6436183452606201
6347187712.0,-0.6222653985023499
6348125184.0,-0.6026479005813599
6349062656.0,-0.5835126042366028
6350000128.0,-0.5661369562149048
6350937600.0,-0.5502294898033142
6351875072.0,-0.5346286296844482
6352812544.0,-0.5207869410514832
6353750016.0,-0.510468065738678
6354687488.0,-0.5003830194473267
6355624960.0,-0.4933658838272095
6356562432.0,-0.48917511105537415
6357499904.0,-0.48788729310035706
6358437376.0,-0.48917895555496216
6359374848.0,-0.4932533800601959
6360312320.0,-0.49912434816360474
6361249792.0,-0.5086234211921692
6362187264.0,-0.5197564363479614
6363125248.0,-0.5352117419242859
6364062720.0,-0.5498752593994141
6365000192.0,-0.8260833024978638
6365937664.0,-0.8325702548027039
6366875136.0,-0.8389495611190796
6367812608.0,-0.8453513979911804
6368750080.0,-0.8540892004966736
6369687552.0,-0.86129230260849
6370625024.0,-0.8703802227973938
6371562496.0,-0.8793890476226807
6372499968.0,-0.8887761831283569
6373437440.0,-0.8990376591682434
6374374912.0,-0.9083896279335022
6375312384.0,-0.9184052348136902
6376249856.0,-0.9271716475486755
6377187328.0,-0.9359687566757202
6378124800.0,-0.9449671506881714
6379062272.0,-0.952161431312561
6380000256.0,-0.9598223567008972
6380937728.0,-0.965763509273529
6381875200.0,-0.9726445078849792
6382812672.0,-0.9787738919258118
6383750144.0,-0.9839872121810913
6384687616.0,-0.9878094792366028
6385625088.0,-0.991698682308197
6386562560.0,-0.9943118095397949
6387500032.0,-0.9966996312141418
6388437504.0,-0.9982555508613586
6389374976.0,-1.0001225471496582
6390312448.0,-1.0001908540725708
6391249920.0,-1.002191185951233
6392187392.0,-1.0036911964416504
6393124864.0,-1.0041550397872925
6394062336.0,-1.003627896308899
6394999808.0,-1.0029397010803223
6395937280.0,-1.0018235445022583
6396874752.0,-1.0002905130386353
6397812736.0,-0.9984456896781921
6398750208.0,-0.9959185719490051
6399687680.0,-0.992630660533905
6400625152.0,-0.9909577965736389
6401562624.0,-0.9878575205802917
6402500096.0,-0.9862168431282043
6403437568.0,-0.9839142560958862
6404375040.0,-0.9832425713539124
6405312512.0,-0.9836788177490234
6406249984.0,-0.982304036617279
6407187456.0,-0.9833456873893738
6408124928.0,-0.9840326309204102
6409062400.0,-0.9884524941444397
6409999872.0,-0.9919002056121826
6410937344.0,-0.9972195625305176
6411874816.0,-1.0031988620758057
6412812288.0,-1.008827805519104
6413749760.0,-1.0162780284881592
6414687744.0,-1.0226950645446777
6415625216.0,-1.0298656225204468
6416562688.0,-1.0382126569747925
6417500160.0,-1.0443127155303955
6418437632.0,-1.0523086786270142
6419375104.0,-1.0599201917648315
6420312576.0,-1.0682111978530884
6421250048.0,-1.0760142803192139
6422187520.0,-1.0840778350830078
6423124992.0,-1.089403510093689
6424062464.0,-1.0934573411941528
6424999936.0,-1.111344337463379
6425937408.0,-1.1231565475463867
6426874880.0,-1.1351109743118286
6427812352.0,-1.145084023475647
6428749824.0,-1.1538282632827759
6429687296.0,-1.161881685256958
6430624768.0,-1.1664103269577026
6431562752.0,-1.1712255477905273
6432500224.0,-1.1740087270736694
6433437696.0,-1.1747277975082397
6434375168.0,-1.173682451248169
6435312640.0,-1.1726553440093994
6436250112.0,-1.1686056852340698
6437187584.0,-1.1631468534469604
6438125056.0,-1.1564726829528809
6439062528.0,-1.148375153541565
6440000000.0,-1.1390351057052612
6440937472.0,-1.1285173892974854
6441874944.0,-1.1167242527008057
6442812416.0,-1.105839490890503
6443749888.0,-1.0923985242843628
6444687360.0,-1.0795482397079468
6445624832.0,-1.065811276435852
6446562304.0,-1.0516072511672974
6447499776.0,-1.037925124168396
6448437248.0,-1.024682879447937
6449375232.0,-1.0132874250411987
6450312704.0,-1.0024558305740356
6451250176.0,-0.9919514656066895
6452187648.0,-0.9814686179161072
6453125120.0,-0.9724189639091492
6454062592.0,-0.9635239243507385
6455000064.0,-0.9572303891181946
6455937536.0,-0.9504572153091431
6456875008.0,-0.9447739124298096
6457812480.0,-0.9392824172973633
6458749952.0,-0.9344650506973267
6459687424.0,-0.929843544960022
6460624896.0,-0.9260042309761047
6461562368.0,-0.9223170280456543
6462499840.0,-0.9189146757125854
6463437312.0,-0.9158620238304138
6464374784.0,-0.9131290316581726
6465312256.0,-0.9098351001739502
6466250240.0,-0.9075545072555542
6467187712.0,-0.903634786605835
6468125184.0,-0.8996397256851196
6469062656.0,-0.8950209617614746
6470000128.0,-0.8905215263366699
6470937600.0,-0.8851042985916138
6471875072.0,-0.8803681135177612
6472812544.0,-0.8749642372131348
6473750016.0,-0.8717524409294128
6474687488.0,-0.8693169355392456
6475624960.0,-0.8659844398498535
6476562432.0,-0.8629304766654968
6477499904.0,-0.8610367178916931
6478437376.0,-0.857348620891571
6479374848.0,-0.8550236225128174
6480312320.0,-0.8529899716377258
6481249792.0,-0.850602388381958
6482187264.0,-0.8487082719802856
6483125248.0,-0.8481117486953735
6484062720.0,-0.8475620746612549
6485000192.0,-0.948980450630188
6485937664.0,-0.9565710425376892
6486875136.0,-0.9643827676773071
6487812608.0,-0.9731460809707642
6488750080.0,-0.9808088541030884
6489687552.0,-0.9877859950065613
6490625024.0,-0.9946321249008179
6491562496.0,-1.0013192892074585
6492499968.0,-1.00834059715271
6493437440.0,-1.0147672891616821
6494374912.0,-1.0182607173919678
6495312384.0,-1.022915005683899
6496249856.0,-1.026402473449707
6497187328.0,-1.0294348001480103
6498124800.0,-1.030733346939087
6499062272.0,-1.0307986736297607
6499999744.0,-1.028015375137329
6500937728.0,-1.0251413583755493
6501875200.0,-1.0218219757080078
6502812672.0,-1.0162302255630493
6503750144.0,-1.0099788904190063
6504687616.0,-1.0023688077926636
6505625088.0,-0.9958899021148682
6506562560.0,-0.9870467782020569
6507500032.0,-0.9764863848686218
6508437504.0,-0.9672139883041382
6509374976.0,-0.9565064311027527
6510312448.0,-0.9452634453773499
6511249920.0,-0.9348729848861694
6512187392.0,-0.9226916432380676
6513124864.0,-0.9111236333847046
6514062336.0,-0.9008806943893433
6514999808.0,-0.8899648189544678
6515937280.0,-0.8794962763786316
6516874752.0,-0.8685038685798645
6517812736.0,-0.8587623238563538
6518750208.0,-0.8486531376838684
6519687680.0,-0.8382734060287476
6520625152.0,-0.8281089067459106
6521562624.0,-0.8200402855873108
6522500096.0,-0.8116241097450256
6523437568.0,-0.8054337501525879
6524375040.0,-0.7974727749824524
6525312512.0,-0.7921130657196045
6526249984.0,-0.7877258062362671
6527187456.0,-0.7841106653213501
6528124928.0,-0.781880795955658
6529062400.0,-0.780401349067688
6529999872.0,-0.7803211808204651
6530937344.0,-0.7801065444946289
6531874816.0,-0.7811198830604553
6532812288.0,-0.7845754623413086
6533749760.0,-0.7866432070732117
6534687744.0,-0.7902969121932983
6535625216.0,-0.7945398688316345
6536562688.0,-0.7999207973480225
6537500160.0,-0.8059159517288208
6538437632.0,-0.8139503002166748
6539375104.0,-0.8217329382896423
6540312576.0,-0.8310392498970032
6541250048.0,-0.8404150605201721
6542187520.0,-0.8488779664039612
6543124992.0,-0.8564581274986267
6544062464.0,-0.864262580871582
6544999936.0,-0.861492931842804
6545937408.0,-0.8651758432388306
6546874880.0,-0.8674570322036743
6547812352.0,-0.8715850710868835
6548749824.0,-0.8751868009567261
6549687296.0,-0.8791377544403076
6550624768.0,-0.8818533420562744
6551562752.0,-0.8876075148582458
6552500224.0,-0.8925806879997253
6553437696.0,-0.897852897644043
6554375168.0,-0.9041452407836914
6555312640.0,-0.9104413390159607
6556250112.0,-0.9180696606636047
6557187584.0,-0.9273495674133301
6558125056.0,-0.9367756247520447
6559062528.0,-0.9488548636436462
6560000000.0,-0.9588650465011597
6560937472.0,-0.9701557755470276
6561874944.0,-0.9823062419891357
6562812416.0,-0.9950007796287537
6563749888.0,-1.0077797174453735
6564687360.0,-1.021323800086975
6565624832.0,-1.0359188318252563
6566562304.0,-1.0477526187896729
6567499776.0,-1.061936378479004
6568437248.0,-1.0750445127487183
6569375232.0,-1.0873340368270874
6570312704.0,-1.1000686883926392
6571250176.0,-1.1106852293014526
6572187648.0,-1.1221039295196533
6573125120.0,-1.133253812789917
6574062592.0,-1.143662691116333
6575000064.0,-1.151479959487915
6575937536.0,-1.1607270240783691
6576875008.0,-1.1660338640213013
6577812480.0,-1.1710439920425415
6578749952.0,-1.1749293804168701
6579687424.0,-1.1783790588378906
6580624896.0,-1.1796542406082153
6581562368.0,-1.1798683404922485
6582499840.0,-1.1783061027526855
6583437312.0,-1.1782546043395996
6584374784.0,-1.1771492958068848
6585312256.0,-1.1751114130020142
6586250240.0,-1.1735024452209473
6587187712.0,-1.1702039241790771
6588125184.0,-1.167341947555542
6589062656.0,-1.1633274555206299
6590000128.0,-1.159896969795227
6590937600.0,-1.1550039052963257
6591875072.0,-1.1514049768447876
6592812544.0,-1.14699387550354
6593750016.0,-1.142447829246521
6594687488.0,-1.1368824243545532
6595624960.0,-1.131588101387024
6596562432.0,-1.12673020362854
6597499904.0,-1.123886227607727
6598437376.0,-1.1222176551818848
6599374848.0,-1.1218475103378296
6600312320.0,-1.119530439376831
6601249792.0,-1.1192302703857422
6602187264.0,-1.119761347770691
6603125248.0,-1.1207436323165894
6604062720.0,-1.1233595609664917
6605000192.0,-1.1224281787872314
6605937664.0,-1.127894401550293
6606875136.0,-1.1337159872055054
6607812608.0,-1.1385998725891113
6608750080.0,-1.1431134939193726
6609687552.0,-1.1473115682601929
6610625024.0,-1.1521801948547363
6611562496.0,-1.1571358442306519
6612499968.0,-1.1617348194122314
6613437440.0,-1.1665064096450806
6614374912.0,-1.1718896627426147
6615312384.0,-1.177781581878662
6616249856.0,-1.1834580898284912
6617187328.0,-1.1876834630966187
6618124800.0,-1.1935842037200928
6619062272.0,-1.199340581893921
6620000256.0,-1.205220341682434
6620937728.0,-1.2114949226379395
6621875200.0,-1.2191102504730225
6622812672.0,-1.2271852493286133
6623750144.0,-1.237974762916565
6624687616.0,-1.2486995458602905
6625625088.0,-1.2633715867996216
6626562560.0,-1.2824801206588745
6627500032.0,-1.2991036176681519
6628437504.0,-1.3188425302505493
6629374976.0,-1.3395634889602661
6630312448.0,-1.3592604398727417
6631249920.0,-1.3792766332626343
6632187392.0,-1.398680567741394
6633124864.0,-1.4178701639175415
6634062336.0,-1.4394311904907227
6634999808.0,-1.4602495431900024
6635937280.0,-1.4790786504745483
6636874752.0,-1.4978901147842407
6637812736.0,-1.5173020362854004
6638750208.0,-1.53594172000885
6639687680.0,-1.5540153980255127
6640625152.0,-1.5707833766937256
6641562624.0,-1.5885289907455444
6642500096.0,-1.603821039199829
6643437568.0,-1.6186515092849731
6644375040.0,-1.6317864656448364
6645312512.0,-1.6436171531677246
6646249984.0,-1.6531437635421753
6647187456.0,-1.6606372594833374
6648124928.0,-1.6686453819274902
6649062400.0,-1.6737146377563477
6649999872.0,-1.6794151067733765
6650937344.0,-1.6841175556182861
6651874816.0,-1.6899195909500122
6652812288.0,-1.693629264831543
6653749760.0,-1.6972898244857788
6654687744.0,-1.7001440525054932
6655625216.0,-1.7031676769256592
6656562688.0,-1.7060420513153076
6657500160.0,-1.7109196186065674
6658437632.0,-1.7137296199798584
6659375104.0,-1.719128131866455
6660312576.0,-1.7259231805801392
6661250048.0,-1.7338857650756836
6662187520.0,-1.7431362867355347
6663124992.0,-1.7535072565078735
6664062464.0,-1.7662638425827026
6664999936.0,-1.7872103452682495
6665937408.0,-1.7992262840270996
6666874880.0,-1.8108505010604858
6667812352.0,-1.8221228122711182
6668749824.0,-1.833319067955017
6669687296.0,-1.845852255821228
6670624768.0,-1.8584158420562744
6671562752.0,-1.8718665838241577
6672500224.0,-1.8851711750030518
6673437696.0,-1.8989444971084595
6674375168.0,-1.909867286682129
6675312640.0,-1.9210400581359863
6676250112.0,-1.9309126138687134
6677187584.0,-1.9386407136917114
6678125056.0,-1.9450397491455078
6679062528.0,-1.9505711793899536
6680000000.0,-1.956779956817627
6680937472.0,-1.9608122110366821
6681874944.0,-1.9650367498397827
6682812416.0,-1.9707731008529663
6683749888.0,-1.9739010334014893
6684687360.0,-1.9767451286315918
6685624832.0,-1.9795781373977661
6686562304.0,-1.9808988571166992
6687499776.0,-1.9812597036361694
6688437248.0,-1.9815386533737183
6689375232.0,-1.9822864532470703
6690312704.0,-1.9841521978378296
6691250176.0,-1.987912893295288
6692187648.0,-1.9919644594192505
6693125120.0,-1.9982527494430542
6694062592.0,-2.0048155784606934
6695000064.0,-2.014228582382202
6695937536.0,-2.027667999267578
6696875008.0,-2.041349411010742
6697812480.0,-2.058699131011963
6698749952.0,-2.077824592590332
6699687424.0,-2.099796772003174
6700624896.0,-2.1223747730255127
6701562368.0,-2.1466221809387207
6702499840.0,-2.170170783996582
6703437312.0,-2.194514751434326
6704374784.0,-2.2211954593658447
6705312256.0,-2.2461156845092773
6706250240.0,-2.2721314430236816
6707187712.0,-2.297325849533081
6708125184.0,-2.320085048675537
6709062656.0,-2.3440423011779785
6710000128.0,-2.364522933959961
6710937600.0,-2.3835995197296143
6711875072.0,-2.4017632007598877
6712812544.0,-2.4161696434020996
6713750016.0,-2.4286680221557617
6714687488.0,-2.4379491806030273
6715624960.0,-2.4444663524627686
6716562432.0,-2.4499917030334473
6717499904.0,-2.452990770339966
6718437376.0,-2.4550461769104004
6719374848.0,-2.455010175704956
6720312320.0,-2.45443058013916
6721249792.0,-2.453301191329956
6722187264.0,-2.4522597789764404
6723125248.0,-2.4503333568573
6724062720.0,-2.4499404430389404
6725000192.0,-2.4249267578125
6725937664.0,-2.425969123840332
6726875136.0,-2.428746461868286
6727812608.0,-2.4313735961914062
6728750080.0,-2.4379756450653076
6729687552.0,-2.4454853534698486
6730625024.0,-2.4561047554016113
6731562496.0,-2.469364881515503
6732499968.0,-2.4848239421844482
6733437440.0,-2.5035088062286377
6734374912.0,-2.5260655879974365
6735312384.0,-2.550511360168457
6736249856.0,-2.575413227081299
6737187328.0,-2.603036403656006
6738124800.0,-2.6315529346466064
6739062272.0,-2.6632847785949707
6739999744.0,-2.696983814239502
6740937728.0,-2.7313950061798096
6741875200.0,-2.7667901515960693
6742812672.0,-2.802760362625122
6743750144.0,-2.8352625370025635
6744687616.0,-2.8690693378448486
6745625088.0,-2.9016690254211426
6746562560.0,-2.93173885345459
6747500032.0,-2.961470603942871
6748437504.0,-2.988999128341675
6749374976.0,-3.014606475830078
6750312448.0,-3.0380380153656006
6751249920.0,-3.0578689575195312
6752187392.0,-3.079216718673706
6753124864.0,-3.0946133136749268
6754062336.0,-3.1064047813415527
6754999808.0,-3.11509370803833
6755937280.0,-3.1193580627441406
6756874752.0,-3.1186983585357666
6757812736.0,-3.112238645553589
6758750208.0,-3.1016945838928223
6759687680.0,-3.0867936611175537
6760625152.0,-3.065464496612549
6761562624.0,-3.0400824546813965
6762500096.0,-3.010929584503174
6763437568.0,-2.978461265563965
6764375040.0,-2.943218469619751
6765312512.0,-2.901897668838501
6766249984.0,-2.859604835510254
6767187456.0,-2.8121302127838135
6768124928.0,-2.7627503871917725
6769062400.0,-2.7084591388702393
6769999872.0,-2.6508326530456543
6770937344.0,-2.5907468795776367
6771874816.0,-2.528696060180664
6772812288.0,-2.464897632598877
6773749760.0,-2.4005286693573
6774687744.0,-2.337524890899658
6775625216.0,-2.274027109146118
6776562688.0,-2.21227765083313
6777500160.0,-2.1531996726989746
6778437632.0,-2.101367235183716
6779375104.0,-2.0520882606506348
6780312576.0,-2.0074617862701416
6781250048.0,-1.9653955698013306
6782187520.0,-1.9280424118041992
6783124992.0,-1.894038200378418
6784062464.0,-1.8662992715835571
6784999936.0,-2.319876194000244
6785937408.0,-2.3034749031066895
6786874880.0,-2.2881453037261963
6787812352.0,-2.274080753326416
6788749824.0,-2.260319471359253
6789687296.0,-2.246886968612671
6790624768.0,-2.2348783016204834
6791562752.0,-2.2234249114990234
6792500224.0,-2.213010549545288
6793437696.0,-2.2061920166015625
6794375168.0,-2.1998186111450195
6795312640.0,-2.196770668029785
6796250112.0,-2.194796085357666
6797187584.0,-2.1957271099090576
6798125056.0,-2.195786237716675
6799062528.0,-2.1980862617492676
6800000000.0,-2.200714349746704
6800937472.0,-2.205787420272827
6801874944.0,-2.211293935775757
6802812416.0,-2.2197344303131104
6803749888.0,-2.234797954559326
6804687360.0,-2.2511022090911865
6805624832.0,-2.2677931785583496
6806562304.0,-2.28499436378479
6807499776.0,-2.302510976791382
6808437248.0,-2.3185932636260986
6809375232.0,-2.334472417831421
6810312704.0,-2.3520612716674805
6811250176.0,-2.3658602237701416
6812187648.0,-2.379701614379883
6813125120.0,-2.391106605529785
6814062592.0,-2.4042341709136963
6815000064.0,-2.4150550365448
6815937536.0,-2.42551326751709
6816875008.0,-2.4342992305755615
6817812480.0,-2.4403789043426514
6818749952.0,-2.443967819213867
6819687424.0,-2.4420807361602783
6820624896.0,-2.4370996952056885
6821562368.0,-2.427555561065674
6822499840.0,-2.4149787425994873
6823437312.0,-2.3968312740325928
6824374784.0,-2.3761727809906006
6825312256.0,-2.3515625
6826250240.0,-2.323138952255249
6827187712.0,-2.2916622161865234
6828125184.0,-2.256556272506714
6829062656.0,-2.220266819000244
6830000128.0,-2.181259870529175
6830937600.0,-2.1412460803985596
6831875072.0,-2.1020827293395996
6832812544.0,-2.060023546218872
6833750016.0,-2.0191080570220947
6834687488.0,-1.9787026643753052
6835624960.0,-1.9372199773788452
6836562432.0,-1.8958022594451904
6837499904.0,-1.854008436203003
6838437376.0,-1.8149254322052002
6839374848.0,-1.7754805088043213
6840312320.0,-1.7381367683410645
6841249792.0,-1.704590082168579
6842187264.0,-1.6722720861434937
6843125248.0,-1.6438177824020386
6844062720.0,-1.6153361797332764
6845000192.0,-1.512820839881897
6845937664.0,-1.4878182411193848
6846875136.0,-1.464829444885254
6847812608.0,-1.4436359405517578
6848750080.0,-1.4254990816116333
6849687552.0,-1.4093962907791138
6850625024.0,-1.3954412937164307
6851562496.0,-1.3855576515197754
6852499968.0,-1.3787325620651245
6853437440.0,-1.3742784261703491
6854374912.0,-1.374353289604187
6855312384.0,-1.3747895956039429
6856249856.0,-1.3787118196487427
6857187328.0,-1.385306715965271
6858124800.0,-1.3925774097442627
6859062272.0,-1.4030108451843262
6860000256.0,-1.415096402168274
6860937728.0,-1.4294216632843018
6861875200.0,-1.4457772970199585
6862812672.0,-1.46257483959198
6863750144.0,-1.4814159870147705
6864687616.0,-1.5007301568984985
6865625088.0,-1.519900918006897
6866562560.0,-1.538151502609253
6867500032.0,-1.5560699701309204
6868437504.0,-1.572431206703186
6869374976.0,-1.5875678062438965
6870312448.0,-1.6025912761688232
6871249920.0,-1.615029215812683
6872187392.0,-1.6251345872879028
6873124864.0,-1.632258653640747
6874062336.0,-1.638293743133545
6874999808.0,-1.6408460140228271
6875937280.0,-1.642080545425415
6876874752.0,-1.6425632238388062
6877812736.0,-1.6390938758850098
6878750208.0,-1.6343337297439575
6879687680.0,-1.6258741617202759
6880625152.0,-1.6144771575927734
6881562624.0,-1.6019536256790161
6882500096.0,-1.5863196849822998
6883437568.0,-1.5669305324554443
6884375040.0,-1.5458996295928955
6885312512.0,-1.5213687419891357
6886249984.0,-1.4949911832809448
6887187456.0,-1.4656822681427002
6888124928.0,-1.4370477199554443
6889062400.0,-1.407300353050232
6889999872.0,-1.377065896987915
6890937344.0,-1.3452829122543335
6891874816.0,-1.3137378692626953
6892812288.0,-1.2826520204544067
6893749760.0,-1.25045645236969
6894687744.0,-1.2188735008239746
6895625216.0,-1.1882179975509644
6896562688.0,-1.1606734991073608
6897500160.0,-1.1322578191757202
6898437632.0,-1.1050716638565063
6899375104.0,-1.081639289855957
6900312576.0,-1.05697500705719
6901250048.0,-1.0357946157455444
6902187520.0,-1.0166507959365845
6903124992.0,-1.0001250505447388
6904062464.0,-0.9860259890556335
6904999936.0,-0.9871100187301636
6905937408.0,-0.9837115406990051
6906874880.0,-0.9831791520118713
6907812352.0,-0.9826835989952087
6908749824.0,-0.9841458797454834
6909687296.0,-0.9868557453155518
6910624768.0,-0.9891451001167297
6911562752.0,-0.9931840896606445
6912500224.0,-0.9985600113868713
6913437696.0,-1.0027389526367188
6914375168.0,-1.0081037282943726
6915312640.0,-1.0121076107025146
6916250112.0,-1.0145149230957031
6917187584.0,-1.0165326595306396
6918125056.0,-1.0164967775344849
6919062528.0,-1.0164728164672852
6920000000.0,-1.0151070356369019
6920937472.0,-1.0114314556121826
6921874944.0,-1.006925106048584
6922812416.0,-1.0014809370040894
6923749888.0,-0.993073582649231
6924687360.0,-0.9834237694740295
6925624832.0,-0.9705204963684082
6926562304.0,-0.9572463035583496
6927499776.0,-0.9407768845558167
6928437248.0,-0.923321545124054
6929375232.0,-0.9059008955955505
6930312704.0,-0.8853864073753357
6931250176.0,-0.8641692399978638
6932187648.0,-0.8446294069290161
6933125120.0,-0.8227272629737854
6934062592.0,-0.801533043384552
6935000064.0,-0.7793654799461365
6935937536.0,-0.7579142451286316
6936875008.0,-0.7349646687507629
6937812480.0,-0.7118775844573975
6938749952.0,-0.6906073093414307
6939687424.0,-0.6691368222236633
6940624896.0,-0.6495698690414429
6941562368.0,-0.6295393705368042
6942499840.0,-0.6130837202072144
6943437312.0,-0.598076581954956
6944374784.0,-0.5835787653923035
6945312256.0,-0.5711308121681213
6946250240.0,-0.5611550211906433
6947187712.0,-0.5526031851768494
6948125184.0,-0.5439015626907349
6949062656.0,-0.5388516783714294
6950000128.0,-0.5354365110397339
6950937600.0,-0.5326664447784424
6951875072.0,-0.531477689743042
6952812544.0,-0.5317022204399109
6953750016.0,-0.5320102572441101
6954687488.0,-0.5347840189933777
6955624960.0,-0.536841630935669
6956562432.0,-0.5441328287124634
6957499904.0,-0.5501418113708496
6958437376.0,-0.5587831735610962
6959374848.0,-0.5672924518585205
6960312320.0,-0.5762072801589966
6961249792.0,-0.5861423015594482
6962187264.0,-0.5957478284835815
6963125248.0,-0.6062161922454834
6964062720.0,-0.6156403422355652
6965000192.0,-0.5231227874755859
6965937664.0,-0.5301513075828552
6966875136.0,-0.5391871929168701
6967812608.0,-0.5482622981071472
6968750080.0,-0.5584707260131836
6969687552.0,-0.5683863162994385
6970625024.0,-0.577785074710846
6971562496.0,-0.5888097882270813
6972499968.0,-0.6006234288215637
6973437440.0,-0.610582709312439
6974374912.0,-0.6211701035499573
6975312384.0,-0.6333566904067993
6976249856.0,-0.6447820067405701
6977187328.0,-0.6565292477607727
6978124800.0,-0.6680242419242859
6979062272.0,-0.6803070902824402
6979999744.0,-0.691526472568512
6980937728.0,-0.7030620574951172
6981875200.0,-0.714091420173645
6982812672.0,-0.7249240279197693
6983750144.0,-0.7328616380691528
6984687616.0,-0.7420250177383423
6985625088.0,-0.7500928640365601
6986562560.0,-0.7592107057571411
6987500032.0,-0.7662652134895325
6988437504.0,-0.7716813683509827
6989374976.0,-0.7759674787521362
6990312448.0,-0.7802675366401672
6991249920.0,-0.782798707485199
6992187392.0,-0.784032940864563
6993124864.0,-0.7836446762084961
6994062336.0,-0.7815208435058594
6994999808.0,-0.7788342833518982
6995937280.0,-0.7753823399543762
6996874752.0,-0.7694413065910339
6997812736.0,-0.7627780437469482
6998750208.0,-0.7547059059143066
6999687680.0,-0.7458796501159668
7000625152.0,-0.737362265586853
7001562624.0,-0.7262901663780212
7002500096.0,-0.7156749367713928
7003437568.0,-0.703647255897522
7004375040.0,-0.690837025642395
7005312512.0,-0.6788796782493591
7006249984.0,-0.6672529578208923
7007187456.0,-0.6524449586868286
7008124928.0,-0.6356202363967896
7009062400.0,-0.6189636588096619
7009999872.0,-0.6022284030914307
7010937344.0,-0.5854365229606628
7011874816.0,-0.5682765245437622
7012812288.0,-0.5520288944244385
7013749760.0,-0.5362275838851929
7014687744.0,-0.5189772844314575
7015625216.0,-0.5027310848236084
7016562688.0,-0.48712465167045593
7017500160.0,-0.4719391465187073
7018437632.0,-0.4580167829990387
7019375104.0,-0.44367268681526184
7020312576.0,-0.43035802245140076
7021250048.0,-0.41675782203674316
7022187520.0,-0.4054044187068939
7023124992.0,-0.39368394017219543
7024062464.0,-0.3827012777328491
7024999936.0,-0.29381659626960754
7025937408.0,-0.29548391699790955
7026874880.0,-0.2994423508644104
7027812352.0,-0.30406928062438965
7028749824.0,-0.31029650568962097
7029687296.0,-0.3165673315525055
7030624768.0,-0.32291552424430847
7031562752.0,-0.3305821716785431
7032500224.0,-0.3416556119918823
7033437696.0,-0.3522976040840149
7034375168.0,-0.3657298684120178
7035312640.0,-0.3798704743385315
7036250112.0,-0.39366811513900757
7037187584.0,-0.4081515073776245
7038125056.0,-0.42167091369628906
7039062528.0,-0.4364944398403168
7040000000.0,-0.4505821764469147
7040937472.0,-0.46605074405670166
7041874944.0,-0.4794972836971283
7042812416.0,-0.4939889907836914
7043749888.0,-0.5073383450508118
7044687360.0,-0.5201770663261414
7045624832.0,-0.5329123139381409
7046562304.0,-0.5447078943252563
7047499776.0,-0.5548324584960938
7048437248.0,-0.5645923614501953
7049375232.0,-0.5735490322113037
7050312704.0,-0.5810736417770386
7051250176.0,-0.5882025361061096
7052187648.0,-0.5945727229118347
7053125120.0,-0.5990458726882935
7054062592.0,-0.6024372577667236
7055000064.0,-0.6054404973983765
7055937536.0,-0.6048139929771423
7056875008.0,-0.6044668555259705
7057812480.0,-0.6039035320281982
7058749952.0,-0.6030752658843994
7059687424.0,-0.6030216813087463
7060624896.0,-0.6014574766159058
7061562368.0,-0.5977551937103271
7062499840.0,-0.5930668115615845
7063437312.0,-0.586355984210968
7064374784.0,-0.5783703327178955
7065312256.0,-0.5687195062637329
7066250240.0,-0.559658408164978
7067187712.0,-0.5481060743331909
7068125184.0,-0.5371122360229492
7069062656.0,-0.5242822766304016
7070000128.0,-0.5115980505943298
7070937600.0,-0.49939292669296265
7071875072.0,-0.4857756495475769
7072812544.0,-0.4705652892589569
7073750016.0,-0.45525509119033813
7074687488.0,-0.44025108218193054
7075624960.0,-0.425325870513916
7076562432.0,-0.41038399934768677
7077499904.0,-0.39508774876594543
7078437376.0,-0.3784106969833374
7079374848.0,-0.36407145857810974
7080312320.0,-0.34778910875320435
7081249792.0,-0.3330780863761902
7082187264.0,-0.31779608130455017
7083125248.0,-0.3030869960784912
7084062720.0,-0.28968125581741333
7085000192.0,-0.35184791684150696
7085937664.0,-0.3403533697128296
7086875136.0,-0.32868656516075134
7087812608.0,-0.31803351640701294
7088750080.0,-0.30884137749671936
7089687552.0,-0.2986171841621399
7090625024.0,-0.2898259162902832
7091562496.0,-0.2831505537033081
7092499968.0,-0.2758611738681793
7093437440.0,-0.270255446434021
7094374912.0,-0.2666153907775879
7095312384.0,-0.2627794146537781
7096249856.0,-0.260041207075119
7097187328.0,-0.2589992582798004
7098124800.0,-0.25943952798843384
7099062272.0,-0.2622067332267761
7100000256.0,-0.2663724422454834
7100937728.0,-0.27203455567359924
7101875200.0,-0.27880382537841797
7102812672.0,-0.2871747612953186
7103750144.0,-0.29739007353782654
7104687616.0,-0.3083544075489044
7105625088.0,-0.32196715474128723
7106562560.0,-0.33653610944747925
7107500032.0,-0.3529372811317444
7108437504.0,-0.3687795400619507
7109374976.0,-0.38909846544265747
7110312448.0,-0.4093071222305298
7111249920.0,-0.43075793981552124
7112187392.0,-0.4525337517261505
7113124864.0,-0.47438398003578186
7114062336.0,-0.4960823953151703
7114999808.0,-0.5193327069282532
7115937280.0,-0.5417631268501282
7116874752.0,-0.5628618001937866
7117812736.0,-0.5844528079032898
7118750208.0,-0.6057394742965698
7119687680.0,-0.6264241933822632
7120625152.0,-0.6450837850570679
7121562624.0,-0.6629260182380676
7122500096.0,-0.6791057586669922
7123437568.0,-0.6950922012329102
7124375040.0,-0.7086573243141174
7125312512.0,-0.7182469367980957
7126249984.0,-0.7270191311836243
7127187456.0,-0.7343610525131226
7128124928.0,-0.7405571341514587
7129062400.0,-0.7426422834396362
7129999872.0,-0.7444494962692261
7130937344.0,-0.7424629926681519
7131874816.0,-0.7387875914573669
7132812288.0,-0.7339470982551575
7133749760.0,-0.7263676524162292
7134687744.0,-0.7169349193572998
7135625216.0,-0.7051073908805847
7136562688.0,-0.6913286447525024
7137500160.0,-0.6763519644737244
7138437632.0,-0.659496545791626
7139375104.0,-0.6421706080436707
7140312576.0,-0.622514009475708
7141250048.0,-0.603792130947113
7142187520.0,-0.5826107859611511
7143124992.0,-0.5615529417991638
7144062464.0,-0.4266660809516907
7144999936.0,-0.4243376553058624
7145937408.0,-0.42177140712738037
7146874880.0,-0.4189075231552124
7147812352.0,-0.4150252938270569
7148749824.0,-0.412807822227478
7149687296.0,-0.40965622663497925
7150624768.0,-0.40823474526405334
7151562752.0,-0.40650442242622375
7152500224.0,-0.40636318922042847
7153437696.0,-0.4069528579711914
7154375168.0,-0.4081094563007355
7155312640.0,-0.41034913063049316
7156250112.0,-0.41519078612327576
7157187584.0,-0.4211542010307312
7158125056.0,-0.4287048578262329
7159062528.0,-0.437938928604126
7160000000.0,-0.44581735134124756
7160937472.0,-0.4540371298789978
7161874944.0,-0.4622379243373871
7162812416.0,-0.4704914689064026
7163749888.0,-0.4804554283618927
7164687360.0,-0.492176353931427
7165624832.0,-0.5019181370735168
7166562304.0,-0.5123525261878967
7167499776.0,-0.5229688882827759
7168437248.0,-0.5320863127708435
7169375232.0,-0.5410539507865906
7170312704.0,-0.549321174621582
7171250176.0,-0.5564044117927551
7172187648.0,-0.5635690093040466
7173125120.0,-0.5694670081138611
7174062592.0,-0.5725646018981934
7175000064.0,-0.5760237574577332
7175937536.0,-0.577196478843689
7176875008.0,-0.5758787393569946
7177812480.0,-0.5737074613571167
7178749952.0,-0.5705733895301819
7179687424.0,-0.5657137036323547
7180624896.0,-0.5585594773292542
7181562368.0,-0.5500497817993164
7182499840.0,-0.5415304899215698
7183437312.0,-0.5312641263008118
7184374784.0,-0.5193539261817932
7185312256.0,-0.5041504502296448
7186250240.0,-0.487905889749527
7187187712.0,-0.4699297249317169
7188125184.0,-0.45219069719314575
7189062656.0,-0.4333990812301636
7190000128.0,-0.41329923272132874
7190937600.0,-0.39547720551490784
7191875072.0,-0.3761364221572876
7192812544.0,-0.356468141078949
7193750016.0,-0.3378371298313141
7194687488.0,-0.3196116089820862
7195624960.0,-0.301806777715683
7196562432.0,-0.28623780608177185
7197499904.0,-0.2694584131240845
7198437376.0,-0.2551051378250122
7199374848.0,-0.24260717630386353
7200312320.0,-0.23137688636779785
7201249792.0,-0.22409765422344208
7202187264.0,-0.21700845658779144
7203125248.0,-0.21251435577869415
7204062720.0,-0.3151824474334717
7205000192.0,-0.32772451639175415
7205937664.0,-0.34365683794021606
7206875136.0,-0.3614705502986908
7207812608.0,-0.38197359442710876
7208750080.0,-0.40404990315437317
7209687552.0,-0.43061670660972595
7210625024.0,-0.4575057625770569
7211562496.0,-0.4897039234638214
7212499968.0,-0.5212107300758362
7213437440.0,-0.5547126531600952
7214374912.0,-0.5892927646636963
7215312384.0,-0.6237511038780212
7216249856.0,-0.6583260893821716
7217187328.0,-0.6918360590934753
7218124800.0,-0.7249284982681274
7219062272.0,-0.7554333209991455
7219999744.0,-0.786310076713562
7220937728.0,-0.8131542205810547
7221875200.0,-0.8383010029792786
7222812672.0,-0.8591251373291016
7223750144.0,-0.8758447170257568
7224687616.0,-0.8875694870948792
7225625088.0,-0.8961408138275146
7226562560.0,-0.8999550342559814
7227500032.0,-0.8987444043159485
7228437504.0,-0.8934766054153442
7229374976.0,-0.8827642202377319
7230312448.0,-0.8694196343421936
7231249920.0,-0.8518599271774292
7232187392.0,-0.8285190463066101
7233124864.0,-0.8020075559616089
7234062336.0,-0.7724707722663879
7234999808.0,-0.740631639957428
7235937280.0,-0.7048043608665466
7236874752.0,-0.6694375872612
7237812736.0,-0.6311935186386108
7238750208.0,-0.5916966795921326
7239687680.0,-0.5508047938346863
7240625152.0,-0.5100467205047607
7241562624.0,-0.46707049012184143
7242500096.0,-0.4244941174983978
7243437568.0,-0.3817133903503418
7244375040.0,-0.339485764503479
7245312512.0,-0.2980896830558777
7246249984.0,-0.2566417157649994
7247187456.0,-0.21794268488883972
7248124928.0,-0.17943795025348663
7249062400.0,-0.14432993531227112
7249999872.0,-0.11085382103919983
7250937344.0,-0.08019213378429413
7251874816.0,-0.0539679229259491
7252812288.0,-0.02935890480875969
7253749760.0,-0.009451311081647873
7254687744.0,0.006562239024788141
7255625216.0,0.018907994031906128
7256562688.0,0.02767128311097622
7257500160.0,0.031544532626867294
7258437632.0,0.03201868012547493
7259375104.0,0.02941410057246685
7260312576.0,0.01998068392276764
7261250048.0,0.007012036629021168
7262187520.0,-0.009374434128403664
7263124992.0,-0.03105575032532215
7264062464.0,-0.3066689074039459
7264999936.0,-0.3024207651615143
7265937408.0,-0.3018692135810852
7266874880.0,-0.3021954596042633
7267812352.0,-0.30546700954437256
7268749824.0,-0.3105980157852173
7269687296.0,-0.3195042014122009
7270624768.0,-0.32932278513908386
7271562752.0,-0.3420126438140869
7272500224.0,-0.35612910985946655
7273437696.0,-0.3711791932582855
7274375168.0,-0.3881021738052368
7275312640.0,-0.4043903350830078
7276250112.0,-0.42204540967941284
7277187584.0,-0.4375554323196411
7278125056.0,-0.45371150970458984
7279062528.0,-0.4683355689048767
7280000000.0,-0.4831055998802185
7280937472.0,-0.49576684832572937
7281874944.0,-0.5076684355735779
7282812416.0,-0.5159344673156738
7283749888.0,-0.523643434047699
7284687360.0,-0.5294596552848816
7285624832.0,-0.5327008962631226
7286562304.0,-0.5326303243637085
7287499776.0,-0.5343544483184814
7288437248.0,-0.5347608923912048
7289375232.0,-0.533107578754425
7290312704.0,-0.5287393927574158
7291250176.0,-0.5213887691497803
7292187648.0,-0.5121443271636963
7293125120.0,-0.5019738078117371
7294062592.0,-0.48871931433677673
7295000064.0,-0.4744914472103119
7295937536.0,-0.45876607298851013
7296875008.0,-0.44167661666870117
7297812480.0,-0.42469915747642517
7298749952.0,-0.40714484453201294
7299687424.0,-0.38878333568573
7300624896.0,-0.3709929287433624
7301562368.0,-0.3520094156265259
7302499840.0,-0.33504781126976013
7303437312.0,-0.31793779134750366
7304374784.0,-0.3022907078266144
7305312256.0,-0.2872171103954315
7306250240.0,-0.2748182713985443
7307187712.0,-0.2636655271053314
7308125184.0,-0.25274205207824707
7309062656.0,-0.24323976039886475
7310000128.0,-0.2342691868543625
7310937600.0,-0.22825103998184204
7311875072.0,-0.22276565432548523
7312812544.0,-0.21854723989963531
7313750016.0,-0.21737976372241974
7314687488.0,-0.2163817584514618
7315624960.0,-0.2163264900445938
7316562432.0,-0.2149229198694229
7317499904.0,-0.21424411237239838
7318437376.0,-0.21237686276435852
7319374848.0,-0.2106902003288269
7320312320.0,-0.20775039494037628
7321249792.0,-0.2028288096189499
7322187264.0,-0.19592875242233276
7323125248.0,-0.18717004358768463
7324062720.0,-0.33099639415740967
7325000192.0,-0.31041669845581055
7325937664.0,-0.2880473732948303
7326875136.0,-0.26278582215309143
7327812608.0,-0.23522864282131195
7328750080.0,-0.20830519497394562
7329687552.0,-0.18054039776325226
7330625024.0,-0.15415652096271515
7331562496.0,-0.12901243567466736
7332499968.0,-0.10436665266752243
7333437440.0,-0.08318846672773361
7334374912.0,-0.06499817967414856
7335312384.0,-0.05247886851429939
7336249856.0,-0.04189126566052437
7337187328.0,-0.037982027977705
7338124800.0,-0.03729836642742157
7339062272.0,-0.03969244286417961
7340000256.0,-0.04690713807940483
7340937728.0,-0.057655688375234604
7341875200.0,-0.07344603538513184
7342812672.0,-0.09206804633140564
7343750144.0,-0.11488979309797287
7344687616.0,-0.13977113366127014
7345625088.0,-0.16640543937683105
7346562560.0,-0.19344408810138702
7347500032.0,-0.2193593531847
7348437504.0,-0.24453572928905487
7349374976.0,-0.26714199781417847
7350312448.0,-0.2863341271877289
7351249920.0,-0.3024734556674957
7352187392.0,-0.3146322965621948
7353124864.0,-0.32139965891838074
7354062336.0,-0.32485827803611755
7354999808.0,-0.3224589228630066
7355937280.0,-0.31573188304901123
7356874752.0,-0.30297306180000305
7357812736.0,-0.28642696142196655
7358750208.0,-0.2659035921096802
7359687680.0,-0.24107792973518372
7360625152.0,-0.21449120342731476
7361562624.0,-0.18504060804843903
7362500096.0,-0.15465010702610016
7363437568.0,-0.12255219370126724
7364375040.0,-0.08758368343114853
7365312512.0,-0.05407847464084625
7366249984.0,-0.02274513989686966
7367187456.0,0.006153141614049673
7368124928.0,0.03146553039550781
7369062400.0,0.0534965842962265
7369999872.0,0.06996995955705643
7370937344.0,0.08331047743558884
7371874816.0,0.09311871975660324
7372812288.0,0.10041150450706482
7373749760.0,0.10501276701688766
7374687744.0,0.10834497958421707
7375625216.0,0.11078843474388123
7376562688.0,0.11175253242254257
7377500160.0,0.11052236706018448
7378437632.0,0.10917381197214127
7379375104.0,0.10638858377933502
7380312576.0,0.10313194990158081
7381250048.0,0.09668785333633423
7382187520.0,0.08875317126512527
7383124992.0,0.08034544438123703
7384062464.0,-0.22704024612903595
7384999936.0,-0.2431003898382187
7385937408.0,-0.2610115110874176
7386874880.0,-0.27826768159866333
7387812352.0,-0.2948572039604187
7388749824.0,-0.3099711239337921
7389687296.0,-0.3248133361339569
7390624768.0,-0.3357902467250824
7391562752.0,-0.3449222445487976
7392500224.0,-0.3520333170890808
7393437696.0,-0.35463854670524597
7394375168.0,-0.35554176568984985
7395312640.0,-0.35254406929016113
7396250112.0,-0.3459204137325287
7397187584.0,-0.33518847823143005
7398125056.0,-0.32130908966064453
7399062528.0,-0.303612619638443
7400000000.0,-0.28252366185188293
7400937472.0,-0.25790783762931824
7401874944.0,-0.23044800758361816
7402812416.0,-0.20061929523944855
7403749888.0,-0.16950275003910065
7404687360.0,-0.13643878698349
7405624832.0,-0.101830393075943
7406562304.0,-0.06621129810810089
7407499776.0,-0.030338771641254425
7408437248.0,0.006696452386677265
7409375232.0,0.043590247631073
7410312704.0,0.07853034883737564
7411250176.0,0.11416057497262955
7412187648.0,0.14599397778511047
7413125120.0,0.17715972661972046
7414062592.0,0.2061302363872528
7415000064.0,0.23210886120796204
7415937536.0,0.2552761435508728
7416875008.0,0.2752358317375183
7417812480.0,0.2921172082424164
7418749952.0,0.3054724335670471
7419687424.0,0.31544578075408936
7420624896.0,0.321410208940506
7421562368.0,0.3231338560581207
7422499840.0,0.32150599360466003
7423437312.0,0.3160706162452698
7424374784.0,0.30839449167251587
7425312256.0,0.2957749664783478
7426250240.0,0.2810964286327362
7427187712.0,0.26253369450569153
7428125184.0,0.24111998081207275
7429062656.0,0.2167966663837433
7430000128.0,0.1902410387992859
7430937600.0,0.1630028933286667
7431875072.0,0.13257847726345062
7432812544.0,0.10404049605131149
7433750016.0,0.07221497595310211
7434687488.0,0.04071221873164177
7435624960.0,0.007917572744190693
7436562432.0,-0.02456163801252842
7437499904.0,-0.055500831454992294
7438437376.0,-0.08576635271310806
7439374848.0,-0.11534837633371353
7440312320.0,-0.14472709596157074
7441249792.0,-0.17425183951854706
7442187264.0,-0.20007111132144928
7443125248.0,-0.22528396546840668
7444062720.0,0.023050328716635704
7445000192.0,0.00832324381917715
7445937664.0,-0.007340887561440468
7446875136.0,-0.02458937279880047
7447812608.0,-0.04138851538300514
7448750080.0,-0.05716453120112419
7449687552.0,-0.07369939982891083
7450625024.0,-0.08794180303812027
7451562496.0,-0.10263995826244354
7452499968.0,-0.11637545377016068
7453437440.0,-0.12597301602363586
7454374912.0,-0.13455668091773987
7455312384.0,-0.14221958816051483
7456249856.0,-0.14615516364574432
7457187328.0,-0.14842642843723297
7458124800.0,-0.14893659949302673
7459062272.0,-0.14631517231464386
7459999744.0,-0.141654834151268
7460937728.0,-0.13656385242938995
7461875200.0,-0.12724405527114868
7462812672.0,-0.11893463879823685
7463750144.0,-0.10857073217630386
7464687616.0,-0.09729547053575516
7465625088.0,-0.08692517876625061
7466562560.0,-0.07894320040941238
7467500032.0,-0.07082298398017883
7468437504.0,-0.062196068465709686
7469374976.0,-0.05446625500917435
7470312448.0,-0.047322675585746765
7471249920.0,-0.040971510112285614
7472187392.0,-0.0358133427798748
7473124864.0,-0.032737452536821365
7474062336.0,-0.03060545027256012
7474999808.0,-0.029817193746566772
7475937280.0,-0.031130904331803322
7476874752.0,-0.03416437655687332
7477812736.0,-0.03827816620469093
7478750208.0,-0.043445371091365814
7479687680.0,-0.05012477561831474
7480625152.0,-0.05930427834391594
7481562624.0,-0.06885596364736557
7482500096.0,-0.07868639379739761
7483437568.0,-0.0900261253118515
7484375040.0,-0.10189797729253769
7485312512.0,-0.11319132894277573
7486249984.0,-0.12519067525863647
7487187456.0,-0.13640901446342468
7488124928.0,-0.14760376513004303
7489062400.0,-0.15821336209774017
7489999872.0,-0.16659404337406158
7490937344.0,-0.17430321872234344
7491874816.0,-0.17918390035629272
7492812288.0,-0.18214090168476105
7493749760.0,-0.18423567712306976
7494687744.0,-0.18274417519569397
7495625216.0,-0.1803050935268402
7496562688.0,-0.1756124347448349
7497500160.0,-0.16967721283435822
7498437632.0,-0.16244898736476898
7499375104.0,-0.15440432727336884
7500312576.0,-0.14502134919166565
7501250048.0,-0.1353147327899933
7502187520.0,-0.12430309504270554
7503124992.0,-0.11415554583072662
7504062464.0,-0.10087691247463226
7504999936.0,-0.07524600625038147
7505937408.0,-0.051693230867385864
7506874880.0,-0.033093005418777466
7507812352.0,-0.016516102477908134
7508749824.0,-0.003917969297617674
7509687296.0,0.004080903250724077
7510624768.0,0.008975549601018429
7511562752.0,0.010555100627243519
7512500224.0,0.006524048745632172
7513437696.0,-0.000351385329850018
7514375168.0,-0.010985254310071468
7515312640.0,-0.02385041117668152
7516250112.0,-0.03760084509849548
7517187584.0,-0.05206095054745674
7518125056.0,-0.06569007784128189
7519062528.0,-0.08052320033311844
7520000000.0,-0.09694381058216095
7520937472.0,-0.10994557291269302
7521874944.0,-0.12397352606058121
7522812416.0,-0.1361207515001297
7523749888.0,-0.14489015936851501
7524687360.0,-0.15273530781269073
7525624832.0,-0.15841169655323029
7526562304.0,-0.16019925475120544
7527499776.0,-0.15866222977638245
7528437248.0,-0.15492433309555054
7529375232.0,-0.14728422462940216
7530312704.0,-0.1398681104183197
7531250176.0,-0.12786945700645447
7532187648.0,-0.11646492034196854
7533125120.0,-0.10233976691961288
7534062592.0,-0.08830522000789642
7535000064.0,-0.07347220927476883
7535937536.0,-0.060287315398454666
7536875008.0,-0.04699738696217537
7537812480.0,-0.03572652488946915
7538749952.0,-0.026062240824103355
7539687424.0,-0.01946108229458332
7540624896.0,-0.016789404675364494
7541562368.0,-0.015910500660538673
7542499840.0,-0.020354073494672775
7543437312.0,-0.027327748015522957
7544374784.0,-0.038207463920116425
7545312256.0,-0.05295213311910629
7546250240.0,-0.07361553609371185
7547187712.0,-0.09560904651880264
7548125184.0,-0.120976023375988
7549062656.0,-0.14922842383384705
7550000128.0,-0.1789499968290329
7550937600.0,-0.2086564600467682
7551875072.0,-0.23839417099952698
7552812544.0,-0.2679295837879181
7553750016.0,-0.29354289174079895
7554687488.0,-0.3169592320919037
7555624960.0,-0.3373900353908539
7556562432.0,-0.35536184906959534
7557499904.0,-0.37195631861686707
7558437376.0,-0.387346476316452
7559374848.0,-0.400583416223526
7560312320.0,-0.4144801199436188
7561249792.0,-0.4267173707485199
7562187264.0,-0.4391267001628876
7563125248.0,-0.45099642872810364
7564062720.0,-0.4536043703556061
7565000192.0,-0.440145343542099
7565937664.0,-0.42238011956214905
7566875136.0,-0.40604013204574585
7567812608.0,-0.3839123249053955
7568750080.0,-0.3597971200942993
7569687552.0,-0.3353234827518463
7570625024.0,-0.30847227573394775
7571562496.0,-0.28129810094833374
7572499968.0,-0.2543092370033264
7573437440.0,-0.2250526249408722
7574374912.0,-0.19704891741275787
7575312384.0,-0.16752173006534576
7576249856.0,-0.13910694420337677
7577187328.0,-0.11225929111242294
7578124800.0,-0.08707191050052643
7579062272.0,-0.06309580057859421
7580000256.0,-0.04015656188130379
7580937728.0,-0.018715083599090576
7581875200.0,0.0007462194771505892
7582812672.0,0.017248667776584625
7583750144.0,0.033398814499378204
7584687616.0,0.04560605064034462
7585625088.0,0.055650219321250916
7586562560.0,0.06399662047624588
7587500032.0,0.06932028383016586
7588437504.0,0.0714150220155716
7589374976.0,0.07197411358356476
7590312448.0,0.06930828839540482
7591249920.0,0.06463563442230225
7592187392.0,0.05812060460448265
7593124864.0,0.0507902167737484
7594062336.0,0.04202193021774292
7594999808.0,0.03118925169110298
7595937280.0,0.019071295857429504
7596874752.0,0.00554326456040144
7597812736.0,-0.008944771252572536
7598750208.0,-0.02546124905347824
7599687680.0,-0.04256521910429001
7600625152.0,-0.05995572358369827
7601562624.0,-0.07715592533349991
7602500096.0,-0.09596890956163406
7603437568.0,-0.11336597800254822
7604375040.0,-0.1305946409702301
7605312512.0,-0.14822697639465332
7606249984.0,-0.16402916610240936
7607187456.0,-0.17892219126224518
7608124928.0,-0.19338080286979675
7609062400.0,-0.20773284137248993
7609999872.0,-0.21865656971931458
7610937344.0,-0.23049117624759674
7611874816.0,-0.23902586102485657
7612812288.0,-0.24679139256477356
7613749760.0,-0.2538556456565857
7614687744.0,-0.2584468424320221
7615625216.0,-0.2647691071033478
7616562688.0,-0.26674196124076843
7617500160.0,-0.268110066652298
7618437632.0,-0.27117857336997986
7619375104.0,-0.2762622833251953
7620312576.0,-0.27954089641571045
7621250048.0,-0.2833220660686493
7622187520.0,-0.2871616780757904
7623124992.0,-0.2893868684768677
7624062464.0,-0.2874888777732849
7624999936.0,-0.2938791811466217
7625937408.0,-0.2980353832244873
7626874880.0,-0.3003716766834259
7627812352.0,-0.2999156415462494
7628749824.0,-0.29743441939353943
7629687296.0,-0.2948877811431885
7630624768.0,-0.2881458103656769
7631562752.0,-0.2815675437450409
7632500224.0,-0.2721192240715027
7633437696.0,-0.2629376947879791
7634375168.0,-0.2510717511177063
7635312640.0,-0.2401658147573471
7636250112.0,-0.2278628945350647
7637187584.0,-0.21525172889232635
7638125056.0,-0.20148800313472748
7639062528.0,-0.18876872956752777
7640000000.0,-0.17669156193733215
7640937472.0,-0.16477732360363007
7641874944.0,-0.15437330305576324
7642812416.0,-0.143394336104393
7643749888.0,-0.13543285429477692
7644687360.0,-0.12981723248958588
7645624832.0,-0.1250019073486328
7646562304.0,-0.12187973409891129
7647499776.0,-0.12025702744722366
7648437248.0,-0.12023899704217911
7649375232.0,-0.1216738373041153
7650312704.0,-0.12331970781087875
7651250176.0,-0.12630343437194824
7652187648.0,-0.1301746517419815
7653125120.0,-0.13507196307182312
7654062592.0,-0.14090803265571594
7655000064.0,-0.14721152186393738
7655937536.0,-0.15569348633289337
7656875008.0,-0.16300977766513824
7657812480.0,-0.17183156311511993
7658749952.0,-0.18083913624286652
7659687424.0,-0.18876168131828308
7660624896.0,-0.1978706270456314
7661562368.0,-0.20573431253433228
7662499840.0,-0.21328748762607574
7663437312.0,-0.2213817536830902
7664374784.0,-0.22701895236968994
7665312256.0,-0.23421043157577515
7666250240.0,-0.23896872997283936
7667187712.0,-0.2440762221813202
7668125184.0,-0.2472209483385086
7669062656.0,-0.25026994943618774
7670000128.0,-0.2516193389892578
7670937600.0,-0.251745343208313
7671875072.0,-0.25011107325553894
7672812544.0,-0.24700994789600372
7673750016.0,-0.24430400133132935
7674687488.0,-0.23846794664859772
7675624960.0,-0.23230455815792084
7676562432.0,-0.22719819843769073
7677499904.0,-0.22045333683490753
7678437376.0,-0.21078024804592133
7679374848.0,-0.20279540121555328
7680312320.0,-0.19379949569702148
7681249792.0,-0.18443699181079865
7682187264.0,-0.17502181231975555
7683125248.0,-0.16454768180847168
7684062720.0,0.0680122971534729
7685000192.0,0.08250132203102112
7685937664.0,0.09345600008964539
7686875136.0,0.10280131548643112
7687812608.0,0.10827703773975372
7688750080.0,0.11317403614521027
7689687552.0,0.11293745785951614
7690625024.0,0.11319880187511444
7691562496.0,0.1080131009221077
7692499968.0,0.1023733988404274
7693437440.0,0.0932113453745842
7694374912.0,0.08155901730060577
7695312384.0,0.06742651015520096
7696249856.0,0.050950247794389725
7697187328.0,0.03252771869301796
7698124800.0,0.011970962397754192
7699062272.0,-0.011202337220311165
7699999744.0,-0.035221025347709656
7700937728.0,-0.05939149856567383
7701875200.0,-0.08278240263462067
7702812672.0,-0.10740718245506287
7703750144.0,-0.13137075304985046
7704687616.0,-0.1547347903251648
7705625088.0,-0.17795805633068085
7706562560.0,-0.19961416721343994
7707500032.0,-0.21823057532310486
7708437504.0,-0.23688405752182007
7709374976.0,-0.2534233033657074
7710312448.0,-0.26799440383911133
7711249920.0,-0.2816086709499359
7712187392.0,-0.29311618208885193
7713124864.0,-0.30329665541648865
7714062336.0,-0.3108275234699249
7714999808.0,-0.317168265581131
7715937280.0,-0.3213231563568115
7716874752.0,-0.3238140046596527
7717812736.0,-0.3253666162490845
7718750208.0,-0.3238093852996826
7719687680.0,-0.32278701663017273
7720625152.0,-0.3175490200519562
7721562624.0,-0.31258121132850647
7722500096.0,-0.30611610412597656
7723437568.0,-0.2995123863220215
7724375040.0,-0.29278039932250977
7725312512.0,-0.28428810834884644
7726249984.0,-0.2761460542678833
7727187456.0,-0.2683369517326355
7728124928.0,-0.26207441091537476
7729062400.0,-0.2541061043739319
7729999872.0,-0.2486448884010315
7730937344.0,-0.2424653023481369
7731874816.0,-0.23607727885246277
7732812288.0,-0.2301924228668213
7733749760.0,-0.22433723509311676
7734687744.0,-0.21989409625530243
7735625216.0,-0.2163589745759964
7736562688.0,-0.21461956202983856
7737500160.0,-0.21220020949840546
7738437632.0,-0.21037237346172333
7739375104.0,-0.2115660309791565
7740312576.0,-0.21132396161556244
7741250048.0,-0.2125491499900818
7742187520.0,-0.2161496877670288
7743124992.0,-0.21974022686481476
7744062464.0,-0.19954915344715118
7744999936.0,-0.1642628312110901
7745937408.0,-0.12370660901069641
7746874880.0,-0.08288025110960007
7747812352.0,-0.043530095368623734
7748749824.0,-0.0048363665118813515
7749687296.0,0.032911356538534164
7750624768.0,0.0667361468076706
7751562752.0,0.09845329076051712
7752500224.0,0.1271657794713974
7753437696.0,0.15300710499286652
7754375168.0,0.17483803629875183
7755312640.0,0.19416499137878418
7756250112.0,0.20831814408302307
7757187584.0,0.2202502191066742
7758125056.0,0.22815518081188202
7759062528.0,0.23360826075077057
7760000000.0,0.23364032804965973
7760937472.0,0.23241059482097626
7761874944.0,0.22691646218299866
7762812416.0,0.21920260787010193
7763749888.0,0.2086549699306488
7764687360.0,0.19591286778450012
7765624832.0,0.18159739673137665
7766562304.0,0.16600239276885986
7767499776.0,0.14760921895503998
7768437248.0,0.12775619328022003
7769375232.0,0.10868309438228607
7770312704.0,0.08730737864971161
7771250176.0,0.06691615283489227
7772187648.0,0.04779386892914772
7773125120.0,0.02697482705116272
7774062592.0,0.007062335964292288
7775000064.0,-0.013143045827746391
7775937536.0,-0.03337298706173897
7776875008.0,-0.05251593887805939
7777812480.0,-0.0705341026186943
7778749952.0,-0.08912801742553711
7779687424.0,-0.10630539059638977
7780624896.0,-0.12265883386135101
7781562368.0,-0.13810381293296814
7782499840.0,-0.15259824693202972
7783437312.0,-0.16608648002147675
7784374784.0,-0.17869234085083008
7785312256.0,-0.19035671651363373
7786250240.0,-0.20121948421001434
7787187712.0,-0.2117648422718048
7788125184.0,-0.22017431259155273
7789062656.0,-0.22947940230369568
7790000128.0,-0.23780781030654907
7790937600.0,-0.24495068192481995
7791875072.0,-0.25215786695480347
7792812544.0,-0.25741463899612427
7793750016.0,-0.26288914680480957
7794687488.0,-0.26747414469718933
7795624960.0,-0.2709881067276001
7796562432.0,-0.276316374540329
7797499904.0,-0.28262823820114136
7798437376.0,-0.2874637246131897
7799374848.0,-0.29214057326316833
7800312320.0,-0.2955329120159149
7801249792.0,-0.29684382677078247
7802187264.0,-0.2969467043876648
7803125248.0,-0.2955104410648346
7804062720.0,-0.27759870886802673
7805000192.0,-0.2686675190925598
7805937664.0,-0.2594636082649231
7806875136.0,-0.24837395548820496
7807812608.0,-0.23656390607357025
7808750080.0,-0.22350525856018066
7809687552.0,-0.2095828801393509
7810625024.0,-0.19548317790031433
7811562496.0,-0.1805507093667984
7812499968.0,-0.1657271385192871
7813437440.0,-0.149881049990654
7814374912.0,-0.1345885545015335
7815312384.0,-0.11744245141744614
7816249856.0,-0.1018320843577385
7817187328.0,-0.08487945795059204
7818124800.0,-0.06795495748519897
7819062272.0,-0.05255775898694992
7820000256.0,-0.03631874918937683
7820937728.0,-0.02130720019340515
7821875200.0,-0.005318378563970327
7822812672.0,0.00408363388851285
7823750144.0,0.014587140642106533
7824687616.0,0.024549828842282295
7825625088.0,0.03405996784567833
7826562560.0,0.04211302474141121
7827500032.0,0.05055819824337959
7828437504.0,0.056524597108364105
7829374976.0,0.06223852187395096
7830312448.0,0.0671088844537735
7831249920.0,0.07249277830123901
7832187392.0,0.0753948986530304
7833124864.0,0.07939328253269196
7834062336.0,0.08127006888389587
7834999808.0,0.0836925283074379
7835937280.0,0.08580014109611511
7836874752.0,0.08644433319568634
7837812736.0,0.08801470696926117
7838750208.0,0.08846262842416763
7839687680.0,0.08845186978578568
7840625152.0,0.08982263505458832
7841562624.0,0.08897887170314789
7842500096.0,0.08965762704610825
7843437568.0,0.08937665820121765
7844375040.0,0.08829072117805481
7845312512.0,0.08850744366645813
7846249984.0,0.08648601174354553
7847187456.0,0.08511123806238174
7848124928.0,0.08071041852235794
7849062400.0,0.07684140652418137
7849999872.0,0.07248864322900772
7850937344.0,0.06637238711118698
7851874816.0,0.061552900820970535
7852812288.0,0.054296933114528656
7853749760.0,0.048025451600551605
7854687744.0,0.040646377950906754
7855625216.0,0.03303450345993042
7856562688.0,0.023085996508598328
7857500160.0,0.014455227181315422
7858437632.0,0.004535979591310024
7859375104.0,-0.005696190055459738
7860312576.0,-0.015407424420118332
7861250048.0,-0.026692239567637444
7862187520.0,-0.037411078810691833
7863124992.0,-0.0487857423722744
7864062464.0,0.049782101064920425
7864999936.0,0.040714360773563385
7865937408.0,0.03242706507444382
7866874880.0,0.023680977523326874
7867812352.0,0.0175078846514225
7868749824.0,0.010328435339033604
7869687296.0,0.005691758822649717
7870624768.0,0.0009907811181619763
7871562752.0,-0.004297303967177868
7872500224.0,-0.008623173460364342
7873437696.0,-0.015867676585912704
7874375168.0,-0.022596918046474457
7875312640.0,-0.030106060206890106
7876250112.0,-0.03567909449338913
7877187584.0,-0.04416041821241379
7878125056.0,-0.05088551715016365
7879062528.0,-0.058443475514650345
7880000000.0,-0.06977427005767822
7880937472.0,-0.08039326220750809
7881874944.0,-0.0920504555106163
7882812416.0,-0.10459760576486588
7883749888.0,-0.11845041066408157
7884687360.0,-0.13501228392124176
7885624832.0,-0.15218208730220795
7886562304.0,-0.1709466576576233
7887499776.0,-0.19056354463100433
7888437248.0,-0.21232706308364868
7889375232.0,-0.23507870733737946
7890312704.0,-0.25914421677589417
7891250176.0,-0.2841942012310028
7892187648.0,-0.3090699017047882
7893125120.0,-0.3355000615119934
7894062592.0,-0.35984769463539124
7895000064.0,-0.38524317741394043
7895937536.0,-0.40822017192840576
7896875008.0,-0.4315923750400543
7897812480.0,-0.4514535665512085
7898749952.0,-0.4692455530166626
7899687424.0,-0.48476773500442505
7900624896.0,-0.49772360920906067
7901562368.0,-0.507315993309021
7902499840.0,-0.5155563354492188
7903437312.0,-0.5204646587371826
7904374784.0,-0.5214764475822449
7905312256.0,-0.521104633808136
7906250240.0,-0.5158121585845947
7907187712.0,-0.5087686777114868
7908125184.0,-0.49834099411964417
7909062656.0,-0.4869690537452698
7910000128.0,-0.4703999161720276
7910937600.0,-0.45133358240127563
7911875072.0,-0.4308200478553772
7912812544.0,-0.4086417853832245
7913750016.0,-0.38367003202438354
7914687488.0,-0.3568744957447052
7915624960.0,-0.32940873503685
7916562432.0,-0.3003126084804535
7917499904.0,-0.27043983340263367
7918437376.0,-0.23989301919937134
7919374848.0,-0.2088630199432373
7920312320.0,-0.17986507713794708
7921249792.0,-0.1477300226688385
7922187264.0,-0.11936306208372116
7923125248.0,-0.0905890241265297
7924062720.0,0.05795921012759209
7925000192.0,0.08023286610841751
7925937664.0,0.10020694136619568
7926875136.0,0.1179027184844017
7927812608.0,0.13379529118537903
7928750080.0,0.14626391232013702
7929687552.0,0.15597210824489594
7930625024.0,0.16451671719551086
7931562496.0,0.16897548735141754
7932499968.0,0.17180447280406952
7933437440.0,0.17193597555160522
7934374912.0,0.1696569174528122
7935312384.0,0.1659536361694336
7936249856.0,0.15931619703769684
7937187328.0,0.151053786277771
7938124800.0,0.14127624034881592
7939062272.0,0.12971282005310059
7939999744.0,0.11616957932710648
7940937728.0,0.10154873877763748
7941875200.0,0.08459686487913132
7942812672.0,0.06821886450052261
7943750144.0,0.04965547099709511
7944687616.0,0.029528675600886345
7945625088.0,0.00917317159473896
7946562560.0,-0.011118922382593155
7947500032.0,-0.03524446114897728
7948437504.0,-0.05706622451543808
7949374976.0,-0.07910317927598953
7950312448.0,-0.09958641976118088
7951249920.0,-0.12133285403251648
7952187392.0,-0.14314638078212738
7953124864.0,-0.1649831384420395
7954062336.0,-0.18751578032970428
7954999808.0,-0.2095218449831009
7955937280.0,-0.23103870451450348
7956874752.0,-0.2525535821914673
7957812736.0,-0.2750958800315857
7958750208.0,-0.29633787274360657
7959687680.0,-0.31857115030288696
7960625152.0,-0.338066041469574
7961562624.0,-0.3581564724445343
7962500096.0,-0.3770173192024231
7963437568.0,-0.39657485485076904
7964375040.0,-0.41372787952423096
7965312512.0,-0.4303989112377167
7966249984.0,-0.4456314146518707
7967187456.0,-0.4595256745815277
7968124928.0,-0.4730268716812134
7969062400.0,-0.48490551114082336
7969999872.0,-0.4954805076122284
7970937344.0,-0.5044958591461182
7971874816.0,-0.5112442374229431
7972812288.0,-0.516250491142273
7973749760.0,-0.5192471146583557
7974687744.0,-0.5194295048713684
7975625216.0,-0.5200490355491638
7976562688.0,-0.5166263580322266
7977500160.0,-0.5110011100769043
7978437632.0,-0.5045201182365417
7979375104.0,-0.49402323365211487
7980312576.0,-0.48315665125846863
7981250048.0,-0.4684160649776459
7982187520.0,-0.451796293258667
7983124992.0,-0.4341385066509247
7984062464.0,-0.4121432304382324
7984999936.0,-0.397756963968277
7985937408.0,-0.38177719712257385
7986874880.0,-0.3650129437446594
7987812352.0,-0.3483692705631256
7988749824.0,-0.32846570014953613
7989687296.0,-0.30993178486824036
7990624768.0,-0.28859958052635193
7991562752.0,-0.2676404118537903
7992500224.0,-0.24724754691123962
7993437696.0,-0.22749727964401245
7994375168.0,-0.20593799650669098
7995312640.0,-0.18407027423381805
7996250112.0,-0.16376034915447235
7997187584.0,-0.14413177967071533
7998125056.0,-0.12590797245502472
7999062528.0,-0.10670722275972366
8000000000.0,-0.0874815285205841
