Frequency (Hz),Measurement
2000000000.0,0.1555296629667282
2000937472.0,0.14929638803005219
2001874944.0,0.14402611553668976
2002812544.0,0.1393342912197113
2003750016.0,0.13550889492034912
2004687488.0,0.1299864500761032
2005624960.0,0.12463908642530441
2006562560.0,0.11863553524017334
2007500032.0,0.11271785944700241
2008437504.0,0.10650108009576797
2009374976.0,0.10129206627607346
2010312448.0,0.09408586472272873
2011250048.0,0.08799470961093903
2012187520.0,0.08132214844226837
2013124992.0,0.07473838329315186
2014062464.0,0.06866919994354248
2015000064.0,0.062343332916498184
2015937536.0,0.05617119371891022
2016875008.0,0.04978156462311745
2017812480.0,0.04327518492937088
2018749952.0,0.038111258298158646
2019687552.0,0.033267322927713394
2020625024.0,0.028085069730877876
2021562496.0,0.02354154922068119
2022499968.0,0.019779114052653313
2023437440.0,0.016478801146149635
2024375040.0,0.014369644224643707
2025312512.0,0.012110941112041473
2026249984.0,0.012236928567290306
2027187456.0,0.011454674415290356
2028125056.0,0.012309454381465912
2029062528.0,0.013676364906132221
2030000000.0,0.015543167479336262
2030937472.0,0.01905781775712967
2031874944.0,0.02355787344276905
2032812544.0,0.0278884656727314
2033750016.0,0.033501122146844864
2034687488.0,0.04010677710175514
2035624960.0,0.04780831187963486
2036562560.0,0.05537867918610573
2037500032.0,0.06380706280469894
2038437504.0,0.07212813943624496
2039374976.0,0.08031578361988068
2040312448.0,0.08899674564599991
2041250048.0,0.09823334217071533
2042187520.0,0.10656531155109406
2043124992.0,0.11495577543973923
2044062464.0,0.12266792356967926
2044999936.0,0.1292456090450287
2045937536.0,0.1356257051229477
2046875008.0,0.14131708443164825
2047812480.0,0.14561419188976288
2048749952.0,0.15544439852237701
2049687552.0,0.15119311213493347
2050625024.0,0.14628596603870392
2051562496.0,0.1399136185646057
2052499968.0,0.13402757048606873
2053437440.0,0.12764552235603333
2054375040.0,0.12044146656990051
2055312512.0,0.11317221820354462
2056249984.0,0.1060466542840004
2057187456.0,0.09853002429008484
2058125056.0,0.09119657427072525
2059062528.0,0.0847947970032692
2060000000.0,0.07732228934764862
2060937472.0,0.07100501656532288
2061874944.0,0.06385215371847153
2062812544.0,0.05825948342680931
2063750016.0,0.051800038665533066
2064687488.0,0.04589344188570976
2065624960.0,0.04069558531045914
2066562560.0,0.037243105471134186
2067500032.0,0.03319617733359337
2068437504.0,0.028017984703183174
2069374976.0,0.024085810407996178
2070312448.0,0.02005149982869625
2071250048.0,0.017287161201238632
2072187520.0,0.013577325269579887
2073124992.0,0.01178565714508295
2074062464.0,0.008715949952602386
2075000064.0,0.007183740846812725
2075937536.0,0.004756428766995668
2076875008.0,0.003074066713452339
2077812480.0,0.003425092902034521
2078749952.0,0.0022273496724665165
2079687552.0,0.0030119840521365404
2080625024.0,0.0025772564113140106
2081562496.0,0.0034553937148302794
2082499968.0,0.00503159873187542
2083437440.0,0.006112382281571627
2084375040.0,0.008584881201386452
2085312512.0,0.0115274703130126
2086249984.0,0.014430887997150421
2087187456.0,0.018107475712895393
2088125056.0,0.022366387769579887
2089062528.0,0.027192676439881325
2090000000.0,0.032145630568265915
2090937472.0,0.0390218049287796
2091874944.0,0.04617251455783844
2092812544.0,0.0533188134431839
2093750016.0,0.06182097643613815
2094687488.0,0.06979235261678696
2095624960.0,0.07841271907091141
2096562560.0,0.08855657279491425
2097500032.0,0.09875140339136124
2098437504.0,0.11055389046669006
2099374976.0,0.12201371043920517
2100312448.0,0.13400238752365112
2101250048.0,0.14540621638298035
2102187520.0,0.1590557098388672
2103124992.0,0.1726590394973755
2104062464.0,0.1855810433626175
2104999936.0,0.19909779727458954
2105937536.0,0.21205824613571167
2106875008.0,0.224956214427948
2107812480.0,0.23698799312114716
2108749952.0,0.27675431966781616
2109687552.0,0.2837579846382141
2110625024.0,0.2913703918457031
2111562496.0,0.2986103296279907
2112499968.0,0.3037623465061188
2113437440.0,0.3085888624191284
2114375040.0,0.31064948439598083
2115312512.0,0.31144657731056213
2116249984.0,0.30988845229148865
2117187456.0,0.30609938502311707
2118125056.0,0.29895085096359253
2119062528.0,0.29004523158073425
2120000000.0,0.27691778540611267
2120937472.0,0.2611219882965088
2121874944.0,0.24321185052394867
2122812544.0,0.22217349708080292
2123750016.0,0.19893430173397064
2124687488.0,0.17478592693805695
2125624960.0,0.14849340915679932
2126562560.0,0.12196163833141327
2127500032.0,0.09449368715286255
2128437504.0,0.06801784038543701
2129374976.0,0.04147087037563324
2130312448.0,0.015493336133658886
2131250048.0,-0.00755465030670166
2132187520.0,-0.029081331565976143
2133124992.0,-0.04898442327976227
2134062464.0,-0.06627223640680313
2135000064.0,-0.08018956333398819
2135937536.0,-0.09204865992069244
2136875008.0,-0.10087708383798599
2137812480.0,-0.106374092400074
2138749952.0,-0.10976172983646393
2139687552.0,-0.10933830589056015
2140625024.0,-0.10704059898853302
2141562496.0,-0.1018587201833725
2142499968.0,-0.0949232280254364
2143437440.0,-0.08556695282459259
2144375040.0,-0.07479730993509293
2145312512.0,-0.06270928680896759
2146249984.0,-0.049139562994241714
2147187456.0,-0.0348043330013752
2148124928.0,-0.019877277314662933
2149062400.0,-0.006349838804453611
2150000128.0,0.010045507922768593
2150937600.0,0.02394193783402443
2151875072.0,0.039124175906181335
2152812544.0,0.053277429193258286
2153750016.0,0.06689111143350601
2154687488.0,0.07970887422561646
2155624960.0,0.09145447611808777
2156562432.0,0.10214976966381073
2157499904.0,0.11325274407863617
2158437376.0,0.12288979440927505
2159375104.0,0.13285455107688904
2160312576.0,0.14208164811134338
2161250048.0,0.15160784125328064
2162187520.0,0.15930020809173584
2163124992.0,0.167244553565979
2164062464.0,0.175755113363266
2164999936.0,0.18370531499385834
2165937408.0,0.19084715843200684
2166874880.0,0.19879759848117828
2167812608.0,0.20675379037857056
2168750080.0,0.23044206202030182
2169687552.0,0.24125035107135773
2170625024.0,0.2517281472682953
2171562496.0,0.2618735730648041
2172499968.0,0.2713000774383545
2173437440.0,0.28014859557151794
2174374912.0,0.2893044352531433
2175312384.0,0.2962603271007538
2176250112.0,0.30176985263824463
2177187584.0,0.3062964975833893
2178125056.0,0.3091103434562683
2179062528.0,0.310159832239151
2180000000.0,0.30882877111434937
2180937472.0,0.30649542808532715
2181874944.0,0.3018563687801361
2182812416.0,0.295770525932312
2183749888.0,0.2862750291824341
2184687616.0,0.27553585171699524
2185625088.0,0.26345744729042053
2186562560.0,0.24872301518917084
2187500032.0,0.23292206227779388
2188437504.0,0.2147912234067917
2189374976.0,0.19705958664417267
2190312448.0,0.17780426144599915
2191249920.0,0.15792548656463623
2192187392.0,0.13789506256580353
2193125120.0,0.11604175716638565
2194062592.0,0.09609993547201157
2195000064.0,0.07556679844856262
2195937536.0,0.05528382584452629
2196875008.0,0.03694977983832359
2197812480.0,0.019443616271018982
2198749952.0,0.003705967916175723
2199687424.0,-0.010842707008123398
2200624896.0,-0.023551493883132935
2201562624.0,-0.03342851996421814
2202500096.0,-0.04139631614089012
2203437568.0,-0.04744139686226845
2204375040.0,-0.05056869983673096
2205312512.0,-0.05238115414977074
2206249984.0,-0.05042014643549919
2207187456.0,-0.04765987768769264
2208124928.0,-0.04219808802008629
2209062400.0,-0.03461120277643204
2209999872.0,-0.025395499542355537
2210937600.0,-0.014376855455338955
2211875072.0,-0.0025250723119825125
2212812544.0,0.012167295441031456
2213750016.0,0.02722908928990364
2214687488.0,0.042975351214408875
2215624960.0,0.06092081218957901
2216562432.0,0.07809159904718399
2217499904.0,0.09571369737386703
2218437376.0,0.11375317722558975
2219375104.0,0.13063731789588928
2220312576.0,0.14793336391448975
2221250048.0,0.16380548477172852
2222187520.0,0.17890992760658264
2223124992.0,0.19331850111484528
2224062464.0,0.2059132605791092
2224999936.0,0.21728867292404175
2225937408.0,0.22766394913196564
2226874880.0,0.23605670034885406
2227812608.0,0.24304375052452087
2228750080.0,0.21452660858631134
2229687552.0,0.22015602886676788
2230625024.0,0.22468213737010956
2231562496.0,0.22782836854457855
2232499968.0,0.22933252155780792
2233437440.0,0.23023726046085358
2234374912.0,0.22811093926429749
2235312384.0,0.22480244934558868
2236250112.0,0.2184053361415863
2237187584.0,0.2110171765089035
2238125056.0,0.20096652209758759
2239062528.0,0.1897890865802765
2240000000.0,0.17516684532165527
2240937472.0,0.16048578917980194
2241874944.0,0.142287015914917
2242812416.0,0.12415264546871185
2243749888.0,0.10412535071372986
2244687616.0,0.0830962210893631
2245625088.0,0.0625343918800354
2246562560.0,0.04100334271788597
2247500032.0,0.020559126511216164
2248437504.0,-0.00014469701272901148
2249374976.0,-0.019410716369748116
2250312448.0,-0.038447294384241104
2251249920.0,-0.054589007049798965
2252187392.0,-0.06980524212121964
2253125120.0,-0.08282705396413803
2254062592.0,-0.09444411098957062
2255000064.0,-0.10283933579921722
2255937536.0,-0.10988829284906387
2256875008.0,-0.11340469866991043
2257812480.0,-0.1146254688501358
2258749952.0,-0.11377117782831192
2259687424.0,-0.10948623716831207
2260624896.0,-0.10363710671663284
2261562624.0,-0.09585126489400864
2262500096.0,-0.08546768128871918
2263437568.0,-0.07353191822767258
2264375040.0,-0.06049227714538574
2265312512.0,-0.04615594074130058
2266249984.0,-0.031019963324069977
2267187456.0,-0.014228897169232368
2268124928.0,0.002196158515289426
2269062400.0,0.02018994465470314
2270000128.0,0.03662659227848053
2270937600.0,0.054844923317432404
2271875072.0,0.07268626242876053
2272812544.0,0.08981674164533615
2273750016.0,0.10671678185462952
2274687488.0,0.12291165441274643
2275624960.0,0.13798104226589203
2276562432.0,0.15194687247276306
2277499904.0,0.1657954901456833
2278437376.0,0.1794552206993103
2279375104.0,0.19045235216617584
2280312576.0,0.2007392793893814
2281250048.0,0.21082672476768494
2282187520.0,0.21991407871246338
2283124992.0,0.2267661839723587
2284062464.0,0.23385386168956757
2284999936.0,0.24022725224494934
2285937408.0,0.24510060250759125
2286874880.0,0.2497393637895584
2287812608.0,0.2536066472530365
2288750080.0,0.2653491795063019
2289687552.0,0.27444660663604736
2290625024.0,0.2821522653102875
2291562496.0,0.29037466645240784
2292499968.0,0.2986115515232086
2293437440.0,0.30551791191101074
2294374912.0,0.3129825294017792
2295312384.0,0.318585067987442
2296250112.0,0.32432517409324646
2297187584.0,0.327652245759964
2298125056.0,0.3304974138736725
2299062528.0,0.3299003541469574
2300000000.0,0.3290906846523285
2300937472.0,0.3255879878997803
2301874944.0,0.3183305263519287
2302812416.0,0.3096683621406555
2303749888.0,0.2990410327911377
2304687616.0,0.2851705551147461
2305625088.0,0.26922348141670227
2306562560.0,0.24945008754730225
2307500032.0,0.22868406772613525
2308437504.0,0.20538128912448883
2309374976.0,0.1794160008430481
2310312448.0,0.1525031477212906
2311249920.0,0.12466411292552948
2312187392.0,0.09531529992818832
2313125120.0,0.06614921241998672
2314062592.0,0.036744777113199234
2315000064.0,0.007380428723990917
2315937536.0,-0.02093621715903282
2316875008.0,-0.0454464927315712
2317812480.0,-0.06971858441829681
2318749952.0,-0.09167931973934174
2319687424.0,-0.11142534762620926
2320624896.0,-0.12843045592308044
2321562624.0,-0.14309586584568024
2322500096.0,-0.15694788098335266
2323437568.0,-0.16687025129795074
2324375040.0,-0.17621761560440063
2325312512.0,-0.18231382966041565
2326249984.0,-0.1871047019958496
2327187456.0,-0.18900984525680542
2328124928.0,-0.19007085263729095
2329062400.0,-0.18903152644634247
2329999872.0,-0.18611279129981995
2330937600.0,-0.1822448968887329
2331875072.0,-0.1763671189546585
2332812544.0,-0.1688295155763626
2333750016.0,-0.1599646955728531
2334687488.0,-0.14909689128398895
2335624960.0,-0.13746961951255798
2336562432.0,-0.12364525347948074
2337499904.0,-0.10740415751934052
2338437376.0,-0.09040795266628265
2339375104.0,-0.07146424055099487
2340312576.0,-0.05100645497441292
2341250048.0,-0.02903962880373001
2342187520.0,-0.005797655787318945
2343124992.0,0.017986629158258438
2344062464.0,0.04328911006450653
2344999936.0,0.06873953342437744
2345937408.0,0.09549851715564728
2346874880.0,0.12239223718643188
2347812608.0,0.14827314019203186
2348750080.0,0.20299354195594788
2349687552.0,0.21824398636817932
2350625024.0,0.23124481737613678
2351562496.0,0.2413097620010376
2352499968.0,0.24726538360118866
2353437440.0,0.2510761618614197
2354374912.0,0.2507183849811554
2355312384.0,0.2467958629131317
2356250112.0,0.23939715325832367
2357187584.0,0.22817254066467285
2358125056.0,0.21498540043830872
2359062528.0,0.19770720601081848
2360000000.0,0.1785033643245697
2360937472.0,0.15643231570720673
2361874944.0,0.13328173756599426
2362812416.0,0.10696304589509964
2363749888.0,0.08009468764066696
2364687616.0,0.05210550129413605
2365625088.0,0.02352934703230858
2366562560.0,-0.004476169124245644
2367500032.0,-0.033001504838466644
2368437504.0,-0.060300592333078384
2369374976.0,-0.0875324085354805
2370312448.0,-0.11345472931861877
2371249920.0,-0.13801191747188568
2372187392.0,-0.15980978310108185
2373125120.0,-0.1798965483903885
2374062592.0,-0.19788727164268494
2375000064.0,-0.21314144134521484
2375937536.0,-0.2254675179719925
2376875008.0,-0.23411335051059723
2377812480.0,-0.24090053141117096
2378749952.0,-0.24471166729927063
2379687424.0,-0.24700979888439178
2380624896.0,-0.24496865272521973
2381562624.0,-0.24056527018547058
2382500096.0,-0.23482462763786316
2383437568.0,-0.22618018090724945
2384375040.0,-0.2152032107114792
2385312512.0,-0.20308555662631989
2386249984.0,-0.1895166039466858
2387187456.0,-0.17353303730487823
2388124928.0,-0.15793247520923615
2389062400.0,-0.14105495810508728
2390000128.0,-0.12416858971118927
2390937600.0,-0.10708170384168625
2391875072.0,-0.08993428945541382
2392812544.0,-0.07445662468671799
2393750016.0,-0.05806815251708031
2394687488.0,-0.044110991060733795
2395624960.0,-0.03026270680129528
2396562432.0,-0.018130749464035034
2397499904.0,-0.006664067041128874
2398437376.0,0.004213480278849602
2399375104.0,0.013104507699608803
2400312576.0,0.02100144512951374
2401250048.0,0.02673509158194065
2402187520.0,0.03114422596991062
2403124992.0,0.03570297360420227
2404062464.0,0.03766453266143799
2404999936.0,0.03905872255563736
2405937408.0,0.038975782692432404
2406874880.0,0.037998877465724945
2407812608.0,0.034982193261384964
2408750080.0,0.03126698359847069
2409687552.0,0.03673258796334267
2410625024.0,0.03967379778623581
2411562496.0,0.0409003309905529
2412499968.0,0.039509981870651245
2413437440.0,0.034976743161678314
2414374912.0,0.029929645359516144
2415312384.0,0.022667881101369858
2416250112.0,0.012205826118588448
2417187584.0,-2.290405609528534e-05
2418125056.0,-0.013905603438615799
2419062528.0,-0.029286056756973267
2420000000.0,-0.048086050897836685
2420937472.0,-0.06620106101036072
2421874944.0,-0.08656004071235657
2422812416.0,-0.10700254887342453
2423749888.0,-0.1287747025489807
2424687616.0,-0.15068906545639038
2425625088.0,-0.17220109701156616
2426562560.0,-0.1937873512506485
2427500032.0,-0.2166721522808075
2428437504.0,-0.23714615404605865
2429374976.0,-0.25788092613220215
2430312448.0,-0.2780965566635132
2431249920.0,-0.2960250675678253
2432187392.0,-0.3127821087837219
2433125120.0,-0.3307477533817291
2434062592.0,-0.34569060802459717
2435000064.0,-0.36011195182800293
2435937536.0,-0.37323808670043945
2436875008.0,-0.3848308324813843
2437812480.0,-0.3947054445743561
2438749952.0,-0.40336066484451294
2439687424.0,-0.411422461271286
2440624896.0,-0.4169817864894867
2441562624.0,-0.4221571087837219
2442500096.0,-0.42401179671287537
2443437568.0,-0.42656099796295166
2444375040.0,-0.42703187465667725
2445312512.0,-0.42584261298179626
2446249984.0,-0.423840194940567
2447187456.0,-0.42023512721061707
2448124928.0,-0.4164506793022156
2449062400.0,-0.4108678102493286
2449999872.0,-0.4061826467514038
2450937600.0,-0.3990953266620636
2451875072.0,-0.3925201892852783
2452812544.0,-0.3855236768722534
2453750016.0,-0.3789348304271698
2454687488.0,-0.372187077999115
2455624960.0,-0.3671141266822815
2456562432.0,-0.3601858615875244
2457499904.0,-0.3547971248626709
2458437376.0,-0.3484574556350708
2459375104.0,-0.3446137309074402
2460312576.0,-0.34024983644485474
2461250048.0,-0.33736515045166016
2462187520.0,-0.336839497089386
2463124992.0,-0.3366047739982605
2464062464.0,-0.3385493755340576
2464999936.0,-0.33995506167411804
2465937408.0,-0.3446648418903351
2466874880.0,-0.3512149751186371
2467812608.0,-0.3588518798351288
2468750080.0,-0.44700977206230164
2469687552.0,-0.4685311019420624
2470625024.0,-0.49140819907188416
2471562496.0,-0.5173963308334351
2472499968.0,-0.5474497675895691
2473437440.0,-0.5802031755447388
2474374912.0,-0.6168835163116455
2475312384.0,-0.6567074656486511
2476250112.0,-0.6988590955734253
2477187584.0,-0.7461299896240234
2478125056.0,-0.7963449358940125
2479062528.0,-0.8505866527557373
2480000000.0,-0.9071317315101624
2480937472.0,-0.9676641821861267
2481874944.0,-1.0291765928268433
2482812416.0,-1.0947669744491577
2483749888.0,-1.1636073589324951
2484687616.0,-1.2362546920776367
2485625088.0,-1.3123193979263306
2486562560.0,-1.3913495540618896
2487500032.0,-1.4742552042007446
2488437504.0,-1.5596016645431519
2489374976.0,-1.6488289833068848
2490312448.0,-1.7407195568084717
2491249920.0,-1.8379251956939697
2492187392.0,-1.9395430088043213
2493125120.0,-2.0458006858825684
2494062592.0,-2.1578257083892822
2495000064.0,-2.2752768993377686
2495937536.0,-2.3980987071990967
2496875008.0,-2.5265040397644043
2497812480.0,-2.6641550064086914
2498749952.0,-2.8087141513824463
2499687424.0,-2.9623196125030518
2500624896.0,-3.126254081726074
2501562624.0,-3.3012280464172363
2502500096.0,-3.4895639419555664
2503437568.0,-3.6885669231414795
2504375040.0,-3.9019980430603027
2505312512.0,-4.13223123550415
2506249984.0,-4.379713535308838
2507187456.0,-4.646518707275391
2508124928.0,-4.933570384979248
2509062400.0,-5.239672660827637
2510000128.0,-5.563366413116455
2510937600.0,-5.901386737823486
2511875072.0,-6.2463226318359375
2512812544.0,-6.595740795135498
2513750016.0,-6.935163497924805
2514687488.0,-7.253396034240723
2515624960.0,-7.5342254638671875
2516562432.0,-7.765252113342285
2517499904.0,-7.926962852478027
2518437376.0,-8.006986618041992
2519375104.0,-7.99973726272583
2520312576.0,-7.901828765869141
2521250048.0,-7.72007942199707
2522187520.0,-7.462462425231934
2523124992.0,-7.142026424407959
2524062464.0,-6.783532619476318
2524999936.0,-6.398487567901611
2525937408.0,-6.00070858001709
2526874880.0,-5.604576110839844
2527812608.0,-5.2165608406066895
2528750080.0,-4.841801643371582
2529687552.0,-4.494368553161621
2530625024.0,-4.170785427093506
2531562496.0,-3.863286256790161
2532499968.0,-3.576876640319824
2533437440.0,-3.3116986751556396
2534374912.0,-3.0642056465148926
2535312384.0,-2.837582588195801
2536250112.0,-2.6308276653289795
2537187584.0,-2.443392753601074
2538125056.0,-2.271354913711548
2539062528.0,-2.1159775257110596
2540000000.0,-1.9741051197052002
2540937472.0,-1.8447558879852295
2541874944.0,-1.7291183471679688
2542812416.0,-1.621498465538025
2543749888.0,-1.5263817310333252
2544687616.0,-1.4399558305740356
2545625088.0,-1.362593412399292
2546562560.0,-1.2924400568008423
2547500032.0,-1.2294961214065552
2548437504.0,-1.1727913618087769
2549374976.0,-1.1207929849624634
2550312448.0,-1.0757194757461548
2551249920.0,-1.0342451333999634
2552187392.0,-0.9975086450576782
2553125120.0,-0.9642513394355774
2554062592.0,-0.9350050091743469
2555000064.0,-0.9087137579917908
2555937536.0,-0.8837413787841797
2556875008.0,-0.861196756362915
2557812480.0,-0.840035080909729
2558749952.0,-0.819454550743103
2559687424.0,-0.8004352450370789
2560624896.0,-0.7809393405914307
2561562624.0,-0.7635963559150696
2562500096.0,-0.7442404627799988
2563437568.0,-0.7256219387054443
2564375040.0,-0.7070593237876892
2565312512.0,-0.6878424286842346
2566249984.0,-0.6679261326789856
2567187456.0,-0.6465415358543396
2568124928.0,-0.6257174015045166
2569062400.0,-0.6032431721687317
2569999872.0,-0.5794422030448914
2570937600.0,-0.5552913546562195
2571875072.0,-0.5294626951217651
2572812544.0,-0.5028154253959656
2573750016.0,-0.4753873646259308
2574687488.0,-0.4484502375125885
2575624960.0,-0.41902852058410645
2576562432.0,-0.3884986639022827
2577499904.0,-0.35833489894866943
2578437376.0,-0.32827022671699524
2579375104.0,-0.2972407042980194
2580312576.0,-0.26594287157058716
2581250048.0,-0.23633143305778503
2582187520.0,-0.207182377576828
2583124992.0,-0.17765872180461884
2584062464.0,-0.14903712272644043
2584999936.0,-0.12135674804449081
2585937408.0,-0.09531538188457489
2586874880.0,-0.07024972140789032
2587812608.0,-0.0475609116256237
2588750080.0,-0.02262413501739502
2589687552.0,-0.008459357544779778
2590625024.0,0.004118658136576414
2591562496.0,0.015085495077073574
2592499968.0,0.023869281634688377
2593437440.0,0.0296309944242239
2594374912.0,0.035082798451185226
2595312384.0,0.03770125284790993
2596250112.0,0.0384712778031826
2597187584.0,0.037576980888843536
2598125056.0,0.0340469665825367
2599062528.0,0.029390579089522362
2600000000.0,0.023035986348986626
2600937472.0,0.016326189041137695
2601874944.0,0.007138920947909355
2602812416.0,-0.0028836780693382025
2603749888.0,-0.014242076314985752
2604687616.0,-0.026317648589611053
2605625088.0,-0.03826562687754631
2606562560.0,-0.050725020468235016
2607500032.0,-0.06403231620788574
2608437504.0,-0.07857462763786316
2609374976.0,-0.09311706572771072
2610312448.0,-0.10568085312843323
2611249920.0,-0.11902125179767609
2612187392.0,-0.1316520869731903
2613125120.0,-0.14407362043857574
2614062592.0,-0.15498390793800354
2615000064.0,-0.16610634326934814
2615937536.0,-0.17586271464824677
2616875008.0,-0.18425779044628143
2617812480.0,-0.19178073108196259
2618749952.0,-0.19801919162273407
2619687424.0,-0.2038867324590683
2620624896.0,-0.20703528821468353
2621562624.0,-0.20950128138065338
2622500096.0,-0.21012914180755615
2623437568.0,-0.21018992364406586
2624375040.0,-0.20770281553268433
2625312512.0,-0.2028392106294632
2626249984.0,-0.19892698526382446
2627187456.0,-0.19116947054862976
2628124928.0,-0.1831979900598526
2629062400.0,-0.17339830100536346
2630000128.0,-0.162674218416214
2630937600.0,-0.14993219077587128
2631875072.0,-0.1357271522283554
2632812544.0,-0.12148614972829819
2633750016.0,-0.1050281673669815
2634687488.0,-0.08952527493238449
2635624960.0,-0.0701870396733284
2636562432.0,-0.05292264372110367
2637499904.0,-0.034504979848861694
2638437376.0,-0.016464881598949432
2639375104.0,0.003301477525383234
2640312576.0,0.02128094807267189
2641250048.0,0.03955566883087158
2642187520.0,0.059364672750234604
2643124992.0,0.07750900089740753
2644062464.0,0.09460018575191498
2644999936.0,0.1116497740149498
2645937408.0,0.12695330381393433
2646874880.0,0.14168815314769745
2647812608.0,0.16642050445079803
2648750080.0,0.18010938167572021
2649687552.0,0.19200453162193298
2650625024.0,0.20245692133903503
2651562496.0,0.2097400724887848
2652499968.0,0.21427679061889648
2653437440.0,0.21816042065620422
2654374912.0,0.21777594089508057
2655312384.0,0.21615053713321686
2656250112.0,0.211625337600708
2657187584.0,0.20356979966163635
2658125056.0,0.19511839747428894
2659062528.0,0.18279430270195007
2660000000.0,0.16955451667308807
2660937472.0,0.15395544469356537
2661874944.0,0.13761533796787262
2662812416.0,0.11886826157569885
2663749888.0,0.09908974915742874
2664687616.0,0.07976583391427994
2665625088.0,0.05888381227850914
2666562560.0,0.03767362982034683
2667500032.0,0.016863945871591568
2668437504.0,-0.004531949758529663
2669374976.0,-0.024187294766306877
2670312448.0,-0.043393731117248535
2671249920.0,-0.0627199038863182
2672187392.0,-0.08039971441030502
2673125120.0,-0.09627801924943924
2674062592.0,-0.11149387061595917
2675000064.0,-0.12484011054039001
2675937536.0,-0.1361180692911148
2676875008.0,-0.14545993506908417
2677812480.0,-0.1533663421869278
2678749952.0,-0.15922464430332184
2679687424.0,-0.1627732217311859
2680624896.0,-0.1639304757118225
2681562624.0,-0.16326460242271423
2682500096.0,-0.16156785190105438
2683437568.0,-0.15537287294864655
2684375040.0,-0.14790140092372894
2685312512.0,-0.13926193118095398
2686249984.0,-0.12828020751476288
2687187456.0,-0.1166456937789917
2688124928.0,-0.10211139917373657
2689062400.0,-0.08701936900615692
2689999872.0,-0.07082927227020264
2690937600.0,-0.052466463297605515
2691875072.0,-0.035358212888240814
2692812544.0,-0.016142429783940315
2693750016.0,0.001311317435465753
2694687488.0,0.0195925273001194
2695624960.0,0.03906526044011116
2696562432.0,0.05986800789833069
2697499904.0,0.07653607428073883
2698437376.0,0.09476816654205322
2699375104.0,0.11272766441106796
2700312576.0,0.12807618081569672
2701250048.0,0.14446061849594116
2702187520.0,0.15786772966384888
2703124992.0,0.17130351066589355
2704062464.0,0.1836720108985901
2704999936.0,0.19414469599723816
2705937408.0,0.20339401066303253
2706874880.0,0.2113467901945114
2707812608.0,0.2296353429555893
2708750080.0,0.23395222425460815
2709687552.0,0.2367287278175354
2710625024.0,0.23885363340377808
2711562496.0,0.23747892677783966
2712499968.0,0.2372371405363083
2713437440.0,0.23457853496074677
2714374912.0,0.23081578314304352
2715312384.0,0.22613553702831268
2716250112.0,0.21982015669345856
2717187584.0,0.2115294486284256
2718125056.0,0.20339232683181763
2719062528.0,0.19192743301391602
2720000000.0,0.18001693487167358
2720937472.0,0.16780999302864075
2721874944.0,0.15299129486083984
2722812416.0,0.13849897682666779
2723749888.0,0.12112320959568024
2724687616.0,0.1035117506980896
2725625088.0,0.08571411669254303
2726562560.0,0.06711569428443909
2727500032.0,0.04676647111773491
2728437504.0,0.02680410072207451
2729374976.0,0.006176169496029615
2730312448.0,-0.013660941272974014
2731249920.0,-0.0345420204102993
2732187392.0,-0.053837139159440994
2733125120.0,-0.07280776649713516
2734062592.0,-0.09219007194042206
2735000064.0,-0.10877010971307755
2735937536.0,-0.1254453957080841
2736875008.0,-0.14121182262897491
2737812480.0,-0.15436699986457825
2738749952.0,-0.16649726033210754
2739687424.0,-0.1753254532814026
2740624896.0,-0.18346938490867615
2741562624.0,-0.18936385214328766
2742500096.0,-0.19189035892486572
2743437568.0,-0.19329509139060974
2744375040.0,-0.19127823412418365
2745312512.0,-0.18803782761096954
2746249984.0,-0.1813446283340454
2747187456.0,-0.17347244918346405
2748124928.0,-0.16166527569293976
2749062400.0,-0.14899329841136932
2750000128.0,-0.13384747505187988
2750937600.0,-0.11700684577226639
2751875072.0,-0.09868521988391876
2752812544.0,-0.07857705652713776
2753750016.0,-0.05615886673331261
2754687488.0,-0.034618135541677475
2755624960.0,-0.011626767925918102
2756562432.0,0.011669192463159561
2757499904.0,0.03557749465107918
2758437376.0,0.05884848162531853
2759375104.0,0.08046089112758636
2760312576.0,0.10376253724098206
2761250048.0,0.1239265576004982
2762187520.0,0.14285746216773987
2763124992.0,0.16201841831207275
2764062464.0,0.1779206246137619
2764999936.0,0.19296641647815704
2765937408.0,0.20552754402160645
2766874880.0,0.21532641351222992
2767812608.0,0.2569223940372467
2768750080.0,0.26066768169403076
2769687552.0,0.26211485266685486
2770625024.0,0.2627740502357483
2771562496.0,0.2616681158542633
2772499968.0,0.2580442428588867
2773437440.0,0.2530413866043091
2774374912.0,0.24729277193546295
2775312384.0,0.23964552581310272
2776250112.0,0.2303723841905594
2777187584.0,0.21992874145507812
2778125056.0,0.20845958590507507
2779062528.0,0.19641734659671783
2780000000.0,0.183308407664299
2780937472.0,0.16942547261714935
2781874944.0,0.15521240234375
2782812416.0,0.14039140939712524
2783749888.0,0.12445780634880066
2784687616.0,0.10919750481843948
2785625088.0,0.09395454078912735
2786562560.0,0.0783703550696373
2787500032.0,0.0623636469244957
2788437504.0,0.04664674773812294
2789374976.0,0.03213949874043465
2790312448.0,0.01683676429092884
2791249920.0,0.002680816687643528
2792187392.0,-0.011213180609047413
2793125120.0,-0.02396474964916706
2794062592.0,-0.03611261025071144
2795000064.0,-0.04661985859274864
2795937536.0,-0.057099729776382446
2796875008.0,-0.06604320555925369
2797812480.0,-0.07401342689990997
2798749952.0,-0.08004704862833023
2799687424.0,-0.085033118724823
2800624896.0,-0.08993345499038696
2801562624.0,-0.09137874096632004
2802500096.0,-0.09191852062940598
2803437568.0,-0.09127485752105713
2804375040.0,-0.08839897066354752
2805312512.0,-0.0857558399438858
2806249984.0,-0.08008608222007751
2807187456.0,-0.07399146258831024
2808124928.0,-0.06559654325246811
2809062400.0,-0.05621569603681564
2809999872.0,-0.04502361640334129
2810937600.0,-0.032929420471191406
2811875072.0,-0.020300889387726784
2812812544.0,-0.006060025654733181
2813750016.0,0.009715041145682335
2814687488.0,0.025750242173671722
2815624960.0,0.041998155415058136
2816562432.0,0.05914260447025299
2817499904.0,0.07652405649423599
2818437376.0,0.09338542819023132
2819375104.0,0.11040330678224564
2820312576.0,0.12674017250537872
2821250048.0,0.14280778169631958
2822187520.0,0.15867993235588074
2823124992.0,0.17379115521907806
2824062464.0,0.18628570437431335
2824999936.0,0.1990205943584442
2825937408.0,0.21029870212078094
2826874880.0,0.21921482682228088
2827812608.0,0.2326616495847702
2828750080.0,0.2389936000108719
2829687552.0,0.24174529314041138
2830625024.0,0.2441503256559372
2831562496.0,0.242923766374588
2832499968.0,0.24099747836589813
2833437440.0,0.23636175692081451
2834374912.0,0.23067010939121246
2835312384.0,0.22313791513442993
2836250112.0,0.21370293200016022
2837187584.0,0.20376572012901306
2838125056.0,0.19207938015460968
2839062528.0,0.17877496778964996
2840000000.0,0.1644752323627472
2840937472.0,0.14991310238838196
2841874944.0,0.13388557732105255
2842812416.0,0.11864623427391052
2843749888.0,0.10150153934955597
2844687616.0,0.08480925858020782
2845625088.0,0.06814099848270416
2846562560.0,0.051367614418268204
2847500032.0,0.03487429767847061
2848437504.0,0.01923265866935253
2849374976.0,0.002795041771605611
2850312448.0,-0.012074693106114864
2851249920.0,-0.025810133665800095
2852187392.0,-0.03861234337091446
2853125120.0,-0.050543978810310364
2854062592.0,-0.06148265302181244
2855000064.0,-0.0704345852136612
2855937536.0,-0.07870329171419144
2856875008.0,-0.08564212918281555
2857812480.0,-0.08986824750900269
2858749952.0,-0.09326332062482834
2859687424.0,-0.0948018953204155
2860624896.0,-0.09420961886644363
2861562624.0,-0.09172199666500092
2862500096.0,-0.08956005424261093
2863437568.0,-0.08404015004634857
2864375040.0,-0.07716900110244751
2865312512.0,-0.06966513395309448
2866249984.0,-0.05927037447690964
2867187456.0,-0.04857254400849342
2868124928.0,-0.03753325715661049
2869062400.0,-0.023979417979717255
2870000128.0,-0.010455021634697914
2870937600.0,0.004855218809098005
2871875072.0,0.020525339990854263
2872812544.0,0.035839490592479706
2873750016.0,0.05206233263015747
2874687488.0,0.06901820003986359
2875624960.0,0.0859202891588211
2876562432.0,0.10204263031482697
2877499904.0,0.11847946047782898
2878437376.0,0.133660227060318
2879375104.0,0.14872917532920837
2880312576.0,0.16230258345603943
2881250048.0,0.17736108601093292
2882187520.0,0.18827269971370697
2883124992.0,0.20069222152233124
2884062464.0,0.21082308888435364
2884999936.0,0.22047486901283264
2885937408.0,0.22843754291534424
2886874880.0,0.23511409759521484
2887812608.0,0.21769356727600098
2888750080.0,0.21991488337516785
2889687552.0,0.22174286842346191
2890625024.0,0.22220703959465027
2891562496.0,0.22323110699653625
2892499968.0,0.22183263301849365
2893437440.0,0.22004114091396332
2894374912.0,0.21672987937927246
2895312384.0,0.21135808527469635
2896250112.0,0.20475250482559204
2897187584.0,0.1977173388004303
2898125056.0,0.1892293095588684
2899062528.0,0.1788048893213272
2900000000.0,0.16748279333114624
2900937472.0,0.15423503518104553
2901874944.0,0.1413092315196991
2902812416.0,0.1268816888332367
2903749888.0,0.11078141629695892
2904687616.0,0.09484294056892395
2905625088.0,0.07836499810218811
2906562560.0,0.06144542992115021
2907500032.0,0.04501129314303398
2908437504.0,0.028292905539274216
2909374976.0,0.011754755862057209
2910312448.0,-0.0039770714938640594
2911249920.0,-0.018280107527971268
2912187392.0,-0.03295448049902916
2913125120.0,-0.04530593752861023
2914062592.0,-0.056785520166158676
2915000064.0,-0.06555604189634323
2915937536.0,-0.07321878522634506
2916875008.0,-0.07923652231693268
2917812480.0,-0.08323516696691513
2918749952.0,-0.08441758900880814
2919687424.0,-0.08463297039270401
2920624896.0,-0.08308935910463333
2921562624.0,-0.0782979279756546
2922500096.0,-0.07188186049461365
2923437568.0,-0.0632839947938919
2924375040.0,-0.05224477872252464
2925312512.0,-0.04019377753138542
2926249984.0,-0.025669040158391
2927187456.0,-0.011472957208752632
2928124928.0,0.00531250424683094
2929062400.0,0.021991321817040443
2929999872.0,0.03942197933793068
2930937600.0,0.05757705122232437
2931875072.0,0.07470289617776871
2932812544.0,0.09315259754657745
2933750016.0,0.11032412201166153
2934687488.0,0.12672115862369537
2935624960.0,0.14325177669525146
2936562432.0,0.15782853960990906
2937499904.0,0.1723843812942505
2938437376.0,0.18485531210899353
2939375104.0,0.19555941224098206
2940312576.0,0.2064160406589508
2941250048.0,0.21479186415672302
2942187520.0,0.22196611762046814
2943124992.0,0.22696112096309662
2944062464.0,0.23215709626674652
2944999936.0,0.23575881123542786
2945937408.0,0.23730561137199402
2946874880.0,0.23806127905845642
2947812608.0,0.21680507063865662
2948750080.0,0.21410341560840607
2949687552.0,0.21113994717597961
2950625024.0,0.20658491551876068
2951562496.0,0.20340633392333984
2952499968.0,0.19907455146312714
2953437440.0,0.19477114081382751
2954374912.0,0.190229132771492
2955312384.0,0.1859571635723114
2956250112.0,0.18021143972873688
2957187584.0,0.17499302327632904
2958125056.0,0.1711873710155487
2959062528.0,0.16534291207790375
2960000000.0,0.15991173684597015
2960937472.0,0.15530620515346527
2961874944.0,0.14976461231708527
2962812416.0,0.1445864588022232
2963749888.0,0.13842253386974335
2964687616.0,0.1323533058166504
2965625088.0,0.12630099058151245
2966562560.0,0.11979193240404129
2967500032.0,0.11364027112722397
2968437504.0,0.10671404749155045
2969374976.0,0.10013292729854584
2970312448.0,0.09209682047367096
2971249920.0,0.08541860431432724
2972187392.0,0.07790324836969376
2973125120.0,0.07079755514860153
2974062592.0,0.06321137398481369
2975000064.0,0.055616553872823715
2975937536.0,0.048790983855724335
2976875008.0,0.04250982776284218
2977812480.0,0.03557711839675903
2978749952.0,0.029435794800519943
2979687424.0,0.02416078932583332
2980624896.0,0.019158048555254936
2981562624.0,0.01414446160197258
2982500096.0,0.011026027612388134
2983437568.0,0.007693057414144278
2984375040.0,0.0048838150687515736
2985312512.0,0.0027555839624255896
2986249984.0,0.0015184505609795451
2987187456.0,0.0011447310680523515
2988124928.0,0.0011356748873367906
2989062400.0,0.000689857522957027
2990000128.0,0.002007516799494624
2990937600.0,0.0034831753000617027
2991875072.0,0.005368959158658981
2992812544.0,0.00703709851950407
2993750016.0,0.009532482363283634
2994687488.0,0.012597065418958664
2995624960.0,0.015430430881679058
2996562432.0,0.018357999622821808
2997499904.0,0.02099846489727497
2998437376.0,0.024024978280067444
2999375104.0,0.02622578665614128
3000312576.0,0.03260699287056923
3001250048.0,0.036010969430208206
3002187520.0,0.037733566015958786
3003124992.0,0.04131631553173065
3004062464.0,0.04327068105340004
3004999936.0,0.045890480279922485
3005937408.0,0.04800775274634361
3006874880.0,0.049786344170570374
3007812608.0,0.14173196256160736
3008750080.0,0.13960136473178864
3009687552.0,0.1362520456314087
3010625024.0,0.13342247903347015
3011562496.0,0.12999555468559265
3012499968.0,0.12544219195842743
3013437440.0,0.12150988727807999
3014374912.0,0.1177210733294487
3015312384.0,0.1120113804936409
3016250112.0,0.10683123022317886
3017187584.0,0.10278896987438202
3018125056.0,0.09704615920782089
3019062528.0,0.09111272543668747
3020000000.0,0.08609907329082489
3020937472.0,0.08006793260574341
3021874944.0,0.07465676963329315
3022812416.0,0.0684514194726944
3023749888.0,0.06268399953842163
3024687616.0,0.056447584182024
3025625088.0,0.05082244426012039
3026562560.0,0.045367904007434845
3027500032.0,0.03870008885860443
3028437504.0,0.032531484961509705
3029374976.0,0.02672639489173889
3030312448.0,0.02128739282488823
3031249920.0,0.015173220075666904
3032187392.0,0.009211801923811436
3033125120.0,0.0037905543576925993
3034062592.0,-0.002572072669863701
3035000064.0,-0.008906086906790733
3035937536.0,-0.014822885394096375
3036875008.0,-0.01909494213759899
3037812480.0,-0.024701420217752457
3038749952.0,-0.03003099001944065
3039687424.0,-0.035452134907245636
3040624896.0,-0.04017394036054611
3041562624.0,-0.04506824538111687
3042500096.0,-0.048858050256967545
3043437568.0,-0.05241994559764862
3044375040.0,-0.055836018174886703
3045312512.0,-0.058250974863767624
3046249984.0,-0.06066567823290825
3047187456.0,-0.06237655505537987
3048124928.0,-0.06361309438943863
3049062400.0,-0.06420885771512985
3049999872.0,-0.06396488100290298
3050937600.0,-0.06289412826299667
3051875072.0,-0.061043694615364075
3052812544.0,-0.059629131108522415
3053750016.0,-0.055699095129966736
3054687488.0,-0.052216313779354095
3055624960.0,-0.04607249051332474
3056562432.0,-0.040870919823646545
3057499904.0,-0.034827880561351776
3058437376.0,-0.026349829509854317
3059375104.0,-0.018450893461704254
3060312576.0,-0.009135127998888493
3061250048.0,0.00015875045210123062
3062187520.0,0.011608201079070568
3063124992.0,0.022548798471689224
3064062464.0,0.034633517265319824
3064999936.0,0.04776311293244362
3065937408.0,0.060358136892318726
3066874880.0,0.07381751388311386
3067812608.0,0.13947159051895142
3068750080.0,0.14521175622940063
3069687552.0,0.1497563272714615
3070625024.0,0.15384992957115173
3071562496.0,0.15550148487091064
3072499968.0,0.15619143843650818
3073437440.0,0.15567587316036224
3074374912.0,0.15406446158885956
3075312384.0,0.15023131668567657
3076250112.0,0.14601342380046844
3077187584.0,0.14008887112140656
3078125056.0,0.13396859169006348
3079062528.0,0.12604758143424988
3080000000.0,0.11795269697904587
3080937472.0,0.109287329018116
3081874944.0,0.10029899328947067
3082812416.0,0.08976031839847565
3083749888.0,0.08000334352254868
3084687616.0,0.0706133246421814
3085625088.0,0.06088671088218689
3086562560.0,0.05056433752179146
3087500032.0,0.040792956948280334
3088437504.0,0.031968388706445694
3089374976.0,0.024349534884095192
3090312448.0,0.0161140039563179
3091249920.0,0.009833876974880695
3092187392.0,0.004604012239724398
3093125120.0,-7.019528857199475e-05
3094062592.0,-0.0037833962123841047
3095000064.0,-0.006531223189085722
3095937536.0,-0.0065837730653584
3096875008.0,-0.00808779988437891
3097812480.0,-0.007672226522117853
3098749952.0,-0.006137969437986612
3099687424.0,-0.0027711365837603807
3100624896.0,0.0005743365036323667
3101562624.0,0.00472292909398675
3102500096.0,0.009257284924387932
3103437568.0,0.014736142009496689
3104375040.0,0.020777704194188118
3105312512.0,0.02745494432747364
3106249984.0,0.03489524498581886
3107187456.0,0.04178817570209503
3108124928.0,0.049088507890701294
3109062400.0,0.05633537471294403
3110000128.0,0.0629846453666687
3110937600.0,0.07009618729352951
3111875072.0,0.07704316824674606
3112812544.0,0.08373464643955231
3113750016.0,0.09006556868553162
3114687488.0,0.09618066996335983
3115624960.0,0.10152769088745117
3116562432.0,0.10610982775688171
3117499904.0,0.11148390918970108
3118437376.0,0.1152162030339241
3119375104.0,0.11961695551872253
3120312576.0,0.12235333770513535
3121250048.0,0.12496034801006317
3122187520.0,0.12765733897686005
3123124992.0,0.13087980449199677
3124062464.0,0.13201196491718292
3124999936.0,0.1336488276720047
3125937408.0,0.13588067889213562
3126874880.0,0.13794097304344177
3127812608.0,0.14440912008285522
3128750080.0,0.14306488633155823
3129687552.0,0.14216765761375427
3130625024.0,0.14089086651802063
3131562496.0,0.1394706815481186
3132499968.0,0.1371045559644699
3133437440.0,0.13498012721538544
3134374912.0,0.13202990591526031
3135312384.0,0.12890353798866272
3136250112.0,0.12616980075836182
3137187584.0,0.12365396320819855
3138125056.0,0.12196728587150574
3139062528.0,0.12016656994819641
3140000000.0,0.12060247361660004
3140937472.0,0.12135375291109085
3141874944.0,0.12255682051181793
3142812416.0,0.12671929597854614
3143749888.0,0.13084334135055542
3144687616.0,0.13578450679779053
3145625088.0,0.14246658980846405
3146562560.0,0.14760959148406982
3147500032.0,0.15293815732002258
3148437504.0,0.15813978016376495
3149374976.0,0.16075122356414795
3150312448.0,0.16310980916023254
3151249920.0,0.16124707460403442
3152187392.0,0.15873296558856964
3153125120.0,0.15370877087116241
3154062592.0,0.1466550976037979
3155000064.0,0.13790686428546906
3155937536.0,0.1268630027770996
3156875008.0,0.1149924024939537
3157812480.0,0.1004544273018837
3158749952.0,0.08537948876619339
3159687424.0,0.07127892225980759
3160624896.0,0.05675192549824715
3161562624.0,0.04202186316251755
3162500096.0,0.028201861307024956
3163437568.0,0.01615714654326439
3164375040.0,0.004899895749986172
3165312512.0,-0.004553175996989012
3166249984.0,-0.012174181640148163
3167187456.0,-0.017461474984884262
3168124928.0,-0.02019709348678589
3169062400.0,-0.020921774208545685
3169999872.0,-0.020018653944134712
3170937600.0,-0.01578656956553459
3171875072.0,-0.009469789452850819
3172812544.0,-0.0021076970733702183
3173750016.0,0.008532194420695305
3174687488.0,0.019423633813858032
3175624960.0,0.03213081881403923
3176562432.0,0.04630238935351372
3177499904.0,0.05997990444302559
3178437376.0,0.07574585825204849
3179375104.0,0.09068427979946136
3180312576.0,0.10607486963272095
3181250048.0,0.12080999463796616
3182187520.0,0.13615918159484863
3183124992.0,0.14995647966861725
3184062464.0,0.16452401876449585
3184999936.0,0.1767498105764389
3185937408.0,0.1882186084985733
3186874880.0,0.19964563846588135
3187812608.0,0.16379497945308685
3188750080.0,0.16009041666984558
3189687552.0,0.15483875572681427
3190625024.0,0.14856064319610596
3191562496.0,0.1419416218996048
3192499968.0,0.13610245287418365
3193437440.0,0.129286527633667
3194374912.0,0.12264008074998856
3195312384.0,0.11677131801843643
3196250112.0,0.11116000264883041
3197187584.0,0.10587665438652039
3198125056.0,0.09983234852552414
3199062528.0,0.09599196910858154
3200000000.0,0.09259375184774399
3200937472.0,0.08969855308532715
3201874944.0,0.08727928251028061
3202812416.0,0.08643501996994019
3203749888.0,0.0849248543381691
3204687616.0,0.08454975485801697
3205625088.0,0.0854114517569542
3206562560.0,0.08641812205314636
3207500032.0,0.0881488248705864
3208437504.0,0.09025787562131882
3209374976.0,0.09179729223251343
3210312448.0,0.0937051922082901
3211249920.0,0.09555240720510483
3212187392.0,0.0986122414469719
3213125120.0,0.10049425810575485
3214062592.0,0.10300058126449585
3215000064.0,0.10570257157087326
3215937536.0,0.10692755877971649
3216875008.0,0.10845000296831131
3217812480.0,0.10990319401025772
3218749952.0,0.1118202954530716
3219687424.0,0.11257392168045044
3220624896.0,0.11257471144199371
3221562624.0,0.11171755194664001
3222500096.0,0.1127953752875328
3223437568.0,0.11239485442638397
3224375040.0,0.11268246918916702
3225312512.0,0.11143294721841812
3226249984.0,0.11183930933475494
3227187456.0,0.111465223133564
3228124928.0,0.1118902713060379
3229062400.0,0.11154457181692123
3230000128.0,0.11277491599321365
3230937600.0,0.11386792361736298
3231875072.0,0.11583949625492096
3232812544.0,0.11762455105781555
3233750016.0,0.12015765905380249
3234687488.0,0.12382444739341736
3235624960.0,0.1281541883945465
3236562432.0,0.13174806535243988
3237499904.0,0.13788199424743652
3238437376.0,0.1430717408657074
3239375104.0,0.1493036448955536
3240312576.0,0.1563679575920105
3241250048.0,0.16291579604148865
3242187520.0,0.1700097769498825
3243124992.0,0.1773986965417862
3244062464.0,0.18479366600513458
3244999936.0,0.19191783666610718
3245937408.0,0.1984855979681015
3246874880.0,0.20506621897220612
3247812608.0,0.11466221511363983
3248750080.0,0.10725343227386475
3249687552.0,0.0975281298160553
3250625024.0,0.08884233236312866
3251562496.0,0.07750381529331207
3252499968.0,0.06851290911436081
3253437440.0,0.058868031948804855
3254374912.0,0.05084650591015816
3255312384.0,0.04201817885041237
3256250112.0,0.036401841789484024
3257187584.0,0.03154588118195534
3258125056.0,0.029463546350598335
3259062528.0,0.028684768825769424
3260000000.0,0.030069351196289062
3260937472.0,0.032157108187675476
3261874944.0,0.03523009270429611
3262812416.0,0.038503654301166534
3263749888.0,0.04379413276910782
3264687616.0,0.047442492097616196
3265625088.0,0.05135064572095871
3266562560.0,0.05466185137629509
3267500032.0,0.058422431349754333
3268437504.0,0.061044227331876755
3269374976.0,0.06252137571573257
3270312448.0,0.0640677735209465
3271249920.0,0.06637299060821533
3272187392.0,0.06794960051774979
3273125120.0,0.06935152411460876
3274062592.0,0.07050906121730804
3275000064.0,0.07172872126102448
3275937536.0,0.07248582690954208
3276875008.0,0.07245954871177673
3277812480.0,0.07347916066646576
3278749952.0,0.07348400354385376
3279687424.0,0.07446727156639099
3280624896.0,0.07430783659219742
3281562624.0,0.07466863840818405
3282500096.0,0.0748986229300499
3283437568.0,0.07447267323732376
3284375040.0,0.07538975775241852
3285312512.0,0.07456283271312714
3286249984.0,0.07565417140722275
3287187456.0,0.07529311627149582
3288124928.0,0.07499977201223373
3289062400.0,0.07463988661766052
3289999872.0,0.07379749417304993
3290937600.0,0.07495792210102081
3291875072.0,0.07438841462135315
3292812544.0,0.07606467604637146
3293750016.0,0.07689307630062103
3294687488.0,0.07771920412778854
3295624960.0,0.07942162454128265
3296562432.0,0.08000790327787399
3297499904.0,0.08245746791362762
3298437376.0,0.08490242809057236
3299375104.0,0.08769834041595459
3300312576.0,0.09056534618139267
3301250048.0,0.09485571831464767
3302187520.0,0.09819970279932022
3303124992.0,0.1031731367111206
3304062464.0,0.10787633061408997
3304999936.0,0.11249770224094391
3305937408.0,0.11835559457540512
3306874880.0,0.12409992516040802
3307812608.0,0.13661730289459229
3308750080.0,0.14588327705860138
3309687552.0,0.15369181334972382
3310625024.0,0.1631665825843811
3311562496.0,0.17106102406978607
3312499968.0,0.1795823872089386
3313437440.0,0.18771570920944214
3314374912.0,0.1966887265443802
3315312384.0,0.20347538590431213
3316250112.0,0.210972398519516
3317187584.0,0.21610598266124725
3318125056.0,0.2214534878730774
3319062528.0,0.22638966143131256
3320000000.0,0.229373961687088
3320937472.0,0.2319755107164383
3321874944.0,0.23248107731342316
3322812416.0,0.2334790676832199
3323749888.0,0.23145562410354614
3324687616.0,0.22925135493278503
3325625088.0,0.22546814382076263
3326562560.0,0.22179251909255981
3327500032.0,0.21529100835323334
3328437504.0,0.20841845870018005
3329374976.0,0.20090244710445404
3330312448.0,0.1921413689851761
3331249920.0,0.18275175988674164
3332187392.0,0.17221878468990326
3333125120.0,0.16138358414173126
3334062592.0,0.1494937539100647
3335000064.0,0.1395382434129715
3335937536.0,0.12812581658363342
3336875008.0,0.11715737730264664
3337812480.0,0.10584791749715805
3338749952.0,0.09596715867519379
3339687424.0,0.08541204780340195
3340624896.0,0.07499341666698456
3341562624.0,0.06676599383354187
3342500096.0,0.05761851742863655
3343437568.0,0.05046823248267174
3344375040.0,0.043305233120918274
3345312512.0,0.03798690438270569
3346249984.0,0.03363237529993057
3347187456.0,0.031121958047151566
3348124928.0,0.02855791710317135
3349062400.0,0.028125911951065063
3350000128.0,0.02790600061416626
3350937600.0,0.02949792705476284
3351875072.0,0.03200296312570572
3352812544.0,0.035668957978487015
3353750016.0,0.041171178221702576
3354687488.0,0.04666350409388542
3355624960.0,0.05267271772027016
3356562432.0,0.060784999281167984
3357499904.0,0.06840287894010544
3358437376.0,0.0778077021241188
3359375104.0,0.08663344383239746
3360312576.0,0.09603264927864075
3361250048.0,0.10496789216995239
3362187520.0,0.11464807391166687
3363124992.0,0.12395957112312317
3364062464.0,0.13274984061717987
3364999936.0,0.14104872941970825
3365937408.0,0.14860975742340088
3366874880.0,0.15536387264728546
3367812608.0,0.03798936307430267
3368750080.0,0.04184776544570923
3369687552.0,0.04471208527684212
3370625024.0,0.04766569659113884
3371562496.0,0.0507986843585968
3372499968.0,0.052139949053525925
3373437440.0,0.05296521261334419
3374374912.0,0.053480297327041626
3375312384.0,0.05214478448033333
3376250112.0,0.05067424848675728
3377187584.0,0.048756908625364304
3378125056.0,0.04453447461128235
3379062528.0,0.039255738258361816
3380000000.0,0.0345313660800457
3380937472.0,0.02835499681532383
3381874944.0,0.020969847217202187
3382812416.0,0.01314842700958252
3383749888.0,0.004014191217720509
3384687616.0,-0.005438809283077717
3385625088.0,-0.014218924567103386
3386562560.0,-0.024944419041275978
3387500032.0,-0.034480657428503036
3388437504.0,-0.04455312713980675
3389374976.0,-0.05439872294664383
3390312448.0,-0.06378233432769775
3391249920.0,-0.07350137829780579
3392187392.0,-0.08205834776163101
3393125120.0,-0.09071768820285797
3394062592.0,-0.0979798212647438
3395000064.0,-0.10544057190418243
3395937536.0,-0.11182081699371338
3396875008.0,-0.11572705954313278
3397812480.0,-0.12066643685102463
3398749952.0,-0.12484616041183472
3399687424.0,-0.12707045674324036
3400624896.0,-0.12934018671512604
3401562624.0,-0.13059690594673157
3402500096.0,-0.13125143945217133
3403437568.0,-0.12970995903015137
3404375040.0,-0.12924522161483765
3405312512.0,-0.12911304831504822
3406249984.0,-0.1274787038564682
3407187456.0,-0.12666866183280945
3408124928.0,-0.12491878867149353
3409062400.0,-0.12458080053329468
3409999872.0,-0.12208563834428787
3410937600.0,-0.12253367900848389
3411875072.0,-0.12308192253112793
3412812544.0,-0.12450427561998367
3413750016.0,-0.12641803920269012
3414687488.0,-0.130262091755867
3415624960.0,-0.13606540858745575
3416562432.0,-0.14228425920009613
3417499904.0,-0.15133973956108093
3418437376.0,-0.1619458794593811
3419375104.0,-0.1747691035270691
3420312576.0,-0.18985161185264587
3421250048.0,-0.20661881566047668
3422187520.0,-0.22516675293445587
3423124992.0,-0.2460152804851532
3424062464.0,-0.2693369686603546
3424999936.0,-0.2942696213722229
3425937408.0,-0.3204967677593231
3426874880.0,-0.34859058260917664
3427812608.0,-0.37888625264167786
3428750080.0,-0.40689656138420105
3429687552.0,-0.4347919523715973
3430625024.0,-0.4634842872619629
3431562496.0,-0.49197328090667725
3432499968.0,-0.5196307897567749
3433437440.0,-0.5479645133018494
3434374912.0,-0.575808048248291
3435312384.0,-0.6025070548057556
3436250112.0,-0.6294169425964355
3437187584.0,-0.657741129398346
3438125056.0,-0.6852498054504395
3439062528.0,-0.7127827405929565
3440000000.0,-0.7423250675201416
3440937472.0,-0.773209273815155
3441874944.0,-0.8070569038391113
3442812416.0,-0.8407860994338989
3443749888.0,-0.8792299032211304
3444687616.0,-0.9176060557365417
3445625088.0,-0.9620587825775146
3446562560.0,-1.007995367050171
3447500032.0,-1.0579453706741333
3448437504.0,-1.1101455688476562
3449374976.0,-1.1665711402893066
3450312448.0,-1.227388858795166
3451249920.0,-1.2870224714279175
3452187392.0,-1.3519179821014404
3453125120.0,-1.4160399436950684
3454062592.0,-1.4798821210861206
3455000064.0,-1.5434104204177856
3455937536.0,-1.6071239709854126
3456875008.0,-1.6674987077713013
3457812480.0,-1.7255600690841675
3458749952.0,-1.7781517505645752
3459687424.0,-1.8267669677734375
3460624896.0,-1.8692320585250854
3461562624.0,-1.9048957824707031
3462500096.0,-1.934636116027832
3463437568.0,-1.9578907489776611
3464375040.0,-1.970054030418396
3465312512.0,-1.9768192768096924
3466249984.0,-1.9744874238967896
3467187456.0,-1.9657038450241089
3468124928.0,-1.951745867729187
3469062400.0,-1.9299209117889404
3470000128.0,-1.9028775691986084
3470937600.0,-1.869289517402649
3471875072.0,-1.8296517133712769
3472812544.0,-1.7848676443099976
3473750016.0,-1.736214518547058
3474687488.0,-1.6846911907196045
3475624960.0,-1.6310091018676758
3476562432.0,-1.5780470371246338
3477499904.0,-1.52422297000885
3478437376.0,-1.4710513353347778
3479375104.0,-1.4174004793167114
3480312576.0,-1.3660894632339478
3481250048.0,-1.3171212673187256
3482187520.0,-1.268280029296875
3483124992.0,-1.2197431325912476
3484062464.0,-1.1712117195129395
3484999936.0,-1.1240450143814087
3485937408.0,-1.0798498392105103
3486874880.0,-1.0379692316055298
3487812608.0,-1.031683325767517
3488750080.0,-0.993046224117279
3489687552.0,-0.9561723470687866
3490625024.0,-0.9202820658683777
3491562496.0,-0.8884756565093994
3492499968.0,-0.8579040765762329
3493437440.0,-0.8311230540275574
3494374912.0,-0.8048222661018372
3495312384.0,-0.7801483869552612
3496250112.0,-0.7581779360771179
3497187584.0,-0.7363288998603821
3498125056.0,-0.7158834934234619
3499062528.0,-0.6973311901092529
3500000000.0,-0.6801458597183228
3500937472.0,-0.6626030206680298
3501874944.0,-0.6463379859924316
3502812416.0,-0.6310707330703735
3503749888.0,-0.617842435836792
3504687616.0,-0.6050847172737122
3505625088.0,-0.5928753018379211
3506562560.0,-0.5816425681114197
3507500032.0,-0.5713362693786621
3508437504.0,-0.5609632730484009
3509374976.0,-0.550226092338562
3510312448.0,-0.5395515561103821
3511249920.0,-0.5280604958534241
3512187392.0,-0.5171512365341187
3513125120.0,-0.5031841993331909
3514062592.0,-0.49037811160087585
3515000064.0,-0.4749821722507477
3515937536.0,-0.45934444665908813
3516875008.0,-0.4424329400062561
3517812480.0,-0.42573919892311096
3518749952.0,-0.4085081219673157
3519687424.0,-0.39047929644584656
3520624896.0,-0.37361815571784973
3521562624.0,-0.3561646044254303
3522500096.0,-0.3373129367828369
3523437568.0,-0.31829795241355896
3524375040.0,-0.3003600835800171
3525312512.0,-0.281843900680542
3526249984.0,-0.26336413621902466
3527187456.0,-0.2452346533536911
3528124928.0,-0.22751478850841522
3529062400.0,-0.21174167096614838
3529999872.0,-0.19623620808124542
3530937600.0,-0.18294422328472137
3531875072.0,-0.17005912959575653
3532812544.0,-0.1593974530696869
3533750016.0,-0.1497558206319809
3534687488.0,-0.14235086739063263
3535624960.0,-0.1357710063457489
3536562432.0,-0.13148203492164612
3537499904.0,-0.1284147948026657
3538437376.0,-0.12831169366836548
3539375104.0,-0.12924547493457794
3540312576.0,-0.13183628022670746
3541250048.0,-0.134977787733078
3542187520.0,-0.1405366212129593
3543124992.0,-0.14575928449630737
3544062464.0,-0.15257175266742706
3544999936.0,-0.16114389896392822
3545937408.0,-0.1715773344039917
3546874880.0,-0.18228420615196228
3547812608.0,-0.21342800557613373
3548750080.0,-0.20414185523986816
3549687552.0,-0.19528326392173767
3550625024.0,-0.18567317724227905
3551562496.0,-0.17686966061592102
3552499968.0,-0.168039932847023
3553437440.0,-0.16054588556289673
3554374912.0,-0.15317197144031525
3555312384.0,-0.14736640453338623
3556250112.0,-0.14209510385990143
3557187584.0,-0.13764190673828125
3558125056.0,-0.13223403692245483
3559062528.0,-0.12792417407035828
3560000000.0,-0.12298408150672913
3560937472.0,-0.118729367852211
3561874944.0,-0.11425387114286423
3562812416.0,-0.11066600680351257
3563749888.0,-0.10662971436977386
3564687616.0,-0.10395586490631104
3565625088.0,-0.10023748874664307
3566562560.0,-0.09687531739473343
3567500032.0,-0.09411029517650604
3568437504.0,-0.09131687134504318
3569374976.0,-0.08903907984495163
3570312448.0,-0.08630648255348206
3571249920.0,-0.08351990580558777
3572187392.0,-0.08160102367401123
3573125120.0,-0.07759498059749603
3574062592.0,-0.07434006780385971
3575000064.0,-0.07042741030454636
3575937536.0,-0.06614246219396591
3576875008.0,-0.06277509033679962
3577812480.0,-0.05866463854908943
3578749952.0,-0.05335225537419319
3579687424.0,-0.04987780377268791
3580624896.0,-0.04569094628095627
3581562624.0,-0.042474303394556046
3582500096.0,-0.040212128311395645
3583437568.0,-0.03841950371861458
3584375040.0,-0.037774913012981415
3585312512.0,-0.03589062765240669
3586249984.0,-0.03525068983435631
3587187456.0,-0.03412799537181854
3588124928.0,-0.03323713690042496
3589062400.0,-0.033150412142276764
3590000128.0,-0.03462439775466919
3590937600.0,-0.03502331301569939
3591875072.0,-0.03682328388094902
3592812544.0,-0.03901058807969093
3593750016.0,-0.04082674905657768
3594687488.0,-0.04363229498267174
3595624960.0,-0.0461733378469944
3596562432.0,-0.050248973071575165
3597499904.0,-0.053892362862825394
3598437376.0,-0.05729889124631882
3599375104.0,-0.061734654009342194
3600312576.0,-0.06568285077810287
3601250048.0,-0.06972736120223999
3602187520.0,-0.07396572083234787
3603124992.0,-0.07708731293678284
3604062464.0,-0.08057492226362228
3604999936.0,-0.08264046162366867
3605937408.0,-0.08500134944915771
3606874880.0,-0.08745035529136658
3607812608.0,-0.0927443876862526
3608750080.0,-0.09108544141054153
3609687552.0,-0.0901171937584877
3610625024.0,-0.08902973681688309
3611562496.0,-0.08828213810920715
3612499968.0,-0.0876287892460823
3613437440.0,-0.08679751306772232
3614374912.0,-0.08826428651809692
3615312384.0,-0.08849948644638062
3616250112.0,-0.09053463488817215
3617187584.0,-0.09156668931245804
3618125056.0,-0.09215949475765228
3619062528.0,-0.09375511854887009
3620000000.0,-0.09604796767234802
3620937472.0,-0.0973733589053154
3621874944.0,-0.0990569144487381
3622812416.0,-0.10010112822055817
3623749888.0,-0.1003326028585434
3624687616.0,-0.10042808949947357
3625625088.0,-0.10132069885730743
3626562560.0,-0.1031038761138916
3627500032.0,-0.1045394018292427
3628437504.0,-0.10479562729597092
3629374976.0,-0.1055348664522171
3630312448.0,-0.10433398932218552
3631249920.0,-0.10299162566661835
3632187392.0,-0.10095173865556717
3633125120.0,-0.0987909734249115
3634062592.0,-0.0972200334072113
3635000064.0,-0.09370046108961105
3635937536.0,-0.08913528174161911
3636875008.0,-0.08407335728406906
3637812480.0,-0.07847597450017929
3638749952.0,-0.07267047464847565
3639687424.0,-0.06594280153512955
3640624896.0,-0.057915400713682175
3641562624.0,-0.05065062642097473
3642500096.0,-0.04210155829787254
3643437568.0,-0.03385625407099724
3644375040.0,-0.025390954688191414
3645312512.0,-0.01684158854186535
3646249984.0,-0.008071813732385635
3647187456.0,-0.00041962313116528094
3648124928.0,0.006738757248967886
3649062400.0,0.014444771222770214
3649999872.0,0.021051930263638496
3650937600.0,0.0279327854514122
3651875072.0,0.033649347722530365
3652812544.0,0.03982355073094368
3653750016.0,0.043940093368291855
3654687488.0,0.04801057279109955
3655624960.0,0.05286938324570656
3656562432.0,0.05638309195637703
3657499904.0,0.05829209089279175
3658437376.0,0.058871060609817505
3659375104.0,0.05889434367418289
3660312576.0,0.057803358882665634
3661250048.0,0.05580288916826248
3662187520.0,0.05336187779903412
3663124992.0,0.04907160997390747
3664062464.0,0.044994596391916275
3664999936.0,0.039114318788051605
3665937408.0,0.03283492103219032
3666874880.0,0.02659088559448719
3667812608.0,0.018193479627370834
3668750080.0,0.012422027066349983
3669687552.0,0.007075636647641659
3670625024.0,0.0015694336034357548
3671562496.0,-0.002272707875818014
3672499968.0,-0.00597354443743825
3673437440.0,-0.008612089790403843
3674374912.0,-0.011374433524906635
3675312384.0,-0.012800458818674088
3676250112.0,-0.014613206498324871
3677187584.0,-0.016054829582571983
3678125056.0,-0.015844957903027534
3679062528.0,-0.017232801765203476
3680000000.0,-0.016449738293886185
3680937472.0,-0.016678769141435623
3681874944.0,-0.015570095740258694
3682812416.0,-0.013681198470294476
3683749888.0,-0.010668518021702766
3684687616.0,-0.008731340989470482
3685625088.0,-0.00567430816590786
3686562560.0,-0.003390698693692684
3687500032.0,-0.00017864143592305481
3688437504.0,0.0028653277549892664
3689374976.0,0.005852194968611002
3690312448.0,0.009232266806066036
3691249920.0,0.013113191351294518
3692187392.0,0.016336144879460335
3693125120.0,0.02003652974963188
3694062592.0,0.02323497086763382
3695000064.0,0.026276864111423492
3695937536.0,0.02769252471625805
3696875008.0,0.03084908239543438
3697812480.0,0.03355858102440834
3698749952.0,0.03614281117916107
3699687424.0,0.036666110157966614
3700624896.0,0.038481660187244415
3701562624.0,0.03817418962717056
3702500096.0,0.037656623870134354
3703437568.0,0.03591394051909447
3704375040.0,0.03345568850636482
3705312512.0,0.02991555817425251
3706249984.0,0.025182344019412994
3707187456.0,0.018590202555060387
3708124928.0,0.010875419713556767
3709062400.0,0.002180348848924041
3710000128.0,-0.007043888792395592
3710937600.0,-0.01807660050690174
3711875072.0,-0.032205283641815186
3712812544.0,-0.04587559029459953
3713750016.0,-0.06190570443868637
3714687488.0,-0.07906312495470047
3715624960.0,-0.09726839512586594
3716562432.0,-0.11618810892105103
3717499904.0,-0.13548927009105682
3718437376.0,-0.15605339407920837
3719375104.0,-0.17580625414848328
3720312576.0,-0.19679421186447144
3721250048.0,-0.2166273593902588
3722187520.0,-0.23514507710933685
3723124992.0,-0.25491631031036377
3724062464.0,-0.2723694145679474
3724999936.0,-0.28951525688171387
3725937408.0,-0.3045520484447479
3726874880.0,-0.3178425133228302
3727812608.0,-0.0015579239698126912
3728750080.0,-0.0024266664404422045
3729687552.0,-0.0025042712222784758
3730625024.0,-0.004927579779177904
3731562496.0,-0.007756978273391724
3732499968.0,-0.011821335181593895
3733437440.0,-0.014381760731339455
3734374912.0,-0.01862362213432789
3735312384.0,-0.020874667912721634
3736250112.0,-0.02411000430583954
3737187584.0,-0.02620338462293148
3738125056.0,-0.02679149992763996
3739062528.0,-0.02775559015572071
3740000000.0,-0.02861041948199272
3740937472.0,-0.028016826137900352
3741874944.0,-0.027169901877641678
3742812416.0,-0.023663243278861046
3743749888.0,-0.022516323253512383
3744687616.0,-0.018424734473228455
3745625088.0,-0.013914739713072777
3746562560.0,-0.007433766964823008
3747500032.0,-0.001112388912588358
3748437504.0,0.006231429986655712
3749374976.0,0.013700227253139019
3750312448.0,0.022136826068162918
3751249920.0,0.031243907287716866
3752187392.0,0.04074852168560028
3753125120.0,0.05070733278989792
3754062592.0,0.06117387115955353
3755000064.0,0.06964351236820221
3755937536.0,0.07973811030387878
3756875008.0,0.08857733756303787
3757812480.0,0.09740529954433441
3758749952.0,0.10503818094730377
3759687424.0,0.11192113161087036
3760624896.0,0.11766348779201508
3761562624.0,0.12263035774230957
3762500096.0,0.12629881501197815
3763437568.0,0.12876896560192108
3764375040.0,0.1298462450504303
3765312512.0,0.12918467819690704
3766249984.0,0.12799812853336334
3767187456.0,0.12493631988763809
3768124928.0,0.12130716443061829
3769062400.0,0.11557803303003311
3769999872.0,0.10802722722291946
3770937600.0,0.10023806244134903
3771875072.0,0.09134116023778915
3772812544.0,0.08063015341758728
3773750016.0,0.0696289911866188
3774687488.0,0.05927449092268944
3775624960.0,0.04836813360452652
3776562432.0,0.035939719527959824
3777499904.0,0.025228925049304962
3778437376.0,0.014245683327317238
3779375104.0,0.002105032792314887
3780312576.0,-0.008935089223086834
3781250048.0,-0.021435599774122238
3782187520.0,-0.03197326138615608
3783124992.0,-0.04301341995596886
3784062464.0,-0.05164087191224098
3784999936.0,-0.061326269060373306
3785937408.0,-0.0689113512635231
3786874880.0,-0.05763667821884155
3787812608.0,-0.05926228687167168
3788750080.0,-0.06318198144435883
3789687552.0,-0.06607306748628616
3790625024.0,-0.0695725604891777
3791562496.0,-0.07100441306829453
3792499968.0,-0.07322975993156433
3793437440.0,-0.07646253705024719
3794374912.0,-0.07822790741920471
3795312384.0,-0.08000382781028748
3796250112.0,-0.07959191501140594
3797187584.0,-0.07949823886156082
3798125056.0,-0.0765644982457161
3799062528.0,-0.07368822395801544
3800000000.0,-0.07011041790246964
3800937472.0,-0.06522393971681595
3801874944.0,-0.05939823389053345
3802812416.0,-0.05341222509741783
3803749888.0,-0.046501275151968
3804687616.0,-0.03871864452958107
3805625088.0,-0.031094461679458618
3806562560.0,-0.022315995767712593
3807500032.0,-0.013851565308868885
3808437504.0,-0.004837869666516781
3809374976.0,0.003772089956328273
3810312448.0,0.012750978581607342
3811249920.0,0.0214547012001276
3812187392.0,0.03016366995871067
3813125120.0,0.03752346709370613
3814062592.0,0.044041458517313004
3815000064.0,0.05083838105201721
3815937536.0,0.05586707592010498
3816875008.0,0.0608539916574955
3817812480.0,0.06433907896280289
3818749952.0,0.0682765319943428
3819687424.0,0.06936399638652802
3820624896.0,0.07067591696977615
3821562624.0,0.07061567157506943
3822500096.0,0.06920487433671951
3823437568.0,0.0670953243970871
3824375040.0,0.06363503634929657
3825312512.0,0.0605715736746788
3826249984.0,0.05645512789487839
3827187456.0,0.052118755877017975
3828124928.0,0.04677897319197655
3829062400.0,0.04232018068432808
3830000128.0,0.0357154943048954
3830937600.0,0.02959602139890194
3831875072.0,0.023681730031967163
3832812544.0,0.018325133249163628
3833750016.0,0.011104792356491089
3834687488.0,0.005197356455028057
3835624960.0,-0.001664013136178255
3836562432.0,-0.006417504511773586
3837499904.0,-0.012460732832551003
3838437376.0,-0.018273811787366867
3839375104.0,-0.023033589124679565
3840312576.0,-0.02698536589741707
3841250048.0,-0.032835714519023895
3842187520.0,-0.036670561879873276
3843124992.0,-0.04089780151844025
3844062464.0,-0.04471978545188904
3844999936.0,-0.04834822192788124
3845937408.0,-0.051855456084012985
3846874880.0,-0.04973826929926872
3847812608.0,-0.052426617592573166
3848750080.0,-0.05421231687068939
3849687552.0,-0.055992819368839264
3850625024.0,-0.05723561719059944
3851562496.0,-0.05901601165533066
3852499968.0,-0.060661353170871735
3853437440.0,-0.06138065829873085
3854374912.0,-0.06262229382991791
3855312384.0,-0.06383012980222702
3856250112.0,-0.06347115337848663
3857187584.0,-0.06282231956720352
3858125056.0,-0.06059514731168747
3859062528.0,-0.05831695348024368
3860000000.0,-0.056158360093832016
3860937472.0,-0.052883610129356384
3861874944.0,-0.05001664534211159
3862812416.0,-0.047631923109292984
3863749888.0,-0.04585850611329079
3864687616.0,-0.04463360831141472
3865625088.0,-0.04570086672902107
3866562560.0,-0.046739980578422546
3867500032.0,-0.05045883357524872
3868437504.0,-0.05584030970931053
3869374976.0,-0.06257573515176773
3870312448.0,-0.07013317942619324
3871249920.0,-0.07931073009967804
3872187392.0,-0.08893153816461563
3873125120.0,-0.09992548078298569
3874062592.0,-0.11099513620138168
3875000064.0,-0.12205704301595688
3875937536.0,-0.13296955823898315
3876875008.0,-0.1415269374847412
3877812480.0,-0.14979848265647888
3878749952.0,-0.1560697853565216
3879687424.0,-0.1607303023338318
3880624896.0,-0.16192765533924103
3881562624.0,-0.16301928460597992
3882500096.0,-0.16090631484985352
3883437568.0,-0.15603899955749512
3884375040.0,-0.15055599808692932
3885312512.0,-0.14311158657073975
3886249984.0,-0.13398714363574982
3887187456.0,-0.12373920530080795
3888124928.0,-0.11339464783668518
3889062400.0,-0.10168386995792389
3889999872.0,-0.09021040797233582
3890937600.0,-0.07691483199596405
3891875072.0,-0.06526565551757812
3892812544.0,-0.05429825931787491
3893750016.0,-0.04368991032242775
3894687488.0,-0.033907439559698105
3895624960.0,-0.025165153667330742
3896562432.0,-0.016447395086288452
3897499904.0,-0.011164605617523193
3898437376.0,-0.0059728980995714664
3899375104.0,-0.0024297828786075115
3900312576.0,0.0007772815297357738
3901250048.0,0.0028422176837921143
3902187520.0,0.004192640073597431
3903124992.0,0.005173617508262396
3904062464.0,0.003968019504100084
3904999936.0,0.005156060215085745
3905937408.0,0.005446561146527529
3906874880.0,-0.007094193249940872
3907812608.0,-0.01638173498213291
3908750080.0,-0.023656586185097694
3909687552.0,-0.029637062922120094
3910625024.0,-0.03452688083052635
3911562496.0,-0.03673935681581497
3912499968.0,-0.03748364374041557
3913437440.0,-0.0360412523150444
3914374912.0,-0.03278074786067009
3915312384.0,-0.02813546359539032
3916250112.0,-0.021127676591277122
3917187584.0,-0.014068041928112507
3918125056.0,-0.0054339258931577206
3919062528.0,0.005208952352404594
3920000000.0,0.014542579650878906
3920937472.0,0.02592424862086773
3921874944.0,0.03646886721253395
3922812416.0,0.04647776484489441
3923749888.0,0.05631568655371666
3924687616.0,0.06508718430995941
3925625088.0,0.0746396854519844
3926562560.0,0.08167597651481628
3927500032.0,0.08931004256010056
3928437504.0,0.09477610886096954
3929374976.0,0.09890258312225342
3930312448.0,0.10099702328443527
3931249920.0,0.1023688092827797
3932187392.0,0.10169211775064468
3933125120.0,0.10103890299797058
3934062592.0,0.09767112135887146
3935000064.0,0.09409993886947632
3935937536.0,0.08846999704837799
3936875008.0,0.08277100324630737
3937812480.0,0.07575239986181259
3938749952.0,0.06762491166591644
3939687424.0,0.05859614908695221
3940624896.0,0.04780406504869461
3941562624.0,0.03700413927435875
3942500096.0,0.025707397609949112
3943437568.0,0.014439101330935955
3944375040.0,0.0021065736655145884
3945312512.0,-0.009045012295246124
3946249984.0,-0.021083174273371696
3947187456.0,-0.03380351886153221
3948124928.0,-0.04567818343639374
3949062400.0,-0.05739079415798187
3950000128.0,-0.06815221905708313
3950937600.0,-0.07835544645786285
3951875072.0,-0.08847985416650772
3952812544.0,-0.09710343927145004
3953750016.0,-0.1062300056219101
3954687488.0,-0.11477197706699371
3955624960.0,-0.12273387610912323
3956562432.0,-0.12962360680103302
3957499904.0,-0.13664856553077698
3958437376.0,-0.1425187587738037
3959375104.0,-0.14827005565166473
3960312576.0,-0.15299192070960999
3961250048.0,-0.15947744250297546
3962187520.0,-0.16460925340652466
3963124992.0,-0.16931375861167908
3964062464.0,-0.17393626272678375
3964999936.0,-0.17811721563339233
3965937408.0,-0.18372660875320435
3966874880.0,-0.07653552293777466
3967812608.0,-0.0823683962225914
3968750080.0,-0.08799675852060318
3969687552.0,-0.09265828132629395
3970625024.0,-0.09649983793497086
3971562496.0,-0.09976758062839508
3972499968.0,-0.10251448303461075
3973437440.0,-0.10426611453294754
3974374912.0,-0.10564307123422623
3975312384.0,-0.10628997534513474
3976250112.0,-0.10692198574542999
3977187584.0,-0.10683831572532654
3978125056.0,-0.10466489940881729
3979062528.0,-0.10162729769945145
3980000000.0,-0.0974634513258934
3980937472.0,-0.09403526782989502
3981874944.0,-0.0899338573217392
3982812416.0,-0.08501393347978592
3983749888.0,-0.08014228940010071
3984687616.0,-0.07518497109413147
3985625088.0,-0.06962551921606064
3986562560.0,-0.06469014286994934
3987500032.0,-0.05832900479435921
3988437504.0,-0.05317608267068863
3989374976.0,-0.04801427200436592
3990312448.0,-0.042829062789678574
3991249920.0,-0.03737993165850639
3992187392.0,-0.034059636294841766
3993125120.0,-0.029979189857840538
3994062592.0,-0.027257507666945457
3995000064.0,-0.025735415518283844
3995937536.0,-0.02417781949043274
3996875008.0,-0.0227357130497694
3997812480.0,-0.023350147530436516
3998749952.0,-0.024132732301950455
3999687424.0,-0.023317407816648483
4000624896.0,-0.01652168296277523
4001562624.0,-0.020867004990577698
4002500096.0,-0.025866108015179634
4003437568.0,-0.031696662306785583
4004375040.0,-0.03677484765648842
4005312512.0,-0.043729547411203384
4006249984.0,-0.051449965685606
4007187456.0,-0.05889817327260971
4008124928.0,-0.06719262897968292
4009062400.0,-0.07504668086767197
4009999872.0,-0.084657222032547
4010937600.0,-0.094414621591568
4011875072.0,-0.10344547778367996
4012812544.0,-0.11317194253206253
4013750016.0,-0.12060325592756271
4014687488.0,-0.128416508436203
4015624960.0,-0.1362394392490387
4016562432.0,-0.14473964273929596
4017499904.0,-0.1521064192056656
4018437376.0,-0.158607617020607
4019375104.0,-0.16544315218925476
4020312576.0,-0.17152124643325806
4021250048.0,-0.17664183676242828
4022187520.0,-0.18118816614151
4023124992.0,-0.18505963683128357
4024062464.0,-0.18848562240600586
4024999936.0,-0.1929221898317337
4025937408.0,-0.19646041095256805
4026874880.0,-0.1879715621471405
4027812608.0,-0.18962381780147552
4028750080.0,-0.19243355095386505
4029687552.0,-0.1949143409729004
4030625024.0,-0.19621393084526062
4031562496.0,-0.19709007441997528
4032499968.0,-0.1984945386648178
4033437440.0,-0.19984129071235657
4034374912.0,-0.20057466626167297
4035312384.0,-0.20141136646270752
4036250112.0,-0.20213161408901215
4037187584.0,-0.202785924077034
4038125056.0,-0.20239314436912537
4039062528.0,-0.20249848067760468
4040000000.0,-0.20170773565769196
4040937472.0,-0.19966474175453186
4041874944.0,-0.19761137664318085
4042812416.0,-0.1938646137714386
4043749888.0,-0.18985967338085175
4044687616.0,-0.185342937707901
4045625088.0,-0.18013224005699158
4046562560.0,-0.173206627368927
4047500032.0,-0.16592787206172943
4048437504.0,-0.1575058400630951
4049374976.0,-0.14819090068340302
4050312448.0,-0.13893495500087738
4051249920.0,-0.12856051325798035
4052187392.0,-0.11908741295337677
4053125120.0,-0.10701794177293777
4054062592.0,-0.09506268054246902
4055000064.0,-0.08310502022504807
4055937536.0,-0.07092728465795517
4056875008.0,-0.058128464967012405
4057812480.0,-0.04670236259698868
4058749952.0,-0.03454706072807312
4059687424.0,-0.02388707734644413
4060624896.0,-0.011826456524431705
4061562624.0,-0.0017458884976804256
4062500096.0,0.007960050366818905
4063437568.0,0.016845744103193283
4064375040.0,0.024952808395028114
4065312512.0,0.03227286413311958
4066249984.0,0.038406774401664734
4067187456.0,0.04265434294939041
4068124928.0,0.04703056812286377
4069062400.0,0.048958905041217804
4070000128.0,0.049544502049684525
4070937600.0,0.048674967139959335
4071875072.0,0.04741092398762703
4072812544.0,0.04431643709540367
4073750016.0,0.0388808399438858
4074687488.0,0.033985987305641174
4075624960.0,0.027932696044445038
4076562432.0,0.020829439163208008
4077499904.0,0.012857110239565372
4078437376.0,0.004871928598731756
4079375104.0,-0.004173514433205128
4080312576.0,-0.013295344077050686
4081250048.0,-0.02371637523174286
4082187520.0,-0.034080713987350464
4083124992.0,-0.04530690237879753
4084062464.0,-0.05574997141957283
4084999936.0,-0.0660066157579422
4085937408.0,-0.07475408166646957
4086874880.0,-0.0997505635023117
4087812608.0,-0.10579076409339905
4088750080.0,-0.1105574518442154
4089687552.0,-0.11362411081790924
4090625024.0,-0.11661828309297562
4091562496.0,-0.11984865367412567
4092499968.0,-0.12078843265771866
4093437440.0,-0.12302196770906448
4094374912.0,-0.12412375211715698
4095312384.0,-0.12497218698263168
4096250112.0,-0.1252235770225525
4097187584.0,-0.1269180178642273
4098125056.0,-0.12557163834571838
4099062528.0,-0.12700124084949493
4100000000.0,-0.12682044506072998
4100937472.0,-0.1262112855911255
4101874944.0,-0.12767153978347778
4102812416.0,-0.12740032374858856
4103749888.0,-0.12819147109985352
4104687616.0,-0.1281995177268982
4105625088.0,-0.129974827170372
4106562560.0,-0.12917335331439972
4107500032.0,-0.12992000579833984
4108437504.0,-0.12940233945846558
4109374976.0,-0.12986190617084503
4110312448.0,-0.12942975759506226
4111249920.0,-0.12956635653972626
4112187392.0,-0.12829193472862244
4113125120.0,-0.12750056385993958
4114062592.0,-0.12811556458473206
4115000064.0,-0.12617036700248718
4115937536.0,-0.12439294159412384
4116875008.0,-0.1229369267821312
4117812480.0,-0.12013156712055206
4118749952.0,-0.11734063923358917
4119687424.0,-0.11428604274988174
4120624896.0,-0.11048463732004166
4121562624.0,-0.10700690746307373
4122500096.0,-0.10338801890611649
4123437568.0,-0.10032051056623459
4124375040.0,-0.0961076095700264
4125312512.0,-0.09234974533319473
4126249984.0,-0.08838476240634918
4127187456.0,-0.08464448899030685
4128124928.0,-0.08079198747873306
4129062400.0,-0.07668163627386093
4129999872.0,-0.07289157807826996
4130937600.0,-0.06909352540969849
4131875072.0,-0.06580639630556107
4132812544.0,-0.06284158676862717
4133750016.0,-0.06031550467014313
4134687488.0,-0.05902500078082085
4135624960.0,-0.057236794382333755
4136562432.0,-0.05634741857647896
4137499904.0,-0.05528828874230385
4138437376.0,-0.05393188074231148
4139375104.0,-0.053628116846084595
4140312576.0,-0.05259810388088226
4141250048.0,-0.05164293944835663
4142187520.0,-0.0507056787610054
4143124992.0,-0.05024340748786926
4144062464.0,-0.049434080719947815
4144999936.0,-0.04974622279405594
4145937408.0,-0.04797140508890152
4146874880.0,-0.08958154916763306
4147812608.0,-0.09287505596876144
4148750080.0,-0.09345071017742157
4149687552.0,-0.09462274610996246
4150625024.0,-0.09350017458200455
4151562496.0,-0.09286218136548996
4152499968.0,-0.09094323217868805
4153437440.0,-0.08804705739021301
4154374912.0,-0.08546125143766403
4155312384.0,-0.08204048126935959
4156250112.0,-0.07793422043323517
4157187584.0,-0.07353704422712326
4158125056.0,-0.06901195645332336
4159062528.0,-0.06416027992963791
4160000000.0,-0.05936482548713684
4160937472.0,-0.05433361232280731
4161874944.0,-0.049935080111026764
4162812416.0,-0.04491410404443741
4163749888.0,-0.03980102017521858
4164687616.0,-0.035580288618803024
4165625088.0,-0.03303899988532066
4166562560.0,-0.028368866071105003
4167500032.0,-0.026241732761263847
4168437504.0,-0.024475734680891037
4169374976.0,-0.02317139133810997
4170312448.0,-0.02267790585756302
4171249920.0,-0.023672565817832947
4172187392.0,-0.024801058694720268
4173125120.0,-0.026408707723021507
4174062592.0,-0.027938125655055046
4175000064.0,-0.03015720099210739
4175937536.0,-0.03389342129230499
4176875008.0,-0.038159605115652084
4177812480.0,-0.042375411838293076
4178749952.0,-0.04613829031586647
4179687424.0,-0.050684597343206406
4180624896.0,-0.056058548390865326
4181562624.0,-0.05903596058487892
4182500096.0,-0.06396374851465225
4183437568.0,-0.06860445439815521
4184375040.0,-0.07276753336191177
4185312512.0,-0.0772724524140358
4186249984.0,-0.08088995516300201
4187187456.0,-0.08431053161621094
4188124928.0,-0.08891035616397858
4189062400.0,-0.09352445602416992
4190000128.0,-0.09608343988656998
4190937600.0,-0.09903299063444138
4191875072.0,-0.10173051059246063
4192812544.0,-0.10588979721069336
4193750016.0,-0.10836006700992584
4194687488.0,-0.11229585856199265
4195624960.0,-0.1160157099366188
4196562432.0,-0.12050283700227737
4197499904.0,-0.12491684406995773
4198437376.0,-0.1295454204082489
4199375104.0,-0.13476482033729553
4200312576.0,-0.1402425318956375
4201250048.0,-0.14578546583652496
4202187520.0,-0.15058818459510803
4203124992.0,-0.15497441589832306
4204062464.0,-0.16033083200454712
4204999936.0,-0.16577455401420593
4205937408.0,-0.170749232172966
4206874880.0,-0.16218435764312744
4207812608.0,-0.1679408699274063
4208750080.0,-0.17382414638996124
4209687552.0,-0.17939631640911102
4210625024.0,-0.18333952128887177
4211562496.0,-0.18708203732967377
4212499968.0,-0.18991927802562714
4213437440.0,-0.19063517451286316
4214374912.0,-0.1912611573934555
4215312384.0,-0.19168546795845032
4216250112.0,-0.1893869936466217
4217187584.0,-0.18584690988063812
4218125056.0,-0.18175740540027618
4219062528.0,-0.1747535914182663
4220000000.0,-0.16822832822799683
4220937472.0,-0.15982452034950256
4221874944.0,-0.14970360696315765
4222812416.0,-0.13818979263305664
4223749888.0,-0.12544339895248413
4224687616.0,-0.11289762705564499
4225625088.0,-0.09768498688936234
4226562560.0,-0.08250053226947784
4227500032.0,-0.06683444231748581
4228437504.0,-0.04957679659128189
4229374976.0,-0.03343387320637703
4230312448.0,-0.01696483977138996
4231249920.0,-0.0008816335466690361
4232187392.0,0.01557654794305563
4233125120.0,0.031381651759147644
4234062592.0,0.04643682390451431
4235000064.0,0.06184942647814751
4235937536.0,0.07552766054868698
4236875008.0,0.08821657299995422
4237812480.0,0.10003570467233658
4238749952.0,0.11085442453622818
4239687424.0,0.12020645290613174
4240624896.0,0.12820935249328613
4241562624.0,0.13422001898288727
4242500096.0,0.14025923609733582
4243437568.0,0.14311066269874573
4244375040.0,0.14503082633018494
4245312512.0,0.1453724503517151
4246249984.0,0.14471128582954407
4247187456.0,0.14146161079406738
4248124928.0,0.13645464181900024
4249062400.0,0.1307770013809204
4249999872.0,0.12347664684057236
4250937600.0,0.11331109702587128
4251875072.0,0.10287225246429443
4252812544.0,0.09030056744813919
4253750016.0,0.07534077763557434
4254687488.0,0.06047530472278595
4255624960.0,0.04263892024755478
4256562432.0,0.023560671135783195
4257499904.0,0.00525243952870369
4258437376.0,-0.01438088994473219
4259375104.0,-0.03498932346701622
4260312576.0,-0.05578981712460518
4261250048.0,-0.0775696411728859
4262187520.0,-0.09871693700551987
4263124992.0,-0.12056662142276764
4264062464.0,-0.14224845170974731
4264999936.0,-0.1630847007036209
4265937408.0,-0.18386684358119965
4266874880.0,-0.19248245656490326
4267812608.0,-0.20095525681972504
4268750080.0,-0.20716002583503723
4269687552.0,-0.21528904139995575
4270625024.0,-0.2221319079399109
4271562496.0,-0.22663813829421997
4272499968.0,-0.23146341741085052
4273437440.0,-0.2360904961824417
4274374912.0,-0.23850767314434052
4275312384.0,-0.23876148462295532
4276250112.0,-0.23793193697929382
4277187584.0,-0.23387263715267181
4278125056.0,-0.22915227711200714
4279062528.0,-0.2214428186416626
4280000000.0,-0.21097764372825623
4280937472.0,-0.19860665500164032
4281874944.0,-0.18432855606079102
4282812416.0,-0.1696489155292511
4283749888.0,-0.1528267115354538
4284687616.0,-0.13448573648929596
4285625088.0,-0.11473000049591064
4286562560.0,-0.09337305277585983
4287500032.0,-0.07117068022489548
4288437504.0,-0.04867110773921013
4289374976.0,-0.025610467419028282
4290312448.0,-0.0015519874868914485
4291249920.0,0.020829899236559868
4292187392.0,0.043197404593229294
4293125120.0,0.06535644084215164
4294062592.0,0.08497733622789383
4295000064.0,0.10441259294748306
4295937536.0,0.12155212461948395
4296875008.0,0.13768666982650757
4297812480.0,0.15284641087055206
4298749952.0,0.16458290815353394
4299687424.0,0.17456533014774323
4300624896.0,0.18366992473602295
4301562368.0,0.1885116994380951
4302499840.0,0.19104605913162231
4303437312.0,0.19220517575740814
4304374784.0,0.19086453318595886
4305312256.0,0.18695956468582153
4306250240.0,0.1794005185365677
4307187712.0,0.16997283697128296
4308125184.0,0.1591009944677353
4309062656.0,0.14590971171855927
4310000128.0,0.13095931708812714
4310937600.0,0.11460120230913162
4311875072.0,0.09588851034641266
4312812544.0,0.0768362283706665
4313750016.0,0.05748218670487404
4314687488.0,0.03756459429860115
4315624960.0,0.017763596028089523
4316562432.0,-0.003256060415878892
4317499904.0,-0.02350044623017311
4318437376.0,-0.04327882081270218
4319374848.0,-0.06258717179298401
4320312320.0,-0.08175143599510193
4321249792.0,-0.09971990436315536
4322187264.0,-0.1154465451836586
4323125248.0,-0.13077092170715332
4324062720.0,-0.14554713666439056
4325000192.0,-0.1575034260749817
4325937664.0,-0.16826876997947693
4326875136.0,-0.2233685702085495
4327812608.0,-0.2223149687051773
4328750080.0,-0.21943193674087524
4329687552.0,-0.21449050307273865
4330625024.0,-0.207644984126091
4331562496.0,-0.2008122354745865
4332499968.0,-0.1915302723646164
4333437440.0,-0.1823844313621521
4334374912.0,-0.17249801754951477
4335312384.0,-0.1626458317041397
4336249856.0,-0.15340697765350342
4337187328.0,-0.14207236468791962
4338124800.0,-0.13285627961158752
4339062272.0,-0.12428915500640869
4339999744.0,-0.11444460600614548
4340937728.0,-0.1059037372469902
4341875200.0,-0.09862510114908218
4342812672.0,-0.09219589829444885
4343750144.0,-0.0855199545621872
4344687616.0,-0.07992450147867203
4345625088.0,-0.07564029097557068
4346562560.0,-0.07105767726898193
4347500032.0,-0.06943909823894501
4348437504.0,-0.06695027649402618
4349374976.0,-0.06533022969961166
4350312448.0,-0.06590083241462708
4351249920.0,-0.06605358421802521
4352187392.0,-0.06733432412147522
4353124864.0,-0.06793463230133057
4354062336.0,-0.07014036178588867
4354999808.0,-0.07202909886837006
4355937280.0,-0.07424568384885788
4356874752.0,-0.07695359736680984
4357812736.0,-0.07942859828472137
4358750208.0,-0.08339209109544754
4359687680.0,-0.08590731769800186
4360625152.0,-0.09114944934844971
4361562624.0,-0.09508487582206726
4362500096.0,-0.09911453723907471
4363437568.0,-0.10351938754320145
4364375040.0,-0.10752170532941818
4365312512.0,-0.11119315028190613
4366249984.0,-0.11552310734987259
4367187456.0,-0.12059877812862396
4368124928.0,-0.12482885271310806
4369062400.0,-0.12966611981391907
4369999872.0,-0.1338144987821579
4370937344.0,-0.13864965736865997
4371874816.0,-0.14282207190990448
4372812288.0,-0.14704859256744385
4373749760.0,-0.1502823680639267
4374687744.0,-0.15476474165916443
4375625216.0,-0.16062651574611664
4376562688.0,-0.16665397584438324
4377500160.0,-0.17200230062007904
4378437632.0,-0.18014274537563324
4379375104.0,-0.18642893433570862
4380312576.0,-0.19414575397968292
4381250048.0,-0.20172110199928284
4382187520.0,-0.21080425381660461
4383124992.0,-0.22168827056884766
4384062464.0,-0.23226118087768555
4384999936.0,-0.24299275875091553
4385937408.0,-0.2536686360836029
4386874880.0,-0.3222632110118866
4387812352.0,-0.33097511529922485
4388749824.0,-0.33759069442749023
4389687296.0,-0.341379851102829
4390624768.0,-0.34562793374061584
4391562752.0,-0.3471473455429077
4392500224.0,-0.346832811832428
4393437696.0,-0.34434911608695984
4394375168.0,-0.3401300609111786
4395312640.0,-0.33379459381103516
4396250112.0,-0.32607635855674744
4397187584.0,-0.31607213616371155
4398125056.0,-0.30543094873428345
4399062528.0,-0.29351192712783813
4400000000.0,-0.27908456325531006
4400937472.0,-0.2658127248287201
4401874944.0,-0.24875754117965698
4402812416.0,-0.2322310358285904
4403749888.0,-0.21426254510879517
4404687360.0,-0.19589358568191528
4405624832.0,-0.17840991914272308
4406562304.0,-0.16099974513053894
4407499776.0,-0.14471709728240967
4408437248.0,-0.12695203721523285
4409375232.0,-0.11157424002885818
4410312704.0,-0.09540368616580963
4411250176.0,-0.08031551539897919
4412187648.0,-0.06651007384061813
4413125120.0,-0.05400123819708824
4414062592.0,-0.04443039745092392
4415000064.0,-0.035797953605651855
4415937536.0,-0.029647819697856903
4416875008.0,-0.02610251121222973
4417812480.0,-0.024850349873304367
4418749952.0,-0.026075297966599464
4419687424.0,-0.030414799228310585
4420624896.0,-0.03624146804213524
4421562368.0,-0.04558796063065529
4422499840.0,-0.055682774633169174
4423437312.0,-0.06821160018444061
4424374784.0,-0.08239398896694183
4425312256.0,-0.09802214801311493
4426250240.0,-0.11525306105613708
4427187712.0,-0.13367901742458344
4428125184.0,-0.15378043055534363
4429062656.0,-0.1742539256811142
4430000128.0,-0.19604931771755219
4430937600.0,-0.21857868134975433
4431875072.0,-0.24195043742656708
4432812544.0,-0.264414519071579
4433750016.0,-0.28778621554374695
4434687488.0,-0.3110806345939636
4435624960.0,-0.33328068256378174
4436562432.0,-0.35586848855018616
4437499904.0,-0.37659668922424316
4438437376.0,-0.3969399631023407
4439374848.0,-0.4163338840007782
4440312320.0,-0.4351111054420471
4441249792.0,-0.45281878113746643
4442187264.0,-0.4686163663864136
4443125248.0,-0.48295068740844727
4444062720.0,-0.4959859848022461
4445000192.0,-0.5051435232162476
4445937664.0,-0.5131202936172485
4446875136.0,-0.5227041244506836
4447812608.0,-0.5296916365623474
4448750080.0,-0.5349939465522766
4449687552.0,-0.5381506085395813
4450625024.0,-0.5397093296051025
4451562496.0,-0.5394859910011292
4452499968.0,-0.5358887910842896
4453437440.0,-0.5306175351142883
4454374912.0,-0.522330105304718
4455312384.0,-0.5135494470596313
4456249856.0,-0.5023548007011414
4457187328.0,-0.49027031660079956
4458124800.0,-0.47574180364608765
4459062272.0,-0.4614347517490387
4460000256.0,-0.44532933831214905
4460937728.0,-0.4299805462360382
4461875200.0,-0.4139968156814575
4462812672.0,-0.39707016944885254
4463750144.0,-0.3811935484409332
4464687616.0,-0.3657732307910919
4465625088.0,-0.351217657327652
4466562560.0,-0.3364708125591278
4467500032.0,-0.32275041937828064
4468437504.0,-0.3104502856731415
4469374976.0,-0.2984171509742737
4470312448.0,-0.2871871590614319
4471249920.0,-0.27799123525619507
4472187392.0,-0.2700676918029785
4473124864.0,-0.26374882459640503
4474062336.0,-0.25955069065093994
4474999808.0,-0.2561640739440918
4475937280.0,-0.2547691762447357
4476874752.0,-0.2548184096813202
4477812736.0,-0.2571035325527191
4478750208.0,-0.26092904806137085
4479687680.0,-0.26683032512664795
4480625152.0,-0.2754875719547272
4481562624.0,-0.2866535186767578
4482500096.0,-0.29937389492988586
4483437568.0,-0.31562408804893494
4484375040.0,-0.33490750193595886
4485312512.0,-0.3554936647415161
4486249984.0,-0.37862125039100647
4487187456.0,-0.4035953879356384
4488124928.0,-0.4296402037143707
4489062400.0,-0.45815402269363403
4489999872.0,-0.4873140752315521
4490937344.0,-0.5161715149879456
4491874816.0,-0.5457720160484314
4492812288.0,-0.5756599307060242
4493749760.0,-0.606849193572998
4494687744.0,-0.6374643445014954
4495625216.0,-0.6694532036781311
4496562688.0,-0.6982623934745789
4497500160.0,-0.7287229895591736
4498437632.0,-0.7590283751487732
4499375104.0,-0.7868034839630127
4500312576.0,-0.8153792023658752
4501250048.0,-0.8418692946434021
4502187520.0,-0.867118239402771
4503124992.0,-0.8897647857666016
4504062464.0,-0.91193687915802
4504999936.0,-0.9304189085960388
4505937408.0,-0.9469629526138306
4506874880.0,-0.9109037518501282
4507812352.0,-0.9257749319076538
4508749824.0,-0.9366106390953064
4509687296.0,-0.9434272050857544
4510624768.0,-0.9491112232208252
4511562752.0,-0.9506924152374268
4512500224.0,-0.950370192527771
4513437696.0,-0.9480730295181274
4514375168.0,-0.9435691237449646
4515312640.0,-0.9367173314094543
4516250112.0,-0.9272206425666809
4517187584.0,-0.9173082709312439
4518125056.0,-0.9058830142021179
4519062528.0,-0.8926141858100891
4520000000.0,-0.8790952563285828
4520937472.0,-0.8651675581932068
4521874944.0,-0.8513333797454834
4522812416.0,-0.8372270464897156
4523749888.0,-0.8236837387084961
4524687360.0,-0.8101757168769836
4525624832.0,-0.798123300075531
4526562304.0,-0.7866118550300598
4527499776.0,-0.7771413326263428
4528437248.0,-0.7672231197357178
4529375232.0,-0.7611285448074341
4530312704.0,-0.7554733157157898
4531250176.0,-0.752781331539154
4532187648.0,-0.7530685663223267
4533125120.0,-0.7572017908096313
4534062592.0,-0.7639504075050354
4535000064.0,-0.7742621302604675
4535937536.0,-0.7866431474685669
4536875008.0,-0.8045333027839661
4537812480.0,-0.8246694803237915
4538749952.0,-0.8486851453781128
4539687424.0,-0.8747115731239319
4540624896.0,-0.9055931568145752
4541562368.0,-0.9381764531135559
4542499840.0,-0.9742069244384766
4543437312.0,-1.0138685703277588
4544374784.0,-1.0562688112258911
4545312256.0,-1.1022518873214722
4546250240.0,-1.1505658626556396
4547187712.0,-1.2012351751327515
4548125184.0,-1.2559449672698975
4549062656.0,-1.3138283491134644
4550000128.0,-1.3752288818359375
4550937600.0,-1.439399242401123
4551875072.0,-1.5071171522140503
4552812544.0,-1.578633427619934
4553750016.0,-1.6499512195587158
4554687488.0,-1.7227282524108887
4555624960.0,-1.7944111824035645
4556562432.0,-1.865071177482605
4557499904.0,-1.9348152875900269
4558437376.0,-2.00429105758667
4559374848.0,-2.0707178115844727
4560312320.0,-2.1395111083984375
4561249792.0,-2.2066235542297363
4562187264.0,-2.27351450920105
4563125248.0,-2.338898181915283
4564062720.0,-2.40427565574646
4565000192.0,-2.467059850692749
4565937664.0,-2.5276925563812256
4566875136.0,-2.3963234424591064
4567812608.0,-2.431300401687622
4568750080.0,-2.4635696411132812
4569687552.0,-2.4950671195983887
4570625024.0,-2.5243208408355713
4571562496.0,-2.554107189178467
4572499968.0,-2.5827834606170654
4573437440.0,-2.6087584495544434
4574374912.0,-2.635601758956909
4575312384.0,-2.6629085540771484
4576249856.0,-2.6932532787323
4577187328.0,-2.724010705947876
4578124800.0,-2.75774884223938
4579062272.0,-2.7911839485168457
4579999744.0,-2.82590389251709
4580937728.0,-2.862729072570801
4581875200.0,-2.8991925716400146
4582812672.0,-2.9360451698303223
4583750144.0,-2.9739251136779785
4584687616.0,-3.012429714202881
4585625088.0,-3.0500833988189697
4586562560.0,-3.08915114402771
4587500032.0,-3.1258602142333984
4588437504.0,-3.1609394550323486
4589374976.0,-3.195640802383423
4590312448.0,-3.231116771697998
4591249920.0,-3.267791271209717
4592187392.0,-3.306582450866699
4593124864.0,-3.3486671447753906
4594062336.0,-3.392401695251465
4594999808.0,-3.4392247200012207
4595937280.0,-3.488755226135254
4596874752.0,-3.5403618812561035
4597812736.0,-3.5934653282165527
4598750208.0,-3.6463332176208496
4599687680.0,-3.7008347511291504
4600625152.0,-3.758023262023926
4601562624.0,-3.816617012023926
4602500096.0,-3.8729777336120605
4603437568.0,-3.9274706840515137
4604375040.0,-3.9783215522766113
4605312512.0,-4.029394626617432
4606249984.0,-4.075714588165283
4607187456.0,-4.124764442443848
4608124928.0,-4.172394275665283
4609062400.0,-4.222865581512451
4609999872.0,-4.272382736206055
4610937344.0,-4.316886901855469
4611874816.0,-4.355391025543213
4612812288.0,-4.3914265632629395
4613749760.0,-4.423159599304199
4614687744.0,-4.449512481689453
4615625216.0,-4.472559452056885
4616562688.0,-4.489668369293213
4617500160.0,-4.503201007843018
4618437632.0,-4.512049198150635
4619375104.0,-4.515700340270996
4620312576.0,-4.519106388092041
4621250048.0,-4.517904758453369
4622187520.0,-4.514116287231445
4623124992.0,-4.505520343780518
4624062464.0,-4.495962142944336
4624999936.0,-4.486535549163818
4625937408.0,-4.475924968719482
4626874880.0,-4.638179302215576
4627812352.0,-4.6011762619018555
4628749824.0,-4.555544853210449
4629687296.0,-4.502182960510254
4630624768.0,-4.442200660705566
4631562752.0,-4.376008033752441
4632500224.0,-4.303750991821289
4633437696.0,-4.223064422607422
4634375168.0,-4.1389923095703125
4635312640.0,-4.047414302825928
4636250112.0,-3.9504306316375732
4637187584.0,-3.850193500518799
4638125056.0,-3.7451696395874023
4639062528.0,-3.636615514755249
4640000000.0,-3.525963068008423
4640937472.0,-3.4122753143310547
4641874944.0,-3.2955784797668457
4642812416.0,-3.178433418273926
4643749888.0,-3.0604827404022217
4644687360.0,-2.942126989364624
4645624832.0,-2.828162908554077
4646562304.0,-2.715317726135254
4647499776.0,-2.6071972846984863
4648437248.0,-2.5028371810913086
4649375232.0,-2.403449296951294
4650312704.0,-2.308384418487549
4651250176.0,-2.218554735183716
4652187648.0,-2.132509469985962
4653125120.0,-2.049086809158325
4654062592.0,-1.9706226587295532
4655000064.0,-1.894469976425171
4655937536.0,-1.8223387002944946
4656875008.0,-1.7551382780075073
4657812480.0,-1.6941689252853394
4658749952.0,-1.6386706829071045
4659687424.0,-1.5879743099212646
4660624896.0,-1.5437284708023071
4661562368.0,-1.504868507385254
4662499840.0,-1.470117211341858
4663437312.0,-1.4417977333068848
4664374784.0,-1.4155864715576172
4665312256.0,-1.391276478767395
4666250240.0,-1.369482398033142
4667187712.0,-1.349073886871338
4668125184.0,-1.330582618713379
4669062656.0,-1.3155661821365356
4670000128.0,-1.3022750616073608
4670937600.0,-1.2928719520568848
4671875072.0,-1.2842861413955688
4672812544.0,-1.27755606174469
4673750016.0,-1.2690720558166504
4674687488.0,-1.262255311012268
4675624960.0,-1.2559278011322021
4676562432.0,-1.2456241846084595
4677499904.0,-1.2361382246017456
4678437376.0,-1.225014090538025
4679374848.0,-1.2123364210128784
4680312320.0,-1.196929931640625
4681249792.0,-1.1801786422729492
4682187264.0,-1.1637400388717651
4683125248.0,-1.1453334093093872
4684062720.0,-1.1247456073760986
4685000192.0,-1.1025019884109497
4685937664.0,-1.0801972150802612
4686875136.0,-1.0801293849945068
4687812608.0,-1.055750846862793
4688750080.0,-1.0294759273529053
4689687552.0,-1.0021510124206543
4690625024.0,-0.9738667011260986
4691562496.0,-0.9444000720977783
4692499968.0,-0.9142615795135498
4693437440.0,-0.8837432265281677
4694374912.0,-0.8515810966491699
4695312384.0,-0.8182131052017212
4696249856.0,-0.785422146320343
4697187328.0,-0.7524562478065491
4698124800.0,-0.7184504866600037
4699062272.0,-0.6859713792800903
4700000256.0,-0.6545106768608093
4700937728.0,-0.6215620636940002
4701875200.0,-0.5898560881614685
4702812672.0,-0.5605410933494568
4703750144.0,-0.5305817723274231
4704687616.0,-0.5020599365234375
4705625088.0,-0.47501713037490845
4706562560.0,-0.4491172730922699
4707500032.0,-0.42374157905578613
4708437504.0,-0.4009842872619629
4709374976.0,-0.3780398368835449
4710312448.0,-0.35642239451408386
4711249920.0,-0.33724358677864075
4712187392.0,-0.32107263803482056
4713124864.0,-0.3055471181869507
4714062336.0,-0.2914528250694275
4714999808.0,-0.2796038091182709
4715937280.0,-0.27008065581321716
4716874752.0,-0.26288843154907227
4717812736.0,-0.25703921914100647
4718750208.0,-0.2530842125415802
4719687680.0,-0.2514715790748596
4720625152.0,-0.25051093101501465
4721562624.0,-0.2529290020465851
4722500096.0,-0.2558377683162689
4723437568.0,-0.2606845200061798
4724375040.0,-0.2685892879962921
4725312512.0,-0.27700620889663696
4726249984.0,-0.2864786982536316
4727187456.0,-0.2978058159351349
4728124928.0,-0.3123096227645874
4729062400.0,-0.32668110728263855
4729999872.0,-0.3417094945907593
4730937344.0,-0.35824277997016907
4731874816.0,-0.37588736414909363
4732812288.0,-0.393015593290329
4733749760.0,-0.41081252694129944
4734687744.0,-0.4290868937969208
4735625216.0,-0.44784170389175415
4736562688.0,-0.46573907136917114
4737500160.0,-0.4831557273864746
4738437632.0,-0.5003708600997925
4739375104.0,-0.5168946385383606
4740312576.0,-0.5329790711402893
4741250048.0,-0.5469691753387451
4742187520.0,-0.5612561702728271
4743124992.0,-0.5718033909797668
4744062464.0,-0.5836166739463806
4744999936.0,-0.5912095308303833
4745937408.0,-0.5983861684799194
4746874880.0,-0.41378918290138245
4747812352.0,-0.41317617893218994
4748749824.0,-0.41117721796035767
4749687296.0,-0.40911605954170227
4750624768.0,-0.40607497096061707
4751562752.0,-0.4034956395626068
4752500224.0,-0.40044188499450684
4753437696.0,-0.39742952585220337
4754375168.0,-0.39309319853782654
4755312640.0,-0.39030158519744873
4756250112.0,-0.3853569030761719
4757187584.0,-0.3800697326660156
4758125056.0,-0.3744369149208069
4759062528.0,-0.36853981018066406
4760000000.0,-0.36200475692749023
4760937472.0,-0.3547605574131012
4761874944.0,-0.34643837809562683
4762812416.0,-0.3373664617538452
4763749888.0,-0.32810908555984497
4764687360.0,-0.31883010268211365
4765624832.0,-0.3086218535900116
4766562304.0,-0.2978217601776123
4767499776.0,-0.28721755743026733
4768437248.0,-0.2756440043449402
4769375232.0,-0.2638801336288452
4770312704.0,-0.25108858942985535
4771250176.0,-0.23796333372592926
4772187648.0,-0.22216692566871643
4773125120.0,-0.20691779255867004
4774062592.0,-0.19000639021396637
4775000064.0,-0.17296120524406433
4775937536.0,-0.154696986079216
4776875008.0,-0.13608965277671814
4777812480.0,-0.1166844591498375
4778749952.0,-0.09732990711927414
4779687424.0,-0.07754048705101013
4780624896.0,-0.056956127285957336
4781562368.0,-0.03670115768909454
4782499840.0,-0.015939734876155853
4783437312.0,0.004278683103621006
4784374784.0,0.024443767964839935
4785312256.0,0.04420308768749237
4786250240.0,0.06286913901567459
4787187712.0,0.0812658816576004
4788125184.0,0.09896349161863327
4789062656.0,0.11440867930650711
4790000128.0,0.12868186831474304
4790937600.0,0.14259128272533417
4791875072.0,0.1543722152709961
4792812544.0,0.1648252159357071
4793750016.0,0.1722109466791153
4794687488.0,0.17797645926475525
4795624960.0,0.18126587569713593
4796562432.0,0.18285277485847473
4797499904.0,0.18182842433452606
4798437376.0,0.17828315496444702
4799374848.0,0.1726599782705307
4800312320.0,0.1636999398469925
4801249792.0,0.15162107348442078
4802187264.0,0.1377987563610077
4803125248.0,0.1217295378446579
4804062720.0,0.10287928581237793
4805000192.0,0.08274322003126144
4805937664.0,0.06065426021814346
4806875136.0,-0.21214857697486877
4807812608.0,-0.2162395715713501
4808750080.0,-0.2214089184999466
4809687552.0,-0.2263098806142807
4810625024.0,-0.23137624561786652
4811562496.0,-0.23550976812839508
4812499968.0,-0.23968715965747833
4813437440.0,-0.24277949333190918
4814374912.0,-0.24601350724697113
4815312384.0,-0.24842539429664612
4816249856.0,-0.25010770559310913
4817187328.0,-0.25098398327827454
4818124800.0,-0.25160062313079834
4819062272.0,-0.25139379501342773
4819999744.0,-0.25002560019493103
4820937728.0,-0.24775852262973785
4821875200.0,-0.2443741112947464
4822812672.0,-0.24038101732730865
4823750144.0,-0.23524847626686096
4824687616.0,-0.22955484688282013
4825625088.0,-0.22259145975112915
4826562560.0,-0.21443244814872742
4827500032.0,-0.20593757927417755
4828437504.0,-0.19623787701129913
4829374976.0,-0.1860431730747223
4830312448.0,-0.17649410665035248
4831249920.0,-0.16523630917072296
4832187392.0,-0.1543128490447998
4833124864.0,-0.14403468370437622
4834062336.0,-0.1332152932882309
4834999808.0,-0.1219351664185524
4835937280.0,-0.11270959675312042
4836874752.0,-0.10327252745628357
4837812736.0,-0.09423418343067169
4838750208.0,-0.08701768517494202
4839687680.0,-0.07917601615190506
4840625152.0,-0.07290865480899811
4841562624.0,-0.06842696666717529
4842500096.0,-0.06479903310537338
4843437568.0,-0.06338240951299667
4844375040.0,-0.062181681394577026
4845312512.0,-0.06408900022506714
4846249984.0,-0.06664014607667923
4847187456.0,-0.07213766127824783
4848124928.0,-0.0778837502002716
4849062400.0,-0.08491674810647964
4849999872.0,-0.09419117122888565
4850937344.0,-0.10376591980457306
4851874816.0,-0.11463838070631027
4852812288.0,-0.12768417596817017
4853749760.0,-0.14117665588855743
4854687744.0,-0.15480250120162964
4855625216.0,-0.17007878422737122
4856562688.0,-0.18532699346542358
4857500160.0,-0.20089183747768402
4858437632.0,-0.21580253541469574
4859375104.0,-0.23142656683921814
4860312576.0,-0.2462329864501953
4861250048.0,-0.2594270706176758
4862187520.0,-0.2726985216140747
4863124992.0,-0.28406617045402527
4864062464.0,-0.2951459288597107
4864999936.0,-0.30459001660346985
4865937408.0,-0.3121729791164398
4866874880.0,-0.29736319184303284
4867812352.0,-0.30333608388900757
4868749824.0,-0.30969882011413574
4869687296.0,-0.31471800804138184
4870624768.0,-0.31885164976119995
4871562752.0,-0.3219476342201233
4872500224.0,-0.32434406876564026
4873437696.0,-0.32573607563972473
4874375168.0,-0.32571959495544434
4875312640.0,-0.32437849044799805
4876250112.0,-0.32188817858695984
4877187584.0,-0.3184215724468231
4878125056.0,-0.31358686089515686
4879062528.0,-0.30929800868034363
4880000000.0,-0.3029458224773407
4880937472.0,-0.2951834797859192
4881874944.0,-0.2872861325740814
4882812416.0,-0.2786111831665039
4883749888.0,-0.26877614855766296
4884687360.0,-0.2576846778392792
4885624832.0,-0.24668478965759277
4886562304.0,-0.23519645631313324
4887499776.0,-0.2226157784461975
4888437248.0,-0.20974098145961761
4889375232.0,-0.1967972218990326
4890312704.0,-0.18227335810661316
4891250176.0,-0.16873392462730408
4892187648.0,-0.15412157773971558
4893125120.0,-0.13865084946155548
4894062592.0,-0.1251450777053833
4895000064.0,-0.11042722314596176
4895937536.0,-0.09643615782260895
4896875008.0,-0.08222790062427521
4897812480.0,-0.06840812414884567
4898749952.0,-0.054444607347249985
4899687424.0,-0.042003706097602844
4900624896.0,-0.031186113134026527
4901562368.0,-0.020863931626081467
4902499840.0,-0.01092394907027483
4903437312.0,-0.0030947932973504066
4904374784.0,0.004848456010222435
4905312256.0,0.010568139143288136
4906250240.0,0.016254426911473274
4907187712.0,0.01995878852903843
4908125184.0,0.02132219821214676
4909062656.0,0.022965090349316597
4910000128.0,0.022845793515443802
4910937600.0,0.021685993298888206
4911875072.0,0.018573516979813576
4912812544.0,0.013089467771351337
4913750016.0,0.008911488577723503
4914687488.0,0.002160838805139065
4915624960.0,-0.005771805997937918
4916562432.0,-0.013388034887611866
4917499904.0,-0.022728633135557175
4918437376.0,-0.03269798681139946
4919374848.0,-0.04330907389521599
4920312320.0,-0.054992105811834335
4921249792.0,-0.066863514482975
4922187264.0,-0.07915648072957993
4923125248.0,-0.09180047363042831
4924062720.0,-0.10454005748033524
4925000192.0,-0.11709312349557877
4925937664.0,-0.17598801851272583
4926875136.0,-0.177875354886055
4927812608.0,-0.17883670330047607
4928750080.0,-0.18017782270908356
4929687552.0,-0.1809409260749817
4930625024.0,-0.18161113560199738
4931562496.0,-0.18242456018924713
4932499968.0,-0.18186233937740326
4933437440.0,-0.18119437992572784
4934374912.0,-0.17992372810840607
4935312384.0,-0.17820796370506287
4936249856.0,-0.1755485087633133
4937187328.0,-0.172795832157135
4938124800.0,-0.16907548904418945
4939062272.0,-0.16463181376457214
4940000256.0,-0.16000381112098694
4940937728.0,-0.15310432016849518
4941875200.0,-0.14675675332546234
4942812672.0,-0.13960161805152893
4943750144.0,-0.1320699155330658
4944687616.0,-0.12390149384737015
4945625088.0,-0.11586132645606995
4946562560.0,-0.10579012334346771
4947500032.0,-0.09683386236429214
4948437504.0,-0.0861244648694992
4949374976.0,-0.0772785171866417
4950312448.0,-0.06644832342863083
4951249920.0,-0.05550198256969452
4952187392.0,-0.04413803666830063
4953124864.0,-0.03375009819865227
4954062336.0,-0.024069005623459816
4954999808.0,-0.01362638734281063
4955937280.0,-0.0036509826313704252
4956874752.0,0.0051213656552135944
4957812736.0,0.01404368132352829
4958750208.0,0.021397145465016365
4959687680.0,0.02852463163435459
4960625152.0,0.035336025059223175
4961562624.0,0.0416342057287693
4962500096.0,0.045581378042697906
4963437568.0,0.049271777272224426
4964375040.0,0.05205126479268074
4965312512.0,0.053105421364307404
4966249984.0,0.05327751860022545
4967187456.0,0.053029146045446396
4968124928.0,0.050777141004800797
4969062400.0,0.048445429652929306
4969999872.0,0.04435145482420921
4970937344.0,0.03804290294647217
4971874816.0,0.03252166509628296
4972812288.0,0.025162966921925545
4973749760.0,0.017537295818328857
4974687744.0,0.00899329874664545
4975625216.0,0.00043219482176937163
4976562688.0,-0.008400720544159412
4977500160.0,-0.017743205651640892
4978437632.0,-0.027239065617322922
4979375104.0,-0.03650081530213356
4980312576.0,-0.04588020592927933
4981250048.0,-0.055061858147382736
4982187520.0,-0.06362424045801163
4983124992.0,-0.07252935320138931
4984062464.0,-0.0808117687702179
4984999936.0,-0.08845090866088867
4985937408.0,-0.13176342844963074
4986874880.0,-0.14171354472637177
4987812352.0,-0.14953842759132385
4988749824.0,-0.15694843232631683
4989687296.0,-0.16356787085533142
4990624768.0,-0.16892537474632263
4991562752.0,-0.17346243560314178
4992500224.0,-0.1757781058549881
4993437696.0,-0.17771971225738525
4994375168.0,-0.17845900356769562
4995312640.0,-0.17834128439426422
4996250112.0,-0.17614497244358063
4997187584.0,-0.17263557016849518
4998125056.0,-0.1685265153646469
4999062528.0,-0.16395877301692963
5000000000.0,-0.15649662911891937
5000937472.0,-0.1485048085451126
5001874944.0,-0.1401641070842743
5002812416.0,-0.13129660487174988
5003749888.0,-0.12205474078655243
5004687360.0,-0.1108134314417839
5005624832.0,-0.1003093495965004
5006562304.0,-0.08848161995410919
5007499776.0,-0.0781467854976654
5008437248.0,-0.06722704321146011
5009375232.0,-0.05530618503689766
5010312704.0,-0.04464341700077057
5011250176.0,-0.034235820174217224
5012187648.0,-0.022307222709059715
5013125120.0,-0.012585238553583622
5014062592.0,-0.00228761974722147
5015000064.0,0.006847843993455172
5015937536.0,0.016829444095492363
5016875008.0,0.024799130856990814
5017812480.0,0.032751165330410004
5018749952.0,0.0386718213558197
5019687424.0,0.04533633217215538
5020624896.0,0.04918867349624634
5021562368.0,0.05351129546761513
5022499840.0,0.05640065297484398
5023437312.0,0.0586441345512867
5024374784.0,0.05930222570896149
5025312256.0,0.060729850083589554
5026250240.0,0.059623464941978455
5027187712.0,0.0573820024728775
5028125184.0,0.05475851520895958
5029062656.0,0.051293469965457916
5030000128.0,0.04758791998028755
5030937600.0,0.043518394231796265
5031875072.0,0.03876328095793724
5032812544.0,0.03269021585583687
5033750016.0,0.026087794452905655
5034687488.0,0.01920427940785885
5035624960.0,0.013486150652170181
5036562432.0,0.005739373154938221
5037499904.0,-0.002157812239602208
5038437376.0,-0.008131271228194237
5039374848.0,-0.016183577477931976
5040312320.0,-0.02458222396671772
5041249792.0,-0.03200119361281395
5042187264.0,-0.04025965929031372
5043125248.0,-0.048077940940856934
5044062720.0,-0.05643092840909958
5045000192.0,-0.06495898962020874
5045937664.0,-0.08116608113050461
5046875136.0,-0.08936149626970291
5047812608.0,-0.09751709550619125
5048750080.0,-0.10539603978395462
5049687552.0,-0.11186812072992325
5050625024.0,-0.11949978023767471
5051562496.0,-0.12580083310604095
5052499968.0,-0.13106130063533783
5053437440.0,-0.13659027218818665
5054374912.0,-0.14156043529510498
5055312384.0,-0.1456245481967926
5056249856.0,-0.1484096199274063
5057187328.0,-0.15135397017002106
5058124800.0,-0.15242929756641388
5059062272.0,-0.15264388918876648
5059999744.0,-0.15351532399654388
5060937728.0,-0.15384213626384735
5061875200.0,-0.15266269445419312
5062812672.0,-0.15159374475479126
5063750144.0,-0.14907072484493256
5064687616.0,-0.1465039700269699
5065625088.0,-0.14282198250293732
5066562560.0,-0.13806432485580444
5067500032.0,-0.13285718858242035
5068437504.0,-0.12737753987312317
5069374976.0,-0.12142462283372879
5070312448.0,-0.11563099175691605
5071249920.0,-0.11002656817436218
5072187392.0,-0.10359641164541245
5073124864.0,-0.09800766408443451
5074062336.0,-0.09143897891044617
5074999808.0,-0.08537348359823227
5075937280.0,-0.07914851605892181
5076874752.0,-0.0730963945388794
5077812736.0,-0.06664574146270752
5078750208.0,-0.06097586825489998
5079687680.0,-0.05509058013558388
5080625152.0,-0.04982621967792511
5081562624.0,-0.04427257552742958
5082500096.0,-0.0388202928006649
5083437568.0,-0.034903109073638916
5084375040.0,-0.030965302139520645
5085312512.0,-0.027865327894687653
5086249984.0,-0.023272907361388206
5087187456.0,-0.02213667519390583
5088124928.0,-0.019631879404187202
5089062400.0,-0.018455561250448227
5089999872.0,-0.018332870677113533
5090937344.0,-0.01727820746600628
5091874816.0,-0.017534222453832626
5092812288.0,-0.01775386743247509
5093749760.0,-0.01946023665368557
5094687744.0,-0.02057894505560398
5095625216.0,-0.021947816014289856
5096562688.0,-0.024080287665128708
5097500160.0,-0.028004927560687065
5098437632.0,-0.03169520944356918
5099375104.0,-0.03449734300374985
5100312576.0,-0.03849373757839203
5101250048.0,-0.04327557235956192
5102187520.0,-0.0469241663813591
5103124992.0,-0.0509604774415493
5104062464.0,-0.05549977347254753
5104999936.0,-0.05971164628863335
5105937408.0,-0.13393820822238922
5106874880.0,-0.13864797353744507
5107812352.0,-0.14362600445747375
5108749824.0,-0.14646324515342712
5109687296.0,-0.14900696277618408
5110624768.0,-0.15114040672779083
5111562752.0,-0.15167179703712463
5112500224.0,-0.15158496797084808
5113437696.0,-0.1506153643131256
5114375168.0,-0.14966918528079987
5115312640.0,-0.14817053079605103
5116250112.0,-0.14569160342216492
5117187584.0,-0.14332924783229828
5118125056.0,-0.13965897262096405
5119062528.0,-0.13469821214675903
5120000000.0,-0.1303066611289978
5120937472.0,-0.1263917088508606
5121874944.0,-0.12156081199645996
5122812416.0,-0.1159510686993599
5123749888.0,-0.11128082871437073
5124687360.0,-0.10597588866949081
5125624832.0,-0.10012836754322052
5126562304.0,-0.09491334855556488
5127499776.0,-0.08885017782449722
5128437248.0,-0.0849001556634903
5129375232.0,-0.07965905964374542
5130312704.0,-0.07437922060489655
5131250176.0,-0.06920617073774338
5132187648.0,-0.06417708843946457
5133125120.0,-0.05924951657652855
5134062592.0,-0.05392847955226898
5135000064.0,-0.05026611313223839
5135937536.0,-0.04700188711285591
5136875008.0,-0.043073736131191254
5137812480.0,-0.0412696897983551
5138749952.0,-0.03910801559686661
5139687424.0,-0.03726152703166008
5140624896.0,-0.03718218952417374
5141562368.0,-0.037000495940446854
5142499840.0,-0.037030864506959915
5143437312.0,-0.03747277334332466
5144374784.0,-0.03988935053348541
5145312256.0,-0.042361389845609665
5146250240.0,-0.04544680565595627
5147187712.0,-0.0486929714679718
5148125184.0,-0.053145114332437515
5149062656.0,-0.05871393159031868
5150000128.0,-0.06314757466316223
5150937600.0,-0.06763982027769089
5151875072.0,-0.07348495721817017
5152812544.0,-0.07893354445695877
5153750016.0,-0.08489029854536057
5154687488.0,-0.09168755263090134
5155624960.0,-0.09896139800548553
5156562432.0,-0.10761362314224243
5157499904.0,-0.11469299346208572
5158437376.0,-0.12276776134967804
5159374848.0,-0.1315191090106964
5160312320.0,-0.13883213698863983
5161249792.0,-0.14961256086826324
5162187264.0,-0.15713085234165192
5163125248.0,-0.1661987453699112
5164062720.0,-0.17520104348659515
5165000192.0,-0.18472503125667572
5165937664.0,-0.1849900484085083
5166875136.0,-0.19635774195194244
5167812608.0,-0.20742765069007874
5168750080.0,-0.21720929443836212
5169687552.0,-0.22652164101600647
5170625024.0,-0.23429998755455017
5171562496.0,-0.23997843265533447
5172499968.0,-0.24486136436462402
5173437440.0,-0.24792297184467316
5174374912.0,-0.24928201735019684
5175312384.0,-0.2495594471693039
5176249856.0,-0.24846775829792023
5177187328.0,-0.24606142938137054
5178124800.0,-0.24238766729831696
5179062272.0,-0.2382359653711319
5180000256.0,-0.2332579642534256
5180937728.0,-0.22578281164169312
5181875200.0,-0.21775291860103607
5182812672.0,-0.2096317559480667
5183750144.0,-0.19951212406158447
5184687616.0,-0.1891309767961502
5185625088.0,-0.17746318876743317
5186562560.0,-0.16561858355998993
5187500032.0,-0.15283477306365967
5188437504.0,-0.14088621735572815
5189374976.0,-0.12798593938350677
5190312448.0,-0.11465661227703094
5191249920.0,-0.10097400099039078
5192187392.0,-0.08836441487073898
5193124864.0,-0.07545826584100723
5194062336.0,-0.062264587730169296
5194999808.0,-0.05039653182029724
5195937280.0,-0.03847478702664375
5196874752.0,-0.027031075209379196
5197812736.0,-0.01673857495188713
5198750208.0,-0.006824261974543333
5199687680.0,0.002966471016407013
5200625152.0,0.010266945697367191
5201562624.0,0.017636576667428017
5202500096.0,0.02272951789200306
5203437568.0,0.027690552175045013
5204375040.0,0.03122629225254059
5205312512.0,0.03384793549776077
5206249984.0,0.03481444716453552
5207187456.0,0.03423040732741356
5208124928.0,0.03323189914226532
5209062400.0,0.030277235433459282
5209999872.0,0.026191119104623795
5210937344.0,0.021308548748493195
5211874816.0,0.01487161684781313
5212812288.0,0.0072183324955403805
5213749760.0,-0.0025513991713523865
5214687744.0,-0.012770469300448895
5215625216.0,-0.02457902953028679
5216562688.0,-0.03774688392877579
5217500160.0,-0.050890784710645676
5218437632.0,-0.06570988148450851
5219375104.0,-0.08203009516000748
5220312576.0,-0.09812871366739273
5221250048.0,-0.11439055949449539
5222187520.0,-0.1318538784980774
5223124992.0,-0.14823003113269806
5224062464.0,-0.1662977635860443
5224999936.0,-0.18262358009815216
5225937408.0,-0.19318565726280212
5226874880.0,-0.20805463194847107
5227812352.0,-0.22295202314853668
5228749824.0,-0.23580005764961243
5229687296.0,-0.24711231887340546
5230624768.0,-0.2578287124633789
5231562752.0,-0.26741841435432434
5232500224.0,-0.27515047788619995
5233437696.0,-0.27956637740135193
5234375168.0,-0.28331458568573
5235312640.0,-0.2849138677120209
5236250112.0,-0.28308606147766113
5237187584.0,-0.28173717856407166
5238125056.0,-0.27654829621315
5239062528.0,-0.27210089564323425
5240000000.0,-0.26348230242729187
5240937472.0,-0.25302407145500183
5241874944.0,-0.24273911118507385
5242812416.0,-0.23005536198616028
5243749888.0,-0.2173011600971222
5244687360.0,-0.2030513733625412
5245624832.0,-0.18714721500873566
5246562304.0,-0.1710343360900879
5247499776.0,-0.1539980173110962
5248437248.0,-0.1375318467617035
5249375232.0,-0.12095564603805542
5250312704.0,-0.10398411005735397
5251250176.0,-0.08644747734069824
5252187648.0,-0.06909540295600891
5253125120.0,-0.05267464742064476
5254062592.0,-0.036534156650304794
5255000064.0,-0.020925216376781464
5255937536.0,-0.0070676556788384914
5256875008.0,0.005964568816125393
5257812480.0,0.018809154629707336
5258749952.0,0.028694169595837593
5259687424.0,0.03819286823272705
5260624896.0,0.04574235901236534
5261562368.0,0.052031535655260086
5262499840.0,0.05677058920264244
5263437312.0,0.06021256744861603
5264374784.0,0.06216079741716385
5265312256.0,0.06258006393909454
5266250240.0,0.061727073043584824
5267187712.0,0.05978919565677643
5268125184.0,0.055005937814712524
5269062656.0,0.05044431611895561
5270000128.0,0.04334917291998863
5270937600.0,0.03587719798088074
5271875072.0,0.02658870629966259
5272812544.0,0.017962731420993805
5273750016.0,0.007115640211850405
5274687488.0,-0.0034043951891362667
5275624960.0,-0.015467553399503231
5276562432.0,-0.02824086882174015
5277499904.0,-0.04234633594751358
5278437376.0,-0.05724826082587242
5279374848.0,-0.07193127274513245
5280312320.0,-0.08734256029129028
5281249792.0,-0.10278597474098206
5282187264.0,-0.1196071207523346
5283125248.0,-0.13604149222373962
5284062720.0,-0.1513693630695343
5285000192.0,-0.16637788712978363
5285937664.0,-0.19259846210479736
5286875136.0,-0.206160768866539
5287812608.0,-0.22035786509513855
5288750080.0,-0.2347528636455536
5289687552.0,-0.24617503583431244
5290625024.0,-0.26029154658317566
5291562496.0,-0.2726511061191559
5292499968.0,-0.28591814637184143
5293437440.0,-0.2997165620326996
5294374912.0,-0.3105105459690094
5295312384.0,-0.320895254611969
5296249856.0,-0.3297736942768097
5297187328.0,-0.33699923753738403
5298124800.0,-0.34379807114601135
5299062272.0,-0.3474022150039673
5299999744.0,-0.35137876868247986
5300937728.0,-0.3538767099380493
5301875200.0,-0.3542324900627136
5302812672.0,-0.3534788489341736
5303750144.0,-0.3513149321079254
5304687616.0,-0.348383367061615
5305625088.0,-0.3426179587841034
5306562560.0,-0.3358333110809326
5307500032.0,-0.32809537649154663
5308437504.0,-0.3191068768501282
5309374976.0,-0.3084885776042938
5310312448.0,-0.29784807562828064
5311249920.0,-0.28482314944267273
5312187392.0,-0.2723293900489807
5313124864.0,-0.25884491205215454
5314062336.0,-0.24369025230407715
5314999808.0,-0.22833552956581116
5315937280.0,-0.21093131601810455
5316874752.0,-0.19338175654411316
5317812736.0,-0.17743416130542755
5318750208.0,-0.15941445529460907
5319687680.0,-0.14183521270751953
5320625152.0,-0.12231238931417465
5321562624.0,-0.104214608669281
5322500096.0,-0.08616942912340164
5323437568.0,-0.06859361380338669
5324375040.0,-0.05266615003347397
5325312512.0,-0.035956431180238724
5326249984.0,-0.020488804206252098
5327187456.0,-0.006311060395091772
5328124928.0,0.007291645742952824
5329062400.0,0.018454641103744507
5329999872.0,0.03019150346517563
5330937344.0,0.04071984812617302
5331874816.0,0.05000946670770645
5332812288.0,0.0547991581261158
5333749760.0,0.057186439633369446
5334687744.0,0.05915544182062149
5335625216.0,0.05825014412403107
5336562688.0,0.05573608726263046
5337500160.0,0.05081769824028015
5338437632.0,0.04447022080421448
5339375104.0,0.03543698415160179
5340312576.0,0.024088473990559578
5341250048.0,0.01076324563473463
5342187520.0,-0.005429073702543974
5343124992.0,-0.0227851290255785
5344062464.0,-0.042435791343450546
5344999936.0,-0.06402944028377533
5345937408.0,-0.3422320783138275
5346874880.0,-0.35668379068374634
5347812352.0,-0.37089407444000244
5348749824.0,-0.3839689791202545
5349687296.0,-0.39510366320610046
5350624768.0,-0.406442791223526
5351562752.0,-0.4169265925884247
5352500224.0,-0.4253941476345062
5353437696.0,-0.4326455295085907
5354375168.0,-0.43896904587745667
5355312640.0,-0.44451090693473816
5356250112.0,-0.44825106859207153
5357187584.0,-0.45042911171913147
5358125056.0,-0.4497672915458679
5359062528.0,-0.4479842483997345
5360000000.0,-0.444020539522171
5360937472.0,-0.43850868940353394
5361874944.0,-0.43104320764541626
5362812416.0,-0.4219294488430023
5363749888.0,-0.41243216395378113
5364687360.0,-0.40067845582962036
5365624832.0,-0.3883465826511383
5366562304.0,-0.37477439641952515
5367499776.0,-0.3596847355365753
5368437248.0,-0.3437268137931824
5369375232.0,-0.327473908662796
5370312704.0,-0.30962038040161133
5371250176.0,-0.29161325097084045
5372187648.0,-0.2726481258869171
5373125120.0,-0.2545830309391022
5374062592.0,-0.2350340038537979
5375000064.0,-0.21633882820606232
5375937536.0,-0.19761259853839874
5376875008.0,-0.17805665731430054
5377812480.0,-0.15985456109046936
5378749952.0,-0.14245161414146423
5379687424.0,-0.12710890173912048
5380624896.0,-0.11040704697370529
5381562368.0,-0.09548545628786087
5382499840.0,-0.08320403844118118
5383437312.0,-0.06925555318593979
5384374784.0,-0.05698060244321823
5385312256.0,-0.046956125646829605
5386250240.0,-0.03803802281618118
5387187712.0,-0.031332630664110184
5388125184.0,-0.02713141031563282
5389062656.0,-0.025394221767783165
5390000128.0,-0.025264739990234375
5390937600.0,-0.02768421173095703
5391875072.0,-0.03388672322034836
5392812544.0,-0.04080638661980629
5393750016.0,-0.05081002414226532
5394687488.0,-0.06268151849508286
5395624960.0,-0.07659412175416946
5396562432.0,-0.09179729968309402
5397499904.0,-0.11010286211967468
5398437376.0,-0.12802128493785858
5399374848.0,-0.14938409626483917
5400312320.0,-0.1707841008901596
5401249792.0,-0.19248026609420776
5402187264.0,-0.2156367301940918
5403125248.0,-0.23762479424476624
5404062720.0,-0.2609909176826477
5405000192.0,-0.28222450613975525
5405937664.0,-0.3231414258480072
5406875136.0,-0.3392416834831238
5407812608.0,-0.35243675112724304
5408750080.0,-0.3642929494380951
5409687552.0,-0.3744218945503235
5410625024.0,-0.38270407915115356
5411562496.0,-0.38877740502357483
5412499968.0,-0.39226311445236206
5413437440.0,-0.392545610666275
5414374912.0,-0.39076316356658936
5415312384.0,-0.38657382130622864
5416249856.0,-0.3801429569721222
5417187328.0,-0.37181103229522705
5418124800.0,-0.36065131425857544
5419062272.0,-0.34729892015457153
5420000256.0,-0.3326530158519745
5420937728.0,-0.3152811527252197
5421875200.0,-0.29662734270095825
5422812672.0,-0.2777289152145386
5423750144.0,-0.2565254271030426
5424687616.0,-0.2353687882423401
5425625088.0,-0.21302030980587006
5426562560.0,-0.19131556153297424
5427500032.0,-0.16854801774024963
5428437504.0,-0.14612898230552673
5429374976.0,-0.12432803958654404
5430312448.0,-0.10342799872159958
5431249920.0,-0.08380961418151855
5432187392.0,-0.06624418497085571
5433124864.0,-0.04857313632965088
5434062336.0,-0.03370550647377968
5434999808.0,-0.020329998806118965
5435937280.0,-0.008763046935200691
5436874752.0,-0.00011426329001551494
5437812736.0,0.007479492109268904
5438750208.0,0.011903385631740093
5439687680.0,0.014327237382531166
5440625152.0,0.012978781946003437
5441562624.0,0.00987309217453003
5442500096.0,0.003654818283393979
5443437568.0,-0.005284774117171764
5444375040.0,-0.016109582036733627
5445312512.0,-0.0299833957105875
5446249984.0,-0.04555577039718628
5447187456.0,-0.06378411501646042
5448124928.0,-0.08442854136228561
5449062400.0,-0.10641811043024063
5449999872.0,-0.1300644427537918
5450937344.0,-0.15503744781017303
5451874816.0,-0.18080644309520721
5452812288.0,-0.20736104249954224
5453749760.0,-0.23476381599903107
5454687744.0,-0.2630007565021515
5455625216.0,-0.29077693819999695
5456562688.0,-0.31884312629699707
5457500160.0,-0.3461739420890808
5458437632.0,-0.3727089762687683
5459375104.0,-0.39844509959220886
5460312576.0,-0.42159584164619446
5461250048.0,-0.44447821378707886
5462187520.0,-0.4638384282588959
5463124992.0,-0.4822600781917572
5464062464.0,-0.4987407922744751
5464999936.0,-0.5121650695800781
5465937408.0,-0.4340124726295471
5466874880.0,-0.4480367600917816
5467812352.0,-0.4595005512237549
5468749824.0,-0.4703230857849121
5469687296.0,-0.4778549373149872
5470624768.0,-0.4836294651031494
5471562752.0,-0.4868019223213196
5472500224.0,-0.4878137409687042
5473437696.0,-0.4857325851917267
5474375168.0,-0.48189055919647217
5475312640.0,-0.4759349822998047
5476250112.0,-0.4671798050403595
5477187584.0,-0.45600730180740356
5478125056.0,-0.44444936513900757
5479062528.0,-0.4287396967411041
5480000000.0,-0.4124312400817871
5480937472.0,-0.3945342004299164
5481874944.0,-0.37497174739837646
5482812416.0,-0.35498058795928955
5483749888.0,-0.3355148434638977
5484687360.0,-0.3139037489891052
5485624832.0,-0.29274508357048035
5486562304.0,-0.27285271883010864
5487499776.0,-0.25361403822898865
5488437248.0,-0.23398292064666748
5489375232.0,-0.21593400835990906
5490312704.0,-0.19795304536819458
5491250176.0,-0.1844949573278427
5492187648.0,-0.17054294049739838
5493125120.0,-0.15793082118034363
5494062592.0,-0.14904053509235382
5495000064.0,-0.1422698050737381
5495937536.0,-0.13866138458251953
5496875008.0,-0.13750851154327393
5497812480.0,-0.13999027013778687
5498749952.0,-0.14309243857860565
5499687424.0,-0.15016357600688934
5500624896.0,-0.1593908816576004
5501562368.0,-0.17100104689598083
5502499840.0,-0.18587155640125275
5503437312.0,-0.2015458047389984
5504374784.0,-0.22071146965026855
5505312256.0,-0.24264466762542725
5506250240.0,-0.2647150456905365
5507187712.0,-0.28895431756973267
5508125184.0,-0.3145757019519806
5509062656.0,-0.34212034940719604
5510000128.0,-0.37177515029907227
5510937600.0,-0.4046333432197571
5511875072.0,-0.43742331862449646
5512812544.0,-0.47047337889671326
5513750016.0,-0.5033743381500244
5514687488.0,-0.5353298783302307
5515624960.0,-0.5670979022979736
5516562432.0,-0.598125159740448
5517499904.0,-0.6286210417747498
5518437376.0,-0.6591662168502808
5519374848.0,-0.6891390085220337
5520312320.0,-0.717374861240387
5521249792.0,-0.7458109259605408
5522187264.0,-0.7733962535858154
5523125248.0,-0.8020418882369995
5524062720.0,-0.8294752836227417
5525000192.0,-0.8574711084365845
5525937664.0,-0.7209326028823853
5526875136.0,-0.7330753207206726
5527812608.0,-0.7466585636138916
5528750080.0,-0.7619118690490723
5529687552.0,-0.7782863974571228
5530625024.0,-0.7968145608901978
5531562496.0,-0.8151934742927551
5532499968.0,-0.8358376622200012
5533437440.0,-0.8568279147148132
5534374912.0,-0.8777552843093872
5535312384.0,-0.9000966548919678
5536249856.0,-0.9228118062019348
5537187328.0,-0.9454852342605591
5538124800.0,-0.9665487408638
5539062272.0,-0.986691951751709
5539999744.0,-1.005744218826294
5540937728.0,-1.022947072982788
5541875200.0,-1.036378264427185
5542812672.0,-1.0473353862762451
5543750144.0,-1.0562689304351807
5544687616.0,-1.0601147413253784
5545625088.0,-1.0597851276397705
5546562560.0,-1.056747555732727
5547500032.0,-1.0493334531784058
5548437504.0,-1.0379462242126465
5549374976.0,-1.0227653980255127
5550312448.0,-1.0032991170883179
5551249920.0,-0.9802854061126709
5552187392.0,-0.955537736415863
5553124864.0,-0.9277458786964417
5554062336.0,-0.8979002237319946
5554999808.0,-0.8678967356681824
5555937280.0,-0.8370512127876282
5556874752.0,-0.8061184883117676
5557812736.0,-0.7745886445045471
5558750208.0,-0.7462508678436279
5559687680.0,-0.7179994583129883
5560625152.0,-0.6904354095458984
5561562624.0,-0.6653530597686768
5562500096.0,-0.6418272852897644
5563437568.0,-0.6220067143440247
5564375040.0,-0.6039441823959351
5565312512.0,-0.5885772109031677
5566249984.0,-0.5745324492454529
5567187456.0,-0.5610308051109314
5568124928.0,-0.5494668483734131
5569062400.0,-0.5371330380439758
5569999872.0,-0.5254114270210266
5570937344.0,-0.5142713189125061
5571874816.0,-0.5025790333747864
5572812288.0,-0.490787535905838
5573749760.0,-0.4802316725254059
5574687744.0,-0.47017619013786316
5575625216.0,-0.4618554413318634
5576562688.0,-0.45448243618011475
5577500160.0,-0.4486895501613617
5578437632.0,-0.4448750913143158
5579375104.0,-0.44256988167762756
5580312576.0,-0.4412516951560974
5581250048.0,-0.44076406955718994
5582187520.0,-0.44205033779144287
5583124992.0,-0.4435686469078064
5584062464.0,-0.44484490156173706
5584999936.0,-0.44682252407073975
5585937408.0,-0.42049461603164673
5586874880.0,-0.4107016324996948
5587812352.0,-0.3991459906101227
5588749824.0,-0.38421204686164856
5589687296.0,-0.3707539141178131
5590624768.0,-0.3538367450237274
5591562752.0,-0.33706891536712646
5592500224.0,-0.3188859224319458
5593437696.0,-0.3003869652748108
5594375168.0,-0.2808990180492401
5595312640.0,-0.26127883791923523
5596250112.0,-0.24167472124099731
5597187584.0,-0.22171233594417572
5598125056.0,-0.2024543285369873
5599062528.0,-0.18264998495578766
5600000000.0,-0.1642337292432785
5600937472.0,-0.14621002972126007
5601874944.0,-0.12946444749832153
5602812416.0,-0.11329535394906998
5603749888.0,-0.09777668118476868
5604687360.0,-0.08475948125123978
5605624832.0,-0.07280358672142029
5606562304.0,-0.06359990686178207
5607499776.0,-0.055550310760736465
5608437248.0,-0.04809227213263512
5609375232.0,-0.044497836381196976
5610312704.0,-0.04103940725326538
5611250176.0,-0.0403512604534626
5612187648.0,-0.040653008967638016
5613125120.0,-0.042205482721328735
5614062592.0,-0.04608695209026337
5615000064.0,-0.051980067044496536
5615937536.0,-0.05940753221511841
5616875008.0,-0.06618240475654602
5617812480.0,-0.07705474644899368
5618749952.0,-0.08746453374624252
5619687424.0,-0.09944175183773041
5620624896.0,-0.11171974241733551
5621562368.0,-0.1244993731379509
5622499840.0,-0.13862492144107819
5623437312.0,-0.1522662490606308
5624374784.0,-0.1659693419933319
5625312256.0,-0.17958948016166687
5626250240.0,-0.19206418097019196
5627187712.0,-0.20545640587806702
5628125184.0,-0.21742838621139526
5629062656.0,-0.2296893447637558
5630000128.0,-0.23887981474399567
5630937600.0,-0.2502080202102661
5631875072.0,-0.25799456238746643
5632812544.0,-0.2649697959423065
5633750016.0,-0.2701593041419983
5634687488.0,-0.2722344398498535
5635624960.0,-0.2743034362792969
5636562432.0,-0.27405616641044617
5637499904.0,-0.2718365788459778
5638437376.0,-0.26868098974227905
5639374848.0,-0.26302027702331543
5640312320.0,-0.25718560814857483
5641249792.0,-0.2483309656381607
5642187264.0,-0.23860019445419312
5643125248.0,-0.2277807891368866
5644062720.0,-0.21790848672389984
5645000192.0,-0.20337598025798798
5645937664.0,-0.17776890099048615
5646875136.0,-0.1807999163866043
5647812608.0,-0.18285854160785675
5648750080.0,-0.18351462483406067
5649687552.0,-0.18322305381298065
5650625024.0,-0.18193989992141724
5651562496.0,-0.17817507684230804
5652499968.0,-0.17404799163341522
5653437440.0,-0.16892887651920319
5654374912.0,-0.16256143152713776
5655312384.0,-0.15434661507606506
5656249856.0,-0.14696462452411652
5657187328.0,-0.13912725448608398
5658124800.0,-0.13064777851104736
5659062272.0,-0.12317339330911636
5660000256.0,-0.11538193374872208
5660937728.0,-0.10856834799051285
5661875200.0,-0.10151031613349915
5662812672.0,-0.09582208096981049
5663750144.0,-0.09057848155498505
5664687616.0,-0.08594319224357605
5665625088.0,-0.08305678516626358
5666562560.0,-0.08067648857831955
5667500032.0,-0.07972762733697891
5668437504.0,-0.0800250843167305
5669374976.0,-0.08047710359096527
5670312448.0,-0.08208516240119934
5671249920.0,-0.08563308417797089
5672187392.0,-0.08963488787412643
5673124864.0,-0.09484461694955826
5674062336.0,-0.1010342612862587
5674999808.0,-0.10668957978487015
5675937280.0,-0.11366009712219238
5676874752.0,-0.12102162092924118
5677812736.0,-0.1297094225883484
5678750208.0,-0.13736975193023682
5679687680.0,-0.14646317064762115
5680625152.0,-0.15466880798339844
5681562624.0,-0.16317224502563477
5682500096.0,-0.17093361914157867
5683437568.0,-0.1794135570526123
5684375040.0,-0.18625368177890778
5685312512.0,-0.19315649569034576
5686249984.0,-0.19931459426879883
5687187456.0,-0.20315349102020264
5688124928.0,-0.20849931240081787
5689062400.0,-0.2118787318468094
5689999872.0,-0.216035395860672
5690937344.0,-0.2188863307237625
5691874816.0,-0.22024227678775787
5692812288.0,-0.22328653931617737
5693749760.0,-0.2258005291223526
5694687744.0,-0.22825495898723602
5695625216.0,-0.23082660138607025
5696562688.0,-0.23430034518241882
5697500160.0,-0.23844259977340698
5698437632.0,-0.2443254441022873
5699375104.0,-0.2499386966228485
5700312576.0,-0.25644686818122864
5701250048.0,-0.2632735073566437
5702187520.0,-0.27242210507392883
5703124992.0,-0.28273794054985046
5704062464.0,-0.29337430000305176
5704999936.0,-0.30583444237709045
5705937408.0,-0.1983938366174698
5706874880.0,-0.21909686923027039
5707812352.0,-0.2397059053182602
5708749824.0,-0.26103827357292175
5709687296.0,-0.27958041429519653
5710624768.0,-0.29861214756965637
5711562752.0,-0.3154107928276062
5712500224.0,-0.3316088616847992
5713437696.0,-0.3437808156013489
5714375168.0,-0.3528403341770172
5715312640.0,-0.360392689704895
5716250112.0,-0.36139586567878723
5717187584.0,-0.35985931754112244
5718125056.0,-0.3538845181465149
5719062528.0,-0.3441106081008911
5720000000.0,-0.32858261466026306
5720937472.0,-0.3098534643650055
5721874944.0,-0.2865137755870819
5722812416.0,-0.25906848907470703
5723749888.0,-0.22782857716083527
5724687360.0,-0.19372665882110596
5725624832.0,-0.15734070539474487
5726562304.0,-0.11901715397834778
5727499776.0,-0.07822158187627792
5728437248.0,-0.03789091482758522
5729375232.0,0.0018027364276349545
5730312704.0,0.041530001908540726
5731250176.0,0.07829161733388901
5732187648.0,0.11227060109376907
5733125120.0,0.14422331750392914
5734062592.0,0.17264004051685333
5735000064.0,0.19588163495063782
5735937536.0,0.2157546430826187
5736875008.0,0.23056258261203766
5737812480.0,0.24004770815372467
5738749952.0,0.2463935911655426
5739687424.0,0.24791236221790314
5740624896.0,0.24611006677150726
5741562368.0,0.240275576710701
5742499840.0,0.23245982825756073
5743437312.0,0.22114169597625732
5744374784.0,0.2085951566696167
5745312256.0,0.1948052942752838
5746250240.0,0.1806650608778
5747187712.0,0.16631166636943817
5748125184.0,0.15104703605175018
5749062656.0,0.13724985718727112
5750000128.0,0.12263369560241699
5750937600.0,0.11013059318065643
5751875072.0,0.09800330549478531
5752812544.0,0.08681920170783997
5753750016.0,0.076802097260952
5754687488.0,0.06756225973367691
5755624960.0,0.05423358082771301
5756562432.0,0.03431515023112297
5757499904.0,0.010195553302764893
5758437376.0,-0.014901204966008663
5759374848.0,-0.042167287319898605
5760312320.0,-0.07223448157310486
5761249792.0,-0.10186369717121124
5762187264.0,-0.132025346159935
5763125248.0,-0.1638268083333969
5764062720.0,-0.19471929967403412
5765000192.0,-0.22524264454841614
5765937664.0,-0.15570229291915894
5766875136.0,-0.16363583505153656
5767812608.0,-0.1721307337284088
5768750080.0,-0.18034709990024567
5769687552.0,-0.18985585868358612
5770625024.0,-0.1993117332458496
5771562496.0,-0.20990781486034393
5772499968.0,-0.2191416174173355
5773437440.0,-0.23013530671596527
5774374912.0,-0.2403431236743927
5775312384.0,-0.2515101134777069
5776249856.0,-0.26122698187828064
5777187328.0,-0.2717970609664917
5778124800.0,-0.2834185063838959
5779062272.0,-0.29519417881965637
5779999744.0,-0.3061809837818146
5780937728.0,-0.31749626994132996
5781875200.0,-0.328645795583725
5782812672.0,-0.34022387862205505
5783750144.0,-0.35133111476898193
5784687616.0,-0.3612632751464844
5785625088.0,-0.37116673588752747
5786562560.0,-0.3805012106895447
5787500032.0,-0.3885997235774994
5788437504.0,-0.39703065156936646
5789374976.0,-0.40314042568206787
5790312448.0,-0.4084796905517578
5791249920.0,-0.4121837317943573
5792187392.0,-0.4151190519332886
5793124864.0,-0.4161911606788635
5794062336.0,-0.41623061895370483
5794999808.0,-0.4154435694217682
5795937280.0,-0.4120559096336365
5796874752.0,-0.4075417220592499
5797812736.0,-0.40002015233039856
5798750208.0,-0.39107492566108704
5799687680.0,-0.38160476088523865
5800625152.0,-0.3711663484573364
5801562624.0,-0.3576221764087677
5802500096.0,-0.34327155351638794
5803437568.0,-0.3284827172756195
5804375040.0,-0.31085747480392456
5805312512.0,-0.2951522469520569
5806249984.0,-0.2755047678947449
5807187456.0,-0.257190465927124
5808124928.0,-0.2383372187614441
5809062400.0,-0.21852096915245056
5809999872.0,-0.19882693886756897
5810937344.0,-0.17941279709339142
5811874816.0,-0.15961851179599762
5812812288.0,-0.14071927964687347
5813749760.0,-0.12270861119031906
5814687744.0,-0.1051977202296257
5815625216.0,-0.09143643826246262
5816562688.0,-0.07779555767774582
5817500160.0,-0.06516890972852707
5818437632.0,-0.0541897788643837
5819375104.0,-0.04531494528055191
5820312576.0,-0.039112694561481476
5821250048.0,-0.033956367522478104
5822187520.0,-0.03166178613901138
5823124992.0,-0.03062089905142784
5824062464.0,-0.031538721174001694
5824999936.0,-0.034845586866140366
5825937408.0,-0.22832190990447998
5826874880.0,-0.23125909268856049
5827812352.0,-0.2316453605890274
5828749824.0,-0.23404309153556824
5829687296.0,-0.23576883971691132
5830624768.0,-0.236637681722641
5831562752.0,-0.2385597676038742
5832500224.0,-0.2400839924812317
5833437696.0,-0.2411915361881256
5834375168.0,-0.24267180263996124
5835312640.0,-0.2456335723400116
5836250112.0,-0.24759776890277863
5837187584.0,-0.24992281198501587
5838125056.0,-0.2529028058052063
5839062528.0,-0.2570677399635315
5840000000.0,-0.26191771030426025
5840937472.0,-0.26725953817367554
5841874944.0,-0.27315017580986023
5842812416.0,-0.2778148949146271
5843749888.0,-0.2844458818435669
5844687360.0,-0.2896302342414856
5845624832.0,-0.2952617108821869
5846562304.0,-0.30099737644195557
5847499776.0,-0.303985595703125
5848437248.0,-0.30867519974708557
5849375232.0,-0.3119921386241913
5850312704.0,-0.3147159516811371
5851250176.0,-0.3194047212600708
5852187648.0,-0.3213731050491333
5853125120.0,-0.3244468569755554
5854062592.0,-0.3278198838233948
5855000064.0,-0.3289209306240082
5855937536.0,-0.329641193151474
5856875008.0,-0.3311884105205536
5857812480.0,-0.33202609419822693
5858749952.0,-0.3310239315032959
5859687424.0,-0.329994797706604
5860624896.0,-0.3300386667251587
5861562368.0,-0.32689887285232544
5862499840.0,-0.3250497877597809
5863437312.0,-0.3224722743034363
5864374784.0,-0.3200565576553345
5865312256.0,-0.3176807165145874
5866250240.0,-0.3160175085067749
5867187712.0,-0.3131709396839142
5868125184.0,-0.3107216954231262
5869062656.0,-0.308664470911026
5870000128.0,-0.3081495761871338
5870937600.0,-0.3060334026813507
5871875072.0,-0.3063744306564331
5872812544.0,-0.3064659833908081
5873750016.0,-0.30735746026039124
5874687488.0,-0.30896759033203125
5875624960.0,-0.3106843829154968
5876562432.0,-0.31332898139953613
5877499904.0,-0.3148462176322937
5878437376.0,-0.31831231713294983
5879374848.0,-0.3218793272972107
5880312320.0,-0.3247462511062622
5881249792.0,-0.3294636309146881
5882187264.0,-0.334001749753952
5883125248.0,-0.33868926763534546
5884062720.0,-0.3428083062171936
5885000192.0,-0.34783560037612915
5885937664.0,-0.3621787130832672
5886875136.0,-0.36728435754776
5887812608.0,-0.37199994921684265
5888750080.0,-0.3759399652481079
5889687552.0,-0.3796369433403015
5890625024.0,-0.38366949558258057
5891562496.0,-0.3867775797843933
5892499968.0,-0.38915759325027466
5893437440.0,-0.3905909061431885
5894374912.0,-0.39193665981292725
5895312384.0,-0.3912966549396515
5896249856.0,-0.3916098475456238
5897187328.0,-0.391068696975708
5898124800.0,-0.3895200788974762
5899062272.0,-0.38921085000038147
5900000256.0,-0.3886783719062805
5900937728.0,-0.3874433636665344
5901875200.0,-0.3862248361110687
5902812672.0,-0.38441285490989685
5903750144.0,-0.3841160237789154
5904687616.0,-0.3821756839752197
5905625088.0,-0.38166338205337524
5906562560.0,-0.37902557849884033
5907500032.0,-0.3776567876338959
5908437504.0,-0.37689781188964844
5909374976.0,-0.37560170888900757
5910312448.0,-0.3747926354408264
5911249920.0,-0.37432146072387695
5912187392.0,-0.37421467900276184
5913124864.0,-0.3750699758529663
5914062336.0,-0.3754553496837616
5914999808.0,-0.3767426311969757
5915937280.0,-0.37859249114990234
5916874752.0,-0.3817479610443115
5917812736.0,-0.3854576647281647
5918750208.0,-0.39050227403640747
5919687680.0,-0.3954757750034332
5920625152.0,-0.40358126163482666
5921562624.0,-0.40990763902664185
5922500096.0,-0.4183591902256012
5923437568.0,-0.4271619915962219
5924375040.0,-0.43673744797706604
5925312512.0,-0.4466399550437927
5926249984.0,-0.45724761486053467
5927187456.0,-0.4689067602157593
5928124928.0,-0.4803597331047058
5929062400.0,-0.4934348165988922
5929999872.0,-0.5049971342086792
5930937344.0,-0.5155693888664246
5931874816.0,-0.528106689453125
5932812288.0,-0.538930356502533
5933749760.0,-0.5492964386940002
5934687744.0,-0.5598490238189697
5935625216.0,-0.5709574222564697
5936562688.0,-0.5802724957466125
5937500160.0,-0.589690625667572
5938437632.0,-0.5994141101837158
5939375104.0,-0.6061219573020935
5940312576.0,-0.6119646430015564
5941250048.0,-0.6165676116943359
5942187520.0,-0.6209101676940918
5943124992.0,-0.6236129999160767
5944062464.0,-0.6247761845588684
5944999936.0,-0.6249781847000122
5945937408.0,-0.4113960862159729
5946874880.0,-0.42759793996810913
5947812352.0,-0.44324633479118347
5948749824.0,-0.45966893434524536
5949687296.0,-0.475357323884964
5950624768.0,-0.49058589339256287
5951562752.0,-0.505517840385437
5952500224.0,-0.5191357731819153
5953437696.0,-0.5325826406478882
5954375168.0,-0.5443105101585388
5955312640.0,-0.5551366209983826
5956250112.0,-0.5642730593681335
5957187584.0,-0.5726195573806763
5958125056.0,-0.5781860947608948
5959062528.0,-0.5829671025276184
5960000000.0,-0.5851513147354126
5960937472.0,-0.5846496224403381
5961874944.0,-0.582536518573761
5962812416.0,-0.5779989361763
5963749888.0,-0.5716694593429565
5964687360.0,-0.5635668635368347
5965624832.0,-0.5545657277107239
5966562304.0,-0.54399573802948
5967499776.0,-0.5326255559921265
5968437248.0,-0.5204059481620789
5969375232.0,-0.5077233910560608
5970312704.0,-0.4949537515640259
5971250176.0,-0.4822619557380676
5972187648.0,-0.4697040319442749
5973125120.0,-0.4571530818939209
5974062592.0,-0.4469850957393646
5975000064.0,-0.4374171197414398
5975937536.0,-0.4282989799976349
5976875008.0,-0.4202427566051483
5977812480.0,-0.41387689113616943
5978749952.0,-0.4084016680717468
5979687424.0,-0.4044296443462372
5980624896.0,-0.4012680649757385
5981562368.0,-0.40034934878349304
5982499840.0,-0.3994450569152832
5983437312.0,-0.39987489581108093
5984374784.0,-0.4017419219017029
5985312256.0,-0.403189092874527
5986250240.0,-0.40618500113487244
5987187712.0,-0.40983304381370544
5988125184.0,-0.4119642972946167
5989062656.0,-0.41633912920951843
5990000128.0,-0.42080119252204895
5990937600.0,-0.4244793653488159
5991875072.0,-0.4289063513278961
5992812544.0,-0.4325544536113739
5993750016.0,-0.4379930794239044
5994687488.0,-0.4411777853965759
5995624960.0,-0.44547444581985474
5996562432.0,-0.4481778144836426
5997499904.0,-0.45226988196372986
5998437376.0,-0.45495712757110596
5999374848.0,-0.45985159277915955
6000312320.0,-0.46182504296302795
6001249792.0,-0.4642550051212311
6002187264.0,-0.4678766131401062
6003125248.0,-0.4707660377025604
6004062720.0,-0.4742957353591919
6005000192.0,-0.37136948108673096
6005937664.0,-0.3809342384338379
6006875136.0,-0.3910031318664551
6007812608.0,-0.40143638849258423
6008750080.0,-0.41482311487197876
6009687552.0,-0.4278271794319153
6010625024.0,-0.44260698556900024
6011562496.0,-0.45845791697502136
6012499968.0,-0.47586962580680847
6013437440.0,-0.49295729398727417
6014374912.0,-0.5113286375999451
6015312384.0,-0.5295271277427673
6016249856.0,-0.5488454699516296
6017187328.0,-0.5669957995414734
6018124800.0,-0.5861445665359497
6019062272.0,-0.6036558747291565
6019999744.0,-0.6212484240531921
6020937728.0,-0.6372821927070618
6021875200.0,-0.6522702574729919
6022812672.0,-0.6654765009880066
6023750144.0,-0.6762390732765198
6024687616.0,-0.6859831809997559
6025625088.0,-0.6939970850944519
6026562560.0,-0.7011730670928955
6027500032.0,-0.7056769728660583
6028437504.0,-0.7079089283943176
6029374976.0,-0.7088866233825684
6030312448.0,-0.7073450684547424
6031249920.0,-0.7040835022926331
6032187392.0,-0.6985054016113281
6033124864.0,-0.6922152042388916
6034062336.0,-0.684229850769043
6034999808.0,-0.6743661761283875
6035937280.0,-0.6618089079856873
6036874752.0,-0.6494948267936707
6037812736.0,-0.6343186497688293
6038750208.0,-0.6190077662467957
6039687680.0,-0.6037477254867554
6040625152.0,-0.5861227512359619
6041562624.0,-0.5689195990562439
6042500096.0,-0.5534225702285767
6043437568.0,-0.536370575428009
6044375040.0,-0.5193342566490173
6045312512.0,-0.5028344392776489
6046249984.0,-0.4877909719944
6047187456.0,-0.4718743562698364
6048124928.0,-0.4577769935131073
6049062400.0,-0.4444776773452759
6049999872.0,-0.43199464678764343
6050937344.0,-0.42083442211151123
6051874816.0,-0.4109016954898834
6052812288.0,-0.401095986366272
6053749760.0,-0.39367929100990295
6054687744.0,-0.38720130920410156
6055625216.0,-0.38190963864326477
6056562688.0,-0.3781941831111908
6057500160.0,-0.3751503825187683
6058437632.0,-0.37254077196121216
6059375104.0,-0.3725224435329437
6060312576.0,-0.37278464436531067
6061250048.0,-0.37386223673820496
6062187520.0,-0.3765791952610016
6063124992.0,-0.379668265581131
6064062464.0,-0.3831881284713745
6064999936.0,-0.38107797503471375
6065937408.0,-0.38664981722831726
6066874880.0,-0.3925338685512543
6067812352.0,-0.3993241488933563
6068749824.0,-0.4065936803817749
6069687296.0,-0.4148266613483429
6070624768.0,-0.4235900044441223
6071562752.0,-0.4329577088356018
6072500224.0,-0.442959189414978
6073437696.0,-0.45247045159339905
6074375168.0,-0.46271875500679016
6075312640.0,-0.4720114767551422
6076250112.0,-0.4833294153213501
6077187584.0,-0.4914843738079071
6078125056.0,-0.501235842704773
6079062528.0,-0.5096668004989624
6080000000.0,-0.5183073282241821
6080937472.0,-0.5260283946990967
6081874944.0,-0.5325947999954224
6082812416.0,-0.5383903980255127
6083749888.0,-0.5437759757041931
6084687360.0,-0.5473207831382751
6085624832.0,-0.5499991774559021
6086562304.0,-0.5538796782493591
6087499776.0,-0.5554003119468689
6088437248.0,-0.5583339929580688
6089375232.0,-0.558665931224823
6090312704.0,-0.5575387477874756
6091250176.0,-0.5568742156028748
6092187648.0,-0.555371880531311
6093125120.0,-0.5503560900688171
6094062592.0,-0.5461059808731079
6095000064.0,-0.5399242639541626
6095937536.0,-0.53171706199646
6096875008.0,-0.5240683555603027
6097812480.0,-0.5156442523002625
6098749952.0,-0.5058380365371704
6099687424.0,-0.49682697653770447
6100624896.0,-0.4873505234718323
6101562368.0,-0.4769044816493988
6102499840.0,-0.4666179418563843
6103437312.0,-0.4569137990474701
6104374784.0,-0.4480113387107849
6105312256.0,-0.4391911029815674
6106250240.0,-0.4293179512023926
6107187712.0,-0.4219934642314911
6108125184.0,-0.41410255432128906
6109062656.0,-0.4057595729827881
6110000128.0,-0.3994829058647156
6110937600.0,-0.3926505148410797
6111875072.0,-0.38773927092552185
6112812544.0,-0.38202008605003357
6113750016.0,-0.3771926760673523
6114687488.0,-0.3729639947414398
6115624960.0,-0.3694475293159485
6116562432.0,-0.36702680587768555
6117499904.0,-0.36439424753189087
6118437376.0,-0.3625028431415558
6119374848.0,-0.36170661449432373
6120312320.0,-0.36183544993400574
6121249792.0,-0.3630267381668091
6122187264.0,-0.3627481162548065
6123125248.0,-0.3646394610404968
6124062720.0,-0.36553817987442017
6125000192.0,-0.5608507990837097
6125937664.0,-0.5712969899177551
6126875136.0,-0.5823705792427063
6127812608.0,-0.5932819843292236
6128750080.0,-0.6032621264457703
6129687552.0,-0.6126605868339539
6130625024.0,-0.6202004551887512
6131562496.0,-0.6265619993209839
6132499968.0,-0.6317858099937439
6133437440.0,-0.6359915733337402
6134374912.0,-0.6387618780136108
6135312384.0,-0.6413923501968384
6136249856.0,-0.641797661781311
6137187328.0,-0.64217209815979
6138124800.0,-0.641832172870636
6139062272.0,-0.6410704851150513
6140000256.0,-0.638900637626648
6140937728.0,-0.6372330784797668
6141875200.0,-0.6345815062522888
6142812672.0,-0.6324407458305359
6143750144.0,-0.6290450096130371
6144687616.0,-0.6268666982650757
6145625088.0,-0.6235679388046265
6146562560.0,-0.6199859380722046
6147500032.0,-0.6167880296707153
6148437504.0,-0.6136974096298218
6149374976.0,-0.6106107831001282
6150312448.0,-0.6063181757926941
6151249920.0,-0.6025381088256836
6152187392.0,-0.600976824760437
6153124864.0,-0.5988693833351135
6154062336.0,-0.5965543389320374
6154999808.0,-0.5961498022079468
6155937280.0,-0.5954397916793823
6156874752.0,-0.5950811505317688
6157812736.0,-0.5953356027603149
6158750208.0,-0.5973827838897705
6159687680.0,-0.5998198986053467
6160625152.0,-0.6020086407661438
6161562624.0,-0.605561375617981
6162500096.0,-0.6087767481803894
6163437568.0,-0.6118301153182983
6164375040.0,-0.6153435707092285
6165312512.0,-0.6208069920539856
6166249984.0,-0.6265414357185364
6167187456.0,-0.63290935754776
6168124928.0,-0.6391980051994324
6169062400.0,-0.6475818753242493
6169999872.0,-0.6537992358207703
6170937344.0,-0.6606608629226685
6171874816.0,-0.6677436232566833
6172812288.0,-0.6747074127197266
6173749760.0,-0.6823155283927917
6174687744.0,-0.6902697682380676
6175625216.0,-0.6987960338592529
6176562688.0,-0.706112265586853
6177500160.0,-0.7152118682861328
6178437632.0,-0.7235092520713806
6179375104.0,-0.7316601276397705
6180312576.0,-0.7395333051681519
6181250048.0,-0.7472256422042847
6182187520.0,-0.753410816192627
6183124992.0,-0.7613920569419861
6184062464.0,-0.7683975100517273
6184999936.0,-0.6091972589492798
6185937408.0,-0.6308075785636902
6186874880.0,-0.6518849730491638
6187812352.0,-0.6727020740509033
6188749824.0,-0.6930812001228333
6189687296.0,-0.7117944359779358
6190624768.0,-0.7328081727027893
6191562752.0,-0.7503336668014526
6192500224.0,-0.7672089338302612
6193437696.0,-0.7839637398719788
6194375168.0,-0.8001223802566528
6195312640.0,-0.8150569796562195
6196250112.0,-0.8287927508354187
6197187584.0,-0.8405805826187134
6198125056.0,-0.851984977722168
6199062528.0,-0.8599023222923279
6200000000.0,-0.8673610091209412
6200937472.0,-0.872725784778595
6201874944.0,-0.8778110146522522
6202812416.0,-0.8786570429801941
6203749888.0,-0.8787310123443604
6204687360.0,-0.8786054849624634
6205624832.0,-0.8762297630310059
6206562304.0,-0.8733847737312317
6207499776.0,-0.8672502040863037
6208437248.0,-0.8602067232131958
6209375232.0,-0.8521274328231812
6210312704.0,-0.8433499932289124
6211250176.0,-0.8323503136634827
6212187648.0,-0.8200528621673584
6213125120.0,-0.8070324063301086
6214062592.0,-0.7951862812042236
6215000064.0,-0.7806846499443054
6215937536.0,-0.765606701374054
6216875008.0,-0.7509551644325256
6217812480.0,-0.7344788908958435
6218749952.0,-0.7187651991844177
6219687424.0,-0.7024394273757935
6220624896.0,-0.6877367496490479
6221562368.0,-0.6728631258010864
6222499840.0,-0.6579676866531372
6223437312.0,-0.6443014144897461
6224374784.0,-0.6308544278144836
6225312256.0,-0.6186841130256653
6226250240.0,-0.6078380942344666
6227187712.0,-0.5983886122703552
6228125184.0,-0.5918488502502441
6229062656.0,-0.5863251686096191
6230000128.0,-0.5834900736808777
6230937600.0,-0.5810500979423523
6231875072.0,-0.5802493691444397
6232812544.0,-0.5803307890892029
6233750016.0,-0.582601010799408
6234687488.0,-0.5854520797729492
6235624960.0,-0.5888165235519409
6236562432.0,-0.5922616720199585
6237499904.0,-0.5973595380783081
6238437376.0,-0.603765606880188
6239374848.0,-0.6107195615768433
6240312320.0,-0.6183900833129883
6241249792.0,-0.6267111301422119
6242187264.0,-0.6358120441436768
6243125248.0,-0.6456770300865173
6244062720.0,-0.654782235622406
6245000192.0,-0.6619375348091125
6245937664.0,-0.6730574369430542
6246875136.0,-0.6871984601020813
6247812608.0,-0.6983897089958191
6248750080.0,-0.7130786776542664
6249687552.0,-0.7270810604095459
6250625024.0,-0.741374135017395
6251562496.0,-0.7543655037879944
6252499968.0,-0.7689203023910522
6253437440.0,-0.7820472121238708
6254374912.0,-0.794762134552002
6255312384.0,-0.8066685795783997
6256249856.0,-0.8189575672149658
6257187328.0,-0.8304467797279358
6258124800.0,-0.8416423201560974
6259062272.0,-0.8506856560707092
6259999744.0,-0.8596861362457275
6260937728.0,-0.8674449920654297
6261875200.0,-0.874314546585083
6262812672.0,-0.8787418603897095
6263750144.0,-0.8828431367874146
6264687616.0,-0.8863295316696167
6265625088.0,-0.8906314373016357
6266562560.0,-0.8936050534248352
6267500032.0,-0.8966385126113892
6268437504.0,-0.8990012407302856
6269374976.0,-0.9001335501670837
6270312448.0,-0.9003729224205017
6271249920.0,-0.8989064693450928
6272187392.0,-0.8967199325561523
6273124864.0,-0.8945196270942688
6274062336.0,-0.8912211656570435
6274999808.0,-0.885503888130188
6275937280.0,-0.8813111782073975
6276874752.0,-0.875723659992218
6277812736.0,-0.8699191212654114
6278750208.0,-0.8638554215431213
6279687680.0,-0.8591015338897705
6280625152.0,-0.8542287349700928
6281562624.0,-0.8499197363853455
6282500096.0,-0.8468964099884033
6283437568.0,-0.8447365760803223
6284375040.0,-0.8443885445594788
6285312512.0,-0.8436080813407898
6286249984.0,-0.8436917662620544
6287187456.0,-0.8439555168151855
6288124928.0,-0.8465356826782227
6289062400.0,-0.8490825891494751
6289999872.0,-0.8512517809867859
6290937344.0,-0.853884756565094
6291874816.0,-0.857621431350708
6292812288.0,-0.8634371757507324
6293749760.0,-0.8685718774795532
6294687744.0,-0.8746336698532104
6295625216.0,-0.8806540966033936
6296562688.0,-0.8868002891540527
6297500160.0,-0.8933419585227966
6298437632.0,-0.8995600342750549
6299375104.0,-0.9060072302818298
6300312576.0,-0.9128433465957642
6301250048.0,-0.919148325920105
6302187520.0,-0.9261255860328674
6303124992.0,-0.9335538744926453
6304062464.0,-0.9412574172019958
6304999936.0,-0.9672098159790039
6305937408.0,-0.9747370481491089
6306874880.0,-0.9830647706985474
6307812352.0,-0.9913787841796875
6308749824.0,-1.001329779624939
6309687296.0,-1.0101512670516968
6310624768.0,-1.018622636795044
6311562752.0,-1.028230905532837
6312500224.0,-1.0395886898040771
6313437696.0,-1.0495409965515137
6314375168.0,-1.061702013015747
6315312640.0,-1.0717132091522217
6316250112.0,-1.0840091705322266
6317187584.0,-1.0942356586456299
6318125056.0,-1.1065974235534668
6319062528.0,-1.119301438331604
6320000000.0,-1.1329643726348877
6320937472.0,-1.1448570489883423
6321874944.0,-1.1591782569885254
6322812416.0,-1.1718029975891113
6323749888.0,-1.1844284534454346
6324687360.0,-1.1962512731552124
6325624832.0,-1.2065215110778809
6326562304.0,-1.2151260375976562
6327499776.0,-1.2230932712554932
6328437248.0,-1.2295297384262085
6329375232.0,-1.2358447313308716
6330312704.0,-1.2418603897094727
6331250176.0,-1.2474148273468018
6332187648.0,-1.2527109384536743
6333125120.0,-1.2563544511795044
6334062592.0,-1.2602434158325195
6335000064.0,-1.2620062828063965
6335937536.0,-1.262025237083435
6336875008.0,-1.2637683153152466
6337812480.0,-1.2632648944854736
6338749952.0,-1.2605990171432495
6339687424.0,-1.2576369047164917
6340624896.0,-1.2513152360916138
6341562368.0,-1.2453712224960327
6342499840.0,-1.2373985052108765
6343437312.0,-1.2282146215438843
6344374784.0,-1.2190831899642944
6345312256.0,-1.208949327468872
6346250240.0,-1.1982687711715698
6347187712.0,-1.187764286994934
6348125184.0,-1.1779950857162476
6349062656.0,-1.1667207479476929
6350000128.0,-1.1557635068893433
6350937600.0,-1.143074870109558
6351875072.0,-1.1315168142318726
6352812544.0,-1.1198604106903076
6353750016.0,-1.1073311567306519
6354687488.0,-1.0945537090301514
6355624960.0,-1.082772970199585
6356562432.0,-1.0708565711975098
6357499904.0,-1.0600430965423584
6358437376.0,-1.0504289865493774
6359374848.0,-1.040902853012085
6360312320.0,-1.0323231220245361
6361249792.0,-1.0257000923156738
6362187264.0,-1.0208525657653809
6363125248.0,-1.0178226232528687
6364062720.0,-1.016778588294983
6365000192.0,-1.3910809755325317
6365937664.0,-1.4057645797729492
6366875136.0,-1.4196916818618774
6367812608.0,-1.4338406324386597
6368750080.0,-1.4474260807037354
6369687552.0,-1.4611191749572754
6370625024.0,-1.4737313985824585
6371562496.0,-1.4858736991882324
6372499968.0,-1.4995466470718384
6373437440.0,-1.5113024711608887
6374374912.0,-1.5228159427642822
6375312384.0,-1.533471703529358
6376249856.0,-1.5454833507537842
6377187328.0,-1.5536359548568726
6378124800.0,-1.5600005388259888
6379062272.0,-1.5649924278259277
6380000256.0,-1.567848563194275
6380937728.0,-1.569530963897705
6381875200.0,-1.5705475807189941
6382812672.0,-1.5699570178985596
6383750144.0,-1.5681709051132202
6384687616.0,-1.5666221380233765
6385625088.0,-1.5624439716339111
6386562560.0,-1.5572353601455688
6387500032.0,-1.5504318475723267
6388437504.0,-1.5437257289886475
6389374976.0,-1.535663366317749
6390312448.0,-1.5274949073791504
6391249920.0,-1.5189710855484009
6392187392.0,-1.5122464895248413
6393124864.0,-1.501981496810913
6394062336.0,-1.4923063516616821
6394999808.0,-1.482819676399231
6395937280.0,-1.4709807634353638
6396874752.0,-1.4624155759811401
6397812736.0,-1.4547438621520996
6398750208.0,-1.4490231275558472
6399687680.0,-1.4443562030792236
6400625152.0,-1.4393478631973267
6401562624.0,-1.4353381395339966
6402500096.0,-1.4333899021148682
6403437568.0,-1.4322707653045654
6404375040.0,-1.4316840171813965
6405312512.0,-1.434112310409546
6406249984.0,-1.4370611906051636
6407187456.0,-1.4403384923934937
6408124928.0,-1.4483007192611694
6409062400.0,-1.4546103477478027
6409999872.0,-1.464060664176941
6410937344.0,-1.4731310606002808
6411874816.0,-1.4837098121643066
6412812288.0,-1.494879126548767
6413749760.0,-1.50752592086792
6414687744.0,-1.5212165117263794
6415625216.0,-1.5379348993301392
6416562688.0,-1.5566543340682983
6417500160.0,-1.5764667987823486
6418437632.0,-1.5998669862747192
6419375104.0,-1.6241017580032349
6420312576.0,-1.650145173072815
6421250048.0,-1.6753685474395752
6422187520.0,-1.7026251554489136
6423124992.0,-1.7318458557128906
6424062464.0,-1.763720154762268
6424999936.0,-1.7974640130996704
6425937408.0,-1.8334555625915527
6426874880.0,-1.8689666986465454
6427812352.0,-1.901900053024292
6428749824.0,-1.9373317956924438
6429687296.0,-1.9689693450927734
6430624768.0,-1.9986989498138428
6431562752.0,-2.0285675525665283
6432500224.0,-2.057476043701172
6433437696.0,-2.0862531661987305
6434375168.0,-2.115125894546509
6435312640.0,-2.141885280609131
6436250112.0,-2.167990207672119
6437187584.0,-2.1909828186035156
6438125056.0,-2.215273141860962
6439062528.0,-2.2371573448181152
6440000000.0,-2.256289005279541
6440937472.0,-2.273292064666748
6441874944.0,-2.2901434898376465
6442812416.0,-2.3048081398010254
6443749888.0,-2.3174569606781006
6444687360.0,-2.3265740871429443
6445624832.0,-2.3357748985290527
6446562304.0,-2.3413753509521484
6447499776.0,-2.346015453338623
6448437248.0,-2.3491339683532715
6449375232.0,-2.3518686294555664
6450312704.0,-2.3525948524475098
6451250176.0,-2.354032039642334
6452187648.0,-2.3543479442596436
6453125120.0,-2.3533082008361816
6454062592.0,-2.3506810665130615
6455000064.0,-2.347121477127075
6455937536.0,-2.3406593799591064
6456875008.0,-2.3340561389923096
6457812480.0,-2.3261678218841553
6458749952.0,-2.318033456802368
6459687424.0,-2.3104631900787354
6460624896.0,-2.304900884628296
6461562368.0,-2.3008151054382324
6462499840.0,-2.296644449234009
6463437312.0,-2.291700839996338
6464374784.0,-2.2877602577209473
6465312256.0,-2.284787893295288
6466250240.0,-2.2812743186950684
6467187712.0,-2.278812885284424
6468125184.0,-2.275189161300659
6469062656.0,-2.2733914852142334
6470000128.0,-2.2731354236602783
6470937600.0,-2.2751119136810303
6471875072.0,-2.2805325984954834
6472812544.0,-2.286661148071289
6473750016.0,-2.2957675457000732
6474687488.0,-2.3077268600463867
6475624960.0,-2.322014331817627
6476562432.0,-2.340242624282837
6477499904.0,-2.3603763580322266
6478437376.0,-2.3840582370758057
6479374848.0,-2.4095704555511475
6480312320.0,-2.4381704330444336
6481249792.0,-2.4685540199279785
6482187264.0,-2.5021519660949707
6483125248.0,-2.5379254817962646
6484062720.0,-2.5763485431671143
6485000192.0,-2.681339979171753
6485937664.0,-2.711336374282837
6486875136.0,-2.7413251399993896
6487812608.0,-2.7709333896636963
6488750080.0,-2.8011257648468018
6489687552.0,-2.830967426300049
6490625024.0,-2.8604400157928467
6491562496.0,-2.890571117401123
6492499968.0,-2.918604612350464
6493437440.0,-2.947809934616089
6494374912.0,-2.9752418994903564
6495312384.0,-3.0039873123168945
6496249856.0,-3.0328571796417236
6497187328.0,-3.0623977184295654
6498124800.0,-3.092172861099243
6499062272.0,-3.1238627433776855
6499999744.0,-3.155653715133667
6500937728.0,-3.1856493949890137
6501875200.0,-3.2142693996429443
6502812672.0,-3.2422804832458496
6503750144.0,-3.270137310028076
6504687616.0,-3.2954001426696777
6505625088.0,-3.3211417198181152
6506562560.0,-3.3447563648223877
6507500032.0,-3.3693249225616455
6508437504.0,-3.3963215351104736
6509374976.0,-3.4235212802886963
6510312448.0,-3.4511513710021973
6511249920.0,-3.479144811630249
6512187392.0,-3.50748348236084
6513124864.0,-3.5340163707733154
6514062336.0,-3.562178134918213
6514999808.0,-3.5882396697998047
6515937280.0,-3.612739086151123
6516874752.0,-3.637758493423462
6517812736.0,-3.663304567337036
6518750208.0,-3.6897122859954834
6519687680.0,-3.716733455657959
6520625152.0,-3.7451541423797607
6521562624.0,-3.774703025817871
6522500096.0,-3.8069193363189697
6523437568.0,-3.841203212738037
6524375040.0,-3.879347085952759
6525312512.0,-3.9190735816955566
6526249984.0,-3.9603023529052734
6527187456.0,-4.0017852783203125
6528124928.0,-4.043912887573242
6529062400.0,-4.085695266723633
6529999872.0,-4.129579544067383
6530937344.0,-4.172605514526367
6531874816.0,-4.217425346374512
6532812288.0,-4.263416767120361
6533749760.0,-4.308952331542969
6534687744.0,-4.355101108551025
6535625216.0,-4.402021408081055
6536562688.0,-4.44450569152832
6537500160.0,-4.489834785461426
6538437632.0,-4.533849716186523
6539375104.0,-4.577072620391846
6540312576.0,-4.619694232940674
6541250048.0,-4.6599440574646
6542187520.0,-4.699527263641357
6543124992.0,-4.739260673522949
6544062464.0,-4.780598163604736
6544999936.0,-4.817258358001709
6545937408.0,-4.866705894470215
6546874880.0,-4.917053699493408
6547812352.0,-4.968350887298584
6548749824.0,-5.017514705657959
6549687296.0,-5.065213680267334
6550624768.0,-5.113533020019531
6551562752.0,-5.159179210662842
6552500224.0,-5.207561016082764
6553437696.0,-5.254817008972168
6554375168.0,-5.303325176239014
6555312640.0,-5.350777626037598
6556250112.0,-5.400992393493652
6557187584.0,-5.452320575714111
6558125056.0,-5.504785537719727
6559062528.0,-5.56315279006958
6560000000.0,-5.622109889984131
6560937472.0,-5.684695720672607
6561874944.0,-5.748964786529541
6562812416.0,-5.81531286239624
6563749888.0,-5.881647109985352
6564687360.0,-5.949738502502441
6565624832.0,-6.016071319580078
6566562304.0,-6.081051826477051
6567499776.0,-6.14686393737793
6568437248.0,-6.210957050323486
6569375232.0,-6.2761759757995605
6570312704.0,-6.342192649841309
6571250176.0,-6.409121990203857
6572187648.0,-6.4802985191345215
6573125120.0,-6.555904865264893
6574062592.0,-6.632889270782471
6575000064.0,-6.709791660308838
6575937536.0,-6.787355422973633
6576875008.0,-6.863954544067383
6577812480.0,-6.942676544189453
6578749952.0,-7.023828506469727
6579687424.0,-7.106561183929443
6580624896.0,-7.190089702606201
6581562368.0,-7.274117469787598
6582499840.0,-7.358900547027588
6583437312.0,-7.448479175567627
6584374784.0,-7.537904262542725
6585312256.0,-7.630346775054932
6586250240.0,-7.727658271789551
6587187712.0,-7.824909687042236
6588125184.0,-7.920374393463135
6589062656.0,-8.01766300201416
6590000128.0,-8.115272521972656
6590937600.0,-8.211158752441406
6591875072.0,-8.308320999145508
6592812544.0,-8.403826713562012
6593750016.0,-8.502911567687988
6594687488.0,-8.601940155029297
6595624960.0,-8.704526901245117
6596562432.0,-8.81106185913086
6597499904.0,-8.9222412109375
6598437376.0,-9.035377502441406
6599374848.0,-9.149282455444336
6600312320.0,-9.260794639587402
6601249792.0,-9.3713960647583
6602187264.0,-9.477636337280273
6603125248.0,-9.579456329345703
6604062720.0,-9.68387222290039
6605000192.0,-9.779698371887207
6605937664.0,-9.879981994628906
6606875136.0,-9.981197357177734
6607812608.0,-10.081376075744629
6608750080.0,-10.179076194763184
6609687552.0,-10.270687103271484
6610625024.0,-10.353528022766113
6611562496.0,-10.430502891540527
6612499968.0,-10.5045166015625
6613437440.0,-10.577603340148926
6614374912.0,-10.649948120117188
6615312384.0,-10.717514038085938
6616249856.0,-10.789712905883789
6617187328.0,-10.862029075622559
6618124800.0,-10.941330909729004
6619062272.0,-11.026241302490234
6620000256.0,-11.111818313598633
6620937728.0,-11.199358940124512
6621875200.0,-11.285247802734375
6622812672.0,-11.36555290222168
6623750144.0,-11.434776306152344
6624687616.0,-11.495526313781738
6625625088.0,-11.55572509765625
6626562560.0,-11.611612319946289
6627500032.0,-11.658783912658691
6628437504.0,-11.69450855255127
6629374976.0,-11.718677520751953
6630312448.0,-11.73268985748291
6631249920.0,-11.733344078063965
6632187392.0,-11.728385925292969
6633124864.0,-11.71361255645752
6634062336.0,-11.694211959838867
6634999808.0,-11.6688232421875
6635937280.0,-11.638264656066895
6636874752.0,-11.602375984191895
6637812736.0,-11.566115379333496
6638750208.0,-11.535765647888184
6639687680.0,-11.501946449279785
6640625152.0,-11.474964141845703
6641562624.0,-11.447614669799805
6642500096.0,-11.415701866149902
6643437568.0,-11.374430656433105
6644375040.0,-11.324833869934082
6645312512.0,-11.264752388000488
6646249984.0,-11.198634147644043
6647187456.0,-11.125170707702637
6648124928.0,-11.053662300109863
6649062400.0,-10.975564956665039
6649999872.0,-10.89620304107666
6650937344.0,-10.814064025878906
6651874816.0,-10.731968879699707
6652812288.0,-10.65123176574707
6653749760.0,-10.571587562561035
6654687744.0,-10.491067886352539
6655625216.0,-10.411820411682129
6656562688.0,-10.3263578414917
6657500160.0,-10.232730865478516
6658437632.0,-10.131180763244629
6659375104.0,-10.026148796081543
6660312576.0,-9.919658660888672
6661250048.0,-9.81599235534668
6662187520.0,-9.712137222290039
6663124992.0,-9.611820220947266
6664062464.0,-9.510189056396484
6664999936.0,-9.395086288452148
6665937408.0,-9.290946960449219
6666874880.0,-9.190672874450684
6667812352.0,-9.088297843933105
6668749824.0,-8.987070083618164
6669687296.0,-8.885977745056152
6670624768.0,-8.780765533447266
6671562752.0,-8.674610137939453
6672500224.0,-8.568846702575684
6673437696.0,-8.463353157043457
6674375168.0,-8.360301971435547
6675312640.0,-8.26150131225586
6676250112.0,-8.163164138793945
6677187584.0,-8.06570816040039
6678125056.0,-7.970947742462158
6679062528.0,-7.875407695770264
6680000000.0,-7.78638219833374
6680937472.0,-7.693973064422607
6681874944.0,-7.604690074920654
6682812416.0,-7.514227867126465
6683749888.0,-7.423408508300781
6684687360.0,-7.3395676612854
6685624832.0,-7.257169246673584
6686562304.0,-7.179730415344238
6687499776.0,-7.106411933898926
6688437248.0,-7.03730583190918
6689375232.0,-6.968681812286377
6690312704.0,-6.901951789855957
6691250176.0,-6.837679862976074
6692187648.0,-6.7746195793151855
6693125120.0,-6.71185302734375
6694062592.0,-6.6485137939453125
6695000064.0,-6.584558010101318
6695937536.0,-6.518703460693359
6696875008.0,-6.454558372497559
6697812480.0,-6.388248920440674
6698749952.0,-6.322357177734375
6699687424.0,-6.2605299949646
6700624896.0,-6.197888374328613
6701562368.0,-6.1380696296691895
6702499840.0,-6.081119060516357
6703437312.0,-6.026432991027832
6704374784.0,-5.970378875732422
6705312256.0,-5.91519021987915
6706250240.0,-5.858409404754639
6707187712.0,-5.803369522094727
6708125184.0,-5.747252941131592
6709062656.0,-5.691821098327637
6710000128.0,-5.633517265319824
6710937600.0,-5.573869228363037
6711875072.0,-5.512550354003906
6712812544.0,-5.451589107513428
6713750016.0,-5.388544082641602
6714687488.0,-5.3239617347717285
6715624960.0,-5.257839679718018
6716562432.0,-5.1903510093688965
6717499904.0,-5.124851226806641
6718437376.0,-5.058112144470215
6719374848.0,-4.995744228363037
6720312320.0,-4.931793212890625
6721249792.0,-4.869263172149658
6722187264.0,-4.808206558227539
6723125248.0,-4.744749546051025
6724062720.0,-4.6805572509765625
6725000192.0,-4.3957061767578125
6725937664.0,-4.32357931137085
6726875136.0,-4.25225830078125
6727812608.0,-4.183367729187012
6728750080.0,-4.117383003234863
6729687552.0,-4.053153038024902
6730625024.0,-3.990784168243408
6731562496.0,-3.9313762187957764
6732499968.0,-3.8716087341308594
6733437440.0,-3.815016269683838
6734374912.0,-3.760852813720703
6735312384.0,-3.708103656768799
6736249856.0,-3.6579248905181885
6737187328.0,-3.6132760047912598
6738124800.0,-3.5694072246551514
6739062272.0,-3.53108286857605
6739999744.0,-3.49428129196167
6740937728.0,-3.461238145828247
6741875200.0,-3.4315433502197266
6742812672.0,-3.4025397300720215
6743750144.0,-3.375887632369995
6744687616.0,-3.3486413955688477
6745625088.0,-3.3221969604492188
6746562560.0,-3.2965312004089355
6747500032.0,-3.2724361419677734
6748437504.0,-3.2474799156188965
6749374976.0,-3.2237155437469482
6750312448.0,-3.1999120712280273
6751249920.0,-3.1777734756469727
6752187392.0,-3.1551156044006348
6753124864.0,-3.1337890625
6754062336.0,-3.1161069869995117
6754999808.0,-3.0963830947875977
6755937280.0,-3.0801706314086914
6756874752.0,-3.06207537651062
6757812736.0,-3.044426679611206
6758750208.0,-3.0272469520568848
6759687680.0,-3.009694814682007
6760625152.0,-2.9912590980529785
6761562624.0,-2.96909761428833
6762500096.0,-2.948378086090088
6763437568.0,-2.9255247116088867
6764375040.0,-2.90104341506958
6765312512.0,-2.876595973968506
6766249984.0,-2.850588321685791
6767187456.0,-2.8244311809539795
6768124928.0,-2.7968406677246094
6769062400.0,-2.7674410343170166
6769999872.0,-2.736882448196411
6770937344.0,-2.705927848815918
6771874816.0,-2.6764347553253174
6772812288.0,-2.6453025341033936
6773749760.0,-2.613986015319824
6774687744.0,-2.5820558071136475
6775625216.0,-2.5509822368621826
6776562688.0,-2.5181615352630615
6777500160.0,-2.485741138458252
6778437632.0,-2.456486940383911
6779375104.0,-2.4278018474578857
6780312576.0,-2.3987598419189453
6781250048.0,-2.371582508087158
6782187520.0,-2.3435420989990234
6783124992.0,-2.315145969390869
6784062464.0,-2.2861125469207764
6784999936.0,-2.2639758586883545
6785937408.0,-2.2287955284118652
6786874880.0,-2.1954970359802246
6787812352.0,-2.1615984439849854
6788749824.0,-2.1285364627838135
6789687296.0,-2.0969226360321045
6790624768.0,-2.0680575370788574
6791562752.0,-2.0411810874938965
6792500224.0,-2.0170586109161377
6793437696.0,-1.995124101638794
6794375168.0,-1.9730576276779175
6795312640.0,-1.9536561965942383
6796250112.0,-1.934066891670227
6797187584.0,-1.9152745008468628
6798125056.0,-1.897807002067566
6799062528.0,-1.879013180732727
6800000000.0,-1.8616588115692139
6800937472.0,-1.8461146354675293
6801874944.0,-1.8307647705078125
6802812416.0,-1.8157628774642944
6803749888.0,-1.8028442859649658
6804687360.0,-1.7889822721481323
6805624832.0,-1.778212070465088
6806562304.0,-1.7676427364349365
6807499776.0,-1.7555382251739502
6808437248.0,-1.7453495264053345
6809375232.0,-1.7334434986114502
6810312704.0,-1.7216373682022095
6811250176.0,-1.7104135751724243
6812187648.0,-1.6978660821914673
6813125120.0,-1.6849991083145142
6814062592.0,-1.672870397567749
6815000064.0,-1.6597243547439575
6815937536.0,-1.6461209058761597
6816875008.0,-1.631903886795044
6817812480.0,-1.6164578199386597
6818749952.0,-1.6018093824386597
6819687424.0,-1.5848815441131592
6820624896.0,-1.5667575597763062
6821562368.0,-1.5485849380493164
6822499840.0,-1.529862642288208
6823437312.0,-1.5100687742233276
6824374784.0,-1.4891411066055298
6825312256.0,-1.4691755771636963
6826250240.0,-1.4489212036132812
6827187712.0,-1.4284743070602417
6828125184.0,-1.4078638553619385
6829062656.0,-1.3866323232650757
6830000128.0,-1.3631638288497925
6830937600.0,-1.3406091928482056
6831875072.0,-1.3172485828399658
6832812544.0,-1.2937575578689575
6833750016.0,-1.271770715713501
6834687488.0,-1.2489858865737915
6835624960.0,-1.2281838655471802
6836562432.0,-1.2079583406448364
6837499904.0,-1.1886863708496094
6838437376.0,-1.169800043106079
6839374848.0,-1.152695655822754
6840312320.0,-1.135920524597168
6841249792.0,-1.1213531494140625
6842187264.0,-1.1068086624145508
6843125248.0,-1.0946950912475586
6844062720.0,-1.0822193622589111
6845000192.0,-1.0458924770355225
6845937664.0,-1.037152886390686
6846875136.0,-1.0298514366149902
6847812608.0,-1.0239198207855225
6848750080.0,-1.0200914144515991
6849687552.0,-1.015724539756775
6850625024.0,-1.0123852491378784
6851562496.0,-1.0123181343078613
6852499968.0,-1.0125963687896729
6853437440.0,-1.015634536743164
6854374912.0,-1.016660451889038
6855312384.0,-1.019523024559021
6856249856.0,-1.0223472118377686
6857187328.0,-1.0278973579406738
6858124800.0,-1.0334365367889404
6859062272.0,-1.0395110845565796
6860000256.0,-1.047156572341919
6860937728.0,-1.0558840036392212
6861875200.0,-1.0663478374481201
6862812672.0,-1.076041579246521
6863750144.0,-1.0879732370376587
6864687616.0,-1.0992441177368164
6865625088.0,-1.1085870265960693
6866562560.0,-1.1187223196029663
6867500032.0,-1.129530429840088
6868437504.0,-1.1387643814086914
6869374976.0,-1.1467481851577759
6870312448.0,-1.1563447713851929
6871249920.0,-1.1633628606796265
6872187392.0,-1.1692733764648438
6873124864.0,-1.1749628782272339
6874062336.0,-1.178133249282837
6874999808.0,-1.1790359020233154
6875937280.0,-1.1784265041351318
6876874752.0,-1.1755526065826416
6877812736.0,-1.1702667474746704
6878750208.0,-1.1638447046279907
6879687680.0,-1.1524337530136108
6880625152.0,-1.139462947845459
6881562624.0,-1.1235544681549072
6882500096.0,-1.1056047677993774
6883437568.0,-1.0866535902023315
6884375040.0,-1.065810203552246
6885312512.0,-1.0422271490097046
6886249984.0,-1.0179895162582397
6887187456.0,-0.9930799603462219
6888124928.0,-0.9668635725975037
6889062400.0,-0.9396846890449524
6889999872.0,-0.9111241698265076
6890937344.0,-0.8821347951889038
6891874816.0,-0.8528434634208679
6892812288.0,-0.8240790963172913
6893749760.0,-0.7945722341537476
6894687744.0,-0.7645285129547119
6895625216.0,-0.7347919940948486
6896562688.0,-0.706865668296814
6897500160.0,-0.6791831254959106
6898437632.0,-0.6511944532394409
6899375104.0,-0.6249784827232361
6900312576.0,-0.598365843296051
6901250048.0,-0.5737869739532471
6902187520.0,-0.5480778217315674
6903124992.0,-0.525361955165863
6904062464.0,-0.5025217533111572
6904999936.0,-0.46908894181251526
6905937408.0,-0.4652579426765442
6906874880.0,-0.4627082049846649
6907812352.0,-0.46258050203323364
6908749824.0,-0.46193093061447144
6909687296.0,-0.46411943435668945
6910624768.0,-0.4664091169834137
6911562752.0,-0.46940553188323975
6912500224.0,-0.47450366616249084
6913437696.0,-0.47978439927101135
6914375168.0,-0.4873009920120239
6915312640.0,-0.4938754737377167
6916250112.0,-0.5024707317352295
6917187584.0,-0.5113728046417236
6918125056.0,-0.5202968120574951
6919062528.0,-0.5299181342124939
6920000000.0,-0.5393178462982178
6920937472.0,-0.5492806434631348
6921874944.0,-0.558931827545166
6922812416.0,-0.5685062408447266
6923749888.0,-0.5779432654380798
6924687360.0,-0.5875735282897949
6925624832.0,-0.596085786819458
6926562304.0,-0.6046608090400696
6927499776.0,-0.6131138801574707
6928437248.0,-0.6219828128814697
6929375232.0,-0.6280838847160339
6930312704.0,-0.6355756521224976
6931250176.0,-0.6433464884757996
6932187648.0,-0.6523435711860657
6933125120.0,-0.6590520739555359
6934062592.0,-0.6660863161087036
6935000064.0,-0.6719942092895508
6935937536.0,-0.6766831278800964
6936875008.0,-0.680051326751709
6937812480.0,-0.6837776899337769
6938749952.0,-0.6858876943588257
6939687424.0,-0.6866142153739929
6940624896.0,-0.6864569187164307
6941562368.0,-0.6867761015892029
6942499840.0,-0.6843593120574951
6943437312.0,-0.6825476884841919
6944374784.0,-0.6788994073867798
6945312256.0,-0.6755164861679077
6946250240.0,-0.6718432307243347
6947187712.0,-0.6667435765266418
6948125184.0,-0.6610889434814453
6949062656.0,-0.654410183429718
6950000128.0,-0.6478206515312195
6950937600.0,-0.6395143270492554
6951875072.0,-0.6292725205421448
6952812544.0,-0.6185461282730103
6953750016.0,-0.6062313914299011
6954687488.0,-0.5946604013442993
6955624960.0,-0.581265389919281
6956562432.0,-0.5696107745170593
6957499904.0,-0.5569201707839966
6958437376.0,-0.5434108972549438
6959374848.0,-0.5292696952819824
6960312320.0,-0.5144790410995483
6961249792.0,-0.4986492991447449
6962187264.0,-0.4839658737182617
6963125248.0,-0.4685203731060028
6964062720.0,-0.4529303014278412
6965000192.0,-0.3744851052761078
6965937664.0,-0.36605724692344666
6966875136.0,-0.35800185799598694
6967812608.0,-0.351205050945282
6968750080.0,-0.3442080020904541
6969687552.0,-0.336997926235199
6970625024.0,-0.33023127913475037
6971562496.0,-0.325154572725296
6972499968.0,-0.31908056139945984
6973437440.0,-0.315003365278244
6974374912.0,-0.3103090226650238
6975312384.0,-0.30761024355888367
6976249856.0,-0.305951863527298
6977187328.0,-0.3035626709461212
6978124800.0,-0.3049631714820862
6979062272.0,-0.30507150292396545
6979999744.0,-0.3069101870059967
6980937728.0,-0.31000036001205444
6981875200.0,-0.31234556436538696
6982812672.0,-0.3157781958580017
6983750144.0,-0.32102471590042114
6984687616.0,-0.3263491988182068
6985625088.0,-0.3345905542373657
6986562560.0,-0.34241920709609985
6987500032.0,-0.35173287987709045
6988437504.0,-0.36189496517181396
6989374976.0,-0.3734002709388733
6990312448.0,-0.3849204480648041
6991249920.0,-0.3968881368637085
6992187392.0,-0.4087495803833008
6993124864.0,-0.4219609797000885
6994062336.0,-0.4350701570510864
6994999808.0,-0.4491177499294281
6995937280.0,-0.4615347981452942
6996874752.0,-0.47421783208847046
6997812736.0,-0.4879075884819031
6998750208.0,-0.49910327792167664
6999687680.0,-0.5107854008674622
7000625152.0,-0.5215883851051331
7001562624.0,-0.5317398309707642
7002500096.0,-0.5388510823249817
7003437568.0,-0.5468916296958923
7004375040.0,-0.553627073764801
7005312512.0,-0.5580621361732483
7006249984.0,-0.5621654987335205
7007187456.0,-0.5638019442558289
7008124928.0,-0.5644820928573608
7009062400.0,-0.5629465579986572
7009999872.0,-0.5606410503387451
7010937344.0,-0.5575563311576843
7011874816.0,-0.553062915802002
7012812288.0,-0.547688364982605
7013749760.0,-0.5400609374046326
7014687744.0,-0.5328773856163025
7015625216.0,-0.5247186422348022
7016562688.0,-0.5158209800720215
7017500160.0,-0.5080919861793518
7018437632.0,-0.49927130341529846
7019375104.0,-0.4895153343677521
7020312576.0,-0.48031723499298096
7021250048.0,-0.470797598361969
7022187520.0,-0.4607248902320862
7023124992.0,-0.45295450091362
7024062464.0,-0.4441240727901459
7024999936.0,-0.41671639680862427
7025937408.0,-0.4093715250492096
7026874880.0,-0.40233659744262695
7027812352.0,-0.39629319310188293
7028749824.0,-0.3924073278903961
7029687296.0,-0.3882684111595154
7030624768.0,-0.38603687286376953
7031562752.0,-0.38484683632850647
7032500224.0,-0.3853417932987213
7033437696.0,-0.38689643144607544
7034375168.0,-0.3907657563686371
7035312640.0,-0.3957086205482483
7036250112.0,-0.40158018469810486
7037187584.0,-0.4080052673816681
7038125056.0,-0.4158507287502289
7039062528.0,-0.4243887960910797
7040000000.0,-0.4336094856262207
7040937472.0,-0.4430503249168396
7041874944.0,-0.452699214220047
7042812416.0,-0.46144941449165344
7043749888.0,-0.47011271119117737
7044687360.0,-0.47861647605895996
7045624832.0,-0.48604828119277954
7046562304.0,-0.49455127120018005
7047499776.0,-0.4989820718765259
7048437248.0,-0.503961980342865
7049375232.0,-0.5059545040130615
7050312704.0,-0.5081242322921753
7051250176.0,-0.5072224140167236
7052187648.0,-0.5058673024177551
7053125120.0,-0.5013038516044617
7054062592.0,-0.4971702992916107
7055000064.0,-0.48993396759033203
7055937536.0,-0.4804358184337616
7056875008.0,-0.4710988700389862
7057812480.0,-0.4594476819038391
7058749952.0,-0.44372057914733887
7059687424.0,-0.4263908267021179
7060624896.0,-0.4070999324321747
7061562368.0,-0.38864633440971375
7062499840.0,-0.36864665150642395
7063437312.0,-0.3486767113208771
7064374784.0,-0.32720947265625
7065312256.0,-0.3054470121860504
7066250240.0,-0.284318208694458
7067187712.0,-0.26303979754447937
7068125184.0,-0.24275018274784088
7069062656.0,-0.22253096103668213
7070000128.0,-0.20399700105190277
7070937600.0,-0.18470922112464905
7071875072.0,-0.16762545704841614
7072812544.0,-0.15181709825992584
7073750016.0,-0.13748303055763245
7074687488.0,-0.12521299719810486
7075624960.0,-0.1139741763472557
7076562432.0,-0.10478419065475464
7077499904.0,-0.09711334854364395
7078437376.0,-0.0929439440369606
7079374848.0,-0.09112191200256348
7080312320.0,-0.09095537662506104
7081249792.0,-0.09359332919120789
7082187264.0,-0.09752976149320602
7083125248.0,-0.10487059503793716
7084062720.0,-0.11365288496017456
7085000192.0,-0.26893705129623413
7085937664.0,-0.2816377580165863
7086875136.0,-0.2945599853992462
7087812608.0,-0.3111654818058014
7088750080.0,-0.32761964201927185
7089687552.0,-0.34713825583457947
7090625024.0,-0.36768168210983276
7091562496.0,-0.39102694392204285
7092499968.0,-0.4166308045387268
7093437440.0,-0.44273146986961365
7094374912.0,-0.4712902307510376
7095312384.0,-0.501897931098938
7096249856.0,-0.5328034162521362
7097187328.0,-0.5643319487571716
7098124800.0,-0.5967106223106384
7099062272.0,-0.6306425929069519
7100000256.0,-0.6641069054603577
7100937728.0,-0.696895956993103
7101875200.0,-0.7295756340026855
7102812672.0,-0.7596403360366821
7103750144.0,-0.7891970872879028
7104687616.0,-0.8163838982582092
7105625088.0,-0.8407125473022461
7106562560.0,-0.8621717095375061
7107500032.0,-0.8806415796279907
7108437504.0,-0.895409882068634
7109374976.0,-0.9062384963035583
7110312448.0,-0.9154804348945618
7111249920.0,-0.9192357063293457
7112187392.0,-0.9194211363792419
7113124864.0,-0.9162138104438782
7114062336.0,-0.9084616899490356
7114999808.0,-0.8958566188812256
7115937280.0,-0.8806236386299133
7116874752.0,-0.8615790009498596
7117812736.0,-0.8389484286308289
7118750208.0,-0.8144460916519165
7119687680.0,-0.7871156930923462
7120625152.0,-0.756132960319519
7121562624.0,-0.7245770692825317
7122500096.0,-0.690481424331665
7123437568.0,-0.6552048921585083
7124375040.0,-0.6193850040435791
7125312512.0,-0.5827165246009827
7126249984.0,-0.5467475652694702
7127187456.0,-0.5095595121383667
7128124928.0,-0.472777783870697
7129062400.0,-0.4373020529747009
7129999872.0,-0.4017448425292969
7130937344.0,-0.3684772253036499
7131874816.0,-0.33559226989746094
7132812288.0,-0.3047834038734436
7133749760.0,-0.2756810486316681
7134687744.0,-0.24923166632652283
7135625216.0,-0.22399556636810303
7136562688.0,-0.20284993946552277
7137500160.0,-0.18310992419719696
7138437632.0,-0.16393719613552094
7139375104.0,-0.1474384069442749
7140312576.0,-0.13242384791374207
7141250048.0,-0.11907695978879929
7142187520.0,-0.10793793201446533
7143124992.0,-0.09892719984054565
7144062464.0,-0.1963912844657898
7144999936.0,-0.19570189714431763
7145937408.0,-0.1966918706893921
7146874880.0,-0.19972684979438782
7147812352.0,-0.2033243626356125
7148749824.0,-0.2073720395565033
7149687296.0,-0.21202486753463745
7150624768.0,-0.2186451256275177
7151562752.0,-0.22657081484794617
7152500224.0,-0.23659200966358185
7153437696.0,-0.24697256088256836
7154375168.0,-0.25956565141677856
7155312640.0,-0.2747724950313568
7156250112.0,-0.2930067777633667
7157187584.0,-0.31238827109336853
7158125056.0,-0.3350396156311035
7159062528.0,-0.36026689410209656
7160000000.0,-0.3868364989757538
7160937472.0,-0.41356152296066284
7161874944.0,-0.43574440479278564
7162812416.0,-0.45493072271347046
7163749888.0,-0.471871554851532
7164687360.0,-0.4841476380825043
7165624832.0,-0.49422305822372437
7166562304.0,-0.5017980337142944
7167499776.0,-0.5061728358268738
7168437248.0,-0.5092004537582397
7169375232.0,-0.5118707418441772
7170312704.0,-0.513006329536438
7171250176.0,-0.5149964690208435
7172187648.0,-0.517464816570282
7173125120.0,-0.5204185843467712
7174062592.0,-0.5261734127998352
7175000064.0,-0.5333640575408936
7175937536.0,-0.5433268547058105
7176875008.0,-0.5562556982040405
7177812480.0,-0.569269061088562
7178749952.0,-0.5861606001853943
7179687424.0,-0.605080783367157
7180624896.0,-0.6258934140205383
7181562368.0,-0.646264374256134
7182499840.0,-0.6677209734916687
7183437312.0,-0.6892654895782471
7184374784.0,-0.708861231803894
7185312256.0,-0.7271077632904053
7186250240.0,-0.7435447573661804
7187187712.0,-0.7557715177536011
7188125184.0,-0.7655128240585327
7189062656.0,-0.7720317244529724
7190000128.0,-0.7748069167137146
7190937600.0,-0.7726303935050964
7191875072.0,-0.7681767344474792
7192812544.0,-0.7592766284942627
7193750016.0,-0.7469492554664612
7194687488.0,-0.7305634021759033
7195624960.0,-0.711190402507782
7196562432.0,-0.6896920204162598
7197499904.0,-0.6660475134849548
7198437376.0,-0.640670895576477
7199374848.0,-0.6138603091239929
7200312320.0,-0.5860654711723328
7201249792.0,-0.5592924952507019
7202187264.0,-0.5330449938774109
7203125248.0,-0.5084476470947266
7204062720.0,-0.6324125528335571
7205000192.0,-0.62538743019104
7205937664.0,-0.6200590133666992
7206875136.0,-0.6166452765464783
7207812608.0,-0.6151899099349976
7208750080.0,-0.6170787215232849
7209687552.0,-0.6211422085762024
7210625024.0,-0.627646803855896
7211562496.0,-0.6386445164680481
7212499968.0,-0.6530245542526245
7213437440.0,-0.6686714887619019
7214374912.0,-0.687373697757721
7215312384.0,-0.7065536379814148
7216249856.0,-0.7261061668395996
7217187328.0,-0.7475292086601257
7218124800.0,-0.7696243524551392
7219062272.0,-0.7903563976287842
7219999744.0,-0.8105135560035706
7220937728.0,-0.8309374451637268
7221875200.0,-0.8487127423286438
7222812672.0,-0.8679160475730896
7223750144.0,-0.8824626207351685
7224687616.0,-0.8963497281074524
7225625088.0,-0.9086881875991821
7226562560.0,-0.91834956407547
7227500032.0,-0.9272847175598145
7228437504.0,-0.9322680830955505
7229374976.0,-0.9353656768798828
7230312448.0,-0.9383940100669861
7231249920.0,-0.9383028745651245
7232187392.0,-0.9377760291099548
7233124864.0,-0.9342097640037537
7234062336.0,-0.9320414662361145
7234999808.0,-0.9275888204574585
7235937280.0,-0.9233879446983337
7236874752.0,-0.9185692667961121
7237812736.0,-0.9142568707466125
7238750208.0,-0.908643364906311
7239687680.0,-0.9043959379196167
7240625152.0,-0.8997718691825867
7241562624.0,-0.8961189389228821
7242500096.0,-0.8931838870048523
7243437568.0,-0.8917713165283203
7244375040.0,-0.8913874626159668
7245312512.0,-0.8909295797348022
7246249984.0,-0.8929367661476135
7247187456.0,-0.8966600298881531
7248124928.0,-0.9000328183174133
7249062400.0,-0.9070456027984619
7249999872.0,-0.9156084060668945
7250937344.0,-0.9243751168251038
7251874816.0,-0.9360011219978333
7252812288.0,-0.9496491551399231
7253749760.0,-0.9630982875823975
7254687744.0,-0.9792930483818054
7255625216.0,-0.9953239560127258
7256562688.0,-1.0121362209320068
7257500160.0,-1.029226541519165
7258437632.0,-1.046417236328125
7259375104.0,-1.0651967525482178
7260312576.0,-1.0827734470367432
7261250048.0,-1.102256178855896
7262187520.0,-1.1184511184692383
7263124992.0,-1.132887601852417
7264062464.0,-1.1640962362289429
7264999936.0,-1.1789687871932983
7265937408.0,-1.1941999197006226
7266874880.0,-1.2108644247055054
7267812352.0,-1.2236661911010742
7268749824.0,-1.2387990951538086
7269687296.0,-1.2528244256973267
7270624768.0,-1.2663935422897339
7271562752.0,-1.2783054113388062
7272500224.0,-1.2881321907043457
7273437696.0,-1.2970002889633179
7274375168.0,-1.303259015083313
7275312640.0,-1.309407114982605
7276250112.0,-1.3122282028198242
7277187584.0,-1.313697338104248
7278125056.0,-1.3114749193191528
7279062528.0,-1.3093194961547852
7280000000.0,-1.3019230365753174
7280937472.0,-1.2958942651748657
7281874944.0,-1.2843289375305176
7282812416.0,-1.2727432250976562
7283749888.0,-1.25816810131073
7284687360.0,-1.242741346359253
7285624832.0,-1.2254202365875244
7286562304.0,-1.2056609392166138
7287499776.0,-1.184526801109314
7288437248.0,-1.160662055015564
7289375232.0,-1.1361616849899292
7290312704.0,-1.1075665950775146
7291250176.0,-1.0779021978378296
7292187648.0,-1.0482943058013916
7293125120.0,-1.01627516746521
7294062592.0,-0.9832702279090881
7295000064.0,-0.9501841068267822
7295937536.0,-0.9153662919998169
7296875008.0,-0.8802457451820374
7297812480.0,-0.8446736931800842
7298749952.0,-0.8084642887115479
7299687424.0,-0.7721961736679077
7300624896.0,-0.7359338402748108
7301562368.0,-0.6999772787094116
7302499840.0,-0.6640530824661255
7303437312.0,-0.6296208500862122
7304374784.0,-0.5955721139907837
7305312256.0,-0.5644325613975525
7306250240.0,-0.5336153507232666
7307187712.0,-0.5033857822418213
7308125184.0,-0.4752102196216583
7309062656.0,-0.44716382026672363
7310000128.0,-0.4203631281852722
7310937600.0,-0.3941446542739868
7311875072.0,-0.36963292956352234
7312812544.0,-0.34856629371643066
7313750016.0,-0.3311140835285187
7314687488.0,-0.31513485312461853
7315624960.0,-0.3012053072452545
7316562432.0,-0.28784552216529846
7317499904.0,-0.2764321565628052
7318437376.0,-0.2662528455257416
7319374848.0,-0.25822627544403076
7320312320.0,-0.2512575387954712
7321249792.0,-0.24766239523887634
7322187264.0,-0.24597229063510895
7323125248.0,-0.24599511921405792
7324062720.0,-0.40427932143211365
7325000192.0,-0.4018227756023407
7325937664.0,-0.4018850028514862
7326875136.0,-0.40289124846458435
7327812608.0,-0.40541282296180725
7328750080.0,-0.4099213778972626
7329687552.0,-0.4146047532558441
7330625024.0,-0.42172011733055115
7331562496.0,-0.428559809923172
7332499968.0,-0.4359813630580902
7333437440.0,-0.4449935853481293
7334374912.0,-0.4546594023704529
7335312384.0,-0.4647516906261444
7336249856.0,-0.4739248752593994
7337187328.0,-0.48385027050971985
7338124800.0,-0.49319952726364136
7339062272.0,-0.5021260976791382
7340000256.0,-0.5102835893630981
7340937728.0,-0.5184991359710693
7341875200.0,-0.5244389772415161
7342812672.0,-0.5306366682052612
7343750144.0,-0.5345513820648193
7344687616.0,-0.5382570028305054
7345625088.0,-0.5401178002357483
7346562560.0,-0.5411245226860046
7347500032.0,-0.5407695770263672
7348437504.0,-0.5384512543678284
7349374976.0,-0.5332844853401184
7350312448.0,-0.5303210020065308
7351249920.0,-0.5235388875007629
7352187392.0,-0.5162390470504761
7353124864.0,-0.5072034001350403
7354062336.0,-0.4975375533103943
7354999808.0,-0.48548591136932373
7355937280.0,-0.4745681583881378
7356874752.0,-0.4614638090133667
7357812736.0,-0.44881948828697205
7358750208.0,-0.43573689460754395
7359687680.0,-0.42141154408454895
7360625152.0,-0.40811973810195923
7361562624.0,-0.3928571343421936
7362500096.0,-0.3775758147239685
7363437568.0,-0.3628997206687927
7364375040.0,-0.3469937741756439
7365312512.0,-0.3280527591705322
7366249984.0,-0.3093709945678711
7367187456.0,-0.2910134494304657
7368124928.0,-0.27211135625839233
7369062400.0,-0.25336790084838867
7369999872.0,-0.23442508280277252
7370937344.0,-0.2157972902059555
7371874816.0,-0.19732405245304108
7372812288.0,-0.1784234195947647
7373749760.0,-0.15889589488506317
7374687744.0,-0.14028657972812653
7375625216.0,-0.12088266015052795
7376562688.0,-0.10084778815507889
7377500160.0,-0.08012934029102325
7378437632.0,-0.05951964110136032
7379375104.0,-0.038150954991579056
7380312576.0,-0.0168408565223217
7381250048.0,0.004970106761902571
7382187520.0,0.027016380801796913
7383124992.0,0.04773362725973129
7384062464.0,0.05872047692537308
7384999936.0,0.06687125563621521
7385937408.0,0.07215772569179535
7386874880.0,0.07927312701940536
7387812352.0,0.08326642215251923
7388749824.0,0.08877655863761902
7389687296.0,0.09392312169075012
7390624768.0,0.09945245832204819
7391562752.0,0.1045462042093277
7392500224.0,0.10966312885284424
7393437696.0,0.11441846191883087
7394375168.0,0.12087487429380417
7395312640.0,0.12583871185779572
7396250112.0,0.13167402148246765
7397187584.0,0.13772544264793396
7398125056.0,0.14494577050209045
7399062528.0,0.15060563385486603
7400000000.0,0.15894752740859985
7400937472.0,0.16595260798931122
7401874944.0,0.172835111618042
7402812416.0,0.17998676002025604
7403749888.0,0.18570394814014435
7404687360.0,0.19223818182945251
7405624832.0,0.1966795027256012
7406562304.0,0.1998921036720276
7407499776.0,0.20216989517211914
7408437248.0,0.20241858065128326
7409375232.0,0.2005653977394104
7410312704.0,0.1961449831724167
7411250176.0,0.19047220051288605
7412187648.0,0.1795094609260559
7413125120.0,0.1694832146167755
7414062592.0,0.15424494445323944
7415000064.0,0.1386178433895111
7415937536.0,0.11942537873983383
7416875008.0,0.09868204593658447
7417812480.0,0.07559025287628174
7418749952.0,0.05190815031528473
7419687424.0,0.026797857135534286
7420624896.0,0.0012971761170774698
7421562368.0,-0.024171646684408188
7422499840.0,-0.05035419389605522
7423437312.0,-0.07642868906259537
7424374784.0,-0.10174089670181274
7425312256.0,-0.12634988129138947
7426250240.0,-0.14994879066944122
7427187712.0,-0.17172041535377502
7428125184.0,-0.19250911474227905
7429062656.0,-0.21178647875785828
7430000128.0,-0.22938641905784607
7430937600.0,-0.2449461817741394
7431875072.0,-0.2589782774448395
7432812544.0,-0.2720159888267517
7433750016.0,-0.2839236855506897
7434687488.0,-0.29447615146636963
7435624960.0,-0.3029114603996277
7436562432.0,-0.3106386661529541
7437499904.0,-0.31643569469451904
7438437376.0,-0.32258132100105286
7439374848.0,-0.327288419008255
7440312320.0,-0.32973751425743103
7441249792.0,-0.3304319977760315
7442187264.0,-0.3301318287849426
7443125248.0,-0.3289836347103119
7444062720.0,-0.10778006166219711
7445000192.0,-0.089288130402565
7445937664.0,-0.07352403551340103
7446875136.0,-0.06061793863773346
7447812608.0,-0.049842994660139084
7448750080.0,-0.04075699672102928
7449687552.0,-0.03477495536208153
7450625024.0,-0.029402246698737144
7451562496.0,-0.024897102266550064
7452499968.0,-0.021953925490379333
7453437440.0,-0.019555553793907166
7454374912.0,-0.017851771786808968
7455312384.0,-0.015102777630090714
7456249856.0,-0.013783754780888557
7457187328.0,-0.01056704018265009
7458124800.0,-0.007816888391971588
7459062272.0,-0.0029812571592628956
7459999744.0,0.0014167414046823978
7460937728.0,0.009126521646976471
7461875200.0,0.015123153105378151
7462812672.0,0.023010576143860817
7463750144.0,0.03272038698196411
7464687616.0,0.0420842282474041
7465625088.0,0.052429452538490295
7466562560.0,0.06299226731061935
7467500032.0,0.07408948987722397
7468437504.0,0.08648419380187988
7469374976.0,0.09778807312250137
7470312448.0,0.11026488244533539
7471249920.0,0.12282267212867737
7472187392.0,0.13564088940620422
7473124864.0,0.14707691967487335
7474062336.0,0.15769809484481812
7474999808.0,0.16868090629577637
7475937280.0,0.17853844165802002
7476874752.0,0.18610526621341705
7477812736.0,0.1935756802558899
7478750208.0,0.19939714670181274
7479687680.0,0.20339803397655487
7480625152.0,0.20636598765850067
7481562624.0,0.20810480415821075
7482500096.0,0.20805595815181732
7483437568.0,0.20662981271743774
7484375040.0,0.20317956805229187
7485312512.0,0.19865551590919495
7486249984.0,0.19199734926223755
7487187456.0,0.18535690009593964
7488124928.0,0.17682896554470062
7489062400.0,0.166000634431839
7489999872.0,0.154289111495018
7490937344.0,0.14091356098651886
7491874816.0,0.12453075498342514
7492812288.0,0.10703675448894501
7493749760.0,0.08983428031206131
7494687744.0,0.07093654572963715
7495625216.0,0.05192691832780838
7496562688.0,0.03360644727945328
7497500160.0,0.014315411448478699
7498437632.0,-0.005258672870695591
7499375104.0,-0.02276591584086418
7500312576.0,-0.040466420352458954
7501250048.0,-0.05766177922487259
7502187520.0,-0.07374846935272217
7503124992.0,-0.08918076753616333
7504062464.0,-0.07060564309358597
7504999936.0,-0.08116038143634796
7505937408.0,-0.09081786125898361
7506874880.0,-0.10056884586811066
7507812352.0,-0.10940223932266235
7508749824.0,-0.11875399947166443
7509687296.0,-0.1277313381433487
7510624768.0,-0.1358240693807602
7511562752.0,-0.14264538884162903
7512500224.0,-0.14918732643127441
7513437696.0,-0.15590915083885193
7514375168.0,-0.16047191619873047
7515312640.0,-0.16491931676864624
7516250112.0,-0.16796669363975525
7517187584.0,-0.17202210426330566
7518125056.0,-0.17488205432891846
7519062528.0,-0.1771889477968216
7520000000.0,-0.17687246203422546
7520937472.0,-0.1770583689212799
7521874944.0,-0.17652824521064758
7522812416.0,-0.1730114370584488
7523749888.0,-0.16896453499794006
7524687360.0,-0.1644032746553421
7525624832.0,-0.1589430421590805
7526562304.0,-0.15416668355464935
7527499776.0,-0.14481176435947418
7528437248.0,-0.13622814416885376
7529375232.0,-0.12711147964000702
7530312704.0,-0.11657745391130447
7531250176.0,-0.10502669960260391
7532187648.0,-0.09239289909601212
7533125120.0,-0.08143771439790726
7534062592.0,-0.06708980351686478
7535000064.0,-0.0530821830034256
7535937536.0,-0.03663022071123123
7536875008.0,-0.021579299122095108
7537812480.0,-0.005513391923159361
7538749952.0,0.011642011813819408
7539687424.0,0.028216715902090073
7540624896.0,0.04708517715334892
7541562368.0,0.06420935690402985
7542499840.0,0.08576313406229019
7543437312.0,0.10580068081617355
7544374784.0,0.12588371336460114
7545312256.0,0.14721862971782684
7546250240.0,0.16822980344295502
7547187712.0,0.18882155418395996
7548125184.0,0.20994795858860016
7549062656.0,0.23018617928028107
7550000128.0,0.24993154406547546
7550937600.0,0.27032583951950073
7551875072.0,0.2888076901435852
7552812544.0,0.30831852555274963
7553750016.0,0.3255421221256256
7554687488.0,0.3422544598579407
7555624960.0,0.3578733205795288
7556562432.0,0.37282928824424744
7557499904.0,0.3861868679523468
7558437376.0,0.398176908493042
7559374848.0,0.4073050022125244
7560312320.0,0.4154564440250397
7561249792.0,0.42179325222969055
7562187264.0,0.42595645785331726
7563125248.0,0.4289008378982544
7564062720.0,0.20883463323116302
7565000192.0,0.20859193801879883
7565937664.0,0.20579077303409576
7566875136.0,0.20367784798145294
7567812608.0,0.2018713653087616
7568750080.0,0.19815269112586975
7569687552.0,0.19378285109996796
7570625024.0,0.18868272006511688
7571562496.0,0.18269383907318115
7572499968.0,0.17535355687141418
7573437440.0,0.1671227663755417
7574374912.0,0.15915542840957642
7575312384.0,0.14761291444301605
7576249856.0,0.13652053475379944
7577187328.0,0.1234024241566658
7578124800.0,0.11056040227413177
7579062272.0,0.09506229311227798
7580000256.0,0.07959143817424774
7580937728.0,0.061922650784254074
7581875200.0,0.04460897296667099
7582812672.0,0.027210544794797897
7583750144.0,0.00826462171971798
7584687616.0,-0.010991969145834446
7585625088.0,-0.031170554459095
7586562560.0,-0.05014720931649208
7587500032.0,-0.07092190533876419
7588437504.0,-0.0910520851612091
7589374976.0,-0.11108459532260895
7590312448.0,-0.13110150396823883
7591249920.0,-0.15018442273139954
7592187392.0,-0.1708875298500061
7593124864.0,-0.18850630521774292
7594062336.0,-0.2063867151737213
7594999808.0,-0.22151261568069458
7595937280.0,-0.23785990476608276
7596874752.0,-0.25134164094924927
7597812736.0,-0.2645859718322754
7598750208.0,-0.2763983905315399
7599687680.0,-0.28629735112190247
7600625152.0,-0.29431357979774475
7601562624.0,-0.2996550500392914
7602500096.0,-0.3052632212638855
7603437568.0,-0.3080088198184967
7604375040.0,-0.3090493083000183
7605312512.0,-0.3072096109390259
7606249984.0,-0.30445659160614014
7607187456.0,-0.30019432306289673
7608124928.0,-0.2923430800437927
7609062400.0,-0.283155232667923
7609999872.0,-0.27327749133110046
7610937344.0,-0.2594137489795685
7611874816.0,-0.24426019191741943
7612812288.0,-0.22805027663707733
7613749760.0,-0.2101454883813858
7614687744.0,-0.1901993304491043
7615625216.0,-0.16899295151233673
7616562688.0,-0.14634253084659576
7617500160.0,-0.12264692038297653
7618437632.0,-0.09765861928462982
7619375104.0,-0.07074539363384247
7620312576.0,-0.04292896017432213
7621250048.0,-0.014973706565797329
7622187520.0,0.012086953967809677
7623124992.0,0.040126461535692215
7624062464.0,0.06749547272920609
7624999936.0,0.09527356177568436
7625937408.0,0.12178226560354233
7626874880.0,0.1475389003753662
7627812352.0,0.17275577783584595
7628749824.0,0.1965343952178955
7629687296.0,0.21834926307201385
7630624768.0,0.2393355667591095
7631562752.0,0.25788071751594543
7632500224.0,0.274698406457901
7633437696.0,0.29096874594688416
7634375168.0,0.30423441529273987
7635312640.0,0.3157121241092682
7636250112.0,0.3250262141227722
7637187584.0,0.33287349343299866
7638125056.0,0.3382810652256012
7639062528.0,0.34231120347976685
7640000000.0,0.34381428360939026
7640937472.0,0.34327438473701477
7641874944.0,0.34102433919906616
7642812416.0,0.3360714018344879
7643749888.0,0.3303442895412445
7644687360.0,0.322898805141449
7645624832.0,0.31405407190322876
7646562304.0,0.3025874197483063
7647499776.0,0.29077833890914917
7648437248.0,0.27652886509895325
7649375232.0,0.26133450865745544
7650312704.0,0.24410219490528107
7651250176.0,0.22584182024002075
7652187648.0,0.2060321718454361
7653125120.0,0.18543560802936554
7654062592.0,0.16403138637542725
7655000064.0,0.1420276165008545
7655937536.0,0.1177574023604393
7656875008.0,0.09387016296386719
7657812480.0,0.06904827058315277
7658749952.0,0.04263657331466675
7659687424.0,0.017058122903108597
7660624896.0,-0.009825460612773895
7661562368.0,-0.035869140177965164
7662499840.0,-0.06283257901668549
7663437312.0,-0.08844628185033798
7664374784.0,-0.11459789425134659
7665312256.0,-0.13876469433307648
7666250240.0,-0.16269975900650024
7667187712.0,-0.18563340604305267
7668125184.0,-0.20756065845489502
7669062656.0,-0.22781044244766235
7670000128.0,-0.2471190243959427
7670937600.0,-0.26541802287101746
7671875072.0,-0.2809353470802307
7672812544.0,-0.2945738136768341
7673750016.0,-0.30539992451667786
7674687488.0,-0.31487151980400085
7675624960.0,-0.32046112418174744
7676562432.0,-0.32518744468688965
7677499904.0,-0.3272997736930847
7678437376.0,-0.3243522644042969
7679374848.0,-0.3225869834423065
7680312320.0,-0.3165430426597595
7681249792.0,-0.3081287443637848
7682187264.0,-0.29706111550331116
7683125248.0,-0.28467699885368347
7684062720.0,-0.26189738512039185
7685000192.0,-0.25164809823036194
7685937664.0,-0.24127645790576935
7686875136.0,-0.22769314050674438
7687812608.0,-0.2119939774274826
7688750080.0,-0.19622427225112915
7689687552.0,-0.1785345822572708
7690625024.0,-0.1612895429134369
7691562496.0,-0.14085738360881805
7692499968.0,-0.122625932097435
7693437440.0,-0.10073836147785187
7694374912.0,-0.08092259615659714
7695312384.0,-0.06200544163584709
7696249856.0,-0.04413054883480072
7697187328.0,-0.026651741936802864
7698124800.0,-0.008352013304829597
7699062272.0,0.009392913430929184
7699999744.0,0.02690587006509304
7700937728.0,0.043396495282649994
7701875200.0,0.05916957929730415
7702812672.0,0.0756845697760582
7703750144.0,0.08974151313304901
7704687616.0,0.10396906733512878
7705625088.0,0.11756215989589691
7706562560.0,0.12877945601940155
7707500032.0,0.14161056280136108
7708437504.0,0.152584508061409
7709374976.0,0.1626800000667572
7710312448.0,0.1714780628681183
7711249920.0,0.18089348077774048
7712187392.0,0.18917050957679749
7713124864.0,0.1976078301668167
7714062336.0,0.20451225340366364
7714999808.0,0.21262770891189575
7715937280.0,0.21917061507701874
7716874752.0,0.22544459998607635
7717812736.0,0.23140156269073486
7718750208.0,0.23581531643867493
7719687680.0,0.24132239818572998
7720625152.0,0.245197132229805
7721562624.0,0.24777451157569885
7722500096.0,0.250179648399353
7723437568.0,0.2527454197406769
7724375040.0,0.2523755729198456
7725312512.0,0.2521590292453766
7726249984.0,0.25211507081985474
7727187456.0,0.24931934475898743
7728124928.0,0.24782846868038177
7729062400.0,0.2422761172056198
7729999872.0,0.23754727840423584
7730937344.0,0.23136700689792633
7731874816.0,0.22328083217144012
7732812288.0,0.21365156769752502
7733749760.0,0.2034173160791397
7734687744.0,0.19044090807437897
7735625216.0,0.1756558120250702
7736562688.0,0.15963968634605408
7737500160.0,0.1438886821269989
7738437632.0,0.12565742433071136
7739375104.0,0.10577918589115143
7740312576.0,0.08419398963451385
7741250048.0,0.06192180886864662
7742187520.0,0.03903806582093239
7743124992.0,0.013794136233627796
7744062464.0,-0.021332887932658195
7744999936.0,-0.025896701961755753
7745937408.0,-0.03123805858194828
7746874880.0,-0.03750169277191162
7747812352.0,-0.04566727206110954
7748749824.0,-0.055225927382707596
7749687296.0,-0.06582693755626678
7750624768.0,-0.07794240862131119
7751562752.0,-0.09139323234558105
7752500224.0,-0.10511904209852219
7753437696.0,-0.12175800651311874
7754375168.0,-0.1377355307340622
7755312640.0,-0.1550758183002472
7756250112.0,-0.17342136800289154
7757187584.0,-0.1915992647409439
7758125056.0,-0.21043777465820312
7759062528.0,-0.23029187321662903
7760000000.0,-0.24863813817501068
7760937472.0,-0.26794108748435974
7761874944.0,-0.28617343306541443
7762812416.0,-0.30417656898498535
7763749888.0,-0.32183215022087097
7764687360.0,-0.33807966113090515
7765624832.0,-0.35278794169425964
7766562304.0,-0.3680364191532135
7767499776.0,-0.3796059787273407
7768437248.0,-0.39019232988357544
7769375232.0,-0.39928945899009705
7770312704.0,-0.4060450792312622
7771250176.0,-0.4121161699295044
7772187648.0,-0.41688835620880127
7773125120.0,-0.4177340269088745
7774062592.0,-0.4182896614074707
7775000064.0,-0.41493386030197144
7775937536.0,-0.4104827642440796
7776875008.0,-0.40251320600509644
7777812480.0,-0.39245834946632385
7778749952.0,-0.3796902596950531
7779687424.0,-0.3647460639476776
7780624896.0,-0.34770557284355164
7781562368.0,-0.3275769352912903
7782499840.0,-0.3061780631542206
7783437312.0,-0.2830725610256195
7784374784.0,-0.2580419182777405
7785312256.0,-0.2308279275894165
7786250240.0,-0.20201295614242554
7787187712.0,-0.17195521295070648
7788125184.0,-0.14061644673347473
7789062656.0,-0.10820938646793365
7790000128.0,-0.07578080892562866
7790937600.0,-0.04197872430086136
7791875072.0,-0.00858762301504612
7792812544.0,0.026163967326283455
7793750016.0,0.06101638823747635
7794687488.0,0.09301172941923141
7795624960.0,0.1262446939945221
7796562432.0,0.1586972177028656
7797499904.0,0.1881718933582306
7798437376.0,0.21768952906131744
7799374848.0,0.24462193250656128
7800312320.0,0.27112141251564026
7801249792.0,0.29461419582366943
7802187264.0,0.315122127532959
7803125248.0,0.33414125442504883
7804062720.0,0.1630772352218628
7805000192.0,0.17421886324882507
7805937664.0,0.1849973052740097
7806875136.0,0.19293877482414246
7807812608.0,0.19981428980827332
7808750080.0,0.20392315089702606
7809687552.0,0.2058773934841156
7810625024.0,0.20682698488235474
7811562496.0,0.20598554611206055
7812499968.0,0.2010616809129715
7813437440.0,0.1957816630601883
7814374912.0,0.18769261240959167
7815312384.0,0.1767972707748413
7816249856.0,0.16385114192962646
7817187328.0,0.1482580602169037
7818124800.0,0.13141416013240814
7819062272.0,0.11137436330318451
7820000256.0,0.09064217656850815
7820937728.0,0.06774230301380157
7821875200.0,0.043242305517196655
7822812672.0,0.019850241020321846
7823750144.0,-0.005541822873055935
7824687616.0,-0.03192434832453728
7825625088.0,-0.05866201967000961
7826562560.0,-0.08796251565217972
7827500032.0,-0.11533582955598831
7828437504.0,-0.14436808228492737
7829374976.0,-0.1725415736436844
7830312448.0,-0.20019543170928955
7831249920.0,-0.22738857567310333
7832187392.0,-0.254823237657547
7833124864.0,-0.28126057982444763
7834062336.0,-0.3063708245754242
7834999808.0,-0.32965418696403503
7835937280.0,-0.35260528326034546
7836874752.0,-0.3743845522403717
7837812736.0,-0.392930805683136
7838750208.0,-0.4108356833457947
7839687680.0,-0.426822304725647
7840625152.0,-0.44099152088165283
7841562624.0,-0.4520154893398285
7842500096.0,-0.4605203866958618
7843437568.0,-0.4693702757358551
7844375040.0,-0.47427263855934143
7845312512.0,-0.47797608375549316
7846249984.0,-0.47886714339256287
7847187456.0,-0.4780748784542084
7848124928.0,-0.47177568078041077
7849062400.0,-0.4645068645477295
7849999872.0,-0.4549219310283661
7850937344.0,-0.4433506727218628
7851874816.0,-0.4321938455104828
7852812288.0,-0.41960617899894714
7853749760.0,-0.4049112796783447
7854687744.0,-0.3901342451572418
7855625216.0,-0.3736683428287506
7856562688.0,-0.357498437166214
7857500160.0,-0.3409135043621063
7858437632.0,-0.32346969842910767
7859375104.0,-0.3051855266094208
7860312576.0,-0.28551504015922546
7861250048.0,-0.2670741379261017
7862187520.0,-0.24775001406669617
7863124992.0,-0.2294377088546753
7864062464.0,-0.21181952953338623
7864999936.0,-0.1931803822517395
7865937408.0,-0.1759893000125885
7866874880.0,-0.1576748937368393
7867812352.0,-0.1393614560365677
7868749824.0,-0.12116853147745132
7869687296.0,-0.10428977012634277
7870624768.0,-0.08599113672971725
7871562752.0,-0.06967662274837494
7872500224.0,-0.052573878318071365
7873437696.0,-0.034969132393598557
7874375168.0,-0.018478266894817352
7875312640.0,-0.002215869724750519
7876250112.0,0.012345733121037483
7877187584.0,0.026394497603178024
7878125056.0,0.03755112737417221
7879062528.0,0.04795771464705467
7880000000.0,0.056302689015865326
7880937472.0,0.06186830624938011
7881874944.0,0.06586747616529465
7882812416.0,0.06685288995504379
7883749888.0,0.06564579159021378
7884687360.0,0.06185067817568779
7885624832.0,0.05529849976301193
7886562304.0,0.04622237756848335
7887499776.0,0.03406505659222603
7888437248.0,0.019000833854079247
7889375232.0,0.002332242438569665
7890312704.0,-0.01732291840016842
7891250176.0,-0.038381367921829224
7892187648.0,-0.06290972232818604
7893125120.0,-0.08752143383026123
7894062592.0,-0.11373817920684814
7895000064.0,-0.14098414778709412
7895937536.0,-0.16847160458564758
7896875008.0,-0.19643521308898926
7897812480.0,-0.22489461302757263
7898749952.0,-0.2547505795955658
7899687424.0,-0.28410619497299194
7900624896.0,-0.3135870695114136
7901562368.0,-0.3417266011238098
7902499840.0,-0.36947765946388245
7903437312.0,-0.396253377199173
7904374784.0,-0.42164990305900574
7905312256.0,-0.44586092233657837
7906250240.0,-0.46890246868133545
7907187712.0,-0.4913886785507202
7908125184.0,-0.5124502182006836
7909062656.0,-0.5336522459983826
7910000128.0,-0.5526120066642761
7910937600.0,-0.5710609555244446
7911875072.0,-0.5892474055290222
7912812544.0,-0.6071824431419373
7913750016.0,-0.6252142786979675
7914687488.0,-0.6427316665649414
7915624960.0,-0.6616934537887573
7916562432.0,-0.6811599731445312
7917499904.0,-0.6992942094802856
7918437376.0,-0.7185669541358948
7919374848.0,-0.7390403151512146
7920312320.0,-0.7597984671592712
7921249792.0,-0.7808644771575928
7922187264.0,-0.8024188280105591
7923125248.0,-0.823437511920929
7924062720.0,-0.8618091344833374
7925000192.0,-0.8665813207626343
7925937664.0,-0.8724680542945862
7926875136.0,-0.8752447366714478
7927812608.0,-0.8788824081420898
7928750080.0,-0.8826165199279785
7929687552.0,-0.8849759101867676
7930625024.0,-0.8885420560836792
7931562496.0,-0.891268789768219
7932499968.0,-0.8916865587234497
7933437440.0,-0.8937427401542664
7934374912.0,-0.8927187919616699
7935312384.0,-0.8938214182853699
7936249856.0,-0.8905176520347595
7937187328.0,-0.8890293836593628
7938124800.0,-0.8851903080940247
7939062272.0,-0.8811874389648438
7939999744.0,-0.8749828338623047
7940937728.0,-0.8670142292976379
7941875200.0,-0.8584348559379578
7942812672.0,-0.8471819758415222
7943750144.0,-0.8349388241767883
7944687616.0,-0.8194690346717834
7945625088.0,-0.8046038746833801
7946562560.0,-0.7870471477508545
7947500032.0,-0.768713653087616
7948437504.0,-0.7485373020172119
7949374976.0,-0.7281415462493896
7950312448.0,-0.7059499025344849
7951249920.0,-0.683799684047699
7952187392.0,-0.6598814725875854
7953124864.0,-0.6341588497161865
7954062336.0,-0.6093866229057312
7954999808.0,-0.5827240347862244
7955937280.0,-0.5550036430358887
7956874752.0,-0.5266923904418945
7957812736.0,-0.4979954957962036
7958750208.0,-0.46897807717323303
7959687680.0,-0.4403797686100006
7960625152.0,-0.4121130406856537
7961562624.0,-0.3830142915248871
7962500096.0,-0.35568860173225403
7963437568.0,-0.32867059111595154
7964375040.0,-0.3026663362979889
7965312512.0,-0.2776779532432556
7966249984.0,-0.25334054231643677
7967187456.0,-0.23070764541625977
7968124928.0,-0.2085714042186737
7969062400.0,-0.1889793425798416
7969999872.0,-0.17010341584682465
7970937344.0,-0.154501274228096
7971874816.0,-0.13942080736160278
7972812288.0,-0.12645584344863892
7973749760.0,-0.11555888503789902
7974687744.0,-0.10576555877923965
7975625216.0,-0.10051025450229645
7976562688.0,-0.09604563564062119
7977500160.0,-0.09401725977659225
7978437632.0,-0.09586652368307114
7979375104.0,-0.0965908020734787
7980312576.0,-0.10051707923412323
7981250048.0,-0.10465573519468307
7982187520.0,-0.11251753568649292
7983124992.0,-0.120428666472435
7984062464.0,-0.24090993404388428
7984999936.0,-0.2437652349472046
7985937408.0,-0.24691779911518097
7986874880.0,-0.25129175186157227
7987812352.0,-0.25574469566345215
7988749824.0,-0.2613633871078491
7989687296.0,-0.26783037185668945
7990624768.0,-0.2744394838809967
7991562752.0,-0.2827272117137909
7992500224.0,-0.2904220521450043
7993437696.0,-0.29822105169296265
7994375168.0,-0.3070298135280609
7995312640.0,-0.315981388092041
7996250112.0,-0.3257140815258026
7997187584.0,-0.3355906307697296
7998125056.0,-0.34513962268829346
7999062528.0,-0.3557177782058716
8000000000.0,-0.3647860884666443
