Frequency (Hz),Measurement
2000000000.0,0.15590304136276245
2000937472.0,0.14760726690292358
2001874944.0,0.1446426510810852
2002812544.0,0.13940376043319702
2003750016.0,0.13415145874023438
2004687488.0,0.13011452555656433
2005624960.0,0.12510494887828827
2006562560.0,0.11948426812887192
2007500032.0,0.11367712914943695
2008437504.0,0.10773003846406937
2009374976.0,0.10156960040330887
2010312448.0,0.09568063169717789
2011250048.0,0.08918993175029755
2012187520.0,0.08236518502235413
2013124992.0,0.07667747139930725
2014062464.0,0.06989523023366928
2015000064.0,0.06378570944070816
2015937536.0,0.057044897228479385
2016875008.0,0.051591455936431885
2017812480.0,0.045014865696430206
2018749952.0,0.03980152681469917
2019687552.0,0.03472151607275009
2020625024.0,0.029463978484272957
2021562496.0,0.026114879176020622
2022499968.0,0.021385405212640762
2023437440.0,0.01920473575592041
2024375040.0,0.016424918547272682
2025312512.0,0.015034221112728119
2026249984.0,0.014252174645662308
2027187456.0,0.014203483238816261
2028125056.0,0.014033917337656021
2029062528.0,0.016000600531697273
2030000000.0,0.017875943332910538
2030937472.0,0.021160773932933807
2031874944.0,0.024714287370443344
2032812544.0,0.029954826459288597
2033750016.0,0.03557261824607849
2034687488.0,0.043065305799245834
2035624960.0,0.048266053199768066
2036562560.0,0.05659959465265274
2037500032.0,0.06458883732557297
2038437504.0,0.07251342386007309
2039374976.0,0.08149677515029907
2040312448.0,0.09009455889463425
2041250048.0,0.09898902475833893
2042187520.0,0.10697297751903534
2043124992.0,0.11487028747797012
2044062464.0,0.12330298125743866
2044999936.0,0.13006561994552612
2045937536.0,0.13700661063194275
2046875008.0,0.14219330251216888
2047812480.0,0.1462586224079132
2048749952.0,0.15570536255836487
2049687552.0,0.15111154317855835
2050625024.0,0.14678752422332764
2051562496.0,0.14079780876636505
2052499968.0,0.1347622573375702
2053437440.0,0.12775225937366486
2054375040.0,0.12049353867769241
2055312512.0,0.11471733450889587
2056249984.0,0.10695859044790268
2057187456.0,0.09926460683345795
2058125056.0,0.09183306992053986
2059062528.0,0.08485899865627289
2060000000.0,0.07754495739936829
2060937472.0,0.07049383223056793
2061874944.0,0.06427344679832458
2062812544.0,0.05749097838997841
2063750016.0,0.05162985250353813
2064687488.0,0.04576574265956879
2065624960.0,0.04076160490512848
2066562560.0,0.036106858402490616
2067500032.0,0.031803976744413376
2068437504.0,0.02723456174135208
2069374976.0,0.022904379293322563
2070312448.0,0.019923757761716843
2071250048.0,0.017392586916685104
2072187520.0,0.013872670941054821
2073124992.0,0.01170156616717577
2074062464.0,0.009043481200933456
2075000064.0,0.006681066006422043
2075937536.0,0.005168687552213669
2076875008.0,0.0034376007970422506
2077812480.0,0.00276505877263844
2078749952.0,0.0024106346536427736
2079687552.0,0.002623493317514658
2080625024.0,0.0026347569655627012
2081562496.0,0.003414363134652376
2082499968.0,0.0051562609151005745
2083437440.0,0.006488333456218243
2084375040.0,0.009161765687167645
2085312512.0,0.012070971541106701
2086249984.0,0.015171702019870281
2087187456.0,0.019065292552113533
2088125056.0,0.023464657366275787
2089062528.0,0.02797812595963478
2090000000.0,0.033557746559381485
2090937472.0,0.04011739790439606
2091874944.0,0.046062566339969635
2092812544.0,0.053257741034030914
2093750016.0,0.061296138912439346
2094687488.0,0.06947188824415207
2095624960.0,0.07976040989160538
2096562560.0,0.08903153985738754
2097500032.0,0.10069987177848816
2098437504.0,0.11165422946214676
2099374976.0,0.1223323717713356
2100312448.0,0.13461649417877197
2101250048.0,0.14662295579910278
2102187520.0,0.1608281433582306
2103124992.0,0.17418763041496277
2104062464.0,0.18718454241752625
2104999936.0,0.20084501802921295
2105937536.0,0.21403011679649353
2106875008.0,0.22658808529376984
2107812480.0,0.2394302785396576
2108749952.0,0.27871468663215637
2109687552.0,0.28598517179489136
2110625024.0,0.293928861618042
2111562496.0,0.3008691966533661
2112499968.0,0.30720949172973633
2113437440.0,0.3108370304107666
2114375040.0,0.3145122230052948
2115312512.0,0.31601253151893616
2116249984.0,0.3134803771972656
2117187456.0,0.30988141894340515
2118125056.0,0.3025910556316376
2119062528.0,0.2935568392276764
2120000000.0,0.2805642783641815
2120937472.0,0.2652316093444824
2121874944.0,0.24602080881595612
2122812544.0,0.2255220115184784
2123750016.0,0.2029934972524643
2124687488.0,0.17839007079601288
2125624960.0,0.15241967141628265
2126562560.0,0.12504032254219055
2127500032.0,0.09815675765275955
2128437504.0,0.07070716470479965
2129374976.0,0.04549192637205124
2130312448.0,0.019113589078187943
2131250048.0,-0.004798420239239931
2132187520.0,-0.026430198922753334
2133124992.0,-0.0466456413269043
2134062464.0,-0.06388863176107407
2135000064.0,-0.07807023078203201
2135937536.0,-0.09011407196521759
2136875008.0,-0.09922156482934952
2137812480.0,-0.10465425252914429
2138749952.0,-0.10917302221059799
2139687552.0,-0.10811956971883774
2140625024.0,-0.10584063082933426
2141562496.0,-0.10175224393606186
2142499968.0,-0.09483253955841064
2143437440.0,-0.08539315313100815
2144375040.0,-0.07463659346103668
2145312512.0,-0.06202639266848564
2146249984.0,-0.04929525777697563
2147187456.0,-0.035589318722486496
2148124928.0,-0.021121177822351456
2149062400.0,-0.005745861679315567
2150000128.0,0.008999577723443508
2150937600.0,0.023526420816779137
2151875072.0,0.038174424320459366
2152812544.0,0.05245252698659897
2153750016.0,0.06599303334951401
2154687488.0,0.07917918264865875
2155624960.0,0.09103403985500336
2156562432.0,0.10237998515367508
2157499904.0,0.11307378113269806
2158437376.0,0.12312459945678711
2159375104.0,0.13253875076770782
2160312576.0,0.14198480546474457
2161250048.0,0.15053346753120422
2162187520.0,0.15932278335094452
2163124992.0,0.16728618741035461
2164062464.0,0.175383523106575
2164999936.0,0.18309909105300903
2165937408.0,0.19158703088760376
2166874880.0,0.19871169328689575
2167812608.0,0.2059715837240219
2168750080.0,0.2306092530488968
2169687552.0,0.24133627116680145
2170625024.0,0.2520052194595337
2171562496.0,0.26215505599975586
2172499968.0,0.2721911668777466
2173437440.0,0.28171929717063904
2174374912.0,0.2894201874732971
2175312384.0,0.2970274090766907
2176250112.0,0.30293819308280945
2177187584.0,0.30839717388153076
2178125056.0,0.3111220896244049
2179062528.0,0.3120259642601013
2180000000.0,0.31110072135925293
2180937472.0,0.30891233682632446
2181874944.0,0.3045649528503418
2182812416.0,0.29776808619499207
2183749888.0,0.2893580198287964
2184687616.0,0.27806225419044495
2185625088.0,0.2663435935974121
2186562560.0,0.25133565068244934
2187500032.0,0.23536473512649536
2188437504.0,0.21765108406543732
2189374976.0,0.1989872008562088
2190312448.0,0.17976650595664978
2191249920.0,0.15941278636455536
2192187392.0,0.13851764798164368
2193125120.0,0.11751101911067963
2194062592.0,0.09727734327316284
2195000064.0,0.07643375545740128
2195937536.0,0.057265765964984894
2196875008.0,0.03807545080780983
2197812480.0,0.019986584782600403
2198749952.0,0.004588354378938675
2199687424.0,-0.009540246799588203
2200624896.0,-0.022611336782574654
2201562624.0,-0.03265116736292839
2202500096.0,-0.04134073480963707
2203437568.0,-0.04718257114291191
2204375040.0,-0.050775639712810516
2205312512.0,-0.05199752002954483
2206249984.0,-0.050876591354608536
2207187456.0,-0.048295971006155014
2208124928.0,-0.042494889348745346
2209062400.0,-0.035780228674411774
2209999872.0,-0.02662498690187931
2210937600.0,-0.015102596953511238
2211875072.0,-0.003056207438930869
2212812544.0,0.010635179467499256
2213750016.0,0.02676141820847988
2214687488.0,0.041743889451026917
2215624960.0,0.05907979607582092
2216562432.0,0.0758005902171135
2217499904.0,0.09360472112894058
2218437376.0,0.11125589162111282
2219375104.0,0.12889312207698822
2220312576.0,0.14560270309448242
2221250048.0,0.162200927734375
2222187520.0,0.1770821511745453
2223124992.0,0.1910838931798935
2224062464.0,0.20422077178955078
2224999936.0,0.21634714305400848
2225937408.0,0.2260449230670929
2226874880.0,0.23475591838359833
2227812608.0,0.2415911704301834
2228750080.0,0.2136218100786209
2229687552.0,0.21906358003616333
2230625024.0,0.22374364733695984
2231562496.0,0.22745035588741302
2232499968.0,0.2285584807395935
2233437440.0,0.22950685024261475
2234374912.0,0.22813750803470612
2235312384.0,0.2246146947145462
2236250112.0,0.21959060430526733
2237187584.0,0.21157410740852356
2238125056.0,0.20192748308181763
2239062528.0,0.19130314886569977
2240000000.0,0.176980659365654
2240937472.0,0.161178857088089
2241874944.0,0.14388562738895416
2242812416.0,0.1256566047668457
2243749888.0,0.10634580254554749
2244687616.0,0.08587498962879181
2245625088.0,0.0655963197350502
2246562560.0,0.0434078648686409
2247500032.0,0.023127291351556778
2248437504.0,0.0021769001614302397
2249374976.0,-0.01730252057313919
2250312448.0,-0.035741787403821945
2251249920.0,-0.05274692550301552
2252187392.0,-0.06799878925085068
2253125120.0,-0.08008488267660141
2254062592.0,-0.09152516722679138
2255000064.0,-0.10087324678897858
2255937536.0,-0.10634059458971024
2256875008.0,-0.1111135333776474
2257812480.0,-0.11213283240795135
2258749952.0,-0.11101191490888596
2259687424.0,-0.10725855827331543
2260624896.0,-0.1014755517244339
2261562624.0,-0.09310287237167358
2262500096.0,-0.08301018923521042
2263437568.0,-0.07176034897565842
2264375040.0,-0.05843564122915268
2265312512.0,-0.043652959167957306
2266249984.0,-0.02862204983830452
2267187456.0,-0.0121975252404809
2268124928.0,0.0042555504478514194
2269062400.0,0.022045573219656944
2270000128.0,0.039716918021440506
2270937600.0,0.057282716035842896
2271875072.0,0.07465633749961853
2272812544.0,0.09193715453147888
2273750016.0,0.10914154350757599
2274687488.0,0.12499180436134338
2275624960.0,0.14108723402023315
2276562432.0,0.1556616723537445
2277499904.0,0.16847170889377594
2278437376.0,0.1816505342721939
2279375104.0,0.19272270798683167
2280312576.0,0.20374321937561035
2281250048.0,0.21354414522647858
2282187520.0,0.22196997702121735
2283124992.0,0.22967471182346344
2284062464.0,0.23682446777820587
2284999936.0,0.24303995072841644
2285937408.0,0.249010369181633
2286874880.0,0.2532247304916382
2287812608.0,0.2575377821922302
2288750080.0,0.26901498436927795
2289687552.0,0.27755773067474365
2290625024.0,0.28617799282073975
2291562496.0,0.2940075099468231
2292499968.0,0.30075863003730774
2293437440.0,0.3083517253398895
2294374912.0,0.3150685131549835
2295312384.0,0.3205946087837219
2296250112.0,0.3255217671394348
2297187584.0,0.32966068387031555
2298125056.0,0.3321836590766907
2299062528.0,0.33269280195236206
2300000000.0,0.33154016733169556
2300937472.0,0.3285849392414093
2301874944.0,0.32241949439048767
2302812416.0,0.3149711489677429
2303749888.0,0.30393511056900024
2304687616.0,0.29067158699035645
2305625088.0,0.27418243885040283
2306562560.0,0.25616341829299927
2307500032.0,0.23353736102581024
2308437504.0,0.21058765053749084
2309374976.0,0.18463623523712158
2310312448.0,0.15830115973949432
2311249920.0,0.13000430166721344
2312187392.0,0.10185683518648148
2313125120.0,0.07147455215454102
2314062592.0,0.04185603931546211
2315000064.0,0.013588708825409412
2315937536.0,-0.014366826973855495
2316875008.0,-0.040054094046354294
2317812480.0,-0.06362389028072357
2318749952.0,-0.08594784140586853
2319687424.0,-0.1055641919374466
2320624896.0,-0.12350600212812424
2321562624.0,-0.13826926052570343
2322500096.0,-0.15199238061904907
2323437568.0,-0.16324388980865479
2324375040.0,-0.17145055532455444
2325312512.0,-0.17794440686702728
2326249984.0,-0.18276579678058624
2327187456.0,-0.1850782185792923
2328124928.0,-0.18538521230220795
2329062400.0,-0.18431098759174347
2329999872.0,-0.18161770701408386
2330937600.0,-0.1769462376832962
2331875072.0,-0.17102289199829102
2332812544.0,-0.1646474450826645
2333750016.0,-0.15449519455432892
2334687488.0,-0.1442054659128189
2335624960.0,-0.13144442439079285
2336562432.0,-0.11793290078639984
2337499904.0,-0.10215595364570618
2338437376.0,-0.08547343313694
2339375104.0,-0.065348319709301
2340312576.0,-0.04568219184875488
2341250048.0,-0.02381141111254692
2342187520.0,-0.0006981766782701015
2343124992.0,0.02418609708547592
2344062464.0,0.049249596893787384
2344999936.0,0.07460026443004608
2345937408.0,0.10075150430202484
2346874880.0,0.12699005007743835
2347812608.0,0.15265028178691864
2348750080.0,0.20788633823394775
2349687552.0,0.22378262877464294
2350625024.0,0.23644186556339264
2351562496.0,0.24609635770320892
2352499968.0,0.2533738911151886
2353437440.0,0.25632303953170776
2354374912.0,0.2561139464378357
2355312384.0,0.2515808939933777
2356250112.0,0.24385248124599457
2357187584.0,0.23347875475883484
2358125056.0,0.21902057528495789
2359062528.0,0.20238947868347168
2360000000.0,0.18304722011089325
2360937472.0,0.16115516424179077
2361874944.0,0.1367955356836319
2362812416.0,0.1113579273223877
2363749888.0,0.08405724167823792
2364687616.0,0.056446004658937454
2365625088.0,0.028258508071303368
2366562560.0,-0.001717905281111598
2367500032.0,-0.0311537254601717
2368437504.0,-0.058109767735004425
2369374976.0,-0.08541328459978104
2370312448.0,-0.11039375513792038
2371249920.0,-0.1339379847049713
2372187392.0,-0.15687961876392365
2373125120.0,-0.17584659159183502
2374062592.0,-0.19483579695224762
2375000064.0,-0.21035102009773254
2375937536.0,-0.22248531877994537
2376875008.0,-0.2328134924173355
2377812480.0,-0.23887033760547638
2378749952.0,-0.24340738356113434
2379687424.0,-0.24455593526363373
2380624896.0,-0.2436067759990692
2381562624.0,-0.23958159983158112
2382500096.0,-0.23400649428367615
2383437568.0,-0.22555981576442719
2384375040.0,-0.21549013257026672
2385312512.0,-0.20348605513572693
2386249984.0,-0.18962335586547852
2387187456.0,-0.17547936737537384
2388124928.0,-0.1590927094221115
2389062400.0,-0.14206291735172272
2390000128.0,-0.12533514201641083
2390937600.0,-0.10863622277975082
2391875072.0,-0.09205198287963867
2392812544.0,-0.07552982121706009
2393750016.0,-0.06066253408789635
2394687488.0,-0.04589986056089401
2395624960.0,-0.031568970531225204
2396562432.0,-0.018788011744618416
2397499904.0,-0.007474376354366541
2398437376.0,0.00287347799167037
2399375104.0,0.011753824539482594
2400312576.0,0.02029719203710556
2401250048.0,0.02616134285926819
2402187520.0,0.031327396631240845
2403124992.0,0.036119721829891205
2404062464.0,0.038756877183914185
2404999936.0,0.03964075446128845
2405937408.0,0.039742693305015564
2406874880.0,0.03882299363613129
2407812608.0,0.036477841436862946
2408750080.0,0.03185415640473366
2409687552.0,0.036224447190761566
2410625024.0,0.04000944644212723
2411562496.0,0.04111894965171814
2412499968.0,0.03988247364759445
2413437440.0,0.0361754484474659
2414374912.0,0.029775720089673996
2415312384.0,0.021682068705558777
2416250112.0,0.010822737589478493
2417187584.0,-0.0021623303182423115
2418125056.0,-0.015915242955088615
2419062528.0,-0.032517995685338974
2420000000.0,-0.05039321631193161
2420937472.0,-0.06928647309541702
2421874944.0,-0.09000395238399506
2422812416.0,-0.1114170178771019
2423749888.0,-0.1337617188692093
2424687616.0,-0.15584054589271545
2425625088.0,-0.17745403945446014
2426562560.0,-0.19979406893253326
2427500032.0,-0.22157801687717438
2428437504.0,-0.24404163658618927
2429374976.0,-0.26484254002571106
2430312448.0,-0.2850884795188904
2431249920.0,-0.3048892021179199
2432187392.0,-0.3220755457878113
2433125120.0,-0.3392302989959717
2434062592.0,-0.35474681854248047
2435000064.0,-0.3694382905960083
2435937536.0,-0.3819800317287445
2436875008.0,-0.39391613006591797
2437812480.0,-0.4045411944389343
2438749952.0,-0.41370901465415955
2439687424.0,-0.42122766375541687
2440624896.0,-0.4262533485889435
2441562624.0,-0.4307984411716461
2442500096.0,-0.43402284383773804
2443437568.0,-0.4340786635875702
2444375040.0,-0.43472036719322205
2445312512.0,-0.4328908324241638
2446249984.0,-0.4305950999259949
2447187456.0,-0.42773374915122986
2448124928.0,-0.4242807924747467
2449062400.0,-0.41924023628234863
2449999872.0,-0.41360172629356384
2450937600.0,-0.40789517760276794
2451875072.0,-0.4022417664527893
2452812544.0,-0.395138144493103
2453750016.0,-0.3885563313961029
2454687488.0,-0.38245582580566406
2455624960.0,-0.37708422541618347
2456562432.0,-0.37160491943359375
2457499904.0,-0.36546024680137634
2458437376.0,-0.36001887917518616
2459375104.0,-0.3549420237541199
2460312576.0,-0.3520311117172241
2461250048.0,-0.34927400946617126
2462187520.0,-0.3488127887248993
2463124992.0,-0.3482174277305603
2464062464.0,-0.350024551153183
2464999936.0,-0.3532191812992096
2465937408.0,-0.3577389717102051
2466874880.0,-0.3655661642551422
2467812608.0,-0.3757108747959137
2468750080.0,-0.4621211588382721
2469687552.0,-0.48379483819007874
2470625024.0,-0.5071287155151367
2471562496.0,-0.5341939330101013
2472499968.0,-0.5639175176620483
2473437440.0,-0.5967907905578613
2474374912.0,-0.632162868976593
2475312384.0,-0.6713717579841614
2476250112.0,-0.7150627374649048
2477187584.0,-0.7616334557533264
2478125056.0,-0.8125554323196411
2479062528.0,-0.8657928109169006
2480000000.0,-0.921509861946106
2480937472.0,-0.9789827466011047
2481874944.0,-1.0405949354171753
2482812416.0,-1.104058027267456
2483749888.0,-1.1720554828643799
2484687616.0,-1.2440743446350098
2485625088.0,-1.3196405172348022
2486562560.0,-1.39881432056427
2487500032.0,-1.482291579246521
2488437504.0,-1.5702872276306152
2489374976.0,-1.6626501083374023
2490312448.0,-1.758366346359253
2491249920.0,-1.8602972030639648
2492187392.0,-1.9656391143798828
2493125120.0,-2.0728166103363037
2494062592.0,-2.185969591140747
2495000064.0,-2.3046464920043945
2495937536.0,-2.427626132965088
2496875008.0,-2.5593478679656982
2497812480.0,-2.694291114807129
2498749952.0,-2.838503122329712
2499687424.0,-2.992354393005371
2500624896.0,-3.1559195518493652
2501562624.0,-3.3332159519195557
2502500096.0,-3.5202014446258545
2503437568.0,-3.7206106185913086
2504375040.0,-3.934896469116211
2505312512.0,-4.165144443511963
2506249984.0,-4.412487983703613
2507187456.0,-4.677582740783691
2508124928.0,-4.96166467666626
2509062400.0,-5.2655510902404785
2510000128.0,-5.582577705383301
2510937600.0,-5.916698455810547
2511875072.0,-6.259233474731445
2512812544.0,-6.602722644805908
2513750016.0,-6.9337639808654785
2514687488.0,-7.2412567138671875
2515624960.0,-7.510879039764404
2516562432.0,-7.728551864624023
2517499904.0,-7.874238014221191
2518437376.0,-7.939598083496094
2519375104.0,-7.920485973358154
2520312576.0,-7.814628601074219
2521250048.0,-7.62582540512085
2522187520.0,-7.363463878631592
2523124992.0,-7.041498184204102
2524062464.0,-6.683993339538574
2524999936.0,-6.306263446807861
2525937408.0,-5.916593074798584
2526874880.0,-5.532480716705322
2527812608.0,-5.155070781707764
2528750080.0,-4.785236358642578
2529687552.0,-4.4437737464904785
2530625024.0,-4.118868350982666
2531562496.0,-3.815404176712036
2532499968.0,-3.5350706577301025
2533437440.0,-3.275045871734619
2534374912.0,-3.0331482887268066
2535312384.0,-2.8125131130218506
2536250112.0,-2.6104891300201416
2537187584.0,-2.426729917526245
2538125056.0,-2.2592933177948
2539062528.0,-2.1068365573883057
2540000000.0,-1.9682737588882446
2540937472.0,-1.8414113521575928
2541874944.0,-1.7267731428146362
2542812416.0,-1.621696949005127
2543749888.0,-1.5262560844421387
2544687616.0,-1.4386581182479858
2545625088.0,-1.360443115234375
2546562560.0,-1.2909146547317505
2547500032.0,-1.227096676826477
2548437504.0,-1.1700774431228638
2549374976.0,-1.1205291748046875
2550312448.0,-1.074965238571167
2551249920.0,-1.0335369110107422
2552187392.0,-0.9969179034233093
2553125120.0,-0.9644769430160522
2554062592.0,-0.9339370131492615
2555000064.0,-0.9081631302833557
2555937536.0,-0.8830350637435913
2556875008.0,-0.8602991104125977
2557812480.0,-0.8393358588218689
2558749952.0,-0.8202860951423645
2559687424.0,-0.801189661026001
2560624896.0,-0.7823870182037354
2561562624.0,-0.7641338109970093
2562500096.0,-0.744634747505188
2563437568.0,-0.7260512709617615
2564375040.0,-0.7081574201583862
2565312512.0,-0.6895357370376587
2566249984.0,-0.6687885522842407
2567187456.0,-0.6477131247520447
2568124928.0,-0.6266782879829407
2569062400.0,-0.603683590888977
2569999872.0,-0.5816035270690918
2570937600.0,-0.5566959381103516
2571875072.0,-0.5314236879348755
2572812544.0,-0.5046284198760986
2573750016.0,-0.4778536558151245
2574687488.0,-0.4496312439441681
2575624960.0,-0.42018425464630127
2576562432.0,-0.3911232054233551
2577499904.0,-0.36135685443878174
2578437376.0,-0.32910916209220886
2579375104.0,-0.298904687166214
2580312576.0,-0.2688295543193817
2581250048.0,-0.23823554813861847
2582187520.0,-0.20853132009506226
2583124992.0,-0.1786719411611557
2584062464.0,-0.14976896345615387
2584999936.0,-0.1224563866853714
2585937408.0,-0.09654713422060013
2586874880.0,-0.07221443951129913
2587812608.0,-0.04858246073126793
2588750080.0,-0.024025220423936844
2589687552.0,-0.009997840039432049
2590625024.0,0.0031348199117928743
2591562496.0,0.014105135574936867
2592499968.0,0.02285858802497387
2593437440.0,0.02929886057972908
2594374912.0,0.034564658999443054
2595312384.0,0.03627284616231918
2596250112.0,0.03746425360441208
2597187584.0,0.036371540278196335
2598125056.0,0.03369990736246109
2599062528.0,0.029230527579784393
2600000000.0,0.022732574492692947
2600937472.0,0.016034269705414772
2601874944.0,0.006357285659760237
2602812416.0,-0.0031762190628796816
2603749888.0,-0.014157370664179325
2604687616.0,-0.025886230170726776
2605625088.0,-0.03845043107867241
2606562560.0,-0.051321204751729965
2607500032.0,-0.0644122064113617
2608437504.0,-0.078816719353199
2609374976.0,-0.09195473790168762
2610312448.0,-0.10502433776855469
2611249920.0,-0.11942845582962036
2612187392.0,-0.13238462805747986
2613125120.0,-0.14463776350021362
2614062592.0,-0.15545372664928436
2615000064.0,-0.16608743369579315
2615937536.0,-0.17642956972122192
2616875008.0,-0.18461434543132782
2617812480.0,-0.19265444576740265
2618749952.0,-0.19865185022354126
2619687424.0,-0.20428979396820068
2620624896.0,-0.20862548053264618
2621562624.0,-0.21101617813110352
2622500096.0,-0.2114902287721634
2623437568.0,-0.2104036659002304
2624375040.0,-0.20801100134849548
2625312512.0,-0.2044486105442047
2626249984.0,-0.19904878735542297
2627187456.0,-0.19152595102787018
2628124928.0,-0.18422265350818634
2629062400.0,-0.1730954349040985
2630000128.0,-0.1629481017589569
2630937600.0,-0.15097078680992126
2631875072.0,-0.1369955986738205
2632812544.0,-0.12158972769975662
2633750016.0,-0.10649498552083969
2634687488.0,-0.09032285213470459
2635624960.0,-0.0728408470749855
2636562432.0,-0.0543815977871418
2637499904.0,-0.036585718393325806
2638437376.0,-0.017209600657224655
2639375104.0,0.0017116975504904985
2640312576.0,0.021448059007525444
2641250048.0,0.03959757834672928
2642187520.0,0.05816717445850372
2643124992.0,0.07566722482442856
2644062464.0,0.09333136677742004
2644999936.0,0.11002393066883087
2645937408.0,0.12563984096050262
2646874880.0,0.14061428606510162
2647812608.0,0.16547606885433197
2648750080.0,0.17989486455917358
2649687552.0,0.19205835461616516
2650625024.0,0.20223885774612427
2651562496.0,0.2097277045249939
2652499968.0,0.2148895114660263
2653437440.0,0.21766497194766998
2654374912.0,0.217870831489563
2655312384.0,0.2160787433385849
2656250112.0,0.21122752130031586
2657187584.0,0.20452089607715607
2658125056.0,0.19572949409484863
2659062528.0,0.1838740110397339
2660000000.0,0.17002922296524048
2660937472.0,0.15620020031929016
2661874944.0,0.13846126198768616
2662812416.0,0.12132936716079712
2663749888.0,0.10238942503929138
2664687616.0,0.08179841935634613
2665625088.0,0.06148911267518997
2666562560.0,0.04084378480911255
2667500032.0,0.019407769665122032
2668437504.0,-0.0017497938824817538
2669374976.0,-0.021876057609915733
2670312448.0,-0.04179707542061806
2671249920.0,-0.0604703314602375
2672187392.0,-0.07835462689399719
2673125120.0,-0.09432413429021835
2674062592.0,-0.10957745462656021
2675000064.0,-0.12336477637290955
2675937536.0,-0.13510596752166748
2676875008.0,-0.14504313468933105
2677812480.0,-0.15312473475933075
2678749952.0,-0.15829315781593323
2679687424.0,-0.16301031410694122
2680624896.0,-0.16484935581684113
2681562624.0,-0.1636189967393875
2682500096.0,-0.1604444533586502
2683437568.0,-0.15550675988197327
2684375040.0,-0.14906519651412964
2685312512.0,-0.14060565829277039
2686249984.0,-0.12975825369358063
2687187456.0,-0.11749915778636932
2688124928.0,-0.10422050952911377
2689062400.0,-0.08900362998247147
2689999872.0,-0.07316001504659653
2690937600.0,-0.05707523226737976
2691875072.0,-0.03934217989444733
2692812544.0,-0.021000556647777557
2693750016.0,-0.0014613850507885218
2694687488.0,0.017128191888332367
2695624960.0,0.03550541028380394
2696562432.0,0.054556265473365784
2697499904.0,0.07249637693166733
2698437376.0,0.09001515805721283
2699375104.0,0.10810216516256332
2700312576.0,0.124262236058712
2701250048.0,0.13949282467365265
2702187520.0,0.15441541373729706
2703124992.0,0.16723951697349548
2704062464.0,0.1804623007774353
2704999936.0,0.19026076793670654
2705937408.0,0.19997483491897583
2706874880.0,0.20807532966136932
2707812608.0,0.22674202919006348
2708750080.0,0.23116785287857056
2709687552.0,0.23354482650756836
2710625024.0,0.23491691052913666
2711562496.0,0.23580583930015564
2712499968.0,0.2344522476196289
2713437440.0,0.23271092772483826
2714374912.0,0.22884982824325562
2715312384.0,0.22397276759147644
2716250112.0,0.21822592616081238
2717187584.0,0.2104937881231308
2718125056.0,0.20157398283481598
2719062528.0,0.19108173251152039
2720000000.0,0.18032404780387878
2720937472.0,0.16764791309833527
2721874944.0,0.15368208289146423
2722812416.0,0.13849112391471863
2723749888.0,0.1217789500951767
2724687616.0,0.10475703328847885
2725625088.0,0.08697012811899185
2726562560.0,0.06795778125524521
2727500032.0,0.04849211126565933
2728437504.0,0.028851382434368134
2729374976.0,0.008603819645941257
2730312448.0,-0.010924180969595909
2731249920.0,-0.03229035809636116
2732187392.0,-0.05085228756070137
2733125120.0,-0.06995920836925507
2734062592.0,-0.0891946405172348
2735000064.0,-0.10658213496208191
2735937536.0,-0.1237092912197113
2736875008.0,-0.1390180140733719
2737812480.0,-0.1523263305425644
2738749952.0,-0.16348519921302795
2739687424.0,-0.17338746786117554
2740624896.0,-0.18140269815921783
2741562624.0,-0.1869415044784546
2742500096.0,-0.19050636887550354
2743437568.0,-0.1919371634721756
2744375040.0,-0.1901712417602539
2745312512.0,-0.1863868087530136
2746249984.0,-0.18092650175094604
2747187456.0,-0.17178447544574738
2748124928.0,-0.16004912555217743
2749062400.0,-0.1486598402261734
2750000128.0,-0.13276070356369019
2750937600.0,-0.11616440117359161
2751875072.0,-0.09781386703252792
2752812544.0,-0.07711460441350937
2753750016.0,-0.05679604411125183
2754687488.0,-0.03474123030900955
2755624960.0,-0.010884104296565056
2756562432.0,0.011704273521900177
2757499904.0,0.03483997657895088
2758437376.0,0.05781019851565361
2759375104.0,0.0806056410074234
2760312576.0,0.10345330834388733
2761250048.0,0.12381332367658615
2762187520.0,0.14372627437114716
2763124992.0,0.16081953048706055
2764062464.0,0.1774229109287262
2764999936.0,0.19220174849033356
2765937408.0,0.20425088703632355
2766874880.0,0.21527843177318573
2767812608.0,0.25596004724502563
2768750080.0,0.25933635234832764
2769687552.0,0.26266252994537354
2770625024.0,0.26270177960395813
2771562496.0,0.2602311372756958
2772499968.0,0.25729408860206604
2773437440.0,0.2530292272567749
2774374912.0,0.2465531826019287
2775312384.0,0.2392440289258957
2776250112.0,0.23063711822032928
2777187584.0,0.22057022154331207
2778125056.0,0.20862612128257751
2779062528.0,0.19675476849079132
2780000000.0,0.18388788402080536
2780937472.0,0.169627845287323
2781874944.0,0.15577490627765656
2782812416.0,0.14046046137809753
2783749888.0,0.12540602684020996
2784687616.0,0.10952755808830261
2785625088.0,0.09372421354055405
2786562560.0,0.07740674167871475
2787500032.0,0.06209976226091385
2788437504.0,0.04699111729860306
2789374976.0,0.03186255320906639
2790312448.0,0.016491811722517014
2791249920.0,0.002133284928277135
2792187392.0,-0.010972333140671253
2793125120.0,-0.024039743468165398
2794062592.0,-0.036032535135746
2795000064.0,-0.047631025314331055
2795937536.0,-0.05757758393883705
2796875008.0,-0.06638101488351822
2797812480.0,-0.07418746501207352
2798749952.0,-0.08061347901821136
2799687424.0,-0.08579350262880325
2800624896.0,-0.08945345878601074
2801562624.0,-0.0920337364077568
2802500096.0,-0.09189940989017487
2803437568.0,-0.092058464884758
2804375040.0,-0.08913645148277283
2805312512.0,-0.08501168340444565
2806249984.0,-0.08029422163963318
2807187456.0,-0.07332046329975128
2808124928.0,-0.06502380222082138
2809062400.0,-0.0562218502163887
2809999872.0,-0.045092642307281494
2810937600.0,-0.0325845442712307
2811875072.0,-0.019301943480968475
2812812544.0,-0.0047477176412940025
2813750016.0,0.009946067817509174
2814687488.0,0.02622809261083603
2815624960.0,0.04242812842130661
2816562432.0,0.059189677238464355
2817499904.0,0.07646168023347855
2818437376.0,0.09313220530748367
2819375104.0,0.11110211163759232
2820312576.0,0.1272992193698883
2821250048.0,0.14366236329078674
2822187520.0,0.15946170687675476
2823124992.0,0.1737513542175293
2824062464.0,0.1873175948858261
2824999936.0,0.19978095591068268
2825937408.0,0.21183669567108154
2826874880.0,0.2208578735589981
2827812608.0,0.23439975082874298
2828750080.0,0.24036791920661926
2829687552.0,0.2441851943731308
2830625024.0,0.24520611763000488
2831562496.0,0.24525977671146393
2832499968.0,0.24257323145866394
2833437440.0,0.23885710537433624
2834374912.0,0.23242485523223877
2835312384.0,0.22509577870368958
2836250112.0,0.21615050733089447
2837187584.0,0.20512655377388
2838125056.0,0.19418717920780182
2839062528.0,0.18118911981582642
2840000000.0,0.16704730689525604
2840937472.0,0.15181435644626617
2841874944.0,0.13677310943603516
2842812416.0,0.12030618637800217
2843749888.0,0.10296505689620972
2844687616.0,0.0859777107834816
2845625088.0,0.06921328604221344
2846562560.0,0.05241973698139191
2847500032.0,0.03470637649297714
2848437504.0,0.019023938104510307
2849374976.0,0.0044861226342618465
2850312448.0,-0.010425831191241741
2851249920.0,-0.024398501962423325
2852187392.0,-0.03849993273615837
2853125120.0,-0.050647277384996414
2854062592.0,-0.06157493591308594
2855000064.0,-0.07123958319425583
2855937536.0,-0.07969866693019867
2856875008.0,-0.08552370220422745
2857812480.0,-0.09089452028274536
2858749952.0,-0.0935429111123085
2859687424.0,-0.0953151285648346
2860624896.0,-0.09540805220603943
2861562624.0,-0.09366685897111893
2862500096.0,-0.09037739038467407
2863437568.0,-0.08515449613332748
2864375040.0,-0.0786663219332695
2865312512.0,-0.0705699622631073
2866249984.0,-0.061221830546855927
2867187456.0,-0.050199851393699646
2868124928.0,-0.03793488070368767
2869062400.0,-0.02502617798745632
2870000128.0,-0.01034240797162056
2870937600.0,0.003937967121601105
2871875072.0,0.020032359287142754
2872812544.0,0.03551542013883591
2873750016.0,0.051767539232969284
2874687488.0,0.06792523711919785
2875624960.0,0.08577901124954224
2876562432.0,0.10058217495679855
2877499904.0,0.11772853881120682
2878437376.0,0.13283012807369232
2879375104.0,0.14824031293392181
2880312576.0,0.1628643274307251
2881250048.0,0.17740198969841003
2882187520.0,0.18942292034626007
2883124992.0,0.20079298317432404
2884062464.0,0.21226754784584045
2884999936.0,0.22157981991767883
2885937408.0,0.22905883193016052
2886874880.0,0.23687146604061127
2887812608.0,0.2185419201850891
2888750080.0,0.22239679098129272
2889687552.0,0.22396932542324066
2890625024.0,0.22407859563827515
2891562496.0,0.22500284016132355
2892499968.0,0.22406278550624847
2893437440.0,0.22238969802856445
2894374912.0,0.2187288999557495
2895312384.0,0.21453730762004852
2896250112.0,0.20822347700595856
2897187584.0,0.2010643631219864
2898125056.0,0.19188006222248077
2899062528.0,0.18172653019428253
2900000000.0,0.17057198286056519
2900937472.0,0.15840531885623932
2901874944.0,0.14381961524486542
2902812416.0,0.12947393953800201
2903749888.0,0.11442192643880844
2904687616.0,0.09735284000635147
2905625088.0,0.08131418377161026
2906562560.0,0.06472665816545486
2907500032.0,0.04757731407880783
2908437504.0,0.030297113582491875
2909374976.0,0.013780362904071808
2910312448.0,-0.002514895284548402
2911249920.0,-0.017104756087064743
2912187392.0,-0.031559210270643234
2913125120.0,-0.04450083151459694
2914062592.0,-0.05659995600581169
2915000064.0,-0.065244659781456
2915937536.0,-0.07374633848667145
2916875008.0,-0.0792015790939331
2917812480.0,-0.08408501744270325
2918749952.0,-0.08636710047721863
2919687424.0,-0.08568526804447174
2920624896.0,-0.08392874151468277
2921562624.0,-0.07890810817480087
2922500096.0,-0.07254428416490555
2923437568.0,-0.06315400451421738
2924375040.0,-0.05398346111178398
2925312512.0,-0.041583091020584106
2926249984.0,-0.026729783043265343
2927187456.0,-0.01322230976074934
2928124928.0,0.003038442926481366
2929062400.0,0.01930801197886467
2929999872.0,0.0371626652777195
2930937600.0,0.05501455068588257
2931875072.0,0.07200535386800766
2932812544.0,0.08977661281824112
2933750016.0,0.10757027566432953
2934687488.0,0.12497088313102722
2935624960.0,0.14099299907684326
2936562432.0,0.15682487189769745
2937499904.0,0.1704995185136795
2938437376.0,0.18323154747486115
2939375104.0,0.1955183744430542
2940312576.0,0.20505213737487793
2941250048.0,0.21420907974243164
2942187520.0,0.2211979627609253
2943124992.0,0.22771498560905457
2944062464.0,0.23193639516830444
2944999936.0,0.2353145182132721
2945937408.0,0.23694026470184326
2946874880.0,0.23729553818702698
2947812608.0,0.21693168580532074
2948750080.0,0.21486860513687134
2949687552.0,0.21185320615768433
2950625024.0,0.20820124447345734
2951562496.0,0.20383894443511963
2952499968.0,0.20001891255378723
2953437440.0,0.19609889388084412
2954374912.0,0.1910596489906311
2955312384.0,0.1869114488363266
2956250112.0,0.182493656873703
2957187584.0,0.17734186351299286
2958125056.0,0.1724812239408493
2959062528.0,0.16738232970237732
2960000000.0,0.1628628373146057
2960937472.0,0.15757466852664948
2961874944.0,0.15190766751766205
2962812416.0,0.14689584076404572
2963749888.0,0.13986073434352875
2964687616.0,0.13456067442893982
2965625088.0,0.128835991024971
2966562560.0,0.12193121016025543
2967500032.0,0.115532286465168
2968437504.0,0.10857626795768738
2969374976.0,0.1016719862818718
2970312448.0,0.09414874762296677
2971249920.0,0.08758223056793213
2972187392.0,0.07941240817308426
2973125120.0,0.07331659644842148
2974062592.0,0.06617025285959244
2975000064.0,0.05846262350678444
2975937536.0,0.05145174637436867
2976875008.0,0.0447641983628273
2977812480.0,0.03835577145218849
2978749952.0,0.032597821205854416
2979687424.0,0.027065301313996315
2980624896.0,0.0217752605676651
2981562624.0,0.017863087356090546
2982500096.0,0.013373207300901413
2983437568.0,0.01049204170703888
2984375040.0,0.007328125648200512
2985312512.0,0.004978935234248638
2986249984.0,0.004274595994502306
2987187456.0,0.0025385909248143435
2988124928.0,0.0035697559360414743
2989062400.0,0.0039276196621358395
2990000128.0,0.00514230178669095
2990937600.0,0.0058501907624304295
2991875072.0,0.00817330926656723
2992812544.0,0.010300458408892155
2993750016.0,0.0123195955529809
2994687488.0,0.0155146149918437
2995624960.0,0.01774154230952263
2996562432.0,0.02077599987387657
2997499904.0,0.023228056728839874
2998437376.0,0.026152314618229866
2999375104.0,0.02911209873855114
3000312576.0,0.035156019032001495
3001250048.0,0.0379684641957283
3002187520.0,0.04045502096414566
3003124992.0,0.04279414191842079
3004062464.0,0.04546685144305229
3004999936.0,0.04752713069319725
3005937408.0,0.0487443283200264
3006874880.0,0.05164984241127968
3007812608.0,0.14329226315021515
3008750080.0,0.1406930834054947
3009687552.0,0.13771820068359375
3010625024.0,0.13481558859348297
3011562496.0,0.13244479894638062
3012499968.0,0.12740178406238556
3013437440.0,0.12293703854084015
3014374912.0,0.11938003450632095
3015312384.0,0.11404441297054291
3016250112.0,0.10902261734008789
3017187584.0,0.10346375405788422
3018125056.0,0.0986538827419281
3019062528.0,0.09281086921691895
3020000000.0,0.08693991601467133
3020937472.0,0.08166942000389099
3021874944.0,0.07626916468143463
3022812416.0,0.0704546719789505
3023749888.0,0.0636567622423172
3024687616.0,0.057795651257038116
3025625088.0,0.051595307886600494
3026562560.0,0.046325650066137314
3027500032.0,0.03996151685714722
3028437504.0,0.034006599336862564
3029374976.0,0.02785835601389408
3030312448.0,0.02235463447868824
3031249920.0,0.0163259394466877
3032187392.0,0.010262859053909779
3033125120.0,0.0051159486174583435
3034062592.0,-0.0010534547036513686
3035000064.0,-0.007173302583396435
3035937536.0,-0.012486010789871216
3036875008.0,-0.018535064533352852
3037812480.0,-0.023325955495238304
3038749952.0,-0.02907656878232956
3039687424.0,-0.033062711358070374
3040624896.0,-0.03856673836708069
3041562624.0,-0.04164830967783928
3042500096.0,-0.04715343937277794
3043437568.0,-0.04973264038562775
3044375040.0,-0.051993440836668015
3045312512.0,-0.055196940898895264
3046249984.0,-0.058220233768224716
3047187456.0,-0.059578169137239456
3048124928.0,-0.06085801124572754
3049062400.0,-0.06120011582970619
3049999872.0,-0.06082921847701073
3050937600.0,-0.05930120870471001
3051875072.0,-0.058237217366695404
3052812544.0,-0.05570805072784424
3053750016.0,-0.052975285798311234
3054687488.0,-0.0481739342212677
3055624960.0,-0.04319516569375992
3056562432.0,-0.037270739674568176
3057499904.0,-0.031413108110427856
3058437376.0,-0.023550333455204964
3059375104.0,-0.015855882316827774
3060312576.0,-0.006356468424201012
3061250048.0,0.0033532101660966873
3062187520.0,0.01428929902613163
3063124992.0,0.025770356878638268
3064062464.0,0.03771186247467995
3064999936.0,0.04959142580628395
3065937408.0,0.0625448152422905
3066874880.0,0.07575176656246185
3067812608.0,0.14217430353164673
3068750080.0,0.1486898958683014
3069687552.0,0.15374410152435303
3070625024.0,0.15657532215118408
3071562496.0,0.15897931158542633
3072499968.0,0.15886127948760986
3073437440.0,0.158705472946167
3074374912.0,0.15665674209594727
3075312384.0,0.1533118486404419
3076250112.0,0.1488107293844223
3077187584.0,0.14329081773757935
3078125056.0,0.13728545606136322
3079062528.0,0.1295536607503891
3080000000.0,0.12166047841310501
3080937472.0,0.11189210414886475
3081874944.0,0.10207462310791016
3082812416.0,0.09214941412210464
3083749888.0,0.08283925801515579
3084687616.0,0.07262694090604782
3085625088.0,0.06262801587581635
3086562560.0,0.05260028690099716
3087500032.0,0.043748632073402405
3088437504.0,0.03501943126320839
3089374976.0,0.02602885290980339
3090312448.0,0.0191043633967638
3091249920.0,0.012697715312242508
3092187392.0,0.007127794437110424
3093125120.0,0.0023567231837660074
3094062592.0,-0.0015180225018411875
3095000064.0,-0.0045533692464232445
3095937536.0,-0.004694802220910788
3096875008.0,-0.005893641617149115
3097812480.0,-0.005435005761682987
3098749952.0,-0.003956017084419727
3099687424.0,-0.001310263411141932
3100624896.0,0.0023014198523014784
3101562624.0,0.007652569562196732
3102500096.0,0.011746257543563843
3103437568.0,0.01840328983962536
3104375040.0,0.02487051673233509
3105312512.0,0.031117025762796402
3106249984.0,0.03812601789832115
3107187456.0,0.04530397057533264
3108124928.0,0.052489474415779114
3109062400.0,0.06003899499773979
3110000128.0,0.06773153692483902
3110937600.0,0.07416311651468277
3111875072.0,0.08180307596921921
3112812544.0,0.08802512288093567
3113750016.0,0.09476872533559799
3114687488.0,0.10049585998058319
3115624960.0,0.1058967188000679
3116562432.0,0.111290343105793
3117499904.0,0.11586717516183853
3118437376.0,0.12009093910455704
3119375104.0,0.12293234467506409
3120312576.0,0.12709157168865204
3121250048.0,0.12956835329532623
3122187520.0,0.13294215500354767
3123124992.0,0.1355939358472824
3124062464.0,0.13765104115009308
3124999936.0,0.13937468826770782
3125937408.0,0.14129796624183655
3126874880.0,0.1435188502073288
3127812608.0,0.14907623827457428
3128750080.0,0.14926467835903168
3129687552.0,0.1478712111711502
3130625024.0,0.14679136872291565
3131562496.0,0.14490772783756256
3132499968.0,0.142656609416008
3133437440.0,0.13972149789333344
3134374912.0,0.13705725967884064
3135312384.0,0.13388992846012115
3136250112.0,0.13165518641471863
3137187584.0,0.1293591856956482
3138125056.0,0.12616607546806335
3139062528.0,0.12585341930389404
3140000000.0,0.12482425570487976
3140937472.0,0.1250292807817459
3141874944.0,0.1277966946363449
3142812416.0,0.1315518468618393
3143749888.0,0.13521330058574677
3144687616.0,0.1407276839017868
3145625088.0,0.14583256840705872
3146562560.0,0.15231424570083618
3147500032.0,0.15722639858722687
3148437504.0,0.16199353337287903
3149374976.0,0.16464748978614807
3150312448.0,0.16656047105789185
3151249920.0,0.1653030663728714
3152187392.0,0.16223683953285217
3153125120.0,0.15881527960300446
3154062592.0,0.15070028603076935
3155000064.0,0.14253243803977966
3155937536.0,0.13044686615467072
3156875008.0,0.11888451874256134
3157812480.0,0.10580935329198837
3158749952.0,0.09056182205677032
3159687424.0,0.07576476037502289
3160624896.0,0.061250682920217514
3161562624.0,0.046813227236270905
3162500096.0,0.03224540501832962
3163437568.0,0.019609101116657257
3164375040.0,0.009033719077706337
3165312512.0,-0.0009159918408840895
3166249984.0,-0.007538165897130966
3167187456.0,-0.013484491035342216
3168124928.0,-0.016963133588433266
3169062400.0,-0.01732877641916275
3169999872.0,-0.01602499932050705
3170937600.0,-0.013039586134254932
3171875072.0,-0.006551490165293217
3172812544.0,0.0012096588034182787
3173750016.0,0.011228291317820549
3174687488.0,0.02210160531103611
3175624960.0,0.034578923135995865
3176562432.0,0.048338111490011215
3177499904.0,0.06255270540714264
3178437376.0,0.07728372514247894
3179375104.0,0.09300632774829865
3180312576.0,0.1078675389289856
3181250048.0,0.12421569228172302
3182187520.0,0.1384832113981247
3183124992.0,0.15209871530532837
3184062464.0,0.16645000874996185
3184999936.0,0.17978893220424652
3185937408.0,0.1908848136663437
3186874880.0,0.20255522429943085
3187812608.0,0.16873441636562347
3188750080.0,0.16443361341953278
3189687552.0,0.15930047631263733
3190625024.0,0.15233515202999115
3191562496.0,0.14687132835388184
3192499968.0,0.1403275728225708
3193437440.0,0.1344391256570816
3194374912.0,0.1276828944683075
3195312384.0,0.12133799493312836
3196250112.0,0.11572171002626419
3197187584.0,0.10995109379291534
3198125056.0,0.1047489196062088
3199062528.0,0.10011696815490723
3200000000.0,0.0970318466424942
3200937472.0,0.0932748094201088
3201874944.0,0.09140942245721817
3202812416.0,0.09076234698295593
3203749888.0,0.08943304419517517
3204687616.0,0.08937332034111023
3205625088.0,0.08969999104738235
3206562560.0,0.09064224362373352
3207500032.0,0.09231609851121902
3208437504.0,0.09415147453546524
3209374976.0,0.09614207595586777
3210312448.0,0.09813570231199265
3211249920.0,0.0996059700846672
3212187392.0,0.10257608443498611
3213125120.0,0.10430020093917847
3214062592.0,0.10654390603303909
3215000064.0,0.10881160944700241
3215937536.0,0.11127161979675293
3216875008.0,0.11240383237600327
3217812480.0,0.114698126912117
3218749952.0,0.11555984616279602
3219687424.0,0.115666463971138
3220624896.0,0.11653615534305573
3221562624.0,0.11704842001199722
3222500096.0,0.11693238466978073
3223437568.0,0.11719812452793121
3224375040.0,0.11639917641878128
3225312512.0,0.11620201915502548
3226249984.0,0.11586894094944
3227187456.0,0.11621307581663132
3228124928.0,0.11580167710781097
3229062400.0,0.11625897884368896
3230000128.0,0.11730431020259857
3230937600.0,0.1189158484339714
3231875072.0,0.11912894248962402
3232812544.0,0.12140929698944092
3233750016.0,0.12415271997451782
3234687488.0,0.12650233507156372
3235624960.0,0.1306522935628891
3236562432.0,0.13521124422550201
3237499904.0,0.14054474234580994
3238437376.0,0.1457083821296692
3239375104.0,0.15156003832817078
3240312576.0,0.1576899141073227
3241250048.0,0.16491544246673584
3242187520.0,0.1717091053724289
3243124992.0,0.17894037067890167
3244062464.0,0.18618839979171753
3244999936.0,0.1935804784297943
3245937408.0,0.20025990903377533
3246874880.0,0.20618653297424316
3247812608.0,0.11707060039043427
3248750080.0,0.10876322537660599
3249687552.0,0.10028324276208878
3250625024.0,0.08961190283298492
3251562496.0,0.08020484447479248
3252499968.0,0.0700686052441597
3253437440.0,0.060556139796972275
3254374912.0,0.050716910511255264
3255312384.0,0.04404546692967415
3256250112.0,0.03783779963850975
3257187584.0,0.03353480249643326
3258125056.0,0.03122052736580372
3259062528.0,0.03139603137969971
3260000000.0,0.03196830675005913
3260937472.0,0.03506091609597206
3261874944.0,0.038429632782936096
3262812416.0,0.042314764112234116
3263749888.0,0.04710529372096062
3264687616.0,0.05030965059995651
3265625088.0,0.05431806296110153
3266562560.0,0.058291830122470856
3267500032.0,0.06126098707318306
3268437504.0,0.06399828940629959
3269374976.0,0.06585993617773056
3270312448.0,0.06715194880962372
3271249920.0,0.0697329193353653
3272187392.0,0.07132334262132645
3273125120.0,0.07129868865013123
3274062592.0,0.07324901968240738
3275000064.0,0.0748976320028305
3275937536.0,0.07533971220254898
3276875008.0,0.07649843394756317
3277812480.0,0.07692261040210724
3278749952.0,0.07763303816318512
3279687424.0,0.07744400948286057
3280624896.0,0.07783062011003494
3281562624.0,0.077909454703331
3282500096.0,0.079014852643013
3283437568.0,0.07857946306467056
3284375040.0,0.07851658016443253
3285312512.0,0.0783994123339653
3286249984.0,0.07852013409137726
3287187456.0,0.07882432639598846
3288124928.0,0.07931741327047348
3289062400.0,0.0789308026432991
3289999872.0,0.07921773195266724
3290937600.0,0.07894310355186462
3291875072.0,0.07916071265935898
3292812544.0,0.08015180379152298
3293750016.0,0.08138440549373627
3294687488.0,0.08229459822177887
3295624960.0,0.08319573849439621
3296562432.0,0.08487387746572495
3297499904.0,0.08666350692510605
3298437376.0,0.08918808400630951
3299375104.0,0.09185544401407242
3300312576.0,0.09542764723300934
3301250048.0,0.09852574020624161
3302187520.0,0.10250864177942276
3303124992.0,0.10608500242233276
3304062464.0,0.11051040142774582
3304999936.0,0.11617233604192734
3305937408.0,0.12022298574447632
3306874880.0,0.12676513195037842
3307812608.0,0.13919302821159363
3308750080.0,0.14778698980808258
3309687552.0,0.15540361404418945
3310625024.0,0.16487178206443787
3311562496.0,0.17287342250347137
3312499968.0,0.18078580498695374
3313437440.0,0.18904858827590942
3314374912.0,0.1971679925918579
3315312384.0,0.20455534756183624
3316250112.0,0.21126435697078705
3317187584.0,0.2173379510641098
3318125056.0,0.22284013032913208
3319062528.0,0.22612741589546204
3320000000.0,0.23003746569156647
3320937472.0,0.23306122422218323
3321874944.0,0.2338382452726364
3322812416.0,0.23356692492961884
3323749888.0,0.23266224563121796
3324687616.0,0.23104625940322876
3325625088.0,0.22711367905139923
3326562560.0,0.22238695621490479
3327500032.0,0.2167329341173172
3328437504.0,0.20946815609931946
3329374976.0,0.20228035748004913
3330312448.0,0.1932610720396042
3331249920.0,0.18429896235466003
3332187392.0,0.17337991297245026
3333125120.0,0.1625627875328064
3334062592.0,0.15192383527755737
3335000064.0,0.1409277468919754
3335937536.0,0.1290612369775772
3336875008.0,0.11820664256811142
3337812480.0,0.10689261555671692
3338749952.0,0.09731295704841614
3339687424.0,0.08612547069787979
3340624896.0,0.07716687768697739
3341562624.0,0.06755133718252182
3342500096.0,0.05908685177564621
3343437568.0,0.05203049257397652
3344375040.0,0.044812705367803574
3345312512.0,0.040421031415462494
3346249984.0,0.03502359986305237
3347187456.0,0.03278111293911934
3348124928.0,0.03052050992846489
3349062400.0,0.028506243601441383
3350000128.0,0.029497992247343063
3350937600.0,0.031243784353137016
3351875072.0,0.03359571099281311
3352812544.0,0.037837035953998566
3353750016.0,0.04262058436870575
3354687488.0,0.0475902259349823
3355624960.0,0.05476682260632515
3356562432.0,0.06123324856162071
3357499904.0,0.06977448612451553
3358437376.0,0.07854697108268738
3359375104.0,0.0877859815955162
3360312576.0,0.09670847654342651
3361250048.0,0.10693781077861786
3362187520.0,0.11576336622238159
3363124992.0,0.12469759583473206
3364062464.0,0.1341586410999298
3364999936.0,0.14291013777256012
3365937408.0,0.15038025379180908
3366874880.0,0.15759220719337463
3367812608.0,0.03924444317817688
3368750080.0,0.04261837154626846
3369687552.0,0.04578296095132828
3370625024.0,0.049365390092134476
3371562496.0,0.051168639212846756
3372499968.0,0.05277232453227043
3373437440.0,0.05330013483762741
3374374912.0,0.05527178570628166
3375312384.0,0.05371011048555374
3376250112.0,0.05201362818479538
3377187584.0,0.04926008731126785
3378125056.0,0.04520517960190773
3379062528.0,0.04086606577038765
3380000000.0,0.03548667952418327
3380937472.0,0.028866400942206383
3381874944.0,0.0217156819999218
3382812416.0,0.012633660808205605
3383749888.0,0.004628536757081747
3384687616.0,-0.006005347240716219
3385625088.0,-0.015109475702047348
3386562560.0,-0.025163350626826286
3387500032.0,-0.03510604053735733
3388437504.0,-0.045325204730033875
3389374976.0,-0.05529777705669403
3390312448.0,-0.06514330953359604
3391249920.0,-0.07432588934898376
3392187392.0,-0.08352979272603989
3393125120.0,-0.09262721985578537
3394062592.0,-0.10011362284421921
3395000064.0,-0.10737406462430954
3395937536.0,-0.1141551285982132
3396875008.0,-0.11957468837499619
3397812480.0,-0.12489283084869385
3398749952.0,-0.12862160801887512
3399687424.0,-0.1325315684080124
3400624896.0,-0.1344401240348816
3401562624.0,-0.13514412939548492
3402500096.0,-0.13601893186569214
3403437568.0,-0.13688930869102478
3404375040.0,-0.13649961352348328
3405312512.0,-0.13529449701309204
3406249984.0,-0.13373960554599762
3407187456.0,-0.1327294558286667
3408124928.0,-0.130148246884346
3409062400.0,-0.13001728057861328
3409999872.0,-0.12909360229969025
3410937600.0,-0.12870575487613678
3411875072.0,-0.12973326444625854
3412812544.0,-0.13068203628063202
3413750016.0,-0.1328202486038208
3414687488.0,-0.1364530622959137
3415624960.0,-0.14203377068042755
3416562432.0,-0.14822152256965637
3417499904.0,-0.15748745203018188
3418437376.0,-0.16736458241939545
3419375104.0,-0.18108734488487244
3420312576.0,-0.1954195201396942
3421250048.0,-0.21233640611171722
3422187520.0,-0.23190920054912567
3423124992.0,-0.25267359614372253
3424062464.0,-0.2760235071182251
3424999936.0,-0.30236515402793884
3425937408.0,-0.3290252387523651
3426874880.0,-0.3569719195365906
3427812608.0,-0.3879115879535675
3428750080.0,-0.41637536883354187
3429687552.0,-0.4452493488788605
3430625024.0,-0.47382408380508423
3431562496.0,-0.502713680267334
3432499968.0,-0.5308629870414734
3433437440.0,-0.5591109395027161
3434374912.0,-0.5873625874519348
3435312384.0,-0.6146101355552673
3436250112.0,-0.6420196890830994
3437187584.0,-0.6701743006706238
3438125056.0,-0.698983907699585
3439062528.0,-0.7276567220687866
3440000000.0,-0.7567633986473083
3440937472.0,-0.7882130146026611
3441874944.0,-0.821522057056427
3442812416.0,-0.8568978905677795
3443749888.0,-0.8946616053581238
3444687616.0,-0.9332555532455444
3445625088.0,-0.9761134386062622
3446562560.0,-1.021213173866272
3447500032.0,-1.0688358545303345
3448437504.0,-1.1194579601287842
3449374976.0,-1.1730159521102905
3450312448.0,-1.2299162149429321
3451249920.0,-1.2888503074645996
3452187392.0,-1.3481812477111816
3453125120.0,-1.4101574420928955
3454062592.0,-1.472556471824646
3455000064.0,-1.5346522331237793
3455937536.0,-1.5975908041000366
3456875008.0,-1.6600489616394043
3457812480.0,-1.7185771465301514
3458749952.0,-1.7729531526565552
3459687424.0,-1.8226128816604614
3460624896.0,-1.864085078239441
3461562624.0,-1.8988784551620483
3462500096.0,-1.9276158809661865
3463437568.0,-1.9460757970809937
3464375040.0,-1.9568222761154175
3465312512.0,-1.959783673286438
3466249984.0,-1.955132246017456
3467187456.0,-1.9439727067947388
3468124928.0,-1.9272217750549316
3469062400.0,-1.905642032623291
3470000128.0,-1.8773916959762573
3470937600.0,-1.8445661067962646
3471875072.0,-1.8074901103973389
3472812544.0,-1.7646313905715942
3473750016.0,-1.718135952949524
3474687488.0,-1.666530728340149
3475624960.0,-1.6144797801971436
3476562432.0,-1.5599781274795532
3477499904.0,-1.507732629776001
3478437376.0,-1.4539014101028442
3479375104.0,-1.399895191192627
3480312576.0,-1.3510483503341675
3481250048.0,-1.302288293838501
3482187520.0,-1.2525895833969116
3483124992.0,-1.2034423351287842
3484062464.0,-1.1549345254898071
3484999936.0,-1.1080163717269897
3485937408.0,-1.0625964403152466
3486874880.0,-1.0207939147949219
3487812608.0,-1.012255311012268
3488750080.0,-0.9753672480583191
3489687552.0,-0.9396327137947083
3490625024.0,-0.9054743051528931
3491562496.0,-0.8733017444610596
3492499968.0,-0.8431255221366882
3493437440.0,-0.815159022808075
3494374912.0,-0.7878775000572205
3495312384.0,-0.7634044289588928
3496250112.0,-0.7393088936805725
3497187584.0,-0.7187265753746033
3498125056.0,-0.7003607749938965
3499062528.0,-0.6842402219772339
3500000000.0,-0.6705343127250671
3500937472.0,-0.6554549932479858
3501874944.0,-0.6420212388038635
3502812416.0,-0.6276587843894958
3503749888.0,-0.615351140499115
3504687616.0,-0.6034254431724548
3505625088.0,-0.5925374031066895
3506562560.0,-0.5817423462867737
3507500032.0,-0.5709707736968994
3508437504.0,-0.5588675737380981
3509374976.0,-0.5473654866218567
3510312448.0,-0.5364862084388733
3511249920.0,-0.5256751179695129
3512187392.0,-0.5126807689666748
3513125120.0,-0.5000757575035095
3514062592.0,-0.4860588014125824
3515000064.0,-0.47142836451530457
3515937536.0,-0.45556962490081787
3516875008.0,-0.438058078289032
3517812480.0,-0.4209553301334381
3518749952.0,-0.40203580260276794
3519687424.0,-0.3851317763328552
3520624896.0,-0.3659636974334717
3521562624.0,-0.348319411277771
3522500096.0,-0.33027786016464233
3523437568.0,-0.3115876615047455
3524375040.0,-0.2936014235019684
3525312512.0,-0.2765122056007385
3526249984.0,-0.2584872841835022
3527187456.0,-0.24099010229110718
3528124928.0,-0.22424831986427307
3529062400.0,-0.20818428695201874
3529999872.0,-0.19174623489379883
3530937600.0,-0.1777988076210022
3531875072.0,-0.16480904817581177
3532812544.0,-0.15274766087532043
3533750016.0,-0.14260569214820862
3534687488.0,-0.13416439294815063
3535624960.0,-0.12836138904094696
3536562432.0,-0.1232699528336525
3537499904.0,-0.12133236974477768
3538437376.0,-0.12018413841724396
3539375104.0,-0.12106726318597794
3540312576.0,-0.122858427464962
3541250048.0,-0.12656274437904358
3542187520.0,-0.1318283975124359
3543124992.0,-0.1377457082271576
3544062464.0,-0.14539022743701935
3544999936.0,-0.1538689136505127
3545937408.0,-0.16436299681663513
3546874880.0,-0.17467375099658966
3547812608.0,-0.20726659893989563
3548750080.0,-0.19801227748394012
3549687552.0,-0.18894168734550476
3550625024.0,-0.18094369769096375
3551562496.0,-0.17180578410625458
3552499968.0,-0.16325858235359192
3553437440.0,-0.1548408716917038
3554374912.0,-0.14797982573509216
3555312384.0,-0.14269261062145233
3556250112.0,-0.13792243599891663
3557187584.0,-0.13439133763313293
3558125056.0,-0.12979407608509064
3559062528.0,-0.12634381651878357
3560000000.0,-0.12118227779865265
3560937472.0,-0.11833430081605911
3561874944.0,-0.11475981771945953
3562812416.0,-0.11124993115663528
3563749888.0,-0.10818535089492798
3564687616.0,-0.10521803796291351
3565625088.0,-0.10132286697626114
3566562560.0,-0.09889502078294754
3567500032.0,-0.09645270556211472
3568437504.0,-0.09345131367444992
3569374976.0,-0.09039967507123947
3570312448.0,-0.08768326789140701
3571249920.0,-0.08612231910228729
3572187392.0,-0.08272644877433777
3573125120.0,-0.07878660410642624
3574062592.0,-0.07518619298934937
3575000064.0,-0.0714811384677887
3575937536.0,-0.0679391548037529
3576875008.0,-0.06468769907951355
3577812480.0,-0.061209239065647125
3578749952.0,-0.0568084791302681
3579687424.0,-0.051819201558828354
3580624896.0,-0.04882773011922836
3581562624.0,-0.045159559696912766
3582500096.0,-0.042013704776763916
3583437568.0,-0.04007408767938614
3584375040.0,-0.037766024470329285
3585312512.0,-0.036563992500305176
3586249984.0,-0.035367488861083984
3587187456.0,-0.033647846430540085
3588124928.0,-0.03338088095188141
3589062400.0,-0.03234796226024628
3590000128.0,-0.03158422186970711
3590937600.0,-0.0330573245882988
3591875072.0,-0.03402053937315941
3592812544.0,-0.035864658653736115
3593750016.0,-0.0385981909930706
3594687488.0,-0.04089876636862755
3595624960.0,-0.04467858001589775
3596562432.0,-0.047628723084926605
3597499904.0,-0.04985453933477402
3598437376.0,-0.05423294007778168
3599375104.0,-0.058205001056194305
3600312576.0,-0.06226018816232681
3601250048.0,-0.06680260598659515
3602187520.0,-0.07023050636053085
3603124992.0,-0.07407554239034653
3604062464.0,-0.07694271951913834
3604999936.0,-0.07991421967744827
3605937408.0,-0.08153289556503296
3606874880.0,-0.08343695104122162
3607812608.0,-0.08946093171834946
3608750080.0,-0.08821212500333786
3609687552.0,-0.08713846653699875
3610625024.0,-0.08631432056427002
3611562496.0,-0.08484859019517899
3612499968.0,-0.08497761934995651
3613437440.0,-0.08492611348628998
3614374912.0,-0.08524616062641144
3615312384.0,-0.08568578213453293
3616250112.0,-0.0867062658071518
3617187584.0,-0.0889134332537651
3618125056.0,-0.0907716304063797
3619062528.0,-0.09330509603023529
3620000000.0,-0.09581276774406433
3620937472.0,-0.09676449745893478
3621874944.0,-0.099280945956707
3622812416.0,-0.10163699090480804
3623749888.0,-0.10223249346017838
3624687616.0,-0.10392318665981293
3625625088.0,-0.10562671720981598
3626562560.0,-0.10675406455993652
3627500032.0,-0.10755834728479385
3628437504.0,-0.1077771782875061
3629374976.0,-0.10847911983728409
3630312448.0,-0.10784892737865448
3631249920.0,-0.1068221777677536
3632187392.0,-0.10466384142637253
3633125120.0,-0.10299896448850632
3634062592.0,-0.09987114369869232
3635000064.0,-0.09602891653776169
3635937536.0,-0.09232165664434433
3636875008.0,-0.08729574084281921
3637812480.0,-0.08150887489318848
3638749952.0,-0.07590556889772415
3639687424.0,-0.06892842799425125
3640624896.0,-0.0623229444026947
3641562624.0,-0.05457740277051926
3642500096.0,-0.046727411448955536
3643437568.0,-0.03969142958521843
3644375040.0,-0.030976584181189537
3645312512.0,-0.022358816117048264
3646249984.0,-0.013625450432300568
3647187456.0,-0.005167818628251553
3648124928.0,0.00304059567861259
3649062400.0,0.010778441093862057
3649999872.0,0.01711324043571949
3650937600.0,0.023866036906838417
3651875072.0,0.028945548459887505
3652812544.0,0.03467469662427902
3653750016.0,0.04049758240580559
3654687488.0,0.043417513370513916
3655624960.0,0.04772530868649483
3656562432.0,0.050484225153923035
3657499904.0,0.05332014709711075
3658437376.0,0.055257976055145264
3659375104.0,0.05561095476150513
3660312576.0,0.05602844059467316
3661250048.0,0.05424162372946739
3662187520.0,0.051411453634500504
3663124992.0,0.04788358882069588
3664062464.0,0.04415079951286316
3664999936.0,0.03939102217555046
3665937408.0,0.03343746438622475
3666874880.0,0.026879731565713882
3667812608.0,0.01857171393930912
3668750080.0,0.012225332669913769
3669687552.0,0.007300788536667824
3670625024.0,0.0026073558256030083
3671562496.0,-0.0006205235840752721
3672499968.0,-0.004709275905042887
3673437440.0,-0.007474767044186592
3674374912.0,-0.009350414387881756
3675312384.0,-0.011366014368832111
3676250112.0,-0.01278524287045002
3677187584.0,-0.01357361301779747
3678125056.0,-0.014264323748648167
3679062528.0,-0.015492078848183155
3680000000.0,-0.014252153225243092
3680937472.0,-0.013304049149155617
3681874944.0,-0.011532027274370193
3682812416.0,-0.01028117723762989
3683749888.0,-0.00835923571139574
3684687616.0,-0.005310521926730871
3685625088.0,-0.003415551967918873
3686562560.0,-5.789388160337694e-05
3687500032.0,0.0027986899949610233
3688437504.0,0.0053385281935334206
3689374976.0,0.00805533118546009
3690312448.0,0.010516422800719738
3691249920.0,0.014603320509195328
3692187392.0,0.018318267539143562
3693125120.0,0.020696446299552917
3694062592.0,0.02382180094718933
3695000064.0,0.026107270270586014
3695937536.0,0.028545798733830452
3696875008.0,0.03133787214756012
3697812480.0,0.03191757574677467
3698749952.0,0.033754460513591766
3699687424.0,0.03623981401324272
3700624896.0,0.036813728511333466
3701562624.0,0.03776150196790695
3702500096.0,0.03664712980389595
3703437568.0,0.03477058932185173
3704375040.0,0.031976766884326935
3705312512.0,0.029162028804421425
3706249984.0,0.023321038112044334
3707187456.0,0.016706792637705803
3708124928.0,0.009135892614722252
3709062400.0,0.00031199827208183706
3710000128.0,-0.010013747029006481
3710937600.0,-0.021143998950719833
3711875072.0,-0.03438107669353485
3712812544.0,-0.04858320206403732
3713750016.0,-0.0643916055560112
3714687488.0,-0.08124205470085144
3715624960.0,-0.0981062650680542
3716562432.0,-0.11755511164665222
3717499904.0,-0.1372867077589035
3718437376.0,-0.15742842853069305
3719375104.0,-0.17757117748260498
3720312576.0,-0.19783584773540497
3721250048.0,-0.2174428105354309
3722187520.0,-0.23656630516052246
3723124992.0,-0.2562612295150757
3724062464.0,-0.2756254971027374
3724999936.0,-0.29256659746170044
3725937408.0,-0.3090616762638092
3726874880.0,-0.3218950629234314
3727812608.0,-0.0075233206152915955
3728750080.0,-0.007562313228845596
3729687552.0,-0.0064709787257015705
3730625024.0,-0.007558783516287804
3731562496.0,-0.011052750051021576
3732499968.0,-0.012506712228059769
3733437440.0,-0.016347989439964294
3734374912.0,-0.018955135717988014
3735312384.0,-0.02144998498260975
3736250112.0,-0.024532955139875412
3737187584.0,-0.026106925681233406
3738125056.0,-0.027616199105978012
3739062528.0,-0.02752618119120598
3740000000.0,-0.029014630243182182
3740937472.0,-0.027126828208565712
3741874944.0,-0.02705916203558445
3742812416.0,-0.024850541725754738
3743749888.0,-0.021984782069921494
3744687616.0,-0.018207203596830368
3745625088.0,-0.014519425109028816
3746562560.0,-0.009080921299755573
3747500032.0,-0.0032546718139201403
3748437504.0,0.003274225164204836
3749374976.0,0.01081627793610096
3750312448.0,0.0186407919973135
3751249920.0,0.0287993885576725
3752187392.0,0.03816009312868118
3753125120.0,0.048004236072301865
3754062592.0,0.058115724474191666
3755000064.0,0.0672990158200264
3755937536.0,0.07667242735624313
3756875008.0,0.086834616959095
3757812480.0,0.09520149976015091
3758749952.0,0.10227618366479874
3759687424.0,0.10968612879514694
3760624896.0,0.11620521545410156
3761562624.0,0.12136268615722656
3762500096.0,0.12570282816886902
3763437568.0,0.12808457016944885
3764375040.0,0.1297934204339981
3765312512.0,0.1295250803232193
3766249984.0,0.12772203981876373
3767187456.0,0.1250918060541153
3768124928.0,0.12133555859327316
3769062400.0,0.11540556699037552
3769999872.0,0.1081179529428482
3770937600.0,0.10106760263442993
3771875072.0,0.09148548543453217
3772812544.0,0.08200588822364807
3773750016.0,0.07305461168289185
3774687488.0,0.061634551733732224
3775624960.0,0.05042107403278351
3776562432.0,0.03822808712720871
3777499904.0,0.027284253388643265
3778437376.0,0.015157138928771019
3779375104.0,0.0043507288210093975
3780312576.0,-0.006968876346945763
3781250048.0,-0.018459483981132507
3782187520.0,-0.028916994109749794
3783124992.0,-0.03784661367535591
3784062464.0,-0.048230741173028946
3784999936.0,-0.056328944861888885
3785937408.0,-0.06442077457904816
3786874880.0,-0.05422879382967949
3787812608.0,-0.05753019452095032
3788750080.0,-0.06043778359889984
3789687552.0,-0.06294496357440948
3790625024.0,-0.06551887840032578
3791562496.0,-0.06721729040145874
3792499968.0,-0.07169349491596222
3793437440.0,-0.07412827014923096
3794374912.0,-0.07576410472393036
3795312384.0,-0.07714418321847916
3796250112.0,-0.07809186726808548
3797187584.0,-0.07749802619218826
3798125056.0,-0.07632900774478912
3799062528.0,-0.07392814010381699
3800000000.0,-0.0694965347647667
3800937472.0,-0.06474814563989639
3801874944.0,-0.05927814543247223
3802812416.0,-0.05302555114030838
3803749888.0,-0.04523703455924988
3804687616.0,-0.03909793868660927
3805625088.0,-0.029868043959140778
3806562560.0,-0.02181582897901535
3807500032.0,-0.01329908985644579
3808437504.0,-0.00327568082138896
3809374976.0,0.005363107658922672
3810312448.0,0.013466998003423214
3811249920.0,0.022085940465331078
3812187392.0,0.030154472216963768
3813125120.0,0.03675069287419319
3814062592.0,0.04376725107431412
3815000064.0,0.04949798062443733
3815937536.0,0.0556168332695961
3816875008.0,0.06012950837612152
3817812480.0,0.06413614004850388
3818749952.0,0.06710558384656906
3819687424.0,0.06841419637203217
3820624896.0,0.0690176784992218
3821562624.0,0.069051094353199
3822500096.0,0.0682540237903595
3823437568.0,0.06571613252162933
3824375040.0,0.06370053440332413
3825312512.0,0.060111384838819504
3826249984.0,0.05652172863483429
3827187456.0,0.05249199643731117
3828124928.0,0.047931768000125885
3829062400.0,0.04432937130331993
3830000128.0,0.039464328438043594
3830937600.0,0.03309341147542
3831875072.0,0.0274545568972826
3832812544.0,0.022870900109410286
3833750016.0,0.016731631010770798
3834687488.0,0.010450482368469238
3835624960.0,0.004517683293670416
3836562432.0,-0.0008566459873691201
3837499904.0,-0.0063516562804579735
3838437376.0,-0.011271932162344456
3839375104.0,-0.016423068940639496
3840312576.0,-0.02024497650563717
3841250048.0,-0.025249890983104706
3842187520.0,-0.02917744591832161
3843124992.0,-0.033107902854681015
3844062464.0,-0.03711194545030594
3844999936.0,-0.041648298501968384
3845937408.0,-0.0449565164744854
3846874880.0,-0.04280048981308937
3847812608.0,-0.04559299349784851
3848750080.0,-0.04712521657347679
3849687552.0,-0.04963790625333786
3850625024.0,-0.05069737881422043
3851562496.0,-0.05275264009833336
3852499968.0,-0.05409865453839302
3853437440.0,-0.05481312796473503
3854374912.0,-0.05536048859357834
3855312384.0,-0.05623584985733032
3856250112.0,-0.056764885783195496
3857187584.0,-0.05573062226176262
3858125056.0,-0.0546916238963604
3859062528.0,-0.053010012954473495
3860000000.0,-0.05001315101981163
3860937472.0,-0.04734053835272789
3861874944.0,-0.04540293663740158
3862812416.0,-0.04351213201880455
3863749888.0,-0.041074320673942566
3864687616.0,-0.04051842913031578
3865625088.0,-0.04061828553676605
3866562560.0,-0.042261652648448944
3867500032.0,-0.04541105777025223
3868437504.0,-0.04973810911178589
3869374976.0,-0.05655916407704353
3870312448.0,-0.0645727664232254
3871249920.0,-0.07360462099313736
3872187392.0,-0.08406788110733032
3873125120.0,-0.09512431919574738
3874062592.0,-0.10636640340089798
3875000064.0,-0.11782242357730865
3875937536.0,-0.1292378008365631
3876875008.0,-0.1382932811975479
3877812480.0,-0.14638547599315643
3878749952.0,-0.153875470161438
3879687424.0,-0.15842877328395844
3880624896.0,-0.1614578515291214
3881562624.0,-0.16272953152656555
3882500096.0,-0.16094361245632172
3883437568.0,-0.15710079669952393
3884375040.0,-0.15150681138038635
3885312512.0,-0.14401550590991974
3886249984.0,-0.13503818213939667
3887187456.0,-0.12481161206960678
3888124928.0,-0.11544328927993774
3889062400.0,-0.10244756191968918
3889999872.0,-0.08995505422353745
3890937600.0,-0.07764343172311783
3891875072.0,-0.06609242409467697
3892812544.0,-0.05418267846107483
3893750016.0,-0.0441424734890461
3894687488.0,-0.03424903377890587
3895624960.0,-0.02489517442882061
3896562432.0,-0.017621254548430443
3897499904.0,-0.01071996707469225
3898437376.0,-0.0063448697328567505
3899375104.0,-0.002212636871263385
3900312576.0,0.0005396443302743137
3901250048.0,0.0032985592260956764
3902187520.0,0.0049131521955132484
3903124992.0,0.005686664953827858
3904062464.0,0.0062135388143360615
3904999936.0,0.006970447488129139
3905937408.0,0.007679246831685305
3906874880.0,-0.0025098964106291533
3907812608.0,-0.010214329697191715
3908750080.0,-0.018348990008234978
3909687552.0,-0.023407332599163055
3910625024.0,-0.028018832206726074
3911562496.0,-0.02977423183619976
3912499968.0,-0.029525522142648697
3913437440.0,-0.028683563694357872
3914374912.0,-0.026312319561839104
3915312384.0,-0.021368928253650665
3916250112.0,-0.014671232551336288
3917187584.0,-0.00791944656521082
3918125056.0,0.0010013371938839555
3919062528.0,0.011315596289932728
3920000000.0,0.020668476819992065
3920937472.0,0.031551361083984375
3921874944.0,0.04259398207068443
3922812416.0,0.05303711071610451
3923749888.0,0.06257513165473938
3924687616.0,0.07239837944507599
3925625088.0,0.08016042411327362
3926562560.0,0.08758894354104996
3927500032.0,0.09457992762327194
3928437504.0,0.10048282891511917
3929374976.0,0.10477180778980255
3930312448.0,0.10806534439325333
3931249920.0,0.10816869139671326
3932187392.0,0.11016719788312912
3933125120.0,0.10825848579406738
3934062592.0,0.10492126643657684
3935000064.0,0.10104262828826904
3935937536.0,0.09647536277770996
3936875008.0,0.08928786218166351
3937812480.0,0.08271578699350357
3938749952.0,0.07369531691074371
3939687424.0,0.06345740705728531
3940624896.0,0.0536130890250206
3941562624.0,0.042875733226537704
3942500096.0,0.030225630849599838
3943437568.0,0.019260572269558907
3944375040.0,0.007010243367403746
3945312512.0,-0.00612799683585763
3946249984.0,-0.018473489210009575
3947187456.0,-0.03062167763710022
3948124928.0,-0.04323847219347954
3949062400.0,-0.05416027829051018
3950000128.0,-0.06509411334991455
3950937600.0,-0.07544274628162384
3951875072.0,-0.08482304960489273
3952812544.0,-0.09419490396976471
3953750016.0,-0.10302576422691345
3954687488.0,-0.11150342226028442
3955624960.0,-0.11898086220026016
3956562432.0,-0.12588374316692352
3957499904.0,-0.1325085312128067
3958437376.0,-0.1385316550731659
3959375104.0,-0.14466705918312073
3960312576.0,-0.14994783699512482
3961250048.0,-0.1544172316789627
3962187520.0,-0.16062068939208984
3963124992.0,-0.16485603153705597
3964062464.0,-0.16982638835906982
3964999936.0,-0.17360080778598785
3965937408.0,-0.177761048078537
3966874880.0,-0.07028760761022568
3967812608.0,-0.0768759623169899
3968750080.0,-0.08249826729297638
3969687552.0,-0.08758533746004105
3970625024.0,-0.0923512876033783
3971562496.0,-0.09566330909729004
3972499968.0,-0.0986483171582222
3973437440.0,-0.10066208243370056
3974374912.0,-0.10126949846744537
3975312384.0,-0.1016976535320282
3976250112.0,-0.10161839425563812
3977187584.0,-0.09978889673948288
3978125056.0,-0.09686236083507538
3979062528.0,-0.09415216743946075
3980000000.0,-0.08972551673650742
3980937472.0,-0.08551201224327087
3981874944.0,-0.08130999654531479
3982812416.0,-0.07588037848472595
3983749888.0,-0.07106252759695053
3984687616.0,-0.06547382473945618
3985625088.0,-0.059824783354997635
3986562560.0,-0.05458628386259079
3987500032.0,-0.04888901114463806
3988437504.0,-0.0434739887714386
3989374976.0,-0.039143506437540054
3990312448.0,-0.03444424644112587
3991249920.0,-0.02921714074909687
3992187392.0,-0.025673232972621918
3993125120.0,-0.022985365241765976
3994062592.0,-0.021167637780308723
3995000064.0,-0.019153570756316185
3995937536.0,-0.018057245761156082
3996875008.0,-0.017475465312600136
3997812480.0,-0.01791216991841793
3998749952.0,-0.01882024295628071
3999687424.0,-0.018179502338171005
4000624896.0,-0.010826056823134422
4001562624.0,-0.015665089711546898
4002500096.0,-0.02056942507624626
4003437568.0,-0.025492174550890923
4004375040.0,-0.03209998086094856
4005312512.0,-0.03880699723958969
4006249984.0,-0.04582909122109413
4007187456.0,-0.05389046669006348
4008124928.0,-0.06304658949375153
4009062400.0,-0.07116694748401642
4009999872.0,-0.08041153103113174
4010937600.0,-0.08910062164068222
4011875072.0,-0.09772299230098724
4012812544.0,-0.10710041970014572
4013750016.0,-0.11451518535614014
4014687488.0,-0.12239988893270493
4015624960.0,-0.13015544414520264
4016562432.0,-0.13788752257823944
4017499904.0,-0.1461450755596161
4018437376.0,-0.15198025107383728
4019375104.0,-0.15876351296901703
4020312576.0,-0.16508370637893677
4021250048.0,-0.17084594070911407
4022187520.0,-0.17585164308547974
4023124992.0,-0.18087591230869293
4024062464.0,-0.18466153740882874
4024999936.0,-0.1889379322528839
4025937408.0,-0.1918277144432068
4026874880.0,-0.1836657077074051
4027812608.0,-0.18512985110282898
4028750080.0,-0.186888188123703
4029687552.0,-0.18881255388259888
4030625024.0,-0.19016852974891663
4031562496.0,-0.1920451521873474
4032499968.0,-0.19435663521289825
4033437440.0,-0.1947811245918274
4034374912.0,-0.19575351476669312
4035312384.0,-0.19607515633106232
4036250112.0,-0.19572150707244873
4037187584.0,-0.19502145051956177
4038125056.0,-0.19438187777996063
4039062528.0,-0.1937418431043625
4040000000.0,-0.19152049720287323
4040937472.0,-0.19123579561710358
4041874944.0,-0.18769627809524536
4042812416.0,-0.18475458025932312
4043749888.0,-0.18106088042259216
4044687616.0,-0.17662224173545837
4045625088.0,-0.17165100574493408
4046562560.0,-0.16567528247833252
4047500032.0,-0.15955305099487305
4048437504.0,-0.1515009105205536
4049374976.0,-0.14365655183792114
4050312448.0,-0.13351313769817352
4051249920.0,-0.12395129352807999
4052187392.0,-0.11391882598400116
4053125120.0,-0.10224177688360214
4054062592.0,-0.09015238285064697
4055000064.0,-0.07914713770151138
4055937536.0,-0.06796465814113617
4056875008.0,-0.055981699377298355
4057812480.0,-0.04329835623502731
4058749952.0,-0.031995560973882675
4059687424.0,-0.021980954334139824
4060624896.0,-0.011210245080292225
4061562624.0,-0.0016437594313174486
4062500096.0,0.008426652289927006
4063437568.0,0.017136314883828163
4064375040.0,0.02411624789237976
4065312512.0,0.031926821917295456
4066249984.0,0.03865263983607292
4067187456.0,0.04224710911512375
4068124928.0,0.046330854296684265
4069062400.0,0.04861903935670853
4070000128.0,0.05069642886519432
4070937600.0,0.04977042227983475
4071875072.0,0.04882829636335373
4072812544.0,0.04642607644200325
4073750016.0,0.04375104606151581
4074687488.0,0.039316192269325256
4075624960.0,0.03390172868967056
4076562432.0,0.02692057378590107
4077499904.0,0.020968731492757797
4078437376.0,0.012433708645403385
4079375104.0,0.004519440233707428
4080312576.0,-0.0056820823810994625
4081250048.0,-0.015502329915761948
4082187520.0,-0.026495469734072685
4083124992.0,-0.038050081580877304
4084062464.0,-0.048590969294309616
4084999936.0,-0.05807214230298996
4085937408.0,-0.06811372935771942
4086874880.0,-0.09285025298595428
4087812608.0,-0.09915187954902649
4088750080.0,-0.10360387712717056
4089687552.0,-0.10834323614835739
4090625024.0,-0.10989486426115036
4091562496.0,-0.11403753608465195
4092499968.0,-0.114650659263134
4093437440.0,-0.11733941733837128
4094374912.0,-0.1180487722158432
4095312384.0,-0.11882616579532623
4096250112.0,-0.12044849246740341
4097187584.0,-0.12010197341442108
4098125056.0,-0.1213512271642685
4099062528.0,-0.12231003493070602
4100000000.0,-0.12337559461593628
4100937472.0,-0.12427382171154022
4101874944.0,-0.12494294345378876
4102812416.0,-0.12538264691829681
4103749888.0,-0.12560094892978668
4104687616.0,-0.12684983015060425
4105625088.0,-0.1278543770313263
4106562560.0,-0.12808410823345184
4107500032.0,-0.12904605269432068
4108437504.0,-0.12918095290660858
4109374976.0,-0.12957516312599182
4110312448.0,-0.1299099326133728
4111249920.0,-0.12957708537578583
4112187392.0,-0.1295805722475052
4113125120.0,-0.1283482015132904
4114062592.0,-0.12752358615398407
4115000064.0,-0.1261303424835205
4115937536.0,-0.12449921667575836
4116875008.0,-0.12365921586751938
4117812480.0,-0.12111564725637436
4118749952.0,-0.11948052048683167
4119687424.0,-0.11630941182374954
4120624896.0,-0.11229761689901352
4121562624.0,-0.10935845226049423
4122500096.0,-0.10527045279741287
4123437568.0,-0.10180740803480148
4124375040.0,-0.09739206731319427
4125312512.0,-0.09271945804357529
4126249984.0,-0.0889672189950943
4127187456.0,-0.08585668355226517
4128124928.0,-0.08217841386795044
4129062400.0,-0.07771624624729156
4129999872.0,-0.07472028583288193
4130937600.0,-0.07080375403165817
4131875072.0,-0.06729234755039215
4132812544.0,-0.06543944776058197
4133750016.0,-0.06210177019238472
4134687488.0,-0.05929838493466377
4135624960.0,-0.058256473392248154
4136562432.0,-0.056839633733034134
4137499904.0,-0.05548146739602089
4138437376.0,-0.05354408919811249
4139375104.0,-0.05257612094283104
4140312576.0,-0.0518822968006134
4141250048.0,-0.05031505227088928
4142187520.0,-0.05019878223538399
4143124992.0,-0.04995888099074364
4144062464.0,-0.049498770385980606
4144999936.0,-0.04853137582540512
4145937408.0,-0.04730822145938873
4146874880.0,-0.0870911106467247
4147812608.0,-0.08957614749670029
4148750080.0,-0.09057056903839111
4149687552.0,-0.0912444069981575
4150625024.0,-0.09067592024803162
4151562496.0,-0.0894537940621376
4152499968.0,-0.08797960728406906
4153437440.0,-0.08488516509532928
4154374912.0,-0.08305756747722626
4155312384.0,-0.07894483208656311
4156250112.0,-0.0750982016324997
4157187584.0,-0.06991124153137207
4158125056.0,-0.06527060270309448
4159062528.0,-0.059597913175821304
4160000000.0,-0.05503399670124054
4160937472.0,-0.050100572407245636
4161874944.0,-0.04414846748113632
4162812416.0,-0.0395214706659317
4163749888.0,-0.034981537610292435
4164687616.0,-0.03092549368739128
4165625088.0,-0.028087740764021873
4166562560.0,-0.025954151526093483
4167500032.0,-0.024585340172052383
4168437504.0,-0.02354508265852928
4169374976.0,-0.022626355290412903
4170312448.0,-0.02183135226368904
4171249920.0,-0.022010061889886856
4172187392.0,-0.02318529039621353
4173125120.0,-0.02407008968293667
4174062592.0,-0.026783015578985214
4175000064.0,-0.029120152816176414
4175937536.0,-0.033584512770175934
4176875008.0,-0.03700018674135208
4177812480.0,-0.04069080203771591
4178749952.0,-0.04435349255800247
4179687424.0,-0.050093527883291245
4180624896.0,-0.05357646197080612
4181562624.0,-0.058497581630945206
4182500096.0,-0.0641743391752243
4183437568.0,-0.06829702854156494
4184375040.0,-0.07282933592796326
4185312512.0,-0.07837790250778198
4186249984.0,-0.08290047943592072
4187187456.0,-0.08661766350269318
4188124928.0,-0.08985202014446259
4189062400.0,-0.09286224097013474
4190000128.0,-0.09559149295091629
4190937600.0,-0.09861686825752258
4191875072.0,-0.10176786780357361
4192812544.0,-0.10416923463344574
4193750016.0,-0.1080026626586914
4194687488.0,-0.11133039742708206
4195624960.0,-0.11438673734664917
4196562432.0,-0.11821771413087845
4197499904.0,-0.12260942161083221
4198437376.0,-0.12693408131599426
4199375104.0,-0.13181555271148682
4200312576.0,-0.13766591250896454
4201250048.0,-0.14263339340686798
4202187520.0,-0.1488095074892044
4203124992.0,-0.15316890180110931
4204062464.0,-0.15826202929019928
4204999936.0,-0.16305911540985107
4205937408.0,-0.1680491417646408
4206874880.0,-0.15782546997070312
4207812608.0,-0.16401658952236176
4208750080.0,-0.16959355771541595
4209687552.0,-0.17440682649612427
4210625024.0,-0.17906764149665833
4211562496.0,-0.18247845768928528
4212499968.0,-0.18522177636623383
4213437440.0,-0.18780341744422913
4214374912.0,-0.1876823455095291
4215312384.0,-0.18750041723251343
4216250112.0,-0.18667876720428467
4217187584.0,-0.1831558346748352
4218125056.0,-0.17868463695049286
4219062528.0,-0.1742415875196457
4220000000.0,-0.16560065746307373
4220937472.0,-0.15659953653812408
4221874944.0,-0.14681679010391235
4222812416.0,-0.13422426581382751
4223749888.0,-0.12150822579860687
4224687616.0,-0.1084347665309906
4225625088.0,-0.09404286742210388
4226562560.0,-0.07896874845027924
4227500032.0,-0.0631875991821289
4228437504.0,-0.04622679576277733
4229374976.0,-0.029415512457489967
4230312448.0,-0.01412483025342226
4231249920.0,0.002810237929224968
4232187392.0,0.01945364475250244
4233125120.0,0.03551728278398514
4234062592.0,0.05146978422999382
4235000064.0,0.06688030064105988
4235937536.0,0.08054128289222717
4236875008.0,0.09356191754341125
4237812480.0,0.10589109361171722
4238749952.0,0.11622855812311172
4239687424.0,0.12596456706523895
4240624896.0,0.13298656046390533
4241562624.0,0.1397048383951187
4242500096.0,0.14639872312545776
4243437568.0,0.14899517595767975
4244375040.0,0.15163537859916687
4245312512.0,0.15334933996200562
4246249984.0,0.15149439871311188
4247187456.0,0.14967110753059387
4248124928.0,0.144624724984169
4249062400.0,0.13838551938533783
4249999872.0,0.13110585510730743
4250937600.0,0.12089861929416656
4251875072.0,0.11004727333784103
4252812544.0,0.09647868573665619
4253750016.0,0.08266932517290115
4254687488.0,0.06711834669113159
4255624960.0,0.04971973970532417
4256562432.0,0.031714390963315964
4257499904.0,0.011989932507276535
4258437376.0,-0.008033239282667637
4259375104.0,-0.02788274548947811
4260312576.0,-0.04972714185714722
4261250048.0,-0.07182106375694275
4262187520.0,-0.09299582988023758
4263124992.0,-0.11506588757038116
4264062464.0,-0.13590626418590546
4264999936.0,-0.15623071789741516
4265937408.0,-0.17628061771392822
4266874880.0,-0.18557947874069214
4267812608.0,-0.19340066611766815
4268750080.0,-0.2010875940322876
4269687552.0,-0.2083086222410202
4270625024.0,-0.2134961634874344
4271562496.0,-0.2192300260066986
4272499968.0,-0.2240348905324936
4273437440.0,-0.22658739984035492
4274374912.0,-0.22936217486858368
4275312384.0,-0.22958776354789734
4276250112.0,-0.22927258908748627
4277187584.0,-0.22607441246509552
4278125056.0,-0.22139324247837067
4279062528.0,-0.21357978880405426
4280000000.0,-0.20495936274528503
4280937472.0,-0.19323834776878357
4281874944.0,-0.17874151468276978
4282812416.0,-0.16443495452404022
4283749888.0,-0.1480213701725006
4284687616.0,-0.12945589423179626
4285625088.0,-0.11094410717487335
4286562560.0,-0.08922069519758224
4287500032.0,-0.06723941117525101
4288437504.0,-0.04348890110850334
4289374976.0,-0.020623141899704933
4290312448.0,0.002701922319829464
4291249920.0,0.025926273316144943
4292187392.0,0.04990081489086151
4293125120.0,0.07179092615842819
4294062592.0,0.09314803779125214
4295000064.0,0.11248921602964401
4295937536.0,0.1303229033946991
4296875008.0,0.14678019285202026
4297812480.0,0.16193287074565887
4298749952.0,0.1740165799856186
4299687424.0,0.18459340929985046
4300624896.0,0.19215935468673706
4301562368.0,0.1986449807882309
4302499840.0,0.20199739933013916
4303437312.0,0.2019222527742386
4304374784.0,0.200256809592247
4305312256.0,0.19732815027236938
4306250240.0,0.1907382756471634
4307187712.0,0.18211252987384796
4308125184.0,0.17121915519237518
4309062656.0,0.1575925499200821
4310000128.0,0.14343231916427612
4310937600.0,0.12642519176006317
4311875072.0,0.10814015567302704
4312812544.0,0.0886690616607666
4313750016.0,0.06936603784561157
4314687488.0,0.0487356036901474
4315624960.0,0.02809843420982361
4316562432.0,0.0073776827193796635
4317499904.0,-0.011752859689295292
4318437376.0,-0.031752437353134155
4319374848.0,-0.05090409517288208
4320312320.0,-0.06900184601545334
4321249792.0,-0.08664412796497345
4322187264.0,-0.10264093428850174
4323125248.0,-0.11780259013175964
4324062720.0,-0.13199134171009064
4325000192.0,-0.14344258606433868
4325937664.0,-0.15403474867343903
4326875136.0,-0.2118815779685974
4327812608.0,-0.2108074575662613
4328750080.0,-0.20790010690689087
4329687552.0,-0.20343947410583496
4330625024.0,-0.19736385345458984
4331562496.0,-0.19015100598335266
4332499968.0,-0.18273307383060455
4333437440.0,-0.17307840287685394
4334374912.0,-0.16303104162216187
4335312384.0,-0.1540706753730774
4336249856.0,-0.1444072425365448
4337187328.0,-0.13418492674827576
4338124800.0,-0.12429413199424744
4339062272.0,-0.11560491472482681
4339999744.0,-0.1061752662062645
4340937728.0,-0.09929879009723663
4341875200.0,-0.0914766937494278
4342812672.0,-0.08550535142421722
4343750144.0,-0.07974943518638611
4344687616.0,-0.07396027445793152
4345625088.0,-0.07055214047431946
4346562560.0,-0.06723365932703018
4347500032.0,-0.06313367187976837
4348437504.0,-0.06079355999827385
4349374976.0,-0.0603325217962265
4350312448.0,-0.060120146721601486
4351249920.0,-0.06118099391460419
4352187392.0,-0.06158828362822533
4353124864.0,-0.06347578018903732
4354062336.0,-0.06397731602191925
4354999808.0,-0.06669223308563232
4355937280.0,-0.06833864748477936
4356874752.0,-0.07181377708911896
4357812736.0,-0.07462342083454132
4358750208.0,-0.07695203274488449
4359687680.0,-0.08132767677307129
4360625152.0,-0.08642331510782242
4361562624.0,-0.0893075242638588
4362500096.0,-0.09335644543170929
4363437568.0,-0.09695377945899963
4364375040.0,-0.1009972020983696
4365312512.0,-0.10483203828334808
4366249984.0,-0.10815079510211945
4367187456.0,-0.11300407350063324
4368124928.0,-0.11735529452562332
4369062400.0,-0.12299245595932007
4369999872.0,-0.12625782191753387
4370937344.0,-0.13106895983219147
4371874816.0,-0.13580051064491272
4372812288.0,-0.1396314650774002
4373749760.0,-0.14506350457668304
4374687744.0,-0.15029633045196533
4375625216.0,-0.15690529346466064
4376562688.0,-0.16206029057502747
4377500160.0,-0.16931934654712677
4378437632.0,-0.17601285874843597
4379375104.0,-0.18328145146369934
4380312576.0,-0.1914832442998886
4381250048.0,-0.19843631982803345
4382187520.0,-0.2082153707742691
4383124992.0,-0.2171339988708496
4384062464.0,-0.2281833440065384
4384999936.0,-0.23848271369934082
4385937408.0,-0.2504688501358032
4386874880.0,-0.3209712505340576
4387812352.0,-0.3286484181880951
4388749824.0,-0.33481183648109436
4389687296.0,-0.34011906385421753
4390624768.0,-0.34176963567733765
4391562752.0,-0.34344255924224854
4392500224.0,-0.34325721859931946
4393437696.0,-0.34127819538116455
4394375168.0,-0.33683615922927856
4395312640.0,-0.3318777084350586
4396250112.0,-0.3248354494571686
4397187584.0,-0.3162180185317993
4398125056.0,-0.305683970451355
4399062528.0,-0.29392775893211365
4400000000.0,-0.28010547161102295
4400937472.0,-0.2662172317504883
4401874944.0,-0.25056642293930054
4402812416.0,-0.2339431792497635
4403749888.0,-0.21596640348434448
4404687360.0,-0.1971694678068161
4405624832.0,-0.1802140772342682
4406562304.0,-0.1617630422115326
4407499776.0,-0.14382873475551605
4408437248.0,-0.1265738308429718
4409375232.0,-0.11025882512331009
4410312704.0,-0.09387168288230896
4411250176.0,-0.07879316806793213
4412187648.0,-0.06574815511703491
4413125120.0,-0.05284297838807106
4414062592.0,-0.04233914241194725
4415000064.0,-0.03505365177989006
4415937536.0,-0.028802290558815002
4416875008.0,-0.025793278589844704
4417812480.0,-0.02453359216451645
4418749952.0,-0.026553235948085785
4419687424.0,-0.029299050569534302
4420624896.0,-0.03578292205929756
4421562368.0,-0.045201171189546585
4422499840.0,-0.055534832179546356
4423437312.0,-0.067560575902462
4424374784.0,-0.08171741664409637
4425312256.0,-0.09818495064973831
4426250240.0,-0.11663818359375
4427187712.0,-0.1354433000087738
4428125184.0,-0.1565597802400589
4429062656.0,-0.17786021530628204
4430000128.0,-0.20085638761520386
4430937600.0,-0.22359825670719147
4431875072.0,-0.24801401793956757
4432812544.0,-0.2706102132797241
4433750016.0,-0.29505592584609985
4434687488.0,-0.3184943199157715
4435624960.0,-0.3418912887573242
4436562432.0,-0.3644336760044098
4437499904.0,-0.38703417778015137
4438437376.0,-0.4069865942001343
4439374848.0,-0.42672744393348694
4440312320.0,-0.4442039728164673
4441249792.0,-0.4609532654285431
4442187264.0,-0.4755483567714691
4443125248.0,-0.48932331800460815
4444062720.0,-0.5013444423675537
4445000192.0,-0.5097553730010986
4445937664.0,-0.5167282223701477
4446875136.0,-0.526958167552948
4447812608.0,-0.5342137217521667
4448750080.0,-0.5381136536598206
4449687552.0,-0.5418198108673096
4450625024.0,-0.5431395769119263
4451562496.0,-0.5428822040557861
4452499968.0,-0.5398175716400146
4453437440.0,-0.5360169410705566
4454374912.0,-0.5299936532974243
4455312384.0,-0.5219568610191345
4456249856.0,-0.5108576416969299
4457187328.0,-0.49916642904281616
4458124800.0,-0.48554494976997375
4459062272.0,-0.47121378779411316
4460000256.0,-0.4554959535598755
4460937728.0,-0.43812990188598633
4461875200.0,-0.4226936995983124
4462812672.0,-0.4063150882720947
4463750144.0,-0.39064449071884155
4464687616.0,-0.37380364537239075
4465625088.0,-0.35783326625823975
4466562560.0,-0.34297171235084534
4467500032.0,-0.3294248878955841
4468437504.0,-0.31615129113197327
4469374976.0,-0.30431798100471497
4470312448.0,-0.2933007478713989
4471249920.0,-0.2838546931743622
4472187392.0,-0.2750273048877716
4473124864.0,-0.26901671290397644
4474062336.0,-0.26540663838386536
4474999808.0,-0.2617942690849304
4475937280.0,-0.26100394129753113
4476874752.0,-0.26058587431907654
4477812736.0,-0.26336920261383057
4478750208.0,-0.2670256495475769
4479687680.0,-0.2725582718849182
4480625152.0,-0.2805505394935608
4481562624.0,-0.2906995117664337
4482500096.0,-0.30255913734436035
4483437568.0,-0.31717514991760254
4484375040.0,-0.3349747359752655
4485312512.0,-0.35566845536231995
4486249984.0,-0.3784759044647217
4487187456.0,-0.40345901250839233
4488124928.0,-0.4299508333206177
4489062400.0,-0.4572351276874542
4489999872.0,-0.48610830307006836
4490937344.0,-0.5145442485809326
4491874816.0,-0.5442709922790527
4492812288.0,-0.5759190917015076
4493749760.0,-0.607781171798706
4494687744.0,-0.6411755084991455
4495625216.0,-0.6731749176979065
4496562688.0,-0.7067558765411377
4497500160.0,-0.7375353574752808
4498437632.0,-0.7691633105278015
4499375104.0,-0.7982065677642822
4500312576.0,-0.8256754875183105
4501250048.0,-0.8525859713554382
4502187520.0,-0.875648021697998
4503124992.0,-0.8992822170257568
4504062464.0,-0.9202836751937866
4504999936.0,-0.9402092099189758
4505937408.0,-0.9557366967201233
4506874880.0,-0.9204593300819397
4507812352.0,-0.9343942403793335
4508749824.0,-0.9454799294471741
4509687296.0,-0.9528759717941284
4510624768.0,-0.9595714807510376
4511562752.0,-0.9624797701835632
4512500224.0,-0.9633927941322327
4513437696.0,-0.9603713154792786
4514375168.0,-0.9551092982292175
4515312640.0,-0.9470189809799194
4516250112.0,-0.9374104142189026
4517187584.0,-0.927042543888092
4518125056.0,-0.9140470623970032
4519062528.0,-0.9008551239967346
4520000000.0,-0.8875061869621277
4520937472.0,-0.8729961514472961
4521874944.0,-0.8585408329963684
4522812416.0,-0.8439398407936096
4523749888.0,-0.8294853568077087
4524687360.0,-0.8151262402534485
4525624832.0,-0.8029741048812866
4526562304.0,-0.7914174795150757
4527499776.0,-0.7809779644012451
4528437248.0,-0.7737479209899902
4529375232.0,-0.7660552263259888
4530312704.0,-0.7615513801574707
4531250176.0,-0.7597132921218872
4532187648.0,-0.7600630521774292
4533125120.0,-0.7631494402885437
4534062592.0,-0.7678688764572144
4535000064.0,-0.7778124809265137
4535937536.0,-0.7897087335586548
4536875008.0,-0.8064365386962891
4537812480.0,-0.8272616863250732
4538749952.0,-0.8518128395080566
4539687424.0,-0.8810756802558899
4540624896.0,-0.9127146601676941
4541562368.0,-0.9482476711273193
4542499840.0,-0.9858177304267883
4543437312.0,-1.0262500047683716
4544374784.0,-1.0702908039093018
4545312256.0,-1.1148622035980225
4546250240.0,-1.1655464172363281
4547187712.0,-1.2175456285476685
4548125184.0,-1.2730076313018799
4549062656.0,-1.330765962600708
4550000128.0,-1.3915125131607056
4550937600.0,-1.45513117313385
4551875072.0,-1.522783875465393
4552812544.0,-1.5912365913391113
4553750016.0,-1.6625224351882935
4554687488.0,-1.735003113746643
4555624960.0,-1.8065574169158936
4556562432.0,-1.8809894323349
4557499904.0,-1.9518975019454956
4558437376.0,-2.020752191543579
4559374848.0,-2.089324951171875
4560312320.0,-2.15750789642334
4561249792.0,-2.2238352298736572
4562187264.0,-2.290113925933838
4563125248.0,-2.3537328243255615
4564062720.0,-2.4147355556488037
4565000192.0,-2.473010301589966
4565937664.0,-2.529000759124756
4566875136.0,-2.3987927436828613
4567812608.0,-2.4278974533081055
4568750080.0,-2.455606698989868
4569687552.0,-2.483919620513916
4570625024.0,-2.513124465942383
4571562496.0,-2.5423572063446045
4572499968.0,-2.5708060264587402
4573437440.0,-2.599973678588867
4574374912.0,-2.628523826599121
4575312384.0,-2.657827377319336
4576249856.0,-2.688615322113037
4577187328.0,-2.7212839126586914
4578124800.0,-2.752206802368164
4579062272.0,-2.7864770889282227
4579999744.0,-2.8204972743988037
4580937728.0,-2.8564321994781494
4581875200.0,-2.894115686416626
4582812672.0,-2.930814743041992
4583750144.0,-2.9680516719818115
4584687616.0,-3.0048351287841797
4585625088.0,-3.0442614555358887
4586562560.0,-3.085967540740967
4587500032.0,-3.129196882247925
4588437504.0,-3.1723012924194336
4589374976.0,-3.2143499851226807
4590312448.0,-3.2530202865600586
4591249920.0,-3.2910518646240234
4592187392.0,-3.330029249191284
4593124864.0,-3.371739387512207
4594062336.0,-3.414491891860962
4594999808.0,-3.460735321044922
4595937280.0,-3.5090739727020264
4596874752.0,-3.558894395828247
4597812736.0,-3.6078975200653076
4598750208.0,-3.6570987701416016
4599687680.0,-3.709294080734253
4600625152.0,-3.7665998935699463
4601562624.0,-3.822206974029541
4602500096.0,-3.8762199878692627
4603437568.0,-3.9260506629943848
4604375040.0,-3.9728844165802
4605312512.0,-4.0160231590271
4606249984.0,-4.057885646820068
4607187456.0,-4.09917688369751
4608124928.0,-4.141206741333008
4609062400.0,-4.183223247528076
4609999872.0,-4.22786283493042
4610937344.0,-4.267622470855713
4611874816.0,-4.300834655761719
4612812288.0,-4.33099889755249
4613749760.0,-4.3597588539123535
4614687744.0,-4.385648250579834
4615625216.0,-4.409206390380859
4616562688.0,-4.425934791564941
4617500160.0,-4.441464900970459
4618437632.0,-4.4495463371276855
4619375104.0,-4.454190731048584
4620312576.0,-4.461275100708008
4621250048.0,-4.466114044189453
4622187520.0,-4.469988822937012
4623124992.0,-4.470279216766357
4624062464.0,-4.467372894287109
4624999936.0,-4.461668968200684
4625937408.0,-4.450707912445068
4626874880.0,-4.614248275756836
4627812352.0,-4.5771050453186035
4628749824.0,-4.531308174133301
4629687296.0,-4.480064392089844
4630624768.0,-4.419350624084473
4631562752.0,-4.352787017822266
4632500224.0,-4.277899742126465
4633437696.0,-4.197331428527832
4634375168.0,-4.110682487487793
4635312640.0,-4.0186567306518555
4636250112.0,-3.9210774898529053
4637187584.0,-3.8212430477142334
4638125056.0,-3.717864513397217
4639062528.0,-3.6131601333618164
4640000000.0,-3.506138801574707
4640937472.0,-3.399056911468506
4641874944.0,-3.2886369228363037
4642812416.0,-3.1765692234039307
4643749888.0,-3.063912868499756
4644687360.0,-2.952133893966675
4645624832.0,-2.8412976264953613
4646562304.0,-2.728181838989258
4647499776.0,-2.6176953315734863
4648437248.0,-2.509479284286499
4649375232.0,-2.406458616256714
4650312704.0,-2.3067331314086914
4651250176.0,-2.21297287940979
4652187648.0,-2.124905586242676
4653125120.0,-2.0417206287384033
4654062592.0,-1.9616719484329224
4655000064.0,-1.887978196144104
4655937536.0,-1.8184764385223389
4656875008.0,-1.7530850172042847
4657812480.0,-1.6934422254562378
4658749952.0,-1.6377308368682861
4659687424.0,-1.5883586406707764
4660624896.0,-1.5426329374313354
4661562368.0,-1.5032120943069458
4662499840.0,-1.4697457551956177
4663437312.0,-1.4402533769607544
4664374784.0,-1.4132771492004395
4665312256.0,-1.389502763748169
4666250240.0,-1.3687340021133423
4667187712.0,-1.3490123748779297
4668125184.0,-1.3325507640838623
4669062656.0,-1.3168288469314575
4670000128.0,-1.3032090663909912
4670937600.0,-1.2914263010025024
4671875072.0,-1.2818825244903564
4672812544.0,-1.274191975593567
4673750016.0,-1.2672233581542969
4674687488.0,-1.2602601051330566
4675624960.0,-1.2545262575149536
4676562432.0,-1.247021198272705
4677499904.0,-1.2390464544296265
4678437376.0,-1.2302135229110718
4679374848.0,-1.2177704572677612
4680312320.0,-1.20441734790802
4681249792.0,-1.1901086568832397
4682187264.0,-1.1735336780548096
4683125248.0,-1.156317949295044
4684062720.0,-1.1362100839614868
4685000192.0,-1.1162620782852173
4685937664.0,-1.0951080322265625
4686875136.0,-1.0946969985961914
4687812608.0,-1.0688626766204834
4688750080.0,-1.0413565635681152
4689687552.0,-1.0124558210372925
4690625024.0,-0.9830309152603149
4691562496.0,-0.9529395699501038
4692499968.0,-0.9221587777137756
4693437440.0,-0.8909330368041992
4694374912.0,-0.8577097058296204
4695312384.0,-0.8247087001800537
4696249856.0,-0.7905148863792419
4697187328.0,-0.7577680945396423
4698124800.0,-0.7236630916595459
4699062272.0,-0.6905810236930847
4700000256.0,-0.6568341255187988
4700937728.0,-0.6234464049339294
4701875200.0,-0.590923547744751
4702812672.0,-0.558637797832489
4703750144.0,-0.5270441770553589
4704687616.0,-0.49712347984313965
4705625088.0,-0.4695376455783844
4706562560.0,-0.4431949853897095
4707500032.0,-0.4183739721775055
4708437504.0,-0.3953113853931427
4709374976.0,-0.373129665851593
4710312448.0,-0.35238713026046753
4711249920.0,-0.3344689607620239
4712187392.0,-0.3172725737094879
4713124864.0,-0.3023073971271515
4714062336.0,-0.28900912404060364
4714999808.0,-0.2774166166782379
4715937280.0,-0.26777008175849915
4716874752.0,-0.2607859671115875
4717812736.0,-0.2545265555381775
4718750208.0,-0.25056734681129456
4719687680.0,-0.24891400337219238
4720625152.0,-0.2495974749326706
4721562624.0,-0.2520463168621063
4722500096.0,-0.2576376795768738
4723437568.0,-0.2635519504547119
4724375040.0,-0.27250123023986816
4725312512.0,-0.28192147612571716
4726249984.0,-0.29256513714790344
4727187456.0,-0.3044603765010834
4728124928.0,-0.31868675351142883
4729062400.0,-0.33288702368736267
4729999872.0,-0.34784358739852905
4730937344.0,-0.36463701725006104
4731874816.0,-0.38217413425445557
4732812288.0,-0.39927998185157776
4733749760.0,-0.41655898094177246
4734687744.0,-0.43454888463020325
4735625216.0,-0.4524262845516205
4736562688.0,-0.4703875780105591
4737500160.0,-0.4876643121242523
4738437632.0,-0.504442036151886
4739375104.0,-0.520678699016571
4740312576.0,-0.5363045930862427
4741250048.0,-0.5498639941215515
4742187520.0,-0.5627127289772034
4743124992.0,-0.5751185417175293
4744062464.0,-0.5853850245475769
4744999936.0,-0.5945576429367065
4745937408.0,-0.6013335585594177
4746874880.0,-0.41702762246131897
4747812352.0,-0.4168606400489807
4748749824.0,-0.41500744223594666
4749687296.0,-0.4125748574733734
4750624768.0,-0.40918952226638794
4751562752.0,-0.405667781829834
4752500224.0,-0.402323454618454
4753437696.0,-0.3988034129142761
4754375168.0,-0.39591270685195923
4755312640.0,-0.3914586901664734
4756250112.0,-0.38693079352378845
4757187584.0,-0.38192740082740784
4758125056.0,-0.3757968842983246
4759062528.0,-0.3700272738933563
4760000000.0,-0.3631007969379425
4760937472.0,-0.35444176197052
4761874944.0,-0.34822878241539
4762812416.0,-0.3390688896179199
4763749888.0,-0.33026739954948425
4764687360.0,-0.31963592767715454
4765624832.0,-0.30956920981407166
4766562304.0,-0.29816514253616333
4767499776.0,-0.2874540686607361
4768437248.0,-0.2764151096343994
4769375232.0,-0.2642609179019928
4770312704.0,-0.2511395514011383
4771250176.0,-0.2380574345588684
4772187648.0,-0.2234664261341095
4773125120.0,-0.2074211835861206
4774062592.0,-0.19204911589622498
4775000064.0,-0.17562119662761688
4775937536.0,-0.1568513959646225
4776875008.0,-0.13916970789432526
4777812480.0,-0.1194746196269989
4778749952.0,-0.10017610341310501
4779687424.0,-0.0799216777086258
4780624896.0,-0.05934413895010948
4781562368.0,-0.03932990878820419
4782499840.0,-0.01808636635541916
4783437312.0,0.002133371774107218
4784374784.0,0.021807026118040085
4785312256.0,0.04254523664712906
4786250240.0,0.06127649545669556
4787187712.0,0.0800933986902237
4788125184.0,0.09776453673839569
4789062656.0,0.1144702360033989
4790000128.0,0.12998177111148834
4790937600.0,0.14423693716526031
4791875072.0,0.15676413476467133
4792812544.0,0.1670362949371338
4793750016.0,0.17543695867061615
4794687488.0,0.18195702135562897
4795624960.0,0.18643435835838318
4796562432.0,0.18752901256084442
4797499904.0,0.18693183362483978
4798437376.0,0.18309299647808075
4799374848.0,0.17682254314422607
4800312320.0,0.16812017560005188
4801249792.0,0.15770436823368073
4802187264.0,0.14410531520843506
4803125248.0,0.12990035116672516
4804062720.0,0.1113700196146965
4805000192.0,0.09001681208610535
4805937664.0,0.06855659931898117
4806875136.0,-0.2071831226348877
4807812608.0,-0.21189986169338226
4808750080.0,-0.21682582795619965
4809687552.0,-0.2221703827381134
4810625024.0,-0.22759690880775452
4811562496.0,-0.23173318803310394
4812499968.0,-0.23542892932891846
4813437440.0,-0.24010205268859863
4814374912.0,-0.24334213137626648
4815312384.0,-0.2457023411989212
4816249856.0,-0.24697676301002502
4817187328.0,-0.2484159767627716
4818124800.0,-0.24949254095554352
4819062272.0,-0.2484583556652069
4819999744.0,-0.24743011593818665
4820937728.0,-0.24521973729133606
4821875200.0,-0.24290424585342407
4822812672.0,-0.23776884377002716
4823750144.0,-0.23255081474781036
4824687616.0,-0.2265658676624298
4825625088.0,-0.22020575404167175
4826562560.0,-0.21322643756866455
4827500032.0,-0.20400744676589966
4828437504.0,-0.19469903409481049
4829374976.0,-0.1846310794353485
4830312448.0,-0.17469951510429382
4831249920.0,-0.1638537496328354
4832187392.0,-0.15376456081867218
4833124864.0,-0.1421045958995819
4834062336.0,-0.13075444102287292
4834999808.0,-0.12099037319421768
4835937280.0,-0.11054769903421402
4836874752.0,-0.10189872235059738
4837812736.0,-0.09185105562210083
4838750208.0,-0.08405593782663345
4839687680.0,-0.07711608707904816
4840625152.0,-0.0707426369190216
4841562624.0,-0.06663605570793152
4842500096.0,-0.06303779780864716
4843437568.0,-0.0612981840968132
4844375040.0,-0.059933848679065704
4845312512.0,-0.06110001727938652
4846249984.0,-0.06380890309810638
4847187456.0,-0.06789267808198929
4848124928.0,-0.07400842756032944
4849062400.0,-0.08093234151601791
4849999872.0,-0.08907030522823334
4850937344.0,-0.09892363101243973
4851874816.0,-0.10975229740142822
4852812288.0,-0.12263321131467819
4853749760.0,-0.13560271263122559
4854687744.0,-0.15020900964736938
4855625216.0,-0.16483397781848907
4856562688.0,-0.1799997091293335
4857500160.0,-0.19479046761989594
4858437632.0,-0.21044984459877014
4859375104.0,-0.22627811133861542
4860312576.0,-0.23858806490898132
4861250048.0,-0.25331923365592957
4862187520.0,-0.26597344875335693
4863124992.0,-0.2781546413898468
4864062464.0,-0.2888890504837036
4864999936.0,-0.29758507013320923
4865937408.0,-0.30585142970085144
4866874880.0,-0.2896401286125183
4867812352.0,-0.2962551712989807
4868749824.0,-0.3020668625831604
4869687296.0,-0.30809393525123596
4870624768.0,-0.31145334243774414
4871562752.0,-0.31463292241096497
4872500224.0,-0.31643253564834595
4873437696.0,-0.3173799216747284
4874375168.0,-0.31822669506073
4875312640.0,-0.31771931052207947
4876250112.0,-0.3166096806526184
4877187584.0,-0.31221768260002136
4878125056.0,-0.3083261549472809
4879062528.0,-0.3031361401081085
4880000000.0,-0.2969764769077301
4880937472.0,-0.2891840636730194
4881874944.0,-0.28182756900787354
4882812416.0,-0.2719539701938629
4883749888.0,-0.26350656151771545
4884687360.0,-0.2520095109939575
4885624832.0,-0.23996546864509583
4886562304.0,-0.22799387574195862
4887499776.0,-0.21675528585910797
4888437248.0,-0.203419491648674
4889375232.0,-0.18904393911361694
4890312704.0,-0.17503094673156738
4891250176.0,-0.16158494353294373
4892187648.0,-0.14717604219913483
4893125120.0,-0.1339409500360489
4894062592.0,-0.11963927745819092
4895000064.0,-0.10530716180801392
4895937536.0,-0.09113918244838715
4896875008.0,-0.07769361883401871
4897812480.0,-0.06451895087957382
4898749952.0,-0.05147818103432655
4899687424.0,-0.03842725604772568
4900624896.0,-0.0273189265280962
4901562368.0,-0.01663210242986679
4902499840.0,-0.007496757432818413
4903437312.0,7.475663733202964e-05
4904374784.0,0.008132793940603733
4905312256.0,0.01470812689512968
4906250240.0,0.019898684695363045
4907187712.0,0.023760298267006874
4908125184.0,0.025571729987859726
4909062656.0,0.02709539607167244
4910000128.0,0.026871319860219955
4910937600.0,0.0261557437479496
4911875072.0,0.023546988144516945
4912812544.0,0.019319964572787285
4913750016.0,0.014001012779772282
4914687488.0,0.00786618608981371
4915624960.0,0.0016659741522744298
4916562432.0,-0.0076993731781840324
4917499904.0,-0.015498398803174496
4918437376.0,-0.02512536384165287
4919374848.0,-0.03528949245810509
4920312320.0,-0.046771276742219925
4921249792.0,-0.058664385229349136
4922187264.0,-0.07101427018642426
4923125248.0,-0.08392521739006042
4924062720.0,-0.09670644998550415
4925000192.0,-0.10944075137376785
4925937664.0,-0.16863562166690826
4926875136.0,-0.16982007026672363
4927812608.0,-0.17096279561519623
4928750080.0,-0.17190243303775787
4929687552.0,-0.1724468320608139
4930625024.0,-0.17347384989261627
4931562496.0,-0.17320802807807922
4932499968.0,-0.17276550829410553
4933437440.0,-0.1727883666753769
4934374912.0,-0.17146706581115723
4935312384.0,-0.17037510871887207
4936249856.0,-0.1679690033197403
4937187328.0,-0.16513559222221375
4938124800.0,-0.16207927465438843
4939062272.0,-0.15732991695404053
4940000256.0,-0.15341974794864655
4940937728.0,-0.1471669226884842
4941875200.0,-0.14091305434703827
4942812672.0,-0.1344907283782959
4943750144.0,-0.12695430219173431
4944687616.0,-0.11829492449760437
4945625088.0,-0.10990563035011292
4946562560.0,-0.10045464336872101
4947500032.0,-0.09120896458625793
4948437504.0,-0.08149770647287369
4949374976.0,-0.06947514414787292
4950312448.0,-0.05969900265336037
4951249920.0,-0.04881185665726662
4952187392.0,-0.03787798807024956
4953124864.0,-0.02826984040439129
4954062336.0,-0.017003735527396202
4954999808.0,-0.0072030373848974705
4955937280.0,0.0025282870046794415
4956874752.0,0.012112312950193882
4957812736.0,0.021494675427675247
4958750208.0,0.029160313308238983
4959687680.0,0.03717052936553955
4960625152.0,0.04329430311918259
4961562624.0,0.04866719990968704
4962500096.0,0.05329286679625511
4963437568.0,0.05730311572551727
4964375040.0,0.05973038822412491
4965312512.0,0.06076594814658165
4966249984.0,0.061203598976135254
4967187456.0,0.06106981635093689
4968124928.0,0.05829247087240219
4969062400.0,0.05512554943561554
4969999872.0,0.051113687455654144
4970937344.0,0.045841578394174576
4971874816.0,0.040181081742048264
4972812288.0,0.03289929777383804
4973749760.0,0.02391902729868889
4974687744.0,0.01687225140631199
4975625216.0,0.0072306799702346325
4976562688.0,-0.0016730966744944453
4977500160.0,-0.010697402991354465
4978437632.0,-0.021070685237646103
4979375104.0,-0.03146307170391083
4980312576.0,-0.04139523208141327
4981250048.0,-0.052031297236680984
4982187520.0,-0.059584300965070724
4983124992.0,-0.0689273551106453
4984062464.0,-0.07746211439371109
4984999936.0,-0.08453018218278885
4985937408.0,-0.12823182344436646
4986874880.0,-0.13885681331157684
4987812352.0,-0.14754809439182281
4988749824.0,-0.15572020411491394
4989687296.0,-0.1624491959810257
4990624768.0,-0.16717763245105743
4991562752.0,-0.17209389805793762
4992500224.0,-0.17456166446208954
4993437696.0,-0.17683729529380798
4994375168.0,-0.17691507935523987
4995312640.0,-0.1767982542514801
4996250112.0,-0.17467613518238068
4997187584.0,-0.17150016129016876
4998125056.0,-0.16780805587768555
4999062528.0,-0.16326972842216492
5000000000.0,-0.15563911199569702
5000937472.0,-0.149648055434227
5001874944.0,-0.14132197201251984
5002812416.0,-0.13244810700416565
5003749888.0,-0.12259554862976074
5004687360.0,-0.11265833675861359
5005624832.0,-0.10170500725507736
5006562304.0,-0.09151940047740936
5007499776.0,-0.07999356091022491
5008437248.0,-0.06908537447452545
5009375232.0,-0.057725563645362854
5010312704.0,-0.04592633247375488
5011250176.0,-0.035602837800979614
5012187648.0,-0.023779721930623055
5013125120.0,-0.013186134397983551
5014062592.0,-0.0027553902473300695
5015000064.0,0.006747224368155003
5015937536.0,0.01563096046447754
5016875008.0,0.02480429783463478
5017812480.0,0.0327594168484211
5018749952.0,0.0396558977663517
5019687424.0,0.045264337211847305
5020624896.0,0.05101644992828369
5021562368.0,0.05434386804699898
5022499840.0,0.0575106218457222
5023437312.0,0.05970388650894165
5024374784.0,0.06062585115432739
5025312256.0,0.059826117008924484
5026250240.0,0.058927152305841446
5027187712.0,0.0580950528383255
5028125184.0,0.0557517372071743
5029062656.0,0.05293520539999008
5030000128.0,0.048221077769994736
5030937600.0,0.044539351016283035
5031875072.0,0.03933848440647125
5032812544.0,0.03355392813682556
5033750016.0,0.02761133573949337
5034687488.0,0.020912082865834236
5035624960.0,0.014331956394016743
5036562432.0,0.005972244311124086
5037499904.0,-0.0013525892281904817
5038437376.0,-0.009681587107479572
5039374848.0,-0.01579485461115837
5040312320.0,-0.024905601516366005
5041249792.0,-0.032446932047605515
5042187264.0,-0.04065025597810745
5043125248.0,-0.04782281816005707
5044062720.0,-0.056777603924274445
5045000192.0,-0.0640573725104332
5045937664.0,-0.08160116523504257
5046875136.0,-0.08974528312683105
5047812608.0,-0.0982632264494896
5048750080.0,-0.1053367331624031
5049687552.0,-0.11169181019067764
5050625024.0,-0.11848227679729462
5051562496.0,-0.12457804381847382
5052499968.0,-0.12939977645874023
5053437440.0,-0.13314193487167358
5054374912.0,-0.1375158429145813
5055312384.0,-0.1408858299255371
5056249856.0,-0.14473246037960052
5057187328.0,-0.14756442606449127
5058124800.0,-0.14903974533081055
5059062272.0,-0.15071165561676025
5059999744.0,-0.15018410980701447
5060937728.0,-0.1504306048154831
5061875200.0,-0.14958104491233826
5062812672.0,-0.14765441417694092
5063750144.0,-0.14527878165245056
5064687616.0,-0.14171281456947327
5065625088.0,-0.1395503580570221
5066562560.0,-0.13459362089633942
5067500032.0,-0.12954425811767578
5068437504.0,-0.12372937053442001
5069374976.0,-0.11886174231767654
5070312448.0,-0.11191908270120621
5071249920.0,-0.10482972115278244
5072187392.0,-0.0989513173699379
5073124864.0,-0.09226714819669724
5074062336.0,-0.0846947580575943
5074999808.0,-0.0783475786447525
5075937280.0,-0.07142768055200577
5076874752.0,-0.06480185687541962
5077812736.0,-0.05796264857053757
5078750208.0,-0.051534466445446014
5079687680.0,-0.04559210315346718
5080625152.0,-0.04081255942583084
5081562624.0,-0.03556057810783386
5082500096.0,-0.03045099973678589
5083437568.0,-0.027382034808397293
5084375040.0,-0.02328907698392868
5085312512.0,-0.02060704305768013
5086249984.0,-0.0177332554012537
5087187456.0,-0.01576622948050499
5088124928.0,-0.013924550265073776
5089062400.0,-0.012840170413255692
5089999872.0,-0.012241740711033344
5090937344.0,-0.011408783495426178
5091874816.0,-0.011316376738250256
5092812288.0,-0.011012976057827473
5093749760.0,-0.012618357315659523
5094687744.0,-0.014016643166542053
5095625216.0,-0.015483603812754154
5096562688.0,-0.01802605390548706
5097500160.0,-0.020480571314692497
5098437632.0,-0.02319449372589588
5099375104.0,-0.02712998166680336
5100312576.0,-0.029769914224743843
5101250048.0,-0.03407371789216995
5102187520.0,-0.03687845915555954
5103124992.0,-0.04186365753412247
5104062464.0,-0.04584946110844612
5104999936.0,-0.049699120223522186
5105937408.0,-0.12398862093687057
5106874880.0,-0.12880900502204895
5107812352.0,-0.13286080956459045
5108749824.0,-0.1361556053161621
5109687296.0,-0.1402883380651474
5110624768.0,-0.14165975153446198
5111562752.0,-0.14231766760349274
5112500224.0,-0.14367243647575378
5113437696.0,-0.1433662623167038
5114375168.0,-0.14324070513248444
5115312640.0,-0.1415344625711441
5116250112.0,-0.13897766172885895
5117187584.0,-0.13610994815826416
5118125056.0,-0.1336437165737152
5119062528.0,-0.1289171278476715
5120000000.0,-0.12446627020835876
5120937472.0,-0.11889173090457916
5121874944.0,-0.11456859856843948
5122812416.0,-0.1090298742055893
5123749888.0,-0.10403160005807877
5124687360.0,-0.09864743053913116
5125624832.0,-0.09276708960533142
5126562304.0,-0.08818110823631287
5127499776.0,-0.08209268748760223
5128437248.0,-0.07689471542835236
5129375232.0,-0.07129775732755661
5130312704.0,-0.06635180115699768
5131250176.0,-0.060295507311820984
5132187648.0,-0.055818259716033936
5133125120.0,-0.050802458077669144
5134062592.0,-0.0465385764837265
5135000064.0,-0.04273080825805664
5135937536.0,-0.040194883942604065
5136875008.0,-0.036854956299066544
5137812480.0,-0.035046547651290894
5138749952.0,-0.032957371324300766
5139687424.0,-0.032876156270504
5140624896.0,-0.030855897814035416
5141562368.0,-0.03193723037838936
5142499840.0,-0.031837984919548035
5143437312.0,-0.03204915300011635
5144374784.0,-0.033544428646564484
5145312256.0,-0.03604244813323021
5146250240.0,-0.0381656177341938
5147187712.0,-0.04228401929140091
5148125184.0,-0.04537541791796684
5149062656.0,-0.0501101091504097
5150000128.0,-0.05547843873500824
5150937600.0,-0.06081308051943779
5151875072.0,-0.06688469648361206
5152812544.0,-0.07216826826334
5153750016.0,-0.07954971492290497
5154687488.0,-0.08702167868614197
5155624960.0,-0.0922270342707634
5156562432.0,-0.1005752682685852
5157499904.0,-0.10914349555969238
5158437376.0,-0.11660120636224747
5159374848.0,-0.12473288923501968
5160312320.0,-0.1326623260974884
5161249792.0,-0.1418074667453766
5162187264.0,-0.151236429810524
5163125248.0,-0.16029998660087585
5164062720.0,-0.169093519449234
5165000192.0,-0.1797340214252472
5165937664.0,-0.18007050454616547
5166875136.0,-0.19086353480815887
5167812608.0,-0.2029220163822174
5168750080.0,-0.21262302994728088
5169687552.0,-0.22083692252635956
5170625024.0,-0.22833546996116638
5171562496.0,-0.23377647995948792
5172499968.0,-0.23824061453342438
5173437440.0,-0.24186278879642487
5174374912.0,-0.24381974339485168
5175312384.0,-0.2445618212223053
5176249856.0,-0.2432089000940323
5177187328.0,-0.24122093617916107
5178124800.0,-0.23833996057510376
5179062272.0,-0.23326808214187622
5180000256.0,-0.2275172919034958
5180937728.0,-0.22010645270347595
5181875200.0,-0.21212302148342133
5182812672.0,-0.20241957902908325
5183750144.0,-0.19444309175014496
5184687616.0,-0.18261151015758514
5185625088.0,-0.17203505337238312
5186562560.0,-0.15999539196491241
5187500032.0,-0.14755666255950928
5188437504.0,-0.13475029170513153
5189374976.0,-0.1213826909661293
5190312448.0,-0.10878971219062805
5191249920.0,-0.09608578681945801
5192187392.0,-0.08291233330965042
5193124864.0,-0.07116062194108963
5194062336.0,-0.05730035528540611
5194999808.0,-0.045143261551856995
5195937280.0,-0.03370017558336258
5196874752.0,-0.022253837436437607
5197812736.0,-0.01189064234495163
5198750208.0,-0.0022219414822757244
5199687680.0,0.006556645501405001
5200625152.0,0.014468485489487648
5201562624.0,0.022552523761987686
5202500096.0,0.028071638196706772
5203437568.0,0.03238504379987717
5204375040.0,0.036231979727745056
5205312512.0,0.03874155506491661
5206249984.0,0.03916853666305542
5207187456.0,0.0388416051864624
5208124928.0,0.037274524569511414
5209062400.0,0.034611575305461884
5209999872.0,0.030552208423614502
5210937344.0,0.026262199506163597
5211874816.0,0.01790291629731655
5212812288.0,0.011592166498303413
5213749760.0,0.0018348644953221083
5214687744.0,-0.009588561952114105
5215625216.0,-0.02062574028968811
5216562688.0,-0.034538209438323975
5217500160.0,-0.048012617975473404
5218437632.0,-0.062254395335912704
5219375104.0,-0.07924418896436691
5220312576.0,-0.09511206299066544
5221250048.0,-0.11245659738779068
5222187520.0,-0.12839484214782715
5223124992.0,-0.1450968235731125
5224062464.0,-0.16109199821949005
5224999936.0,-0.17808112502098083
5225937408.0,-0.18770451843738556
5226874880.0,-0.20231597125530243
5227812352.0,-0.21618357300758362
5228749824.0,-0.22795547544956207
5229687296.0,-0.24024522304534912
5230624768.0,-0.24982857704162598
5231562752.0,-0.25866377353668213
5232500224.0,-0.26579710841178894
5233437696.0,-0.27112826704978943
5234375168.0,-0.2751486301422119
5235312640.0,-0.2773301899433136
5236250112.0,-0.2761702835559845
5237187584.0,-0.27378392219543457
5238125056.0,-0.2699204683303833
5239062528.0,-0.26370295882225037
5240000000.0,-0.2564648687839508
5240937472.0,-0.24757839739322662
5241874944.0,-0.23651525378227234
5242812416.0,-0.22538283467292786
5243749888.0,-0.21093398332595825
5244687360.0,-0.19739645719528198
5245624832.0,-0.18248827755451202
5246562304.0,-0.16633915901184082
5247499776.0,-0.15030208230018616
5248437248.0,-0.13286839425563812
5249375232.0,-0.11555925756692886
5250312704.0,-0.09836653620004654
5251250176.0,-0.08137695491313934
5252187648.0,-0.06431834399700165
5253125120.0,-0.046637021005153656
5254062592.0,-0.03064223751425743
5255000064.0,-0.01560956984758377
5255937536.0,-0.0013489623088389635
5256875008.0,0.011423846706748009
5257812480.0,0.022821707651019096
5258749952.0,0.03348216786980629
5259687424.0,0.04289868474006653
5260624896.0,0.05026131868362427
5261562368.0,0.05657554790377617
5262499840.0,0.061776019632816315
5263437312.0,0.06574207544326782
5264374784.0,0.06767810136079788
5265312256.0,0.06786834448575974
5266250240.0,0.06639761477708817
5267187712.0,0.06440673023462296
5268125184.0,0.05990908294916153
5269062656.0,0.05522087961435318
5270000128.0,0.047966644167900085
5270937600.0,0.041368503123521805
5271875072.0,0.03244362026453018
5272812544.0,0.023181824013590813
5273750016.0,0.012225675396621227
5274687488.0,0.0016979195643216372
5275624960.0,-0.010343139991164207
5276562432.0,-0.023159891366958618
5277499904.0,-0.0366058424115181
5278437376.0,-0.051352549344301224
5279374848.0,-0.06617725640535355
5280312320.0,-0.08154606074094772
5281249792.0,-0.09569131582975388
5282187264.0,-0.11127206683158875
5283125248.0,-0.12712588906288147
5284062720.0,-0.14246894419193268
5285000192.0,-0.15764637291431427
5285937664.0,-0.18427520990371704
5286875136.0,-0.19792042672634125
5287812608.0,-0.21193237602710724
5288750080.0,-0.22655144333839417
5289687552.0,-0.2393704652786255
5290625024.0,-0.2529265284538269
5291562496.0,-0.2652990221977234
5292499968.0,-0.2778913080692291
5293437440.0,-0.29178640246391296
5294374912.0,-0.30329808592796326
5295312384.0,-0.3144010901451111
5296249856.0,-0.32321897149086
5297187328.0,-0.3315434157848358
5298124800.0,-0.3376231789588928
5299062272.0,-0.34283778071403503
5299999744.0,-0.34586936235427856
5300937728.0,-0.3482423722743988
5301875200.0,-0.34996289014816284
5302812672.0,-0.3500921428203583
5303750144.0,-0.3488520085811615
5304687616.0,-0.3454735279083252
5305625088.0,-0.3408321142196655
5306562560.0,-0.3344764709472656
5307500032.0,-0.32761719822883606
5308437504.0,-0.3192528486251831
5309374976.0,-0.30899402499198914
5310312448.0,-0.29756203293800354
5311249920.0,-0.2844749391078949
5312187392.0,-0.2713850140571594
5313124864.0,-0.2574719190597534
5314062336.0,-0.2424105703830719
5314999808.0,-0.22607110440731049
5315937280.0,-0.2094803750514984
5316874752.0,-0.19272658228874207
5317812736.0,-0.17483162879943848
5318750208.0,-0.1572135090827942
5319687680.0,-0.13905547559261322
5320625152.0,-0.12077239155769348
5321562624.0,-0.10305921733379364
5322500096.0,-0.08635982871055603
5323437568.0,-0.06836894154548645
5324375040.0,-0.051112622022628784
5325312512.0,-0.03499188646674156
5326249984.0,-0.01992730237543583
5327187456.0,-0.00604010047391057
5328124928.0,0.007584145292639732
5329062400.0,0.01985340565443039
5329999872.0,0.030046887695789337
5330937344.0,0.039887651801109314
5331874816.0,0.05021361634135246
5332812288.0,0.054635874927043915
5333749760.0,0.05742849409580231
5334687744.0,0.059248194098472595
5335625216.0,0.05825401470065117
5336562688.0,0.05574244633316994
5337500160.0,0.05197758600115776
5338437632.0,0.04557093232870102
5339375104.0,0.03645692020654678
5340312576.0,0.025510843843221664
5341250048.0,0.012493825517594814
5342187520.0,-0.00293982052244246
5343124992.0,-0.02036496065557003
5344062464.0,-0.039178699254989624
5344999936.0,-0.06054714322090149
5345937408.0,-0.3414665162563324
5346874880.0,-0.3550663888454437
5347812352.0,-0.36942246556282043
5348749824.0,-0.3824326992034912
5349687296.0,-0.39500054717063904
5350624768.0,-0.40612688660621643
5351562752.0,-0.4171769618988037
5352500224.0,-0.42579948902130127
5353437696.0,-0.43498075008392334
5354375168.0,-0.4413376450538635
5355312640.0,-0.44744932651519775
5356250112.0,-0.45090290904045105
5357187584.0,-0.4542939364910126
5358125056.0,-0.4541008472442627
5359062528.0,-0.4525039494037628
5360000000.0,-0.4497986435890198
5360937472.0,-0.4444521963596344
5361874944.0,-0.43703693151474
5362812416.0,-0.4296455383300781
5363749888.0,-0.41914284229278564
5364687360.0,-0.40800225734710693
5365624832.0,-0.3956371545791626
5366562304.0,-0.3813498616218567
5367499776.0,-0.3663807213306427
5368437248.0,-0.34997859597206116
5369375232.0,-0.3331950902938843
5370312704.0,-0.31639474630355835
5371250176.0,-0.2983076870441437
5372187648.0,-0.2808482050895691
5373125120.0,-0.26180440187454224
5374062592.0,-0.24335624277591705
5375000064.0,-0.22526724636554718
5375937536.0,-0.20749324560165405
5376875008.0,-0.18852023780345917
5377812480.0,-0.17067214846611023
5378749952.0,-0.1544412225484848
5379687424.0,-0.1373431384563446
5380624896.0,-0.12254799902439117
5381562368.0,-0.10777217894792557
5382499840.0,-0.0942218154668808
5383437312.0,-0.08049626648426056
5384374784.0,-0.06848400086164474
5385312256.0,-0.057012297213077545
5386250240.0,-0.04846816882491112
5387187712.0,-0.04123079404234886
5388125184.0,-0.03639673814177513
5389062656.0,-0.0349789559841156
5390000128.0,-0.03457515314221382
5390937600.0,-0.03665013611316681
5391875072.0,-0.041666001081466675
5392812544.0,-0.04888134449720383
5393750016.0,-0.057767923921346664
5394687488.0,-0.06826099753379822
5395624960.0,-0.08268240094184875
5396562432.0,-0.09778275340795517
5397499904.0,-0.11605095118284225
5398437376.0,-0.13447251915931702
5399374848.0,-0.15537138283252716
5400312320.0,-0.1770026683807373
5401249792.0,-0.19930367171764374
5402187264.0,-0.220717653632164
5403125248.0,-0.24372828006744385
5404062720.0,-0.2653600871562958
5405000192.0,-0.2864450514316559
5405937664.0,-0.32833853363990784
5406875136.0,-0.3439829349517822
5407812608.0,-0.35816213488578796
5408750080.0,-0.36972513794898987
5409687552.0,-0.3796207010746002
5410625024.0,-0.387217253446579
5411562496.0,-0.39370304346084595
5412499968.0,-0.39767467975616455
5413437440.0,-0.39899900555610657
5414374912.0,-0.39767876267433167
5415312384.0,-0.39374417066574097
5416249856.0,-0.3864206075668335
5417187328.0,-0.37841060757637024
5418124800.0,-0.3676876723766327
5419062272.0,-0.3549228608608246
5420000256.0,-0.33993321657180786
5420937728.0,-0.3233377933502197
5421875200.0,-0.3055034279823303
5422812672.0,-0.2868095338344574
5423750144.0,-0.266708105802536
5424687616.0,-0.245571106672287
5425625088.0,-0.22420744597911835
5426562560.0,-0.20198911428451538
5427500032.0,-0.17971114814281464
5428437504.0,-0.15767301619052887
5429374976.0,-0.1347704976797104
5430312448.0,-0.11422543227672577
5431249920.0,-0.09538286179304123
5432187392.0,-0.07636027783155441
5433124864.0,-0.059758640825748444
5434062336.0,-0.04405602812767029
5434999808.0,-0.030694078654050827
5435937280.0,-0.01931348256766796
5436874752.0,-0.010350418277084827
5437812736.0,-0.0022473521530628204
5438750208.0,0.0023337113671004772
5439687680.0,0.004553471226245165
5440625152.0,0.00483033899217844
5441562624.0,0.0023428136482834816
5442500096.0,-0.0028580010402947664
5443437568.0,-0.009308820590376854
5444375040.0,-0.019408883526921272
5445312512.0,-0.031081145629286766
5446249984.0,-0.04664164409041405
5447187456.0,-0.06426378339529037
5448124928.0,-0.08291198313236237
5449062400.0,-0.1052868664264679
5449999872.0,-0.12850847840309143
5450937344.0,-0.1535789519548416
5451874816.0,-0.17940399050712585
5452812288.0,-0.20657630264759064
5453749760.0,-0.23384027183055878
5454687744.0,-0.26181715726852417
5455625216.0,-0.29132843017578125
5456562688.0,-0.31961050629615784
5457500160.0,-0.3494483530521393
5458437632.0,-0.3765651285648346
5459375104.0,-0.40324389934539795
5460312576.0,-0.4275124967098236
5461250048.0,-0.44995957612991333
5462187520.0,-0.47076934576034546
5463124992.0,-0.4894122779369354
5464062464.0,-0.5068187117576599
5464999936.0,-0.5221498012542725
5465937408.0,-0.44472211599349976
5466874880.0,-0.45859506726264954
5467812352.0,-0.4709802269935608
5468749824.0,-0.4825550615787506
5469687296.0,-0.49057433009147644
5470624768.0,-0.4979678690433502
5471562752.0,-0.5009693503379822
5472500224.0,-0.502429187297821
5473437696.0,-0.5004587173461914
5474375168.0,-0.4955415725708008
5475312640.0,-0.4887651205062866
5476250112.0,-0.4785482883453369
5477187584.0,-0.4676731824874878
5478125056.0,-0.453727662563324
5479062528.0,-0.43727952241897583
5480000000.0,-0.41998857259750366
5480937472.0,-0.4003957211971283
5481874944.0,-0.3814076781272888
5482812416.0,-0.3605157434940338
5483749888.0,-0.33935338258743286
5484687360.0,-0.3179663121700287
5485624832.0,-0.2969810664653778
5486562304.0,-0.2754489779472351
5487499776.0,-0.2562798261642456
5488437248.0,-0.23718996345996857
5489375232.0,-0.21890316903591156
5490312704.0,-0.20050042867660522
5491250176.0,-0.18499693274497986
5492187648.0,-0.17093923687934875
5493125120.0,-0.15947432816028595
5494062592.0,-0.14945760369300842
5495000064.0,-0.14298494160175323
5495937536.0,-0.13828100264072418
5496875008.0,-0.13679352402687073
5497812480.0,-0.13785433769226074
5498749952.0,-0.14067059755325317
5499687424.0,-0.14620673656463623
5500624896.0,-0.15421083569526672
5501562368.0,-0.16438812017440796
5502499840.0,-0.1764143705368042
5503437312.0,-0.19233395159244537
5504374784.0,-0.20974797010421753
5505312256.0,-0.22937250137329102
5506250240.0,-0.2505280673503876
5507187712.0,-0.2750976085662842
5508125184.0,-0.30039873719215393
5509062656.0,-0.32740697264671326
5510000128.0,-0.3563843071460724
5510937600.0,-0.3880506455898285
5511875072.0,-0.4213929772377014
5512812544.0,-0.45305564999580383
5513750016.0,-0.4858907461166382
5514687488.0,-0.518760621547699
5515624960.0,-0.5520175099372864
5516562432.0,-0.5851329565048218
5517499904.0,-0.6170527935028076
5518437376.0,-0.6479907035827637
5519374848.0,-0.6796896457672119
5520312320.0,-0.7085773944854736
5521249792.0,-0.7372964024543762
5522187264.0,-0.7659357190132141
5523125248.0,-0.7921977043151855
5524062720.0,-0.8181644678115845
5525000192.0,-0.845751166343689
5525937664.0,-0.7114585041999817
5526875136.0,-0.7228975296020508
5527812608.0,-0.735031008720398
5528750080.0,-0.7485026121139526
5529687552.0,-0.7639039754867554
5530625024.0,-0.7814438343048096
5531562496.0,-0.798864483833313
5532499968.0,-0.8182565569877625
5533437440.0,-0.8374463319778442
5534374912.0,-0.8597990870475769
5535312384.0,-0.8828554749488831
5536249856.0,-0.9059464335441589
5537187328.0,-0.9296377301216125
5538124800.0,-0.9520764350891113
5539062272.0,-0.975236713886261
5539999744.0,-0.9959690570831299
5540937728.0,-1.0139895677566528
5541875200.0,-1.0295857191085815
5542812672.0,-1.0421348810195923
5543750144.0,-1.052505373954773
5544687616.0,-1.058153510093689
5545625088.0,-1.059654951095581
5546562560.0,-1.0550042390823364
5547500032.0,-1.047215461730957
5548437504.0,-1.0356879234313965
5549374976.0,-1.0197993516921997
5550312448.0,-1.0006510019302368
5551249920.0,-0.9787151217460632
5552187392.0,-0.9535282254219055
5553124864.0,-0.9259673357009888
5554062336.0,-0.8963332772254944
5554999808.0,-0.8655410408973694
5555937280.0,-0.8353258371353149
5556874752.0,-0.804237425327301
5557812736.0,-0.774885356426239
5558750208.0,-0.7455776929855347
5559687680.0,-0.718441903591156
5560625152.0,-0.6916901469230652
5561562624.0,-0.6649279594421387
5562500096.0,-0.6416826844215393
5563437568.0,-0.6196118593215942
5564375040.0,-0.601326584815979
5565312512.0,-0.5850799083709717
5566249984.0,-0.5709893107414246
5567187456.0,-0.5574783682823181
5568124928.0,-0.5451536178588867
5569062400.0,-0.5327492952346802
5569999872.0,-0.5209048986434937
5570937344.0,-0.5092873573303223
5571874816.0,-0.49816271662712097
5572812288.0,-0.48739057779312134
5573749760.0,-0.4774034023284912
5574687744.0,-0.46790948510169983
5575625216.0,-0.45925119519233704
5576562688.0,-0.45313119888305664
5577500160.0,-0.4477783143520355
5578437632.0,-0.44364094734191895
5579375104.0,-0.44088244438171387
5580312576.0,-0.4398636817932129
5581250048.0,-0.4394812285900116
5582187520.0,-0.43994462490081787
5583124992.0,-0.44074973464012146
5584062464.0,-0.4413408637046814
5584999936.0,-0.4436672031879425
5585937408.0,-0.4185050129890442
5586874880.0,-0.4086264669895172
5587812352.0,-0.39658212661743164
5588749824.0,-0.3840048015117645
5589687296.0,-0.3694688081741333
5590624768.0,-0.35420751571655273
5591562752.0,-0.3372136652469635
5592500224.0,-0.3198241591453552
5593437696.0,-0.3014413118362427
5594375168.0,-0.2825179398059845
5595312640.0,-0.2634972035884857
5596250112.0,-0.24238815903663635
5597187584.0,-0.22198134660720825
5598125056.0,-0.20215502381324768
5599062528.0,-0.18283820152282715
5600000000.0,-0.16472755372524261
5600937472.0,-0.14595836400985718
5601874944.0,-0.12871012091636658
5602812416.0,-0.11213918775320053
5603749888.0,-0.09749589115381241
5604687360.0,-0.08476898074150085
5605624832.0,-0.072499118745327
5606562304.0,-0.06262306869029999
5607499776.0,-0.053932785987854004
5608437248.0,-0.0472375750541687
5609375232.0,-0.04173629358410835
5610312704.0,-0.03854561597108841
5611250176.0,-0.03738358989357948
5612187648.0,-0.036618638783693314
5613125120.0,-0.03844313323497772
5614062592.0,-0.04203149303793907
5615000064.0,-0.046907372772693634
5615937536.0,-0.05324067547917366
5616875008.0,-0.061740122735500336
5617812480.0,-0.07088039070367813
5618749952.0,-0.08188245445489883
5619687424.0,-0.09293559938669205
5620624896.0,-0.1053665280342102
5621562368.0,-0.11880103498697281
5622499840.0,-0.1314873844385147
5623437312.0,-0.14558932185173035
5624374784.0,-0.15888990461826324
5625312256.0,-0.17265678942203522
5626250240.0,-0.1863761991262436
5627187712.0,-0.19851773977279663
5628125184.0,-0.21123383939266205
5629062656.0,-0.2225460708141327
5630000128.0,-0.23299159109592438
5630937600.0,-0.24219295382499695
5631875072.0,-0.25040286779403687
5632812544.0,-0.25718551874160767
5633750016.0,-0.262677937746048
5634687488.0,-0.2661879062652588
5635624960.0,-0.26723358035087585
5636562432.0,-0.26770472526550293
5637499904.0,-0.2671494781970978
5638437376.0,-0.26386457681655884
5639374848.0,-0.25908735394477844
5640312320.0,-0.25314584374427795
5641249792.0,-0.24455560743808746
5642187264.0,-0.23549208045005798
5643125248.0,-0.22547191381454468
5644062720.0,-0.21367165446281433
5645000192.0,-0.20194141566753387
5645937664.0,-0.17099258303642273
5646875136.0,-0.17518745362758636
5647812608.0,-0.17779752612113953
5648750080.0,-0.17907042801380157
5649687552.0,-0.1787664145231247
5650625024.0,-0.17673876881599426
5651562496.0,-0.1726241409778595
5652499968.0,-0.1693160980939865
5653437440.0,-0.164396733045578
5654374912.0,-0.15771642327308655
5655312384.0,-0.1518801897764206
5656249856.0,-0.14366212487220764
5657187328.0,-0.13666515052318573
5658124800.0,-0.1284322291612625
5659062272.0,-0.12069442868232727
5660000256.0,-0.11444251984357834
5660937728.0,-0.10703974962234497
5661875200.0,-0.10043048113584518
5662812672.0,-0.09492361545562744
5663750144.0,-0.08958952873945236
5664687616.0,-0.08562116324901581
5665625088.0,-0.08234387636184692
5666562560.0,-0.08017545938491821
5667500032.0,-0.07928317785263062
5668437504.0,-0.07969456911087036
5669374976.0,-0.08021775633096695
5670312448.0,-0.0829455554485321
5671249920.0,-0.08695267885923386
5672187392.0,-0.0909683108329773
5673124864.0,-0.09555861353874207
5674062336.0,-0.10161846876144409
5674999808.0,-0.10728882253170013
5675937280.0,-0.11491896957159042
5676874752.0,-0.12337937206029892
5677812736.0,-0.13065750896930695
5678750208.0,-0.13875167071819305
5679687680.0,-0.14761190116405487
5680625152.0,-0.1569029539823532
5681562624.0,-0.16403748095035553
5682500096.0,-0.17226779460906982
5683437568.0,-0.18103539943695068
5684375040.0,-0.1878705620765686
5685312512.0,-0.19474110007286072
5686249984.0,-0.2007114738225937
5687187456.0,-0.20659872889518738
5688124928.0,-0.21182522177696228
5689062400.0,-0.21651145815849304
5689999872.0,-0.21907903254032135
5690937344.0,-0.2236148864030838
5691874816.0,-0.22539721429347992
5692812288.0,-0.23006176948547363
5693749760.0,-0.23231840133666992
5694687744.0,-0.23546047508716583
5695625216.0,-0.23868383467197418
5696562688.0,-0.2416892647743225
5697500160.0,-0.2467401921749115
5698437632.0,-0.251482218503952
5699375104.0,-0.25693416595458984
5700312576.0,-0.26303526759147644
5701250048.0,-0.2709617614746094
5702187520.0,-0.2792596220970154
5703124992.0,-0.2881624698638916
5704062464.0,-0.30001094937324524
5704999936.0,-0.31154295802116394
5705937408.0,-0.20360971987247467
5706874880.0,-0.22448568046092987
5707812352.0,-0.24592776596546173
5708749824.0,-0.26752597093582153
5709687296.0,-0.2883342206478119
5710624768.0,-0.30758917331695557
5711562752.0,-0.32539287209510803
5712500224.0,-0.34162384271621704
5713437696.0,-0.3545383810997009
5714375168.0,-0.3652920126914978
5715312640.0,-0.37110409140586853
5716250112.0,-0.3728308081626892
5717187584.0,-0.37244996428489685
5718125056.0,-0.36604946851730347
5719062528.0,-0.3559775948524475
5720000000.0,-0.3401978611946106
5720937472.0,-0.3217291235923767
5721874944.0,-0.2983490228652954
5722812416.0,-0.27112966775894165
5723749888.0,-0.23996764421463013
5724687360.0,-0.206010639667511
5725624832.0,-0.16869290173053741
5726562304.0,-0.12967653572559357
5727499776.0,-0.08970525115728378
5728437248.0,-0.04755362868309021
5729375232.0,-0.007639758754521608
5730312704.0,0.03117329068481922
5731250176.0,0.0688081681728363
5732187648.0,0.102942556142807
5733125120.0,0.135316401720047
5734062592.0,0.16351434588432312
5735000064.0,0.18677891790866852
5735937536.0,0.20595745742321014
5736875008.0,0.22110413014888763
5737812480.0,0.2311091125011444
5738749952.0,0.2372354120016098
5739687424.0,0.23769322037696838
5740624896.0,0.2356436401605606
5741562368.0,0.2308933585882187
5742499840.0,0.2218395322561264
5743437312.0,0.21093162894248962
5744374784.0,0.19811579585075378
5745312256.0,0.1851714849472046
5746250240.0,0.17104610800743103
5747187712.0,0.15563711524009705
5748125184.0,0.14179445803165436
5749062656.0,0.1270701289176941
5750000128.0,0.11303775012493134
5750937600.0,0.10137348622083664
5751875072.0,0.08882927894592285
5752812544.0,0.07777293026447296
5753750016.0,0.06772884726524353
5754687488.0,0.057089388370513916
5755624960.0,0.04407466948032379
5756562432.0,0.02399435266852379
5757499904.0,0.0014522495912387967
5758437376.0,-0.024311231449246407
5759374848.0,-0.052024900913238525
5760312320.0,-0.08102867007255554
5761249792.0,-0.11204228550195694
5762187264.0,-0.14187456667423248
5763125248.0,-0.17348356544971466
5764062720.0,-0.2035798281431198
5765000192.0,-0.23347221314907074
5765937664.0,-0.1684795767068863
5766875136.0,-0.17653264105319977
5767812608.0,-0.18389923870563507
5768750080.0,-0.19328412413597107
5769687552.0,-0.2013186812400818
5770625024.0,-0.21157842874526978
5771562496.0,-0.2214387059211731
5772499968.0,-0.23179899156093597
5773437440.0,-0.24136550724506378
5774374912.0,-0.2514924108982086
5775312384.0,-0.26242712140083313
5776249856.0,-0.27308934926986694
5777187328.0,-0.28536465764045715
5778124800.0,-0.2951688766479492
5779062272.0,-0.3063217103481293
5779999744.0,-0.3168933689594269
5780937728.0,-0.32838594913482666
5781875200.0,-0.3390493094921112
5782812672.0,-0.35011863708496094
5783750144.0,-0.3606005012989044
5784687616.0,-0.3704160451889038
5785625088.0,-0.3791903555393219
5786562560.0,-0.38838139176368713
5787500032.0,-0.3967342972755432
5788437504.0,-0.4040355980396271
5789374976.0,-0.4105052947998047
5790312448.0,-0.4137634038925171
5791249920.0,-0.4171016216278076
5792187392.0,-0.42064958810806274
5793124864.0,-0.4207918345928192
5794062336.0,-0.42125216126441956
5794999808.0,-0.4203023910522461
5795937280.0,-0.4171845316886902
5796874752.0,-0.41149798035621643
5797812736.0,-0.4068964421749115
5798750208.0,-0.3994002342224121
5799687680.0,-0.3905419707298279
5800625152.0,-0.3797714114189148
5801562624.0,-0.3671718239784241
5802500096.0,-0.35255178809165955
5803437568.0,-0.33751142024993896
5804375040.0,-0.31985387206077576
5805312512.0,-0.3018439710140228
5806249984.0,-0.28302645683288574
5807187456.0,-0.2639337182044983
5808124928.0,-0.24310417473316193
5809062400.0,-0.22388847172260284
5809999872.0,-0.20361201465129852
5810937344.0,-0.1848091185092926
5811874816.0,-0.1660083383321762
5812812288.0,-0.14493468403816223
5813749760.0,-0.12580148875713348
5814687744.0,-0.1098913624882698
5815625216.0,-0.094319187104702
5816562688.0,-0.08080581575632095
5817500160.0,-0.06737668067216873
5818437632.0,-0.057111822068691254
5819375104.0,-0.046965569257736206
5820312576.0,-0.039529040455818176
5821250048.0,-0.033339016139507294
5822187520.0,-0.030058924108743668
5823124992.0,-0.02836371585726738
5824062464.0,-0.02861720323562622
5824999936.0,-0.030662916600704193
5825937408.0,-0.22490084171295166
5826874880.0,-0.22667382657527924
5827812352.0,-0.22894161939620972
5828749824.0,-0.23117876052856445
5829687296.0,-0.23236241936683655
5830624768.0,-0.2346063107252121
5831562752.0,-0.23657546937465668
5832500224.0,-0.2371416985988617
5833437696.0,-0.23759756982326508
5834375168.0,-0.23936547338962555
5835312640.0,-0.24093562364578247
5836250112.0,-0.24359796941280365
5837187584.0,-0.2452496886253357
5838125056.0,-0.24773529171943665
5839062528.0,-0.2502713203430176
5840000000.0,-0.2547636032104492
5840937472.0,-0.25983455777168274
5841874944.0,-0.26493456959724426
5842812416.0,-0.2689703702926636
5843749888.0,-0.27494746446609497
5844687360.0,-0.28110069036483765
5845624832.0,-0.28620612621307373
5846562304.0,-0.29140782356262207
5847499776.0,-0.29616785049438477
5848437248.0,-0.3012014329433441
5849375232.0,-0.30572181940078735
5850312704.0,-0.3096036911010742
5851250176.0,-0.3129178285598755
5852187648.0,-0.31547027826309204
5853125120.0,-0.3191695809364319
5854062592.0,-0.32077109813690186
5855000064.0,-0.3229445517063141
5855937536.0,-0.3230160176753998
5856875008.0,-0.32436609268188477
5857812480.0,-0.3229321241378784
5858749952.0,-0.3221990168094635
5859687424.0,-0.32064342498779297
5860624896.0,-0.3186908960342407
5861562368.0,-0.316031813621521
5862499840.0,-0.313116192817688
5863437312.0,-0.31019076704978943
5864374784.0,-0.30655521154403687
5865312256.0,-0.30428725481033325
5866250240.0,-0.30243945121765137
5867187712.0,-0.29940855503082275
5868125184.0,-0.29664966464042664
5869062656.0,-0.2938195765018463
5870000128.0,-0.2912592589855194
5870937600.0,-0.2897171080112457
5871875072.0,-0.289311021566391
5872812544.0,-0.2894424796104431
5873750016.0,-0.2886626124382019
5874687488.0,-0.2915714383125305
5875624960.0,-0.29182249307632446
5876562432.0,-0.2956782281398773
5877499904.0,-0.2977619469165802
5878437376.0,-0.29968518018722534
5879374848.0,-0.3041922152042389
5880312320.0,-0.30813634395599365
5881249792.0,-0.3134946823120117
5882187264.0,-0.31770947575569153
5883125248.0,-0.3217149078845978
5884062720.0,-0.32715848088264465
5885000192.0,-0.3324601650238037
5885937664.0,-0.3471987843513489
5886875136.0,-0.35222479701042175
5887812608.0,-0.3573252558708191
5888750080.0,-0.36206090450286865
5889687552.0,-0.3668068051338196
5890625024.0,-0.37022319436073303
5891562496.0,-0.3734871745109558
5892499968.0,-0.3762762248516083
5893437440.0,-0.37722671031951904
5894374912.0,-0.37829580903053284
5895312384.0,-0.3786863386631012
5896249856.0,-0.378701388835907
5897187328.0,-0.3776926100254059
5898124800.0,-0.37723851203918457
5899062272.0,-0.3770048916339874
5900000256.0,-0.37521639466285706
5900937728.0,-0.37466201186180115
5901875200.0,-0.37349051237106323
5902812672.0,-0.3723110258579254
5903750144.0,-0.3713186979293823
5904687616.0,-0.37016937136650085
5905625088.0,-0.3688475787639618
5906562560.0,-0.36714744567871094
5907500032.0,-0.3663811683654785
5908437504.0,-0.36503103375434875
5909374976.0,-0.3643001616001129
5910312448.0,-0.36426374316215515
5911249920.0,-0.36376330256462097
5912187392.0,-0.36335277557373047
5913124864.0,-0.3636293113231659
5914062336.0,-0.3653227388858795
5914999808.0,-0.3668818175792694
5915937280.0,-0.36884114146232605
5916874752.0,-0.37131109833717346
5917812736.0,-0.37551456689834595
5918750208.0,-0.3812766373157501
5919687680.0,-0.3866080939769745
5920625152.0,-0.39215269684791565
5921562624.0,-0.40001627802848816
5922500096.0,-0.40553608536720276
5923437568.0,-0.4140051305294037
5924375040.0,-0.4232115149497986
5925312512.0,-0.4317971467971802
5926249984.0,-0.44166484475135803
5927187456.0,-0.45133811235427856
5928124928.0,-0.46238869428634644
5929062400.0,-0.47397881746292114
5929999872.0,-0.48545321822166443
5930937344.0,-0.49722251296043396
5931874816.0,-0.5089971423149109
5932812288.0,-0.5196651816368103
5933749760.0,-0.5302767753601074
5934687744.0,-0.5412507057189941
5935625216.0,-0.5511434674263
5936562688.0,-0.5603728890419006
5937500160.0,-0.5699912309646606
5938437632.0,-0.5782148241996765
5939375104.0,-0.5870081782341003
5940312576.0,-0.5923171043395996
5941250048.0,-0.5971252918243408
5942187520.0,-0.6018855571746826
5943124992.0,-0.6038036942481995
5944062464.0,-0.6060252785682678
5944999936.0,-0.6075634360313416
5945937408.0,-0.39085617661476135
5946874880.0,-0.40725794434547424
5947812352.0,-0.4239257276058197
5948749824.0,-0.44040367007255554
5949687296.0,-0.45649513602256775
5950624768.0,-0.4716995656490326
5951562752.0,-0.48615536093711853
5952500224.0,-0.4995458424091339
5953437696.0,-0.5116657614707947
5954375168.0,-0.523720920085907
5955312640.0,-0.5322204232215881
5956250112.0,-0.5410491824150085
5957187584.0,-0.5476793646812439
5958125056.0,-0.5533658266067505
5959062528.0,-0.5569968223571777
5960000000.0,-0.5588279962539673
5960937472.0,-0.5584045052528381
5961874944.0,-0.557189404964447
5962812416.0,-0.55354243516922
5963749888.0,-0.5475905537605286
5964687360.0,-0.541446328163147
5965624832.0,-0.532008707523346
5966562304.0,-0.5232402682304382
5967499776.0,-0.5120387077331543
5968437248.0,-0.5013313293457031
5969375232.0,-0.4883940815925598
5970312704.0,-0.4763178825378418
5971250176.0,-0.4641474485397339
5972187648.0,-0.4525984525680542
5973125120.0,-0.4412996470928192
5974062592.0,-0.43159303069114685
5975000064.0,-0.4226516783237457
5975937536.0,-0.41435831785202026
5976875008.0,-0.4074499011039734
5977812480.0,-0.400584876537323
5978749952.0,-0.394855260848999
5979687424.0,-0.39048928022384644
5980624896.0,-0.38851144909858704
5981562368.0,-0.3871420621871948
5982499840.0,-0.38721609115600586
5983437312.0,-0.3882375657558441
5984374784.0,-0.38983964920043945
5985312256.0,-0.39216428995132446
5986250240.0,-0.39507347345352173
5987187712.0,-0.39873024821281433
5988125184.0,-0.40390726923942566
5989062656.0,-0.4069610834121704
5990000128.0,-0.4118202328681946
5990937600.0,-0.41611018776893616
5991875072.0,-0.42037510871887207
5992812544.0,-0.4239487946033478
5993750016.0,-0.42941612005233765
5994687488.0,-0.43405985832214355
5995624960.0,-0.438076376914978
5996562432.0,-0.441762238740921
5997499904.0,-0.44599708914756775
5998437376.0,-0.45038655400276184
5999374848.0,-0.4533693790435791
6000312320.0,-0.45642438530921936
6001249792.0,-0.46044766902923584
6002187264.0,-0.4640424847602844
6003125248.0,-0.4670039415359497
6004062720.0,-0.4704371690750122
6005000192.0,-0.36759743094444275
6005937664.0,-0.3760356605052948
6006875136.0,-0.38468074798583984
6007812608.0,-0.39577561616897583
6008750080.0,-0.40774139761924744
6009687552.0,-0.4214562177658081
6010625024.0,-0.436177134513855
6011562496.0,-0.45218122005462646
6012499968.0,-0.4680651128292084
6013437440.0,-0.4855852425098419
6014374912.0,-0.5027977228164673
6015312384.0,-0.5219817757606506
6016249856.0,-0.5389790534973145
6017187328.0,-0.5568332076072693
6018124800.0,-0.5746874809265137
6019062272.0,-0.5900288224220276
6019999744.0,-0.6073328852653503
6020937728.0,-0.6235123872756958
6021875200.0,-0.6386206150054932
6022812672.0,-0.653414785861969
6023750144.0,-0.6664708256721497
6024687616.0,-0.6787018775939941
6025625088.0,-0.6879917979240417
6026562560.0,-0.6958615779876709
6027500032.0,-0.702735424041748
6028437504.0,-0.7056307196617126
6029374976.0,-0.7062585353851318
6030312448.0,-0.7047657370567322
6031249920.0,-0.7010915279388428
6032187392.0,-0.6961575746536255
6033124864.0,-0.6895400285720825
6034062336.0,-0.679080605506897
6034999808.0,-0.6689853668212891
6035937280.0,-0.65750652551651
6036874752.0,-0.6433669924736023
6037812736.0,-0.6300628781318665
6038750208.0,-0.6137860417366028
6039687680.0,-0.5972856283187866
6040625152.0,-0.5803276896476746
6041562624.0,-0.5621583461761475
6042500096.0,-0.544792890548706
6043437568.0,-0.5272529125213623
6044375040.0,-0.512041449546814
6045312512.0,-0.4965337812900543
6046249984.0,-0.4798221290111542
6047187456.0,-0.46585196256637573
6048124928.0,-0.45253986120224
6049062400.0,-0.43916618824005127
6049999872.0,-0.4275856018066406
6050937344.0,-0.41588711738586426
6051874816.0,-0.40672439336776733
6052812288.0,-0.3985770344734192
6053749760.0,-0.39170682430267334
6054687744.0,-0.3852372467517853
6055625216.0,-0.3821261525154114
6056562688.0,-0.3784484565258026
6057500160.0,-0.3773215115070343
6058437632.0,-0.37619173526763916
6059375104.0,-0.3761715292930603
6060312576.0,-0.3762930929660797
6061250048.0,-0.37850576639175415
6062187520.0,-0.38173720240592957
6063124992.0,-0.3852092921733856
6064062464.0,-0.38879138231277466
6064999936.0,-0.3865496814250946
6065937408.0,-0.3915173411369324
6066874880.0,-0.3983527719974518
6067812352.0,-0.4032367169857025
6068749824.0,-0.40981873869895935
6069687296.0,-0.4179573357105255
6070624768.0,-0.4259727895259857
6071562752.0,-0.4361356794834137
6072500224.0,-0.4455603063106537
6073437696.0,-0.4547857344150543
6074375168.0,-0.46489420533180237
6075312640.0,-0.47506800293922424
6076250112.0,-0.48593810200691223
6077187584.0,-0.4946141839027405
6078125056.0,-0.505190908908844
6079062528.0,-0.5146529078483582
6080000000.0,-0.5250678062438965
6080937472.0,-0.533983051776886
6081874944.0,-0.5435634851455688
6082812416.0,-0.551352858543396
6083749888.0,-0.5580106377601624
6084687360.0,-0.5642951726913452
6085624832.0,-0.5694020390510559
6086562304.0,-0.5728966593742371
6087499776.0,-0.5747566819190979
6088437248.0,-0.576856791973114
6089375232.0,-0.5771888494491577
6090312704.0,-0.5756654739379883
6091250176.0,-0.5745163559913635
6092187648.0,-0.573144257068634
6093125120.0,-0.5667072534561157
6094062592.0,-0.5613030791282654
6095000064.0,-0.5532940030097961
6095937536.0,-0.5454763174057007
6096875008.0,-0.5365265607833862
6097812480.0,-0.5281267762184143
6098749952.0,-0.5188291072845459
6099687424.0,-0.5102730393409729
6100624896.0,-0.500942051410675
6101562368.0,-0.4914636015892029
6102499840.0,-0.48158854246139526
6103437312.0,-0.47132182121276855
6104374784.0,-0.46288830041885376
6105312256.0,-0.45461535453796387
6106250240.0,-0.44705381989479065
6107187712.0,-0.43765637278556824
6108125184.0,-0.4296358525753021
6109062656.0,-0.42270785570144653
6110000128.0,-0.41577261686325073
6110937600.0,-0.408689022064209
6111875072.0,-0.4024389088153839
6112812544.0,-0.39728668332099915
6113750016.0,-0.39235827326774597
6114687488.0,-0.3889302909374237
6115624960.0,-0.38530465960502625
6116562432.0,-0.38178443908691406
6117499904.0,-0.37990403175354004
6118437376.0,-0.3786372244358063
6119374848.0,-0.3762578070163727
6120312320.0,-0.37609434127807617
6121249792.0,-0.3747502565383911
6122187264.0,-0.3749421238899231
6123125248.0,-0.3755437433719635
6124062720.0,-0.37699735164642334
6125000192.0,-0.5688833594322205
6125937664.0,-0.5797799229621887
6126875136.0,-0.591546356678009
6127812608.0,-0.6023630499839783
6128750080.0,-0.6119616031646729
6129687552.0,-0.620685875415802
6130625024.0,-0.6290120482444763
6131562496.0,-0.6364192962646484
6132499968.0,-0.6406124234199524
6133437440.0,-0.6463012099266052
6134374912.0,-0.6501592993736267
6135312384.0,-0.6524432301521301
6136249856.0,-0.6547288298606873
6137187328.0,-0.6555652022361755
6138124800.0,-0.6563065648078918
6139062272.0,-0.6558327078819275
6140000256.0,-0.653295636177063
6140937728.0,-0.6511151194572449
6141875200.0,-0.6471419334411621
6142812672.0,-0.64446622133255
6143750144.0,-0.6402518153190613
6144687616.0,-0.6362821459770203
6145625088.0,-0.634014368057251
6146562560.0,-0.630033016204834
6147500032.0,-0.6264745593070984
6148437504.0,-0.6223025918006897
6149374976.0,-0.6187571883201599
6150312448.0,-0.6149359345436096
6151249920.0,-0.6134825944900513
6152187392.0,-0.609437108039856
6153124864.0,-0.6086181402206421
6154062336.0,-0.6063390970230103
6154999808.0,-0.6059502959251404
6155937280.0,-0.6038258075714111
6156874752.0,-0.6022925972938538
6157812736.0,-0.6034001111984253
6158750208.0,-0.6035671234130859
6159687680.0,-0.6054972410202026
6160625152.0,-0.6069450378417969
6161562624.0,-0.6104499101638794
6162500096.0,-0.6137707829475403
6163437568.0,-0.6181476712226868
6164375040.0,-0.6222877502441406
6165312512.0,-0.628533124923706
6166249984.0,-0.6335384249687195
6167187456.0,-0.6390944719314575
6168124928.0,-0.645179808139801
6169062400.0,-0.6511505842208862
6169999872.0,-0.6577020883560181
6170937344.0,-0.662956714630127
6171874816.0,-0.6696413159370422
6172812288.0,-0.6751494407653809
6173749760.0,-0.6815125346183777
6174687744.0,-0.6877517700195312
6175625216.0,-0.6949578523635864
6176562688.0,-0.701961874961853
6177500160.0,-0.7092637419700623
6178437632.0,-0.7164645791053772
6179375104.0,-0.723490834236145
6180312576.0,-0.7325655817985535
6181250048.0,-0.7403635382652283
6182187520.0,-0.7482429146766663
6183124992.0,-0.7548653483390808
6184062464.0,-0.762434184551239
6184999936.0,-0.6028361320495605
6185937408.0,-0.623649001121521
6186874880.0,-0.6448540687561035
6187812352.0,-0.6657825708389282
6188749824.0,-0.6854941248893738
6189687296.0,-0.706673800945282
6190624768.0,-0.7248340845108032
6191562752.0,-0.7447454929351807
6192500224.0,-0.7624551057815552
6193437696.0,-0.7777832746505737
6194375168.0,-0.7940158247947693
6195312640.0,-0.8080118298530579
6196250112.0,-0.8230127692222595
6197187584.0,-0.834967315196991
6198125056.0,-0.8466249108314514
6199062528.0,-0.8565647602081299
6200000000.0,-0.866316556930542
6200937472.0,-0.8733153343200684
6201874944.0,-0.8770802617073059
6202812416.0,-0.8805306553840637
6203749888.0,-0.8810613751411438
6204687360.0,-0.8796165585517883
6205624832.0,-0.8765355944633484
6206562304.0,-0.873569130897522
6207499776.0,-0.8679845929145813
6208437248.0,-0.8608219623565674
6209375232.0,-0.8519539833068848
6210312704.0,-0.8410531878471375
6211250176.0,-0.829730749130249
6212187648.0,-0.8157639503479004
6213125120.0,-0.8035106658935547
6214062592.0,-0.7890785336494446
6215000064.0,-0.773806095123291
6215937536.0,-0.7584081888198853
6216875008.0,-0.7424994111061096
6217812480.0,-0.7268019914627075
6218749952.0,-0.7113416194915771
6219687424.0,-0.694730281829834
6220624896.0,-0.6812217831611633
6221562368.0,-0.6667144894599915
6222499840.0,-0.6532737016677856
6223437312.0,-0.6410067081451416
6224374784.0,-0.6282715201377869
6225312256.0,-0.6172401309013367
6226250240.0,-0.6055126786231995
6227187712.0,-0.598311185836792
6228125184.0,-0.5906488299369812
6229062656.0,-0.5835994482040405
6230000128.0,-0.5794486403465271
6230937600.0,-0.5761917233467102
6231875072.0,-0.5754980444908142
6232812544.0,-0.5752397775650024
6233750016.0,-0.5763627886772156
6234687488.0,-0.5775372982025146
6235624960.0,-0.5810547471046448
6236562432.0,-0.5840978026390076
6237499904.0,-0.5899736285209656
6238437376.0,-0.5969012379646301
6239374848.0,-0.604256808757782
6240312320.0,-0.6119223833084106
6241249792.0,-0.6214779615402222
6242187264.0,-0.6311755776405334
6243125248.0,-0.6424068808555603
6244062720.0,-0.6526617407798767
6245000192.0,-0.6599489450454712
6245937664.0,-0.6729778051376343
6246875136.0,-0.6874784827232361
6247812608.0,-0.7013724446296692
6248750080.0,-0.7160513997077942
6249687552.0,-0.7325226664543152
6250625024.0,-0.7475664019584656
6251562496.0,-0.7624589204788208
6252499968.0,-0.7774938344955444
6253437440.0,-0.7891218662261963
6254374912.0,-0.8026924729347229
6255312384.0,-0.8143531084060669
6256249856.0,-0.8261390924453735
6257187328.0,-0.8365396857261658
6258124800.0,-0.847094714641571
6259062272.0,-0.8566102385520935
6259999744.0,-0.8656227588653564
6260937728.0,-0.8722023963928223
6261875200.0,-0.8770049810409546
6262812672.0,-0.8813678622245789
6263750144.0,-0.8835680484771729
6264687616.0,-0.8851255178451538
6265625088.0,-0.8865475654602051
6266562560.0,-0.8860953450202942
6267500032.0,-0.8873096704483032
6268437504.0,-0.8860607743263245
6269374976.0,-0.88478684425354
6270312448.0,-0.8821889162063599
6271249920.0,-0.8785430192947388
6272187392.0,-0.8751298189163208
6273124864.0,-0.8717032074928284
6274062336.0,-0.8684901595115662
6274999808.0,-0.8663083910942078
6275937280.0,-0.8627830147743225
6276874752.0,-0.8585219383239746
6277812736.0,-0.8546216487884521
6278750208.0,-0.8503050208091736
6279687680.0,-0.8466302752494812
6280625152.0,-0.8419310450553894
6281562624.0,-0.8378888368606567
6282500096.0,-0.8341429233551025
6283437568.0,-0.8312779664993286
6284375040.0,-0.8298037052154541
6285312512.0,-0.8297109603881836
6286249984.0,-0.8308812975883484
6287187456.0,-0.8325545787811279
6288124928.0,-0.8346021175384521
6289062400.0,-0.8383427262306213
6289999872.0,-0.8412005305290222
6290937344.0,-0.8449854254722595
6291874816.0,-0.8472028970718384
6292812288.0,-0.8513739705085754
6293749760.0,-0.8544143438339233
6294687744.0,-0.8584588766098022
6295625216.0,-0.8637458682060242
6296562688.0,-0.8682267069816589
6297500160.0,-0.8742728233337402
6298437632.0,-0.8810823559761047
6299375104.0,-0.8877922296524048
6300312576.0,-0.8960965871810913
6301250048.0,-0.9054964184761047
6302187520.0,-0.9147953987121582
6303124992.0,-0.9250588417053223
6304062464.0,-0.934861421585083
6304999936.0,-0.9614474773406982
6305937408.0,-0.970065176486969
6306874880.0,-0.9794175028800964
6307812352.0,-0.9886311292648315
6308749824.0,-0.9980219602584839
6309687296.0,-1.0079009532928467
6310624768.0,-1.0165839195251465
6311562752.0,-1.025638461112976
6312500224.0,-1.0348589420318604
6313437696.0,-1.0431692600250244
6314375168.0,-1.0512158870697021
6315312640.0,-1.0600651502609253
6316250112.0,-1.0691629648208618
6317187584.0,-1.079038143157959
6318125056.0,-1.0900845527648926
6319062528.0,-1.101457953453064
6320000000.0,-1.1138097047805786
6320937472.0,-1.1275455951690674
6321874944.0,-1.1400872468948364
6322812416.0,-1.1553082466125488
6323749888.0,-1.1693364381790161
6324687360.0,-1.18218195438385
6325624832.0,-1.1947226524353027
6326562304.0,-1.2072635889053345
6327499776.0,-1.2158610820770264
6328437248.0,-1.2259551286697388
6329375232.0,-1.235075831413269
6330312704.0,-1.244570016860962
6331250176.0,-1.2510586977005005
6332187648.0,-1.2584980726242065
6333125120.0,-1.263465166091919
6334062592.0,-1.2681866884231567
6335000064.0,-1.2703758478164673
6335937536.0,-1.2723113298416138
6336875008.0,-1.2727148532867432
6337812480.0,-1.2721577882766724
6338749952.0,-1.269553542137146
6339687424.0,-1.2648401260375977
6340624896.0,-1.2602312564849854
6341562368.0,-1.2533903121948242
6342499840.0,-1.2464975118637085
6343437312.0,-1.2376089096069336
6344374784.0,-1.2266547679901123
6345312256.0,-1.215552806854248
6346250240.0,-1.2046782970428467
6347187712.0,-1.192314863204956
6348125184.0,-1.1816498041152954
6349062656.0,-1.1684318780899048
6350000128.0,-1.1546416282653809
6350937600.0,-1.1426986455917358
6351875072.0,-1.1282460689544678
6352812544.0,-1.114763855934143
6353750016.0,-1.1019667387008667
6354687488.0,-1.0903955698013306
6355624960.0,-1.0778497457504272
6356562432.0,-1.0665900707244873
6357499904.0,-1.0533685684204102
6358437376.0,-1.0424795150756836
6359374848.0,-1.030874490737915
6360312320.0,-1.0216773748397827
6361249792.0,-1.012688398361206
6362187264.0,-1.0054413080215454
6363125248.0,-0.9996871948242188
6364062720.0,-0.9972468018531799
6365000192.0,-1.3661952018737793
6365937664.0,-1.3814021348953247
6366875136.0,-1.3960765600204468
6367812608.0,-1.4117053747177124
6368750080.0,-1.4260698556900024
6369687552.0,-1.4407439231872559
6370625024.0,-1.4558037519454956
6371562496.0,-1.4702173471450806
6372499968.0,-1.4839483499526978
6373437440.0,-1.4969264268875122
6374374912.0,-1.5072486400604248
6375312384.0,-1.5182024240493774
6376249856.0,-1.526431918144226
6377187328.0,-1.5349136590957642
6378124800.0,-1.5418323278427124
6379062272.0,-1.5473042726516724
6380000256.0,-1.5506728887557983
6380937728.0,-1.5537517070770264
6381875200.0,-1.555315375328064
6382812672.0,-1.556735873222351
6383750144.0,-1.5563875436782837
6384687616.0,-1.5550036430358887
6385625088.0,-1.552677035331726
6386562560.0,-1.549487590789795
6387500032.0,-1.5451204776763916
6388437504.0,-1.541364312171936
6389374976.0,-1.5359262228012085
6390312448.0,-1.5295438766479492
6391249920.0,-1.522291660308838
6392187392.0,-1.5147607326507568
6393124864.0,-1.504275918006897
6394062336.0,-1.4941084384918213
6394999808.0,-1.483734369277954
6395937280.0,-1.4738856554031372
6396874752.0,-1.463590145111084
6397812736.0,-1.4557502269744873
6398750208.0,-1.4479126930236816
6399687680.0,-1.4403331279754639
6400625152.0,-1.4324560165405273
6401562624.0,-1.4262338876724243
6402500096.0,-1.4201864004135132
6403437568.0,-1.41794753074646
6404375040.0,-1.414508581161499
6405312512.0,-1.416532039642334
6406249984.0,-1.418669581413269
6407187456.0,-1.4234024286270142
6408124928.0,-1.4277064800262451
6409062400.0,-1.434507131576538
6409999872.0,-1.4427690505981445
6410937344.0,-1.4534467458724976
6411874816.0,-1.4663352966308594
6412812288.0,-1.4797828197479248
6413749760.0,-1.493898630142212
6414687744.0,-1.5105481147766113
6415625216.0,-1.5272091627120972
6416562688.0,-1.5464295148849487
6417500160.0,-1.5677307844161987
6418437632.0,-1.5911269187927246
6419375104.0,-1.6151353120803833
6420312576.0,-1.6423044204711914
6421250048.0,-1.6681357622146606
6422187520.0,-1.6968377828598022
6423124992.0,-1.7272930145263672
6424062464.0,-1.759072184562683
6424999936.0,-1.7934653759002686
6425937408.0,-1.8270684480667114
6426874880.0,-1.8607110977172852
6427812352.0,-1.8937989473342896
6428749824.0,-1.9266176223754883
6429687296.0,-1.9596103429794312
6430624768.0,-1.9923019409179688
6431562752.0,-2.0233047008514404
6432500224.0,-2.0544521808624268
6433437696.0,-2.0854525566101074
6434375168.0,-2.1157186031341553
6435312640.0,-2.1440632343292236
6436250112.0,-2.1716129779815674
6437187584.0,-2.197293758392334
6438125056.0,-2.22090220451355
6439062528.0,-2.2430245876312256
6440000000.0,-2.26265549659729
6440937472.0,-2.2788641452789307
6441874944.0,-2.294649600982666
6442812416.0,-2.3077633380889893
6443749888.0,-2.3208837509155273
6444687360.0,-2.3319191932678223
6445624832.0,-2.341228723526001
6446562304.0,-2.3492653369903564
6447499776.0,-2.3558595180511475
6448437248.0,-2.3608615398406982
6449375232.0,-2.3624300956726074
6450312704.0,-2.363469123840332
6451250176.0,-2.3631582260131836
6452187648.0,-2.3606832027435303
6453125120.0,-2.356539487838745
6454062592.0,-2.3524444103240967
6455000064.0,-2.3470935821533203
6455937536.0,-2.3434317111968994
6456875008.0,-2.3380935192108154
6457812480.0,-2.3321328163146973
6458749952.0,-2.327329397201538
6459687424.0,-2.3228166103363037
6460624896.0,-2.3184947967529297
6461562368.0,-2.315692901611328
6462499840.0,-2.3123703002929688
6463437312.0,-2.3109071254730225
6464374784.0,-2.3102946281433105
6465312256.0,-2.311035394668579
6466250240.0,-2.3101518154144287
6467187712.0,-2.3099470138549805
6468125184.0,-2.3067786693573
6469062656.0,-2.3047752380371094
6470000128.0,-2.303412437438965
6470937600.0,-2.303779363632202
6471875072.0,-2.306899070739746
6472812544.0,-2.310438632965088
6473750016.0,-2.316429615020752
6474687488.0,-2.3251657485961914
6475624960.0,-2.3394784927368164
6476562432.0,-2.3576736450195312
6477499904.0,-2.3793728351593018
6478437376.0,-2.4055745601654053
6479374848.0,-2.434696912765503
6480312320.0,-2.467305898666382
6481249792.0,-2.5010311603546143
6482187264.0,-2.538557529449463
6483125248.0,-2.5774407386779785
6484062720.0,-2.6159827709198
6485000192.0,-2.7215187549591064
6485937664.0,-2.7508022785186768
6486875136.0,-2.780683755874634
6487812608.0,-2.8074944019317627
6488750080.0,-2.8347525596618652
6489687552.0,-2.8626859188079834
6490625024.0,-2.890181064605713
6491562496.0,-2.919421911239624
6492499968.0,-2.949338674545288
6493437440.0,-2.9771201610565186
6494374912.0,-3.00531005859375
6495312384.0,-3.0331950187683105
6496249856.0,-3.062920331954956
6497187328.0,-3.0908010005950928
6498124800.0,-3.12131929397583
6499062272.0,-3.1535513401031494
6499999744.0,-3.185436725616455
6500937728.0,-3.2176525592803955
6501875200.0,-3.24878191947937
6502812672.0,-3.276294231414795
6503750144.0,-3.303361415863037
6504687616.0,-3.328906536102295
6505625088.0,-3.3513174057006836
6506562560.0,-3.3757033348083496
6507500032.0,-3.398113965988159
6508437504.0,-3.4225399494171143
6509374976.0,-3.445049285888672
6510312448.0,-3.466975688934326
6511249920.0,-3.4923391342163086
6512187392.0,-3.5161678791046143
6513124864.0,-3.5387625694274902
6514062336.0,-3.566763162612915
6514999808.0,-3.5946314334869385
6515937280.0,-3.6235108375549316
6516874752.0,-3.6574196815490723
6517812736.0,-3.6884212493896484
6518750208.0,-3.720242977142334
6519687680.0,-3.7515199184417725
6520625152.0,-3.7849087715148926
6521562624.0,-3.8177804946899414
6522500096.0,-3.852336883544922
6523437568.0,-3.8905184268951416
6524375040.0,-3.9273526668548584
6525312512.0,-3.9701244831085205
6526249984.0,-4.011648654937744
6527187456.0,-4.0567708015441895
6528124928.0,-4.102972984313965
6529062400.0,-4.149499416351318
6529999872.0,-4.197198867797852
6530937344.0,-4.243991374969482
6531874816.0,-4.290088176727295
6532812288.0,-4.33521842956543
6533749760.0,-4.378186225891113
6534687744.0,-4.420360565185547
6535625216.0,-4.463695526123047
6536562688.0,-4.506154537200928
6537500160.0,-4.549261093139648
6538437632.0,-4.5933709144592285
6539375104.0,-4.635056018829346
6540312576.0,-4.676604747772217
6541250048.0,-4.714441299438477
6542187520.0,-4.752856731414795
6543124992.0,-4.79086971282959
6544062464.0,-4.827847480773926
6544999936.0,-4.861860752105713
6545937408.0,-4.90739631652832
6546874880.0,-4.956384658813477
6547812352.0,-5.006170272827148
6548749824.0,-5.06031608581543
6549687296.0,-5.114456653594971
6550624768.0,-5.1685471534729
6551562752.0,-5.2238545417785645
6552500224.0,-5.277451038360596
6553437696.0,-5.331962585449219
6554375168.0,-5.38373327255249
6555312640.0,-5.435455322265625
6556250112.0,-5.487696647644043
6557187584.0,-5.538825511932373
6558125056.0,-5.593242168426514
6559062528.0,-5.646841526031494
6560000000.0,-5.703751087188721
6560937472.0,-5.760837554931641
6561874944.0,-5.816973686218262
6562812416.0,-5.873373508453369
6563749888.0,-5.930758476257324
6564687360.0,-5.988304138183594
6565624832.0,-6.046247959136963
6566562304.0,-6.103524208068848
6567499776.0,-6.1599626541137695
6568437248.0,-6.214443683624268
6569375232.0,-6.268111705780029
6570312704.0,-6.323880195617676
6571250176.0,-6.382420539855957
6572187648.0,-6.442762851715088
6573125120.0,-6.514327049255371
6574062592.0,-6.589632034301758
6575000064.0,-6.670257568359375
6575937536.0,-6.752131462097168
6576875008.0,-6.836416721343994
6577812480.0,-6.9209885597229
6578749952.0,-7.006813049316406
6579687424.0,-7.095384120941162
6580624896.0,-7.18798828125
6581562368.0,-7.28081750869751
6582499840.0,-7.373037338256836
6583437312.0,-7.464251518249512
6584374784.0,-7.552940845489502
6585312256.0,-7.64212703704834
6586250240.0,-7.7297682762146
6587187712.0,-7.815739154815674
6588125184.0,-7.90185022354126
6589062656.0,-7.9896769523620605
6590000128.0,-8.081842422485352
6590937600.0,-8.175680160522461
6591875072.0,-8.273774147033691
6592812544.0,-8.37512493133545
6593750016.0,-8.477624893188477
6594687488.0,-8.577463150024414
6595624960.0,-8.678528785705566
6596562432.0,-8.781623840332031
6597499904.0,-8.887863159179688
6598437376.0,-8.996546745300293
6599374848.0,-9.10845947265625
6600312320.0,-9.22130012512207
6601249792.0,-9.329314231872559
6602187264.0,-9.435409545898438
6603125248.0,-9.543368339538574
6604062720.0,-9.649466514587402
6605000192.0,-9.748827934265137
6605937664.0,-9.852934837341309
6606875136.0,-9.954405784606934
6607812608.0,-10.052589416503906
6608750080.0,-10.14526081085205
6609687552.0,-10.234213829040527
6610625024.0,-10.322876930236816
6611562496.0,-10.406194686889648
6612499968.0,-10.490535736083984
6613437440.0,-10.577478408813477
6614374912.0,-10.664587020874023
6615312384.0,-10.749266624450684
6616249856.0,-10.83208179473877
6617187328.0,-10.912823677062988
6618124800.0,-10.992459297180176
6619062272.0,-11.071621894836426
6620000256.0,-11.147771835327148
6620937728.0,-11.220586776733398
6621875200.0,-11.290905952453613
6622812672.0,-11.356422424316406
6623750144.0,-11.415266990661621
6624687616.0,-11.466084480285645
6625625088.0,-11.515507698059082
6626562560.0,-11.559035301208496
6627500032.0,-11.598701477050781
6628437504.0,-11.628676414489746
6629374976.0,-11.650221824645996
6630312448.0,-11.660771369934082
6631249920.0,-11.666440963745117
6632187392.0,-11.670807838439941
6633124864.0,-11.672097206115723
6634062336.0,-11.677104949951172
6634999808.0,-11.679462432861328
6635937280.0,-11.680737495422363
6636874752.0,-11.67622184753418
6637812736.0,-11.666177749633789
6638750208.0,-11.642607688903809
6639687680.0,-11.613723754882812
6640625152.0,-11.575608253479004
6641562624.0,-11.52880859375
6642500096.0,-11.47335147857666
6643437568.0,-11.411864280700684
6644375040.0,-11.340621948242188
6645312512.0,-11.271709442138672
6646249984.0,-11.194318771362305
6647187456.0,-11.113432884216309
6648124928.0,-11.029237747192383
6649062400.0,-10.940927505493164
6649999872.0,-10.848435401916504
6650937344.0,-10.75751781463623
6651874816.0,-10.667594909667969
6652812288.0,-10.585908889770508
6653749760.0,-10.505880355834961
6654687744.0,-10.429213523864746
6655625216.0,-10.35555362701416
6656562688.0,-10.276374816894531
6657500160.0,-10.188159942626953
6658437632.0,-10.096967697143555
6659375104.0,-9.997785568237305
6660312576.0,-9.893594741821289
6661250048.0,-9.790705680847168
6662187520.0,-9.684680938720703
6663124992.0,-9.583596229553223
6664062464.0,-9.479840278625488
6664999936.0,-9.361632347106934
6665937408.0,-9.259117126464844
6666874880.0,-9.156251907348633
6667812352.0,-9.060503959655762
6668749824.0,-8.964251518249512
6669687296.0,-8.866861343383789
6670624768.0,-8.766557693481445
6671562752.0,-8.663980484008789
6672500224.0,-8.55747127532959
6673437696.0,-8.454033851623535
6674375168.0,-8.348822593688965
6675312640.0,-8.242057800292969
6676250112.0,-8.138323783874512
6677187584.0,-8.035460472106934
6678125056.0,-7.935824871063232
6679062528.0,-7.835743427276611
6680000000.0,-7.740590572357178
6680937472.0,-7.647576332092285
6681874944.0,-7.554378509521484
6682812416.0,-7.466465950012207
6683749888.0,-7.381360054016113
6684687360.0,-7.296078681945801
6685624832.0,-7.214844703674316
6686562304.0,-7.13876485824585
6687499776.0,-7.064632415771484
6688437248.0,-6.991828918457031
6689375232.0,-6.923211574554443
6690312704.0,-6.852198600769043
6691250176.0,-6.788664817810059
6692187648.0,-6.723208904266357
6693125120.0,-6.661303520202637
6694062592.0,-6.600663185119629
6695000064.0,-6.540987491607666
6695937536.0,-6.483765125274658
6696875008.0,-6.4275312423706055
6697812480.0,-6.373375415802002
6698749952.0,-6.3178486824035645
6699687424.0,-6.260549068450928
6700624896.0,-6.205097198486328
6701562368.0,-6.1499223709106445
6702499840.0,-6.091171741485596
6703437312.0,-6.032537460327148
6704374784.0,-5.9737868309021
6705312256.0,-5.9142608642578125
6706250240.0,-5.855349063873291
6707187712.0,-5.79862117767334
6708125184.0,-5.741487979888916
6709062656.0,-5.689409255981445
6710000128.0,-5.636307239532471
6710937600.0,-5.582436561584473
6711875072.0,-5.5257086753845215
6712812544.0,-5.469211578369141
6713750016.0,-5.41032075881958
6714687488.0,-5.349524021148682
6715624960.0,-5.28593111038208
6716562432.0,-5.2216691970825195
6717499904.0,-5.154090881347656
6718437376.0,-5.087622165679932
6719374848.0,-5.021789073944092
6720312320.0,-4.956504821777344
6721249792.0,-4.892163276672363
6722187264.0,-4.829287528991699
6723125248.0,-4.764088153839111
6724062720.0,-4.696979999542236
6725000192.0,-4.410909175872803
6725937664.0,-4.334280014038086
6726875136.0,-4.257760524749756
6727812608.0,-4.184574127197266
6728750080.0,-4.111793041229248
6729687552.0,-4.04457950592041
6730625024.0,-3.978550672531128
6731562496.0,-3.9173073768615723
6732499968.0,-3.855186700820923
6733437440.0,-3.7985193729400635
6734374912.0,-3.74251389503479
6735312384.0,-3.6896181106567383
6736249856.0,-3.6377029418945312
6737187328.0,-3.5903162956237793
6738124800.0,-3.545389413833618
6739062272.0,-3.5046772956848145
6739999744.0,-3.4647367000579834
6740937728.0,-3.429783344268799
6741875200.0,-3.3972771167755127
6742812672.0,-3.3654463291168213
6743750144.0,-3.3374223709106445
6744687616.0,-3.3104331493377686
6745625088.0,-3.284059524536133
6746562560.0,-3.260413885116577
6747500032.0,-3.2377827167510986
6748437504.0,-3.2142670154571533
6749374976.0,-3.192082166671753
6750312448.0,-3.170012950897217
6751249920.0,-3.1489715576171875
6752187392.0,-3.124927520751953
6753124864.0,-3.10487699508667
6754062336.0,-3.085937738418579
6754999808.0,-3.0673091411590576
6755937280.0,-3.048074960708618
6756874752.0,-3.030578136444092
6757812736.0,-3.0142035484313965
6758750208.0,-2.996920108795166
6759687680.0,-2.979708433151245
6760625152.0,-2.961125373840332
6761562624.0,-2.940688371658325
6762500096.0,-2.9210562705993652
6763437568.0,-2.9017086029052734
6764375040.0,-2.879974842071533
6765312512.0,-2.85722017288208
6766249984.0,-2.834380865097046
6767187456.0,-2.8103995323181152
6768124928.0,-2.7846157550811768
6769062400.0,-2.7577059268951416
6769999872.0,-2.728236436843872
6770937344.0,-2.6981801986694336
6771874816.0,-2.666692018508911
6772812288.0,-2.635287284851074
6773749760.0,-2.603708028793335
6774687744.0,-2.571621894836426
6775625216.0,-2.5402064323425293
6776562688.0,-2.507582426071167
6777500160.0,-2.4750258922576904
6778437632.0,-2.444697856903076
6779375104.0,-2.416447401046753
6780312576.0,-2.3856089115142822
6781250048.0,-2.3560376167297363
6782187520.0,-2.3251311779022217
6783124992.0,-2.2954015731811523
6784062464.0,-2.2675907611846924
6784999936.0,-2.2456352710723877
6785937408.0,-2.211414098739624
6786874880.0,-2.178945302963257
6787812352.0,-2.1489808559417725
6788749824.0,-2.117851734161377
6789687296.0,-2.088770866394043
6790624768.0,-2.0607311725616455
6791562752.0,-2.0333030223846436
6792500224.0,-2.008404493331909
6793437696.0,-1.9845924377441406
6794375168.0,-1.9616649150848389
6795312640.0,-1.9388034343719482
6796250112.0,-1.9176325798034668
6797187584.0,-1.8977982997894287
6798125056.0,-1.8798340559005737
6799062528.0,-1.8631212711334229
6800000000.0,-1.8452186584472656
6800937472.0,-1.8296101093292236
6801874944.0,-1.8139671087265015
6802812416.0,-1.798948884010315
6803749888.0,-1.7869445085525513
6804687360.0,-1.7740346193313599
6805624832.0,-1.7624372243881226
6806562304.0,-1.7496579885482788
6807499776.0,-1.7386362552642822
6808437248.0,-1.726746916770935
6809375232.0,-1.7152070999145508
6810312704.0,-1.7029427289962769
6811250176.0,-1.6913594007492065
6812187648.0,-1.6785520315170288
6813125120.0,-1.6667745113372803
6814062592.0,-1.654528021812439
6815000064.0,-1.6427003145217896
6815937536.0,-1.6291662454605103
6816875008.0,-1.6167099475860596
6817812480.0,-1.602534532546997
6818749952.0,-1.589455485343933
6819687424.0,-1.5747815370559692
6820624896.0,-1.5588576793670654
6821562368.0,-1.5423178672790527
6822499840.0,-1.5247546434402466
6823437312.0,-1.5070494413375854
6824374784.0,-1.4882750511169434
6825312256.0,-1.4679553508758545
6826250240.0,-1.447123646736145
6827187712.0,-1.4271571636199951
6828125184.0,-1.4057590961456299
6829062656.0,-1.3834798336029053
6830000128.0,-1.362101435661316
6830937600.0,-1.3399993181228638
6831875072.0,-1.3176721334457397
6832812544.0,-1.2951422929763794
6833750016.0,-1.272902250289917
6834687488.0,-1.2504535913467407
6835624960.0,-1.2296497821807861
6836562432.0,-1.2089813947677612
6837499904.0,-1.189084529876709
6838437376.0,-1.1698176860809326
6839374848.0,-1.1522425413131714
6840312320.0,-1.1347016096115112
6841249792.0,-1.1189137697219849
6842187264.0,-1.104227066040039
6843125248.0,-1.0922240018844604
6844062720.0,-1.0809431076049805
6845000192.0,-1.0447330474853516
6845937664.0,-1.0374155044555664
6846875136.0,-1.0295169353485107
6847812608.0,-1.0243721008300781
6848750080.0,-1.0206154584884644
6849687552.0,-1.0160800218582153
6850625024.0,-1.0135160684585571
6851562496.0,-1.013187050819397
6852499968.0,-1.0135815143585205
6853437440.0,-1.0153822898864746
6854374912.0,-1.0161036252975464
6855312384.0,-1.0178399085998535
6856249856.0,-1.0206255912780762
6857187328.0,-1.0258234739303589
6858124800.0,-1.0311347246170044
6859062272.0,-1.0380150079727173
6860000256.0,-1.0462130308151245
6860937728.0,-1.0559970140457153
6861875200.0,-1.0652412176132202
6862812672.0,-1.076371669769287
6863750144.0,-1.088051676750183
6864687616.0,-1.0992965698242188
6865625088.0,-1.1104673147201538
6866562560.0,-1.1219061613082886
6867500032.0,-1.1331162452697754
6868437504.0,-1.1429405212402344
6869374976.0,-1.1519348621368408
6870312448.0,-1.1616487503051758
6871249920.0,-1.1692519187927246
6872187392.0,-1.1751774549484253
6873124864.0,-1.1808602809906006
6874062336.0,-1.1837263107299805
6874999808.0,-1.1848924160003662
6875937280.0,-1.1841437816619873
6876874752.0,-1.181804895401001
6877812736.0,-1.1770126819610596
6878750208.0,-1.1698166131973267
6879687680.0,-1.1605315208435059
6880625152.0,-1.1467632055282593
6881562624.0,-1.1311535835266113
6882500096.0,-1.114848256111145
6883437568.0,-1.0951968431472778
6884375040.0,-1.0731006860733032
6885312512.0,-1.051802158355713
6886249984.0,-1.0283523797988892
6887187456.0,-1.0034476518630981
6888124928.0,-0.9772971272468567
6889062400.0,-0.9497607350349426
6889999872.0,-0.9214841723442078
6890937344.0,-0.8917649984359741
6891874816.0,-0.8623775839805603
6892812288.0,-0.8330979943275452
6893749760.0,-0.8025875687599182
6894687744.0,-0.7722846269607544
6895625216.0,-0.7421776056289673
6896562688.0,-0.7129508852958679
6897500160.0,-0.6838738322257996
6898437632.0,-0.6561912298202515
6899375104.0,-0.6287041306495667
6900312576.0,-0.6015352606773376
6901250048.0,-0.5762471556663513
6902187520.0,-0.550983190536499
6903124992.0,-0.52713942527771
6904062464.0,-0.5041666030883789
6904999936.0,-0.4681529402732849
6905937408.0,-0.4620332717895508
6906874880.0,-0.45939940214157104
6907812352.0,-0.4575781226158142
6908749824.0,-0.4574981927871704
6909687296.0,-0.4587704539299011
6910624768.0,-0.460978239774704
6911562752.0,-0.4642016887664795
6912500224.0,-0.4695257842540741
6913437696.0,-0.47498399019241333
6914375168.0,-0.48131442070007324
6915312640.0,-0.4884156286716461
6916250112.0,-0.4964820146560669
6917187584.0,-0.5043015480041504
6918125056.0,-0.5124669671058655
6919062528.0,-0.5211924314498901
6920000000.0,-0.5311095714569092
6920937472.0,-0.5401520133018494
6921874944.0,-0.551334023475647
6922812416.0,-0.5610048770904541
6923749888.0,-0.5710778832435608
6924687360.0,-0.5803483724594116
6925624832.0,-0.5903589129447937
6926562304.0,-0.5990278124809265
6927499776.0,-0.6075862050056458
6928437248.0,-0.6150080561637878
6929375232.0,-0.622641921043396
6930312704.0,-0.6301016807556152
6931250176.0,-0.6381717324256897
6932187648.0,-0.6467321515083313
6933125120.0,-0.6557180285453796
6934062592.0,-0.6619704961776733
6935000064.0,-0.6686567664146423
6935937536.0,-0.6745854020118713
6936875008.0,-0.6791436672210693
6937812480.0,-0.6835885643959045
6938749952.0,-0.6852974891662598
6939687424.0,-0.6868628859519958
6940624896.0,-0.6876411437988281
6941562368.0,-0.6876443028450012
6942499840.0,-0.6874037384986877
6943437312.0,-0.6860073804855347
6944374784.0,-0.6820170879364014
6945312256.0,-0.6787149310112
6946250240.0,-0.6742071509361267
6947187712.0,-0.6698272228240967
6948125184.0,-0.6640427112579346
6949062656.0,-0.6553651094436646
6950000128.0,-0.6467406749725342
6950937600.0,-0.6380338668823242
6951875072.0,-0.628261148929596
6952812544.0,-0.6176521182060242
6953750016.0,-0.6060143709182739
6954687488.0,-0.5927892923355103
6955624960.0,-0.5797508955001831
6956562432.0,-0.5669842958450317
6957499904.0,-0.555571973323822
6958437376.0,-0.5418885946273804
6959374848.0,-0.5280084609985352
6960312320.0,-0.5129696130752563
6961249792.0,-0.4998641610145569
6962187264.0,-0.48335057497024536
6963125248.0,-0.468303382396698
6964062720.0,-0.45261645317077637
6965000192.0,-0.37381336092948914
6965937664.0,-0.3659522831439972
6966875136.0,-0.3579269051551819
6967812608.0,-0.3494621813297272
6968750080.0,-0.34119850397109985
6969687552.0,-0.3345560133457184
6970625024.0,-0.328321635723114
6971562496.0,-0.32150912284851074
6972499968.0,-0.3158094584941864
6973437440.0,-0.3114314079284668
6974374912.0,-0.30692484974861145
6975312384.0,-0.30314791202545166
6976249856.0,-0.30059319734573364
6977187328.0,-0.29934436082839966
6978124800.0,-0.29877910017967224
6979062272.0,-0.29860636591911316
6979999744.0,-0.3007137179374695
6980937728.0,-0.30267608165740967
6981875200.0,-0.3053435683250427
6982812672.0,-0.30870234966278076
6983750144.0,-0.3120010495185852
6984687616.0,-0.3191206753253937
6985625088.0,-0.3249480724334717
6986562560.0,-0.3330535888671875
6987500032.0,-0.3424891531467438
6988437504.0,-0.3535657823085785
6989374976.0,-0.3636186122894287
6990312448.0,-0.37581294775009155
6991249920.0,-0.38885048031806946
6992187392.0,-0.4011470377445221
6993124864.0,-0.4149309992790222
6994062336.0,-0.42815065383911133
6994999808.0,-0.4409497082233429
6995937280.0,-0.4534807801246643
6996874752.0,-0.46635815501213074
6997812736.0,-0.47856831550598145
6998750208.0,-0.4914977252483368
6999687680.0,-0.5024293065071106
7000625152.0,-0.5134043097496033
7001562624.0,-0.5245394110679626
7002500096.0,-0.5321620106697083
7003437568.0,-0.540629506111145
7004375040.0,-0.5477427244186401
7005312512.0,-0.5532394647598267
7006249984.0,-0.5569835305213928
7007187456.0,-0.5584750771522522
7008124928.0,-0.5593474507331848
7009062400.0,-0.5580552816390991
7009999872.0,-0.557253897190094
7010937344.0,-0.554112434387207
7011874816.0,-0.5486286878585815
7012812288.0,-0.5429246425628662
7013749760.0,-0.5365447402000427
7014687744.0,-0.5282214283943176
7015625216.0,-0.5203689336776733
7016562688.0,-0.5121477246284485
7017500160.0,-0.5035285949707031
7018437632.0,-0.49408823251724243
7019375104.0,-0.4850328862667084
7020312576.0,-0.47471264004707336
7021250048.0,-0.46496447920799255
7022187520.0,-0.45615100860595703
7023124992.0,-0.44683071970939636
7024062464.0,-0.4384863078594208
7024999936.0,-0.410904198884964
7025937408.0,-0.4027666449546814
7026874880.0,-0.3963642120361328
7027812352.0,-0.3902948200702667
7028749824.0,-0.3837246596813202
7029687296.0,-0.38067781925201416
7030624768.0,-0.37623339891433716
7031562752.0,-0.374921590089798
7032500224.0,-0.37502235174179077
7033437696.0,-0.3762301504611969
7034375168.0,-0.37836650013923645
7035312640.0,-0.38246259093284607
7036250112.0,-0.38815510272979736
7037187584.0,-0.39515289664268494
7038125056.0,-0.40178292989730835
7039062528.0,-0.4101807773113251
7040000000.0,-0.41858360171318054
7040937472.0,-0.42753490805625916
7041874944.0,-0.43716540932655334
7042812416.0,-0.44658032059669495
7043749888.0,-0.45589444041252136
7044687360.0,-0.4642261266708374
7045624832.0,-0.4716896414756775
7046562304.0,-0.4796701967716217
7047499776.0,-0.48546138405799866
7048437248.0,-0.4895097315311432
7049375232.0,-0.49276936054229736
7050312704.0,-0.4951435625553131
7051250176.0,-0.4958570599555969
7052187648.0,-0.49529656767845154
7053125120.0,-0.49265697598457336
7054062592.0,-0.48644277453422546
7055000064.0,-0.48031434416770935
7055937536.0,-0.47180086374282837
7056875008.0,-0.46096500754356384
7057812480.0,-0.44886237382888794
7058749952.0,-0.43372997641563416
7059687424.0,-0.41719985008239746
7060624896.0,-0.3990967571735382
7061562368.0,-0.37906116247177124
7062499840.0,-0.360245943069458
7063437312.0,-0.338740736246109
7064374784.0,-0.31762611865997314
7065312256.0,-0.2962859272956848
7066250240.0,-0.27576297521591187
7067187712.0,-0.255348265171051
7068125184.0,-0.23476727306842804
7069062656.0,-0.21485094726085663
7070000128.0,-0.19512510299682617
7070937600.0,-0.17634734511375427
7071875072.0,-0.15925472974777222
7072812544.0,-0.14336779713630676
7073750016.0,-0.12789659202098846
7074687488.0,-0.11453944444656372
7075624960.0,-0.10327436774969101
7076562432.0,-0.09530404210090637
7077499904.0,-0.0870482325553894
7078437376.0,-0.08188305050134659
7079374848.0,-0.07861550897359848
7080312320.0,-0.0789257138967514
7081249792.0,-0.08061979711055756
7082187264.0,-0.08553896844387054
7083125248.0,-0.09220289438962936
7084062720.0,-0.10043361037969589
7085000192.0,-0.2556460499763489
7085937664.0,-0.26800400018692017
7086875136.0,-0.2812954783439636
7087812608.0,-0.2969146966934204
7088750080.0,-0.3148767650127411
7089687552.0,-0.334026038646698
7090625024.0,-0.3564191460609436
7091562496.0,-0.37867680191993713
7092499968.0,-0.40423473715782166
7093437440.0,-0.4305362105369568
7094374912.0,-0.460120290517807
7095312384.0,-0.49019357562065125
7096249856.0,-0.5213046669960022
7097187328.0,-0.5539135336875916
7098124800.0,-0.587172269821167
7099062272.0,-0.6212846636772156
7100000256.0,-0.6545183658599854
7100937728.0,-0.6872751712799072
7101875200.0,-0.7210790514945984
7102812672.0,-0.7507022023200989
7103750144.0,-0.7813844680786133
7104687616.0,-0.8085694313049316
7105625088.0,-0.8347709774971008
7106562560.0,-0.856502115726471
7107500032.0,-0.8747417330741882
7108437504.0,-0.8913476467132568
7109374976.0,-0.9033365249633789
7110312448.0,-0.9115182161331177
7111249920.0,-0.9160494804382324
7112187392.0,-0.9159278869628906
7113124864.0,-0.9119707345962524
7114062336.0,-0.9050971269607544
7114999808.0,-0.8929548263549805
7115937280.0,-0.8779038190841675
7116874752.0,-0.8601537346839905
7117812736.0,-0.8371186852455139
7118750208.0,-0.8122851252555847
7119687680.0,-0.7848548293113708
7120625152.0,-0.7534167766571045
7121562624.0,-0.7212596535682678
7122500096.0,-0.6871969103813171
7123437568.0,-0.6529409289360046
7124375040.0,-0.6166874170303345
7125312512.0,-0.5803413987159729
7126249984.0,-0.5448799133300781
7127187456.0,-0.5076152682304382
7128124928.0,-0.4731586277484894
7129062400.0,-0.4378141462802887
7129999872.0,-0.40226441621780396
7130937344.0,-0.36944541335105896
7131874816.0,-0.33732345700263977
7132812288.0,-0.306204229593277
7133749760.0,-0.27635881304740906
7134687744.0,-0.24931298196315765
7135625216.0,-0.22525036334991455
7136562688.0,-0.20281149446964264
7137500160.0,-0.18226240575313568
7138437632.0,-0.16325271129608154
7139375104.0,-0.14642104506492615
7140312576.0,-0.1316988617181778
7141250048.0,-0.11848391592502594
7142187520.0,-0.10744287073612213
7143124992.0,-0.09815282374620438
7144062464.0,-0.19415225088596344
7144999936.0,-0.19438536465168
7145937408.0,-0.19497275352478027
7146874880.0,-0.1970396637916565
7147812352.0,-0.20058578252792358
7148749824.0,-0.20367909967899323
7149687296.0,-0.2078191637992859
7150624768.0,-0.21387960016727448
7151562752.0,-0.22145657241344452
7152500224.0,-0.22993218898773193
7153437696.0,-0.24056290090084076
7154375168.0,-0.2534407675266266
7155312640.0,-0.2689831554889679
7156250112.0,-0.28561240434646606
7157187584.0,-0.3072890341281891
7158125056.0,-0.32983288168907166
7159062528.0,-0.35498180985450745
7160000000.0,-0.3828825056552887
7160937472.0,-0.4104154407978058
7161874944.0,-0.4326225817203522
7162812416.0,-0.45484188199043274
7163749888.0,-0.4715096056461334
7164687360.0,-0.48499786853790283
7165624832.0,-0.49606603384017944
7166562304.0,-0.5049117803573608
7167499776.0,-0.5106480717658997
7168437248.0,-0.5138704776763916
7169375232.0,-0.5172837376594543
7170312704.0,-0.5189453363418579
7171250176.0,-0.5202776789665222
7172187648.0,-0.5225216746330261
7173125120.0,-0.5266361236572266
7174062592.0,-0.5303801894187927
7175000064.0,-0.5366855263710022
7175937536.0,-0.5462474822998047
7176875008.0,-0.5566558241844177
7177812480.0,-0.5705775618553162
7178749952.0,-0.5886316895484924
7179687424.0,-0.6062895655632019
7180624896.0,-0.6273205876350403
7181562368.0,-0.648060142993927
7182499840.0,-0.6704373359680176
7183437312.0,-0.6924422383308411
7184374784.0,-0.7132297158241272
7185312256.0,-0.7310000061988831
7186250240.0,-0.746864378452301
7187187712.0,-0.7589787244796753
7188125184.0,-0.7683531045913696
7189062656.0,-0.7738310098648071
7190000128.0,-0.7763200998306274
7190937600.0,-0.7744289040565491
7191875072.0,-0.7683101296424866
7192812544.0,-0.7602651715278625
7193750016.0,-0.7475576996803284
7194687488.0,-0.7323909997940063
7195624960.0,-0.7129573225975037
7196562432.0,-0.691297709941864
7197499904.0,-0.6690728664398193
7198437376.0,-0.6448014974594116
7199374848.0,-0.617991030216217
7200312320.0,-0.5903260707855225
7201249792.0,-0.5633783340454102
7202187264.0,-0.5364216566085815
7203125248.0,-0.5121926069259644
7204062720.0,-0.634216845035553
7205000192.0,-0.6260862946510315
7205937664.0,-0.6193522214889526
7206875136.0,-0.6164602041244507
7207812608.0,-0.6149244904518127
7208750080.0,-0.6161059737205505
7209687552.0,-0.6189886331558228
7210625024.0,-0.6271421909332275
7211562496.0,-0.6374722719192505
7212499968.0,-0.6515967845916748
7213437440.0,-0.6662638187408447
7214374912.0,-0.6848612427711487
7215312384.0,-0.7055162787437439
7216249856.0,-0.7247376441955566
7217187328.0,-0.7455061674118042
7218124800.0,-0.7666032910346985
7219062272.0,-0.7864512801170349
7219999744.0,-0.8064664006233215
7220937728.0,-0.8264116644859314
7221875200.0,-0.8459097743034363
7222812672.0,-0.8629686236381531
7223750144.0,-0.8789399266242981
7224687616.0,-0.8929509520530701
7225625088.0,-0.9068707823753357
7226562560.0,-0.9178369045257568
7227500032.0,-0.9262821078300476
7228437504.0,-0.9332296252250671
7229374976.0,-0.93796706199646
7230312448.0,-0.941180408000946
7231249920.0,-0.9419537782669067
7232187392.0,-0.9411619305610657
7233124864.0,-0.9382234811782837
7234062336.0,-0.935790479183197
7234999808.0,-0.932599663734436
7235937280.0,-0.928699254989624
7236874752.0,-0.9253541231155396
7237812736.0,-0.9218977689743042
7238750208.0,-0.9175193905830383
7239687680.0,-0.9135518670082092
7240625152.0,-0.9086706638336182
7241562624.0,-0.9065365791320801
7242500096.0,-0.9036213159561157
7243437568.0,-0.901793360710144
7244375040.0,-0.9018496870994568
7245312512.0,-0.9020508527755737
7246249984.0,-0.9046525955200195
7247187456.0,-0.908173680305481
7248124928.0,-0.9145112633705139
7249062400.0,-0.922360897064209
7249999872.0,-0.9321107268333435
7250937344.0,-0.9421771168708801
7251874816.0,-0.9534833431243896
7252812288.0,-0.9660345315933228
7253749760.0,-0.9800310730934143
7254687744.0,-0.9964269995689392
7255625216.0,-1.0121021270751953
7256562688.0,-1.0278913974761963
7257500160.0,-1.0436941385269165
7258437632.0,-1.0614776611328125
7259375104.0,-1.0770434141159058
7260312576.0,-1.0930266380310059
7261250048.0,-1.110190987586975
7262187520.0,-1.1245471239089966
7263124992.0,-1.137960433959961
7264062464.0,-1.166122317314148
7264999936.0,-1.1803913116455078
7265937408.0,-1.192182183265686
7266874880.0,-1.206773281097412
7267812352.0,-1.2197496891021729
7268749824.0,-1.2333204746246338
7269687296.0,-1.2443726062774658
7270624768.0,-1.2569888830184937
7271562752.0,-1.2675541639328003
7272500224.0,-1.2774509191513062
7273437696.0,-1.2850767374038696
7274375168.0,-1.2911789417266846
7275312640.0,-1.2982598543167114
7276250112.0,-1.301950216293335
7277187584.0,-1.303442120552063
7278125056.0,-1.3039220571517944
7279062528.0,-1.302181601524353
7280000000.0,-1.298324465751648
7280937472.0,-1.2918776273727417
7281874944.0,-1.283568263053894
7282812416.0,-1.2723817825317383
7283749888.0,-1.2586745023727417
7284687360.0,-1.2438775300979614
7285624832.0,-1.2253732681274414
7286562304.0,-1.2052240371704102
7287499776.0,-1.1842920780181885
7288437248.0,-1.1607171297073364
7289375232.0,-1.13596510887146
7290312704.0,-1.1076158285140991
7291250176.0,-1.0784504413604736
7292187648.0,-1.0485320091247559
7293125120.0,-1.0168575048446655
7294062592.0,-0.9826810956001282
7295000064.0,-0.9485712051391602
7295937536.0,-0.9138686060905457
7296875008.0,-0.8788098096847534
7297812480.0,-0.8422669172286987
7298749952.0,-0.8055823445320129
7299687424.0,-0.7702125906944275
7300624896.0,-0.7341381907463074
7301562368.0,-0.6978370547294617
7302499840.0,-0.663399875164032
7303437312.0,-0.6286457777023315
7304374784.0,-0.5946325063705444
7305312256.0,-0.560880720615387
7306250240.0,-0.529041051864624
7307187712.0,-0.4983970522880554
7308125184.0,-0.4680410921573639
7309062656.0,-0.43956685066223145
7310000128.0,-0.41224026679992676
7310937600.0,-0.3858906030654907
7311875072.0,-0.36119544506073
7312812544.0,-0.3398229479789734
7313750016.0,-0.32182055711746216
7314687488.0,-0.3048142194747925
7315624960.0,-0.29059651494026184
7316562432.0,-0.27650997042655945
7317499904.0,-0.2645210921764374
7318437376.0,-0.25561439990997314
7319374848.0,-0.24732761085033417
7320312320.0,-0.24104121327400208
7321249792.0,-0.23630861937999725
7322187264.0,-0.23417818546295166
7323125248.0,-0.23395173251628876
7324062720.0,-0.3932926654815674
7325000192.0,-0.3915942907333374
7325937664.0,-0.39145028591156006
7326875136.0,-0.3919932246208191
7327812608.0,-0.3948850929737091
7328750080.0,-0.39863666892051697
7329687552.0,-0.40492624044418335
7330625024.0,-0.4107058048248291
7331562496.0,-0.4191970229148865
7332499968.0,-0.42778071761131287
7333437440.0,-0.4373280704021454
7334374912.0,-0.4472544491291046
7335312384.0,-0.4574829638004303
7336249856.0,-0.4688645005226135
7337187328.0,-0.4790596663951874
7338124800.0,-0.48932135105133057
7339062272.0,-0.4986000061035156
7340000256.0,-0.5074782967567444
7340937728.0,-0.5159638524055481
7341875200.0,-0.5227946639060974
7342812672.0,-0.5283811092376709
7343750144.0,-0.5350081324577332
7344687616.0,-0.5376036763191223
7345625088.0,-0.5414211750030518
7346562560.0,-0.542197048664093
7347500032.0,-0.5418702960014343
7348437504.0,-0.5408862233161926
7349374976.0,-0.5375276803970337
7350312448.0,-0.5326300859451294
7351249920.0,-0.5261892676353455
7352187392.0,-0.5184077620506287
7353124864.0,-0.511113703250885
7354062336.0,-0.5015285015106201
7354999808.0,-0.4916335940361023
7355937280.0,-0.48032110929489136
7356874752.0,-0.46825945377349854
7357812736.0,-0.4560752809047699
7358750208.0,-0.44258853793144226
7359687680.0,-0.42897602915763855
7360625152.0,-0.41504645347595215
7361562624.0,-0.40064874291419983
7362500096.0,-0.3863472044467926
7363437568.0,-0.3704005777835846
7364375040.0,-0.35295823216438293
7365312512.0,-0.33396440744400024
7366249984.0,-0.3169730305671692
7367187456.0,-0.2988615334033966
7368124928.0,-0.2812615633010864
7369062400.0,-0.262445867061615
7369999872.0,-0.24379293620586395
7370937344.0,-0.2248992621898651
7371874816.0,-0.2064553201198578
7372812288.0,-0.1868688315153122
7373749760.0,-0.16702359914779663
7374687744.0,-0.14958058297634125
7375625216.0,-0.1289098560810089
7376562688.0,-0.11009585857391357
7377500160.0,-0.0896996483206749
7378437632.0,-0.06845030188560486
7379375104.0,-0.047908443957567215
7380312576.0,-0.026647161692380905
7381250048.0,-0.00551467714831233
7382187520.0,0.016780272126197815
7383124992.0,0.038770873099565506
7384062464.0,0.05178762599825859
7384999936.0,0.05935520678758621
7385937408.0,0.06497722864151001
7386874880.0,0.07156054675579071
7387812352.0,0.07591840624809265
7388749824.0,0.08216346055269241
7389687296.0,0.08701355755329132
7390624768.0,0.0916505679488182
7391562752.0,0.09685927629470825
7392500224.0,0.10144144296646118
7393437696.0,0.10654117912054062
7394375168.0,0.11174900829792023
7395312640.0,0.11790986359119415
7396250112.0,0.12436510622501373
7397187584.0,0.13142260909080505
7398125056.0,0.13802126049995422
7399062528.0,0.14554545283317566
7400000000.0,0.15332484245300293
7400937472.0,0.1598534882068634
7401874944.0,0.16757191717624664
7402812416.0,0.1755530834197998
7403749888.0,0.1816422939300537
7404687360.0,0.1868613362312317
7405624832.0,0.19222953915596008
7406562304.0,0.19667775928974152
7407499776.0,0.1998048573732376
7408437248.0,0.1978994905948639
7409375232.0,0.1975419819355011
7410312704.0,0.19262567162513733
7411250176.0,0.1868373602628708
7412187648.0,0.1772228181362152
7413125120.0,0.1658594161272049
7414062592.0,0.1522793173789978
7415000064.0,0.13604721426963806
7415937536.0,0.11705968528985977
7416875008.0,0.09635277837514877
7417812480.0,0.07461167126893997
7418749952.0,0.05113650858402252
7419687424.0,0.027739478275179863
7420624896.0,0.0014953957870602608
7421562368.0,-0.024120580404996872
7422499840.0,-0.05051450803875923
7423437312.0,-0.07587610185146332
7424374784.0,-0.10062772780656815
7425312256.0,-0.125139057636261
7426250240.0,-0.14923237264156342
7427187712.0,-0.17099179327487946
7428125184.0,-0.19241303205490112
7429062656.0,-0.21194368600845337
7430000128.0,-0.2291712909936905
7430937600.0,-0.2457781732082367
7431875072.0,-0.2606448233127594
7432812544.0,-0.27312204241752625
7433750016.0,-0.2856060266494751
7434687488.0,-0.29512444138526917
7435624960.0,-0.3043193221092224
7436562432.0,-0.31258106231689453
7437499904.0,-0.3192670941352844
7438437376.0,-0.3257138729095459
7439374848.0,-0.33036479353904724
7440312320.0,-0.33289510011672974
7441249792.0,-0.33361995220184326
7442187264.0,-0.33349624276161194
7443125248.0,-0.33332008123397827
7444062720.0,-0.11345994472503662
7445000192.0,-0.09506648033857346
7445937664.0,-0.0785154178738594
7446875136.0,-0.06493108719587326
7447812608.0,-0.05447577312588692
7448750080.0,-0.046081092208623886
7449687552.0,-0.03904404863715172
7450625024.0,-0.03211372345685959
7451562496.0,-0.029030904173851013
7452499968.0,-0.025342775508761406
7453437440.0,-0.023608919233083725
7454374912.0,-0.020885663107037544
7455312384.0,-0.018749454990029335
7456249856.0,-0.01706765778362751
7457187328.0,-0.014229297637939453
7458124800.0,-0.012225426733493805
7459062272.0,-0.0070772115141153336
7459999744.0,-0.0028006169013679028
7460937728.0,0.0023786663077771664
7461875200.0,0.010154305025935173
7462812672.0,0.0178034920245409
7463750144.0,0.027425726875662804
7464687616.0,0.0359245240688324
7465625088.0,0.04615858569741249
7466562560.0,0.05785302817821503
7467500032.0,0.06925176829099655
7468437504.0,0.08056341111660004
7469374976.0,0.09289951622486115
7470312448.0,0.10571994632482529
7471249920.0,0.11687872558832169
7472187392.0,0.12883087992668152
7473124864.0,0.14014576375484467
7474062336.0,0.151426762342453
7474999808.0,0.16194748878479004
7475937280.0,0.17146587371826172
7476874752.0,0.18032008409500122
7477812736.0,0.18690666556358337
7478750208.0,0.19312812387943268
7479687680.0,0.19752243161201477
7480625152.0,0.2009219229221344
7481562624.0,0.20243197679519653
7482500096.0,0.20336399972438812
7483437568.0,0.20093151926994324
7484375040.0,0.19954240322113037
7485312512.0,0.19374556839466095
7486249984.0,0.18873468041419983
7487187456.0,0.18126356601715088
7488124928.0,0.17145104706287384
7489062400.0,0.16315288841724396
7489999872.0,0.15117357671260834
7490937344.0,0.13842858374118805
7491874816.0,0.1228049099445343
7492812288.0,0.10491952300071716
7493749760.0,0.08744122833013535
7494687744.0,0.06965917348861694
7495625216.0,0.05110549554228783
7496562688.0,0.03234419226646423
7497500160.0,0.013953334651887417
7498437632.0,-0.004878717940300703
7499375104.0,-0.02322756126523018
7500312576.0,-0.04021609202027321
7501250048.0,-0.056588832288980484
7502187520.0,-0.07327906787395477
7503124992.0,-0.08840695023536682
7504062464.0,-0.07171326130628586
7504999936.0,-0.08168407529592514
7505937408.0,-0.09129337221384048
7506874880.0,-0.10012590140104294
7507812352.0,-0.10905471444129944
7508749824.0,-0.11815039813518524
7509687296.0,-0.12621653079986572
7510624768.0,-0.13524414598941803
7511562752.0,-0.1421416699886322
7512500224.0,-0.14818358421325684
7513437696.0,-0.15486536920070648
7514375168.0,-0.16024455428123474
7515312640.0,-0.16447573900222778
7516250112.0,-0.16843819618225098
7517187584.0,-0.17231707274913788
7518125056.0,-0.17568939924240112
7519062528.0,-0.17718322575092316
7520000000.0,-0.17764654755592346
7520937472.0,-0.1788417398929596
7521874944.0,-0.17694523930549622
7522812416.0,-0.17481015622615814
7523749888.0,-0.1714412420988083
7524687360.0,-0.16768735647201538
7525624832.0,-0.1622258871793747
7526562304.0,-0.15706948935985565
7527499776.0,-0.1494874805212021
7528437248.0,-0.14116236567497253
7529375232.0,-0.130986750125885
7530312704.0,-0.12157204002141953
7531250176.0,-0.11083028465509415
7532187648.0,-0.09933597594499588
7533125120.0,-0.08737196028232574
7534062592.0,-0.07407563179731369
7535000064.0,-0.05983710289001465
7535937536.0,-0.04496884346008301
7536875008.0,-0.028831256553530693
7537812480.0,-0.012764209881424904
7538749952.0,0.0034911457914859056
7539687424.0,0.02014371193945408
7540624896.0,0.03858592361211777
7541562368.0,0.0559857152402401
7542499840.0,0.0764102041721344
7543437312.0,0.09679222851991653
7544374784.0,0.11758065223693848
7545312256.0,0.13818387687206268
7546250240.0,0.1592058539390564
7547187712.0,0.18007396161556244
7548125184.0,0.20063503086566925
7549062656.0,0.22078928351402283
7550000128.0,0.24084381759166718
7550937600.0,0.2608259916305542
7551875072.0,0.27935492992401123
7552812544.0,0.2989935874938965
7553750016.0,0.3166169226169586
7554687488.0,0.33320948481559753
7555624960.0,0.34992071986198425
7556562432.0,0.3654349148273468
7557499904.0,0.37850961089134216
7558437376.0,0.3913460373878479
7559374848.0,0.40206578373908997
7560312320.0,0.4099879562854767
7561249792.0,0.41822224855422974
7562187264.0,0.42281821370124817
7563125248.0,0.4266512095928192
7564062720.0,0.20735906064510345
7565000192.0,0.20668019354343414
7565937664.0,0.20563194155693054
7566875136.0,0.20315927267074585
7567812608.0,0.2003403604030609
7568750080.0,0.19781902432441711
7569687552.0,0.1934828907251358
7570625024.0,0.18834014236927032
7571562496.0,0.18248291313648224
7572499968.0,0.17566396296024323
7573437440.0,0.16799691319465637
7574374912.0,0.15789584815502167
7575312384.0,0.1483556181192398
7576249856.0,0.1361127495765686
7577187328.0,0.12328677624464035
7578124800.0,0.11070903390645981
7579062272.0,0.09519258886575699
7580000256.0,0.07993859052658081
7580937728.0,0.06335251033306122
7581875200.0,0.04665614664554596
7582812672.0,0.027816569432616234
7583750144.0,0.008842241950333118
7584687616.0,-0.008858826011419296
7585625088.0,-0.028217792510986328
7586562560.0,-0.04814201220870018
7587500032.0,-0.06803534179925919
7588437504.0,-0.08999273926019669
7589374976.0,-0.11065255850553513
7590312448.0,-0.12907497584819794
7591249920.0,-0.14944304525852203
7592187392.0,-0.16776466369628906
7593124864.0,-0.18747760355472565
7594062336.0,-0.20501196384429932
7594999808.0,-0.22213786840438843
7595937280.0,-0.2381712943315506
7596874752.0,-0.2529102563858032
7597812736.0,-0.2661893367767334
7598750208.0,-0.27772048115730286
7599687680.0,-0.28773000836372375
7600625152.0,-0.2966623902320862
7601562624.0,-0.30355146527290344
7602500096.0,-0.30875706672668457
7603437568.0,-0.31215521693229675
7604375040.0,-0.31268805265426636
7605312512.0,-0.3130641579627991
7606249984.0,-0.3102191686630249
7607187456.0,-0.30647769570350647
7608124928.0,-0.299570769071579
7609062400.0,-0.29126203060150146
7609999872.0,-0.28144338726997375
7610937344.0,-0.26811137795448303
7611874816.0,-0.25433382391929626
7612812288.0,-0.23705288767814636
7613749760.0,-0.21911342442035675
7614687744.0,-0.19975566864013672
7615625216.0,-0.17794254422187805
7616562688.0,-0.1542351394891739
7617500160.0,-0.13113154470920563
7618437632.0,-0.10556615144014359
7619375104.0,-0.07901173830032349
7620312576.0,-0.05179135128855705
7621250048.0,-0.0237440038472414
7622187520.0,0.0038933942560106516
7623124992.0,0.03182065114378929
7624062464.0,0.06008974090218544
7624999936.0,0.08760133385658264
7625937408.0,0.11468569189310074
7626874880.0,0.14086562395095825
7627812352.0,0.16519610583782196
7628749824.0,0.18869392573833466
7629687296.0,0.2115504890680313
7630624768.0,0.2332998514175415
7631562752.0,0.251101553440094
7632500224.0,0.2694752514362335
7633437696.0,0.2850915193557739
7634375168.0,0.2993677854537964
7635312640.0,0.3109939694404602
7636250112.0,0.3211943805217743
7637187584.0,0.32940274477005005
7638125056.0,0.3364003002643585
7639062528.0,0.33953857421875
7640000000.0,0.3414956033229828
7640937472.0,0.3411272466182709
7641874944.0,0.3393144905567169
7642812416.0,0.33585289120674133
7643749888.0,0.3293638229370117
7644687360.0,0.3234269618988037
7645624832.0,0.31456196308135986
7646562304.0,0.3041935861110687
7647499776.0,0.2918817400932312
7648437248.0,0.2789419889450073
7649375232.0,0.2630418837070465
7650312704.0,0.24664632976055145
7651250176.0,0.22901739180088043
7652187648.0,0.20947681367397308
7653125120.0,0.18885289132595062
7654062592.0,0.16732773184776306
7655000064.0,0.14482004940509796
7655937536.0,0.1211061030626297
7656875008.0,0.0970882922410965
7657812480.0,0.0717933177947998
7658749952.0,0.046359188854694366
7659687424.0,0.020050818100571632
7660624896.0,-0.00661996565759182
7661562368.0,-0.032862722873687744
7662499840.0,-0.05870894715189934
7663437312.0,-0.08494536578655243
7664374784.0,-0.11104961484670639
7665312256.0,-0.13539427518844604
7666250240.0,-0.16113878786563873
7667187712.0,-0.1840968132019043
7668125184.0,-0.20591577887535095
7669062656.0,-0.22647351026535034
7670000128.0,-0.24603012204170227
7670937600.0,-0.2635844945907593
7671875072.0,-0.2792570888996124
7672812544.0,-0.2936062514781952
7673750016.0,-0.30484452843666077
7674687488.0,-0.3133748769760132
7675624960.0,-0.3211628496646881
7676562432.0,-0.32529106736183167
7677499904.0,-0.32732027769088745
7678437376.0,-0.3269505798816681
7679374848.0,-0.32359781861305237
7680312320.0,-0.3178121745586395
7681249792.0,-0.30988818407058716
7682187264.0,-0.29986336827278137
7683125248.0,-0.2874661982059479
7684062720.0,-0.26476937532424927
7685000192.0,-0.2550220489501953
7685937664.0,-0.24378086626529694
7686875136.0,-0.23016810417175293
7687812608.0,-0.215055450797081
7688750080.0,-0.1990397572517395
7689687552.0,-0.18187421560287476
7690625024.0,-0.1634426712989807
7691562496.0,-0.14445175230503082
7692499968.0,-0.12419918179512024
7693437440.0,-0.104006327688694
7694374912.0,-0.08363505452871323
7695312384.0,-0.06587900221347809
7696249856.0,-0.0470920205116272
7697187328.0,-0.02971647121012211
7698124800.0,-0.011399424634873867
7699062272.0,0.0066838632337749004
7699999744.0,0.023405104875564575
7700937728.0,0.039901670068502426
7701875200.0,0.056664858013391495
7702812672.0,0.07290422171354294
7703750144.0,0.08688084036111832
7704687616.0,0.10082589089870453
7705625088.0,0.11451568454504013
7706562560.0,0.12694770097732544
7707500032.0,0.1376650631427765
7708437504.0,0.14952242374420166
7709374976.0,0.15921783447265625
7710312448.0,0.16741979122161865
7711249920.0,0.1777680218219757
7712187392.0,0.18596358597278595
7713124864.0,0.1934775710105896
7714062336.0,0.20110882818698883
7714999808.0,0.20788678526878357
7715937280.0,0.2150527983903885
7716874752.0,0.22064650058746338
7717812736.0,0.22636778652668
7718750208.0,0.23190313577651978
7719687680.0,0.2377423644065857
7720625152.0,0.241017147898674
7721562624.0,0.24523822963237762
7722500096.0,0.24755066633224487
7723437568.0,0.24869735538959503
7724375040.0,0.2512560486793518
7725312512.0,0.2507847845554352
7726249984.0,0.25064730644226074
7727187456.0,0.25008425116539
7728124928.0,0.24731294810771942
7729062400.0,0.24396514892578125
7729999872.0,0.23946604132652283
7730937344.0,0.23213373124599457
7731874816.0,0.22608314454555511
7732812288.0,0.21673282980918884
7733749760.0,0.20581252872943878
7734687744.0,0.1931418478488922
7735625216.0,0.18021999299526215
7736562688.0,0.1651909500360489
7737500160.0,0.14888960123062134
7738437632.0,0.13014377653598785
7739375104.0,0.11179681122303009
7740312576.0,0.0912301167845726
7741250048.0,0.0696239024400711
7742187520.0,0.04585553705692291
7743124992.0,0.022284192964434624
7744062464.0,-0.017938386648893356
7744999936.0,-0.022549374029040337
7745937408.0,-0.02732889913022518
7746874880.0,-0.03343222290277481
7747812352.0,-0.04084846004843712
7748749824.0,-0.04962555319070816
7749687296.0,-0.060548871755599976
7750624768.0,-0.0717155709862709
7751562752.0,-0.08420329540967941
7752500224.0,-0.09786849468946457
7753437696.0,-0.11328891664743423
7754375168.0,-0.12970499694347382
7755312640.0,-0.1459270566701889
7756250112.0,-0.16455237567424774
7757187584.0,-0.1824299693107605
7758125056.0,-0.20152023434638977
7759062528.0,-0.2196217030286789
7760000000.0,-0.2400299310684204
7760937472.0,-0.259154349565506
7761874944.0,-0.2777198553085327
7762812416.0,-0.2951870560646057
7763749888.0,-0.3126037120819092
7764687360.0,-0.3301010727882385
7765624832.0,-0.3456147611141205
7766562304.0,-0.35966208577156067
7767499776.0,-0.37349000573158264
7768437248.0,-0.385097861289978
7769375232.0,-0.3948570787906647
7770312704.0,-0.4024147689342499
7771250176.0,-0.40898749232292175
7772187648.0,-0.4134536683559418
7773125120.0,-0.41584235429763794
7774062592.0,-0.4163503050804138
7775000064.0,-0.4141581058502197
7775937536.0,-0.40885618329048157
7776875008.0,-0.4023401439189911
7777812480.0,-0.39223551750183105
7778749952.0,-0.38153162598609924
7779687424.0,-0.3661145865917206
7780624896.0,-0.34959542751312256
7781562368.0,-0.3313104212284088
7782499840.0,-0.3111855387687683
7783437312.0,-0.28778812289237976
7784374784.0,-0.2630408704280853
7785312256.0,-0.23575866222381592
7786250240.0,-0.2076059728860855
7787187712.0,-0.17873427271842957
7788125184.0,-0.14639879763126373
7789062656.0,-0.11499741673469543
7790000128.0,-0.08153514564037323
7790937600.0,-0.04731437563896179
7791875072.0,-0.014143482781946659
7792812544.0,0.020807527005672455
7793750016.0,0.05375565588474274
7794687488.0,0.0874616950750351
7795624960.0,0.12112374603748322
7796562432.0,0.15315736830234528
7797499904.0,0.1837952435016632
7798437376.0,0.21326935291290283
7799374848.0,0.2413647323846817
7800312320.0,0.26699620485305786
7801249792.0,0.2909364104270935
7802187264.0,0.3134414553642273
7803125248.0,0.3327469825744629
7804062720.0,0.16280949115753174
7805000192.0,0.17454303801059723
7805937664.0,0.18569374084472656
7806875136.0,0.19393369555473328
7807812608.0,0.20194074511528015
7808750080.0,0.207500159740448
7809687552.0,0.21079248189926147
7810625024.0,0.2126600742340088
7811562496.0,0.2122827023267746
7812499968.0,0.2092697024345398
7813437440.0,0.20450164377689362
7814374912.0,0.1970401108264923
7815312384.0,0.18682491779327393
7816249856.0,0.17337970435619354
7817187328.0,0.15973985195159912
7818124800.0,0.1423950046300888
7819062272.0,0.1235278844833374
7820000256.0,0.10306897759437561
7820937728.0,0.08027704805135727
7821875200.0,0.057582441717386246
7822812672.0,0.03261198475956917
7823750144.0,0.007720865774899721
7824687616.0,-0.01888497732579708
7825625088.0,-0.04582645744085312
7826562560.0,-0.0735272616147995
7827500032.0,-0.10124214738607407
7828437504.0,-0.12991587817668915
7829374976.0,-0.15729914605617523
7830312448.0,-0.18618544936180115
7831249920.0,-0.21515655517578125
7832187392.0,-0.24151313304901123
7833124864.0,-0.26812052726745605
7834062336.0,-0.29458820819854736
7834999808.0,-0.31961068511009216
7835937280.0,-0.34228968620300293
7836874752.0,-0.3641621768474579
7837812736.0,-0.3844461441040039
7838750208.0,-0.4022025763988495
7839687680.0,-0.41813698410987854
7840625152.0,-0.43374595046043396
7841562624.0,-0.44551244378089905
7842500096.0,-0.4569198787212372
7843437568.0,-0.46364814043045044
7844375040.0,-0.47066545486450195
7845312512.0,-0.47468727827072144
7846249984.0,-0.47715723514556885
7847187456.0,-0.47665709257125854
7848124928.0,-0.4718969166278839
7849062400.0,-0.465105801820755
7849999872.0,-0.45664551854133606
7850937344.0,-0.44677722454071045
7851874816.0,-0.4349548816680908
7852812288.0,-0.4235239624977112
7853749760.0,-0.40963196754455566
7854687744.0,-0.39441022276878357
7855625216.0,-0.3791314959526062
7856562688.0,-0.3638448119163513
7857500160.0,-0.3464859426021576
7858437632.0,-0.32799771428108215
7859375104.0,-0.30945974588394165
7860312576.0,-0.2906942665576935
7861250048.0,-0.2717857360839844
7862187520.0,-0.2534177303314209
7863124992.0,-0.23561404645442963
7864062464.0,-0.21673926711082458
7864999936.0,-0.1987174153327942
7865937408.0,-0.18028570711612701
7866874880.0,-0.1632024645805359
7867812352.0,-0.14562363922595978
7868749824.0,-0.1270197480916977
7869687296.0,-0.10768983513116837
7870624768.0,-0.09081452339887619
7871562752.0,-0.07390671968460083
7872500224.0,-0.05469959229230881
7873437696.0,-0.037565067410469055
7874375168.0,-0.02123582735657692
7875312640.0,-0.004681653343141079
7876250112.0,0.009668719954788685
7877187584.0,0.02308880351483822
7878125056.0,0.03573998436331749
7879062528.0,0.045616764575242996
7880000000.0,0.05415169894695282
7880937472.0,0.06161462515592575
7881874944.0,0.06567858904600143
7882812416.0,0.06700298935174942
7883749888.0,0.06767597794532776
7884687360.0,0.06333176791667938
7885624832.0,0.057851459830999374
7886562304.0,0.048725154250860214
7887499776.0,0.03725901618599892
7888437248.0,0.023325860500335693
7889375232.0,0.007536593824625015
7890312704.0,-0.011057097464799881
7891250176.0,-0.03256740793585777
7892187648.0,-0.05508257448673248
7893125120.0,-0.07932674139738083
7894062592.0,-0.10489615052938461
7895000064.0,-0.13027158379554749
7895937536.0,-0.15788942575454712
7896875008.0,-0.18550221621990204
7897812480.0,-0.21361714601516724
7898749952.0,-0.2417536824941635
7899687424.0,-0.2716686725616455
7900624896.0,-0.2995179295539856
7901562368.0,-0.32845088839530945
7902499840.0,-0.3558366298675537
7903437312.0,-0.38108348846435547
7904374784.0,-0.40698131918907166
7905312256.0,-0.42945078015327454
7906250240.0,-0.4522886276245117
7907187712.0,-0.47362270951271057
7908125184.0,-0.4950796663761139
7909062656.0,-0.5157107710838318
7910000128.0,-0.5340495109558105
7910937600.0,-0.5526236295700073
7911875072.0,-0.5704940557479858
7912812544.0,-0.5885151028633118
7913750016.0,-0.6060344576835632
7914687488.0,-0.6242312788963318
7915624960.0,-0.6429268717765808
7916562432.0,-0.6605189442634583
7917499904.0,-0.6788779497146606
7918437376.0,-0.6978996992111206
7919374848.0,-0.716500461101532
7920312320.0,-0.7358270287513733
7921249792.0,-0.7577201724052429
7922187264.0,-0.7777354717254639
7923125248.0,-0.7993324995040894
7924062720.0,-0.8395057320594788
7925000192.0,-0.8447683453559875
7925937664.0,-0.8488299250602722
7926875136.0,-0.8532119989395142
7927812608.0,-0.8574038743972778
7928750080.0,-0.8608430624008179
7929687552.0,-0.8641395568847656
7930625024.0,-0.8662328124046326
7931562496.0,-0.8697746396064758
7932499968.0,-0.8727055788040161
7933437440.0,-0.8742486834526062
7934374912.0,-0.8752164244651794
7935312384.0,-0.8759859204292297
7936249856.0,-0.8755337595939636
7937187328.0,-0.8738168478012085
7938124800.0,-0.8710343837738037
7939062272.0,-0.8666710257530212
7939999744.0,-0.861190915107727
7940937728.0,-0.854843258857727
7941875200.0,-0.8488410711288452
7942812672.0,-0.8379315733909607
7943750144.0,-0.826571524143219
7944687616.0,-0.814729630947113
7945625088.0,-0.8006556034088135
7946562560.0,-0.783718466758728
7947500032.0,-0.7664203643798828
7948437504.0,-0.7476975321769714
7949374976.0,-0.7278040647506714
7950312448.0,-0.7064080238342285
7951249920.0,-0.685152530670166
7952187392.0,-0.6610375642776489
7953124864.0,-0.6377100944519043
7954062336.0,-0.6110836863517761
7954999808.0,-0.5846781730651855
7955937280.0,-0.5581352114677429
7956874752.0,-0.5304465293884277
7957812736.0,-0.5021378993988037
7958750208.0,-0.4741395115852356
7959687680.0,-0.4463156759738922
7960625152.0,-0.4178343415260315
7961562624.0,-0.3911488354206085
7962500096.0,-0.3638237416744232
7963437568.0,-0.3369333744049072
7964375040.0,-0.31103625893592834
7965312512.0,-0.28573060035705566
7966249984.0,-0.2609300911426544
7967187456.0,-0.23828014731407166
7968124928.0,-0.21660517156124115
7969062400.0,-0.19567431509494781
7969999872.0,-0.1772497445344925
7970937344.0,-0.15948759019374847
7971874816.0,-0.14502960443496704
7972812288.0,-0.13072927296161652
7973749760.0,-0.11849410086870193
7974687744.0,-0.10935921221971512
7975625216.0,-0.10251765698194504
7976562688.0,-0.09809229522943497
7977500160.0,-0.09441034495830536
7978437632.0,-0.09313977509737015
7979375104.0,-0.09379635006189346
7980312576.0,-0.09627781063318253
7981250048.0,-0.10115189105272293
7982187520.0,-0.10721288621425629
7983124992.0,-0.11478046327829361
7984062464.0,-0.23627564311027527
7984999936.0,-0.23935885727405548
7985937408.0,-0.24137291312217712
7986874880.0,-0.24556344747543335
7987812352.0,-0.2494359314441681
7988749824.0,-0.2545437216758728
7989687296.0,-0.2603178322315216
7990624768.0,-0.2659178078174591
7991562752.0,-0.2727375626564026
7992500224.0,-0.28086403012275696
7993437696.0,-0.2875889539718628
7994375168.0,-0.29745417833328247
7995312640.0,-0.30646002292633057
7996250112.0,-0.3145984709262848
7997187584.0,-0.32555392384529114
7998125056.0,-0.3364678621292114
7999062528.0,-0.3469262719154358
8000000000.0,-0.3550054132938385
