Frequency (Hz),Measurement
2000000000.0,0.19701041281223297
2000937472.0,0.19027064740657806
2001874944.0,0.1815968155860901
2002812544.0,0.17189471423625946
2003750016.0,0.16190063953399658
2004687488.0,0.15210218727588654
2005624960.0,0.14084316790103912
2006562560.0,0.12954017519950867
2007500032.0,0.11731664091348648
2008437504.0,0.10420707613229752
2009374976.0,0.09140308946371078
2010312448.0,0.07786315679550171
2011250048.0,0.06237288564443588
2012187520.0,0.04923059418797493
2013124992.0,0.034551121294498444
2014062464.0,0.02024523727595806
2015000064.0,0.00607320386916399
2015937536.0,-0.008847077377140522
2016875008.0,-0.021347766742110252
2017812480.0,-0.03476107865571976
2018749952.0,-0.048087868839502335
2019687552.0,-0.05889420211315155
2020625024.0,-0.0702708289027214
2021562496.0,-0.07892861217260361
2022499968.0,-0.0877932533621788
2023437440.0,-0.09508273005485535
2024375040.0,-0.10103509575128555
2025312512.0,-0.10545568913221359
2026249984.0,-0.10844356566667557
2027187456.0,-0.1100807636976242
2028125056.0,-0.10951338708400726
2029062528.0,-0.10888580977916718
2030000000.0,-0.10502739250659943
2030937472.0,-0.10031037032604218
2031874944.0,-0.09496419131755829
2032812544.0,-0.08652462065219879
2033750016.0,-0.07785557955503464
2034687488.0,-0.0677075982093811
2035624960.0,-0.05674443766474724
2036562560.0,-0.04447925090789795
2037500032.0,-0.03222161903977394
2038437504.0,-0.017929306253790855
2039374976.0,-0.0032746808137744665
2040312448.0,0.010361316613852978
2041250048.0,0.02422424592077732
2042187520.0,0.03874112293124199
2043124992.0,0.052808914333581924
2044062464.0,0.06633631139993668
2044999936.0,0.07974700629711151
2045937536.0,0.09285136312246323
2046875008.0,0.10378847271203995
2047812480.0,0.11399558186531067
2048749952.0,0.11222146451473236
2049687552.0,0.12116874754428864
2050625024.0,0.1290547400712967
2051562496.0,0.13461972773075104
2052499968.0,0.13822272419929504
2053437440.0,0.14067253470420837
2054375040.0,0.14078781008720398
2055312512.0,0.13931287825107574
2056249984.0,0.13570795953273773
2057187456.0,0.12888190150260925
2058125056.0,0.12047909200191498
2059062528.0,0.10995294153690338
2060000000.0,0.09897132962942123
2060937472.0,0.08540824055671692
2061874944.0,0.07125426828861237
2062812544.0,0.0553661547601223
2063750016.0,0.03829056769609451
2064687488.0,0.020836709067225456
2065624960.0,0.0029598418623209
2066562560.0,-0.014501458965241909
2067500032.0,-0.031318359076976776
2068437504.0,-0.04780613258481026
2069374976.0,-0.06359701603651047
2070312448.0,-0.07850534468889236
2071250048.0,-0.09121523797512054
2072187520.0,-0.10306552797555923
2073124992.0,-0.11239657551050186
2074062464.0,-0.12096095085144043
2075000064.0,-0.1261957287788391
2075937536.0,-0.12961210310459137
2076875008.0,-0.13094539940357208
2077812480.0,-0.1308245062828064
2078749952.0,-0.12865722179412842
2079687552.0,-0.12341821193695068
2080625024.0,-0.11797451227903366
2081562496.0,-0.11086174845695496
2082499968.0,-0.10122444480657578
2083437440.0,-0.09064608812332153
2084375040.0,-0.08062756806612015
2085312512.0,-0.06852607429027557
2086249984.0,-0.05568690598011017
2087187456.0,-0.04319676756858826
2088125056.0,-0.03135772794485092
2089062528.0,-0.01864021085202694
2090000000.0,-0.007406528107821941
2090937472.0,0.003520886180922389
2091874944.0,0.014148625545203686
2092812544.0,0.024092672392725945
2093750016.0,0.032636165618896484
2094687488.0,0.04154996573925018
2095624960.0,0.04981806501746178
2096562560.0,0.055190492421388626
2097500032.0,0.06194351986050606
2098437504.0,0.0666516125202179
2099374976.0,0.07149352133274078
2100312448.0,0.07647772878408432
2101250048.0,0.08066897839307785
2102187520.0,0.0845697820186615
2103124992.0,0.08964765071868896
2104062464.0,0.09426246583461761
2104999936.0,0.098778136074543
2105937536.0,0.10387858003377914
2106875008.0,0.10848148167133331
2107812480.0,0.11306320130825043
2108749952.0,0.14346545934677124
2109687552.0,0.1498824506998062
2110625024.0,0.15513528883457184
2111562496.0,0.16023652255535126
2112499968.0,0.16366024315357208
2113437440.0,0.16714927554130554
2114375040.0,0.16844865679740906
2115312512.0,0.17016659677028656
2116249984.0,0.16945023834705353
2117187456.0,0.16793271899223328
2118125056.0,0.1644909381866455
2119062528.0,0.15997597575187683
2120000000.0,0.15357732772827148
2120937472.0,0.14607898890972137
2121874944.0,0.13840016722679138
2122812544.0,0.12897543609142303
2123750016.0,0.11809124052524567
2124687488.0,0.10662952810525894
2125624960.0,0.0945747047662735
2126562560.0,0.08090168982744217
2127500032.0,0.06785616278648376
2128437504.0,0.05350195989012718
2129374976.0,0.03982675075531006
2130312448.0,0.02683529257774353
2131250048.0,0.014164736494421959
2132187520.0,0.0008826253470033407
2133124992.0,-0.011890594847500324
2134062464.0,-0.023408785462379456
2135000064.0,-0.03369038552045822
2135937536.0,-0.04235539585351944
2136875008.0,-0.05134207010269165
2137812480.0,-0.058049194514751434
2138749952.0,-0.06341911852359772
2139687552.0,-0.06852732598781586
2140625024.0,-0.07111656665802002
2141562496.0,-0.07196804881095886
2142499968.0,-0.07183368504047394
2143437440.0,-0.0703248456120491
2144375040.0,-0.0677943229675293
2145312512.0,-0.06306761503219604
2146249984.0,-0.05769536271691322
2147187456.0,-0.051923006772994995
2148124928.0,-0.04395383596420288
2149062400.0,-0.036857232451438904
2150000128.0,-0.02826595865190029
2150937600.0,-0.018763676285743713
2151875072.0,-0.009885766543447971
2152812544.0,-0.0009966992074623704
2153750016.0,0.007816881872713566
2154687488.0,0.017681870609521866
2155624960.0,0.02765832468867302
2156562432.0,0.03608475252985954
2157499904.0,0.04404198378324509
2158437376.0,0.05185819789767265
2159375104.0,0.058774955570697784
2160312576.0,0.06537031382322311
2161250048.0,0.06980375200510025
2162187520.0,0.07534561306238174
2163124992.0,0.07869226485490799
2164062464.0,0.08197831362485886
2164999936.0,0.0854027196764946
2165937408.0,0.08850190788507462
2166874880.0,0.08970164507627487
2167812608.0,0.09163663536310196
2168750080.0,0.16452039778232574
2169687552.0,0.16555999219417572
2170625024.0,0.16632913053035736
2171562496.0,0.1631251573562622
2172499968.0,0.15898512303829193
2173437440.0,0.1539703756570816
2174374912.0,0.14746886491775513
2175312384.0,0.13918840885162354
2176250112.0,0.1305423229932785
2177187584.0,0.11992994695901871
2178125056.0,0.10928166657686234
2179062528.0,0.09654995054006577
2180000000.0,0.08421351760625839
2180937472.0,0.07128491252660751
2181874944.0,0.05819815397262573
2182812416.0,0.04345652461051941
2183749888.0,0.02986694499850273
2184687616.0,0.016401711851358414
2185625088.0,0.0026966079603880644
2186562560.0,-0.010166346095502377
2187500032.0,-0.022594373673200607
2188437504.0,-0.035120926797389984
2189374976.0,-0.0459107980132103
2190312448.0,-0.05547719448804855
2191249920.0,-0.06642891466617584
2192187392.0,-0.07634972035884857
2193125120.0,-0.0840492695569992
2194062592.0,-0.09184035658836365
2195000064.0,-0.0973186269402504
2195937536.0,-0.10342079401016235
2196875008.0,-0.10833695530891418
2197812480.0,-0.11062505841255188
2198749952.0,-0.11394359916448593
2199687424.0,-0.11576006561517715
2200624896.0,-0.11646024882793427
2201562624.0,-0.11565186828374863
2202500096.0,-0.11547929048538208
2203437568.0,-0.11490203440189362
2204375040.0,-0.11368642002344131
2205312512.0,-0.11057432740926743
2206249984.0,-0.1068636104464531
2207187456.0,-0.10390914976596832
2208124928.0,-0.09987382590770721
2209062400.0,-0.09567244350910187
2209999872.0,-0.0909954383969307
2210937600.0,-0.08598331362009048
2211875072.0,-0.07884366065263748
2212812544.0,-0.07217276841402054
2213750016.0,-0.06518971920013428
2214687488.0,-0.05824076384305954
2215624960.0,-0.05020058900117874
2216562432.0,-0.04277629405260086
2217499904.0,-0.034903060644865036
2218437376.0,-0.026520218700170517
2219375104.0,-0.017655637115240097
2220312576.0,-0.009239885956048965
2221250048.0,-0.0005723944050259888
2222187520.0,0.008891701698303223
2223124992.0,0.018897265195846558
2224062464.0,0.028780926018953323
2224999936.0,0.03918898478150368
2225937408.0,0.04858836159110069
2226874880.0,0.05964478850364685
2227812608.0,0.06938037276268005
2228750080.0,0.07555659860372543
2229687552.0,0.0844745934009552
2230625024.0,0.09136765450239182
2231562496.0,0.09967835247516632
2232499968.0,0.10734923928976059
2233437440.0,0.11275159567594528
2234374912.0,0.11785142868757248
2235312384.0,0.12154657393693924
2236250112.0,0.12284321337938309
2237187584.0,0.12345408648252487
2238125056.0,0.12166743725538254
2239062528.0,0.11805054545402527
2240000000.0,0.11356478929519653
2240937472.0,0.10711550712585449
2241874944.0,0.09891524910926819
2242812416.0,0.0906897559762001
2243749888.0,0.08101142197847366
2244687616.0,0.06935625523328781
2245625088.0,0.05820615589618683
2246562560.0,0.043668944388628006
2247500032.0,0.030557312071323395
2248437504.0,0.016125433146953583
2249374976.0,1.6873249478521757e-05
2250312448.0,-0.015463320538401604
2251249920.0,-0.03282204270362854
2252187392.0,-0.05083451792597771
2253125120.0,-0.06920420378446579
2254062592.0,-0.08741257339715958
2255000064.0,-0.10617644339799881
2255937536.0,-0.12588489055633545
2256875008.0,-0.14493027329444885
2257812480.0,-0.16497676074504852
2258749952.0,-0.1848231554031372
2259687424.0,-0.20340296626091003
2260624896.0,-0.22332264482975006
2261562624.0,-0.24131299555301666
2262500096.0,-0.2588413655757904
2263437568.0,-0.27515125274658203
2264375040.0,-0.29062420129776
2265312512.0,-0.3056410849094391
2266249984.0,-0.3193150758743286
2267187456.0,-0.3309635519981384
2268124928.0,-0.3409261405467987
2269062400.0,-0.3500795364379883
2270000128.0,-0.3583095967769623
2270937600.0,-0.3656577467918396
2271875072.0,-0.37063732743263245
2272812544.0,-0.37300074100494385
2273750016.0,-0.3764185905456543
2274687488.0,-0.3768298029899597
2275624960.0,-0.37486541271209717
2276562432.0,-0.3736610412597656
2277499904.0,-0.36980485916137695
2278437376.0,-0.3651786148548126
2279375104.0,-0.3593222498893738
2280312576.0,-0.35141003131866455
2281250048.0,-0.3433653712272644
2282187520.0,-0.33408811688423157
2283124992.0,-0.32532474398612976
2284062464.0,-0.31471362709999084
2284999936.0,-0.30434179306030273
2285937408.0,-0.2936246991157532
2286874880.0,-0.2832401394844055
2287812608.0,-0.2732837498188019
2288750080.0,-0.28737685084342957
2289687552.0,-0.289888858795166
2290625024.0,-0.29346752166748047
2291562496.0,-0.29700538516044617
2292499968.0,-0.2999153435230255
2293437440.0,-0.3035425841808319
2294374912.0,-0.3091517984867096
2295312384.0,-0.31507015228271484
2296250112.0,-0.3217308521270752
2297187584.0,-0.32914623618125916
2298125056.0,-0.3391048312187195
2299062528.0,-0.34862542152404785
2300000000.0,-0.36112797260284424
2300937472.0,-0.37481147050857544
2301874944.0,-0.39109691977500916
2302812416.0,-0.4087873101234436
2303749888.0,-0.4293293356895447
2304687616.0,-0.4527635872364044
2305625088.0,-0.47745203971862793
2306562560.0,-0.5051079392433167
2307500032.0,-0.5350862741470337
2308437504.0,-0.5679560303688049
2309374976.0,-0.601454496383667
2310312448.0,-0.6271060109138489
2311249920.0,-0.6559594869613647
2312187392.0,-0.6857989430427551
2313125120.0,-0.7165263295173645
2314062592.0,-0.7477191686630249
2315000064.0,-0.7815024256706238
2315937536.0,-0.8155190944671631
2316875008.0,-0.8501409292221069
2317812480.0,-0.885211706161499
2318749952.0,-0.9209079742431641
2319687424.0,-0.9551650881767273
2320624896.0,-0.9898008108139038
2321562624.0,-1.0235425233840942
2322500096.0,-1.0548862218856812
2323437568.0,-1.0856963396072388
2324375040.0,-1.1141467094421387
2325312512.0,-1.1404207944869995
2326249984.0,-1.1647522449493408
2327187456.0,-1.1878340244293213
2328124928.0,-1.2069157361984253
2329062400.0,-1.2254430055618286
2329999872.0,-1.2410560846328735
2330937600.0,-1.2541825771331787
2331875072.0,-1.2642163038253784
2332812544.0,-1.2708638906478882
2333750016.0,-1.275573968887329
2334687488.0,-1.277194857597351
2335624960.0,-1.2757264375686646
2336562432.0,-1.2719719409942627
2337499904.0,-1.2663764953613281
2338437376.0,-1.2587916851043701
2339375104.0,-1.2499521970748901
2340312576.0,-1.2379902601242065
2341250048.0,-1.2252376079559326
2342187520.0,-1.2103228569030762
2343124992.0,-1.1949530839920044
2344062464.0,-1.1784477233886719
2344999936.0,-1.1615692377090454
2345937408.0,-1.1441644430160522
2346874880.0,-1.1261167526245117
2347812608.0,-1.109714388847351
2348750080.0,-1.0772196054458618
2349687552.0,-1.0645047426223755
2350625024.0,-1.0515778064727783
2351562496.0,-1.0394964218139648
2352499968.0,-1.0268235206604004
2353437440.0,-1.0166841745376587
2354374912.0,-1.0042197704315186
2355312384.0,-0.9952884912490845
2356250112.0,-0.9865227341651917
2357187584.0,-0.9779987931251526
2358125056.0,-0.9720858931541443
2359062528.0,-0.9666498899459839
2360000000.0,-0.9631400108337402
2360937472.0,-0.9600127935409546
2361874944.0,-0.959937572479248
2362812416.0,-0.9605174660682678
2363749888.0,-0.9637682437896729
2364687616.0,-0.9688776135444641
2365625088.0,-0.9751752614974976
2366562560.0,-0.9827977418899536
2367500032.0,-0.9904882311820984
2368437504.0,-1.0000030994415283
2369374976.0,-1.008998155593872
2370312448.0,-1.0186256170272827
2371249920.0,-1.0283743143081665
2372187392.0,-1.037833571434021
2373125120.0,-1.0460162162780762
2374062592.0,-1.052986979484558
2375000064.0,-1.0572010278701782
2375937536.0,-1.0597021579742432
2376875008.0,-1.0592515468597412
2377812480.0,-1.0554115772247314
2378749952.0,-1.0488728284835815
2379687424.0,-1.0390254259109497
2380624896.0,-1.0269900560379028
2381562624.0,-1.00912344455719
2382500096.0,-0.9904762506484985
2383437568.0,-0.9677811861038208
2384375040.0,-0.942381739616394
2385312512.0,-0.9151157736778259
2386249984.0,-0.8838974237442017
2387187456.0,-0.8531923890113831
2388124928.0,-0.8198577165603638
2389062400.0,-0.7860511541366577
2390000128.0,-0.750817596912384
2390937600.0,-0.7150658369064331
2391875072.0,-0.6801323294639587
2392812544.0,-0.645418643951416
2393750016.0,-0.6107578873634338
2394687488.0,-0.5769566893577576
2395624960.0,-0.5442979335784912
2396562432.0,-0.5131872296333313
2397499904.0,-0.48225289583206177
2398437376.0,-0.4521597921848297
2399375104.0,-0.4234868288040161
2400312576.0,-0.3954309821128845
2401250048.0,-0.36808422207832336
2402187520.0,-0.34243664145469666
2403124992.0,-0.3163299262523651
2404062464.0,-0.2906140387058258
2404999936.0,-0.2655637860298157
2405937408.0,-0.2416134923696518
2406874880.0,-0.21780610084533691
2407812608.0,-0.19531144201755524
2408750080.0,-0.12093005329370499
2409687552.0,-0.09823101758956909
2410625024.0,-0.07729029655456543
2411562496.0,-0.05774056911468506
2412499968.0,-0.04015139117836952
2413437440.0,-0.024654226377606392
2414374912.0,-0.010113269090652466
2415312384.0,0.0015832693316042423
2416250112.0,0.009500033222138882
2417187584.0,0.015118861570954323
2418125056.0,0.017343763262033463
2419062528.0,0.01620488241314888
2420000000.0,0.010626065544784069
2420937472.0,0.0030607394874095917
2421874944.0,-0.007845645770430565
2422812416.0,-0.022067323327064514
2423749888.0,-0.038842178881168365
2424687616.0,-0.059205953031778336
2425625088.0,-0.08212246745824814
2426562560.0,-0.10701985657215118
2427500032.0,-0.13418497145175934
2428437504.0,-0.1616603285074234
2429374976.0,-0.19119194149971008
2430312448.0,-0.22153149545192719
2431249920.0,-0.25172415375709534
2432187392.0,-0.28119298815727234
2433125120.0,-0.3103926479816437
2434062592.0,-0.3369745910167694
2435000064.0,-0.36279845237731934
2435937536.0,-0.3856164216995239
2436875008.0,-0.4062851667404175
2437812480.0,-0.42348065972328186
2438749952.0,-0.43689489364624023
2439687424.0,-0.44807547330856323
2440624896.0,-0.4560164511203766
2441562624.0,-0.46008163690567017
2442500096.0,-0.45824944972991943
2443437568.0,-0.45532122254371643
2444375040.0,-0.4481927454471588
2445312512.0,-0.43751224875450134
2446249984.0,-0.4239794611930847
2447187456.0,-0.40595757961273193
2448124928.0,-0.38522663712501526
2449062400.0,-0.3629181385040283
2449999872.0,-0.337294340133667
2450937600.0,-0.3101152777671814
2451875072.0,-0.28103962540626526
2452812544.0,-0.2514183223247528
2453750016.0,-0.21975834667682648
2454687488.0,-0.18680855631828308
2455624960.0,-0.15412776172161102
2456562432.0,-0.12123528122901917
2457499904.0,-0.08819065988063812
2458437376.0,-0.05591665208339691
2459375104.0,-0.023259593173861504
2460312576.0,0.007421568501740694
2461250048.0,0.038498178124427795
2462187520.0,0.06793235242366791
2463124992.0,0.095986507833004
2464062464.0,0.12287310510873795
2464999936.0,0.14926107227802277
2465937408.0,0.1737656146287918
2466874880.0,0.19657298922538757
2467812608.0,0.21875326335430145
2468750080.0,0.13227730989456177
2469687552.0,0.145945206284523
2470625024.0,0.16203008592128754
2471562496.0,0.17604617774486542
2472499968.0,0.188105046749115
2473437440.0,0.1979050189256668
2474374912.0,0.2055472582578659
2475312384.0,0.21201084554195404
2476250112.0,0.2158583700656891
2477187584.0,0.21910026669502258
2478125056.0,0.21908392012119293
2479062528.0,0.2178984135389328
2480000000.0,0.2135220170021057
2480937472.0,0.20809340476989746
2481874944.0,0.20141816139221191
2482812416.0,0.19284997880458832
2483749888.0,0.18122074007987976
2484687616.0,0.16882039606571198
2485625088.0,0.15356798470020294
2486562560.0,0.13803936541080475
2487500032.0,0.12121430039405823
2488437504.0,0.10165362805128098
2489374976.0,0.08215535432100296
2490312448.0,0.062411919236183167
2491249920.0,0.04127630218863487
2492187392.0,0.021572820842266083
2493125120.0,0.000825596391223371
2494062592.0,-0.02004164643585682
2495000064.0,-0.03987044841051102
2495937536.0,-0.06040265038609505
2496875008.0,-0.07905206829309464
2497812480.0,-0.09782128036022186
2498749952.0,-0.11353323608636856
2499687424.0,-0.12919262051582336
2500624896.0,-0.1424706131219864
2501562624.0,-0.15544934570789337
2502500096.0,-0.1653752475976944
2503437568.0,-0.17387056350708008
2504375040.0,-0.18095915019512177
2505312512.0,-0.18515300750732422
2506249984.0,-0.18773464858531952
2507187456.0,-0.18834839761257172
2508124928.0,-0.1872323900461197
2509062400.0,-0.18350785970687866
2510000128.0,-0.17856670916080475
2510937600.0,-0.17182938754558563
2511875072.0,-0.16296422481536865
2512812544.0,-0.15181241929531097
2513750016.0,-0.13911345601081848
2514687488.0,-0.12514063715934753
2515624960.0,-0.11101910471916199
2516562432.0,-0.09423162788152695
2517499904.0,-0.07822874933481216
2518437376.0,-0.059369977563619614
2519375104.0,-0.0413685217499733
2520312576.0,-0.02127680368721485
2521250048.0,-0.001923264586366713
2522187520.0,0.01680462807416916
2523124992.0,0.03660456836223602
2524062464.0,0.05436095595359802
2524999936.0,0.07369912415742874
2525937408.0,0.09101305902004242
2526874880.0,0.10663226246833801
2527812608.0,0.12245761603116989
2528750080.0,0.17584224045276642
2529687552.0,0.18246020376682281
2530625024.0,0.18701057136058807
2531562496.0,0.19092239439487457
2532499968.0,0.1941102147102356
2533437440.0,0.19652631878852844
2534374912.0,0.19851374626159668
2535312384.0,0.198404461145401
2536250112.0,0.19841255247592926
2537187584.0,0.19778187572956085
2538125056.0,0.19455640017986298
2539062528.0,0.19101180136203766
2540000000.0,0.18617741763591766
2540937472.0,0.18073318898677826
2541874944.0,0.17348451912403107
2542812416.0,0.1664532870054245
2543749888.0,0.15668703615665436
2544687616.0,0.14670760929584503
2545625088.0,0.13595053553581238
2546562560.0,0.12447438389062881
2547500032.0,0.11087372899055481
2548437504.0,0.09842269122600555
2549374976.0,0.08288027346134186
2550312448.0,0.0683261975646019
2551249920.0,0.05168069154024124
2552187392.0,0.036271218210458755
2553125120.0,0.01978139393031597
2554062592.0,0.002604547655209899
2555000064.0,-0.01317095197737217
2555937536.0,-0.028697030618786812
2556875008.0,-0.044598523527383804
2557812480.0,-0.05961291119456291
2558749952.0,-0.07338720560073853
2559687424.0,-0.08587559312582016
2560624896.0,-0.09762933850288391
2561562624.0,-0.10801249742507935
2562500096.0,-0.11685646325349808
2563437568.0,-0.1237439438700676
2564375040.0,-0.12886084616184235
2565312512.0,-0.13240253925323486
2566249984.0,-0.13369625806808472
2567187456.0,-0.1334667205810547
2568124928.0,-0.131097674369812
2569062400.0,-0.12617725133895874
2569999872.0,-0.11955028027296066
2570937600.0,-0.11103647202253342
2571875072.0,-0.1012074425816536
2572812544.0,-0.08892649412155151
2573750016.0,-0.07555688172578812
2574687488.0,-0.0609111413359642
2575624960.0,-0.04417673870921135
2576562432.0,-0.026304250583052635
2577499904.0,-0.00802240427583456
2578437376.0,0.0112946517765522
2579375104.0,0.03236446529626846
2580312576.0,0.05190371349453926
2581250048.0,0.07233552634716034
2582187520.0,0.09298769384622574
2583124992.0,0.11212817579507828
2584062464.0,0.13132880628108978
2584999936.0,0.14928576350212097
2585937408.0,0.16667811572551727
2586874880.0,0.18276840448379517
2587812608.0,0.19624003767967224
2588750080.0,0.22184324264526367
2589687552.0,0.22901225090026855
2590625024.0,0.23541639745235443
2591562496.0,0.23958739638328552
2592499968.0,0.24097801744937897
2593437440.0,0.23895953595638275
2594374912.0,0.23589837551116943
2595312384.0,0.23042981326580048
2596250112.0,0.22157959640026093
2597187584.0,0.2130909562110901
2598125056.0,0.20084242522716522
2599062528.0,0.18765310943126678
2600000000.0,0.17402201890945435
2600937472.0,0.15845687687397003
2601874944.0,0.1423802375793457
2602812416.0,0.12629330158233643
2603749888.0,0.10849534720182419
2604687616.0,0.0914074182510376
2605625088.0,0.07401537150144577
2606562560.0,0.057153403759002686
2607500032.0,0.040853988379240036
2608437504.0,0.023756952956318855
2609374976.0,0.008387917652726173
2610312448.0,-0.0058356174267828465
2611249920.0,-0.019585222005844116
2612187392.0,-0.03262077644467354
2613125120.0,-0.04340774938464165
2614062592.0,-0.053932685405015945
2615000064.0,-0.0627913773059845
2615937536.0,-0.0710754320025444
2616875008.0,-0.07818463444709778
2617812480.0,-0.08307364583015442
2618749952.0,-0.08767428249120712
2619687424.0,-0.09114640951156616
2620624896.0,-0.09391963481903076
2621562624.0,-0.09540557861328125
2622500096.0,-0.09496933221817017
2623437568.0,-0.09420555830001831
2624375040.0,-0.09259273111820221
2625312512.0,-0.09065347909927368
2626249984.0,-0.08837476372718811
2627187456.0,-0.08434320986270905
2628124928.0,-0.07900649309158325
2629062400.0,-0.07471678406000137
2630000128.0,-0.06879061460494995
2630937600.0,-0.06298705190420151
2631875072.0,-0.05542721971869469
2632812544.0,-0.047509580850601196
2633750016.0,-0.03938273340463638
2634687488.0,-0.030037380754947662
2635624960.0,-0.0204632505774498
2636562432.0,-0.010307555086910725
2637499904.0,0.0017817491898313165
2638437376.0,0.013660288415849209
2639375104.0,0.02681802213191986
2640312576.0,0.040624313056468964
2641250048.0,0.054997049272060394
2642187520.0,0.07026160508394241
2643124992.0,0.08615057915449142
2644062464.0,0.10207033902406693
2644999936.0,0.11952482908964157
2645937408.0,0.13698874413967133
2646874880.0,0.15417195856571198
2647812608.0,0.23030269145965576
2648750080.0,0.2414553016424179
2649687552.0,0.2516072690486908
2650625024.0,0.25960949063301086
2651562496.0,0.26664045453071594
2652499968.0,0.2703319191932678
2653437440.0,0.2713553011417389
2654374912.0,0.26976296305656433
2655312384.0,0.2654867172241211
2656250112.0,0.2579529285430908
2657187584.0,0.22100293636322021
2658125056.0,0.2047390639781952
2659062528.0,0.18499405682086945
2660000000.0,0.16276858747005463
2660937472.0,0.13837017118930817
2661874944.0,0.1116948351264
2662812416.0,0.08467544615268707
2663749888.0,0.055644772946834564
2664687616.0,0.0263022780418396
2665625088.0,-0.0026491815224289894
2666562560.0,-0.032535795122385025
2667500032.0,-0.061488475650548935
2668437504.0,-0.08965138345956802
2669374976.0,-0.11642708629369736
2670312448.0,-0.14089496433734894
2671249920.0,-0.16323606669902802
2672187392.0,-0.18302613496780396
2673125120.0,-0.20060205459594727
2674062592.0,-0.21592947840690613
2675000064.0,-0.22816963493824005
2675937536.0,-0.23565782606601715
2676875008.0,-0.24248942732810974
2677812480.0,-0.24566829204559326
2678749952.0,-0.24622361361980438
2679687424.0,-0.2430865317583084
2680624896.0,-0.2380443811416626
2681562624.0,-0.23004436492919922
2682500096.0,-0.21993334591388702
2683437568.0,-0.20728982985019684
2684375040.0,-0.1931300312280655
2685312512.0,-0.17709891498088837
2686249984.0,-0.16053034365177155
2687187456.0,-0.14282967150211334
2688124928.0,-0.12394396215677261
2689062400.0,-0.10487545281648636
2689999872.0,-0.0843924880027771
2690937600.0,-0.06464973092079163
2691875072.0,-0.04475424438714981
2692812544.0,-0.025544406846165657
2693750016.0,-0.00611899746581912
2694687488.0,0.013072107918560505
2695624960.0,0.03210699185729027
2696562432.0,0.050976820290088654
2697499904.0,0.06779125332832336
2698437376.0,0.08684670925140381
2699375104.0,0.1033020168542862
2700312576.0,0.12007174640893936
2701250048.0,0.1370903104543686
2702187520.0,0.15331804752349854
2703124992.0,0.16936065256595612
2704062464.0,0.1851155310869217
2704999936.0,0.19921843707561493
2705937408.0,0.21339866518974304
2706874880.0,0.2274349480867386
2707812608.0,0.20065762102603912
2708750080.0,0.2075381577014923
2709687552.0,0.21333180367946625
2710625024.0,0.21746888756752014
2711562496.0,0.22101420164108276
2712499968.0,0.221718892455101
2713437440.0,0.22349362075328827
2714374912.0,0.2226751744747162
2715312384.0,0.2200915813446045
2716250112.0,0.21695023775100708
2717187584.0,0.21101360023021698
2718125056.0,0.20466965436935425
2719062528.0,0.19671694934368134
2720000000.0,0.18606436252593994
2720937472.0,0.17494595050811768
2721874944.0,0.1630428284406662
2722812416.0,0.14989034831523895
2723749888.0,0.13490654528141022
2724687616.0,0.11950264126062393
2725625088.0,0.1032792329788208
2726562560.0,0.08645831793546677
2727500032.0,0.06825266778469086
2728437504.0,0.05033072084188461
2729374976.0,0.030769452452659607
2730312448.0,0.01298503577709198
2731249920.0,-0.006788141559809446
2732187392.0,-0.02415735460817814
2733125120.0,-0.042888280004262924
2734062592.0,-0.06085207313299179
2735000064.0,-0.07830981910228729
2735937536.0,-0.09353737533092499
2736875008.0,-0.10930128395557404
2737812480.0,-0.12229632586240768
2738749952.0,-0.1338711827993393
2739687424.0,-0.14606119692325592
2740624896.0,-0.1543944925069809
2741562624.0,-0.163658007979393
2742500096.0,-0.1691153198480606
2743437568.0,-0.17404653131961823
2744375040.0,-0.17656244337558746
2745312512.0,-0.17745913565158844
2746249984.0,-0.17719142138957977
2747187456.0,-0.17449618875980377
2748124928.0,-0.16931641101837158
2749062400.0,-0.163746640086174
2750000128.0,-0.1562083214521408
2750937600.0,-0.14607824385166168
2751875072.0,-0.13528893887996674
2752812544.0,-0.12329401075839996
2753750016.0,-0.10937754064798355
2754687488.0,-0.09443327784538269
2755624960.0,-0.07813504338264465
2756562432.0,-0.06088520213961601
2757499904.0,-0.04345452040433884
2758437376.0,-0.024816064164042473
2759375104.0,-0.006073733791708946
2760312576.0,0.01244769711047411
2761250048.0,0.030528496950864792
2762187520.0,0.04989815503358841
2763124992.0,0.06842225790023804
2764062464.0,0.08597876876592636
2764999936.0,0.10226357728242874
2765937408.0,0.1181609034538269
2766874880.0,0.13275949656963348
2767812608.0,0.19154442846775055
2768750080.0,0.19065402448177338
2769687552.0,0.1886080801486969
2770625024.0,0.18605662882328033
2771562496.0,0.18364855647087097
2772499968.0,0.1787058413028717
2773437440.0,0.17316409945487976
2774374912.0,0.16704168915748596
2775312384.0,0.16014353930950165
2776250112.0,0.15318292379379272
2777187584.0,0.14538677036762238
2778125056.0,0.1366327702999115
2779062528.0,0.12669184803962708
2780000000.0,0.11646252870559692
2780937472.0,0.1057959794998169
2781874944.0,0.09461789578199387
2782812416.0,0.08292931318283081
2783749888.0,0.07094834744930267
2784687616.0,0.0582745335996151
2785625088.0,0.04632699489593506
2786562560.0,0.033432770520448685
2787500032.0,0.02085518278181553
2788437504.0,0.008142313919961452
2789374976.0,-0.004373318050056696
2790312448.0,-0.017290934920310974
2791249920.0,-0.028815677389502525
2792187392.0,-0.04035744443535805
2793125120.0,-0.05109354853630066
2794062592.0,-0.06098673865199089
2795000064.0,-0.07179528474807739
2795937536.0,-0.08001692593097687
2796875008.0,-0.08720576018095016
2797812480.0,-0.0937962532043457
2798749952.0,-0.09902175515890121
2799687424.0,-0.10229285061359406
2800624896.0,-0.10556559264659882
2801562624.0,-0.10567556321620941
2802500096.0,-0.1047864481806755
2803437568.0,-0.10291862487792969
2804375040.0,-0.10023234039545059
2805312512.0,-0.09469588845968246
2806249984.0,-0.08817940205335617
2807187456.0,-0.08010958135128021
2808124928.0,-0.0700206309556961
2809062400.0,-0.05968550965189934
2809999872.0,-0.04757264256477356
2810937600.0,-0.03445037081837654
2811875072.0,-0.020130427554249763
2812812544.0,-0.006298844702541828
2813750016.0,0.009360752068459988
2814687488.0,0.026233293116092682
2815624960.0,0.044639069586992264
2816562432.0,0.061933547258377075
2817499904.0,0.07859340310096741
2818437376.0,0.09582033008337021
2819375104.0,0.11309649795293808
2820312576.0,0.1292242556810379
2821250048.0,0.14517942070960999
2822187520.0,0.15983840823173523
2823124992.0,0.17308202385902405
2824062464.0,0.18581916391849518
2824999936.0,0.1958061009645462
2825937408.0,0.20424750447273254
2826874880.0,0.21166633069515228
2827812608.0,0.22588127851486206
2828750080.0,0.2282761037349701
2829687552.0,0.22722740471363068
2830625024.0,0.224672332406044
2831562496.0,0.21856354176998138
2832499968.0,0.21171769499778748
2833437440.0,0.20039232075214386
2834374912.0,0.1889081597328186
2835312384.0,0.17428770661354065
2836250112.0,0.1591378003358841
2837187584.0,0.14174287021160126
2838125056.0,0.12335095554590225
2839062528.0,0.1042943149805069
2840000000.0,0.08497681468725204
2840937472.0,0.06464070081710815
2841874944.0,0.04520805925130844
2842812416.0,0.024826979264616966
2843749888.0,0.006256456021219492
2844687616.0,-0.012319859117269516
2845625088.0,-0.029618268832564354
2846562560.0,-0.045753318816423416
2847500032.0,-0.06153120845556259
2848437504.0,-0.07455777376890182
2849374976.0,-0.08563532680273056
2850312448.0,-0.0952267274260521
2851249920.0,-0.10324820876121521
2852187392.0,-0.10953154414892197
2853125120.0,-0.11426336318254471
2854062592.0,-0.1165454238653183
2855000064.0,-0.11655566841363907
2855937536.0,-0.1164330393075943
2856875008.0,-0.11510667949914932
2857812480.0,-0.11011681705713272
2858749952.0,-0.1051972508430481
2859687424.0,-0.09829875081777573
2860624896.0,-0.0897831991314888
2861562624.0,-0.0816303938627243
2862500096.0,-0.07162227481603622
2863437568.0,-0.06134915351867676
2864375040.0,-0.04958315193653107
2865312512.0,-0.03901461139321327
2866249984.0,-0.02615753933787346
2867187456.0,-0.013224690221250057
2868124928.0,6.61473604850471e-05
2869062400.0,0.012859643436968327
2870000128.0,0.025921324267983437
2870937600.0,0.03859150782227516
2871875072.0,0.05105803534388542
2872812544.0,0.06446189433336258
2873750016.0,0.07739699631929398
2874687488.0,0.09028897434473038
2875624960.0,0.10252109169960022
2876562432.0,0.11430719494819641
2877499904.0,0.12596532702445984
2878437376.0,0.1361684799194336
2879375104.0,0.14788112044334412
2880312576.0,0.15813222527503967
2881250048.0,0.16664886474609375
2882187520.0,0.17567001283168793
2883124992.0,0.18336710333824158
2884062464.0,0.19175022840499878
2884999936.0,0.1972256451845169
2885937408.0,0.20264504849910736
2886874880.0,0.20626115798950195
2887812608.0,0.2097121924161911
2888750080.0,0.21241223812103271
2889687552.0,0.21273276209831238
2890625024.0,0.2119399756193161
2891562496.0,0.2095044106245041
2892499968.0,0.20605497062206268
2893437440.0,0.19957241415977478
2894374912.0,0.1918468326330185
2895312384.0,0.1826615035533905
2896250112.0,0.17122851312160492
2897187584.0,0.15923082828521729
2898125056.0,0.14511673152446747
2899062528.0,0.1300915628671646
2900000000.0,0.11457286775112152
2900937472.0,0.09649986773729324
2901874944.0,0.07834654301404953
2902812416.0,0.05903136730194092
2903749888.0,0.040147993713617325
2904687616.0,0.021036682650446892
2905625088.0,0.001251844922080636
2906562560.0,-0.017332658171653748
2907500032.0,-0.03615085035562515
2908437504.0,-0.052561432123184204
2909374976.0,-0.06900323182344437
2910312448.0,-0.08435498923063278
2911249920.0,-0.09908096492290497
2912187392.0,-0.1106506884098053
2913125120.0,-0.12058835476636887
2914062592.0,-0.13016128540039062
2915000064.0,-0.13675905764102936
2915937536.0,-0.14037247002124786
2916875008.0,-0.1415168195962906
2917812480.0,-0.14296062290668488
2918749952.0,-0.14063619077205658
2919687424.0,-0.13632069528102875
2920624896.0,-0.1312822550535202
2921562624.0,-0.12336312234401703
2922500096.0,-0.11336993426084518
2923437568.0,-0.10256137698888779
2924375040.0,-0.09024017304182053
2925312512.0,-0.07597198337316513
2926249984.0,-0.060336675494909286
2927187456.0,-0.044582292437553406
2928124928.0,-0.027436718344688416
2929062400.0,-0.010905426926910877
2929999872.0,0.006801004987210035
2930937600.0,0.024582063779234886
2931875072.0,0.0420338436961174
2932812544.0,0.05981290712952614
2933750016.0,0.07581663131713867
2934687488.0,0.09177646040916443
2935624960.0,0.10603534430265427
2936562432.0,0.11894144862890244
2937499904.0,0.13148356974124908
2938437376.0,0.14345358312129974
2939375104.0,0.15229220688343048
2940312576.0,0.16009175777435303
2941250048.0,0.1666676253080368
2942187520.0,0.1725040227174759
2943124992.0,0.17499308288097382
2944062464.0,0.17801158130168915
2944999936.0,0.17888981103897095
2945937408.0,0.17896178364753723
2946874880.0,0.17827379703521729
2947812608.0,0.1730727255344391
2948750080.0,0.17199115455150604
2949687552.0,0.17004990577697754
2950625024.0,0.16695772111415863
2951562496.0,0.16232717037200928
2952499968.0,0.15814359486103058
2953437440.0,0.1515309363603592
2954374912.0,0.14510087668895721
2955312384.0,0.13791263103485107
2956250112.0,0.12971781194210052
2957187584.0,0.12152235209941864
2958125056.0,0.11168529093265533
2959062528.0,0.10282199084758759
2960000000.0,0.09243976324796677
2960937472.0,0.08249111473560333
2961874944.0,0.07106606662273407
2962812416.0,0.06143401190638542
2963749888.0,0.04970802739262581
2964687616.0,0.03882401064038277
2965625088.0,0.02701391838490963
2966562560.0,0.015557085163891315
2967500032.0,0.004476907663047314
2968437504.0,-0.005902362521737814
2969374976.0,-0.01655665598809719
2970312448.0,-0.026831764727830887
2971249920.0,-0.03689511865377426
2972187392.0,-0.0454288050532341
2973125120.0,-0.05393312871456146
2974062592.0,-0.06201458349823952
2975000064.0,-0.06874509155750275
2975937536.0,-0.07395996898412704
2976875008.0,-0.08036091178655624
2977812480.0,-0.0835970789194107
2978749952.0,-0.0870007872581482
2979687424.0,-0.08905946463346481
2980624896.0,-0.08994043618440628
2981562624.0,-0.08998119086027145
2982500096.0,-0.08774285018444061
2983437568.0,-0.08602558076381683
2984375040.0,-0.08253993093967438
2985312512.0,-0.07702743262052536
2986249984.0,-0.07277767360210419
2987187456.0,-0.06659510731697083
2988124928.0,-0.06022890284657478
2989062400.0,-0.05263235419988632
2990000128.0,-0.04420311748981476
2990937600.0,-0.03731633350253105
2991875072.0,-0.027685360983014107
2992812544.0,-0.019810613244771957
2993750016.0,-0.01109715923666954
2994687488.0,-0.002435634145513177
2995624960.0,0.004640757571905851
2996562432.0,0.013728071935474873
2997499904.0,0.020870080217719078
2998437376.0,0.027958890423178673
2999375104.0,0.034224774688482285
3000312576.0,0.0372135154902935
3001250048.0,0.041525699198246
3002187520.0,0.04510687291622162
3003124992.0,0.047863829880952835
3004062464.0,0.048945724964141846
3004999936.0,0.05037882179021835
3005937408.0,0.0495758131146431
3006874880.0,0.04785287380218506
3007812608.0,0.04312025383114815
3008750080.0,0.039080798625946045
3009687552.0,0.035129524767398834
3010625024.0,0.030772650614380836
3011562496.0,0.0264668520539999
3012499968.0,0.021676110103726387
3013437440.0,0.01607620157301426
3014374912.0,0.011496669612824917
3015312384.0,0.005558475386351347
3016250112.0,0.0007817246369086206
3017187584.0,-0.004810876678675413
3018125056.0,-0.009656749665737152
3019062528.0,-0.015009235590696335
3020000000.0,-0.020618882030248642
3020937472.0,-0.024836082011461258
3021874944.0,-0.031215038150548935
3022812416.0,-0.03562663868069649
3023749888.0,-0.04015772044658661
3024687616.0,-0.04479468613862991
3025625088.0,-0.05021185427904129
3026562560.0,-0.05401511862874031
3027500032.0,-0.05792988836765289
3028437504.0,-0.06282716989517212
3029374976.0,-0.06713390350341797
3030312448.0,-0.06969807296991348
3031249920.0,-0.07412168383598328
3032187392.0,-0.07696856558322906
3033125120.0,-0.07998617738485336
3034062592.0,-0.08335929363965988
3035000064.0,-0.08565593510866165
3035937536.0,-0.08745862543582916
3036875008.0,-0.089244544506073
3037812480.0,-0.09029235690832138
3038749952.0,-0.09155113995075226
3039687424.0,-0.09169849753379822
3040624896.0,-0.09102115035057068
3041562624.0,-0.09026263654232025
3042500096.0,-0.08990920335054398
3043437568.0,-0.08835191279649734
3044375040.0,-0.0853467732667923
3045312512.0,-0.08198340237140656
3046249984.0,-0.07903075963258743
3047187456.0,-0.07502755522727966
3048124928.0,-0.0702086091041565
3049062400.0,-0.06690163910388947
3049999872.0,-0.06051810458302498
3050937600.0,-0.05590007081627846
3051875072.0,-0.05001747980713844
3052812544.0,-0.04459661990404129
3053750016.0,-0.03823911398649216
3054687488.0,-0.03204348310828209
3055624960.0,-0.026280952617526054
3056562432.0,-0.020233800634741783
3057499904.0,-0.014567057602107525
3058437376.0,-0.008356844075024128
3059375104.0,-0.004024359863251448
3060312576.0,0.00046017617569305
3061250048.0,0.0055358679965138435
3062187520.0,0.008550114929676056
3063124992.0,0.01288764551281929
3064062464.0,0.01494399830698967
3064999936.0,0.017405103892087936
3065937408.0,0.01784643344581127
3066874880.0,0.01730632409453392
3067812608.0,0.031532127410173416
3068750080.0,0.02591140754520893
3069687552.0,0.018554512411355972
3070625024.0,0.010805392637848854
3071562496.0,0.003270215354859829
3072499968.0,-0.005470107309520245
3073437440.0,-0.01544828899204731
3074374912.0,-0.024447252973914146
3075312384.0,-0.03409072011709213
3076250112.0,-0.043674010783433914
3077187584.0,-0.0542561411857605
3078125056.0,-0.06242653727531433
3079062528.0,-0.07181815803050995
3080000000.0,-0.07990776747465134
3080937472.0,-0.08683285117149353
3081874944.0,-0.09343191981315613
3082812416.0,-0.09937810897827148
3083749888.0,-0.10435343533754349
3084687616.0,-0.10753977298736572
3085625088.0,-0.11038056015968323
3086562560.0,-0.11085350066423416
3087500032.0,-0.11160144209861755
3088437504.0,-0.11049803346395493
3089374976.0,-0.10859150439500809
3090312448.0,-0.10562626272439957
3091249920.0,-0.10009419173002243
3092187392.0,-0.09533096104860306
3093125120.0,-0.08878488093614578
3094062592.0,-0.08083822578191757
3095000064.0,-0.07338852435350418
3095937536.0,-0.06460296362638474
3096875008.0,-0.05534158647060394
3097812480.0,-0.04593481868505478
3098749952.0,-0.03541966900229454
3099687424.0,-0.0262783020734787
3100624896.0,-0.015778647735714912
3101562624.0,-0.005895540118217468
3102500096.0,0.0036055673845112324
3103437568.0,0.014393273741006851
3104375040.0,0.023907313123345375
3105312512.0,0.03352535143494606
3106249984.0,0.042656783014535904
3107187456.0,0.05171490088105202
3108124928.0,0.05935096740722656
3109062400.0,0.06709833443164825
3110000128.0,0.07483026385307312
3110937600.0,0.08120103925466537
3111875072.0,0.08771529793739319
3112812544.0,0.09277395159006119
3113750016.0,0.09814222157001495
3114687488.0,0.10312460362911224
3115624960.0,0.10697028040885925
3116562432.0,0.10983167588710785
3117499904.0,0.11378443986177444
3118437376.0,0.11672259122133255
3119375104.0,0.11862630397081375
3120312576.0,0.12177272886037827
3121250048.0,0.12371718883514404
3122187520.0,0.1266702264547348
3123124992.0,0.12863308191299438
3124062464.0,0.1293015033006668
3124999936.0,0.13152699172496796
3125937408.0,0.13186684250831604
3126874880.0,0.13321436941623688
3127812608.0,0.15322072803974152
3128750080.0,0.15121692419052124
3129687552.0,0.14864669740200043
3130625024.0,0.14694291353225708
3131562496.0,0.1448337286710739
3132499968.0,0.14280544221401215
3133437440.0,0.14228372275829315
3134374912.0,0.14010430872440338
3135312384.0,0.13912537693977356
3136250112.0,0.1381443738937378
3137187584.0,0.13619118928909302
3138125056.0,0.13534653186798096
3139062528.0,0.13440805673599243
3140000000.0,0.13389143347740173
3140937472.0,0.13259205222129822
3141874944.0,0.13286328315734863
3142812416.0,0.1308339387178421
3143749888.0,0.13015972077846527
3144687616.0,0.13031183183193207
3145625088.0,0.1286299079656601
3146562560.0,0.1266930103302002
3147500032.0,0.1245628297328949
3148437504.0,0.12187063694000244
3149374976.0,0.11894582211971283
3150312448.0,0.11427810788154602
3151249920.0,0.11100637912750244
3152187392.0,0.10588393360376358
3153125120.0,0.10038043558597565
3154062592.0,0.09395785629749298
3155000064.0,0.08786055445671082
3155937536.0,0.07992563396692276
3156875008.0,0.07155323028564453
3157812480.0,0.06157607212662697
3158749952.0,0.051944550126791
3159687424.0,0.04067287966609001
3160624896.0,0.030894922092556953
3161562624.0,0.01935635134577751
3162500096.0,0.007297597359865904
3163437568.0,-0.004764046519994736
3164375040.0,-0.017609622329473495
3165312512.0,-0.02892233058810234
3166249984.0,-0.04059566557407379
3167187456.0,-0.05359232798218727
3168124928.0,-0.06440038979053497
3169062400.0,-0.07474242150783539
3169999872.0,-0.08602215349674225
3170937600.0,-0.09561089426279068
3171875072.0,-0.103976309299469
3172812544.0,-0.11239401996135712
3173750016.0,-0.11938702315092087
3174687488.0,-0.12415646016597748
3175624960.0,-0.12890590727329254
3176562432.0,-0.13253773748874664
3177499904.0,-0.1327376812696457
3178437376.0,-0.1329561173915863
3179375104.0,-0.13019433617591858
3180312576.0,-0.12678614258766174
3181250048.0,-0.12229148298501968
3182187520.0,-0.1162186935544014
3183124992.0,-0.10820790380239487
3184062464.0,-0.09828583896160126
3184999936.0,-0.08726775646209717
3185937408.0,-0.07448028028011322
3186874880.0,-0.061129771173000336
3187812608.0,0.06905429065227509
3188750080.0,0.06682983785867691
3189687552.0,0.0669143944978714
3190625024.0,0.06717786937952042
3191562496.0,0.06838679313659668
3192499968.0,0.0704711452126503
3193437440.0,0.07349932938814163
3194374912.0,0.07739575952291489
3195312384.0,0.08188065141439438
3196250112.0,0.08624057471752167
3197187584.0,0.09121086448431015
3198125056.0,0.09649810194969177
3199062528.0,0.10188949853181839
3200000000.0,0.1068965271115303
3200937472.0,0.11091998964548111
3201874944.0,0.1150064617395401
3202812416.0,0.11913911253213882
3203749888.0,0.12125730514526367
3204687616.0,0.12308672815561295
3205625088.0,0.12363166362047195
3206562560.0,0.12253638356924057
3207500032.0,0.12130042165517807
3208437504.0,0.11800874769687653
3209374976.0,0.1140589639544487
3210312448.0,0.10857806354761124
3211249920.0,0.10225402563810349
3212187392.0,0.09531351178884506
3213125120.0,0.08535658568143845
3214062592.0,0.07577306777238846
3215000064.0,0.0641401931643486
3215937536.0,0.05328851565718651
3216875008.0,0.04186135530471802
3217812480.0,0.029221709817647934
3218749952.0,0.016874438151717186
3219687424.0,0.003623494878411293
3220624896.0,-0.008973817341029644
3221562624.0,-0.022227739915251732
3222500096.0,-0.034100599586963654
3223437568.0,-0.04528644308447838
3224375040.0,-0.05571417883038521
3225312512.0,-0.06559985876083374
3226249984.0,-0.07431576400995255
3227187456.0,-0.08116822689771652
3228124928.0,-0.0876767560839653
3229062400.0,-0.09305165708065033
3230000128.0,-0.09767613559961319
3230937600.0,-0.1000942513346672
3231875072.0,-0.1018461361527443
3232812544.0,-0.10148488730192184
3233750016.0,-0.10093827545642853
3234687488.0,-0.09910812973976135
3235624960.0,-0.09609728306531906
3236562432.0,-0.09220588952302933
3237499904.0,-0.08681736141443253
3238437376.0,-0.08365556597709656
3239375104.0,-0.07855495065450668
3240312576.0,-0.07294417172670364
3241250048.0,-0.06893717497587204
3242187520.0,-0.06450798362493515
3243124992.0,-0.061157576739788055
3244062464.0,-0.05750225856900215
3244999936.0,-0.055543117225170135
3245937408.0,-0.05451246351003647
3246874880.0,-0.05429680272936821
3247812608.0,-0.04612908884882927
3248750080.0,-0.05066131800413132
3249687552.0,-0.0544503815472126
3250625024.0,-0.05830257013440132
3251562496.0,-0.06219921261072159
3252499968.0,-0.0643271952867508
3253437440.0,-0.0661381185054779
3254374912.0,-0.06833912432193756
3255312384.0,-0.06869955360889435
3256250112.0,-0.06816056370735168
3257187584.0,-0.06618597358465195
3258125056.0,-0.06297992169857025
3259062528.0,-0.057540927082300186
3260000000.0,-0.0524713471531868
3260937472.0,-0.045858509838581085
3261874944.0,-0.03829299658536911
3262812416.0,-0.030773727223277092
3263749888.0,-0.021800348535180092
3264687616.0,-0.012619835324585438
3265625088.0,-0.004778092727065086
3266562560.0,0.0036470042541623116
3267500032.0,0.011386790312826633
3268437504.0,0.018105389550328255
3269374976.0,0.02346830442547798
3270312448.0,0.02906932309269905
3271249920.0,0.03242722526192665
3272187392.0,0.034603528678417206
3273125120.0,0.035663772374391556
3274062592.0,0.036232322454452515
3275000064.0,0.03603171184659004
3275937536.0,0.03373902663588524
3276875008.0,0.03165518492460251
3277812480.0,0.030475957319140434
3278749952.0,0.029301438480615616
3279687424.0,0.027202725410461426
3280624896.0,0.026862088590860367
3281562624.0,0.026476329192519188
3282500096.0,0.02641640417277813
3283437568.0,0.026829756796360016
3284375040.0,0.027621973305940628
3285312512.0,0.029491504654288292
3286249984.0,0.031013036146759987
3287187456.0,0.03338015079498291
3288124928.0,0.03470894321799278
3289062400.0,0.03770344704389572
3289999872.0,0.03832931071519852
3290937600.0,0.03837049379944801
3291875072.0,0.03840102627873421
3292812544.0,0.03688608855009079
3293750016.0,0.03323769196867943
3294687488.0,0.029042495414614677
3295624960.0,0.024436548352241516
3296562432.0,0.017740843817591667
3297499904.0,0.011371983215212822
3298437376.0,0.0030708706472069025
3299375104.0,-0.005232064053416252
3300312576.0,-0.013000620529055595
3301250048.0,-0.02199842594563961
3302187520.0,-0.03149358555674553
3303124992.0,-0.040387511253356934
3304062464.0,-0.05011291801929474
3304999936.0,-0.05891883745789528
3305937408.0,-0.06633134186267853
3306874880.0,-0.07481902092695236
3307812608.0,-0.04373187944293022
3308750080.0,-0.04189438000321388
3309687552.0,-0.039987556636333466
3310625024.0,-0.03778231516480446
3311562496.0,-0.03708220273256302
3312499968.0,-0.03549250215291977
3313437440.0,-0.035270363092422485
3314374912.0,-0.03508060798048973
3315312384.0,-0.03583948314189911
3316250112.0,-0.036551009863615036
3317187584.0,-0.038111571222543716
3318125056.0,-0.041023433208465576
3319062528.0,-0.04336881265044212
3320000000.0,-0.046371228992938995
3320937472.0,-0.051396287977695465
3321874944.0,-0.05614854022860527
3322812416.0,-0.06170117110013962
3323749888.0,-0.06813599169254303
3324687616.0,-0.07374408096075058
3325625088.0,-0.08010167628526688
3326562560.0,-0.08615386486053467
3327500032.0,-0.09353403747081757
3328437504.0,-0.10007520765066147
3329374976.0,-0.10669536143541336
3330312448.0,-0.11276949197053909
3331249920.0,-0.11711447685956955
3332187392.0,-0.12124228477478027
3333125120.0,-0.12557478249073029
3334062592.0,-0.12908664345741272
3335000064.0,-0.13178274035453796
3335937536.0,-0.13394881784915924
3336875008.0,-0.13282039761543274
3337812480.0,-0.13312307000160217
3338749952.0,-0.1300344467163086
3339687424.0,-0.12724806368350983
3340624896.0,-0.12220237404108047
3341562624.0,-0.11790372431278229
3342500096.0,-0.11132219433784485
3343437568.0,-0.10362416505813599
3344375040.0,-0.09639482200145721
3345312512.0,-0.08787065744400024
3346249984.0,-0.07942308485507965
3347187456.0,-0.06976928561925888
3348124928.0,-0.059498049318790436
3349062400.0,-0.05074485018849373
3350000128.0,-0.04115324839949608
3350937600.0,-0.030428646132349968
3351875072.0,-0.021791785955429077
3352812544.0,-0.013730078004300594
3353750016.0,-0.005858004093170166
3354687488.0,0.002182955387979746
3355624960.0,0.008424202911555767
3356562432.0,0.014594744890928268
3357499904.0,0.020127665251493454
3358437376.0,0.025065800175070763
3359375104.0,0.02932320348918438
3360312576.0,0.03277401998639107
3361250048.0,0.03658565133810043
3362187520.0,0.0397130586206913
3363124992.0,0.04244471713900566
3364062464.0,0.04430858790874481
3364999936.0,0.045977260917425156
3365937408.0,0.04799347743391991
3366874880.0,0.050823748111724854
3367812608.0,0.05917740240693092
3368750080.0,0.06713476032018661
3369687552.0,0.07463337481021881
3370625024.0,0.08177760243415833
3371562496.0,0.08823146671056747
3372499968.0,0.09277770668268204
3373437440.0,0.0975380539894104
3374374912.0,0.09965331852436066
3375312384.0,0.10166390240192413
3376250112.0,0.1026979461312294
3377187584.0,0.10207639634609222
3378125056.0,0.10029555857181549
3379062528.0,0.09701273590326309
3380000000.0,0.09215109050273895
3380937472.0,0.08737827837467194
3381874944.0,0.08024214208126068
3382812416.0,0.07247377932071686
3383749888.0,0.0650118812918663
3384687616.0,0.05617509409785271
3385625088.0,0.0466550849378109
3386562560.0,0.03668021038174629
3387500032.0,0.026473354548215866
3388437504.0,0.016217809170484543
3389374976.0,0.0061869858764112
3390312448.0,-0.002867066999897361
3391249920.0,-0.013035084120929241
3392187392.0,-0.022407200187444687
3393125120.0,-0.032556187361478806
3394062592.0,-0.04013149067759514
3395000064.0,-0.048683278262615204
3395937536.0,-0.05501168966293335
3396875008.0,-0.06103694066405296
3397812480.0,-0.06648822128772736
3398749952.0,-0.0712793618440628
3399687424.0,-0.07497280091047287
3400624896.0,-0.077507883310318
3401562624.0,-0.07900296151638031
3402500096.0,-0.08084428310394287
3403437568.0,-0.08089237660169601
3404375040.0,-0.07999590039253235
3405312512.0,-0.0787375420331955
3406249984.0,-0.07768945395946503
3407187456.0,-0.07632651925086975
3408124928.0,-0.07325591892004013
3409062400.0,-0.07066608965396881
3409999872.0,-0.06734587252140045
3410937600.0,-0.06423183530569077
3411875072.0,-0.06018912419676781
3412812544.0,-0.05650924891233444
3413750016.0,-0.05301962047815323
3414687488.0,-0.04976404458284378
3415624960.0,-0.04494071379303932
3416562432.0,-0.04090923070907593
3417499904.0,-0.03672453388571739
3418437376.0,-0.0324818417429924
3419375104.0,-0.0288274884223938
3420312576.0,-0.02523522824048996
3421250048.0,-0.022690527141094208
3422187520.0,-0.01980307325720787
3423124992.0,-0.015506688505411148
3424062464.0,-0.011581748723983765
3424999936.0,-0.008582384325563908
3425937408.0,-0.004289126023650169
3426874880.0,-0.00027221220079809427
3427812608.0,0.002623847918584943
3428750080.0,0.0056444494985044
3429687552.0,0.0073554627597332
3430625024.0,0.011111274361610413
3431562496.0,0.013927064836025238
3432499968.0,0.01780947856605053
3433437440.0,0.02301754243671894
3434374912.0,0.02856374718248844
3435312384.0,0.03357710689306259
3436250112.0,0.04104054346680641
3437187584.0,0.04949113354086876
3438125056.0,0.058263637125492096
3439062528.0,0.06960920244455338
3440000000.0,0.08109849691390991
3440937472.0,0.0935359001159668
3441874944.0,0.10647279024124146
3442812416.0,0.12006731331348419
3443749888.0,0.13424372673034668
3444687616.0,0.14841978251934052
3445625088.0,0.1630019247531891
3446562560.0,0.17734545469284058
3447500032.0,0.19033817946910858
3448437504.0,0.20427723228931427
3449374976.0,0.21392369270324707
3450312448.0,0.22376063466072083
3451249920.0,0.2309722602367401
3452187392.0,0.23736858367919922
3453125120.0,0.24010469019412994
3454062592.0,0.2403494119644165
3455000064.0,0.2388180047273636
3455937536.0,0.23373635113239288
3456875008.0,0.22650457918643951
3457812480.0,0.21602150797843933
3458749952.0,0.20371103286743164
3459687424.0,0.18895310163497925
3460624896.0,0.1739262491464615
3461562624.0,0.15624257922172546
3462500096.0,0.13832725584506989
3463437568.0,0.11864695698022842
3464375040.0,0.09873644262552261
3465312512.0,0.07895909249782562
3466249984.0,0.059174031019210815
3467187456.0,0.040759868919849396
3468124928.0,0.02191847935318947
3469062400.0,0.005034530535340309
3470000128.0,-0.009729690849781036
3470937600.0,-0.023344852030277252
3471875072.0,-0.03397194296121597
3472812544.0,-0.044256098568439484
3473750016.0,-0.051881227642297745
3474687488.0,-0.05765075236558914
3475624960.0,-0.06134865805506706
3476562432.0,-0.06360743194818497
3477499904.0,-0.0638853907585144
3478437376.0,-0.06281071156263351
3479375104.0,-0.06101234629750252
3480312576.0,-0.05648291856050491
3481250048.0,-0.05295160040259361
3482187520.0,-0.049133606255054474
3483124992.0,-0.04378940165042877
3484062464.0,-0.03868880495429039
3484999936.0,-0.03439950570464134
3485937408.0,-0.030645940452814102
3486874880.0,-0.02601666934788227
3487812608.0,-0.011490436270833015
3488750080.0,-0.014463644474744797
3489687552.0,-0.019025105983018875
3490625024.0,-0.02394687943160534
3491562496.0,-0.02902963012456894
3492499968.0,-0.03545759990811348
3493437440.0,-0.04112784191966057
3494374912.0,-0.047008953988552094
3495312384.0,-0.05331994593143463
3496250112.0,-0.05833585560321808
3497187584.0,-0.06372702866792679
3498125056.0,-0.06870465725660324
3499062528.0,-0.07103664427995682
3500000000.0,-0.07237915694713593
3500937472.0,-0.07290203869342804
3501874944.0,-0.07209434360265732
3502812416.0,-0.0695502832531929
3503749888.0,-0.06756880134344101
3504687616.0,-0.06256972998380661
3505625088.0,-0.05687125772237778
3506562560.0,-0.049906935542821884
3507500032.0,-0.04191847890615463
3508437504.0,-0.033544544130563736
3509374976.0,-0.025763705372810364
3510312448.0,-0.01622827537357807
3511249920.0,-0.006542747374624014
3512187392.0,0.0036794410552829504
3513125120.0,0.013203412294387817
3514062592.0,0.02264963462948799
3515000064.0,0.0324714370071888
3515937536.0,0.040842048823833466
3516875008.0,0.04959655553102493
3517812480.0,0.05692553147673607
3518749952.0,0.06241166591644287
3519687424.0,0.06754770874977112
3520624896.0,0.07175790518522263
3521562624.0,0.0736297219991684
3522500096.0,0.07619581371545792
3523437568.0,0.07642421126365662
3524375040.0,0.07586126029491425
3525312512.0,0.07454867660999298
3526249984.0,0.07173780351877213
3527187456.0,0.06814892590045929
3528124928.0,0.06478169560432434
3529062400.0,0.059482768177986145
3529999872.0,0.05367821082472801
3530937600.0,0.04786525294184685
3531875072.0,0.04287107661366463
3532812544.0,0.03693992272019386
3533750016.0,0.03170081600546837
3534687488.0,0.027185235172510147
3535624960.0,0.022189879789948463
3536562432.0,0.01906551979482174
3537499904.0,0.015721816569566727
3538437376.0,0.01374999899417162
3539375104.0,0.011917461641132832
3540312576.0,0.012068013660609722
3541250048.0,0.013738861307501793
3542187520.0,0.014529870823025703
3543124992.0,0.016298318281769753
3544062464.0,0.02002079226076603
3544999936.0,0.02337835170328617
3545937408.0,0.027311310172080994
3546874880.0,0.03181732818484306
3547812608.0,0.03350849077105522
3548750080.0,0.03169795870780945
3549687552.0,0.02869238890707493
3550625024.0,0.027562765404582024
3551562496.0,0.024962378665804863
3552499968.0,0.020964201539754868
3553437440.0,0.018191233277320862
3554374912.0,0.014588646590709686
3555312384.0,0.011317665688693523
3556250112.0,0.007233642041683197
3557187584.0,0.004161199554800987
3558125056.0,-6.71652887831442e-05
3559062528.0,-0.0033841850236058235
3560000000.0,-0.00763618154451251
3560937472.0,-0.010739879682660103
3561874944.0,-0.013956818729639053
3562812416.0,-0.017332006245851517
3563749888.0,-0.02096901834011078
3564687616.0,-0.024056758731603622
3565625088.0,-0.025866927579045296
3566562560.0,-0.028264164924621582
3567500032.0,-0.029105044901371002
3568437504.0,-0.031127527356147766
3569374976.0,-0.03207714483141899
3570312448.0,-0.03230300545692444
3571249920.0,-0.032291725277900696
3572187392.0,-0.03135797753930092
3573125120.0,-0.03151041269302368
3574062592.0,-0.028976915404200554
3575000064.0,-0.028170308098196983
3575937536.0,-0.026775475591421127
3576875008.0,-0.02382543869316578
3577812480.0,-0.02197781205177307
3578749952.0,-0.01990547962486744
3579687424.0,-0.017714541405439377
3580624896.0,-0.016846099868416786
3581562624.0,-0.013353383168578148
3582500096.0,-0.010084189474582672
3583437568.0,-0.008294873870909214
3584375040.0,-0.0073691727593541145
3585312512.0,-0.006752660032361746
3586249984.0,-0.005488140042871237
3587187456.0,-0.005593390204012394
3588124928.0,-0.005343101918697357
3589062400.0,-0.004666169639676809
3590000128.0,-0.00533478707075119
3590937600.0,-0.005726125091314316
3591875072.0,-0.0057192640379071236
3592812544.0,-0.005329374223947525
3593750016.0,-0.005215001292526722
3594687488.0,-0.004853133112192154
3595624960.0,-0.003513009287416935
3596562432.0,-0.0023361293133348227
3597499904.0,-0.0010201502591371536
3598437376.0,0.0018693841993808746
3599375104.0,0.004240252077579498
3600312576.0,0.007928612641990185
3601250048.0,0.011793339625000954
3602187520.0,0.015721803531050682
3603124992.0,0.020151304081082344
3604062464.0,0.024550028145313263
3604999936.0,0.030489064753055573
3605937408.0,0.03630666807293892
3606874880.0,0.04251272231340408
3607812608.0,0.06560655683279037
3608750080.0,0.07515531033277512
3609687552.0,0.08368819206953049
3610625024.0,0.0925239622592926
3611562496.0,0.09990185499191284
3612499968.0,0.10773007571697235
3613437440.0,0.11407793313264847
3614374912.0,0.1201244592666626
3615312384.0,0.12428965419530869
3616250112.0,0.12769000232219696
3617187584.0,0.1307472437620163
3618125056.0,0.1326170116662979
3619062528.0,0.1328638643026352
3620000000.0,0.13324028253555298
3620937472.0,0.13160395622253418
3621874944.0,0.12960365414619446
3622812416.0,0.1261470466852188
3623749888.0,0.12190771847963333
3624687616.0,0.11561940610408783
3625625088.0,0.10947149246931076
3626562560.0,0.10304947942495346
3627500032.0,0.09620179980993271
3628437504.0,0.0877891555428505
3629374976.0,0.07911290228366852
3630312448.0,0.07037712633609772
3631249920.0,0.06110190600156784
3632187392.0,0.05181542783975601
3633125120.0,0.041760917752981186
3634062592.0,0.03178722411394119
3635000064.0,0.02108418010175228
3635937536.0,0.012338458560407162
3636875008.0,0.0017128577455878258
3637812480.0,-0.008044413290917873
3638749952.0,-0.01746734417974949
3639687424.0,-0.026877107098698616
3640624896.0,-0.0360274575650692
3641562624.0,-0.04534716531634331
3642500096.0,-0.05351803079247475
3643437568.0,-0.0612068735063076
3644375040.0,-0.06733892858028412
3645312512.0,-0.07346932590007782
3646249984.0,-0.08086944371461868
3647187456.0,-0.08595508337020874
3648124928.0,-0.09100250899791718
3649062400.0,-0.09485550969839096
3649999872.0,-0.09849917888641357
3650937600.0,-0.10238887369632721
3651875072.0,-0.10460241883993149
3652812544.0,-0.10676595568656921
3653750016.0,-0.10780415683984756
3654687488.0,-0.10875767469406128
3655624960.0,-0.10854674875736237
3656562432.0,-0.1082521304488182
3657499904.0,-0.1065317690372467
3658437376.0,-0.1068987101316452
3659375104.0,-0.10458657890558243
3660312576.0,-0.10213908553123474
3661250048.0,-0.10020437836647034
3662187520.0,-0.0955628827214241
3663124992.0,-0.09268447011709213
3664062464.0,-0.0891309529542923
3664999936.0,-0.0851125419139862
3665937408.0,-0.08045553416013718
3666874880.0,-0.07603863626718521
3667812608.0,-0.057958655059337616
3668750080.0,-0.05811747536063194
3669687552.0,-0.056663572788238525
3670625024.0,-0.05423819646239281
3671562496.0,-0.052409227937459946
3672499968.0,-0.049613483250141144
3673437440.0,-0.044905319809913635
3674374912.0,-0.03929512947797775
3675312384.0,-0.034006282687187195
3676250112.0,-0.028685806319117546
3677187584.0,-0.021330121904611588
3678125056.0,-0.014548363164067268
3679062528.0,-0.006348826922476292
3680000000.0,0.0023490977473556995
3680937472.0,0.011096032336354256
3681874944.0,0.020050546154379845
3682812416.0,0.03013417311012745
3683749888.0,0.03809783607721329
3684687616.0,0.0468117892742157
3685625088.0,0.05599522963166237
3686562560.0,0.06396656483411789
3687500032.0,0.07184396684169769
3688437504.0,0.0798935741186142
3689374976.0,0.08682484924793243
3690312448.0,0.09285277873277664
3691249920.0,0.09797593951225281
3692187392.0,0.10219616442918777
3693125120.0,0.10711027681827545
3694062592.0,0.11099705100059509
3695000064.0,0.11242621392011642
3695937536.0,0.11393260955810547
3696875008.0,0.11469745635986328
3697812480.0,0.11454100161790848
3698749952.0,0.11239341646432877
3699687424.0,0.10986295342445374
3700624896.0,0.10584643483161926
3701562624.0,0.10064752399921417
3702500096.0,0.09610453248023987
3703437568.0,0.08958912640810013
3704375040.0,0.08235988020896912
3705312512.0,0.07424741238355637
3706249984.0,0.06691289693117142
3707187456.0,0.05899836868047714
3708124928.0,0.05099793151021004
3709062400.0,0.04147358983755112
3710000128.0,0.032527923583984375
3710937600.0,0.023160768672823906
3711875072.0,0.014860072173178196
3712812544.0,0.00690003577619791
3713750016.0,0.00042652941192500293
3714687488.0,-0.006070261355489492
3715624960.0,-0.011307939887046814
3716562432.0,-0.01612296886742115
3717499904.0,-0.02022348716855049
3718437376.0,-0.023139188066124916
3719375104.0,-0.026046575978398323
3720312576.0,-0.02814122475683689
3721250048.0,-0.0286399032920599
3722187520.0,-0.03029656410217285
3723124992.0,-0.03058280423283577
3724062464.0,-0.028944579884409904
3724999936.0,-0.027776729315519333
3725937408.0,-0.026324253529310226
3726874880.0,-0.024474427103996277
3727812608.0,-0.027530889958143234
3728750080.0,-0.026959938928484917
3729687552.0,-0.02645130641758442
3730625024.0,-0.025959830731153488
3731562496.0,-0.025052279233932495
3732499968.0,-0.023945892229676247
3733437440.0,-0.022933412343263626
3734374912.0,-0.023551898077130318
3735312384.0,-0.023998772725462914
3736250112.0,-0.023799391463398933
3737187584.0,-0.025850489735603333
3738125056.0,-0.028121789917349815
3739062528.0,-0.030216259881854057
3740000000.0,-0.03281259909272194
3740937472.0,-0.03741525486111641
3741874944.0,-0.04035663232207298
3742812416.0,-0.04486152157187462
3743749888.0,-0.05009021982550621
3744687616.0,-0.05395486578345299
3745625088.0,-0.060004476457834244
3746562560.0,-0.06607305258512497
3747500032.0,-0.07143361866474152
3748437504.0,-0.07710327953100204
3749374976.0,-0.08234704285860062
3750312448.0,-0.08795428276062012
3751249920.0,-0.09389979392290115
3752187392.0,-0.10005629807710648
3753125120.0,-0.10431959480047226
3754062592.0,-0.10863449424505234
3755000064.0,-0.11292801797389984
3755937536.0,-0.11575716733932495
3756875008.0,-0.11781112104654312
3757812480.0,-0.11778060346841812
3758749952.0,-0.11791685968637466
3759687424.0,-0.11600863188505173
3760624896.0,-0.1128535121679306
3761562624.0,-0.10846319049596786
3762500096.0,-0.10219276696443558
3763437568.0,-0.09551446884870529
3764375040.0,-0.08557309955358505
3765312512.0,-0.07612664252519608
3766249984.0,-0.06592157483100891
3767187456.0,-0.05486888810992241
3768124928.0,-0.0436788871884346
3769062400.0,-0.03171959146857262
3769999872.0,-0.020328879356384277
3770937600.0,-0.00862603634595871
3771875072.0,0.0027357120998203754
3772812544.0,0.013123051263391972
3773750016.0,0.022674649953842163
3774687488.0,0.03125806152820587
3775624960.0,0.03945097699761391
3776562432.0,0.046300873160362244
3777499904.0,0.05068409442901611
3778437376.0,0.055005062371492386
3779375104.0,0.056642938405275345
3780312576.0,0.05789629742503166
3781250048.0,0.05585208162665367
3782187520.0,0.05216967687010765
3783124992.0,0.048652105033397675
3784062464.0,0.04210039600729942
3784999936.0,0.03525193780660629
3785937408.0,0.02656777761876583
3786874880.0,0.0277911014854908
3787812608.0,0.01976025104522705
3788750080.0,0.010908727534115314
3789687552.0,0.0004752408422064036
3790625024.0,-0.011238357052206993
3791562496.0,-0.024811342358589172
3792499968.0,-0.0353429950773716
3793437440.0,-0.046650029718875885
3794374912.0,-0.05839591473340988
3795312384.0,-0.06959080696105957
3796250112.0,-0.08092395216226578
3797187584.0,-0.09069374203681946
3798125056.0,-0.10089167952537537
3799062528.0,-0.1105118915438652
3800000000.0,-0.11929405480623245
3800937472.0,-0.12688003480434418
3801874944.0,-0.13326358795166016
3802812416.0,-0.13820362091064453
3803749888.0,-0.14151068031787872
3804687616.0,-0.1441754549741745
3805625088.0,-0.14528167247772217
3806562560.0,-0.14505451917648315
3807500032.0,-0.14259450137615204
3808437504.0,-0.14112022519111633
3809374976.0,-0.1367942988872528
3810312448.0,-0.1315690577030182
3811249920.0,-0.12588894367218018
3812187392.0,-0.11703775823116302
3813125120.0,-0.1091814860701561
3814062592.0,-0.09984651952981949
3815000064.0,-0.09021592885255814
3815937536.0,-0.08086716383695602
3816875008.0,-0.07036219537258148
3817812480.0,-0.061000317335128784
3818749952.0,-0.051315002143383026
3819687424.0,-0.040484003722667694
3820624896.0,-0.0302541833370924
3821562624.0,-0.02150108478963375
3822500096.0,-0.014532620087265968
3823437568.0,-0.006708886474370956
3824375040.0,-0.0008478961535729468
3825312512.0,0.0047478568740189075
3826249984.0,0.009164939634501934
3827187456.0,0.012622722424566746
3828124928.0,0.015384656377136707
3829062400.0,0.015269545838236809
3830000128.0,0.01598086580634117
3830937600.0,0.014740358106791973
3831875072.0,0.01354528870433569
3832812544.0,0.011390808038413525
3833750016.0,0.008356738835573196
3834687488.0,0.005810905713587999
3835624960.0,0.001923660165630281
3836562432.0,-0.0015095652779564261
3837499904.0,-0.006108933128416538
3838437376.0,-0.011468351818621159
3839375104.0,-0.01624268665909767
3840312576.0,-0.019735705107450485
3841250048.0,-0.023699544370174408
3842187520.0,-0.026750218123197556
3843124992.0,-0.02976585365831852
3844062464.0,-0.03224826604127884
3844999936.0,-0.03454098105430603
3845937408.0,-0.036008767783641815
3846874880.0,-0.02789430133998394
3847812608.0,-0.02298128977417946
3848750080.0,-0.018780458718538284
3849687552.0,-0.015927821397781372
3850625024.0,-0.012699445709586143
3851562496.0,-0.010776015929877758
3852499968.0,-0.008391487412154675
3853437440.0,-0.006821377668529749
3854374912.0,-0.005963575094938278
3855312384.0,-0.004255834501236677
3856250112.0,-0.004431909881532192
3857187584.0,-0.004726056009531021
3858125056.0,-0.00501504261046648
3859062528.0,-0.006595183629542589
3860000000.0,-0.007491526193916798
3860937472.0,-0.009615762159228325
3861874944.0,-0.012581425718963146
3862812416.0,-0.014730772003531456
3863749888.0,-0.016768651083111763
3864687616.0,-0.019865380600094795
3865625088.0,-0.021469883620738983
3866562560.0,-0.024404073134064674
3867500032.0,-0.025671906769275665
3868437504.0,-0.028223050758242607
3869374976.0,-0.03011057898402214
3870312448.0,-0.03254622966051102
3871249920.0,-0.03526400029659271
3872187392.0,-0.03550633788108826
3873125120.0,-0.03793981298804283
3874062592.0,-0.03890305384993553
3875000064.0,-0.04035046324133873
3875937536.0,-0.044321659952402115
3876875008.0,-0.046145640313625336
3877812480.0,-0.04846799373626709
3878749952.0,-0.051475126296281815
3879687424.0,-0.05164650082588196
3880624896.0,-0.05400950834155083
3881562624.0,-0.05523841083049774
3882500096.0,-0.05654782056808472
3883437568.0,-0.0572609007358551
3884375040.0,-0.05709238722920418
3885312512.0,-0.05736744403839111
3886249984.0,-0.05700938031077385
3887187456.0,-0.05681154876947403
3888124928.0,-0.057271555066108704
3889062400.0,-0.0570959709584713
3889999872.0,-0.05756670609116554
3890937600.0,-0.057541802525520325
3891875072.0,-0.05688967555761337
3892812544.0,-0.058235201984643936
3893750016.0,-0.06074974313378334
3894687488.0,-0.060341425240039825
3895624960.0,-0.062143921852111816
3896562432.0,-0.0638306587934494
3897499904.0,-0.06720612943172455
3898437376.0,-0.07044960558414459
3899375104.0,-0.07385236769914627
3900312576.0,-0.07736924290657043
3901250048.0,-0.08188644051551819
3902187520.0,-0.08583464473485947
3903124992.0,-0.09096231311559677
3904062464.0,-0.09553587436676025
3904999936.0,-0.10018231719732285
3905937408.0,-0.1042589545249939
3906874880.0,-0.11912019550800323
3907812608.0,-0.12741591036319733
3908750080.0,-0.13255681097507477
3909687552.0,-0.13660882413387299
3910625024.0,-0.13921432197093964
3911562496.0,-0.1401219516992569
3912499968.0,-0.13850705325603485
3913437440.0,-0.13406959176063538
3914374912.0,-0.12810426950454712
3915312384.0,-0.11991801857948303
3916250112.0,-0.11077991873025894
3917187584.0,-0.09897135943174362
3918125056.0,-0.08634003251791
3919062528.0,-0.07177639752626419
3920000000.0,-0.05604439228773117
3920937472.0,-0.04016182944178581
3921874944.0,-0.02421819604933262
3922812416.0,-0.007713887840509415
3923749888.0,0.008451255969703197
3924687616.0,0.024774858728051186
3925625088.0,0.04033287242054939
3926562560.0,0.05398106575012207
3927500032.0,0.06758853793144226
3928437504.0,0.07879529148340225
3929374976.0,0.08787841349840164
3930312448.0,0.09527987986803055
3931249920.0,0.10165601223707199
3932187392.0,0.10479535907506943
3933125120.0,0.10578612983226776
3934062592.0,0.1058124229311943
3935000064.0,0.10308188945055008
3935937536.0,0.09954692423343658
3936875008.0,0.09396841377019882
3937812480.0,0.08800549060106277
3938749952.0,0.07939212769269943
3939687424.0,0.07189945131540298
3940624896.0,0.06364475190639496
3941562624.0,0.05465955659747124
3942500096.0,0.04547664523124695
3943437568.0,0.036882705986499786
3944375040.0,0.02861165627837181
3945312512.0,0.0202072411775589
3946249984.0,0.012395873665809631
3947187456.0,0.005645697005093098
3948124928.0,0.00024229794507846236
3949062400.0,-0.005121232941746712
3950000128.0,-0.00936653558164835
3950937600.0,-0.01345574390143156
3951875072.0,-0.016582584008574486
3952812544.0,-0.01886664517223835
3953750016.0,-0.02124044857919216
3954687488.0,-0.023350603878498077
3955624960.0,-0.02435516007244587
3956562432.0,-0.026526043191552162
3957499904.0,-0.028080563992261887
3958437376.0,-0.030500929802656174
3959375104.0,-0.03014066256582737
3960312576.0,-0.03205575421452522
3961250048.0,-0.033196717500686646
3962187520.0,-0.03609848394989967
3963124992.0,-0.038312532007694244
3964062464.0,-0.043433547019958496
3964999936.0,-0.04816705361008644
3965937408.0,-0.05307953804731369
3966874880.0,-0.06779473274946213
3967812608.0,-0.08075251430273056
3968750080.0,-0.09421461075544357
3969687552.0,-0.1097688302397728
3970625024.0,-0.12306489795446396
3971562496.0,-0.13611915707588196
3972499968.0,-0.1494646817445755
3973437440.0,-0.16079357266426086
3974374912.0,-0.17039018869400024
3975312384.0,-0.17971256375312805
3976250112.0,-0.18739919364452362
3977187584.0,-0.19301259517669678
3978125056.0,-0.1968662142753601
3979062528.0,-0.19852270185947418
3980000000.0,-0.19827872514724731
3980937472.0,-0.19719694554805756
3981874944.0,-0.19359436631202698
3982812416.0,-0.1879328042268753
3983749888.0,-0.1829022318124771
3984687616.0,-0.17523464560508728
3985625088.0,-0.16605553030967712
3986562560.0,-0.1564096212387085
3987500032.0,-0.14527550339698792
3988437504.0,-0.1350284218788147
3989374976.0,-0.1231752559542656
3990312448.0,-0.1116931140422821
3991249920.0,-0.09971315413713455
3992187392.0,-0.08723710477352142
3993125120.0,-0.07510653883218765
3994062592.0,-0.064034104347229
3995000064.0,-0.05459757149219513
3995937536.0,-0.043839987367391586
3996875008.0,-0.03592656925320625
3997812480.0,-0.028198665007948875
3998749952.0,-0.02213914319872856
3999687424.0,-0.015132088214159012
4000624896.0,-0.021662795916199684
4001562624.0,-0.019423266872763634
4002500096.0,-0.018123630434274673
4003437568.0,-0.018566951155662537
4004375040.0,-0.020398834720253944
4005312512.0,-0.022559257224202156
4006249984.0,-0.026676397770643234
4007187456.0,-0.030863944441080093
4008124928.0,-0.03699420765042305
4009062400.0,-0.04403779283165932
4009999872.0,-0.05189661309123039
4010937600.0,-0.060029610991477966
4011875072.0,-0.0680566355586052
4012812544.0,-0.0768800750374794
4013750016.0,-0.08469296246767044
4014687488.0,-0.09215474128723145
4015624960.0,-0.10162347555160522
4016562432.0,-0.10864830017089844
4017499904.0,-0.11557955294847488
4018437376.0,-0.12231051176786423
4019375104.0,-0.12883925437927246
4020312576.0,-0.1355731040239334
4021250048.0,-0.14043095707893372
4022187520.0,-0.14546926319599152
4023124992.0,-0.14959444105625153
4024062464.0,-0.15404196083545685
4024999936.0,-0.1579728126525879
4025937408.0,-0.16079995036125183
4026874880.0,-0.15319779515266418
4027812608.0,-0.1598678082227707
4028750080.0,-0.16584496200084686
4029687552.0,-0.17211349308490753
4030625024.0,-0.17813868820667267
4031562496.0,-0.18390274047851562
4032499968.0,-0.1877901703119278
4033437440.0,-0.19087588787078857
4034374912.0,-0.19405049085617065
4035312384.0,-0.19486606121063232
4036250112.0,-0.1960347294807434
4037187584.0,-0.19465899467468262
4038125056.0,-0.1917995661497116
4039062528.0,-0.1877956986427307
4040000000.0,-0.18257886171340942
4040937472.0,-0.17802377045154572
4041874944.0,-0.17253378033638
4042812416.0,-0.16462285816669464
4043749888.0,-0.15668557584285736
4044687616.0,-0.1471659392118454
4045625088.0,-0.13680300116539001
4046562560.0,-0.12512630224227905
4047500032.0,-0.11232244968414307
4048437504.0,-0.09900378435850143
4049374976.0,-0.08585289120674133
4050312448.0,-0.07186365872621536
4051249920.0,-0.05688177049160004
4052187392.0,-0.04283657297492027
4053125120.0,-0.027851972728967667
4054062592.0,-0.015344220213592052
4055000064.0,-0.0017741830088198185
4055937536.0,0.010023302398622036
4056875008.0,0.020005429163575172
4057812480.0,0.029429664835333824
4058749952.0,0.035956013947725296
4059687424.0,0.04294428601861
4060624896.0,0.04695046320557594
4061562624.0,0.05080060288310051
4062500096.0,0.05184043198823929
4063437568.0,0.0515328124165535
4064375040.0,0.04962081089615822
4065312512.0,0.045980241149663925
4066249984.0,0.040333203971385956
4067187456.0,0.03423182666301727
4068124928.0,0.02638019062578678
4069062400.0,0.016552381217479706
4070000128.0,0.007537762634456158
4070937600.0,-0.004664068575948477
4071875072.0,-0.016204070299863815
4072812544.0,-0.02832254208624363
4073750016.0,-0.040369585156440735
4074687488.0,-0.05348126217722893
4075624960.0,-0.06616006791591644
4076562432.0,-0.07849380373954773
4077499904.0,-0.08979134261608124
4078437376.0,-0.10213083028793335
4079375104.0,-0.11149322986602783
4080312576.0,-0.12188460677862167
4081250048.0,-0.13020773231983185
4082187520.0,-0.13775010406970978
4083124992.0,-0.14525523781776428
4084062464.0,-0.1499839872121811
4084999936.0,-0.15372613072395325
4085937408.0,-0.1565859168767929
4086874880.0,-0.13836243748664856
4087812608.0,-0.13849961757659912
4088750080.0,-0.13751164078712463
4089687552.0,-0.1358826607465744
4090625024.0,-0.13211549818515778
4091562496.0,-0.1293279081583023
4092499968.0,-0.12551502883434296
4093437440.0,-0.12043590843677521
4094374912.0,-0.11577492207288742
4095312384.0,-0.1100410521030426
4096250112.0,-0.10469883680343628
4097187584.0,-0.09839756786823273
4098125056.0,-0.09199052304029465
4099062528.0,-0.08611537516117096
4100000000.0,-0.07974747568368912
4100937472.0,-0.07393195480108261
4101874944.0,-0.06829629838466644
4102812416.0,-0.06310243904590607
4103749888.0,-0.0570250004529953
4104687616.0,-0.05260559916496277
4105625088.0,-0.04721628874540329
4106562560.0,-0.04311806708574295
4107500032.0,-0.038500845432281494
4108437504.0,-0.03386890888214111
4109374976.0,-0.030025750398635864
4110312448.0,-0.02763374336063862
4111249920.0,-0.022531555965542793
4112187392.0,-0.020830459892749786
4113125120.0,-0.019560717046260834
4114062592.0,-0.01732310838997364
4115000064.0,-0.016777783632278442
4115937536.0,-0.016215162351727486
4116875008.0,-0.015654006972908974
4117812480.0,-0.014379999600350857
4118749952.0,-0.014414737932384014
4119687424.0,-0.01422708760946989
4120624896.0,-0.01455602329224348
4121562624.0,-0.014913167804479599
4122500096.0,-0.015455796383321285
4123437568.0,-0.01682990975677967
4124375040.0,-0.017579277977347374
4125312512.0,-0.017972812056541443
4126249984.0,-0.01996636763215065
4127187456.0,-0.022090503945946693
4128124928.0,-0.024891896173357964
4129062400.0,-0.027892526239156723
4129999872.0,-0.030596010386943817
4130937600.0,-0.03367767855525017
4131875072.0,-0.03803985193371773
4132812544.0,-0.0437653511762619
4133750016.0,-0.049693524837493896
4134687488.0,-0.05614155903458595
4135624960.0,-0.062479227781295776
4136562432.0,-0.07020706683397293
4137499904.0,-0.07718698680400848
4138437376.0,-0.08541243523359299
4139375104.0,-0.09289614111185074
4140312576.0,-0.1009611189365387
4141250048.0,-0.10863691568374634
4142187520.0,-0.11826370656490326
4143124992.0,-0.12715323269367218
4144062464.0,-0.13690151274204254
4144999936.0,-0.14603151381015778
4145937408.0,-0.15409360826015472
4146874880.0,-0.17642664909362793
4147812608.0,-0.18483911454677582
4148750080.0,-0.18921522796154022
4149687552.0,-0.1931297332048416
4150625024.0,-0.19552823901176453
4151562496.0,-0.19549234211444855
4152499968.0,-0.1931997537612915
4153437440.0,-0.18987764418125153
4154374912.0,-0.1841220110654831
4155312384.0,-0.17709781229496002
4156250112.0,-0.16882219910621643
4157187584.0,-0.1593579351902008
4158125056.0,-0.14897295832633972
4159062528.0,-0.13777396082878113
4160000000.0,-0.12566989660263062
4160937472.0,-0.11247646808624268
4161874944.0,-0.09910167008638382
4162812416.0,-0.08728200942277908
4163749888.0,-0.07486499100923538
4164687616.0,-0.06176745146512985
4165625088.0,-0.050180159509181976
4166562560.0,-0.039505016058683395
4167500032.0,-0.028753330931067467
4168437504.0,-0.019248444586992264
4169374976.0,-0.010635326616466045
4170312448.0,-0.0016198587836697698
4171249920.0,0.006038677413016558
4172187392.0,0.012523590587079525
4173125120.0,0.0188182070851326
4174062592.0,0.024546034634113312
4175000064.0,0.02821986749768257
4175937536.0,0.03169816732406616
4176875008.0,0.034000545740127563
4177812480.0,0.036938440054655075
4178749952.0,0.03888474777340889
4179687424.0,0.04100438952445984
4180624896.0,0.041122034192085266
4181562624.0,0.040849506855010986
4182500096.0,0.0410352498292923
4183437568.0,0.040190618485212326
4184375040.0,0.039080407470464706
4185312512.0,0.03777758404612541
4186249984.0,0.03463578596711159
4187187456.0,0.031249338760972023
4188124928.0,0.027630522847175598
4189062400.0,0.02331569604575634
4190000128.0,0.01839336007833481
4190937600.0,0.012346909381449223
4191875072.0,0.006281247362494469
4192812544.0,-0.0015970293898135424
4193750016.0,-0.00891208741813898
4194687488.0,-0.015910863876342773
4195624960.0,-0.0253842044621706
4196562432.0,-0.03407656028866768
4197499904.0,-0.04487929120659828
4198437376.0,-0.05519973859190941
4199375104.0,-0.0658072829246521
4200312576.0,-0.07810927927494049
4201250048.0,-0.09088340401649475
4202187520.0,-0.10276564955711365
4203124992.0,-0.11523909866809845
4204062464.0,-0.12733474373817444
4204999936.0,-0.13957259058952332
4205937408.0,-0.15164998173713684
4206874880.0,-0.15475189685821533
4207812608.0,-0.1669156402349472
4208750080.0,-0.17890708148479462
4209687552.0,-0.18964868783950806
4210625024.0,-0.20027482509613037
4211562496.0,-0.20933274924755096
4212499968.0,-0.21826845407485962
4213437440.0,-0.22640185058116913
4214374912.0,-0.23202215135097504
4215312384.0,-0.23559728264808655
4216250112.0,-0.23744812607765198
4217187584.0,-0.23706747591495514
4218125056.0,-0.23482543230056763
4219062528.0,-0.22987915575504303
4220000000.0,-0.22292707860469818
4220937472.0,-0.212632417678833
4221874944.0,-0.1995786428451538
4222812416.0,-0.1855289191007614
4223749888.0,-0.1700141280889511
4224687616.0,-0.15160717070102692
4225625088.0,-0.13201238214969635
4226562560.0,-0.1109534278512001
4227500032.0,-0.08846465498209
4228437504.0,-0.0665338858962059
4229374976.0,-0.04399966821074486
4230312448.0,-0.021761460229754448
4231249920.0,0.001655299449339509
4232187392.0,0.023296687752008438
4233125120.0,0.04409061372280121
4234062592.0,0.06364784389734268
4235000064.0,0.08225847035646439
4235937536.0,0.09879159927368164
4236875008.0,0.11331311613321304
4237812480.0,0.12532886862754822
4238749952.0,0.13484613597393036
4239687424.0,0.14328214526176453
4240624896.0,0.1473400890827179
4241562624.0,0.14833161234855652
4242500096.0,0.1475115418434143
4243437568.0,0.14489565789699554
4244375040.0,0.13935241103172302
4245312512.0,0.1322183907032013
4246249984.0,0.12143371254205704
4247187456.0,0.11104855686426163
4248124928.0,0.09833864122629166
4249062400.0,0.0843503549695015
4249999872.0,0.06786596029996872
4250937600.0,0.051965609192848206
4251875072.0,0.03371636942028999
4252812544.0,0.015112783759832382
4253750016.0,-0.00215169764123857
4254687488.0,-0.021162046119570732
4255624960.0,-0.0391157791018486
4256562432.0,-0.05698502063751221
4257499904.0,-0.07551269978284836
4258437376.0,-0.09346450865268707
4259375104.0,-0.11142483353614807
4260312576.0,-0.12826815247535706
4261250048.0,-0.1436743438243866
4262187520.0,-0.15791025757789612
4263124992.0,-0.17300674319267273
4264062464.0,-0.18784108757972717
4264999936.0,-0.20053522288799286
4265937408.0,-0.21343646943569183
4266874880.0,-0.22634296119213104
4267812608.0,-0.23198285698890686
4268750080.0,-0.23672974109649658
4269687552.0,-0.24125869572162628
4270625024.0,-0.24560920894145966
4271562496.0,-0.2501026690006256
4272499968.0,-0.25481700897216797
4273437440.0,-0.2588069438934326
4274374912.0,-0.2610921263694763
4275312384.0,-0.26303553581237793
4276250112.0,-0.2632727324962616
4277187584.0,-0.26320868730545044
4278125056.0,-0.2609689235687256
4279062528.0,-0.25561535358428955
4280000000.0,-0.24886663258075714
4280937472.0,-0.24018748104572296
4281874944.0,-0.23047202825546265
4282812416.0,-0.21825656294822693
4283749888.0,-0.20424656569957733
4284687616.0,-0.18913908302783966
4285625088.0,-0.17192621529102325
4286562560.0,-0.15374810993671417
4287500032.0,-0.13403308391571045
4288437504.0,-0.11304763704538345
4289374976.0,-0.08982449024915695
4290312448.0,-0.06660500168800354
4291249920.0,-0.04412475600838661
4292187392.0,-0.020609496161341667
4293125120.0,0.0027882123831659555
4294062592.0,0.025229886174201965
4295000064.0,0.04742889851331711
4295937536.0,0.06945681571960449
4296875008.0,0.09014758467674255
4297812480.0,0.10926416516304016
4298749952.0,0.1270965337753296
4299687424.0,0.14279930293560028
4300624896.0,0.1564377099275589
4301562368.0,0.16615891456604004
4302499840.0,0.1751144826412201
4303437312.0,0.1825595200061798
4304374784.0,0.18596437573432922
4305312256.0,0.18739335238933563
4306250240.0,0.18539083003997803
4307187712.0,0.18064576387405396
4308125184.0,0.17270372807979584
4309062656.0,0.16126199066638947
4310000128.0,0.14820986986160278
4310937600.0,0.1316884309053421
4311875072.0,0.11275986582040787
4312812544.0,0.09179594367742538
4313750016.0,0.06792022287845612
4314687488.0,0.0431785024702549
4315624960.0,0.01510139275342226
4316562432.0,-0.012284820899367332
4317499904.0,-0.040941670536994934
4318437376.0,-0.07186893373727798
4319374848.0,-0.10112808644771576
4320312320.0,-0.13096794486045837
4321249792.0,-0.15962469577789307
4322187264.0,-0.18728993833065033
4323125248.0,-0.21380603313446045
4324062720.0,-0.23830723762512207
4325000192.0,-0.26034948229789734
4325937664.0,-0.28132322430610657
4326875136.0,-0.323854923248291
4327812608.0,-0.3186476230621338
4328750080.0,-0.31224319338798523
4329687552.0,-0.30405429005622864
4330625024.0,-0.29585811495780945
4331562496.0,-0.2875165045261383
4332499968.0,-0.2801605761051178
4333437440.0,-0.27212706208229065
4334374912.0,-0.26514706015586853
4335312384.0,-0.2566731870174408
4336249856.0,-0.2489701360464096
4337187328.0,-0.24178087711334229
4338124800.0,-0.2365204095840454
4339062272.0,-0.22951693832874298
4339999744.0,-0.225239560008049
4340937728.0,-0.22128012776374817
4341875200.0,-0.21627672016620636
4342812672.0,-0.2112111747264862
4343750144.0,-0.20665432512760162
4344687616.0,-0.20107927918434143
4345625088.0,-0.194999098777771
4346562560.0,-0.18812794983386993
4347500032.0,-0.18162553012371063
4348437504.0,-0.17398235201835632
4349374976.0,-0.1658352017402649
4350312448.0,-0.15571604669094086
4351249920.0,-0.1442185640335083
4352187392.0,-0.13198046386241913
4353124864.0,-0.11775895208120346
4354062336.0,-0.10241130739450455
4354999808.0,-0.08559258282184601
4355937280.0,-0.06738495081663132
4356874752.0,-0.05041004717350006
4357812736.0,-0.033426325768232346
4358750208.0,-0.0193200521171093
4359687680.0,-0.007463980466127396
4360625152.0,0.0009373461361974478
4361562624.0,0.005945585668087006
4362500096.0,0.00930674746632576
4363437568.0,0.011324925348162651
4364375040.0,0.01280446071177721
4365312512.0,0.014246947132050991
4366249984.0,0.013891218230128288
4367187456.0,0.014328821562230587
4368124928.0,0.013042069971561432
4369062400.0,0.01255616545677185
4369999872.0,0.009999922476708889
4370937344.0,0.008158770389854908
4371874816.0,0.005196796730160713
4372812288.0,0.0013487921096384525
4373749760.0,-0.0040962547063827515
4374687744.0,-0.01005047932267189
4375625216.0,-0.017563754692673683
4376562688.0,-0.027496064081788063
4377500160.0,-0.039654623717069626
4378437632.0,-0.05281275510787964
4379375104.0,-0.06756562739610672
4380312576.0,-0.08509428799152374
4381250048.0,-0.1043936014175415
4382187520.0,-0.12515366077423096
4383124992.0,-0.1478002667427063
4384062464.0,-0.17047640681266785
4384999936.0,-0.19330795109272003
4385937408.0,-0.2165161520242691
4386874880.0,-0.3121839761734009
4387812352.0,-0.3265581727027893
4388749824.0,-0.34131544828414917
4389687296.0,-0.3519473671913147
4390624768.0,-0.3605274260044098
4391562752.0,-0.3652743399143219
4392500224.0,-0.3688392639160156
4393437696.0,-0.3673672378063202
4394375168.0,-0.3634198009967804
4395312640.0,-0.35658419132232666
4396250112.0,-0.34600013494491577
4397187584.0,-0.33198282122612
4398125056.0,-0.3155768811702728
4399062528.0,-0.29524868726730347
4400000000.0,-0.2723235785961151
4400937472.0,-0.24755071103572845
4401874944.0,-0.22016647458076477
4402812416.0,-0.19141170382499695
4403749888.0,-0.1607879102230072
4404687360.0,-0.1297990381717682
4405624832.0,-0.09775224328041077
4406562304.0,-0.06565332412719727
4407499776.0,-0.033026281744241714
4408437248.0,-0.001705377479083836
4409375232.0,0.028706569224596024
4410312704.0,0.057494282722473145
4411250176.0,0.08505763858556747
4412187648.0,0.10996577888727188
4413125120.0,0.13208764791488647
4414062592.0,0.15250249207019806
4415000064.0,0.17061282694339752
4415937536.0,0.18479517102241516
4416875008.0,0.19638870656490326
4417812480.0,0.2050456553697586
4418749952.0,0.20911088585853577
4419687424.0,0.20907260477542877
4420624896.0,0.20573794841766357
4421562368.0,0.20064225792884827
4422499840.0,0.1913112998008728
4423437312.0,0.17891094088554382
4424374784.0,0.16337808966636658
4425312256.0,0.14455361664295197
4426250240.0,0.1259002387523651
4427187712.0,0.10268646478652954
4428125184.0,0.07930286973714828
4429062656.0,0.05404544249176979
4430000128.0,0.02780730463564396
4430937600.0,0.0012569137616083026
4431875072.0,-0.02646803855895996
4432812544.0,-0.05301859229803085
4433750016.0,-0.07909095287322998
4434687488.0,-0.1043596863746643
4435624960.0,-0.12855811417102814
4436562432.0,-0.15025630593299866
4437499904.0,-0.1715545803308487
4438437376.0,-0.18933407962322235
4439374848.0,-0.20577740669250488
4440312320.0,-0.21957489848136902
4441249792.0,-0.23033644258975983
4442187264.0,-0.23896940052509308
4443125248.0,-0.24575026333332062
4444062720.0,-0.24871009588241577
4445000192.0,-0.2507854104042053
4445937664.0,-0.2507869303226471
4446875136.0,-0.19316621124744415
4447812608.0,-0.19882410764694214
4448750080.0,-0.20245113968849182
4449687552.0,-0.2020726054906845
4450625024.0,-0.200408473610878
4451562496.0,-0.1946609765291214
4452499968.0,-0.18641838431358337
4453437440.0,-0.17478667199611664
4454374912.0,-0.16052556037902832
4455312384.0,-0.14476819336414337
4456249856.0,-0.1264035850763321
4457187328.0,-0.10827619582414627
4458124800.0,-0.08635593950748444
4459062272.0,-0.06485112011432648
4460000256.0,-0.042871344834566116
4460937728.0,-0.020506108179688454
4461875200.0,0.0025767150800675154
4462812672.0,0.024198485538363457
4463750144.0,0.043744202703237534
4464687616.0,0.06409641355276108
4465625088.0,0.08022606372833252
4466562560.0,0.0968879982829094
4467500032.0,0.110212542116642
4468437504.0,0.12187990546226501
4469374976.0,0.12967324256896973
4470312448.0,0.13502320647239685
4471249920.0,0.13826660811901093
4472187392.0,0.1366879642009735
4473124864.0,0.13397598266601562
4474062336.0,0.12745895981788635
4474999808.0,0.11819767951965332
4475937280.0,0.10670746862888336
4476874752.0,0.09137104451656342
4477812736.0,0.07477174699306488
4478750208.0,0.054549697786569595
4479687680.0,0.03283308446407318
4480625152.0,0.009027400985360146
4481562624.0,-0.015705890953540802
4482500096.0,-0.04167625680565834
4483437568.0,-0.06925708800554276
4484375040.0,-0.0963883027434349
4485312512.0,-0.12578414380550385
4486249984.0,-0.15364836156368256
4487187456.0,-0.1817857176065445
4488124928.0,-0.2091507464647293
4489062400.0,-0.23468849062919617
4489999872.0,-0.2599453628063202
4490937344.0,-0.2823250889778137
4491874816.0,-0.3032338619232178
4492812288.0,-0.32250162959098816
4493749760.0,-0.33802080154418945
4494687744.0,-0.35304853320121765
4495625216.0,-0.3647538423538208
4496562688.0,-0.3746581971645355
4497500160.0,-0.3822844922542572
4498437632.0,-0.38758307695388794
4499375104.0,-0.3912815451622009
4500312576.0,-0.39177852869033813
4501250048.0,-0.39290881156921387
4502187520.0,-0.39048007130622864
4503124992.0,-0.38818788528442383
4504062464.0,-0.3853059411048889
4504999936.0,-0.38204020261764526
4505937408.0,-0.37924981117248535
4506874880.0,-0.2594948410987854
4507812352.0,-0.25702139735221863
4508749824.0,-0.25530314445495605
4509687296.0,-0.2535589933395386
4510624768.0,-0.25323835015296936
4511562752.0,-0.25375238060951233
4512500224.0,-0.25369545817375183
4513437696.0,-0.25584283471107483
4514375168.0,-0.25841987133026123
4515312640.0,-0.2625187039375305
4516250112.0,-0.26670387387275696
4517187584.0,-0.2727019488811493
4518125056.0,-0.28001663088798523
4519062528.0,-0.2871346175670624
4520000000.0,-0.2951669692993164
4520937472.0,-0.3041016757488251
4521874944.0,-0.311998575925827
4522812416.0,-0.32198894023895264
4523749888.0,-0.3311053514480591
4524687360.0,-0.34046080708503723
4525624832.0,-0.35014623403549194
4526562304.0,-0.3588061034679413
4527499776.0,-0.36752545833587646
4528437248.0,-0.37637147307395935
4529375232.0,-0.38470226526260376
4530312704.0,-0.39258310198783875
4531250176.0,-0.40015697479248047
4532187648.0,-0.40713658928871155
4533125120.0,-0.41482847929000854
4534062592.0,-0.4201880991458893
4535000064.0,-0.4256676435470581
4535937536.0,-0.4299168586730957
4536875008.0,-0.4334551692008972
4537812480.0,-0.4366358518600464
4538749952.0,-0.43853050470352173
4539687424.0,-0.4398517608642578
4540624896.0,-0.4401286840438843
4541562368.0,-0.44162848591804504
4542499840.0,-0.44140636920928955
4543437312.0,-0.44106054306030273
4544374784.0,-0.44046100974082947
4545312256.0,-0.43800869584083557
4546250240.0,-0.4362902045249939
4547187712.0,-0.43390029668807983
4548125184.0,-0.42973804473876953
4549062656.0,-0.4276820123195648
4550000128.0,-0.4250548183917999
4550937600.0,-0.4222407639026642
4551875072.0,-0.4198436737060547
4552812544.0,-0.4174220561981201
4553750016.0,-0.4155115485191345
4554687488.0,-0.4126196801662445
4555624960.0,-0.41085106134414673
4556562432.0,-0.40840408205986023
4557499904.0,-0.4071604907512665
4558437376.0,-0.4064088761806488
4559374848.0,-0.4048657715320587
4560312320.0,-0.4038669764995575
4561249792.0,-0.4023244082927704
4562187264.0,-0.4024110734462738
4563125248.0,-0.4011785387992859
4564062720.0,-0.39997461438179016
4565000192.0,-0.3994573950767517
4565937664.0,-0.39727461338043213
4566875136.0,-0.3492003381252289
4567812608.0,-0.3559705913066864
4568750080.0,-0.36122870445251465
4569687552.0,-0.3640327751636505
4570625024.0,-0.36680763959884644
4571562496.0,-0.3663899898529053
4572499968.0,-0.3639358878135681
4573437440.0,-0.3592844009399414
4574374912.0,-0.35241296887397766
4575312384.0,-0.3433379530906677
4576249856.0,-0.33124685287475586
4577187328.0,-0.31964245438575745
4578124800.0,-0.30419349670410156
4579062272.0,-0.2881625294685364
4579999744.0,-0.26937031745910645
4580937728.0,-0.24979114532470703
4581875200.0,-0.2286807745695114
4582812672.0,-0.2075311243534088
4583750144.0,-0.18444988131523132
4584687616.0,-0.16231349110603333
4585625088.0,-0.1397225707769394
4586562560.0,-0.11700364202260971
4587500032.0,-0.09565655887126923
4588437504.0,-0.07435493916273117
4589374976.0,-0.05433064326643944
4590312448.0,-0.03651281073689461
4591249920.0,-0.019894292578101158
4592187392.0,-0.004048382863402367
4593124864.0,0.009875137358903885
4594062336.0,0.020866526290774345
4594999808.0,0.030222279950976372
4595937280.0,0.035872552543878555
4596874752.0,0.03944302722811699
4597812736.0,0.03982566297054291
4598750208.0,0.03842899203300476
4599687680.0,0.0342828743159771
4600625152.0,0.026959041133522987
4601562624.0,0.01682777889072895
4602500096.0,0.005330430343747139
4603437568.0,-0.007928580977022648
4604375040.0,-0.02472723461687565
4605312512.0,-0.04280616343021393
4606249984.0,-0.062102798372507095
4607187456.0,-0.08322683721780777
4608124928.0,-0.10475047677755356
4609062400.0,-0.12692543864250183
4609999872.0,-0.1502063125371933
4610937344.0,-0.17240411043167114
4611874816.0,-0.19522462785243988
4612812288.0,-0.21710525453090668
4613749760.0,-0.23797251284122467
4614687744.0,-0.25937920808792114
4615625216.0,-0.27874529361724854
4616562688.0,-0.2979218661785126
4617500160.0,-0.3157764673233032
4618437632.0,-0.329755574464798
4619375104.0,-0.34601283073425293
4620312576.0,-0.35937899351119995
4621250048.0,-0.37179893255233765
4622187520.0,-0.38315191864967346
4623124992.0,-0.39341139793395996
4624062464.0,-0.4039098918437958
4624999936.0,-0.4123845398426056
4625937408.0,-0.42220187187194824
4626874880.0,-0.43898600339889526
4627812352.0,-0.43425995111465454
4628749824.0,-0.42771610617637634
4629687296.0,-0.419962614774704
4630624768.0,-0.41103944182395935
4631562752.0,-0.4029553532600403
4632500224.0,-0.39219510555267334
4633437696.0,-0.38186368346214294
4634375168.0,-0.37238988280296326
4635312640.0,-0.3633389472961426
4636250112.0,-0.35277989506721497
4637187584.0,-0.3438661992549896
4638125056.0,-0.335251122713089
4639062528.0,-0.3271436095237732
4640000000.0,-0.31867435574531555
4640937472.0,-0.3109126687049866
4641874944.0,-0.3032042384147644
4642812416.0,-0.297771692276001
4643749888.0,-0.2924547791481018
4644687360.0,-0.2888038158416748
4645624832.0,-0.286716103553772
4646562304.0,-0.28569474816322327
4647499776.0,-0.28576260805130005
4648437248.0,-0.28627675771713257
4649375232.0,-0.28959280252456665
4650312704.0,-0.2919104993343353
4651250176.0,-0.2959086000919342
4652187648.0,-0.3016391098499298
4653125120.0,-0.30755141377449036
4654062592.0,-0.3142852783203125
4655000064.0,-0.32217204570770264
4655937536.0,-0.33102792501449585
4656875008.0,-0.33997100591659546
4657812480.0,-0.350308895111084
4658749952.0,-0.36124083399772644
4659687424.0,-0.3727640211582184
4660624896.0,-0.3848385810852051
4661562368.0,-0.3966541290283203
4662499840.0,-0.4095660150051117
4663437312.0,-0.4219098687171936
4664374784.0,-0.4352777302265167
4665312256.0,-0.44870874285697937
4666250240.0,-0.46304965019226074
4667187712.0,-0.47527527809143066
4668125184.0,-0.4892640709877014
4669062656.0,-0.5037919878959656
4670000128.0,-0.5190691947937012
4670937600.0,-0.5336554050445557
4671875072.0,-0.5485425591468811
4672812544.0,-0.5625277161598206
4673750016.0,-0.5784023404121399
4674687488.0,-0.5914754867553711
4675624960.0,-0.6039425730705261
4676562432.0,-0.6162418127059937
4677499904.0,-0.6278166770935059
4678437376.0,-0.6384325623512268
4679374848.0,-0.648186445236206
4680312320.0,-0.6577486395835876
4681249792.0,-0.6652013063430786
4682187264.0,-0.6709309816360474
4683125248.0,-0.6761672496795654
4684062720.0,-0.6793333888053894
4685000192.0,-0.6812435984611511
4685937664.0,-0.6805799603462219
4686875136.0,-0.6575869917869568
4687812608.0,-0.6574094295501709
4688750080.0,-0.6546341180801392
4689687552.0,-0.6492570638656616
4690625024.0,-0.641708254814148
4691562496.0,-0.6315533518791199
4692499968.0,-0.6186863780021667
4693437440.0,-0.6038516759872437
4694374912.0,-0.5850398540496826
4695312384.0,-0.5657021403312683
4696249856.0,-0.5442028641700745
4697187328.0,-0.5219214558601379
4698124800.0,-0.49789097905158997
4699062272.0,-0.47457438707351685
4700000256.0,-0.4502319097518921
4700937728.0,-0.4287783205509186
4701875200.0,-0.40661197900772095
4702812672.0,-0.38760238885879517
4703750144.0,-0.370562344789505
4704687616.0,-0.3537161648273468
4705625088.0,-0.3422594964504242
4706562560.0,-0.33291754126548767
4707500032.0,-0.3269102871417999
4708437504.0,-0.3250162601470947
4709374976.0,-0.3275536596775055
4710312448.0,-0.3337622284889221
4711249920.0,-0.3457886874675751
4712187392.0,-0.36319485306739807
4713124864.0,-0.3849699795246124
4714062336.0,-0.41177991032600403
4714999808.0,-0.4430873990058899
4715937280.0,-0.4795563519001007
4716874752.0,-0.5199092626571655
4717812736.0,-0.5620256066322327
4718750208.0,-0.6080673336982727
4719687680.0,-0.6546247601509094
4720625152.0,-0.7047216296195984
4721562624.0,-0.7543192505836487
4722500096.0,-0.8030855655670166
4723437568.0,-0.8517970442771912
4724375040.0,-0.89908367395401
4725312512.0,-0.943352222442627
4726249984.0,-0.984639585018158
4727187456.0,-1.02079176902771
4728124928.0,-1.0531131029129028
4729062400.0,-1.0807459354400635
4729999872.0,-1.1047056913375854
4730937344.0,-1.1239105463027954
4731874816.0,-1.1396013498306274
4732812288.0,-1.1506860256195068
4733749760.0,-1.1583786010742188
4734687744.0,-1.1622852087020874
4735625216.0,-1.162381887435913
4736562688.0,-1.1600022315979004
4737500160.0,-1.1537749767303467
4738437632.0,-1.1462922096252441
4739375104.0,-1.1380141973495483
4740312576.0,-1.1271601915359497
4741250048.0,-1.115409255027771
4742187520.0,-1.1022695302963257
4743124992.0,-1.0897971391677856
4744062464.0,-1.075888752937317
4744999936.0,-1.061792254447937
4745937408.0,-1.048837423324585
4746874880.0,-0.797927737236023
4747812352.0,-0.8051824569702148
4748749824.0,-0.8125122785568237
4749687296.0,-0.8186507821083069
4750624768.0,-0.8251830339431763
4751562752.0,-0.8319014310836792
4752500224.0,-0.8375588655471802
4753437696.0,-0.8424461483955383
4754375168.0,-0.8477232456207275
4755312640.0,-0.851699709892273
4756250112.0,-0.8549433946609497
4757187584.0,-0.8568543195724487
4758125056.0,-0.859011709690094
4759062528.0,-0.8591775298118591
4760000000.0,-0.8587331175804138
4760937472.0,-0.8581849336624146
4761874944.0,-0.8578386902809143
4762812416.0,-0.85550457239151
4763749888.0,-0.8524525165557861
4764687360.0,-0.848839521408081
4765624832.0,-0.8447297215461731
4766562304.0,-0.8406404852867126
4767499776.0,-0.8355591297149658
4768437248.0,-0.8298434019088745
4769375232.0,-0.8234747052192688
4770312704.0,-0.8180736899375916
4771250176.0,-0.812934935092926
4772187648.0,-0.8083706498146057
4773125120.0,-0.8031412959098816
4774062592.0,-0.8007568120956421
4775000064.0,-0.798319935798645
4775937536.0,-0.7966871857643127
4776875008.0,-0.795897901058197
4777812480.0,-0.7978528738021851
4778749952.0,-0.8016833662986755
4779687424.0,-0.8076407313346863
4780624896.0,-0.8152661323547363
4781562368.0,-0.823275625705719
4782499840.0,-0.833509624004364
4783437312.0,-0.8457080125808716
4784374784.0,-0.8599489331245422
4785312256.0,-0.8771169185638428
4786250240.0,-0.8955915570259094
4787187712.0,-0.9167881608009338
4788125184.0,-0.940211296081543
4789062656.0,-0.9646558165550232
4790000128.0,-0.9901843070983887
4790937600.0,-1.0171059370040894
4791875072.0,-1.0449943542480469
4792812544.0,-1.073636770248413
4793750016.0,-1.1022673845291138
4794687488.0,-1.1311819553375244
4795624960.0,-1.1605406999588013
4796562432.0,-1.1896576881408691
4797499904.0,-1.216546654701233
4798437376.0,-1.242822527885437
4799374848.0,-1.267444372177124
4800312320.0,-1.291295051574707
4801249792.0,-1.3125702142715454
4802187264.0,-1.3315744400024414
4803125248.0,-1.3487112522125244
4804062720.0,-1.3627454042434692
4805000192.0,-1.375679850578308
4805937664.0,-1.3857344388961792
4806875136.0,-1.2434780597686768
4807812608.0,-1.2481714487075806
4808750080.0,-1.2514522075653076
4809687552.0,-1.2537423372268677
4810625024.0,-1.2543046474456787
4811562496.0,-1.2529046535491943
4812499968.0,-1.2511868476867676
4813437440.0,-1.2483357191085815
4814374912.0,-1.2435731887817383
4815312384.0,-1.2388052940368652
4816249856.0,-1.2335532903671265
4817187328.0,-1.2275943756103516
4818124800.0,-1.2206122875213623
4819062272.0,-1.2147411108016968
4819999744.0,-1.207916498184204
4820937728.0,-1.2030237913131714
4821875200.0,-1.1979998350143433
4822812672.0,-1.195408821105957
4823750144.0,-1.1934903860092163
4824687616.0,-1.1919082403182983
4825625088.0,-1.1928013563156128
4826562560.0,-1.1956415176391602
4827500032.0,-1.1977750062942505
4828437504.0,-1.2040244340896606
4829374976.0,-1.211606502532959
4830312448.0,-1.2219915390014648
4831249920.0,-1.2321782112121582
4832187392.0,-1.2464808225631714
4833124864.0,-1.2608563899993896
4834062336.0,-1.2774646282196045
4834999808.0,-1.2952930927276611
4835937280.0,-1.314294695854187
4836874752.0,-1.3342944383621216
4837812736.0,-1.3546128273010254
4838750208.0,-1.3768036365509033
4839687680.0,-1.4000835418701172
4840625152.0,-1.4219578504562378
4841562624.0,-1.4439226388931274
4842500096.0,-1.4661859273910522
4843437568.0,-1.4875255823135376
4844375040.0,-1.5065808296203613
4845312512.0,-1.5271289348602295
4846249984.0,-1.545931100845337
4847187456.0,-1.563310146331787
4848124928.0,-1.5796740055084229
4849062400.0,-1.595259189605713
4849999872.0,-1.6090902090072632
4850937344.0,-1.620468020439148
4851874816.0,-1.6311801671981812
4852812288.0,-1.6388636827468872
4853749760.0,-1.6465048789978027
4854687744.0,-1.65239679813385
4855625216.0,-1.6564069986343384
4856562688.0,-1.6604115962982178
4857500160.0,-1.6632194519042969
4858437632.0,-1.6661098003387451
4859375104.0,-1.668087363243103
4860312576.0,-1.6718568801879883
4861250048.0,-1.6746068000793457
4862187520.0,-1.6778535842895508
4863124992.0,-1.6814892292022705
4864062464.0,-1.685105800628662
4864999936.0,-1.6892038583755493
4865937408.0,-1.692623257637024
4866874880.0,-1.6762124300003052
4867812352.0,-1.679907202720642
4868749824.0,-1.682425856590271
4869687296.0,-1.6852868795394897
4870624768.0,-1.6887609958648682
4871562752.0,-1.6925859451293945
4872500224.0,-1.6975466012954712
4873437696.0,-1.7038613557815552
4874375168.0,-1.709387183189392
4875312640.0,-1.717211127281189
4876250112.0,-1.7248766422271729
4877187584.0,-1.7350506782531738
4878125056.0,-1.745522379875183
4879062528.0,-1.7574005126953125
4880000000.0,-1.7695807218551636
4880937472.0,-1.7806386947631836
4881874944.0,-1.792673110961914
4882812416.0,-1.804961919784546
4883749888.0,-1.8188217878341675
4884687360.0,-1.8317900896072388
4885624832.0,-1.8443630933761597
4886562304.0,-1.8564475774765015
4887499776.0,-1.8663570880889893
4888437248.0,-1.8750972747802734
4889375232.0,-1.8826227188110352
4890312704.0,-1.8881217241287231
4891250176.0,-1.8893249034881592
4892187648.0,-1.890466332435608
4893125120.0,-1.8876715898513794
4894062592.0,-1.8825763463974
4895000064.0,-1.8759112358093262
4895937536.0,-1.8658802509307861
4896875008.0,-1.8546273708343506
4897812480.0,-1.8397552967071533
4898749952.0,-1.8240101337432861
4899687424.0,-1.8048830032348633
4900624896.0,-1.7833517789840698
4901562368.0,-1.7596855163574219
4902499840.0,-1.735723614692688
4903437312.0,-1.7096679210662842
4904374784.0,-1.6830648183822632
4905312256.0,-1.6568306684494019
4906250240.0,-1.6279808282852173
4907187712.0,-1.601304054260254
4908125184.0,-1.5733925104141235
4909062656.0,-1.5473642349243164
4910000128.0,-1.5234335660934448
4910937600.0,-1.4996368885040283
4911875072.0,-1.478257417678833
4912812544.0,-1.4575839042663574
4913750016.0,-1.4389145374298096
4914687488.0,-1.4214447736740112
4915624960.0,-1.4074993133544922
4916562432.0,-1.3956234455108643
4917499904.0,-1.3867436647415161
4918437376.0,-1.3800932168960571
4919374848.0,-1.3756887912750244
4920312320.0,-1.3736785650253296
4921249792.0,-1.3726478815078735
4922187264.0,-1.3273731470108032
4923125248.0,-1.3135710954666138
4924062720.0,-1.3029736280441284
4925000192.0,-1.2926464080810547
4925937664.0,-1.3915574550628662
4926875136.0,-1.3986808061599731
4927812608.0,-1.403994083404541
4928750080.0,-1.4099125862121582
4929687552.0,-1.4133245944976807
4930625024.0,-1.416207194328308
4931562496.0,-1.4174295663833618
4932499968.0,-1.4166595935821533
4933437440.0,-1.4128634929656982
4934374912.0,-1.4067047834396362
4935312384.0,-1.3980882167816162
4936249856.0,-1.3868995904922485
4937187328.0,-1.3729979991912842
4938124800.0,-1.3571964502334595
4939062272.0,-1.3387467861175537
4940000256.0,-1.319089651107788
4940937728.0,-1.2984670400619507
4941875200.0,-1.2763084173202515
4942812672.0,-1.2532691955566406
4943750144.0,-1.2304670810699463
4944687616.0,-1.2067478895187378
4945625088.0,-1.1832441091537476
4946562560.0,-1.1605054140090942
4947500032.0,-1.139989972114563
4948437504.0,-1.1193535327911377
4949374976.0,-1.1004453897476196
4950312448.0,-1.083404541015625
4951249920.0,-1.0687898397445679
4952187392.0,-1.0553573369979858
4953124864.0,-1.0445196628570557
4954062336.0,-1.0369493961334229
4954999808.0,-1.0309392213821411
4955937280.0,-1.026395559310913
4956874752.0,-1.0231050252914429
4957812736.0,-1.0214881896972656
4958750208.0,-1.0201387405395508
4959687680.0,-1.0183476209640503
4960625152.0,-1.0159722566604614
4961562624.0,-1.0132043361663818
4962500096.0,-1.0101972818374634
4963437568.0,-1.0067791938781738
4964375040.0,-1.0018123388290405
4965312512.0,-0.9964758157730103
4966249984.0,-0.9896742105484009
4967187456.0,-0.9821226596832275
4968124928.0,-0.9728398323059082
4969062400.0,-0.9651942849159241
4969999872.0,-0.9558393359184265
4970937344.0,-0.9458020329475403
4971874816.0,-0.9364081621170044
4972812288.0,-0.9252803325653076
4973749760.0,-0.9160837531089783
4974687744.0,-0.9069744944572449
4975625216.0,-0.8973841667175293
4976562688.0,-0.8895712494850159
4977500160.0,-0.882204532623291
4978437632.0,-0.8745481371879578
4979375104.0,-0.8668802976608276
4980312576.0,-0.8592255711555481
4981250048.0,-0.8520628213882446
4982187520.0,-0.843247652053833
4983124992.0,-0.8344696760177612
4984062464.0,-0.8250950574874878
4984999936.0,-0.816365122795105
4985937408.0,-0.7929847240447998
4986874880.0,-0.7839142680168152
4987812352.0,-0.773762583732605
4988749824.0,-0.7674827575683594
4989687296.0,-0.7612160444259644
4990624768.0,-0.7561447024345398
4991562752.0,-0.7526898384094238
4992500224.0,-0.7497152090072632
4993437696.0,-0.7496787905693054
4994375168.0,-0.7494975924491882
4995312640.0,-0.751414954662323
4996250112.0,-0.7539388537406921
4997187584.0,-0.7588958144187927
4998125056.0,-0.7641518712043762
4999062528.0,-0.7710800766944885
5000000000.0,-0.7777283787727356
5000937472.0,-0.785811185836792
5001874944.0,-0.7936322093009949
5002812416.0,-0.802203357219696
5003749888.0,-0.8101582527160645
5004687360.0,-0.8191103339195251
5005624832.0,-0.8265392780303955
5006562304.0,-0.8327286243438721
5007499776.0,-0.838143527507782
5008437248.0,-0.8414033651351929
5009375232.0,-0.8435821533203125
5010312704.0,-0.8427181839942932
5011250176.0,-0.8399829864501953
5012187648.0,-0.8343809843063354
5013125120.0,-0.8261886835098267
5014062592.0,-0.8152022957801819
5015000064.0,-0.8020372986793518
5015937536.0,-0.7866014838218689
5016875008.0,-0.768129289150238
5017812480.0,-0.7470163106918335
5018749952.0,-0.7235177755355835
5019687424.0,-0.6987336277961731
5020624896.0,-0.6716607809066772
5021562368.0,-0.6431776285171509
5022499840.0,-0.6120567321777344
5023437312.0,-0.5817664265632629
5024374784.0,-0.550376296043396
5025312256.0,-0.5192341804504395
5026250240.0,-0.4865823984146118
5027187712.0,-0.4560225307941437
5028125184.0,-0.42609888315200806
5029062656.0,-0.39594998955726624
5030000128.0,-0.36943623423576355
5030937600.0,-0.34464502334594727
5031875072.0,-0.32209935784339905
5032812544.0,-0.3012482821941376
5033750016.0,-0.2832145690917969
5034687488.0,-0.2669220268726349
5035624960.0,-0.25533080101013184
5036562432.0,-0.24601943790912628
5037499904.0,-0.2406962364912033
5038437376.0,-0.23763293027877808
5039374848.0,-0.23768927156925201
5040312320.0,-0.24132132530212402
5041249792.0,-0.24806076288223267
5042187264.0,-0.2572420835494995
5043125248.0,-0.26914745569229126
5044062720.0,-0.2836333215236664
5045000192.0,-0.3006604313850403
5045937664.0,-0.5709276795387268
5046875136.0,-0.5812182426452637
5047812608.0,-0.5900968313217163
5048750080.0,-0.5990345478057861
5049687552.0,-0.608119547367096
5050625024.0,-0.6165307760238647
5051562496.0,-0.6251516938209534
5052499968.0,-0.6340236663818359
5053437440.0,-0.6435028910636902
5054374912.0,-0.6522598266601562
5055312384.0,-0.6602201461791992
5056249856.0,-0.6670393943786621
5057187328.0,-0.6740231513977051
5058124800.0,-0.6800009608268738
5059062272.0,-0.685870885848999
5059999744.0,-0.6898385882377625
5060937728.0,-0.6928278207778931
5061875200.0,-0.6934141516685486
5062812672.0,-0.6927565336227417
5063750144.0,-0.6905409097671509
5064687616.0,-0.6866555213928223
5065625088.0,-0.6802936792373657
5066562560.0,-0.6714702248573303
5067500032.0,-0.6618718504905701
5068437504.0,-0.6502629518508911
5069374976.0,-0.6364439725875854
5070312448.0,-0.6205012798309326
5071249920.0,-0.6029130220413208
5072187392.0,-0.5836985111236572
5073124864.0,-0.5629346370697021
5074062336.0,-0.5413485169410706
5074999808.0,-0.5178779363632202
5075937280.0,-0.49513372778892517
5076874752.0,-0.46971216797828674
5077812736.0,-0.4447108805179596
5078750208.0,-0.41893649101257324
5079687680.0,-0.3942457139492035
5080625152.0,-0.3691257834434509
5081562624.0,-0.3444978892803192
5082500096.0,-0.3211326003074646
5083437568.0,-0.298552542924881
5084375040.0,-0.2770630717277527
5085312512.0,-0.258159339427948
5086249984.0,-0.23966838419437408
5087187456.0,-0.22510653734207153
5088124928.0,-0.21249817311763763
5089062400.0,-0.20160678029060364
5089999872.0,-0.1939200758934021
5090937344.0,-0.18763406574726105
5091874816.0,-0.18530024588108063
5092812288.0,-0.18466679751873016
5093749760.0,-0.18691673874855042
5094687744.0,-0.19220389425754547
5095625216.0,-0.19974017143249512
5096562688.0,-0.20948733389377594
5097500160.0,-0.22250953316688538
5098437632.0,-0.23633220791816711
5099375104.0,-0.25392964482307434
5100312576.0,-0.27218014001846313
5101250048.0,-0.2925514578819275
5102187520.0,-0.3157792091369629
5103124992.0,-0.3386988937854767
5104062464.0,-0.36340048909187317
5104999936.0,-0.38889434933662415
5105937408.0,-0.48572489619255066
5106874880.0,-0.5042389631271362
5107812352.0,-0.5208979249000549
5108749824.0,-0.5367873907089233
5109687296.0,-0.5487231612205505
5110624768.0,-0.5605636239051819
5111562752.0,-0.5696934461593628
5112500224.0,-0.5768441557884216
5113437696.0,-0.5821895003318787
5114375168.0,-0.5858669877052307
5115312640.0,-0.5888903737068176
5116250112.0,-0.5874070525169373
5117187584.0,-0.5857138633728027
5118125056.0,-0.5832757949829102
5119062528.0,-0.5789507031440735
5120000000.0,-0.5741775631904602
5120937472.0,-0.568146288394928
5121874944.0,-0.5634769201278687
5122812416.0,-0.5561885237693787
5123749888.0,-0.5499359369277954
5124687360.0,-0.5438467860221863
5125624832.0,-0.535648763179779
5126562304.0,-0.5293136239051819
5127499776.0,-0.5215644240379333
5128437248.0,-0.5124921202659607
5129375232.0,-0.503627359867096
5130312704.0,-0.49405157566070557
5131250176.0,-0.48212432861328125
5132187648.0,-0.4706321358680725
5133125120.0,-0.45803308486938477
5134062592.0,-0.44199880957603455
5135000064.0,-0.4265478551387787
5135937536.0,-0.4089866578578949
5136875008.0,-0.391048789024353
5137812480.0,-0.3734293282032013
5138749952.0,-0.3537534773349762
5139687424.0,-0.33478549122810364
5140624896.0,-0.31708627939224243
5141562368.0,-0.3002137839794159
5142499840.0,-0.28565001487731934
5143437312.0,-0.2730344831943512
5144374784.0,-0.2637982666492462
5145312256.0,-0.26184460520744324
5146250240.0,-0.26599088311195374
5147187712.0,-0.2759273946285248
5148125184.0,-0.2909124195575714
5149062656.0,-0.3077385723590851
5150000128.0,-0.3275250494480133
5150937600.0,-0.34654101729393005
5151875072.0,-0.3670980632305145
5152812544.0,-0.387784481048584
5153750016.0,-0.40570205450057983
5154687488.0,-0.4238363802433014
5155624960.0,-0.441906213760376
5156562432.0,-0.45777955651283264
5157499904.0,-0.47162890434265137
5158437376.0,-0.4845494031906128
5159374848.0,-0.4960199296474457
5160312320.0,-0.506958544254303
5161249792.0,-0.5168486833572388
5162187264.0,-0.5249052047729492
5163125248.0,-0.5324937701225281
5164062720.0,-0.5397417545318604
5165000192.0,-0.5471171736717224
5165937664.0,-0.5516676306724548
5166875136.0,-0.5651731491088867
5167812608.0,-0.5804303884506226
5168750080.0,-0.5965112447738647
5169687552.0,-0.6120193004608154
5170625024.0,-0.6281794905662537
5171562496.0,-0.6453038454055786
5172499968.0,-0.662074089050293
5173437440.0,-0.6773632764816284
5174374912.0,-0.6927841305732727
5175312384.0,-0.7066319584846497
5176249856.0,-0.7187618017196655
5177187328.0,-0.7295595407485962
5178124800.0,-0.7393444776535034
5179062272.0,-0.7465500831604004
5180000256.0,-0.7512684464454651
5180937728.0,-0.7530360817909241
5181875200.0,-0.7520367503166199
5182812672.0,-0.7484546303749084
5183750144.0,-0.7414492964744568
5184687616.0,-0.7312411665916443
5185625088.0,-0.7193177342414856
5186562560.0,-0.7035986185073853
5187500032.0,-0.6868410706520081
5188437504.0,-0.6677571535110474
5189374976.0,-0.6472722887992859
5190312448.0,-0.624816358089447
5191249920.0,-0.6011219620704651
5192187392.0,-0.5779157876968384
5193124864.0,-0.5531222820281982
5194062336.0,-0.5294763445854187
5194999808.0,-0.506154477596283
5195937280.0,-0.4837307631969452
5196874752.0,-0.46135780215263367
5197812736.0,-0.4412645101547241
5198750208.0,-0.4219144284725189
5199687680.0,-0.40491917729377747
5200625152.0,-0.38865989446640015
5201562624.0,-0.3755321800708771
5202500096.0,-0.3647738993167877
5203437568.0,-0.3569919466972351
5204375040.0,-0.35048526525497437
5205312512.0,-0.34820300340652466
5206249984.0,-0.3469697833061218
5207187456.0,-0.34988635778427124
5208124928.0,-0.35557821393013
5209062400.0,-0.3638352155685425
5209999872.0,-0.3750019967556
5210937344.0,-0.3887844681739807
5211874816.0,-0.4052756726741791
5212812288.0,-0.42338526248931885
5213749760.0,-0.44325098395347595
5214687744.0,-0.46607276797294617
5215625216.0,-0.4897017478942871
5216562688.0,-0.5140232443809509
5217500160.0,-0.5407458543777466
5218437632.0,-0.5683335661888123
5219375104.0,-0.596233606338501
5220312576.0,-0.625300407409668
5221250048.0,-0.6531876921653748
5222187520.0,-0.6810514330863953
5223124992.0,-0.7087454795837402
5224062464.0,-0.7367016077041626
5224999936.0,-0.7622851133346558
5225937408.0,-0.8151410818099976
5226874880.0,-0.8389742970466614
5227812352.0,-0.8630737066268921
5228749824.0,-0.8826870322227478
5229687296.0,-0.9031184911727905
5230624768.0,-0.9192249774932861
5231562752.0,-0.9340443015098572
5232500224.0,-0.9461193680763245
5233437696.0,-0.9549410939216614
5234375168.0,-0.9624838829040527
5235312640.0,-0.9677039384841919
5236250112.0,-0.9707539081573486
5237187584.0,-0.9707788825035095
5238125056.0,-0.9685845375061035
5239062528.0,-0.9643536806106567
5240000000.0,-0.9569878578186035
5240937472.0,-0.9478641748428345
5241874944.0,-0.9394763708114624
5242812416.0,-0.928003191947937
5243749888.0,-0.9159523248672485
5244687360.0,-0.9027689695358276
5245624832.0,-0.8891523480415344
5246562304.0,-0.8732001185417175
5247499776.0,-0.8575477600097656
5248437248.0,-0.8413625955581665
5249375232.0,-0.8249384760856628
5250312704.0,-0.8088337779045105
5251250176.0,-0.7933189868927002
5252187648.0,-0.7773118615150452
5253125120.0,-0.7622501254081726
5254062592.0,-0.7489110231399536
5255000064.0,-0.7369593977928162
5255937536.0,-0.7272272706031799
5256875008.0,-0.7180925607681274
5257812480.0,-0.7114440202713013
5258749952.0,-0.706778883934021
5259687424.0,-0.7037168145179749
5260624896.0,-0.7021239399909973
5261562368.0,-0.7021554708480835
5262499840.0,-0.7053410410881042
5263437312.0,-0.7100735902786255
5264374784.0,-0.7161033749580383
5265312256.0,-0.7245164513587952
5266250240.0,-0.7351608276367188
5267187712.0,-0.7464524507522583
5268125184.0,-0.762103796005249
5269062656.0,-0.7779400944709778
5270000128.0,-0.7976089715957642
5270937600.0,-0.8186604380607605
5271875072.0,-0.8427978157997131
5272812544.0,-0.8699482679367065
5273750016.0,-0.8985673785209656
5274687488.0,-0.9290817379951477
5275624960.0,-0.9610686898231506
5276562432.0,-0.9941840767860413
5277499904.0,-1.0294280052185059
5278437376.0,-1.0661391019821167
5279374848.0,-1.1042191982269287
5280312320.0,-1.1431663036346436
5281249792.0,-1.1831849813461304
5282187264.0,-1.2238354682922363
5283125248.0,-1.2656584978103638
5284062720.0,-1.3076329231262207
5285000192.0,-1.3479492664337158
5285937664.0,-1.3805526494979858
5286875136.0,-1.4161691665649414
5287812608.0,-1.4497286081314087
5288750080.0,-1.4787516593933105
5289687552.0,-1.5087484121322632
5290625024.0,-1.5344188213348389
5291562496.0,-1.55510413646698
5292499968.0,-1.5749891996383667
5293437440.0,-1.5919803380966187
5294374912.0,-1.6061902046203613
5295312384.0,-1.6179676055908203
5296249856.0,-1.6262438297271729
5297187328.0,-1.6326323747634888
5298124800.0,-1.6342767477035522
5299062272.0,-1.6330180168151855
5299999744.0,-1.6300851106643677
5300937728.0,-1.62249755859375
5301875200.0,-1.6118789911270142
5302812672.0,-1.6023529767990112
5303750144.0,-1.5898821353912354
5304687616.0,-1.5757112503051758
5305625088.0,-1.5606600046157837
5306562560.0,-1.5459628105163574
5307500032.0,-1.5315558910369873
5308437504.0,-1.5150073766708374
5309374976.0,-1.5002260208129883
5310312448.0,-1.4852485656738281
5311249920.0,-1.471023440361023
5312187392.0,-1.4581018686294556
5313124864.0,-1.447547435760498
5314062336.0,-1.435960054397583
5314999808.0,-1.4267816543579102
5315937280.0,-1.418229103088379
5316874752.0,-1.4131168127059937
5317812736.0,-1.4095239639282227
5318750208.0,-1.4081872701644897
5319687680.0,-1.4091546535491943
5320625152.0,-1.413913369178772
5321562624.0,-1.4209522008895874
5322500096.0,-1.428993582725525
5323437568.0,-1.441656470298767
5324375040.0,-1.4566961526870728
5325312512.0,-1.4737221002578735
5326249984.0,-1.4947938919067383
5327187456.0,-1.518569827079773
5328124928.0,-1.5451982021331787
5329062400.0,-1.5731940269470215
5329999872.0,-1.607042908668518
5330937344.0,-1.6424942016601562
5331874816.0,-1.6792162656784058
5332812288.0,-1.7472350597381592
5333749760.0,-1.7948418855667114
5334687744.0,-1.8440115451812744
5335625216.0,-1.8945389986038208
5336562688.0,-1.9470151662826538
5337500160.0,-2.0013670921325684
5338437632.0,-2.056421995162964
5339375104.0,-2.114001750946045
5340312576.0,-2.172902822494507
5341250048.0,-2.2313549518585205
5342187520.0,-2.289720296859741
5343124992.0,-2.347041368484497
5344062464.0,-2.403892993927002
5344999936.0,-2.459458112716675
5345937408.0,-2.410165786743164
5346874880.0,-2.443101167678833
5347812352.0,-2.4742271900177
5348749824.0,-2.5014195442199707
5349687296.0,-2.52528715133667
5350624768.0,-2.548288583755493
5351562752.0,-2.565786838531494
5352500224.0,-2.58066463470459
5353437696.0,-2.5905137062072754
5354375168.0,-2.598231792449951
5355312640.0,-2.5992488861083984
5356250112.0,-2.5968270301818848
5357187584.0,-2.591883897781372
5358125056.0,-2.5816383361816406
5359062528.0,-2.567593574523926
5360000000.0,-2.5536699295043945
5360937472.0,-2.536100149154663
5361874944.0,-2.518493175506592
5362812416.0,-2.4976866245269775
5363749888.0,-2.4763991832733154
5364687360.0,-2.4536170959472656
5365624832.0,-2.430703639984131
5366562304.0,-2.4063284397125244
5367499776.0,-2.3801050186157227
5368437248.0,-2.3553338050842285
5369375232.0,-2.329745292663574
5370312704.0,-2.3051912784576416
5371250176.0,-2.279629707336426
5372187648.0,-2.254011631011963
5373125120.0,-2.229978561401367
5374062592.0,-2.206462860107422
5375000064.0,-2.184692621231079
5375937536.0,-2.163356304168701
5376875008.0,-2.1423046588897705
5377812480.0,-2.124282121658325
5378749952.0,-2.1071059703826904
5379687424.0,-2.090514659881592
5380624896.0,-2.0753138065338135
5381562368.0,-2.061044454574585
5382499840.0,-2.048231363296509
5383437312.0,-2.035827875137329
5384374784.0,-2.026686906814575
5385312256.0,-2.018083095550537
5386250240.0,-2.011925458908081
5387187712.0,-2.007505178451538
5388125184.0,-2.0080044269561768
5389062656.0,-2.0066473484039307
5390000128.0,-2.0077602863311768
5390937600.0,-2.0108540058135986
5391875072.0,-2.0124142169952393
5392812544.0,-2.0157532691955566
5393750016.0,-2.018688678741455
5394687488.0,-2.0227065086364746
5395624960.0,-2.027329444885254
5396562432.0,-2.0325350761413574
5397499904.0,-2.0377461910247803
5398437376.0,-2.0426688194274902
5399374848.0,-2.0482890605926514
5400312320.0,-2.0526418685913086
5401249792.0,-2.0573630332946777
5402187264.0,-2.0617458820343018
5403125248.0,-2.0653223991394043
5404062720.0,-2.0673422813415527
5405000192.0,-2.0696704387664795
5405937664.0,-2.2126832008361816
5406875136.0,-2.2117481231689453
5407812608.0,-2.2070672512054443
5408750080.0,-2.1989686489105225
5409687552.0,-2.189556121826172
5410625024.0,-2.1758177280426025
5411562496.0,-2.1600849628448486
5412499968.0,-2.140951633453369
5413437440.0,-2.12064528465271
5414374912.0,-2.0975148677825928
5415312384.0,-2.0721116065979004
5416249856.0,-2.045119047164917
5417187328.0,-2.016904354095459
5418124800.0,-1.9876420497894287
5419062272.0,-1.9559123516082764
5420000256.0,-1.9235953092575073
5420937728.0,-1.889626145362854
5421875200.0,-1.858055830001831
5422812672.0,-1.8228808641433716
5423750144.0,-1.7909082174301147
5424687616.0,-1.7581614255905151
5425625088.0,-1.7263094186782837
5426562560.0,-1.6954578161239624
5427500032.0,-1.664694905281067
5428437504.0,-1.6357208490371704
5429374976.0,-1.605191946029663
5430312448.0,-1.5778377056121826
5431249920.0,-1.5513286590576172
5432187392.0,-1.5264829397201538
5433124864.0,-1.5025912523269653
5434062336.0,-1.479443073272705
5434999808.0,-1.4580950736999512
5435937280.0,-1.4365053176879883
5436874752.0,-1.4169299602508545
5437812736.0,-1.3988525867462158
5438750208.0,-1.3816657066345215
5439687680.0,-1.3654745817184448
5440625152.0,-1.351280927658081
5441562624.0,-1.3376972675323486
5442500096.0,-1.3276340961456299
5443437568.0,-1.3181029558181763
5444375040.0,-1.3095916509628296
5445312512.0,-1.3032304048538208
5446249984.0,-1.2994463443756104
5447187456.0,-1.2975974082946777
5448124928.0,-1.295243740081787
5449062400.0,-1.2959233522415161
5449999872.0,-1.2975940704345703
5450937344.0,-1.3011267185211182
5451874816.0,-1.3067305088043213
5452812288.0,-1.313060998916626
5453749760.0,-1.3202840089797974
5454687744.0,-1.329154372215271
5455625216.0,-1.3392122983932495
5456562688.0,-1.3487569093704224
5457500160.0,-1.3591829538345337
5458437632.0,-1.369903564453125
5459375104.0,-1.380534291267395
5460312576.0,-1.390830159187317
5461250048.0,-1.4010558128356934
5462187520.0,-1.411736011505127
5463124992.0,-1.4201725721359253
5464062464.0,-1.427022933959961
5464999936.0,-1.432554841041565
5465937408.0,-1.4409677982330322
5466874880.0,-1.4416191577911377
5467812352.0,-1.4380466938018799
5468749824.0,-1.4343539476394653
5469687296.0,-1.4280617237091064
5470624768.0,-1.42020583152771
5471562752.0,-1.4095786809921265
5472500224.0,-1.3973054885864258
5473437696.0,-1.3829210996627808
5474375168.0,-1.3656796216964722
5475312640.0,-1.347446322441101
5476250112.0,-1.3273179531097412
5477187584.0,-1.3059735298156738
5478125056.0,-1.2842098474502563
5479062528.0,-1.2592655420303345
5480000000.0,-1.2343380451202393
5480937472.0,-1.2078890800476074
5481874944.0,-1.181256890296936
5482812416.0,-1.1542226076126099
5483749888.0,-1.1267741918563843
5484687360.0,-1.099190592765808
5485624832.0,-1.072072148323059
5486562304.0,-1.0440876483917236
5487499776.0,-1.0173916816711426
5488437248.0,-0.990303099155426
5489375232.0,-0.964996337890625
5490312704.0,-0.9394551515579224
5491250176.0,-0.9152679443359375
5492187648.0,-0.8913113474845886
5493125120.0,-0.8696281313896179
5494062592.0,-0.8482664823532104
5495000064.0,-0.829281747341156
5495937536.0,-0.8116586804389954
5496875008.0,-0.7969502806663513
5497812480.0,-0.7840757966041565
5498749952.0,-0.7732269167900085
5499687424.0,-0.7668424844741821
5500624896.0,-0.7610018849372864
5501562368.0,-0.7587668299674988
5502499840.0,-0.7605389356613159
5503437312.0,-0.7636323571205139
5504374784.0,-0.7694812417030334
5505312256.0,-0.77853924036026
5506250240.0,-0.7913075089454651
5507187712.0,-0.8043836355209351
5508125184.0,-0.8212092518806458
5509062656.0,-0.8407931327819824
5510000128.0,-0.861885130405426
5510937600.0,-0.8864377737045288
5511875072.0,-0.9124181270599365
5512812544.0,-0.9396203756332397
5513750016.0,-0.9693717360496521
5514687488.0,-1.0011284351348877
5515624960.0,-1.0326673984527588
5516562432.0,-1.065749168395996
5517499904.0,-1.0987910032272339
5518437376.0,-1.1300891637802124
5519374848.0,-1.161238670349121
5520312320.0,-1.1919372081756592
5521249792.0,-1.219964623451233
5522187264.0,-1.246087908744812
5523125248.0,-1.2700401544570923
5524062720.0,-1.2894060611724854
5525000192.0,-1.306219458580017
5525937664.0,-1.144861102104187
5526875136.0,-1.151793360710144
5527812608.0,-1.1568065881729126
5528750080.0,-1.1597241163253784
5529687552.0,-1.1620076894760132
5530625024.0,-1.1612688302993774
5531562496.0,-1.159421682357788
5532499968.0,-1.1555259227752686
5533437440.0,-1.149641513824463
5534374912.0,-1.141642689704895
5535312384.0,-1.1326427459716797
5536249856.0,-1.1208664178848267
5537187328.0,-1.1095503568649292
5538124800.0,-1.0971163511276245
5539062272.0,-1.0829201936721802
5539999744.0,-1.0682966709136963
5540937728.0,-1.0540273189544678
5541875200.0,-1.037660002708435
5542812672.0,-1.0224382877349854
5543750144.0,-1.0067518949508667
5544687616.0,-0.9909996390342712
5545625088.0,-0.9769784808158875
5546562560.0,-0.9610605239868164
5547500032.0,-0.9461426138877869
5548437504.0,-0.9326528310775757
5549374976.0,-0.9203304648399353
5550312448.0,-0.907416045665741
5551249920.0,-0.8968227505683899
5552187392.0,-0.886924147605896
5553124864.0,-0.8785375952720642
5554062336.0,-0.8726625442504883
5554999808.0,-0.8680412769317627
5555937280.0,-0.8644973635673523
5556874752.0,-0.8642961382865906
5557812736.0,-0.8656293749809265
5558750208.0,-0.8698883652687073
5559687680.0,-0.8759596943855286
5560625152.0,-0.8853986263275146
5561562624.0,-0.8980751037597656
5562500096.0,-0.9120072722434998
5563437568.0,-0.9299127459526062
5564375040.0,-0.9499693512916565
5565312512.0,-0.9730700850486755
5566249984.0,-0.9976322054862976
5567187456.0,-1.0243393182754517
5568124928.0,-1.052588701248169
5569062400.0,-1.082549810409546
5569999872.0,-1.1133713722229004
5570937344.0,-1.1452969312667847
5571874816.0,-1.175836443901062
5572812288.0,-1.2066465616226196
5573749760.0,-1.2375202178955078
5574687744.0,-1.2671306133270264
5575625216.0,-1.2955889701843262
5576562688.0,-1.3200279474258423
5577500160.0,-1.3438425064086914
5578437632.0,-1.3649156093597412
5579375104.0,-1.3826507329940796
5580312576.0,-1.3970638513565063
5581250048.0,-1.4101930856704712
5582187520.0,-1.4185336828231812
5583124992.0,-1.4255915880203247
5584062464.0,-1.4301456212997437
5584999936.0,-1.4318890571594238
5585937408.0,-1.3510714769363403
5586874880.0,-1.3580622673034668
5587812352.0,-1.3653522729873657
5588749824.0,-1.3702983856201172
5589687296.0,-1.3730438947677612
5590624768.0,-1.37545907497406
5591562752.0,-1.3764172792434692
5592500224.0,-1.3767441511154175
5593437696.0,-1.3767884969711304
5594375168.0,-1.3754764795303345
5595312640.0,-1.3727734088897705
5596250112.0,-1.3695906400680542
5597187584.0,-1.366370439529419
5598125056.0,-1.362466812133789
5599062528.0,-1.357946753501892
5600000000.0,-1.351239562034607
5600937472.0,-1.3457878828048706
5601874944.0,-1.339927077293396
5602812416.0,-1.333144187927246
5603749888.0,-1.3266785144805908
5604687360.0,-1.3197535276412964
5605624832.0,-1.3128072023391724
5606562304.0,-1.3062471151351929
5607499776.0,-1.2982527017593384
5608437248.0,-1.2912626266479492
5609375232.0,-1.2837638854980469
5610312704.0,-1.2757421731948853
5611250176.0,-1.2689114809036255
5612187648.0,-1.2600973844528198
5613125120.0,-1.2527426481246948
5614062592.0,-1.2451364994049072
5615000064.0,-1.2384644746780396
5615937536.0,-1.2318263053894043
5616875008.0,-1.2257665395736694
5617812480.0,-1.2202309370040894
5618749952.0,-1.2156848907470703
5619687424.0,-1.2099275588989258
5620624896.0,-1.205014944076538
5621562368.0,-1.2012351751327515
5622499840.0,-1.197409749031067
5623437312.0,-1.1943461894989014
5624374784.0,-1.1917725801467896
5625312256.0,-1.1886121034622192
5626250240.0,-1.1855766773223877
5627187712.0,-1.1832889318466187
5628125184.0,-1.1798828840255737
5629062656.0,-1.1784971952438354
5630000128.0,-1.1745988130569458
5630937600.0,-1.1713446378707886
5631875072.0,-1.1661207675933838
5632812544.0,-1.162445306777954
5633750016.0,-1.1577526330947876
5634687488.0,-1.1529000997543335
5635624960.0,-1.1461025476455688
5636562432.0,-1.1387336254119873
5637499904.0,-1.1291468143463135
5638437376.0,-1.1205954551696777
5639374848.0,-1.1116732358932495
5640312320.0,-1.101043462753296
5641249792.0,-1.088781714439392
5642187264.0,-1.0800402164459229
5643125248.0,-1.0683162212371826
5644062720.0,-1.0565072298049927
5645000192.0,-1.043147325515747
5645937664.0,-1.041500210762024
5646875136.0,-1.0272098779678345
5647812608.0,-1.0124821662902832
5648750080.0,-0.9965961575508118
5649687552.0,-0.979297399520874
5650625024.0,-0.9606295228004456
5651562496.0,-0.9435863494873047
5652499968.0,-0.9229636788368225
5653437440.0,-0.9032702445983887
5654374912.0,-0.8824095129966736
5655312384.0,-0.8609890341758728
5656249856.0,-0.8394877910614014
5657187328.0,-0.8181125521659851
5658124800.0,-0.7960367798805237
5659062272.0,-0.7742835283279419
5660000256.0,-0.7523966431617737
5660937728.0,-0.7304307222366333
5661875200.0,-0.7091626524925232
5662812672.0,-0.6877604126930237
5663750144.0,-0.6665917038917542
5664687616.0,-0.647345244884491
5665625088.0,-0.6277152895927429
5666562560.0,-0.6106804013252258
5667500032.0,-0.5941066741943359
5668437504.0,-0.578644871711731
5669374976.0,-0.5654525756835938
5670312448.0,-0.5527694225311279
5671249920.0,-0.5430980920791626
5672187392.0,-0.5346150398254395
5673124864.0,-0.5285071730613708
5674062336.0,-0.5245952010154724
5674999808.0,-0.5210126042366028
5675937280.0,-0.5187836289405823
5676874752.0,-0.5181621313095093
5677812736.0,-0.5192208290100098
5678750208.0,-0.5214120149612427
5679687680.0,-0.5239576697349548
5680625152.0,-0.5286167860031128
5681562624.0,-0.5326131582260132
5682500096.0,-0.5373310446739197
5683437568.0,-0.5410798788070679
5684375040.0,-0.5455167293548584
5685312512.0,-0.5502675771713257
5686249984.0,-0.5523639917373657
5687187456.0,-0.5550417900085449
5688124928.0,-0.5579437613487244
5689062400.0,-0.5600975751876831
5689999872.0,-0.5604965686798096
5690937344.0,-0.5598443746566772
5691874816.0,-0.5583467483520508
5692812288.0,-0.5535160899162292
5693749760.0,-0.5487474203109741
5694687744.0,-0.5415262579917908
5695625216.0,-0.5343261957168579
5696562688.0,-0.5244506597518921
5697500160.0,-0.5145700573921204
5698437632.0,-0.5021384954452515
5699375104.0,-0.48926645517349243
5700312576.0,-0.47487857937812805
5701250048.0,-0.460761696100235
5702187520.0,-0.44744256138801575
5703124992.0,-0.43339452147483826
5704062464.0,-0.42096203565597534
5704999936.0,-0.40710920095443726
5705937408.0,-0.3732452690601349
5706874880.0,-0.37087300419807434
5707812352.0,-0.36963915824890137
5708749824.0,-0.36821651458740234
5709687296.0,-0.3664405941963196
5710624768.0,-0.3663080036640167
5711562752.0,-0.36469417810440063
5712500224.0,-0.36315247416496277
5713437696.0,-0.3626324534416199
5714375168.0,-0.3615976572036743
5715312640.0,-0.35922643542289734
5716250112.0,-0.35817885398864746
5717187584.0,-0.353903591632843
5718125056.0,-0.34930089116096497
5719062528.0,-0.3461141586303711
5720000000.0,-0.34074118733406067
5720937472.0,-0.33417731523513794
5721874944.0,-0.3274979889392853
5722812416.0,-0.3193662464618683
5723749888.0,-0.3116368353366852
5724687360.0,-0.30166006088256836
5725624832.0,-0.2928876578807831
5726562304.0,-0.284300297498703
5727499776.0,-0.2744659185409546
5728437248.0,-0.266632616519928
5729375232.0,-0.25951436161994934
5730312704.0,-0.25275149941444397
5731250176.0,-0.24825289845466614
5732187648.0,-0.24407467246055603
5733125120.0,-0.24233756959438324
5734062592.0,-0.24373751878738403
5735000064.0,-0.24568770825862885
5735937536.0,-0.25018247961997986
5736875008.0,-0.258134126663208
5737812480.0,-0.2647387981414795
5738749952.0,-0.2758066654205322
5739687424.0,-0.28752413392066956
5740624896.0,-0.3021638095378876
5741562368.0,-0.3150986135005951
5742499840.0,-0.3292218744754791
5743437312.0,-0.3427177667617798
5744374784.0,-0.3551696836948395
5745312256.0,-0.3662111759185791
5746250240.0,-0.3754580318927765
5747187712.0,-0.3832545876502991
5748125184.0,-0.38777682185173035
5749062656.0,-0.39065787196159363
5750000128.0,-0.3913518488407135
5750937600.0,-0.38889455795288086
5751875072.0,-0.3837662637233734
5752812544.0,-0.37903735041618347
5753750016.0,-0.37264370918273926
5754687488.0,-0.3653748035430908
5755624960.0,-0.35799074172973633
5756562432.0,-0.35011595487594604
5757499904.0,-0.34253743290901184
5758437376.0,-0.33397677540779114
5759374848.0,-0.32633861899375916
5760312320.0,-0.3213215470314026
5761249792.0,-0.3145660161972046
5762187264.0,-0.3117866516113281
5763125248.0,-0.3089354634284973
5764062720.0,-0.3048754632472992
5765000192.0,-0.3020208179950714
5765937664.0,-0.21873030066490173
5766875136.0,-0.2229478508234024
5767812608.0,-0.22595547139644623
5768750080.0,-0.23075994849205017
5769687552.0,-0.23568081855773926
5770625024.0,-0.24197421967983246
5771562496.0,-0.2482907623052597
5772499968.0,-0.2540106475353241
5773437440.0,-0.2616089880466461
5774374912.0,-0.2683251202106476
5775312384.0,-0.2756252586841583
5776249856.0,-0.28300124406814575
5777187328.0,-0.29115521907806396
5778124800.0,-0.29889655113220215
5779062272.0,-0.3057895004749298
5779999744.0,-0.31313055753707886
5780937728.0,-0.31921008229255676
5781875200.0,-0.3255477547645569
5782812672.0,-0.33090534806251526
5783750144.0,-0.3370577096939087
5784687616.0,-0.34259724617004395
5785625088.0,-0.34693267941474915
5786562560.0,-0.35125961899757385
5787500032.0,-0.3542473614215851
5788437504.0,-0.3575587272644043
5789374976.0,-0.3575315475463867
5790312448.0,-0.3561908006668091
5791249920.0,-0.35409390926361084
5792187392.0,-0.3509795665740967
5793124864.0,-0.3474667966365814
5794062336.0,-0.34312501549720764
5794999808.0,-0.3367551267147064
5795937280.0,-0.3313557803630829
5796874752.0,-0.32388150691986084
5797812736.0,-0.3163779377937317
5798750208.0,-0.3076004981994629
5799687680.0,-0.296101838350296
5800625152.0,-0.28750550746917725
5801562624.0,-0.27362295985221863
5802500096.0,-0.26130878925323486
5803437568.0,-0.24813660979270935
5804375040.0,-0.23295849561691284
5805312512.0,-0.21933817863464355
5806249984.0,-0.20569144189357758
5807187456.0,-0.18973059952259064
5808124928.0,-0.17396016418933868
5809062400.0,-0.15799245238304138
5809999872.0,-0.1416713148355484
5810937344.0,-0.1258067488670349
5811874816.0,-0.11095743626356125
5812812288.0,-0.09375689923763275
5813749760.0,-0.07896354049444199
5814687744.0,-0.06428205221891403
5815625216.0,-0.05088173225522041
5816562688.0,-0.03693663328886032
5817500160.0,-0.024652190506458282
5818437632.0,-0.012902367860078812
5819375104.0,-0.0015190831618383527
5820312576.0,0.007909994572401047
5821250048.0,0.01741396263241768
5822187520.0,0.027209484949707985
5823124992.0,0.0357508547604084
5824062464.0,0.042997896671295166
5824999936.0,0.04973342642188072
5825937408.0,-0.13018065690994263
5826874880.0,-0.1352907121181488
5827812352.0,-0.1392848938703537
5828749824.0,-0.1411750763654709
5829687296.0,-0.1418360322713852
5830624768.0,-0.14195995032787323
5831562752.0,-0.14037512242794037
5832500224.0,-0.1386217176914215
5833437696.0,-0.13574066758155823
5834375168.0,-0.1324649453163147
5835312640.0,-0.1299927830696106
5836250112.0,-0.1262710690498352
5837187584.0,-0.12339093536138535
5838125056.0,-0.12038259953260422
5839062528.0,-0.11732020229101181
5840000000.0,-0.11820293962955475
5840937472.0,-0.11909481883049011
5841874944.0,-0.12105006724596024
5842812416.0,-0.12456642091274261
5843749888.0,-0.12818828225135803
5844687360.0,-0.133020281791687
5845624832.0,-0.13830141723155975
5846562304.0,-0.14437386393547058
5847499776.0,-0.15299932658672333
5848437248.0,-0.1605931967496872
5849375232.0,-0.1703180968761444
5850312704.0,-0.18037083745002747
5851250176.0,-0.19008108973503113
5852187648.0,-0.20113734900951385
5853125120.0,-0.210788294672966
5854062592.0,-0.2220207154750824
5855000064.0,-0.23082654178142548
5855937536.0,-0.24052028357982635
5856875008.0,-0.2505921423435211
5857812480.0,-0.2571101486682892
5858749952.0,-0.2635648846626282
5859687424.0,-0.26818791031837463
5860624896.0,-0.27068033814430237
5861562368.0,-0.2713659107685089
5862499840.0,-0.2701128423213959
5863437312.0,-0.2662689983844757
5864374784.0,-0.26065173745155334
5865312256.0,-0.25399693846702576
5866250240.0,-0.24659860134124756
5867187712.0,-0.2369573414325714
5868125184.0,-0.2252061367034912
5869062656.0,-0.2141372114419937
5870000128.0,-0.20051614940166473
5870937600.0,-0.18813100457191467
5871875072.0,-0.17429359257221222
5872812544.0,-0.1608961969614029
5873750016.0,-0.14843697845935822
5874687488.0,-0.13700278103351593
5875624960.0,-0.12556736171245575
5876562432.0,-0.1162000447511673
5877499904.0,-0.10971541702747345
5878437376.0,-0.10397910326719284
5879374848.0,-0.10132353752851486
5880312320.0,-0.10028886795043945
5881249792.0,-0.10116974264383316
5882187264.0,-0.10494326055049896
5883125248.0,-0.10861946642398834
5884062720.0,-0.11484235525131226
5885000192.0,-0.12339631468057632
5885937664.0,-0.06477322429418564
5886875136.0,-0.06919042766094208
5887812608.0,-0.07400663942098618
5888750080.0,-0.07947007566690445
5889687552.0,-0.08704353868961334
5890625024.0,-0.09318023920059204
5891562496.0,-0.10028404742479324
5892499968.0,-0.10696990042924881
5893437440.0,-0.11506100744009018
5894374912.0,-0.12305297702550888
5895312384.0,-0.13116897642612457
5896249856.0,-0.13955393433570862
5897187328.0,-0.14812876284122467
5898124800.0,-0.1565639227628708
5899062272.0,-0.1660173535346985
5900000256.0,-0.17484092712402344
5900937728.0,-0.18485179543495178
5901875200.0,-0.19351914525032043
5902812672.0,-0.2026514858007431
5903750144.0,-0.21171031892299652
5904687616.0,-0.2200002819299698
5905625088.0,-0.2293492704629898
5906562560.0,-0.23924307525157928
5907500032.0,-0.2471972107887268
5908437504.0,-0.25568610429763794
5909374976.0,-0.2646862864494324
5910312448.0,-0.27246856689453125
5911249920.0,-0.2803473472595215
5912187392.0,-0.2867009937763214
5913124864.0,-0.295752614736557
5914062336.0,-0.30180954933166504
5914999808.0,-0.30965831875801086
5915937280.0,-0.3146698474884033
5916874752.0,-0.3190690875053406
5917812736.0,-0.3211548924446106
5918750208.0,-0.3258291780948639
5919687680.0,-0.32803866267204285
5920625152.0,-0.3299131989479065
5921562624.0,-0.33078035712242126
5922500096.0,-0.33105501532554626
5923437568.0,-0.3307408392429352
5924375040.0,-0.3289535641670227
5925312512.0,-0.3259405493736267
5926249984.0,-0.32213789224624634
5927187456.0,-0.31551632285118103
5928124928.0,-0.3086613118648529
5929062400.0,-0.3009030818939209
5929999872.0,-0.2909025251865387
5930937344.0,-0.2797054052352905
5931874816.0,-0.26597797870635986
5932812288.0,-0.2518046498298645
5933749760.0,-0.23573020100593567
5934687744.0,-0.2210058569908142
5935625216.0,-0.20354513823986053
5936562688.0,-0.18427440524101257
5937500160.0,-0.16673333942890167
5938437632.0,-0.1485285609960556
5939375104.0,-0.12947767972946167
5940312576.0,-0.11082345992326736
5941250048.0,-0.09310282766819
5942187520.0,-0.07486939430236816
5943124992.0,-0.057562489062547684
5944062464.0,-0.042315710335969925
5944999936.0,-0.02864115871489048
5945937408.0,-0.12601137161254883
5946874880.0,-0.13399450480937958
5947812352.0,-0.14365877211093903
5948749824.0,-0.15508933365345
5949687296.0,-0.16642089188098907
5950624768.0,-0.1808679699897766
5951562752.0,-0.19683995842933655
5952500224.0,-0.21339380741119385
5953437696.0,-0.22987677156925201
5954375168.0,-0.2487500011920929
5955312640.0,-0.26768434047698975
5956250112.0,-0.28731098771095276
5957187584.0,-0.3077890872955322
5958125056.0,-0.32616424560546875
5959062528.0,-0.3460811674594879
5960000000.0,-0.3633098900318146
5960937472.0,-0.3818405270576477
5961874944.0,-0.3973129689693451
5962812416.0,-0.41301971673965454
5963749888.0,-0.4251798987388611
5964687360.0,-0.4356498420238495
5965624832.0,-0.44265785813331604
5966562304.0,-0.44639575481414795
5967499776.0,-0.44765764474868774
5968437248.0,-0.44572964310646057
5969375232.0,-0.44106414914131165
5970312704.0,-0.43296748399734497
5971250176.0,-0.42069071531295776
5972187648.0,-0.40689146518707275
5973125120.0,-0.3901791274547577
5974062592.0,-0.3703162372112274
5975000064.0,-0.346873015165329
5975937536.0,-0.3248445391654968
5976875008.0,-0.3002704381942749
5977812480.0,-0.2752973735332489
5978749952.0,-0.24997282028198242
5979687424.0,-0.22605912387371063
5980624896.0,-0.20218105614185333
5981562368.0,-0.1790328323841095
5982499840.0,-0.15837320685386658
5983437312.0,-0.13929860293865204
5984374784.0,-0.121893972158432
5985312256.0,-0.10800456255674362
5986250240.0,-0.09627517312765121
5987187712.0,-0.08719899505376816
5988125184.0,-0.08102908730506897
5989062656.0,-0.07728797942399979
5990000128.0,-0.07544121891260147
5990937600.0,-0.07664740830659866
5991875072.0,-0.08016521483659744
5992812544.0,-0.08457385003566742
5993750016.0,-0.09087803214788437
5994687488.0,-0.09853386133909225
5995624960.0,-0.10630063712596893
5996562432.0,-0.11492104828357697
5997499904.0,-0.12463297694921494
5998437376.0,-0.13358451426029205
5999374848.0,-0.14277803897857666
6000312320.0,-0.15258169174194336
6001249792.0,-0.1607612818479538
6002187264.0,-0.1676967591047287
6003125248.0,-0.17513307929039001
6004062720.0,-0.18007025122642517
6005000192.0,-0.1386180967092514
6005937664.0,-0.14504893124103546
6006875136.0,-0.15212547779083252
6007812608.0,-0.1597689837217331
6008750080.0,-0.16897881031036377
6009687552.0,-0.1798924058675766
6010625024.0,-0.1902388483285904
6011562496.0,-0.2020266205072403
6012499968.0,-0.21467602252960205
6013437440.0,-0.2264758199453354
6014374912.0,-0.23997732996940613
6015312384.0,-0.25334668159484863
6016249856.0,-0.267844557762146
6017187328.0,-0.2827390432357788
6018124800.0,-0.29611828923225403
6019062272.0,-0.3086327612400055
6019999744.0,-0.32127973437309265
6020937728.0,-0.3341481685638428
6021875200.0,-0.3449884355068207
6022812672.0,-0.35567694902420044
6023750144.0,-0.3654238283634186
6024687616.0,-0.3735330402851105
6025625088.0,-0.37916937470436096
6026562560.0,-0.38495752215385437
6027500032.0,-0.3885487914085388
6028437504.0,-0.3901384174823761
6029374976.0,-0.39026525616645813
6030312448.0,-0.38903144001960754
6031249920.0,-0.38641294836997986
6032187392.0,-0.38123565912246704
6033124864.0,-0.37448596954345703
6034062336.0,-0.3674573600292206
6034999808.0,-0.3586084842681885
6035937280.0,-0.3494783639907837
6036874752.0,-0.33966830372810364
6037812736.0,-0.32742607593536377
6038750208.0,-0.3161976635456085
6039687680.0,-0.3058766722679138
6040625152.0,-0.2949400842189789
6041562624.0,-0.2833937108516693
6042500096.0,-0.2725054919719696
6043437568.0,-0.2613300085067749
6044375040.0,-0.25141772627830505
6045312512.0,-0.24257701635360718
6046249984.0,-0.23431217670440674
6047187456.0,-0.2274262011051178
6048124928.0,-0.22045283019542694
6049062400.0,-0.21605069935321808
6049999872.0,-0.21153685450553894
6050937344.0,-0.208084836602211
6051874816.0,-0.20580744743347168
6052812288.0,-0.20494280755519867
6053749760.0,-0.20313230156898499
6054687744.0,-0.20376114547252655
6055625216.0,-0.20447048544883728
6056562688.0,-0.2070893794298172
6057500160.0,-0.20984774827957153
6058437632.0,-0.21420541405677795
6059375104.0,-0.21795403957366943
6060312576.0,-0.22332891821861267
6061250048.0,-0.22798381745815277
6062187520.0,-0.23238565027713776
6063124992.0,-0.23819950222969055
6064062464.0,-0.2434709221124649
6064999936.0,-0.13842086493968964
6065937408.0,-0.1592596024274826
6066874880.0,-0.17882996797561646
6067812352.0,-0.19950266182422638
6068749824.0,-0.22003108263015747
6069687296.0,-0.24115996062755585
6070624768.0,-0.2623043656349182
6071562752.0,-0.2826651334762573
6072500224.0,-0.3020568788051605
6073437696.0,-0.3199962377548218
6074375168.0,-0.33732348680496216
6075312640.0,-0.3534344732761383
6076250112.0,-0.36928102374076843
6077187584.0,-0.38277339935302734
6078125056.0,-0.3944944143295288
6079062528.0,-0.40739747881889343
6080000000.0,-0.4183814525604248
6080937472.0,-0.4270894527435303
6081874944.0,-0.434927374124527
6082812416.0,-0.4415658116340637
6083749888.0,-0.44580668210983276
6084687360.0,-0.44780346751213074
6085624832.0,-0.4494081735610962
6086562304.0,-0.449429988861084
6087499776.0,-0.4471058249473572
6088437248.0,-0.4450516104698181
6089375232.0,-0.4411424994468689
6090312704.0,-0.4350046217441559
6091250176.0,-0.4285958409309387
6092187648.0,-0.42017266154289246
6093125120.0,-0.4109289050102234
6094062592.0,-0.4008804261684418
6095000064.0,-0.39013561606407166
6095937536.0,-0.37811988592147827
6096875008.0,-0.365098774433136
6097812480.0,-0.35222259163856506
6098749952.0,-0.3378146290779114
6099687424.0,-0.32369282841682434
6100624896.0,-0.30887237191200256
6101562368.0,-0.2930580973625183
6102499840.0,-0.27888959646224976
6103437312.0,-0.2647171914577484
6104374784.0,-0.24981100857257843
6105312256.0,-0.2357158213853836
6106250240.0,-0.22131916880607605
6107187712.0,-0.20722375810146332
6108125184.0,-0.19361434876918793
6109062656.0,-0.1794535368680954
6110000128.0,-0.16679760813713074
6110937600.0,-0.15363454818725586
6111875072.0,-0.14144845306873322
6112812544.0,-0.13037027418613434
6113750016.0,-0.11850032210350037
6114687488.0,-0.1081661805510521
6115624960.0,-0.09901680052280426
6116562432.0,-0.09024175256490707
6117499904.0,-0.08252189308404922
6118437376.0,-0.07807756960391998
6119374848.0,-0.07531179487705231
6120312320.0,-0.07552078366279602
6121249792.0,-0.07584644109010696
6122187264.0,-0.07891401648521423
6123125248.0,-0.08215721696615219
6124062720.0,-0.08913355320692062
6125000192.0,-0.14240409433841705
6125937664.0,-0.15617109835147858
6126875136.0,-0.1710333526134491
6127812608.0,-0.18581195175647736
6128750080.0,-0.20127072930335999
6129687552.0,-0.21691834926605225
6130625024.0,-0.23353300988674164
6131562496.0,-0.24858836829662323
6132499968.0,-0.2645763158798218
6133437440.0,-0.28168588876724243
6134374912.0,-0.2976803481578827
6135312384.0,-0.31375572085380554
6136249856.0,-0.3283305764198303
6137187328.0,-0.34338489174842834
6138124800.0,-0.3576805889606476
6139062272.0,-0.37195977568626404
6140000256.0,-0.38386523723602295
6140937728.0,-0.3962864577770233
6141875200.0,-0.40780186653137207
6142812672.0,-0.41723722219467163
6143750144.0,-0.4263995587825775
6144687616.0,-0.43715059757232666
6145625088.0,-0.44650253653526306
6146562560.0,-0.45321276783943176
6147500032.0,-0.45840585231781006
6148437504.0,-0.4611694812774658
6149374976.0,-0.46259889006614685
6150312448.0,-0.4630378186702728
6151249920.0,-0.46202775835990906
6152187392.0,-0.45798709988594055
6153124864.0,-0.4539787769317627
6154062336.0,-0.44750380516052246
6154999808.0,-0.43925225734710693
6155937280.0,-0.43048739433288574
6156874752.0,-0.4204314649105072
6157812736.0,-0.4095938801765442
6158750208.0,-0.39722174406051636
6159687680.0,-0.3845525085926056
6160625152.0,-0.3699148893356323
6161562624.0,-0.35670819878578186
6162500096.0,-0.34188324213027954
6163437568.0,-0.3267210125923157
6164375040.0,-0.3110101819038391
6165312512.0,-0.2974039614200592
6166249984.0,-0.2818782329559326
6167187456.0,-0.26745930314064026
6168124928.0,-0.25401315093040466
6169062400.0,-0.24093155562877655
6169999872.0,-0.22497497498989105
6170937344.0,-0.21087056398391724
6171874816.0,-0.19777293503284454
6172812288.0,-0.1845957636833191
6173749760.0,-0.17340023815631866
6174687744.0,-0.16245581209659576
6175625216.0,-0.15356563031673431
6176562688.0,-0.14380289614200592
6177500160.0,-0.1369321495294571
6178437632.0,-0.13020502030849457
6179375104.0,-0.12459566444158554
6180312576.0,-0.12003182619810104
6181250048.0,-0.11811855435371399
6182187520.0,-0.11682344973087311
6183124992.0,-0.11894195526838303
6184062464.0,-0.12122581899166107
6184999936.0,-0.264452189207077
6185937408.0,-0.2799507677555084
6186874880.0,-0.2958822250366211
6187812352.0,-0.3126766085624695
6188749824.0,-0.32936275005340576
6189687296.0,-0.3469724953174591
6190624768.0,-0.3628981113433838
6191562752.0,-0.37930694222450256
6192500224.0,-0.3936651349067688
6193437696.0,-0.4105159640312195
6194375168.0,-0.42275285720825195
6195312640.0,-0.4331616759300232
6196250112.0,-0.4419812262058258
6197187584.0,-0.4501161575317383
6198125056.0,-0.45705869793891907
6199062528.0,-0.4618090093135834
6200000000.0,-0.4659348428249359
6200937472.0,-0.46934863924980164
6201874944.0,-0.4721364974975586
6202812416.0,-0.47473013401031494
6203749888.0,-0.47615519165992737
6204687360.0,-0.4777088165283203
6205624832.0,-0.48065176606178284
6206562304.0,-0.4841172993183136
6207499776.0,-0.4878782331943512
6208437248.0,-0.49454930424690247
6209375232.0,-0.5024456977844238
6210312704.0,-0.5103638768196106
6211250176.0,-0.519245982170105
6212187648.0,-0.5268853306770325
6213125120.0,-0.5352022647857666
6214062592.0,-0.5408197045326233
6215000064.0,-0.5436488389968872
6215937536.0,-0.5383342504501343
6216875008.0,-0.5330432057380676
6217812480.0,-0.5255287885665894
6218749952.0,-0.5163622498512268
6219687424.0,-0.505395770072937
6220624896.0,-0.4935697019100189
6221562368.0,-0.4796145558357239
6222499840.0,-0.4669366478919983
6223437312.0,-0.4537535011768341
6224374784.0,-0.43973106145858765
6225312256.0,-0.42793312668800354
6226250240.0,-0.41688182950019836
6227187712.0,-0.40636736154556274
6228125184.0,-0.39623939990997314
6229062656.0,-0.3876556158065796
6230000128.0,-0.379022479057312
6230937600.0,-0.3717556297779083
6231875072.0,-0.3653382360935211
6232812544.0,-0.3593670725822449
6233750016.0,-0.35152894258499146
6234687488.0,-0.34401246905326843
6235624960.0,-0.33775633573532104
6236562432.0,-0.33104178309440613
6237499904.0,-0.3231782913208008
6238437376.0,-0.3158820569515228
6239374848.0,-0.3083236515522003
6240312320.0,-0.3003835380077362
6241249792.0,-0.2918545603752136
6242187264.0,-0.2844889163970947
6243125248.0,-0.2785378098487854
6244062720.0,-0.272190660238266
6245000192.0,-0.4162052273750305
6245937664.0,-0.41838449239730835
6246875136.0,-0.42143532633781433
6247812608.0,-0.42709288001060486
6248750080.0,-0.4345143735408783
6249687552.0,-0.44395583868026733
6250625024.0,-0.45586860179901123
6251562496.0,-0.4695064425468445
6252499968.0,-0.4862470328807831
6253437440.0,-0.5045878291130066
6254374912.0,-0.52557373046875
6255312384.0,-0.5479740500450134
6256249856.0,-0.5725257992744446
6257187328.0,-0.5982796549797058
6258124800.0,-0.6261894106864929
6259062272.0,-0.6528884172439575
6259999744.0,-0.681061327457428
6260937728.0,-0.7075240015983582
6261875200.0,-0.7333727478981018
6262812672.0,-0.7581197023391724
6263750144.0,-0.78040611743927
6264687616.0,-0.8017890453338623
6265625088.0,-0.8205919861793518
6266562560.0,-0.8389712572097778
6267500032.0,-0.8534750938415527
6268437504.0,-0.8637675642967224
6269374976.0,-0.8719374537467957
6270312448.0,-0.8762832880020142
6271249920.0,-0.878640353679657
6272187392.0,-0.8774725198745728
6273124864.0,-0.8718496561050415
6274062336.0,-0.863231897354126
6274999808.0,-0.8510140776634216
6275937280.0,-0.8351361751556396
6276874752.0,-0.8164944052696228
6277812736.0,-0.7947233319282532
6278750208.0,-0.7711505889892578
6279687680.0,-0.7449183464050293
6280625152.0,-0.7175201773643494
6281562624.0,-0.6892936825752258
6282500096.0,-0.6593282222747803
6283437568.0,-0.6291682124137878
6284375040.0,-0.5995804667472839
6285312512.0,-0.5678238272666931
6286249984.0,-0.5387316346168518
6287187456.0,-0.5090203285217285
6288124928.0,-0.48149028420448303
6289062400.0,-0.4535832703113556
6289999872.0,-0.4292924106121063
6290937344.0,-0.4043915271759033
6291874816.0,-0.3835802972316742
6292812288.0,-0.36396822333335876
6293749760.0,-0.347644180059433
6294687744.0,-0.333230197429657
6295625216.0,-0.3227176070213318
6296562688.0,-0.31885698437690735
6297500160.0,-0.3178270757198334
6298437632.0,-0.3189113438129425
6299375104.0,-0.3235972821712494
6300312576.0,-0.3313763439655304
6301250048.0,-0.3415839374065399
6302187520.0,-0.35552507638931274
6303124992.0,-0.3716500699520111
6304062464.0,-0.3905109465122223
6304999936.0,-0.5291141271591187
6305937408.0,-0.5494349002838135
6306874880.0,-0.5713629126548767
6307812352.0,-0.5932897925376892
6308749824.0,-0.6173260807991028
6309687296.0,-0.6429934501647949
6310624768.0,-0.6677474975585938
6311562752.0,-0.6937074661254883
6312500224.0,-0.719211220741272
6313437696.0,-0.7446336150169373
6314375168.0,-0.7706366181373596
6315312640.0,-0.7958284020423889
6316250112.0,-0.8208274245262146
6317187584.0,-0.845545768737793
6318125056.0,-0.8684086799621582
6319062528.0,-0.8890153765678406
6320000000.0,-0.9081823825836182
6320937472.0,-0.9271479249000549
6321874944.0,-0.9452943205833435
6322812416.0,-0.9597669839859009
6323749888.0,-0.9731429219245911
6324687360.0,-0.9828041195869446
6325624832.0,-0.9886458516120911
6326562304.0,-0.9922377467155457
6327499776.0,-0.9932479858398438
6328437248.0,-0.989983856678009
6329375232.0,-0.9852465391159058
6330312704.0,-0.9774580001831055
6331250176.0,-0.9687038064002991
6332187648.0,-0.9576340317726135
6333125120.0,-0.9438430666923523
6334062592.0,-0.9285761117935181
6335000064.0,-0.9116876125335693
6335937536.0,-0.8941043019294739
6336875008.0,-0.8744616508483887
6337812480.0,-0.8525846004486084
6338749952.0,-0.8312118053436279
6339687424.0,-0.8077133297920227
6340624896.0,-0.7846855521202087
6341562368.0,-0.7618541121482849
6342499840.0,-0.7375271320343018
6343437312.0,-0.7145491242408752
6344374784.0,-0.6932179927825928
6345312256.0,-0.6707788109779358
6346250240.0,-0.6504791378974915
6347187712.0,-0.627188503742218
6348125184.0,-0.6067399978637695
6349062656.0,-0.5859139561653137
6350000128.0,-0.5674073696136475
6350937600.0,-0.5501866340637207
6351875072.0,-0.5361455082893372
6352812544.0,-0.522873044013977
6353750016.0,-0.5120576024055481
6354687488.0,-0.5044839382171631
6355624960.0,-0.4972894787788391
6356562432.0,-0.49356603622436523
6357499904.0,-0.4911833703517914
6358437376.0,-0.49161991477012634
6359374848.0,-0.49488887190818787
6360312320.0,-0.4994191527366638
6361249792.0,-0.5068570971488953
6362187264.0,-0.5172425508499146
6363125248.0,-0.530551552772522
6364062720.0,-0.5444035530090332
6365000192.0,-0.8222885727882385
6365937664.0,-0.8285132646560669
6366875136.0,-0.8346592783927917
6367812608.0,-0.8417908549308777
6368750080.0,-0.8494728207588196
6369687552.0,-0.8584622740745544
6370625024.0,-0.8668338656425476
6371562496.0,-0.8765820264816284
6372499968.0,-0.8840317726135254
6373437440.0,-0.8914631605148315
6374374912.0,-0.9001500606536865
6375312384.0,-0.9097404479980469
6376249856.0,-0.9183297157287598
6377187328.0,-0.9279308915138245
6378124800.0,-0.9367465376853943
6379062272.0,-0.9443429708480835
6380000256.0,-0.9510683417320251
6380937728.0,-0.9583958387374878
6381875200.0,-0.9640180468559265
6382812672.0,-0.9698898792266846
6383750144.0,-0.9742267727851868
6384687616.0,-0.9796477556228638
6385625088.0,-0.9831309914588928
6386562560.0,-0.9858222603797913
6387500032.0,-0.9890122413635254
6388437504.0,-0.9916583895683289
6389374976.0,-0.9940153360366821
6390312448.0,-0.9959242939949036
6391249920.0,-0.9960196614265442
6392187392.0,-0.9964606165885925
6393124864.0,-0.9960357546806335
6394062336.0,-0.994841992855072
6394999808.0,-0.991827666759491
6395937280.0,-0.9875044822692871
6396874752.0,-0.9846853613853455
6397812736.0,-0.980414092540741
6398750208.0,-0.9767897725105286
6399687680.0,-0.972405731678009
6400625152.0,-0.9670835137367249
6401562624.0,-0.9659261107444763
6402500096.0,-0.9624555706977844
6403437568.0,-0.960432767868042
6404375040.0,-0.958866536617279
6405312512.0,-0.9586811661720276
6406249984.0,-0.9580303430557251
6407187456.0,-0.9599893689155579
6408124928.0,-0.9616305232048035
6409062400.0,-0.9650853872299194
6409999872.0,-0.9693816304206848
6410937344.0,-0.9739047884941101
6411874816.0,-0.9798176288604736
6412812288.0,-0.9856916069984436
6413749760.0,-0.9918182492256165
6414687744.0,-0.9997777342796326
6415625216.0,-1.0084288120269775
6416562688.0,-1.0156325101852417
6417500160.0,-1.0252430438995361
6418437632.0,-1.0338284969329834
6419375104.0,-1.0421150922775269
6420312576.0,-1.0497273206710815
6421250048.0,-1.058509349822998
6422187520.0,-1.0666322708129883
6423124992.0,-1.0712339878082275
6424062464.0,-1.0739034414291382
6424999936.0,-1.091634750366211
6425937408.0,-1.1030852794647217
6426874880.0,-1.1133123636245728
6427812352.0,-1.1221857070922852
6428749824.0,-1.1292027235031128
6429687296.0,-1.1353715658187866
6430624768.0,-1.1399136781692505
6431562752.0,-1.1448842287063599
6432500224.0,-1.1466165781021118
6433437696.0,-1.147439956665039
6434375168.0,-1.1477314233779907
6435312640.0,-1.1438727378845215
6436250112.0,-1.1403299570083618
6437187584.0,-1.1351513862609863
6438125056.0,-1.1284457445144653
6439062528.0,-1.1197019815444946
6440000000.0,-1.1103887557983398
6440937472.0,-1.1010490655899048
6441874944.0,-1.088439702987671
6442812416.0,-1.077597737312317
6443749888.0,-1.0648586750030518
6444687360.0,-1.0517557859420776
6445624832.0,-1.0393836498260498
6446562304.0,-1.026584267616272
6447499776.0,-1.0137842893600464
6448437248.0,-1.0022770166397095
6449375232.0,-0.9914529323577881
6450312704.0,-0.9819937348365784
6451250176.0,-0.9720137715339661
6452187648.0,-0.9631091952323914
6453125120.0,-0.9549311399459839
6454062592.0,-0.9476476907730103
6455000064.0,-0.9410961270332336
6455937536.0,-0.9348756670951843
6456875008.0,-0.9304792284965515
6457812480.0,-0.9244442582130432
6458749952.0,-0.9197840094566345
6459687424.0,-0.9142731428146362
6460624896.0,-0.90882408618927
6461562368.0,-0.9042864441871643
6462499840.0,-0.8993302583694458
6463437312.0,-0.8942612409591675
6464374784.0,-0.8896994590759277
6465312256.0,-0.8845698833465576
6466250240.0,-0.8797509670257568
6467187712.0,-0.874498724937439
6468125184.0,-0.8689424395561218
6469062656.0,-0.8643339276313782
6470000128.0,-0.8593931794166565
6470937600.0,-0.8553259968757629
6471875072.0,-0.8497961163520813
6472812544.0,-0.8449775576591492
6473750016.0,-0.8422117233276367
6474687488.0,-0.8386175632476807
6475624960.0,-0.8359944820404053
6476562432.0,-0.8326473236083984
6477499904.0,-0.8284019231796265
6478437376.0,-0.8254582285881042
6479374848.0,-0.8221945762634277
6480312320.0,-0.8211626410484314
6481249792.0,-0.8191694617271423
6482187264.0,-0.8181798458099365
6483125248.0,-0.8193659782409668
6484062720.0,-0.8201150894165039
6485000192.0,-0.9207612872123718
6485937664.0,-0.9281145930290222
6486875136.0,-0.936438798904419
6487812608.0,-0.9429892301559448
6488750080.0,-0.949990451335907
6489687552.0,-0.9566365480422974
6490625024.0,-0.963738203048706
6491562496.0,-0.9696822166442871
6492499968.0,-0.9755560159683228
6493437440.0,-0.9814297556877136
6494374912.0,-0.9867833852767944
6495312384.0,-0.99081951379776
6496249856.0,-0.9961521029472351
6497187328.0,-0.999657392501831
6498124800.0,-1.0027467012405396
6499062272.0,-1.0058393478393555
6499999744.0,-1.007192611694336
6500937728.0,-1.006352186203003
6501875200.0,-1.0035680532455444
6502812672.0,-1.000967025756836
6503750144.0,-0.9959901571273804
6504687616.0,-0.9895176887512207
6505625088.0,-0.981721818447113
6506562560.0,-0.9737824201583862
6507500032.0,-0.9648452401161194
6508437504.0,-0.9559715986251831
6509374976.0,-0.945514976978302
6510312448.0,-0.9348271489143372
6511249920.0,-0.9249575138092041
6512187392.0,-0.9141849875450134
6513124864.0,-0.9039517641067505
6514062336.0,-0.8919289708137512
6514999808.0,-0.8803761601448059
6515937280.0,-0.8699445724487305
6516874752.0,-0.8589281439781189
6517812736.0,-0.8486759662628174
6518750208.0,-0.8388491272926331
6519687680.0,-0.8297387361526489
6520625152.0,-0.8210683465003967
6521562624.0,-0.811421811580658
6522500096.0,-0.803668200969696
6523437568.0,-0.7965465188026428
6524375040.0,-0.7893803119659424
6525312512.0,-0.7846217155456543
6526249984.0,-0.7793229818344116
6527187456.0,-0.7754703760147095
6528124928.0,-0.7720633149147034
6529062400.0,-0.7701020836830139
6529999872.0,-0.7683481574058533
6530937344.0,-0.768761932849884
6531874816.0,-0.7697058320045471
6532812288.0,-0.7731689810752869
6533749760.0,-0.7772373557090759
6534687744.0,-0.7812250852584839
6535625216.0,-0.787079930305481
6536562688.0,-0.7918304800987244
6537500160.0,-0.7974157929420471
6538437632.0,-0.8023767471313477
6539375104.0,-0.8083779811859131
6540312576.0,-0.8146311044692993
6541250048.0,-0.8211066126823425
6542187520.0,-0.8287831544876099
6543124992.0,-0.8360087871551514
6544062464.0,-0.843244194984436
6544999936.0,-0.8415501117706299
6545937408.0,-0.8444247245788574
6546874880.0,-0.8487256765365601
6547812352.0,-0.8512870669364929
6548749824.0,-0.8550606369972229
6549687296.0,-0.8585090637207031
6550624768.0,-0.8622763156890869
6551562752.0,-0.866867184638977
6552500224.0,-0.8735736608505249
6553437696.0,-0.8796703219413757
6554375168.0,-0.8871689438819885
6555312640.0,-0.8955550193786621
6556250112.0,-0.9053329229354858
6557187584.0,-0.9170419573783875
6558125056.0,-0.9281779527664185
6559062528.0,-0.9403126239776611
6560000000.0,-0.9524099826812744
6560937472.0,-0.9660812020301819
6561874944.0,-0.9778505563735962
6562812416.0,-0.9910202026367188
6563749888.0,-1.0046982765197754
6564687360.0,-1.0180268287658691
6565624832.0,-1.0315957069396973
6566562304.0,-1.0463591814041138
6567499776.0,-1.0593976974487305
6568437248.0,-1.0730794668197632
6569375232.0,-1.085736632347107
6570312704.0,-1.098236083984375
6571250176.0,-1.11004638671875
6572187648.0,-1.1220062971115112
6573125120.0,-1.1333000659942627
6574062592.0,-1.1435928344726562
6575000064.0,-1.1542675495147705
6575937536.0,-1.1613554954528809
6576875008.0,-1.1684519052505493
6577812480.0,-1.175500512123108
6578749952.0,-1.1796798706054688
6579687424.0,-1.1836779117584229
6580624896.0,-1.186856746673584
6581562368.0,-1.1892365217208862
6582499840.0,-1.190092921257019
6583437312.0,-1.190893530845642
6584374784.0,-1.1887530088424683
6585312256.0,-1.185856580734253
6586250240.0,-1.1825639009475708
6587187712.0,-1.1781140565872192
6588125184.0,-1.1739134788513184
6589062656.0,-1.1692181825637817
6590000128.0,-1.1634068489074707
6590937600.0,-1.1584556102752686
6591875072.0,-1.152381420135498
6592812544.0,-1.146607756614685
6593750016.0,-1.1419893503189087
6594687488.0,-1.138198971748352
6595624960.0,-1.134259819984436
6596562432.0,-1.1307448148727417
6597499904.0,-1.1278753280639648
6598437376.0,-1.1260462999343872
6599374848.0,-1.1244871616363525
6600312320.0,-1.1235486268997192
6601249792.0,-1.1227432489395142
6602187264.0,-1.1233110427856445
6603125248.0,-1.1246064901351929
6604062720.0,-1.1268815994262695
6605000192.0,-1.1258541345596313
6605937664.0,-1.130761981010437
6606875136.0,-1.1372050046920776
6607812608.0,-1.141983985900879
6608750080.0,-1.1469773054122925
6609687552.0,-1.152380108833313
6610625024.0,-1.1563246250152588
6611562496.0,-1.1615378856658936
6612499968.0,-1.1664652824401855
6613437440.0,-1.171215295791626
6614374912.0,-1.176279902458191
6615312384.0,-1.1808922290802002
6616249856.0,-1.1873297691345215
6617187328.0,-1.1918638944625854
6618124800.0,-1.1970434188842773
6619062272.0,-1.200850248336792
6620000256.0,-1.2068313360214233
6620937728.0,-1.2117618322372437
6621875200.0,-1.2167916297912598
6622812672.0,-1.2245771884918213
6623750144.0,-1.23362398147583
6624687616.0,-1.2454431056976318
6625625088.0,-1.2598358392715454
6626562560.0,-1.2793726921081543
6627500032.0,-1.2979893684387207
6628437504.0,-1.3165087699890137
6629374976.0,-1.3362114429473877
6630312448.0,-1.3548669815063477
6631249920.0,-1.375167727470398
6632187392.0,-1.394709587097168
6633124864.0,-1.4149858951568604
6634062336.0,-1.4351253509521484
6634999808.0,-1.4544308185577393
6635937280.0,-1.47392737865448
6636874752.0,-1.4923100471496582
6637812736.0,-1.509442687034607
6638750208.0,-1.5267722606658936
6639687680.0,-1.542317509651184
6640625152.0,-1.5583539009094238
6641562624.0,-1.5738439559936523
6642500096.0,-1.5894994735717773
6643437568.0,-1.6045987606048584
6644375040.0,-1.6187067031860352
6645312512.0,-1.6298706531524658
6646249984.0,-1.640250325202942
6647187456.0,-1.6495893001556396
6648124928.0,-1.6567306518554688
6649062400.0,-1.6617790460586548
6649999872.0,-1.6660147905349731
6650937344.0,-1.668152928352356
6651874816.0,-1.6715295314788818
6652812288.0,-1.6742089986801147
6653749760.0,-1.6769554615020752
6654687744.0,-1.6796637773513794
6655625216.0,-1.6826797723770142
6656562688.0,-1.6867598295211792
6657500160.0,-1.6921731233596802
6658437632.0,-1.6975855827331543
6659375104.0,-1.7050437927246094
6660312576.0,-1.7130701541900635
6661250048.0,-1.7234221696853638
6662187520.0,-1.7351772785186768
6663124992.0,-1.7486616373062134
6664062464.0,-1.762671947479248
6664999936.0,-1.7893718481063843
6665937408.0,-1.8037530183792114
6666874880.0,-1.817195177078247
6667812352.0,-1.8315637111663818
6668749824.0,-1.847524642944336
6669687296.0,-1.8633966445922852
6670624768.0,-1.878426194190979
6671562752.0,-1.8936662673950195
6672500224.0,-1.9074780941009521
6673437696.0,-1.9188297986984253
6674375168.0,-1.930059790611267
6675312640.0,-1.9405804872512817
6676250112.0,-1.948531985282898
6677187584.0,-1.9535958766937256
6678125056.0,-1.9573370218276978
6679062528.0,-1.9583314657211304
6680000000.0,-1.9583510160446167
6680937472.0,-1.9574180841445923
6681874944.0,-1.954947829246521
6682812416.0,-1.9534729719161987
6683749888.0,-1.9516127109527588
6684687360.0,-1.9514875411987305
6685624832.0,-1.9500824213027954
6686562304.0,-1.9493330717086792
6687499776.0,-1.9501157999038696
6688437248.0,-1.951415777206421
6689375232.0,-1.9565809965133667
6690312704.0,-1.9630241394042969
6691250176.0,-1.9706553220748901
6692187648.0,-1.9790394306182861
6693125120.0,-1.9888101816177368
6694062592.0,-1.999235987663269
6695000064.0,-2.0096333026885986
6695937536.0,-2.0237879753112793
6696875008.0,-2.0382840633392334
6697812480.0,-2.0557923316955566
6698749952.0,-2.0750162601470947
6699687424.0,-2.0968005657196045
6700624896.0,-2.1203415393829346
6701562368.0,-2.1443803310394287
6702499840.0,-2.167640209197998
6703437312.0,-2.192941904067993
6704374784.0,-2.2169549465179443
6705312256.0,-2.240424633026123
6706250240.0,-2.2638285160064697
6707187712.0,-2.2864298820495605
6708125184.0,-2.310539722442627
6709062656.0,-2.3317344188690186
6710000128.0,-2.3517086505889893
6710937600.0,-2.3726258277893066
6711875072.0,-2.3902554512023926
6712812544.0,-2.4077885150909424
6713750016.0,-2.421618938446045
6714687488.0,-2.4330241680145264
6715624960.0,-2.441458225250244
6716562432.0,-2.4480528831481934
6717499904.0,-2.4518814086914062
6718437376.0,-2.454871654510498
6719374848.0,-2.45695161819458
6720312320.0,-2.458205223083496
6721249792.0,-2.458601236343384
6722187264.0,-2.459355354309082
6723125248.0,-2.460447072982788
6724062720.0,-2.4613699913024902
6725000192.0,-2.438025951385498
6725937664.0,-2.4391870498657227
6726875136.0,-2.442488670349121
6727812608.0,-2.4446072578430176
6728750080.0,-2.447890043258667
6729687552.0,-2.451915979385376
6730625024.0,-2.4578278064727783
6731562496.0,-2.4657809734344482
6732499968.0,-2.4769368171691895
6733437440.0,-2.4910764694213867
6734374912.0,-2.5100820064544678
6735312384.0,-2.5292351245880127
6736249856.0,-2.552673101425171
6737187328.0,-2.57863712310791
6738124800.0,-2.6057283878326416
6739062272.0,-2.6355485916137695
6739999744.0,-2.6663103103637695
6740937728.0,-2.698765754699707
6741875200.0,-2.732982635498047
6742812672.0,-2.7657668590545654
6743750144.0,-2.7987732887268066
6744687616.0,-2.8319544792175293
6745625088.0,-2.8660457134246826
6746562560.0,-2.899712562561035
6747500032.0,-2.931546926498413
6748437504.0,-2.9619698524475098
6749374976.0,-2.992039680480957
6750312448.0,-3.018705368041992
6751249920.0,-3.043593168258667
6752187392.0,-3.0687434673309326
6753124864.0,-3.0857574939727783
6754062336.0,-3.1002864837646484
6754999808.0,-3.110292911529541
6755937280.0,-3.118340253829956
6756874752.0,-3.122997522354126
6757812736.0,-3.1234843730926514
6758750208.0,-3.1210806369781494
6759687680.0,-3.113677978515625
6760625152.0,-3.103813648223877
6761562624.0,-3.0853374004364014
6762500096.0,-3.060892105102539
6763437568.0,-3.0309252738952637
6764375040.0,-2.9939234256744385
6765312512.0,-2.9516775608062744
6766249984.0,-2.904897928237915
6767187456.0,-2.8536183834075928
6768124928.0,-2.799025774002075
6769062400.0,-2.7411653995513916
6769999872.0,-2.680407762527466
6770937344.0,-2.6170108318328857
6771874816.0,-2.5516979694366455
6772812288.0,-2.486036539077759
6773749760.0,-2.418999195098877
6774687744.0,-2.3527703285217285
6775625216.0,-2.287618398666382
6776562688.0,-2.2244908809661865
6777500160.0,-2.163604497909546
6778437632.0,-2.108063220977783
6779375104.0,-2.0566351413726807
6780312576.0,-2.0076663494110107
6781250048.0,-1.9639238119125366
6782187520.0,-1.9230077266693115
6783124992.0,-1.885715126991272
6784062464.0,-1.8546080589294434
6784999936.0,-2.3020524978637695
6785937408.0,-2.285444974899292
6786874880.0,-2.2691636085510254
6787812352.0,-2.2536566257476807
6788749824.0,-2.237687110900879
6789687296.0,-2.2233922481536865
6790624768.0,-2.209413528442383
6791562752.0,-2.1966261863708496
6792500224.0,-2.1854894161224365
6793437696.0,-2.17612886428833
6794375168.0,-2.1675004959106445
6795312640.0,-2.161895990371704
6796250112.0,-2.1594486236572266
6797187584.0,-2.1574320793151855
6798125056.0,-2.1592915058135986
6799062528.0,-2.1628165245056152
6800000000.0,-2.169905662536621
6800937472.0,-2.178783655166626
6801874944.0,-2.1894471645355225
6802812416.0,-2.200943946838379
6803749888.0,-2.2171742916107178
6804687360.0,-2.233004093170166
6805624832.0,-2.2513725757598877
6806562304.0,-2.270397663116455
6807499776.0,-2.2901809215545654
6808437248.0,-2.310417890548706
6809375232.0,-2.3289825916290283
6810312704.0,-2.3476076126098633
6811250176.0,-2.3643476963043213
6812187648.0,-2.378769874572754
6813125120.0,-2.390660524368286
6814062592.0,-2.4024250507354736
6815000064.0,-2.411722183227539
6815937536.0,-2.4190022945404053
6816875008.0,-2.4253153800964355
6817812480.0,-2.42901873588562
6818749952.0,-2.4303138256073
6819687424.0,-2.4260623455047607
6820624896.0,-2.418962001800537
6821562368.0,-2.410015106201172
6822499840.0,-2.3954644203186035
6823437312.0,-2.377764940261841
6824374784.0,-2.355314254760742
6825312256.0,-2.3300247192382812
6826250240.0,-2.302847385406494
6827187712.0,-2.2723844051361084
6828125184.0,-2.2411341667175293
6829062656.0,-2.2071940898895264
6830000128.0,-2.1722328662872314
6830937600.0,-2.134305238723755
6831875072.0,-2.09692645072937
6832812544.0,-2.0578577518463135
6833750016.0,-2.016467809677124
6834687488.0,-1.9736279249191284
6835624960.0,-1.9308596849441528
6836562432.0,-1.8882200717926025
6837499904.0,-1.8472626209259033
6838437376.0,-1.8076567649841309
6839374848.0,-1.7699387073516846
6840312320.0,-1.734481692314148
6841249792.0,-1.7012405395507812
6842187264.0,-1.6687852144241333
6843125248.0,-1.6380596160888672
6844062720.0,-1.609310269355774
6845000192.0,-1.5042811632156372
6845937664.0,-1.4752987623214722
6846875136.0,-1.448431134223938
6847812608.0,-1.4256048202514648
6848750080.0,-1.405129313468933
6849687552.0,-1.3879445791244507
6850625024.0,-1.3745453357696533
6851562496.0,-1.3634428977966309
6852499968.0,-1.3559496402740479
6853437440.0,-1.3512816429138184
6854374912.0,-1.349230408668518
6855312384.0,-1.3477891683578491
6856249856.0,-1.3496458530426025
6857187328.0,-1.3528066873550415
6858124800.0,-1.3588701486587524
6859062272.0,-1.369580626487732
6860000256.0,-1.3818960189819336
6860937728.0,-1.3964961767196655
6861875200.0,-1.4125330448150635
6862812672.0,-1.4301362037658691
6863750144.0,-1.4469990730285645
6864687616.0,-1.466428279876709
6865625088.0,-1.485300898551941
6866562560.0,-1.504135012626648
6867500032.0,-1.5241543054580688
6868437504.0,-1.5430365800857544
6869374976.0,-1.5599085092544556
6870312448.0,-1.5781869888305664
6871249920.0,-1.5926657915115356
6872187392.0,-1.6067489385604858
6873124864.0,-1.618040680885315
6874062336.0,-1.627264142036438
6874999808.0,-1.6341161727905273
6875937280.0,-1.6382774114608765
6876874752.0,-1.6383541822433472
6877812736.0,-1.6363059282302856
6878750208.0,-1.6317222118377686
6879687680.0,-1.6223899126052856
6880625152.0,-1.6124414205551147
6881562624.0,-1.5981016159057617
6882500096.0,-1.581791877746582
6883437568.0,-1.5616270303726196
6884375040.0,-1.5406509637832642
6885312512.0,-1.5144634246826172
6886249984.0,-1.4878593683242798
6887187456.0,-1.4598554372787476
6888124928.0,-1.4317182302474976
6889062400.0,-1.4013879299163818
6889999872.0,-1.3707667589187622
6890937344.0,-1.3402342796325684
6891874816.0,-1.3085987567901611
6892812288.0,-1.2765682935714722
6893749760.0,-1.2451907396316528
6894687744.0,-1.2150030136108398
6895625216.0,-1.1852689981460571
6896562688.0,-1.1564675569534302
6897500160.0,-1.1292630434036255
6898437632.0,-1.1044671535491943
6899375104.0,-1.0791758298873901
6900312576.0,-1.0566508769989014
6901250048.0,-1.0355132818222046
6902187520.0,-1.016426920890808
6903124992.0,-0.9996157884597778
6904062464.0,-0.9834448099136353
6904999936.0,-0.9776390790939331
6905937408.0,-0.9738678932189941
6906874880.0,-0.9709884524345398
6907812352.0,-0.971686840057373
6908749824.0,-0.9728642702102661
6909687296.0,-0.976962685585022
6910624768.0,-0.9803211688995361
6911562752.0,-0.985736608505249
6912500224.0,-0.9894888997077942
6913437696.0,-0.9952160120010376
6914375168.0,-1.0002148151397705
6915312640.0,-1.0053373575210571
6916250112.0,-1.0083755254745483
6917187584.0,-1.011368989944458
6918125056.0,-1.0134735107421875
6919062528.0,-1.014233946800232
6920000000.0,-1.013738989830017
6920937472.0,-1.0114175081253052
6921874944.0,-1.0076912641525269
6922812416.0,-1.0031583309173584
6923749888.0,-0.9965238571166992
6924687360.0,-0.9883421659469604
6925624832.0,-0.9783517718315125
6926562304.0,-0.9667694568634033
6927499776.0,-0.9516189694404602
6928437248.0,-0.9355496168136597
6929375232.0,-0.9190869927406311
6930312704.0,-0.9009129405021667
6931250176.0,-0.8816019892692566
6932187648.0,-0.8626570105552673
6933125120.0,-0.8405198454856873
6934062592.0,-0.8187179565429688
6935000064.0,-0.7954416871070862
6935937536.0,-0.7716565728187561
6936875008.0,-0.7489691972732544
6937812480.0,-0.7247642278671265
6938749952.0,-0.7018885016441345
6939687424.0,-0.680581271648407
6940624896.0,-0.6585290431976318
6941562368.0,-0.6392330527305603
6942499840.0,-0.621324896812439
6943437312.0,-0.6042976379394531
6944374784.0,-0.5885132551193237
6945312256.0,-0.5740054845809937
6946250240.0,-0.5607917308807373
6947187712.0,-0.54969722032547
6948125184.0,-0.5402791500091553
6949062656.0,-0.5323396325111389
6950000128.0,-0.5251891016960144
6950937600.0,-0.5204843878746033
6951875072.0,-0.5174532532691956
6952812544.0,-0.5172145962715149
6953750016.0,-0.5184279084205627
6954687488.0,-0.5197170376777649
6955624960.0,-0.5232418179512024
6956562432.0,-0.5302122831344604
6957499904.0,-0.5385507345199585
6958437376.0,-0.5464403629302979
6959374848.0,-0.5538666844367981
6960312320.0,-0.564693808555603
6961249792.0,-0.5739419460296631
6962187264.0,-0.5838931798934937
6963125248.0,-0.5936304330825806
6964062720.0,-0.6038461327552795
6965000192.0,-0.5120185613632202
6965937664.0,-0.5216823220252991
6966875136.0,-0.5308685302734375
6967812608.0,-0.5404240489006042
6968750080.0,-0.5504273176193237
6969687552.0,-0.5609207153320312
6970625024.0,-0.5730993747711182
6971562496.0,-0.585088312625885
6972499968.0,-0.5972279906272888
6973437440.0,-0.6096997261047363
6974374912.0,-0.6216865181922913
6975312384.0,-0.6327615976333618
6976249856.0,-0.6459802985191345
6977187328.0,-0.6576249599456787
6978124800.0,-0.6690716743469238
6979062272.0,-0.6802024841308594
6979999744.0,-0.6915495991706848
6980937728.0,-0.7033494710922241
6981875200.0,-0.7135822772979736
6982812672.0,-0.7231387495994568
6983750144.0,-0.7318192720413208
6984687616.0,-0.7393996119499207
6985625088.0,-0.7475140690803528
6986562560.0,-0.7543264031410217
6987500032.0,-0.7625806927680969
6988437504.0,-0.7680179476737976
6989374976.0,-0.7730203866958618
6990312448.0,-0.7762329578399658
6991249920.0,-0.780026376247406
6992187392.0,-0.781441330909729
6993124864.0,-0.7817487716674805
6994062336.0,-0.7817707657814026
6994999808.0,-0.7802595496177673
6995937280.0,-0.7769300937652588
6996874752.0,-0.7725176215171814
6997812736.0,-0.7672916650772095
6998750208.0,-0.760425329208374
6999687680.0,-0.7525234818458557
7000625152.0,-0.7425069808959961
7001562624.0,-0.7329525351524353
7002500096.0,-0.7235025763511658
7003437568.0,-0.7111836075782776
7004375040.0,-0.6983121037483215
7005312512.0,-0.6856310963630676
7006249984.0,-0.6721222400665283
7007187456.0,-0.6557438373565674
7008124928.0,-0.6382262706756592
7009062400.0,-0.6196792125701904
7009999872.0,-0.6017880439758301
7010937344.0,-0.583760678768158
7011874816.0,-0.565947413444519
7012812288.0,-0.5473648309707642
7013749760.0,-0.5308753848075867
7014687744.0,-0.5137137770652771
7015625216.0,-0.49735355377197266
7016562688.0,-0.4813852310180664
7017500160.0,-0.4667813777923584
7018437632.0,-0.4518088102340698
7019375104.0,-0.43886810541152954
7020312576.0,-0.4269028306007385
7021250048.0,-0.41463395953178406
7022187520.0,-0.4035640060901642
7023124992.0,-0.39287513494491577
7024062464.0,-0.3821035921573639
7024999936.0,-0.28834715485572815
7025937408.0,-0.2917351722717285
7026874880.0,-0.2949392795562744
7027812352.0,-0.300388902425766
7028749824.0,-0.3054477274417877
7029687296.0,-0.312208354473114
7030624768.0,-0.3193378746509552
7031562752.0,-0.3272804617881775
7032500224.0,-0.33542972803115845
7033437696.0,-0.3473123610019684
7034375168.0,-0.35841214656829834
7035312640.0,-0.3711062967777252
7036250112.0,-0.38437923789024353
7037187584.0,-0.3978932797908783
7038125056.0,-0.4125131368637085
7039062528.0,-0.42617547512054443
7040000000.0,-0.44082245230674744
7040937472.0,-0.4546802341938019
7041874944.0,-0.4691590666770935
7042812416.0,-0.4832366108894348
7043749888.0,-0.4972786009311676
7044687360.0,-0.5098130106925964
7045624832.0,-0.5212066173553467
7046562304.0,-0.5330123901367188
7047499776.0,-0.5438719391822815
7048437248.0,-0.553446888923645
7049375232.0,-0.5616259574890137
7050312704.0,-0.5706575512886047
7051250176.0,-0.5789002776145935
7052187648.0,-0.5842366218566895
7053125120.0,-0.588287889957428
7054062592.0,-0.5919281840324402
7055000064.0,-0.5944076180458069
7055937536.0,-0.594560980796814
7056875008.0,-0.5934818387031555
7057812480.0,-0.592119574546814
7058749952.0,-0.5926930904388428
7059687424.0,-0.5908744931221008
7060624896.0,-0.5881121754646301
7061562368.0,-0.5842124223709106
7062499840.0,-0.5798341035842896
7063437312.0,-0.573232889175415
7064374784.0,-0.5669010281562805
7065312256.0,-0.5585684776306152
7066250240.0,-0.5505307912826538
7067187712.0,-0.5409929752349854
7068125184.0,-0.5312941670417786
7069062656.0,-0.5207468867301941
7070000128.0,-0.5087894201278687
7070937600.0,-0.49722838401794434
7071875072.0,-0.48334869742393494
7072812544.0,-0.4695899784564972
7073750016.0,-0.4553367793560028
7074687488.0,-0.44144782423973083
7075624960.0,-0.42576736211776733
7076562432.0,-0.4099799692630768
7077499904.0,-0.39448732137680054
7078437376.0,-0.37824374437332153
7079374848.0,-0.36142969131469727
7080312320.0,-0.34581679105758667
7081249792.0,-0.33076444268226624
7082187264.0,-0.31529566645622253
7083125248.0,-0.30006060004234314
7084062720.0,-0.28541409969329834
7085000192.0,-0.3490842282772064
7085937664.0,-0.3381708562374115
7086875136.0,-0.3277707099914551
7087812608.0,-0.31726333498954773
7088750080.0,-0.3064708113670349
7089687552.0,-0.2970883250236511
7090625024.0,-0.28819528222084045
7091562496.0,-0.28070980310440063
7092499968.0,-0.27359721064567566
7093437440.0,-0.2682189345359802
7094374912.0,-0.26364219188690186
7095312384.0,-0.2588139772415161
7096249856.0,-0.2554524838924408
7097187328.0,-0.25402870774269104
7098124800.0,-0.2534112334251404
7099062272.0,-0.2537758946418762
7100000256.0,-0.2561874985694885
7100937728.0,-0.26086124777793884
7101875200.0,-0.26755771040916443
7102812672.0,-0.2743989825248718
7103750144.0,-0.28386080265045166
7104687616.0,-0.29508456587791443
7105625088.0,-0.30778390169143677
7106562560.0,-0.322706013917923
7107500032.0,-0.33850958943367004
7108437504.0,-0.35537344217300415
7109374976.0,-0.3751472532749176
7110312448.0,-0.394929438829422
7111249920.0,-0.4176724851131439
7112187392.0,-0.4409767687320709
7113124864.0,-0.4640388786792755
7114062336.0,-0.48721036314964294
7114999808.0,-0.5108466148376465
7115937280.0,-0.5332838296890259
7116874752.0,-0.5560356974601746
7117812736.0,-0.5782511830329895
7118750208.0,-0.6001670956611633
7119687680.0,-0.6208001375198364
7120625152.0,-0.6402915120124817
7121562624.0,-0.6592656970024109
7122500096.0,-0.6762862205505371
7123437568.0,-0.6919007301330566
7124375040.0,-0.7048209309577942
7125312512.0,-0.7167397737503052
7126249984.0,-0.7263237237930298
7127187456.0,-0.7343083024024963
7128124928.0,-0.7390112280845642
7129062400.0,-0.7406743168830872
7129999872.0,-0.7436044812202454
7130937344.0,-0.741943359375
7131874816.0,-0.7379988431930542
7132812288.0,-0.7316530346870422
7133749760.0,-0.7229946255683899
7134687744.0,-0.7142019867897034
7135625216.0,-0.7034572958946228
7136562688.0,-0.6907798051834106
7137500160.0,-0.6763177514076233
7138437632.0,-0.6596544981002808
7139375104.0,-0.64252108335495
7140312576.0,-0.6220830082893372
7141250048.0,-0.6030440330505371
7142187520.0,-0.5807648301124573
7143124992.0,-0.5596738457679749
7144062464.0,-0.4171752333641052
7144999936.0,-0.41450247168540955
7145937408.0,-0.41209009289741516
7146874880.0,-0.40862390398979187
7147812352.0,-0.40471968054771423
7148749824.0,-0.4018687605857849
7149687296.0,-0.3995560109615326
7150624768.0,-0.3980390429496765
7151562752.0,-0.3966802954673767
7152500224.0,-0.39541104435920715
7153437696.0,-0.3955537974834442
7154375168.0,-0.39625120162963867
7155312640.0,-0.39947888255119324
7156250112.0,-0.4032089114189148
7157187584.0,-0.40844812989234924
7158125056.0,-0.41595080494880676
7159062528.0,-0.4246307909488678
7160000000.0,-0.43186837434768677
7160937472.0,-0.4388938546180725
7161874944.0,-0.44774213433265686
7162812416.0,-0.45605212450027466
7163749888.0,-0.46567994356155396
7164687360.0,-0.47460678219795227
7165624832.0,-0.4859447777271271
7166562304.0,-0.49649369716644287
7167499776.0,-0.5055214762687683
7168437248.0,-0.5155007243156433
7169375232.0,-0.526367723941803
7170312704.0,-0.5360819697380066
7171250176.0,-0.5438383221626282
7172187648.0,-0.5519090294837952
7173125120.0,-0.5571509003639221
7174062592.0,-0.5620046257972717
7175000064.0,-0.5655595064163208
7175937536.0,-0.5682860612869263
7176875008.0,-0.5691360831260681
7177812480.0,-0.5687296390533447
7178749952.0,-0.5657738447189331
7179687424.0,-0.5617102980613708
7180624896.0,-0.5558409094810486
7181562368.0,-0.548348605632782
7182499840.0,-0.5392426252365112
7183437312.0,-0.5289448499679565
7184374784.0,-0.516688346862793
7185312256.0,-0.5020480155944824
7186250240.0,-0.48469215631484985
7187187712.0,-0.4669436514377594
7188125184.0,-0.4477895200252533
7189062656.0,-0.4280356466770172
7190000128.0,-0.40875154733657837
7190937600.0,-0.3882359266281128
7191875072.0,-0.3692636787891388
7192812544.0,-0.3499986231327057
7193750016.0,-0.3309251666069031
7194687488.0,-0.31279104948043823
7195624960.0,-0.29509422183036804
7196562432.0,-0.27828407287597656
7197499904.0,-0.26326024532318115
7198437376.0,-0.2491949051618576
7199374848.0,-0.23642797768115997
7200312320.0,-0.22430188953876495
7201249792.0,-0.216019868850708
7202187264.0,-0.20895451307296753
7203125248.0,-0.20352543890476227
7204062720.0,-0.2998991310596466
7205000192.0,-0.3120880722999573
7205937664.0,-0.3261490762233734
7206875136.0,-0.34440532326698303
7207812608.0,-0.364082008600235
7208750080.0,-0.3863714039325714
7209687552.0,-0.41156667470932007
7210625024.0,-0.4395701587200165
7211562496.0,-0.4689475893974304
7212499968.0,-0.5019886493682861
7213437440.0,-0.5349148511886597
7214374912.0,-0.5682532787322998
7215312384.0,-0.6023077368736267
7216249856.0,-0.6366851329803467
7217187328.0,-0.6699095964431763
7218124800.0,-0.7043628692626953
7219062272.0,-0.736648440361023
7219999744.0,-0.7649239301681519
7220937728.0,-0.7938424944877625
7221875200.0,-0.8178214430809021
7222812672.0,-0.837945818901062
7223750144.0,-0.855699896812439
7224687616.0,-0.8690963387489319
7225625088.0,-0.8776810765266418
7226562560.0,-0.8821809887886047
7227500032.0,-0.8833218812942505
7228437504.0,-0.8801237940788269
7229374976.0,-0.8717770576477051
7230312448.0,-0.8587163686752319
7231249920.0,-0.8421561121940613
7232187392.0,-0.8218650817871094
7233124864.0,-0.7965360283851624
7234062336.0,-0.7685193419456482
7234999808.0,-0.7371081113815308
7235937280.0,-0.7027280330657959
7236874752.0,-0.6691893339157104
7237812736.0,-0.6322243213653564
7238750208.0,-0.5942456722259521
7239687680.0,-0.5544054508209229
7240625152.0,-0.5134526491165161
7241562624.0,-0.4721118211746216
7242500096.0,-0.429967999458313
7243437568.0,-0.386595755815506
7244375040.0,-0.34371402859687805
7245312512.0,-0.3027900159358978
7246249984.0,-0.2613343894481659
7247187456.0,-0.22194363176822662
7248124928.0,-0.1842837780714035
7249062400.0,-0.1482722908258438
7249999872.0,-0.11524725705385208
7250937344.0,-0.08591307699680328
7251874816.0,-0.05675589665770531
7252812288.0,-0.03228066861629486
7253749760.0,-0.01103073451668024
7254687744.0,0.006265312433242798
7255625216.0,0.02067387104034424
7256562688.0,0.03028918243944645
7257500160.0,0.037078384310007095
7258437632.0,0.038726743310689926
7259375104.0,0.03521749749779701
7260312576.0,0.02948508970439434
7261250048.0,0.017666850239038467
7262187520.0,0.0014632035745307803
7263124992.0,-0.019160786643624306
7264062464.0,-0.3051758110523224
7264999936.0,-0.3014582097530365
7265937408.0,-0.29931965470314026
7266874880.0,-0.2994775176048279
7267812352.0,-0.3025377690792084
7268749824.0,-0.30767756700515747
7269687296.0,-0.314533531665802
7270624768.0,-0.3236149549484253
7271562752.0,-0.3348127007484436
7272500224.0,-0.3481948673725128
7273437696.0,-0.3616200089454651
7274375168.0,-0.37687042355537415
7275312640.0,-0.39369940757751465
7276250112.0,-0.40979084372520447
7277187584.0,-0.42723023891448975
7278125056.0,-0.4449670910835266
7279062528.0,-0.46239420771598816
7280000000.0,-0.4777778089046478
7280937472.0,-0.49265339970588684
7281874944.0,-0.5055917501449585
7282812416.0,-0.5166962146759033
7283749888.0,-0.5249646306037903
7284687360.0,-0.5306603312492371
7285624832.0,-0.53410804271698
7286562304.0,-0.5360464453697205
7287499776.0,-0.5362333655357361
7288437248.0,-0.5369545221328735
7289375232.0,-0.5345204472541809
7290312704.0,-0.5282260179519653
7291250176.0,-0.5200896263122559
7292187648.0,-0.5118539929389954
7293125120.0,-0.5001588463783264
7294062592.0,-0.487836629152298
7295000064.0,-0.47368788719177246
7295937536.0,-0.45803332328796387
7296875008.0,-0.44113829731941223
7297812480.0,-0.4238969385623932
7298749952.0,-0.40497806668281555
7299687424.0,-0.3866049349308014
7300624896.0,-0.3668006956577301
7301562368.0,-0.34914594888687134
7302499840.0,-0.33251720666885376
7303437312.0,-0.3146498501300812
7304374784.0,-0.2983543276786804
7305312256.0,-0.284918874502182
7306250240.0,-0.2709128260612488
7307187712.0,-0.25815683603286743
7308125184.0,-0.24927598237991333
7309062656.0,-0.2401169240474701
7310000128.0,-0.23173150420188904
7310937600.0,-0.22587725520133972
7311875072.0,-0.2204396277666092
7312812544.0,-0.2167416512966156
7313750016.0,-0.21501480042934418
7314687488.0,-0.21379545331001282
7315624960.0,-0.21321772038936615
7316562432.0,-0.21260063350200653
7317499904.0,-0.21097159385681152
7318437376.0,-0.20911730825901031
7319374848.0,-0.20769844949245453
7320312320.0,-0.2039080411195755
7321249792.0,-0.1990390419960022
7322187264.0,-0.1922653317451477
7323125248.0,-0.1830931454896927
7324062720.0,-0.32751360535621643
7325000192.0,-0.3062179386615753
7325937664.0,-0.283662885427475
7326875136.0,-0.2590749263763428
7327812608.0,-0.2327536642551422
7328750080.0,-0.20634347200393677
7329687552.0,-0.17929786443710327
7330625024.0,-0.15145577490329742
7331562496.0,-0.1252329796552658
7332499968.0,-0.10057083517313004
7333437440.0,-0.07944250106811523
7334374912.0,-0.061255648732185364
7335312384.0,-0.04704796522855759
7336249856.0,-0.03679489344358444
7337187328.0,-0.03218553960323334
7338124800.0,-0.03065681830048561
7339062272.0,-0.0318487249314785
7340000256.0,-0.03669774532318115
7340937728.0,-0.04733578488230705
7341875200.0,-0.06228240579366684
7342812672.0,-0.08173660188913345
7343750144.0,-0.10216495394706726
7344687616.0,-0.1281116008758545
7345625088.0,-0.15294013917446136
7346562560.0,-0.17961490154266357
7347500032.0,-0.20519286394119263
7348437504.0,-0.22984996438026428
7349374976.0,-0.25269484519958496
7350312448.0,-0.27142179012298584
7351249920.0,-0.28913283348083496
7352187392.0,-0.30203354358673096
7353124864.0,-0.31078141927719116
7354062336.0,-0.3142305314540863
7354999808.0,-0.31360822916030884
7355937280.0,-0.30790767073631287
7356874752.0,-0.2969553768634796
7357812736.0,-0.28100356459617615
7358750208.0,-0.2610575556755066
7359687680.0,-0.2380135953426361
7360625152.0,-0.2097376137971878
7361562624.0,-0.1812281608581543
7362500096.0,-0.14927253127098083
7363437568.0,-0.11714813113212585
7364375040.0,-0.0827905684709549
7365312512.0,-0.04793234169483185
7366249984.0,-0.015151826664805412
7367187456.0,0.013978810980916023
7368124928.0,0.03987531363964081
7369062400.0,0.06120549887418747
7369999872.0,0.07951609790325165
7370937344.0,0.0938868373632431
7371874816.0,0.1033095121383667
7372812288.0,0.11091169714927673
7373749760.0,0.11707217246294022
7374687744.0,0.11986855417490005
7375625216.0,0.12304497510194778
7376562688.0,0.12416639178991318
7377500160.0,0.12360455095767975
7378437632.0,0.12282708287239075
7379375104.0,0.12101775407791138
7380312576.0,0.11703743785619736
7381250048.0,0.11265268176794052
7382187520.0,0.10656936466693878
7383124992.0,0.09954875707626343
7384062464.0,-0.21028201282024384
7384999936.0,-0.22685931622982025
7385937408.0,-0.2434718906879425
7386874880.0,-0.26280686259269714
7387812352.0,-0.27883392572402954
7388749824.0,-0.295516699552536
7389687296.0,-0.3094107210636139
7390624768.0,-0.322613000869751
7391562752.0,-0.33199864625930786
7392500224.0,-0.34043997526168823
7393437696.0,-0.34381380677223206
7394375168.0,-0.3447917103767395
7395312640.0,-0.3425990045070648
7396250112.0,-0.33737337589263916
7397187584.0,-0.3273102939128876
7398125056.0,-0.31467607617378235
7399062528.0,-0.2980266809463501
7400000000.0,-0.27872464060783386
7400937472.0,-0.2556619346141815
7401874944.0,-0.22944222390651703
7402812416.0,-0.20080575346946716
7403749888.0,-0.16907545924186707
7404687360.0,-0.1362922489643097
7405624832.0,-0.10101930797100067
7406562304.0,-0.06430133432149887
7407499776.0,-0.0280002448707819
7408437248.0,0.007851908914744854
7409375232.0,0.04446684941649437
7410312704.0,0.08047594875097275
7411250176.0,0.1146446093916893
7412187648.0,0.147842675447464
7413125120.0,0.17828601598739624
7414062592.0,0.20762276649475098
7415000064.0,0.23391050100326538
7415937536.0,0.2578050494194031
7416875008.0,0.27789464592933655
7417812480.0,0.29552361369132996
7418749952.0,0.30862802267074585
7419687424.0,0.31961703300476074
7420624896.0,0.32698124647140503
7421562368.0,0.330173134803772
7422499840.0,0.3298276960849762
7423437312.0,0.3259604871273041
7424374784.0,0.3186480402946472
7425312256.0,0.3080480694770813
7426250240.0,0.2929458022117615
7427187712.0,0.27614539861679077
7428125184.0,0.2561338543891907
7429062656.0,0.23388460278511047
7430000128.0,0.20984739065170288
7430937600.0,0.18244032561779022
7431875072.0,0.15376684069633484
7432812544.0,0.12342656403779984
7433750016.0,0.09311628341674805
7434687488.0,0.06144554167985916
7435624960.0,0.03012772463262081
7436562432.0,-0.0019432053668424487
7437499904.0,-0.0333164744079113
7438437376.0,-0.0634685680270195
7439374848.0,-0.09339164942502975
7440312320.0,-0.12330992519855499
7441249792.0,-0.1531568467617035
7442187264.0,-0.17949339747428894
7443125248.0,-0.20441189408302307
7444062720.0,0.03802724927663803
7445000192.0,0.02377883717417717
7445937664.0,0.0083400784060359
7446875136.0,-0.009221109561622143
7447812608.0,-0.02556663565337658
7448750080.0,-0.04146847128868103
7449687552.0,-0.05796179547905922
7450625024.0,-0.07278172671794891
7451562496.0,-0.08746672421693802
7452499968.0,-0.1000242754817009
7453437440.0,-0.1097603440284729
7454374912.0,-0.12022136151790619
7455312384.0,-0.12711763381958008
7456249856.0,-0.13111728429794312
7457187328.0,-0.13389648497104645
7458124800.0,-0.13463810086250305
7459062272.0,-0.13217391073703766
7459999744.0,-0.12678931653499603
7460937728.0,-0.1218588799238205
7461875200.0,-0.11451275646686554
7462812672.0,-0.10708625614643097
7463750144.0,-0.09631269425153732
7464687616.0,-0.08589628338813782
7465625088.0,-0.07661692798137665
7466562560.0,-0.06934605538845062
7467500032.0,-0.06075583025813103
7468437504.0,-0.05302664265036583
7469374976.0,-0.04492824897170067
7470312448.0,-0.038233932107686996
7471249920.0,-0.032335322350263596
7472187392.0,-0.028407353907823563
7473124864.0,-0.024730101227760315
7474062336.0,-0.021457066759467125
7474999808.0,-0.020561430603265762
7475937280.0,-0.0212265495210886
7476874752.0,-0.023842908442020416
7477812736.0,-0.027515627443790436
7478750208.0,-0.03246433660387993
7479687680.0,-0.03878664970397949
7480625152.0,-0.04646015539765358
7481562624.0,-0.055176351219415665
7482500096.0,-0.06462200731039047
7483437568.0,-0.07502365112304688
7484375040.0,-0.0862426683306694
7485312512.0,-0.09749191254377365
7486249984.0,-0.10922066867351532
7487187456.0,-0.12066216766834259
7488124928.0,-0.13080701231956482
7489062400.0,-0.14067590236663818
7489999872.0,-0.14983411133289337
7490937344.0,-0.15713536739349365
7491874816.0,-0.1609487235546112
7492812288.0,-0.16517062485218048
7493749760.0,-0.16707482933998108
7494687744.0,-0.16705669462680817
7495625216.0,-0.1644006222486496
7496562688.0,-0.15964066982269287
7497500160.0,-0.1543719321489334
7498437632.0,-0.14723359048366547
7499375104.0,-0.1381395161151886
7500312576.0,-0.12843820452690125
7501250048.0,-0.11838638782501221
7502187520.0,-0.10703064501285553
7503124992.0,-0.09630612283945084
7504062464.0,-0.0958167016506195
7504999936.0,-0.06977420300245285
7505937408.0,-0.046698588877916336
7506874880.0,-0.026518892496824265
7507812352.0,-0.00841587781906128
7508749824.0,0.0045913089998066425
7509687296.0,0.014293154701590538
7510624768.0,0.0195813849568367
7511562752.0,0.020592698827385902
7512500224.0,0.018649591132998466
7513437696.0,0.013494844548404217
7514375168.0,0.0024433035869151354
7515312640.0,-0.009243220090866089
7516250112.0,-0.02416072227060795
7517187584.0,-0.037851061671972275
7518125056.0,-0.05190909653902054
7519062528.0,-0.0669674426317215
7520000000.0,-0.0817612037062645
7520937472.0,-0.09665811061859131
7521874944.0,-0.11067400127649307
7522812416.0,-0.12248730659484863
7523749888.0,-0.13264991343021393
7524687360.0,-0.14099708199501038
7525624832.0,-0.145626962184906
7526562304.0,-0.14867907762527466
7527499776.0,-0.1489073932170868
7528437248.0,-0.14449408650398254
7529375232.0,-0.13895227015018463
7530312704.0,-0.13100822269916534
7531250176.0,-0.11996541917324066
7532187648.0,-0.10900610685348511
7533125120.0,-0.09537210315465927
7534062592.0,-0.08076547831296921
7535000064.0,-0.06530111283063889
7535937536.0,-0.051251817494630814
7536875008.0,-0.03770836442708969
7537812480.0,-0.024932025000452995
7538749952.0,-0.015399252064526081
7539687424.0,-0.008226129226386547
7540624896.0,-0.0034525305964052677
7541562368.0,-0.0024298522621393204
7542499840.0,-0.005984256509691477
7543437312.0,-0.011987733654677868
7544374784.0,-0.02283487096428871
7545312256.0,-0.03721937537193298
7546250240.0,-0.05467649921774864
7547187712.0,-0.07706724852323532
7548125184.0,-0.10273999720811844
7549062656.0,-0.1301540732383728
7550000128.0,-0.15903033316135406
7550937600.0,-0.1900860071182251
7551875072.0,-0.21877729892730713
7552812544.0,-0.24710990488529205
7553750016.0,-0.2732621729373932
7554687488.0,-0.29664573073387146
7555624960.0,-0.31740495562553406
7556562432.0,-0.3360624313354492
7557499904.0,-0.35101550817489624
7558437376.0,-0.3660682737827301
7559374848.0,-0.3800903856754303
7560312320.0,-0.393181711435318
7561249792.0,-0.406516432762146
7562187264.0,-0.41852816939353943
7563125248.0,-0.4309457242488861
7564062720.0,-0.44811907410621643
7565000192.0,-0.43504664301872253
7565937664.0,-0.4197680652141571
7566875136.0,-0.40244731307029724
7567812608.0,-0.3827657103538513
7568750080.0,-0.3593178987503052
7569687552.0,-0.3357352018356323
7570625024.0,-0.3097092807292938
7571562496.0,-0.28366586565971375
7572499968.0,-0.2565235197544098
7573437440.0,-0.22681134939193726
7574374912.0,-0.19985803961753845
7575312384.0,-0.17235016822814941
7576249856.0,-0.14454463124275208
7577187328.0,-0.11688144505023956
7578124800.0,-0.09040654450654984
7579062272.0,-0.06473258882761002
7580000256.0,-0.040488939732313156
7580937728.0,-0.018512951210141182
7581875200.0,0.0017784370575100183
7582812672.0,0.020225897431373596
7583750144.0,0.03601713106036186
7584687616.0,0.048874977976083755
7585625088.0,0.0604589581489563
7586562560.0,0.06960556656122208
7587500032.0,0.07506950199604034
7588437504.0,0.07922068238258362
7589374976.0,0.07957985252141953
7590312448.0,0.07860385626554489
7591249920.0,0.07549449056386948
7592187392.0,0.06944476068019867
7593124864.0,0.06294386088848114
7594062336.0,0.05411865934729576
7594999808.0,0.04443974047899246
7595937280.0,0.033692192286252975
7596874752.0,0.021387580782175064
7597812736.0,0.007861721329391003
7598750208.0,-0.006105686072260141
7599687680.0,-0.023381216451525688
7600625152.0,-0.04078419879078865
7601562624.0,-0.057757169008255005
7602500096.0,-0.07473987340927124
7603437568.0,-0.09226036071777344
7604375040.0,-0.10943587869405746
7605312512.0,-0.1258821189403534
7606249984.0,-0.14183886349201202
7607187456.0,-0.15712839365005493
7608124928.0,-0.1708962470293045
7609062400.0,-0.18350200355052948
7609999872.0,-0.19605915248394012
7610937344.0,-0.2074297070503235
7611874816.0,-0.21599313616752625
7612812288.0,-0.22459948062896729
7613749760.0,-0.23076295852661133
7614687744.0,-0.23564161360263824
7615625216.0,-0.23959790170192719
7616562688.0,-0.2429017424583435
7617500160.0,-0.24559521675109863
7618437632.0,-0.2483547031879425
7619375104.0,-0.2520475685596466
7620312576.0,-0.256806343793869
7621250048.0,-0.2595859467983246
7622187520.0,-0.26268017292022705
7623124992.0,-0.2652679681777954
7624062464.0,-0.26164400577545166
7624999936.0,-0.26843783259391785
7625937408.0,-0.27235710620880127
7626874880.0,-0.274151086807251
7627812352.0,-0.27409061789512634
7628749824.0,-0.27386242151260376
7629687296.0,-0.270402193069458
7630624768.0,-0.2658087909221649
7631562752.0,-0.25932061672210693
7632500224.0,-0.2504248023033142
7633437696.0,-0.24121074378490448
7634375168.0,-0.231068417429924
7635312640.0,-0.21968090534210205
7636250112.0,-0.2092554271221161
7637187584.0,-0.1954302191734314
7638125056.0,-0.18325281143188477
7639062528.0,-0.17064297199249268
7640000000.0,-0.15782245993614197
7640937472.0,-0.14549477398395538
7641874944.0,-0.13373306393623352
7642812416.0,-0.1217949166893959
7643749888.0,-0.11366458982229233
7644687360.0,-0.10786247253417969
7645624832.0,-0.10289393365383148
7646562304.0,-0.10003770142793655
7647499776.0,-0.09781922399997711
7648437248.0,-0.09606015682220459
7649375232.0,-0.09693765640258789
7650312704.0,-0.0984647125005722
7651250176.0,-0.1008804440498352
7652187648.0,-0.1050523892045021
7653125120.0,-0.10986815392971039
7654062592.0,-0.11505641788244247
7655000064.0,-0.12291674315929413
7655937536.0,-0.13015663623809814
7656875008.0,-0.13774226605892181
7657812480.0,-0.14603449404239655
7658749952.0,-0.1548415869474411
7659687424.0,-0.16384057700634003
7660624896.0,-0.17304860055446625
7661562368.0,-0.18173936009407043
7662499840.0,-0.1907382607460022
7663437312.0,-0.19950102269649506
7664374784.0,-0.2071514129638672
7665312256.0,-0.21386127173900604
7666250240.0,-0.22178535163402557
7667187712.0,-0.22585861384868622
7668125184.0,-0.23018470406532288
7669062656.0,-0.23378223180770874
7670000128.0,-0.2340707629919052
7670937600.0,-0.2346915900707245
7671875072.0,-0.23300801217556
7672812544.0,-0.22995276749134064
7673750016.0,-0.22694337368011475
7674687488.0,-0.2215331643819809
7675624960.0,-0.21672596037387848
7676562432.0,-0.21103854477405548
7677499904.0,-0.2033872902393341
7678437376.0,-0.19666631519794464
7679374848.0,-0.18832550942897797
7680312320.0,-0.18037620186805725
7681249792.0,-0.1698797196149826
7682187264.0,-0.16141414642333984
7683125248.0,-0.15186074376106262
7684062720.0,0.07597348093986511
7685000192.0,0.0900101289153099
7685937664.0,0.10341587662696838
7686875136.0,0.11315477639436722
7687812608.0,0.12109298259019852
7688750080.0,0.1258166879415512
7689687552.0,0.12822985649108887
7690625024.0,0.12776032090187073
7691562496.0,0.12450265884399414
7692499968.0,0.11927904933691025
7693437440.0,0.11012929677963257
7694374912.0,0.09940182417631149
7695312384.0,0.08502227067947388
7696249856.0,0.07041347026824951
7697187328.0,0.05110285431146622
7698124800.0,0.03054744005203247
7699062272.0,0.008945632725954056
7699999744.0,-0.013188323937356472
7700937728.0,-0.03721188008785248
7701875200.0,-0.061768788844347
7702812672.0,-0.08532187342643738
7703750144.0,-0.10911097377538681
7704687616.0,-0.13152317702770233
7705625088.0,-0.15426227450370789
7706562560.0,-0.1766194850206375
7707500032.0,-0.19646187126636505
7708437504.0,-0.21455968916416168
7709374976.0,-0.23205514252185822
7710312448.0,-0.24665473401546478
7711249920.0,-0.2608655095100403
7712187392.0,-0.2730080485343933
7713124864.0,-0.2834101617336273
7714062336.0,-0.2916977107524872
7714999808.0,-0.29883110523223877
7715937280.0,-0.30387547612190247
7716874752.0,-0.3077438473701477
7717812736.0,-0.30874350666999817
7718750208.0,-0.30858081579208374
7719687680.0,-0.30727362632751465
7720625152.0,-0.3049904406070709
7721562624.0,-0.3003515303134918
7722500096.0,-0.2942863702774048
7723437568.0,-0.28759726881980896
7724375040.0,-0.28006884455680847
7725312512.0,-0.27332258224487305
7726249984.0,-0.26452207565307617
7727187456.0,-0.25706323981285095
7728124928.0,-0.2496897578239441
7729062400.0,-0.24173301458358765
7729999872.0,-0.23461827635765076
7730937344.0,-0.2283843606710434
7731874816.0,-0.22079220414161682
7732812288.0,-0.2150387316942215
7733749760.0,-0.20940491557121277
7734687744.0,-0.2044934779405594
7735625216.0,-0.20077361166477203
7736562688.0,-0.19749338924884796
7737500160.0,-0.19575683772563934
7738437632.0,-0.19325311481952667
7739375104.0,-0.19263985753059387
7740312576.0,-0.19301386177539825
7741250048.0,-0.19508884847164154
7742187520.0,-0.1985350251197815
7743124992.0,-0.2033645063638687
7744062464.0,-0.19923622906208038
7744999936.0,-0.16260525584220886
7745937408.0,-0.12386801838874817
7746874880.0,-0.08322510123252869
7747812352.0,-0.04311547055840492
7748749824.0,-0.004168220795691013
7749687296.0,0.0336279571056366
7750624768.0,0.06803646683692932
7751562752.0,0.10060135275125504
7752500224.0,0.13017621636390686
7753437696.0,0.157949298620224
7754375168.0,0.18084122240543365
7755312640.0,0.20002681016921997
7756250112.0,0.21645419299602509
7757187584.0,0.22924894094467163
7758125056.0,0.2379712164402008
7759062528.0,0.24373163282871246
7760000000.0,0.2453562617301941
7760937472.0,0.24516572058200836
7761874944.0,0.24127590656280518
7762812416.0,0.2345421463251114
7763749888.0,0.22529324889183044
7764687360.0,0.21344034373760223
7765624832.0,0.1994585245847702
7766562304.0,0.18367724120616913
7767499776.0,0.16660530865192413
7768437248.0,0.14820806682109833
7769375232.0,0.12904523313045502
7770312704.0,0.10834307223558426
7771250176.0,0.08822482079267502
7772187648.0,0.06730856001377106
7773125120.0,0.04793661832809448
7774062592.0,0.028752820566296577
7775000064.0,0.006706466432660818
7775937536.0,-0.012046769261360168
7776875008.0,-0.03184293210506439
7777812480.0,-0.05076456815004349
7778749952.0,-0.06943600624799728
7779687424.0,-0.08591987937688828
7780624896.0,-0.10388082265853882
7781562368.0,-0.11773261427879333
7782499840.0,-0.1337054818868637
7783437312.0,-0.14737173914909363
7784374784.0,-0.16105955839157104
7785312256.0,-0.172669917345047
7786250240.0,-0.18385814130306244
7787187712.0,-0.19438999891281128
7788125184.0,-0.20405112206935883
7789062656.0,-0.2134445607662201
7790000128.0,-0.22155843675136566
7790937600.0,-0.228415384888649
7791875072.0,-0.23583118617534637
7792812544.0,-0.2406287044286728
7793750016.0,-0.2470613718032837
7794687488.0,-0.2528117895126343
7795624960.0,-0.25674742460250854
7796562432.0,-0.26411616802215576
7797499904.0,-0.27050453424453735
7798437376.0,-0.2775822579860687
7799374848.0,-0.28247323632240295
7800312320.0,-0.2857713997364044
7801249792.0,-0.2896915078163147
7802187264.0,-0.28943106532096863
7803125248.0,-0.28880852460861206
7804062720.0,-0.2720966935157776
7805000192.0,-0.2631695866584778
7805937664.0,-0.2528723478317261
7806875136.0,-0.2425776720046997
7807812608.0,-0.2316967248916626
7808750080.0,-0.21918036043643951
7809687552.0,-0.2059672772884369
7810625024.0,-0.19124819338321686
7811562496.0,-0.1761796623468399
7812499968.0,-0.16007572412490845
7813437440.0,-0.14502747356891632
7814374912.0,-0.12953290343284607
7815312384.0,-0.11176904290914536
7816249856.0,-0.09383043646812439
7817187328.0,-0.07723390311002731
7818124800.0,-0.059433117508888245
7819062272.0,-0.04277978092432022
7820000256.0,-0.027025628834962845
7820937728.0,-0.010736256837844849
7821875200.0,0.003978552762418985
7822812672.0,0.01469986978918314
7823750144.0,0.025732282549142838
7824687616.0,0.03618595376610756
7825625088.0,0.044438205659389496
7826562560.0,0.05303076654672623
7827500032.0,0.05969298630952835
7828437504.0,0.0677342414855957
7829374976.0,0.07268638908863068
7830312448.0,0.07917595654726028
7831249920.0,0.08374128490686417
7832187392.0,0.08631079643964767
7833124864.0,0.0902758315205574
7834062336.0,0.09309498220682144
7834999808.0,0.09640064835548401
7835937280.0,0.09746517986059189
7836874752.0,0.09959333389997482
7837812736.0,0.10111255198717117
7838750208.0,0.10345058888196945
7839687680.0,0.10287436842918396
7840625152.0,0.1028190329670906
7841562624.0,0.1034831553697586
7842500096.0,0.10298427194356918
7843437568.0,0.10276898741722107
7844375040.0,0.10168100893497467
7845312512.0,0.10092198103666306
7846249984.0,0.09981254488229752
7847187456.0,0.09832141548395157
7848124928.0,0.09421783685684204
7849062400.0,0.08972728252410889
7849999872.0,0.08499567210674286
7850937344.0,0.08012554794549942
7851874816.0,0.07440786063671112
7852812288.0,0.06824729591608047
7853749760.0,0.061716821044683456
7854687744.0,0.054756950587034225
7855625216.0,0.04615401849150658
7856562688.0,0.03838308900594711
7857500160.0,0.029363252222537994
7858437632.0,0.01938200369477272
7859375104.0,0.00891049299389124
7860312576.0,-0.0012066850904375315
7861250048.0,-0.011672064661979675
7862187520.0,-0.022527296096086502
7863124992.0,-0.03341127559542656
7864062464.0,0.06115170568227768
7864999936.0,0.05169423297047615
7865937408.0,0.04291162267327309
7866874880.0,0.03495723009109497
7867812352.0,0.027425240725278854
7868749824.0,0.022053366526961327
7869687296.0,0.016188619658350945
7870624768.0,0.010612270794808865
7871562752.0,0.005965572316199541
7872500224.0,0.0033070340286940336
7873437696.0,-0.0038628913462162018
7874375168.0,-0.008675746619701385
7875312640.0,-0.015637442469596863
7876250112.0,-0.021781325340270996
7877187584.0,-0.028213314712047577
7878125056.0,-0.03556579351425171
7879062528.0,-0.042915597558021545
7880000000.0,-0.051727160811424255
7880937472.0,-0.06111694872379303
7881874944.0,-0.07324104756116867
7882812416.0,-0.08604973554611206
7883749888.0,-0.100062295794487
7884687360.0,-0.1154770478606224
7885624832.0,-0.1326601654291153
7886562304.0,-0.15173578262329102
7887499776.0,-0.17241103947162628
7888437248.0,-0.1931711584329605
7889375232.0,-0.21713340282440186
7890312704.0,-0.2416052669286728
7891250176.0,-0.2653596103191376
7892187648.0,-0.29103729128837585
7893125120.0,-0.3160724639892578
7894062592.0,-0.34127506613731384
7895000064.0,-0.3667809069156647
7895937536.0,-0.39148086309432983
7896875008.0,-0.41330331563949585
7897812480.0,-0.435833603143692
7898749952.0,-0.4544588625431061
7899687424.0,-0.4695790708065033
7900624896.0,-0.4843277335166931
7901562368.0,-0.49639663100242615
7902499840.0,-0.5049444437026978
7903437312.0,-0.5119317770004272
7904374784.0,-0.5152955055236816
7905312256.0,-0.5159613490104675
7906250240.0,-0.513076663017273
7907187712.0,-0.5072988867759705
7908125184.0,-0.49916186928749084
7909062656.0,-0.48752105236053467
7910000128.0,-0.47352364659309387
7910937600.0,-0.45613881945610046
7911875072.0,-0.43733811378479004
7912812544.0,-0.4155520498752594
7913750016.0,-0.3920992314815521
7914687488.0,-0.36757034063339233
7915624960.0,-0.3395674526691437
7916562432.0,-0.3120003342628479
7917499904.0,-0.28231555223464966
7918437376.0,-0.25273415446281433
7919374848.0,-0.2227470725774765
7920312320.0,-0.19208411872386932
7921249792.0,-0.1619175374507904
7922187264.0,-0.13264982402324677
7923125248.0,-0.10373483598232269
7924062720.0,0.050855763256549835
7925000192.0,0.07317622750997543
7925937664.0,0.09298357367515564
7926875136.0,0.11091268062591553
7927812608.0,0.1256074756383896
7928750080.0,0.13974492251873016
7929687552.0,0.1489371806383133
7930625024.0,0.15761226415634155
7931562496.0,0.1628691554069519
7932499968.0,0.16660724580287933
7933437440.0,0.16777364909648895
7934374912.0,0.16675585508346558
7935312384.0,0.16394995152950287
7936249856.0,0.1579626053571701
7937187328.0,0.15116840600967407
7938124800.0,0.1420353800058365
7939062272.0,0.13054382801055908
7939999744.0,0.11806676536798477
7940937728.0,0.1043711006641388
7941875200.0,0.08735624700784683
7942812672.0,0.0714314803481102
7943750144.0,0.05273368954658508
7944687616.0,0.03434549644589424
7945625088.0,0.01369204930961132
7946562560.0,-0.009071003645658493
7947500032.0,-0.029035137966275215
7948437504.0,-0.052823953330516815
7949374976.0,-0.07475638389587402
7950312448.0,-0.09526193886995316
7951249920.0,-0.11575780808925629
7952187392.0,-0.13824321329593658
7953124864.0,-0.1597653329372406
7954062336.0,-0.18123897910118103
7954999808.0,-0.2038230299949646
7955937280.0,-0.22499898076057434
7956874752.0,-0.24649980664253235
7957812736.0,-0.2680312395095825
7958750208.0,-0.28960299491882324
7959687680.0,-0.31054335832595825
7960625152.0,-0.33115318417549133
7961562624.0,-0.3513376712799072
7962500096.0,-0.3709737956523895
7963437568.0,-0.3893931806087494
7964375040.0,-0.4080750048160553
7965312512.0,-0.4245995283126831
7966249984.0,-0.440255731344223
7967187456.0,-0.45524731278419495
7968124928.0,-0.46792688965797424
7969062400.0,-0.48104506731033325
7969999872.0,-0.4918472170829773
7970937344.0,-0.501405656337738
7971874816.0,-0.5079905390739441
7972812288.0,-0.5122503638267517
7973749760.0,-0.5156329870223999
7974687744.0,-0.5182198882102966
7975625216.0,-0.5189893245697021
7976562688.0,-0.5172288417816162
7977500160.0,-0.5128921270370483
7978437632.0,-0.5062305331230164
7979375104.0,-0.4956398904323578
7980312576.0,-0.48597452044487
7981250048.0,-0.47193071246147156
7982187520.0,-0.4562019109725952
7983124992.0,-0.436849981546402
7984062464.0,-0.41609707474708557
7984999936.0,-0.4012420177459717
7985937408.0,-0.3860781192779541
7986874880.0,-0.36891525983810425
7987812352.0,-0.3525148630142212
7988749824.0,-0.33407676219940186
7989687296.0,-0.31612876057624817
7990624768.0,-0.29518768191337585
7991562752.0,-0.27617743611335754
7992500224.0,-0.2555021345615387
7993437696.0,-0.23554803431034088
7994375168.0,-0.2148568481206894
7995312640.0,-0.19493785500526428
7996250112.0,-0.17483818531036377
7997187584.0,-0.15621334314346313
7998125056.0,-0.13493774831295013
7999062528.0,-0.11714840680360794
8000000000.0,-0.09706009924411774
