Frequency (Hz),Measurement
2000000000.0,0.13945616781711578
2000937472.0,0.13218733668327332
2001874944.0,0.12883800268173218
2002812544.0,0.12516774237155914
2003750016.0,0.12087898701429367
2004687488.0,0.11636126041412354
2005624960.0,0.11118357628583908
2006562560.0,0.10658758878707886
2007500032.0,0.10160056501626968
2008437504.0,0.09628484398126602
2009374976.0,0.08981643617153168
2010312448.0,0.08430812507867813
2011250048.0,0.0794951394200325
2012187520.0,0.07288726419210434
2013124992.0,0.06753659248352051
2014062464.0,0.061495017260313034
2015000064.0,0.05547218397259712
2015937536.0,0.049661826342344284
2016875008.0,0.04426521062850952
2017812480.0,0.0392916202545166
2018749952.0,0.03391857072710991
2019687552.0,0.029122136533260345
2020625024.0,0.023846864700317383
2021562496.0,0.02053852006793022
2022499968.0,0.016916435211896896
2023437440.0,0.013347839005291462
2024375040.0,0.011256057769060135
2025312512.0,0.009418755769729614
2026249984.0,0.008489055559039116
2027187456.0,0.008338107727468014
2028125056.0,0.00824269000440836
2029062528.0,0.009464066475629807
2030000000.0,0.012121431529521942
2030937472.0,0.014505795203149319
2031874944.0,0.018806789070367813
2032812544.0,0.02274634875357151
2033750016.0,0.028798235580325127
2034687488.0,0.03471633419394493
2035624960.0,0.04187018424272537
2036562560.0,0.04782529175281525
2037500032.0,0.05608231946825981
2038437504.0,0.06358020752668381
2039374976.0,0.07265666872262955
2040312448.0,0.0804579108953476
2041250048.0,0.08861714601516724
2042187520.0,0.09717395156621933
2043124992.0,0.10463935881853104
2044062464.0,0.11206946521997452
2044999936.0,0.11877027899026871
2045937536.0,0.12432777136564255
2046875008.0,0.13020813465118408
2047812480.0,0.13394121825695038
2048749952.0,0.14385251700878143
2049687552.0,0.1394927203655243
2050625024.0,0.13414599001407623
2051562496.0,0.12863938510417938
2052499968.0,0.12141717225313187
2053437440.0,0.11441582441329956
2054375040.0,0.10708340257406235
2055312512.0,0.10039821267127991
2056249984.0,0.0935254842042923
2057187456.0,0.08497243374586105
2058125056.0,0.07822807133197784
2059062528.0,0.07112827897071838
2060000000.0,0.0645405650138855
2060937472.0,0.05770164728164673
2061874944.0,0.0511055625975132
2062812544.0,0.0444520078599453
2063750016.0,0.03946693241596222
2064687488.0,0.033143721520900726
2065624960.0,0.028383728116750717
2066562560.0,0.02394634112715721
2067500032.0,0.018837491050362587
2068437504.0,0.014750548638403416
2069374976.0,0.011034228838980198
2070312448.0,0.007623293437063694
2071250048.0,0.004567565396428108
2072187520.0,0.001472785254009068
2073124992.0,-0.0003935448476113379
2074062464.0,-0.002966549014672637
2075000064.0,-0.005142716690897942
2075937536.0,-0.006620035041123629
2076875008.0,-0.00739550543949008
2077812480.0,-0.008520103991031647
2078749952.0,-0.008884039707481861
2079687552.0,-0.008440098725259304
2080625024.0,-0.008348826318979263
2081562496.0,-0.006950863171368837
2082499968.0,-0.005879731383174658
2083437440.0,-0.004674674943089485
2084375040.0,-0.0019446322694420815
2085312512.0,0.0012516103452071548
2086249984.0,0.004170979373157024
2087187456.0,0.008015088737010956
2088125056.0,0.012466796673834324
2089062528.0,0.017800183966755867
2090000000.0,0.02295306883752346
2090937472.0,0.029249608516693115
2091874944.0,0.03620646148920059
2092812544.0,0.04293891042470932
2093750016.0,0.050881776958703995
2094687488.0,0.0601518377661705
2095624960.0,0.06986064463853836
2096562560.0,0.0790189653635025
2097500032.0,0.08973853290081024
2098437504.0,0.10091584175825119
2099374976.0,0.11316586285829544
2100312448.0,0.1257467120885849
2101250048.0,0.13758498430252075
2102187520.0,0.15126840770244598
2103124992.0,0.16490183770656586
2104062464.0,0.17788323760032654
2104999936.0,0.19138087332248688
2105937536.0,0.20424053072929382
2106875008.0,0.21834145486354828
2107812480.0,0.2318090796470642
2108749952.0,0.2694496214389801
2109687552.0,0.2788347899913788
2110625024.0,0.2865169048309326
2111562496.0,0.293155312538147
2112499968.0,0.29904988408088684
2113437440.0,0.3042542338371277
2114375040.0,0.307355135679245
2115312512.0,0.30782994627952576
2116249984.0,0.3067454695701599
2117187456.0,0.3029124140739441
2118125056.0,0.2963705062866211
2119062528.0,0.28625860810279846
2120000000.0,0.27475976943969727
2120937472.0,0.2593896687030792
2121874944.0,0.24062304198741913
2122812544.0,0.2197689563035965
2123750016.0,0.19754017889499664
2124687488.0,0.17282810807228088
2125624960.0,0.14640255272388458
2126562560.0,0.11963777244091034
2127500032.0,0.09264235943555832
2128437504.0,0.06487663835287094
2129374976.0,0.03884599730372429
2130312448.0,0.013292910531163216
2131250048.0,-0.011354048736393452
2132187520.0,-0.033214204013347626
2133124992.0,-0.05394671484827995
2134062464.0,-0.07218324393033981
2135000064.0,-0.08714210242033005
2135937536.0,-0.10043248534202576
2136875008.0,-0.10942806303501129
2137812480.0,-0.11639793962240219
2138749952.0,-0.12017820030450821
2139687552.0,-0.12137516587972641
2140625024.0,-0.11994662880897522
2141562496.0,-0.1154026910662651
2142499968.0,-0.10888420790433884
2143437440.0,-0.10078677535057068
2144375040.0,-0.09024348109960556
2145312512.0,-0.07865104079246521
2146249984.0,-0.06562932580709457
2147187456.0,-0.05184391513466835
2148124928.0,-0.03913145512342453
2149062400.0,-0.023516518995165825
2150000128.0,-0.008388207294046879
2150937600.0,0.005957360845059156
2151875072.0,0.020519230514764786
2152812544.0,0.033966727554798126
2153750016.0,0.047676194459199905
2154687488.0,0.06009442359209061
2155624960.0,0.07214781641960144
2156562432.0,0.08385564386844635
2157499904.0,0.09381978958845139
2158437376.0,0.10356488823890686
2159375104.0,0.11464882642030716
2160312576.0,0.1239759624004364
2161250048.0,0.1329144835472107
2162187520.0,0.1424989104270935
2163124992.0,0.15094219148159027
2164062464.0,0.1592487245798111
2164999936.0,0.16816221177577972
2165937408.0,0.17680609226226807
2166874880.0,0.18440669775009155
2167812608.0,0.19271335005760193
2168750080.0,0.21802863478660583
2169687552.0,0.22896109521389008
2170625024.0,0.24077600240707397
2171562496.0,0.25155121088027954
2172499968.0,0.26223284006118774
2173437440.0,0.2717171907424927
2174374912.0,0.28129398822784424
2175312384.0,0.28921371698379517
2176250112.0,0.29592570662498474
2177187584.0,0.30135583877563477
2178125056.0,0.3053243160247803
2179062528.0,0.3071094751358032
2180000000.0,0.3072587251663208
2180937472.0,0.30520445108413696
2181874944.0,0.3014949858188629
2182812416.0,0.2948167324066162
2183749888.0,0.2864774763584137
2184687616.0,0.27582988142967224
2185625088.0,0.26409971714019775
2186562560.0,0.24983985722064972
2187500032.0,0.23369061946868896
2188437504.0,0.21606698632240295
2189374976.0,0.19835339486598969
2190312448.0,0.17860324680805206
2191249920.0,0.1577875018119812
2192187392.0,0.13789643347263336
2193125120.0,0.11609198153018951
2194062592.0,0.09450360387563705
2195000064.0,0.07345354557037354
2195937536.0,0.053213655948638916
2196875008.0,0.03343458101153374
2197812480.0,0.015898508951067924
2198749952.0,-0.0011979836272075772
2199687424.0,-0.01639777049422264
2200624896.0,-0.029103348031640053
2201562624.0,-0.04116453602910042
2202500096.0,-0.05037780851125717
2203437568.0,-0.056759800761938095
2204375040.0,-0.06092998757958412
2205312512.0,-0.06303711235523224
2206249984.0,-0.06378203630447388
2207187456.0,-0.06124642491340637
2208124928.0,-0.056861843913793564
2209062400.0,-0.04960772395133972
2209999872.0,-0.04112359136343002
2210937600.0,-0.03132875636219978
2211875072.0,-0.019498581066727638
2212812544.0,-0.006701381411403418
2213750016.0,0.008553960360586643
2214687488.0,0.023962153121829033
2215624960.0,0.040542103350162506
2216562432.0,0.057048361748456955
2217499904.0,0.07492667436599731
2218437376.0,0.09205913543701172
2219375104.0,0.10970577597618103
2220312576.0,0.12609317898750305
2221250048.0,0.14233428239822388
2222187520.0,0.15807759761810303
2223124992.0,0.17231476306915283
2224062464.0,0.18585675954818726
2224999936.0,0.19786465167999268
2225937408.0,0.20795641839504242
2226874880.0,0.21700234711170197
2227812608.0,0.22453318536281586
2228750080.0,0.19638492166996002
2229687552.0,0.20326489210128784
2230625024.0,0.20781338214874268
2231562496.0,0.21116973459720612
2232499968.0,0.21430285274982452
2233437440.0,0.21505744755268097
2234374912.0,0.2147066593170166
2235312384.0,0.21170450747013092
2236250112.0,0.206786647439003
2237187584.0,0.19952909648418427
2238125056.0,0.190296471118927
2239062528.0,0.1786935180425644
2240000000.0,0.16572986543178558
2240937472.0,0.1502533257007599
2241874944.0,0.13353697955608368
2242812416.0,0.11561252176761627
2243749888.0,0.09610558301210403
2244687616.0,0.07674463093280792
2245625088.0,0.05616193637251854
2246562560.0,0.03494345396757126
2247500032.0,0.01425481028854847
2248437504.0,-0.005946773570030928
2249374976.0,-0.025214863941073418
2250312448.0,-0.043698735535144806
2251249920.0,-0.060186661779880524
2252187392.0,-0.07605045288801193
2253125120.0,-0.0890708640217781
2254062592.0,-0.10012317448854446
2255000064.0,-0.10905101895332336
2255937536.0,-0.11567574739456177
2256875008.0,-0.11929512023925781
2257812480.0,-0.12128686904907227
2258749952.0,-0.11996414512395859
2259687424.0,-0.11662809550762177
2260624896.0,-0.11104153841733932
2261562624.0,-0.10336432605981827
2262500096.0,-0.09313221275806427
2263437568.0,-0.08180571347475052
2264375040.0,-0.06827782839536667
2265312512.0,-0.054165951907634735
2266249984.0,-0.03939692676067352
2267187456.0,-0.02318236604332924
2268124928.0,-0.007056309375911951
2269062400.0,0.010335907340049744
2270000128.0,0.02837134525179863
2270937600.0,0.04600027576088905
2271875072.0,0.06385999917984009
2272812544.0,0.08097124099731445
2273750016.0,0.0977512001991272
2274687488.0,0.1145768016576767
2275624960.0,0.12890109419822693
2276562432.0,0.1433917135000229
2277499904.0,0.1578160673379898
2278437376.0,0.1701599657535553
2279375104.0,0.18159693479537964
2280312576.0,0.1934327632188797
2281250048.0,0.20195378363132477
2282187520.0,0.21131744980812073
2283124992.0,0.21900518238544464
2284062464.0,0.22581084072589874
2284999936.0,0.23180830478668213
2285937408.0,0.23773685097694397
2286874880.0,0.2417418211698532
2287812608.0,0.24579471349716187
2288750080.0,0.2577178180217743
2289687552.0,0.26652541756629944
2290625024.0,0.27412712574005127
2291562496.0,0.2819788157939911
2292499968.0,0.28921231627464294
2293437440.0,0.2962626516819
2294374912.0,0.30290722846984863
2295312384.0,0.3088587522506714
2296250112.0,0.3133116066455841
2297187584.0,0.31722909212112427
2298125056.0,0.3190048038959503
2299062528.0,0.3196229338645935
2300000000.0,0.3177560865879059
2300937472.0,0.314606636762619
2301874944.0,0.3084181845188141
2302812416.0,0.30078139901161194
2303749888.0,0.28888949751853943
2304687616.0,0.2755991220474243
2305625088.0,0.2598554790019989
2306562560.0,0.2415783703327179
2307500032.0,0.21987637877464294
2308437504.0,0.19641360640525818
2309374976.0,0.17086906731128693
2310312448.0,0.14340148866176605
2311249920.0,0.11493388563394547
2312187392.0,0.08648227900266647
2313125120.0,0.057529088109731674
2314062592.0,0.02885567583143711
2315000064.0,-8.742482350498904e-06
2315937536.0,-0.02812190353870392
2316875008.0,-0.053769662976264954
2317812480.0,-0.07716803252696991
2318749952.0,-0.09924904257059097
2319687424.0,-0.11973171681165695
2320624896.0,-0.1367563158273697
2321562624.0,-0.1520080417394638
2322500096.0,-0.16487841308116913
2323437568.0,-0.17383356392383575
2324375040.0,-0.18278639018535614
2325312512.0,-0.1892561912536621
2326249984.0,-0.1929384469985962
2327187456.0,-0.19504010677337646
2328124928.0,-0.19567129015922546
2329062400.0,-0.1939914971590042
2329999872.0,-0.19082233309745789
2330937600.0,-0.186216801404953
2331875072.0,-0.1797018051147461
2332812544.0,-0.172061488032341
2333750016.0,-0.1634538620710373
2334687488.0,-0.15160492062568665
2335624960.0,-0.13920347392559052
2336562432.0,-0.12477073818445206
2337499904.0,-0.10891710221767426
2338437376.0,-0.09125112742185593
2339375104.0,-0.07203365117311478
2340312576.0,-0.051238853484392166
2341250048.0,-0.0289104413241148
2342187520.0,-0.005228137131780386
2343124992.0,0.01836642436683178
2344062464.0,0.04326944798231125
2344999936.0,0.06895320862531662
2345937408.0,0.09540793299674988
2346874880.0,0.12184256315231323
2347812608.0,0.14821238815784454
2348750080.0,0.2048620730638504
2349687552.0,0.22051049768924713
2350625024.0,0.23321808874607086
2351562496.0,0.2429131716489792
2352499968.0,0.24940523505210876
2353437440.0,0.25265052914619446
2354374912.0,0.2519604563713074
2355312384.0,0.2474564015865326
2356250112.0,0.23990362882614136
2357187584.0,0.22851543128490448
2358125056.0,0.21324875950813293
2359062528.0,0.19615177810192108
2360000000.0,0.1765649914741516
2360937472.0,0.15258969366550446
2361874944.0,0.12906669080257416
2362812416.0,0.1018444299697876
2363749888.0,0.07541996985673904
2364687616.0,0.046463869512081146
2365625088.0,0.017129739746451378
2366562560.0,-0.012750671245157719
2367500032.0,-0.042409494519233704
2368437504.0,-0.07101112604141235
2369374976.0,-0.09890339523553848
2370312448.0,-0.12581267952919006
2371249920.0,-0.1507958173751831
2372187392.0,-0.17346931993961334
2373125120.0,-0.1942998617887497
2374062592.0,-0.2125186324119568
2375000064.0,-0.2292112559080124
2375937536.0,-0.2418782263994217
2376875008.0,-0.25270453095436096
2377812480.0,-0.26011285185813904
2378749952.0,-0.26418161392211914
2379687424.0,-0.26630985736846924
2380624896.0,-0.26531854271888733
2381562624.0,-0.26181164383888245
2382500096.0,-0.25550249218940735
2383437568.0,-0.24720902740955353
2384375040.0,-0.23665133118629456
2385312512.0,-0.22431404888629913
2386249984.0,-0.21075096726417542
2387187456.0,-0.19550755620002747
2388124928.0,-0.17965346574783325
2389062400.0,-0.162705659866333
2390000128.0,-0.14488419890403748
2390937600.0,-0.12751726806163788
2391875072.0,-0.11040664464235306
2392812544.0,-0.09297540783882141
2393750016.0,-0.07732833176851273
2394687488.0,-0.062024276703596115
2395624960.0,-0.047610700130462646
2396562432.0,-0.03397683799266815
2397499904.0,-0.021392803639173508
2398437376.0,-0.010780460201203823
2399375104.0,-0.0006362402345985174
2400312576.0,0.006988414563238621
2401250048.0,0.0136356670409441
2402187520.0,0.020499151200056076
2403124992.0,0.02537006139755249
2404062464.0,0.02819587104022503
2404999936.0,0.030721934512257576
2405937408.0,0.031126728281378746
2406874880.0,0.03039465844631195
2407812608.0,0.02892722748219967
2408750080.0,0.023781606927514076
2409687552.0,0.02899806760251522
2410625024.0,0.033011432737112045
2411562496.0,0.03338040038943291
2412499968.0,0.0324423648416996
2413437440.0,0.029319973662495613
2414374912.0,0.0233266893774271
2415312384.0,0.01573019288480282
2416250112.0,0.005795829929411411
2417187584.0,-0.006946986541152
2418125056.0,-0.021682381629943848
2419062528.0,-0.03824037313461304
2420000000.0,-0.055825307965278625
2420937472.0,-0.07404833287000656
2421874944.0,-0.09438718855381012
2422812416.0,-0.11669228971004486
2423749888.0,-0.1377568244934082
2424687616.0,-0.16071470081806183
2425625088.0,-0.18422982096672058
2426562560.0,-0.20653535425662994
2427500032.0,-0.2297292798757553
2428437504.0,-0.2518945336341858
2429374976.0,-0.2723492383956909
2430312448.0,-0.2938109338283539
2431249920.0,-0.313581258058548
2432187392.0,-0.3323597013950348
2433125120.0,-0.3497903048992157
2434062592.0,-0.3662692606449127
2435000064.0,-0.38121747970581055
2435937536.0,-0.3946387469768524
2436875008.0,-0.40749073028564453
2437812480.0,-0.4177030920982361
2438749952.0,-0.4267723858356476
2439687424.0,-0.4353737533092499
2440624896.0,-0.44057103991508484
2441562624.0,-0.44599688053131104
2442500096.0,-0.4481121897697449
2443437568.0,-0.45071038603782654
2444375040.0,-0.4515778720378876
2445312512.0,-0.45010170340538025
2446249984.0,-0.4500206708908081
2447187456.0,-0.44613078236579895
2448124928.0,-0.4423358142375946
2449062400.0,-0.4382001459598541
2449999872.0,-0.4324451684951782
2450937600.0,-0.4276430010795593
2451875072.0,-0.4215923547744751
2452812544.0,-0.41540461778640747
2453750016.0,-0.4088205099105835
2454687488.0,-0.40232524275779724
2455624960.0,-0.39734819531440735
2456562432.0,-0.39138558506965637
2457499904.0,-0.3869779407978058
2458437376.0,-0.38161322474479675
2459375104.0,-0.37718552350997925
2460312576.0,-0.37432661652565
2461250048.0,-0.37157291173934937
2462187520.0,-0.3706876337528229
2463124992.0,-0.37078365683555603
2464062464.0,-0.37256675958633423
2464999936.0,-0.37597301602363586
2465937408.0,-0.38136520981788635
2466874880.0,-0.3892956078052521
2467812608.0,-0.3999461829662323
2468750080.0,-0.4876590073108673
2469687552.0,-0.5101251602172852
2470625024.0,-0.5344698429107666
2471562496.0,-0.5619776248931885
2472499968.0,-0.5923543572425842
2473437440.0,-0.627173662185669
2474374912.0,-0.6640220880508423
2475312384.0,-0.7028213739395142
2476250112.0,-0.7467167973518372
2477187584.0,-0.7936107516288757
2478125056.0,-0.8454270958900452
2479062528.0,-0.8999050259590149
2480000000.0,-0.9579657912254333
2480937472.0,-1.0179413557052612
2481874944.0,-1.0801409482955933
2482812416.0,-1.1450393199920654
2483749888.0,-1.2146868705749512
2484687616.0,-1.2867511510849
2485625088.0,-1.3633347749710083
2486562560.0,-1.444480299949646
2487500032.0,-1.5304466485977173
2488437504.0,-1.6201988458633423
2489374976.0,-1.7134956121444702
2490312448.0,-1.8125096559524536
2491249920.0,-1.9154441356658936
2492187392.0,-2.0226175785064697
2493125120.0,-2.1347553730010986
2494062592.0,-2.2508740425109863
2495000064.0,-2.3713948726654053
2495937536.0,-2.4987282752990723
2496875008.0,-2.6320252418518066
2497812480.0,-2.7721264362335205
2498749952.0,-2.9198930263519287
2499687424.0,-3.0762810707092285
2500624896.0,-3.245093584060669
2501562624.0,-3.4241299629211426
2502500096.0,-3.6169886589050293
2503437568.0,-3.824890613555908
2504375040.0,-4.046607494354248
2505312512.0,-4.284156799316406
2506249984.0,-4.537027359008789
2507187456.0,-4.806432723999023
2508124928.0,-5.091270923614502
2509062400.0,-5.393586158752441
2510000128.0,-5.709565162658691
2510937600.0,-6.0400710105896
2511875072.0,-6.37672233581543
2512812544.0,-6.710563659667969
2513750016.0,-7.024412155151367
2514687488.0,-7.3061723709106445
2515624960.0,-7.542809009552002
2516562432.0,-7.718698978424072
2517499904.0,-7.821402549743652
2518437376.0,-7.842479705810547
2519375104.0,-7.780096530914307
2520312576.0,-7.639086723327637
2521250048.0,-7.425984859466553
2522187520.0,-7.149147987365723
2523124992.0,-6.827877044677734
2524062464.0,-6.475518703460693
2524999936.0,-6.108481407165527
2525937408.0,-5.733685493469238
2526874880.0,-5.360322952270508
2527812608.0,-4.996910572052002
2528750080.0,-4.64195442199707
2529687552.0,-4.312886714935303
2530625024.0,-4.006377696990967
2531562496.0,-3.7188758850097656
2532499968.0,-3.4498939514160156
2533437440.0,-3.2001280784606934
2534374912.0,-2.9688234329223633
2535312384.0,-2.7574191093444824
2536250112.0,-2.5633230209350586
2537187584.0,-2.3855676651000977
2538125056.0,-2.2248775959014893
2539062528.0,-2.0786256790161133
2540000000.0,-1.9448390007019043
2540937472.0,-1.8234318494796753
2541874944.0,-1.7126715183258057
2542812416.0,-1.6120997667312622
2543749888.0,-1.5206220149993896
2544687616.0,-1.4367588758468628
2545625088.0,-1.3609973192214966
2546562560.0,-1.293792486190796
2547500032.0,-1.2334377765655518
2548437504.0,-1.1788196563720703
2549374976.0,-1.1292418241500854
2550312448.0,-1.0836691856384277
2551249920.0,-1.0429913997650146
2552187392.0,-1.0076005458831787
2553125120.0,-0.9751565456390381
2554062592.0,-0.9450151324272156
2555000064.0,-0.9179141521453857
2555937536.0,-0.8938447833061218
2556875008.0,-0.8715086579322815
2557812480.0,-0.8496083617210388
2558749952.0,-0.8300895690917969
2559687424.0,-0.8099093437194824
2560624896.0,-0.791172444820404
2561562624.0,-0.772647500038147
2562500096.0,-0.7532729506492615
2563437568.0,-0.7348966002464294
2564375040.0,-0.7154380679130554
2565312512.0,-0.6953769326210022
2566249984.0,-0.6763424873352051
2567187456.0,-0.6548970341682434
2568124928.0,-0.6328055262565613
2569062400.0,-0.6107567548751831
2569999872.0,-0.586575984954834
2570937600.0,-0.5630706548690796
2571875072.0,-0.537144124507904
2572812544.0,-0.5100958347320557
2573750016.0,-0.483379989862442
2574687488.0,-0.45522555708885193
2575624960.0,-0.4262877106666565
2576562432.0,-0.3960408866405487
2577499904.0,-0.36625757813453674
2578437376.0,-0.33552396297454834
2579375104.0,-0.304463654756546
2580312576.0,-0.2743814289569855
2581250048.0,-0.24335366487503052
2582187520.0,-0.2137284278869629
2583124992.0,-0.18412244319915771
2584062464.0,-0.15632136166095734
2584999936.0,-0.12911474704742432
2585937408.0,-0.10303943604230881
2586874880.0,-0.07878341525793076
2587812608.0,-0.055307742208242416
2588750080.0,-0.031068876385688782
2589687552.0,-0.017184825614094734
2590625024.0,-0.005564454011619091
2591562496.0,0.005909113213419914
2592499968.0,0.014706994406878948
2593437440.0,0.020975716412067413
2594374912.0,0.024259105324745178
2595312384.0,0.02774103544652462
2596250112.0,0.02812541276216507
2597187584.0,0.027190594002604485
2598125056.0,0.024618662893772125
2599062528.0,0.019449438899755478
2600000000.0,0.01363628450781107
2600937472.0,0.0058956085704267025
2601874944.0,-0.003149591851979494
2602812416.0,-0.013491700403392315
2603749888.0,-0.024085452780127525
2604687616.0,-0.035889752209186554
2605625088.0,-0.048973552882671356
2606562560.0,-0.06186724454164505
2607500032.0,-0.07580104470252991
2608437504.0,-0.09008627384901047
2609374976.0,-0.10386393219232559
2610312448.0,-0.11742310225963593
2611249920.0,-0.13072344660758972
2612187392.0,-0.1432563066482544
2613125120.0,-0.15631374716758728
2614062592.0,-0.16817188262939453
2615000064.0,-0.17938250303268433
2615937536.0,-0.18944722414016724
2616875008.0,-0.19886629283428192
2617812480.0,-0.20682203769683838
2618749952.0,-0.21322067081928253
2619687424.0,-0.219081848859787
2620624896.0,-0.22276639938354492
2621562624.0,-0.22546018660068512
2622500096.0,-0.22640004754066467
2623437568.0,-0.22560495138168335
2624375040.0,-0.22392313182353973
2625312512.0,-0.2208227813243866
2626249984.0,-0.21544598042964935
2627187456.0,-0.20827758312225342
2628124928.0,-0.2008821964263916
2629062400.0,-0.19085262715816498
2630000128.0,-0.17975088953971863
2630937600.0,-0.16847050189971924
2631875072.0,-0.15435393154621124
2632812544.0,-0.1398579329252243
2633750016.0,-0.12302707135677338
2634687488.0,-0.10744831711053848
2635624960.0,-0.09045347571372986
2636562432.0,-0.07158344238996506
2637499904.0,-0.0530848391354084
2638437376.0,-0.03493167832493782
2639375104.0,-0.015429115854203701
2640312576.0,0.003365869168192148
2641250048.0,0.022427812218666077
2642187520.0,0.042297400534152985
2643124992.0,0.05975063517689705
2644062464.0,0.07728539407253265
2644999936.0,0.09460180997848511
2645937408.0,0.11039837449789047
2646874880.0,0.12621229887008667
2647812608.0,0.15054605901241302
2648750080.0,0.16553927958011627
2649687552.0,0.17857855558395386
2650625024.0,0.18954265117645264
2651562496.0,0.1974695920944214
2652499968.0,0.20376119017601013
2653437440.0,0.20704133808612823
2654374912.0,0.20842687785625458
2655312384.0,0.20677728950977325
2656250112.0,0.20347332954406738
2657187584.0,0.19731219112873077
2658125056.0,0.18797002732753754
2659062528.0,0.1777189075946808
2660000000.0,0.16476230323314667
2660937472.0,0.14991915225982666
2661874944.0,0.13377635180950165
2662812416.0,0.1163400262594223
2663749888.0,0.09752389788627625
2664687616.0,0.07779652625322342
2665625088.0,0.05806185305118561
2666562560.0,0.03708784282207489
2667500032.0,0.016272984445095062
2668437504.0,-0.0044397953897714615
2669374976.0,-0.025321802124381065
2670312448.0,-0.04481351003050804
2671249920.0,-0.06372072547674179
2672187392.0,-0.0825897678732872
2673125120.0,-0.09888304024934769
2674062592.0,-0.11413810402154922
2675000064.0,-0.12761689722537994
2675937536.0,-0.13960377871990204
2676875008.0,-0.14922106266021729
2677812480.0,-0.1586718112230301
2678749952.0,-0.16475869715213776
2679687424.0,-0.1689273715019226
2680624896.0,-0.17190371453762054
2681562624.0,-0.17266613245010376
2682500096.0,-0.16986939311027527
2683437568.0,-0.16633950173854828
2684375040.0,-0.1602432280778885
2685312512.0,-0.15306417644023895
2686249984.0,-0.14310751855373383
2687187456.0,-0.13213001191616058
2688124928.0,-0.1198834627866745
2689062400.0,-0.10530011355876923
2689999872.0,-0.08983950316905975
2690937600.0,-0.074229896068573
2691875072.0,-0.058026086539030075
2692812544.0,-0.03996773436665535
2693750016.0,-0.022156381979584694
2694687488.0,-0.004346277564764023
2695624960.0,0.014012574218213558
2696562432.0,0.032194431871175766
2697499904.0,0.04999462142586708
2698437376.0,0.06800349056720734
2699375104.0,0.08447358012199402
2700312576.0,0.10069958865642548
2701250048.0,0.11614759266376495
2702187520.0,0.1304841935634613
2703124992.0,0.14407822489738464
2704062464.0,0.15585565567016602
2704999936.0,0.16660085320472717
2705937408.0,0.17552432417869568
2706874880.0,0.18478786945343018
2707812608.0,0.20451714098453522
2708750080.0,0.20788265764713287
2709687552.0,0.21189932525157928
2710625024.0,0.21376797556877136
2711562496.0,0.2152373194694519
2712499968.0,0.21502871811389923
2713437440.0,0.21267908811569214
2714374912.0,0.21054281294345856
2715312384.0,0.2067369520664215
2716250112.0,0.20115751028060913
2717187584.0,0.19551695883274078
2718125056.0,0.18691293895244598
2719062528.0,0.1777362823486328
2720000000.0,0.16808320581912994
2720937472.0,0.1554960012435913
2721874944.0,0.14217443764209747
2722812416.0,0.12760230898857117
2723749888.0,0.11298202723264694
2724687616.0,0.09671831876039505
2725625088.0,0.07834673672914505
2726562560.0,0.061264488846063614
2727500032.0,0.04250948131084442
2728437504.0,0.02387448027729988
2729374976.0,0.004632193129509687
2730312448.0,-0.014933131635189056
2731249920.0,-0.03449777886271477
2732187392.0,-0.053759582340717316
2733125120.0,-0.07317931950092316
2734062592.0,-0.09117554128170013
2735000064.0,-0.108974389731884
2735937536.0,-0.12543471157550812
2736875008.0,-0.1404590606689453
2737812480.0,-0.15382319688796997
2738749952.0,-0.16593916714191437
2739687424.0,-0.17580637335777283
2740624896.0,-0.18424822390079498
2741562624.0,-0.1904105544090271
2742500096.0,-0.19353415071964264
2743437568.0,-0.19464728236198425
2744375040.0,-0.19426943361759186
2745312512.0,-0.19105000793933868
2746249984.0,-0.1854354590177536
2747187456.0,-0.17780114710330963
2748124928.0,-0.16806115210056305
2749062400.0,-0.15518993139266968
2750000128.0,-0.14179275929927826
2750937600.0,-0.12611642479896545
2751875072.0,-0.10879592597484589
2752812544.0,-0.0881744846701622
2753750016.0,-0.06849140673875809
2754687488.0,-0.0479668565094471
2755624960.0,-0.02536901645362377
2756562432.0,-0.002631195355206728
2757499904.0,0.020145675167441368
2758437376.0,0.041741661727428436
2759375104.0,0.06406145542860031
2760312576.0,0.08607663959264755
2761250048.0,0.10593976825475693
2762187520.0,0.1256040632724762
2763124992.0,0.14316017925739288
2764062464.0,0.15901243686676025
2764999936.0,0.17377518117427826
2765937408.0,0.18593664467334747
2766874880.0,0.19642576575279236
2767812608.0,0.23820661008358002
2768750080.0,0.2420194000005722
2769687552.0,0.24362985789775848
2770625024.0,0.24456413090229034
2771562496.0,0.24236960709095
2772499968.0,0.23954735696315765
2773437440.0,0.23613661527633667
2774374912.0,0.22972512245178223
2775312384.0,0.22190240025520325
2776250112.0,0.21289677917957306
2777187584.0,0.20341968536376953
2778125056.0,0.19300706684589386
2779062528.0,0.17978394031524658
2780000000.0,0.16715119779109955
2780937472.0,0.15450318157672882
2781874944.0,0.13914865255355835
2782812416.0,0.12581418454647064
2783749888.0,0.11048529297113419
2784687616.0,0.09469110518693924
2785625088.0,0.08014525473117828
2786562560.0,0.06417198479175568
2787500032.0,0.04852665960788727
2788437504.0,0.0333513543009758
2789374976.0,0.018353311344981194
2790312448.0,0.0033891312777996063
2791249920.0,-0.01057562604546547
2792187392.0,-0.023620035499334335
2793125120.0,-0.03579007834196091
2794062592.0,-0.04798933491110802
2795000064.0,-0.05971065163612366
2795937536.0,-0.06932714581489563
2796875008.0,-0.07708699256181717
2797812480.0,-0.08500029146671295
2798749952.0,-0.09143515676259995
2799687424.0,-0.09635613113641739
2800624896.0,-0.10030893236398697
2801562624.0,-0.10218677669763565
2802500096.0,-0.10309438407421112
2803437568.0,-0.10200143605470657
2804375040.0,-0.0991070345044136
2805312512.0,-0.0956454947590828
2806249984.0,-0.09040776640176773
2807187456.0,-0.08371050655841827
2808124928.0,-0.07500504702329636
2809062400.0,-0.06518124788999557
2809999872.0,-0.05425858125090599
2810937600.0,-0.04315127804875374
2811875072.0,-0.029466556385159492
2812812544.0,-0.014459915459156036
2813750016.0,0.00039146310882642865
2814687488.0,0.016505364328622818
2815624960.0,0.03290950506925583
2816562432.0,0.05036118999123573
2817499904.0,0.06731539964675903
2818437376.0,0.08469879627227783
2819375104.0,0.10174960643053055
2820312576.0,0.11935049295425415
2821250048.0,0.13617224991321564
2822187520.0,0.15131841599941254
2823124992.0,0.1669984608888626
2824062464.0,0.1807321310043335
2824999936.0,0.19379578530788422
2825937408.0,0.20482443273067474
2826874880.0,0.21412497758865356
2827812608.0,0.22871458530426025
2828750080.0,0.2339775413274765
2829687552.0,0.23761218786239624
2830625024.0,0.23867852985858917
2831562496.0,0.2389252930879593
2832499968.0,0.23666930198669434
2833437440.0,0.2331370711326599
2834374912.0,0.22714832425117493
2835312384.0,0.21940109133720398
2836250112.0,0.21008619666099548
2837187584.0,0.19923289120197296
2838125056.0,0.1878128945827484
2839062528.0,0.17410260438919067
2840000000.0,0.16011199355125427
2840937472.0,0.1445731520652771
2841874944.0,0.12894782423973083
2842812416.0,0.11150364577770233
2843749888.0,0.09396524727344513
2844687616.0,0.0762811005115509
2845625088.0,0.05934901908040047
2846562560.0,0.041744474321603775
2847500032.0,0.024421431124210358
2848437504.0,0.006748925894498825
2849374976.0,-0.009763230569660664
2850312448.0,-0.02509397082030773
2851249920.0,-0.039995379745960236
2852187392.0,-0.05447230488061905
2853125120.0,-0.06706304848194122
2854062592.0,-0.07932368665933609
2855000064.0,-0.08973712474107742
2855937536.0,-0.09856663644313812
2856875008.0,-0.10555471479892731
2857812480.0,-0.11163013428449631
2858749952.0,-0.11555910855531693
2859687424.0,-0.11708772927522659
2860624896.0,-0.11789913475513458
2861562624.0,-0.11723611503839493
2862500096.0,-0.11424481868743896
2863437568.0,-0.10898697376251221
2864375040.0,-0.10336799174547195
2865312512.0,-0.09497492760419846
2866249984.0,-0.08535292744636536
2867187456.0,-0.07528018951416016
2868124928.0,-0.06340137124061584
2869062400.0,-0.04933805763721466
2870000128.0,-0.03522109612822533
2870937600.0,-0.019659705460071564
2871875072.0,-0.004116613883525133
2872812544.0,0.013014326803386211
2873750016.0,0.02925933711230755
2874687488.0,0.04654742404818535
2875624960.0,0.06448472291231155
2876562432.0,0.08167760819196701
2877499904.0,0.09866281598806381
2878437376.0,0.11612071096897125
2879375104.0,0.13113094866275787
2880312576.0,0.1470271199941635
2881250048.0,0.16206017136573792
2882187520.0,0.17589594423770905
2883124992.0,0.18776579201221466
2884062464.0,0.19992686808109283
2884999936.0,0.21076099574565887
2885937408.0,0.22026044130325317
2886874880.0,0.22873349487781525
2887812608.0,0.21215730905532837
2888750080.0,0.21557167172431946
2889687552.0,0.218844935297966
2890625024.0,0.22029852867126465
2891562496.0,0.2214522659778595
2892499968.0,0.22143271565437317
2893437440.0,0.2203378826379776
2894374912.0,0.21754008531570435
2895312384.0,0.21321681141853333
2896250112.0,0.20763801038265228
2897187584.0,0.20057472586631775
2898125056.0,0.19184105098247528
2899062528.0,0.18168827891349792
2900000000.0,0.1707620471715927
2900937472.0,0.1573394238948822
2901874944.0,0.14393840730190277
2902812416.0,0.12875598669052124
2903749888.0,0.11311540752649307
2904687616.0,0.09646116942167282
2905625088.0,0.07967349141836166
2906562560.0,0.06204720214009285
2907500032.0,0.04374445229768753
2908437504.0,0.026307368651032448
2909374976.0,0.009374058805406094
2910312448.0,-0.007469365373253822
2911249920.0,-0.0237963255494833
2912187392.0,-0.037782955914735794
2913125120.0,-0.05256025493144989
2914062592.0,-0.06479572504758835
2915000064.0,-0.0751541256904602
2915937536.0,-0.08468183875083923
2916875008.0,-0.09274985641241074
2917812480.0,-0.09822738170623779
2918749952.0,-0.10089638829231262
2919687424.0,-0.10206113010644913
2920624896.0,-0.10086291283369064
2921562624.0,-0.09747347980737686
2922500096.0,-0.09123046696186066
2923437568.0,-0.08508999645709991
2924375040.0,-0.07452966272830963
2925312512.0,-0.06356737017631531
2926249984.0,-0.05087616667151451
2927187456.0,-0.03610418364405632
2928124928.0,-0.020510459318757057
2929062400.0,-0.0055768233723938465
2929999872.0,0.012872318737208843
2930937600.0,0.03013111650943756
2931875072.0,0.04820873588323593
2932812544.0,0.06465441733598709
2933750016.0,0.08328135311603546
2934687488.0,0.10058125853538513
2935624960.0,0.1172344759106636
2936562432.0,0.1321057379245758
2937499904.0,0.14651232957839966
2938437376.0,0.15983986854553223
2939375104.0,0.1718161553144455
2940312576.0,0.18218623101711273
2941250048.0,0.19277682900428772
2942187520.0,0.20071136951446533
2943124992.0,0.20693306624889374
2944062464.0,0.21301911771297455
2944999936.0,0.21661771833896637
2945937408.0,0.21967487037181854
2946874880.0,0.220987468957901
2947812608.0,0.20173466205596924
2948750080.0,0.19988809525966644
2949687552.0,0.19764070212841034
2950625024.0,0.1948358416557312
2951562496.0,0.19050538539886475
2952499968.0,0.18799643218517303
2953437440.0,0.1841118186712265
2954374912.0,0.17994940280914307
2955312384.0,0.17623396217823029
2956250112.0,0.17215147614479065
2957187584.0,0.16776415705680847
2958125056.0,0.1639745533466339
2959062528.0,0.1589680016040802
2960000000.0,0.1546277552843094
2960937472.0,0.14969362318515778
2961874944.0,0.14509190618991852
2962812416.0,0.14050337672233582
2963749888.0,0.1348707377910614
2964687616.0,0.12828469276428223
2965625088.0,0.12308234721422195
2966562560.0,0.116684190928936
2967500032.0,0.11133775115013123
2968437504.0,0.10444250702857971
2969374976.0,0.09838472306728363
2970312448.0,0.09085965901613235
2971249920.0,0.08338315039873123
2972187392.0,0.0770253986120224
2973125120.0,0.06896334886550903
2974062592.0,0.061590589582920074
2975000064.0,0.05453493446111679
2975937536.0,0.04879148304462433
2976875008.0,0.04130508750677109
2977812480.0,0.0340707004070282
2978749952.0,0.02876211702823639
2979687424.0,0.022031420841813087
2980624896.0,0.01701037585735321
2981562624.0,0.012387480586767197
2982500096.0,0.007596286479383707
2983437568.0,0.004456698894500732
2984375040.0,0.0020677675493061543
2985312512.0,-0.00030902394792065024
2986249984.0,-0.001503035076893866
2987187456.0,-0.002407070016488433
2988124928.0,-0.0028273463249206543
2989062400.0,-0.002243802882730961
2990000128.0,-0.0022633513435721397
2990937600.0,-0.0008102018618956208
2991875072.0,0.0004252470098435879
2992812544.0,0.0020344213116914034
2993750016.0,0.004649682901799679
2994687488.0,0.006501194555312395
2995624960.0,0.008301557041704655
2996562432.0,0.010950473137199879
2997499904.0,0.01377746369689703
2998437376.0,0.016285192221403122
2999375104.0,0.018987655639648438
3000312576.0,0.02395322546362877
3001250048.0,0.026011208072304726
3002187520.0,0.028936756774783134
3003124992.0,0.031071487814188004
3004062464.0,0.03286666050553322
3004999936.0,0.03465140983462334
3005937408.0,0.03627610579133034
3006874880.0,0.03741838037967682
3007812608.0,0.12914451956748962
3008750080.0,0.12682561576366425
3009687552.0,0.1237950250506401
3010625024.0,0.11934768408536911
3011562496.0,0.11648929119110107
3012499968.0,0.11126551032066345
3013437440.0,0.10731326788663864
3014374912.0,0.10190437734127045
3015312384.0,0.09721628576517105
3016250112.0,0.0921679213643074
3017187584.0,0.0859234482049942
3018125056.0,0.08089196681976318
3019062528.0,0.07468286156654358
3020000000.0,0.06758750230073929
3020937472.0,0.061803363263607025
3021874944.0,0.0563296377658844
3022812416.0,0.0502510741353035
3023749888.0,0.044216178357601166
3024687616.0,0.03869254142045975
3025625088.0,0.03230190649628639
3026562560.0,0.02623375691473484
3027500032.0,0.020934518426656723
3028437504.0,0.014659649692475796
3029374976.0,0.00916769728064537
3030312448.0,0.003138295141980052
3031249920.0,-0.0027188037056475878
3032187392.0,-0.0067946710623800755
3033125120.0,-0.012860845774412155
3034062592.0,-0.018521340563893318
3035000064.0,-0.02417958714067936
3035937536.0,-0.029223795980215073
3036875008.0,-0.03361622616648674
3037812480.0,-0.03824629634618759
3038749952.0,-0.0430026575922966
3039687424.0,-0.04713507369160652
3040624896.0,-0.050678953528404236
3041562624.0,-0.05387803167104721
3042500096.0,-0.05645405501127243
3043437568.0,-0.05967381224036217
3044375040.0,-0.06177264451980591
3045312512.0,-0.06321309506893158
3046249984.0,-0.06462476402521133
3047187456.0,-0.06561032682657242
3048124928.0,-0.06682758033275604
3049062400.0,-0.06514760851860046
3049999872.0,-0.06534433364868164
3050937600.0,-0.06378387659788132
3051875072.0,-0.0617406889796257
3052812544.0,-0.058714061975479126
3053750016.0,-0.05470078065991402
3054687488.0,-0.05059758573770523
3055624960.0,-0.04510827362537384
3056562432.0,-0.03925621137022972
3057499904.0,-0.03286520019173622
3058437376.0,-0.025551687926054
3059375104.0,-0.017126135528087616
3060312576.0,-0.007761864457279444
3061250048.0,0.0018920014845207334
3062187520.0,0.012208999134600163
3063124992.0,0.023179782554507256
3064062464.0,0.03447091951966286
3064999936.0,0.046507954597473145
3065937408.0,0.05886368826031685
3066874880.0,0.07212154567241669
3067812608.0,0.1388421356678009
3068750080.0,0.1443873792886734
3069687552.0,0.14763349294662476
3070625024.0,0.15098850429058075
3071562496.0,0.15168270468711853
3072499968.0,0.1520698070526123
3073437440.0,0.15033113956451416
3074374912.0,0.147156223654747
3075312384.0,0.14283867180347443
3076250112.0,0.1379670947790146
3077187584.0,0.13150320947170258
3078125056.0,0.12348511815071106
3079062528.0,0.11543041467666626
3080000000.0,0.10530993342399597
3080937472.0,0.09564492106437683
3081874944.0,0.08575107157230377
3082812416.0,0.07420315593481064
3083749888.0,0.06373322010040283
3084687616.0,0.053541287779808044
3085625088.0,0.042015839368104935
3086562560.0,0.03269673511385918
3087500032.0,0.022682862356305122
3088437504.0,0.013915212824940681
3089374976.0,0.004117178730666637
3090312448.0,-0.0033658223692327738
3091249920.0,-0.01116163656115532
3092187392.0,-0.01607595570385456
3093125120.0,-0.021915564313530922
3094062592.0,-0.025359932333230972
3095000064.0,-0.028709661215543747
3095937536.0,-0.029526986181735992
3096875008.0,-0.029779063537716866
3097812480.0,-0.029610514640808105
3098749952.0,-0.027326321229338646
3099687424.0,-0.02441730536520481
3100624896.0,-0.020560303702950478
3101562624.0,-0.014387832023203373
3102500096.0,-0.010175352916121483
3103437568.0,-0.003715459955856204
3104375040.0,0.003664047922939062
3105312512.0,0.011248992756009102
3106249984.0,0.01894339732825756
3107187456.0,0.026777328923344612
3108124928.0,0.034921858459711075
3109062400.0,0.04269244149327278
3110000128.0,0.05061384662985802
3110937600.0,0.05921916291117668
3111875072.0,0.06665395200252533
3112812544.0,0.0748218446969986
3113750016.0,0.08190059661865234
3114687488.0,0.08879364281892776
3115624960.0,0.09484512358903885
3116562432.0,0.10159840434789658
3117499904.0,0.10663465410470963
3118437376.0,0.11205224692821503
3119375104.0,0.11612628400325775
3120312576.0,0.12074592709541321
3121250048.0,0.12370431423187256
3122187520.0,0.12714384496212006
3123124992.0,0.13053490221500397
3124062464.0,0.13231824338436127
3124999936.0,0.13455112278461456
3125937408.0,0.13653355836868286
3126874880.0,0.1389957070350647
3127812608.0,0.14461715519428253
3128750080.0,0.1443963348865509
3129687552.0,0.1444845199584961
3130625024.0,0.14324051141738892
3131562496.0,0.14049522578716278
3132499968.0,0.13866640627384186
3133437440.0,0.13674986362457275
3134374912.0,0.13369764387607574
3135312384.0,0.13001996278762817
3136250112.0,0.12716175615787506
3137187584.0,0.1243666559457779
3138125056.0,0.12246778607368469
3139062528.0,0.11964885890483856
3140000000.0,0.11915223300457001
3140937472.0,0.11885733902454376
3141874944.0,0.12087821215391159
3142812416.0,0.12337329983711243
3143749888.0,0.1274430900812149
3144687616.0,0.13284039497375488
3145625088.0,0.1373305320739746
3146562560.0,0.14370019733905792
3147500032.0,0.1491626650094986
3148437504.0,0.1522292196750641
3149374976.0,0.1544979065656662
3150312448.0,0.1557033658027649
3151249920.0,0.15484140813350677
3152187392.0,0.15239521861076355
3153125120.0,0.14686249196529388
3154062592.0,0.13937976956367493
3155000064.0,0.13041307032108307
3155937536.0,0.11897058039903641
3156875008.0,0.10633642226457596
3157812480.0,0.09190668910741806
3158749952.0,0.07803146541118622
3159687424.0,0.061828579753637314
3160624896.0,0.047030381858348846
3161562624.0,0.031621046364307404
3162500096.0,0.016452176496386528
3163437568.0,0.0034149824641644955
3164375040.0,-0.00759838055819273
3165312512.0,-0.018240967765450478
3166249984.0,-0.02530660666525364
3167187456.0,-0.0313531756401062
3168124928.0,-0.03477365896105766
3169062400.0,-0.03617598116397858
3169999872.0,-0.03513120114803314
3170937600.0,-0.03223934769630432
3171875072.0,-0.027217768132686615
3172812544.0,-0.019575098529458046
3173750016.0,-0.008334947749972343
3174687488.0,0.0005867602885700762
3175624960.0,0.01405700296163559
3176562432.0,0.027905134484171867
3177499904.0,0.04215877503156662
3178437376.0,0.056807342916727066
3179375104.0,0.0714106410741806
3180312576.0,0.08706990629434586
3181250048.0,0.10243357717990875
3182187520.0,0.11673887073993683
3183124992.0,0.13163919746875763
3184062464.0,0.14587879180908203
3184999936.0,0.15809722244739532
3185937408.0,0.17158420383930206
3186874880.0,0.18283429741859436
3187812608.0,0.15055078268051147
3188750080.0,0.14672407507896423
3189687552.0,0.14184384047985077
3190625024.0,0.13582102954387665
3191562496.0,0.13026230037212372
3192499968.0,0.1247037947177887
3193437440.0,0.11889567226171494
3194374912.0,0.11308710277080536
3195312384.0,0.10775712877511978
3196250112.0,0.10292930901050568
3197187584.0,0.09692194312810898
3198125056.0,0.09306114166975021
3199062528.0,0.08961738646030426
3200000000.0,0.08671174198389053
3200937472.0,0.08401114493608475
3201874944.0,0.08256607502698898
3202812416.0,0.08162553608417511
3203749888.0,0.08073081821203232
3204687616.0,0.08226770162582397
3205625088.0,0.08264479041099548
3206562560.0,0.08453359454870224
3207500032.0,0.08636898547410965
3208437504.0,0.08894064277410507
3209374976.0,0.0908803641796112
3210312448.0,0.09340598434209824
3211249920.0,0.09613963961601257
3212187392.0,0.09841287136077881
3213125120.0,0.10118798166513443
3214062592.0,0.10422524064779282
3215000064.0,0.10634845495223999
3215937536.0,0.10908213257789612
3216875008.0,0.11100375652313232
3217812480.0,0.11217986047267914
3218749952.0,0.11357957124710083
3219687424.0,0.11310772597789764
3220624896.0,0.11400192230939865
3221562624.0,0.11364323645830154
3222500096.0,0.11360634118318558
3223437568.0,0.112618088722229
3224375040.0,0.11217109858989716
3225312512.0,0.1109326109290123
3226249984.0,0.10957282781600952
3227187456.0,0.10842318832874298
3228124928.0,0.10808742791414261
3229062400.0,0.1073891744017601
3230000128.0,0.10792673379182816
3230937600.0,0.10782798379659653
3231875072.0,0.10765323787927628
3232812544.0,0.10881409049034119
3233750016.0,0.11057652533054352
3234687488.0,0.11275602132081985
3235624960.0,0.11554201692342758
3236562432.0,0.1192338615655899
3237499904.0,0.1230275109410286
3238437376.0,0.12691225111484528
3239375104.0,0.13252107799053192
3240312576.0,0.137017160654068
3241250048.0,0.1442258358001709
3242187520.0,0.14969190955162048
3243124992.0,0.1559944897890091
3244062464.0,0.16233564913272858
3244999936.0,0.16853871941566467
3245937408.0,0.1745814085006714
3246874880.0,0.1808432936668396
3247812608.0,0.09026116877794266
3248750080.0,0.08189564198255539
3249687552.0,0.07239556312561035
3250625024.0,0.0628957450389862
3251562496.0,0.05218900740146637
3252499968.0,0.04150263965129852
3253437440.0,0.033621568232774734
3254374912.0,0.023687053471803665
3255312384.0,0.01805662177503109
3256250112.0,0.013637716881930828
3257187584.0,0.010226268321275711
3258125056.0,0.009726911783218384
3259062528.0,0.010166355408728123
3260000000.0,0.011828629299998283
3260937472.0,0.015868054702878
3261874944.0,0.019885096698999405
3262812416.0,0.023984936997294426
3263749888.0,0.029481226578354836
3264687616.0,0.03321722894906998
3265625088.0,0.037436749786138535
3266562560.0,0.04227825999259949
3267500032.0,0.04560932517051697
3268437504.0,0.049394965171813965
3269374976.0,0.05309027433395386
3270312448.0,0.056669361889362335
3271249920.0,0.05864724516868591
3272187392.0,0.060620494186878204
3273125120.0,0.06291424483060837
3274062592.0,0.0647084191441536
3275000064.0,0.06585151702165604
3275937536.0,0.06801643967628479
3276875008.0,0.06971786916255951
3277812480.0,0.07055004686117172
3278749952.0,0.07130075991153717
3279687424.0,0.0728665441274643
3280624896.0,0.072970449924469
3281562624.0,0.07413136214017868
3282500096.0,0.07448959350585938
3283437568.0,0.07534073293209076
3284375040.0,0.07555119693279266
3285312512.0,0.07588174194097519
3286249984.0,0.07577413320541382
3287187456.0,0.07640762627124786
3288124928.0,0.07527217268943787
3289062400.0,0.07528045028448105
3289999872.0,0.07590822130441666
3290937600.0,0.07634305208921432
3291875072.0,0.07542667537927628
3292812544.0,0.07568781822919846
3293750016.0,0.0757237896323204
3294687488.0,0.07697087526321411
3295624960.0,0.07788535952568054
3296562432.0,0.07929251343011856
3297499904.0,0.080971360206604
3298437376.0,0.0825255811214447
3299375104.0,0.08440393954515457
3300312576.0,0.08635194599628448
3301250048.0,0.08952219784259796
3302187520.0,0.09258302301168442
3303124992.0,0.09535632282495499
3304062464.0,0.10012716054916382
3304999936.0,0.10361389815807343
3305937408.0,0.10790462046861649
3306874880.0,0.11390875279903412
3307812608.0,0.1255798488855362
3308750080.0,0.1332399994134903
3309687552.0,0.14093253016471863
3310625024.0,0.1490245759487152
3311562496.0,0.15652163326740265
3312499968.0,0.1641625165939331
3313437440.0,0.1713705062866211
3314374912.0,0.17953112721443176
3315312384.0,0.18622295558452606
3316250112.0,0.19219617545604706
3317187584.0,0.19845066964626312
3318125056.0,0.20342089235782623
3319062528.0,0.20699506998062134
3320000000.0,0.21124516427516937
3320937472.0,0.21344274282455444
3321874944.0,0.21531273424625397
3322812416.0,0.21463380753993988
3323749888.0,0.21448245644569397
3324687616.0,0.21226999163627625
3325625088.0,0.20799487829208374
3326562560.0,0.20416665077209473
3327500032.0,0.19800491631031036
3328437504.0,0.19179418683052063
3329374976.0,0.18323025107383728
3330312448.0,0.1753879338502884
3331249920.0,0.16581374406814575
3332187392.0,0.1556749939918518
3333125120.0,0.14489218592643738
3334062592.0,0.13363337516784668
3335000064.0,0.1232360377907753
3335937536.0,0.11160648614168167
3336875008.0,0.10018110275268555
3337812480.0,0.09057679027318954
3338749952.0,0.07915613055229187
3339687424.0,0.06909181922674179
3340624896.0,0.059779442846775055
3341562624.0,0.050283852964639664
3342500096.0,0.042117856442928314
3343437568.0,0.034016016870737076
3344375040.0,0.02850469760596752
3345312512.0,0.023684745654463768
3346249984.0,0.018586475402116776
3347187456.0,0.015577554702758789
3348124928.0,0.013334264047443867
3349062400.0,0.013013903051614761
3350000128.0,0.013592423871159554
3350937600.0,0.014758672565221786
3351875072.0,0.018166694790124893
3352812544.0,0.022718297317624092
3353750016.0,0.027927422896027565
3354687488.0,0.03348827734589577
3355624960.0,0.03989146649837494
3356562432.0,0.04786057397723198
3357499904.0,0.05652885511517525
3358437376.0,0.06540390104055405
3359375104.0,0.07483035326004028
3360312576.0,0.08468794822692871
3361250048.0,0.09505601227283478
3362187520.0,0.10390180349349976
3363124992.0,0.11410082131624222
3364062464.0,0.12443377077579498
3364999936.0,0.13316252827644348
3365937408.0,0.1419694423675537
3366874880.0,0.149361714720726
3367812608.0,0.031807247549295425
3368750080.0,0.0359184667468071
3369687552.0,0.03902488574385643
3370625024.0,0.04139276593923569
3371562496.0,0.045391131192445755
3372499968.0,0.04727955535054207
3373437440.0,0.04915305972099304
3374374912.0,0.04928545653820038
3375312384.0,0.04841900244355202
3376250112.0,0.046388428658246994
3377187584.0,0.04434499144554138
3378125056.0,0.04114698991179466
3379062528.0,0.03570867329835892
3380000000.0,0.029524749144911766
3380937472.0,0.022881507873535156
3381874944.0,0.014916329644620419
3382812416.0,0.006740763317793608
3383749888.0,-0.0020039842929691076
3384687616.0,-0.012221978977322578
3385625088.0,-0.02271384932100773
3386562560.0,-0.03386455029249191
3387500032.0,-0.04442664235830307
3388437504.0,-0.05441315844655037
3389374976.0,-0.06614822149276733
3390312448.0,-0.07763966917991638
3391249920.0,-0.08778341859579086
3392187392.0,-0.09765884280204773
3393125120.0,-0.10766278952360153
3394062592.0,-0.11614537239074707
3395000064.0,-0.12482701987028122
3395937536.0,-0.13214410841464996
3396875008.0,-0.13922426104545593
3397812480.0,-0.14627628028392792
3398749952.0,-0.1503535807132721
3399687424.0,-0.1549471765756607
3400624896.0,-0.15819640457630157
3401562624.0,-0.16071617603302002
3402500096.0,-0.16237975656986237
3403437568.0,-0.16341061890125275
3404375040.0,-0.16510009765625
3405312512.0,-0.1653228998184204
3406249984.0,-0.16468621790409088
3407187456.0,-0.1636829525232315
3408124928.0,-0.16329453885555267
3409062400.0,-0.162782683968544
3409999872.0,-0.16261160373687744
3410937600.0,-0.16280366480350494
3411875072.0,-0.16367873549461365
3412812544.0,-0.1652669459581375
3413750016.0,-0.1687471866607666
3414687488.0,-0.17217230796813965
3415624960.0,-0.17724347114562988
3416562432.0,-0.18411590158939362
3417499904.0,-0.19355736672878265
3418437376.0,-0.20404194295406342
3419375104.0,-0.2170850932598114
3420312576.0,-0.2319493293762207
3421250048.0,-0.2490379512310028
3422187520.0,-0.2674921154975891
3423124992.0,-0.28928402066230774
3424062464.0,-0.31109005212783813
3424999936.0,-0.3362125754356384
3425937408.0,-0.3632371723651886
3426874880.0,-0.3916792869567871
3427812608.0,-0.4224720895290375
3428750080.0,-0.450322687625885
3429687552.0,-0.47833216190338135
3430625024.0,-0.5068157911300659
3431562496.0,-0.5349910855293274
3432499968.0,-0.5622463822364807
3433437440.0,-0.5903846025466919
3434374912.0,-0.6189543604850769
3435312384.0,-0.6460043787956238
3436250112.0,-0.673793613910675
3437187584.0,-0.702028751373291
3438125056.0,-0.7296894192695618
3439062528.0,-0.7588369250297546
3440000000.0,-0.7884822487831116
3440937472.0,-0.8205380439758301
3441874944.0,-0.8534575700759888
3442812416.0,-0.8886106610298157
3443749888.0,-0.9252446889877319
3444687616.0,-0.9647712707519531
3445625088.0,-1.0067929029464722
3446562560.0,-1.0506536960601807
3447500032.0,-1.0979152917861938
3448437504.0,-1.147398829460144
3449374976.0,-1.1990931034088135
3450312448.0,-1.254401445388794
3451249920.0,-1.3129249811172485
3452187392.0,-1.3699281215667725
3453125120.0,-1.429052710533142
3454062592.0,-1.4889273643493652
3455000064.0,-1.5496253967285156
3455937536.0,-1.6097298860549927
3456875008.0,-1.668938398361206
3457812480.0,-1.725164532661438
3458749952.0,-1.775019884109497
3459687424.0,-1.8184272050857544
3460624896.0,-1.8559386730194092
3461562624.0,-1.8861098289489746
3462500096.0,-1.9109828472137451
3463437568.0,-1.927499532699585
3464375040.0,-1.9358412027359009
3465312512.0,-1.937990665435791
3466249984.0,-1.9327256679534912
3467187456.0,-1.9215389490127563
3468124928.0,-1.9052255153656006
3469062400.0,-1.882227897644043
3470000128.0,-1.8541162014007568
3470937600.0,-1.821332335472107
3471875072.0,-1.7836722135543823
3472812544.0,-1.7409703731536865
3473750016.0,-1.6953974962234497
3474687488.0,-1.6457117795944214
3475624960.0,-1.5940707921981812
3476562432.0,-1.5407477617263794
3477499904.0,-1.4874416589736938
3478437376.0,-1.43379807472229
3479375104.0,-1.3807605504989624
3480312576.0,-1.332165002822876
3481250048.0,-1.2845733165740967
3482187520.0,-1.2369234561920166
3483124992.0,-1.1904290914535522
3484062464.0,-1.143476963043213
3484999936.0,-1.097435474395752
3485937408.0,-1.0544278621673584
3486874880.0,-1.0125117301940918
3487812608.0,-1.0074702501296997
3488750080.0,-0.9707551598548889
3489687552.0,-0.9364864826202393
3490625024.0,-0.9029697775840759
3491562496.0,-0.8715450763702393
3492499968.0,-0.8417581915855408
3493437440.0,-0.8139082193374634
3494374912.0,-0.7873587012290955
3495312384.0,-0.7628201842308044
3496250112.0,-0.7403983473777771
3497187584.0,-0.7213463187217712
3498125056.0,-0.7030310034751892
3499062528.0,-0.6877197623252869
3500000000.0,-0.6723138093948364
3500937472.0,-0.6581264734268188
3501874944.0,-0.6449089646339417
3502812416.0,-0.632011890411377
3503749888.0,-0.6195794939994812
3504687616.0,-0.6069790124893188
3505625088.0,-0.5959023833274841
3506562560.0,-0.5848539471626282
3507500032.0,-0.5741699934005737
3508437504.0,-0.5621905326843262
3509374976.0,-0.5516217350959778
3510312448.0,-0.5392152070999146
3511249920.0,-0.5274850726127625
3512187392.0,-0.5162006616592407
3513125120.0,-0.5030235052108765
3514062592.0,-0.4895699918270111
3515000064.0,-0.47413280606269836
3515937536.0,-0.45892760157585144
3516875008.0,-0.44258013367652893
3517812480.0,-0.4244263172149658
3518749952.0,-0.4071037769317627
3519687424.0,-0.3894912600517273
3520624896.0,-0.3716050982475281
3521562624.0,-0.3521706759929657
3522500096.0,-0.3335726261138916
3523437568.0,-0.31511855125427246
3524375040.0,-0.2964339852333069
3525312512.0,-0.278352826833725
3526249984.0,-0.25956839323043823
3527187456.0,-0.2409730702638626
3528124928.0,-0.22294121980667114
3529062400.0,-0.20714561641216278
3529999872.0,-0.18987765908241272
3530937600.0,-0.1758604794740677
3531875072.0,-0.1624838411808014
3532812544.0,-0.15057852864265442
3533750016.0,-0.13998983800411224
3534687488.0,-0.13130410015583038
3535624960.0,-0.1264512538909912
3536562432.0,-0.12145291268825531
3537499904.0,-0.11932862550020218
3538437376.0,-0.11952577531337738
3539375104.0,-0.12090131640434265
3540312576.0,-0.12392082810401917
3541250048.0,-0.12794196605682373
3542187520.0,-0.13319246470928192
3543124992.0,-0.1384008228778839
3544062464.0,-0.145337775349617
3544999936.0,-0.15316259860992432
3545937408.0,-0.163101464509964
3546874880.0,-0.17405809462070465
3547812608.0,-0.2111838012933731
3548750080.0,-0.2027405947446823
3549687552.0,-0.1942663937807083
3550625024.0,-0.18708567321300507
3551562496.0,-0.17999032139778137
3552499968.0,-0.1719205230474472
3553437440.0,-0.1660514622926712
3554374912.0,-0.16029232740402222
3555312384.0,-0.15493109822273254
3556250112.0,-0.15126486122608185
3557187584.0,-0.1493309885263443
3558125056.0,-0.14571334421634674
3559062528.0,-0.14490757882595062
3560000000.0,-0.14047573506832123
3560937472.0,-0.13835936784744263
3561874944.0,-0.134827122092247
3562812416.0,-0.13190771639347076
3563749888.0,-0.12879756093025208
3564687616.0,-0.12623001635074615
3565625088.0,-0.12386047095060349
3566562560.0,-0.12129748612642288
3567500032.0,-0.1185813620686531
3568437504.0,-0.11582770943641663
3569374976.0,-0.11308210343122482
3570312448.0,-0.11201319843530655
3571249920.0,-0.1089707612991333
3572187392.0,-0.10594493895769119
3573125120.0,-0.1032075360417366
3574062592.0,-0.09972836077213287
3575000064.0,-0.09527984261512756
3575937536.0,-0.09199471771717072
3576875008.0,-0.08874665200710297
3577812480.0,-0.08531979471445084
3578749952.0,-0.08017243444919586
3579687424.0,-0.07639748603105545
3580624896.0,-0.07280240207910538
3581562624.0,-0.06946676224470139
3582500096.0,-0.06429214030504227
3583437568.0,-0.061356619000434875
3584375040.0,-0.058628249913454056
3585312512.0,-0.05608224496245384
3586249984.0,-0.05428647622466087
3587187456.0,-0.05149984732270241
3588124928.0,-0.04989740625023842
3589062400.0,-0.04824330657720566
3590000128.0,-0.04703317582607269
3590937600.0,-0.04673421010375023
3591875072.0,-0.04649917781352997
3592812544.0,-0.048072416335344315
3593750016.0,-0.04858813062310219
3594687488.0,-0.050452664494514465
3595624960.0,-0.05252012610435486
3596562432.0,-0.053745824843645096
3597499904.0,-0.05681666359305382
3598437376.0,-0.05859190598130226
3599375104.0,-0.06155526265501976
3600312576.0,-0.06502170115709305
3601250048.0,-0.06869230419397354
3602187520.0,-0.07202468067407608
3603124992.0,-0.0744536891579628
3604062464.0,-0.07671142369508743
3604999936.0,-0.07944367825984955
3605937408.0,-0.08135749399662018
3606874880.0,-0.08229951560497284
3607812608.0,-0.08885059505701065
3608750080.0,-0.08712252229452133
3609687552.0,-0.08630195260047913
3610625024.0,-0.08567316830158234
3611562496.0,-0.08488578349351883
3612499968.0,-0.08496183902025223
3613437440.0,-0.08461912721395493
3614374912.0,-0.08663246780633926
3615312384.0,-0.08759703487157822
3616250112.0,-0.08957979828119278
3617187584.0,-0.09102454036474228
3618125056.0,-0.09419966489076614
3619062528.0,-0.09579069167375565
3620000000.0,-0.09886142611503601
3620937472.0,-0.10174069553613663
3621874944.0,-0.10500278323888779
3622812416.0,-0.10826338082551956
3623749888.0,-0.11113955825567245
3624687616.0,-0.11386750638484955
3625625088.0,-0.11671701818704605
3626562560.0,-0.11971666663885117
3627500032.0,-0.12216465175151825
3628437504.0,-0.12339520454406738
3629374976.0,-0.12490423023700714
3630312448.0,-0.1254345327615738
3631249920.0,-0.1258610337972641
3632187392.0,-0.12530004978179932
3633125120.0,-0.12339353561401367
3634062592.0,-0.12028974294662476
3635000064.0,-0.11768016964197159
3635937536.0,-0.11414533853530884
3636875008.0,-0.11105678230524063
3637812480.0,-0.10572519153356552
3638749952.0,-0.10011083632707596
3639687424.0,-0.09339012205600739
3640624896.0,-0.08666785061359406
3641562624.0,-0.07936949282884598
3642500096.0,-0.07077232748270035
3643437568.0,-0.06419304013252258
3644375040.0,-0.05645160377025604
3645312512.0,-0.04834633320569992
3646249984.0,-0.038851529359817505
3647187456.0,-0.030547287315130234
3648124928.0,-0.022403134033083916
3649062400.0,-0.015427651815116405
3649999872.0,-0.007086153142154217
3650937600.0,0.00022184921544976532
3651875072.0,0.0064247045665979385
3652812544.0,0.011817545630037785
3653750016.0,0.01710989885032177
3654687488.0,0.022252561524510384
3655624960.0,0.02704806998372078
3656562432.0,0.030362967401742935
3657499904.0,0.034707147628068924
3658437376.0,0.03691989183425903
3659375104.0,0.03833496570587158
3660312576.0,0.03835755214095116
3661250048.0,0.03713689744472504
3662187520.0,0.03673228248953819
3663124992.0,0.03373347222805023
3664062464.0,0.030644172802567482
3664999936.0,0.027004098519682884
3665937408.0,0.02203252911567688
3666874880.0,0.017042415216565132
3667812608.0,0.007781850639730692
3668750080.0,0.0025432626716792583
3669687552.0,-0.0014183640014380217
3670625024.0,-0.004857680760324001
3671562496.0,-0.009158746339380741
3672499968.0,-0.012684251181781292
3673437440.0,-0.014950091019272804
3674374912.0,-0.017151884734630585
3675312384.0,-0.018292956054210663
3676250112.0,-0.020019488409161568
3677187584.0,-0.020959820598363876
3678125056.0,-0.021598927676677704
3679062528.0,-0.020926624536514282
3680000000.0,-0.01938372477889061
3680937472.0,-0.018161455169320107
3681874944.0,-0.016865989193320274
3682812416.0,-0.014783135615289211
3683749888.0,-0.01312850322574377
3684687616.0,-0.011010188609361649
3685625088.0,-0.008102991618216038
3686562560.0,-0.005170394200831652
3687500032.0,-0.003132830373942852
3688437504.0,-0.00040020092274062335
3689374976.0,0.002807705430313945
3690312448.0,0.005272337235510349
3691249920.0,0.009128937497735023
3692187392.0,0.011558234691619873
3693125120.0,0.014625297859311104
3694062592.0,0.017637895420193672
3695000064.0,0.019832352176308632
3695937536.0,0.02287363074719906
3696875008.0,0.024341559037566185
3697812480.0,0.027855347841978073
3698749952.0,0.029709775000810623
3699687424.0,0.030152350664138794
3700624896.0,0.030849851667881012
3701562624.0,0.03094419650733471
3702500096.0,0.02969013899564743
3703437568.0,0.02799520641565323
3704375040.0,0.02470845729112625
3705312512.0,0.019871175289154053
3706249984.0,0.0138268256559968
3707187456.0,0.008230850100517273
3708124928.0,-0.0008435634663328528
3709062400.0,-0.009366832673549652
3710000128.0,-0.020733974874019623
3710937600.0,-0.03245870769023895
3711875072.0,-0.045748479664325714
3712812544.0,-0.05944318696856499
3713750016.0,-0.07526354491710663
3714687488.0,-0.09283216297626495
3715624960.0,-0.11086505651473999
3716562432.0,-0.13071240484714508
3717499904.0,-0.15087486803531647
3718437376.0,-0.1717989444732666
3719375104.0,-0.19242703914642334
3720312576.0,-0.21290968358516693
3721250048.0,-0.23346452414989471
3722187520.0,-0.2533406615257263
3723124992.0,-0.2738795280456543
3724062464.0,-0.2928098142147064
3724999936.0,-0.31043168902397156
3725937408.0,-0.3262912631034851
3726874880.0,-0.34152474999427795
3727812608.0,-0.02838416025042534
3728750080.0,-0.028470786288380623
3729687552.0,-0.02924698404967785
3730625024.0,-0.029956167563796043
3731562496.0,-0.03247761353850365
3732499968.0,-0.03587443381547928
3733437440.0,-0.038482628762722015
3734374912.0,-0.04121369495987892
3735312384.0,-0.04478785768151283
3736250112.0,-0.04792631417512894
3737187584.0,-0.05043657869100571
3738125056.0,-0.05107496678829193
3739062528.0,-0.052134737372398376
3740000000.0,-0.051691580563783646
3740937472.0,-0.05120747163891792
3741874944.0,-0.04948045685887337
3742812416.0,-0.046941667795181274
3743749888.0,-0.04350883141160011
3744687616.0,-0.03942285478115082
3745625088.0,-0.03455272689461708
3746562560.0,-0.028400888666510582
3747500032.0,-0.02202804759144783
3748437504.0,-0.014549307525157928
3749374976.0,-0.006147575099021196
3750312448.0,0.0034848921932280064
3751249920.0,0.013994190841913223
3752187392.0,0.024351976811885834
3753125120.0,0.034290868788957596
3754062592.0,0.04547518491744995
3755000064.0,0.05655607208609581
3755937536.0,0.06648971140384674
3756875008.0,0.0759613960981369
3757812480.0,0.08612857758998871
3758749952.0,0.09510749578475952
3759687424.0,0.10392094403505325
3760624896.0,0.11047860234975815
3761562624.0,0.1169014424085617
3762500096.0,0.12183400988578796
3763437568.0,0.1253676563501358
3764375040.0,0.12716321647167206
3765312512.0,0.1277838498353958
3766249984.0,0.12676425278186798
3767187456.0,0.1238352581858635
3768124928.0,0.12012279778718948
3769062400.0,0.11513092368841171
3769999872.0,0.10841736942529678
3770937600.0,0.10033582150936127
3771875072.0,0.09175793081521988
3772812544.0,0.08228031545877457
3773750016.0,0.0718098059296608
3774687488.0,0.06107516959309578
3775624960.0,0.04991554096341133
3776562432.0,0.037621986120939255
3777499904.0,0.025590691715478897
3778437376.0,0.01291588880121708
3779375104.0,0.0013353147078305483
3780312576.0,-0.011525450274348259
3781250048.0,-0.023605844005942345
3782187520.0,-0.03490515798330307
3783124992.0,-0.04682881385087967
3784062464.0,-0.05562828481197357
3784999936.0,-0.06540385633707047
3785937408.0,-0.07532495260238647
3786874880.0,-0.06737203150987625
3787812608.0,-0.07091487944126129
3788750080.0,-0.07574448734521866
3789687552.0,-0.07896987348794937
3790625024.0,-0.08278701454401016
3791562496.0,-0.0857706069946289
3792499968.0,-0.08975543826818466
3793437440.0,-0.09395194798707962
3794374912.0,-0.0970873087644577
3795312384.0,-0.09910863637924194
3796250112.0,-0.09997992217540741
3797187584.0,-0.10041776299476624
3798125056.0,-0.09989241510629654
3799062528.0,-0.09794499725103378
3800000000.0,-0.09388556331396103
3800937472.0,-0.08992753177881241
3801874944.0,-0.0847482904791832
3802812416.0,-0.0783374160528183
3803749888.0,-0.07199075818061829
3804687616.0,-0.06393729150295258
3805625088.0,-0.05555325746536255
3806562560.0,-0.046554870903491974
3807500032.0,-0.037606820464134216
3808437504.0,-0.028258051723241806
3809374976.0,-0.018950700759887695
3810312448.0,-0.00968924816697836
3811249920.0,-0.0010568550787866116
3812187392.0,0.007660640403628349
3813125120.0,0.01501159556210041
3814062592.0,0.023203061893582344
3815000064.0,0.02872304804623127
3815937536.0,0.03520894795656204
3816875008.0,0.040326569229364395
3817812480.0,0.0453973188996315
3818749952.0,0.047929663211107254
3819687424.0,0.05176963284611702
3820624896.0,0.053940217941999435
3821562624.0,0.054039113223552704
3822500096.0,0.0539451539516449
3823437568.0,0.05379929766058922
3824375040.0,0.052348390221595764
3825312512.0,0.048873309046030045
3826249984.0,0.04605741426348686
3827187456.0,0.043375078588724136
3828124928.0,0.03814366087317467
3829062400.0,0.035035740584135056
3830000128.0,0.029651103541254997
3830937600.0,0.025205163285136223
3831875072.0,0.020260775461792946
3832812544.0,0.015379603952169418
3833750016.0,0.009804340079426765
3834687488.0,0.004998721648007631
3835624960.0,-0.0009059071308001876
3836562432.0,-0.006351943593472242
3837499904.0,-0.011477296240627766
3838437376.0,-0.016175096854567528
3839375104.0,-0.02013574354350567
3840312576.0,-0.024700311943888664
3841250048.0,-0.0288577601313591
3842187520.0,-0.033177126199007034
3843124992.0,-0.037166547030210495
3844062464.0,-0.04144700989127159
3844999936.0,-0.04511868953704834
3845937408.0,-0.04854637384414673
3846874880.0,-0.04677354544401169
3847812608.0,-0.04833989217877388
3848750080.0,-0.05186956375837326
3849687552.0,-0.05396806821227074
3850625024.0,-0.05570551007986069
3851562496.0,-0.057819344103336334
3852499968.0,-0.05948038771748543
3853437440.0,-0.0613248236477375
3854374912.0,-0.0626850575208664
3855312384.0,-0.06295659393072128
3856250112.0,-0.06350130587816238
3857187584.0,-0.06280321627855301
3858125056.0,-0.061911169439554214
3859062528.0,-0.059138327836990356
3860000000.0,-0.05768989026546478
3860937472.0,-0.05538290739059448
3861874944.0,-0.052692025899887085
3862812416.0,-0.05095101147890091
3863749888.0,-0.04867070913314819
3864687616.0,-0.047862280160188675
3865625088.0,-0.04742315039038658
3866562560.0,-0.05017196759581566
3867500032.0,-0.053204767405986786
3868437504.0,-0.05872923135757446
3869374976.0,-0.06502889841794968
3870312448.0,-0.07370616495609283
3871249920.0,-0.08346620947122574
3872187392.0,-0.09374412149190903
3873125120.0,-0.10594072192907333
3874062592.0,-0.11805710196495056
3875000064.0,-0.1294376105070114
3875937536.0,-0.1409183144569397
3876875008.0,-0.15103235840797424
3877812480.0,-0.16049954295158386
3878749952.0,-0.1686527132987976
3879687424.0,-0.17344924807548523
3880624896.0,-0.177200585603714
3881562624.0,-0.1793159544467926
3882500096.0,-0.17762449383735657
3883437568.0,-0.174770325422287
3884375040.0,-0.17023026943206787
3885312512.0,-0.16356168687343597
3886249984.0,-0.15605784952640533
3887187456.0,-0.14624126255512238
3888124928.0,-0.13625678420066833
3889062400.0,-0.1241525188088417
3889999872.0,-0.11220556497573853
3890937600.0,-0.10073179751634598
3891875072.0,-0.0882786363363266
3892812544.0,-0.07693599164485931
3893750016.0,-0.06609027832746506
3894687488.0,-0.05595537647604942
3895624960.0,-0.047290608286857605
3896562432.0,-0.039397113025188446
3897499904.0,-0.03284231945872307
3898437376.0,-0.02675400674343109
3899375104.0,-0.022881627082824707
3900312576.0,-0.01884770207107067
3901250048.0,-0.01617661863565445
3902187520.0,-0.014217544347047806
3903124992.0,-0.012187985703349113
3904062464.0,-0.01119251549243927
3904999936.0,-0.009345377795398235
3905937408.0,-0.008332766592502594
3906874880.0,-0.016376791521906853
3907812608.0,-0.024219829589128494
3908750080.0,-0.030997807160019875
3909687552.0,-0.03666745126247406
3910625024.0,-0.04008213058114052
3911562496.0,-0.04171101376414299
3912499968.0,-0.04180734604597092
3913437440.0,-0.03893275558948517
3914374912.0,-0.034426964819431305
3915312384.0,-0.03002380020916462
3916250112.0,-0.022737590596079826
3917187584.0,-0.01440073549747467
3918125056.0,-0.006066583096981049
3919062528.0,0.004635796882212162
3920000000.0,0.0156725961714983
3920937472.0,0.02783903479576111
3921874944.0,0.038901299238204956
3922812416.0,0.04993205890059471
3923749888.0,0.0607980452477932
3924687616.0,0.07070448249578476
3925625088.0,0.0802944004535675
3926562560.0,0.08890152722597122
3927500032.0,0.09640411287546158
3928437504.0,0.10270509868860245
3929374976.0,0.1078907921910286
3930312448.0,0.11147109419107437
3931249920.0,0.11278738081455231
3932187392.0,0.11266554892063141
3933125120.0,0.11110091209411621
3934062592.0,0.10907105356454849
3935000064.0,0.10351238399744034
3935937536.0,0.09743037074804306
3936875008.0,0.09049933403730392
3937812480.0,0.08201427757740021
3938749952.0,0.07281170040369034
3939687424.0,0.0626385435461998
3940624896.0,0.05193030834197998
3941562624.0,0.03934532031416893
3942500096.0,0.02771824225783348
3943437568.0,0.014422539621591568
3944375040.0,0.001680961693637073
3945312512.0,-0.011565860360860825
3946249984.0,-0.024495074525475502
3947187456.0,-0.03753051906824112
3948124928.0,-0.05057552829384804
3949062400.0,-0.06233386695384979
3950000128.0,-0.07460834085941315
3950937600.0,-0.0855860486626625
3951875072.0,-0.09588763117790222
3952812544.0,-0.1068652868270874
3953750016.0,-0.11714494973421097
3954687488.0,-0.1262630969285965
3955624960.0,-0.13505011796951294
3956562432.0,-0.14190009236335754
3957499904.0,-0.14999936521053314
3958437376.0,-0.15635602176189423
3959375104.0,-0.16292013227939606
3960312576.0,-0.16877371072769165
3961250048.0,-0.1744050532579422
3962187520.0,-0.17985251545906067
3963124992.0,-0.18498194217681885
3964062464.0,-0.18977296352386475
3964999936.0,-0.19380730390548706
3965937408.0,-0.19814158976078033
3966874880.0,-0.09111503511667252
3967812608.0,-0.09583287686109543
3968750080.0,-0.10228972882032394
3969687552.0,-0.10771696269512177
3970625024.0,-0.1113005205988884
3971562496.0,-0.11554737389087677
3972499968.0,-0.11647765338420868
3973437440.0,-0.11889724433422089
3974374912.0,-0.11944819241762161
3975312384.0,-0.11875324696302414
3976250112.0,-0.11782398074865341
3977187584.0,-0.11598721146583557
3978125056.0,-0.11341667920351028
3979062528.0,-0.11064766347408295
3980000000.0,-0.10597296059131622
3980937472.0,-0.10163986682891846
3981874944.0,-0.09622425585985184
3982812416.0,-0.09125253558158875
3983749888.0,-0.08498606085777283
3984687616.0,-0.07977546751499176
3985625088.0,-0.07303903251886368
3986562560.0,-0.0665505975484848
3987500032.0,-0.06112557277083397
3988437504.0,-0.05481940880417824
3989374976.0,-0.049569666385650635
3990312448.0,-0.043691959232091904
3991249920.0,-0.03850908204913139
3992187392.0,-0.034271903336048126
3993125120.0,-0.03047996014356613
3994062592.0,-0.02752334624528885
3995000064.0,-0.023915091529488564
3995937536.0,-0.02191166579723358
3996875008.0,-0.020565345883369446
3997812480.0,-0.020672904327511787
3998749952.0,-0.021435001865029335
3999687424.0,-0.02138366736471653
4000624896.0,-0.013270166702568531
4001562624.0,-0.018062546849250793
4002500096.0,-0.022258594632148743
4003437568.0,-0.028233513236045837
4004375040.0,-0.03459073603153229
4005312512.0,-0.04213103652000427
4006249984.0,-0.048555076122283936
4007187456.0,-0.05738130956888199
4008124928.0,-0.0657896026968956
4009062400.0,-0.07480575144290924
4009999872.0,-0.08396795392036438
4010937600.0,-0.09325577318668365
4011875072.0,-0.10271291434764862
4012812544.0,-0.11290518939495087
4013750016.0,-0.12153881788253784
4014687488.0,-0.13015007972717285
4015624960.0,-0.13843300938606262
4016562432.0,-0.14727626740932465
4017499904.0,-0.15532465279102325
4018437376.0,-0.16237777471542358
4019375104.0,-0.17030058801174164
4020312576.0,-0.17591843008995056
4021250048.0,-0.18188068270683289
4022187520.0,-0.18757863342761993
4023124992.0,-0.1937565803527832
4024062464.0,-0.19777970016002655
4024999936.0,-0.20320214331150055
4025937408.0,-0.20782089233398438
4026874880.0,-0.2007429450750351
4027812608.0,-0.20261934399604797
4028750080.0,-0.20562288165092468
4029687552.0,-0.20956116914749146
4030625024.0,-0.21149775385856628
4031562496.0,-0.2134631872177124
4032499968.0,-0.21569742262363434
4033437440.0,-0.21784256398677826
4034374912.0,-0.21877120435237885
4035312384.0,-0.21918246150016785
4036250112.0,-0.2199406772851944
4037187584.0,-0.21989107131958008
4038125056.0,-0.21940287947654724
4039062528.0,-0.21954622864723206
4040000000.0,-0.2195976823568344
4040937472.0,-0.21788668632507324
4041874944.0,-0.21529874205589294
4042812416.0,-0.2126747965812683
4043749888.0,-0.20925699174404144
4044687616.0,-0.20561432838439941
4045625088.0,-0.20029009878635406
4046562560.0,-0.19429314136505127
4047500032.0,-0.1874789297580719
4048437504.0,-0.17849120497703552
4049374976.0,-0.16973727941513062
4050312448.0,-0.1606106162071228
4051249920.0,-0.14955849945545197
4052187392.0,-0.13926152884960175
4053125120.0,-0.1278703808784485
4054062592.0,-0.11528701335191727
4055000064.0,-0.10432922095060349
4055937536.0,-0.09175385534763336
4056875008.0,-0.07955845445394516
4057812480.0,-0.06666513532400131
4058749952.0,-0.055620089173316956
4059687424.0,-0.04402418062090874
4060624896.0,-0.03201061114668846
4061562624.0,-0.021698130294680595
4062500096.0,-0.011581175960600376
4063437568.0,-0.0018937018467113376
4064375040.0,0.006299199070781469
4065312512.0,0.014334741979837418
4066249984.0,0.020974354818463326
4067187456.0,0.0277828611433506
4068124928.0,0.03155688941478729
4069062400.0,0.03521791473031044
4070000128.0,0.03735649958252907
4070937600.0,0.03770904615521431
4071875072.0,0.03762045502662659
4072812544.0,0.03485479578375816
4073750016.0,0.03271017596125603
4074687488.0,0.030060160905122757
4075624960.0,0.025427833199501038
4076562432.0,0.019446490332484245
4077499904.0,0.012987012974917889
4078437376.0,0.0065737622790038586
4079375104.0,-0.0010970155708491802
4080312576.0,-0.010121691040694714
4081250048.0,-0.01972273737192154
4082187520.0,-0.030299799516797066
4083124992.0,-0.04117685183882713
4084062464.0,-0.050951503217220306
4084999936.0,-0.060759518295526505
4085937408.0,-0.06912220269441605
4086874880.0,-0.09532499313354492
4087812608.0,-0.1012374609708786
4088750080.0,-0.10611069202423096
4089687552.0,-0.11041684448719025
4090625024.0,-0.11431972682476044
4091562496.0,-0.11698820441961288
4092499968.0,-0.11905611306428909
4093437440.0,-0.12191953510046005
4094374912.0,-0.12223798036575317
4095312384.0,-0.12370391935110092
4096250112.0,-0.12465331703424454
4097187584.0,-0.12664730846881866
4098125056.0,-0.12776732444763184
4099062528.0,-0.12894581258296967
4100000000.0,-0.13070273399353027
4100937472.0,-0.13227830827236176
4101874944.0,-0.13390874862670898
4102812416.0,-0.13661667704582214
4103749888.0,-0.13851746916770935
4104687616.0,-0.14010997116565704
4105625088.0,-0.14165736734867096
4106562560.0,-0.14311841130256653
4107500032.0,-0.14480750262737274
4108437504.0,-0.146590918302536
4109374976.0,-0.14688999950885773
4110312448.0,-0.14715421199798584
4111249920.0,-0.14800167083740234
4112187392.0,-0.14845561981201172
4113125120.0,-0.1489475667476654
4114062592.0,-0.14789393544197083
4115000064.0,-0.14796143770217896
4115937536.0,-0.14832310378551483
4116875008.0,-0.14590106904506683
4117812480.0,-0.1450837105512619
4118749952.0,-0.1422242820262909
4119687424.0,-0.140890970826149
4120624896.0,-0.13849452137947083
4121562624.0,-0.1341031938791275
4122500096.0,-0.1303226351737976
4123437568.0,-0.12612569332122803
4124375040.0,-0.12225808203220367
4125312512.0,-0.11775057762861252
4126249984.0,-0.11337942630052567
4127187456.0,-0.10933926701545715
4128124928.0,-0.10578516870737076
4129062400.0,-0.10061584413051605
4129999872.0,-0.09620562195777893
4130937600.0,-0.09254138171672821
4131875072.0,-0.08850754797458649
4132812544.0,-0.08419077098369598
4133750016.0,-0.08090910315513611
4134687488.0,-0.07838362455368042
4135624960.0,-0.07665038108825684
4136562432.0,-0.07370214909315109
4137499904.0,-0.07170230150222778
4138437376.0,-0.06981658935546875
4139375104.0,-0.06833012402057648
4140312576.0,-0.0670294389128685
4141250048.0,-0.06530697643756866
4142187520.0,-0.06351488828659058
4143124992.0,-0.06106483191251755
4144062464.0,-0.059701308608055115
4144999936.0,-0.05861349031329155
4145937408.0,-0.055031850934028625
4146874880.0,-0.09292653203010559
4147812608.0,-0.09373898804187775
4148750080.0,-0.09455815702676773
4149687552.0,-0.09467335045337677
4150625024.0,-0.0941319391131401
4151562496.0,-0.0930318757891655
4152499968.0,-0.09105896204710007
4153437440.0,-0.08934582024812698
4154374912.0,-0.08614924550056458
4155312384.0,-0.08134623616933823
4156250112.0,-0.07789354771375656
4157187584.0,-0.07376130670309067
4158125056.0,-0.06946497410535812
4159062528.0,-0.0639873743057251
4160000000.0,-0.05869990214705467
4160937472.0,-0.054713256657123566
4161874944.0,-0.050070758908987045
4162812416.0,-0.04422248899936676
4163749888.0,-0.04040105640888214
4164687616.0,-0.03758033737540245
4165625088.0,-0.03465406596660614
4166562560.0,-0.03341655060648918
4167500032.0,-0.03152329847216606
4168437504.0,-0.0307016521692276
4169374976.0,-0.031059863045811653
4170312448.0,-0.03093753196299076
4171249920.0,-0.030070973560214043
4172187392.0,-0.032027456909418106
4173125120.0,-0.034289900213479996
4174062592.0,-0.03673781082034111
4175000064.0,-0.04068189859390259
4175937536.0,-0.044273074716329575
4176875008.0,-0.04740213602781296
4177812480.0,-0.0516701340675354
4178749952.0,-0.0562729649245739
4179687424.0,-0.0611480213701725
4180624896.0,-0.06672447174787521
4181562624.0,-0.07084115594625473
4182500096.0,-0.0765601098537445
4183437568.0,-0.08212286233901978
4184375040.0,-0.0869203507900238
4185312512.0,-0.09247904270887375
4186249984.0,-0.09636113047599792
4187187456.0,-0.10028472542762756
4188124928.0,-0.10542383790016174
4189062400.0,-0.10838577151298523
4190000128.0,-0.1123153492808342
4190937600.0,-0.11532632261514664
4191875072.0,-0.11797966063022614
4192812544.0,-0.12173567712306976
4193750016.0,-0.12483173608779907
4194687488.0,-0.12870387732982635
4195624960.0,-0.13132889568805695
4196562432.0,-0.13539081811904907
4197499904.0,-0.1389440894126892
4198437376.0,-0.1441284567117691
4199375104.0,-0.14920790493488312
4200312576.0,-0.15455348789691925
4201250048.0,-0.16053590178489685
4202187520.0,-0.1663578450679779
4203124992.0,-0.17095836997032166
4204062464.0,-0.1758100390434265
4204999936.0,-0.17996415495872498
4205937408.0,-0.18372569978237152
4206874880.0,-0.17489813268184662
4207812608.0,-0.17885109782218933
4208750080.0,-0.18486317992210388
4209687552.0,-0.18914984166622162
4210625024.0,-0.1936483383178711
4211562496.0,-0.19635117053985596
4212499968.0,-0.20006351172924042
4213437440.0,-0.2006685584783554
4214374912.0,-0.20148441195487976
4215312384.0,-0.20137888193130493
4216250112.0,-0.19921182096004486
4217187584.0,-0.1977347582578659
4218125056.0,-0.192714124917984
4219062528.0,-0.1870916783809662
4220000000.0,-0.17938220500946045
4220937472.0,-0.17113250494003296
4221874944.0,-0.15931406617164612
4222812416.0,-0.148106187582016
4223749888.0,-0.1355576515197754
4224687616.0,-0.1230628713965416
4225625088.0,-0.10832233726978302
4226562560.0,-0.09320264309644699
4227500032.0,-0.07641978561878204
4228437504.0,-0.061189427971839905
4229374976.0,-0.043535277247428894
4230312448.0,-0.02751455456018448
4231249920.0,-0.010489687323570251
4232187392.0,0.004980320110917091
4233125120.0,0.021189440041780472
4234062592.0,0.037946198135614395
4235000064.0,0.052127864211797714
4235937536.0,0.06673752516508102
4236875008.0,0.08007025718688965
4237812480.0,0.0913979634642601
4238749952.0,0.1037423238158226
4239687424.0,0.1137143149971962
4240624896.0,0.12100508064031601
4241562624.0,0.12861919403076172
4242500096.0,0.13409598171710968
4243437568.0,0.13808056712150574
4244375040.0,0.1414579302072525
4245312512.0,0.14265219867229462
4246249984.0,0.14247706532478333
4247187456.0,0.1403191089630127
4248124928.0,0.13640181720256805
4249062400.0,0.13068261742591858
4249999872.0,0.1229557916522026
4250937600.0,0.11404437571763992
4251875072.0,0.10297632217407227
4252812544.0,0.09005703777074814
4253750016.0,0.0765763595700264
4254687488.0,0.06005958095192909
4255624960.0,0.04330017790198326
4256562432.0,0.024004463106393814
4257499904.0,0.005397752393037081
4258437376.0,-0.01604190096259117
4259375104.0,-0.0378243550658226
4260312576.0,-0.05911846086382866
4261250048.0,-0.08232051134109497
4262187520.0,-0.10346578806638718
4263124992.0,-0.12611742317676544
4264062464.0,-0.14752617478370667
4264999936.0,-0.16899260878562927
4265937408.0,-0.18952836096286774
4266874880.0,-0.20195239782333374
4267812608.0,-0.21050502359867096
4268750080.0,-0.21813173592090607
4269687552.0,-0.22573113441467285
4270625024.0,-0.23233193159103394
4271562496.0,-0.2396559715270996
4272499968.0,-0.24545122683048248
4273437440.0,-0.24970276653766632
4274374912.0,-0.2519889175891876
4275312384.0,-0.2539135813713074
4276250112.0,-0.2544650733470917
4277187584.0,-0.2521810829639435
4278125056.0,-0.2484462410211563
4279062528.0,-0.2423010766506195
4280000000.0,-0.2343253791332245
4280937472.0,-0.2232091873884201
4281874944.0,-0.20967967808246613
4282812416.0,-0.1951286643743515
4283749888.0,-0.178156316280365
4284687616.0,-0.16015242040157318
4285625088.0,-0.14055392146110535
4286562560.0,-0.11978235095739365
4287500032.0,-0.09710896760225296
4288437504.0,-0.0728180855512619
4289374976.0,-0.04850413650274277
4290312448.0,-0.02444467693567276
4291249920.0,-0.000176775167346932
4292187392.0,0.02301136590540409
4293125120.0,0.04616806283593178
4294062592.0,0.0680820494890213
4295000064.0,0.08938459306955338
4295937536.0,0.1090608537197113
4296875008.0,0.1265539824962616
4297812480.0,0.14240093529224396
4298749952.0,0.15662546455860138
4299687424.0,0.16832289099693298
4300624896.0,0.17758817970752716
4301562368.0,0.1838601976633072
4302499840.0,0.18946513533592224
4303437312.0,0.19172872602939606
4304374784.0,0.19158034026622772
4305312256.0,0.1888645887374878
4306250240.0,0.1838476061820984
4307187712.0,0.17667599022388458
4308125184.0,0.16645099222660065
4309062656.0,0.15555812418460846
4310000128.0,0.14057019352912903
4310937600.0,0.12491285055875778
4311875072.0,0.10777761787176132
4312812544.0,0.08986029028892517
4313750016.0,0.07043034583330154
4314687488.0,0.05086266249418259
4315624960.0,0.03096574917435646
4316562432.0,0.010213502682745457
4317499904.0,-0.010693267919123173
4318437376.0,-0.030049649998545647
4319374848.0,-0.04923215135931969
4320312320.0,-0.06883078068494797
4321249792.0,-0.08657217770814896
4322187264.0,-0.10288336127996445
4323125248.0,-0.11915627866983414
4324062720.0,-0.13272534310817719
4325000192.0,-0.14569954574108124
4325937664.0,-0.15753482282161713
4326875136.0,-0.21847151219844818
4327812608.0,-0.21829353272914886
4328750080.0,-0.2168683409690857
4329687552.0,-0.21305738389492035
4330625024.0,-0.20785611867904663
4331562496.0,-0.20193830132484436
4332499968.0,-0.19600194692611694
4333437440.0,-0.1872270703315735
4334374912.0,-0.1784120798110962
4335312384.0,-0.16823945939540863
4336249856.0,-0.15891161561012268
4337187328.0,-0.14898982644081116
4338124800.0,-0.13949140906333923
4339062272.0,-0.13105861842632294
4339999744.0,-0.12332404404878616
4340937728.0,-0.1157170906662941
4341875200.0,-0.1082218587398529
4342812672.0,-0.10291311144828796
4343750144.0,-0.09692806750535965
4344687616.0,-0.09332196414470673
4345625088.0,-0.08978337049484253
4346562560.0,-0.0856272503733635
4347500032.0,-0.08297522366046906
4348437504.0,-0.08083215355873108
4349374976.0,-0.07937481254339218
4350312448.0,-0.07925047725439072
4351249920.0,-0.08045612275600433
4352187392.0,-0.08117501437664032
4353124864.0,-0.08213400095701218
4354062336.0,-0.08322712779045105
4354999808.0,-0.0851801410317421
4355937280.0,-0.08754321932792664
4356874752.0,-0.08990839868783951
4357812736.0,-0.09352906793355942
4358750208.0,-0.09577912092208862
4359687680.0,-0.09928947687149048
4360625152.0,-0.1028236672282219
4361562624.0,-0.10576246678829193
4362500096.0,-0.1090756431221962
4363437568.0,-0.11372612416744232
4364375040.0,-0.11737348884344101
4365312512.0,-0.12100778520107269
4366249984.0,-0.1246296837925911
4367187456.0,-0.12763738632202148
4368124928.0,-0.13211028277873993
4369062400.0,-0.13648122549057007
4369999872.0,-0.14163823425769806
4370937344.0,-0.14439436793327332
4371874816.0,-0.14924433827400208
4372812288.0,-0.15320536494255066
4373749760.0,-0.15716442465782166
4374687744.0,-0.16286666691303253
4375625216.0,-0.1673206090927124
4376562688.0,-0.17383132874965668
4377500160.0,-0.17971238493919373
4378437632.0,-0.1865188330411911
4379375104.0,-0.19290469586849213
4380312576.0,-0.19947563111782074
4381250048.0,-0.20906879007816315
4382187520.0,-0.21704347431659698
4383124992.0,-0.2265118956565857
4384062464.0,-0.23619720339775085
4384999936.0,-0.24644924700260162
4385937408.0,-0.2583015263080597
4386874880.0,-0.3300023078918457
4387812352.0,-0.3383103013038635
4388749824.0,-0.34465891122817993
4389687296.0,-0.3504723906517029
4390624768.0,-0.35353365540504456
4391562752.0,-0.35405078530311584
4392500224.0,-0.35343679785728455
4393437696.0,-0.3510318398475647
4394375168.0,-0.34673866629600525
4395312640.0,-0.34108078479766846
4396250112.0,-0.3339102268218994
4397187584.0,-0.32491427659988403
4398125056.0,-0.3147108256816864
4399062528.0,-0.30315253138542175
4400000000.0,-0.2898603677749634
4400937472.0,-0.2761416435241699
4401874944.0,-0.2602578401565552
4402812416.0,-0.24462898075580597
4403749888.0,-0.22745715081691742
4404687360.0,-0.20885047316551208
4405624832.0,-0.19054628908634186
4406562304.0,-0.172714501619339
4407499776.0,-0.1542816311120987
4408437248.0,-0.13645502924919128
4409375232.0,-0.12066349387168884
4410312704.0,-0.10478772968053818
4411250176.0,-0.09011510014533997
4412187648.0,-0.07698438316583633
4413125120.0,-0.06536755710840225
4414062592.0,-0.05422030761837959
4415000064.0,-0.047113869339227676
4415937536.0,-0.040562231093645096
4416875008.0,-0.03652997687458992
4417812480.0,-0.03529098257422447
4418749952.0,-0.03686213120818138
4419687424.0,-0.04052170366048813
4420624896.0,-0.0464974083006382
4421562368.0,-0.05388466268777847
4422499840.0,-0.06541209667921066
4423437312.0,-0.07849333435297012
4424374784.0,-0.09298373758792877
4425312256.0,-0.10957032442092896
4426250240.0,-0.12646722793579102
4427187712.0,-0.14585790038108826
4428125184.0,-0.1672695428133011
4429062656.0,-0.18891410529613495
4430000128.0,-0.21195931732654572
4430937600.0,-0.23578914999961853
4431875072.0,-0.2600160241127014
4432812544.0,-0.28428149223327637
4433750016.0,-0.3074950575828552
4434687488.0,-0.3328472673892975
4435624960.0,-0.3581789433956146
4436562432.0,-0.3809051215648651
4437499904.0,-0.4042603373527527
4438437376.0,-0.42652010917663574
4439374848.0,-0.446638822555542
4440312320.0,-0.46634867787361145
4441249792.0,-0.4840969741344452
4442187264.0,-0.5007323622703552
4443125248.0,-0.5137008428573608
4444062720.0,-0.5261091589927673
4445000192.0,-0.5347269773483276
4445937664.0,-0.542814314365387
4446875136.0,-0.5528414249420166
4447812608.0,-0.5586602091789246
4448750080.0,-0.5638879537582397
4449687552.0,-0.5667972564697266
4450625024.0,-0.5678555965423584
4451562496.0,-0.5677798986434937
4452499968.0,-0.5654832720756531
4453437440.0,-0.5604763627052307
4454374912.0,-0.5539129972457886
4455312384.0,-0.54674232006073
4456249856.0,-0.535317599773407
4457187328.0,-0.523891031742096
4458124800.0,-0.5101661682128906
4459062272.0,-0.49409809708595276
4460000256.0,-0.477424293756485
4460937728.0,-0.4607870876789093
4461875200.0,-0.4434720575809479
4462812672.0,-0.42536914348602295
4463750144.0,-0.40784376859664917
4464687616.0,-0.3917982578277588
4465625088.0,-0.37486526370048523
4466562560.0,-0.35907697677612305
4467500032.0,-0.34407761693000793
4468437504.0,-0.3299099802970886
4469374976.0,-0.3180072009563446
4470312448.0,-0.3066559135913849
4471249920.0,-0.2964479923248291
4472187392.0,-0.2883470058441162
4473124864.0,-0.281421959400177
4474062336.0,-0.27655458450317383
4474999808.0,-0.2734028100967407
4475937280.0,-0.27182716131210327
4476874752.0,-0.2718456983566284
4477812736.0,-0.2735452950000763
4478750208.0,-0.27767884731292725
4479687680.0,-0.28303563594818115
4480625152.0,-0.2904159724712372
4481562624.0,-0.3009506165981293
4482500096.0,-0.31388646364212036
4483437568.0,-0.32860279083251953
4484375040.0,-0.3458898067474365
4485312512.0,-0.3663727045059204
4486249984.0,-0.3885040879249573
4487187456.0,-0.41361886262893677
4488124928.0,-0.4400032162666321
4489062400.0,-0.467960000038147
4489999872.0,-0.4964950382709503
4490937344.0,-0.5257488489151001
4491874816.0,-0.5575571060180664
4492812288.0,-0.5905181169509888
4493749760.0,-0.6224213242530823
4494687744.0,-0.656303346157074
4495625216.0,-0.6892702579498291
4496562688.0,-0.7229980230331421
4497500160.0,-0.7560321092605591
4498437632.0,-0.7887738347053528
4499375104.0,-0.819449782371521
4500312576.0,-0.8489919304847717
4501250048.0,-0.8775169253349304
4502187520.0,-0.9034448862075806
4503124992.0,-0.9280208945274353
4504062464.0,-0.9499746561050415
4504999936.0,-0.9696875214576721
4505937408.0,-0.9875802397727966
4506874880.0,-0.9552128911018372
4507812352.0,-0.9701986908912659
4508749824.0,-0.9838138222694397
4509687296.0,-0.9942130446434021
4510624768.0,-1.0016862154006958
4511562752.0,-1.0063276290893555
4512500224.0,-1.0067615509033203
4513437696.0,-1.005182147026062
4514375168.0,-0.9996705055236816
4515312640.0,-0.9926004409790039
4516250112.0,-0.9833412170410156
4517187584.0,-0.9732679128646851
4518125056.0,-0.9608592987060547
4519062528.0,-0.9471337795257568
4520000000.0,-0.9327178597450256
4520937472.0,-0.9175897836685181
4521874944.0,-0.9022966623306274
4522812416.0,-0.8855582475662231
4523749888.0,-0.8708852529525757
4524687360.0,-0.8554188013076782
4525624832.0,-0.8412721157073975
4526562304.0,-0.8282756805419922
4527499776.0,-0.8169493675231934
4528437248.0,-0.8072846531867981
4529375232.0,-0.7994592189788818
4530312704.0,-0.7936127781867981
4531250176.0,-0.7908125519752502
4532187648.0,-0.7911447882652283
4533125120.0,-0.7936027646064758
4534062592.0,-0.7980303168296814
4535000064.0,-0.8070570826530457
4535937536.0,-0.8175390958786011
4536875008.0,-0.8330036997795105
4537812480.0,-0.8525967597961426
4538749952.0,-0.8766394257545471
4539687424.0,-0.9043323993682861
4540624896.0,-0.9362674951553345
4541562368.0,-0.9706868529319763
4542499840.0,-1.0079811811447144
4543437312.0,-1.048540472984314
4544374784.0,-1.0910773277282715
4545312256.0,-1.1387121677398682
4546250240.0,-1.1886790990829468
4547187712.0,-1.242183804512024
4548125184.0,-1.2977595329284668
4549062656.0,-1.3567167520523071
4550000128.0,-1.418497085571289
4550937600.0,-1.4815982580184937
4551875072.0,-1.5495470762252808
4552812544.0,-1.6192128658294678
4553750016.0,-1.6902650594711304
4554687488.0,-1.7644635438919067
4555624960.0,-1.8382927179336548
4556562432.0,-1.9116331338882446
4557499904.0,-1.983781337738037
4558437376.0,-2.054440975189209
4559374848.0,-2.123664617538452
4560312320.0,-2.192006826400757
4561249792.0,-2.2592079639434814
4562187264.0,-2.325190305709839
4563125248.0,-2.3885600566864014
4564062720.0,-2.4513092041015625
4565000192.0,-2.510054588317871
4565937664.0,-2.5691187381744385
4566875136.0,-2.449129104614258
4567812608.0,-2.4805593490600586
4568750080.0,-2.512486696243286
4569687552.0,-2.544933557510376
4570625024.0,-2.5773797035217285
4571562496.0,-2.6081199645996094
4572499968.0,-2.638474941253662
4573437440.0,-2.667285442352295
4574374912.0,-2.6947989463806152
4575312384.0,-2.7226500511169434
4576249856.0,-2.74983549118042
4577187328.0,-2.780513286590576
4578124800.0,-2.8109633922576904
4579062272.0,-2.8437654972076416
4579999744.0,-2.8787894248962402
4580937728.0,-2.9147958755493164
4581875200.0,-2.9517486095428467
4582812672.0,-2.988842725753784
4583750144.0,-3.0250473022460938
4584687616.0,-3.062798261642456
4585625088.0,-3.1017801761627197
4586562560.0,-3.141906261444092
4587500032.0,-3.1813790798187256
4588437504.0,-3.2209384441375732
4589374976.0,-3.258652448654175
4590312448.0,-3.29494309425354
4591249920.0,-3.3300065994262695
4592187392.0,-3.365324020385742
4593124864.0,-3.4001238346099854
4594062336.0,-3.437506675720215
4594999808.0,-3.4786136150360107
4595937280.0,-3.522707462310791
4596874752.0,-3.568477153778076
4597812736.0,-3.613168239593506
4598750208.0,-3.6609911918640137
4599687680.0,-3.708615303039551
4600625152.0,-3.7616336345672607
4601562624.0,-3.8154516220092773
4602500096.0,-3.8663978576660156
4603437568.0,-3.913189649581909
4604375040.0,-3.9555342197418213
4605312512.0,-3.9964113235473633
4606249984.0,-4.034783840179443
4607187456.0,-4.074436187744141
4608124928.0,-4.1137309074401855
4609062400.0,-4.15592622756958
4609999872.0,-4.197886943817139
4610937344.0,-4.237993240356445
4611874816.0,-4.274231433868408
4612812288.0,-4.306092739105225
4613749760.0,-4.333067893981934
4614687744.0,-4.357630252838135
4615625216.0,-4.374698638916016
4616562688.0,-4.390736103057861
4617500160.0,-4.4022626876831055
4618437632.0,-4.413961410522461
4619375104.0,-4.422144889831543
4620312576.0,-4.42902135848999
4621250048.0,-4.4329023361206055
4622187520.0,-4.4361138343811035
4623124992.0,-4.43654727935791
4624062464.0,-4.432236671447754
4624999936.0,-4.425522804260254
4625937408.0,-4.415868759155273
4626874880.0,-4.590306758880615
4627812352.0,-4.5559587478637695
4628749824.0,-4.51542329788208
4629687296.0,-4.466402530670166
4630624768.0,-4.411120891571045
4631562752.0,-4.344488620758057
4632500224.0,-4.271365642547607
4633437696.0,-4.192238807678223
4634375168.0,-4.105601787567139
4635312640.0,-4.0129570960998535
4636250112.0,-3.915233612060547
4637187584.0,-3.813969135284424
4638125056.0,-3.708446979522705
4639062528.0,-3.6005523204803467
4640000000.0,-3.490626096725464
4640937472.0,-3.3798234462738037
4641874944.0,-3.26745867729187
4642812416.0,-3.1563313007354736
4643749888.0,-3.0448989868164062
4644687360.0,-2.9344892501831055
4645624832.0,-2.8245339393615723
4646562304.0,-2.7141060829162598
4647499776.0,-2.605189561843872
4648437248.0,-2.498414993286133
4649375232.0,-2.3952839374542236
4650312704.0,-2.297207832336426
4651250176.0,-2.2019667625427246
4652187648.0,-2.1132116317749023
4653125120.0,-2.0289695262908936
4654062592.0,-1.9493485689163208
4655000064.0,-1.874467372894287
4655937536.0,-1.8035945892333984
4656875008.0,-1.7371842861175537
4657812480.0,-1.6767255067825317
4658749952.0,-1.621178150177002
4659687424.0,-1.571812391281128
4660624896.0,-1.527349591255188
4661562368.0,-1.4893195629119873
4662499840.0,-1.456272006034851
4663437312.0,-1.4283908605575562
4664374784.0,-1.4045886993408203
4665312256.0,-1.382165789604187
4666250240.0,-1.3631587028503418
4667187712.0,-1.3451589345932007
4668125184.0,-1.3275465965270996
4669062656.0,-1.3133034706115723
4670000128.0,-1.301239013671875
4670937600.0,-1.28995680809021
4671875072.0,-1.2813230752944946
4672812544.0,-1.2739940881729126
4673750016.0,-1.267796516418457
4674687488.0,-1.2621711492538452
4675624960.0,-1.2574952840805054
4676562432.0,-1.2524179220199585
4677499904.0,-1.2442302703857422
4678437376.0,-1.2353116273880005
4679374848.0,-1.2255841493606567
4680312320.0,-1.2113256454467773
4681249792.0,-1.1965956687927246
4682187264.0,-1.1791366338729858
4683125248.0,-1.1626601219177246
4684062720.0,-1.1425329446792603
4685000192.0,-1.1214183568954468
4685937664.0,-1.0990567207336426
4686875136.0,-1.0985902547836304
4687812608.0,-1.0731967687606812
4688750080.0,-1.0461764335632324
4689687552.0,-1.0168532133102417
4690625024.0,-0.9883414506912231
4691562496.0,-0.9589399099349976
4692499968.0,-0.9272547364234924
4693437440.0,-0.8962509632110596
4694374912.0,-0.8636552095413208
4695312384.0,-0.8305981159210205
4696249856.0,-0.7973397970199585
4697187328.0,-0.7629356980323792
4698124800.0,-0.7294705510139465
4699062272.0,-0.695462703704834
4700000256.0,-0.6607193350791931
4700937728.0,-0.6278305053710938
4701875200.0,-0.5952267050743103
4702812672.0,-0.5624451041221619
4703750144.0,-0.5312139391899109
4704687616.0,-0.5016123652458191
4705625088.0,-0.473613977432251
4706562560.0,-0.4474184215068817
4707500032.0,-0.4228200912475586
4708437504.0,-0.39879271388053894
4709374976.0,-0.3770156800746918
4710312448.0,-0.35637715458869934
4711249920.0,-0.3380754292011261
4712187392.0,-0.3208114504814148
4713124864.0,-0.30628448724746704
4714062336.0,-0.2931097745895386
4714999808.0,-0.2812816798686981
4715937280.0,-0.2716125249862671
4716874752.0,-0.263698011636734
4717812736.0,-0.25671619176864624
4718750208.0,-0.254148006439209
4719687680.0,-0.25210174918174744
4720625152.0,-0.25195926427841187
4721562624.0,-0.25481000542640686
4722500096.0,-0.2595294713973999
4723437568.0,-0.2661079168319702
4724375040.0,-0.2743687629699707
4725312512.0,-0.28371861577033997
4726249984.0,-0.2947172224521637
4727187456.0,-0.30681312084198
4728124928.0,-0.3204689621925354
4729062400.0,-0.3359176814556122
4729999872.0,-0.3511166274547577
4730937344.0,-0.3689456284046173
4731874816.0,-0.3859785795211792
4732812288.0,-0.4042390286922455
4733749760.0,-0.4223981499671936
4734687744.0,-0.4406620264053345
4735625216.0,-0.4586831033229828
4736562688.0,-0.47702059149742126
4737500160.0,-0.4940890073776245
4738437632.0,-0.5129354000091553
4739375104.0,-0.5290973782539368
4740312576.0,-0.5449228286743164
4741250048.0,-0.5607749819755554
4742187520.0,-0.5749902725219727
4743124992.0,-0.5865429043769836
4744062464.0,-0.5987798571586609
4744999936.0,-0.6095462441444397
4745937408.0,-0.6182935833930969
4746874880.0,-0.4349795877933502
4747812352.0,-0.4338034391403198
4748749824.0,-0.4321155548095703
4749687296.0,-0.43141746520996094
4750624768.0,-0.4277738332748413
4751562752.0,-0.4253876805305481
4752500224.0,-0.4231622517108917
4753437696.0,-0.4198433756828308
4754375168.0,-0.41675350069999695
4755312640.0,-0.41342365741729736
4756250112.0,-0.4099125862121582
4757187584.0,-0.4048910439014435
4758125056.0,-0.39844265580177307
4759062528.0,-0.39251908659935
4760000000.0,-0.3857629597187042
4760937472.0,-0.37934547662734985
4761874944.0,-0.3716334104537964
4762812416.0,-0.3629758656024933
4763749888.0,-0.35404837131500244
4764687360.0,-0.343350887298584
4765624832.0,-0.33370545506477356
4766562304.0,-0.32163527607917786
4767499776.0,-0.3116295635700226
4768437248.0,-0.29961225390434265
4769375232.0,-0.28717339038848877
4770312704.0,-0.2738902270793915
4771250176.0,-0.2605210542678833
4772187648.0,-0.24547432363033295
4773125120.0,-0.23069313168525696
4774062592.0,-0.2132950872182846
4775000064.0,-0.1957351416349411
4775937536.0,-0.17812521755695343
4776875008.0,-0.15972982347011566
4777812480.0,-0.14017148315906525
4778749952.0,-0.11953897029161453
4779687424.0,-0.0990467220544815
4780624896.0,-0.07736644893884659
4781562368.0,-0.05698771774768829
4782499840.0,-0.03589446470141411
4783437312.0,-0.013848420232534409
4784374784.0,0.007384857628494501
4785312256.0,0.027262456715106964
4786250240.0,0.04756512865424156
4787187712.0,0.06691111624240875
4788125184.0,0.08609867841005325
4789062656.0,0.1027546226978302
4790000128.0,0.1192462146282196
4790937600.0,0.13424845039844513
4791875072.0,0.14716364443302155
4792812544.0,0.15823449194431305
4793750016.0,0.16749881207942963
4794687488.0,0.1735166758298874
4795624960.0,0.17913226783275604
4796562432.0,0.18150807917118073
4797499904.0,0.18116475641727448
4798437376.0,0.17850667238235474
4799374848.0,0.1727646142244339
4800312320.0,0.16496719419956207
4801249792.0,0.15440796315670013
4802187264.0,0.1416320651769638
4803125248.0,0.12503354251384735
4804062720.0,0.10686929523944855
4805000192.0,0.08641691505908966
4805937664.0,0.0636848732829094
4806875136.0,-0.2184559553861618
4807812608.0,-0.2240622341632843
4808750080.0,-0.23006319999694824
4809687552.0,-0.23626431822776794
4810625024.0,-0.24184833467006683
4811562496.0,-0.24756182730197906
4812499968.0,-0.25251492857933044
4813437440.0,-0.25640279054641724
4814374912.0,-0.2606632113456726
4815312384.0,-0.26523372530937195
4816249856.0,-0.26829269528388977
4817187328.0,-0.2709468603134155
4818124800.0,-0.27174603939056396
4819062272.0,-0.27137520909309387
4819999744.0,-0.2716999351978302
4820937728.0,-0.2698569893836975
4821875200.0,-0.26740574836730957
4822812672.0,-0.26437121629714966
4823750144.0,-0.2606348693370819
4824687616.0,-0.25611719489097595
4825625088.0,-0.24983073770999908
4826562560.0,-0.24252556264400482
4827500032.0,-0.2351716309785843
4828437504.0,-0.2273370921611786
4829374976.0,-0.21686013042926788
4830312448.0,-0.20698828995227814
4831249920.0,-0.1967993825674057
4832187392.0,-0.1858282834291458
4833124864.0,-0.1756826788187027
4834062336.0,-0.16451632976531982
4834999808.0,-0.15414102375507355
4835937280.0,-0.14380379021167755
4836874752.0,-0.13378065824508667
4837812736.0,-0.12429354339838028
4838750208.0,-0.11491955071687698
4839687680.0,-0.10723420232534409
4840625152.0,-0.10040227323770523
4841562624.0,-0.09414057433605194
4842500096.0,-0.08919185400009155
4843437568.0,-0.08724413812160492
4844375040.0,-0.0857144370675087
4845312512.0,-0.08523587137460709
4846249984.0,-0.0869324803352356
4847187456.0,-0.09111198782920837
4848124928.0,-0.09613006561994553
4849062400.0,-0.10136795789003372
4849999872.0,-0.10893599689006805
4850937344.0,-0.11816190183162689
4851874816.0,-0.12713339924812317
4852812288.0,-0.13870473206043243
4853749760.0,-0.15150155127048492
4854687744.0,-0.16411854326725006
4855625216.0,-0.17729613184928894
4856562688.0,-0.19239291548728943
4857500160.0,-0.20712164044380188
4858437632.0,-0.22083094716072083
4859375104.0,-0.2343875914812088
4860312576.0,-0.24806499481201172
4861250048.0,-0.2618517279624939
4862187520.0,-0.27398696541786194
4863124992.0,-0.2855525314807892
4864062464.0,-0.2954411506652832
4864999936.0,-0.3056047558784485
4865937408.0,-0.3132912218570709
4866874880.0,-0.2970811128616333
4867812352.0,-0.30416396260261536
4868749824.0,-0.3096913993358612
4869687296.0,-0.315236359834671
4870624768.0,-0.32012495398521423
4871562752.0,-0.3238990306854248
4872500224.0,-0.32536259293556213
4873437696.0,-0.32709449529647827
4874375168.0,-0.32811975479125977
4875312640.0,-0.32790765166282654
4876250112.0,-0.3260597884654999
4877187584.0,-0.3231557309627533
4878125056.0,-0.3201204538345337
4879062528.0,-0.3158661723136902
4880000000.0,-0.3095945119857788
4880937472.0,-0.3031609356403351
4881874944.0,-0.2947969138622284
4882812416.0,-0.28666067123413086
4883749888.0,-0.27669382095336914
4884687360.0,-0.266705185174942
4885624832.0,-0.2557491362094879
4886562304.0,-0.2442948818206787
4887499776.0,-0.23325270414352417
4888437248.0,-0.2205546349287033
4889375232.0,-0.20677267014980316
4890312704.0,-0.19464224576950073
4891250176.0,-0.18123826384544373
4892187648.0,-0.16736933588981628
4893125120.0,-0.15380389988422394
4894062592.0,-0.13982288539409637
4895000064.0,-0.1258804351091385
4895937536.0,-0.11271083354949951
4896875008.0,-0.09842105954885483
4897812480.0,-0.08484889566898346
4898749952.0,-0.07136160135269165
4899687424.0,-0.060050223022699356
4900624896.0,-0.04836863651871681
4901562368.0,-0.037051498889923096
4902499840.0,-0.02744598500430584
4903437312.0,-0.01951432041823864
4904374784.0,-0.0110790329053998
4905312256.0,-0.0036506126634776592
4906250240.0,0.0017415775218978524
4907187712.0,0.004432301502674818
4908125184.0,0.008302011527121067
4909062656.0,0.010332472622394562
4910000128.0,0.010298524051904678
4910937600.0,0.008827079087495804
4911875072.0,0.00702501367777586
4912812544.0,0.0025460540782660246
4913750016.0,-0.0014972513308748603
4914687488.0,-0.006509511265903711
4915624960.0,-0.014003722928464413
4916562432.0,-0.021996524184942245
4917499904.0,-0.03150082007050514
4918437376.0,-0.03946070373058319
4919374848.0,-0.05094560608267784
4920312320.0,-0.061110083013772964
4921249792.0,-0.07321493327617645
4922187264.0,-0.08553242683410645
4923125248.0,-0.09700831025838852
4924062720.0,-0.11010803282260895
4925000192.0,-0.12315970659255981
4925937664.0,-0.18565703928470612
4926875136.0,-0.18632863461971283
4927812608.0,-0.1875334531068802
4928750080.0,-0.18838413059711456
4929687552.0,-0.18936876952648163
4930625024.0,-0.18821093440055847
4931562496.0,-0.18911679089069366
4932499968.0,-0.18868473172187805
4933437440.0,-0.1888263076543808
4934374912.0,-0.18701612949371338
4935312384.0,-0.1854514181613922
4936249856.0,-0.1830284744501114
4937187328.0,-0.1807118058204651
4938124800.0,-0.176669642329216
4939062272.0,-0.17215190827846527
4940000256.0,-0.16643185913562775
4940937728.0,-0.16160114109516144
4941875200.0,-0.15553876757621765
4942812672.0,-0.14733149111270905
4943750144.0,-0.14052832126617432
4944687616.0,-0.13158126175403595
4945625088.0,-0.122526615858078
4946562560.0,-0.11365370452404022
4947500032.0,-0.10335605591535568
4948437504.0,-0.09232103824615479
4949374976.0,-0.08148707449436188
4950312448.0,-0.06999140977859497
4951249920.0,-0.05985933542251587
4952187392.0,-0.04928223043680191
4953124864.0,-0.03746867924928665
4954062336.0,-0.02746765688061714
4954999808.0,-0.01840941607952118
4955937280.0,-0.00804541539400816
4956874752.0,0.0010975869372487068
4957812736.0,0.010150639340281487
4958750208.0,0.018756981939077377
4959687680.0,0.025412749499082565
4960625152.0,0.031785935163497925
4961562624.0,0.03742280974984169
4962500096.0,0.04207043722271919
4963437568.0,0.045468248426914215
4964375040.0,0.048075757920742035
4965312512.0,0.048577968031167984
4966249984.0,0.048015791922807693
4967187456.0,0.04689285531640053
4968124928.0,0.044484179466962814
4969062400.0,0.04023792967200279
4969999872.0,0.03505868464708328
4970937344.0,0.029186537489295006
4971874816.0,0.023516442626714706
4972812288.0,0.014897125773131847
4973749760.0,0.0068863509222865105
4974687744.0,-0.0031174959149211645
4975625216.0,-0.012249909341335297
4976562688.0,-0.02270500548183918
4977500160.0,-0.03219696134328842
4978437632.0,-0.04218399524688721
4979375104.0,-0.052816737443208694
4980312576.0,-0.0630125105381012
4981250048.0,-0.07425083220005035
4982187520.0,-0.08428331464529037
4983124992.0,-0.0936407670378685
4984062464.0,-0.10280939191579819
4984999936.0,-0.11162250488996506
4985937408.0,-0.154811292886734
4986874880.0,-0.16431573033332825
4987812352.0,-0.1737799048423767
4988749824.0,-0.18217024207115173
4989687296.0,-0.18837730586528778
4990624768.0,-0.19488149881362915
4991562752.0,-0.19904233515262604
4992500224.0,-0.20180296897888184
4993437696.0,-0.20420818030834198
4994375168.0,-0.20418681204319
4995312640.0,-0.20314620435237885
4996250112.0,-0.20116592943668365
4997187584.0,-0.19751794636249542
4998125056.0,-0.19344304502010345
4999062528.0,-0.18779787421226501
5000000000.0,-0.18033869564533234
5000937472.0,-0.1733761727809906
5001874944.0,-0.16499559581279755
5002812416.0,-0.15579597651958466
5003749888.0,-0.1447453796863556
5004687360.0,-0.13422805070877075
5005624832.0,-0.12347104400396347
5006562304.0,-0.11122820526361465
5007499776.0,-0.09904532134532928
5008437248.0,-0.08696746826171875
5009375232.0,-0.07437887787818909
5010312704.0,-0.06303956359624863
5011250176.0,-0.05092216283082962
5012187648.0,-0.039259616285562515
5013125120.0,-0.027641065418720245
5014062592.0,-0.016005918383598328
5015000064.0,-0.00668701808899641
5015937536.0,0.004110375884920359
5016875008.0,0.01404788251966238
5017812480.0,0.022436421364545822
5018749952.0,0.029612140730023384
5019687424.0,0.035842083394527435
5020624896.0,0.04158886522054672
5021562368.0,0.045513805001974106
5022499840.0,0.04900534823536873
5023437312.0,0.051302045583724976
5024374784.0,0.0535753034055233
5025312256.0,0.053739700466394424
5026250240.0,0.05227208137512207
5027187712.0,0.050392035394907
5028125184.0,0.048043474555015564
5029062656.0,0.045228805392980576
5030000128.0,0.04152383655309677
5030937600.0,0.036642201244831085
5031875072.0,0.03119918704032898
5032812544.0,0.025308405980467796
5033750016.0,0.018927069380879402
5034687488.0,0.011341049335896969
5035624960.0,0.0034159086644649506
5036562432.0,-0.003676728578284383
5037499904.0,-0.01190261822193861
5038437376.0,-0.020247889682650566
5039374848.0,-0.02923833206295967
5040312320.0,-0.03720610588788986
5041249792.0,-0.04625363275408745
5042187264.0,-0.05462433770298958
5043125248.0,-0.0641360655426979
5044062720.0,-0.07239583879709244
5045000192.0,-0.08090746402740479
5045937664.0,-0.09892147779464722
5046875136.0,-0.10853578895330429
5047812608.0,-0.11695706099271774
5048750080.0,-0.12460730224847794
5049687552.0,-0.1322362869977951
5050625024.0,-0.13921646773815155
5051562496.0,-0.14545640349388123
5052499968.0,-0.1515371948480606
5053437440.0,-0.15558496117591858
5054374912.0,-0.1604354977607727
5055312384.0,-0.16556918621063232
5056249856.0,-0.16919979453086853
5057187328.0,-0.17118635773658752
5058124800.0,-0.17310380935668945
5059062272.0,-0.17449213564395905
5059999744.0,-0.17468208074569702
5060937728.0,-0.17500543594360352
5061875200.0,-0.17460981011390686
5062812672.0,-0.1728164255619049
5063750144.0,-0.16984428465366364
5064687616.0,-0.1661871373653412
5065625088.0,-0.16306908428668976
5066562560.0,-0.15902534127235413
5067500032.0,-0.1528276950120926
5068437504.0,-0.14636051654815674
5069374976.0,-0.1405683308839798
5070312448.0,-0.13450565934181213
5071249920.0,-0.12748514115810394
5072187392.0,-0.12051589787006378
5073124864.0,-0.1123981922864914
5074062336.0,-0.10624869912862778
5074999808.0,-0.09849560260772705
5075937280.0,-0.09287112206220627
5076874752.0,-0.08561776578426361
5077812736.0,-0.07841485738754272
5078750208.0,-0.07171929627656937
5079687680.0,-0.06685987114906311
5080625152.0,-0.06076989322900772
5081562624.0,-0.055152423679828644
5082500096.0,-0.05136474221944809
5083437568.0,-0.04637281969189644
5084375040.0,-0.04265885427594185
5085312512.0,-0.038476116955280304
5086249984.0,-0.0363214872777462
5087187456.0,-0.0330711230635643
5088124928.0,-0.031526677310466766
5089062400.0,-0.030170883983373642
5089999872.0,-0.029377557337284088
5090937344.0,-0.028611676767468452
5091874816.0,-0.029100466519594193
5092812288.0,-0.029641352593898773
5093749760.0,-0.029394550248980522
5094687744.0,-0.030302833765745163
5095625216.0,-0.03175613284111023
5096562688.0,-0.03419923409819603
5097500160.0,-0.03605680540204048
5098437632.0,-0.039573587477207184
5099375104.0,-0.04136814549565315
5100312576.0,-0.04456096887588501
5101250048.0,-0.048521738499403
5102187520.0,-0.05189109593629837
5103124992.0,-0.05553748086094856
5104062464.0,-0.06026959791779518
5104999936.0,-0.0647294744849205
5105937408.0,-0.1382424235343933
5106874880.0,-0.14255879819393158
5107812352.0,-0.1477016657590866
5108749824.0,-0.1505649834871292
5109687296.0,-0.15422485768795013
5110624768.0,-0.15681329369544983
5111562752.0,-0.15803630650043488
5112500224.0,-0.1592831015586853
5113437696.0,-0.1594199538230896
5114375168.0,-0.15882918238639832
5115312640.0,-0.15716302394866943
5116250112.0,-0.15543298423290253
5117187584.0,-0.15230129659175873
5118125056.0,-0.14967186748981476
5119062528.0,-0.1458890587091446
5120000000.0,-0.14149795472621918
5120937472.0,-0.1367049664258957
5121874944.0,-0.13299474120140076
5122812416.0,-0.12766878306865692
5123749888.0,-0.12280815839767456
5124687360.0,-0.11785054951906204
5125624832.0,-0.11321192234754562
5126562304.0,-0.10700283944606781
5127499776.0,-0.1025255098938942
5128437248.0,-0.09802763909101486
5129375232.0,-0.0931500494480133
5130312704.0,-0.08805237710475922
5131250176.0,-0.08333626389503479
5132187648.0,-0.07921965420246124
5133125120.0,-0.07404103875160217
5134062592.0,-0.07042618840932846
5135000064.0,-0.06805896013975143
5135937536.0,-0.06454550474882126
5136875008.0,-0.06286879628896713
5137812480.0,-0.06045869365334511
5138749952.0,-0.05884064733982086
5139687424.0,-0.05861838907003403
5140624896.0,-0.05749945342540741
5141562368.0,-0.058618735522031784
5142499840.0,-0.05835876986384392
5143437312.0,-0.05929676070809364
5144374784.0,-0.06159684434533119
5145312256.0,-0.06331001967191696
5146250240.0,-0.06499076634645462
5147187712.0,-0.06900432705879211
5148125184.0,-0.07371734827756882
5149062656.0,-0.07676045596599579
5150000128.0,-0.08215052634477615
5150937600.0,-0.08743507415056229
5151875072.0,-0.0922832041978836
5152812544.0,-0.0978625938296318
5153750016.0,-0.10389100015163422
5154687488.0,-0.10979373008012772
5155624960.0,-0.1170484647154808
5156562432.0,-0.12332254648208618
5157499904.0,-0.13098745048046112
5158437376.0,-0.13891135156154633
5159374848.0,-0.14723554253578186
5160312320.0,-0.1544577032327652
5161249792.0,-0.16355060040950775
5162187264.0,-0.17278587818145752
5163125248.0,-0.18066132068634033
5164062720.0,-0.1900651901960373
5165000192.0,-0.1988806128501892
5165937664.0,-0.19811564683914185
5166875136.0,-0.2100047618150711
5167812608.0,-0.2208494246006012
5168750080.0,-0.2302299588918686
5169687552.0,-0.23776178061962128
5170625024.0,-0.24518708884716034
5171562496.0,-0.24999092519283295
5172499968.0,-0.25458550453186035
5173437440.0,-0.25635311007499695
5174374912.0,-0.2582135498523712
5175312384.0,-0.25778380036354065
5176249856.0,-0.25652676820755005
5177187328.0,-0.2539306879043579
5178124800.0,-0.2495696246623993
5179062272.0,-0.24595512449741364
5180000256.0,-0.23967312276363373
5180937728.0,-0.23323483765125275
5181875200.0,-0.22628723084926605
5182812672.0,-0.2164246290922165
5183750144.0,-0.20749619603157043
5184687616.0,-0.19665490090847015
5185625088.0,-0.18685707449913025
5186562560.0,-0.17475619912147522
5187500032.0,-0.1635940968990326
5188437504.0,-0.15045854449272156
5189374976.0,-0.13715380430221558
5190312448.0,-0.12574917078018188
5191249920.0,-0.11264950782060623
5192187392.0,-0.10096315294504166
5193124864.0,-0.08800066262483597
5194062336.0,-0.07674325257539749
5194999808.0,-0.063883475959301
5195937280.0,-0.05283047631382942
5196874752.0,-0.04263961315155029
5197812736.0,-0.03221768140792847
5198750208.0,-0.023295670747756958
5199687680.0,-0.014935005456209183
5200625152.0,-0.008009404875338078
5201562624.0,-0.0006749560125172138
5202500096.0,0.004375931341201067
5203437568.0,0.009020795114338398
5204375040.0,0.011947578750550747
5205312512.0,0.014258550480008125
5206249984.0,0.014400296844542027
5207187456.0,0.015029064379632473
5208124928.0,0.013415016233921051
5209062400.0,0.01089367363601923
5209999872.0,0.006951780989766121
5210937344.0,0.001901055104099214
5211874816.0,-0.004598681349307299
5212812288.0,-0.012476776726543903
5213749760.0,-0.021827202290296555
5214687744.0,-0.03141459822654724
5215625216.0,-0.043811023235321045
5216562688.0,-0.05566513165831566
5217500160.0,-0.0702124536037445
5218437632.0,-0.08477164804935455
5219375104.0,-0.10086867213249207
5220312576.0,-0.11743664741516113
5221250048.0,-0.13386452198028564
5222187520.0,-0.15064924955368042
5223124992.0,-0.16697940230369568
5224062464.0,-0.18320022523403168
5224999936.0,-0.19988340139389038
5225937408.0,-0.21031151711940765
5226874880.0,-0.223227396607399
5227812352.0,-0.23782223463058472
5228749824.0,-0.24997083842754364
5229687296.0,-0.2622469663619995
5230624768.0,-0.27150604128837585
5231562752.0,-0.28035059571266174
5232500224.0,-0.287177175283432
5233437696.0,-0.2925727069377899
5234375168.0,-0.2967170476913452
5235312640.0,-0.29881635308265686
5236250112.0,-0.2983587384223938
5237187584.0,-0.2955426573753357
5238125056.0,-0.29225030541419983
5239062528.0,-0.2861843407154083
5240000000.0,-0.27877023816108704
5240937472.0,-0.2689596116542816
5241874944.0,-0.25797316431999207
5242812416.0,-0.24587349593639374
5243749888.0,-0.2327200472354889
5244687360.0,-0.21743996441364288
5245624832.0,-0.2019144892692566
5246562304.0,-0.1870705485343933
5247499776.0,-0.16901224851608276
5248437248.0,-0.1522926390171051
5249375232.0,-0.13422854244709015
5250312704.0,-0.11656709760427475
5251250176.0,-0.09822958707809448
5252187648.0,-0.08099087327718735
5253125120.0,-0.06360670924186707
5254062592.0,-0.04734735190868378
5255000064.0,-0.031068334355950356
5255937536.0,-0.017467735335230827
5256875008.0,-0.003552801674231887
5257812480.0,0.008139320649206638
5258749952.0,0.019833404570817947
5259687424.0,0.029588032513856888
5260624896.0,0.037418805062770844
5261562368.0,0.04389456287026405
5262499840.0,0.05002720654010773
5263437312.0,0.05374295264482498
5264374784.0,0.056855469942092896
5265312256.0,0.057274673134088516
5266250240.0,0.05575358495116234
5267187712.0,0.05326253920793533
5268125184.0,0.05010511353611946
5269062656.0,0.04464229568839073
5270000128.0,0.037964772433042526
5270937600.0,0.030724016949534416
5271875072.0,0.02318757399916649
5272812544.0,0.012769713997840881
5273750016.0,0.0022252106573432684
5274687488.0,-0.008764378726482391
5275624960.0,-0.021037768572568893
5276562432.0,-0.03439975902438164
5277499904.0,-0.04774892330169678
5278437376.0,-0.06185295060276985
5279374848.0,-0.0776442140340805
5280312320.0,-0.09255107492208481
5281249792.0,-0.10838305950164795
5282187264.0,-0.12419190257787704
5283125248.0,-0.14078980684280396
5284062720.0,-0.1564912050962448
5285000192.0,-0.17230500280857086
5285937664.0,-0.20022423565387726
5286875136.0,-0.21441307663917542
5287812608.0,-0.22925227880477905
5288750080.0,-0.2442377209663391
5289687552.0,-0.25873076915740967
5290625024.0,-0.27340659499168396
5291562496.0,-0.2869834899902344
5292499968.0,-0.30152833461761475
5293437440.0,-0.31531426310539246
5294374912.0,-0.32763588428497314
5295312384.0,-0.33870622515678406
5296249856.0,-0.34962794184684753
5297187328.0,-0.35747870802879333
5298124800.0,-0.3653329014778137
5299062272.0,-0.3708644211292267
5299999744.0,-0.3764122724533081
5300937728.0,-0.38062575459480286
5301875200.0,-0.38146573305130005
5302812672.0,-0.38130834698677063
5303750144.0,-0.38120487332344055
5304687616.0,-0.3782728910446167
5305625088.0,-0.3737770915031433
5306562560.0,-0.36795344948768616
5307500032.0,-0.36109116673469543
5308437504.0,-0.35163065791130066
5309374976.0,-0.3445156514644623
5310312448.0,-0.3317367136478424
5311249920.0,-0.3202131986618042
5312187392.0,-0.30787256360054016
5313124864.0,-0.2936149835586548
5314062336.0,-0.2771732211112976
5314999808.0,-0.26149553060531616
5315937280.0,-0.244358092546463
5316874752.0,-0.22700609266757965
5317812736.0,-0.20798179507255554
5318750208.0,-0.18962611258029938
5319687680.0,-0.17159631848335266
5320625152.0,-0.15311558544635773
5321562624.0,-0.1334501951932907
5322500096.0,-0.11382555216550827
5323437568.0,-0.09716332703828812
5324375040.0,-0.0793723613023758
5325312512.0,-0.061570536345243454
5326249984.0,-0.04613156244158745
5327187456.0,-0.030569886788725853
5328124928.0,-0.016059234738349915
5329062400.0,-0.0027191536501049995
5329999872.0,0.009627038612961769
5330937344.0,0.020467819646000862
5331874816.0,0.031165191903710365
5332812288.0,0.03547085076570511
5333749760.0,0.040562704205513
5334687744.0,0.04225851595401764
5335625216.0,0.04316788911819458
5336562688.0,0.04173184558749199
5337500160.0,0.0384209081530571
5338437632.0,0.03318478912115097
5339375104.0,0.025488819926977158
5340312576.0,0.015106188133358955
5341250048.0,0.0033302479423582554
5342187520.0,-0.011014902032911777
5343124992.0,-0.027552833780646324
5344062464.0,-0.045710235834121704
5344999936.0,-0.06762544065713882
5345937408.0,-0.3506508469581604
5346874880.0,-0.3653064966201782
5347812352.0,-0.37995079159736633
5348749824.0,-0.39393070340156555
5349687296.0,-0.40622881054878235
5350624768.0,-0.41956469416618347
5351562752.0,-0.43084216117858887
5352500224.0,-0.44082504510879517
5353437696.0,-0.4497426450252533
5354375168.0,-0.4580497145652771
5355312640.0,-0.4644186198711395
5356250112.0,-0.47025659680366516
5357187584.0,-0.47343629598617554
5358125056.0,-0.47531700134277344
5359062528.0,-0.4747645854949951
5360000000.0,-0.4723016917705536
5360937472.0,-0.46926113963127136
5361874944.0,-0.46331873536109924
5362812416.0,-0.45646902918815613
5363749888.0,-0.44559305906295776
5364687360.0,-0.43561285734176636
5365624832.0,-0.4244862496852875
5366562304.0,-0.41005852818489075
5367499776.0,-0.3969663977622986
5368437248.0,-0.38154521584510803
5369375232.0,-0.36537137627601624
5370312704.0,-0.34920260310173035
5371250176.0,-0.33129042387008667
5372187648.0,-0.31440913677215576
5373125120.0,-0.2961207330226898
5374062592.0,-0.27856501936912537
5375000064.0,-0.2596467137336731
5375937536.0,-0.24099767208099365
5376875008.0,-0.22318987548351288
5377812480.0,-0.205917090177536
5378749952.0,-0.18823252618312836
5379687424.0,-0.1719960868358612
5380624896.0,-0.15550029277801514
5381562368.0,-0.14039582014083862
5382499840.0,-0.12752149999141693
5383437312.0,-0.11211235076189041
5384374784.0,-0.10008788108825684
5385312256.0,-0.0885825902223587
5386250240.0,-0.07912823557853699
5387187712.0,-0.07118541747331619
5388125184.0,-0.06628193706274033
5389062656.0,-0.06202700361609459
5390000128.0,-0.06088040769100189
5390937600.0,-0.06262176483869553
5391875072.0,-0.06568556278944016
5392812544.0,-0.07240956276655197
5393750016.0,-0.07935815304517746
5394687488.0,-0.08995316922664642
5395624960.0,-0.10243503749370575
5396562432.0,-0.11743146926164627
5397499904.0,-0.13405689597129822
5398437376.0,-0.1528710573911667
5399374848.0,-0.1732698529958725
5400312320.0,-0.1940770149230957
5401249792.0,-0.21543139219284058
5402187264.0,-0.23769626021385193
5403125248.0,-0.2583557069301605
5404062720.0,-0.28032025694847107
5405000192.0,-0.30108484625816345
5405937664.0,-0.34550780057907104
5406875136.0,-0.3607878088951111
5407812608.0,-0.37403374910354614
5408750080.0,-0.3862178325653076
5409687552.0,-0.39616990089416504
5410625024.0,-0.4035460650920868
5411562496.0,-0.41043078899383545
5412499968.0,-0.4133046269416809
5413437440.0,-0.4156104028224945
5414374912.0,-0.4146767854690552
5415312384.0,-0.4117993116378784
5416249856.0,-0.40543612837791443
5417187328.0,-0.39817145466804504
5418124800.0,-0.3879207968711853
5419062272.0,-0.37553921341896057
5420000256.0,-0.3607576787471771
5420937728.0,-0.34500494599342346
5421875200.0,-0.3274727165699005
5422812672.0,-0.30879783630371094
5423750144.0,-0.28933054208755493
5424687616.0,-0.26932239532470703
5425625088.0,-0.24777069687843323
5426562560.0,-0.22614377737045288
5427500032.0,-0.2036031037569046
5428437504.0,-0.18216931819915771
5429374976.0,-0.16080613434314728
5430312448.0,-0.1397651582956314
5431249920.0,-0.12008175998926163
5432187392.0,-0.10201139748096466
5433124864.0,-0.08573184162378311
5434062336.0,-0.07040666788816452
5434999808.0,-0.05742600932717323
5435937280.0,-0.04694275185465813
5436874752.0,-0.03755730390548706
5437812736.0,-0.030883070081472397
5438750208.0,-0.026154471561312675
5439687680.0,-0.02283925749361515
5440625152.0,-0.023194780573248863
5441562624.0,-0.02538249082863331
5442500096.0,-0.030607499182224274
5443437568.0,-0.03809656947851181
5444375040.0,-0.04823528975248337
5445312512.0,-0.06055716797709465
5446249984.0,-0.07551735639572144
5447187456.0,-0.09284832328557968
5448124928.0,-0.11240573227405548
5449062400.0,-0.1347011774778366
5449999872.0,-0.15814299881458282
5450937344.0,-0.182167649269104
5451874816.0,-0.20841707289218903
5452812288.0,-0.23518648743629456
5453749760.0,-0.2623256742954254
5454687744.0,-0.28971439599990845
5455625216.0,-0.3193020820617676
5456562688.0,-0.34667229652404785
5457500160.0,-0.37552738189697266
5458437632.0,-0.4036618173122406
5459375104.0,-0.4303233027458191
5460312576.0,-0.4555796980857849
5461250048.0,-0.4793650507926941
5462187520.0,-0.5000211000442505
5463124992.0,-0.5200831890106201
5464062464.0,-0.5387345552444458
5464999936.0,-0.5546541810035706
5465937408.0,-0.47789308428764343
5466874880.0,-0.4938311278820038
5467812352.0,-0.5051255226135254
5468749824.0,-0.5153831243515015
5469687296.0,-0.52408766746521
5470624768.0,-0.5301986932754517
5471562752.0,-0.534011721611023
5472500224.0,-0.534308135509491
5473437696.0,-0.532274067401886
5474375168.0,-0.5261896252632141
5475312640.0,-0.5184043645858765
5476250112.0,-0.5080835819244385
5477187584.0,-0.4955972135066986
5478125056.0,-0.4801061451435089
5479062528.0,-0.46460896730422974
5480000000.0,-0.4453660547733307
5480937472.0,-0.4261770248413086
5481874944.0,-0.40596237778663635
5482812416.0,-0.38426247239112854
5483749888.0,-0.36256593465805054
5484687360.0,-0.33974745869636536
5485624832.0,-0.31846481561660767
5486562304.0,-0.29736918210983276
5487499776.0,-0.2759922742843628
5488437248.0,-0.25468066334724426
5489375232.0,-0.2354138344526291
5490312704.0,-0.21730037033557892
5491250176.0,-0.20081526041030884
5492187648.0,-0.18493831157684326
5493125120.0,-0.17346496880054474
5494062592.0,-0.16297121345996857
5495000064.0,-0.15552064776420593
5495937536.0,-0.15053001046180725
5496875008.0,-0.1480739563703537
5497812480.0,-0.148794487118721
5498749952.0,-0.15078482031822205
5499687424.0,-0.15556544065475464
5500624896.0,-0.16223882138729095
5501562368.0,-0.17180673778057098
5502499840.0,-0.1841922253370285
5503437312.0,-0.20016741752624512
5504374784.0,-0.218964621424675
5505312256.0,-0.23805253207683563
5506250240.0,-0.2601725161075592
5507187712.0,-0.28452831506729126
5508125184.0,-0.31030920147895813
5509062656.0,-0.3384575843811035
5510000128.0,-0.36922261118888855
5510937600.0,-0.40170279145240784
5511875072.0,-0.435290664434433
5512812544.0,-0.4694384038448334
5513750016.0,-0.5042632818222046
5514687488.0,-0.5383525490760803
5515624960.0,-0.572180986404419
5516562432.0,-0.6058636903762817
5517499904.0,-0.6400731205940247
5518437376.0,-0.6712509989738464
5519374848.0,-0.7025572061538696
5520312320.0,-0.73240727186203
5521249792.0,-0.7629978656768799
5522187264.0,-0.7907336950302124
5523125248.0,-0.8185248970985413
5524062720.0,-0.8460191488265991
5525000192.0,-0.873788595199585
5525937664.0,-0.7466815710067749
5526875136.0,-0.7579450011253357
5527812608.0,-0.7712680101394653
5528750080.0,-0.784612774848938
5529687552.0,-0.8011775016784668
5530625024.0,-0.8184913992881775
5531562496.0,-0.83681720495224
5532499968.0,-0.8568267822265625
5533437440.0,-0.8768951892852783
5534374912.0,-0.89873868227005
5535312384.0,-0.922915518283844
5536249856.0,-0.9451994299888611
5537187328.0,-0.9692104458808899
5538124800.0,-0.9920150637626648
5539062272.0,-1.0138766765594482
5539999744.0,-1.034392237663269
5540937728.0,-1.0520517826080322
5541875200.0,-1.0681955814361572
5542812672.0,-1.0811716318130493
5543750144.0,-1.0903480052947998
5544687616.0,-1.0956995487213135
5545625088.0,-1.0958491563796997
5546562560.0,-1.0924723148345947
5547500032.0,-1.083935022354126
5548437504.0,-1.071388602256775
5549374976.0,-1.0549087524414062
5550312448.0,-1.0347940921783447
5551249920.0,-1.0109755992889404
5552187392.0,-0.9853602051734924
5553124864.0,-0.9568977952003479
5554062336.0,-0.9257445335388184
5554999808.0,-0.8944007158279419
5555937280.0,-0.8621284365653992
5556874752.0,-0.8296559453010559
5557812736.0,-0.7983397841453552
5558750208.0,-0.7669420838356018
5559687680.0,-0.7380120158195496
5560625152.0,-0.7103767991065979
5561562624.0,-0.6828014850616455
5562500096.0,-0.6581602096557617
5563437568.0,-0.6352522969245911
5564375040.0,-0.6154159903526306
5565312512.0,-0.5979265570640564
5566249984.0,-0.5812671780586243
5567187456.0,-0.5667471885681152
5568124928.0,-0.5538691282272339
5569062400.0,-0.5404149293899536
5569999872.0,-0.5290864109992981
5570937344.0,-0.515569269657135
5571874816.0,-0.5049072504043579
5572812288.0,-0.49332544207572937
5573749760.0,-0.48291346430778503
5574687744.0,-0.47490939497947693
5575625216.0,-0.4661966860294342
5576562688.0,-0.4603455662727356
5577500160.0,-0.45490723848342896
5578437632.0,-0.4517233371734619
5579375104.0,-0.44953054189682007
5580312576.0,-0.4486968219280243
5581250048.0,-0.44920530915260315
5582187520.0,-0.4500386118888855
5583124992.0,-0.4510554075241089
5584062464.0,-0.4539186656475067
5584999936.0,-0.45601457357406616
5585937408.0,-0.4313660264015198
5586874880.0,-0.42191076278686523
5587812352.0,-0.41092875599861145
5588749824.0,-0.3991349935531616
5589687296.0,-0.3857472538948059
5590624768.0,-0.37043529748916626
5591562752.0,-0.3544236719608307
5592500224.0,-0.33774542808532715
5593437696.0,-0.32055437564849854
5594375168.0,-0.30139467120170593
5595312640.0,-0.2824232280254364
5596250112.0,-0.26308557391166687
5597187584.0,-0.24316361546516418
5598125056.0,-0.22364751994609833
5599062528.0,-0.20474231243133545
5600000000.0,-0.1862967610359192
5600937472.0,-0.16797298192977905
5601874944.0,-0.15111610293388367
5602812416.0,-0.13491468131542206
5603749888.0,-0.12094630300998688
5604687360.0,-0.10696859657764435
5605624832.0,-0.09491029381752014
5606562304.0,-0.0853070542216301
5607499776.0,-0.07660974562168121
5608437248.0,-0.06898709386587143
5609375232.0,-0.0648004412651062
5610312704.0,-0.060661714524030685
5611250176.0,-0.058104146271944046
5612187648.0,-0.05800294503569603
5613125120.0,-0.05897454172372818
5614062592.0,-0.06237374618649483
5615000064.0,-0.0667887032032013
5615937536.0,-0.07285629957914352
5616875008.0,-0.08109162747859955
5617812480.0,-0.09014402329921722
5618749952.0,-0.10128549486398697
5619687424.0,-0.11304081231355667
5620624896.0,-0.12543968856334686
5621562368.0,-0.1385970413684845
5622499840.0,-0.15186026692390442
5623437312.0,-0.16568411886692047
5624374784.0,-0.1801501363515854
5625312256.0,-0.19366613030433655
5626250240.0,-0.20799963176250458
5627187712.0,-0.22054089605808258
5628125184.0,-0.23388513922691345
5629062656.0,-0.246185764670372
5630000128.0,-0.25535130500793457
5630937600.0,-0.2657834589481354
5631875072.0,-0.2737773358821869
5632812544.0,-0.2802278995513916
5633750016.0,-0.286851704120636
5634687488.0,-0.28995728492736816
5635624960.0,-0.2923363745212555
5636562432.0,-0.29316356778144836
5637499904.0,-0.291547566652298
5638437376.0,-0.2881700396537781
5639374848.0,-0.2839471399784088
5640312320.0,-0.27725109457969666
5641249792.0,-0.269279807806015
5642187264.0,-0.2599973678588867
5643125248.0,-0.2499401569366455
5644062720.0,-0.2380683422088623
5645000192.0,-0.22561469674110413
5645937664.0,-0.19115735590457916
5646875136.0,-0.19449034333229065
5647812608.0,-0.19728106260299683
5648750080.0,-0.19786867499351501
5649687552.0,-0.1977233588695526
5650625024.0,-0.19550378620624542
5651562496.0,-0.19073288142681122
5652499968.0,-0.18742071092128754
5653437440.0,-0.18148835003376007
5654374912.0,-0.17568634450435638
5655312384.0,-0.16862617433071136
5656249856.0,-0.1606639325618744
5657187328.0,-0.15304118394851685
5658124800.0,-0.14421837031841278
5659062272.0,-0.13624532520771027
5660000256.0,-0.12886546552181244
5660937728.0,-0.12113334983587265
5661875200.0,-0.11501366645097733
5662812672.0,-0.10897713899612427
5663750144.0,-0.10294288396835327
5664687616.0,-0.0989210456609726
5665625088.0,-0.0957728698849678
5666562560.0,-0.09395135939121246
5667500032.0,-0.09313523769378662
5668437504.0,-0.09315063804388046
5669374976.0,-0.09455705434083939
5670312448.0,-0.09730079770088196
5671249920.0,-0.100791335105896
5672187392.0,-0.1050860583782196
5673124864.0,-0.11065362393856049
5674062336.0,-0.11608313024044037
5674999808.0,-0.12377794831991196
5675937280.0,-0.13198313117027283
5676874752.0,-0.1386861950159073
5677812736.0,-0.1480688750743866
5678750208.0,-0.1575537472963333
5679687680.0,-0.16629309952259064
5680625152.0,-0.17538340389728546
5681562624.0,-0.18375594913959503
5682500096.0,-0.1934354156255722
5683437568.0,-0.20274007320404053
5684375040.0,-0.21070578694343567
5685312512.0,-0.21932072937488556
5686249984.0,-0.2266240119934082
5687187456.0,-0.23379497230052948
5688124928.0,-0.23992115259170532
5689062400.0,-0.24431835114955902
5689999872.0,-0.25014081597328186
5690937344.0,-0.25519949197769165
5691874816.0,-0.2593191862106323
5692812288.0,-0.2627277374267578
5693749760.0,-0.2670002281665802
5694687744.0,-0.27138710021972656
5695625216.0,-0.27495431900024414
5696562688.0,-0.27876365184783936
5697500160.0,-0.28465405106544495
5698437632.0,-0.28833162784576416
5699375104.0,-0.2941441237926483
5700312576.0,-0.29987043142318726
5701250048.0,-0.30577006936073303
5702187520.0,-0.31461405754089355
5703124992.0,-0.32334986329078674
5704062464.0,-0.33433231711387634
5704999936.0,-0.3452097177505493
5705937408.0,-0.23455561697483063
5706874880.0,-0.25506627559661865
5707812352.0,-0.27586397528648376
5708749824.0,-0.29660800099372864
5709687296.0,-0.31647810339927673
5710624768.0,-0.33605754375457764
5711562752.0,-0.35325971245765686
5712500224.0,-0.3680545389652252
5713437696.0,-0.38145026564598083
5714375168.0,-0.3908271789550781
5715312640.0,-0.39733099937438965
5716250112.0,-0.3987514078617096
5717187584.0,-0.396804541349411
5718125056.0,-0.3907785415649414
5719062528.0,-0.3803727924823761
5720000000.0,-0.36592569947242737
5720937472.0,-0.3463858366012573
5721874944.0,-0.3224102854728699
5722812416.0,-0.2942982017993927
5723749888.0,-0.2637679874897003
5724687360.0,-0.22872021794319153
5725624832.0,-0.19114983081817627
5726562304.0,-0.15145961940288544
5727499776.0,-0.11170542985200882
5728437248.0,-0.06978308409452438
5729375232.0,-0.02981621026992798
5730312704.0,0.010311655700206757
5731250176.0,0.04780802130699158
5732187648.0,0.08280622214078903
5733125120.0,0.11565995961427689
5734062592.0,0.14402751624584198
5735000064.0,0.16909481585025787
5735937536.0,0.18929129838943481
5736875008.0,0.20447352528572083
5737812480.0,0.21493902802467346
5738749952.0,0.22157646715641022
5739687424.0,0.2229761928319931
5740624896.0,0.22165217995643616
5741562368.0,0.21635802090168
5742499840.0,0.2080843597650528
5743437312.0,0.1983344554901123
5744374784.0,0.18527114391326904
5745312256.0,0.17143969237804413
5746250240.0,0.15711207687854767
5747187712.0,0.14221738278865814
5748125184.0,0.12710008025169373
5749062656.0,0.1131037101149559
5750000128.0,0.0980488732457161
5750937600.0,0.08546003699302673
5751875072.0,0.07248323410749435
5752812544.0,0.06011449545621872
5753750016.0,0.04848882928490639
5754687488.0,0.0388697125017643
5755624960.0,0.026227733120322227
5756562432.0,0.005913685075938702
5757499904.0,-0.017051316797733307
5758437376.0,-0.04319388046860695
5759374848.0,-0.07024018466472626
5760312320.0,-0.10031960904598236
5761249792.0,-0.13078056275844574
5762187264.0,-0.1616649627685547
5763125248.0,-0.19347673654556274
5764062720.0,-0.22392931580543518
5765000192.0,-0.2545602023601532
5765937664.0,-0.1964292973279953
5766875136.0,-0.20445001125335693
5767812608.0,-0.21160051226615906
5768750080.0,-0.22040480375289917
5769687552.0,-0.2301234006881714
5770625024.0,-0.2391132116317749
5771562496.0,-0.24797385931015015
5772499968.0,-0.2571747303009033
5773437440.0,-0.2671080231666565
5774374912.0,-0.2771478593349457
5775312384.0,-0.2882460653781891
5776249856.0,-0.29807940125465393
5777187328.0,-0.3084776699542999
5778124800.0,-0.31975606083869934
5779062272.0,-0.3311237096786499
5779999744.0,-0.3406659662723541
5780937728.0,-0.3517515957355499
5781875200.0,-0.3619924783706665
5782812672.0,-0.3728126585483551
5783750144.0,-0.38272765278816223
5784687616.0,-0.3923005759716034
5785625088.0,-0.40311765670776367
5786562560.0,-0.4114539325237274
5787500032.0,-0.41995641589164734
5788437504.0,-0.4276200532913208
5789374976.0,-0.4328879415988922
5790312448.0,-0.43796107172966003
5791249920.0,-0.44109705090522766
5792187392.0,-0.44408708810806274
5793124864.0,-0.4451518654823303
5794062336.0,-0.44575297832489014
5794999808.0,-0.4444368779659271
5795937280.0,-0.4413430392742157
5796874752.0,-0.43687704205513
5797812736.0,-0.430810809135437
5798750208.0,-0.4232507050037384
5799687680.0,-0.4145946502685547
5800625152.0,-0.40454337000846863
5801562624.0,-0.39135950803756714
5802500096.0,-0.377424418926239
5803437568.0,-0.3622804880142212
5804375040.0,-0.34502580761909485
5805312512.0,-0.3283978998661041
5806249984.0,-0.3090382218360901
5807187456.0,-0.2892180383205414
5808124928.0,-0.2695334553718567
5809062400.0,-0.24963007867336273
5809999872.0,-0.22900038957595825
5810937344.0,-0.20997683703899384
5811874816.0,-0.1893078237771988
5812812288.0,-0.16882683336734772
5813749760.0,-0.1500426083803177
5814687744.0,-0.13302338123321533
5815625216.0,-0.11745058000087738
5816562688.0,-0.10328226536512375
5817500160.0,-0.08971607685089111
5818437632.0,-0.07802107185125351
5819375104.0,-0.06843192130327225
5820312576.0,-0.05997472256422043
5821250048.0,-0.05381603538990021
5822187520.0,-0.04960126802325249
5823124992.0,-0.047951534390449524
5824062464.0,-0.04842207580804825
5824999936.0,-0.04943560063838959
5825937408.0,-0.2427082508802414
5826874880.0,-0.24576251208782196
5827812352.0,-0.24848070740699768
5828749824.0,-0.2498818337917328
5829687296.0,-0.2518717050552368
5830624768.0,-0.2544052302837372
5831562752.0,-0.25602415204048157
5832500224.0,-0.25746384263038635
5833437696.0,-0.2598242163658142
5834375168.0,-0.26183420419692993
5835312640.0,-0.26458221673965454
5836250112.0,-0.26601237058639526
5837187584.0,-0.2704906165599823
5838125056.0,-0.273796945810318
5839062528.0,-0.2772938907146454
5840000000.0,-0.28283271193504333
5840937472.0,-0.2882862687110901
5841874944.0,-0.29505935311317444
5842812416.0,-0.3006427586078644
5843749888.0,-0.30710145831108093
5844687360.0,-0.3130726218223572
5845624832.0,-0.3187084496021271
5846562304.0,-0.3246643841266632
5847499776.0,-0.3309718668460846
5848437248.0,-0.3367537558078766
5849375232.0,-0.3409959673881531
5850312704.0,-0.34655317664146423
5851250176.0,-0.35032889246940613
5852187648.0,-0.35427844524383545
5853125120.0,-0.3587692081928253
5854062592.0,-0.36123692989349365
5855000064.0,-0.36385688185691833
5855937536.0,-0.3657072186470032
5856875008.0,-0.36623719334602356
5857812480.0,-0.3672540783882141
5858749952.0,-0.36626872420310974
5859687424.0,-0.36605992913246155
5860624896.0,-0.3634379208087921
5861562368.0,-0.3602789342403412
5862499840.0,-0.3567940890789032
5863437312.0,-0.35482820868492126
5864374784.0,-0.3505796790122986
5865312256.0,-0.34688514471054077
5866250240.0,-0.34405091404914856
5867187712.0,-0.3388267159461975
5868125184.0,-0.33532559871673584
5869062656.0,-0.3314729928970337
5870000128.0,-0.3278205394744873
5870937600.0,-0.32547956705093384
5871875072.0,-0.32320651412010193
5872812544.0,-0.32150816917419434
5873750016.0,-0.3195299506187439
5874687488.0,-0.32009539008140564
5875624960.0,-0.3223738968372345
5876562432.0,-0.3235241174697876
5877499904.0,-0.3247617483139038
5878437376.0,-0.3268885910511017
5879374848.0,-0.3297784924507141
5880312320.0,-0.3319166898727417
5881249792.0,-0.3349342346191406
5882187264.0,-0.33851513266563416
5883125248.0,-0.342558890581131
5884062720.0,-0.3461245596408844
5885000192.0,-0.35075855255126953
5885937664.0,-0.3647913634777069
5886875136.0,-0.3686377704143524
5887812608.0,-0.3736882209777832
5888750080.0,-0.37813353538513184
5889687552.0,-0.38162660598754883
5890625024.0,-0.384941965341568
5891562496.0,-0.38774964213371277
5892499968.0,-0.38957563042640686
5893437440.0,-0.39082780480384827
5894374912.0,-0.3916394114494324
5895312384.0,-0.3925096392631531
5896249856.0,-0.39243412017822266
5897187328.0,-0.3928242027759552
5898124800.0,-0.3923322260379791
5899062272.0,-0.39163196086883545
5900000256.0,-0.39143943786621094
5900937728.0,-0.39132240414619446
5901875200.0,-0.3901224434375763
5902812672.0,-0.389854371547699
5903750144.0,-0.3881743550300598
5904687616.0,-0.3881166875362396
5905625088.0,-0.38746872544288635
5906562560.0,-0.38644343614578247
5907500032.0,-0.38704589009284973
5908437504.0,-0.38599324226379395
5909374976.0,-0.3865729868412018
5910312448.0,-0.38701510429382324
5911249920.0,-0.3876418173313141
5912187392.0,-0.38893020153045654
5913124864.0,-0.39024561643600464
5914062336.0,-0.39159688353538513
5914999808.0,-0.39438989758491516
5915937280.0,-0.39667245745658875
5916874752.0,-0.4006215035915375
5917812736.0,-0.40467947721481323
5918750208.0,-0.41006186604499817
5919687680.0,-0.4147093594074249
5920625152.0,-0.42283082008361816
5921562624.0,-0.42972636222839355
5922500096.0,-0.4376918077468872
5923437568.0,-0.445840448141098
5924375040.0,-0.45525747537612915
5925312512.0,-0.46408653259277344
5926249984.0,-0.47551074624061584
5927187456.0,-0.4849986732006073
5928124928.0,-0.4960845112800598
5929062400.0,-0.5078402161598206
5929999872.0,-0.5183055400848389
5930937344.0,-0.5306229591369629
5931874816.0,-0.54229336977005
5932812288.0,-0.5534615516662598
5933749760.0,-0.5628750920295715
5934687744.0,-0.5744774341583252
5935625216.0,-0.5841372013092041
5936562688.0,-0.593842089176178
5937500160.0,-0.6034525632858276
5938437632.0,-0.6112654805183411
5939375104.0,-0.6191850900650024
5940312576.0,-0.6255923509597778
5941250048.0,-0.6312891244888306
5942187520.0,-0.6342180967330933
5943124992.0,-0.6373018622398376
5944062464.0,-0.6379286050796509
5944999936.0,-0.6391432881355286
5945937408.0,-0.41673868894577026
5946874880.0,-0.43262434005737305
5947812352.0,-0.44795092940330505
5948749824.0,-0.4642127752304077
5949687296.0,-0.47898563742637634
5950624768.0,-0.49354565143585205
5951562752.0,-0.5075245499610901
5952500224.0,-0.5205016136169434
5953437696.0,-0.5326931476593018
5954375168.0,-0.5429355502128601
5955312640.0,-0.5516714453697205
5956250112.0,-0.5601489543914795
5957187584.0,-0.5646559596061707
5958125056.0,-0.5712328553199768
5959062528.0,-0.5736263990402222
5960000000.0,-0.5753202438354492
5960937472.0,-0.5750958323478699
5961874944.0,-0.573540210723877
5962812416.0,-0.570328950881958
5963749888.0,-0.5646735429763794
5964687360.0,-0.557759702205658
5965624832.0,-0.5503085255622864
5966562304.0,-0.5403093695640564
5967499776.0,-0.5295460224151611
5968437248.0,-0.5181607604026794
5969375232.0,-0.5070406198501587
5970312704.0,-0.49597567319869995
5971250176.0,-0.48496755957603455
5972187648.0,-0.4731610119342804
5973125120.0,-0.4630029797554016
5974062592.0,-0.45332956314086914
5975000064.0,-0.44366180896759033
5975937536.0,-0.43590378761291504
5976875008.0,-0.42889705300331116
5977812480.0,-0.4233520030975342
5978749952.0,-0.4170244038105011
5979687424.0,-0.4133791923522949
5980624896.0,-0.4103977680206299
5981562368.0,-0.4095573425292969
5982499840.0,-0.40800926089286804
5983437312.0,-0.40974918007850647
5984374784.0,-0.41149336099624634
5985312256.0,-0.4143231511116028
5986250240.0,-0.41724175214767456
5987187712.0,-0.4215487837791443
5988125184.0,-0.4249110817909241
5989062656.0,-0.4298419654369354
5990000128.0,-0.43433696031570435
5990937600.0,-0.4393344223499298
5991875072.0,-0.4447372257709503
5992812544.0,-0.4493604898452759
5993750016.0,-0.45451784133911133
5994687488.0,-0.4579586684703827
5995624960.0,-0.46320176124572754
5996562432.0,-0.4672057628631592
5997499904.0,-0.47133493423461914
5998437376.0,-0.474732369184494
5999374848.0,-0.47853466868400574
6000312320.0,-0.48151931166648865
6001249792.0,-0.48534488677978516
6002187264.0,-0.48772305250167847
6003125248.0,-0.49241137504577637
6004062720.0,-0.4948849081993103
6005000192.0,-0.39248451590538025
6005937664.0,-0.4016183018684387
6006875136.0,-0.41187766194343567
6007812608.0,-0.42162641882896423
6008750080.0,-0.4335978329181671
6009687552.0,-0.4473327100276947
6010625024.0,-0.46167969703674316
6011562496.0,-0.4775381088256836
6012499968.0,-0.4947867691516876
6013437440.0,-0.5118789076805115
6014374912.0,-0.530438244342804
6015312384.0,-0.5481573939323425
6016249856.0,-0.5669019818305969
6017187328.0,-0.5849305391311646
6018124800.0,-0.6034950017929077
6019062272.0,-0.6195045113563538
6019999744.0,-0.637149453163147
6020937728.0,-0.652074933052063
6021875200.0,-0.66864013671875
6022812672.0,-0.6835100054740906
6023750144.0,-0.6960546970367432
6024687616.0,-0.7074248790740967
6025625088.0,-0.7165549397468567
6026562560.0,-0.7244173288345337
6027500032.0,-0.7304941415786743
6028437504.0,-0.734541118144989
6029374976.0,-0.7345097064971924
6030312448.0,-0.7333583235740662
6031249920.0,-0.7301784157752991
6032187392.0,-0.7250980734825134
6033124864.0,-0.717409610748291
6034062336.0,-0.7086354494094849
6034999808.0,-0.6973450183868408
6035937280.0,-0.6860707998275757
6036874752.0,-0.6728070974349976
6037812736.0,-0.6585990786552429
6038750208.0,-0.641457736492157
6039687680.0,-0.6249160766601562
6040625152.0,-0.607349157333374
6041562624.0,-0.5888903141021729
6042500096.0,-0.5705515146255493
6043437568.0,-0.5535338521003723
6044375040.0,-0.536040186882019
6045312512.0,-0.5192524194717407
6046249984.0,-0.5036488175392151
6047187456.0,-0.48879727721214294
6048124928.0,-0.4755256772041321
6049062400.0,-0.4624100625514984
6049999872.0,-0.44887375831604004
6050937344.0,-0.4379250109195709
6051874816.0,-0.42738077044487
6052812288.0,-0.41758012771606445
6053749760.0,-0.41096532344818115
6054687744.0,-0.4051731824874878
6055625216.0,-0.4009818434715271
6056562688.0,-0.3982650637626648
6057500160.0,-0.3969126343727112
6058437632.0,-0.39552736282348633
6059375104.0,-0.3946564495563507
6060312576.0,-0.3952464759349823
6061250048.0,-0.3980237543582916
6062187520.0,-0.4014359414577484
6063124992.0,-0.40416502952575684
6064062464.0,-0.4084536135196686
6064999936.0,-0.4077095687389374
6065937408.0,-0.41297897696495056
6066874880.0,-0.41883519291877747
6067812352.0,-0.4262528419494629
6068749824.0,-0.43377575278282166
6069687296.0,-0.44301334023475647
6070624768.0,-0.45103806257247925
6071562752.0,-0.4613424837589264
6072500224.0,-0.47147563099861145
6073437696.0,-0.4821486175060272
6074375168.0,-0.49264687299728394
6075312640.0,-0.5041155815124512
6076250112.0,-0.5157498121261597
6077187584.0,-0.5272893309593201
6078125056.0,-0.5373558402061462
6079062528.0,-0.5480406880378723
6080000000.0,-0.5588487982749939
6080937472.0,-0.5685936212539673
6081874944.0,-0.5785481929779053
6082812416.0,-0.5860601663589478
6083749888.0,-0.5928622484207153
6084687360.0,-0.600574791431427
6085624832.0,-0.6054448485374451
6086562304.0,-0.6098213791847229
6087499776.0,-0.6127409934997559
6088437248.0,-0.6138615608215332
6089375232.0,-0.6138755083084106
6090312704.0,-0.6137979626655579
6091250176.0,-0.6124271750450134
6092187648.0,-0.6099929809570312
6093125120.0,-0.6059265732765198
6094062592.0,-0.5992361903190613
6095000064.0,-0.5913486480712891
6095937536.0,-0.5826008319854736
6096875008.0,-0.574188768863678
6097812480.0,-0.5636351704597473
6098749952.0,-0.5562554001808167
6099687424.0,-0.5460792183876038
6100624896.0,-0.5363935828208923
6101562368.0,-0.5267412066459656
6102499840.0,-0.516660213470459
6103437312.0,-0.5073844790458679
6104374784.0,-0.49552297592163086
6105312256.0,-0.4853247404098511
6106250240.0,-0.4769573211669922
6107187712.0,-0.46711716055870056
6108125184.0,-0.45807796716690063
6109062656.0,-0.4513125717639923
6110000128.0,-0.44285738468170166
6110937600.0,-0.43523135781288147
6111875072.0,-0.4286966025829315
6112812544.0,-0.4224981665611267
6113750016.0,-0.4161052405834198
6114687488.0,-0.41098952293395996
6115624960.0,-0.40726298093795776
6116562432.0,-0.40411826968193054
6117499904.0,-0.40073102712631226
6118437376.0,-0.39818015694618225
6119374848.0,-0.39618656039237976
6120312320.0,-0.39505109190940857
6121249792.0,-0.3932185471057892
6122187264.0,-0.3936026394367218
6123125248.0,-0.39322733879089355
6124062720.0,-0.39471545815467834
6125000192.0,-0.5840420126914978
6125937664.0,-0.5965676307678223
6126875136.0,-0.6080757975578308
6127812608.0,-0.6185386776924133
6128750080.0,-0.629420280456543
6129687552.0,-0.6392982602119446
6130625024.0,-0.6484450101852417
6131562496.0,-0.6565524339675903
6132499968.0,-0.6630268096923828
6133437440.0,-0.6678256392478943
6134374912.0,-0.6722763180732727
6135312384.0,-0.6742094159126282
6136249856.0,-0.6776723861694336
6137187328.0,-0.6775427460670471
6138124800.0,-0.67850261926651
6139062272.0,-0.6783491373062134
6140000256.0,-0.6770370602607727
6140937728.0,-0.6753539443016052
6141875200.0,-0.6728195548057556
6142812672.0,-0.6697859764099121
6143750144.0,-0.6646405458450317
6144687616.0,-0.6623063683509827
6145625088.0,-0.6584205031394958
6146562560.0,-0.6561139225959778
6147500032.0,-0.6528547406196594
6148437504.0,-0.6494538187980652
6149374976.0,-0.6464311480522156
6150312448.0,-0.6438101530075073
6151249920.0,-0.6409159898757935
6152187392.0,-0.6390650868415833
6153124864.0,-0.6370958089828491
6154062336.0,-0.6366216540336609
6154999808.0,-0.6355240941047668
6155937280.0,-0.6349979043006897
6156874752.0,-0.6362197399139404
6157812736.0,-0.6372872591018677
6158750208.0,-0.6383413672447205
6159687680.0,-0.6388109922409058
6160625152.0,-0.6414700746536255
6161562624.0,-0.6433427333831787
6162500096.0,-0.6464349031448364
6163437568.0,-0.6503198742866516
6164375040.0,-0.654620349407196
6165312512.0,-0.6595971584320068
6166249984.0,-0.6642046570777893
6167187456.0,-0.6700307726860046
6168124928.0,-0.6773491501808167
6169062400.0,-0.6825699806213379
6169999872.0,-0.6890166997909546
6170937344.0,-0.6948758959770203
6171874816.0,-0.7018094062805176
6172812288.0,-0.7077451348304749
6173749760.0,-0.714128851890564
6174687744.0,-0.721356987953186
6175625216.0,-0.7273813486099243
6176562688.0,-0.7345148921012878
6177500160.0,-0.7426015734672546
6178437632.0,-0.7497621774673462
6179375104.0,-0.7559865117073059
6180312576.0,-0.7633612751960754
6181250048.0,-0.7718607783317566
6182187520.0,-0.7773965001106262
6183124992.0,-0.7857198715209961
6184062464.0,-0.7936906218528748
6184999936.0,-0.6309466361999512
6185937408.0,-0.65135657787323
6186874880.0,-0.6719825863838196
6187812352.0,-0.6927011609077454
6188749824.0,-0.7135113477706909
6189687296.0,-0.7327016592025757
6190624768.0,-0.7518219947814941
6191562752.0,-0.7703244686126709
6192500224.0,-0.7885300517082214
6193437696.0,-0.8039048314094543
6194375168.0,-0.8206806778907776
6195312640.0,-0.8357300162315369
6196250112.0,-0.8496647477149963
6197187584.0,-0.862156093120575
6198125056.0,-0.8734641075134277
6199062528.0,-0.8826220631599426
6200000000.0,-0.8910267353057861
6200937472.0,-0.8987634778022766
6201874944.0,-0.902744472026825
6202812416.0,-0.9049477577209473
6203749888.0,-0.9047737717628479
6204687360.0,-0.9037975668907166
6205624832.0,-0.900772750377655
6206562304.0,-0.8972949385643005
6207499776.0,-0.891271710395813
6208437248.0,-0.8850656151771545
6209375232.0,-0.8763244152069092
6210312704.0,-0.8671891093254089
6211250176.0,-0.8554813861846924
6212187648.0,-0.8435089588165283
6213125120.0,-0.8302264213562012
6214062592.0,-0.8165474534034729
6215000064.0,-0.8027045130729675
6215937536.0,-0.7886126637458801
6216875008.0,-0.7731912732124329
6217812480.0,-0.7580204606056213
6218749952.0,-0.7424697279930115
6219687424.0,-0.7268332242965698
6220624896.0,-0.7126805782318115
6221562368.0,-0.6984540820121765
6222499840.0,-0.685027539730072
6223437312.0,-0.6720979809761047
6224374784.0,-0.658501386642456
6225312256.0,-0.6468871831893921
6226250240.0,-0.6358334422111511
6227187712.0,-0.626593291759491
6228125184.0,-0.6182460188865662
6229062656.0,-0.6120849251747131
6230000128.0,-0.6069848537445068
6230937600.0,-0.6039382219314575
6231875072.0,-0.6029860377311707
6232812544.0,-0.6019168496131897
6233750016.0,-0.6040766835212708
6234687488.0,-0.6055708527565002
6235624960.0,-0.6090625524520874
6236562432.0,-0.6131049990653992
6237499904.0,-0.617465615272522
6238437376.0,-0.6238041520118713
6239374848.0,-0.632161021232605
6240312320.0,-0.6394885778427124
6241249792.0,-0.6491383910179138
6242187264.0,-0.6593139171600342
6243125248.0,-0.6706851124763489
6244062720.0,-0.6815159916877747
6245000192.0,-0.689095675945282
6245937664.0,-0.703260600566864
6246875136.0,-0.7166224718093872
6247812608.0,-0.7309216260910034
6248750080.0,-0.7460507154464722
6249687552.0,-0.7621214389801025
6250625024.0,-0.7765498757362366
6251562496.0,-0.7913382649421692
6252499968.0,-0.8056302070617676
6253437440.0,-0.8180618286132812
6254374912.0,-0.8305989503860474
6255312384.0,-0.8425604104995728
6256249856.0,-0.8535971641540527
6257187328.0,-0.8639397025108337
6258124800.0,-0.8739113807678223
6259062272.0,-0.8812090754508972
6259999744.0,-0.8890469074249268
6260937728.0,-0.8949337601661682
6261875200.0,-0.8994138240814209
6262812672.0,-0.9029473066329956
6263750144.0,-0.9044842720031738
6264687616.0,-0.9052273035049438
6265625088.0,-0.9062017798423767
6266562560.0,-0.9054924845695496
6267500032.0,-0.9059690833091736
6268437504.0,-0.9041960835456848
6269374976.0,-0.9033259153366089
6270312448.0,-0.9006972312927246
6271249920.0,-0.8972764611244202
6272187392.0,-0.8952063918113708
6273124864.0,-0.8907878398895264
6274062336.0,-0.888071596622467
6274999808.0,-0.8827257752418518
6275937280.0,-0.8785250782966614
6276874752.0,-0.8746674656867981
6277812736.0,-0.869925320148468
6278750208.0,-0.8654101490974426
6279687680.0,-0.8594338297843933
6280625152.0,-0.8543831706047058
6281562624.0,-0.8486121892929077
6282500096.0,-0.8447885513305664
6283437568.0,-0.8408476114273071
6284375040.0,-0.8392982482910156
6285312512.0,-0.8391939997673035
6286249984.0,-0.8397295475006104
6287187456.0,-0.8414793014526367
6288124928.0,-0.843957781791687
6289062400.0,-0.8468418121337891
6289999872.0,-0.8502930998802185
6290937344.0,-0.8534635901451111
6291874816.0,-0.858565628528595
6292812288.0,-0.8631880879402161
6293749760.0,-0.8681578636169434
6294687744.0,-0.8745452165603638
6295625216.0,-0.880336582660675
6296562688.0,-0.8871845006942749
6297500160.0,-0.8945375680923462
6298437632.0,-0.9021726846694946
6299375104.0,-0.9116695523262024
6300312576.0,-0.9207696914672852
6301250048.0,-0.9320632815361023
6302187520.0,-0.943000078201294
6303124992.0,-0.9551951289176941
6304062464.0,-0.966745913028717
6304999936.0,-0.9955101609230042
6305937408.0,-1.0050334930419922
6306874880.0,-1.0142349004745483
6307812352.0,-1.0234122276306152
6308749824.0,-1.0324153900146484
6309687296.0,-1.04269278049469
6310624768.0,-1.0528185367584229
6311562752.0,-1.0619093179702759
6312500224.0,-1.0712305307388306
6313437696.0,-1.080417513847351
6314375168.0,-1.0889530181884766
6315312640.0,-1.0975711345672607
6316250112.0,-1.1080396175384521
6317187584.0,-1.1190333366394043
6318125056.0,-1.1276066303253174
6319062528.0,-1.1396452188491821
6320000000.0,-1.1535732746124268
6320937472.0,-1.1670880317687988
6321874944.0,-1.1807637214660645
6322812416.0,-1.1943275928497314
6323749888.0,-1.2086403369903564
6324687360.0,-1.2216874361038208
6325624832.0,-1.2336236238479614
6326562304.0,-1.244181752204895
6327499776.0,-1.254187822341919
6328437248.0,-1.2628130912780762
6329375232.0,-1.2721443176269531
6330312704.0,-1.279658317565918
6331250176.0,-1.2874743938446045
6332187648.0,-1.2935682535171509
6333125120.0,-1.2990342378616333
6334062592.0,-1.3026692867279053
6335000064.0,-1.3047646284103394
6335937536.0,-1.3064175844192505
6336875008.0,-1.3057688474655151
6337812480.0,-1.3038513660430908
6338749952.0,-1.3024535179138184
6339687424.0,-1.2980701923370361
6340624896.0,-1.292182445526123
6341562368.0,-1.2847265005111694
6342499840.0,-1.2767056226730347
6343437312.0,-1.2686641216278076
6344374784.0,-1.2590858936309814
6345312256.0,-1.2482457160949707
6346250240.0,-1.2367740869522095
6347187712.0,-1.2238556146621704
6348125184.0,-1.2120320796966553
6349062656.0,-1.1998038291931152
6350000128.0,-1.185685157775879
6350937600.0,-1.171433687210083
6351875072.0,-1.1575678586959839
6352812544.0,-1.1440614461898804
6353750016.0,-1.1302138566970825
6354687488.0,-1.1177767515182495
6355624960.0,-1.1048698425292969
6356562432.0,-1.0913339853286743
6357499904.0,-1.0785396099090576
6358437376.0,-1.0676259994506836
6359374848.0,-1.0564476251602173
6360312320.0,-1.0460669994354248
6361249792.0,-1.0380651950836182
6362187264.0,-1.030096173286438
6363125248.0,-1.0240825414657593
6364062720.0,-1.0210323333740234
6365000192.0,-1.3878308534622192
6365937664.0,-1.4031271934509277
6366875136.0,-1.4190295934677124
6367812608.0,-1.4344133138656616
6368750080.0,-1.4488165378570557
6369687552.0,-1.4642904996871948
6370625024.0,-1.4789719581604004
6371562496.0,-1.4919099807739258
6372499968.0,-1.5054941177368164
6373437440.0,-1.51741623878479
6374374912.0,-1.528380274772644
6375312384.0,-1.5390005111694336
6376249856.0,-1.5482311248779297
6377187328.0,-1.5565681457519531
6378124800.0,-1.564883828163147
6379062272.0,-1.5708160400390625
6380000256.0,-1.575574517250061
6380937728.0,-1.5813370943069458
6381875200.0,-1.5829148292541504
6382812672.0,-1.5847764015197754
6383750144.0,-1.5855132341384888
6384687616.0,-1.5860419273376465
6385625088.0,-1.585257887840271
6386562560.0,-1.5843989849090576
6387500032.0,-1.5811524391174316
6388437504.0,-1.5785161256790161
6389374976.0,-1.57418692111969
6390312448.0,-1.5685008764266968
6391249920.0,-1.5611717700958252
6392187392.0,-1.5548875331878662
6393124864.0,-1.5464502573013306
6394062336.0,-1.5375394821166992
6394999808.0,-1.5280174016952515
6395937280.0,-1.517756700515747
6396874752.0,-1.5091160535812378
6397812736.0,-1.5012227296829224
6398750208.0,-1.4938699007034302
6399687680.0,-1.4868474006652832
6400625152.0,-1.4798413515090942
6401562624.0,-1.472661018371582
6402500096.0,-1.4662731885910034
6403437568.0,-1.4633699655532837
6404375040.0,-1.4622598886489868
6405312512.0,-1.4639724493026733
6406249984.0,-1.46500563621521
6407187456.0,-1.46890127658844
6408124928.0,-1.4755678176879883
6409062400.0,-1.4822590351104736
6409999872.0,-1.4896697998046875
6410937344.0,-1.4992302656173706
6411874816.0,-1.5099537372589111
6412812288.0,-1.5235260725021362
6413749760.0,-1.5371465682983398
6414687744.0,-1.5530614852905273
6415625216.0,-1.5702275037765503
6416562688.0,-1.5887055397033691
6417500160.0,-1.610803484916687
6418437632.0,-1.6331249475479126
6419375104.0,-1.658150315284729
6420312576.0,-1.6819794178009033
6421250048.0,-1.707755446434021
6422187520.0,-1.7343826293945312
6423124992.0,-1.7633566856384277
6424062464.0,-1.7920453548431396
6424999936.0,-1.82635498046875
6425937408.0,-1.8583528995513916
6426874880.0,-1.8912545442581177
6427812352.0,-1.9248360395431519
6428749824.0,-1.9569615125656128
6429687296.0,-1.9894905090332031
6430624768.0,-2.0208241939544678
6431562752.0,-2.051926612854004
6432500224.0,-2.080913543701172
6433437696.0,-2.1102540493011475
6434375168.0,-2.1385366916656494
6435312640.0,-2.1665236949920654
6436250112.0,-2.194114923477173
6437187584.0,-2.21929669380188
6438125056.0,-2.243830442428589
6439062528.0,-2.265939235687256
6440000000.0,-2.2862868309020996
6440937472.0,-2.3050014972686768
6441874944.0,-2.3215417861938477
6442812416.0,-2.3361024856567383
6443749888.0,-2.348440647125244
6444687360.0,-2.359882116317749
6445624832.0,-2.3702075481414795
6446562304.0,-2.3781275749206543
6447499776.0,-2.3857176303863525
6448437248.0,-2.3904941082000732
6449375232.0,-2.3936195373535156
6450312704.0,-2.396725654602051
6451250176.0,-2.3983335494995117
6452187648.0,-2.398066282272339
6453125120.0,-2.397042989730835
6454062592.0,-2.393073558807373
6455000064.0,-2.390258550643921
6455937536.0,-2.3859052658081055
6456875008.0,-2.379448175430298
6457812480.0,-2.373856544494629
6458749952.0,-2.3662469387054443
6459687424.0,-2.3624563217163086
6460624896.0,-2.357856273651123
6461562368.0,-2.35663104057312
6462499840.0,-2.3548409938812256
6463437312.0,-2.3548691272735596
6464374784.0,-2.3554751873016357
6465312256.0,-2.3542046546936035
6466250240.0,-2.3533458709716797
6467187712.0,-2.3513779640197754
6468125184.0,-2.349231243133545
6469062656.0,-2.3472132682800293
6470000128.0,-2.3470284938812256
6470937600.0,-2.3482508659362793
6471875072.0,-2.3514389991760254
6472812544.0,-2.3574342727661133
6473750016.0,-2.3647468090057373
6474687488.0,-2.374040126800537
6475624960.0,-2.387052297592163
6476562432.0,-2.402095317840576
6477499904.0,-2.421161413192749
6478437376.0,-2.4449377059936523
6479374848.0,-2.472597360610962
6480312320.0,-2.504276990890503
6481249792.0,-2.5385141372680664
6482187264.0,-2.575971841812134
6483125248.0,-2.616147518157959
6484062720.0,-2.6567111015319824
6485000192.0,-2.767197847366333
6485937664.0,-2.7986655235290527
6486875136.0,-2.829207420349121
6487812608.0,-2.8599936962127686
6488750080.0,-2.8880631923675537
6489687552.0,-2.9153501987457275
6490625024.0,-2.9443249702453613
6491562496.0,-2.972337484359741
6492499968.0,-2.9999494552612305
6493437440.0,-3.028517723083496
6494374912.0,-3.0567750930786133
6495312384.0,-3.083885908126831
6496249856.0,-3.1122982501983643
6497187328.0,-3.1416966915130615
6498124800.0,-3.1720633506774902
6499062272.0,-3.2026939392089844
6499999744.0,-3.2330915927886963
6500937728.0,-3.263110637664795
6501875200.0,-3.290926933288574
6502812672.0,-3.3176159858703613
6503750144.0,-3.3427655696868896
6504687616.0,-3.367410898208618
6505625088.0,-3.389622211456299
6506562560.0,-3.4119150638580322
6507500032.0,-3.433513641357422
6508437504.0,-3.455533981323242
6509374976.0,-3.4781649112701416
6510312448.0,-3.5013301372528076
6511249920.0,-3.525472402572632
6512187392.0,-3.551759958267212
6513124864.0,-3.577049493789673
6514062336.0,-3.6033730506896973
6514999808.0,-3.631084442138672
6515937280.0,-3.6596524715423584
6516874752.0,-3.6888227462768555
6517812736.0,-3.719194173812866
6518750208.0,-3.750171422958374
6519687680.0,-3.780658006668091
6520625152.0,-3.810459852218628
6521562624.0,-3.8413381576538086
6522500096.0,-3.875112533569336
6523437568.0,-3.9125289916992188
6524375040.0,-3.9529354572296143
6525312512.0,-3.9941811561584473
6526249984.0,-4.038839817047119
6527187456.0,-4.08402681350708
6528124928.0,-4.129971504211426
6529062400.0,-4.177955150604248
6529999872.0,-4.225900650024414
6530937344.0,-4.275025844573975
6531874816.0,-4.323000431060791
6532812288.0,-4.369946479797363
6533749760.0,-4.417135238647461
6534687744.0,-4.4603962898254395
6535625216.0,-4.504051208496094
6536562688.0,-4.547203063964844
6537500160.0,-4.589613914489746
6538437632.0,-4.635128498077393
6539375104.0,-4.67962121963501
6540312576.0,-4.72368860244751
6541250048.0,-4.766854286193848
6542187520.0,-4.80700159072876
6543124992.0,-4.847939968109131
6544062464.0,-4.886999607086182
6544999936.0,-4.9230217933654785
6545937408.0,-4.967487335205078
6546874880.0,-5.016870498657227
6547812352.0,-5.068089962005615
6548749824.0,-5.118143081665039
6549687296.0,-5.169792652130127
6550624768.0,-5.220166206359863
6551562752.0,-5.271092891693115
6552500224.0,-5.324038028717041
6553437696.0,-5.377333641052246
6554375168.0,-5.42933464050293
6555312640.0,-5.4827728271484375
6556250112.0,-5.5332183837890625
6557187584.0,-5.588890552520752
6558125056.0,-5.643311500549316
6559062528.0,-5.69844913482666
6560000000.0,-5.7535786628723145
6560937472.0,-5.809990406036377
6561874944.0,-5.867567539215088
6562812416.0,-5.922169208526611
6563749888.0,-5.98057746887207
6564687360.0,-6.036537170410156
6565624832.0,-6.092114448547363
6566562304.0,-6.146437644958496
6567499776.0,-6.2029571533203125
6568437248.0,-6.258846282958984
6569375232.0,-6.313937187194824
6570312704.0,-6.374166965484619
6571250176.0,-6.432456970214844
6572187648.0,-6.499893665313721
6573125120.0,-6.571299076080322
6574062592.0,-6.647956848144531
6575000064.0,-6.7308430671691895
6575937536.0,-6.812092304229736
6576875008.0,-6.896637439727783
6577812480.0,-6.982661724090576
6578749952.0,-7.070305824279785
6579687424.0,-7.157716751098633
6580624896.0,-7.247320652008057
6581562368.0,-7.340488910675049
6582499840.0,-7.431328296661377
6583437312.0,-7.522237777709961
6584374784.0,-7.611618518829346
6585312256.0,-7.701294898986816
6586250240.0,-7.788235187530518
6587187712.0,-7.8770833015441895
6588125184.0,-7.964088439941406
6589062656.0,-8.050623893737793
6590000128.0,-8.137625694274902
6590937600.0,-8.228415489196777
6591875072.0,-8.32136344909668
6592812544.0,-8.417399406433105
6593750016.0,-8.516112327575684
6594687488.0,-8.613533020019531
6595624960.0,-8.7135648727417
6596562432.0,-8.81591510772705
6597499904.0,-8.922728538513184
6598437376.0,-9.03097915649414
6599374848.0,-9.141151428222656
6600312320.0,-9.251925468444824
6601249792.0,-9.365344047546387
6602187264.0,-9.477766990661621
6603125248.0,-9.587961196899414
6604062720.0,-9.697962760925293
6605000192.0,-9.799895286560059
6605937664.0,-9.904796600341797
6606875136.0,-10.008760452270508
6607812608.0,-10.109354019165039
6608750080.0,-10.209305763244629
6609687552.0,-10.304980278015137
6610625024.0,-10.395563125610352
6611562496.0,-10.484437942504883
6612499968.0,-10.565695762634277
6613437440.0,-10.648565292358398
6614374912.0,-10.730794906616211
6615312384.0,-10.810023307800293
6616249856.0,-10.885007858276367
6617187328.0,-10.958810806274414
6618124800.0,-11.027887344360352
6619062272.0,-11.096070289611816
6620000256.0,-11.164052963256836
6620937728.0,-11.233916282653809
6621875200.0,-11.299090385437012
6622812672.0,-11.365029335021973
6623750144.0,-11.425692558288574
6624687616.0,-11.476300239562988
6625625088.0,-11.523422241210938
6626562560.0,-11.567585945129395
6627500032.0,-11.60700511932373
6628437504.0,-11.636534690856934
6629374976.0,-11.652995109558105
6630312448.0,-11.662960052490234
6631249920.0,-11.663366317749023
6632187392.0,-11.66639518737793
6633124864.0,-11.66727352142334
6634062336.0,-11.667590141296387
6634999808.0,-11.667195320129395
6635937280.0,-11.665892601013184
6636874752.0,-11.65814208984375
6637812736.0,-11.644664764404297
6638750208.0,-11.62285041809082
6639687680.0,-11.594744682312012
6640625152.0,-11.559221267700195
6641562624.0,-11.519539833068848
6642500096.0,-11.471244812011719
6643437568.0,-11.417707443237305
6644375040.0,-11.35554027557373
6645312512.0,-11.286714553833008
6646249984.0,-11.213964462280273
6647187456.0,-11.132355690002441
6648124928.0,-11.04710865020752
6649062400.0,-10.951663970947266
6649999872.0,-10.859384536743164
6650937344.0,-10.771708488464355
6651874816.0,-10.68410587310791
6652812288.0,-10.603130340576172
6653749760.0,-10.522730827331543
6654687744.0,-10.445276260375977
6655625216.0,-10.36819839477539
6656562688.0,-10.288163185119629
6657500160.0,-10.199544906616211
6658437632.0,-10.106179237365723
6659375104.0,-10.005560874938965
6660312576.0,-9.898624420166016
6661250048.0,-9.790911674499512
6662187520.0,-9.683084487915039
6663124992.0,-9.577508926391602
6664062464.0,-9.474043846130371
6664999936.0,-9.355341911315918
6665937408.0,-9.254525184631348
6666874880.0,-9.156161308288574
6667812352.0,-9.06031608581543
6668749824.0,-8.965307235717773
6669687296.0,-8.868691444396973
6670624768.0,-8.767197608947754
6671562752.0,-8.666953086853027
6672500224.0,-8.565353393554688
6673437696.0,-8.4618501663208
6674375168.0,-8.358972549438477
6675312640.0,-8.255534172058105
6676250112.0,-8.151144027709961
6677187584.0,-8.047171592712402
6678125056.0,-7.944758892059326
6679062528.0,-7.8408050537109375
6680000000.0,-7.744053840637207
6680937472.0,-7.650264263153076
6681874944.0,-7.557121276855469
6682812416.0,-7.468686580657959
6683749888.0,-7.3799848556518555
6684687360.0,-7.295291900634766
6685624832.0,-7.212921619415283
6686562304.0,-7.132681846618652
6687499776.0,-7.055637359619141
6688437248.0,-6.981112480163574
6689375232.0,-6.909144401550293
6690312704.0,-6.836273670196533
6691250176.0,-6.76714563369751
6692187648.0,-6.698885440826416
6693125120.0,-6.632519721984863
6694062592.0,-6.569823741912842
6695000064.0,-6.510169982910156
6695937536.0,-6.4503679275512695
6696875008.0,-6.3941168785095215
6697812480.0,-6.3354926109313965
6698749952.0,-6.276833534240723
6699687424.0,-6.217533588409424
6700624896.0,-6.155787944793701
6701562368.0,-6.095336437225342
6702499840.0,-6.034120082855225
6703437312.0,-5.975374221801758
6704374784.0,-5.916149616241455
6705312256.0,-5.857367992401123
6706250240.0,-5.801044464111328
6707187712.0,-5.745565414428711
6708125184.0,-5.692018985748291
6709062656.0,-5.639864444732666
6710000128.0,-5.586594581604004
6710937600.0,-5.533486843109131
6711875072.0,-5.480557441711426
6712812544.0,-5.424405574798584
6713750016.0,-5.368622303009033
6714687488.0,-5.309844970703125
6715624960.0,-5.250409126281738
6716562432.0,-5.189229488372803
6717499904.0,-5.127530097961426
6718437376.0,-5.0651373863220215
6719374848.0,-5.000334739685059
6720312320.0,-4.937119960784912
6721249792.0,-4.873090744018555
6722187264.0,-4.810480117797852
6723125248.0,-4.7453718185424805
6724062720.0,-4.680058002471924
6725000192.0,-4.400100231170654
6725937664.0,-4.32645845413208
6726875136.0,-4.253262519836426
6727812608.0,-4.180097579956055
6728750080.0,-4.111395359039307
6729687552.0,-4.0446858406066895
6730625024.0,-3.981663227081299
6731562496.0,-3.9201152324676514
6732499968.0,-3.86187744140625
6733437440.0,-3.8048856258392334
6734374912.0,-3.75040602684021
6735312384.0,-3.6977434158325195
6736249856.0,-3.6465840339660645
6737187328.0,-3.5989835262298584
6738124800.0,-3.5545825958251953
6739062272.0,-3.5131149291992188
6739999744.0,-3.473253011703491
6740937728.0,-3.436840772628784
6741875200.0,-3.403559446334839
6742812672.0,-3.372633457183838
6743750144.0,-3.3433237075805664
6744687616.0,-3.3177671432495117
6745625088.0,-3.29349946975708
6746562560.0,-3.2698233127593994
6747500032.0,-3.2465171813964844
6748437504.0,-3.223412036895752
6749374976.0,-3.199769973754883
6750312448.0,-3.177590847015381
6751249920.0,-3.1556386947631836
6752187392.0,-3.1323935985565186
6753124864.0,-3.113461971282959
6754062336.0,-3.095188617706299
6754999808.0,-3.0773212909698486
6755937280.0,-3.0616912841796875
6756874752.0,-3.045534610748291
6757812736.0,-3.028463363647461
6758750208.0,-3.0115625858306885
6759687680.0,-2.995143175125122
6760625152.0,-2.9774010181427
6761562624.0,-2.9600422382354736
6762500096.0,-2.941258430480957
6763437568.0,-2.9211950302124023
6764375040.0,-2.9022583961486816
6765312512.0,-2.880613088607788
6766249984.0,-2.8581132888793945
6767187456.0,-2.833841323852539
6768124928.0,-2.806290864944458
6769062400.0,-2.779625177383423
6769999872.0,-2.750537157058716
6770937344.0,-2.7201478481292725
6771874816.0,-2.689298391342163
6772812288.0,-2.6579930782318115
6773749760.0,-2.6280720233917236
6774687744.0,-2.5961437225341797
6775625216.0,-2.5639994144439697
6776562688.0,-2.5301284790039062
6777500160.0,-2.4994821548461914
6778437632.0,-2.469913959503174
6779375104.0,-2.4409892559051514
6780312576.0,-2.411090135574341
6781250048.0,-2.3816583156585693
6782187520.0,-2.3505141735076904
6783124992.0,-2.3198797702789307
6784062464.0,-2.2903990745544434
6784999936.0,-2.267989158630371
6785937408.0,-2.2318639755249023
6786874880.0,-2.19968318939209
6787812352.0,-2.168689250946045
6788749824.0,-2.138150453567505
6789687296.0,-2.1073453426361084
6790624768.0,-2.0795817375183105
6791562752.0,-2.0523571968078613
6792500224.0,-2.0267839431762695
6793437696.0,-2.0015745162963867
6794375168.0,-1.9793763160705566
6795312640.0,-1.9567056894302368
6796250112.0,-1.9353266954421997
6797187584.0,-1.9154356718063354
6798125056.0,-1.896621823310852
6799062528.0,-1.8788561820983887
6800000000.0,-1.8630658388137817
6800937472.0,-1.8471996784210205
6801874944.0,-1.8331612348556519
6802812416.0,-1.819219708442688
6803749888.0,-1.8068090677261353
6804687360.0,-1.7958484888076782
6805624832.0,-1.7851766347885132
6806562304.0,-1.7737895250320435
6807499776.0,-1.7613202333450317
6808437248.0,-1.7506288290023804
6809375232.0,-1.7390923500061035
6810312704.0,-1.727843165397644
6811250176.0,-1.7159979343414307
6812187648.0,-1.7038719654083252
6813125120.0,-1.692906379699707
6814062592.0,-1.680927038192749
6815000064.0,-1.6690939664840698
6815937536.0,-1.6574227809906006
6816875008.0,-1.6442335844039917
6817812480.0,-1.6308706998825073
6818749952.0,-1.6179029941558838
6819687424.0,-1.6036136150360107
6820624896.0,-1.5866566896438599
6821562368.0,-1.5697287321090698
6822499840.0,-1.5514044761657715
6823437312.0,-1.5321717262268066
6824374784.0,-1.512296438217163
6825312256.0,-1.4922749996185303
6826250240.0,-1.4718050956726074
6827187712.0,-1.4504730701446533
6828125184.0,-1.4288864135742188
6829062656.0,-1.406588077545166
6830000128.0,-1.3850041627883911
6830937600.0,-1.3626976013183594
6831875072.0,-1.340553641319275
6832812544.0,-1.3165901899337769
6833750016.0,-1.2953307628631592
6834687488.0,-1.272995114326477
6835624960.0,-1.2513865232467651
6836562432.0,-1.2298544645309448
6837499904.0,-1.2105443477630615
6838437376.0,-1.1905598640441895
6839374848.0,-1.1713085174560547
6840312320.0,-1.1539620161056519
6841249792.0,-1.1370489597320557
6842187264.0,-1.1215713024139404
6843125248.0,-1.1084730625152588
6844062720.0,-1.0966873168945312
6845000192.0,-1.0596861839294434
6845937664.0,-1.051153540611267
6846875136.0,-1.043707251548767
6847812608.0,-1.0384624004364014
6848750080.0,-1.0338300466537476
6849687552.0,-1.0308259725570679
6850625024.0,-1.0289920568466187
6851562496.0,-1.0285124778747559
6852499968.0,-1.0280574560165405
6853437440.0,-1.0288456678390503
6854374912.0,-1.0292285680770874
6855312384.0,-1.031368374824524
6856249856.0,-1.0336967706680298
6857187328.0,-1.038437843322754
6858124800.0,-1.043400764465332
6859062272.0,-1.050770878791809
6860000256.0,-1.0583192110061646
6860937728.0,-1.0674010515213013
6861875200.0,-1.077979326248169
6862812672.0,-1.088594913482666
6863750144.0,-1.100511074066162
6864687616.0,-1.1138139963150024
6865625088.0,-1.1254228353500366
6866562560.0,-1.1384022235870361
6867500032.0,-1.150148868560791
6868437504.0,-1.1602373123168945
6869374976.0,-1.172191858291626
6870312448.0,-1.1819424629211426
6871249920.0,-1.1893638372421265
6872187392.0,-1.196686029434204
6873124864.0,-1.2016966342926025
6874062336.0,-1.2064826488494873
6874999808.0,-1.2078756093978882
6875937280.0,-1.2082457542419434
6876874752.0,-1.2067888975143433
6877812736.0,-1.2015571594238281
6878750208.0,-1.1961051225662231
6879687680.0,-1.186875820159912
6880625152.0,-1.1750565767288208
6881562624.0,-1.160326361656189
6882500096.0,-1.144030213356018
6883437568.0,-1.1264327764511108
6884375040.0,-1.1057592630386353
6885312512.0,-1.084019422531128
6886249984.0,-1.0604759454727173
6887187456.0,-1.0360076427459717
6888124928.0,-1.0100903511047363
6889062400.0,-0.9832053184509277
6889999872.0,-0.9542850255966187
6890937344.0,-0.9258030652999878
6891874816.0,-0.8964022994041443
6892812288.0,-0.8661454319953918
6893749760.0,-0.8371173143386841
6894687744.0,-0.8069756627082825
6895625216.0,-0.7765638828277588
6896562688.0,-0.7459108233451843
6897500160.0,-0.7166100740432739
6898437632.0,-0.6874490976333618
6899375104.0,-0.6600828170776367
6900312576.0,-0.6333094239234924
6901250048.0,-0.6073290109634399
6902187520.0,-0.5816763043403625
6903124992.0,-0.5570001602172852
6904062464.0,-0.5319514870643616
6904999936.0,-0.4896583557128906
6905937408.0,-0.4843200147151947
6906874880.0,-0.48051324486732483
6907812352.0,-0.47817760705947876
6908749824.0,-0.4761625826358795
6909687296.0,-0.4775950312614441
6910624768.0,-0.47961199283599854
6911562752.0,-0.4824552536010742
6912500224.0,-0.4862314462661743
6913437696.0,-0.49143481254577637
6914375168.0,-0.49646079540252686
6915312640.0,-0.5036700963973999
6916250112.0,-0.5102633237838745
6917187584.0,-0.5175867676734924
6918125056.0,-0.5259878635406494
6919062528.0,-0.5344040393829346
6920000000.0,-0.5446310639381409
6920937472.0,-0.5529267191886902
6921874944.0,-0.563388466835022
6922812416.0,-0.5720941424369812
6923749888.0,-0.5824737548828125
6924687360.0,-0.5924526453018188
6925624832.0,-0.6017614603042603
6926562304.0,-0.6103163361549377
6927499776.0,-0.6196660399436951
6928437248.0,-0.6274932026863098
6929375232.0,-0.635307788848877
6930312704.0,-0.6427192687988281
6931250176.0,-0.6521782279014587
6932187648.0,-0.6606912016868591
6933125120.0,-0.6693440675735474
6934062592.0,-0.6765599250793457
6935000064.0,-0.6834035515785217
6935937536.0,-0.6916300654411316
6936875008.0,-0.695652186870575
6937812480.0,-0.700687825679779
6938749952.0,-0.7034758925437927
6939687424.0,-0.7056421637535095
6940624896.0,-0.7079522013664246
6941562368.0,-0.709202229976654
6942499840.0,-0.7088108062744141
6943437312.0,-0.7091889977455139
6944374784.0,-0.7072650194168091
6945312256.0,-0.7046603560447693
6946250240.0,-0.7014281749725342
6947187712.0,-0.697154700756073
6948125184.0,-0.6911497116088867
6949062656.0,-0.6851058006286621
6950000128.0,-0.6778867244720459
6950937600.0,-0.6703276634216309
6951875072.0,-0.6612473726272583
6952812544.0,-0.6522579789161682
6953750016.0,-0.6411505937576294
6954687488.0,-0.6283079981803894
6955624960.0,-0.6157339811325073
6956562432.0,-0.605377197265625
6957499904.0,-0.59345543384552
6958437376.0,-0.5808612704277039
6959374848.0,-0.5667049884796143
6960312320.0,-0.5523661375045776
6961249792.0,-0.5376816391944885
6962187264.0,-0.5218470692634583
6963125248.0,-0.5075778365135193
6964062720.0,-0.4905094504356384
6965000192.0,-0.4112965762615204
6965937664.0,-0.4028903543949127
6966875136.0,-0.39519089460372925
6967812608.0,-0.3863552510738373
6968750080.0,-0.3791067898273468
6969687552.0,-0.3708098530769348
6970625024.0,-0.36393702030181885
6971562496.0,-0.3574882745742798
6972499968.0,-0.3507925570011139
6973437440.0,-0.34583309292793274
6974374912.0,-0.3415604531764984
6975312384.0,-0.33790165185928345
6976249856.0,-0.333712637424469
6977187328.0,-0.3318151533603668
6978124800.0,-0.3319469094276428
6979062272.0,-0.3319958448410034
6979999744.0,-0.3324648141860962
6980937728.0,-0.3338911533355713
6981875200.0,-0.33589231967926025
6982812672.0,-0.3391563892364502
6983750144.0,-0.3425028622150421
6984687616.0,-0.3469246029853821
6985625088.0,-0.3534839153289795
6986562560.0,-0.36114785075187683
6987500032.0,-0.36978915333747864
6988437504.0,-0.3795223832130432
6989374976.0,-0.39031052589416504
6990312448.0,-0.4027535617351532
6991249920.0,-0.4143887758255005
6992187392.0,-0.4260084629058838
6993124864.0,-0.4384334683418274
6994062336.0,-0.4512384235858917
6994999808.0,-0.464015394449234
6995937280.0,-0.4769567847251892
6996874752.0,-0.4895293712615967
6997812736.0,-0.5016536116600037
6998750208.0,-0.5126913785934448
6999687680.0,-0.5242220759391785
7000625152.0,-0.5343926548957825
7001562624.0,-0.5441443920135498
7002500096.0,-0.5529940128326416
7003437568.0,-0.5601575374603271
7004375040.0,-0.567215085029602
7005312512.0,-0.5723876357078552
7006249984.0,-0.5760537385940552
7007187456.0,-0.5797403454780579
7008124928.0,-0.5801753997802734
7009062400.0,-0.5799145102500916
7009999872.0,-0.5783244967460632
7010937344.0,-0.57425457239151
7011874816.0,-0.5715348720550537
7012812288.0,-0.5652459263801575
7013749760.0,-0.5602520108222961
7014687744.0,-0.5527966022491455
7015625216.0,-0.5437243580818176
7016562688.0,-0.5354682207107544
7017500160.0,-0.5273119211196899
7018437632.0,-0.5183994770050049
7019375104.0,-0.5084120631217957
7020312576.0,-0.49913427233695984
7021250048.0,-0.4896424412727356
7022187520.0,-0.4807615578174591
7023124992.0,-0.47079190611839294
7024062464.0,-0.46122410893440247
7024999936.0,-0.43555086851119995
7025937408.0,-0.42699068784713745
7026874880.0,-0.4206005036830902
7027812352.0,-0.4146442413330078
7028749824.0,-0.4085116982460022
7029687296.0,-0.40531542897224426
7030624768.0,-0.4023117125034332
7031562752.0,-0.4011341333389282
7032500224.0,-0.40133875608444214
7033437696.0,-0.4027095437049866
7034375168.0,-0.4056102931499481
7035312640.0,-0.41064947843551636
7036250112.0,-0.4161628186702728
7037187584.0,-0.42327040433883667
7038125056.0,-0.4309704601764679
7039062528.0,-0.4387741684913635
7040000000.0,-0.4480602443218231
7040937472.0,-0.45808881521224976
7041874944.0,-0.468886137008667
7042812416.0,-0.4789442718029022
7043749888.0,-0.4895041286945343
7044687360.0,-0.49799981713294983
7045624832.0,-0.5058956146240234
7046562304.0,-0.5132445096969604
7047499776.0,-0.5200278162956238
7048437248.0,-0.5242670774459839
7049375232.0,-0.5300841331481934
7050312704.0,-0.5318477749824524
7051250176.0,-0.5333089232444763
7052187648.0,-0.5322923064231873
7053125120.0,-0.5293455123901367
7054062592.0,-0.5258432626724243
7055000064.0,-0.5185476541519165
7055937536.0,-0.5104409456253052
7056875008.0,-0.5003079175949097
7057812480.0,-0.4882112145423889
7058749952.0,-0.4732903242111206
7059687424.0,-0.4556420147418976
7060624896.0,-0.43827876448631287
7061562368.0,-0.4194369614124298
7062499840.0,-0.3985702097415924
7063437312.0,-0.3781481683254242
7064374784.0,-0.3577607274055481
7065312256.0,-0.3363553285598755
7066250240.0,-0.3144107162952423
7067187712.0,-0.29240506887435913
7068125184.0,-0.2716522514820099
7069062656.0,-0.2508769631385803
7070000128.0,-0.23141904175281525
7070937600.0,-0.21131181716918945
7071875072.0,-0.1932360976934433
7072812544.0,-0.1766548603773117
7073750016.0,-0.1603206843137741
7074687488.0,-0.14663338661193848
7075624960.0,-0.13499437272548676
7076562432.0,-0.12402676790952682
7077499904.0,-0.11581771075725555
7078437376.0,-0.10968779772520065
7079374848.0,-0.10532877594232559
7080312320.0,-0.10379325598478317
7081249792.0,-0.1051972359418869
7082187264.0,-0.10939108580350876
7083125248.0,-0.11591287702322006
7084062720.0,-0.12278494983911514
7085000192.0,-0.27683520317077637
7085937664.0,-0.28849339485168457
7086875136.0,-0.3013322949409485
7087812608.0,-0.3163300156593323
7088750080.0,-0.3328190743923187
7089687552.0,-0.35242021083831787
7090625024.0,-0.373505175113678
7091562496.0,-0.39701521396636963
7092499968.0,-0.4214737117290497
7093437440.0,-0.44747114181518555
7094374912.0,-0.477245032787323
7095312384.0,-0.507409930229187
7096249856.0,-0.5383874773979187
7097187328.0,-0.5708495378494263
7098124800.0,-0.60389643907547
7099062272.0,-0.6382852792739868
7100000256.0,-0.672608494758606
7100937728.0,-0.7076311111450195
7101875200.0,-0.7403516173362732
7102812672.0,-0.7729586958885193
7103750144.0,-0.8034414649009705
7104687616.0,-0.8336286544799805
7105625088.0,-0.8585076928138733
7106562560.0,-0.8822956085205078
7107500032.0,-0.9024876356124878
7108437504.0,-0.9199872612953186
7109374976.0,-0.9340288639068604
7110312448.0,-0.9436861872673035
7111249920.0,-0.949300229549408
7112187392.0,-0.9517525434494019
7113124864.0,-0.9491266012191772
7114062336.0,-0.9428660273551941
7114999808.0,-0.9329022169113159
7115937280.0,-0.9192643761634827
7116874752.0,-0.9022120833396912
7117812736.0,-0.8808586001396179
7118750208.0,-0.8561923503875732
7119687680.0,-0.8302541375160217
7120625152.0,-0.8008769154548645
7121562624.0,-0.7693443894386292
7122500096.0,-0.7348942756652832
7123437568.0,-0.7002049088478088
7124375040.0,-0.6642356514930725
7125312512.0,-0.6271371245384216
7126249984.0,-0.5903434753417969
7127187456.0,-0.554196834564209
7128124928.0,-0.5172346830368042
7129062400.0,-0.4816405773162842
7129999872.0,-0.44727909564971924
7130937344.0,-0.41296082735061646
7131874816.0,-0.37966445088386536
7132812288.0,-0.348383367061615
7133749760.0,-0.31807151436805725
7134687744.0,-0.2904471457004547
7135625216.0,-0.265224814414978
7136562688.0,-0.24056410789489746
7137500160.0,-0.2179187834262848
7138437632.0,-0.19902898371219635
7139375104.0,-0.1808277666568756
7140312576.0,-0.1652819961309433
7141250048.0,-0.15063044428825378
7142187520.0,-0.13816045224666595
7143124992.0,-0.1286892145872116
7144062464.0,-0.21853090822696686
7144999936.0,-0.21807098388671875
7145937408.0,-0.21931485831737518
7146874880.0,-0.2195182740688324
7147812352.0,-0.22115714848041534
7148749824.0,-0.22383618354797363
7149687296.0,-0.2280893176794052
7150624768.0,-0.2326686680316925
7151562752.0,-0.23987102508544922
7152500224.0,-0.24767588078975677
7153437696.0,-0.25779882073402405
7154375168.0,-0.2695062756538391
7155312640.0,-0.28476181626319885
7156250112.0,-0.30154308676719666
7157187584.0,-0.3212481141090393
7158125056.0,-0.3439345061779022
7159062528.0,-0.3693861961364746
7160000000.0,-0.3960518538951874
7160937472.0,-0.42391079664230347
7161874944.0,-0.4486073851585388
7162812416.0,-0.4691339433193207
7163749888.0,-0.4867836833000183
7164687360.0,-0.5015130043029785
7165624832.0,-0.512400209903717
7166562304.0,-0.5212827324867249
7167499776.0,-0.5273516774177551
7168437248.0,-0.5308809876441956
7169375232.0,-0.5351804494857788
7170312704.0,-0.5377446413040161
7171250176.0,-0.5399892330169678
7172187648.0,-0.5426960587501526
7173125120.0,-0.5467729568481445
7174062592.0,-0.5514119863510132
7175000064.0,-0.5586119890213013
7175937536.0,-0.5683444738388062
7176875008.0,-0.5792144536972046
7177812480.0,-0.5940792560577393
7178749952.0,-0.6110205054283142
7179687424.0,-0.6300546526908875
7180624896.0,-0.650280773639679
7181562368.0,-0.6726147532463074
7182499840.0,-0.6952252984046936
7183437312.0,-0.7165318131446838
7184374784.0,-0.7376160025596619
7185312256.0,-0.7572125792503357
7186250240.0,-0.7737482786178589
7187187712.0,-0.78726726770401
7188125184.0,-0.7982117533683777
7189062656.0,-0.8053520917892456
7190000128.0,-0.8086627721786499
7190937600.0,-0.8078959584236145
7191875072.0,-0.8032982349395752
7192812544.0,-0.7947182059288025
7193750016.0,-0.7840554714202881
7194687488.0,-0.7701100707054138
7195624960.0,-0.7525705099105835
7196562432.0,-0.7313329577445984
7197499904.0,-0.7082669734954834
7198437376.0,-0.684233546257019
7199374848.0,-0.6576135158538818
7200312320.0,-0.6308277249336243
7201249792.0,-0.6026498079299927
7202187264.0,-0.5762823224067688
7203125248.0,-0.5493848323822021
7204062720.0,-0.6707582473754883
7205000192.0,-0.6620755791664124
7205937664.0,-0.6553294062614441
7206875136.0,-0.6500927209854126
7207812608.0,-0.6480928063392639
7208750080.0,-0.6493502855300903
7209687552.0,-0.6532027125358582
7210625024.0,-0.6578522324562073
7211562496.0,-0.6687607169151306
7212499968.0,-0.680875301361084
7213437440.0,-0.696129322052002
7214374912.0,-0.7126173377037048
7215312384.0,-0.731049656867981
7216249856.0,-0.7500609159469604
7217187328.0,-0.7701540589332581
7218124800.0,-0.7902082204818726
7219062272.0,-0.811281144618988
7219999744.0,-0.8303181529045105
7220937728.0,-0.8495522737503052
7221875200.0,-0.8685344457626343
7222812672.0,-0.88618403673172
7223750144.0,-0.9017576575279236
7224687616.0,-0.9176450967788696
7225625088.0,-0.9296571016311646
7226562560.0,-0.9415661096572876
7227500032.0,-0.9508211016654968
7228437504.0,-0.9582940340042114
7229374976.0,-0.9632541537284851
7230312448.0,-0.9673320055007935
7231249920.0,-0.9680129885673523
7232187392.0,-0.9675108790397644
7233124864.0,-0.9669634699821472
7234062336.0,-0.964793860912323
7234999808.0,-0.9607673287391663
7235937280.0,-0.9568575024604797
7236874752.0,-0.9525343775749207
7237812736.0,-0.9487922191619873
7238750208.0,-0.9431505799293518
7239687680.0,-0.9392110109329224
7240625152.0,-0.9345746040344238
7241562624.0,-0.9302517175674438
7242500096.0,-0.9261890649795532
7243437568.0,-0.9239216446876526
7244375040.0,-0.9223456382751465
7245312512.0,-0.9219683408737183
7246249984.0,-0.9230638742446899
7247187456.0,-0.9275524616241455
7248124928.0,-0.9329468011856079
7249062400.0,-0.9407923221588135
7249999872.0,-0.9501792788505554
7250937344.0,-0.9595841765403748
7251874816.0,-0.9711539149284363
7252812288.0,-0.9838259816169739
7253749760.0,-0.998129665851593
7254687744.0,-1.0138295888900757
7255625216.0,-1.0283191204071045
7256562688.0,-1.0441521406173706
7257500160.0,-1.0605239868164062
7258437632.0,-1.0772898197174072
7259375104.0,-1.0946017503738403
7260312576.0,-1.113018274307251
7261250048.0,-1.1294701099395752
7262187520.0,-1.1440421342849731
7263124992.0,-1.160822868347168
7264062464.0,-1.189599871635437
7264999936.0,-1.204380989074707
7265937408.0,-1.2172749042510986
7266874880.0,-1.2315069437026978
7267812352.0,-1.2457282543182373
7268749824.0,-1.258941411972046
7269687296.0,-1.2711421251296997
7270624768.0,-1.283970594406128
7271562752.0,-1.2947430610656738
7272500224.0,-1.3046092987060547
7273437696.0,-1.3138916492462158
7274375168.0,-1.3215138912200928
7275312640.0,-1.328883409500122
7276250112.0,-1.3317159414291382
7277187584.0,-1.3350446224212646
7278125056.0,-1.335789442062378
7279062528.0,-1.3344863653182983
7280000000.0,-1.330428957939148
7280937472.0,-1.3232449293136597
7281874944.0,-1.3142420053482056
7282812416.0,-1.3033353090286255
7283749888.0,-1.2894302606582642
7284687360.0,-1.2752711772918701
7285624832.0,-1.2564407587051392
7286562304.0,-1.2366589307785034
7287499776.0,-1.215484619140625
7288437248.0,-1.1920998096466064
7289375232.0,-1.1678413152694702
7290312704.0,-1.141144037246704
7291250176.0,-1.1119219064712524
7292187648.0,-1.0817006826400757
7293125120.0,-1.0509252548217773
7294062592.0,-1.0187629461288452
7295000064.0,-0.9849289059638977
7295937536.0,-0.9492902755737305
7296875008.0,-0.9135571718215942
7297812480.0,-0.8765345811843872
7298749952.0,-0.8397955298423767
7299687424.0,-0.8034022450447083
7300624896.0,-0.766270637512207
7301562368.0,-0.7295088768005371
7302499840.0,-0.6935007572174072
7303437312.0,-0.6579818725585938
7304374784.0,-0.623024046421051
7305312256.0,-0.5886042714118958
7306250240.0,-0.5551156997680664
7307187712.0,-0.5232651233673096
7308125184.0,-0.4912853538990021
7309062656.0,-0.46125268936157227
7310000128.0,-0.43408945202827454
7310937600.0,-0.40670710802078247
7311875072.0,-0.38037946820259094
7312812544.0,-0.35853520035743713
7313750016.0,-0.3402238190174103
7314687488.0,-0.3231714367866516
7315624960.0,-0.3072476089000702
7316562432.0,-0.2921276390552521
7317499904.0,-0.2805054783821106
7318437376.0,-0.2700084447860718
7319374848.0,-0.26079800724983215
7320312320.0,-0.2544461488723755
7321249792.0,-0.25028562545776367
7322187264.0,-0.24814154207706451
7323125248.0,-0.24736976623535156
7324062720.0,-0.4087531268596649
7325000192.0,-0.4070609509944916
7325937664.0,-0.40692272782325745
7326875136.0,-0.4082028567790985
7327812608.0,-0.41144147515296936
7328750080.0,-0.41603514552116394
7329687552.0,-0.4213433861732483
7330625024.0,-0.42861708998680115
7331562496.0,-0.4365527629852295
7332499968.0,-0.44703325629234314
7333437440.0,-0.45749130845069885
7334374912.0,-0.46777480840682983
7335312384.0,-0.478580504655838
7336249856.0,-0.49070045351982117
7337187328.0,-0.5025604367256165
7338124800.0,-0.5130883455276489
7339062272.0,-0.5242370963096619
7340000256.0,-0.5339157581329346
7340937728.0,-0.5427693724632263
7341875200.0,-0.5497477054595947
7342812672.0,-0.5574425458908081
7343750144.0,-0.5624184012413025
7344687616.0,-0.5668821930885315
7345625088.0,-0.5706760287284851
7346562560.0,-0.5725056529045105
7347500032.0,-0.5730868577957153
7348437504.0,-0.5719925165176392
7349374976.0,-0.5690406560897827
7350312448.0,-0.5660801529884338
7351249920.0,-0.559620201587677
7352187392.0,-0.5543123483657837
7353124864.0,-0.5463176369667053
7354062336.0,-0.5374311804771423
7354999808.0,-0.5280027389526367
7355937280.0,-0.5164667963981628
7356874752.0,-0.5042318105697632
7357812736.0,-0.4918489456176758
7358750208.0,-0.47855237126350403
7359687680.0,-0.4655836522579193
7360625152.0,-0.4511145353317261
7361562624.0,-0.4371901750564575
7362500096.0,-0.42238274216651917
7363437568.0,-0.4074069559574127
7364375040.0,-0.38978928327560425
7365312512.0,-0.3710522949695587
7366249984.0,-0.3532150387763977
7367187456.0,-0.33462613821029663
7368124928.0,-0.315780907869339
7369062400.0,-0.29737141728401184
7369999872.0,-0.27796033024787903
7370937344.0,-0.2600920796394348
7371874816.0,-0.24026231467723846
7372812288.0,-0.2220059484243393
7373749760.0,-0.20179477334022522
7374687744.0,-0.18155650794506073
7375625216.0,-0.16138549149036407
7376562688.0,-0.1411895602941513
7377500160.0,-0.12056843936443329
7378437632.0,-0.09885260462760925
7379375104.0,-0.07746709883213043
7380312576.0,-0.056074053049087524
7381250048.0,-0.033580224961042404
7382187520.0,-0.01180508453398943
7383124992.0,0.010392474010586739
7384062464.0,0.02642708644270897
7384999936.0,0.03462572768330574
7385937408.0,0.0405990332365036
7386874880.0,0.0469963438808918
7387812352.0,0.05255905166268349
7388749824.0,0.058901574462652206
7389687296.0,0.06382576376199722
7390624768.0,0.06856532394886017
7391562752.0,0.07388577610254288
7392500224.0,0.07871148735284805
7393437696.0,0.08375856280326843
7394375168.0,0.08977723121643066
7395312640.0,0.09667299687862396
7396250112.0,0.10254202038049698
7397187584.0,0.108772873878479
7398125056.0,0.11532692611217499
7399062528.0,0.12293039262294769
7400000000.0,0.13062645494937897
7400937472.0,0.13721665740013123
7401874944.0,0.14645521342754364
7402812416.0,0.15336167812347412
7403749888.0,0.1597273051738739
7404687360.0,0.16532568633556366
7405624832.0,0.1713612973690033
7406562304.0,0.17468029260635376
7407499776.0,0.17791137099266052
7408437248.0,0.17816218733787537
7409375232.0,0.17691251635551453
7410312704.0,0.1744963675737381
7411250176.0,0.16745752096176147
7412187648.0,0.15942664444446564
7413125120.0,0.14854420721530914
7414062592.0,0.13588739931583405
7415000064.0,0.11957214027643204
7415937536.0,0.10084573924541473
7416875008.0,0.08128862828016281
7417812480.0,0.05990412086248398
7418749952.0,0.03640870377421379
7419687424.0,0.012383959256112576
7420624896.0,-0.012903607450425625
7421562368.0,-0.037836842238903046
7422499840.0,-0.06452687829732895
7423437312.0,-0.08971250802278519
7424374784.0,-0.11455982178449631
7425312256.0,-0.13954764604568481
7426250240.0,-0.16387008130550385
7427187712.0,-0.18636871874332428
7428125184.0,-0.20592975616455078
7429062656.0,-0.22687597572803497
7430000128.0,-0.2442200481891632
7430937600.0,-0.26070624589920044
7431875072.0,-0.2757999002933502
7432812544.0,-0.29000622034072876
7433750016.0,-0.3016061782836914
7434687488.0,-0.3126247823238373
7435624960.0,-0.3229738175868988
7436562432.0,-0.3314172327518463
7437499904.0,-0.33819547295570374
7438437376.0,-0.3445368707180023
7439374848.0,-0.3504704236984253
7440312320.0,-0.35465094447135925
7441249792.0,-0.3559016287326813
7442187264.0,-0.35723650455474854
7443125248.0,-0.3560899496078491
7444062720.0,-0.14301112294197083
7445000192.0,-0.12388205528259277
7445937664.0,-0.10846742242574692
7446875136.0,-0.0944940373301506
7447812608.0,-0.0828777477145195
7448750080.0,-0.07415911555290222
7449687552.0,-0.0663057193160057
7450625024.0,-0.06085849553346634
7451562496.0,-0.05606702342629433
7452499968.0,-0.05316614732146263
7453437440.0,-0.051150429993867874
7454374912.0,-0.048280227929353714
7455312384.0,-0.0460578016936779
7456249856.0,-0.04456605762243271
7457187328.0,-0.04186690226197243
7458124800.0,-0.03808480128645897
7459062272.0,-0.033930450677871704
7459999744.0,-0.02853836864233017
7460937728.0,-0.023396076634526253
7461875200.0,-0.01710701733827591
7462812672.0,-0.008732633665204048
7463750144.0,0.0008712488343007863
7464687616.0,0.009968599304556847
7465625088.0,0.020291253924369812
7466562560.0,0.030469859018921852
7467500032.0,0.04218483343720436
7468437504.0,0.05382143333554268
7469374976.0,0.06692848354578018
7470312448.0,0.07974065840244293
7471249920.0,0.09241583943367004
7472187392.0,0.10508286952972412
7473124864.0,0.11693636327981949
7474062336.0,0.1272980123758316
7474999808.0,0.1388857215642929
7475937280.0,0.14852862060070038
7476874752.0,0.15773025155067444
7477812736.0,0.16489079594612122
7478750208.0,0.17108291387557983
7479687680.0,0.17612190544605255
7480625152.0,0.18042834103107452
7481562624.0,0.18241995573043823
7482500096.0,0.182396799325943
7483437568.0,0.18166761100292206
7484375040.0,0.17891958355903625
7485312512.0,0.1749029904603958
7486249984.0,0.16968953609466553
7487187456.0,0.16292907297611237
7488124928.0,0.15493224561214447
7489062400.0,0.14548280835151672
7489999872.0,0.13447615504264832
7490937344.0,0.1218997910618782
7491874816.0,0.10572020709514618
7492812288.0,0.08926854282617569
7493749760.0,0.07146486639976501
7494687744.0,0.05349333956837654
7495625216.0,0.03551110997796059
7496562688.0,0.016082769259810448
7497500160.0,-0.003006559330970049
7498437632.0,-0.021107545122504234
7499375104.0,-0.040033984929323196
7500312576.0,-0.0575515478849411
7501250048.0,-0.07472538203001022
7502187520.0,-0.09169040620326996
7503124992.0,-0.10613998025655746
7504062464.0,-0.09184321016073227
7504999936.0,-0.10311372578144073
7505937408.0,-0.11307664960622787
7506874880.0,-0.1217954233288765
7507812352.0,-0.13163292407989502
7508749824.0,-0.1414051204919815
7509687296.0,-0.1497783660888672
7510624768.0,-0.1594436764717102
7511562752.0,-0.1671144664287567
7512500224.0,-0.17432434856891632
7513437696.0,-0.1804041564464569
7514375168.0,-0.18626704812049866
7515312640.0,-0.1911398023366928
7516250112.0,-0.19413597881793976
7517187584.0,-0.19937266409397125
7518125056.0,-0.20344282686710358
7519062528.0,-0.20589885115623474
7520000000.0,-0.20738160610198975
7520937472.0,-0.20834383368492126
7521874944.0,-0.20642834901809692
7522812416.0,-0.20545051991939545
7523749888.0,-0.20331555604934692
7524687360.0,-0.19811703264713287
7525624832.0,-0.19337418675422668
7526562304.0,-0.1871805489063263
7527499776.0,-0.1806250512599945
7528437248.0,-0.17348584532737732
7529375232.0,-0.16481128334999084
7530312704.0,-0.15543970465660095
7531250176.0,-0.1453990638256073
7532187648.0,-0.13317380845546722
7533125120.0,-0.12150292098522186
7534062592.0,-0.10940293967723846
7535000064.0,-0.09464452415704727
7535937536.0,-0.07978342473506927
7536875008.0,-0.06541785597801208
7537812480.0,-0.04925248771905899
7538749952.0,-0.03246789053082466
7539687424.0,-0.015517623163759708
7540624896.0,0.0022829296067357063
7541562368.0,0.020046304911375046
7542499840.0,0.041256383061409
7543437312.0,0.060992833226919174
7544374784.0,0.08224853128194809
7545312256.0,0.10295230895280838
7546250240.0,0.12449872493743896
7547187712.0,0.1455373615026474
7548125184.0,0.16579173505306244
7549062656.0,0.18593496084213257
7550000128.0,0.20691019296646118
7550937600.0,0.22727170586585999
7551875072.0,0.24681253731250763
7552812544.0,0.2658902108669281
7553750016.0,0.28454911708831787
7554687488.0,0.302145779132843
7555624960.0,0.3200165927410126
7556562432.0,0.3345569372177124
7557499904.0,0.349376380443573
7558437376.0,0.36218467354774475
7559374848.0,0.3735786974430084
7560312320.0,0.38408052921295166
7561249792.0,0.39056509733200073
7562187264.0,0.39788874983787537
7563125248.0,0.40114906430244446
7564062720.0,0.18167106807231903
7565000192.0,0.1813875287771225
7565937664.0,0.17991964519023895
7566875136.0,0.1786641776561737
7567812608.0,0.1769520789384842
7568750080.0,0.17414750158786774
7569687552.0,0.17132049798965454
7570625024.0,0.16601091623306274
7571562496.0,0.16080695390701294
7572499968.0,0.15371321141719818
7573437440.0,0.14621314406394958
7574374912.0,0.13797114789485931
7575312384.0,0.12751266360282898
7576249856.0,0.11610715836286545
7577187328.0,0.10456284880638123
7578124800.0,0.09082355350255966
7579062272.0,0.07665291428565979
7580000256.0,0.06166834011673927
7580937728.0,0.046036820858716965
7581875200.0,0.027863623574376106
7582812672.0,0.010761125944554806
7583750144.0,-0.008205649442970753
7584687616.0,-0.02731645293533802
7585625088.0,-0.0461125411093235
7586562560.0,-0.06664485484361649
7587500032.0,-0.08619959652423859
7588437504.0,-0.1055835634469986
7589374976.0,-0.1278769075870514
7590312448.0,-0.14720959961414337
7591249920.0,-0.1674225628376007
7592187392.0,-0.18685850501060486
7593124864.0,-0.205723837018013
7594062336.0,-0.2249053567647934
7594999808.0,-0.24128220975399017
7595937280.0,-0.2583582103252411
7596874752.0,-0.27243566513061523
7597812736.0,-0.28497204184532166
7598750208.0,-0.29844388365745544
7599687680.0,-0.30830708146095276
7600625152.0,-0.3188462555408478
7601562624.0,-0.32569101452827454
7602500096.0,-0.3317331373691559
7603437568.0,-0.3358631134033203
7604375040.0,-0.33844128251075745
7605312512.0,-0.33939629793167114
7606249984.0,-0.3368023931980133
7607187456.0,-0.3331137001514435
7608124928.0,-0.32820290327072144
7609062400.0,-0.32031941413879395
7609999872.0,-0.31101399660110474
7610937344.0,-0.2982538938522339
7611874816.0,-0.28453630208969116
7612812288.0,-0.26920488476753235
7613749760.0,-0.2518535852432251
7614687744.0,-0.2317604422569275
7615625216.0,-0.21002362668514252
7616562688.0,-0.1887403130531311
7617500160.0,-0.16580204665660858
7618437632.0,-0.13895247876644135
7619375104.0,-0.1124509796500206
7620312576.0,-0.08565743267536163
7621250048.0,-0.05777473375201225
7622187520.0,-0.02938561514019966
7623124992.0,-0.0018345132702961564
7624062464.0,0.02532212808728218
7624999936.0,0.0536431148648262
7625937408.0,0.08049227297306061
7626874880.0,0.10747615993022919
7627812352.0,0.13207462430000305
7628749824.0,0.1567639708518982
7629687296.0,0.17951422929763794
7630624768.0,0.2016042321920395
7631562752.0,0.22159987688064575
7632500224.0,0.23996153473854065
7633437696.0,0.2567528188228607
7634375168.0,0.2719085216522217
7635312640.0,0.2848476767539978
7636250112.0,0.2961141765117645
7637187584.0,0.30591675639152527
7638125056.0,0.31248635053634644
7639062528.0,0.31730571389198303
7640000000.0,0.32026201486587524
7640937472.0,0.3208400309085846
7641874944.0,0.3188677430152893
7642812416.0,0.315547376871109
7643749888.0,0.3116897642612457
7644687360.0,0.3047451078891754
7645624832.0,0.2963975667953491
7646562304.0,0.28732967376708984
7647499776.0,0.27575477957725525
7648437248.0,0.26215270161628723
7649375232.0,0.24758031964302063
7650312704.0,0.23194488883018494
7651250176.0,0.21393288671970367
7652187648.0,0.19497960805892944
7653125120.0,0.17471502721309662
7654062592.0,0.15285399556159973
7655000064.0,0.13012319803237915
7655937536.0,0.10710075497627258
7656875008.0,0.08157173544168472
7657812480.0,0.05685964599251747
7658749952.0,0.031299199908971786
7659687424.0,0.004775973968207836
7660624896.0,-0.0213248860090971
7661562368.0,-0.047425031661987305
7662499840.0,-0.0751916915178299
7663437312.0,-0.10036832839250565
7664374784.0,-0.12762697041034698
7665312256.0,-0.1527131348848343
7666250240.0,-0.17704375088214874
7667187712.0,-0.20061834156513214
7668125184.0,-0.22409214079380035
7669062656.0,-0.2451712042093277
7670000128.0,-0.2646788954734802
7670937600.0,-0.2828063368797302
7671875072.0,-0.3000234365463257
7672812544.0,-0.31571197509765625
7673750016.0,-0.3268290162086487
7674687488.0,-0.3370091915130615
7675624960.0,-0.3435698449611664
7676562432.0,-0.34869125485420227
7677499904.0,-0.3524496853351593
7678437376.0,-0.35167694091796875
7679374848.0,-0.3496992588043213
7680312320.0,-0.3445154130458832
7681249792.0,-0.3368496894836426
7682187264.0,-0.32780128717422485
7683125248.0,-0.31659966707229614
7684062720.0,-0.2939379811286926
7685000192.0,-0.28408083319664
7685937664.0,-0.27295634150505066
7686875136.0,-0.2610759139060974
7687812608.0,-0.2456078678369522
7688750080.0,-0.23012495040893555
7689687552.0,-0.21322081983089447
7690625024.0,-0.1946725845336914
7691562496.0,-0.17596328258514404
7692499968.0,-0.15600714087486267
7693437440.0,-0.1357821822166443
7694374912.0,-0.11538880318403244
7695312384.0,-0.09685404598712921
7696249856.0,-0.0784238651394844
7697187328.0,-0.05963493511080742
7698124800.0,-0.04115331918001175
7699062272.0,-0.02387850172817707
7699999744.0,-0.004831322003155947
7700937728.0,0.010917511768639088
7701875200.0,0.027435025200247765
7702812672.0,0.043457042425870895
7703750144.0,0.05851483717560768
7704687616.0,0.07215168327093124
7705625088.0,0.08586988598108292
7706562560.0,0.09802588820457458
7707500032.0,0.11016366630792618
7708437504.0,0.12126640975475311
7709374976.0,0.130955308675766
7710312448.0,0.14032723009586334
7711249920.0,0.14960572123527527
7712187392.0,0.1580563187599182
7713124864.0,0.1660843789577484
7714062336.0,0.1736280471086502
7714999808.0,0.18092498183250427
7715937280.0,0.1874566376209259
7716874752.0,0.19441956281661987
7717812736.0,0.19976647198200226
7718750208.0,0.20522676408290863
7719687680.0,0.2115550935268402
7720625152.0,0.21561098098754883
7721562624.0,0.21812959015369415
7722500096.0,0.22193381190299988
7723437568.0,0.2229895293712616
7724375040.0,0.22525396943092346
7725312512.0,0.2260611206293106
7726249984.0,0.22599124908447266
7727187456.0,0.22485175728797913
7728124928.0,0.2228904813528061
7729062400.0,0.2188284546136856
7729999872.0,0.214736670255661
7730937344.0,0.20912131667137146
7731874816.0,0.20189963281154633
7732812288.0,0.19418278336524963
7733749760.0,0.1846296638250351
7734687744.0,0.17327703535556793
7735625216.0,0.15977518260478973
7736562688.0,0.14649781584739685
7737500160.0,0.1302885264158249
7738437632.0,0.11327649652957916
7739375104.0,0.09374018013477325
7740312576.0,0.07385401427745819
7741250048.0,0.0529828742146492
7742187520.0,0.031071411445736885
7743124992.0,0.007459928747266531
7744062464.0,-0.041158441454172134
7744999936.0,-0.043965570628643036
7745937408.0,-0.048851560801267624
7746874880.0,-0.05338529497385025
7747812352.0,-0.06144877150654793
7748749824.0,-0.06934113800525665
7749687296.0,-0.07784951478242874
7750624768.0,-0.08892945200204849
7751562752.0,-0.10155415534973145
7752500224.0,-0.11524762213230133
7753437696.0,-0.1300750970840454
7754375168.0,-0.1451883316040039
7755312640.0,-0.16194583475589752
7756250112.0,-0.17945149540901184
7757187584.0,-0.198125958442688
7758125056.0,-0.21755380928516388
7759062528.0,-0.23630978167057037
7760000000.0,-0.2557303011417389
7760937472.0,-0.27522075176239014
7761874944.0,-0.29408249258995056
7762812416.0,-0.3132365643978119
7763749888.0,-0.33027368783950806
7764687360.0,-0.3476320505142212
7765624832.0,-0.3638805150985718
7766562304.0,-0.3790823221206665
7767499776.0,-0.39286497235298157
7768437248.0,-0.405697762966156
7769375232.0,-0.41679710149765015
7770312704.0,-0.42590874433517456
7771250176.0,-0.43415167927742004
7772187648.0,-0.4391162097454071
7773125120.0,-0.44386225938796997
7774062592.0,-0.4442274868488312
7775000064.0,-0.44352641701698303
7775937536.0,-0.44004619121551514
7776875008.0,-0.4345334470272064
7777812480.0,-0.4257693886756897
7778749952.0,-0.41525837779045105
7779687424.0,-0.4026360511779785
7780624896.0,-0.387089341878891
7781562368.0,-0.36922505497932434
7782499840.0,-0.3495917022228241
7783437312.0,-0.32779422402381897
7784374784.0,-0.3036394417285919
7785312256.0,-0.27689921855926514
7786250240.0,-0.24837429821491241
7787187712.0,-0.21907223761081696
7788125184.0,-0.18922089040279388
7789062656.0,-0.15714626014232635
7790000128.0,-0.12419022619724274
7790937600.0,-0.09143280237913132
7791875072.0,-0.05607800930738449
7792812544.0,-0.022457635030150414
7793750016.0,0.011768251657485962
7794687488.0,0.04583367705345154
7795624960.0,0.07958993315696716
7796562432.0,0.11207447201013565
7797499904.0,0.14422543346881866
7798437376.0,0.17326124012470245
7799374848.0,0.2026216685771942
7800312320.0,0.2300032675266266
7801249792.0,0.2543467581272125
7802187264.0,0.2768854796886444
7803125248.0,0.2982823848724365
7804062720.0,0.13104306161403656
7805000192.0,0.14438650012016296
7805937664.0,0.15570604801177979
7806875136.0,0.16504794359207153
7807812608.0,0.17366866767406464
7808750080.0,0.17979314923286438
7809687552.0,0.1849675178527832
7810625024.0,0.186898872256279
7811562496.0,0.18708792328834534
7812499968.0,0.1853138506412506
7813437440.0,0.1802462488412857
7814374912.0,0.17324303090572357
7815312384.0,0.16457466781139374
7816249856.0,0.15194351971149445
7817187328.0,0.13842657208442688
7818124800.0,0.12197448313236237
7819062272.0,0.10417933017015457
7820000256.0,0.08430831134319305
7820937728.0,0.06227374076843262
7821875200.0,0.039590779691934586
7822812672.0,0.01563948765397072
7823750144.0,-0.008722781203687191
7824687616.0,-0.03511520475149155
7825625088.0,-0.06094355508685112
7826562560.0,-0.08864757418632507
7827500032.0,-0.11674660444259644
7828437504.0,-0.14510880410671234
7829374976.0,-0.17397332191467285
7830312448.0,-0.202652245759964
7831249920.0,-0.22985076904296875
7832187392.0,-0.25785544514656067
7833124864.0,-0.2843014895915985
7834062336.0,-0.31162434816360474
7834999808.0,-0.33569586277008057
7835937280.0,-0.3592420816421509
7836874752.0,-0.3816155195236206
7837812736.0,-0.4022285044193268
7838750208.0,-0.42178410291671753
7839687680.0,-0.4389953017234802
7840625152.0,-0.45481550693511963
7841562624.0,-0.4679514765739441
7842500096.0,-0.47832515835762024
7843437568.0,-0.4887256324291229
7844375040.0,-0.4949759542942047
7845312512.0,-0.5006141066551208
7846249984.0,-0.503281831741333
7847187456.0,-0.5040805339813232
7848124928.0,-0.49965450167655945
7849062400.0,-0.49463024735450745
7849999872.0,-0.48622825741767883
7850937344.0,-0.47838884592056274
7851874816.0,-0.4667806327342987
7852812288.0,-0.4544558525085449
7853749760.0,-0.4426593780517578
7854687744.0,-0.4274539351463318
7855625216.0,-0.4126143157482147
7856562688.0,-0.39607325196266174
7857500160.0,-0.37945935130119324
7858437632.0,-0.36277157068252563
7859375104.0,-0.34448161721229553
7860312576.0,-0.326354056596756
7861250048.0,-0.3076237440109253
7862187520.0,-0.2892228364944458
7863124992.0,-0.26988086104393005
7864062464.0,-0.25310489535331726
7864999936.0,-0.2347346991300583
7865937408.0,-0.216483935713768
7866874880.0,-0.1989436000585556
7867812352.0,-0.18063294887542725
7868749824.0,-0.16248732805252075
7869687296.0,-0.14462096989154816
7870624768.0,-0.1259610801935196
7871562752.0,-0.10843599587678909
7872500224.0,-0.09128135442733765
7873437696.0,-0.07325737923383713
7874375168.0,-0.05585711821913719
7875312640.0,-0.04020249471068382
7876250112.0,-0.025471579283475876
7877187584.0,-0.011506810784339905
7878125056.0,0.0011303629726171494
7879062528.0,0.012553487904369831
7880000000.0,0.021968312561511993
7880937472.0,0.029263850301504135
7881874944.0,0.03349720314145088
7882812416.0,0.03541707247495651
7883749888.0,0.03519347682595253
7884687360.0,0.03255482017993927
7885624832.0,0.027735253795981407
7886562304.0,0.019358882680535316
7887499776.0,0.009008538909256458
7888437248.0,-0.0038323188200592995
7889375232.0,-0.018684981390833855
7890312704.0,-0.036521729081869125
7891250176.0,-0.056902628391981125
7892187648.0,-0.07952012866735458
7893125120.0,-0.10257075726985931
7894062592.0,-0.12687911093235016
7895000064.0,-0.1520894467830658
7895937536.0,-0.17952384054660797
7896875008.0,-0.20687541365623474
7897812480.0,-0.2339838147163391
7898749952.0,-0.2625889480113983
7899687424.0,-0.2906992435455322
7900624896.0,-0.3197662830352783
7901562368.0,-0.3479848802089691
7902499840.0,-0.3728120028972626
7903437312.0,-0.39947161078453064
7904374784.0,-0.42386746406555176
7905312256.0,-0.44812721014022827
7906250240.0,-0.4701128304004669
7907187712.0,-0.4915715754032135
7908125184.0,-0.5119444131851196
7909062656.0,-0.5317975878715515
7910000128.0,-0.5507321357727051
7910937600.0,-0.5696919560432434
7911875072.0,-0.5873807668685913
7912812544.0,-0.6043983101844788
7913750016.0,-0.6220139861106873
7914687488.0,-0.6402572393417358
7915624960.0,-0.656989574432373
7916562432.0,-0.6758815050125122
7917499904.0,-0.6938467025756836
7918437376.0,-0.7127193808555603
7919374848.0,-0.7327835559844971
7920312320.0,-0.7527447938919067
7921249792.0,-0.7735379934310913
7922187264.0,-0.794008195400238
7923125248.0,-0.8155785202980042
7924062720.0,-0.8622552752494812
7925000192.0,-0.8670971393585205
7925937664.0,-0.872433602809906
7926875136.0,-0.8771675229072571
7927812608.0,-0.8809434175491333
7928750080.0,-0.8856104016304016
7929687552.0,-0.8900391459465027
7930625024.0,-0.8922449946403503
7931562496.0,-0.894977331161499
7932499968.0,-0.8979635238647461
7933437440.0,-0.901138424873352
7934374912.0,-0.9011564254760742
7935312384.0,-0.9015974402427673
7936249856.0,-0.9004303216934204
7937187328.0,-0.9010679125785828
7938124800.0,-0.898815393447876
7939062272.0,-0.8959238529205322
7939999744.0,-0.8894752264022827
7940937728.0,-0.8840967416763306
7941875200.0,-0.8771136999130249
7942812672.0,-0.8680841326713562
7943750144.0,-0.8585394620895386
7944687616.0,-0.8456587195396423
7945625088.0,-0.8305756449699402
7946562560.0,-0.8154939413070679
7947500032.0,-0.7993642091751099
7948437504.0,-0.7796576023101807
7949374976.0,-0.7597132325172424
7950312448.0,-0.7389554381370544
7951249920.0,-0.7167604565620422
7952187392.0,-0.6946500539779663
7953124864.0,-0.6698956489562988
7954062336.0,-0.644862174987793
7954999808.0,-0.6193145513534546
7955937280.0,-0.5917866826057434
7956874752.0,-0.5645279884338379
7957812736.0,-0.535902738571167
7958750208.0,-0.5082818865776062
7959687680.0,-0.48030349612236023
7960625152.0,-0.45229554176330566
7961562624.0,-0.42485669255256653
7962500096.0,-0.39677709341049194
7963437568.0,-0.3695106506347656
7964375040.0,-0.3428228795528412
7965312512.0,-0.31666454672813416
7966249984.0,-0.29128336906433105
7967187456.0,-0.2676309049129486
7968124928.0,-0.24509254097938538
7969062400.0,-0.22414006292819977
7969999872.0,-0.20403285324573517
7970937344.0,-0.1875748187303543
7971874816.0,-0.17088811099529266
7972812288.0,-0.15613587200641632
7973749760.0,-0.1441350132226944
7974687744.0,-0.13310445845127106
7975625216.0,-0.12485983967781067
7976562688.0,-0.120235376060009
7977500160.0,-0.11510231345891953
7978437632.0,-0.11351361870765686
7979375104.0,-0.11347468942403793
7980312576.0,-0.11563961207866669
7981250048.0,-0.11915726959705353
7982187520.0,-0.12430861592292786
7983124992.0,-0.13095295429229736
7984062464.0,-0.25618064403533936
7984999936.0,-0.258365273475647
7985937408.0,-0.2602563798427582
7986874880.0,-0.2636982500553131
7987812352.0,-0.26700559258461
7988749824.0,-0.27153950929641724
7989687296.0,-0.2772864103317261
7990624768.0,-0.28252923488616943
7991562752.0,-0.2891206741333008
7992500224.0,-0.29657450318336487
7993437696.0,-0.3039490580558777
7994375168.0,-0.3126179873943329
7995312640.0,-0.32247135043144226
7996250112.0,-0.3304353952407837
7997187584.0,-0.3400381803512573
7998125056.0,-0.3506968319416046
7999062528.0,-0.3604114353656769
8000000000.0,-0.3696134686470032
