Frequency (Hz),Measurement
2000000000.0,0.1695576012134552
2000937472.0,0.16237451136112213
2001874944.0,0.15266035497188568
2002812544.0,0.1436125785112381
2003750016.0,0.13291725516319275
2004687488.0,0.12142983824014664
2005624960.0,0.10978188365697861
2006562560.0,0.09785685688257217
2007500032.0,0.08506157994270325
2008437504.0,0.07159189134836197
2009374976.0,0.057655252516269684
2010312448.0,0.04341134801506996
2011250048.0,0.0285553727298975
2012187520.0,0.014316458255052567
2013124992.0,-0.0005705246585421264
2014062464.0,-0.015045232139527798
2015000064.0,-0.02974306419491768
2015937536.0,-0.04405995458364487
2016875008.0,-0.05811222642660141
2017812480.0,-0.07165353745222092
2018749952.0,-0.08364880084991455
2019687552.0,-0.09574460238218307
2020625024.0,-0.10668660700321198
2021562496.0,-0.11584147810935974
2022499968.0,-0.12493443489074707
2023437440.0,-0.131911039352417
2024375040.0,-0.13815581798553467
2025312512.0,-0.14302952587604523
2026249984.0,-0.14620856940746307
2027187456.0,-0.14788980782032013
2028125056.0,-0.14751535654067993
2029062528.0,-0.14480778574943542
2030000000.0,-0.1428108960390091
2030937472.0,-0.13754208385944366
2031874944.0,-0.1312112659215927
2032812544.0,-0.12313646078109741
2033750016.0,-0.11405852437019348
2034687488.0,-0.10358172655105591
2035624960.0,-0.09211941063404083
2036562560.0,-0.08036668598651886
2037500032.0,-0.06739234179258347
2038437504.0,-0.05369266867637634
2039374976.0,-0.03883415088057518
2040312448.0,-0.024334223940968513
2041250048.0,-0.010051446035504341
2042187520.0,0.004424985032528639
2043124992.0,0.017736494541168213
2044062464.0,0.032479364424943924
2044999936.0,0.04581306502223015
2045937536.0,0.05816743150353432
2046875008.0,0.07043875753879547
2047812480.0,0.08082596957683563
2048749952.0,0.0789390504360199
2049687552.0,0.08790241926908493
2050625024.0,0.09557066112756729
2051562496.0,0.1012842133641243
2052499968.0,0.10570187121629715
2053437440.0,0.10835310816764832
2054375040.0,0.10822070389986038
2055312512.0,0.10678746551275253
2056249984.0,0.1031256690621376
2057187456.0,0.09681177139282227
2058125056.0,0.08876517415046692
2059062528.0,0.07970822602510452
2060000000.0,0.06719893962144852
2060937472.0,0.0538037084043026
2061874944.0,0.039443496614694595
2062812544.0,0.024119585752487183
2063750016.0,0.007693484425544739
2064687488.0,-0.007840757258236408
2065624960.0,-0.026783032342791557
2066562560.0,-0.04329635575413704
2067500032.0,-0.06041906028985977
2068437504.0,-0.0766441822052002
2069374976.0,-0.09268417954444885
2070312448.0,-0.10606049746274948
2071250048.0,-0.11852393299341202
2072187520.0,-0.12974707782268524
2073124992.0,-0.13975800573825836
2074062464.0,-0.14674463868141174
2075000064.0,-0.15277937054634094
2075937536.0,-0.15649963915348053
2076875008.0,-0.15665854513645172
2077812480.0,-0.15672621130943298
2078749952.0,-0.15354961156845093
2079687552.0,-0.1496821790933609
2080625024.0,-0.14415964484214783
2081562496.0,-0.13600865006446838
2082499968.0,-0.1278526484966278
2083437440.0,-0.11750614643096924
2084375040.0,-0.1068783551454544
2085312512.0,-0.09502454847097397
2086249984.0,-0.08418586105108261
2087187456.0,-0.07252764701843262
2088125056.0,-0.06035477668046951
2089062528.0,-0.04880644753575325
2090000000.0,-0.037699971348047256
2090937472.0,-0.027576424181461334
2091874944.0,-0.018271667882800102
2092812544.0,-0.008392153307795525
2093750016.0,-0.0008996290853247046
2094687488.0,0.0071280584670603275
2095624960.0,0.013850938528776169
2096562560.0,0.019899258390069008
2097500032.0,0.024473026394844055
2098437504.0,0.029933849349617958
2099374976.0,0.03449893742799759
2100312448.0,0.038515958935022354
2101250048.0,0.04140118509531021
2102187520.0,0.045563437044620514
2103124992.0,0.04939627647399902
2104062464.0,0.05332232266664505
2104999936.0,0.05801268666982651
2105937536.0,0.06162465363740921
2106875008.0,0.06579501926898956
2107812480.0,0.07067086547613144
2108749952.0,0.10174345970153809
2109687552.0,0.107408307492733
2110625024.0,0.11262603104114532
2111562496.0,0.11726929992437363
2112499968.0,0.12097661942243576
2113437440.0,0.12403980642557144
2114375040.0,0.12686271965503693
2115312512.0,0.12782400846481323
2116249984.0,0.12756790220737457
2117187456.0,0.12588250637054443
2118125056.0,0.12318016588687897
2119062528.0,0.11782857030630112
2120000000.0,0.11252988874912262
2120937472.0,0.10581247508525848
2121874944.0,0.0976257398724556
2122812544.0,0.08873052895069122
2123750016.0,0.07823777943849564
2124687488.0,0.06721820682287216
2125624960.0,0.055329836905002594
2126562560.0,0.043880075216293335
2127500032.0,0.03147377073764801
2128437504.0,0.01805044524371624
2129374976.0,0.005175285506993532
2130312448.0,-0.00783831998705864
2131250048.0,-0.019583063200116158
2132187520.0,-0.032232362776994705
2133124992.0,-0.044625382870435715
2134062464.0,-0.055208541452884674
2135000064.0,-0.06350590288639069
2135937536.0,-0.07324531674385071
2136875008.0,-0.0812385082244873
2137812480.0,-0.08699670433998108
2138749952.0,-0.09216051548719406
2139687552.0,-0.09574328362941742
2140625024.0,-0.09773029386997223
2141562496.0,-0.09941759705543518
2142499968.0,-0.09771721065044403
2143437440.0,-0.09681951254606247
2144375040.0,-0.0930282473564148
2145312512.0,-0.08865959942340851
2146249984.0,-0.08309996873140335
2147187456.0,-0.07645159959793091
2148124928.0,-0.06920960545539856
2149062400.0,-0.06211566925048828
2150000128.0,-0.05298105999827385
2150937600.0,-0.04436417669057846
2151875072.0,-0.03509048745036125
2152812544.0,-0.02621753327548504
2153750016.0,-0.018043065443634987
2154687488.0,-0.008163015358150005
2155624960.0,0.0006888419738970697
2156562432.0,0.0087533975020051
2157499904.0,0.0167593564838171
2158437376.0,0.024175729602575302
2159375104.0,0.02993382327258587
2160312576.0,0.03570647910237312
2161250048.0,0.04090459644794464
2162187520.0,0.0450548455119133
2163124992.0,0.04919242486357689
2164062464.0,0.051809411495923996
2164999936.0,0.05494197458028793
2165937408.0,0.05668436363339424
2166874880.0,0.05830174311995506
2167812608.0,0.05922983959317207
2168750080.0,0.13207729160785675
2169687552.0,0.13369005918502808
2170625024.0,0.13316190242767334
2171562496.0,0.1304604858160019
2172499968.0,0.1257275640964508
2173437440.0,0.11959408968687057
2174374912.0,0.11268490552902222
2175312384.0,0.10409189760684967
2176250112.0,0.0944075658917427
2177187584.0,0.08383557200431824
2178125056.0,0.07163125276565552
2179062528.0,0.05919228121638298
2180000000.0,0.045585520565509796
2180937472.0,0.03163838014006615
2181874944.0,0.018189124763011932
2182812416.0,0.004088225308805704
2183749888.0,-0.009986594319343567
2184687616.0,-0.02367367595434189
2185625088.0,-0.037102118134498596
2186562560.0,-0.05040774121880531
2187500032.0,-0.0624479278922081
2188437504.0,-0.07471917569637299
2189374976.0,-0.0873974934220314
2190312448.0,-0.09898584336042404
2191249920.0,-0.10856196284294128
2192187392.0,-0.11788768321275711
2193125120.0,-0.12609371542930603
2194062592.0,-0.1331518590450287
2195000064.0,-0.13858464360237122
2195937536.0,-0.1439313143491745
2196875008.0,-0.14845061302185059
2197812480.0,-0.15196989476680756
2198749952.0,-0.15418460965156555
2199687424.0,-0.1560790091753006
2200624896.0,-0.15701785683631897
2201562624.0,-0.15653406083583832
2202500096.0,-0.15551358461380005
2203437568.0,-0.15355663001537323
2204375040.0,-0.15102964639663696
2205312512.0,-0.1480499655008316
2206249984.0,-0.14473512768745422
2207187456.0,-0.14155679941177368
2208124928.0,-0.1360783725976944
2209062400.0,-0.1321566253900528
2209999872.0,-0.12625280022621155
2210937600.0,-0.11972222477197647
2211875072.0,-0.11301060020923615
2212812544.0,-0.10611550509929657
2213750016.0,-0.0976458191871643
2214687488.0,-0.0899062231183052
2215624960.0,-0.08270886540412903
2216562432.0,-0.07359617948532104
2217499904.0,-0.06376618891954422
2218437376.0,-0.05534977838397026
2219375104.0,-0.04609543830156326
2220312576.0,-0.03568856790661812
2221250048.0,-0.026450635865330696
2222187520.0,-0.01593262143433094
2223124992.0,-0.006158840376883745
2224062464.0,0.00418564397841692
2224999936.0,0.014205101877450943
2225937408.0,0.024289313703775406
2226874880.0,0.0345439650118351
2227812608.0,0.0458318367600441
2228750080.0,0.05193820223212242
2229687552.0,0.06196586787700653
2230625024.0,0.07023133337497711
2231562496.0,0.07782632112503052
2232499968.0,0.08494840562343597
2233437440.0,0.09107586741447449
2234374912.0,0.0951264426112175
2235312384.0,0.09853371232748032
2236250112.0,0.10002410411834717
2237187584.0,0.09992671012878418
2238125056.0,0.0979500412940979
2239062528.0,0.09433252364397049
2240000000.0,0.08827399462461472
2240937472.0,0.08240251988172531
2241874944.0,0.07405027002096176
2242812416.0,0.06410392373800278
2243749888.0,0.05410708114504814
2244687616.0,0.0420423187315464
2245625088.0,0.02918117865920067
2246562560.0,0.01606270670890808
2247500032.0,0.0016559837386012077
2248437504.0,-0.014519977383315563
2249374976.0,-0.03022453561425209
2250312448.0,-0.047741904854774475
2251249920.0,-0.06572574377059937
2252187392.0,-0.08511307835578918
2253125120.0,-0.10397470742464066
2254062592.0,-0.12387748807668686
2255000064.0,-0.1433461308479309
2255937536.0,-0.16350795328617096
2256875008.0,-0.1834157407283783
2257812480.0,-0.20365571975708008
2258749952.0,-0.2230466902256012
2259687424.0,-0.24323366582393646
2260624896.0,-0.26244449615478516
2261562624.0,-0.2802140712738037
2262500096.0,-0.2989218533039093
2263437568.0,-0.3157382309436798
2264375040.0,-0.33170342445373535
2265312512.0,-0.34591051936149597
2266249984.0,-0.3583854138851166
2267187456.0,-0.3707386255264282
2268124928.0,-0.3813791871070862
2269062400.0,-0.3899572193622589
2270000128.0,-0.39747172594070435
2270937600.0,-0.4025803804397583
2271875072.0,-0.4071696698665619
2272812544.0,-0.41041338443756104
2273750016.0,-0.4108882546424866
2274687488.0,-0.4105820059776306
2275624960.0,-0.40919071435928345
2276562432.0,-0.4057307541370392
2277499904.0,-0.40010735392570496
2278437376.0,-0.3940874934196472
2279375104.0,-0.3863278329372406
2280312576.0,-0.3780200183391571
2281250048.0,-0.3681451082229614
2282187520.0,-0.35763275623321533
2283124992.0,-0.34685248136520386
2284062464.0,-0.33478522300720215
2284999936.0,-0.3238902688026428
2285937408.0,-0.3107386529445648
2286874880.0,-0.2996405363082886
2287812608.0,-0.28959447145462036
2288750080.0,-0.30036821961402893
2289687552.0,-0.3017224967479706
2290625024.0,-0.30278584361076355
2291562496.0,-0.30574342608451843
2292499968.0,-0.30780813097953796
2293437440.0,-0.30966150760650635
2294374912.0,-0.31290727853775024
2295312384.0,-0.3171822726726532
2296250112.0,-0.32182440161705017
2297187584.0,-0.32904309034347534
2298125056.0,-0.3367467224597931
2299062528.0,-0.34616681933403015
2300000000.0,-0.3570132553577423
2300937472.0,-0.3692266345024109
2301874944.0,-0.38422849774360657
2302812416.0,-0.40158823132514954
2303749888.0,-0.4200344979763031
2304687616.0,-0.4409883916378021
2305625088.0,-0.46554073691368103
2306562560.0,-0.49208423495292664
2307500032.0,-0.5207114219665527
2308437504.0,-0.5517783761024475
2309374976.0,-0.5828880071640015
2310312448.0,-0.608731746673584
2311249920.0,-0.6363584995269775
2312187392.0,-0.6642189621925354
2313125120.0,-0.6932108402252197
2314062592.0,-0.7251912951469421
2315000064.0,-0.7568067312240601
2315937536.0,-0.7895843982696533
2316875008.0,-0.8234906792640686
2317812480.0,-0.8574771285057068
2318749952.0,-0.8920510411262512
2319687424.0,-0.9250646829605103
2320624896.0,-0.9585094451904297
2321562624.0,-0.9898866415023804
2322500096.0,-1.0207301378250122
2323437568.0,-1.0499547719955444
2324375040.0,-1.0757728815078735
2325312512.0,-1.1023964881896973
2326249984.0,-1.1246941089630127
2327187456.0,-1.1455962657928467
2328124928.0,-1.1643093824386597
2329062400.0,-1.1809155941009521
2329999872.0,-1.194644570350647
2330937600.0,-1.2070636749267578
2331875072.0,-1.2152538299560547
2332812544.0,-1.220301866531372
2333750016.0,-1.2246630191802979
2334687488.0,-1.224745750427246
2335624960.0,-1.2221593856811523
2336562432.0,-1.2176127433776855
2337499904.0,-1.2112079858779907
2338437376.0,-1.2022147178649902
2339375104.0,-1.1921272277832031
2340312576.0,-1.1799260377883911
2341250048.0,-1.167244791984558
2342187520.0,-1.152416467666626
2343124992.0,-1.1367629766464233
2344062464.0,-1.1202516555786133
2344999936.0,-1.1031701564788818
2345937408.0,-1.0852811336517334
2346874880.0,-1.0687071084976196
2347812608.0,-1.0513609647750854
2348750080.0,-1.019115686416626
2349687552.0,-1.0075513124465942
2350625024.0,-0.9948609471321106
2351562496.0,-0.9830166697502136
2352499968.0,-0.9713507294654846
2353437440.0,-0.9605449438095093
2354374912.0,-0.9503477215766907
2355312384.0,-0.9415778517723083
2356250112.0,-0.9342532753944397
2357187584.0,-0.9277145862579346
2358125056.0,-0.9222840666770935
2359062528.0,-0.9186780452728271
2360000000.0,-0.9157991409301758
2360937472.0,-0.9147388339042664
2361874944.0,-0.9154210686683655
2362812416.0,-0.9175710678100586
2363749888.0,-0.9225119948387146
2364687616.0,-0.9289215207099915
2365625088.0,-0.9361921548843384
2366562560.0,-0.944654107093811
2367500032.0,-0.9545069932937622
2368437504.0,-0.9652599096298218
2369374976.0,-0.9757910966873169
2370312448.0,-0.9869198203086853
2371249920.0,-0.9975278973579407
2372187392.0,-1.0067877769470215
2373125120.0,-1.0163213014602661
2374062592.0,-1.0232601165771484
2375000064.0,-1.0288364887237549
2375937536.0,-1.0309691429138184
2376875008.0,-1.0305379629135132
2377812480.0,-1.0266356468200684
2378749952.0,-1.0213407278060913
2379687424.0,-1.0117151737213135
2380624896.0,-0.9981101155281067
2381562624.0,-0.9825642704963684
2382500096.0,-0.9643514156341553
2383437568.0,-0.9417644739151001
2384375040.0,-0.9160910248756409
2385312512.0,-0.8893925547599792
2386249984.0,-0.859216570854187
2387187456.0,-0.8271681070327759
2388124928.0,-0.7949895858764648
2389062400.0,-0.7620447874069214
2390000128.0,-0.7276833653450012
2390937600.0,-0.6933087706565857
2391875072.0,-0.6581500768661499
2392812544.0,-0.6249676942825317
2393750016.0,-0.5911558866500854
2394687488.0,-0.5582912564277649
2395624960.0,-0.527581512928009
2396562432.0,-0.49590790271759033
2397499904.0,-0.4673965275287628
2398437376.0,-0.43763214349746704
2399375104.0,-0.4099569320678711
2400312576.0,-0.38267549872398376
2401250048.0,-0.35669299960136414
2402187520.0,-0.33163750171661377
2403124992.0,-0.3067868947982788
2404062464.0,-0.28280413150787354
2404999936.0,-0.25985807180404663
2405937408.0,-0.236627995967865
2406874880.0,-0.2143779993057251
2407812608.0,-0.19281280040740967
2408750080.0,-0.12045878171920776
2409687552.0,-0.09925732761621475
2410625024.0,-0.07956546545028687
2411562496.0,-0.061027634888887405
2412499968.0,-0.0440269373357296
2413437440.0,-0.029907071962952614
2414374912.0,-0.017232879996299744
2415312384.0,-0.007838067598640919
2416250112.0,-0.000573697907384485
2417187584.0,0.0030289706774055958
2418125056.0,0.003080632071942091
2419062528.0,0.000956786039751023
2420000000.0,-0.004498115740716457
2420937472.0,-0.013448798097670078
2421874944.0,-0.025040902197360992
2422812416.0,-0.041515421122312546
2423749888.0,-0.05975266546010971
2424687616.0,-0.08108838647603989
2425625088.0,-0.10434357821941376
2426562560.0,-0.13018660247325897
2427500032.0,-0.15820005536079407
2428437504.0,-0.1859385371208191
2429374976.0,-0.216372549533844
2430312448.0,-0.2464318573474884
2431249920.0,-0.27591559290885925
2432187392.0,-0.3051992654800415
2433125120.0,-0.33341890573501587
2434062592.0,-0.3608710765838623
2435000064.0,-0.38530194759368896
2435937536.0,-0.40812042355537415
2436875008.0,-0.4281088709831238
2437812480.0,-0.44355544447898865
2438749952.0,-0.45672816038131714
2439687424.0,-0.4659414291381836
2440624896.0,-0.4720768332481384
2441562624.0,-0.4746621549129486
2442500096.0,-0.47441017627716064
2443437568.0,-0.4679236114025116
2444375040.0,-0.4601568281650543
2445312512.0,-0.4471646845340729
2446249984.0,-0.43313878774642944
2447187456.0,-0.41322144865989685
2448124928.0,-0.3918050527572632
2449062400.0,-0.36829468607902527
2449999872.0,-0.34151217341423035
2450937600.0,-0.3140791356563568
2451875072.0,-0.2832849323749542
2452812544.0,-0.2523127496242523
2453750016.0,-0.22070834040641785
2454687488.0,-0.18785741925239563
2455624960.0,-0.15434926748275757
2456562432.0,-0.12156187742948532
2457499904.0,-0.08702711015939713
2458437376.0,-0.055019352585077286
2459375104.0,-0.022855911403894424
2460312576.0,0.008913224563002586
2461250048.0,0.03871386870741844
2462187520.0,0.06800330430269241
2463124992.0,0.09613513946533203
2464062464.0,0.1228175014257431
2464999936.0,0.14758118987083435
2465937408.0,0.17176802456378937
2466874880.0,0.19376781582832336
2467812608.0,0.21516631543636322
2468750080.0,0.12664873898029327
2469687552.0,0.1398717612028122
2470625024.0,0.15534086525440216
2471562496.0,0.16748131811618805
2472499968.0,0.17821450531482697
2473437440.0,0.18761086463928223
2474374912.0,0.19518540799617767
2475312384.0,0.20030611753463745
2476250112.0,0.20404654741287231
2477187584.0,0.20472688972949982
2478125056.0,0.20419594645500183
2479062528.0,0.20155861973762512
2480000000.0,0.19724516570568085
2480937472.0,0.19074106216430664
2481874944.0,0.18191935122013092
2482812416.0,0.1725178360939026
2483749888.0,0.16071435809135437
2484687616.0,0.14640355110168457
2485625088.0,0.13065825402736664
2486562560.0,0.11469288170337677
2487500032.0,0.09662972390651703
2488437504.0,0.07779286801815033
2489374976.0,0.05741691589355469
2490312448.0,0.036939505487680435
2491249920.0,0.016506293788552284
2492187392.0,-0.005159427877515554
2493125120.0,-0.025749631226062775
2494062592.0,-0.04760206118226051
2495000064.0,-0.0676787719130516
2495937536.0,-0.08805126696825027
2496875008.0,-0.1065521314740181
2497812480.0,-0.12410466372966766
2498749952.0,-0.1405976414680481
2499687424.0,-0.1562659591436386
2500624896.0,-0.1709395796060562
2501562624.0,-0.18216192722320557
2502500096.0,-0.19263434410095215
2503437568.0,-0.2002207338809967
2504375040.0,-0.2065301537513733
2505312512.0,-0.21113474667072296
2506249984.0,-0.21373306214809418
2507187456.0,-0.21369893848896027
2508124928.0,-0.21237319707870483
2509062400.0,-0.2081577628850937
2510000128.0,-0.2028246819972992
2510937600.0,-0.1958967000246048
2511875072.0,-0.1863468736410141
2512812544.0,-0.1753922551870346
2513750016.0,-0.16176055371761322
2514687488.0,-0.14830344915390015
2515624960.0,-0.13253085315227509
2516562432.0,-0.116365946829319
2517499904.0,-0.09945166856050491
2518437376.0,-0.08026356250047684
2519375104.0,-0.06077517569065094
2520312576.0,-0.04092254489660263
2521250048.0,-0.02167498506605625
2522187520.0,-0.002513755578547716
2523124992.0,0.01634615659713745
2524062464.0,0.035211604088544846
2524999936.0,0.053746290504932404
2525937408.0,0.07142114639282227
2526874880.0,0.08850865811109543
2527812608.0,0.10367713868618011
2528750080.0,0.15791729092597961
2529687552.0,0.16306690871715546
2530625024.0,0.16825485229492188
2531562496.0,0.1729547530412674
2532499968.0,0.17704704403877258
2533437440.0,0.17922569811344147
2534374912.0,0.18044938147068024
2535312384.0,0.18093562126159668
2536250112.0,0.18129950761795044
2537187584.0,0.180242657661438
2538125056.0,0.17753413319587708
2539062528.0,0.17466318607330322
2540000000.0,0.17091533541679382
2540937472.0,0.16389958560466766
2541874944.0,0.15770669281482697
2542812416.0,0.14966793358325958
2543749888.0,0.14123034477233887
2544687616.0,0.1317901462316513
2545625088.0,0.1205633282661438
2546562560.0,0.10910750925540924
2547500032.0,0.09589850902557373
2548437504.0,0.08240067213773727
2549374976.0,0.06794958561658859
2550312448.0,0.05277491733431816
2551249920.0,0.03667333722114563
2552187392.0,0.02049843966960907
2553125120.0,0.0035964716225862503
2554062592.0,-0.012790844775736332
2555000064.0,-0.028123831376433372
2555937536.0,-0.04524648189544678
2556875008.0,-0.060523126274347305
2557812480.0,-0.0755145400762558
2558749952.0,-0.08907851576805115
2559687424.0,-0.10282114148139954
2560624896.0,-0.11467090249061584
2561562624.0,-0.12550455331802368
2562500096.0,-0.13427498936653137
2563437568.0,-0.14207269251346588
2564375040.0,-0.14843697845935822
2565312512.0,-0.15218594670295715
2566249984.0,-0.15391027927398682
2567187456.0,-0.15486936271190643
2568124928.0,-0.15265914797782898
2569062400.0,-0.14853663742542267
2569999872.0,-0.14337530732154846
2570937600.0,-0.13537509739398956
2571875072.0,-0.12566933035850525
2572812544.0,-0.11456363648176193
2573750016.0,-0.10120218992233276
2574687488.0,-0.08752001821994781
2575624960.0,-0.07073232531547546
2576562432.0,-0.0548270046710968
2577499904.0,-0.03728624805808067
2578437376.0,-0.0188295878469944
2579375104.0,0.0006670794100500643
2580312576.0,0.020116208121180534
2581250048.0,0.040589191019535065
2582187520.0,0.05979317054152489
2583124992.0,0.07860901206731796
2584062464.0,0.09802263230085373
2584999936.0,0.11539284139871597
2585937408.0,0.13230225443840027
2586874880.0,0.14844536781311035
2587812608.0,0.16223765909671783
2588750080.0,0.1862688511610031
2589687552.0,0.19463686645030975
2590625024.0,0.19978703558444977
2591562496.0,0.2042068988084793
2592499968.0,0.20439644157886505
2593437440.0,0.203511580824852
2594374912.0,0.19915485382080078
2595312384.0,0.19492776691913605
2596250112.0,0.186781644821167
2597187584.0,0.17723949253559113
2598125056.0,0.16669072210788727
2599062528.0,0.1544216275215149
2600000000.0,0.14222492277622223
2600937472.0,0.1265450268983841
2601874944.0,0.11157641559839249
2602812416.0,0.0950721800327301
2603749888.0,0.07860133051872253
2604687616.0,0.06222217530012131
2605625088.0,0.046186596155166626
2606562560.0,0.029259739443659782
2607500032.0,0.01393341924995184
2608437504.0,-0.001902435440570116
2609374976.0,-0.016393618658185005
2610312448.0,-0.029855716973543167
2611249920.0,-0.043133996427059174
2612187392.0,-0.054462190717458725
2613125120.0,-0.0646822601556778
2614062592.0,-0.07414127886295319
2615000064.0,-0.0826927199959755
2615937536.0,-0.08996321260929108
2616875008.0,-0.09594498574733734
2617812480.0,-0.1011076420545578
2618749952.0,-0.10468453168869019
2619687424.0,-0.10775206983089447
2620624896.0,-0.1089438870549202
2621562624.0,-0.11038996279239655
2622500096.0,-0.11074770241975784
2623437568.0,-0.10995468497276306
2624375040.0,-0.10893462598323822
2625312512.0,-0.10621001571416855
2626249984.0,-0.10334019362926483
2627187456.0,-0.10016205161809921
2628124928.0,-0.09576822072267532
2629062400.0,-0.09114312380552292
2630000128.0,-0.08503536134958267
2630937600.0,-0.07947635650634766
2631875072.0,-0.07271305471658707
2632812544.0,-0.06654848158359528
2633750016.0,-0.057910241186618805
2634687488.0,-0.04970579221844673
2635624960.0,-0.04146752506494522
2636562432.0,-0.030232641845941544
2637499904.0,-0.01955852098762989
2638437376.0,-0.007730737328529358
2639375104.0,0.00406152568757534
2640312576.0,0.0171884186565876
2641250048.0,0.03077908605337143
2642187520.0,0.045489534735679626
2643124992.0,0.06059415638446808
2644062464.0,0.07549316436052322
2644999936.0,0.09214621782302856
2645937408.0,0.10817760229110718
2646874880.0,0.12472198158502579
2647812608.0,0.20012962818145752
2648750080.0,0.21161529421806335
2649687552.0,0.22049784660339355
2650625024.0,0.22676046192646027
2651562496.0,0.2314518690109253
2652499968.0,0.23459374904632568
2653437440.0,0.2353590875864029
2654374912.0,0.2318498194217682
2655312384.0,0.226774200797081
2656250112.0,0.218378484249115
2657187584.0,0.18162569403648376
2658125056.0,0.16438089311122894
2659062528.0,0.14377956092357635
2660000000.0,0.1213742047548294
2660937472.0,0.0964839905500412
2661874944.0,0.07014340907335281
2662812416.0,0.043039675801992416
2663749888.0,0.013481459580361843
2664687616.0,-0.01610036939382553
2665625088.0,-0.04547393321990967
2666562560.0,-0.0748920813202858
2667500032.0,-0.10394660383462906
2668437504.0,-0.13183410465717316
2669374976.0,-0.1575727015733719
2670312448.0,-0.18188898265361786
2671249920.0,-0.20399907231330872
2672187392.0,-0.22386565804481506
2673125120.0,-0.24016344547271729
2674062592.0,-0.2534046471118927
2675000064.0,-0.2650545537471771
2675937536.0,-0.27279528975486755
2676875008.0,-0.27771973609924316
2677812480.0,-0.2808540463447571
2678749952.0,-0.2795637249946594
2679687424.0,-0.2760085165500641
2680624896.0,-0.26878514885902405
2681562624.0,-0.26052162051200867
2682500096.0,-0.24895936250686646
2683437568.0,-0.23581691086292267
2684375040.0,-0.22112450003623962
2685312512.0,-0.20392362773418427
2686249984.0,-0.1864740401506424
2687187456.0,-0.16680872440338135
2688124928.0,-0.1470322161912918
2689062400.0,-0.12719887495040894
2689999872.0,-0.10708163678646088
2690937600.0,-0.08547882735729218
2691875072.0,-0.06477256119251251
2692812544.0,-0.04569988325238228
2693750016.0,-0.025106612592935562
2694687488.0,-0.005172244738787413
2695624960.0,0.013847574591636658
2696562432.0,0.03322688117623329
2697499904.0,0.052559372037649155
2698437376.0,0.06900148093700409
2699375104.0,0.08806072175502777
2700312576.0,0.10458473116159439
2701250048.0,0.12242630124092102
2702187520.0,0.138213112950325
2703124992.0,0.15481474995613098
2704062464.0,0.1701073944568634
2704999936.0,0.1852123737335205
2705937408.0,0.1989223212003708
2706874880.0,0.21201805770397186
2707812608.0,0.18413807451725006
2708750080.0,0.1908319890499115
2709687552.0,0.19618341326713562
2710625024.0,0.19975212216377258
2711562496.0,0.20274068415164948
2712499968.0,0.2035355269908905
2713437440.0,0.20368783175945282
2714374912.0,0.20142558217048645
2715312384.0,0.19860859215259552
2716250112.0,0.19406698644161224
2717187584.0,0.18847519159317017
2718125056.0,0.17982377111911774
2719062528.0,0.17111660540103912
2720000000.0,0.15964820981025696
2720937472.0,0.14767923951148987
2721874944.0,0.1351265013217926
2722812416.0,0.11997821182012558
2723749888.0,0.10367453098297119
2724687616.0,0.08690766245126724
2725625088.0,0.06853383034467697
2726562560.0,0.05030747130513191
2727500032.0,0.031489431858062744
2728437504.0,0.012333538383245468
2729374976.0,-0.007252568379044533
2730312448.0,-0.026794452220201492
2731249920.0,-0.046492647379636765
2732187392.0,-0.06576644629240036
2733125120.0,-0.08451315760612488
2734062592.0,-0.10272326320409775
2735000064.0,-0.12023167312145233
2735937536.0,-0.13698755204677582
2736875008.0,-0.1523285061120987
2737812480.0,-0.16634802520275116
2738749952.0,-0.17911645770072937
2739687424.0,-0.1903778612613678
2740624896.0,-0.1999102085828781
2741562624.0,-0.20676083862781525
2742500096.0,-0.21416601538658142
2743437568.0,-0.21842995285987854
2744375040.0,-0.22042979300022125
2745312512.0,-0.22111181914806366
2746249984.0,-0.21978825330734253
2747187456.0,-0.2166142463684082
2748124928.0,-0.21150363981723785
2749062400.0,-0.20495931804180145
2750000128.0,-0.19595853984355927
2750937600.0,-0.18590043485164642
2751875072.0,-0.17469242215156555
2752812544.0,-0.16095544397830963
2753750016.0,-0.1455477774143219
2754687488.0,-0.1296004205942154
2755624960.0,-0.11212193220853806
2756562432.0,-0.09476908296346664
2757499904.0,-0.07584209740161896
2758437376.0,-0.05738018453121185
2759375104.0,-0.037335105240345
2760312576.0,-0.01728384755551815
2761250048.0,0.002125509548932314
2762187520.0,0.02172126993536949
2763124992.0,0.040743350982666016
2764062464.0,0.059516455978155136
2764999936.0,0.07664776593446732
2765937408.0,0.09347139298915863
2766874880.0,0.10830698907375336
2767812608.0,0.16657797992229462
2768750080.0,0.16674377024173737
2769687552.0,0.16470225155353546
2770625024.0,0.16266295313835144
2771562496.0,0.15953975915908813
2772499968.0,0.15606634318828583
2773437440.0,0.15219877660274506
2774374912.0,0.14648814499378204
2775312384.0,0.13919588923454285
2776250112.0,0.13138526678085327
2777187584.0,0.12309610843658447
2778125056.0,0.11441199481487274
2779062528.0,0.10449940711259842
2780000000.0,0.09417033195495605
2780937472.0,0.0836455225944519
2781874944.0,0.07211052626371384
2782812416.0,0.05999014526605606
2783749888.0,0.04746968671679497
2784687616.0,0.03508112579584122
2785625088.0,0.021604230627417564
2786562560.0,0.008497766219079494
2787500032.0,-0.0051111518405377865
2788437504.0,-0.017730390653014183
2789374976.0,-0.03123326227068901
2790312448.0,-0.04413846507668495
2791249920.0,-0.05664059892296791
2792187392.0,-0.06881170719861984
2793125120.0,-0.08005636930465698
2794062592.0,-0.09080434590578079
2795000064.0,-0.10111618787050247
2795937536.0,-0.10988421738147736
2796875008.0,-0.1178172379732132
2797812480.0,-0.12535783648490906
2798749952.0,-0.13063718378543854
2799687424.0,-0.13508765399456024
2800624896.0,-0.1382138431072235
2801562624.0,-0.14000250399112701
2802500096.0,-0.13889338076114655
2803437568.0,-0.13766621053218842
2804375040.0,-0.13482315838336945
2805312512.0,-0.13035714626312256
2806249984.0,-0.12406270205974579
2807187456.0,-0.1169874295592308
2808124928.0,-0.10854703187942505
2809062400.0,-0.0973987728357315
2809999872.0,-0.08607752621173859
2810937600.0,-0.07255131751298904
2811875072.0,-0.05822429805994034
2812812544.0,-0.043266862630844116
2813750016.0,-0.028435157611966133
2814687488.0,-0.011827224865555763
2815624960.0,0.004656568635255098
2816562432.0,0.02174244448542595
2817499904.0,0.03937683627009392
2818437376.0,0.0568602979183197
2819375104.0,0.0729738399386406
2820312576.0,0.08831661194562912
2821250048.0,0.10436674952507019
2822187520.0,0.11847627907991409
2823124992.0,0.13127340376377106
2824062464.0,0.1437479704618454
2824999936.0,0.15410661697387695
2825937408.0,0.1610468029975891
2826874880.0,0.16938014328479767
2827812608.0,0.18354324996471405
2828750080.0,0.1851605325937271
2829687552.0,0.18454395234584808
2830625024.0,0.18093924224376678
2831562496.0,0.17714804410934448
2832499968.0,0.16924060881137848
2833437440.0,0.15874069929122925
2834374912.0,0.14737877249717712
2835312384.0,0.13366807997226715
2836250112.0,0.11810589581727982
2837187584.0,0.10131209343671799
2838125056.0,0.08320297300815582
2839062528.0,0.06454049050807953
2840000000.0,0.04557301476597786
2840937472.0,0.02553575485944748
2841874944.0,0.006717611104249954
2842812416.0,-0.012380584143102169
2843749888.0,-0.030381472781300545
2844687616.0,-0.047924548387527466
2845625088.0,-0.06440054625272751
2846562560.0,-0.07948511093854904
2847500032.0,-0.09388060867786407
2848437504.0,-0.1062890887260437
2849374976.0,-0.11650672554969788
2850312448.0,-0.12499964237213135
2851249920.0,-0.13183216750621796
2852187392.0,-0.136829674243927
2853125120.0,-0.1405710130929947
2854062592.0,-0.14309947192668915
2855000064.0,-0.14184537529945374
2855937536.0,-0.13971549272537231
2856875008.0,-0.13770751655101776
2857812480.0,-0.13200846314430237
2858749952.0,-0.1263575255870819
2859687424.0,-0.11942188441753387
2860624896.0,-0.11015274375677109
2861562624.0,-0.10182702541351318
2862500096.0,-0.0916711613535881
2863437568.0,-0.08040110021829605
2864375040.0,-0.0687975287437439
2865312512.0,-0.05688752233982086
2866249984.0,-0.04430314898490906
2867187456.0,-0.03189551457762718
2868124928.0,-0.01863251067698002
2869062400.0,-0.006511668674647808
2870000128.0,0.006458456628024578
2870937600.0,0.019077016040682793
2871875072.0,0.03072165697813034
2872812544.0,0.0435088612139225
2873750016.0,0.055270906537771225
2874687488.0,0.0671423152089119
2875624960.0,0.07839804887771606
2876562432.0,0.08900579065084457
2877499904.0,0.09963201731443405
2878437376.0,0.1096222847700119
2879375104.0,0.12044938653707504
2880312576.0,0.1294410675764084
2881250048.0,0.13694632053375244
2882187520.0,0.14410941302776337
2883124992.0,0.1507689505815506
2884062464.0,0.15767136216163635
2884999936.0,0.16194643080234528
2885937408.0,0.16610835492610931
2886874880.0,0.16806843876838684
2887812608.0,0.16934508085250854
2888750080.0,0.17097310721874237
2889687552.0,0.17041246592998505
2890625024.0,0.16872954368591309
2891562496.0,0.16479188203811646
2892499968.0,0.15944774448871613
2893437440.0,0.1524149477481842
2894374912.0,0.1435772180557251
2895312384.0,0.13402658700942993
2896250112.0,0.12188897281885147
2897187584.0,0.11000177264213562
2898125056.0,0.0953940898180008
2899062528.0,0.07995249330997467
2900000000.0,0.062498558312654495
2900937472.0,0.04474608972668648
2901874944.0,0.026917798444628716
2902812416.0,0.008725333958864212
2903749888.0,-0.010722486302256584
2904687616.0,-0.029888903722167015
2905625088.0,-0.04821278527379036
2906562560.0,-0.06765221059322357
2907500032.0,-0.08467774838209152
2908437504.0,-0.10158278048038483
2909374976.0,-0.11737430840730667
2910312448.0,-0.13122040033340454
2911249920.0,-0.1438542753458023
2912187392.0,-0.15506026148796082
2913125120.0,-0.16319118440151215
2914062592.0,-0.17113736271858215
2915000064.0,-0.1765017807483673
2915937536.0,-0.1781897246837616
2916875008.0,-0.17992974817752838
2917812480.0,-0.1797591745853424
2918749952.0,-0.17590728402137756
2919687424.0,-0.17096826434135437
2920624896.0,-0.1639116108417511
2921562624.0,-0.1538834571838379
2922500096.0,-0.14430305361747742
2923437568.0,-0.13081640005111694
2924375040.0,-0.11673116683959961
2925312512.0,-0.10129877179861069
2926249984.0,-0.08503522723913193
2927187456.0,-0.06847648322582245
2928124928.0,-0.050303418189287186
2929062400.0,-0.03257680684328079
2929999872.0,-0.014419563114643097
2930937600.0,0.0032314627896994352
2931875072.0,0.020748870447278023
2932812544.0,0.03926212713122368
2933750016.0,0.05568583682179451
2934687488.0,0.07114666700363159
2935624960.0,0.08582478761672974
2936562432.0,0.09879247844219208
2937499904.0,0.11043696105480194
2938437376.0,0.12029112875461578
2939375104.0,0.13040673732757568
2940312576.0,0.13802964985370636
2941250048.0,0.14350439608097076
2942187520.0,0.14746733009815216
2943124992.0,0.15172547101974487
2944062464.0,0.15204468369483948
2944999936.0,0.1534460037946701
2945937408.0,0.15221557021141052
2946874880.0,0.1501375287771225
2947812608.0,0.14454405009746552
2948750080.0,0.14317922294139862
2949687552.0,0.13950130343437195
2950625024.0,0.13522961735725403
2951562496.0,0.13004237413406372
2952499968.0,0.12509164214134216
2953437440.0,0.1174623966217041
2954374912.0,0.10996665060520172
2955312384.0,0.10107005387544632
2956250112.0,0.09197276085615158
2957187584.0,0.08285434544086456
2958125056.0,0.07331003248691559
2959062528.0,0.06284421682357788
2960000000.0,0.05209456384181976
2960937472.0,0.04079410061240196
2961874944.0,0.0295852143317461
2962812416.0,0.01708776131272316
2963749888.0,0.005145274568349123
2964687616.0,-0.006164316087961197
2965625088.0,-0.01820407062768936
2966562560.0,-0.029972007498145103
2967500032.0,-0.042485956102609634
2968437504.0,-0.053964827209711075
2969374976.0,-0.0650428906083107
2970312448.0,-0.07514219731092453
2971249920.0,-0.08604223281145096
2972187392.0,-0.09529721736907959
2973125120.0,-0.10424546152353287
2974062592.0,-0.11267895251512527
2975000064.0,-0.11881234496831894
2975937536.0,-0.12569646537303925
2976875008.0,-0.13087491691112518
2977812480.0,-0.1357470154762268
2978749952.0,-0.13934728503227234
2979687424.0,-0.14162513613700867
2980624896.0,-0.14247283339500427
2981562624.0,-0.14092281460762024
2982500096.0,-0.1400032788515091
2983437568.0,-0.13714969158172607
2984375040.0,-0.13379210233688354
2985312512.0,-0.13013818860054016
2986249984.0,-0.12479753792285919
2987187456.0,-0.11884690821170807
2988124928.0,-0.11200406402349472
2989062400.0,-0.10482747107744217
2990000128.0,-0.09648042172193527
2990937600.0,-0.08804062008857727
2991875072.0,-0.08006545901298523
2992812544.0,-0.0709625780582428
2993750016.0,-0.06230252981185913
2994687488.0,-0.05306742340326309
2995624960.0,-0.044228293001651764
2996562432.0,-0.03647826611995697
2997499904.0,-0.028673777356743813
2998437376.0,-0.021524230018258095
2999375104.0,-0.015454515814781189
3000312576.0,-0.011779483407735825
3001250048.0,-0.006899290252476931
3002187520.0,-0.0031389303039759398
3003124992.0,0.0003087051445618272
3004062464.0,0.002469434170052409
3004999936.0,0.0032913240138441324
3005937408.0,0.0024911933578550816
3006874880.0,0.0026870877481997013
3007812608.0,-0.0005960781127214432
3008750080.0,-0.004205422475934029
3009687552.0,-0.0082161296159029
3010625024.0,-0.011130456812679768
3011562496.0,-0.014950363896787167
3012499968.0,-0.01883581653237343
3013437440.0,-0.02279900759458542
3014374912.0,-0.027661042287945747
3015312384.0,-0.031646281480789185
3016250112.0,-0.037228360772132874
3017187584.0,-0.041859984397888184
3018125056.0,-0.04611771181225777
3019062528.0,-0.05214153975248337
3020000000.0,-0.05662539228796959
3020937472.0,-0.06168392673134804
3021874944.0,-0.0663890466094017
3022812416.0,-0.07117738574743271
3023749888.0,-0.07594630867242813
3024687616.0,-0.08077441900968552
3025625088.0,-0.08420258015394211
3026562560.0,-0.08879092335700989
3027500032.0,-0.09441028535366058
3028437504.0,-0.0983334630727768
3029374976.0,-0.10196033865213394
3030312448.0,-0.106223925948143
3031249920.0,-0.11021549254655838
3032187392.0,-0.11472559720277786
3033125120.0,-0.11880575865507126
3034062592.0,-0.12177781760692596
3035000064.0,-0.12476898729801178
3035937536.0,-0.12737102806568146
3036875008.0,-0.13048096001148224
3037812480.0,-0.1329418122768402
3038749952.0,-0.13360010087490082
3039687424.0,-0.13481442630290985
3040624896.0,-0.13629159331321716
3041562624.0,-0.1371493637561798
3042500096.0,-0.13649587333202362
3043437568.0,-0.13580992817878723
3044375040.0,-0.1345806121826172
3045312512.0,-0.13319076597690582
3046249984.0,-0.13050103187561035
3047187456.0,-0.12722502648830414
3048124928.0,-0.12440527230501175
3049062400.0,-0.12034180760383606
3049999872.0,-0.11661981791257858
3050937600.0,-0.11230213195085526
3051875072.0,-0.10803597420454025
3052812544.0,-0.10310927033424377
3053750016.0,-0.09791969507932663
3054687488.0,-0.09278514981269836
3055624960.0,-0.08748909085988998
3056562432.0,-0.08127183467149734
3057499904.0,-0.07707593590021133
3058437376.0,-0.07205332815647125
3059375104.0,-0.06679398566484451
3060312576.0,-0.061801452189683914
3061250048.0,-0.057678092271089554
3062187520.0,-0.05334055796265602
3063124992.0,-0.05033131316304207
3064062464.0,-0.046949248760938644
3064999936.0,-0.044252727180719376
3065937408.0,-0.04346367344260216
3066874880.0,-0.04184485599398613
3067812608.0,-0.028241489082574844
3068750080.0,-0.03371644392609596
3069687552.0,-0.03903903067111969
3070625024.0,-0.04591833055019379
3071562496.0,-0.052774008363485336
3072499968.0,-0.06103526055812836
3073437440.0,-0.0689152255654335
3074374912.0,-0.07740464061498642
3075312384.0,-0.08461803942918777
3076250112.0,-0.09418483823537827
3077187584.0,-0.10192558169364929
3078125056.0,-0.10949243605136871
3079062528.0,-0.11723579466342926
3080000000.0,-0.12365986406803131
3080937472.0,-0.13044126331806183
3081874944.0,-0.13607195019721985
3082812416.0,-0.14002282917499542
3083749888.0,-0.14393959939479828
3084687616.0,-0.14622806012630463
3085625088.0,-0.14767581224441528
3086562560.0,-0.14783427119255066
3087500032.0,-0.14625655114650726
3088437504.0,-0.14481115341186523
3089374976.0,-0.14186307787895203
3090312448.0,-0.13783347606658936
3091249920.0,-0.13230276107788086
3092187392.0,-0.12556372582912445
3093125120.0,-0.11920025944709778
3094062592.0,-0.11155946552753448
3095000064.0,-0.10358170419931412
3095937536.0,-0.09461040794849396
3096875008.0,-0.08525656908750534
3097812480.0,-0.07589267194271088
3098749952.0,-0.06647977977991104
3099687424.0,-0.05675211548805237
3100624896.0,-0.046829625964164734
3101562624.0,-0.03665520250797272
3102500096.0,-0.02693657949566841
3103437568.0,-0.017615484073758125
3104375040.0,-0.007975837215781212
3105312512.0,-0.00040470066596753895
3106249984.0,0.008944252505898476
3107187456.0,0.0170513354241848
3108124928.0,0.024478666484355927
3109062400.0,0.03177840635180473
3110000128.0,0.03833898901939392
3110937600.0,0.043563373386859894
3111875072.0,0.04897341877222061
3112812544.0,0.053225837647914886
3113750016.0,0.05707361921668053
3114687488.0,0.06065709888935089
3115624960.0,0.0635121762752533
3116562432.0,0.06663428992033005
3117499904.0,0.06979925185441971
3118437376.0,0.07179594039916992
3119375104.0,0.07341375201940536
3120312576.0,0.07488250732421875
3121250048.0,0.0758243054151535
3122187520.0,0.07803236693143845
3123124992.0,0.07904499024152756
3124062464.0,0.07945189625024796
3124999936.0,0.07955804467201233
3125937408.0,0.0804772675037384
3126874880.0,0.08071201294660568
3127812608.0,0.1009344756603241
3128750080.0,0.09722060710191727
3129687552.0,0.09453761577606201
3130625024.0,0.0920134112238884
3131562496.0,0.09042011201381683
3132499968.0,0.08780808746814728
3133437440.0,0.08651003986597061
3134374912.0,0.08466087281703949
3135312384.0,0.08393428474664688
3136250112.0,0.08175569772720337
3137187584.0,0.08127415180206299
3138125056.0,0.07996673136949539
3139062528.0,0.07906756550073624
3140000000.0,0.07797636091709137
3140937472.0,0.07765668630599976
3141874944.0,0.07666568458080292
3142812416.0,0.07601836323738098
3143749888.0,0.0755980834364891
3144687616.0,0.07462696731090546
3145625088.0,0.07386001944541931
3146562560.0,0.07247897982597351
3147500032.0,0.07056204974651337
3148437504.0,0.0681910440325737
3149374976.0,0.06524530798196793
3150312448.0,0.06245839595794678
3151249920.0,0.05908394977450371
3152187392.0,0.05420924723148346
3153125120.0,0.04887207970023155
3154062592.0,0.043233372271060944
3155000064.0,0.03737016022205353
3155937536.0,0.030420856550335884
3156875008.0,0.022358451038599014
3157812480.0,0.013522270135581493
3158749952.0,0.005188243929296732
3159687424.0,-0.0041771624237298965
3160624896.0,-0.014681853353977203
3161562624.0,-0.02515864372253418
3162500096.0,-0.03576958552002907
3163437568.0,-0.046252407133579254
3164375040.0,-0.058177608996629715
3165312512.0,-0.06943655759096146
3166249984.0,-0.08088326454162598
3167187456.0,-0.09173721075057983
3168124928.0,-0.10145045071840286
3169062400.0,-0.11229322105646133
3169999872.0,-0.12157756835222244
3170937600.0,-0.13038696348667145
3171875072.0,-0.1384536474943161
3172812544.0,-0.1451496034860611
3173750016.0,-0.15144264698028564
3174687488.0,-0.15577994287014008
3175624960.0,-0.1596657782793045
3176562432.0,-0.1618368923664093
3177499904.0,-0.1631069928407669
3178437376.0,-0.16245073080062866
3179375104.0,-0.1592244654893875
3180312576.0,-0.15714047849178314
3181250048.0,-0.15136125683784485
3182187520.0,-0.14459769427776337
3183124992.0,-0.1360016018152237
3184062464.0,-0.12645970284938812
3184999936.0,-0.1162995845079422
3185937408.0,-0.10413458943367004
3186874880.0,-0.09103620797395706
3187812608.0,0.03675810992717743
3188750080.0,0.03480598330497742
3189687552.0,0.03391590341925621
3190625024.0,0.03348195180296898
3191562496.0,0.034155912697315216
3192499968.0,0.034984905272722244
3193437440.0,0.03719383105635643
3194374912.0,0.039116088300943375
3195312384.0,0.04271778464317322
3196250112.0,0.04664737358689308
3197187584.0,0.049162983894348145
3198125056.0,0.05405895784497261
3199062528.0,0.0582653284072876
3200000000.0,0.06207147613167763
3200937472.0,0.065286785364151
3201874944.0,0.06903108209371567
3202812416.0,0.07064942270517349
3203749888.0,0.07190684974193573
3204687616.0,0.07281158119440079
3205625088.0,0.0719173327088356
3206562560.0,0.07036828249692917
3207500032.0,0.0675903856754303
3208437504.0,0.06328592449426651
3209374976.0,0.058458682149648666
3210312448.0,0.05279020220041275
3211249920.0,0.045293860137462616
3212187392.0,0.03682401403784752
3213125120.0,0.027073660865426064
3214062592.0,0.016780748963356018
3215000064.0,0.005233850795775652
3215937536.0,-0.005318627692759037
3216875008.0,-0.01869858242571354
3217812480.0,-0.03163355588912964
3218749952.0,-0.04329106956720352
3219687424.0,-0.05645653232932091
3220624896.0,-0.06859065592288971
3221562624.0,-0.08000501245260239
3222500096.0,-0.09165047109127045
3223437568.0,-0.10275523364543915
3224375040.0,-0.11345349252223969
3225312512.0,-0.12201175093650818
3226249984.0,-0.13018780946731567
3227187456.0,-0.1362633854150772
3228124928.0,-0.1424933224916458
3229062400.0,-0.14584596455097198
3230000128.0,-0.1484336256980896
3230937600.0,-0.1499963402748108
3231875072.0,-0.14918944239616394
3232812544.0,-0.14839597046375275
3233750016.0,-0.14682650566101074
3234687488.0,-0.14257296919822693
3235624960.0,-0.13785725831985474
3236562432.0,-0.13332366943359375
3237499904.0,-0.12811410427093506
3238437376.0,-0.12222345173358917
3239375104.0,-0.1170191764831543
3240312576.0,-0.11040588468313217
3241250048.0,-0.10442385822534561
3242187520.0,-0.09932445734739304
3243124992.0,-0.09389680624008179
3244062464.0,-0.08972670137882233
3244999936.0,-0.0871080532670021
3245937408.0,-0.08477476239204407
3246874880.0,-0.08390519767999649
3247812608.0,-0.07552895694971085
3248750080.0,-0.07937616854906082
3249687552.0,-0.08276712149381638
3250625024.0,-0.08558671921491623
3251562496.0,-0.08933582156896591
3252499968.0,-0.09224002808332443
3253437440.0,-0.0929340273141861
3254374912.0,-0.09458106011152267
3255312384.0,-0.09496039152145386
3256250112.0,-0.09389912337064743
3257187584.0,-0.09186482429504395
3258125056.0,-0.0887615978717804
3259062528.0,-0.08461126685142517
3260000000.0,-0.07919196039438248
3260937472.0,-0.07399296015501022
3261874944.0,-0.06654755771160126
3262812416.0,-0.058949656784534454
3263749888.0,-0.05137346312403679
3264687616.0,-0.043471138924360275
3265625088.0,-0.034569207578897476
3266562560.0,-0.02727499231696129
3267500032.0,-0.020714396610856056
3268437504.0,-0.014091324992477894
3269374976.0,-0.009720340371131897
3270312448.0,-0.004828091710805893
3271249920.0,-0.0023158187977969646
3272187392.0,-6.462893361458555e-05
3273125120.0,0.00018590790568850935
3274062592.0,-0.00022676988737657666
3275000064.0,-0.0016121097141876817
3275937536.0,-0.003264322644099593
3276875008.0,-0.0056294528767466545
3277812480.0,-0.00811032485216856
3278749952.0,-0.0098448870703578
3279687424.0,-0.012454432435333729
3280624896.0,-0.014242500066757202
3281562624.0,-0.014779609628021717
3282500096.0,-0.0156168881803751
3283437568.0,-0.01598815806210041
3284375040.0,-0.014852705411612988
3285312512.0,-0.01388514693826437
3286249984.0,-0.011718946509063244
3287187456.0,-0.00966525636613369
3288124928.0,-0.008162327110767365
3289062400.0,-0.007133055943995714
3289999872.0,-0.006777017842978239
3290937600.0,-0.006055833306163549
3291875072.0,-0.0067686098627746105
3292812544.0,-0.009072701446712017
3293750016.0,-0.011835192330181599
3294687488.0,-0.015788253396749496
3295624960.0,-0.021315984427928925
3296562432.0,-0.027640728279948235
3297499904.0,-0.03439510241150856
3298437376.0,-0.041781358420848846
3299375104.0,-0.05065874755382538
3300312576.0,-0.059208743274211884
3301250048.0,-0.06872189044952393
3302187520.0,-0.07775910198688507
3303124992.0,-0.08648663014173508
3304062464.0,-0.09489769488573074
3304999936.0,-0.10336258262395859
3305937408.0,-0.11077109724283218
3306874880.0,-0.11954815685749054
3307812608.0,-0.08681158721446991
3308750080.0,-0.08475950360298157
3309687552.0,-0.08197886496782303
3310625024.0,-0.07977741211652756
3311562496.0,-0.07824860513210297
3312499968.0,-0.07691601663827896
3313437440.0,-0.07550410181283951
3314374912.0,-0.07545128464698792
3315312384.0,-0.0749751403927803
3316250112.0,-0.07628780603408813
3317187584.0,-0.07644413411617279
3318125056.0,-0.07995608448982239
3319062528.0,-0.08133998513221741
3320000000.0,-0.08454480022192001
3320937472.0,-0.0868116095662117
3321874944.0,-0.0919862911105156
3322812416.0,-0.09699004143476486
3323749888.0,-0.10170494019985199
3324687616.0,-0.10701951384544373
3325625088.0,-0.11220128834247589
3326562560.0,-0.11767338216304779
3327500032.0,-0.12403880059719086
3328437504.0,-0.12955376505851746
3329374976.0,-0.136323943734169
3330312448.0,-0.1404464989900589
3331249920.0,-0.1459604948759079
3332187392.0,-0.14944347739219666
3333125120.0,-0.15368014574050903
3334062592.0,-0.1553695946931839
3335000064.0,-0.15705157816410065
3335937536.0,-0.15836669504642487
3336875008.0,-0.1581568419933319
3337812480.0,-0.15634949505329132
3338749952.0,-0.15469908714294434
3339687424.0,-0.15175634622573853
3340624896.0,-0.14723506569862366
3341562624.0,-0.14173252880573273
3342500096.0,-0.13574498891830444
3343437568.0,-0.12845106422901154
3344375040.0,-0.12230142951011658
3345312512.0,-0.11396093666553497
3346249984.0,-0.1055993065237999
3347187456.0,-0.09688284993171692
3348124928.0,-0.08729957789182663
3349062400.0,-0.07769757509231567
3350000128.0,-0.06888066977262497
3350937600.0,-0.06023203209042549
3351875072.0,-0.051460906863212585
3352812544.0,-0.04353995621204376
3353750016.0,-0.03736676275730133
3354687488.0,-0.029914110898971558
3355624960.0,-0.02505487948656082
3356562432.0,-0.01934615522623062
3357499904.0,-0.015299088321626186
3358437376.0,-0.011363447643816471
3359375104.0,-0.007811747491359711
3360312576.0,-0.006197983864694834
3361250048.0,-0.0037143018562346697
3362187520.0,-0.0026665704790502787
3363124992.0,-0.0013822517357766628
3364062464.0,-0.0008351783617399633
3364999936.0,0.00021363778796512634
3365937408.0,0.001116118161007762
3366874880.0,0.0024231502320617437
3367812608.0,0.010519517585635185
3368750080.0,0.016679774969816208
3369687552.0,0.024576935917139053
3370625024.0,0.030009694397449493
3371562496.0,0.035901863127946854
3372499968.0,0.04034232348203659
3373437440.0,0.043621182441711426
3374374912.0,0.04659659415483475
3375312384.0,0.04776916280388832
3376250112.0,0.0480106882750988
3377187584.0,0.047605592757463455
3378125056.0,0.045235324651002884
3379062528.0,0.0424354188144207
3380000000.0,0.0379585362970829
3380937472.0,0.03240414336323738
3381874944.0,0.026531457901000977
3382812416.0,0.018413588404655457
3383749888.0,0.012025514617562294
3384687616.0,0.0036960875149816275
3385625088.0,-0.005497722886502743
3386562560.0,-0.015069181099534035
3387500032.0,-0.024443579837679863
3388437504.0,-0.03344949334859848
3389374976.0,-0.04203813895583153
3390312448.0,-0.051233187317848206
3391249920.0,-0.05942964553833008
3392187392.0,-0.06721668690443039
3393125120.0,-0.07598483562469482
3394062592.0,-0.08379558473825455
3395000064.0,-0.0898195207118988
3395937536.0,-0.09559962153434753
3396875008.0,-0.10062123090028763
3397812480.0,-0.10543297231197357
3398749952.0,-0.10765664279460907
3399687424.0,-0.11088686436414719
3400624896.0,-0.1127641573548317
3401562624.0,-0.11349807679653168
3402500096.0,-0.11515112966299057
3403437568.0,-0.11377151310443878
3404375040.0,-0.11315779387950897
3405312512.0,-0.1106601282954216
3406249984.0,-0.10890621691942215
3407187456.0,-0.10580030828714371
3408124928.0,-0.10275139659643173
3409062400.0,-0.10028156638145447
3409999872.0,-0.0968872606754303
3410937600.0,-0.09428733587265015
3411875072.0,-0.09074517339468002
3412812544.0,-0.08770983666181564
3413750016.0,-0.08348257839679718
3414687488.0,-0.07963760942220688
3415624960.0,-0.07579007744789124
3416562432.0,-0.07186257839202881
3417499904.0,-0.06859412044286728
3418437376.0,-0.06505126506090164
3419375104.0,-0.061904195696115494
3420312576.0,-0.058514658361673355
3421250048.0,-0.0556224063038826
3422187520.0,-0.05240502208471298
3423124992.0,-0.0498659648001194
3424062464.0,-0.04642777889966965
3424999936.0,-0.044122740626335144
3425937408.0,-0.04104961082339287
3426874880.0,-0.03815198689699173
3427812608.0,-0.035059187561273575
3428750080.0,-0.032362256199121475
3429687552.0,-0.03021364100277424
3430625024.0,-0.027894552797079086
3431562496.0,-0.0245735514909029
3432499968.0,-0.02165236510336399
3433437440.0,-0.018892720341682434
3434374912.0,-0.013557513244450092
3435312384.0,-0.007278948090970516
3436250112.0,-0.001572500797919929
3437187584.0,0.007290713023394346
3438125056.0,0.015749266371130943
3439062528.0,0.025434423238039017
3440000000.0,0.037413276731967926
3440937472.0,0.04835832491517067
3441874944.0,0.0607047900557518
3442812416.0,0.07398271560668945
3443749888.0,0.0879269540309906
3444687616.0,0.10133795440196991
3445625088.0,0.11475525051355362
3446562560.0,0.12807223200798035
3447500032.0,0.1405649334192276
3448437504.0,0.152523010969162
3449374976.0,0.16392599046230316
3450312448.0,0.17288494110107422
3451249920.0,0.17948690056800842
3452187392.0,0.18475644290447235
3453125120.0,0.18811991810798645
3454062592.0,0.18867193162441254
3455000064.0,0.18566226959228516
3455937536.0,0.17996147274971008
3456875008.0,0.1728290468454361
3457812480.0,0.1622428447008133
3458749952.0,0.15029454231262207
3459687424.0,0.13628624379634857
3460624896.0,0.11957808583974838
3461562624.0,0.10219910740852356
3462500096.0,0.0846826583147049
3463437568.0,0.06505712121725082
3464375040.0,0.04596075043082237
3465312512.0,0.025740724056959152
3466249984.0,0.008792640641331673
3467187456.0,-0.010676488280296326
3468124928.0,-0.029065819457173347
3469062400.0,-0.04408559948205948
3470000128.0,-0.05826940760016441
3470937600.0,-0.07084736973047256
3471875072.0,-0.08184920996427536
3472812544.0,-0.09115073084831238
3473750016.0,-0.09756038337945938
3474687488.0,-0.10403940081596375
3475624960.0,-0.10774217545986176
3476562432.0,-0.10891678929328918
3477499904.0,-0.10796282440423965
3478437376.0,-0.10590580105781555
3479375104.0,-0.1022510901093483
3480312576.0,-0.09795434772968292
3481250048.0,-0.09336995333433151
3482187520.0,-0.08771220594644547
3483124992.0,-0.08202952146530151
3484062464.0,-0.0765937864780426
3484999936.0,-0.07139746844768524
3485937408.0,-0.06666883826255798
3486874880.0,-0.060961198061704636
3487812608.0,-0.0471024252474308
3488750080.0,-0.049005746841430664
3489687552.0,-0.05252036079764366
3490625024.0,-0.05617404356598854
3491562496.0,-0.05998660996556282
3492499968.0,-0.06502202153205872
3493437440.0,-0.07040993124246597
3494374912.0,-0.07660476863384247
3495312384.0,-0.0809054896235466
3496250112.0,-0.08689302951097488
3497187584.0,-0.09100896865129471
3498125056.0,-0.09504852443933487
3499062528.0,-0.09834842383861542
3500000000.0,-0.09867905080318451
3500937472.0,-0.09968125820159912
3501874944.0,-0.09854086488485336
3502812416.0,-0.09654542803764343
3503749888.0,-0.0941191092133522
3504687616.0,-0.08973319828510284
3505625088.0,-0.08485328406095505
3506562560.0,-0.07854563742876053
3507500032.0,-0.07128428667783737
3508437504.0,-0.06382589787244797
3509374976.0,-0.055991608649492264
3510312448.0,-0.047135982662439346
3511249920.0,-0.0391557440161705
3512187392.0,-0.03059784695506096
3513125120.0,-0.021597396582365036
3514062592.0,-0.014081046916544437
3515000064.0,-0.006256517022848129
3515937536.0,0.0007993554463610053
3516875008.0,0.007257517892867327
3517812480.0,0.01298044715076685
3518749952.0,0.018338223919272423
3519687424.0,0.021670222282409668
3520624896.0,0.024152535945177078
3521562624.0,0.02539834752678871
3522500096.0,0.025647979229688644
3523437568.0,0.02534780092537403
3524375040.0,0.02388657256960869
3525312512.0,0.02209603041410446
3526249984.0,0.018523575738072395
3527187456.0,0.013071057386696339
3528124928.0,0.008040769025683403
3529062400.0,0.0020877181086689234
3529999872.0,-0.003909446764737368
3530937600.0,-0.010765447281301022
3531875072.0,-0.018040835857391357
3532812544.0,-0.022862395271658897
3533750016.0,-0.028924347832798958
3534687488.0,-0.033906519412994385
3535624960.0,-0.03708656132221222
3536562432.0,-0.04122723639011383
3537499904.0,-0.04358748346567154
3538437376.0,-0.0448470301926136
3539375104.0,-0.04558015614748001
3540312576.0,-0.04596290364861488
3541250048.0,-0.04332803189754486
3542187520.0,-0.042125895619392395
3543124992.0,-0.038575995713472366
3544062464.0,-0.03528464958071709
3544999936.0,-0.030783696100115776
3545937408.0,-0.025656646117568016
3546874880.0,-0.019390806555747986
3547812608.0,-0.01688072457909584
3548750080.0,-0.017932740971446037
3549687552.0,-0.018616942688822746
3550625024.0,-0.02007192000746727
3551562496.0,-0.021487081423401833
3552499968.0,-0.022866012528538704
3553437440.0,-0.02503310516476631
3554374912.0,-0.027067579329013824
3555312384.0,-0.029062364250421524
3556250112.0,-0.03168769180774689
3557187584.0,-0.03438695892691612
3558125056.0,-0.03800622373819351
3559062528.0,-0.03948451206088066
3560000000.0,-0.04340772703289986
3560937472.0,-0.045775894075632095
3561874944.0,-0.04833032935857773
3562812416.0,-0.05047379806637764
3563749888.0,-0.05277863144874573
3564687616.0,-0.05522441491484642
3565625088.0,-0.056762516498565674
3566562560.0,-0.058509618043899536
3567500032.0,-0.060062289237976074
3568437504.0,-0.0613989531993866
3569374976.0,-0.062072087079286575
3570312448.0,-0.06323452293872833
3571249920.0,-0.06342067569494247
3572187392.0,-0.0628868117928505
3573125120.0,-0.06091437116265297
3574062592.0,-0.0603879950940609
3575000064.0,-0.05945985019207001
3575937536.0,-0.058396078646183014
3576875008.0,-0.05714082717895508
3577812480.0,-0.05613688379526138
3578749952.0,-0.055097807198762894
3579687424.0,-0.0537920705974102
3580624896.0,-0.05285687372088432
3581562624.0,-0.05115513131022453
3582500096.0,-0.05019957944750786
3583437568.0,-0.048023488372564316
3584375040.0,-0.04815903678536415
3585312512.0,-0.04848348721861839
3586249984.0,-0.048469025641679764
3587187456.0,-0.04952255263924599
3588124928.0,-0.050459712743759155
3589062400.0,-0.05032239109277725
3590000128.0,-0.05139555409550667
3590937600.0,-0.051409024745225906
3591875072.0,-0.05227655917406082
3592812544.0,-0.05332380533218384
3593750016.0,-0.05284469574689865
3594687488.0,-0.05362212285399437
3595624960.0,-0.05329262465238571
3596562432.0,-0.0527680441737175
3597499904.0,-0.051182713359594345
3598437376.0,-0.050323162227869034
3599375104.0,-0.04803207516670227
3600312576.0,-0.04478779807686806
3601250048.0,-0.04055052623152733
3602187520.0,-0.03753209486603737
3603124992.0,-0.033031631261110306
3604062464.0,-0.028736142441630363
3604999936.0,-0.023719798773527145
3605937408.0,-0.01792183518409729
3606874880.0,-0.011656144633889198
3607812608.0,0.011452537961304188
3608750080.0,0.02101404033601284
3609687552.0,0.029615184292197227
3610625024.0,0.03936610743403435
3611562496.0,0.046525921672582626
3612499968.0,0.05385284498333931
3613437440.0,0.06067342311143875
3614374912.0,0.06721530854701996
3615312384.0,0.07171106338500977
3616250112.0,0.0753636285662651
3617187584.0,0.07889088988304138
3618125056.0,0.08070526272058487
3619062528.0,0.08241663128137589
3620000000.0,0.08239487558603287
3620937472.0,0.08137419819831848
3621874944.0,0.07984330505132675
3622812416.0,0.0760355070233345
3623749888.0,0.07116956263780594
3624687616.0,0.06652039289474487
3625625088.0,0.061251670122146606
3626562560.0,0.055335238575935364
3627500032.0,0.04799461364746094
3628437504.0,0.04057718813419342
3629374976.0,0.033020325005054474
3630312448.0,0.024502675980329514
3631249920.0,0.016529172658920288
3632187392.0,0.008416709490120411
3633125120.0,-0.0016700137639418244
3634062592.0,-0.010922136716544628
3635000064.0,-0.02091013640165329
3635937536.0,-0.029634715989232063
3636875008.0,-0.03971339389681816
3637812480.0,-0.04850543290376663
3638749952.0,-0.058050625026226044
3639687424.0,-0.06620880961418152
3640624896.0,-0.07554718106985092
3641562624.0,-0.08353190124034882
3642500096.0,-0.09123797714710236
3643437568.0,-0.09921237081289291
3644375040.0,-0.10409489274024963
3645312512.0,-0.11009059101343155
3646249984.0,-0.1151975765824318
3647187456.0,-0.11982056498527527
3648124928.0,-0.12421490252017975
3649062400.0,-0.12776291370391846
3649999872.0,-0.13220027089118958
3650937600.0,-0.1342519372701645
3651875072.0,-0.13627119362354279
3652812544.0,-0.13818559050559998
3653750016.0,-0.13883474469184875
3654687488.0,-0.140723317861557
3655624960.0,-0.14035719633102417
3656562432.0,-0.13961617648601532
3657499904.0,-0.139071524143219
3658437376.0,-0.13737355172634125
3659375104.0,-0.13521207869052887
3660312576.0,-0.13353481888771057
3661250048.0,-0.1316867619752884
3662187520.0,-0.1288595050573349
3663124992.0,-0.12593263387680054
3664062464.0,-0.1228865310549736
3664999936.0,-0.12013273686170578
3665937408.0,-0.11652510613203049
3666874880.0,-0.11165441572666168
3667812608.0,-0.09554459899663925
3668750080.0,-0.09471378475427628
3669687552.0,-0.0949854627251625
3670625024.0,-0.09440547972917557
3671562496.0,-0.09245336055755615
3672499968.0,-0.09037169069051743
3673437440.0,-0.08503519743680954
3674374912.0,-0.08188556879758835
3675312384.0,-0.07731279730796814
3676250112.0,-0.07252585887908936
3677187584.0,-0.06762856990098953
3678125056.0,-0.06060990318655968
3679062528.0,-0.05312780663371086
3680000000.0,-0.045690860599279404
3680937472.0,-0.03812609240412712
3681874944.0,-0.030785122886300087
3682812416.0,-0.022332286462187767
3683749888.0,-0.014105715788900852
3684687616.0,-0.006165094207972288
3685625088.0,0.002342845080420375
3686562560.0,0.010029487311840057
3687500032.0,0.018053848296403885
3688437504.0,0.02557469718158245
3689374976.0,0.03242586553096771
3690312448.0,0.03921503201127052
3691249920.0,0.04435846209526062
3692187392.0,0.049402933567762375
3693125120.0,0.053495779633522034
3694062592.0,0.05593382939696312
3695000064.0,0.059180356562137604
3695937536.0,0.060496747493743896
3696875008.0,0.06052887439727783
3697812480.0,0.06092921644449234
3698749952.0,0.06018606945872307
3699687424.0,0.05815254524350166
3700624896.0,0.055361803621053696
3701562624.0,0.051115043461322784
3702500096.0,0.04588485509157181
3703437568.0,0.04026317596435547
3704375040.0,0.034646861255168915
3705312512.0,0.027275584638118744
3706249984.0,0.020604245364665985
3707187456.0,0.013881255872547626
3708124928.0,0.00609632721170783
3709062400.0,-0.001914716325700283
3710000128.0,-0.009972781874239445
3710937600.0,-0.017662713304162025
3711875072.0,-0.025355329737067223
3712812544.0,-0.03246689587831497
3713750016.0,-0.03898166865110397
3714687488.0,-0.04461037367582321
3715624960.0,-0.04922851547598839
3716562432.0,-0.05343620479106903
3717499904.0,-0.05733373388648033
3718437376.0,-0.059967994689941406
3719375104.0,-0.0627596527338028
3720312576.0,-0.06388120353221893
3721250048.0,-0.06411027163267136
3722187520.0,-0.06492111086845398
3723124992.0,-0.0633721575140953
3724062464.0,-0.06298831850290298
3724999936.0,-0.061398882418870926
3725937408.0,-0.05986085534095764
3726874880.0,-0.05822473019361496
3727812608.0,-0.06174657493829727
3728750080.0,-0.062134381383657455
3729687552.0,-0.06191883981227875
3730625024.0,-0.06162774935364723
3731562496.0,-0.06041964516043663
3732499968.0,-0.06034831330180168
3733437440.0,-0.06011129915714264
3734374912.0,-0.060792237520217896
3735312384.0,-0.062503382563591
3736250112.0,-0.06339941918849945
3737187584.0,-0.0653473362326622
3738125056.0,-0.0677611231803894
3739062528.0,-0.07121535390615463
3740000000.0,-0.07457294315099716
3740937472.0,-0.08009990304708481
3741874944.0,-0.08436573296785355
3742812416.0,-0.08909487724304199
3743749888.0,-0.09511665254831314
3744687616.0,-0.1020129919052124
3745625088.0,-0.10672867298126221
3746562560.0,-0.11314707249403
3747500032.0,-0.12000864744186401
3748437504.0,-0.12546010315418243
3749374976.0,-0.1317451447248459
3750312448.0,-0.13688988983631134
3751249920.0,-0.1435409039258957
3752187392.0,-0.1493232250213623
3753125120.0,-0.15539604425430298
3754062592.0,-0.15934200584888458
3755000064.0,-0.16373132169246674
3755937536.0,-0.16734546422958374
3756875008.0,-0.16856706142425537
3757812480.0,-0.17012308537960052
3758749952.0,-0.16930676996707916
3759687424.0,-0.16775892674922943
3760624896.0,-0.16506652534008026
3761562624.0,-0.16011115908622742
3762500096.0,-0.15394294261932373
3763437568.0,-0.14630208909511566
3764375040.0,-0.1380838006734848
3765312512.0,-0.12856027483940125
3766249984.0,-0.11884544789791107
3767187456.0,-0.10620596259832382
3768124928.0,-0.0952729731798172
3769062400.0,-0.08331327885389328
3769999872.0,-0.07155334204435349
3770937600.0,-0.05947697535157204
3771875072.0,-0.04860813915729523
3772812544.0,-0.03829101473093033
3773750016.0,-0.02803783304989338
3774687488.0,-0.0193642470985651
3775624960.0,-0.011614696122705936
3776562432.0,-0.004808839876204729
3777499904.0,0.0006232416490092874
3778437376.0,0.004060763865709305
3779375104.0,0.006415211129933596
3780312576.0,0.0067453570663928986
3781250048.0,0.005805769003927708
3782187520.0,0.0024914725217968225
3783124992.0,-0.0019199691014364362
3784062464.0,-0.007391746621578932
3784999936.0,-0.014655916020274162
3785937408.0,-0.022833626717329025
3786874880.0,-0.020157447084784508
3787812608.0,-0.02886621654033661
3788750080.0,-0.03692881390452385
3789687552.0,-0.048387229442596436
3790625024.0,-0.059148482978343964
3791562496.0,-0.0714053362607956
3792499968.0,-0.082452192902565
3793437440.0,-0.09289715439081192
3794374912.0,-0.10356435924768448
3795312384.0,-0.1142934039235115
3796250112.0,-0.12437769770622253
3797187584.0,-0.13423895835876465
3798125056.0,-0.14341089129447937
3799062528.0,-0.15273359417915344
3800000000.0,-0.1597398817539215
3800937472.0,-0.1672479808330536
3801874944.0,-0.17201979458332062
3802812416.0,-0.17718163132667542
3803749888.0,-0.17970223724842072
3804687616.0,-0.18124547600746155
3805625088.0,-0.18252599239349365
3806562560.0,-0.18107308447360992
3807500032.0,-0.17876826226711273
3808437504.0,-0.17588314414024353
3809374976.0,-0.1707240790128708
3810312448.0,-0.16615526378154755
3811249920.0,-0.15850543975830078
3812187392.0,-0.15131957828998566
3813125120.0,-0.14256148040294647
3814062592.0,-0.1349477618932724
3815000064.0,-0.12345261126756668
3815937536.0,-0.11325407028198242
3816875008.0,-0.10326363146305084
3817812480.0,-0.0942203551530838
3818749952.0,-0.084993876516819
3819687424.0,-0.07561534643173218
3820624896.0,-0.06704477965831757
3821562624.0,-0.05879168212413788
3822500096.0,-0.05150673910975456
3823437568.0,-0.043643973767757416
3824375040.0,-0.03893733397126198
3825312512.0,-0.03483608365058899
3826249984.0,-0.030910080298781395
3827187456.0,-0.02851671539247036
3828124928.0,-0.02718980982899666
3829062400.0,-0.026526663452386856
3830000128.0,-0.026526451110839844
3830937600.0,-0.029428068548440933
3831875072.0,-0.03097371757030487
3832812544.0,-0.0344371423125267
3833750016.0,-0.037842750549316406
3834687488.0,-0.041681043803691864
3835624960.0,-0.047086749225854874
3836562432.0,-0.05160241574048996
3837499904.0,-0.05685543268918991
3838437376.0,-0.06273245066404343
3839375104.0,-0.06740564852952957
3840312576.0,-0.07181954383850098
3841250048.0,-0.07711215317249298
3842187520.0,-0.08046673238277435
3843124992.0,-0.08377131074666977
3844062464.0,-0.08666464686393738
3844999936.0,-0.08796387910842896
3845937408.0,-0.0894865170121193
3846874880.0,-0.08136551082134247
3847812608.0,-0.07696793973445892
3848750080.0,-0.07324428111314774
3849687552.0,-0.07017609477043152
3850625024.0,-0.06687623262405396
3851562496.0,-0.06442882865667343
3852499968.0,-0.06117726489901543
3853437440.0,-0.059829290956258774
3854374912.0,-0.05842732638120651
3855312384.0,-0.05605500936508179
3856250112.0,-0.055241066962480545
3857187584.0,-0.054806701838970184
3858125056.0,-0.0540575347840786
3859062528.0,-0.0547882616519928
3860000000.0,-0.05602564290165901
3860937472.0,-0.057234518229961395
3861874944.0,-0.058553945273160934
3862812416.0,-0.059993427246809006
3863749888.0,-0.061971813440322876
3864687616.0,-0.06471971422433853
3865625088.0,-0.06688176840543747
3866562560.0,-0.06778182089328766
3867500032.0,-0.06869494169950485
3868437504.0,-0.0702577605843544
3869374976.0,-0.07201981544494629
3870312448.0,-0.07310657948255539
3871249920.0,-0.07369408011436462
3872187392.0,-0.07478749006986618
3873125120.0,-0.07623530179262161
3874062592.0,-0.07697988301515579
3875000064.0,-0.0784703940153122
3875937536.0,-0.08004429191350937
3876875008.0,-0.082256019115448
3877812480.0,-0.08475171029567719
3878749952.0,-0.08627168089151382
3879687424.0,-0.08837573230266571
3880624896.0,-0.089314766228199
3881562624.0,-0.09006877988576889
3882500096.0,-0.09101346135139465
3883437568.0,-0.09166683256626129
3884375040.0,-0.09188876301050186
3885312512.0,-0.09117511659860611
3886249984.0,-0.09215179085731506
3887187456.0,-0.09183193743228912
3888124928.0,-0.09147994220256805
3889062400.0,-0.09097346663475037
3889999872.0,-0.09210612624883652
3890937600.0,-0.09314070641994476
3891875072.0,-0.09527982771396637
3892812544.0,-0.0963330790400505
3893750016.0,-0.09713460505008698
3894687488.0,-0.10007944703102112
3895624960.0,-0.10223358124494553
3896562432.0,-0.10455607622861862
3897499904.0,-0.10848463326692581
3898437376.0,-0.11135514080524445
3899375104.0,-0.11529334634542465
3900312576.0,-0.11940343677997589
3901250048.0,-0.1240873709321022
3902187520.0,-0.12904317677021027
3903124992.0,-0.13416098058223724
3904062464.0,-0.13867612183094025
3904999936.0,-0.1436881721019745
3905937408.0,-0.14856156706809998
3906874880.0,-0.16438955068588257
3907812608.0,-0.17201808094978333
3908750080.0,-0.17934946715831757
3909687552.0,-0.18333517014980316
3910625024.0,-0.18655423820018768
3911562496.0,-0.1879502534866333
3912499968.0,-0.1858295202255249
3913437440.0,-0.18171805143356323
3914374912.0,-0.17605139315128326
3915312384.0,-0.16846483945846558
3916250112.0,-0.1582774817943573
3917187584.0,-0.14775164425373077
3918125056.0,-0.13456545770168304
3919062528.0,-0.12110305577516556
3920000000.0,-0.10556356608867645
3920937472.0,-0.08985302597284317
3921874944.0,-0.07458504289388657
3922812416.0,-0.058531686663627625
3923749888.0,-0.04274192824959755
3924687616.0,-0.026270680129528046
3925625088.0,-0.011486431583762169
3926562560.0,0.003453876357525587
3927500032.0,0.01599850133061409
3928437504.0,0.02649223804473877
3929374976.0,0.03570829704403877
3930312448.0,0.0426584854722023
3931249920.0,0.04803480952978134
3932187392.0,0.052070870995521545
3933125120.0,0.05386355519294739
3934062592.0,0.05348700284957886
3935000064.0,0.0504370778799057
3935937536.0,0.04638591781258583
3936875008.0,0.04052632302045822
3937812480.0,0.033716198056936264
3938749952.0,0.027262546122074127
3939687424.0,0.019136670976877213
3940624896.0,0.01098597887903452
3941562624.0,0.0014314530417323112
3942500096.0,-0.006887026131153107
3943437568.0,-0.015179233625531197
3944375040.0,-0.02360358275473118
3945312512.0,-0.031291663646698
3946249984.0,-0.03811465576291084
3947187456.0,-0.044665850698947906
3948124928.0,-0.04976624995470047
3949062400.0,-0.054458919912576675
3950000128.0,-0.05810195207595825
3950937600.0,-0.060810912400484085
3951875072.0,-0.06214161962270737
3952812544.0,-0.06530588865280151
3953750016.0,-0.06672815978527069
3954687488.0,-0.06832534819841385
3955624960.0,-0.06939632445573807
3956562432.0,-0.07037511467933655
3957499904.0,-0.07159741967916489
3958437376.0,-0.0734698474407196
3959375104.0,-0.07283847779035568
3960312576.0,-0.07281118631362915
3961250048.0,-0.07471253722906113
3962187520.0,-0.07556089013814926
3963124992.0,-0.07754244655370712
3964062464.0,-0.08179306238889694
3964999936.0,-0.08543311804533005
3965937408.0,-0.09051426500082016
3966874880.0,-0.10517769306898117
3967812608.0,-0.11825811117887497
3968750080.0,-0.1328279823064804
3969687552.0,-0.14602221548557281
3970625024.0,-0.15901319682598114
3971562496.0,-0.17283368110656738
3972499968.0,-0.184517502784729
3973437440.0,-0.19568179547786713
3974374912.0,-0.20632173120975494
3975312384.0,-0.21461500227451324
3976250112.0,-0.22142653167247772
3977187584.0,-0.22757670283317566
3978125056.0,-0.2313588410615921
3979062528.0,-0.2332068681716919
3980000000.0,-0.23384793102741241
3980937472.0,-0.23262301087379456
3981874944.0,-0.22942794859409332
3982812416.0,-0.22526013851165771
3983749888.0,-0.21973614394664764
3984687616.0,-0.21348750591278076
3985625088.0,-0.204447403550148
3986562560.0,-0.1960224062204361
3987500032.0,-0.1863936334848404
3988437504.0,-0.17618031799793243
3989374976.0,-0.16597102582454681
3990312448.0,-0.1545259654521942
3991249920.0,-0.14399011433124542
3992187392.0,-0.13293953239917755
3993125120.0,-0.12264342606067657
3994062592.0,-0.1126614436507225
3995000064.0,-0.10317153483629227
3995937536.0,-0.09515643864870071
3996875008.0,-0.08804558962583542
3997812480.0,-0.08143719285726547
3998749952.0,-0.07668351382017136
3999687424.0,-0.07052268832921982
4000624896.0,-0.07750352472066879
4001562624.0,-0.07579340785741806
4002500096.0,-0.07513638585805893
4003437568.0,-0.07579293847084045
4004375040.0,-0.07785987108945847
4005312512.0,-0.08050254732370377
4006249984.0,-0.08467889577150345
4007187456.0,-0.09000447392463684
4008124928.0,-0.09629596024751663
4009062400.0,-0.10317720472812653
4009999872.0,-0.10922673344612122
4010937600.0,-0.11695067584514618
4011875072.0,-0.12505176663398743
4012812544.0,-0.13311287760734558
4013750016.0,-0.14059002697467804
4014687488.0,-0.1484135091304779
4015624960.0,-0.15464162826538086
4016562432.0,-0.16065613925457
4017499904.0,-0.16783767938613892
4018437376.0,-0.17444798350334167
4019375104.0,-0.18001818656921387
4020312576.0,-0.18518972396850586
4021250048.0,-0.1896023005247116
4022187520.0,-0.19337345659732819
4023124992.0,-0.19623850286006927
4024062464.0,-0.19932901859283447
4024999936.0,-0.2021433413028717
4025937408.0,-0.20302419364452362
4026874880.0,-0.19456292688846588
4027812608.0,-0.20075002312660217
4028750080.0,-0.20580370724201202
4029687552.0,-0.21111655235290527
4030625024.0,-0.21504268050193787
4031562496.0,-0.2206088751554489
4032499968.0,-0.22375014424324036
4033437440.0,-0.22720201313495636
4034374912.0,-0.22946295142173767
4035312384.0,-0.22979991137981415
4036250112.0,-0.2295273244380951
4037187584.0,-0.2279660701751709
4038125056.0,-0.2248101532459259
4039062528.0,-0.22019760310649872
4040000000.0,-0.21474725008010864
4040937472.0,-0.20890827476978302
4041874944.0,-0.20273657143115997
4042812416.0,-0.19503077864646912
4043749888.0,-0.1868123710155487
4044687616.0,-0.17787687480449677
4045625088.0,-0.16719846427440643
4046562560.0,-0.15590760111808777
4047500032.0,-0.14345814287662506
4048437504.0,-0.13095608353614807
4049374976.0,-0.11827687174081802
4050312448.0,-0.10538282245397568
4051249920.0,-0.09129490703344345
4052187392.0,-0.07795096933841705
4053125120.0,-0.06491677463054657
4054062592.0,-0.05229772627353668
4055000064.0,-0.04098157957196236
4055937536.0,-0.030951103195548058
4056875008.0,-0.02125193551182747
4057812480.0,-0.012943652458488941
4058749952.0,-0.0056233955547213554
4059687424.0,7.102893141563982e-05
4060624896.0,0.004387562163174152
4061562624.0,0.005781345535069704
4062500096.0,0.006768819410353899
4063437568.0,0.005750515963882208
4064375040.0,0.0023399600759148598
4065312512.0,-0.0018020804272964597
4066249984.0,-0.007369844242930412
4067187456.0,-0.01542093139141798
4068124928.0,-0.023314079269766808
4069062400.0,-0.03295747563242912
4070000128.0,-0.04340681433677673
4070937600.0,-0.05476125329732895
4071875072.0,-0.06754488497972488
4072812544.0,-0.08120577782392502
4073750016.0,-0.09461050480604172
4074687488.0,-0.10797790437936783
4075624960.0,-0.1202339455485344
4076562432.0,-0.13291695713996887
4077499904.0,-0.14522168040275574
4078437376.0,-0.1561896800994873
4079375104.0,-0.1671743243932724
4080312576.0,-0.177101731300354
4081250048.0,-0.18474197387695312
4082187520.0,-0.19226084649562836
4083124992.0,-0.19906002283096313
4084062464.0,-0.20480673015117645
4084999936.0,-0.20719635486602783
4085937408.0,-0.20969265699386597
4086874880.0,-0.19043809175491333
4087812608.0,-0.1906285285949707
4088750080.0,-0.18831473588943481
4089687552.0,-0.1863308846950531
4090625024.0,-0.18380950391292572
4091562496.0,-0.1796647310256958
4092499968.0,-0.17650064826011658
4093437440.0,-0.17176969349384308
4094374912.0,-0.1650572568178177
4095312384.0,-0.15881448984146118
4096250112.0,-0.15268002450466156
4097187584.0,-0.1459944248199463
4098125056.0,-0.14049315452575684
4099062528.0,-0.13265250623226166
4100000000.0,-0.12532135844230652
4100937472.0,-0.11874030530452728
4101874944.0,-0.1121237650513649
4102812416.0,-0.10602878034114838
4103749888.0,-0.09997518360614777
4104687616.0,-0.09453257918357849
4105625088.0,-0.08959950506687164
4106562560.0,-0.08531851321458817
4107500032.0,-0.07911932468414307
4108437504.0,-0.07477216422557831
4109374976.0,-0.0711468830704689
4110312448.0,-0.06685034185647964
4111249920.0,-0.063585065305233
4112187392.0,-0.060876112431287766
4113125120.0,-0.05825049802660942
4114062592.0,-0.05644363537430763
4115000064.0,-0.05519983917474747
4115937536.0,-0.052943155169487
4116875008.0,-0.05156698077917099
4117812480.0,-0.05034608021378517
4118749952.0,-0.05010761693120003
4119687424.0,-0.04992854222655296
4120624896.0,-0.04950309917330742
4121562624.0,-0.049245722591876984
4122500096.0,-0.05047864466905594
4123437568.0,-0.05101446807384491
4124375040.0,-0.051493242383003235
4125312512.0,-0.05339245870709419
4126249984.0,-0.05537709221243858
4127187456.0,-0.05677040293812752
4128124928.0,-0.059717025607824326
4129062400.0,-0.0626196339726448
4129999872.0,-0.0666801929473877
4130937600.0,-0.07074298709630966
4131875072.0,-0.0770643949508667
4132812544.0,-0.0820138081908226
4133750016.0,-0.08767777681350708
4134687488.0,-0.09380555897951126
4135624960.0,-0.10109998285770416
4136562432.0,-0.1094183698296547
4137499904.0,-0.11633184552192688
4138437376.0,-0.12602446973323822
4139375104.0,-0.13552667200565338
4140312576.0,-0.1440844088792801
4141250048.0,-0.15406961739063263
4142187520.0,-0.1628246307373047
4143124992.0,-0.17365635931491852
4144062464.0,-0.1835363805294037
4144999936.0,-0.19390526413917542
4145937408.0,-0.20293673872947693
4146874880.0,-0.22469037771224976
4147812608.0,-0.23302455246448517
4148750080.0,-0.23930443823337555
4149687552.0,-0.24384549260139465
4150625024.0,-0.2463865578174591
4151562496.0,-0.24742865562438965
4152499968.0,-0.24537762999534607
4153437440.0,-0.24168474972248077
4154374912.0,-0.2369946390390396
4155312384.0,-0.2298843264579773
4156250112.0,-0.22108471393585205
4157187584.0,-0.2118099331855774
4158125056.0,-0.20153973996639252
4159062528.0,-0.1906350702047348
4160000000.0,-0.17781658470630646
4160937472.0,-0.16626687347888947
4161874944.0,-0.1530601978302002
4162812416.0,-0.1404433250427246
4163749888.0,-0.12742681801319122
4164687616.0,-0.11491717398166656
4165625088.0,-0.10330794751644135
4166562560.0,-0.09075227379798889
4167500032.0,-0.0807015523314476
4168437504.0,-0.07076987624168396
4169374976.0,-0.06081660836935043
4170312448.0,-0.0520564429461956
4171249920.0,-0.04444263130426407
4172187392.0,-0.036168769001960754
4173125120.0,-0.029965344816446304
4174062592.0,-0.02348298393189907
4175000064.0,-0.01830422133207321
4175937536.0,-0.014421682804822922
4176875008.0,-0.011132940649986267
4177812480.0,-0.008586591109633446
4178749952.0,-0.005631341133266687
4179687424.0,-0.0037937527522444725
4180624896.0,-0.0021822606213390827
4181562624.0,-0.0011141421273350716
4182500096.0,-0.0002782959782052785
4183437568.0,-0.001527160289697349
4184375040.0,-0.0024824636057019234
4185312512.0,-0.003700540866702795
4186249984.0,-0.005851644556969404
4187187456.0,-0.008497226051986217
4188124928.0,-0.012230309657752514
4189062400.0,-0.015410320833325386
4190000128.0,-0.01984170638024807
4190937600.0,-0.02573828399181366
4191875072.0,-0.030678682029247284
4192812544.0,-0.03768802806735039
4193750016.0,-0.04524446651339531
4194687488.0,-0.052590347826480865
4195624960.0,-0.061904728412628174
4196562432.0,-0.07064182311296463
4197499904.0,-0.0811498686671257
4198437376.0,-0.09223803132772446
4199375104.0,-0.10329645127058029
4200312576.0,-0.11463811993598938
4201250048.0,-0.12779417634010315
4202187520.0,-0.13935630023479462
4203124992.0,-0.15260392427444458
4204062464.0,-0.16428890824317932
4204999936.0,-0.17663297057151794
4205937408.0,-0.18907417356967926
4206874880.0,-0.1918460577726364
4207812608.0,-0.20417290925979614
4208750080.0,-0.2165822684764862
4209687552.0,-0.2284901738166809
4210625024.0,-0.2402261346578598
4211562496.0,-0.24983689188957214
4212499968.0,-0.26020506024360657
4213437440.0,-0.26671168208122253
4214374912.0,-0.2733292877674103
4215312384.0,-0.27685144543647766
4216250112.0,-0.2775387763977051
4217187584.0,-0.2784281075000763
4218125056.0,-0.27562206983566284
4219062528.0,-0.2703087031841278
4220000000.0,-0.26302406191825867
4220937472.0,-0.2534942924976349
4221874944.0,-0.24184934794902802
4222812416.0,-0.2273014336824417
4223749888.0,-0.21167317032814026
4224687616.0,-0.19496287405490875
4225625088.0,-0.17483244836330414
4226562560.0,-0.15394504368305206
4227500032.0,-0.13181626796722412
4228437504.0,-0.1101985052227974
4229374976.0,-0.08665957301855087
4230312448.0,-0.06500565260648727
4231249920.0,-0.04269024357199669
4232187392.0,-0.021359337493777275
4233125120.0,0.0002088656765408814
4234062592.0,0.019010547548532486
4235000064.0,0.03638568893074989
4235937536.0,0.052035000175237656
4236875008.0,0.06716915220022202
4237812480.0,0.07798633724451065
4238749952.0,0.08755496889352798
4239687424.0,0.09417571872472763
4240624896.0,0.09750501066446304
4241562624.0,0.09924253076314926
4242500096.0,0.09852461516857147
4243437568.0,0.09512793272733688
4244375040.0,0.08907639235258102
4245312512.0,0.08118823170661926
4246249984.0,0.07089341431856155
4247187456.0,0.05874382704496384
4248124928.0,0.045716095715761185
4249062400.0,0.031102636829018593
4249999872.0,0.014573611319065094
4250937600.0,-0.001606666250154376
4251875072.0,-0.018790442496538162
4252812544.0,-0.037580326199531555
4253750016.0,-0.05620168149471283
4254687488.0,-0.07413840293884277
4255624960.0,-0.09110287576913834
4256562432.0,-0.11023497581481934
4257499904.0,-0.12838703393936157
4258437376.0,-0.1455141305923462
4259375104.0,-0.1615772247314453
4260312576.0,-0.17800278961658478
4261250048.0,-0.19338029623031616
4262187520.0,-0.20814554393291473
4263124992.0,-0.22274737060070038
4264062464.0,-0.23644466698169708
4264999936.0,-0.24865566194057465
4265937408.0,-0.26127418875694275
4266874880.0,-0.2706994414329529
4267812608.0,-0.2743857204914093
4268750080.0,-0.2776588201522827
4269687552.0,-0.2818596661090851
4270625024.0,-0.2864398658275604
4271562496.0,-0.2891197204589844
4272499968.0,-0.29298093914985657
4273437440.0,-0.29577016830444336
4274374912.0,-0.2972109317779541
4275312384.0,-0.2978422939777374
4276250112.0,-0.29707667231559753
4277187584.0,-0.29660657048225403
4278125056.0,-0.29235658049583435
4279062528.0,-0.28679242730140686
4280000000.0,-0.2802892327308655
4280937472.0,-0.27254819869995117
4281874944.0,-0.2619868218898773
4282812416.0,-0.24776454269886017
4283749888.0,-0.23353885114192963
4284687616.0,-0.21722304821014404
4285625088.0,-0.19962415099143982
4286562560.0,-0.18107639253139496
4287500032.0,-0.16050583124160767
4288437504.0,-0.1388462632894516
4289374976.0,-0.117420993745327
4290312448.0,-0.09419441223144531
4291249920.0,-0.07284566015005112
4292187392.0,-0.04995729401707649
4293125120.0,-0.028368797153234482
4294062592.0,-0.006187594961374998
4295000064.0,0.015693536028265953
4295937536.0,0.03553542494773865
4296875008.0,0.054507821798324585
4297812480.0,0.07401800900697708
4298749952.0,0.09063371270895004
4299687424.0,0.10520192980766296
4300624896.0,0.11671051383018494
4301562368.0,0.12628139555454254
4302499840.0,0.13492481410503387
4303437312.0,0.13938236236572266
4304374784.0,0.14229366183280945
4305312256.0,0.1419418603181839
4306250240.0,0.13787689805030823
4307187712.0,0.13042892515659332
4308125184.0,0.12108539044857025
4309062656.0,0.10921792685985565
4310000128.0,0.0935540720820427
4310937600.0,0.0766470730304718
4311875072.0,0.05642245337367058
4312812544.0,0.03402366861701012
4313750016.0,0.009974914602935314
4314687488.0,-0.01661028154194355
4315624960.0,-0.044211260974407196
4316562432.0,-0.07277462631464005
4317499904.0,-0.102546826004982
4318437376.0,-0.13245224952697754
4319374848.0,-0.16309349238872528
4320312320.0,-0.1928872913122177
4321249792.0,-0.2209835797548294
4322187264.0,-0.24870792031288147
4323125248.0,-0.274265319108963
4324062720.0,-0.29818373918533325
4325000192.0,-0.32079261541366577
4325937664.0,-0.34013205766677856
4326875136.0,-0.37540316581726074
4327812608.0,-0.37005555629730225
4328750080.0,-0.3634469211101532
4329687552.0,-0.3557492196559906
4330625024.0,-0.344786673784256
4331562496.0,-0.3359978497028351
4332499968.0,-0.3273974359035492
4333437440.0,-0.31855782866477966
4334374912.0,-0.3094838857650757
4335312384.0,-0.3009044826030731
4336249856.0,-0.29180216789245605
4337187328.0,-0.28321734070777893
4338124800.0,-0.27540266513824463
4339062272.0,-0.2691790461540222
4339999744.0,-0.26240602135658264
4340937728.0,-0.25587379932403564
4341875200.0,-0.25090038776397705
4342812672.0,-0.24546104669570923
4343750144.0,-0.2397882044315338
4344687616.0,-0.23304817080497742
4345625088.0,-0.22522684931755066
4346562560.0,-0.21922242641448975
4347500032.0,-0.21138308942317963
4348437504.0,-0.20208217203617096
4349374976.0,-0.19354233145713806
4350312448.0,-0.18316633999347687
4351249920.0,-0.17199376225471497
4352187392.0,-0.15866637229919434
4353124864.0,-0.14496779441833496
4354062336.0,-0.12877270579338074
4354999808.0,-0.11316315829753876
4355937280.0,-0.09668008238077164
4356874752.0,-0.07952684909105301
4357812736.0,-0.06313581019639969
4358750208.0,-0.04984384775161743
4359687680.0,-0.03769511356949806
4360625152.0,-0.02998320385813713
4361562624.0,-0.025456266477704048
4362500096.0,-0.02324637398123741
4363437568.0,-0.0225956030189991
4364375040.0,-0.020833730697631836
4365312512.0,-0.021243253722786903
4366249984.0,-0.021997228264808655
4367187456.0,-0.022639336064457893
4368124928.0,-0.024482840672135353
4369062400.0,-0.026246819645166397
4369999872.0,-0.02850048616528511
4370937344.0,-0.03084215149283409
4371874816.0,-0.03515734523534775
4372812288.0,-0.03986234962940216
4373749760.0,-0.04651569202542305
4374687744.0,-0.05361664667725563
4375625216.0,-0.0621303915977478
4376562688.0,-0.07214684784412384
4377500160.0,-0.08352184295654297
4378437632.0,-0.09814495593309402
4379375104.0,-0.11409538984298706
4380312576.0,-0.13217878341674805
4381250048.0,-0.15142671763896942
4382187520.0,-0.1712491512298584
4383124992.0,-0.19400916993618011
4384062464.0,-0.2172667384147644
4384999936.0,-0.24170437455177307
4385937408.0,-0.2666640281677246
4386874880.0,-0.35805055499076843
4387812352.0,-0.3734341561794281
4388749824.0,-0.3858121335506439
4389687296.0,-0.3971940279006958
4390624768.0,-0.4049822986125946
4391562752.0,-0.410754919052124
4392500224.0,-0.4118700325489044
4393437696.0,-0.4105440676212311
4394375168.0,-0.40599754452705383
4395312640.0,-0.3983854651451111
4396250112.0,-0.387871116399765
4397187584.0,-0.3720780611038208
4398125056.0,-0.35533270239830017
4399062528.0,-0.3350493609905243
4400000000.0,-0.3112177550792694
4400937472.0,-0.28514206409454346
4401874944.0,-0.25723859667778015
4402812416.0,-0.22839529812335968
4403749888.0,-0.197974294424057
4404687360.0,-0.16625194251537323
4405624832.0,-0.13333791494369507
4406562304.0,-0.10111813992261887
4407499776.0,-0.06811568886041641
4408437248.0,-0.03625667840242386
4409375232.0,-0.006530849263072014
4410312704.0,0.02166134864091873
4411250176.0,0.048588044941425323
4412187648.0,0.07415783405303955
4413125120.0,0.09639840573072433
4414062592.0,0.11705093085765839
4415000064.0,0.13357004523277283
4415937536.0,0.1477406620979309
4416875008.0,0.1581765115261078
4417812480.0,0.16574734449386597
4418749952.0,0.16946770250797272
4419687424.0,0.1704685091972351
4420624896.0,0.16672126948833466
4421562368.0,0.15951354801654816
4422499840.0,0.15055714547634125
4423437312.0,0.1377846896648407
4424374784.0,0.12311884760856628
4425312256.0,0.10509609431028366
4426250240.0,0.08404742926359177
4427187712.0,0.06276162713766098
4428125184.0,0.03801440820097923
4429062656.0,0.013379529118537903
4430000128.0,-0.013256012462079525
4430937600.0,-0.039898402988910675
4431875072.0,-0.06657532602548599
4432812544.0,-0.09277047216892242
4433750016.0,-0.11815701425075531
4434687488.0,-0.14282162487506866
4435624960.0,-0.16518735885620117
4436562432.0,-0.18656443059444427
4437499904.0,-0.20701758563518524
4438437376.0,-0.2241736501455307
4439374848.0,-0.2391624003648758
4440312320.0,-0.2521967589855194
4441249792.0,-0.2620149254798889
4442187264.0,-0.2715374231338501
4443125248.0,-0.27637869119644165
4444062720.0,-0.27958258986473083
4445000192.0,-0.280690997838974
4445937664.0,-0.2806689441204071
4446875136.0,-0.22377216815948486
4447812608.0,-0.22865384817123413
4448750080.0,-0.23188284039497375
4449687552.0,-0.2326812446117401
4450625024.0,-0.22947010397911072
4451562496.0,-0.2231961190700531
4452499968.0,-0.2153768539428711
4453437440.0,-0.20342031121253967
4454374912.0,-0.19034644961357117
4455312384.0,-0.17486277222633362
4456249856.0,-0.1565311998128891
4457187328.0,-0.13670997321605682
4458124800.0,-0.11705534160137177
4459062272.0,-0.09538134932518005
4460000256.0,-0.0738917887210846
4460937728.0,-0.052329618483781815
4461875200.0,-0.030471423640847206
4462812672.0,-0.010850585997104645
4463750144.0,0.008921796455979347
4464687616.0,0.027800122275948524
4465625088.0,0.04383363947272301
4466562560.0,0.05889149755239487
4467500032.0,0.07047072798013687
4468437504.0,0.08036506921052933
4469374976.0,0.08706455677747726
4470312448.0,0.0918542742729187
4471249920.0,0.09290547668933868
4472187392.0,0.09169846773147583
4473124864.0,0.08647024631500244
4474062336.0,0.07919757813215256
4474999808.0,0.06873979419469833
4475937280.0,0.05519849807024002
4476874752.0,0.0406632237136364
4477812736.0,0.02259007655084133
4478750208.0,0.001991202123463154
4479687680.0,-0.01949620619416237
4480625152.0,-0.044405248016119
4481562624.0,-0.068194679915905
4482500096.0,-0.09495756030082703
4483437568.0,-0.12280306220054626
4484375040.0,-0.15078380703926086
4485312512.0,-0.1793319582939148
4486249984.0,-0.20767198503017426
4487187456.0,-0.23524586856365204
4488124928.0,-0.26181310415267944
4489062400.0,-0.28708088397979736
4489999872.0,-0.3106686472892761
4490937344.0,-0.33250460028648376
4491874816.0,-0.35219091176986694
4492812288.0,-0.3696816563606262
4493749760.0,-0.3856583833694458
4494687744.0,-0.39810609817504883
4495625216.0,-0.40913745760917664
4496562688.0,-0.4170924127101898
4497500160.0,-0.4234539866447449
4498437632.0,-0.42775872349739075
4499375104.0,-0.430133193731308
4500312576.0,-0.4304494857788086
4501250048.0,-0.42988988757133484
4502187520.0,-0.42769312858581543
4503124992.0,-0.4243699610233307
4504062464.0,-0.42027655243873596
4504999936.0,-0.4157874882221222
4505937408.0,-0.41177287697792053
4506874880.0,-0.29074403643608093
4507812352.0,-0.28750312328338623
4508749824.0,-0.28490185737609863
4509687296.0,-0.28300735354423523
4510624768.0,-0.2819352447986603
4511562752.0,-0.2815033793449402
4512500224.0,-0.28200384974479675
4513437696.0,-0.28276753425598145
4514375168.0,-0.28535372018814087
4515312640.0,-0.2895921766757965
4516250112.0,-0.2955745756626129
4517187584.0,-0.30137890577316284
4518125056.0,-0.30801987648010254
4519062528.0,-0.3157937228679657
4520000000.0,-0.324215829372406
4520937472.0,-0.3339231610298157
4521874944.0,-0.34360188245773315
4522812416.0,-0.3524898290634155
4523749888.0,-0.3636467456817627
4524687360.0,-0.37382277846336365
4525624832.0,-0.3835459053516388
4526562304.0,-0.39217042922973633
4527499776.0,-0.40188369154930115
4528437248.0,-0.4105938971042633
4529375232.0,-0.42042386531829834
4530312704.0,-0.42871496081352234
4531250176.0,-0.436906635761261
4532187648.0,-0.4440818727016449
4533125120.0,-0.4522605240345001
4534062592.0,-0.45893633365631104
4535000064.0,-0.46489331126213074
4535937536.0,-0.4701419174671173
4536875008.0,-0.47380298376083374
4537812480.0,-0.4774682819843292
4538749952.0,-0.48086658120155334
4539687424.0,-0.48337262868881226
4540624896.0,-0.48364853858947754
4541562368.0,-0.48524805903434753
4542499840.0,-0.4857584834098816
4543437312.0,-0.48583540320396423
4544374784.0,-0.4845975935459137
4545312256.0,-0.4834807813167572
4546250240.0,-0.48112794756889343
4547187712.0,-0.47894003987312317
4548125184.0,-0.47691014409065247
4549062656.0,-0.47372281551361084
4550000128.0,-0.47124701738357544
4550937600.0,-0.4674856662750244
4551875072.0,-0.4651482403278351
4552812544.0,-0.46213299036026
4553750016.0,-0.4597930610179901
4554687488.0,-0.4574541449546814
4555624960.0,-0.4549216330051422
4556562432.0,-0.4524606168270111
4557499904.0,-0.45039671659469604
4558437376.0,-0.44831958413124084
4559374848.0,-0.44610902667045593
4560312320.0,-0.44477134943008423
4561249792.0,-0.4433369040489197
4562187264.0,-0.4417204260826111
4563125248.0,-0.4399453401565552
4564062720.0,-0.43761441111564636
4565000192.0,-0.4362926185131073
4565937664.0,-0.4335634708404541
4566875136.0,-0.3870132863521576
4567812608.0,-0.39248332381248474
4568750080.0,-0.3968169093132019
4569687552.0,-0.3994523584842682
4570625024.0,-0.40014326572418213
4571562496.0,-0.398992657661438
4572499968.0,-0.39483949542045593
4573437440.0,-0.3884385824203491
4574374912.0,-0.3806287348270416
4575312384.0,-0.3707115650177002
4576249856.0,-0.3589250445365906
4577187328.0,-0.34494221210479736
4578124800.0,-0.3291003108024597
4579062272.0,-0.3112204372882843
4579999744.0,-0.29250115156173706
4580937728.0,-0.2722823917865753
4581875200.0,-0.25133565068244934
4582812672.0,-0.22909002006053925
4583750144.0,-0.205220028758049
4584687616.0,-0.1827070266008377
4585625088.0,-0.15908180177211761
4586562560.0,-0.13610386848449707
4587500032.0,-0.11384714394807816
4588437504.0,-0.09247460216283798
4589374976.0,-0.07268650829792023
4590312448.0,-0.054756201803684235
4591249920.0,-0.03536958992481232
4592187392.0,-0.020142758265137672
4593124864.0,-0.006786083336919546
4594062336.0,0.0043373811058700085
4594999808.0,0.01231009978801012
4595937280.0,0.018175100907683372
4596874752.0,0.02160131186246872
4597812736.0,0.022035982459783554
4598750208.0,0.01945902407169342
4599687680.0,0.01393873617053032
4600625152.0,0.0067627462558448315
4601562624.0,-0.004199815448373556
4602500096.0,-0.016245706006884575
4603437568.0,-0.030622605234384537
4604375040.0,-0.047283947467803955
4605312512.0,-0.06580221652984619
4606249984.0,-0.08604221045970917
4607187456.0,-0.10940297693014145
4608124928.0,-0.13161598145961761
4609062400.0,-0.15478594601154327
4609999872.0,-0.1777784377336502
4610937344.0,-0.20199905335903168
4611874816.0,-0.22547492384910583
4612812288.0,-0.24884209036827087
4613749760.0,-0.2709861397743225
4614687744.0,-0.29226019978523254
4615625216.0,-0.3131428360939026
4616562688.0,-0.33275899291038513
4617500160.0,-0.3498387336730957
4618437632.0,-0.365855872631073
4619375104.0,-0.38125017285346985
4620312576.0,-0.395757257938385
4621250048.0,-0.40826335549354553
4622187520.0,-0.4203987717628479
4623124992.0,-0.4308412969112396
4624062464.0,-0.44099166989326477
4624999936.0,-0.4496064782142639
4625937408.0,-0.4575941264629364
4626874880.0,-0.47227978706359863
4627812352.0,-0.4673721492290497
4628749824.0,-0.4615262448787689
4629687296.0,-0.45349007844924927
4630624768.0,-0.4443804621696472
4631562752.0,-0.43441835045814514
4632500224.0,-0.4251900911331177
4633437696.0,-0.4141823947429657
4634375168.0,-0.40451332926750183
4635312640.0,-0.3949277997016907
4636250112.0,-0.38490816950798035
4637187584.0,-0.3755764961242676
4638125056.0,-0.365307092666626
4639062528.0,-0.3562280237674713
4640000000.0,-0.3482080399990082
4640937472.0,-0.3406277000904083
4641874944.0,-0.33372068405151367
4642812416.0,-0.3266480565071106
4643749888.0,-0.32166552543640137
4644687360.0,-0.31670212745666504
4645624832.0,-0.31457284092903137
4646562304.0,-0.3129112124443054
4647499776.0,-0.31272047758102417
4648437248.0,-0.3128544092178345
4649375232.0,-0.31471383571624756
4650312704.0,-0.31708982586860657
4651250176.0,-0.3206087648868561
4652187648.0,-0.32433879375457764
4653125120.0,-0.33028677105903625
4654062592.0,-0.33546584844589233
4655000064.0,-0.3437620997428894
4655937536.0,-0.35235291719436646
4656875008.0,-0.35973039269447327
4657812480.0,-0.37023335695266724
4658749952.0,-0.37967512011528015
4659687424.0,-0.3922175467014313
4660624896.0,-0.4031915068626404
4661562368.0,-0.4152299761772156
4662499840.0,-0.4279153048992157
4663437312.0,-0.4400550425052643
4664374784.0,-0.45474064350128174
4665312256.0,-0.4679860472679138
4666250240.0,-0.4820023477077484
4667187712.0,-0.49480000138282776
4668125184.0,-0.5096568465232849
4669062656.0,-0.5240015387535095
4670000128.0,-0.538496196269989
4670937600.0,-0.552850604057312
4671875072.0,-0.5690808296203613
4672812544.0,-0.5827529430389404
4673750016.0,-0.5972301363945007
4674687488.0,-0.6118445992469788
4675624960.0,-0.6239520311355591
4676562432.0,-0.6365481019020081
4677499904.0,-0.6485466361045837
4678437376.0,-0.6584576964378357
4679374848.0,-0.6678848266601562
4680312320.0,-0.6776254177093506
4681249792.0,-0.6848092675209045
4682187264.0,-0.6919161081314087
4683125248.0,-0.6967760324478149
4684062720.0,-0.7000542879104614
4685000192.0,-0.701952338218689
4685937664.0,-0.7009707689285278
4686875136.0,-0.6786962747573853
4687812608.0,-0.6786245703697205
4688750080.0,-0.6756654381752014
4689687552.0,-0.6704249978065491
4690625024.0,-0.6627428531646729
4691562496.0,-0.6519128680229187
4692499968.0,-0.6384741067886353
4693437440.0,-0.6231992840766907
4694374912.0,-0.6063699126243591
4695312384.0,-0.5873281955718994
4696249856.0,-0.5654959678649902
4697187328.0,-0.5436129570007324
4698124800.0,-0.5207437872886658
4699062272.0,-0.4976940453052521
4700000256.0,-0.47490525245666504
4700937728.0,-0.45299747586250305
4701875200.0,-0.43195563554763794
4702812672.0,-0.4134923219680786
4703750144.0,-0.39558935165405273
4704687616.0,-0.3796249032020569
4705625088.0,-0.36817869544029236
4706562560.0,-0.35974597930908203
4707500032.0,-0.35485926270484924
4708437504.0,-0.3539631962776184
4709374976.0,-0.35711750388145447
4710312448.0,-0.3657279908657074
4711249920.0,-0.37810590863227844
4712187392.0,-0.3958517909049988
4713124864.0,-0.4187718629837036
4714062336.0,-0.4462074935436249
4714999808.0,-0.4791931211948395
4715937280.0,-0.5152704119682312
4716874752.0,-0.5549584031105042
4717812736.0,-0.5985045433044434
4718750208.0,-0.6435690522193909
4719687680.0,-0.6914168000221252
4720625152.0,-0.7415643930435181
4721562624.0,-0.7904971837997437
4722500096.0,-0.8398436903953552
4723437568.0,-0.8878305554389954
4724375040.0,-0.9334437847137451
4725312512.0,-0.9765422940254211
4726249984.0,-1.0164936780929565
4727187456.0,-1.052395224571228
4728124928.0,-1.0846866369247437
4729062400.0,-1.111554503440857
4729999872.0,-1.1335004568099976
4730937344.0,-1.1514577865600586
4731874816.0,-1.1656237840652466
4732812288.0,-1.1747007369995117
4733749760.0,-1.1799428462982178
4734687744.0,-1.1822600364685059
4735625216.0,-1.1805561780929565
4736562688.0,-1.1759213209152222
4737500160.0,-1.1691452264785767
4738437632.0,-1.1598893404006958
4739375104.0,-1.1491129398345947
4740312576.0,-1.136356234550476
4741250048.0,-1.1246519088745117
4742187520.0,-1.1102432012557983
4743124992.0,-1.0965849161148071
4744062464.0,-1.0805768966674805
4744999936.0,-1.0649406909942627
4745937408.0,-1.049630045890808
4746874880.0,-0.8045127987861633
4747812352.0,-0.8109629154205322
4748749824.0,-0.816443145275116
4749687296.0,-0.8228580355644226
4750624768.0,-0.8280074596405029
4751562752.0,-0.8335497379302979
4752500224.0,-0.8380019068717957
4753437696.0,-0.8430625796318054
4754375168.0,-0.8472665548324585
4755312640.0,-0.8507667779922485
4756250112.0,-0.8543999195098877
4757187584.0,-0.8560820817947388
4758125056.0,-0.8578256964683533
4759062528.0,-0.8580675721168518
4760000000.0,-0.8589903116226196
4760937472.0,-0.85858154296875
4761874944.0,-0.8578683733940125
4762812416.0,-0.8554173111915588
4763749888.0,-0.8530271649360657
4764687360.0,-0.8500798940658569
4765624832.0,-0.8464146852493286
4766562304.0,-0.8426042199134827
4767499776.0,-0.837664008140564
4768437248.0,-0.8319826126098633
4769375232.0,-0.8269773125648499
4770312704.0,-0.822012186050415
4771250176.0,-0.8183027505874634
4772187648.0,-0.8133407235145569
4773125120.0,-0.8096054196357727
4774062592.0,-0.8055856823921204
4775000064.0,-0.8044759035110474
4775937536.0,-0.8042466640472412
4776875008.0,-0.8032610416412354
4777812480.0,-0.8063536882400513
4778749952.0,-0.8115498423576355
4779687424.0,-0.8174254894256592
4780624896.0,-0.8266200423240662
4781562368.0,-0.8358452320098877
4782499840.0,-0.8472445607185364
4783437312.0,-0.860881507396698
4784374784.0,-0.876412034034729
4785312256.0,-0.893412172794342
4786250240.0,-0.9119029641151428
4787187712.0,-0.9337181448936462
4788125184.0,-0.9564884305000305
4789062656.0,-0.9812984466552734
4790000128.0,-1.0069249868392944
4790937600.0,-1.0323786735534668
4791875072.0,-1.060062050819397
4792812544.0,-1.088027000427246
4793750016.0,-1.1162049770355225
4794687488.0,-1.1450812816619873
4795624960.0,-1.174185037612915
4796562432.0,-1.2000272274017334
4797499904.0,-1.226256251335144
4798437376.0,-1.2518126964569092
4799374848.0,-1.2762444019317627
4800312320.0,-1.2986769676208496
4801249792.0,-1.3192280530929565
4802187264.0,-1.337326169013977
4803125248.0,-1.3525476455688477
4804062720.0,-1.365148901939392
4805000192.0,-1.376476526260376
4805937664.0,-1.385305643081665
4806875136.0,-1.241010308265686
4807812608.0,-1.2447763681411743
4808750080.0,-1.2465264797210693
4809687552.0,-1.2468760013580322
4810625024.0,-1.2452727556228638
4811562496.0,-1.2433781623840332
4812499968.0,-1.2390191555023193
4813437440.0,-1.2347558736801147
4814374912.0,-1.228980541229248
4815312384.0,-1.2226747274398804
4816249856.0,-1.2161258459091187
4817187328.0,-1.2087616920471191
4818124800.0,-1.2028213739395142
4819062272.0,-1.1954354047775269
4819999744.0,-1.189192771911621
4820937728.0,-1.1835681200027466
4821875200.0,-1.1783475875854492
4822812672.0,-1.17556631565094
4823750144.0,-1.1729633808135986
4824687616.0,-1.172271490097046
4825625088.0,-1.1720983982086182
4826562560.0,-1.1735990047454834
4827500032.0,-1.17664635181427
4828437504.0,-1.1817541122436523
4829374976.0,-1.1881308555603027
4830312448.0,-1.1983247995376587
4831249920.0,-1.2092368602752686
4832187392.0,-1.2220394611358643
4833124864.0,-1.238172173500061
4834062336.0,-1.255768895149231
4834999808.0,-1.2738243341445923
4835937280.0,-1.293055772781372
4836874752.0,-1.313530445098877
4837812736.0,-1.3347548246383667
4838750208.0,-1.3566619157791138
4839687680.0,-1.3782234191894531
4840625152.0,-1.401226282119751
4841562624.0,-1.4244672060012817
4842500096.0,-1.4458743333816528
4843437568.0,-1.4682810306549072
4844375040.0,-1.4886276721954346
4845312512.0,-1.5088759660720825
4846249984.0,-1.527099609375
4847187456.0,-1.5452728271484375
4848124928.0,-1.56088387966156
4849062400.0,-1.5765241384506226
4849999872.0,-1.5897407531738281
4850937344.0,-1.6023753881454468
4851874816.0,-1.6129605770111084
4852812288.0,-1.6222256422042847
4853749760.0,-1.6298800706863403
4854687744.0,-1.636211633682251
4855625216.0,-1.6409778594970703
4856562688.0,-1.6447194814682007
4857500160.0,-1.6471176147460938
4858437632.0,-1.649984359741211
4859375104.0,-1.6513168811798096
4860312576.0,-1.6540017127990723
4861250048.0,-1.6568936109542847
4862187520.0,-1.659667730331421
4863124992.0,-1.6629177331924438
4864062464.0,-1.6669825315475464
4864999936.0,-1.6710296869277954
4865937408.0,-1.6756850481033325
4866874880.0,-1.6582542657852173
4867812352.0,-1.6621862649917603
4868749824.0,-1.6651740074157715
4869687296.0,-1.6687651872634888
4870624768.0,-1.6720324754714966
4871562752.0,-1.6759930849075317
4872500224.0,-1.6807128190994263
4873437696.0,-1.6861778497695923
4874375168.0,-1.6925965547561646
4875312640.0,-1.7006696462631226
4876250112.0,-1.70877206325531
4877187584.0,-1.7173808813095093
4878125056.0,-1.7285175323486328
4879062528.0,-1.7391844987869263
4880000000.0,-1.7506659030914307
4880937472.0,-1.761346459388733
4881874944.0,-1.7727075815200806
4882812416.0,-1.7837252616882324
4883749888.0,-1.795633316040039
4884687360.0,-1.807737946510315
4885624832.0,-1.8192346096038818
4886562304.0,-1.8303594589233398
4887499776.0,-1.8397613763809204
4888437248.0,-1.8472926616668701
4889375232.0,-1.8538144826889038
4890312704.0,-1.8579362630844116
4891250176.0,-1.859541654586792
4892187648.0,-1.857633113861084
4893125120.0,-1.8546695709228516
4894062592.0,-1.8482011556625366
4895000064.0,-1.8389320373535156
4895937536.0,-1.827365756034851
4896875008.0,-1.8135343790054321
4897812480.0,-1.7979872226715088
4898749952.0,-1.7796132564544678
4899687424.0,-1.759545922279358
4900624896.0,-1.7374818325042725
4901562368.0,-1.7134336233139038
4902499840.0,-1.68844473361969
4903437312.0,-1.661190152168274
4904374784.0,-1.6340351104736328
4905312256.0,-1.606864333152771
4906250240.0,-1.5788601636886597
4907187712.0,-1.5522550344467163
4908125184.0,-1.5242928266525269
4909062656.0,-1.498097538948059
4910000128.0,-1.4730050563812256
4910937600.0,-1.449351191520691
4911875072.0,-1.4281508922576904
4912812544.0,-1.407578468322754
4913750016.0,-1.3907579183578491
4914687488.0,-1.3763148784637451
4915624960.0,-1.3625909090042114
4916562432.0,-1.3521243333816528
4917499904.0,-1.3447070121765137
4918437376.0,-1.3389438390731812
4919374848.0,-1.3350178003311157
4920312320.0,-1.3352570533752441
4921249792.0,-1.3365521430969238
4922187264.0,-1.2873797416687012
4923125248.0,-1.2757351398468018
4924062720.0,-1.265974998474121
4925000192.0,-1.256738543510437
4925937664.0,-1.3617411851882935
4926875136.0,-1.3675074577331543
4927812608.0,-1.375005841255188
4928750080.0,-1.3811697959899902
4929687552.0,-1.387810468673706
4930625024.0,-1.392107367515564
4931562496.0,-1.3955084085464478
4932499968.0,-1.3949496746063232
4933437440.0,-1.391910195350647
4934374912.0,-1.386652946472168
4935312384.0,-1.3790819644927979
4936249856.0,-1.36821448802948
4937187328.0,-1.3551850318908691
4938124800.0,-1.339520812034607
4939062272.0,-1.3220716714859009
4940000256.0,-1.3020896911621094
4940937728.0,-1.2817285060882568
4941875200.0,-1.2607135772705078
4942812672.0,-1.2385637760162354
4943750144.0,-1.2154995203018188
4944687616.0,-1.1924644708633423
4945625088.0,-1.1702442169189453
4946562560.0,-1.1479367017745972
4947500032.0,-1.1258364915847778
4948437504.0,-1.1067415475845337
4949374976.0,-1.0875132083892822
4950312448.0,-1.0711041688919067
4951249920.0,-1.0562547445297241
4952187392.0,-1.044641375541687
4953124864.0,-1.034110188484192
4954062336.0,-1.026031255722046
4954999808.0,-1.0205456018447876
4955937280.0,-1.0161775350570679
4956874752.0,-1.0128079652786255
4957812736.0,-1.0108089447021484
4958750208.0,-1.0083805322647095
4959687680.0,-1.0074197053909302
4960625152.0,-1.0051827430725098
4961562624.0,-1.0032083988189697
4962500096.0,-0.9987372756004333
4963437568.0,-0.9945525527000427
4964375040.0,-0.9896112680435181
4965312512.0,-0.9830424785614014
4966249984.0,-0.9753942489624023
4967187456.0,-0.967069149017334
4968124928.0,-0.9579342603683472
4969062400.0,-0.9492492079734802
4969999872.0,-0.9386916756629944
4970937344.0,-0.9282590746879578
4971874816.0,-0.9183969497680664
4972812288.0,-0.9075127840042114
4973749760.0,-0.8968514204025269
4974687744.0,-0.8876993060112
4975625216.0,-0.8798150420188904
4976562688.0,-0.8712769150733948
4977500160.0,-0.8644551038742065
4978437632.0,-0.8562901020050049
4979375104.0,-0.8490804433822632
4980312576.0,-0.8424878120422363
4981250048.0,-0.83465576171875
4982187520.0,-0.8262538909912109
4983124992.0,-0.8178274631500244
4984062464.0,-0.8090059757232666
4984999936.0,-0.800826370716095
4985937408.0,-0.779191255569458
4986874880.0,-0.7699695825576782
4987812352.0,-0.7629435658454895
4988749824.0,-0.7559506893157959
4989687296.0,-0.7502365708351135
4990624768.0,-0.7471300959587097
4991562752.0,-0.7444486618041992
4992500224.0,-0.7426480650901794
4993437696.0,-0.7433659434318542
4994375168.0,-0.7443025708198547
4995312640.0,-0.747126579284668
4996250112.0,-0.7504183650016785
4997187584.0,-0.7569242715835571
4998125056.0,-0.7629515528678894
4999062528.0,-0.7704330682754517
5000000000.0,-0.7785439491271973
5000937472.0,-0.7875829339027405
5001874944.0,-0.7972304821014404
5002812416.0,-0.8058491945266724
5003749888.0,-0.814961850643158
5004687360.0,-0.8235369324684143
5005624832.0,-0.8316390514373779
5006562304.0,-0.8382418751716614
5007499776.0,-0.8430848717689514
5008437248.0,-0.8465083241462708
5009375232.0,-0.8489148020744324
5010312704.0,-0.8499262928962708
5011250176.0,-0.8465869426727295
5012187648.0,-0.8411505818367004
5013125120.0,-0.8332062363624573
5014062592.0,-0.8223709464073181
5015000064.0,-0.8090398907661438
5015937536.0,-0.7924597263336182
5016875008.0,-0.7744811773300171
5017812480.0,-0.7528135180473328
5018749952.0,-0.7293745875358582
5019687424.0,-0.7038681507110596
5020624896.0,-0.6761418581008911
5021562368.0,-0.6471747159957886
5022499840.0,-0.6179661750793457
5023437312.0,-0.5869783163070679
5024374784.0,-0.5556134581565857
5025312256.0,-0.5241199731826782
5026250240.0,-0.4926806092262268
5027187712.0,-0.46201691031455994
5028125184.0,-0.4317300617694855
5029062656.0,-0.40326419472694397
5030000128.0,-0.37693193554878235
5030937600.0,-0.35274726152420044
5031875072.0,-0.33037468791007996
5032812544.0,-0.3092493712902069
5033750016.0,-0.2914062440395355
5034687488.0,-0.27733010053634644
5035624960.0,-0.26480600237846375
5036562432.0,-0.2568652033805847
5037499904.0,-0.2504544258117676
5038437376.0,-0.24827070534229279
5039374848.0,-0.24931764602661133
5040312320.0,-0.2531188130378723
5041249792.0,-0.2603044807910919
5042187264.0,-0.26942551136016846
5043125248.0,-0.282373309135437
5044062720.0,-0.29709771275520325
5045000192.0,-0.31384995579719543
5045937664.0,-0.5824159979820251
5046875136.0,-0.5915632843971252
5047812608.0,-0.5997903347015381
5048750080.0,-0.6090032458305359
5049687552.0,-0.6174494028091431
5050625024.0,-0.6252853870391846
5051562496.0,-0.6342237591743469
5052499968.0,-0.6426161527633667
5053437440.0,-0.6513897776603699
5054374912.0,-0.659446120262146
5055312384.0,-0.666347324848175
5056249856.0,-0.6734151840209961
5057187328.0,-0.6795947551727295
5058124800.0,-0.6847245097160339
5059062272.0,-0.6896374225616455
5059999744.0,-0.6925663352012634
5060937728.0,-0.6939215660095215
5061875200.0,-0.6947932243347168
5062812672.0,-0.692810595035553
5063750144.0,-0.6908568143844604
5064687616.0,-0.6860445141792297
5065625088.0,-0.6780704259872437
5066562560.0,-0.6696328520774841
5067500032.0,-0.6589820384979248
5068437504.0,-0.6452464461326599
5069374976.0,-0.6315068006515503
5070312448.0,-0.6145241856575012
5071249920.0,-0.5967423319816589
5072187392.0,-0.5779635906219482
5073124864.0,-0.557933509349823
5074062336.0,-0.5354291200637817
5074999808.0,-0.5124939680099487
5075937280.0,-0.489140123128891
5076874752.0,-0.464545339345932
5077812736.0,-0.44077610969543457
5078750208.0,-0.41584542393684387
5079687680.0,-0.39180660247802734
5080625152.0,-0.3676920533180237
5081562624.0,-0.34396952390670776
5082500096.0,-0.3222343921661377
5083437568.0,-0.30101120471954346
5084375040.0,-0.2802058160305023
5085312512.0,-0.2627917230129242
5086249984.0,-0.24654537439346313
5087187456.0,-0.23287153244018555
5088124928.0,-0.22133968770503998
5089062400.0,-0.21201157569885254
5089999872.0,-0.20585907995700836
5090937344.0,-0.20110082626342773
5091874816.0,-0.1995960772037506
5092812288.0,-0.20097965002059937
5093749760.0,-0.2042357176542282
5094687744.0,-0.21102865040302277
5095625216.0,-0.22025702893733978
5096562688.0,-0.23144811391830444
5097500160.0,-0.24444039165973663
5098437632.0,-0.26017946004867554
5099375104.0,-0.2777392268180847
5100312576.0,-0.2980753481388092
5101250048.0,-0.31845298409461975
5102187520.0,-0.3413938283920288
5103124992.0,-0.36610880494117737
5104062464.0,-0.39094841480255127
5104999936.0,-0.4156782329082489
5105937408.0,-0.5129267573356628
5106874880.0,-0.5315158367156982
5107812352.0,-0.5481222867965698
5108749824.0,-0.5625901818275452
5109687296.0,-0.5757012963294983
5110624768.0,-0.5871174931526184
5111562752.0,-0.5946764349937439
5112500224.0,-0.6019420027732849
5113437696.0,-0.6054568290710449
5114375168.0,-0.6075843572616577
5115312640.0,-0.6079224944114685
5116250112.0,-0.6070801615715027
5117187584.0,-0.6031864285469055
5118125056.0,-0.5987050533294678
5119062528.0,-0.5934023857116699
5120000000.0,-0.5858802199363708
5120937472.0,-0.5790021419525146
5121874944.0,-0.5712497234344482
5122812416.0,-0.5636215806007385
5123749888.0,-0.5554920434951782
5124687360.0,-0.5474177002906799
5125624832.0,-0.5388109087944031
5126562304.0,-0.5308898687362671
5127499776.0,-0.5204930901527405
5128437248.0,-0.5120208859443665
5129375232.0,-0.501103401184082
5130312704.0,-0.48977231979370117
5131250176.0,-0.4780521094799042
5132187648.0,-0.465520977973938
5133125120.0,-0.45156532526016235
5134062592.0,-0.4352497458457947
5135000064.0,-0.41915076971054077
5135937536.0,-0.4017970860004425
5136875008.0,-0.38354671001434326
5137812480.0,-0.3650868535041809
5138749952.0,-0.3463902473449707
5139687424.0,-0.3278087377548218
5140624896.0,-0.31000563502311707
5141562368.0,-0.2939109206199646
5142499840.0,-0.27996423840522766
5143437312.0,-0.26843324303627014
5144374784.0,-0.2612723112106323
5145312256.0,-0.2600138783454895
5146250240.0,-0.265539288520813
5147187712.0,-0.2767943739891052
5148125184.0,-0.29067257046699524
5149062656.0,-0.3093571066856384
5150000128.0,-0.32925301790237427
5150937600.0,-0.35017532110214233
5151875072.0,-0.3711386024951935
5152812544.0,-0.39186152815818787
5153750016.0,-0.4114192724227905
5154687488.0,-0.43079647421836853
5155624960.0,-0.44785210490226746
5156562432.0,-0.46361044049263
5157499904.0,-0.4784112870693207
5158437376.0,-0.49252328276634216
5159374848.0,-0.5042638182640076
5160312320.0,-0.5150614380836487
5161249792.0,-0.5246650576591492
5162187264.0,-0.533767819404602
5163125248.0,-0.5417574644088745
5164062720.0,-0.5491529703140259
5165000192.0,-0.5569168329238892
5165937664.0,-0.562461256980896
5166875136.0,-0.5774220824241638
5167812608.0,-0.5934190154075623
5168750080.0,-0.6089231967926025
5169687552.0,-0.6255788207054138
5170625024.0,-0.6427082419395447
5171562496.0,-0.6595191955566406
5172499968.0,-0.6757314205169678
5173437440.0,-0.6922339200973511
5174374912.0,-0.7073230743408203
5175312384.0,-0.7212203741073608
5176249856.0,-0.7347614765167236
5177187328.0,-0.7448576092720032
5178124800.0,-0.7526518702507019
5179062272.0,-0.7592407464981079
5180000256.0,-0.7636165618896484
5180937728.0,-0.7629368901252747
5181875200.0,-0.7615939974784851
5182812672.0,-0.7576459646224976
5183750144.0,-0.7497727274894714
5184687616.0,-0.7388597726821899
5185625088.0,-0.7259576916694641
5186562560.0,-0.7104277014732361
5187500032.0,-0.6928793787956238
5188437504.0,-0.6736019849777222
5189374976.0,-0.6525538563728333
5190312448.0,-0.6296755075454712
5191249920.0,-0.6062215566635132
5192187392.0,-0.5824159383773804
5193124864.0,-0.5572909712791443
5194062336.0,-0.5336612462997437
5194999808.0,-0.5085289478302002
5195937280.0,-0.4849085509777069
5196874752.0,-0.4633730351924896
5197812736.0,-0.4412608742713928
5198750208.0,-0.42135605216026306
5199687680.0,-0.40296611189842224
5200625152.0,-0.3861985504627228
5201562624.0,-0.3726964294910431
5202500096.0,-0.36030229926109314
5203437568.0,-0.35165199637413025
5204375040.0,-0.3451235592365265
5205312512.0,-0.34216609597206116
5206249984.0,-0.3404271900653839
5207187456.0,-0.3430047929286957
5208124928.0,-0.3479733467102051
5209062400.0,-0.35600152611732483
5209999872.0,-0.367940753698349
5210937344.0,-0.3815552294254303
5211874816.0,-0.39748671650886536
5212812288.0,-0.416578084230423
5213749760.0,-0.4363090693950653
5214687744.0,-0.45852193236351013
5215625216.0,-0.4819076657295227
5216562688.0,-0.5071185231208801
5217500160.0,-0.5331504344940186
5218437632.0,-0.5606881380081177
5219375104.0,-0.5866949558258057
5220312576.0,-0.6138685345649719
5221250048.0,-0.6411572098731995
5222187520.0,-0.6686525940895081
5223124992.0,-0.6955130696296692
5224062464.0,-0.7213642001152039
5224999936.0,-0.7474806308746338
5225937408.0,-0.7972347140312195
5226874880.0,-0.8212586045265198
5227812352.0,-0.8433369398117065
5228749824.0,-0.8634375929832458
5229687296.0,-0.8828246593475342
5230624768.0,-0.8984753489494324
5231562752.0,-0.9126907587051392
5232500224.0,-0.9246747493743896
5233437696.0,-0.9338964223861694
5234375168.0,-0.941421627998352
5235312640.0,-0.9464478492736816
5236250112.0,-0.94911128282547
5237187584.0,-0.9502926468849182
5238125056.0,-0.9474772810935974
5239062528.0,-0.9438472986221313
5240000000.0,-0.9360758066177368
5240937472.0,-0.9280092120170593
5241874944.0,-0.9186855554580688
5242812416.0,-0.9078751802444458
5243749888.0,-0.8962311148643494
5244687360.0,-0.8833522200584412
5245624832.0,-0.8695157170295715
5246562304.0,-0.855462908744812
5247499776.0,-0.8394671678543091
5248437248.0,-0.8239309787750244
5249375232.0,-0.8082449436187744
5250312704.0,-0.7910584807395935
5251250176.0,-0.777204692363739
5252187648.0,-0.7609738707542419
5253125120.0,-0.7469762563705444
5254062592.0,-0.7339290976524353
5255000064.0,-0.7218173742294312
5255937536.0,-0.7119256854057312
5256875008.0,-0.7040875554084778
5257812480.0,-0.6980527639389038
5258749952.0,-0.6933773756027222
5259687424.0,-0.6900942325592041
5260624896.0,-0.6897450685501099
5261562368.0,-0.6895476579666138
5262499840.0,-0.6920307874679565
5263437312.0,-0.6951764822006226
5264374784.0,-0.7019984722137451
5265312256.0,-0.7098512649536133
5266250240.0,-0.719052791595459
5267187712.0,-0.7306578755378723
5268125184.0,-0.7440785765647888
5269062656.0,-0.7608578205108643
5270000128.0,-0.7796074748039246
5270937600.0,-0.7998136281967163
5271875072.0,-0.8232852816581726
5272812544.0,-0.8477714657783508
5273750016.0,-0.8759312033653259
5274687488.0,-0.9045626521110535
5275624960.0,-0.93454909324646
5276562432.0,-0.9670112133026123
5277499904.0,-0.9996374845504761
5278437376.0,-1.0341219902038574
5279374848.0,-1.0694334506988525
5280312320.0,-1.106422781944275
5281249792.0,-1.14376962184906
5282187264.0,-1.1807488203048706
5283125248.0,-1.2208216190338135
5284062720.0,-1.257888913154602
5285000192.0,-1.2967990636825562
5285937664.0,-1.3252967596054077
5286875136.0,-1.3581279516220093
5287812608.0,-1.388710856437683
5288750080.0,-1.41641104221344
5289687552.0,-1.4411569833755493
5290625024.0,-1.4638962745666504
5291562496.0,-1.4837552309036255
5292499968.0,-1.5025932788848877
5293437440.0,-1.5180118083953857
5294374912.0,-1.5312633514404297
5295312384.0,-1.5403540134429932
5296249856.0,-1.5471055507659912
5297187328.0,-1.550511360168457
5298124800.0,-1.5522613525390625
5299062272.0,-1.5498416423797607
5299999744.0,-1.5459295511245728
5300937728.0,-1.537994384765625
5301875200.0,-1.5276163816452026
5302812672.0,-1.5167655944824219
5303750144.0,-1.5022140741348267
5304687616.0,-1.4868707656860352
5305625088.0,-1.4712504148483276
5306562560.0,-1.4553183317184448
5307500032.0,-1.4385924339294434
5308437504.0,-1.4223928451538086
5309374976.0,-1.4074904918670654
5310312448.0,-1.3908218145370483
5311249920.0,-1.3762943744659424
5312187392.0,-1.3642346858978271
5313124864.0,-1.3530287742614746
5314062336.0,-1.3407655954360962
5314999808.0,-1.3326317071914673
5315937280.0,-1.3242725133895874
5316874752.0,-1.319257140159607
5317812736.0,-1.3155746459960938
5318750208.0,-1.3143184185028076
5319687680.0,-1.3172197341918945
5320625152.0,-1.3219420909881592
5321562624.0,-1.3290042877197266
5322500096.0,-1.3379517793655396
5323437568.0,-1.3502119779586792
5324375040.0,-1.3632831573486328
5325312512.0,-1.380657434463501
5326249984.0,-1.400029182434082
5327187456.0,-1.4235420227050781
5328124928.0,-1.448778510093689
5329062400.0,-1.4768356084823608
5329999872.0,-1.5089143514633179
5330937344.0,-1.544643521308899
5331874816.0,-1.5790475606918335
5332812288.0,-1.6468390226364136
5333749760.0,-1.6926270723342896
5334687744.0,-1.7409460544586182
5335625216.0,-1.789290189743042
5336562688.0,-1.8405300378799438
5337500160.0,-1.8924243450164795
5338437632.0,-1.946092128753662
5339375104.0,-2.0017566680908203
5340312576.0,-2.0588266849517822
5341250048.0,-2.115981340408325
5342187520.0,-2.1729979515075684
5343124992.0,-2.228320598602295
5344062464.0,-2.2829091548919678
5344999936.0,-2.335314989089966
5345937408.0,-2.2790632247924805
5346874880.0,-2.3109755516052246
5347812352.0,-2.338273763656616
5348749824.0,-2.364034652709961
5349687296.0,-2.3861794471740723
5350624768.0,-2.406783103942871
5351562752.0,-2.4220237731933594
5352500224.0,-2.4346988201141357
5353437696.0,-2.4440760612487793
5354375168.0,-2.448542594909668
5355312640.0,-2.4484143257141113
5356250112.0,-2.444476842880249
5357187584.0,-2.437762498855591
5358125056.0,-2.4272983074188232
5359062528.0,-2.4130256175994873
5360000000.0,-2.398256778717041
5360937472.0,-2.380688428878784
5361874944.0,-2.362020492553711
5362812416.0,-2.340437650680542
5363749888.0,-2.318168878555298
5364687360.0,-2.295367956161499
5365624832.0,-2.271015167236328
5366562304.0,-2.24676775932312
5367499776.0,-2.220916986465454
5368437248.0,-2.1963672637939453
5369375232.0,-2.170698404312134
5370312704.0,-2.145761013031006
5371250176.0,-2.1210737228393555
5372187648.0,-2.0951192378997803
5373125120.0,-2.0713794231414795
5374062592.0,-2.0488574504852295
5375000064.0,-2.0284934043884277
5375937536.0,-2.008216381072998
5376875008.0,-1.9884835481643677
5377812480.0,-1.9701197147369385
5378749952.0,-1.9538376331329346
5379687424.0,-1.9383907318115234
5380624896.0,-1.9231593608856201
5381562368.0,-1.9098172187805176
5382499840.0,-1.8969184160232544
5383437312.0,-1.8874170780181885
5384374784.0,-1.8783478736877441
5385312256.0,-1.8717741966247559
5386250240.0,-1.8677806854248047
5387187712.0,-1.864816427230835
5388125184.0,-1.8638843297958374
5389062656.0,-1.8648395538330078
5390000128.0,-1.8660759925842285
5390937600.0,-1.8695234060287476
5391875072.0,-1.8733896017074585
5392812544.0,-1.8765162229537964
5393750016.0,-1.8807779550552368
5394687488.0,-1.8870848417282104
5395624960.0,-1.8916507959365845
5396562432.0,-1.8996009826660156
5397499904.0,-1.9068400859832764
5398437376.0,-1.913007378578186
5399374848.0,-1.9209152460098267
5400312320.0,-1.9272918701171875
5401249792.0,-1.9330693483352661
5402187264.0,-1.937428593635559
5403125248.0,-1.9422388076782227
5404062720.0,-1.9459831714630127
5405000192.0,-1.9483792781829834
5405937664.0,-2.0891947746276855
5406875136.0,-2.0913257598876953
5407812608.0,-2.088026285171509
5408750080.0,-2.0819242000579834
5409687552.0,-2.07254958152771
5410625024.0,-2.0618085861206055
5411562496.0,-2.0464305877685547
5412499968.0,-2.0290024280548096
5413437440.0,-2.009974956512451
5414374912.0,-1.988642930984497
5415312384.0,-1.965103268623352
5416249856.0,-1.9406170845031738
5417187328.0,-1.9124209880828857
5418124800.0,-1.8854783773422241
5419062272.0,-1.8557285070419312
5420000256.0,-1.8252676725387573
5420937728.0,-1.7944024801254272
5421875200.0,-1.761751413345337
5422812672.0,-1.730301856994629
5423750144.0,-1.6993945837020874
5424687616.0,-1.6683448553085327
5425625088.0,-1.6376264095306396
5426562560.0,-1.6065367460250854
5427500032.0,-1.577675223350525
5428437504.0,-1.5483367443084717
5429374976.0,-1.5190986394882202
5430312448.0,-1.4916408061981201
5431249920.0,-1.4660460948944092
5432187392.0,-1.4401917457580566
5433124864.0,-1.4160122871398926
5434062336.0,-1.3928171396255493
5434999808.0,-1.3713185787200928
5435937280.0,-1.3503408432006836
5436874752.0,-1.329259991645813
5437812736.0,-1.3108348846435547
5438750208.0,-1.2925536632537842
5439687680.0,-1.2758619785308838
5440625152.0,-1.2611401081085205
5441562624.0,-1.2472907304763794
5442500096.0,-1.2356836795806885
5443437568.0,-1.2250005006790161
5444375040.0,-1.2162195444107056
5445312512.0,-1.2099378108978271
5446249984.0,-1.204918622970581
5447187456.0,-1.2014634609222412
5448124928.0,-1.1993882656097412
5449062400.0,-1.1996139287948608
5449999872.0,-1.201553463935852
5450937344.0,-1.2050038576126099
5451874816.0,-1.2102993726730347
5452812288.0,-1.218306064605713
5453749760.0,-1.2249637842178345
5454687744.0,-1.233756184577942
5455625216.0,-1.2436388731002808
5456562688.0,-1.2534340620040894
5457500160.0,-1.2638916969299316
5458437632.0,-1.2737693786621094
5459375104.0,-1.2853208780288696
5460312576.0,-1.295610785484314
5461250048.0,-1.3062059879302979
5462187520.0,-1.3152434825897217
5463124992.0,-1.3246574401855469
5464062464.0,-1.3322232961654663
5464999936.0,-1.339022159576416
5465937408.0,-1.3459216356277466
5466874880.0,-1.3457868099212646
5467812352.0,-1.3446106910705566
5468749824.0,-1.3414963483810425
5469687296.0,-1.3349764347076416
5470624768.0,-1.3278100490570068
5471562752.0,-1.3184107542037964
5472500224.0,-1.3067532777786255
5473437696.0,-1.2924407720565796
5474375168.0,-1.2757798433303833
5475312640.0,-1.2592395544052124
5476250112.0,-1.238879919052124
5477187584.0,-1.218770146369934
5478125056.0,-1.1967910528182983
5479062528.0,-1.1741373538970947
5480000000.0,-1.1485458612442017
5480937472.0,-1.1240227222442627
5481874944.0,-1.097912073135376
5482812416.0,-1.0724785327911377
5483749888.0,-1.0451338291168213
5484687360.0,-1.0184087753295898
5485624832.0,-0.9913364052772522
5486562304.0,-0.9652314782142639
5487499776.0,-0.9376987814903259
5488437248.0,-0.9116121530532837
5489375232.0,-0.886361837387085
5490312704.0,-0.8616423010826111
5491250176.0,-0.8382008671760559
5492187648.0,-0.8151392340660095
5493125120.0,-0.7939146161079407
5494062592.0,-0.773269772529602
5495000064.0,-0.7548658847808838
5495937536.0,-0.7372449040412903
5496875008.0,-0.7231373190879822
5497812480.0,-0.7100507616996765
5498749952.0,-0.7007206678390503
5499687424.0,-0.6931560635566711
5500624896.0,-0.6884891390800476
5501562368.0,-0.6857895851135254
5502499840.0,-0.6868408918380737
5503437312.0,-0.6908969283103943
5504374784.0,-0.6970654129981995
5505312256.0,-0.706341028213501
5506250240.0,-0.7178962230682373
5507187712.0,-0.7320101261138916
5508125184.0,-0.7477180361747742
5509062656.0,-0.766827404499054
5510000128.0,-0.7883707880973816
5510937600.0,-0.8106064200401306
5511875072.0,-0.8368620276451111
5512812544.0,-0.8639891147613525
5513750016.0,-0.8927870392799377
5514687488.0,-0.9215389490127563
5515624960.0,-0.9531495571136475
5516562432.0,-0.9833523035049438
5517499904.0,-1.0149885416030884
5518437376.0,-1.045742154121399
5519374848.0,-1.0758575201034546
5520312320.0,-1.1031622886657715
5521249792.0,-1.1297281980514526
5522187264.0,-1.1533101797103882
5523125248.0,-1.1743446588516235
5524062720.0,-1.1929512023925781
5525000192.0,-1.2064369916915894
5525937664.0,-1.04400634765625
5526875136.0,-1.0478425025939941
5527812608.0,-1.052735447883606
5528750080.0,-1.054311990737915
5529687552.0,-1.0533127784729004
5530625024.0,-1.0506205558776855
5531562496.0,-1.0476759672164917
5532499968.0,-1.0414180755615234
5533437440.0,-1.0340231657028198
5534374912.0,-1.0262260437011719
5535312384.0,-1.0157798528671265
5536249856.0,-1.0048668384552002
5537187328.0,-0.991543173789978
5538124800.0,-0.9778524041175842
5539062272.0,-0.9638803005218506
5539999744.0,-0.9483851790428162
5540937728.0,-0.9321539998054504
5541875200.0,-0.9156022071838379
5542812672.0,-0.89935302734375
5543750144.0,-0.8830524682998657
5544687616.0,-0.8669915795326233
5545625088.0,-0.8512482643127441
5546562560.0,-0.8352487087249756
5547500032.0,-0.8206721544265747
5548437504.0,-0.8062012195587158
5549374976.0,-0.7933589220046997
5550312448.0,-0.779354453086853
5551249920.0,-0.7680429816246033
5552187392.0,-0.757611870765686
5553124864.0,-0.7491562366485596
5554062336.0,-0.741583526134491
5554999808.0,-0.7352645993232727
5555937280.0,-0.7320838570594788
5556874752.0,-0.7299801707267761
5557812736.0,-0.7314724922180176
5558750208.0,-0.734273374080658
5559687680.0,-0.7411382794380188
5560625152.0,-0.7481902837753296
5561562624.0,-0.759577751159668
5562500096.0,-0.7730405926704407
5563437568.0,-0.7884660959243774
5564375040.0,-0.8077437281608582
5565312512.0,-0.8297918438911438
5566249984.0,-0.8527523875236511
5567187456.0,-0.8782545924186707
5568124928.0,-0.9054121375083923
5569062400.0,-0.9337555766105652
5569999872.0,-0.9627984166145325
5570937344.0,-0.9925532937049866
5571874816.0,-1.022870421409607
5572812288.0,-1.051505446434021
5573749760.0,-1.0802010297775269
5574687744.0,-1.1069334745407104
5575625216.0,-1.1324117183685303
5576562688.0,-1.1561150550842285
5577500160.0,-1.176560640335083
5578437632.0,-1.1958590745925903
5579375104.0,-1.2117551565170288
5580312576.0,-1.226172685623169
5581250048.0,-1.2361721992492676
5582187520.0,-1.2439758777618408
5583124992.0,-1.2489427328109741
5584062464.0,-1.252086877822876
5584999936.0,-1.2511333227157593
5585937408.0,-1.175844430923462
5586874880.0,-1.1820564270019531
5587812352.0,-1.1857796907424927
5588749824.0,-1.1910573244094849
5589687296.0,-1.1932001113891602
5590624768.0,-1.1947124004364014
5591562752.0,-1.1956149339675903
5592500224.0,-1.1950148344039917
5593437696.0,-1.1945300102233887
5594375168.0,-1.193208932876587
5595312640.0,-1.1895023584365845
5596250112.0,-1.187880516052246
5597187584.0,-1.1825993061065674
5598125056.0,-1.178114414215088
5599062528.0,-1.1730529069900513
5600000000.0,-1.1680197715759277
5600937472.0,-1.162832498550415
5601874944.0,-1.1568639278411865
5602812416.0,-1.152774453163147
5603749888.0,-1.1473597288131714
5604687360.0,-1.1418997049331665
5605624832.0,-1.1370203495025635
5606562304.0,-1.1324131488800049
5607499776.0,-1.127091407775879
5608437248.0,-1.1230151653289795
5609375232.0,-1.1181280612945557
5610312704.0,-1.1133580207824707
5611250176.0,-1.1091727018356323
5612187648.0,-1.1041020154953003
5613125120.0,-1.100232720375061
5614062592.0,-1.0960174798965454
5615000064.0,-1.0930615663528442
5615937536.0,-1.0899250507354736
5616875008.0,-1.086991786956787
5617812480.0,-1.085943579673767
5618749952.0,-1.0844042301177979
5619687424.0,-1.084000825881958
5620624896.0,-1.0844085216522217
5621562368.0,-1.0862065553665161
5622499840.0,-1.0869981050491333
5623437312.0,-1.0883336067199707
5624374784.0,-1.091562032699585
5625312256.0,-1.094091534614563
5626250240.0,-1.0969876050949097
5627187712.0,-1.0989207029342651
5628125184.0,-1.1011638641357422
5629062656.0,-1.1036853790283203
5630000128.0,-1.1049152612686157
5630937600.0,-1.1059468984603882
5631875072.0,-1.1081528663635254
5632812544.0,-1.1080946922302246
5633750016.0,-1.110369324684143
5634687488.0,-1.109282374382019
5635624960.0,-1.1076867580413818
5636562432.0,-1.1054824590682983
5637499904.0,-1.1013593673706055
5638437376.0,-1.0973228216171265
5639374848.0,-1.0913150310516357
5640312320.0,-1.0856568813323975
5641249792.0,-1.0797964334487915
5642187264.0,-1.072546124458313
5643125248.0,-1.065583348274231
5644062720.0,-1.056026816368103
5645000192.0,-1.0476579666137695
5645937664.0,-1.0463237762451172
5646875136.0,-1.0356571674346924
5647812608.0,-1.0222713947296143
5648750080.0,-1.0078517198562622
5649687552.0,-0.9946730732917786
5650625024.0,-0.9772208333015442
5651562496.0,-0.9611750841140747
5652499968.0,-0.9424042701721191
5653437440.0,-0.9242454171180725
5654374912.0,-0.9047561883926392
5655312384.0,-0.8845399618148804
5656249856.0,-0.8640367984771729
5657187328.0,-0.8438827395439148
5658124800.0,-0.8234211802482605
5659062272.0,-0.8008638620376587
5660000256.0,-0.7794943451881409
5660937728.0,-0.759484052658081
5661875200.0,-0.7382398843765259
5662812672.0,-0.7181379199028015
5663750144.0,-0.6971554160118103
5664687616.0,-0.6781232357025146
5665625088.0,-0.6603699922561646
5666562560.0,-0.6428303718566895
5667500032.0,-0.6272475719451904
5668437504.0,-0.6129758954048157
5669374976.0,-0.5985599160194397
5670312448.0,-0.5875309705734253
5671249920.0,-0.5788555145263672
5672187392.0,-0.5698843598365784
5673124864.0,-0.564262866973877
5674062336.0,-0.5589452981948853
5674999808.0,-0.5560128688812256
5675937280.0,-0.5533397793769836
5676874752.0,-0.5535155534744263
5677812736.0,-0.5542298555374146
5678750208.0,-0.5553943514823914
5679687680.0,-0.5578250885009766
5680625152.0,-0.5617086887359619
5681562624.0,-0.5657511949539185
5682500096.0,-0.5688133239746094
5683437568.0,-0.5721037983894348
5684375040.0,-0.57425856590271
5685312512.0,-0.5775995254516602
5686249984.0,-0.5794877409934998
5687187456.0,-0.5811660885810852
5688124928.0,-0.5822785496711731
5689062400.0,-0.5822809934616089
5689999872.0,-0.5798995494842529
5690937344.0,-0.5786449313163757
5691874816.0,-0.5748777389526367
5692812288.0,-0.5695462822914124
5693749760.0,-0.5627912282943726
5694687744.0,-0.5543965697288513
5695625216.0,-0.5450702905654907
5696562688.0,-0.5351381301879883
5697500160.0,-0.5221685767173767
5698437632.0,-0.5077310800552368
5699375104.0,-0.493668794631958
5700312576.0,-0.47856631875038147
5701250048.0,-0.4633524417877197
5702187520.0,-0.449383944272995
5703124992.0,-0.43484699726104736
5704062464.0,-0.4207567572593689
5704999936.0,-0.4074040949344635
5705937408.0,-0.37382522225379944
5706874880.0,-0.3724232614040375
5707812352.0,-0.37115320563316345
5708749824.0,-0.3693179190158844
5709687296.0,-0.36832332611083984
5710624768.0,-0.36633557081222534
5711562752.0,-0.36486682295799255
5712500224.0,-0.3637996017932892
5713437696.0,-0.3629128336906433
5714375168.0,-0.3621863126754761
5715312640.0,-0.36156710982322693
5716250112.0,-0.35927680134773254
5717187584.0,-0.35721680521965027
5718125056.0,-0.3526720702648163
5719062528.0,-0.3503851294517517
5720000000.0,-0.34486842155456543
5720937472.0,-0.33931493759155273
5721874944.0,-0.3326670825481415
5722812416.0,-0.32643333077430725
5723749888.0,-0.31747254729270935
5724687360.0,-0.3104420006275177
5725624832.0,-0.3021920323371887
5726562304.0,-0.2940554618835449
5727499776.0,-0.28575634956359863
5728437248.0,-0.27945631742477417
5729375232.0,-0.27204763889312744
5730312704.0,-0.26655614376068115
5731250176.0,-0.26263752579689026
5732187648.0,-0.26042479276657104
5733125120.0,-0.2604449391365051
5734062592.0,-0.2621420621871948
5735000064.0,-0.2659936547279358
5735937536.0,-0.27156558632850647
5736875008.0,-0.2783169150352478
5737812480.0,-0.287199467420578
5738749952.0,-0.29803311824798584
5739687424.0,-0.3103848099708557
5740624896.0,-0.32393157482147217
5741562368.0,-0.33797040581703186
5742499840.0,-0.3521607220172882
5743437312.0,-0.3635720908641815
5744374784.0,-0.37564289569854736
5745312256.0,-0.3855768144130707
5746250240.0,-0.3934250473976135
5747187712.0,-0.3995063006877899
5748125184.0,-0.4026646614074707
5749062656.0,-0.4046858251094818
5750000128.0,-0.403224378824234
5750937600.0,-0.399974524974823
5751875072.0,-0.393979012966156
5752812544.0,-0.3869706690311432
5753750016.0,-0.37918975949287415
5754687488.0,-0.3711393475532532
5755624960.0,-0.36202192306518555
5756562432.0,-0.35239177942276
5757499904.0,-0.3439576327800751
5758437376.0,-0.33642593026161194
5759374848.0,-0.32683825492858887
5760312320.0,-0.3198586404323578
5761249792.0,-0.3144407570362091
5762187264.0,-0.30943530797958374
5763125248.0,-0.3057243824005127
5764062720.0,-0.30090540647506714
5765000192.0,-0.2978740930557251
5765937664.0,-0.22079700231552124
5766875136.0,-0.22353948652744293
5767812608.0,-0.2266847938299179
5768750080.0,-0.23121774196624756
5769687552.0,-0.23587599396705627
5770625024.0,-0.2412443459033966
5771562496.0,-0.24718733131885529
5772499968.0,-0.25289633870124817
5773437440.0,-0.2594382166862488
5774374912.0,-0.26680129766464233
5775312384.0,-0.27373963594436646
5776249856.0,-0.2806073725223541
5777187328.0,-0.28836533427238464
5778124800.0,-0.2962716519832611
5779062272.0,-0.30361655354499817
5779999744.0,-0.3111209571361542
5780937728.0,-0.31789836287498474
5781875200.0,-0.3239738941192627
5782812672.0,-0.33002081513404846
5783750144.0,-0.33686113357543945
5784687616.0,-0.3406258225440979
5785625088.0,-0.3462521731853485
5786562560.0,-0.35023432970046997
5787500032.0,-0.35446974635124207
5788437504.0,-0.3571552038192749
5789374976.0,-0.3573037385940552
5790312448.0,-0.3558206260204315
5791249920.0,-0.35368314385414124
5792187392.0,-0.35047104954719543
5793124864.0,-0.3461975157260895
5794062336.0,-0.34207087755203247
5794999808.0,-0.3355187177658081
5795937280.0,-0.3294670581817627
5796874752.0,-0.3225034475326538
5797812736.0,-0.3150360584259033
5798750208.0,-0.3043760359287262
5799687680.0,-0.29564881324768066
5800625152.0,-0.2853493094444275
5801562624.0,-0.2740044593811035
5802500096.0,-0.26122763752937317
5803437568.0,-0.24630269408226013
5804375040.0,-0.23323222994804382
5805312512.0,-0.21807947754859924
5806249984.0,-0.20414067804813385
5807187456.0,-0.18912926316261292
5808124928.0,-0.17270952463150024
5809062400.0,-0.15737853944301605
5809999872.0,-0.14266884326934814
5810937344.0,-0.1268625259399414
5811874816.0,-0.1106284037232399
5812812288.0,-0.09599114209413528
5813749760.0,-0.08109522610902786
5814687744.0,-0.06641707569360733
5815625216.0,-0.05403158441185951
5816562688.0,-0.041874125599861145
5817500160.0,-0.028869962319731712
5818437632.0,-0.018106181174516678
5819375104.0,-0.008466583676636219
5820312576.0,0.0025307622272521257
5821250048.0,0.011375810019671917
5822187520.0,0.019232584163546562
5823124992.0,0.02679661475121975
5824062464.0,0.03359544277191162
5824999936.0,0.039846353232860565
5825937408.0,-0.14482009410858154
5826874880.0,-0.1511102169752121
5827812352.0,-0.1545446217060089
5828749824.0,-0.1565244495868683
5829687296.0,-0.15739873051643372
5830624768.0,-0.1571492701768875
5831562752.0,-0.15500840544700623
5832500224.0,-0.15283048152923584
5833437696.0,-0.14893083274364471
5834375168.0,-0.14626632630825043
5835312640.0,-0.14171752333641052
5836250112.0,-0.1383056342601776
5837187584.0,-0.1355264037847519
5838125056.0,-0.13220393657684326
5839062528.0,-0.1298615038394928
5840000000.0,-0.1287621110677719
5840937472.0,-0.12998710572719574
5841874944.0,-0.13162575662136078
5842812416.0,-0.1345435529947281
5843749888.0,-0.1368303894996643
5844687360.0,-0.14119169116020203
5845624832.0,-0.14637479186058044
5846562304.0,-0.15333104133605957
5847499776.0,-0.1602838784456253
5848437248.0,-0.16765962541103363
5849375232.0,-0.17609503865242004
5850312704.0,-0.18503472208976746
5851250176.0,-0.19438858330249786
5852187648.0,-0.20342998206615448
5853125120.0,-0.2122822105884552
5854062592.0,-0.22163289785385132
5855000064.0,-0.23172099888324738
5855937536.0,-0.23991261422634125
5856875008.0,-0.24775156378746033
5857812480.0,-0.25440946221351624
5858749952.0,-0.2585431635379791
5859687424.0,-0.2611672878265381
5860624896.0,-0.26351773738861084
5861562368.0,-0.26222801208496094
5862499840.0,-0.2602415680885315
5863437312.0,-0.2560756206512451
5864374784.0,-0.24986955523490906
5865312256.0,-0.24353662133216858
5866250240.0,-0.23420676589012146
5867187712.0,-0.22424988448619843
5868125184.0,-0.21252845227718353
5869062656.0,-0.20056864619255066
5870000128.0,-0.1869865506887436
5870937600.0,-0.17502744495868683
5871875072.0,-0.16203594207763672
5872812544.0,-0.149360790848732
5873750016.0,-0.13808810710906982
5874687488.0,-0.12754806876182556
5875624960.0,-0.11955414712429047
5876562432.0,-0.1116054579615593
5877499904.0,-0.10681961476802826
5878437376.0,-0.1024727076292038
5879374848.0,-0.10136119276285172
5880312320.0,-0.10197219252586365
5881249792.0,-0.10523349791765213
5882187264.0,-0.10961329191923141
5883125248.0,-0.1162448599934578
5884062720.0,-0.12443147599697113
5885000192.0,-0.13343089818954468
5885937664.0,-0.0748835876584053
5886875136.0,-0.08051620423793793
5887812608.0,-0.08732485771179199
5888750080.0,-0.09447561949491501
5889687552.0,-0.10202395170927048
5890625024.0,-0.10964009165763855
5891562496.0,-0.11757589131593704
5892499968.0,-0.1258368343114853
5893437440.0,-0.13491320610046387
5894374912.0,-0.1439468264579773
5895312384.0,-0.15293674170970917
5896249856.0,-0.16147086024284363
5897187328.0,-0.1707460582256317
5898124800.0,-0.1799505352973938
5899062272.0,-0.18988877534866333
5900000256.0,-0.19923652708530426
5900937728.0,-0.20786410570144653
5901875200.0,-0.21705515682697296
5902812672.0,-0.2257322520017624
5903750144.0,-0.23470015823841095
5904687616.0,-0.2436979115009308
5905625088.0,-0.2526838779449463
5906562560.0,-0.26100948452949524
5907500032.0,-0.2689807116985321
5908437504.0,-0.2767736315727234
5909374976.0,-0.2838146686553955
5910312448.0,-0.29064157605171204
5911249920.0,-0.29630613327026367
5912187392.0,-0.3033421039581299
5913124864.0,-0.3080807626247406
5914062336.0,-0.31487181782722473
5914999808.0,-0.31893861293792725
5915937280.0,-0.3228355050086975
5916874752.0,-0.32566744089126587
5917812736.0,-0.32851603627204895
5918750208.0,-0.3301020562648773
5919687680.0,-0.3296232223510742
5920625152.0,-0.3301999568939209
5921562624.0,-0.33034875988960266
5922500096.0,-0.3294055759906769
5923437568.0,-0.3278276026248932
5924375040.0,-0.3240194022655487
5925312512.0,-0.3201231360435486
5926249984.0,-0.3145334720611572
5927187456.0,-0.30840304493904114
5928124928.0,-0.2997506856918335
5929062400.0,-0.2898603081703186
5929999872.0,-0.27871832251548767
5930937344.0,-0.26724910736083984
5931874816.0,-0.25421273708343506
5932812288.0,-0.23952555656433105
5933749760.0,-0.2232624888420105
5934687744.0,-0.20798681676387787
5935625216.0,-0.19060853123664856
5936562688.0,-0.1738680601119995
5937500160.0,-0.1556527316570282
5938437632.0,-0.13847145438194275
5939375104.0,-0.12081827968358994
5940312576.0,-0.10320477187633514
5941250048.0,-0.08548516780138016
5942187520.0,-0.06870707869529724
5943124992.0,-0.053253334015607834
5944062464.0,-0.03860544040799141
5944999936.0,-0.025963444262742996
5945937408.0,-0.12896151840686798
5946874880.0,-0.13860063254833221
5947812352.0,-0.1482286900281906
5948749824.0,-0.16050197184085846
5949687296.0,-0.1742250621318817
5950624768.0,-0.18901485204696655
5951562752.0,-0.2061242163181305
5952500224.0,-0.22359000146389008
5953437696.0,-0.24133946001529694
5954375168.0,-0.26025956869125366
5955312640.0,-0.2796858549118042
5956250112.0,-0.29982665181159973
5957187584.0,-0.3197624981403351
5958125056.0,-0.3391598165035248
5959062528.0,-0.3592940866947174
5960000000.0,-0.37723419070243835
5960937472.0,-0.39470410346984863
5961874944.0,-0.4105347990989685
5962812416.0,-0.4250255227088928
5963749888.0,-0.43767738342285156
5964687360.0,-0.4468250572681427
5965624832.0,-0.4539432227611542
5966562304.0,-0.45811766386032104
5967499776.0,-0.45778706669807434
5968437248.0,-0.4552360773086548
5969375232.0,-0.4497963786125183
5970312704.0,-0.4401441514492035
5971250176.0,-0.4276551604270935
5972187648.0,-0.41267722845077515
5973125120.0,-0.39526739716529846
5974062592.0,-0.37466609477996826
5975000064.0,-0.3518865406513214
5975937536.0,-0.3287753462791443
5976875008.0,-0.3039977550506592
5977812480.0,-0.2782471179962158
5978749952.0,-0.25338321924209595
5979687424.0,-0.22899408638477325
5980624896.0,-0.20596075057983398
5981562368.0,-0.18437059223651886
5982499840.0,-0.16362015902996063
5983437312.0,-0.14497481286525726
5984374784.0,-0.12903302907943726
5985312256.0,-0.11599598079919815
5986250240.0,-0.10486086457967758
5987187712.0,-0.09646467119455338
5988125184.0,-0.09166792780160904
5989062656.0,-0.0886509045958519
5990000128.0,-0.08798174560070038
5990937600.0,-0.08876997977495193
5991875072.0,-0.09198732674121857
5992812544.0,-0.09663271903991699
5993750016.0,-0.10266895592212677
5994687488.0,-0.11097241938114166
5995624960.0,-0.11878658831119537
5996562432.0,-0.1271505355834961
5997499904.0,-0.13687962293624878
5998437376.0,-0.14642125368118286
5999374848.0,-0.15542563796043396
6000312320.0,-0.1640438735485077
6001249792.0,-0.17192509770393372
6002187264.0,-0.17911243438720703
6003125248.0,-0.18494422733783722
6004062720.0,-0.19090454280376434
6005000192.0,-0.1511039286851883
6005937664.0,-0.15643008053302765
6006875136.0,-0.16286364197731018
6007812608.0,-0.1709478795528412
6008750080.0,-0.1801868975162506
6009687552.0,-0.18912510573863983
6010625024.0,-0.19906826317310333
6011562496.0,-0.2114388793706894
6012499968.0,-0.22207984328269958
6013437440.0,-0.2340620458126068
6014374912.0,-0.2469327747821808
6015312384.0,-0.26000797748565674
6016249856.0,-0.2740272283554077
6017187328.0,-0.28866133093833923
6018124800.0,-0.30041447281837463
6019062272.0,-0.3137909471988678
6019999744.0,-0.3250991106033325
6020937728.0,-0.3361177444458008
6021875200.0,-0.3468966782093048
6022812672.0,-0.35683026909828186
6023750144.0,-0.36523836851119995
6024687616.0,-0.3735193908214569
6025625088.0,-0.3795853853225708
6026562560.0,-0.3840913474559784
6027500032.0,-0.38723328709602356
6028437504.0,-0.3891119360923767
6029374976.0,-0.3894146680831909
6030312448.0,-0.38766810297966003
6031249920.0,-0.38414666056632996
6032187392.0,-0.37904438376426697
6033124864.0,-0.37345367670059204
6034062336.0,-0.3672107756137848
6034999808.0,-0.35803401470184326
6035937280.0,-0.34922847151756287
6036874752.0,-0.3388957679271698
6037812736.0,-0.32960426807403564
6038750208.0,-0.3182463049888611
6039687680.0,-0.30743780732154846
6040625152.0,-0.2970272898674011
6041562624.0,-0.2879360020160675
6042500096.0,-0.27755436301231384
6043437568.0,-0.26831915974617004
6044375040.0,-0.2594890296459198
6045312512.0,-0.251656174659729
6046249984.0,-0.2445797622203827
6047187456.0,-0.23836812376976013
6048124928.0,-0.2339668869972229
6049062400.0,-0.2296309471130371
6049999872.0,-0.2253568321466446
6050937344.0,-0.22287921607494354
6051874816.0,-0.22066205739974976
6052812288.0,-0.21977899968624115
6053749760.0,-0.22005966305732727
6054687744.0,-0.22135178744792938
6055625216.0,-0.22304601967334747
6056562688.0,-0.225509375333786
6057500160.0,-0.22839635610580444
6058437632.0,-0.23246680200099945
6059375104.0,-0.23784659802913666
6060312576.0,-0.2413063496351242
6061250048.0,-0.2465825229883194
6062187520.0,-0.25078698992729187
6063124992.0,-0.2568303346633911
6064062464.0,-0.26207131147384644
6064999936.0,-0.16188426315784454
6065937408.0,-0.18200193345546722
6066874880.0,-0.20287087559700012
6067812352.0,-0.22315441071987152
6068749824.0,-0.24365507066249847
6069687296.0,-0.26291999220848083
6070624768.0,-0.282821387052536
6071562752.0,-0.30197301506996155
6072500224.0,-0.32009661197662354
6073437696.0,-0.337527871131897
6074375168.0,-0.3528246581554413
6075312640.0,-0.36793139576911926
6076250112.0,-0.3821388781070709
6077187584.0,-0.394685834646225
6078125056.0,-0.40640249848365784
6079062528.0,-0.4166892170906067
6080000000.0,-0.4268592298030853
6080937472.0,-0.4340626895427704
6081874944.0,-0.44117847084999084
6082812416.0,-0.44465017318725586
6083749888.0,-0.44839444756507874
6084687360.0,-0.4499063789844513
6085624832.0,-0.44941121339797974
6086562304.0,-0.44871118664741516
6087499776.0,-0.44497817754745483
6088437248.0,-0.4413823187351227
6089375232.0,-0.436600923538208
6090312704.0,-0.4303593337535858
6091250176.0,-0.42335113883018494
6092187648.0,-0.4159999191761017
6093125120.0,-0.4049837291240692
6094062592.0,-0.3939904570579529
6095000064.0,-0.38329261541366577
6095937536.0,-0.3709941804409027
6096875008.0,-0.3573591113090515
6097812480.0,-0.34498363733291626
6098749952.0,-0.3322601318359375
6099687424.0,-0.3176712393760681
6100624896.0,-0.3030555248260498
6101562368.0,-0.2877708971500397
6102499840.0,-0.27412351965904236
6103437312.0,-0.25970783829689026
6104374784.0,-0.24533279240131378
6105312256.0,-0.23137952387332916
6106250240.0,-0.21780666708946228
6107187712.0,-0.20360900461673737
6108125184.0,-0.19022472202777863
6109062656.0,-0.17850899696350098
6110000128.0,-0.1654423326253891
6110937600.0,-0.15365645289421082
6111875072.0,-0.140832781791687
6112812544.0,-0.130937859416008
6113750016.0,-0.12091106176376343
6114687488.0,-0.11132606863975525
6115624960.0,-0.10263810306787491
6116562432.0,-0.09523636847734451
6117499904.0,-0.08805126696825027
6118437376.0,-0.08395799249410629
6119374848.0,-0.08204710483551025
6120312320.0,-0.08266295492649078
6121249792.0,-0.08404804766178131
6122187264.0,-0.08697856962680817
6123125248.0,-0.09246915578842163
6124062720.0,-0.10013611614704132
6125000192.0,-0.1537303626537323
6125937664.0,-0.16852493584156036
6126875136.0,-0.18430380523204803
6127812608.0,-0.19948609173297882
6128750080.0,-0.21553394198417664
6129687552.0,-0.2325359731912613
6130625024.0,-0.24874162673950195
6131562496.0,-0.2653474807739258
6132499968.0,-0.28172367811203003
6133437440.0,-0.2981472909450531
6134374912.0,-0.31416741013526917
6135312384.0,-0.33132198452949524
6136249856.0,-0.34706389904022217
6137187328.0,-0.36213067173957825
6138124800.0,-0.37619510293006897
6139062272.0,-0.3899557590484619
6140000256.0,-0.4031420946121216
6140937728.0,-0.41480696201324463
6141875200.0,-0.425805926322937
6142812672.0,-0.4350435733795166
6143750144.0,-0.4443807005882263
6144687616.0,-0.4536311626434326
6145625088.0,-0.4605399966239929
6146562560.0,-0.46639373898506165
6147500032.0,-0.4713912606239319
6148437504.0,-0.4744051694869995
6149374976.0,-0.47509855031967163
6150312448.0,-0.47300124168395996
6151249920.0,-0.47106868028640747
6152187392.0,-0.4669654965400696
6153124864.0,-0.4603838622570038
6154062336.0,-0.4531244933605194
6154999808.0,-0.4448251724243164
6155937280.0,-0.436440110206604
6156874752.0,-0.42543545365333557
6157812736.0,-0.4129799008369446
6158750208.0,-0.3996542692184448
6159687680.0,-0.38597407937049866
6160625152.0,-0.3723474144935608
6161562624.0,-0.356917142868042
6162500096.0,-0.34171155095100403
6163437568.0,-0.32697954773902893
6164375040.0,-0.3115057945251465
6165312512.0,-0.29660555720329285
6166249984.0,-0.28094789385795593
6167187456.0,-0.2663649022579193
6168124928.0,-0.25277242064476013
6169062400.0,-0.23768679797649384
6169999872.0,-0.22246041893959045
6170937344.0,-0.20747153460979462
6171874816.0,-0.19344983994960785
6172812288.0,-0.18045057356357574
6173749760.0,-0.16894395649433136
6174687744.0,-0.15809416770935059
6175625216.0,-0.14808234572410583
6176562688.0,-0.1398734748363495
6177500160.0,-0.13252177834510803
6178437632.0,-0.12603285908699036
6179375104.0,-0.12127422541379929
6180312576.0,-0.11822108924388885
6181250048.0,-0.11624546349048615
6182187520.0,-0.11573944240808487
6183124992.0,-0.11815810203552246
6184062464.0,-0.12124664336442947
6184999936.0,-0.2669749855995178
6185937408.0,-0.2832717001438141
6186874880.0,-0.2988259196281433
6187812352.0,-0.31582561135292053
6188749824.0,-0.33272379636764526
6189687296.0,-0.3497897684574127
6190624768.0,-0.36670732498168945
6191562752.0,-0.3835812211036682
6192500224.0,-0.39893198013305664
6193437696.0,-0.41322749853134155
6194375168.0,-0.4276637136936188
6195312640.0,-0.4394438862800598
6196250112.0,-0.44851309061050415
6197187584.0,-0.45726433396339417
6198125056.0,-0.4646460711956024
6199062528.0,-0.4703475832939148
6200000000.0,-0.4747956395149231
6200937472.0,-0.47808146476745605
6201874944.0,-0.48120367527008057
6202812416.0,-0.48476943373680115
6203749888.0,-0.4881628155708313
6204687360.0,-0.4898555874824524
6205624832.0,-0.4933301508426666
6206562304.0,-0.4968735873699188
6207499776.0,-0.5023220181465149
6208437248.0,-0.5085793733596802
6209375232.0,-0.5163719058036804
6210312704.0,-0.5243569612503052
6211250176.0,-0.5328092575073242
6212187648.0,-0.5404486656188965
6213125120.0,-0.548521101474762
6214062592.0,-0.554260790348053
6215000064.0,-0.5554591417312622
6215937536.0,-0.5511763095855713
6216875008.0,-0.54435795545578
6217812480.0,-0.5358768105506897
6218749952.0,-0.5258053541183472
6219687424.0,-0.5150637030601501
6220624896.0,-0.5009278655052185
6221562368.0,-0.48724815249443054
6222499840.0,-0.47321978211402893
6223437312.0,-0.45940980315208435
6224374784.0,-0.445234477519989
6225312256.0,-0.4322755038738251
6226250240.0,-0.42008355259895325
6227187712.0,-0.4084031283855438
6228125184.0,-0.3984677195549011
6229062656.0,-0.3895393908023834
6230000128.0,-0.38014334440231323
6230937600.0,-0.37267711758613586
6231875072.0,-0.364811509847641
6232812544.0,-0.3576866686344147
6233750016.0,-0.35149335861206055
6234687488.0,-0.3448810875415802
6235624960.0,-0.33721327781677246
6236562432.0,-0.3307955861091614
6237499904.0,-0.32371869683265686
6238437376.0,-0.31674155592918396
6239374848.0,-0.30856022238731384
6240312320.0,-0.30082881450653076
6241249792.0,-0.2929517924785614
6242187264.0,-0.2852547764778137
6243125248.0,-0.27863678336143494
6244062720.0,-0.2737065255641937
6245000192.0,-0.42509961128234863
6245937664.0,-0.4275933504104614
6246875136.0,-0.43210142850875854
6247812608.0,-0.4379713237285614
6248750080.0,-0.44563060998916626
6249687552.0,-0.4547906517982483
6250625024.0,-0.4678747057914734
6251562496.0,-0.4832193851470947
6252499968.0,-0.4993460476398468
6253437440.0,-0.5187141299247742
6254374912.0,-0.5410596132278442
6255312384.0,-0.5632102489471436
6256249856.0,-0.5883033871650696
6257187328.0,-0.6135544776916504
6258124800.0,-0.640751302242279
6259062272.0,-0.6686256527900696
6259999744.0,-0.6961004137992859
6260937728.0,-0.7223716974258423
6261875200.0,-0.7490804195404053
6262812672.0,-0.7731785178184509
6263750144.0,-0.7947311401367188
6264687616.0,-0.8154237270355225
6265625088.0,-0.8349024057388306
6266562560.0,-0.8512921333312988
6267500032.0,-0.8633788824081421
6268437504.0,-0.8741321563720703
6269374976.0,-0.8803952932357788
6270312448.0,-0.8829395174980164
6271249920.0,-0.8831799626350403
6272187392.0,-0.8804247379302979
6273124864.0,-0.8740642070770264
6274062336.0,-0.8638912439346313
6274999808.0,-0.8507581949234009
6275937280.0,-0.8331453800201416
6276874752.0,-0.8137958645820618
6277812736.0,-0.790782630443573
6278750208.0,-0.7665652632713318
6279687680.0,-0.7403735518455505
6280625152.0,-0.7127998471260071
6281562624.0,-0.6839846968650818
6282500096.0,-0.6539827585220337
6283437568.0,-0.6237140893936157
6284375040.0,-0.593070387840271
6285312512.0,-0.5636189579963684
6286249984.0,-0.533777117729187
6287187456.0,-0.5036931037902832
6288124928.0,-0.4758623540401459
6289062400.0,-0.4498021900653839
6289999872.0,-0.42518123984336853
6290937344.0,-0.40227174758911133
6291874816.0,-0.38159841299057007
6292812288.0,-0.362393319606781
6293749760.0,-0.34729230403900146
6294687744.0,-0.335170716047287
6295625216.0,-0.325619637966156
6296562688.0,-0.3234216272830963
6297500160.0,-0.32336634397506714
6298437632.0,-0.32705387473106384
6299375104.0,-0.33332040905952454
6300312576.0,-0.3428589999675751
6301250048.0,-0.3547620475292206
6302187520.0,-0.3698751628398895
6303124992.0,-0.38690927624702454
6304062464.0,-0.40803518891334534
6304999936.0,-0.5477649569511414
6305937408.0,-0.5688227415084839
6306874880.0,-0.5897411108016968
6307812352.0,-0.6135135293006897
6308749824.0,-0.6369538903236389
6309687296.0,-0.6609526872634888
6310624768.0,-0.6864008903503418
6311562752.0,-0.7113211750984192
6312500224.0,-0.7369232773780823
6313437696.0,-0.7623926401138306
6314375168.0,-0.7878424525260925
6315312640.0,-0.8124377131462097
6316250112.0,-0.8365357518196106
6317187584.0,-0.8605358600616455
6318125056.0,-0.8814997673034668
6319062528.0,-0.9019265174865723
6320000000.0,-0.9201734066009521
6320937472.0,-0.9361820816993713
6321874944.0,-0.9520235657691956
6322812416.0,-0.9662235379219055
6323749888.0,-0.9759361147880554
6324687360.0,-0.9828067421913147
6325624832.0,-0.9869102835655212
6326562304.0,-0.9895131587982178
6327499776.0,-0.9869125485420227
6328437248.0,-0.9823846220970154
6329375232.0,-0.9753177165985107
6330312704.0,-0.9648720622062683
6331250176.0,-0.9543026685714722
6332187648.0,-0.941947877407074
6333125120.0,-0.9264175295829773
6334062592.0,-0.9105519652366638
6335000064.0,-0.8934059739112854
6335937536.0,-0.8747466802597046
6336875008.0,-0.8542500734329224
6337812480.0,-0.832969605922699
6338749952.0,-0.810564398765564
6339687424.0,-0.787964940071106
6340624896.0,-0.7656162977218628
6341562368.0,-0.7418496608734131
6342499840.0,-0.7186805605888367
6343437312.0,-0.6973962187767029
6344374784.0,-0.6746396422386169
6345312256.0,-0.6532207727432251
6346250240.0,-0.6333454847335815
6347187712.0,-0.6112903356552124
6348125184.0,-0.5898392200469971
6349062656.0,-0.5712764263153076
6350000128.0,-0.5537603497505188
6350937600.0,-0.5387012362480164
6351875072.0,-0.5258187651634216
6352812544.0,-0.5138469934463501
6353750016.0,-0.5045067071914673
6354687488.0,-0.49729683995246887
6355624960.0,-0.4927748143672943
6356562432.0,-0.49002695083618164
6357499904.0,-0.48986977338790894
6358437376.0,-0.492549866437912
6359374848.0,-0.4970865249633789
6360312320.0,-0.5048426985740662
6361249792.0,-0.5148459672927856
6362187264.0,-0.5268365740776062
6363125248.0,-0.5414258241653442
6364062720.0,-0.5582347512245178
6365000192.0,-0.8326156139373779
6365937664.0,-0.840221643447876
6366875136.0,-0.8481016755104065
6367812608.0,-0.8545452356338501
6368750080.0,-0.862270712852478
6369687552.0,-0.8712517619132996
6370625024.0,-0.8808882832527161
6371562496.0,-0.8902923464775085
6372499968.0,-0.8984204530715942
6373437440.0,-0.9071961641311646
6374374912.0,-0.9155805706977844
6375312384.0,-0.9244279265403748
6376249856.0,-0.9333387613296509
6377187328.0,-0.9426864981651306
6378124800.0,-0.9506410360336304
6379062272.0,-0.958264172077179
6380000256.0,-0.9650673866271973
6380937728.0,-0.9712167382240295
6381875200.0,-0.9770095348358154
6382812672.0,-0.9818965792655945
6383750144.0,-0.9863386750221252
6384687616.0,-0.9904499650001526
6385625088.0,-0.9944584369659424
6386562560.0,-0.9971933364868164
6387500032.0,-1.0005244016647339
6388437504.0,-1.002374529838562
6389374976.0,-1.0033127069473267
6390312448.0,-1.0044691562652588
6391249920.0,-1.003936529159546
6392187392.0,-1.0027978420257568
6393124864.0,-1.0007319450378418
6394062336.0,-0.9980274438858032
6394999808.0,-0.995082437992096
6395937280.0,-0.991197943687439
6396874752.0,-0.9880019426345825
6397812736.0,-0.9834314584732056
6398750208.0,-0.9791653752326965
6399687680.0,-0.9751002788543701
6400625152.0,-0.9715074896812439
6401562624.0,-0.9680507779121399
6402500096.0,-0.9644306302070618
6403437568.0,-0.9616755843162537
6404375040.0,-0.9605494737625122
6405312512.0,-0.9597696661949158
6406249984.0,-0.9610069394111633
6407187456.0,-0.9622584581375122
6408124928.0,-0.9645883440971375
6409062400.0,-0.9683104157447815
6409999872.0,-0.9723799228668213
6410937344.0,-0.9773772954940796
6411874816.0,-0.9822945594787598
6412812288.0,-0.988760769367218
6413749760.0,-0.9966135621070862
6414687744.0,-1.0041743516921997
6415625216.0,-1.0104119777679443
6416562688.0,-1.0194687843322754
6417500160.0,-1.0275541543960571
6418437632.0,-1.0375885963439941
6419375104.0,-1.0459922552108765
6420312576.0,-1.0544750690460205
6421250048.0,-1.0633488893508911
6422187520.0,-1.0710155963897705
6423124992.0,-1.0756502151489258
6424062464.0,-1.079267144203186
6424999936.0,-1.0974059104919434
6425937408.0,-1.1099274158477783
6426874880.0,-1.1198647022247314
6427812352.0,-1.1277531385421753
6428749824.0,-1.1359484195709229
6429687296.0,-1.142115831375122
6430624768.0,-1.1464828252792358
6431562752.0,-1.149803638458252
6432500224.0,-1.1516776084899902
6433437696.0,-1.1520271301269531
6434375168.0,-1.1509311199188232
6435312640.0,-1.1493483781814575
6436250112.0,-1.1444458961486816
6437187584.0,-1.1381555795669556
6438125056.0,-1.1307711601257324
6439062528.0,-1.122597575187683
6440000000.0,-1.1128158569335938
6440937472.0,-1.1028311252593994
6441874944.0,-1.0909227132797241
6442812416.0,-1.0798498392105103
6443749888.0,-1.0675883293151855
6444687360.0,-1.054584264755249
6445624832.0,-1.0426894426345825
6446562304.0,-1.0305339097976685
6447499776.0,-1.0176751613616943
6448437248.0,-1.0072433948516846
6449375232.0,-0.9965845346450806
6450312704.0,-0.9873372912406921
6451250176.0,-0.9777775406837463
6452187648.0,-0.9698069095611572
6453125120.0,-0.9622102975845337
6454062592.0,-0.956293523311615
6455000064.0,-0.950236439704895
6455937536.0,-0.9454980492591858
6456875008.0,-0.9404239654541016
6457812480.0,-0.9363518953323364
6458749952.0,-0.9319463968276978
6459687424.0,-0.9270788431167603
6460624896.0,-0.9232314229011536
6461562368.0,-0.9184178709983826
6462499840.0,-0.9148569703102112
6463437312.0,-0.9105582237243652
6464374784.0,-0.9062630534172058
6465312256.0,-0.9017748236656189
6466250240.0,-0.8968427777290344
6467187712.0,-0.8924410939216614
6468125184.0,-0.8870888352394104
6469062656.0,-0.8815934658050537
6470000128.0,-0.8765080571174622
6470937600.0,-0.8707048296928406
6471875072.0,-0.8646724820137024
6472812544.0,-0.8602418303489685
6473750016.0,-0.8559011220932007
6474687488.0,-0.8524745106697083
6475624960.0,-0.8488988280296326
6476562432.0,-0.8461378812789917
6477499904.0,-0.8427374958992004
6478437376.0,-0.8393468856811523
6479374848.0,-0.8376402854919434
6480312320.0,-0.834679365158081
6481249792.0,-0.8345922827720642
6482187264.0,-0.8335352540016174
6483125248.0,-0.8318206667900085
6484062720.0,-0.832459568977356
6485000192.0,-0.9338381290435791
6485937664.0,-0.9405420422554016
6486875136.0,-0.9474737644195557
6487812608.0,-0.9547750949859619
6488750080.0,-0.9606669545173645
6489687552.0,-0.9676052927970886
6490625024.0,-0.9731659293174744
6491562496.0,-0.9790655970573425
6492499968.0,-0.9848679304122925
6493437440.0,-0.989307701587677
6494374912.0,-0.9946759343147278
6495312384.0,-0.9984108805656433
6496249856.0,-1.0025196075439453
6497187328.0,-1.0049036741256714
6498124800.0,-1.0059808492660522
6499062272.0,-1.0089932680130005
6499999744.0,-1.0079554319381714
6500937728.0,-1.007799506187439
6501875200.0,-1.0050140619277954
6502812672.0,-0.9998308420181274
6503750144.0,-0.9942842125892639
6504687616.0,-0.9868689775466919
6505625088.0,-0.9792896509170532
6506562560.0,-0.9701663851737976
6507500032.0,-0.9611720442771912
6508437504.0,-0.9511567950248718
6509374976.0,-0.9422451853752136
6510312448.0,-0.9315539002418518
6511249920.0,-0.9221792817115784
6512187392.0,-0.911053478717804
6513124864.0,-0.900956392288208
6514062336.0,-0.8901815414428711
6514999808.0,-0.8795137405395508
6515937280.0,-0.8705199956893921
6516874752.0,-0.8612878322601318
6517812736.0,-0.8517618775367737
6518750208.0,-0.843572735786438
6519687680.0,-0.8347743153572083
6520625152.0,-0.8269038796424866
6521562624.0,-0.819187581539154
6522500096.0,-0.8123921155929565
6523437568.0,-0.8057231903076172
6524375040.0,-0.7995613813400269
6525312512.0,-0.7946827411651611
6526249984.0,-0.7916441559791565
6527187456.0,-0.787472128868103
6528124928.0,-0.7858747839927673
6529062400.0,-0.7844701409339905
6529999872.0,-0.7838547825813293
6530937344.0,-0.784788191318512
6531874816.0,-0.7857047915458679
6532812288.0,-0.788395881652832
6533749760.0,-0.7921738028526306
6534687744.0,-0.7979116439819336
6535625216.0,-0.8029348850250244
6536562688.0,-0.8093147873878479
6537500160.0,-0.8140199184417725
6538437632.0,-0.8214006423950195
6539375104.0,-0.8271870613098145
6540312576.0,-0.8334437608718872
6541250048.0,-0.8402290344238281
6542187520.0,-0.847891092300415
6543124992.0,-0.8540880084037781
6544062464.0,-0.8605315089225769
6544999936.0,-0.8564996123313904
6545937408.0,-0.8595573306083679
6546874880.0,-0.8639512658119202
6547812352.0,-0.8654835224151611
6548749824.0,-0.8690117597579956
6549687296.0,-0.8723415732383728
6550624768.0,-0.8760663270950317
6551562752.0,-0.8803759217262268
6552500224.0,-0.8853903412818909
6553437696.0,-0.8923606872558594
6554375168.0,-0.8983314633369446
6555312640.0,-0.9080124497413635
6556250112.0,-0.9176142811775208
6557187584.0,-0.9273443818092346
6558125056.0,-0.9376494884490967
6559062528.0,-0.9499807953834534
6560000000.0,-0.9620645642280579
6560937472.0,-0.974474310874939
6561874944.0,-0.9863442778587341
6562812416.0,-0.9992839694023132
6563749888.0,-1.0121322870254517
6564687360.0,-1.0255857706069946
6565624832.0,-1.0386366844177246
6566562304.0,-1.0525035858154297
6567499776.0,-1.0649113655090332
6568437248.0,-1.0780303478240967
6569375232.0,-1.0903162956237793
6570312704.0,-1.1028058528900146
6571250176.0,-1.1139206886291504
6572187648.0,-1.1256901025772095
6573125120.0,-1.136739730834961
6574062592.0,-1.1467344760894775
6575000064.0,-1.1556588411331177
6575937536.0,-1.1627788543701172
6576875008.0,-1.170279860496521
6577812480.0,-1.174889087677002
6578749952.0,-1.1805188655853271
6579687424.0,-1.1846977472305298
6580624896.0,-1.1877142190933228
6581562368.0,-1.1893740892410278
6582499840.0,-1.1904054880142212
6583437312.0,-1.1896376609802246
6584374784.0,-1.1891478300094604
6585312256.0,-1.1867533922195435
6586250240.0,-1.1845228672027588
6587187712.0,-1.1811357736587524
6588125184.0,-1.177590012550354
6589062656.0,-1.174100399017334
6590000128.0,-1.1687120199203491
6590937600.0,-1.1635539531707764
6591875072.0,-1.1594934463500977
6592812544.0,-1.153992772102356
6593750016.0,-1.149180293083191
6594687488.0,-1.1445000171661377
6595624960.0,-1.1403083801269531
6596562432.0,-1.1368510723114014
6597499904.0,-1.13376784324646
6598437376.0,-1.1305160522460938
6599374848.0,-1.1290583610534668
6600312320.0,-1.1279023885726929
6601249792.0,-1.1271206140518188
6602187264.0,-1.1271315813064575
6603125248.0,-1.1281899213790894
6604062720.0,-1.131398320198059
6605000192.0,-1.1298428773880005
6605937664.0,-1.1357905864715576
6606875136.0,-1.1429808139801025
6607812608.0,-1.1474310159683228
6608750080.0,-1.1534550189971924
6609687552.0,-1.1581991910934448
6610625024.0,-1.1641594171524048
6611562496.0,-1.1679879426956177
6612499968.0,-1.1719990968704224
6613437440.0,-1.1788663864135742
6614374912.0,-1.1822984218597412
6615312384.0,-1.187977910041809
6616249856.0,-1.192652940750122
6617187328.0,-1.1977421045303345
6618124800.0,-1.202832579612732
6619062272.0,-1.2085734605789185
6620000256.0,-1.2127065658569336
6620937728.0,-1.2188308238983154
6621875200.0,-1.2272065877914429
6622812672.0,-1.2353469133377075
6623750144.0,-1.244788408279419
6624687616.0,-1.2584364414215088
6625625088.0,-1.274314284324646
6626562560.0,-1.2938402891159058
6627500032.0,-1.3143560886383057
6628437504.0,-1.3347848653793335
6629374976.0,-1.3557015657424927
6630312448.0,-1.3764938116073608
6631249920.0,-1.3964766263961792
6632187392.0,-1.4161145687103271
6633124864.0,-1.4357503652572632
6634062336.0,-1.455207109451294
6634999808.0,-1.4758912324905396
6635937280.0,-1.4946550130844116
6636874752.0,-1.5132014751434326
6637812736.0,-1.5312386751174927
6638750208.0,-1.5476438999176025
6639687680.0,-1.5636873245239258
6640625152.0,-1.5794247388839722
6641562624.0,-1.5933881998062134
6642500096.0,-1.6078075170516968
6643437568.0,-1.6204994916915894
6644375040.0,-1.6322298049926758
6645312512.0,-1.6425570249557495
6646249984.0,-1.650870442390442
6647187456.0,-1.6582980155944824
6648124928.0,-1.6636782884597778
6649062400.0,-1.6676647663116455
6649999872.0,-1.6697643995285034
6650937344.0,-1.6711506843566895
6651874816.0,-1.6729776859283447
6652812288.0,-1.6740326881408691
6653749760.0,-1.6742416620254517
6654687744.0,-1.6741156578063965
6655625216.0,-1.6745277643203735
6656562688.0,-1.6773412227630615
6657500160.0,-1.6799606084823608
6658437632.0,-1.683361530303955
6659375104.0,-1.6879808902740479
6660312576.0,-1.6944619417190552
6661250048.0,-1.7050799131393433
6662187520.0,-1.7149505615234375
6663124992.0,-1.7270431518554688
6664062464.0,-1.741015076637268
6664999936.0,-1.7643229961395264
6665937408.0,-1.778255820274353
6666874880.0,-1.7936394214630127
6667812352.0,-1.8069913387298584
6668749824.0,-1.8222283124923706
6669687296.0,-1.8381543159484863
6670624768.0,-1.8536620140075684
6671562752.0,-1.8694188594818115
6672500224.0,-1.8840421438217163
6673437696.0,-1.8983970880508423
6674375168.0,-1.910758137702942
6675312640.0,-1.9217488765716553
6676250112.0,-1.9305357933044434
6677187584.0,-1.9364616870880127
6678125056.0,-1.9408584833145142
6679062528.0,-1.9439606666564941
6680000000.0,-1.946524739265442
6680937472.0,-1.9476869106292725
6681874944.0,-1.9480830430984497
6682812416.0,-1.9484957456588745
6683749888.0,-1.9490562677383423
6684687360.0,-1.9489965438842773
6685624832.0,-1.9493931531906128
6686562304.0,-1.9494878053665161
6687499776.0,-1.950870394706726
6688437248.0,-1.9536957740783691
6689375232.0,-1.9575271606445312
6690312704.0,-1.9633475542068481
6691250176.0,-1.9712941646575928
6692187648.0,-1.980599045753479
6693125120.0,-1.991864562034607
6694062592.0,-2.0037930011749268
6695000064.0,-2.018148183822632
6695937536.0,-2.033029794692993
6696875008.0,-2.050567150115967
6697812480.0,-2.070194721221924
6698749952.0,-2.0923593044281006
6699687424.0,-2.1155173778533936
6700624896.0,-2.1397595405578613
6701562368.0,-2.1637020111083984
6702499840.0,-2.1867177486419678
6703437312.0,-2.209451913833618
6704374784.0,-2.231799840927124
6705312256.0,-2.25540828704834
6706250240.0,-2.279297351837158
6707187712.0,-2.302075147628784
6708125184.0,-2.3248493671417236
6709062656.0,-2.345092535018921
6710000128.0,-2.3663501739501953
6710937600.0,-2.3860762119293213
6711875072.0,-2.404421091079712
6712812544.0,-2.420905113220215
6713750016.0,-2.4331774711608887
6714687488.0,-2.4446709156036377
6715624960.0,-2.4511334896087646
6716562432.0,-2.455183744430542
6717499904.0,-2.45819354057312
6718437376.0,-2.46004319190979
6719374848.0,-2.460200071334839
6720312320.0,-2.4622509479522705
6721249792.0,-2.4614920616149902
6722187264.0,-2.4622204303741455
6723125248.0,-2.460254669189453
6724062720.0,-2.460928201675415
6725000192.0,-2.4369428157806396
6725937664.0,-2.438737392425537
6726875136.0,-2.442338705062866
6727812608.0,-2.4470088481903076
6728750080.0,-2.451049566268921
6729687552.0,-2.4574601650238037
6730625024.0,-2.4649429321289062
6731562496.0,-2.47448468208313
6732499968.0,-2.4854917526245117
6733437440.0,-2.5012729167938232
6734374912.0,-2.5215368270874023
6735312384.0,-2.5441863536834717
6736249856.0,-2.569733142852783
6737187328.0,-2.5963075160980225
6738124800.0,-2.6248106956481934
6739062272.0,-2.654210329055786
6739999744.0,-2.6862030029296875
6740937728.0,-2.717914581298828
6741875200.0,-2.7507736682891846
6742812672.0,-2.7839601039886475
6743750144.0,-2.816370725631714
6744687616.0,-2.848114490509033
6745625088.0,-2.881865978240967
6746562560.0,-2.9138216972351074
6747500032.0,-2.945451259613037
6748437504.0,-2.9762935638427734
6749374976.0,-3.002941846847534
6750312448.0,-3.0292258262634277
6751249920.0,-3.051323413848877
6752187392.0,-3.076434373855591
6753124864.0,-3.0930135250091553
6754062336.0,-3.1051204204559326
6754999808.0,-3.114748239517212
6755937280.0,-3.121915578842163
6756874752.0,-3.1235122680664062
6757812736.0,-3.1232900619506836
6758750208.0,-3.1175310611724854
6759687680.0,-3.1109933853149414
6760625152.0,-3.0992486476898193
6761562624.0,-3.0820984840393066
6762500096.0,-3.0591506958007812
6763437568.0,-3.029125928878784
6764375040.0,-2.9925713539123535
6765312512.0,-2.950340986251831
6766249984.0,-2.903177261352539
6767187456.0,-2.8517098426818848
6768124928.0,-2.7956156730651855
6769062400.0,-2.7375526428222656
6769999872.0,-2.675410032272339
6770937344.0,-2.612262487411499
6771874816.0,-2.546459913253784
6772812288.0,-2.4804036617279053
6773749760.0,-2.413865089416504
6774687744.0,-2.3497238159179688
6775625216.0,-2.286059856414795
6776562688.0,-2.224407434463501
6777500160.0,-2.1649796962738037
6778437632.0,-2.1100356578826904
6779375104.0,-2.0601279735565186
6780312576.0,-2.011307716369629
6781250048.0,-1.968632459640503
6782187520.0,-1.9289419651031494
6783124992.0,-1.8930360078811646
6784062464.0,-1.8648566007614136
6784999936.0,-2.3172249794006348
6785937408.0,-2.299802541732788
6786874880.0,-2.2834503650665283
6787812352.0,-2.267995595932007
6788749824.0,-2.2538509368896484
6789687296.0,-2.240312099456787
6790624768.0,-2.2287697792053223
6791562752.0,-2.217284917831421
6792500224.0,-2.2082762718200684
6793437696.0,-2.199340581893921
6794375168.0,-2.192619562149048
6795312640.0,-2.1866722106933594
6796250112.0,-2.1838161945343018
6797187584.0,-2.1846776008605957
6798125056.0,-2.186724901199341
6799062528.0,-2.1916186809539795
6800000000.0,-2.2019569873809814
6800937472.0,-2.2124826908111572
6801874944.0,-2.225456953048706
6802812416.0,-2.239903450012207
6803749888.0,-2.2564504146575928
6804687360.0,-2.275859832763672
6805624832.0,-2.295353889465332
6806562304.0,-2.3155689239501953
6807499776.0,-2.3364837169647217
6808437248.0,-2.3578691482543945
6809375232.0,-2.37654185295105
6810312704.0,-2.392042875289917
6811250176.0,-2.40771222114563
6812187648.0,-2.4204177856445312
6813125120.0,-2.431439161300659
6814062592.0,-2.4408762454986572
6815000064.0,-2.4490885734558105
6815937536.0,-2.455702304840088
6816875008.0,-2.4605093002319336
6817812480.0,-2.463505983352661
6818749952.0,-2.4618706703186035
6819687424.0,-2.4584600925445557
6820624896.0,-2.4500515460968018
6821562368.0,-2.4383814334869385
6822499840.0,-2.4220240116119385
6823437312.0,-2.40217661857605
6824374784.0,-2.379784107208252
6825312256.0,-2.3528668880462646
6826250240.0,-2.3238883018493652
6827187712.0,-2.291137933731079
6828125184.0,-2.258577585220337
6829062656.0,-2.2232630252838135
6830000128.0,-2.1866235733032227
6830937600.0,-2.1492350101470947
6831875072.0,-2.1109023094177246
6832812544.0,-2.0718746185302734
6833750016.0,-2.031325101852417
6834687488.0,-1.988480567932129
6835624960.0,-1.9461385011672974
6836562432.0,-1.903601884841919
6837499904.0,-1.8630380630493164
6838437376.0,-1.8232582807540894
6839374848.0,-1.7860572338104248
6840312320.0,-1.7491657733917236
6841249792.0,-1.7163904905319214
6842187264.0,-1.6841944456100464
6843125248.0,-1.6542890071868896
6844062720.0,-1.625141978263855
6845000192.0,-1.5194402933120728
6845937664.0,-1.4920026063919067
6846875136.0,-1.4673188924789429
6847812608.0,-1.4461095333099365
6848750080.0,-1.427674651145935
6849687552.0,-1.4123108386993408
6850625024.0,-1.3989421129226685
6851562496.0,-1.390846848487854
6852499968.0,-1.3842015266418457
6853437440.0,-1.3801052570343018
6854374912.0,-1.3779274225234985
6855312384.0,-1.3779881000518799
6856249856.0,-1.3817715644836426
6857187328.0,-1.3865824937820435
6858124800.0,-1.3953649997711182
6859062272.0,-1.4050757884979248
6860000256.0,-1.4186136722564697
6860937728.0,-1.4338665008544922
6861875200.0,-1.4500572681427002
6862812672.0,-1.4675452709197998
6863750144.0,-1.4865570068359375
6864687616.0,-1.50522780418396
6865625088.0,-1.5259122848510742
6866562560.0,-1.54605233669281
6867500032.0,-1.5677504539489746
6868437504.0,-1.5876723527908325
6869374976.0,-1.605041742324829
6870312448.0,-1.623640537261963
6871249920.0,-1.6390106678009033
6872187392.0,-1.6520787477493286
6873124864.0,-1.664043664932251
6874062336.0,-1.6721702814102173
6874999808.0,-1.6772377490997314
6875937280.0,-1.679689645767212
6876874752.0,-1.6800365447998047
6877812736.0,-1.6760728359222412
6878750208.0,-1.6688603162765503
6879687680.0,-1.6615701913833618
6880625152.0,-1.6494245529174805
6881562624.0,-1.6348352432250977
6882500096.0,-1.6164878606796265
6883437568.0,-1.595870852470398
6884375040.0,-1.571556806564331
6885312512.0,-1.5447473526000977
6886249984.0,-1.516855001449585
6887187456.0,-1.4870800971984863
6888124928.0,-1.4576094150543213
6889062400.0,-1.4268771409988403
6889999872.0,-1.3948935270309448
6890937344.0,-1.363817811012268
6891874816.0,-1.3328468799591064
6892812288.0,-1.299902081489563
6893749760.0,-1.2688853740692139
6894687744.0,-1.238157868385315
6895625216.0,-1.2088165283203125
6896562688.0,-1.1819350719451904
6897500160.0,-1.15448796749115
6898437632.0,-1.1280407905578613
6899375104.0,-1.1035698652267456
6900312576.0,-1.0808777809143066
6901250048.0,-1.059983491897583
6902187520.0,-1.0412967205047607
6903124992.0,-1.0239895582199097
6904062464.0,-1.0084108114242554
6904999936.0,-1.010124921798706
6905937408.0,-1.005996584892273
6906874880.0,-1.004440188407898
6907812352.0,-1.0049936771392822
6908749824.0,-1.0073214769363403
6909687296.0,-1.0095871686935425
6910624768.0,-1.015279769897461
6911562752.0,-1.019217610359192
6912500224.0,-1.0235267877578735
6913437696.0,-1.0288928747177124
6914375168.0,-1.0319561958312988
6915312640.0,-1.0368088483810425
6916250112.0,-1.0385193824768066
6917187584.0,-1.0401109457015991
6918125056.0,-1.0421268939971924
6919062528.0,-1.040802001953125
6920000000.0,-1.0387433767318726
6920937472.0,-1.0356214046478271
6921874944.0,-1.0314799547195435
6922812416.0,-1.025138020515442
6923749888.0,-1.0179142951965332
6924687360.0,-1.0092753171920776
6925624832.0,-0.9976183176040649
6926562304.0,-0.9847866296768188
6927499776.0,-0.9691252112388611
6928437248.0,-0.9521710872650146
6929375232.0,-0.9351222515106201
6930312704.0,-0.9148743152618408
6931250176.0,-0.8961019515991211
6932187648.0,-0.874819815158844
6933125120.0,-0.852898359298706
6934062592.0,-0.8313955664634705
6935000064.0,-0.8079420328140259
6935937536.0,-0.7863914966583252
6936875008.0,-0.7644609212875366
6937812480.0,-0.7428743839263916
6938749952.0,-0.7204264402389526
6939687424.0,-0.6989200711250305
6940624896.0,-0.6786506772041321
6941562368.0,-0.6596669554710388
6942499840.0,-0.6427857875823975
6943437312.0,-0.625859260559082
6944374784.0,-0.6099663376808167
6945312256.0,-0.5963078141212463
6946250240.0,-0.5858365297317505
6947187712.0,-0.5749043822288513
6948125184.0,-0.5654722452163696
6949062656.0,-0.5590490102767944
6950000128.0,-0.5536307096481323
6950937600.0,-0.5509569644927979
6951875072.0,-0.5489447712898254
6952812544.0,-0.5486965775489807
6953750016.0,-0.5502455830574036
6954687488.0,-0.552992045879364
6955624960.0,-0.5573045611381531
6956562432.0,-0.5647451281547546
6957499904.0,-0.5725020170211792
6958437376.0,-0.5807299017906189
6959374848.0,-0.5897558331489563
6960312320.0,-0.5997034907341003
6961249792.0,-0.6089441180229187
6962187264.0,-0.619554877281189
6963125248.0,-0.6300489902496338
6964062720.0,-0.6397432088851929
6965000192.0,-0.5465241074562073
6965937664.0,-0.5546717643737793
6966875136.0,-0.5636479258537292
6967812608.0,-0.5744417309761047
6968750080.0,-0.5846285223960876
6969687552.0,-0.5948563814163208
6970625024.0,-0.6062687039375305
6971562496.0,-0.6180535554885864
6972499968.0,-0.6300114989280701
6973437440.0,-0.6421186923980713
6974374912.0,-0.6544561982154846
6975312384.0,-0.6660444736480713
6976249856.0,-0.6775240302085876
6977187328.0,-0.6896325945854187
6978124800.0,-0.7006375193595886
6979062272.0,-0.712395191192627
6979999744.0,-0.7238336801528931
6980937728.0,-0.7348980903625488
6981875200.0,-0.7445585131645203
6982812672.0,-0.7527629137039185
6983750144.0,-0.7622557878494263
6984687616.0,-0.7708819508552551
6985625088.0,-0.7781147360801697
6986562560.0,-0.7847493886947632
6987500032.0,-0.7912265658378601
6988437504.0,-0.7961755990982056
6989374976.0,-0.8004260063171387
6990312448.0,-0.8026169538497925
6991249920.0,-0.8049551248550415
6992187392.0,-0.8075010776519775
6993124864.0,-0.8081343173980713
6994062336.0,-0.8069058656692505
6994999808.0,-0.804559051990509
6995937280.0,-0.8018332719802856
6996874752.0,-0.7971588969230652
6997812736.0,-0.7914299368858337
6998750208.0,-0.7835260629653931
6999687680.0,-0.7748532891273499
7000625152.0,-0.765372633934021
7001562624.0,-0.7548055648803711
7002500096.0,-0.7440792322158813
7003437568.0,-0.7322683930397034
7004375040.0,-0.7198783159255981
7005312512.0,-0.7075493335723877
7006249984.0,-0.693091869354248
7007187456.0,-0.6773344278335571
7008124928.0,-0.6600306034088135
7009062400.0,-0.6422109603881836
7009999872.0,-0.6235433220863342
7010937344.0,-0.6058491468429565
7011874816.0,-0.5878937244415283
7012812288.0,-0.5699954032897949
7013749760.0,-0.5526527166366577
7014687744.0,-0.53547203540802
7015625216.0,-0.518758237361908
7016562688.0,-0.5041295886039734
7017500160.0,-0.4878709316253662
7018437632.0,-0.47351378202438354
7019375104.0,-0.460649698972702
7020312576.0,-0.44822877645492554
7021250048.0,-0.4363214075565338
7022187520.0,-0.4252080023288727
7023124992.0,-0.4150112569332123
7024062464.0,-0.40449559688568115
7024999936.0,-0.3178185820579529
7025937408.0,-0.32106661796569824
7026874880.0,-0.3261044919490814
7027812352.0,-0.3321598470211029
7028749824.0,-0.33798539638519287
7029687296.0,-0.34494659304618835
7030624768.0,-0.35355421900749207
7031562752.0,-0.36179059743881226
7032500224.0,-0.3726418614387512
7033437696.0,-0.383195698261261
7034375168.0,-0.3959515392780304
7035312640.0,-0.40886399149894714
7036250112.0,-0.4229303300380707
7037187584.0,-0.43673065304756165
7038125056.0,-0.45216238498687744
7039062528.0,-0.4665915071964264
7040000000.0,-0.48199892044067383
7040937472.0,-0.4975491166114807
7041874944.0,-0.5113757848739624
7042812416.0,-0.5264083743095398
7043749888.0,-0.5396619439125061
7044687360.0,-0.5532382130622864
7045624832.0,-0.5654726028442383
7046562304.0,-0.577401340007782
7047499776.0,-0.5892717838287354
7048437248.0,-0.5990027785301208
7049375232.0,-0.6089389324188232
7050312704.0,-0.6176753044128418
7051250176.0,-0.6249472498893738
7052187648.0,-0.6310147047042847
7053125120.0,-0.6350550651550293
7054062592.0,-0.6380476951599121
7055000064.0,-0.638796329498291
7055937536.0,-0.6396746039390564
7056875008.0,-0.6370319724082947
7057812480.0,-0.6352695226669312
7058749952.0,-0.6334245800971985
7059687424.0,-0.6320115327835083
7060624896.0,-0.6279542446136475
7061562368.0,-0.6236606240272522
7062499840.0,-0.6175982356071472
7063437312.0,-0.6112412810325623
7064374784.0,-0.6041781902313232
7065312256.0,-0.5948410630226135
7066250240.0,-0.5862671136856079
7067187712.0,-0.5753343105316162
7068125184.0,-0.5640804171562195
7069062656.0,-0.5517657995223999
7070000128.0,-0.539021909236908
7070937600.0,-0.5260143280029297
7071875072.0,-0.5121546387672424
7072812544.0,-0.49764731526374817
7073750016.0,-0.48219892382621765
7074687488.0,-0.4676070511341095
7075624960.0,-0.45220911502838135
7076562432.0,-0.4368067979812622
7077499904.0,-0.4197777211666107
7078437376.0,-0.40465882420539856
7079374848.0,-0.3879229724407196
7080312320.0,-0.37106457352638245
7081249792.0,-0.35526958107948303
7082187264.0,-0.33958664536476135
7083125248.0,-0.3247876763343811
7084062720.0,-0.30939218401908875
7085000192.0,-0.37314334511756897
7085937664.0,-0.3618393838405609
7086875136.0,-0.351853609085083
7087812608.0,-0.34150636196136475
7088750080.0,-0.3319077789783478
7089687552.0,-0.3221660554409027
7090625024.0,-0.3150743246078491
7091562496.0,-0.30697527527809143
7092499968.0,-0.3014070689678192
7093437440.0,-0.2963813543319702
7094374912.0,-0.2920067608356476
7095312384.0,-0.2895078659057617
7096249856.0,-0.2874974310398102
7097187328.0,-0.2861638069152832
7098124800.0,-0.2869642674922943
7099062272.0,-0.28905588388442993
7100000256.0,-0.2923756241798401
7100937728.0,-0.2975359261035919
7101875200.0,-0.3042489290237427
7102812672.0,-0.3138333857059479
7103750144.0,-0.3244696259498596
7104687616.0,-0.3362880349159241
7105625088.0,-0.34940505027770996
7106562560.0,-0.36533012986183167
7107500032.0,-0.38245171308517456
7108437504.0,-0.3987443745136261
7109374976.0,-0.4198036789894104
7110312448.0,-0.44109606742858887
7111249920.0,-0.4642563462257385
7112187392.0,-0.48715683817863464
7113124864.0,-0.5090630054473877
7114062336.0,-0.5333600044250488
7114999808.0,-0.5560393333435059
7115937280.0,-0.5789489150047302
7116874752.0,-0.6011839509010315
7117812736.0,-0.6228340864181519
7118750208.0,-0.6441789865493774
7119687680.0,-0.6632238030433655
7120625152.0,-0.682564377784729
7121562624.0,-0.699017345905304
7122500096.0,-0.7154523730278015
7123437568.0,-0.7298110127449036
7124375040.0,-0.742397129535675
7125312512.0,-0.7519400119781494
7126249984.0,-0.7604660391807556
7127187456.0,-0.7661492824554443
7128124928.0,-0.7700375318527222
7129062400.0,-0.7719332575798035
7129999872.0,-0.7708767056465149
7130937344.0,-0.7680276036262512
7131874816.0,-0.7623761296272278
7132812288.0,-0.7552111148834229
7133749760.0,-0.7461138367652893
7134687744.0,-0.7355751991271973
7135625216.0,-0.7240772247314453
7136562688.0,-0.7089703679084778
7137500160.0,-0.69347083568573
7138437632.0,-0.6762320399284363
7139375104.0,-0.6585970520973206
7140312576.0,-0.6376171112060547
7141250048.0,-0.6174590587615967
7142187520.0,-0.5948992967605591
7143124992.0,-0.5731414556503296
7144062464.0,-0.4417235553264618
7144999936.0,-0.4382323920726776
7145937408.0,-0.43519699573516846
7146874880.0,-0.43283405900001526
7147812352.0,-0.42879191040992737
7148749824.0,-0.42537790536880493
7149687296.0,-0.4228382706642151
7150624768.0,-0.42021462321281433
7151562752.0,-0.4186687171459198
7152500224.0,-0.4180915057659149
7153437696.0,-0.41912272572517395
7154375168.0,-0.41949376463890076
7155312640.0,-0.42211049795150757
7156250112.0,-0.42543506622314453
7157187584.0,-0.43135616183280945
7158125056.0,-0.43770065903663635
7159062528.0,-0.44710028171539307
7160000000.0,-0.4545482099056244
7160937472.0,-0.4622592031955719
7161874944.0,-0.4692884385585785
7162812416.0,-0.4788491129875183
7163749888.0,-0.4891577959060669
7164687360.0,-0.4982767105102539
7165624832.0,-0.5099488496780396
7166562304.0,-0.5209055542945862
7167499776.0,-0.5315766930580139
7168437248.0,-0.5405378341674805
7169375232.0,-0.5506513118743896
7170312704.0,-0.5591335892677307
7171250176.0,-0.5665297508239746
7172187648.0,-0.5732698440551758
7173125120.0,-0.5782180428504944
7174062592.0,-0.5824835896492004
7175000064.0,-0.585200309753418
7175937536.0,-0.5862442255020142
7176875008.0,-0.5859286785125732
7177812480.0,-0.5841856598854065
7178749952.0,-0.5811020135879517
7179687424.0,-0.5751540660858154
7180624896.0,-0.5694380402565002
7181562368.0,-0.5607645511627197
7182499840.0,-0.5506486296653748
7183437312.0,-0.5393524169921875
7184374784.0,-0.528291642665863
7185312256.0,-0.5133308172225952
7186250240.0,-0.49624285101890564
7187187712.0,-0.47741588950157166
7188125184.0,-0.458193302154541
7189062656.0,-0.438726007938385
7190000128.0,-0.41884273290634155
7190937600.0,-0.39870360493659973
7191875072.0,-0.37823495268821716
7192812544.0,-0.3588496148586273
7193750016.0,-0.3392144739627838
7194687488.0,-0.3225575089454651
7195624960.0,-0.3043636679649353
7196562432.0,-0.2888970971107483
7197499904.0,-0.2746245265007019
7198437376.0,-0.26104652881622314
7199374848.0,-0.24934494495391846
7200312320.0,-0.2399958223104477
7201249792.0,-0.23182184994220734
7202187264.0,-0.22596678137779236
7203125248.0,-0.22227343916893005
7204062720.0,-0.3277720510959625
7205000192.0,-0.3397281765937805
7205937664.0,-0.35493454337120056
7206875136.0,-0.3728478252887726
7207812608.0,-0.3942687511444092
7208750080.0,-0.4177305996417999
7209687552.0,-0.44302308559417725
7210625024.0,-0.4718977212905884
7211562496.0,-0.5023084878921509
7212499968.0,-0.5351178646087646
7213437440.0,-0.5680347084999084
7214374912.0,-0.602114737033844
7215312384.0,-0.6356781125068665
7216249856.0,-0.670183539390564
7217187328.0,-0.7027344703674316
7218124800.0,-0.7351831197738647
7219062272.0,-0.7646397948265076
7219999744.0,-0.7924420237541199
7220937728.0,-0.8190112113952637
7221875200.0,-0.8417217135429382
7222812672.0,-0.8598366975784302
7223750144.0,-0.8747536540031433
7224687616.0,-0.8863968849182129
7225625088.0,-0.893239438533783
7226562560.0,-0.8951917886734009
7227500032.0,-0.893126904964447
7228437504.0,-0.8864338397979736
7229374976.0,-0.8758748769760132
7230312448.0,-0.8601903915405273
7231249920.0,-0.8411352038383484
7232187392.0,-0.8183623552322388
7233124864.0,-0.7918376326560974
7234062336.0,-0.7617364525794983
7234999808.0,-0.7284483909606934
7235937280.0,-0.6930117607116699
7236874752.0,-0.6570518612861633
7237812736.0,-0.6188760995864868
7238750208.0,-0.5797634124755859
7239687680.0,-0.5400108695030212
7240625152.0,-0.4987284541130066
7241562624.0,-0.458139032125473
7242500096.0,-0.41444775462150574
7243437568.0,-0.372555136680603
7244375040.0,-0.3301156461238861
7245312512.0,-0.2876634895801544
7246249984.0,-0.24798306822776794
7247187456.0,-0.20989711582660675
7248124928.0,-0.17412249743938446
7249062400.0,-0.14032666385173798
7249999872.0,-0.10789365321397781
7250937344.0,-0.07879367470741272
7251874816.0,-0.05306047573685646
7252812288.0,-0.0319041907787323
7253749760.0,-0.01277613453567028
7254687744.0,0.001975415274500847
7255625216.0,0.012989343143999577
7256562688.0,0.020768940448760986
7257500160.0,0.024190377444028854
7258437632.0,0.023596057668328285
7259375104.0,0.01910226419568062
7260312576.0,0.008051138371229172
7261250048.0,-0.006500345654785633
7262187520.0,-0.024798326194286346
7263124992.0,-0.04749661311507225
7264062464.0,-0.31883591413497925
7264999936.0,-0.31641343235969543
7265937408.0,-0.31580638885498047
7266874880.0,-0.317670077085495
7267812352.0,-0.321635365486145
7268749824.0,-0.3284350335597992
7269687296.0,-0.33568012714385986
7270624768.0,-0.34670230746269226
7271562752.0,-0.35774216055870056
7272500224.0,-0.37257784605026245
7273437696.0,-0.3868410885334015
7274375168.0,-0.4023452699184418
7275312640.0,-0.4186156094074249
7276250112.0,-0.4357282519340515
7277187584.0,-0.4532443881034851
7278125056.0,-0.47081103920936584
7279062528.0,-0.48696911334991455
7280000000.0,-0.5026986598968506
7280937472.0,-0.5170145034790039
7281874944.0,-0.5297110676765442
7282812416.0,-0.5397957563400269
7283749888.0,-0.5467831492424011
7284687360.0,-0.5522502660751343
7285624832.0,-0.5549275875091553
7286562304.0,-0.5552796721458435
7287499776.0,-0.5554229617118835
7288437248.0,-0.5540399551391602
7289375232.0,-0.5494564771652222
7290312704.0,-0.543815016746521
7291250176.0,-0.5353381037712097
7292187648.0,-0.5259150862693787
7293125120.0,-0.5133751034736633
7294062592.0,-0.4993409812450409
7295000064.0,-0.4850684404373169
7295937536.0,-0.46848630905151367
7296875008.0,-0.4511100649833679
7297812480.0,-0.4334266483783722
7298749952.0,-0.4145316183567047
7299687424.0,-0.3937608301639557
7300624896.0,-0.375845730304718
7301562368.0,-0.35701116919517517
7302499840.0,-0.3400733768939972
7303437312.0,-0.3239555060863495
7304374784.0,-0.3072412312030792
7305312256.0,-0.2927509844303131
7306250240.0,-0.2789084315299988
7307187712.0,-0.2668946385383606
7308125184.0,-0.2563153803348541
7309062656.0,-0.24871285259723663
7310000128.0,-0.2400664985179901
7310937600.0,-0.23449431359767914
7311875072.0,-0.2293853908777237
7312812544.0,-0.22633136808872223
7313750016.0,-0.2242112010717392
7314687488.0,-0.22258371114730835
7315624960.0,-0.22178751230239868
7316562432.0,-0.22025515139102936
7317499904.0,-0.21849219501018524
7318437376.0,-0.2160985767841339
7319374848.0,-0.21335469186306
7320312320.0,-0.20978456735610962
7321249792.0,-0.20390377938747406
7322187264.0,-0.1972767859697342
7323125248.0,-0.18834415078163147
7324062720.0,-0.33226335048675537
7325000192.0,-0.3102024793624878
7325937664.0,-0.28715214133262634
7326875136.0,-0.2624070644378662
7327812608.0,-0.23589599132537842
7328750080.0,-0.20892882347106934
7329687552.0,-0.1817006766796112
7330625024.0,-0.15411148965358734
7331562496.0,-0.12850624322891235
7332499968.0,-0.1049480214715004
7333437440.0,-0.08370291441679001
7334374912.0,-0.06577232480049133
7335312384.0,-0.052593715488910675
7336249856.0,-0.045084208250045776
7337187328.0,-0.041533950716257095
7338124800.0,-0.04206915572285652
7339062272.0,-0.043450627475976944
7340000256.0,-0.0513199083507061
7340937728.0,-0.06395044922828674
7341875200.0,-0.07901302725076675
7342812672.0,-0.0997161790728569
7343750144.0,-0.12204452604055405
7344687616.0,-0.14745944738388062
7345625088.0,-0.1744738221168518
7346562560.0,-0.2006341964006424
7347500032.0,-0.22738753259181976
7348437504.0,-0.25145164132118225
7349374976.0,-0.2736775577068329
7350312448.0,-0.2932051122188568
7351249920.0,-0.3103505074977875
7352187392.0,-0.3218158185482025
7353124864.0,-0.33022502064704895
7354062336.0,-0.3329484462738037
7354999808.0,-0.3312411606311798
7355937280.0,-0.32381051778793335
7356874752.0,-0.3117148280143738
7357812736.0,-0.29520559310913086
7358750208.0,-0.27683281898498535
7359687680.0,-0.2525257468223572
7360625152.0,-0.2248886525630951
7361562624.0,-0.19558565318584442
7362500096.0,-0.1645383983850479
7363437568.0,-0.1328820139169693
7364375040.0,-0.09827624261379242
7365312512.0,-0.06473810225725174
7366249984.0,-0.03393074870109558
7367187456.0,-0.005966926924884319
7368124928.0,0.019464217126369476
7369062400.0,0.03968966752290726
7369999872.0,0.0557728037238121
7370937344.0,0.06796830147504807
7371874816.0,0.07741732150316238
7372812288.0,0.08385372906923294
7373749760.0,0.08807916939258575
7374687744.0,0.0907675251364708
7375625216.0,0.09176107496023178
7376562688.0,0.09219701588153839
7377500160.0,0.09152031689882278
7378437632.0,0.08932632207870483
7379375104.0,0.08720548450946808
7380312576.0,0.0836784765124321
7381250048.0,0.07787755131721497
7382187520.0,0.07228419929742813
7383124992.0,0.0648660659790039
7384062464.0,-0.2411988377571106
7384999936.0,-0.2578386962413788
7385937408.0,-0.27329543232917786
7386874880.0,-0.2886200249195099
7387812352.0,-0.30550169944763184
7388749824.0,-0.3197212517261505
7389687296.0,-0.33156684041023254
7390624768.0,-0.34260252118110657
7391562752.0,-0.35053780674934387
7392500224.0,-0.355511337518692
7393437696.0,-0.3575730323791504
7394375168.0,-0.3573673665523529
7395312640.0,-0.35197848081588745
7396250112.0,-0.3436311185359955
7397187584.0,-0.33218786120414734
7398125056.0,-0.31561529636383057
7399062528.0,-0.29845282435417175
7400000000.0,-0.2767825424671173
7400937472.0,-0.2519542872905731
7401874944.0,-0.22559739649295807
7402812416.0,-0.19402843713760376
7403749888.0,-0.16219814121723175
7404687360.0,-0.12806950509548187
7405624832.0,-0.09255976974964142
7406562304.0,-0.05653122439980507
7407499776.0,-0.019139492884278297
7408437248.0,0.01736505888402462
7409375232.0,0.05350955203175545
7410312704.0,0.08822915703058243
7411250176.0,0.12175268679857254
7412187648.0,0.15343235433101654
7413125120.0,0.18379046022891998
7414062592.0,0.21093150973320007
7415000064.0,0.23534856736660004
7415937536.0,0.2565191388130188
7416875008.0,0.2754737436771393
7417812480.0,0.28966423869132996
7418749952.0,0.3011225163936615
7419687424.0,0.3105209469795227
7420624896.0,0.3148818910121918
7421562368.0,0.3158228099346161
7422499840.0,0.3128662407398224
7423437312.0,0.306956946849823
7424374784.0,0.29640138149261475
7425312256.0,0.28435444831848145
7426250240.0,0.2680493891239166
7427187712.0,0.24871626496315002
7428125184.0,0.22549493610858917
7429062656.0,0.20225954055786133
7430000128.0,0.17581261694431305
7430937600.0,0.1471191942691803
7431875072.0,0.11719617247581482
7432812544.0,0.08602088689804077
7433750016.0,0.05450545623898506
7434687488.0,0.02233664132654667
7435624960.0,-0.010912285186350346
7436562432.0,-0.04221578687429428
7437499904.0,-0.07387034595012665
7438437376.0,-0.10445087403059006
7439374848.0,-0.1331973373889923
7440312320.0,-0.16267530620098114
7441249792.0,-0.19177544116973877
7442187264.0,-0.21887624263763428
7443125248.0,-0.24351830780506134
7444062720.0,0.007819434627890587
7445000192.0,-0.00837579183280468
7445937664.0,-0.021956874057650566
7446875136.0,-0.039424747228622437
7447812608.0,-0.05550161749124527
7448750080.0,-0.07313040643930435
7449687552.0,-0.0880255401134491
7450625024.0,-0.1030074954032898
7451562496.0,-0.11663533002138138
7452499968.0,-0.12767964601516724
7453437440.0,-0.13773991167545319
7454374912.0,-0.14595532417297363
7455312384.0,-0.1507430523633957
7456249856.0,-0.1536978781223297
7457187328.0,-0.1564151495695114
7458124800.0,-0.15492063760757446
7459062272.0,-0.1517687290906906
7459999744.0,-0.14681819081306458
7460937728.0,-0.14004041254520416
7461875200.0,-0.13317736983299255
7462812672.0,-0.12314260751008987
7463750144.0,-0.11282872408628464
7464687616.0,-0.10111819207668304
7465625088.0,-0.09154906123876572
7466562560.0,-0.08265963941812515
7467500032.0,-0.07477983832359314
7468437504.0,-0.06644518673419952
7469374976.0,-0.0584561713039875
7470312448.0,-0.0516575425863266
7471249920.0,-0.045769769698381424
7472187392.0,-0.04159295931458473
7473124864.0,-0.03782757744193077
7474062336.0,-0.036570772528648376
7474999808.0,-0.03580385446548462
7475937280.0,-0.036939673125743866
7476874752.0,-0.039246056228876114
7477812736.0,-0.04357486218214035
7478750208.0,-0.04964321851730347
7479687680.0,-0.05592385679483414
7480625152.0,-0.06386352330446243
7481562624.0,-0.07332925498485565
7482500096.0,-0.08333463221788406
7483437568.0,-0.09393370896577835
7484375040.0,-0.10515888035297394
7485312512.0,-0.11656517535448074
7486249984.0,-0.12793996930122375
7487187456.0,-0.13893720507621765
7488124928.0,-0.14926953613758087
7489062400.0,-0.15844668447971344
7489999872.0,-0.167544424533844
7490937344.0,-0.17525023221969604
7491874816.0,-0.18039289116859436
7492812288.0,-0.18183939158916473
7493749760.0,-0.18343570828437805
7494687744.0,-0.1825522482395172
7495625216.0,-0.1808941662311554
7496562688.0,-0.17585957050323486
7497500160.0,-0.16984756290912628
7498437632.0,-0.1626092791557312
7499375104.0,-0.15355412662029266
7500312576.0,-0.14421576261520386
7501250048.0,-0.13386857509613037
7502187520.0,-0.12478392571210861
7503124992.0,-0.11391013115644455
7504062464.0,-0.09839410334825516
7504999936.0,-0.07239385694265366
7505937408.0,-0.0513385646045208
7506874880.0,-0.032046735286712646
7507812352.0,-0.016698410734534264
7508749824.0,-0.006222609430551529
7509687296.0,0.002109258435666561
7510624768.0,0.005343653727322817
7511562752.0,0.006055321078747511
7512500224.0,0.0015616146847605705
7513437696.0,-0.005880583077669144
7514375168.0,-0.016511332243680954
7515312640.0,-0.02945682965219021
7516250112.0,-0.04521748423576355
7517187584.0,-0.05969623103737831
7518125056.0,-0.07516058534383774
7519062528.0,-0.0906262993812561
7520000000.0,-0.10647386312484741
7520937472.0,-0.12181491404771805
7521874944.0,-0.13655881583690643
7522812416.0,-0.1486925184726715
7523749888.0,-0.15872953832149506
7524687360.0,-0.1669175624847412
7525624832.0,-0.17170295119285583
7526562304.0,-0.1742875725030899
7527499776.0,-0.17435286939144135
7528437248.0,-0.1712023913860321
7529375232.0,-0.16515883803367615
7530312704.0,-0.1562788486480713
7531250176.0,-0.14531417191028595
7532187648.0,-0.13340292870998383
7533125120.0,-0.11969727277755737
7534062592.0,-0.10628008097410202
7535000064.0,-0.09161769598722458
7535937536.0,-0.07724563777446747
7536875008.0,-0.0646427795290947
7537812480.0,-0.053293198347091675
7538749952.0,-0.04422469437122345
7539687424.0,-0.0382971353828907
7540624896.0,-0.033341847360134125
7541562368.0,-0.0335417203605175
7542499840.0,-0.03676002845168114
7543437312.0,-0.044491417706012726
7544374784.0,-0.05632460117340088
7545312256.0,-0.07213691622018814
7546250240.0,-0.09111887961626053
7547187712.0,-0.11348950117826462
7548125184.0,-0.13874897360801697
7549062656.0,-0.16721060872077942
7550000128.0,-0.1963927298784256
7550937600.0,-0.22586701810359955
7551875072.0,-0.25450971722602844
7552812544.0,-0.2824655771255493
7553750016.0,-0.3081212639808655
7554687488.0,-0.33005329966545105
7555624960.0,-0.3505135774612427
7556562432.0,-0.36728692054748535
7557499904.0,-0.3831903338432312
7558437376.0,-0.3974759876728058
7559374848.0,-0.40958330035209656
7560312320.0,-0.42238882184028625
7561249792.0,-0.43544936180114746
7562187264.0,-0.4460257291793823
7563125248.0,-0.45806482434272766
7564062720.0,-0.45723456144332886
7565000192.0,-0.44364142417907715
7565937664.0,-0.4253126382827759
7566875136.0,-0.4081532061100006
7567812608.0,-0.3860158920288086
7568750080.0,-0.3620983362197876
7569687552.0,-0.33839133381843567
7570625024.0,-0.31242263317108154
7571562496.0,-0.2858889400959015
7572499968.0,-0.2580280303955078
7573437440.0,-0.23140767216682434
7574374912.0,-0.20436552166938782
7575312384.0,-0.1771152913570404
7576249856.0,-0.1500512659549713
7577187328.0,-0.12385480850934982
7578124800.0,-0.09914282709360123
7579062272.0,-0.07467581331729889
7580000256.0,-0.05282372236251831
7580937728.0,-0.031587157398462296
7581875200.0,-0.01455396506935358
7582812672.0,0.0014394442550837994
7583750144.0,0.015862097963690758
7584687616.0,0.027983054518699646
7585625088.0,0.036988429725170135
7586562560.0,0.04452501982450485
7587500032.0,0.047767698764801025
7588437504.0,0.049633294343948364
7589374976.0,0.04739758372306824
7590312448.0,0.04549001157283783
7591249920.0,0.039046015590429306
7592187392.0,0.031221704557538033
7593124864.0,0.02292475290596485
7594062336.0,0.013373788446187973
7594999808.0,0.0018595008878037333
7595937280.0,-0.011599689722061157
7596874752.0,-0.025493189692497253
7597812736.0,-0.041110411286354065
7598750208.0,-0.058712951838970184
7599687680.0,-0.07624898850917816
7600625152.0,-0.0941074937582016
7601562624.0,-0.1129445806145668
7602500096.0,-0.13174092769622803
7603437568.0,-0.14994443953037262
7604375040.0,-0.16815441846847534
7605312512.0,-0.184705451130867
7606249984.0,-0.2026786208152771
7607187456.0,-0.2171487659215927
7608124928.0,-0.23310193419456482
7609062400.0,-0.24669556319713593
7609999872.0,-0.2594868242740631
7610937344.0,-0.26920658349990845
7611874816.0,-0.27879685163497925
7612812288.0,-0.2866789996623993
7613749760.0,-0.29415538907051086
7614687744.0,-0.29958227276802063
7615625216.0,-0.30327579379081726
7616562688.0,-0.3059760332107544
7617500160.0,-0.30779409408569336
7618437632.0,-0.3101142346858978
7619375104.0,-0.31370192766189575
7620312576.0,-0.3164686858654022
7621250048.0,-0.3200245499610901
7622187520.0,-0.32067883014678955
7623124992.0,-0.32250353693962097
7624062464.0,-0.31957241892814636
7624999936.0,-0.32388836145401
7625937408.0,-0.32695087790489197
7626874880.0,-0.32696533203125
7627812352.0,-0.32608357071876526
7628749824.0,-0.32175347208976746
7629687296.0,-0.317060649394989
7630624768.0,-0.31118109822273254
7631562752.0,-0.30228060483932495
7632500224.0,-0.2926817536354065
7633437696.0,-0.28300613164901733
7634375168.0,-0.2701002061367035
7635312640.0,-0.2571679651737213
7636250112.0,-0.24394400417804718
7637187584.0,-0.23117657005786896
7638125056.0,-0.21776153147220612
7639062528.0,-0.20362266898155212
7640000000.0,-0.18878810107707977
7640937472.0,-0.17706574499607086
7641874944.0,-0.1653672754764557
7642812416.0,-0.15411803126335144
7643749888.0,-0.1444167047739029
7644687360.0,-0.13795271515846252
7645624832.0,-0.1323174387216568
7646562304.0,-0.128073588013649
7647499776.0,-0.12526337802410126
7648437248.0,-0.12404366582632065
7649375232.0,-0.12403825670480728
7650312704.0,-0.1255754679441452
7651250176.0,-0.1267346888780594
7652187648.0,-0.1307145059108734
7653125120.0,-0.135592982172966
7654062592.0,-0.14141876995563507
7655000064.0,-0.147736594080925
7655937536.0,-0.1554412692785263
7656875008.0,-0.1632024496793747
7657812480.0,-0.17224089801311493
7658749952.0,-0.1808447539806366
7659687424.0,-0.19040276110172272
7660624896.0,-0.19952112436294556
7661562368.0,-0.20825788378715515
7662499840.0,-0.2169714719057083
7663437312.0,-0.22498667240142822
7664374784.0,-0.2323271781206131
7665312256.0,-0.23944306373596191
7666250240.0,-0.2449466586112976
7667187712.0,-0.2519795596599579
7668125184.0,-0.2560035288333893
7669062656.0,-0.2588878571987152
7670000128.0,-0.25969386100769043
7670937600.0,-0.26099058985710144
7671875072.0,-0.25987693667411804
7672812544.0,-0.25703346729278564
7673750016.0,-0.2545532286167145
7674687488.0,-0.24990291893482208
7675624960.0,-0.24550728499889374
7676562432.0,-0.23924842476844788
7677499904.0,-0.23183511197566986
7678437376.0,-0.22522519528865814
7679374848.0,-0.2168169915676117
7680312320.0,-0.20924293994903564
7681249792.0,-0.1999434530735016
7682187264.0,-0.19014331698417664
7683125248.0,-0.18156693875789642
7684062720.0,0.05284249037504196
7685000192.0,0.066192127764225
7685937664.0,0.07699405401945114
7686875136.0,0.08594091236591339
7687812608.0,0.09194754809141159
7688750080.0,0.09560471773147583
7689687552.0,0.09770133346319199
7690625024.0,0.09539059549570084
7691562496.0,0.0913301631808281
7692499968.0,0.08533073961734772
7693437440.0,0.07626964151859283
7694374912.0,0.06532374769449234
7695312384.0,0.05162600055336952
7696249856.0,0.03460179269313812
7697187328.0,0.015861663967370987
7698124800.0,-0.003672394435852766
7699062272.0,-0.0253785140812397
7699999744.0,-0.04738808795809746
7700937728.0,-0.06993366777896881
7701875200.0,-0.09372633695602417
7702812672.0,-0.1173115149140358
7703750144.0,-0.14057405292987823
7704687616.0,-0.16191107034683228
7705625088.0,-0.18425726890563965
7706562560.0,-0.20324349403381348
7707500032.0,-0.22204038500785828
7708437504.0,-0.23927322030067444
7709374976.0,-0.25635790824890137
7710312448.0,-0.27053120732307434
7711249920.0,-0.2812751531600952
7712187392.0,-0.2914223074913025
7713124864.0,-0.30018162727355957
7714062336.0,-0.3074089288711548
7714999808.0,-0.3118616044521332
7715937280.0,-0.3162083029747009
7716874752.0,-0.31772762537002563
7717812736.0,-0.3176867663860321
7718750208.0,-0.31524983048439026
7719687680.0,-0.3140917420387268
7720625152.0,-0.30967411398887634
7721562624.0,-0.30394285917282104
7722500096.0,-0.29667195677757263
7723437568.0,-0.2888275682926178
7724375040.0,-0.2824360728263855
7725312512.0,-0.2737381160259247
7726249984.0,-0.26482880115509033
7727187456.0,-0.2591106593608856
7728124928.0,-0.25040891766548157
7729062400.0,-0.24209634959697723
7729999872.0,-0.2363589107990265
7730937344.0,-0.22872580587863922
7731874816.0,-0.22215966880321503
7732812288.0,-0.21778789162635803
7733749760.0,-0.21149098873138428
7734687744.0,-0.20808446407318115
7735625216.0,-0.20612362027168274
7736562688.0,-0.2028408795595169
7737500160.0,-0.20099110901355743
7738437632.0,-0.2010405957698822
7739375104.0,-0.20152691006660461
7740312576.0,-0.20345719158649445
7741250048.0,-0.2071041315793991
7742187520.0,-0.21178428828716278
7743124992.0,-0.21652086079120636
7744062464.0,-0.1967354118824005
7744999936.0,-0.16054798662662506
7745937408.0,-0.12360063940286636
7746874880.0,-0.08300895243883133
7747812352.0,-0.045500170439481735
7748749824.0,-0.007618431001901627
7749687296.0,0.02843177318572998
7750624768.0,0.061909761279821396
7751562752.0,0.09281750023365021
7752500224.0,0.11997506767511368
7753437696.0,0.14485658705234528
7754375168.0,0.16678392887115479
7755312640.0,0.18425436317920685
7756250112.0,0.1988205760717392
7757187584.0,0.20881913602352142
7758125056.0,0.21547341346740723
7759062528.0,0.21882522106170654
7760000000.0,0.2197325974702835
7760937472.0,0.2175593227148056
7761874944.0,0.21207144856452942
7762812416.0,0.20358142256736755
7763749888.0,0.193353533744812
7764687360.0,0.17931847274303436
7765624832.0,0.16408146917819977
7766562304.0,0.14743447303771973
7767499776.0,0.1300603449344635
7768437248.0,0.11017575860023499
7769375232.0,0.09118779003620148
7770312704.0,0.0692984014749527
7771250176.0,0.048819564282894135
7772187648.0,0.0284707210958004
7773125120.0,0.007502152118831873
7774062592.0,-0.012412340380251408
7775000064.0,-0.033090800046920776
7775937536.0,-0.05265531316399574
7776875008.0,-0.07165500521659851
7777812480.0,-0.08912494778633118
7778749952.0,-0.1071992814540863
7779687424.0,-0.12435522675514221
7780624896.0,-0.13925544917583466
7781562368.0,-0.15405617654323578
7782499840.0,-0.16942359507083893
7783437312.0,-0.18156470358371735
7784374784.0,-0.19310127198696136
7785312256.0,-0.20489591360092163
7786250240.0,-0.21422770619392395
7787187712.0,-0.22348053753376007
7788125184.0,-0.23086415231227875
7789062656.0,-0.23899078369140625
7790000128.0,-0.24614101648330688
7790937600.0,-0.2518928647041321
7791875072.0,-0.25668439269065857
7792812544.0,-0.26203933358192444
7793750016.0,-0.2650817930698395
7794687488.0,-0.2697692811489105
7795624960.0,-0.27254414558410645
7796562432.0,-0.2772541046142578
7797499904.0,-0.2817131578922272
7798437376.0,-0.28727617859840393
7799374848.0,-0.291598916053772
7800312320.0,-0.29282286763191223
7801249792.0,-0.29386386275291443
7802187264.0,-0.29403698444366455
7803125248.0,-0.2908470332622528
7804062720.0,-0.27257946133613586
7805000192.0,-0.26326119899749756
7805937664.0,-0.25123709440231323
7806875136.0,-0.23954375088214874
7807812608.0,-0.22715003788471222
7808750080.0,-0.21464814245700836
7809687552.0,-0.2016664445400238
7810625024.0,-0.18626193702220917
7811562496.0,-0.17016172409057617
7812499968.0,-0.15575620532035828
7813437440.0,-0.13968558609485626
7814374912.0,-0.1230078861117363
7815312384.0,-0.10670316219329834
7816249856.0,-0.09111274778842926
7817187328.0,-0.07268734276294708
7818124800.0,-0.05746147409081459
7819062272.0,-0.04266475886106491
7820000256.0,-0.026266906410455704
7820937728.0,-0.011231931857764721
7821875200.0,0.0030175915453583
7822812672.0,0.014714103192090988
7823750144.0,0.022567566484212875
7824687616.0,0.031932566314935684
7825625088.0,0.03958038240671158
7826562560.0,0.04656855762004852
7827500032.0,0.05262335389852524
7828437504.0,0.058442115783691406
7829374976.0,0.06264477223157883
7830312448.0,0.06680267304182053
7831249920.0,0.0712951198220253
7832187392.0,0.07254699617624283
7833124864.0,0.07477941364049911
7834062336.0,0.07612557709217072
7834999808.0,0.07758311182260513
7835937280.0,0.079020656645298
7836874752.0,0.07913319021463394
7837812736.0,0.07916592061519623
7838750208.0,0.07976429909467697
7839687680.0,0.07935462146997452
7840625152.0,0.07961131632328033
7841562624.0,0.07871869206428528
7842500096.0,0.07746919244527817
7843437568.0,0.07783777266740799
7844375040.0,0.07608302682638168
7845312512.0,0.0755840539932251
7846249984.0,0.07471024245023727
7847187456.0,0.07158539444208145
7848124928.0,0.06677809357643127
7849062400.0,0.06258860975503922
7849999872.0,0.05753318592905998
7850937344.0,0.05252407118678093
7851874816.0,0.047880783677101135
7852812288.0,0.04187686741352081
7853749760.0,0.035446181893348694
7854687744.0,0.02828809805214405
7855625216.0,0.020493589341640472
7856562688.0,0.012576050125062466
7857500160.0,0.0042448490858078
7858437632.0,-0.004792425781488419
7859375104.0,-0.01381844375282526
7860312576.0,-0.02306422032415867
7861250048.0,-0.03248946741223335
7862187520.0,-0.04285040125250816
7863124992.0,-0.052709564566612244
7864062464.0,0.04619099572300911
7864999936.0,0.03769703209400177
7865937408.0,0.03016912192106247
7866874880.0,0.022470178082585335
7867812352.0,0.016482297331094742
7868749824.0,0.011137927882373333
7869687296.0,0.006735343486070633
7870624768.0,0.002622922882437706
7871562752.0,-0.000566200353205204
7872500224.0,-0.0023230051156133413
7873437696.0,-0.007928114384412766
7874375168.0,-0.013226938433945179
7875312640.0,-0.018828148022294044
7876250112.0,-0.02484314702451229
7877187584.0,-0.029817765578627586
7878125056.0,-0.037398967891931534
7879062528.0,-0.045141298323869705
7880000000.0,-0.05211084336042404
7880937472.0,-0.06321687996387482
7881874944.0,-0.07426536828279495
7882812416.0,-0.08645088225603104
7883749888.0,-0.10095790773630142
7884687360.0,-0.1151328980922699
7885624832.0,-0.13406692445278168
7886562304.0,-0.15212346613407135
7887499776.0,-0.17250970005989075
7888437248.0,-0.1951669454574585
7889375232.0,-0.21763049066066742
7890312704.0,-0.24137085676193237
7891250176.0,-0.2673475444316864
7892187648.0,-0.29173579812049866
7893125120.0,-0.3164513409137726
7894062592.0,-0.3411775827407837
7895000064.0,-0.36629581451416016
7895937536.0,-0.3902127742767334
7896875008.0,-0.41285932064056396
7897812480.0,-0.4347960352897644
7898749952.0,-0.45322224497795105
7899687424.0,-0.46858203411102295
7900624896.0,-0.4827675223350525
7901562368.0,-0.49343323707580566
7902499840.0,-0.5023925304412842
7903437312.0,-0.5075236558914185
7904374784.0,-0.510618269443512
7905312256.0,-0.5105148553848267
7906250240.0,-0.5062089562416077
7907187712.0,-0.4999890923500061
7908125184.0,-0.49006718397140503
7909062656.0,-0.4788265824317932
7910000128.0,-0.4633195698261261
7910937600.0,-0.445647656917572
7911875072.0,-0.42582637071609497
7912812544.0,-0.4039176106452942
7913750016.0,-0.3790445029735565
7914687488.0,-0.3539312183856964
7915624960.0,-0.32583385705947876
7916562432.0,-0.2970333695411682
7917499904.0,-0.267570436000824
7918437376.0,-0.2380480319261551
7919374848.0,-0.2089412361383438
7920312320.0,-0.17802178859710693
7921249792.0,-0.14839006960391998
7922187264.0,-0.11991053819656372
7923125248.0,-0.09094338864088058
7924062720.0,0.056299708783626556
7925000192.0,0.07706885784864426
7925937664.0,0.09699025005102158
7926875136.0,0.11409809440374374
7927812608.0,0.1299273669719696
7928750080.0,0.1415718048810959
7929687552.0,0.1510702669620514
7930625024.0,0.158966526389122
7931562496.0,0.16374310851097107
7932499968.0,0.16585636138916016
7933437440.0,0.16708754003047943
7934374912.0,0.1654452085494995
7935312384.0,0.1604638695716858
7936249856.0,0.15507063269615173
7937187328.0,0.14749033749103546
7938124800.0,0.13805142045021057
7939062272.0,0.12705323100090027
7939999744.0,0.11320310831069946
7940937728.0,0.10029492527246475
7941875200.0,0.08494912087917328
7942812672.0,0.0674719512462616
7943750144.0,0.05004153773188591
7944687616.0,0.03039400652050972
7945625088.0,0.010749226436018944
7946562560.0,-0.010294987820088863
7947500032.0,-0.03178849071264267
7948437504.0,-0.053264815360307693
7949374976.0,-0.07488588243722916
7950312448.0,-0.0938696563243866
7951249920.0,-0.1147526428103447
7952187392.0,-0.1360909342765808
7953124864.0,-0.15671929717063904
7954062336.0,-0.17745770514011383
7954999808.0,-0.19907280802726746
7955937280.0,-0.2198736071586609
7956874752.0,-0.24102437496185303
7957812736.0,-0.26222550868988037
7958750208.0,-0.2832835912704468
7959687680.0,-0.30381345748901367
7960625152.0,-0.32273146510124207
7961562624.0,-0.34243878722190857
7962500096.0,-0.3614855706691742
7963437568.0,-0.37935009598731995
7964375040.0,-0.3956094980239868
7965312512.0,-0.4119766056537628
7966249984.0,-0.42696627974510193
7967187456.0,-0.44095975160598755
7968124928.0,-0.45429491996765137
7969062400.0,-0.46436941623687744
7969999872.0,-0.4753730595111847
7970937344.0,-0.4831085801124573
7971874816.0,-0.48974350094795227
7972812288.0,-0.49490654468536377
7973749760.0,-0.4974527359008789
7974687744.0,-0.4986150860786438
7975625216.0,-0.49852684140205383
7976562688.0,-0.4958401322364807
7977500160.0,-0.49209749698638916
7978437632.0,-0.4847506582736969
7979375104.0,-0.4767279326915741
7980312576.0,-0.46503502130508423
7981250048.0,-0.4510042369365692
7982187520.0,-0.43631890416145325
7983124992.0,-0.4185992181301117
7984062464.0,-0.3965519964694977
7984999936.0,-0.38364773988723755
7985937408.0,-0.36868253350257874
7986874880.0,-0.3522804081439972
7987812352.0,-0.33639320731163025
7988749824.0,-0.3180961012840271
7989687296.0,-0.30132707953453064
7990624768.0,-0.2828434109687805
7991562752.0,-0.26291438937187195
7992500224.0,-0.2441861778497696
7993437696.0,-0.2255362719297409
7994375168.0,-0.2071031928062439
7995312640.0,-0.18771226704120636
7996250112.0,-0.16911780834197998
7997187584.0,-0.14975392818450928
7998125056.0,-0.13138723373413086
7999062528.0,-0.11480524390935898
8000000000.0,-0.09695500135421753
