Frequency (Hz),Measurement
2000000000.0,0.19099637866020203
2000937472.0,0.18373821675777435
2001874944.0,0.17455554008483887
2002812544.0,0.16537179052829742
2003750016.0,0.15673264861106873
2004687488.0,0.14648960530757904
2005624960.0,0.13466838002204895
2006562560.0,0.1238907128572464
2007500032.0,0.11158935725688934
2008437504.0,0.09840308129787445
2009374976.0,0.08444046229124069
2010312448.0,0.071117103099823
2011250048.0,0.05747009068727493
2012187520.0,0.04355907440185547
2013124992.0,0.028427347540855408
2014062464.0,0.01392837893217802
2015000064.0,-0.0009055356495082378
2015937536.0,-0.01389458030462265
2016875008.0,-0.02801951766014099
2017812480.0,-0.040206536650657654
2018749952.0,-0.05363956466317177
2019687552.0,-0.06449886411428452
2020625024.0,-0.07503554224967957
2021562496.0,-0.08507505059242249
2022499968.0,-0.09349258989095688
2023437440.0,-0.10018150508403778
2024375040.0,-0.10567406564950943
2025312512.0,-0.11003541201353073
2026249984.0,-0.11285464465618134
2027187456.0,-0.11478810757398605
2028125056.0,-0.1150425598025322
2029062528.0,-0.11335506290197372
2030000000.0,-0.1097697913646698
2030937472.0,-0.1046578660607338
2031874944.0,-0.0988059714436531
2032812544.0,-0.0915953516960144
2033750016.0,-0.08181241899728775
2034687488.0,-0.07198340445756912
2035624960.0,-0.06156899780035019
2036562560.0,-0.049139585345983505
2037500032.0,-0.035503361374139786
2038437504.0,-0.022556057199835777
2039374976.0,-0.00889139249920845
2040312448.0,0.004315139260143042
2041250048.0,0.01943241059780121
2042187520.0,0.033708006143569946
2043124992.0,0.046831320971250534
2044062464.0,0.06095506250858307
2044999936.0,0.07354268431663513
2045937536.0,0.08515314757823944
2046875008.0,0.09682083129882812
2047812480.0,0.10694319754838943
2048749952.0,0.1048005148768425
2049687552.0,0.11362676322460175
2050625024.0,0.12076550722122192
2051562496.0,0.12652139365673065
2052499968.0,0.13018621504306793
2053437440.0,0.13173329830169678
2054375040.0,0.1315358281135559
2055312512.0,0.12909430265426636
2056249984.0,0.1256808042526245
2057187456.0,0.11913084238767624
2058125056.0,0.11162333190441132
2059062528.0,0.10097182542085648
2060000000.0,0.08913520723581314
2060937472.0,0.07610458880662918
2061874944.0,0.06096305325627327
2062812544.0,0.04527394846081734
2063750016.0,0.02852576971054077
2064687488.0,0.011487465351819992
2065624960.0,-0.005844423547387123
2066562560.0,-0.02325647696852684
2067500032.0,-0.040835943073034286
2068437504.0,-0.05680008977651596
2069374976.0,-0.07287130504846573
2070312448.0,-0.08693695068359375
2071250048.0,-0.09991203993558884
2072187520.0,-0.11101551353931427
2073124992.0,-0.12049871683120728
2074062464.0,-0.12866656482219696
2075000064.0,-0.1335803121328354
2075937536.0,-0.13650843501091003
2076875008.0,-0.13845214247703552
2077812480.0,-0.1380753219127655
2078749952.0,-0.13424797356128693
2079687552.0,-0.130097895860672
2080625024.0,-0.12358016520738602
2081562496.0,-0.11570189893245697
2082499968.0,-0.10704846680164337
2083437440.0,-0.09598465263843536
2084375040.0,-0.08578424155712128
2085312512.0,-0.07324685156345367
2086249984.0,-0.06133594363927841
2087187456.0,-0.048589710146188736
2088125056.0,-0.036926113069057465
2089062528.0,-0.024705786257982254
2090000000.0,-0.012888371013104916
2090937472.0,-0.001345258904621005
2091874944.0,0.00867281761020422
2092812544.0,0.01823114976286888
2093750016.0,0.027057159692049026
2094687488.0,0.034982070326805115
2095624960.0,0.042302779853343964
2096562560.0,0.04877224192023277
2097500032.0,0.055858734995126724
2098437504.0,0.060547877103090286
2099374976.0,0.0649842768907547
2100312448.0,0.07034165412187576
2101250048.0,0.07414820045232773
2102187520.0,0.07932355999946594
2103124992.0,0.08305517584085464
2104062464.0,0.08750073611736298
2104999936.0,0.09168176352977753
2105937536.0,0.09633612632751465
2106875008.0,0.1009712815284729
2107812480.0,0.10516784340143204
2108749952.0,0.13609537482261658
2109687552.0,0.14177319407463074
2110625024.0,0.14693744480609894
2111562496.0,0.15212897956371307
2112499968.0,0.15571369230747223
2113437440.0,0.15841533243656158
2114375040.0,0.16008350253105164
2115312512.0,0.1608944684267044
2116249984.0,0.1599379926919937
2117187456.0,0.15887238085269928
2118125056.0,0.15419159829616547
2119062528.0,0.14930401742458344
2120000000.0,0.14339976012706757
2120937472.0,0.13645896315574646
2121874944.0,0.12781214714050293
2122812544.0,0.11839551478624344
2123750016.0,0.10750046372413635
2124687488.0,0.09693403542041779
2125624960.0,0.08395778387784958
2126562560.0,0.07245366275310516
2127500032.0,0.05899643525481224
2128437504.0,0.045131951570510864
2129374976.0,0.030922848731279373
2130312448.0,0.01723296381533146
2131250048.0,0.0043085841462016106
2132187520.0,-0.008743677288293839
2133124992.0,-0.021048616617918015
2134062464.0,-0.03188055008649826
2135000064.0,-0.04181300848722458
2135937536.0,-0.051911208778619766
2136875008.0,-0.05905279144644737
2137812480.0,-0.06591742485761642
2138749952.0,-0.0714714378118515
2139687552.0,-0.07538057118654251
2140625024.0,-0.07730497419834137
2141562496.0,-0.07854844629764557
2142499968.0,-0.0777566209435463
2143437440.0,-0.07642421871423721
2144375040.0,-0.07357457280158997
2145312512.0,-0.06879426538944244
2146249984.0,-0.0645914152264595
2147187456.0,-0.05762569233775139
2148124928.0,-0.05067429691553116
2149062400.0,-0.04190237075090408
2150000128.0,-0.034127313643693924
2150937600.0,-0.025161495432257652
2151875072.0,-0.015151056461036205
2152812544.0,-0.0055656637996435165
2153750016.0,0.003666747361421585
2154687488.0,0.013009324669837952
2155624960.0,0.02256195619702339
2156562432.0,0.030715100467205048
2157499904.0,0.03954707831144333
2158437376.0,0.04772532731294632
2159375104.0,0.05417880415916443
2160312576.0,0.06000417843461037
2161250048.0,0.06484005600214005
2162187520.0,0.07028612494468689
2163124992.0,0.07412203401327133
2164062464.0,0.07781855762004852
2164999936.0,0.08037552237510681
2165937408.0,0.08328520506620407
2166874880.0,0.08527326583862305
2167812608.0,0.08742981404066086
2168750080.0,0.15888692438602448
2169687552.0,0.16084931790828705
2170625024.0,0.15971103310585022
2171562496.0,0.15776042640209198
2172499968.0,0.15385712683200836
2173437440.0,0.14784015715122223
2174374912.0,0.14110738039016724
2175312384.0,0.1331418752670288
2176250112.0,0.12353720515966415
2177187584.0,0.11328651010990143
2178125056.0,0.10272356867790222
2179062528.0,0.09030759334564209
2180000000.0,0.07699888199567795
2180937472.0,0.06359026581048965
2181874944.0,0.050048504024744034
2182812416.0,0.036413371562957764
2183749888.0,0.023630240932106972
2184687616.0,0.009763837791979313
2185625088.0,-0.003954988904297352
2186562560.0,-0.016341648995876312
2187500032.0,-0.02976032719016075
2188437504.0,-0.041362252086400986
2189374976.0,-0.052867475897073746
2190312448.0,-0.06332135200500488
2191249920.0,-0.07381413877010345
2192187392.0,-0.08243263512849808
2193125120.0,-0.09007319062948227
2194062592.0,-0.09645924717187881
2195000064.0,-0.10251279920339584
2195937536.0,-0.10864289849996567
2196875008.0,-0.11262593418359756
2197812480.0,-0.11636734008789062
2198749952.0,-0.11872471123933792
2199687424.0,-0.12115811556577682
2200624896.0,-0.12133350968360901
2201562624.0,-0.12078622728586197
2202500096.0,-0.11991776525974274
2203437568.0,-0.11855646967887878
2204375040.0,-0.11592964082956314
2205312512.0,-0.11337653547525406
2206249984.0,-0.10970036685466766
2207187456.0,-0.1067926362156868
2208124928.0,-0.10221170634031296
2209062400.0,-0.09733888506889343
2209999872.0,-0.09192538261413574
2210937600.0,-0.0866280198097229
2211875072.0,-0.08025027066469193
2212812544.0,-0.07338367402553558
2213750016.0,-0.06662043929100037
2214687488.0,-0.058377381414175034
2215624960.0,-0.04935726150870323
2216562432.0,-0.04233153909444809
2217499904.0,-0.03387865796685219
2218437376.0,-0.025796333327889442
2219375104.0,-0.017890138551592827
2220312576.0,-0.008833521977066994
2221250048.0,0.0004770336381625384
2222187520.0,0.009528454393148422
2223124992.0,0.019628480076789856
2224062464.0,0.029835131019353867
2224999936.0,0.04016688093543053
2225937408.0,0.050512611865997314
2226874880.0,0.0605592355132103
2227812608.0,0.07084667682647705
2228750080.0,0.0773223266005516
2229687552.0,0.08570101857185364
2230625024.0,0.09287057816982269
2231562496.0,0.10134032368659973
2232499968.0,0.10791552811861038
2233437440.0,0.11429893225431442
2234374912.0,0.11850462853908539
2235312384.0,0.12270549684762955
2236250112.0,0.12372368574142456
2237187584.0,0.12400227040052414
2238125056.0,0.121272973716259
2239062528.0,0.11846154928207397
2240000000.0,0.11330275237560272
2240937472.0,0.10690291225910187
2241874944.0,0.09904202073812485
2242812416.0,0.09042174369096756
2243749888.0,0.08057461678981781
2244687616.0,0.06875291466712952
2245625088.0,0.056926269084215164
2246562560.0,0.04349192604422569
2247500032.0,0.029324403032660484
2248437504.0,0.01366894505918026
2249374976.0,-0.0011721024056896567
2250312448.0,-0.01795099675655365
2251249920.0,-0.034569382667541504
2252187392.0,-0.05218177288770676
2253125120.0,-0.07058601826429367
2254062592.0,-0.09005232900381088
2255000064.0,-0.10884855687618256
2255937536.0,-0.12815779447555542
2256875008.0,-0.14807793498039246
2257812480.0,-0.16797561943531036
2258749952.0,-0.18663977086544037
2259687424.0,-0.2061765193939209
2260624896.0,-0.22567908465862274
2261562624.0,-0.24353131651878357
2262500096.0,-0.26026809215545654
2263437568.0,-0.2771029472351074
2264375040.0,-0.2932276129722595
2265312512.0,-0.30727332830429077
2266249984.0,-0.3203693628311157
2267187456.0,-0.33286193013191223
2268124928.0,-0.3439559042453766
2269062400.0,-0.3514396548271179
2270000128.0,-0.359199196100235
2270937600.0,-0.36525169014930725
2271875072.0,-0.36945465207099915
2272812544.0,-0.37218502163887024
2273750016.0,-0.373276025056839
2274687488.0,-0.37360188364982605
2275624960.0,-0.3717415928840637
2276562432.0,-0.36916178464889526
2277499904.0,-0.3650910556316376
2278437376.0,-0.3598859906196594
2279375104.0,-0.3523309528827667
2280312576.0,-0.34441059827804565
2281250048.0,-0.33554279804229736
2282187520.0,-0.3267180025577545
2283124992.0,-0.31680792570114136
2284062464.0,-0.3063066303730011
2284999936.0,-0.2947629988193512
2285937408.0,-0.2843514680862427
2286874880.0,-0.2737015187740326
2287812608.0,-0.26536545157432556
2288750080.0,-0.27853235602378845
2289687552.0,-0.2821834087371826
2290625024.0,-0.2858676612377167
2291562496.0,-0.2883228659629822
2292499968.0,-0.29111531376838684
2293437440.0,-0.2961040735244751
2294374912.0,-0.3000614047050476
2295312384.0,-0.3042791187763214
2296250112.0,-0.3119085729122162
2297187584.0,-0.31952741742134094
2298125056.0,-0.3283582925796509
2299062528.0,-0.3380104601383209
2300000000.0,-0.34991928935050964
2300937472.0,-0.36356785893440247
2301874944.0,-0.37863075733184814
2302812416.0,-0.3967297375202179
2303749888.0,-0.41626378893852234
2304687616.0,-0.43838128447532654
2305625088.0,-0.4625908136367798
2306562560.0,-0.4901536703109741
2307500032.0,-0.519290030002594
2308437504.0,-0.552116870880127
2309374976.0,-0.5832339525222778
2310312448.0,-0.6090741157531738
2311249920.0,-0.6369191408157349
2312187392.0,-0.6661629676818848
2313125120.0,-0.6960338950157166
2314062592.0,-0.7286633849143982
2315000064.0,-0.7605670690536499
2315937536.0,-0.7946617603302002
2316875008.0,-0.8301647901535034
2317812480.0,-0.8643389940261841
2318749952.0,-0.8997349143028259
2319687424.0,-0.9353097677230835
2320624896.0,-0.9691575765609741
2321562624.0,-1.0023618936538696
2322500096.0,-1.0336626768112183
2323437568.0,-1.0626111030578613
2324375040.0,-1.090301275253296
2325312512.0,-1.1157928705215454
2326249984.0,-1.1404718160629272
2327187456.0,-1.162987470626831
2328124928.0,-1.1840368509292603
2329062400.0,-1.201064109802246
2329999872.0,-1.217368483543396
2330937600.0,-1.230758786201477
2331875072.0,-1.241649866104126
2332812544.0,-1.249304175376892
2333750016.0,-1.2533631324768066
2334687488.0,-1.255051612854004
2335624960.0,-1.2565429210662842
2336562432.0,-1.2552341222763062
2337499904.0,-1.2516599893569946
2338437376.0,-1.2447811365127563
2339375104.0,-1.2381975650787354
2340312576.0,-1.228327751159668
2341250048.0,-1.2167261838912964
2342187520.0,-1.205060362815857
2343124992.0,-1.1910192966461182
2344062464.0,-1.1764801740646362
2344999936.0,-1.1610662937164307
2345937408.0,-1.1464576721191406
2346874880.0,-1.131985068321228
2347812608.0,-1.1164695024490356
2348750080.0,-1.087425708770752
2349687552.0,-1.0772191286087036
2350625024.0,-1.068184733390808
2351562496.0,-1.058142066001892
2352499968.0,-1.0490784645080566
2353437440.0,-1.0399802923202515
2354374912.0,-1.0320614576339722
2355312384.0,-1.0256366729736328
2356250112.0,-1.0182733535766602
2357187584.0,-1.0128923654556274
2358125056.0,-1.0074719190597534
2359062528.0,-1.0047922134399414
2360000000.0,-1.002506136894226
2360937472.0,-1.0020698308944702
2361874944.0,-1.00266695022583
2362812416.0,-1.0047836303710938
2363749888.0,-1.007887840270996
2364687616.0,-1.0140591859817505
2365625088.0,-1.0194933414459229
2366562560.0,-1.027370572090149
2367500032.0,-1.0361073017120361
2368437504.0,-1.0452651977539062
2369374976.0,-1.0539799928665161
2370312448.0,-1.0645718574523926
2371249920.0,-1.0728493928909302
2372187392.0,-1.0815900564193726
2373125120.0,-1.0894478559494019
2374062592.0,-1.0944137573242188
2375000064.0,-1.0987696647644043
2375937536.0,-1.100511908531189
2376875008.0,-1.0979799032211304
2377812480.0,-1.0931837558746338
2378749952.0,-1.0851324796676636
2379687424.0,-1.074034571647644
2380624896.0,-1.0591694116592407
2381562624.0,-1.0417343378067017
2382500096.0,-1.0213655233383179
2383437568.0,-0.9974074959754944
2384375040.0,-0.9718382954597473
2385312512.0,-0.9419569969177246
2386249984.0,-0.910976231098175
2387187456.0,-0.8777255415916443
2388124928.0,-0.8429915308952332
2389062400.0,-0.807471513748169
2390000128.0,-0.7720334529876709
2390937600.0,-0.7365169525146484
2391875072.0,-0.7001955509185791
2392812544.0,-0.6643211245536804
2393750016.0,-0.6283472180366516
2394687488.0,-0.5947953462600708
2395624960.0,-0.5605279207229614
2396562432.0,-0.5283615589141846
2397499904.0,-0.4964057505130768
2398437376.0,-0.4670647382736206
2399375104.0,-0.4371357560157776
2400312576.0,-0.4082176089286804
2401250048.0,-0.38068893551826477
2402187520.0,-0.35323965549468994
2403124992.0,-0.3269386887550354
2404062464.0,-0.30154576897621155
2404999936.0,-0.2772913873195648
2405937408.0,-0.2527771294116974
2406874880.0,-0.22899088263511658
2407812608.0,-0.20606113970279694
2408750080.0,-0.13239045441150665
2409687552.0,-0.1102692261338234
2410625024.0,-0.08809103816747665
2411562496.0,-0.06788462400436401
2412499968.0,-0.050438813865184784
2413437440.0,-0.03487957641482353
2414374912.0,-0.020410902798175812
2415312384.0,-0.008854992687702179
2416250112.0,-0.0007313002715818584
2417187584.0,0.004821484908461571
2418125056.0,0.0062992749735713005
2419062528.0,0.00577965984120965
2420000000.0,0.0002525314048398286
2420937472.0,-0.008356907404959202
2421874944.0,-0.01881130039691925
2422812416.0,-0.033619776368141174
2423749888.0,-0.05107543617486954
2424687616.0,-0.07149681448936462
2425625088.0,-0.09464898705482483
2426562560.0,-0.11899431049823761
2427500032.0,-0.1466810405254364
2428437504.0,-0.17466206848621368
2429374976.0,-0.20404380559921265
2430312448.0,-0.23405037820339203
2431249920.0,-0.2641882598400116
2432187392.0,-0.293546587228775
2433125120.0,-0.32182782888412476
2434062592.0,-0.3487381637096405
2435000064.0,-0.3730340600013733
2435937536.0,-0.39728009700775146
2436875008.0,-0.4166511297225952
2437812480.0,-0.433137446641922
2438749952.0,-0.4474262595176697
2439687424.0,-0.4574907720088959
2440624896.0,-0.4641345739364624
2441562624.0,-0.4681883752346039
2442500096.0,-0.46770408749580383
2443437568.0,-0.46341630816459656
2444375040.0,-0.4549729526042938
2445312512.0,-0.44381165504455566
2446249984.0,-0.4291103184223175
2447187456.0,-0.411014199256897
2448124928.0,-0.39040592312812805
2449062400.0,-0.36736348271369934
2449999872.0,-0.34100577235221863
2450937600.0,-0.31372156739234924
2451875072.0,-0.2838003933429718
2452812544.0,-0.2537629008293152
2453750016.0,-0.2219388484954834
2454687488.0,-0.18895114958286285
2455624960.0,-0.15484662353992462
2456562432.0,-0.12202920019626617
2457499904.0,-0.08910691738128662
2458437376.0,-0.05581960827112198
2459375104.0,-0.023597290739417076
2460312576.0,0.007462191861122847
2461250048.0,0.038080476224422455
2462187520.0,0.06686336547136307
2463124992.0,0.09581032395362854
2464062464.0,0.12269340455532074
2464999936.0,0.1480654776096344
2465937408.0,0.17310123145580292
2466874880.0,0.19600330293178558
2467812608.0,0.21733349561691284
2468750080.0,0.1303960531949997
2469687552.0,0.14435899257659912
2470625024.0,0.15999571979045868
2471562496.0,0.1728547066450119
2472499968.0,0.18451711535453796
2473437440.0,0.1938820630311966
2474374912.0,0.20281438529491425
2475312384.0,0.20868630707263947
2476250112.0,0.21288052201271057
2477187584.0,0.21450690925121307
2478125056.0,0.21469129621982574
2479062528.0,0.21287600696086884
2480000000.0,0.20970918238162994
2480937472.0,0.20403540134429932
2481874944.0,0.19596149027347565
2482812416.0,0.1859664022922516
2483749888.0,0.17449504137039185
2484687616.0,0.16297851502895355
2485625088.0,0.14858058094978333
2486562560.0,0.1320294737815857
2487500032.0,0.11424260586500168
2488437504.0,0.09532543271780014
2489374976.0,0.07593777775764465
2490312448.0,0.05584415793418884
2491249920.0,0.034907273948192596
2492187392.0,0.01438512746244669
2493125120.0,-0.006651181261986494
2494062592.0,-0.028112268075346947
2495000064.0,-0.047401707619428635
2495937536.0,-0.06770657747983932
2496875008.0,-0.08620720356702805
2497812480.0,-0.10386335104703903
2498749952.0,-0.12155187129974365
2499687424.0,-0.13653571903705597
2500624896.0,-0.14985136687755585
2501562624.0,-0.16189497709274292
2502500096.0,-0.1721457988023758
2503437568.0,-0.18099074065685272
2504375040.0,-0.1873292177915573
2505312512.0,-0.19210752844810486
2506249984.0,-0.194195955991745
2507187456.0,-0.19434279203414917
2508124928.0,-0.1929698884487152
2509062400.0,-0.1902523785829544
2510000128.0,-0.1847040355205536
2510937600.0,-0.17759817838668823
2511875072.0,-0.1675538420677185
2512812544.0,-0.15736842155456543
2513750016.0,-0.14520102739334106
2514687488.0,-0.1304590106010437
2515624960.0,-0.11528506129980087
2516562432.0,-0.09923923760652542
2517499904.0,-0.08244773000478745
2518437376.0,-0.06356756389141083
2519375104.0,-0.04624353349208832
2520312576.0,-0.026814324781298637
2521250048.0,-0.007275213487446308
2522187520.0,0.011829112656414509
2523124992.0,0.030674558132886887
2524062464.0,0.04974685609340668
2524999936.0,0.06811396032571793
2525937408.0,0.084579236805439
2526874880.0,0.10239073634147644
2527812608.0,0.11868368089199066
2528750080.0,0.17024186253547668
2529687552.0,0.1759641319513321
2530625024.0,0.1811252236366272
2531562496.0,0.18594013154506683
2532499968.0,0.18900661170482635
2533437440.0,0.19054552912712097
2534374912.0,0.19264410436153412
2535312384.0,0.19196820259094238
2536250112.0,0.19144921004772186
2537187584.0,0.18995220959186554
2538125056.0,0.1872124820947647
2539062528.0,0.18406462669372559
2540000000.0,0.17874158918857574
2540937472.0,0.1744285672903061
2541874944.0,0.16746997833251953
2542812416.0,0.1590724140405655
2543749888.0,0.15014679729938507
2544687616.0,0.13990633189678192
2545625088.0,0.1283220797777176
2546562560.0,0.11664589494466782
2547500032.0,0.10351602733135223
2548437504.0,0.08965741842985153
2549374976.0,0.07574102282524109
2550312448.0,0.05970798060297966
2551249920.0,0.043983735144138336
2552187392.0,0.02788647450506687
2553125120.0,0.012100369669497013
2554062592.0,-0.004865244962275028
2555000064.0,-0.020774327218532562
2555937536.0,-0.0370752215385437
2556875008.0,-0.052617091685533524
2557812480.0,-0.06596331298351288
2558749952.0,-0.08027320355176926
2559687424.0,-0.09216579049825668
2560624896.0,-0.10332540422677994
2561562624.0,-0.11397892981767654
2562500096.0,-0.1221190020442009
2563437568.0,-0.12914860248565674
2564375040.0,-0.13378749787807465
2565312512.0,-0.13713395595550537
2566249984.0,-0.13848420977592468
2567187456.0,-0.13761521875858307
2568124928.0,-0.1353248506784439
2569062400.0,-0.13034337759017944
2569999872.0,-0.12439810484647751
2570937600.0,-0.11587344110012054
2571875072.0,-0.10513850301504135
2572812544.0,-0.09313643723726273
2573750016.0,-0.080069400370121
2574687488.0,-0.06461787968873978
2575624960.0,-0.04818762093782425
2576562432.0,-0.030417591333389282
2577499904.0,-0.012152113020420074
2578437376.0,0.0071284654550254345
2579375104.0,0.026842068880796432
2580312576.0,0.04717741161584854
2581250048.0,0.06776417791843414
2582187520.0,0.08782880008220673
2583124992.0,0.1077599748969078
2584062464.0,0.1258709728717804
2584999936.0,0.14393489062786102
2585937408.0,0.1608717143535614
2586874880.0,0.17669641971588135
2587812608.0,0.18967027962207794
2588750080.0,0.21451616287231445
2589687552.0,0.22194384038448334
2590625024.0,0.22676078975200653
2591562496.0,0.23119936883449554
2592499968.0,0.2311805933713913
2593437440.0,0.23042355477809906
2594374912.0,0.2260672152042389
2595312384.0,0.22046425938606262
2596250112.0,0.21315813064575195
2597187584.0,0.20299039781093597
2598125056.0,0.19102109968662262
2599062528.0,0.17844034731388092
2600000000.0,0.16403166949748993
2600937472.0,0.14819031953811646
2601874944.0,0.132182776927948
2602812416.0,0.11519341915845871
2603749888.0,0.09810405224561691
2604687616.0,0.08146358281373978
2605625088.0,0.06453168392181396
2606562560.0,0.04767530784010887
2607500032.0,0.03028961643576622
2608437504.0,0.0136331208050251
2609374976.0,-0.0012186358217149973
2610312448.0,-0.015677543357014656
2611249920.0,-0.029237573966383934
2612187392.0,-0.04195433109998703
2613125120.0,-0.052550312131643295
2614062592.0,-0.06314472109079361
2615000064.0,-0.07148408889770508
2615937536.0,-0.07865188270807266
2616875008.0,-0.08631671220064163
2617812480.0,-0.09080351144075394
2618749952.0,-0.09453365951776505
2619687424.0,-0.09737950563430786
2620624896.0,-0.0989350900053978
2621562624.0,-0.10053210705518723
2622500096.0,-0.10062998533248901
2623437568.0,-0.10010553151369095
2624375040.0,-0.09767232090234756
2625312512.0,-0.09528352320194244
2626249984.0,-0.09250015020370483
2627187456.0,-0.08868043124675751
2628124928.0,-0.0841788798570633
2629062400.0,-0.07935498654842377
2630000128.0,-0.07310952991247177
2630937600.0,-0.06669491529464722
2631875072.0,-0.059525016695261
2632812544.0,-0.05130240321159363
2633750016.0,-0.042469434440135956
2634687488.0,-0.03388546034693718
2635624960.0,-0.023863626644015312
2636562432.0,-0.012481392361223698
2637499904.0,-0.0020367675460875034
2638437376.0,0.010152666829526424
2639375104.0,0.023708399385213852
2640312576.0,0.03736133873462677
2641250048.0,0.05166473984718323
2642187520.0,0.06689365208148956
2643124992.0,0.08265410363674164
2644062464.0,0.09966068714857101
2644999936.0,0.11531472951173782
2645937408.0,0.13164347410202026
2646874880.0,0.14899002015590668
2647812608.0,0.22525396943092346
2648750080.0,0.23516282439231873
2649687552.0,0.24495826661586761
2650625024.0,0.2534624934196472
2651562496.0,0.25837159156799316
2652499968.0,0.2613995373249054
2653437440.0,0.26259732246398926
2654374912.0,0.2603623867034912
2655312384.0,0.2556341588497162
2656250112.0,0.2476804107427597
2657187584.0,0.21038247644901276
2658125056.0,0.19307346642017365
2659062528.0,0.17320869863033295
2660000000.0,0.15101341903209686
2660937472.0,0.1258314847946167
2661874944.0,0.10030295699834824
2662812416.0,0.07214361429214478
2663749888.0,0.04381497949361801
2664687616.0,0.0149806197732687
2665625088.0,-0.015218501910567284
2666562560.0,-0.04493702948093414
2667500032.0,-0.07344730198383331
2668437504.0,-0.10170795023441315
2669374976.0,-0.12763425707817078
2670312448.0,-0.15330398082733154
2671249920.0,-0.17492923140525818
2672187392.0,-0.19426849484443665
2673125120.0,-0.21119388937950134
2674062592.0,-0.2260904163122177
2675000064.0,-0.23707446455955505
2675937536.0,-0.24602647125720978
2676875008.0,-0.25141552090644836
2677812480.0,-0.25352227687835693
2678749952.0,-0.253461629152298
2679687424.0,-0.24964183568954468
2680624896.0,-0.24409297108650208
2681562624.0,-0.23607927560806274
2682500096.0,-0.22437714040279388
2683437568.0,-0.213575080037117
2684375040.0,-0.19740420579910278
2685312512.0,-0.1816653460264206
2686249984.0,-0.16463826596736908
2687187456.0,-0.14587128162384033
2688124928.0,-0.12651321291923523
2689062400.0,-0.10771199315786362
2689999872.0,-0.0877750888466835
2690937600.0,-0.06809964776039124
2691875072.0,-0.04713216423988342
2692812544.0,-0.028282530605793
2693750016.0,-0.009400117211043835
2694687488.0,0.010762473568320274
2695624960.0,0.02956436574459076
2696562432.0,0.04792048782110214
2697499904.0,0.06640801578760147
2698437376.0,0.08354461193084717
2699375104.0,0.10195659846067429
2700312576.0,0.11868645250797272
2701250048.0,0.13509511947631836
2702187520.0,0.15163861215114594
2703124992.0,0.16676568984985352
2704062464.0,0.18191637098789215
2704999936.0,0.1967018097639084
2705937408.0,0.21119222044944763
2706874880.0,0.22500503063201904
2707812608.0,0.19667014479637146
2708750080.0,0.20299063622951508
2709687552.0,0.20901931822299957
2710625024.0,0.21272622048854828
2711562496.0,0.2163609117269516
2712499968.0,0.21722392737865448
2713437440.0,0.21742622554302216
2714374912.0,0.21596749126911163
2715312384.0,0.21327468752861023
2716250112.0,0.2083100825548172
2717187584.0,0.20308619737625122
2718125056.0,0.19650569558143616
2719062528.0,0.18830449879169464
2720000000.0,0.17863072454929352
2720937472.0,0.1665213704109192
2721874944.0,0.15428216755390167
2722812416.0,0.14055907726287842
2723749888.0,0.12535397708415985
2724687616.0,0.11011692881584167
2725625088.0,0.09334313124418259
2726562560.0,0.07594795525074005
2727500032.0,0.058037299662828445
2728437504.0,0.039367493242025375
2729374976.0,0.02138081006705761
2730312448.0,0.0018323162803426385
2731249920.0,-0.01659379154443741
2732187392.0,-0.03562482073903084
2733125120.0,-0.053544290363788605
2734062592.0,-0.07138734310865402
2735000064.0,-0.08861062675714493
2735937536.0,-0.10402631014585495
2736875008.0,-0.11818503588438034
2737812480.0,-0.13225464522838593
2738749952.0,-0.1448274403810501
2739687424.0,-0.15639719367027283
2740624896.0,-0.16558897495269775
2741562624.0,-0.1725291907787323
2742500096.0,-0.17903240025043488
2743437568.0,-0.18364490568637848
2744375040.0,-0.18725384771823883
2745312512.0,-0.1872553527355194
2746249984.0,-0.18609243631362915
2747187456.0,-0.18313626945018768
2748124928.0,-0.17825204133987427
2749062400.0,-0.17224064469337463
2750000128.0,-0.1633606255054474
2750937600.0,-0.15413030982017517
2751875072.0,-0.1426381766796112
2752812544.0,-0.1301194280385971
2753750016.0,-0.115939199924469
2754687488.0,-0.10022478550672531
2755624960.0,-0.0846085473895073
2756562432.0,-0.06670407205820084
2757499904.0,-0.049213625490665436
2758437376.0,-0.030867010354995728
2759375104.0,-0.011616293340921402
2760312576.0,0.007233231328427792
2761250048.0,0.026083724573254585
2762187520.0,0.04522613063454628
2763124992.0,0.06333757191896439
2764062464.0,0.08078000694513321
2764999936.0,0.09738010913133621
2765937408.0,0.11357586085796356
2766874880.0,0.12801210582256317
2767812608.0,0.18595024943351746
2768750080.0,0.18383963406085968
2769687552.0,0.18299563229084015
2770625024.0,0.18164072930812836
2771562496.0,0.1774298995733261
2772499968.0,0.172623410820961
2773437440.0,0.16818563640117645
2774374912.0,0.16156814992427826
2775312384.0,0.15417739748954773
2776250112.0,0.1466405689716339
2777187584.0,0.13860104978084564
2778125056.0,0.12925350666046143
2779062528.0,0.11895918846130371
2780000000.0,0.10899025946855545
2780937472.0,0.09870865941047668
2781874944.0,0.08702128380537033
2782812416.0,0.07539094984531403
2783749888.0,0.06312709301710129
2784687616.0,0.04993018880486488
2785625088.0,0.037407178431749344
2786562560.0,0.025223596021533012
2787500032.0,0.01284426636993885
2788437504.0,0.00015507749048992991
2789374976.0,-0.013059606775641441
2790312448.0,-0.025185082107782364
2791249920.0,-0.0371643528342247
2792187392.0,-0.04871378839015961
2793125120.0,-0.060230329632759094
2794062592.0,-0.07054935395717621
2795000064.0,-0.07983885705471039
2795937536.0,-0.08823550492525101
2796875008.0,-0.0959179699420929
2797812480.0,-0.10247238725423813
2798749952.0,-0.10750462859869003
2799687424.0,-0.11124195903539658
2800624896.0,-0.11288797110319138
2801562624.0,-0.11400695145130157
2802500096.0,-0.11330606043338776
2803437568.0,-0.11152832210063934
2804375040.0,-0.10731949657201767
2805312512.0,-0.10241146385669708
2806249984.0,-0.09470375627279282
2807187456.0,-0.08825374394655228
2808124928.0,-0.0777650848031044
2809062400.0,-0.06768164038658142
2809999872.0,-0.055490776896476746
2810937600.0,-0.04207722097635269
2811875072.0,-0.027435243129730225
2812812544.0,-0.011955779045820236
2813750016.0,0.0028608001302927732
2814687488.0,0.020320909097790718
2815624960.0,0.03607457876205444
2816562432.0,0.05387376993894577
2817499904.0,0.07214925438165665
2818437376.0,0.08866629004478455
2819375104.0,0.10562420636415482
2820312576.0,0.12191396206617355
2821250048.0,0.13693463802337646
2822187520.0,0.15214015543460846
2823124992.0,0.16555224359035492
2824062464.0,0.17623630166053772
2824999936.0,0.1869184374809265
2825937408.0,0.19564969837665558
2826874880.0,0.20332171022891998
2827812608.0,0.21655207872390747
2828750080.0,0.21856069564819336
2829687552.0,0.21713711321353912
2830625024.0,0.21487265825271606
2831562496.0,0.21026746928691864
2832499968.0,0.20134156942367554
2833437440.0,0.19117875397205353
2834374912.0,0.17941813170909882
2835312384.0,0.16539497673511505
2836250112.0,0.14905619621276855
2837187584.0,0.1323426365852356
2838125056.0,0.11382361501455307
2839062528.0,0.09451508522033691
2840000000.0,0.07460425049066544
2840937472.0,0.0547652542591095
2841874944.0,0.03442545607686043
2842812416.0,0.015124130062758923
2843749888.0,-0.0034936729352921247
2844687616.0,-0.021535273641347885
2845625088.0,-0.03926128149032593
2846562560.0,-0.05490410327911377
2847500032.0,-0.06950078159570694
2848437504.0,-0.08233583718538284
2849374976.0,-0.09287747740745544
2850312448.0,-0.1032329574227333
2851249920.0,-0.11063941568136215
2852187392.0,-0.11661165952682495
2853125120.0,-0.12099842727184296
2854062592.0,-0.12327443063259125
2855000064.0,-0.12404028326272964
2855937536.0,-0.12227452546358109
2856875008.0,-0.1194678246974945
2857812480.0,-0.11556879431009293
2858749952.0,-0.10965771228075027
2859687424.0,-0.10232795774936676
2860624896.0,-0.09521393477916718
2861562624.0,-0.08539793640375137
2862500096.0,-0.07646968960762024
2863437568.0,-0.06570889055728912
2864375040.0,-0.05416174605488777
2865312512.0,-0.043095920234918594
2866249984.0,-0.029787350445985794
2867187456.0,-0.017644306644797325
2868124928.0,-0.004072985611855984
2869062400.0,0.008072799071669579
2870000128.0,0.021853938698768616
2870937600.0,0.03354805335402489
2871875072.0,0.04710278660058975
2872812544.0,0.060081277042627335
2873750016.0,0.07248663157224655
2874687488.0,0.08531782776117325
2875624960.0,0.09791817516088486
2876562432.0,0.10989531129598618
2877499904.0,0.12065675854682922
2878437376.0,0.1312182992696762
2879375104.0,0.141466423869133
2880312576.0,0.15215465426445007
2881250048.0,0.16114479303359985
2882187520.0,0.16926229000091553
2883124992.0,0.17688612639904022
2884062464.0,0.1840381920337677
2884999936.0,0.1896325945854187
2885937408.0,0.1945703625679016
2886874880.0,0.19794726371765137
2887812608.0,0.20117291808128357
2888750080.0,0.20263493061065674
2889687552.0,0.20365719497203827
2890625024.0,0.20226141810417175
2891562496.0,0.19991010427474976
2892499968.0,0.1956608146429062
2893437440.0,0.18957485258579254
2894374912.0,0.1815672516822815
2895312384.0,0.1720653474330902
2896250112.0,0.15999992191791534
2897187584.0,0.14707686007022858
2898125056.0,0.1336696445941925
2899062528.0,0.11811770498752594
2900000000.0,0.10144611448049545
2900937472.0,0.08364129811525345
2901874944.0,0.06541784852743149
2902812416.0,0.04647757112979889
2903749888.0,0.026774626225233078
2904687616.0,0.00812290608882904
2905625088.0,-0.010970552451908588
2906562560.0,-0.030176319181919098
2907500032.0,-0.04782271385192871
2908437504.0,-0.06587087363004684
2909374976.0,-0.08088382333517075
2910312448.0,-0.09545887261629105
2911249920.0,-0.10988251119852066
2912187392.0,-0.1212749257683754
2913125120.0,-0.13175298273563385
2914062592.0,-0.14034929871559143
2915000064.0,-0.14673233032226562
2915937536.0,-0.15088149905204773
2916875008.0,-0.15353721380233765
2917812480.0,-0.15295301377773285
2918749952.0,-0.15067586302757263
2919687424.0,-0.14641888439655304
2920624896.0,-0.13990822434425354
2921562624.0,-0.1320248693227768
2922500096.0,-0.1214047223329544
2923437568.0,-0.11015504598617554
2924375040.0,-0.09709610044956207
2925312512.0,-0.0824635773897171
2926249984.0,-0.06639435142278671
2927187456.0,-0.05111124366521835
2928124928.0,-0.033599723130464554
2929062400.0,-0.0163101889193058
2929999872.0,0.0021775970235466957
2930937600.0,0.019740430638194084
2931875072.0,0.03769399970769882
2932812544.0,0.054664887487888336
2933750016.0,0.07101396471261978
2934687488.0,0.08624133467674255
2935624960.0,0.10136764496564865
2936562432.0,0.11480260640382767
2937499904.0,0.1274402141571045
2938437376.0,0.13778141140937805
2939375104.0,0.14730983972549438
2940312576.0,0.1561596393585205
2941250048.0,0.1621304154396057
2942187520.0,0.16675588488578796
2943124992.0,0.17074133455753326
2944062464.0,0.1735638678073883
2944999936.0,0.17409810423851013
2945937408.0,0.1735408753156662
2946874880.0,0.17315873503684998
2947812608.0,0.1679147183895111
2948750080.0,0.1664484590291977
2949687552.0,0.16461069881916046
2950625024.0,0.16154834628105164
2951562496.0,0.15673620998859406
2952499968.0,0.1510014832019806
2953437440.0,0.14556844532489777
2954374912.0,0.13937978446483612
2955312384.0,0.1310146003961563
2956250112.0,0.12318345159292221
2957187584.0,0.11378438025712967
2958125056.0,0.10492543876171112
2959062528.0,0.09513037651777267
2960000000.0,0.08473547548055649
2960937472.0,0.0738135576248169
2961874944.0,0.06290407478809357
2962812416.0,0.05188337340950966
2963749888.0,0.03995256498456001
2964687616.0,0.02890484593808651
2965625088.0,0.01823885180056095
2966562560.0,0.0058983308263123035
2967500032.0,-0.005290324799716473
2968437504.0,-0.016504839062690735
2969374976.0,-0.02711753360927105
2970312448.0,-0.03797788545489311
2971249920.0,-0.04733843728899956
2972187392.0,-0.056375499814748764
2973125120.0,-0.06588197499513626
2974062592.0,-0.07432439923286438
2975000064.0,-0.08068624138832092
2975937536.0,-0.08589104562997818
2976875008.0,-0.09111462533473969
2977812480.0,-0.09517141431570053
2978749952.0,-0.09851052612066269
2979687424.0,-0.10098492354154587
2980624896.0,-0.1017211303114891
2981562624.0,-0.10135403275489807
2982500096.0,-0.09972995519638062
2983437568.0,-0.09741874784231186
2984375040.0,-0.09408466517925262
2985312512.0,-0.089654341340065
2986249984.0,-0.08535091578960419
2987187456.0,-0.07892417907714844
2988124928.0,-0.07201036810874939
2989062400.0,-0.06481241434812546
2990000128.0,-0.0573333315551281
2990937600.0,-0.05009671300649643
2991875072.0,-0.04098871722817421
2992812544.0,-0.03314714878797531
2993750016.0,-0.02403256855905056
2994687488.0,-0.014793112874031067
2995624960.0,-0.006810422521084547
2996562432.0,0.000322835985571146
2997499904.0,0.008220494724810123
2998437376.0,0.014738967642188072
2999375104.0,0.021701350808143616
3000312576.0,0.025153156369924545
3001250048.0,0.028997022658586502
3002187520.0,0.03278571367263794
3003124992.0,0.035031482577323914
3004062464.0,0.036441151052713394
3004999936.0,0.03756120428442955
3005937408.0,0.03632468730211258
3006874880.0,0.03430593013763428
3007812608.0,0.029851825907826424
3008750080.0,0.0269680917263031
3009687552.0,0.02238745056092739
3010625024.0,0.018777793273329735
3011562496.0,0.014581155963242054
3012499968.0,0.008551698178052902
3013437440.0,0.004152396693825722
3014374912.0,-0.00036514364182949066
3015312384.0,-0.005112673621624708
3016250112.0,-0.009383673779666424
3017187584.0,-0.015883754938840866
3018125056.0,-0.020736243575811386
3019062528.0,-0.025239458307623863
3020000000.0,-0.031122518703341484
3020937472.0,-0.03641896694898605
3021874944.0,-0.04035760462284088
3022812416.0,-0.04519108682870865
3023749888.0,-0.0499572828412056
3024687616.0,-0.054757680743932724
3025625088.0,-0.05835632234811783
3026562560.0,-0.06331881135702133
3027500032.0,-0.06828220188617706
3028437504.0,-0.07188913226127625
3029374976.0,-0.07606615126132965
3030312448.0,-0.08004153519868851
3031249920.0,-0.08411691337823868
3032187392.0,-0.08695043623447418
3033125120.0,-0.09047514945268631
3034062592.0,-0.09311434626579285
3035000064.0,-0.0953524187207222
3035937536.0,-0.09741965681314468
3036875008.0,-0.09907010942697525
3037812480.0,-0.10057197511196136
3038749952.0,-0.10152127593755722
3039687424.0,-0.10231799632310867
3040624896.0,-0.10212800651788712
3041562624.0,-0.1021324023604393
3042500096.0,-0.10012995451688766
3043437568.0,-0.09815703332424164
3044375040.0,-0.09610620141029358
3045312512.0,-0.0936501994729042
3046249984.0,-0.09069779515266418
3047187456.0,-0.08732427656650543
3048124928.0,-0.082536481320858
3049062400.0,-0.07859213650226593
3049999872.0,-0.07354897260665894
3050937600.0,-0.06791210919618607
3051875072.0,-0.0628398060798645
3052812544.0,-0.056310296058654785
3053750016.0,-0.05127868056297302
3054687488.0,-0.04562989994883537
3055624960.0,-0.039897870272397995
3056562432.0,-0.03331153094768524
3057499904.0,-0.028679193928837776
3058437376.0,-0.02301296778023243
3059375104.0,-0.018666338175535202
3060312576.0,-0.014123120345175266
3061250048.0,-0.009286795742809772
3062187520.0,-0.006062114145606756
3063124992.0,-0.002684555249288678
3064062464.0,2.480649072822416e-06
3064999936.0,0.0012528426013886929
3065937408.0,0.002586185932159424
3066874880.0,0.002805843250826001
3067812608.0,0.016183333471417427
3068750080.0,0.01011419203132391
3069687552.0,0.003234534990042448
3070625024.0,-0.005081867799162865
3071562496.0,-0.012156346812844276
3072499968.0,-0.02115601859986782
3073437440.0,-0.030472898855805397
3074374912.0,-0.04085187986493111
3075312384.0,-0.049553558230400085
3076250112.0,-0.059372738003730774
3077187584.0,-0.06771218031644821
3078125056.0,-0.07761847972869873
3079062528.0,-0.08764471858739853
3080000000.0,-0.09437111765146255
3080937472.0,-0.10137608647346497
3081874944.0,-0.10757976025342941
3082812416.0,-0.11330968886613846
3083749888.0,-0.11757290363311768
3084687616.0,-0.11992057412862778
3085625088.0,-0.1228591725230217
3086562560.0,-0.1234404593706131
3087500032.0,-0.1227203905582428
3088437504.0,-0.12098949402570724
3089374976.0,-0.11885913461446762
3090312448.0,-0.11547399312257767
3091249920.0,-0.11026307195425034
3092187392.0,-0.104693703353405
3093125120.0,-0.09766559302806854
3094062592.0,-0.09059008210897446
3095000064.0,-0.08289403468370438
3095937536.0,-0.07326670736074448
3096875008.0,-0.0645846575498581
3097812480.0,-0.05448710545897484
3098749952.0,-0.04527962580323219
3099687424.0,-0.035328954458236694
3100624896.0,-0.024549493566155434
3101562624.0,-0.013811549171805382
3102500096.0,-0.004175093956291676
3103437568.0,0.005707807373255491
3104375040.0,0.015604766085743904
3105312512.0,0.02465462125837803
3106249984.0,0.03396393731236458
3107187456.0,0.0428258553147316
3108124928.0,0.050683118402957916
3109062400.0,0.058853086084127426
3110000128.0,0.0655016154050827
3110937600.0,0.0719054639339447
3111875072.0,0.07812793552875519
3112812544.0,0.08295508474111557
3113750016.0,0.08855247497558594
3114687488.0,0.09279865771532059
3115624960.0,0.09721580892801285
3116562432.0,0.09970620274543762
3117499904.0,0.10281094163656235
3118437376.0,0.10658861696720123
3119375104.0,0.10850756615400314
3120312576.0,0.11096420884132385
3121250048.0,0.11304303258657455
3122187520.0,0.11459403485059738
3123124992.0,0.11664970964193344
3124062464.0,0.11795799434185028
3124999936.0,0.12001685798168182
3125937408.0,0.12081163376569748
3126874880.0,0.12086847424507141
3127812608.0,0.14175358414649963
3128750080.0,0.13770692050457
3129687552.0,0.1357351839542389
3130625024.0,0.13357040286064148
3131562496.0,0.13113264739513397
3132499968.0,0.12871016561985016
3133437440.0,0.1270243227481842
3134374912.0,0.12576647102832794
3135312384.0,0.12406082451343536
3136250112.0,0.12331663817167282
3137187584.0,0.12238020449876785
3138125056.0,0.12075832486152649
3139062528.0,0.11948871612548828
3140000000.0,0.11944475769996643
3140937472.0,0.11832248419523239
3141874944.0,0.11808736622333527
3142812416.0,0.1169700175523758
3143749888.0,0.11642076075077057
3144687616.0,0.1158842220902443
3145625088.0,0.11418289691209793
3146562560.0,0.11247821152210236
3147500032.0,0.11014918237924576
3148437504.0,0.1071961373090744
3149374976.0,0.10482707619667053
3150312448.0,0.10077018290758133
3151249920.0,0.09621181339025497
3152187392.0,0.09152878820896149
3153125120.0,0.08582963794469833
3154062592.0,0.07891981303691864
3155000064.0,0.07334739714860916
3155937536.0,0.06600239127874374
3156875008.0,0.05677824839949608
3157812480.0,0.04818738251924515
3158749952.0,0.03797771781682968
3159687424.0,0.02710278332233429
3160624896.0,0.017293602228164673
3161562624.0,0.006456779781728983
3162500096.0,-0.005338310729712248
3163437568.0,-0.017225248739123344
3164375040.0,-0.029206657782197
3165312512.0,-0.04168863222002983
3166249984.0,-0.053098175674676895
3167187456.0,-0.06409426033496857
3168124928.0,-0.07620397955179214
3169062400.0,-0.08704768121242523
3169999872.0,-0.09648822247982025
3170937600.0,-0.1069255918264389
3171875072.0,-0.11526205390691757
3172812544.0,-0.12244639545679092
3173750016.0,-0.12861943244934082
3174687488.0,-0.1343538910150528
3175624960.0,-0.13774815201759338
3176562432.0,-0.14019320905208588
3177499904.0,-0.14097192883491516
3178437376.0,-0.140507772564888
3179375104.0,-0.13791431486606598
3180312576.0,-0.13474823534488678
3181250048.0,-0.12972009181976318
3182187520.0,-0.12278826534748077
3183124992.0,-0.11482182145118713
3184062464.0,-0.10443181544542313
3184999936.0,-0.093187615275383
3185937408.0,-0.08090436458587646
3186874880.0,-0.06788871437311172
3187812608.0,0.06150181591510773
3188750080.0,0.0593782402575016
3189687552.0,0.05887209251523018
3190625024.0,0.058556389063596725
3191562496.0,0.060842469334602356
3192499968.0,0.06192382425069809
3193437440.0,0.06457006186246872
3194374912.0,0.06825106590986252
3195312384.0,0.07260351628065109
3196250112.0,0.0772160217165947
3197187584.0,0.08186950534582138
3198125056.0,0.08665156364440918
3199062528.0,0.09169825166463852
3200000000.0,0.09617917239665985
3200937472.0,0.1007101833820343
3201874944.0,0.10494291037321091
3202812416.0,0.10765264183282852
3203749888.0,0.11020231992006302
3204687616.0,0.11146174371242523
3205625088.0,0.1116679385304451
3206562560.0,0.11153405159711838
3207500032.0,0.10910941660404205
3208437504.0,0.10605640709400177
3209374976.0,0.1026085838675499
3210312448.0,0.0968136340379715
3211249920.0,0.08947298675775528
3212187392.0,0.08187755197286606
3213125120.0,0.07210011035203934
3214062592.0,0.06169211491942406
3215000064.0,0.05153174698352814
3215937536.0,0.039937589317560196
3216875008.0,0.027096576988697052
3217812480.0,0.014443736523389816
3218749952.0,0.002137833507731557
3219687424.0,-0.01111380010843277
3220624896.0,-0.023376015946269035
3221562624.0,-0.03579630330204964
3222500096.0,-0.0474376305937767
3223437568.0,-0.05927954241633415
3224375040.0,-0.07012006640434265
3225312512.0,-0.07955866307020187
3226249984.0,-0.08827045559883118
3227187456.0,-0.09479539096355438
3228124928.0,-0.10041610896587372
3229062400.0,-0.10581014305353165
3230000128.0,-0.10959159582853317
3230937600.0,-0.11248396337032318
3231875072.0,-0.11260809004306793
3232812544.0,-0.11312872171401978
3233750016.0,-0.11151115596294403
3234687488.0,-0.1086624339222908
3235624960.0,-0.10526575148105621
3236562432.0,-0.10124307125806808
3237499904.0,-0.09675464779138565
3238437376.0,-0.09181457757949829
3239375104.0,-0.08642066270112991
3240312576.0,-0.08176902681589127
3241250048.0,-0.07719719409942627
3242187520.0,-0.072576604783535
3243124992.0,-0.06900852173566818
3244062464.0,-0.0652780830860138
3244999936.0,-0.062095336616039276
3245937408.0,-0.06153736263513565
3246874880.0,-0.060941826552152634
3247812608.0,-0.05352890118956566
3248750080.0,-0.056663673371076584
3249687552.0,-0.06043972074985504
3250625024.0,-0.06467799097299576
3251562496.0,-0.06789960712194443
3252499968.0,-0.07053803652524948
3253437440.0,-0.07160242646932602
3254374912.0,-0.07345067709684372
3255312384.0,-0.07260844856500626
3256250112.0,-0.07183446735143661
3257187584.0,-0.06986460834741592
3258125056.0,-0.06586609780788422
3259062528.0,-0.0609683059155941
3260000000.0,-0.05463526025414467
3260937472.0,-0.04872021824121475
3261874944.0,-0.04171935096383095
3262812416.0,-0.033563192933797836
3263749888.0,-0.025323491543531418
3264687616.0,-0.016369936987757683
3265625088.0,-0.007909036241471767
3266562560.0,-0.00022214492491912097
3267500032.0,0.0068752034567296505
3268437504.0,0.013716288842260838
3269374976.0,0.0188967976719141
3270312448.0,0.023860905319452286
3271249920.0,0.027011962607502937
3272187392.0,0.028526905924081802
3273125120.0,0.02984783798456192
3274062592.0,0.028756033629179
3275000064.0,0.02824590727686882
3275937536.0,0.026203474029898643
3276875008.0,0.024959733709692955
3277812480.0,0.021868333220481873
3278749952.0,0.020731650292873383
3279687424.0,0.018161123618483543
3280624896.0,0.01661083474755287
3281562624.0,0.015141243115067482
3282500096.0,0.01541243214160204
3283437568.0,0.015837479382753372
3284375040.0,0.015777360647916794
3285312512.0,0.017358561977744102
3286249984.0,0.018527712672948837
3287187456.0,0.01977432332932949
3288124928.0,0.021705055609345436
3289062400.0,0.02351270243525505
3289999872.0,0.023649973794817924
3290937600.0,0.02508547715842724
3291875072.0,0.024166744202375412
3292812544.0,0.021614061668515205
3293750016.0,0.018127787858247757
3294687488.0,0.013494566082954407
3295624960.0,0.008215676061809063
3296562432.0,0.00234797946177423
3297499904.0,-0.0053151194006204605
3298437376.0,-0.0130265848711133
3299375104.0,-0.020846150815486908
3300312576.0,-0.029347864910960197
3301250048.0,-0.038872260600328445
3302187520.0,-0.04749525338411331
3303124992.0,-0.05815613269805908
3304062464.0,-0.06657277792692184
3304999936.0,-0.07590488344430923
3305937408.0,-0.08434648811817169
3306874880.0,-0.09250422567129135
3307812608.0,-0.06112109124660492
3308750080.0,-0.05911833047866821
3309687552.0,-0.0563809834420681
3310625024.0,-0.054634470492601395
3311562496.0,-0.053458452224731445
3312499968.0,-0.05209441855549812
3313437440.0,-0.051149722188711166
3314374912.0,-0.051263295114040375
3315312384.0,-0.0501108355820179
3316250112.0,-0.05150473117828369
3317187584.0,-0.053808655589818954
3318125056.0,-0.05573404207825661
3319062528.0,-0.05985451117157936
3320000000.0,-0.06352747976779938
3320937472.0,-0.06725332140922546
3321874944.0,-0.07193881273269653
3322812416.0,-0.07742597907781601
3323749888.0,-0.0839848592877388
3324687616.0,-0.08927393704652786
3325625088.0,-0.09571855515241623
3326562560.0,-0.10195595771074295
3327500032.0,-0.10873139649629593
3328437504.0,-0.11569497734308243
3329374976.0,-0.12149578332901001
3330312448.0,-0.12768998742103577
3331249920.0,-0.13322213292121887
3332187392.0,-0.13737455010414124
3333125120.0,-0.14137150347232819
3334062592.0,-0.14449442923069
3335000064.0,-0.14649532735347748
3335937536.0,-0.1472238153219223
3336875008.0,-0.14877742528915405
3337812480.0,-0.14790862798690796
3338749952.0,-0.14573684334754944
3339687424.0,-0.14226402342319489
3340624896.0,-0.1380375623703003
3341562624.0,-0.13192862272262573
3342500096.0,-0.12541750073432922
3343437568.0,-0.11824923753738403
3344375040.0,-0.1098405122756958
3345312512.0,-0.10168148577213287
3346249984.0,-0.092801034450531
3347187456.0,-0.08381405472755432
3348124928.0,-0.0744033083319664
3349062400.0,-0.06470222771167755
3350000128.0,-0.05434156209230423
3350937600.0,-0.04515563324093819
3351875072.0,-0.036205220967531204
3352812544.0,-0.028495430946350098
3353750016.0,-0.019306065514683723
3354687488.0,-0.011811913922429085
3355624960.0,-0.005192587152123451
3356562432.0,0.0019080013735219836
3357499904.0,0.00687097292393446
3358437376.0,0.012001929804682732
3359375104.0,0.017088716849684715
3360312576.0,0.020099623128771782
3361250048.0,0.022637125104665756
3362187520.0,0.02551272325217724
3363124992.0,0.028142394497990608
3364062464.0,0.02927204966545105
3364999936.0,0.03187919035553932
3365937408.0,0.033545855432748795
3366874880.0,0.036304060369729996
3367812608.0,0.0447855070233345
3368750080.0,0.052636340260505676
3369687552.0,0.060661040246486664
3370625024.0,0.06712552160024643
3371562496.0,0.07301042228937149
3372499968.0,0.07791570574045181
3373437440.0,0.08148089796304703
3374374912.0,0.0836472362279892
3375312384.0,0.08603353798389435
3376250112.0,0.08628401160240173
3377187584.0,0.08555509150028229
3378125056.0,0.08302304893732071
3379062528.0,0.07974053919315338
3380000000.0,0.07487046718597412
3380937472.0,0.06895310431718826
3381874944.0,0.06246977299451828
3382812416.0,0.05501822009682655
3383749888.0,0.04666399583220482
3384687616.0,0.037385497242212296
3385625088.0,0.02817520685493946
3386562560.0,0.017485883086919785
3387500032.0,0.007093364838510752
3388437504.0,-0.0034760853741317987
3389374976.0,-0.013933077454566956
3390312448.0,-0.024346325546503067
3391249920.0,-0.033441562205553055
3392187392.0,-0.04298674687743187
3393125120.0,-0.05177714303135872
3394062592.0,-0.0604943186044693
3395000064.0,-0.06833704560995102
3395937536.0,-0.07457639276981354
3396875008.0,-0.079954132437706
3397812480.0,-0.08563362061977386
3398749952.0,-0.08867470920085907
3399687424.0,-0.09269285947084427
3400624896.0,-0.09518955647945404
3401562624.0,-0.09657447785139084
3402500096.0,-0.09707649052143097
3403437568.0,-0.09751617163419724
3404375040.0,-0.0966392531991005
3405312512.0,-0.09642134606838226
3406249984.0,-0.0942862406373024
3407187456.0,-0.0918302908539772
3408124928.0,-0.08878247439861298
3409062400.0,-0.08624666929244995
3409999872.0,-0.08327886462211609
3410937600.0,-0.07893990725278854
3411875072.0,-0.07497567683458328
3412812544.0,-0.07211686670780182
3413750016.0,-0.0676293596625328
3414687488.0,-0.06278538703918457
3415624960.0,-0.05858595669269562
3416562432.0,-0.05447951704263687
3417499904.0,-0.05043869465589523
3418437376.0,-0.04621631279587746
3419375104.0,-0.04276368021965027
3420312576.0,-0.038103118538856506
3421250048.0,-0.03547314554452896
3422187520.0,-0.031283147633075714
3423124992.0,-0.026382574811577797
3424062464.0,-0.02297983504831791
3424999936.0,-0.019044063985347748
3425937408.0,-0.015102138742804527
3426874880.0,-0.0109404306858778
3427812608.0,-0.0074526164680719376
3428750080.0,-0.005154803860932589
3429687552.0,-0.0016963219968602061
3430625024.0,0.0019877864979207516
3431562496.0,0.004768828395754099
3432499968.0,0.008213921450078487
3433437440.0,0.013232667930424213
3434374912.0,0.018177015706896782
3435312384.0,0.02531401999294758
3436250112.0,0.03143368288874626
3437187584.0,0.03971991688013077
3438125056.0,0.04872678592801094
3439062528.0,0.05889024958014488
3440000000.0,0.07080932706594467
3440937472.0,0.08312935382127762
3441874944.0,0.09536474943161011
3442812416.0,0.10929583758115768
3443749888.0,0.12307444214820862
3444687616.0,0.13791419565677643
3445625088.0,0.15191741287708282
3446562560.0,0.165447399020195
3447500032.0,0.17763367295265198
3448437504.0,0.18897715210914612
3449374976.0,0.19944852590560913
3450312448.0,0.208444744348526
3451249920.0,0.21490724384784698
3452187392.0,0.22115842998027802
3453125120.0,0.22268988192081451
3454062592.0,0.22267788648605347
3455000064.0,0.22029908001422882
3455937536.0,0.21378397941589355
3456875008.0,0.20589976012706757
3457812480.0,0.19643911719322205
3458749952.0,0.18344418704509735
3459687424.0,0.1696563959121704
3460624896.0,0.15418514609336853
3461562624.0,0.13631531596183777
3462500096.0,0.11804910004138947
3463437568.0,0.09755880385637283
3464375040.0,0.07809954881668091
3465312512.0,0.05863727629184723
3466249984.0,0.03942643851041794
3467187456.0,0.019755853340029716
3468124928.0,0.0020358136389404535
3469062400.0,-0.015271192416548729
3470000128.0,-0.02960093691945076
3470937600.0,-0.0427858866751194
3471875072.0,-0.054403483867645264
3472812544.0,-0.06333508342504501
3473750016.0,-0.07059287279844284
3474687488.0,-0.07606375962495804
3475624960.0,-0.07898762822151184
3476562432.0,-0.08096833527088165
3477499904.0,-0.08057978749275208
3478437376.0,-0.07989515364170074
3479375104.0,-0.07620552182197571
3480312576.0,-0.07261916995048523
3481250048.0,-0.06878891587257385
3482187520.0,-0.06394658237695694
3483124992.0,-0.05804033204913139
3484062464.0,-0.052037037909030914
3484999936.0,-0.04669151082634926
3485937408.0,-0.0421687513589859
3486874880.0,-0.037069372832775116
3487812608.0,-0.022114604711532593
3488750080.0,-0.025977693498134613
3489687552.0,-0.030456488952040672
3490625024.0,-0.03420598432421684
3491562496.0,-0.03918907046318054
3492499968.0,-0.04511984810233116
3493437440.0,-0.05082574114203453
3494374912.0,-0.057294685393571854
3495312384.0,-0.06216276437044144
3496250112.0,-0.06794840097427368
3497187584.0,-0.07167577743530273
3498125056.0,-0.07564782351255417
3499062528.0,-0.07799862325191498
3500000000.0,-0.07941868901252747
3500937472.0,-0.07896695286035538
3501874944.0,-0.07789167016744614
3502812416.0,-0.0754132866859436
3503749888.0,-0.0716748908162117
3504687616.0,-0.067745141685009
3505625088.0,-0.06227889657020569
3506562560.0,-0.05582195520401001
3507500032.0,-0.04884902387857437
3508437504.0,-0.04089312255382538
3509374976.0,-0.031950823962688446
3510312448.0,-0.023389451205730438
3511249920.0,-0.014177199453115463
3512187392.0,-0.005771450698375702
3513125120.0,0.004546232521533966
3514062592.0,0.012930921278893948
3515000064.0,0.021796738728880882
3515937536.0,0.029633942991495132
3516875008.0,0.03667671978473663
3517812480.0,0.04443899542093277
3518749952.0,0.05020318925380707
3519687424.0,0.05430740490555763
3520624896.0,0.05903046950697899
3521562624.0,0.06148434057831764
3522500096.0,0.06291798502206802
3523437568.0,0.06304746866226196
3524375040.0,0.06186018884181976
3525312512.0,0.060197263956069946
3526249984.0,0.05796708166599274
3527187456.0,0.05350818857550621
3528124928.0,0.04950568825006485
3529062400.0,0.04414485767483711
3529999872.0,0.03876994177699089
3530937600.0,0.032432328909635544
3531875072.0,0.026230694726109505
3532812544.0,0.019970271736383438
3533750016.0,0.015701524913311005
3534687488.0,0.009809029288589954
3535624960.0,0.00638778880238533
3536562432.0,0.0020334285218268633
3537499904.0,-0.0006439365679398179
3538437376.0,-0.0025750447530299425
3539375104.0,-0.0034293520729988813
3540312576.0,-0.004177330061793327
3541250048.0,-0.004230128135532141
3542187520.0,-0.0023206593468785286
3543124992.0,0.00032936796196736395
3544062464.0,0.003207090077921748
3544999936.0,0.006101628299802542
3545937408.0,0.011041968129575253
3546874880.0,0.015832198783755302
3547812608.0,0.017110824584960938
3548750080.0,0.01533572282642126
3549687552.0,0.013422146439552307
3550625024.0,0.011105992831289768
3551562496.0,0.008845102973282337
3552499968.0,0.005509435664862394
3553437440.0,0.00347949774004519
3554374912.0,-0.000908621703274548
3555312384.0,-0.004282118286937475
3556250112.0,-0.007422414142638445
3557187584.0,-0.010872107930481434
3558125056.0,-0.014963534660637379
3559062528.0,-0.01883898302912712
3560000000.0,-0.02162887156009674
3560937472.0,-0.02463589794933796
3561874944.0,-0.02798384428024292
3562812416.0,-0.030684595927596092
3563749888.0,-0.0341784693300724
3564687616.0,-0.036691103130578995
3565625088.0,-0.03926161676645279
3566562560.0,-0.040997326374053955
3567500032.0,-0.04160725697875023
3568437504.0,-0.04320835322141647
3569374976.0,-0.04370788112282753
3570312448.0,-0.04337386041879654
3571249920.0,-0.043829288333654404
3572187392.0,-0.04333890229463577
3573125120.0,-0.04150950536131859
3574062592.0,-0.03945177420973778
3575000064.0,-0.03810665011405945
3575937536.0,-0.03663226217031479
3576875008.0,-0.03493916615843773
3577812480.0,-0.033249229192733765
3578749952.0,-0.031481072306632996
3579687424.0,-0.029604770243167877
3580624896.0,-0.027675598859786987
3581562624.0,-0.02436574175953865
3582500096.0,-0.022631218656897545
3583437568.0,-0.020476510748267174
3584375040.0,-0.019979188218712807
3585312512.0,-0.019398212432861328
3586249984.0,-0.019320253282785416
3587187456.0,-0.018195180222392082
3588124928.0,-0.017568496987223625
3589062400.0,-0.018024377524852753
3590000128.0,-0.01805068738758564
3590937600.0,-0.01802290976047516
3591875072.0,-0.018069326877593994
3592812544.0,-0.018505875021219254
3593750016.0,-0.019095418974757195
3594687488.0,-0.01787673681974411
3595624960.0,-0.017039872705936432
3596562432.0,-0.015590711496770382
3597499904.0,-0.013765435665845871
3598437376.0,-0.011767729185521603
3599375104.0,-0.00878024660050869
3600312576.0,-0.006667402572929859
3601250048.0,-0.0026553869247436523
3602187520.0,0.0016949463170021772
3603124992.0,0.005769703537225723
3604062464.0,0.011254393495619297
3604999936.0,0.015473718754947186
3605937408.0,0.0205752644687891
3606874880.0,0.027368780225515366
3607812608.0,0.04998502880334854
3608750080.0,0.059016864746809006
3609687552.0,0.0687735304236412
3610625024.0,0.07733240723609924
3611562496.0,0.0847601518034935
3612499968.0,0.09278500825166702
3613437440.0,0.09888510406017303
3614374912.0,0.10515841841697693
3615312384.0,0.11015301197767258
3616250112.0,0.1130111888051033
3617187584.0,0.11572038382291794
3618125056.0,0.11713685840368271
3619062528.0,0.11779072135686874
3620000000.0,0.11748596280813217
3620937472.0,0.11635328829288483
3621874944.0,0.11376618593931198
3622812416.0,0.10995225608348846
3623749888.0,0.1051960289478302
3624687616.0,0.09950926154851913
3625625088.0,0.0932018905878067
3626562560.0,0.08767858147621155
3627500032.0,0.08000990748405457
3628437504.0,0.07201451808214188
3629374976.0,0.06440156698226929
3630312448.0,0.05592292919754982
3631249920.0,0.04630502313375473
3632187392.0,0.0373147577047348
3633125120.0,0.027270741760730743
3634062592.0,0.017661133781075478
3635000064.0,0.00779940327629447
3635937536.0,-0.0018535723211243749
3636875008.0,-0.012080016545951366
3637812480.0,-0.02178131230175495
3638749952.0,-0.031231030821800232
3639687424.0,-0.040091678500175476
3640624896.0,-0.04881696775555611
3641562624.0,-0.0567118264734745
3642500096.0,-0.06516584753990173
3643437568.0,-0.07238566130399704
3644375040.0,-0.07906467467546463
3645312512.0,-0.08517546206712723
3646249984.0,-0.09110251814126968
3647187456.0,-0.09606420248746872
3648124928.0,-0.10078464448451996
3649062400.0,-0.10570822656154633
3649999872.0,-0.10890737175941467
3650937600.0,-0.11233039200305939
3651875072.0,-0.11478870362043381
3652812544.0,-0.11539621651172638
3653750016.0,-0.1172872856259346
3654687488.0,-0.11866064369678497
3655624960.0,-0.1186278760433197
3656562432.0,-0.11866433173418045
3657499904.0,-0.11794297397136688
3658437376.0,-0.11603999137878418
3659375104.0,-0.11443021148443222
3660312576.0,-0.11152685433626175
3661250048.0,-0.10963663458824158
3662187520.0,-0.10603722929954529
3663124992.0,-0.1019701212644577
3664062464.0,-0.0984119400382042
3664999936.0,-0.09425615519285202
3665937408.0,-0.09057056158781052
3666874880.0,-0.08600882440805435
3667812608.0,-0.06887004524469376
3668750080.0,-0.06844602525234222
3669687552.0,-0.06735840439796448
3670625024.0,-0.06523258239030838
3671562496.0,-0.06239408999681473
3672499968.0,-0.0595155768096447
3673437440.0,-0.054732002317905426
3674374912.0,-0.050881218165159225
3675312384.0,-0.04520532116293907
3676250112.0,-0.03932804614305496
3677187584.0,-0.03273003175854683
3678125056.0,-0.024359527975320816
3679062528.0,-0.01691426709294319
3680000000.0,-0.009119096212089062
3680937472.0,-0.0010454440489411354
3681874944.0,0.007096999324858189
3682812416.0,0.016276946291327477
3683749888.0,0.025715557858347893
3684687616.0,0.034869249910116196
3685625088.0,0.04301223158836365
3686562560.0,0.05150635167956352
3687500032.0,0.05900406092405319
3688437504.0,0.0666780024766922
3689374976.0,0.0735701397061348
3690312448.0,0.07997585833072662
3691249920.0,0.08461860567331314
3692187392.0,0.08929342031478882
3693125120.0,0.09232659637928009
3694062592.0,0.09534110128879547
3695000064.0,0.09809201210737228
3695937536.0,0.09880584478378296
3696875008.0,0.09796364605426788
3697812480.0,0.09696684032678604
3698749952.0,0.09486459195613861
3699687424.0,0.09205900132656097
3700624896.0,0.08786478638648987
3701562624.0,0.08246999979019165
3702500096.0,0.07836831361055374
3703437568.0,0.0714201107621193
3704375040.0,0.06425564736127853
3705312512.0,0.057510677725076675
3706249984.0,0.04951291158795357
3707187456.0,0.0424405001103878
3708124928.0,0.03395942226052284
3709062400.0,0.02583262324333191
3710000128.0,0.016550907865166664
3710937600.0,0.008628400042653084
3711875072.0,5.662938565365039e-05
3712812544.0,-0.007680035196244717
3713750016.0,-0.0151876425370574
3714687488.0,-0.02155752293765545
3715624960.0,-0.027027184143662453
3716562432.0,-0.03200491517782211
3717499904.0,-0.035787854343652725
3718437376.0,-0.039800435304641724
3719375104.0,-0.04199894517660141
3720312576.0,-0.043064482510089874
3721250048.0,-0.0436997227370739
3722187520.0,-0.042937472462654114
3723124992.0,-0.04307285323739052
3724062464.0,-0.041313592344522476
3724999936.0,-0.03956490010023117
3725937408.0,-0.03679990395903587
3726874880.0,-0.03480912744998932
3727812608.0,-0.037682462483644485
3728750080.0,-0.0376986488699913
3729687552.0,-0.03694671019911766
3730625024.0,-0.03706280514597893
3731562496.0,-0.03495335206389427
3732499968.0,-0.03437189385294914
3733437440.0,-0.034389059990644455
3734374912.0,-0.033143628388643265
3735312384.0,-0.03399403393268585
3736250112.0,-0.03496311232447624
3737187584.0,-0.036532629281282425
3738125056.0,-0.0382891520857811
3739062528.0,-0.04151693731546402
3740000000.0,-0.04472982510924339
3740937472.0,-0.048821110278367996
3741874944.0,-0.052571650594472885
3742812416.0,-0.05723773315548897
3743749888.0,-0.06217379495501518
3744687616.0,-0.06702685356140137
3745625088.0,-0.07233847677707672
3746562560.0,-0.07827373594045639
3747500032.0,-0.08348655700683594
3748437504.0,-0.08908296376466751
3749374976.0,-0.09467214345932007
3750312448.0,-0.10073336213827133
3751249920.0,-0.10629812628030777
3752187392.0,-0.11214970052242279
3753125120.0,-0.11717066168785095
3754062592.0,-0.12185341119766235
3755000064.0,-0.12512241303920746
3755937536.0,-0.12713319063186646
3756875008.0,-0.12899111211299896
3757812480.0,-0.12987597286701202
3758749952.0,-0.129474475979805
3759687424.0,-0.12771432101726532
3760624896.0,-0.1247633621096611
3761562624.0,-0.12017872929573059
3762500096.0,-0.11413764208555222
3763437568.0,-0.10609210282564163
3764375040.0,-0.09834272414445877
3765312512.0,-0.08841085433959961
3766249984.0,-0.07745987921953201
3767187456.0,-0.06622429937124252
3768124928.0,-0.05580580234527588
3769062400.0,-0.043669622391462326
3769999872.0,-0.031947460025548935
3770937600.0,-0.020640039816498756
3771875072.0,-0.010028653778135777
3772812544.0,0.0008399694925174117
3773750016.0,0.009959938935935497
3774687488.0,0.018897196277976036
3775624960.0,0.02668931894004345
3776562432.0,0.03163522854447365
3777499904.0,0.0368073545396328
3778437376.0,0.04055667668581009
3779375104.0,0.04279159754514694
3780312576.0,0.04327049478888512
3781250048.0,0.04189793020486832
3782187520.0,0.03888917341828346
3783124992.0,0.03416498377919197
3784062464.0,0.027888502925634384
3784999936.0,0.020221678540110588
3785937408.0,0.011468620970845222
3786874880.0,0.012311690486967564
3787812608.0,0.0044075194746255875
3788750080.0,-0.004729870706796646
3789687552.0,-0.016059797257184982
3790625024.0,-0.027910450473427773
3791562496.0,-0.04023410379886627
3792499968.0,-0.05078470706939697
3793437440.0,-0.06198660656809807
3794374912.0,-0.07388892769813538
3795312384.0,-0.08477862179279327
3796250112.0,-0.09548751264810562
3797187584.0,-0.10587108135223389
3798125056.0,-0.11531013995409012
3799062528.0,-0.12499498575925827
3800000000.0,-0.1329050064086914
3800937472.0,-0.14004077017307281
3801874944.0,-0.14626778662204742
3802812416.0,-0.15187795460224152
3803749888.0,-0.1559644192457199
3804687616.0,-0.15679791569709778
3805625088.0,-0.15677329897880554
3806562560.0,-0.15720932185649872
3807500032.0,-0.1548004150390625
3808437504.0,-0.1516435444355011
3809374976.0,-0.14723706245422363
3810312448.0,-0.1419857144355774
3811249920.0,-0.1349191963672638
3812187392.0,-0.1261933296918869
3813125120.0,-0.1185917928814888
3814062592.0,-0.10866782069206238
3815000064.0,-0.1003076359629631
3815937536.0,-0.08993946015834808
3816875008.0,-0.07993069291114807
3817812480.0,-0.07017536461353302
3818749952.0,-0.061869002878665924
3819687424.0,-0.05136099085211754
3820624896.0,-0.042224980890750885
3821562624.0,-0.033779583871364594
3822500096.0,-0.025508563965559006
3823437568.0,-0.01872105710208416
3824375040.0,-0.012510957196354866
3825312512.0,-0.0071059842593967915
3826249984.0,-0.0032908518332988024
3827187456.0,-0.0009523154585622251
3828124928.0,0.0008704361389391124
3829062400.0,0.001975500723347068
3830000128.0,0.0018867534818127751
3830937600.0,0.002037447178736329
3831875072.0,0.0006799311377108097
3832812544.0,-0.0012662896187976003
3833750016.0,-0.004371671937406063
3834687488.0,-0.007848608307540417
3835624960.0,-0.011884484440088272
3836562432.0,-0.015415849164128304
3837499904.0,-0.019792137667536736
3838437376.0,-0.024499928578734398
3839375104.0,-0.029002182185649872
3840312576.0,-0.03413008153438568
3841250048.0,-0.03820304200053215
3842187520.0,-0.04028508439660072
3843124992.0,-0.04381652548909187
3844062464.0,-0.04606527090072632
3844999936.0,-0.04822137579321861
3845937408.0,-0.04950661584734917
3846874880.0,-0.041309237480163574
3847812608.0,-0.03787560015916824
3848750080.0,-0.03432484343647957
3849687552.0,-0.03127983212471008
3850625024.0,-0.02832924947142601
3851562496.0,-0.02546219900250435
3852499968.0,-0.02323773503303528
3853437440.0,-0.021753964945673943
3854374912.0,-0.020522212609648705
3855312384.0,-0.019345736131072044
3856250112.0,-0.018509501591324806
3857187584.0,-0.01923580840229988
3858125056.0,-0.02015119418501854
3859062528.0,-0.02155115455389023
3860000000.0,-0.023002905771136284
3860937472.0,-0.02467593178153038
3861874944.0,-0.027072545140981674
3862812416.0,-0.029577255249023438
3863749888.0,-0.03179074078798294
3864687616.0,-0.03411835804581642
3865625088.0,-0.03677678108215332
3866562560.0,-0.0397251732647419
3867500032.0,-0.04362771287560463
3868437504.0,-0.04588311165571213
3869374976.0,-0.04765527322888374
3870312448.0,-0.051054663956165314
3871249920.0,-0.05348096042871475
3872187392.0,-0.05527879670262337
3873125120.0,-0.05642012134194374
3874062592.0,-0.05820079892873764
3875000064.0,-0.05854524299502373
3875937536.0,-0.061833299696445465
3876875008.0,-0.06407377123832703
3877812480.0,-0.06625243276357651
3878749952.0,-0.06750334799289703
3879687424.0,-0.0695064589381218
3880624896.0,-0.0697498768568039
3881562624.0,-0.07006370276212692
3882500096.0,-0.07084769755601883
3883437568.0,-0.0699886605143547
3884375040.0,-0.07106249779462814
3885312512.0,-0.07083463668823242
3886249984.0,-0.07030104100704193
3887187456.0,-0.06975634396076202
3888124928.0,-0.06938785314559937
3889062400.0,-0.06848634034395218
3889999872.0,-0.06934123486280441
3890937600.0,-0.06948202848434448
3891875072.0,-0.06967974454164505
3892812544.0,-0.07054343819618225
3893750016.0,-0.07160817086696625
3894687488.0,-0.0728854387998581
3895624960.0,-0.07460109144449234
3896562432.0,-0.07640202343463898
3897499904.0,-0.07847265154123306
3898437376.0,-0.08220188319683075
3899375104.0,-0.08459747582674026
3900312576.0,-0.08808572590351105
3901250048.0,-0.09359782189130783
3902187520.0,-0.0978999212384224
3903124992.0,-0.10247060656547546
3904062464.0,-0.10705896466970444
3904999936.0,-0.11077003180980682
3905937408.0,-0.11518436670303345
3906874880.0,-0.13170428574085236
3907812608.0,-0.13925644755363464
3908750080.0,-0.14477987587451935
3909687552.0,-0.14906315505504608
3910625024.0,-0.1510075181722641
3911562496.0,-0.15118592977523804
3912499968.0,-0.14979083836078644
3913437440.0,-0.14624720811843872
3914374912.0,-0.1401880383491516
3915312384.0,-0.13101300597190857
3916250112.0,-0.12172272801399231
3917187584.0,-0.11007996648550034
3918125056.0,-0.09694097936153412
3919062528.0,-0.08252211660146713
3920000000.0,-0.067439965903759
3920937472.0,-0.052124060690402985
3921874944.0,-0.03527050092816353
3922812416.0,-0.019326012581586838
3923749888.0,-0.0020923379343003035
3924687616.0,0.012718342244625092
3925625088.0,0.027171438559889793
3926562560.0,0.04102534055709839
3927500032.0,0.05334706977009773
3928437504.0,0.06531573086977005
3929374976.0,0.07411040365695953
3930312448.0,0.08108152449131012
3931249920.0,0.08630407601594925
3932187392.0,0.08978967368602753
3933125120.0,0.09095313400030136
3934062592.0,0.08984747529029846
3935000064.0,0.0857575461268425
3935937536.0,0.08244830369949341
3936875008.0,0.0769643485546112
3937812480.0,0.07001250982284546
3938749952.0,0.061739906668663025
3939687424.0,0.053743842989206314
3940624896.0,0.044212836772203445
3941562624.0,0.03553631529211998
3942500096.0,0.02581442892551422
3943437568.0,0.01666002720594406
3944375040.0,0.008477897383272648
3945312512.0,0.0012351828627288342
3946249984.0,-0.006531185936182737
3947187456.0,-0.012489483691751957
3948124928.0,-0.018906300887465477
3949062400.0,-0.02389746904373169
3950000128.0,-0.0282064750790596
3950937600.0,-0.03170110285282135
3951875072.0,-0.034098755568265915
3952812544.0,-0.03716073930263519
3953750016.0,-0.039426591247320175
3954687488.0,-0.039855118840932846
3955624960.0,-0.04180671274662018
3956562432.0,-0.042056143283843994
3957499904.0,-0.043998729437589645
3958437376.0,-0.045482829213142395
3959375104.0,-0.04585527256131172
3960312576.0,-0.04675636440515518
3961250048.0,-0.04896126314997673
3962187520.0,-0.05000763013958931
3963124992.0,-0.054321736097335815
3964062464.0,-0.05880576744675636
3964999936.0,-0.06423433870077133
3965937408.0,-0.06970575451850891
3966874880.0,-0.08453653752803802
3967812608.0,-0.09752782434225082
3968750080.0,-0.11140821129083633
3969687552.0,-0.12487033754587173
3970625024.0,-0.138465017080307
3971562496.0,-0.15099191665649414
3972499968.0,-0.16334295272827148
3973437440.0,-0.17495395243167877
3974374912.0,-0.185635045170784
3975312384.0,-0.19400636851787567
3976250112.0,-0.20158208906650543
3977187584.0,-0.206869438290596
3978125056.0,-0.20982402563095093
3979062528.0,-0.21151064336299896
3980000000.0,-0.21164649724960327
3980937472.0,-0.20907849073410034
3981874944.0,-0.2058216631412506
3982812416.0,-0.20142312347888947
3983749888.0,-0.1946512907743454
3984687616.0,-0.1866956353187561
3985625088.0,-0.1779065579175949
3986562560.0,-0.16814696788787842
3987500032.0,-0.15723824501037598
3988437504.0,-0.1470833718776703
3989374976.0,-0.13491752743721008
3990312448.0,-0.12303474545478821
3991249920.0,-0.11142514646053314
3992187392.0,-0.10029304772615433
3993125120.0,-0.08845361322164536
3994062592.0,-0.07827124744653702
3995000064.0,-0.0677298754453659
3995937536.0,-0.05823826417326927
3996875008.0,-0.05096842348575592
3997812480.0,-0.04423338919878006
3998749952.0,-0.03909710422158241
3999687424.0,-0.033171724528074265
4000624896.0,-0.03905557841062546
4001562624.0,-0.036137159913778305
4002500096.0,-0.03499186038970947
4003437568.0,-0.03469356521964073
4004375040.0,-0.03618119657039642
4005312512.0,-0.039423927664756775
4006249984.0,-0.0431419312953949
4007187456.0,-0.048702139407396317
4008124928.0,-0.0558459646999836
4009062400.0,-0.06160535290837288
4009999872.0,-0.0698234885931015
4010937600.0,-0.07777363806962967
4011875072.0,-0.08496993035078049
4012812544.0,-0.09345617145299911
4013750016.0,-0.10170958191156387
4014687488.0,-0.10906417667865753
4015624960.0,-0.1181766465306282
4016562432.0,-0.1254417896270752
4017499904.0,-0.1332908272743225
4018437376.0,-0.13972078263759613
4019375104.0,-0.14687643945217133
4020312576.0,-0.15206371247768402
4021250048.0,-0.15804971754550934
4022187520.0,-0.16240277886390686
4023124992.0,-0.166937455534935
4024062464.0,-0.17107929289340973
4024999936.0,-0.17494766414165497
4025937408.0,-0.17843398451805115
4026874880.0,-0.17130056023597717
4027812608.0,-0.17807337641716003
4028750080.0,-0.1843283325433731
4029687552.0,-0.1897972673177719
4030625024.0,-0.19476772844791412
4031562496.0,-0.2002122551202774
4032499968.0,-0.20374250411987305
4033437440.0,-0.20636342465877533
4034374912.0,-0.2085559368133545
4035312384.0,-0.21009843051433563
4036250112.0,-0.20953811705112457
4037187584.0,-0.20699523389339447
4038125056.0,-0.2040458470582962
4039062528.0,-0.19899596273899078
4040000000.0,-0.19328637421131134
4040937472.0,-0.18784700334072113
4041874944.0,-0.1818212866783142
4042812416.0,-0.17407174408435822
4043749888.0,-0.16567401587963104
4044687616.0,-0.1560380756855011
4045625088.0,-0.14520332217216492
4046562560.0,-0.13401561975479126
4047500032.0,-0.12154415249824524
4048437504.0,-0.10872726887464523
4049374976.0,-0.09555128216743469
4050312448.0,-0.08181952685117722
4051249920.0,-0.06818772107362747
4052187392.0,-0.0546259842813015
4053125120.0,-0.040457405149936676
4054062592.0,-0.027573565021157265
4055000064.0,-0.015559378080070019
4055937536.0,-0.004220293369144201
4056875008.0,0.006300786044448614
4057812480.0,0.01577792689204216
4058749952.0,0.023497560992836952
4059687424.0,0.029665175825357437
4060624896.0,0.034125760197639465
4061562624.0,0.03639550134539604
4062500096.0,0.03792159631848335
4063437568.0,0.03714959695935249
4064375040.0,0.03494245931506157
4065312512.0,0.030865585431456566
4066249984.0,0.024345118552446365
4067187456.0,0.01761229895055294
4068124928.0,0.008535520173609257
4069062400.0,-0.00016107878764159977
4070000128.0,-0.011184431612491608
4070937600.0,-0.023957259953022003
4071875072.0,-0.036484211683273315
4072812544.0,-0.048772890120744705
4073750016.0,-0.062057722359895706
4074687488.0,-0.07417420297861099
4075624960.0,-0.08670727163553238
4076562432.0,-0.09960021823644638
4077499904.0,-0.11207960546016693
4078437376.0,-0.12415885925292969
4079375104.0,-0.13453902304172516
4080312576.0,-0.1435452252626419
4081250048.0,-0.1520213931798935
4082187520.0,-0.15959526598453522
4083124992.0,-0.16551612317562103
4084062464.0,-0.17136621475219727
4084999936.0,-0.17453855276107788
4085937408.0,-0.1774168461561203
4086874880.0,-0.15852893888950348
4087812608.0,-0.15796561539173126
4088750080.0,-0.15666605532169342
4089687552.0,-0.1538296937942505
4090625024.0,-0.15157324075698853
4091562496.0,-0.14770106971263885
4092499968.0,-0.1436569094657898
4093437440.0,-0.13917234539985657
4094374912.0,-0.13356877863407135
4095312384.0,-0.12794941663742065
4096250112.0,-0.12186788767576218
4097187584.0,-0.11522092670202255
4098125056.0,-0.1095179095864296
4099062528.0,-0.103940449655056
4100000000.0,-0.09786805510520935
4100937472.0,-0.09118065983057022
4101874944.0,-0.08551245182752609
4102812416.0,-0.08104750514030457
4103749888.0,-0.07400030642747879
4104687616.0,-0.06923394650220871
4105625088.0,-0.0631001889705658
4106562560.0,-0.05893080309033394
4107500032.0,-0.05301269143819809
4108437504.0,-0.04996199533343315
4109374976.0,-0.04517614096403122
4110312448.0,-0.041107796132564545
4111249920.0,-0.03856668248772621
4112187392.0,-0.03596429526805878
4113125120.0,-0.033693622797727585
4114062592.0,-0.03150658681988716
4115000064.0,-0.029728136956691742
4115937536.0,-0.02882392704486847
4116875008.0,-0.028198719024658203
4117812480.0,-0.027728818356990814
4118749952.0,-0.02793530747294426
4119687424.0,-0.028080539777874947
4120624896.0,-0.028769174590706825
4121562624.0,-0.02961304597556591
4122500096.0,-0.030465662479400635
4123437568.0,-0.031009281054139137
4124375040.0,-0.03171103447675705
4125312512.0,-0.03250597417354584
4126249984.0,-0.03455326333642006
4127187456.0,-0.03630031645298004
4128124928.0,-0.03889556974172592
4129062400.0,-0.04297060891985893
4129999872.0,-0.04563945159316063
4130937600.0,-0.05088510364294052
4131875072.0,-0.055669162422418594
4132812544.0,-0.0620553083717823
4133750016.0,-0.06752260774374008
4134687488.0,-0.07323359698057175
4135624960.0,-0.08011315762996674
4136562432.0,-0.08700595796108246
4137499904.0,-0.09448634833097458
4138437376.0,-0.1027093231678009
4139375104.0,-0.1115816980600357
4140312576.0,-0.11997586488723755
4141250048.0,-0.12861268222332
4142187520.0,-0.13693615794181824
4143124992.0,-0.1467554122209549
4144062464.0,-0.15656332671642303
4144999936.0,-0.16302898526191711
4145937408.0,-0.17241351306438446
4146874880.0,-0.1922922134399414
4147812608.0,-0.19909991323947906
4148750080.0,-0.203828826546669
4149687552.0,-0.208644837141037
4150625024.0,-0.20925551652908325
4151562496.0,-0.20883843302726746
4152499968.0,-0.2066827416419983
4153437440.0,-0.20213355123996735
4154374912.0,-0.19700729846954346
4155312384.0,-0.18914048373699188
4156250112.0,-0.18130065500736237
4157187584.0,-0.171057790517807
4158125056.0,-0.16171200573444366
4159062528.0,-0.15020576119422913
4160000000.0,-0.13777820765972137
4160937472.0,-0.12632320821285248
4161874944.0,-0.11451569199562073
4162812416.0,-0.10186663269996643
4163749888.0,-0.08924265950918198
4164687616.0,-0.07695517688989639
4165625088.0,-0.06525563448667526
4166562560.0,-0.05428468436002731
4167500032.0,-0.04482588171958923
4168437504.0,-0.03440871462225914
4169374976.0,-0.026102235540747643
4170312448.0,-0.018736092373728752
4171249920.0,-0.010981095023453236
4172187392.0,-0.005112647078931332
4173125120.0,0.0007615675567649305
4174062592.0,0.005149323493242264
4175000064.0,0.009284651838243008
4175937536.0,0.01277000829577446
4176875008.0,0.015844501554965973
4177812480.0,0.0195902232080698
4178749952.0,0.021349463611841202
4179687424.0,0.022069325670599937
4180624896.0,0.024083957076072693
4181562624.0,0.024633094668388367
4182500096.0,0.02417653053998947
4183437568.0,0.023686815053224564
4184375040.0,0.021870817989110947
4185312512.0,0.020812630653381348
4186249984.0,0.018778003752231598
4187187456.0,0.015850838273763657
4188124928.0,0.011619513854384422
4189062400.0,0.007610952947288752
4190000128.0,0.0021129401866346598
4190937600.0,-0.002705445047467947
4191875072.0,-0.009964263066649437
4192812544.0,-0.017582060769200325
4193750016.0,-0.02392280101776123
4194687488.0,-0.03266258165240288
4195624960.0,-0.04071260616183281
4196562432.0,-0.05003984645009041
4197499904.0,-0.05993302911520004
4198437376.0,-0.07142950594425201
4199375104.0,-0.08220044523477554
4200312576.0,-0.09380361437797546
4201250048.0,-0.1063922867178917
4202187520.0,-0.11825700849294662
4203124992.0,-0.13083486258983612
4204062464.0,-0.14273732900619507
4204999936.0,-0.15481318533420563
4205937408.0,-0.16584412753582
4206874880.0,-0.1682949811220169
4207812608.0,-0.17920707166194916
4208750080.0,-0.19167518615722656
4209687552.0,-0.20403148233890533
4210625024.0,-0.21447542309761047
4211562496.0,-0.22433120012283325
4212499968.0,-0.23367668688297272
4213437440.0,-0.24043036997318268
4214374912.0,-0.24646030366420746
4215312384.0,-0.2505313754081726
4216250112.0,-0.2524772584438324
4217187584.0,-0.2516947090625763
4218125056.0,-0.248849019408226
4219062528.0,-0.24415022134780884
4220000000.0,-0.235182523727417
4220937472.0,-0.22550685703754425
4221874944.0,-0.21336114406585693
4222812416.0,-0.19818484783172607
4223749888.0,-0.18309713900089264
4224687616.0,-0.1639048308134079
4225625088.0,-0.1433171033859253
4226562560.0,-0.12259597331285477
4227500032.0,-0.10119088739156723
4228437504.0,-0.07903815805912018
4229374976.0,-0.05689697712659836
4230312448.0,-0.03462935611605644
4231249920.0,-0.01234479621052742
4232187392.0,0.010288507677614689
4233125120.0,0.029530880972743034
4234062592.0,0.04851946607232094
4235000064.0,0.06563448160886765
4235937536.0,0.08243478834629059
4236875008.0,0.09548775851726532
4237812480.0,0.10798868536949158
4238749952.0,0.11648774892091751
4239687424.0,0.12347986549139023
4240624896.0,0.12751874327659607
4241562624.0,0.12889660894870758
4242500096.0,0.12822115421295166
4243437568.0,0.12394848465919495
4244375040.0,0.11875727027654648
4245312512.0,0.11116142570972443
4246249984.0,0.1012856513261795
4247187456.0,0.08907811343669891
4248124928.0,0.0759296789765358
4249062400.0,0.06196470186114311
4249999872.0,0.04532114788889885
4250937600.0,0.02817746065557003
4251875072.0,0.010615269653499126
4252812544.0,-0.008356954902410507
4253750016.0,-0.026568692177534103
4254687488.0,-0.044629476964473724
4255624960.0,-0.06378910690546036
4256562432.0,-0.08137266337871552
4257499904.0,-0.09976799041032791
4258437376.0,-0.11713618040084839
4259375104.0,-0.1337004154920578
4260312576.0,-0.14920340478420258
4261250048.0,-0.1651270091533661
4262187520.0,-0.1796935498714447
4263124992.0,-0.1937963217496872
4264062464.0,-0.20804168283939362
4264999936.0,-0.22095508873462677
4265937408.0,-0.2338368147611618
4266874880.0,-0.24441009759902954
4267812608.0,-0.24897916615009308
4268750080.0,-0.25312623381614685
4269687552.0,-0.25682687759399414
4270625024.0,-0.26158803701400757
4271562496.0,-0.26583200693130493
4272499968.0,-0.27023935317993164
4273437440.0,-0.2730444669723511
4274374912.0,-0.2753433883190155
4275312384.0,-0.2773876190185547
4276250112.0,-0.27766796946525574
4277187584.0,-0.2762458920478821
4278125056.0,-0.27278390526771545
4279062528.0,-0.26781612634658813
4280000000.0,-0.26156920194625854
4280937472.0,-0.25243014097213745
4281874944.0,-0.24155616760253906
4282812416.0,-0.2283667027950287
4283749888.0,-0.21380779147148132
4284687616.0,-0.19902391731739044
4285625088.0,-0.18139706552028656
4286562560.0,-0.16227924823760986
4287500032.0,-0.14153912663459778
4288437504.0,-0.12011489272117615
4289374976.0,-0.09730475395917892
4290312448.0,-0.0745411366224289
4291249920.0,-0.051088474690914154
4292187392.0,-0.02792714722454548
4293125120.0,-0.004401464015245438
4294062592.0,0.017325028777122498
4295000064.0,0.03993813320994377
4295937536.0,0.06068481132388115
4296875008.0,0.0811292827129364
4297812480.0,0.0994488000869751
4298749952.0,0.11696314811706543
4299687424.0,0.13283482193946838
4300624896.0,0.14560197293758392
4301562368.0,0.15671291947364807
4302499840.0,0.1658569574356079
4303437312.0,0.16997787356376648
4304374784.0,0.17405559122562408
4305312256.0,0.17415869235992432
4306250240.0,0.17043305933475494
4307187712.0,0.16482244431972504
4308125184.0,0.15620560944080353
4309062656.0,0.1451287567615509
4310000128.0,0.13137495517730713
4310937600.0,0.11349759250879288
4311875072.0,0.09332704544067383
4312812544.0,0.07144495099782944
4313750016.0,0.04709859937429428
4314687488.0,0.02040804550051689
4315624960.0,-0.007158548105508089
4316562432.0,-0.03599972277879715
4317499904.0,-0.06628354638814926
4318437376.0,-0.09648487716913223
4319374848.0,-0.12696413695812225
4320312320.0,-0.15732277929782867
4321249792.0,-0.18651674687862396
4322187264.0,-0.21362070739269257
4323125248.0,-0.24038515985012054
4324062720.0,-0.2650436460971832
4325000192.0,-0.28717225790023804
4325937664.0,-0.30741140246391296
4326875136.0,-0.34161376953125
4327812608.0,-0.3361940085887909
4328750080.0,-0.3301191031932831
4329687552.0,-0.32148635387420654
4330625024.0,-0.31469056010246277
4331562496.0,-0.30668240785598755
4332499968.0,-0.29742005467414856
4333437440.0,-0.28881391882896423
4334374912.0,-0.28029948472976685
4335312384.0,-0.2720808982849121
4336249856.0,-0.26575103402137756
4337187328.0,-0.2586984932422638
4338124800.0,-0.25045040249824524
4339062272.0,-0.24562671780586243
4339999744.0,-0.24016033113002777
4340937728.0,-0.23456284403800964
4341875200.0,-0.2295648455619812
4342812672.0,-0.22399282455444336
4343750144.0,-0.21887090802192688
4344687616.0,-0.21267330646514893
4345625088.0,-0.20763364434242249
4346562560.0,-0.20058847963809967
4347500032.0,-0.19310720264911652
4348437504.0,-0.18490195274353027
4349374976.0,-0.17643962800502777
4350312448.0,-0.16683083772659302
4351249920.0,-0.15505684912204742
4352187392.0,-0.14181077480316162
4353124864.0,-0.12848201394081116
4354062336.0,-0.11400596797466278
4354999808.0,-0.09683607518672943
4355937280.0,-0.07968474924564362
4356874752.0,-0.062530018389225
4357812736.0,-0.04502011463046074
4358750208.0,-0.03076484054327011
4359687680.0,-0.019355379045009613
4360625152.0,-0.010597767308354378
4361562624.0,-0.0049630203284323215
4362500096.0,-0.0018576644361019135
4363437568.0,0.00036942155566066504
4364375040.0,0.0012269839644432068
4365312512.0,0.0024839662946760654
4366249984.0,0.0028899172320961952
4367187456.0,0.0016760783037170768
4368124928.0,0.0008374129538424313
4369062400.0,-0.00024284503888338804
4369999872.0,-0.002469721483066678
4370937344.0,-0.004821114707738161
4371874816.0,-0.008604801259934902
4372812288.0,-0.012251895852386951
4373749760.0,-0.018935896456241608
4374687744.0,-0.026008857414126396
4375625216.0,-0.03497273474931717
4376562688.0,-0.04536619409918785
4377500160.0,-0.056587059050798416
4378437632.0,-0.07059336453676224
4379375104.0,-0.08640340715646744
4380312576.0,-0.10538831353187561
4381250048.0,-0.12449171394109726
4382187520.0,-0.1452983021736145
4383124992.0,-0.1664915531873703
4384062464.0,-0.19063067436218262
4384999936.0,-0.21383650600910187
4385937408.0,-0.23870617151260376
4386874880.0,-0.3305545151233673
4387812352.0,-0.3464774191379547
4388749824.0,-0.36039578914642334
4389687296.0,-0.37065067887306213
4390624768.0,-0.37904104590415955
4391562752.0,-0.38445109128952026
4392500224.0,-0.3861074447631836
4393437696.0,-0.38510194420814514
4394375168.0,-0.379989892244339
4395312640.0,-0.3726804554462433
4396250112.0,-0.360975980758667
4397187584.0,-0.34628990292549133
4398125056.0,-0.3287380635738373
4399062528.0,-0.30814865231513977
4400000000.0,-0.2852466106414795
4400937472.0,-0.26020878553390503
4401874944.0,-0.23296324908733368
4402812416.0,-0.20331314206123352
4403749888.0,-0.1732712835073471
4404687360.0,-0.14208418130874634
4405624832.0,-0.10957016050815582
4406562304.0,-0.07782299071550369
4407499776.0,-0.045724812895059586
4408437248.0,-0.013605671003460884
4409375232.0,0.015867168083786964
4410312704.0,0.04448957368731499
4411250176.0,0.07079915702342987
4412187648.0,0.09511888772249222
4413125120.0,0.11763892322778702
4414062592.0,0.13767485320568085
4415000064.0,0.15470728278160095
4415937536.0,0.16887566447257996
4416875008.0,0.17916086316108704
4417812480.0,0.1863001435995102
4418749952.0,0.19050520658493042
4419687424.0,0.18966586887836456
4420624896.0,0.18674558401107788
4421562368.0,0.18103908002376556
4422499840.0,0.17199453711509705
4423437312.0,0.15976814925670624
4424374784.0,0.14424291253089905
4425312256.0,0.12572737038135529
4426250240.0,0.10602584481239319
4427187712.0,0.08338333666324615
4428125184.0,0.059899333864450455
4429062656.0,0.0332348495721817
4430000128.0,0.007729740813374519
4430937600.0,-0.019766785204410553
4431875072.0,-0.04666467756032944
4432812544.0,-0.07317105680704117
4433750016.0,-0.09896961599588394
4434687488.0,-0.12442774325609207
4435624960.0,-0.14829212427139282
4436562432.0,-0.17112408578395844
4437499904.0,-0.1906508505344391
4438437376.0,-0.2096165269613266
4439374848.0,-0.22447924315929413
4440312320.0,-0.23869076371192932
4441249792.0,-0.24968546628952026
4442187264.0,-0.257915735244751
4443125248.0,-0.264102965593338
4444062720.0,-0.2660202383995056
4445000192.0,-0.26746866106987
4445937664.0,-0.26658865809440613
4446875136.0,-0.20994135737419128
4447812608.0,-0.2149391621351242
4448750080.0,-0.21639952063560486
4449687552.0,-0.21600942313671112
4450625024.0,-0.21266797184944153
4451562496.0,-0.20613734424114227
4452499968.0,-0.1986083984375
4453437440.0,-0.18703745305538177
4454374912.0,-0.17369940876960754
4455312384.0,-0.1569450944662094
4456249856.0,-0.13879835605621338
4457187328.0,-0.11935313791036606
4458124800.0,-0.09837672859430313
4459062272.0,-0.07620833814144135
4460000256.0,-0.05287192016839981
4460937728.0,-0.030898218974471092
4461875200.0,-0.00916302390396595
4462812672.0,0.01209806464612484
4463750144.0,0.03266371414065361
4464687616.0,0.05102883279323578
4465625088.0,0.06790520250797272
4466562560.0,0.08369060605764389
4467500032.0,0.09588149189949036
4468437504.0,0.10560035705566406
4469374976.0,0.11303571611642838
4470312448.0,0.1187886893749237
4471249920.0,0.11993473768234253
4472187392.0,0.11942367255687714
4473124864.0,0.11545911431312561
4474062336.0,0.10802187025547028
4474999808.0,0.09875909239053726
4475937280.0,0.0858079269528389
4476874752.0,0.0704798623919487
4477812736.0,0.052482087165117264
4478750208.0,0.031199932098388672
4479687680.0,0.009195419028401375
4480625152.0,-0.01410694606602192
4481562624.0,-0.040265414863824844
4482500096.0,-0.06579244881868362
4483437568.0,-0.09320981800556183
4484375040.0,-0.12073784321546555
4485312512.0,-0.15001395344734192
4486249984.0,-0.1794167011976242
4487187456.0,-0.2061881572008133
4488124928.0,-0.23409293591976166
4489062400.0,-0.2593627870082855
4489999872.0,-0.28312137722969055
4490937344.0,-0.3064630925655365
4491874816.0,-0.326774924993515
4492812288.0,-0.34449338912963867
4493749760.0,-0.3597031831741333
4494687744.0,-0.3740168809890747
4495625216.0,-0.3850446343421936
4496562688.0,-0.39358556270599365
4497500160.0,-0.4008082151412964
4498437632.0,-0.4052277207374573
4499375104.0,-0.40852120518684387
4500312576.0,-0.41106870770454407
4501250048.0,-0.4115234911441803
4502187520.0,-0.4094395339488983
4503124992.0,-0.4068043529987335
4504062464.0,-0.40283119678497314
4504999936.0,-0.3986876904964447
4505937408.0,-0.3945016860961914
4506874880.0,-0.2753456234931946
4507812352.0,-0.2723265588283539
4508749824.0,-0.2701723575592041
4509687296.0,-0.2693801820278168
4510624768.0,-0.2686885893344879
4511562752.0,-0.2689223885536194
4512500224.0,-0.26862049102783203
4513437696.0,-0.2711176574230194
4514375168.0,-0.27362260222435
4515312640.0,-0.27868688106536865
4516250112.0,-0.2829258143901825
4517187584.0,-0.288575679063797
4518125056.0,-0.29442280530929565
4519062528.0,-0.30142146348953247
4520000000.0,-0.3088586926460266
4520937472.0,-0.31730735301971436
4521874944.0,-0.3263518810272217
4522812416.0,-0.33583542704582214
4523749888.0,-0.34537702798843384
4524687360.0,-0.35549667477607727
4525624832.0,-0.3641585111618042
4526562304.0,-0.3730146586894989
4527499776.0,-0.38193145394325256
4528437248.0,-0.39035871624946594
4529375232.0,-0.3984203636646271
4530312704.0,-0.4067113995552063
4531250176.0,-0.41365498304367065
4532187648.0,-0.420663982629776
4533125120.0,-0.4274827241897583
4534062592.0,-0.43430382013320923
4535000064.0,-0.43832138180732727
4535937536.0,-0.4434778690338135
4536875008.0,-0.44682592153549194
4537812480.0,-0.4489508271217346
4538749952.0,-0.45156872272491455
4539687424.0,-0.4531359374523163
4540624896.0,-0.45366087555885315
4541562368.0,-0.45425426959991455
4542499840.0,-0.4541281759738922
4543437312.0,-0.4537016749382019
4544374784.0,-0.45240893959999084
4545312256.0,-0.450850248336792
4546250240.0,-0.44879740476608276
4547187712.0,-0.446266770362854
4548125184.0,-0.4425894021987915
4549062656.0,-0.4404422342777252
4550000128.0,-0.4374161958694458
4550937600.0,-0.43563714623451233
4551875072.0,-0.4341813325881958
4552812544.0,-0.4311845898628235
4553750016.0,-0.42907920479774475
4554687488.0,-0.42692720890045166
4555624960.0,-0.42373237013816833
4556562432.0,-0.4220346212387085
4557499904.0,-0.4213102161884308
4558437376.0,-0.4204661548137665
4559374848.0,-0.419164776802063
4560312320.0,-0.41821590065956116
4561249792.0,-0.4182772934436798
4562187264.0,-0.4166886508464813
4563125248.0,-0.4158000349998474
4564062720.0,-0.4146592617034912
4565000192.0,-0.41264793276786804
4565937664.0,-0.4097230136394501
4566875136.0,-0.3631857931613922
4567812608.0,-0.3697066307067871
4568750080.0,-0.37407734990119934
4569687552.0,-0.3771953880786896
4570625024.0,-0.37933143973350525
4571562496.0,-0.3781614899635315
4572499968.0,-0.3753367066383362
4573437440.0,-0.3701030910015106
4574374912.0,-0.36293843388557434
4575312384.0,-0.3530504107475281
4576249856.0,-0.3407594859600067
4577187328.0,-0.3271501958370209
4578124800.0,-0.3120766282081604
4579062272.0,-0.29463234543800354
4579999744.0,-0.27733686566352844
4580937728.0,-0.2572765648365021
4581875200.0,-0.23671332001686096
4582812672.0,-0.21439039707183838
4583750144.0,-0.1932048797607422
4584687616.0,-0.17142096161842346
4585625088.0,-0.14889495074748993
4586562560.0,-0.12639778852462769
4587500032.0,-0.10408161580562592
4588437504.0,-0.083485446870327
4589374976.0,-0.06368982046842575
4590312448.0,-0.045306798070669174
4591249920.0,-0.02745722234249115
4592187392.0,-0.0125401197001338
4593124864.0,0.0007402387564070523
4594062336.0,0.011505539529025555
4594999808.0,0.02072237990796566
4595937280.0,0.026975784450769424
4596874752.0,0.029920948669314384
4597812736.0,0.02954050898551941
4598750208.0,0.02759271301329136
4599687680.0,0.022122766822576523
4600625152.0,0.013721915893256664
4601562624.0,0.0039354488253593445
4602500096.0,-0.007718349806964397
4603437568.0,-0.02352035790681839
4604375040.0,-0.04002312570810318
4605312512.0,-0.058423157781362534
4606249984.0,-0.07798615843057632
4607187456.0,-0.10086851567029953
4608124928.0,-0.12372957170009613
4609062400.0,-0.14645513892173767
4609999872.0,-0.16992583870887756
4610937344.0,-0.1931794136762619
4611874816.0,-0.216310515999794
4612812288.0,-0.2382463663816452
4613749760.0,-0.2603686451911926
4614687744.0,-0.28022265434265137
4615625216.0,-0.30070987343788147
4616562688.0,-0.31890836358070374
4617500160.0,-0.33517637848854065
4618437632.0,-0.35156869888305664
4619375104.0,-0.36659350991249084
4620312576.0,-0.37939587235450745
4621250048.0,-0.3919657766819
4622187520.0,-0.4040695130825043
4623124992.0,-0.4145163297653198
4624062464.0,-0.42340222001075745
4624999936.0,-0.433187335729599
4625937408.0,-0.44179767370224
4626874880.0,-0.45564353466033936
4627812352.0,-0.45063692331314087
4628749824.0,-0.4435100853443146
4629687296.0,-0.4347458481788635
4630624768.0,-0.42591965198516846
4631562752.0,-0.41557687520980835
4632500224.0,-0.4053499400615692
4633437696.0,-0.39471060037612915
4634375168.0,-0.3850939869880676
4635312640.0,-0.374654084444046
4636250112.0,-0.36487576365470886
4637187584.0,-0.3558340072631836
4638125056.0,-0.3471202552318573
4639062528.0,-0.33865275979042053
4640000000.0,-0.33048492670059204
4640937472.0,-0.32395797967910767
4641874944.0,-0.31713518500328064
4642812416.0,-0.3117217421531677
4643749888.0,-0.30729737877845764
4644687360.0,-0.30495697259902954
4645624832.0,-0.3020685613155365
4646562304.0,-0.3017200231552124
4647499776.0,-0.3024788200855255
4648437248.0,-0.3043227195739746
4649375232.0,-0.30774039030075073
4650312704.0,-0.31210005283355713
4651250176.0,-0.31695136427879333
4652187648.0,-0.3228146433830261
4653125120.0,-0.3287801742553711
4654062592.0,-0.33577045798301697
4655000064.0,-0.3438105881214142
4655937536.0,-0.35261407494544983
4656875008.0,-0.36151042580604553
4657812480.0,-0.37204912304878235
4658749952.0,-0.3842550218105316
4659687424.0,-0.39539849758148193
4660624896.0,-0.40781962871551514
4661562368.0,-0.4204077422618866
4662499840.0,-0.43463626503944397
4663437312.0,-0.4465320110321045
4664374784.0,-0.46027716994285583
4665312256.0,-0.4738217890262604
4666250240.0,-0.48715561628341675
4667187712.0,-0.5004449486732483
4668125184.0,-0.5157861709594727
4669062656.0,-0.5297085046768188
4670000128.0,-0.5443961024284363
4670937600.0,-0.5604252815246582
4671875072.0,-0.5744081139564514
4672812544.0,-0.5883129239082336
4673750016.0,-0.6021701097488403
4674687488.0,-0.6151260137557983
4675624960.0,-0.6270509362220764
4676562432.0,-0.639238715171814
4677499904.0,-0.6517176032066345
4678437376.0,-0.6620809435844421
4679374848.0,-0.6724162697792053
4680312320.0,-0.6799466013908386
4681249792.0,-0.688007652759552
4682187264.0,-0.6934987306594849
4683125248.0,-0.6988089680671692
4684062720.0,-0.7016574740409851
4685000192.0,-0.7030367851257324
4685937664.0,-0.7025519609451294
4686875136.0,-0.6782079339027405
4687812608.0,-0.6790521144866943
4688750080.0,-0.6755075454711914
4689687552.0,-0.669877290725708
4690625024.0,-0.661138117313385
4691562496.0,-0.6499167680740356
4692499968.0,-0.6359894871711731
4693437440.0,-0.6198955774307251
4694374912.0,-0.6007720828056335
4695312384.0,-0.5806559920310974
4696249856.0,-0.5585582256317139
4697187328.0,-0.535845935344696
4698124800.0,-0.5109372138977051
4699062272.0,-0.48728328943252563
4700000256.0,-0.46316131949424744
4700937728.0,-0.439746618270874
4701875200.0,-0.41929173469543457
4702812672.0,-0.40008822083473206
4703750144.0,-0.38248130679130554
4704687616.0,-0.36769676208496094
4705625088.0,-0.3558390140533447
4706562560.0,-0.3480972349643707
4707500032.0,-0.3441416323184967
4708437504.0,-0.34291818737983704
4709374976.0,-0.3475649356842041
4710312448.0,-0.35638195276260376
4711249920.0,-0.3692733347415924
4712187392.0,-0.3864268958568573
4713124864.0,-0.4082539975643158
4714062336.0,-0.43591317534446716
4714999808.0,-0.46733567118644714
4715937280.0,-0.504645824432373
4716874752.0,-0.5450663566589355
4717812736.0,-0.5884053707122803
4718750208.0,-0.6348181962966919
4719687680.0,-0.683096170425415
4720625152.0,-0.7323381304740906
4721562624.0,-0.7814133167266846
4722500096.0,-0.8310922980308533
4723437568.0,-0.8780331015586853
4724375040.0,-0.9245059490203857
4725312512.0,-0.9672486186027527
4726249984.0,-1.0071732997894287
4727187456.0,-1.0437188148498535
4728124928.0,-1.0754324197769165
4729062400.0,-1.1029504537582397
4729999872.0,-1.1248557567596436
4730937344.0,-1.1438935995101929
4731874816.0,-1.1584937572479248
4732812288.0,-1.1682108640670776
4733749760.0,-1.1748640537261963
4734687744.0,-1.1766003370285034
4735625216.0,-1.1761997938156128
4736562688.0,-1.1734458208084106
4737500160.0,-1.1674461364746094
4738437632.0,-1.1586873531341553
4739375104.0,-1.149025321006775
4740312576.0,-1.1354784965515137
4741250048.0,-1.1229119300842285
4742187520.0,-1.108695149421692
4743124992.0,-1.094054937362671
4744062464.0,-1.0805821418762207
4744999936.0,-1.0659846067428589
4745937408.0,-1.052026391029358
4746874880.0,-0.8076977729797363
4747812352.0,-0.8143411874771118
4748749824.0,-0.8200992345809937
4749687296.0,-0.827113151550293
4750624768.0,-0.8322468400001526
4751562752.0,-0.8367184996604919
4752500224.0,-0.8418525457382202
4753437696.0,-0.8462923169136047
4754375168.0,-0.8497095704078674
4755312640.0,-0.8535228967666626
4756250112.0,-0.8564711213111877
4757187584.0,-0.8579629063606262
4758125056.0,-0.8591545224189758
4759062528.0,-0.8585941791534424
4760000000.0,-0.858578622341156
4760937472.0,-0.8572888970375061
4761874944.0,-0.8552610278129578
4762812416.0,-0.8532383441925049
4763749888.0,-0.849109411239624
4764687360.0,-0.8450343012809753
4765624832.0,-0.8396852612495422
4766562304.0,-0.8351548314094543
4767499776.0,-0.8290606141090393
4768437248.0,-0.823253333568573
4769375232.0,-0.8178235292434692
4770312704.0,-0.8137829899787903
4771250176.0,-0.809039294719696
4772187648.0,-0.8043288588523865
4773125120.0,-0.8012459874153137
4774062592.0,-0.7979493737220764
4775000064.0,-0.7965719699859619
4775937536.0,-0.7958785891532898
4776875008.0,-0.7965219616889954
4777812480.0,-0.7988235950469971
4778749952.0,-0.8024401664733887
4779687424.0,-0.8072410225868225
4780624896.0,-0.8145787119865417
4781562368.0,-0.8240559697151184
4782499840.0,-0.8354090452194214
4783437312.0,-0.8491775393486023
4784374784.0,-0.8642746210098267
4785312256.0,-0.88163161277771
4786250240.0,-0.9012476801872253
4787187712.0,-0.9217568039894104
4788125184.0,-0.9442840218544006
4789062656.0,-0.9686539769172668
4790000128.0,-0.9934078454971313
4790937600.0,-1.0200008153915405
4791875072.0,-1.0464040040969849
4792812544.0,-1.073752522468567
4793750016.0,-1.1013598442077637
4794687488.0,-1.1293821334838867
4795624960.0,-1.1577612161636353
4796562432.0,-1.1850286722183228
4797499904.0,-1.21126127243042
4798437376.0,-1.235154151916504
4799374848.0,-1.2594207525253296
4800312320.0,-1.2811732292175293
4801249792.0,-1.3022798299789429
4802187264.0,-1.3206665515899658
4803125248.0,-1.3357303142547607
4804062720.0,-1.3501274585723877
4805000192.0,-1.3621045351028442
4805937664.0,-1.3726081848144531
4806875136.0,-1.2287131547927856
4807812608.0,-1.2329511642456055
4808750080.0,-1.2358524799346924
4809687552.0,-1.2375880479812622
4810625024.0,-1.2374056577682495
4811562496.0,-1.2347412109375
4812499968.0,-1.2318549156188965
4813437440.0,-1.2282806634902954
4814374912.0,-1.2227212190628052
4815312384.0,-1.217130422592163
4816249856.0,-1.21148681640625
4817187328.0,-1.2051191329956055
4818124800.0,-1.1977689266204834
4819062272.0,-1.1919569969177246
4819999744.0,-1.1860092878341675
4820937728.0,-1.1812918186187744
4821875200.0,-1.1774500608444214
4822812672.0,-1.1734706163406372
4823750144.0,-1.17137610912323
4824687616.0,-1.169711947441101
4825625088.0,-1.1698631048202515
4826562560.0,-1.1709152460098267
4827500032.0,-1.1733888387680054
4828437504.0,-1.1801600456237793
4829374976.0,-1.186389446258545
4830312448.0,-1.195908546447754
4831249920.0,-1.2070872783660889
4832187392.0,-1.2205605506896973
4833124864.0,-1.2363948822021484
4834062336.0,-1.2519755363464355
4834999808.0,-1.2693824768066406
4835937280.0,-1.2888360023498535
4836874752.0,-1.3090732097625732
4837812736.0,-1.3286066055297852
4838750208.0,-1.3502761125564575
4839687680.0,-1.3724724054336548
4840625152.0,-1.3955128192901611
4841562624.0,-1.418775200843811
4842500096.0,-1.4412026405334473
4843437568.0,-1.463104486465454
4844375040.0,-1.4842232465744019
4845312512.0,-1.5029761791229248
4846249984.0,-1.5224803686141968
4847187456.0,-1.539392113685608
4848124928.0,-1.5559672117233276
4849062400.0,-1.570602536201477
4849999872.0,-1.5842252969741821
4850937344.0,-1.5963845252990723
4851874816.0,-1.6073375940322876
4852812288.0,-1.6160963773727417
4853749760.0,-1.6245734691619873
4854687744.0,-1.631036400794983
4855625216.0,-1.6354572772979736
4856562688.0,-1.6399681568145752
4857500160.0,-1.64409339427948
4858437632.0,-1.6461552381515503
4859375104.0,-1.6497557163238525
4860312576.0,-1.6533225774765015
4861250048.0,-1.6568866968154907
4862187520.0,-1.6593751907348633
4863124992.0,-1.6625880002975464
4864062464.0,-1.6670161485671997
4864999936.0,-1.6702854633331299
4865937408.0,-1.6742918491363525
4866874880.0,-1.6583364009857178
4867812352.0,-1.662041425704956
4868749824.0,-1.6666170358657837
4869687296.0,-1.6720776557922363
4870624768.0,-1.677281379699707
4871562752.0,-1.6847479343414307
4872500224.0,-1.691497564315796
4873437696.0,-1.698132038116455
4874375168.0,-1.7058801651000977
4875312640.0,-1.7135602235794067
4876250112.0,-1.722228765487671
4877187584.0,-1.7332361936569214
4878125056.0,-1.7442318201065063
4879062528.0,-1.7560831308364868
4880000000.0,-1.7686940431594849
4880937472.0,-1.7803821563720703
4881874944.0,-1.7934622764587402
4882812416.0,-1.8058545589447021
4883749888.0,-1.8193167448043823
4884687360.0,-1.8319026231765747
4885624832.0,-1.8447378873825073
4886562304.0,-1.8566917181015015
4887499776.0,-1.8676828145980835
4888437248.0,-1.8764346837997437
4889375232.0,-1.8841094970703125
4890312704.0,-1.889164686203003
4891250176.0,-1.8922077417373657
4892187648.0,-1.8918390274047852
4893125120.0,-1.888135313987732
4894062592.0,-1.8831452131271362
4895000064.0,-1.8751509189605713
4895937536.0,-1.8646125793457031
4896875008.0,-1.8518924713134766
4897812480.0,-1.8363234996795654
4898749952.0,-1.8190449476242065
4899687424.0,-1.8001700639724731
4900624896.0,-1.7791351079940796
4901562368.0,-1.75605309009552
4902499840.0,-1.7314573526382446
4903437312.0,-1.7077035903930664
4904374784.0,-1.6806714534759521
4905312256.0,-1.6539900302886963
4906250240.0,-1.627555012702942
4907187712.0,-1.6021536588668823
4908125184.0,-1.5758599042892456
4909062656.0,-1.5521652698516846
4910000128.0,-1.52774178981781
4910937600.0,-1.5060490369796753
4911875072.0,-1.4855669736862183
4912812544.0,-1.4656307697296143
4913750016.0,-1.449010968208313
4914687488.0,-1.4339547157287598
4915624960.0,-1.4220669269561768
4916562432.0,-1.4123538732528687
4917499904.0,-1.4053958654403687
4918437376.0,-1.3988648653030396
4919374848.0,-1.3976973295211792
4920312320.0,-1.396295189857483
4921249792.0,-1.3971325159072876
4922187264.0,-1.3473373651504517
4923125248.0,-1.335516333580017
4924062720.0,-1.324266791343689
4925000192.0,-1.31417977809906
4925937664.0,-1.4197378158569336
4926875136.0,-1.4257941246032715
4927812608.0,-1.4317741394042969
4928750080.0,-1.43773353099823
4929687552.0,-1.4421275854110718
4930625024.0,-1.4447604417800903
4931562496.0,-1.4456056356430054
4932499968.0,-1.4442081451416016
4933437440.0,-1.441266655921936
4934374912.0,-1.4351476430892944
4935312384.0,-1.4258509874343872
4936249856.0,-1.4132862091064453
4937187328.0,-1.3990199565887451
4938124800.0,-1.3830116987228394
4939062272.0,-1.3662819862365723
4940000256.0,-1.3466286659240723
4940937728.0,-1.326706886291504
4941875200.0,-1.3043798208236694
4942812672.0,-1.2813808917999268
4943750144.0,-1.2579659223556519
4944687616.0,-1.2342110872268677
4945625088.0,-1.2112812995910645
4946562560.0,-1.1884208917617798
4947500032.0,-1.1666826009750366
4948437504.0,-1.1473405361175537
4949374976.0,-1.1292874813079834
4950312448.0,-1.1129426956176758
4951249920.0,-1.0981758832931519
4952187392.0,-1.0870898962020874
4953124864.0,-1.0768911838531494
4954062336.0,-1.0689822435379028
4954999808.0,-1.0621830224990845
4955937280.0,-1.0571515560150146
4956874752.0,-1.0530146360397339
4957812736.0,-1.0506665706634521
4958750208.0,-1.0486228466033936
4959687680.0,-1.0461629629135132
4960625152.0,-1.043218731880188
4961562624.0,-1.0398577451705933
4962500096.0,-1.037285327911377
4963437568.0,-1.0321754217147827
4964375040.0,-1.0278635025024414
4965312512.0,-1.0213723182678223
4966249984.0,-1.0137859582901
4967187456.0,-1.0058350563049316
4968124928.0,-0.997206449508667
4969062400.0,-0.9880169034004211
4969999872.0,-0.9785918593406677
4970937344.0,-0.9690617322921753
4971874816.0,-0.9580248594284058
4972812288.0,-0.9482043981552124
4973749760.0,-0.937855064868927
4974687744.0,-0.929014265537262
4975625216.0,-0.9203789830207825
4976562688.0,-0.9123122096061707
4977500160.0,-0.9047505259513855
4978437632.0,-0.8973571062088013
4979375104.0,-0.8891570568084717
4980312576.0,-0.8819671869277954
4981250048.0,-0.8729758858680725
4982187520.0,-0.8644780516624451
4983124992.0,-0.8565117120742798
4984062464.0,-0.8472349047660828
4984999936.0,-0.8393263220787048
4985937408.0,-0.8163193464279175
4986874880.0,-0.8069294691085815
4987812352.0,-0.7985787987709045
4988749824.0,-0.7915757894515991
4989687296.0,-0.7847582101821899
4990624768.0,-0.7798199653625488
4991562752.0,-0.7750397324562073
4992500224.0,-0.7739568948745728
4993437696.0,-0.7727439999580383
4994375168.0,-0.772951602935791
4995312640.0,-0.7745566964149475
4996250112.0,-0.7777766585350037
4997187584.0,-0.7806968688964844
4998125056.0,-0.7859318852424622
4999062528.0,-0.7917819619178772
5000000000.0,-0.7989578247070312
5000937472.0,-0.8068888187408447
5001874944.0,-0.8142093420028687
5002812416.0,-0.8214804530143738
5003749888.0,-0.8304904699325562
5004687360.0,-0.8375251293182373
5005624832.0,-0.84403395652771
5006562304.0,-0.8495640158653259
5007499776.0,-0.8543072938919067
5008437248.0,-0.8576189279556274
5009375232.0,-0.8586443662643433
5010312704.0,-0.8573697209358215
5011250176.0,-0.8531132936477661
5012187648.0,-0.8476316332817078
5013125120.0,-0.8388313055038452
5014062592.0,-0.8279135823249817
5015000064.0,-0.813912570476532
5015937536.0,-0.7974807024002075
5016875008.0,-0.7780999541282654
5017812480.0,-0.7561027407646179
5018749952.0,-0.732821524143219
5019687424.0,-0.7072235345840454
5020624896.0,-0.6799796223640442
5021562368.0,-0.6502220034599304
5022499840.0,-0.6204105615615845
5023437312.0,-0.5900440812110901
5024374784.0,-0.557960569858551
5025312256.0,-0.5262906551361084
5026250240.0,-0.49533870816230774
5027187712.0,-0.4650610387325287
5028125184.0,-0.43540990352630615
5029062656.0,-0.4067855775356293
5030000128.0,-0.38008570671081543
5030937600.0,-0.3554955720901489
5031875072.0,-0.3327275514602661
5032812544.0,-0.31136268377304077
5033750016.0,-0.2927940785884857
5034687488.0,-0.27772951126098633
5035624960.0,-0.2662825286388397
5036562432.0,-0.25741657614707947
5037499904.0,-0.25186780095100403
5038437376.0,-0.24922770261764526
5039374848.0,-0.2509840130805969
5040312320.0,-0.2552049458026886
5041249792.0,-0.2620944678783417
5042187264.0,-0.27175432443618774
5043125248.0,-0.2846544086933136
5044062720.0,-0.29966652393341064
5045000192.0,-0.31682196259498596
5045937664.0,-0.5842934250831604
5046875136.0,-0.5949110984802246
5047812608.0,-0.6042527556419373
5048750080.0,-0.6126511096954346
5049687552.0,-0.6228739619255066
5050625024.0,-0.6316036581993103
5051562496.0,-0.6410906910896301
5052499968.0,-0.650672435760498
5053437440.0,-0.6601715683937073
5054374912.0,-0.6688047051429749
5055312384.0,-0.6773375868797302
5056249856.0,-0.6846442818641663
5057187328.0,-0.690791130065918
5058124800.0,-0.6959250569343567
5059062272.0,-0.7004824876785278
5059999744.0,-0.7022912502288818
5060937728.0,-0.7046680450439453
5061875200.0,-0.7056660652160645
5062812672.0,-0.7032012939453125
5063750144.0,-0.7013340592384338
5064687616.0,-0.6967608332633972
5065625088.0,-0.6899351477622986
5066562560.0,-0.6825931668281555
5067500032.0,-0.6715035438537598
5068437504.0,-0.6596736311912537
5069374976.0,-0.6448849439620972
5070312448.0,-0.6291929483413696
5071249920.0,-0.6112040281295776
5072187392.0,-0.5918285250663757
5073124864.0,-0.5709617733955383
5074062336.0,-0.5484805107116699
5074999808.0,-0.5253673195838928
5075937280.0,-0.5011468529701233
5076874752.0,-0.4752958416938782
5077812736.0,-0.45055368542671204
5078750208.0,-0.4249153435230255
5079687680.0,-0.39990904927253723
5080625152.0,-0.3751043975353241
5081562624.0,-0.35058116912841797
5082500096.0,-0.32734426856040955
5083437568.0,-0.3059406280517578
5084375040.0,-0.2849591374397278
5085312512.0,-0.26736608147621155
5086249984.0,-0.25079262256622314
5087187456.0,-0.23523196578025818
5088124928.0,-0.22352319955825806
5089062400.0,-0.21371734142303467
5089999872.0,-0.20586295425891876
5090937344.0,-0.20032551884651184
5091874816.0,-0.19778195023536682
5092812288.0,-0.1978575885295868
5093749760.0,-0.20122087001800537
5094687744.0,-0.20613084733486176
5095625216.0,-0.21443934738636017
5096562688.0,-0.22545626759529114
5097500160.0,-0.23756341636180878
5098437632.0,-0.2526186406612396
5099375104.0,-0.2696087062358856
5100312576.0,-0.28939276933670044
5101250048.0,-0.31044310331344604
5102187520.0,-0.3335634171962738
5103124992.0,-0.35628169775009155
5104062464.0,-0.3813786208629608
5104999936.0,-0.4067905843257904
5105937408.0,-0.50359046459198
5106874880.0,-0.5223590135574341
5107812352.0,-0.5383157134056091
5108749824.0,-0.553565263748169
5109687296.0,-0.5658295154571533
5110624768.0,-0.5780858993530273
5111562752.0,-0.586871862411499
5112500224.0,-0.5928174257278442
5113437696.0,-0.5981008410453796
5114375168.0,-0.6007499098777771
5115312640.0,-0.6031385064125061
5116250112.0,-0.6016194820404053
5117187584.0,-0.5987977981567383
5118125056.0,-0.5966191291809082
5119062528.0,-0.5909730792045593
5120000000.0,-0.5859240293502808
5120937472.0,-0.5791009664535522
5121874944.0,-0.5738292932510376
5122812416.0,-0.5676375031471252
5123749888.0,-0.5604051351547241
5124687360.0,-0.5522450804710388
5125624832.0,-0.5451585650444031
5126562304.0,-0.5372544527053833
5127499776.0,-0.5295270681381226
5128437248.0,-0.520424485206604
5129375232.0,-0.5109479427337646
5130312704.0,-0.5002359747886658
5131250176.0,-0.48862385749816895
5132187648.0,-0.47698599100112915
5133125120.0,-0.46263593435287476
5134062592.0,-0.44667214155197144
5135000064.0,-0.4303792715072632
5135937536.0,-0.4119971692562103
5136875008.0,-0.3938308656215668
5137812480.0,-0.3748002052307129
5138749952.0,-0.3569266200065613
5139687424.0,-0.3371550440788269
5140624896.0,-0.3187800943851471
5141562368.0,-0.3035961389541626
5142499840.0,-0.28894779086112976
5143437312.0,-0.2773733139038086
5144374784.0,-0.2696169316768646
5145312256.0,-0.2694065570831299
5146250240.0,-0.2740313410758972
5147187712.0,-0.28639769554138184
5148125184.0,-0.3012676537036896
5149062656.0,-0.32032155990600586
5150000128.0,-0.34063422679901123
5150937600.0,-0.3602777421474457
5151875072.0,-0.3814896047115326
5152812544.0,-0.4016402065753937
5153750016.0,-0.4206358790397644
5154687488.0,-0.4386416971683502
5155624960.0,-0.4553847908973694
5156562432.0,-0.47127947211265564
5157499904.0,-0.4847099483013153
5158437376.0,-0.4979577362537384
5159374848.0,-0.5095118284225464
5160312320.0,-0.5199831128120422
5161249792.0,-0.5287298560142517
5162187264.0,-0.5374219417572021
5163125248.0,-0.5455136895179749
5164062720.0,-0.5530779957771301
5165000192.0,-0.561202883720398
5165937664.0,-0.5667039155960083
5166875136.0,-0.5809743404388428
5167812608.0,-0.5963292121887207
5168750080.0,-0.612654447555542
5169687552.0,-0.6279864311218262
5170625024.0,-0.6446754336357117
5171562496.0,-0.6610362529754639
5172499968.0,-0.677172839641571
5173437440.0,-0.6933453679084778
5174374912.0,-0.7090957164764404
5175312384.0,-0.7217695713043213
5176249856.0,-0.7348357439041138
5177187328.0,-0.7459522485733032
5178124800.0,-0.7546848654747009
5179062272.0,-0.7611915469169617
5180000256.0,-0.7648434638977051
5180937728.0,-0.7653058767318726
5181875200.0,-0.7657049894332886
5182812672.0,-0.7619519233703613
5183750144.0,-0.7546505928039551
5184687616.0,-0.7447169423103333
5185625088.0,-0.732199490070343
5186562560.0,-0.7167912125587463
5187500032.0,-0.6990998387336731
5188437504.0,-0.6785073280334473
5189374976.0,-0.6587108969688416
5190312448.0,-0.6357730627059937
5191249920.0,-0.6126145124435425
5192187392.0,-0.5887117385864258
5193124864.0,-0.5636770129203796
5194062336.0,-0.5398759841918945
5194999808.0,-0.514798104763031
5195937280.0,-0.4925185441970825
5196874752.0,-0.46990570425987244
5197812736.0,-0.44863879680633545
5198750208.0,-0.42964547872543335
5199687680.0,-0.4123646318912506
5200625152.0,-0.39808133244514465
5201562624.0,-0.3850176930427551
5202500096.0,-0.3738543391227722
5203437568.0,-0.36600834131240845
5204375040.0,-0.3609258234500885
5205312512.0,-0.35811910033226013
5206249984.0,-0.35786736011505127
5207187456.0,-0.3614632785320282
5208124928.0,-0.36748480796813965
5209062400.0,-0.3761310279369354
5209999872.0,-0.3885643184185028
5210937344.0,-0.40260761976242065
5211874816.0,-0.4188132882118225
5212812288.0,-0.4373643100261688
5213749760.0,-0.4587668776512146
5214687744.0,-0.48049211502075195
5215625216.0,-0.5063707232475281
5216562688.0,-0.5324180126190186
5217500160.0,-0.5600109696388245
5218437632.0,-0.5873703956604004
5219375104.0,-0.6156663298606873
5220312576.0,-0.6436179876327515
5221250048.0,-0.6717416644096375
5222187520.0,-0.699212908744812
5223124992.0,-0.7262166738510132
5224062464.0,-0.7533587217330933
5224999936.0,-0.7782104015350342
5225937408.0,-0.8296492695808411
5226874880.0,-0.8548083901405334
5227812352.0,-0.8773150444030762
5228749824.0,-0.897731602191925
5229687296.0,-0.9168729186058044
5230624768.0,-0.933340847492218
5231562752.0,-0.9466816186904907
5232500224.0,-0.9588488936424255
5233437696.0,-0.9669354557991028
5234375168.0,-0.972910463809967
5235312640.0,-0.9787315130233765
5236250112.0,-0.9796522855758667
5237187584.0,-0.9774752259254456
5238125056.0,-0.9733952283859253
5239062528.0,-0.9681802988052368
5240000000.0,-0.9604194164276123
5240937472.0,-0.9507186412811279
5241874944.0,-0.9414461851119995
5242812416.0,-0.9288458824157715
5243749888.0,-0.9170579314231873
5244687360.0,-0.9025155901908875
5245624832.0,-0.8881492614746094
5246562304.0,-0.8727652430534363
5247499776.0,-0.8581571578979492
5248437248.0,-0.8424190878868103
5249375232.0,-0.8282607793807983
5250312704.0,-0.8134796619415283
5251250176.0,-0.799237847328186
5252187648.0,-0.7842625379562378
5253125120.0,-0.7701696157455444
5254062592.0,-0.7569137811660767
5255000064.0,-0.7459022998809814
5255937536.0,-0.7363986968994141
5256875008.0,-0.7274495363235474
5257812480.0,-0.7214561104774475
5258749952.0,-0.7173212170600891
5259687424.0,-0.7142220139503479
5260624896.0,-0.7128271460533142
5261562368.0,-0.7138492465019226
5262499840.0,-0.7161596417427063
5263437312.0,-0.719255268573761
5264374784.0,-0.7245738506317139
5265312256.0,-0.7319803833961487
5266250240.0,-0.7425755262374878
5267187712.0,-0.7550007700920105
5268125184.0,-0.7694592475891113
5269062656.0,-0.7879857420921326
5270000128.0,-0.8076611757278442
5270937600.0,-0.8295965194702148
5271875072.0,-0.8531535267829895
5272812544.0,-0.8810870051383972
5273750016.0,-0.9094719886779785
5274687488.0,-0.9398020505905151
5275624960.0,-0.9724382162094116
5276562432.0,-1.0067631006240845
5277499904.0,-1.0425868034362793
5278437376.0,-1.0785114765167236
5279374848.0,-1.1152751445770264
5280312320.0,-1.1525237560272217
5281249792.0,-1.192378282546997
5282187264.0,-1.2335435152053833
5283125248.0,-1.2738877534866333
5284062720.0,-1.3148434162139893
5285000192.0,-1.3557356595993042
5285937664.0,-1.3865920305252075
5286875136.0,-1.4215059280395508
5287812608.0,-1.4528101682662964
5288750080.0,-1.4856512546539307
5289687552.0,-1.5136202573776245
5290625024.0,-1.538097858428955
5291562496.0,-1.5582395792007446
5292499968.0,-1.5768872499465942
5293437440.0,-1.5929865837097168
5294374912.0,-1.6051002740859985
5295312384.0,-1.6141566038131714
5296249856.0,-1.6200987100601196
5297187328.0,-1.6232777833938599
5298124800.0,-1.623650074005127
5299062272.0,-1.6226333379745483
5299999744.0,-1.618029236793518
5300937728.0,-1.6101676225662231
5301875200.0,-1.6026374101638794
5302812672.0,-1.5909065008163452
5303750144.0,-1.577916145324707
5304687616.0,-1.5645251274108887
5305625088.0,-1.5508979558944702
5306562560.0,-1.5352962017059326
5307500032.0,-1.5206183195114136
5308437504.0,-1.504240870475769
5309374976.0,-1.4882500171661377
5310312448.0,-1.471906065940857
5311249920.0,-1.4561704397201538
5312187392.0,-1.4419775009155273
5313124864.0,-1.4281387329101562
5314062336.0,-1.4170907735824585
5314999808.0,-1.4076672792434692
5315937280.0,-1.4007973670959473
5316874752.0,-1.3958927392959595
5317812736.0,-1.3936539888381958
5318750208.0,-1.393404483795166
5319687680.0,-1.3961504697799683
5320625152.0,-1.401404619216919
5321562624.0,-1.4087947607040405
5322500096.0,-1.4197801351547241
5323437568.0,-1.4333182573318481
5324375040.0,-1.449450969696045
5325312512.0,-1.4671132564544678
5326249984.0,-1.4895755052566528
5327187456.0,-1.514520525932312
5328124928.0,-1.5431538820266724
5329062400.0,-1.5743145942687988
5329999872.0,-1.6087926626205444
5330937344.0,-1.6459347009658813
5331874816.0,-1.6838704347610474
5332812288.0,-1.7525726556777954
5333749760.0,-1.8010221719741821
5334687744.0,-1.8513591289520264
5335625216.0,-1.903978705406189
5336562688.0,-1.9580999612808228
5337500160.0,-2.0128278732299805
5338437632.0,-2.069894790649414
5339375104.0,-2.1280651092529297
5340312576.0,-2.1862711906433105
5341250048.0,-2.244611978530884
5342187520.0,-2.302983283996582
5343124992.0,-2.359687328338623
5344062464.0,-2.415609121322632
5344999936.0,-2.468250036239624
5345937408.0,-2.411472797393799
5346874880.0,-2.4453253746032715
5347812352.0,-2.4756085872650146
5348749824.0,-2.5037734508514404
5349687296.0,-2.5290489196777344
5350624768.0,-2.5515239238739014
5351562752.0,-2.569851875305176
5352500224.0,-2.584069013595581
5353437696.0,-2.595637798309326
5354375168.0,-2.6008288860321045
5355312640.0,-2.6046130657196045
5356250112.0,-2.6032724380493164
5357187584.0,-2.598947763442993
5358125056.0,-2.589637279510498
5359062528.0,-2.576080083847046
5360000000.0,-2.5597739219665527
5360937472.0,-2.5404462814331055
5361874944.0,-2.518665313720703
5362812416.0,-2.495177984237671
5363749888.0,-2.472355842590332
5364687360.0,-2.446830987930298
5365624832.0,-2.422224521636963
5366562304.0,-2.396392822265625
5367499776.0,-2.3697710037231445
5368437248.0,-2.3443188667297363
5369375232.0,-2.317732095718384
5370312704.0,-2.28979229927063
5371250176.0,-2.2635107040405273
5372187648.0,-2.238283395767212
5373125120.0,-2.2127528190612793
5374062592.0,-2.1877996921539307
5375000064.0,-2.1650969982147217
5375937536.0,-2.142657995223999
5376875008.0,-2.1223843097686768
5377812480.0,-2.1038262844085693
5378749952.0,-2.086453437805176
5379687424.0,-2.071904420852661
5380624896.0,-2.05751371383667
5381562368.0,-2.045670509338379
5382499840.0,-2.035139560699463
5383437312.0,-2.024787425994873
5384374784.0,-2.0181901454925537
5385312256.0,-2.0111942291259766
5386250240.0,-2.0044593811035156
5387187712.0,-2.000737428665161
5388125184.0,-1.9974035024642944
5389062656.0,-1.9961351156234741
5390000128.0,-1.997681736946106
5390937600.0,-1.9980443716049194
5391875072.0,-2.000980854034424
5392812544.0,-2.003613233566284
5393750016.0,-2.007342576980591
5394687488.0,-2.010465383529663
5395624960.0,-2.0136566162109375
5396562432.0,-2.01849102973938
5397499904.0,-2.021832227706909
5398437376.0,-2.026994466781616
5399374848.0,-2.0310375690460205
5400312320.0,-2.035057783126831
5401249792.0,-2.0397911071777344
5402187264.0,-2.04400634765625
5403125248.0,-2.047893762588501
5404062720.0,-2.0490007400512695
5405000192.0,-2.0516715049743652
5405937664.0,-2.196110725402832
5406875136.0,-2.194136142730713
5407812608.0,-2.190307140350342
5408750080.0,-2.183729410171509
5409687552.0,-2.173164129257202
5410625024.0,-2.1599650382995605
5411562496.0,-2.1428043842315674
5412499968.0,-2.1241798400878906
5413437440.0,-2.102121114730835
5414374912.0,-2.078634023666382
5415312384.0,-2.052394390106201
5416249856.0,-2.025222063064575
5417187328.0,-1.9965447187423706
5418124800.0,-1.9647009372711182
5419062272.0,-1.9333480596542358
5420000256.0,-1.8998382091522217
5420937728.0,-1.866992473602295
5421875200.0,-1.8343760967254639
5422812672.0,-1.8027461767196655
5423750144.0,-1.7704614400863647
5424687616.0,-1.7392842769622803
5425625088.0,-1.708979845046997
5426562560.0,-1.6791870594024658
5427500032.0,-1.6486252546310425
5428437504.0,-1.618725299835205
5429374976.0,-1.5891779661178589
5430312448.0,-1.5618035793304443
5431249920.0,-1.5344847440719604
5432187392.0,-1.5086783170700073
5433124864.0,-1.4853410720825195
5434062336.0,-1.4621385335922241
5434999808.0,-1.4400920867919922
5435937280.0,-1.419550895690918
5436874752.0,-1.3998018503189087
5437812736.0,-1.3809900283813477
5438750208.0,-1.3650254011154175
5439687680.0,-1.3491363525390625
5440625152.0,-1.3348891735076904
5441562624.0,-1.3227046728134155
5442500096.0,-1.311442494392395
5443437568.0,-1.3022947311401367
5444375040.0,-1.294983148574829
5445312512.0,-1.287867546081543
5446249984.0,-1.2832645177841187
5447187456.0,-1.2802234888076782
5448124928.0,-1.2783981561660767
5449062400.0,-1.2788604497909546
5449999872.0,-1.2818248271942139
5450937344.0,-1.2847449779510498
5451874816.0,-1.290046215057373
5452812288.0,-1.295638918876648
5453749760.0,-1.3025891780853271
5454687744.0,-1.3120306730270386
5455625216.0,-1.3208554983139038
5456562688.0,-1.3315041065216064
5457500160.0,-1.3420764207839966
5458437632.0,-1.3528183698654175
5459375104.0,-1.3636502027511597
5460312576.0,-1.3739877939224243
5461250048.0,-1.3845741748809814
5462187520.0,-1.394115686416626
5463124992.0,-1.402742862701416
5464062464.0,-1.4094619750976562
5464999936.0,-1.4159085750579834
5465937408.0,-1.4232275485992432
5466874880.0,-1.4226728677749634
5467812352.0,-1.4219528436660767
5468749824.0,-1.4178985357284546
5469687296.0,-1.4126225709915161
5470624768.0,-1.4037222862243652
5471562752.0,-1.3931093215942383
5472500224.0,-1.380733847618103
5473437696.0,-1.364953875541687
5474375168.0,-1.348629355430603
5475312640.0,-1.3309005498886108
5476250112.0,-1.3089771270751953
5477187584.0,-1.2874141931533813
5478125056.0,-1.2639201879501343
5479062528.0,-1.2383772134780884
5480000000.0,-1.2127386331558228
5480937472.0,-1.1859315633773804
5481874944.0,-1.1604690551757812
5482812416.0,-1.132166862487793
5483749888.0,-1.1050835847854614
5484687360.0,-1.0773489475250244
5485624832.0,-1.0496662855148315
5486562304.0,-1.022290825843811
5487499776.0,-0.9965280890464783
5488437248.0,-0.9689890742301941
5489375232.0,-0.9436537623405457
5490312704.0,-0.9194899201393127
5491250176.0,-0.8960613012313843
5492187648.0,-0.8730252981185913
5493125120.0,-0.8517755270004272
5494062592.0,-0.8321194648742676
5495000064.0,-0.8133853673934937
5495937536.0,-0.7974780201911926
5496875008.0,-0.7831621766090393
5497812480.0,-0.7711110711097717
5498749952.0,-0.7615256905555725
5499687424.0,-0.7536243796348572
5500624896.0,-0.7508654594421387
5501562368.0,-0.7489234209060669
5502499840.0,-0.7497166395187378
5503437312.0,-0.7535802125930786
5504374784.0,-0.75977623462677
5505312256.0,-0.7696884870529175
5506250240.0,-0.7811140418052673
5507187712.0,-0.7958179116249084
5508125184.0,-0.8147127628326416
5509062656.0,-0.8344584107398987
5510000128.0,-0.8577537536621094
5510937600.0,-0.882783055305481
5511875072.0,-0.9085670709609985
5512812544.0,-0.9375583529472351
5513750016.0,-0.968146562576294
5514687488.0,-0.9995055198669434
5515624960.0,-1.0319583415985107
5516562432.0,-1.0636786222457886
5517499904.0,-1.0956134796142578
5518437376.0,-1.1275818347930908
5519374848.0,-1.1581838130950928
5520312320.0,-1.187298059463501
5521249792.0,-1.2142304182052612
5522187264.0,-1.238707423210144
5523125248.0,-1.2606221437454224
5524062720.0,-1.2799079418182373
5525000192.0,-1.2941644191741943
5525937664.0,-1.1311696767807007
5526875136.0,-1.1364809274673462
5527812608.0,-1.1413865089416504
5528750080.0,-1.1442930698394775
5529687552.0,-1.1438238620758057
5530625024.0,-1.1416916847229004
5531562496.0,-1.138782024383545
5532499968.0,-1.1342328786849976
5533437440.0,-1.1278942823410034
5534374912.0,-1.1200443506240845
5535312384.0,-1.1108331680297852
5536249856.0,-1.1004424095153809
5537187328.0,-1.087830901145935
5538124800.0,-1.0752874612808228
5539062272.0,-1.0617830753326416
5539999744.0,-1.0461057424545288
5540937728.0,-1.0307555198669434
5541875200.0,-1.0155353546142578
5542812672.0,-0.9991530179977417
5543750144.0,-0.983253538608551
5544687616.0,-0.9676393866539001
5545625088.0,-0.9512074589729309
5546562560.0,-0.9358328580856323
5547500032.0,-0.92087322473526
5548437504.0,-0.9087768793106079
5549374976.0,-0.8956174850463867
5550312448.0,-0.8844016790390015
5551249920.0,-0.8721500635147095
5552187392.0,-0.8625193238258362
5553124864.0,-0.8547877073287964
5554062336.0,-0.8481695055961609
5554999808.0,-0.8435793519020081
5555937280.0,-0.8399226665496826
5556874752.0,-0.8389784097671509
5557812736.0,-0.839172899723053
5558750208.0,-0.8432371616363525
5559687680.0,-0.8482822179794312
5560625152.0,-0.8570317029953003
5561562624.0,-0.8684719800949097
5562500096.0,-0.8833166360855103
5563437568.0,-0.8992632031440735
5564375040.0,-0.9184432625770569
5565312512.0,-0.9403732419013977
5566249984.0,-0.9636678695678711
5567187456.0,-0.9888225197792053
5568124928.0,-1.0160006284713745
5569062400.0,-1.0452607870101929
5569999872.0,-1.0760772228240967
5570937344.0,-1.1061971187591553
5571874816.0,-1.1357800960540771
5572812288.0,-1.1662334203720093
5573749760.0,-1.195249080657959
5574687744.0,-1.2225266695022583
5575625216.0,-1.2483372688293457
5576562688.0,-1.2731086015701294
5577500160.0,-1.2947394847869873
5578437632.0,-1.3156771659851074
5579375104.0,-1.3317272663116455
5580312576.0,-1.3451228141784668
5581250048.0,-1.3565574884414673
5582187520.0,-1.364290475845337
5583124992.0,-1.3705196380615234
5584062464.0,-1.3733890056610107
5584999936.0,-1.3737298250198364
5585937408.0,-1.296647548675537
5586874880.0,-1.3021783828735352
5587812352.0,-1.3064414262771606
5588749824.0,-1.3098939657211304
5589687296.0,-1.3129050731658936
5590624768.0,-1.3137680292129517
5591562752.0,-1.3147608041763306
5592500224.0,-1.3135181665420532
5593437696.0,-1.3124573230743408
5594375168.0,-1.311313271522522
5595312640.0,-1.3088974952697754
5596250112.0,-1.3054112195968628
5597187584.0,-1.3009368181228638
5598125056.0,-1.2967971563339233
5599062528.0,-1.2916637659072876
5600000000.0,-1.2860281467437744
5600937472.0,-1.2810297012329102
5601874944.0,-1.2750529050827026
5602812416.0,-1.2687901258468628
5603749888.0,-1.2628029584884644
5604687360.0,-1.258283257484436
5605624832.0,-1.250063180923462
5606562304.0,-1.2430870532989502
5607499776.0,-1.2381706237792969
5608437248.0,-1.2323182821273804
5609375232.0,-1.2269619703292847
5610312704.0,-1.2203948497772217
5611250176.0,-1.2147144079208374
5612187648.0,-1.2098405361175537
5613125120.0,-1.2035484313964844
5614062592.0,-1.1978484392166138
5615000064.0,-1.193190574645996
5615937536.0,-1.187599539756775
5616875008.0,-1.1819138526916504
5617812480.0,-1.1776418685913086
5618749952.0,-1.1733531951904297
5619687424.0,-1.1687843799591064
5620624896.0,-1.1656616926193237
5621562368.0,-1.1625794172286987
5622499840.0,-1.1613973379135132
5623437312.0,-1.1605490446090698
5624374784.0,-1.1595063209533691
5625312256.0,-1.1579670906066895
5626250240.0,-1.1564140319824219
5627187712.0,-1.1553698778152466
5628125184.0,-1.1544171571731567
5629062656.0,-1.1515934467315674
5630000128.0,-1.1496599912643433
5630937600.0,-1.148112416267395
5631875072.0,-1.1445772647857666
5632812544.0,-1.1431139707565308
5633750016.0,-1.140095591545105
5634687488.0,-1.1357131004333496
5635624960.0,-1.1314818859100342
5636562432.0,-1.1253461837768555
5637499904.0,-1.1191034317016602
5638437376.0,-1.1112217903137207
5639374848.0,-1.10243558883667
5640312320.0,-1.092621088027954
5641249792.0,-1.0826767683029175
5642187264.0,-1.0729050636291504
5643125248.0,-1.0635408163070679
5644062720.0,-1.0522783994674683
5645000192.0,-1.0409519672393799
5645937664.0,-1.039156436920166
5646875136.0,-1.024393916130066
5647812608.0,-1.0098882913589478
5648750080.0,-0.9943925142288208
5649687552.0,-0.9762079119682312
5650625024.0,-0.9587287306785583
5651562496.0,-0.9401536583900452
5652499968.0,-0.9199473857879639
5653437440.0,-0.9008265137672424
5654374912.0,-0.8799632787704468
5655312384.0,-0.8588238954544067
5656249856.0,-0.8379149436950684
5657187328.0,-0.8152629733085632
5658124800.0,-0.7939411401748657
5659062272.0,-0.7721644043922424
5660000256.0,-0.7502146363258362
5660937728.0,-0.7290229201316833
5661875200.0,-0.7073414325714111
5662812672.0,-0.6853151917457581
5663750144.0,-0.6656132340431213
5664687616.0,-0.6471199989318848
5665625088.0,-0.6303255558013916
5666562560.0,-0.6132792234420776
5667500032.0,-0.599019467830658
5668437504.0,-0.583835780620575
5669374976.0,-0.5714901089668274
5670312448.0,-0.560965359210968
5671249920.0,-0.5513407588005066
5672187392.0,-0.5444332957267761
5673124864.0,-0.5383442640304565
5674062336.0,-0.5342381596565247
5674999808.0,-0.5323724746704102
5675937280.0,-0.5306887030601501
5676874752.0,-0.5306426882743835
5677812736.0,-0.5299488306045532
5678750208.0,-0.5319356918334961
5679687680.0,-0.5345221757888794
5680625152.0,-0.5377520322799683
5681562624.0,-0.5413562655448914
5682500096.0,-0.5453724265098572
5683437568.0,-0.5493003129959106
5684375040.0,-0.5530070662498474
5685312512.0,-0.5553751587867737
5686249984.0,-0.5594356656074524
5687187456.0,-0.5609774589538574
5688124928.0,-0.5627234578132629
5689062400.0,-0.5642678737640381
5689999872.0,-0.5648952722549438
5690937344.0,-0.5641606450080872
5691874816.0,-0.5612980127334595
5692812288.0,-0.5574882626533508
5693749760.0,-0.551796555519104
5694687744.0,-0.5444251894950867
5695625216.0,-0.5354912281036377
5696562688.0,-0.5249723196029663
5697500160.0,-0.514848530292511
5698437632.0,-0.5013076663017273
5699375104.0,-0.48801273107528687
5700312576.0,-0.47359851002693176
5701250048.0,-0.4600593149662018
5702187520.0,-0.44587287306785583
5703124992.0,-0.43108975887298584
5704062464.0,-0.4181630313396454
5704999936.0,-0.40559670329093933
5705937408.0,-0.37248221039772034
5706874880.0,-0.37176764011383057
5707812352.0,-0.3700346350669861
5708749824.0,-0.37033209204673767
5709687296.0,-0.3688669800758362
5710624768.0,-0.3674868047237396
5711562752.0,-0.3656446039676666
5712500224.0,-0.36382296681404114
5713437696.0,-0.36255741119384766
5714375168.0,-0.3618280291557312
5715312640.0,-0.3602758049964905
5716250112.0,-0.3574228882789612
5717187584.0,-0.3538675308227539
5718125056.0,-0.3508296310901642
5719062528.0,-0.345471054315567
5720000000.0,-0.3390248119831085
5720937472.0,-0.3323207497596741
5721874944.0,-0.3250831663608551
5722812416.0,-0.31736406683921814
5723749888.0,-0.30863693356513977
5724687360.0,-0.2998218238353729
5725624832.0,-0.2911076247692108
5726562304.0,-0.2827768325805664
5727499776.0,-0.2740618884563446
5728437248.0,-0.26594170928001404
5729375232.0,-0.25890159606933594
5730312704.0,-0.2527904510498047
5731250176.0,-0.24882306158542633
5732187648.0,-0.24471911787986755
5733125120.0,-0.2445005625486374
5734062592.0,-0.24570459127426147
5735000064.0,-0.24734653532505035
5735937536.0,-0.2523386776447296
5736875008.0,-0.25838160514831543
5737812480.0,-0.26799851655960083
5738749952.0,-0.27910563349723816
5739687424.0,-0.2920701503753662
5740624896.0,-0.30538177490234375
5741562368.0,-0.31928515434265137
5742499840.0,-0.3327595293521881
5743437312.0,-0.34645983576774597
5744374784.0,-0.357310026884079
5745312256.0,-0.3675777018070221
5746250240.0,-0.3761471211910248
5747187712.0,-0.3824674189090729
5748125184.0,-0.3867519199848175
5749062656.0,-0.38831305503845215
5750000128.0,-0.387824147939682
5750937600.0,-0.38467180728912354
5751875072.0,-0.38041287660598755
5752812544.0,-0.37512096762657166
5753750016.0,-0.36669665575027466
5754687488.0,-0.3600202798843384
5755624960.0,-0.3521135151386261
5756562432.0,-0.3434354364871979
5757499904.0,-0.33585798740386963
5758437376.0,-0.3292069137096405
5759374848.0,-0.32212260365486145
5760312320.0,-0.31632962822914124
5761249792.0,-0.3114139437675476
5762187264.0,-0.30737045407295227
5763125248.0,-0.3055354058742523
5764062720.0,-0.3014139235019684
5765000192.0,-0.29877591133117676
5765937664.0,-0.2211037427186966
5766875136.0,-0.22375041246414185
5767812608.0,-0.22844672203063965
5768750080.0,-0.2328692227602005
5769687552.0,-0.23820367455482483
5770625024.0,-0.24351699650287628
5771562496.0,-0.2501049339771271
5772499968.0,-0.2557450234889984
5773437440.0,-0.2624806761741638
5774374912.0,-0.2702842354774475
5775312384.0,-0.27721765637397766
5776249856.0,-0.2850949168205261
5777187328.0,-0.2934097945690155
5778124800.0,-0.3018728196620941
5779062272.0,-0.3084813952445984
5779999744.0,-0.31547367572784424
5780937728.0,-0.32134807109832764
5781875200.0,-0.32882750034332275
5782812672.0,-0.33420366048812866
5783750144.0,-0.33932480216026306
5784687616.0,-0.34399011731147766
5785625088.0,-0.3477585017681122
5786562560.0,-0.3510807156562805
5787500032.0,-0.35353970527648926
5788437504.0,-0.35615575313568115
5789374976.0,-0.3543980121612549
5790312448.0,-0.3525587022304535
5791249920.0,-0.3501424193382263
5792187392.0,-0.3467918634414673
5793124864.0,-0.34219080209732056
5794062336.0,-0.3365766406059265
5794999808.0,-0.3308829069137573
5795937280.0,-0.32403698563575745
5796874752.0,-0.3170106112957001
5797812736.0,-0.3089516758918762
5798750208.0,-0.2988276481628418
5799687680.0,-0.28825563192367554
5800625152.0,-0.2773236930370331
5801562624.0,-0.26662611961364746
5802500096.0,-0.25490882992744446
5803437568.0,-0.24175326526165009
5804375040.0,-0.22993230819702148
5805312512.0,-0.2146851122379303
5806249984.0,-0.1999659389257431
5807187456.0,-0.1856154352426529
5808124928.0,-0.1701245903968811
5809062400.0,-0.15479157865047455
5809999872.0,-0.14071831107139587
5810937344.0,-0.12369143217802048
5811874816.0,-0.10811113566160202
5812812288.0,-0.09246586263179779
5813749760.0,-0.07873877137899399
5814687744.0,-0.06472015380859375
5815625216.0,-0.05134229362010956
5816562688.0,-0.03796745464205742
5817500160.0,-0.02591201663017273
5818437632.0,-0.014613495208323002
5819375104.0,-0.003065167460590601
5820312576.0,0.008177211508154869
5821250048.0,0.017488857731223106
5822187520.0,0.026480110362172127
5823124992.0,0.0347752645611763
5824062464.0,0.041513893753290176
5824999936.0,0.04829545319080353
5825937408.0,-0.13587278127670288
5826874880.0,-0.14065617322921753
5827812352.0,-0.1450050175189972
5828749824.0,-0.1473854035139084
5829687296.0,-0.1480664163827896
5830624768.0,-0.14710935950279236
5831562752.0,-0.14561395347118378
5832500224.0,-0.14285360276699066
5833437696.0,-0.14056545495986938
5834375168.0,-0.13727234303951263
5835312640.0,-0.13352464139461517
5836250112.0,-0.13085348904132843
5837187584.0,-0.12790143489837646
5838125056.0,-0.1246306300163269
5839062528.0,-0.12162108719348907
5840000000.0,-0.12195344269275665
5840937472.0,-0.12209851294755936
5841874944.0,-0.12372217327356339
5842812416.0,-0.12637212872505188
5843749888.0,-0.12984782457351685
5844687360.0,-0.1344839632511139
5845624832.0,-0.13986626267433167
5846562304.0,-0.14620612561702728
5847499776.0,-0.1536126285791397
5848437248.0,-0.16219280660152435
5849375232.0,-0.172724649310112
5850312704.0,-0.1817312240600586
5851250176.0,-0.191813126206398
5852187648.0,-0.2008923441171646
5853125120.0,-0.21080072224140167
5854062592.0,-0.22166776657104492
5855000064.0,-0.2311115860939026
5855937536.0,-0.239718496799469
5856875008.0,-0.2478986531496048
5857812480.0,-0.2549677789211273
5858749952.0,-0.2610456049442291
5859687424.0,-0.2656579911708832
5860624896.0,-0.2671378254890442
5861562368.0,-0.2673089802265167
5862499840.0,-0.26617732644081116
5863437312.0,-0.26232609152793884
5864374784.0,-0.25723183155059814
5865312256.0,-0.25104042887687683
5866250240.0,-0.24231968820095062
5867187712.0,-0.2321210652589798
5868125184.0,-0.2209005206823349
5869062656.0,-0.20944447815418243
5870000128.0,-0.19643983244895935
5870937600.0,-0.18291208148002625
5871875072.0,-0.1691180318593979
5872812544.0,-0.15613560378551483
5873750016.0,-0.14273087680339813
5874687488.0,-0.13140268623828888
5875624960.0,-0.12087460607290268
5876562432.0,-0.11308310180902481
5877499904.0,-0.10658619552850723
5878437376.0,-0.10178005695343018
5879374848.0,-0.09866733103990555
5880312320.0,-0.09849827736616135
5881249792.0,-0.1012180969119072
5882187264.0,-0.10507931560277939
5883125248.0,-0.11014838516712189
5884062720.0,-0.11792561411857605
5885000192.0,-0.12527206540107727
5885937664.0,-0.06551540642976761
5886875136.0,-0.06963273882865906
5887812608.0,-0.07603703439235687
5888750080.0,-0.08081177622079849
5889687552.0,-0.08788622170686722
5890625024.0,-0.09481209516525269
5891562496.0,-0.10169173032045364
5892499968.0,-0.10897558182477951
5893437440.0,-0.11773787438869476
5894374912.0,-0.12508255243301392
5895312384.0,-0.1332230567932129
5896249856.0,-0.14156284928321838
5897187328.0,-0.1503555327653885
5898124800.0,-0.16005784273147583
5899062272.0,-0.1682644933462143
5900000256.0,-0.17677302658557892
5900937728.0,-0.1862293779850006
5901875200.0,-0.1959342658519745
5902812672.0,-0.20512956380844116
5903750144.0,-0.2152024805545807
5904687616.0,-0.22382955253124237
5905625088.0,-0.23351584374904633
5906562560.0,-0.24158816039562225
5907500032.0,-0.2507462501525879
5908437504.0,-0.2578955292701721
5909374976.0,-0.2658430337905884
5910312448.0,-0.2734026610851288
5911249920.0,-0.2812855541706085
5912187392.0,-0.28887465596199036
5913124864.0,-0.2970559298992157
5914062336.0,-0.30306339263916016
5914999808.0,-0.31080755591392517
5915937280.0,-0.31643182039260864
5916874752.0,-0.3205496370792389
5917812736.0,-0.324386864900589
5918750208.0,-0.3269510269165039
5919687680.0,-0.32949137687683105
5920625152.0,-0.33128926157951355
5921562624.0,-0.3318796455860138
5922500096.0,-0.3305366039276123
5923437568.0,-0.32988590002059937
5924375040.0,-0.32682445645332336
5925312512.0,-0.3222106099128723
5926249984.0,-0.31778445839881897
5927187456.0,-0.31133967638015747
5928124928.0,-0.30292314291000366
5929062400.0,-0.29366424679756165
5929999872.0,-0.28285151720046997
5930937344.0,-0.26979193091392517
5931874816.0,-0.2576291561126709
5932812288.0,-0.24208876490592957
5933749760.0,-0.2272430658340454
5934687744.0,-0.21047645807266235
5935625216.0,-0.19316233694553375
5936562688.0,-0.17506417632102966
5937500160.0,-0.1559329330921173
5938437632.0,-0.1383782923221588
5939375104.0,-0.1196395680308342
5940312576.0,-0.10184983164072037
5941250048.0,-0.08268409222364426
5942187520.0,-0.0655301958322525
5943124992.0,-0.049835823476314545
5944062464.0,-0.03529166057705879
5944999936.0,-0.02203688956797123
5945937408.0,-0.12425336241722107
5946874880.0,-0.13255424797534943
5947812352.0,-0.14287084341049194
5948749824.0,-0.15507489442825317
5949687296.0,-0.16884171962738037
5950624768.0,-0.18279781937599182
5951562752.0,-0.19906620681285858
5952500224.0,-0.21641825139522552
5953437696.0,-0.23458558320999146
5954375168.0,-0.2529941499233246
5955312640.0,-0.2722439765930176
5956250112.0,-0.2916935682296753
5957187584.0,-0.31228557229042053
5958125056.0,-0.33096253871917725
5959062528.0,-0.34934747219085693
5960000000.0,-0.369137704372406
5960937472.0,-0.38656774163246155
5961874944.0,-0.4033898413181305
5962812416.0,-0.41856977343559265
5963749888.0,-0.429004043340683
5964687360.0,-0.44025516510009766
5965624832.0,-0.4470589756965637
5966562304.0,-0.450080931186676
5967499776.0,-0.4504576027393341
5968437248.0,-0.4486597180366516
5969375232.0,-0.44212672114372253
5970312704.0,-0.4324933588504791
5971250176.0,-0.42141440510749817
5972187648.0,-0.4062917232513428
5973125120.0,-0.3882642686367035
5974062592.0,-0.3675292730331421
5975000064.0,-0.34538689255714417
5975937536.0,-0.3216331899166107
5976875008.0,-0.29750755429267883
5977812480.0,-0.2714715003967285
5978749952.0,-0.24636287987232208
5979687424.0,-0.2224748134613037
5980624896.0,-0.1987341344356537
5981562368.0,-0.17764028906822205
5982499840.0,-0.15697349607944489
5983437312.0,-0.13897281885147095
5984374784.0,-0.12257593870162964
5985312256.0,-0.10924893617630005
5986250240.0,-0.09824611246585846
5987187712.0,-0.08844912797212601
5988125184.0,-0.0833766981959343
5989062656.0,-0.07949468493461609
5990000128.0,-0.07854343950748444
5990937600.0,-0.07900184392929077
5991875072.0,-0.08170132339000702
5992812544.0,-0.08628959953784943
5993750016.0,-0.09335874766111374
5994687488.0,-0.0999690368771553
5995624960.0,-0.10916776955127716
5996562432.0,-0.11777454614639282
5997499904.0,-0.12524636089801788
5998437376.0,-0.13483428955078125
5999374848.0,-0.14432473480701447
6000312320.0,-0.15283696353435516
6001249792.0,-0.16082510352134705
6002187264.0,-0.16754889488220215
6003125248.0,-0.17473360896110535
6004062720.0,-0.18001124262809753
6005000192.0,-0.1394006311893463
6005937664.0,-0.1464039385318756
6006875136.0,-0.153926819562912
6007812608.0,-0.1621328890323639
6008750080.0,-0.17090043425559998
6009687552.0,-0.1804598718881607
6010625024.0,-0.1910552680492401
6011562496.0,-0.20245322585105896
6012499968.0,-0.21499420702457428
6013437440.0,-0.22768492996692657
6014374912.0,-0.24154691398143768
6015312384.0,-0.2557724118232727
6016249856.0,-0.2707635760307312
6017187328.0,-0.2843460738658905
6018124800.0,-0.2984413206577301
6019062272.0,-0.3118441104888916
6019999744.0,-0.3241150975227356
6020937728.0,-0.33646589517593384
6021875200.0,-0.3486463129520416
6022812672.0,-0.3584224283695221
6023750144.0,-0.3676111400127411
6024687616.0,-0.3756157457828522
6025625088.0,-0.3822806477546692
6026562560.0,-0.38743969798088074
6027500032.0,-0.3919786512851715
6028437504.0,-0.3943774998188019
6029374976.0,-0.39414331316947937
6030312448.0,-0.3932323455810547
6031249920.0,-0.39018306136131287
6032187392.0,-0.3855745494365692
6033124864.0,-0.37809816002845764
6034062336.0,-0.36998575925827026
6034999808.0,-0.3608563244342804
6035937280.0,-0.35061219334602356
6036874752.0,-0.34008926153182983
6037812736.0,-0.3287266790866852
6038750208.0,-0.31775128841400146
6039687680.0,-0.306309312582016
6040625152.0,-0.2940167784690857
6041562624.0,-0.2841133177280426
6042500096.0,-0.27371683716773987
6043437568.0,-0.2633150517940521
6044375040.0,-0.253753125667572
6045312512.0,-0.24365541338920593
6046249984.0,-0.235443115234375
6047187456.0,-0.2276833951473236
6048124928.0,-0.22256341576576233
6049062400.0,-0.21586859226226807
6049999872.0,-0.2124330848455429
6050937344.0,-0.20925715565681458
6051874816.0,-0.20709000527858734
6052812288.0,-0.205588236451149
6053749760.0,-0.20461405813694
6054687744.0,-0.20601341128349304
6055625216.0,-0.20773866772651672
6056562688.0,-0.2096928209066391
6057500160.0,-0.21280299127101898
6058437632.0,-0.21692202985286713
6059375104.0,-0.22119951248168945
6060312576.0,-0.2259194701910019
6061250048.0,-0.23138128221035004
6062187520.0,-0.2362501174211502
6063124992.0,-0.24168534576892853
6064062464.0,-0.24661874771118164
6064999936.0,-0.1465224325656891
6065937408.0,-0.16733533143997192
6066874880.0,-0.1881137192249298
6067812352.0,-0.20886844396591187
6068749824.0,-0.22956080734729767
6069687296.0,-0.25015494227409363
6070624768.0,-0.2701917290687561
6071562752.0,-0.2897211015224457
6072500224.0,-0.3082255721092224
6073437696.0,-0.3267633020877838
6074375168.0,-0.3445545732975006
6075312640.0,-0.3599422574043274
6076250112.0,-0.3752534091472626
6077187584.0,-0.38893991708755493
6078125056.0,-0.40115469694137573
6079062528.0,-0.4120962917804718
6080000000.0,-0.42201486229896545
6080937472.0,-0.4303942322731018
6081874944.0,-0.43662095069885254
6082812416.0,-0.44215816259384155
6083749888.0,-0.44592979550361633
6084687360.0,-0.44839903712272644
6085624832.0,-0.448651522397995
6086562304.0,-0.4486938714981079
6087499776.0,-0.4469965398311615
6088437248.0,-0.4434027671813965
6089375232.0,-0.4390202462673187
6090312704.0,-0.4340077042579651
6091250176.0,-0.42698293924331665
6092187648.0,-0.41801658272743225
6093125120.0,-0.40851834416389465
6094062592.0,-0.39799222350120544
6095000064.0,-0.38613006472587585
6095937536.0,-0.3739915192127228
6096875008.0,-0.3608674108982086
6097812480.0,-0.3469953238964081
6098749952.0,-0.3325321078300476
6099687424.0,-0.31760627031326294
6100624896.0,-0.3031410872936249
6101562368.0,-0.288415789604187
6102499840.0,-0.27233490347862244
6103437312.0,-0.25797516107559204
6104374784.0,-0.24364416301250458
6105312256.0,-0.22896070778369904
6106250240.0,-0.21436350047588348
6107187712.0,-0.2008569836616516
6108125184.0,-0.18624956905841827
6109062656.0,-0.1738450527191162
6110000128.0,-0.15958960354328156
6110937600.0,-0.14699135720729828
6111875072.0,-0.13571423292160034
6112812544.0,-0.12442465126514435
6113750016.0,-0.11385340988636017
6114687488.0,-0.10240581631660461
6115624960.0,-0.09404757618904114
6116562432.0,-0.08622528612613678
6117499904.0,-0.07963113486766815
6118437376.0,-0.07589016854763031
6119374848.0,-0.07465492933988571
6120312320.0,-0.07508333772420883
6121249792.0,-0.07718789577484131
6122187264.0,-0.08025465160608292
6123125248.0,-0.08478876203298569
6124062720.0,-0.09210244566202164
6125000192.0,-0.14599959552288055
6125937664.0,-0.1593533307313919
6126875136.0,-0.17418541014194489
6127812608.0,-0.18893316388130188
6128750080.0,-0.2048640102148056
6129687552.0,-0.2198420912027359
6130625024.0,-0.23741620779037476
6131562496.0,-0.25191012024879456
6132499968.0,-0.26805421710014343
6133437440.0,-0.2842469811439514
6134374912.0,-0.30043700337409973
6135312384.0,-0.3158334195613861
6136249856.0,-0.3299630284309387
6137187328.0,-0.3445247411727905
6138124800.0,-0.35981783270835876
6139062272.0,-0.3730125427246094
6140000256.0,-0.38452038168907166
6140937728.0,-0.3967427611351013
6141875200.0,-0.40692073106765747
6142812672.0,-0.416296124458313
6143750144.0,-0.4251053035259247
6144687616.0,-0.4338509142398834
6145625088.0,-0.44206660985946655
6146562560.0,-0.4481186270713806
6147500032.0,-0.4530036449432373
6148437504.0,-0.4561600983142853
6149374976.0,-0.45767149329185486
6150312448.0,-0.458304762840271
6151249920.0,-0.45578625798225403
6152187392.0,-0.45155009627342224
6153124864.0,-0.44604194164276123
6154062336.0,-0.4394492208957672
6154999808.0,-0.43115049600601196
6155937280.0,-0.4215314984321594
6156874752.0,-0.4114171266555786
6157812736.0,-0.4002840220928192
6158750208.0,-0.38740256428718567
6159687680.0,-0.37419408559799194
6160625152.0,-0.3620099425315857
6161562624.0,-0.3468686640262604
6162500096.0,-0.33280688524246216
6163437568.0,-0.3179129362106323
6164375040.0,-0.30429673194885254
6165312512.0,-0.2890291213989258
6166249984.0,-0.2758750319480896
6167187456.0,-0.26043280959129333
6168124928.0,-0.24817577004432678
6169062400.0,-0.2344178855419159
6169999872.0,-0.22019320726394653
6170937344.0,-0.20611286163330078
6171874816.0,-0.19222217798233032
6172812288.0,-0.18019981682300568
6173749760.0,-0.16769884526729584
6174687744.0,-0.1571778953075409
6175625216.0,-0.14676623046398163
6176562688.0,-0.13711757957935333
6177500160.0,-0.1304435431957245
6178437632.0,-0.12505517899990082
6179375104.0,-0.11949994415044785
6180312576.0,-0.11567596346139908
6181250048.0,-0.1141367107629776
6182187520.0,-0.11374887824058533
6183124992.0,-0.11521411687135696
6184062464.0,-0.1176363006234169
6184999936.0,-0.2632255554199219
6185937408.0,-0.27975010871887207
6186874880.0,-0.2941474914550781
6187812352.0,-0.3111502528190613
6188749824.0,-0.32675987482070923
6189687296.0,-0.3437533676624298
6190624768.0,-0.36080440878868103
6191562752.0,-0.3772956132888794
6192500224.0,-0.3930351734161377
6193437696.0,-0.4071876108646393
6194375168.0,-0.41933995485305786
6195312640.0,-0.42977118492126465
6196250112.0,-0.43903064727783203
6197187584.0,-0.44584617018699646
6198125056.0,-0.45177024602890015
6199062528.0,-0.45601534843444824
6200000000.0,-0.4593219459056854
6200937472.0,-0.46212494373321533
6201874944.0,-0.4647320508956909
6202812416.0,-0.46687033772468567
6203749888.0,-0.4680165648460388
6204687360.0,-0.4702640175819397
6205624832.0,-0.47253701090812683
6206562304.0,-0.4771040976047516
6207499776.0,-0.4812689423561096
6208437248.0,-0.48715636134147644
6209375232.0,-0.4942680597305298
6210312704.0,-0.5022497773170471
6211250176.0,-0.5094282627105713
6212187648.0,-0.5193934440612793
6213125120.0,-0.5263522267341614
6214062592.0,-0.533081591129303
6215000064.0,-0.5337269306182861
6215937536.0,-0.529914140701294
6216875008.0,-0.5239463448524475
6217812480.0,-0.516219437122345
6218749952.0,-0.5082454085350037
6219687424.0,-0.49770107865333557
6220624896.0,-0.48534825444221497
6221562368.0,-0.4731682240962982
6222499840.0,-0.4585777223110199
6223437312.0,-0.4457099735736847
6224374784.0,-0.4332756996154785
6225312256.0,-0.4208299517631531
6226250240.0,-0.4102158546447754
6227187712.0,-0.400079607963562
6228125184.0,-0.3903399407863617
6229062656.0,-0.38222208619117737
6230000128.0,-0.3739844560623169
6230937600.0,-0.3661338686943054
6231875072.0,-0.3589399755001068
6232812544.0,-0.35222622752189636
6233750016.0,-0.34622108936309814
6234687488.0,-0.33948248624801636
6235624960.0,-0.3323385715484619
6236562432.0,-0.326515257358551
6237499904.0,-0.31949102878570557
6238437376.0,-0.3125784397125244
6239374848.0,-0.304379940032959
6240312320.0,-0.2973894476890564
6241249792.0,-0.28892719745635986
6242187264.0,-0.2806168496608734
6243125248.0,-0.2736208438873291
6244062720.0,-0.26732906699180603
6245000192.0,-0.41749536991119385
6245937664.0,-0.41884854435920715
6246875136.0,-0.42184269428253174
6247812608.0,-0.4273111820220947
6248750080.0,-0.433235764503479
6249687552.0,-0.44129976630210876
6250625024.0,-0.45124268531799316
6251562496.0,-0.4649074077606201
6252499968.0,-0.4818858504295349
6253437440.0,-0.4989616572856903
6254374912.0,-0.5209420323371887
6255312384.0,-0.5429855585098267
6256249856.0,-0.567548930644989
6257187328.0,-0.5948687791824341
6258124800.0,-0.6225827932357788
6259062272.0,-0.6497839689254761
6259999744.0,-0.6783056259155273
6260937728.0,-0.7059183120727539
6261875200.0,-0.7331173419952393
6262812672.0,-0.7587672472000122
6263750144.0,-0.7828620672225952
6264687616.0,-0.8038173913955688
6265625088.0,-0.822901725769043
6266562560.0,-0.8388323187828064
6267500032.0,-0.8533677458763123
6268437504.0,-0.8634290099143982
6269374976.0,-0.8698320388793945
6270312448.0,-0.8734691143035889
6271249920.0,-0.8738315105438232
6272187392.0,-0.8712328672409058
6273124864.0,-0.8646478652954102
6274062336.0,-0.8539679050445557
6274999808.0,-0.841349184513092
6275937280.0,-0.8248755931854248
6276874752.0,-0.8060840368270874
6277812736.0,-0.784530758857727
6278750208.0,-0.7602936029434204
6279687680.0,-0.7343424558639526
6280625152.0,-0.7061306834220886
6281562624.0,-0.6769528985023499
6282500096.0,-0.6464163064956665
6283437568.0,-0.615698516368866
6284375040.0,-0.5841417908668518
6285312512.0,-0.5543661117553711
6286249984.0,-0.5244812965393066
6287187456.0,-0.49523380398750305
6288124928.0,-0.4673353135585785
6289062400.0,-0.44107702374458313
6289999872.0,-0.4162009358406067
6290937344.0,-0.3933742046356201
6291874816.0,-0.372328519821167
6292812288.0,-0.35346630215644836
6293749760.0,-0.3379441499710083
6294687744.0,-0.3244900703430176
6295625216.0,-0.31488627195358276
6296562688.0,-0.31159454584121704
6297500160.0,-0.3118981122970581
6298437632.0,-0.31521934270858765
6299375104.0,-0.32142049074172974
6300312576.0,-0.3297045826911926
6301250048.0,-0.34160444140434265
6302187520.0,-0.3550470471382141
6303124992.0,-0.3730182647705078
6304062464.0,-0.3922969400882721
6304999936.0,-0.5323036909103394
6305937408.0,-0.5520946979522705
6306874880.0,-0.5743252635002136
6307812352.0,-0.5971946120262146
6308749824.0,-0.6204615831375122
6309687296.0,-0.6449764370918274
6310624768.0,-0.6712353229522705
6311562752.0,-0.697604775428772
6312500224.0,-0.722809374332428
6313437696.0,-0.7480334639549255
6314375168.0,-0.7740954756736755
6315312640.0,-0.798922598361969
6316250112.0,-0.8242142200469971
6317187584.0,-0.8474400043487549
6318125056.0,-0.8699239492416382
6319062528.0,-0.8899818658828735
6320000000.0,-0.9085167050361633
6320937472.0,-0.9246030449867249
6321874944.0,-0.9394866824150085
6322812416.0,-0.9524819850921631
6323749888.0,-0.9646121859550476
6324687360.0,-0.9728978872299194
6325624832.0,-0.9778493046760559
6326562304.0,-0.9812466502189636
6327499776.0,-0.9800066351890564
6328437248.0,-0.9765026569366455
6329375232.0,-0.9712972640991211
6330312704.0,-0.962324321269989
6331250176.0,-0.9510478973388672
6332187648.0,-0.9381263852119446
6333125120.0,-0.9241318106651306
6334062592.0,-0.9094235301017761
6335000064.0,-0.8913969397544861
6335937536.0,-0.8731555938720703
6336875008.0,-0.8543468713760376
6337812480.0,-0.8348084688186646
6338749952.0,-0.8145274519920349
6339687424.0,-0.7913604378700256
6340624896.0,-0.768689751625061
6341562368.0,-0.7467065453529358
6342499840.0,-0.7243306636810303
6343437312.0,-0.701073169708252
6344374784.0,-0.6790100336074829
6345312256.0,-0.6564854383468628
6346250240.0,-0.6355271935462952
6347187712.0,-0.6139522194862366
6348125184.0,-0.5927476286888123
6349062656.0,-0.5725762844085693
6350000128.0,-0.5547953844070435
6350937600.0,-0.5378550887107849
6351875072.0,-0.5226250290870667
6352812544.0,-0.5104915499687195
6353750016.0,-0.5000863075256348
6354687488.0,-0.49247804284095764
6355624960.0,-0.486554890871048
6356562432.0,-0.48384183645248413
6357499904.0,-0.48432236909866333
6358437376.0,-0.48600125312805176
6359374848.0,-0.4910978376865387
6360312320.0,-0.49808183312416077
6361249792.0,-0.507218599319458
6362187264.0,-0.5197635889053345
6363125248.0,-0.5342136025428772
6364062720.0,-0.5510043501853943
6365000192.0,-0.8258964419364929
6365937664.0,-0.8319205641746521
6366875136.0,-0.8382137417793274
6367812608.0,-0.8458861112594604
6368750080.0,-0.85312819480896
6369687552.0,-0.8613415956497192
6370625024.0,-0.8686745762825012
6371562496.0,-0.878157377243042
6372499968.0,-0.887380838394165
6373437440.0,-0.8962176442146301
6374374912.0,-0.905357837677002
6375312384.0,-0.9149498343467712
6376249856.0,-0.9236684441566467
6377187328.0,-0.9306361675262451
6378124800.0,-0.9387484192848206
6379062272.0,-0.9463742971420288
6380000256.0,-0.9532788991928101
6380937728.0,-0.9591021537780762
6381875200.0,-0.9666987657546997
6382812672.0,-0.9726912975311279
6383750144.0,-0.9776309132575989
6384687616.0,-0.9831945896148682
6385625088.0,-0.9881557822227478
6386562560.0,-0.9920564889907837
6387500032.0,-0.996071457862854
6388437504.0,-0.9990931749343872
6389374976.0,-1.0026627779006958
6390312448.0,-1.0044872760772705
6391249920.0,-1.0057119131088257
6392187392.0,-1.006829857826233
6393124864.0,-1.0067709684371948
6394062336.0,-1.0059430599212646
6394999808.0,-1.003858208656311
6395937280.0,-1.0018301010131836
6396874752.0,-0.999480128288269
6397812736.0,-0.9961684942245483
6398750208.0,-0.9921156167984009
6399687680.0,-0.9888562560081482
6400625152.0,-0.9848777651786804
6401562624.0,-0.9821212887763977
6402500096.0,-0.9790899753570557
6403437568.0,-0.9780540466308594
6404375040.0,-0.9767878651618958
6405312512.0,-0.9771552681922913
6406249984.0,-0.9789238572120667
6407187456.0,-0.9789262413978577
6408124928.0,-0.98216313123703
6409062400.0,-0.9856173396110535
6409999872.0,-0.990329384803772
6410937344.0,-0.9940540790557861
6411874816.0,-0.9989711046218872
6412812288.0,-1.00469172000885
6413749760.0,-1.0124012231826782
6414687744.0,-1.0183056592941284
6415625216.0,-1.0258699655532837
6416562688.0,-1.0337581634521484
6417500160.0,-1.0427184104919434
6418437632.0,-1.051121473312378
6419375104.0,-1.061222791671753
6420312576.0,-1.070156216621399
6421250048.0,-1.078283667564392
6422187520.0,-1.0859594345092773
6423124992.0,-1.0932385921478271
6424062464.0,-1.0966756343841553
6424999936.0,-1.1148452758789062
6425937408.0,-1.127015233039856
6426874880.0,-1.1364634037017822
6427812352.0,-1.1473522186279297
6428749824.0,-1.1551871299743652
6429687296.0,-1.1620675325393677
6430624768.0,-1.167440414428711
6431562752.0,-1.1710618734359741
6432500224.0,-1.1722636222839355
6433437696.0,-1.1719510555267334
6434375168.0,-1.17078697681427
6435312640.0,-1.167067289352417
6436250112.0,-1.16161048412323
6437187584.0,-1.1562036275863647
6438125056.0,-1.1498349905014038
6439062528.0,-1.140013575553894
6440000000.0,-1.1298352479934692
6440937472.0,-1.119124174118042
6441874944.0,-1.1074305772781372
6442812416.0,-1.0952064990997314
6443749888.0,-1.0829545259475708
6444687360.0,-1.070804238319397
6445624832.0,-1.0580401420593262
6446562304.0,-1.0450066328048706
6447499776.0,-1.033509373664856
6448437248.0,-1.0215001106262207
6449375232.0,-1.0102088451385498
6450312704.0,-0.9996825456619263
6451250176.0,-0.9894853234291077
6452187648.0,-0.9813408255577087
6453125120.0,-0.9731379151344299
6454062592.0,-0.9648281931877136
6455000064.0,-0.9579894542694092
6455937536.0,-0.951887309551239
6456875008.0,-0.9458559155464172
6457812480.0,-0.9403760433197021
6458749952.0,-0.935273289680481
6459687424.0,-0.9299077391624451
6460624896.0,-0.9252727627754211
6461562368.0,-0.9216510653495789
6462499840.0,-0.9186903834342957
6463437312.0,-0.9150107502937317
6464374784.0,-0.9107762575149536
6465312256.0,-0.9071010947227478
6466250240.0,-0.9033792018890381
6467187712.0,-0.8993932604789734
6468125184.0,-0.8956809639930725
6469062656.0,-0.8926675915718079
6470000128.0,-0.8871809840202332
6470937600.0,-0.8825387358665466
6471875072.0,-0.8776212930679321
6472812544.0,-0.8720712661743164
6473750016.0,-0.8691884279251099
6474687488.0,-0.8658901453018188
6475624960.0,-0.8613758683204651
6476562432.0,-0.8574967980384827
6477499904.0,-0.8537131547927856
6478437376.0,-0.8501811623573303
6479374848.0,-0.8460610508918762
6480312320.0,-0.842179536819458
6481249792.0,-0.8385971188545227
6482187264.0,-0.8369920253753662
6483125248.0,-0.8359953761100769
6484062720.0,-0.8355101943016052
6485000192.0,-0.9378282427787781
6485937664.0,-0.946286678314209
6486875136.0,-0.9537570476531982
6487812608.0,-0.9608579874038696
6488750080.0,-0.9672660827636719
6489687552.0,-0.9756977558135986
6490625024.0,-0.9827004671096802
6491562496.0,-0.9889881610870361
6492499968.0,-0.9936822652816772
6493437440.0,-0.9997193813323975
6494374912.0,-1.0062413215637207
6495312384.0,-1.011165738105774
6496249856.0,-1.0154647827148438
6497187328.0,-1.0192698240280151
6498124800.0,-1.0224473476409912
6499062272.0,-1.0227957963943481
6499999744.0,-1.0229825973510742
6500937728.0,-1.022979974746704
6501875200.0,-1.0202395915985107
6502812672.0,-1.0169447660446167
6503750144.0,-1.0107041597366333
6504687616.0,-1.005440354347229
6505625088.0,-0.9980807900428772
6506562560.0,-0.98908531665802
6507500032.0,-0.9802060723304749
6508437504.0,-0.9688895344734192
6509374976.0,-0.9576035141944885
6510312448.0,-0.9451743960380554
6511249920.0,-0.9330835938453674
6512187392.0,-0.9207218289375305
6513124864.0,-0.9084582924842834
6514062336.0,-0.8971750736236572
6514999808.0,-0.8860062956809998
6515937280.0,-0.8750141263008118
6516874752.0,-0.8643975853919983
6517812736.0,-0.8545191884040833
6518750208.0,-0.8451887965202332
6519687680.0,-0.8359566330909729
6520625152.0,-0.8281291127204895
6521562624.0,-0.8203822374343872
6522500096.0,-0.813998818397522
6523437568.0,-0.8081597089767456
6524375040.0,-0.8021553158760071
6525312512.0,-0.7977583408355713
6526249984.0,-0.7940273880958557
6527187456.0,-0.790749192237854
6528124928.0,-0.7886295318603516
6529062400.0,-0.7874851822853088
6529999872.0,-0.7877753973007202
6530937344.0,-0.7896323204040527
6531874816.0,-0.7908259034156799
6532812288.0,-0.7931964993476868
6533749760.0,-0.7969644069671631
6534687744.0,-0.8006842732429504
6535625216.0,-0.8059239983558655
6536562688.0,-0.810461699962616
6537500160.0,-0.8164306879043579
6538437632.0,-0.8216085433959961
6539375104.0,-0.8281011581420898
6540312576.0,-0.8339046835899353
6541250048.0,-0.8410676121711731
6542187520.0,-0.847176194190979
6543124992.0,-0.8543702960014343
6544062464.0,-0.861549437046051
6544999936.0,-0.8599236607551575
6545937408.0,-0.8634171485900879
6546874880.0,-0.8683000206947327
6547812352.0,-0.8730185627937317
6548749824.0,-0.8780941367149353
6549687296.0,-0.8817691802978516
6550624768.0,-0.8851335048675537
6551562752.0,-0.8873763680458069
6552500224.0,-0.891575038433075
6553437696.0,-0.8957160711288452
6554375168.0,-0.9016921520233154
6555312640.0,-0.9077596664428711
6556250112.0,-0.915399432182312
6557187584.0,-0.9234710931777954
6558125056.0,-0.9334850907325745
6559062528.0,-0.9431019425392151
6560000000.0,-0.955652117729187
6560937472.0,-0.9685510396957397
6561874944.0,-0.9816057682037354
6562812416.0,-0.9941691756248474
6563749888.0,-1.0072662830352783
6564687360.0,-1.0213980674743652
6565624832.0,-1.0333904027938843
6566562304.0,-1.0471118688583374
6567499776.0,-1.0599132776260376
6568437248.0,-1.0725065469741821
6569375232.0,-1.0860530138015747
6570312704.0,-1.0983814001083374
6571250176.0,-1.111620545387268
6572187648.0,-1.1232892274856567
6573125120.0,-1.1334377527236938
6574062592.0,-1.1432610750198364
6575000064.0,-1.1506437063217163
6575937536.0,-1.157533884048462
6576875008.0,-1.1628684997558594
6577812480.0,-1.1681547164916992
6578749952.0,-1.1720590591430664
6579687424.0,-1.1772425174713135
6580624896.0,-1.1801247596740723
6581562368.0,-1.1826292276382446
6582499840.0,-1.1849380731582642
6583437312.0,-1.1860955953598022
6584374784.0,-1.1878044605255127
6585312256.0,-1.1887791156768799
6586250240.0,-1.1870651245117188
6587187712.0,-1.1857283115386963
6588125184.0,-1.182268500328064
6589062656.0,-1.1797338724136353
6590000128.0,-1.1758992671966553
6590937600.0,-1.1706749200820923
6591875072.0,-1.1661434173583984
6592812544.0,-1.1613872051239014
6593750016.0,-1.1580538749694824
6594687488.0,-1.1543129682540894
6595624960.0,-1.1512974500656128
6596562432.0,-1.1490365266799927
6597499904.0,-1.1456094980239868
6598437376.0,-1.1439647674560547
6599374848.0,-1.1428717374801636
6600312320.0,-1.1410892009735107
6601249792.0,-1.1398001909255981
6602187264.0,-1.1394145488739014
6603125248.0,-1.1396549940109253
6604062720.0,-1.1406785249710083
6605000192.0,-1.1383183002471924
6605937664.0,-1.1422080993652344
6606875136.0,-1.145248532295227
6607812608.0,-1.1517868041992188
6608750080.0,-1.1547969579696655
6609687552.0,-1.159127116203308
6610625024.0,-1.1613277196884155
6611562496.0,-1.1664965152740479
6612499968.0,-1.168853998184204
6613437440.0,-1.171715259552002
6614374912.0,-1.1742457151412964
6615312384.0,-1.177443027496338
6616249856.0,-1.1815361976623535
6617187328.0,-1.18580162525177
6618124800.0,-1.1901811361312866
6619062272.0,-1.194773554801941
6620000256.0,-1.1999090909957886
6620937728.0,-1.2058584690093994
6621875200.0,-1.2142391204833984
6622812672.0,-1.222603678703308
6623750144.0,-1.2332850694656372
6624687616.0,-1.2458161115646362
6625625088.0,-1.2598251104354858
6626562560.0,-1.2796952724456787
6627500032.0,-1.2994301319122314
6628437504.0,-1.3206422328948975
6629374976.0,-1.341832160949707
6630312448.0,-1.362255334854126
6631249920.0,-1.3839555978775024
6632187392.0,-1.4030368328094482
6633124864.0,-1.4237431287765503
6634062336.0,-1.444509744644165
6634999808.0,-1.4645435810089111
6635937280.0,-1.4848638772964478
6636874752.0,-1.5047322511672974
6637812736.0,-1.523673176765442
6638750208.0,-1.5410887002944946
6639687680.0,-1.5580487251281738
6640625152.0,-1.574520230293274
6641562624.0,-1.5905320644378662
6642500096.0,-1.6053286790847778
6643437568.0,-1.6190048456192017
6644375040.0,-1.6309784650802612
6645312512.0,-1.639365792274475
6646249984.0,-1.6458330154418945
6647187456.0,-1.6527138948440552
6648124928.0,-1.6574954986572266
6649062400.0,-1.6599656343460083
6649999872.0,-1.6613460779190063
6650937344.0,-1.6634048223495483
6651874816.0,-1.6670588254928589
6652812288.0,-1.6699742078781128
6653749760.0,-1.6735495328903198
6654687744.0,-1.6769506931304932
6655625216.0,-1.6819790601730347
6656562688.0,-1.686692237854004
6657500160.0,-1.6929939985275269
6658437632.0,-1.700508713722229
6659375104.0,-1.7079895734786987
6660312576.0,-1.7170103788375854
6661250048.0,-1.7272439002990723
6662187520.0,-1.7382168769836426
6663124992.0,-1.7493149042129517
6664062464.0,-1.7621055841445923
6664999936.0,-1.7841674089431763
6665937408.0,-1.7965675592422485
6666874880.0,-1.8106671571731567
6667812352.0,-1.8259389400482178
6668749824.0,-1.8423666954040527
6669687296.0,-1.858440637588501
6670624768.0,-1.8729801177978516
6671562752.0,-1.8860828876495361
6672500224.0,-1.8974967002868652
6673437696.0,-1.908706545829773
6674375168.0,-1.9188987016677856
6675312640.0,-1.9286726713180542
6676250112.0,-1.9377931356430054
6677187584.0,-1.9425179958343506
6678125056.0,-1.9476531744003296
6679062528.0,-1.9497976303100586
6680000000.0,-1.950563669204712
6680937472.0,-1.9516112804412842
6681874944.0,-1.9517574310302734
6682812416.0,-1.952463150024414
6683749888.0,-1.9547008275985718
6684687360.0,-1.9564098119735718
6685624832.0,-1.9585974216461182
6686562304.0,-1.9599685668945312
6687499776.0,-1.9619297981262207
6688437248.0,-1.9652190208435059
6689375232.0,-1.9679417610168457
6690312704.0,-1.97288179397583
6691250176.0,-1.9779469966888428
6692187648.0,-1.9845486879348755
6693125120.0,-1.9928034543991089
6694062592.0,-2.002791166305542
6695000064.0,-2.01548433303833
6695937536.0,-2.0301923751831055
6696875008.0,-2.0468204021453857
6697812480.0,-2.066291332244873
6698749952.0,-2.088519811630249
6699687424.0,-2.110475540161133
6700624896.0,-2.1357498168945312
6701562368.0,-2.1601505279541016
6702499840.0,-2.1828908920288086
6703437312.0,-2.2073862552642822
6704374784.0,-2.2312231063842773
6705312256.0,-2.254279136657715
6706250240.0,-2.2762067317962646
6707187712.0,-2.298955202102661
6708125184.0,-2.3192636966705322
6709062656.0,-2.339186191558838
6710000128.0,-2.3583686351776123
6710937600.0,-2.375711441040039
6711875072.0,-2.3911983966827393
6712812544.0,-2.4055655002593994
6713750016.0,-2.4175963401794434
6714687488.0,-2.426224946975708
6715624960.0,-2.433837413787842
6716562432.0,-2.438394069671631
6717499904.0,-2.4426357746124268
6718437376.0,-2.444629669189453
6719374848.0,-2.4455089569091797
6720312320.0,-2.444694757461548
6721249792.0,-2.442548990249634
6722187264.0,-2.44043231010437
6723125248.0,-2.437788724899292
6724062720.0,-2.4358320236206055
6725000192.0,-2.411026954650879
6725937664.0,-2.414710760116577
6726875136.0,-2.419632911682129
6727812608.0,-2.4263949394226074
6728750080.0,-2.434678792953491
6729687552.0,-2.4424922466278076
6730625024.0,-2.454094171524048
6731562496.0,-2.4667246341705322
6732499968.0,-2.480433464050293
6733437440.0,-2.496816873550415
6734374912.0,-2.5132832527160645
6735312384.0,-2.5327107906341553
6736249856.0,-2.552961826324463
6737187328.0,-2.5746378898620605
6738124800.0,-2.5978739261627197
6739062272.0,-2.622680902481079
6739999744.0,-2.6501073837280273
6740937728.0,-2.6809322834014893
6741875200.0,-2.7136220932006836
6742812672.0,-2.7480289936065674
6743750144.0,-2.781329870223999
6744687616.0,-2.8152718544006348
6745625088.0,-2.850301504135132
6746562560.0,-2.8834731578826904
6747500032.0,-2.917076349258423
6748437504.0,-2.949941635131836
6749374976.0,-2.9793126583099365
6750312448.0,-3.0104386806488037
6751249920.0,-3.0362355709075928
6752187392.0,-3.06420636177063
6753124864.0,-3.08107328414917
6754062336.0,-3.0931248664855957
6754999808.0,-3.1020381450653076
6755937280.0,-3.1064271926879883
6756874752.0,-3.107150077819824
6757812736.0,-3.1051244735717773
6758750208.0,-3.1004741191864014
6759687680.0,-3.0917580127716064
6760625152.0,-3.0786499977111816
6761562624.0,-3.0593483448028564
6762500096.0,-3.0345253944396973
6763437568.0,-3.0012638568878174
6764375040.0,-2.9642860889434814
6765312512.0,-2.9218034744262695
6766249984.0,-2.8758058547973633
6767187456.0,-2.825206756591797
6768124928.0,-2.7720909118652344
6769062400.0,-2.715143918991089
6769999872.0,-2.6550967693328857
6770937344.0,-2.592669725418091
6771874816.0,-2.5300068855285645
6772812288.0,-2.463395833969116
6773749760.0,-2.3979296684265137
6774687744.0,-2.333179235458374
6775625216.0,-2.270826816558838
6776562688.0,-2.211761236190796
6777500160.0,-2.1549601554870605
6778437632.0,-2.1042704582214355
6779375104.0,-2.055671215057373
6780312576.0,-2.012362003326416
6781250048.0,-1.9710273742675781
6782187520.0,-1.9368360042572021
6783124992.0,-1.904555320739746
6784062464.0,-1.876869797706604
6784999936.0,-2.3288838863372803
6785937408.0,-2.3099827766418457
6786874880.0,-2.291614532470703
6787812352.0,-2.2717952728271484
6788749824.0,-2.2541897296905518
6789687296.0,-2.2387685775756836
6790624768.0,-2.2273635864257812
6791562752.0,-2.215941905975342
6792500224.0,-2.207308292388916
6793437696.0,-2.1998815536499023
6794375168.0,-2.192138910293579
6795312640.0,-2.184985399246216
6796250112.0,-2.1801488399505615
6797187584.0,-2.1762988567352295
6798125056.0,-2.173767328262329
6799062528.0,-2.1733062267303467
6800000000.0,-2.1756396293640137
6800937472.0,-2.181417226791382
6801874944.0,-2.1890342235565186
6802812416.0,-2.199883460998535
6803749888.0,-2.2152798175811768
6804687360.0,-2.2331910133361816
6805624832.0,-2.2518672943115234
6806562304.0,-2.269822835922241
6807499776.0,-2.2894203662872314
6808437248.0,-2.308756113052368
6809375232.0,-2.327772378921509
6810312704.0,-2.3480677604675293
6811250176.0,-2.3660571575164795
6812187648.0,-2.3825204372406006
6813125120.0,-2.398571491241455
6814062592.0,-2.4123847484588623
6815000064.0,-2.4242985248565674
6815937536.0,-2.435511589050293
6816875008.0,-2.4431509971618652
6817812480.0,-2.447784662246704
6818749952.0,-2.4505133628845215
6819687424.0,-2.449713945388794
6820624896.0,-2.441612482070923
6821562368.0,-2.4324278831481934
6822499840.0,-2.4162685871124268
6823437312.0,-2.3972480297088623
6824374784.0,-2.3767940998077393
6825312256.0,-2.3511970043182373
6826250240.0,-2.3241991996765137
6827187712.0,-2.2942590713500977
6828125184.0,-2.2623908519744873
6829062656.0,-2.2270162105560303
6830000128.0,-2.1907756328582764
6830937600.0,-2.151610851287842
6831875072.0,-2.112412929534912
6832812544.0,-2.0717639923095703
6833750016.0,-2.031003952026367
6834687488.0,-1.988263487815857
6835624960.0,-1.9461315870285034
6836562432.0,-1.902148962020874
6837499904.0,-1.859557867050171
6838437376.0,-1.8170194625854492
6839374848.0,-1.7775661945343018
6840312320.0,-1.7384034395217896
6841249792.0,-1.7037899494171143
6842187264.0,-1.6706026792526245
6843125248.0,-1.6390162706375122
6844062720.0,-1.6093701124191284
6845000192.0,-1.5040303468704224
6845937664.0,-1.4772437810897827
6846875136.0,-1.452111840248108
6847812608.0,-1.4300731420516968
6848750080.0,-1.4111664295196533
6849687552.0,-1.395639181137085
6850625024.0,-1.3817641735076904
6851562496.0,-1.3724863529205322
6852499968.0,-1.3646912574768066
6853437440.0,-1.3607237339019775
6854374912.0,-1.358034610748291
6855312384.0,-1.3576864004135132
6856249856.0,-1.3619084358215332
6857187328.0,-1.3670375347137451
6858124800.0,-1.3746618032455444
6859062272.0,-1.3847196102142334
6860000256.0,-1.3984190225601196
6860937728.0,-1.4129908084869385
6861875200.0,-1.4303131103515625
6862812672.0,-1.449371576309204
6863750144.0,-1.4694730043411255
6864687616.0,-1.4919730424880981
6865625088.0,-1.5129297971725464
6866562560.0,-1.5337961912155151
6867500032.0,-1.555275797843933
6868437504.0,-1.574989914894104
6869374976.0,-1.5914607048034668
6870312448.0,-1.6061718463897705
6871249920.0,-1.6180881261825562
6872187392.0,-1.6293883323669434
6873124864.0,-1.6390368938446045
6874062336.0,-1.6459362506866455
6874999808.0,-1.6524608135223389
6875937280.0,-1.6558220386505127
6876874752.0,-1.656503438949585
6877812736.0,-1.6532527208328247
6878750208.0,-1.647018551826477
6879687680.0,-1.6387196779251099
6880625152.0,-1.6257519721984863
6881562624.0,-1.6108942031860352
6882500096.0,-1.5930553674697876
6883437568.0,-1.5712275505065918
6884375040.0,-1.5471218824386597
6885312512.0,-1.5206586122512817
6886249984.0,-1.4924684762954712
6887187456.0,-1.4610382318496704
6888124928.0,-1.431901216506958
6889062400.0,-1.3996599912643433
6889999872.0,-1.369145393371582
6890937344.0,-1.337615728378296
6891874816.0,-1.3071099519729614
6892812288.0,-1.276046872138977
6893749760.0,-1.2441002130508423
6894687744.0,-1.213621735572815
6895625216.0,-1.1841765642166138
6896562688.0,-1.1560580730438232
6897500160.0,-1.128594160079956
6898437632.0,-1.1041724681854248
6899375104.0,-1.0812392234802246
6900312576.0,-1.0581791400909424
6901250048.0,-1.036591649055481
6902187520.0,-1.0162235498428345
6903124992.0,-0.9981488585472107
6904062464.0,-0.9824599623680115
6904999936.0,-0.9827556014060974
6905937408.0,-0.9775252342224121
6906874880.0,-0.9753236770629883
6907812352.0,-0.9759955406188965
6908749824.0,-0.9773217439651489
6909687296.0,-0.9807765483856201
6910624768.0,-0.9849172234535217
6911562752.0,-0.9911419153213501
6912500224.0,-0.9969403147697449
6913437696.0,-1.00387442111969
6914375168.0,-1.0114643573760986
6915312640.0,-1.016787052154541
6916250112.0,-1.021588921546936
6917187584.0,-1.0245603322982788
6918125056.0,-1.0257043838500977
6919062528.0,-1.0260460376739502
6920000000.0,-1.0238784551620483
6920937472.0,-1.0209003686904907
6921874944.0,-1.017043113708496
6922812416.0,-1.0108280181884766
6923749888.0,-1.0037975311279297
6924687360.0,-0.9950413703918457
6925624832.0,-0.9842352271080017
6926562304.0,-0.9705139994621277
6927499776.0,-0.955685019493103
6928437248.0,-0.9388056993484497
6929375232.0,-0.9214243292808533
6930312704.0,-0.9034637212753296
6931250176.0,-0.8839675188064575
6932187648.0,-0.8620861768722534
6933125120.0,-0.8409107327461243
6934062592.0,-0.8177859783172607
6935000064.0,-0.7947473526000977
6935937536.0,-0.7721966505050659
6936875008.0,-0.7500415444374084
6937812480.0,-0.728663444519043
6938749952.0,-0.7068493366241455
6939687424.0,-0.685631275177002
6940624896.0,-0.6658883094787598
6941562368.0,-0.6450902819633484
6942499840.0,-0.6259315609931946
6943437312.0,-0.6085745096206665
6944374784.0,-0.5917625427246094
6945312256.0,-0.5769917368888855
6946250240.0,-0.5639374256134033
6947187712.0,-0.5542436838150024
6948125184.0,-0.5453759431838989
6949062656.0,-0.5382683873176575
6950000128.0,-0.5313236117362976
6950937600.0,-0.5285269021987915
6951875072.0,-0.5265741944313049
6952812544.0,-0.5257944464683533
6953750016.0,-0.5273141860961914
6954687488.0,-0.5292695164680481
6955624960.0,-0.5336201786994934
6956562432.0,-0.5400177240371704
6957499904.0,-0.548673689365387
6958437376.0,-0.5581563115119934
6959374848.0,-0.5680971741676331
6960312320.0,-0.5782150030136108
6961249792.0,-0.5900025963783264
6962187264.0,-0.6012441515922546
6963125248.0,-0.6120787262916565
6964062720.0,-0.6237396001815796
6965000192.0,-0.5292437672615051
6965937664.0,-0.5389118790626526
6966875136.0,-0.547415554523468
6967812608.0,-0.5570248365402222
6968750080.0,-0.5672534108161926
6969687552.0,-0.5775969624519348
6970625024.0,-0.5891873836517334
6971562496.0,-0.6001489162445068
6972499968.0,-0.6118443012237549
6973437440.0,-0.6226793527603149
6974374912.0,-0.6358895301818848
6975312384.0,-0.6481305956840515
6976249856.0,-0.6602242588996887
6977187328.0,-0.6717587113380432
6978124800.0,-0.6837360858917236
6979062272.0,-0.6954907178878784
6979999744.0,-0.7073225378990173
6980937728.0,-0.7188857793807983
6981875200.0,-0.7293078303337097
6982812672.0,-0.7382217645645142
6983750144.0,-0.7475029230117798
6984687616.0,-0.7561315298080444
6985625088.0,-0.7651360630989075
6986562560.0,-0.7735466361045837
6987500032.0,-0.780565083026886
6988437504.0,-0.7863742709159851
6989374976.0,-0.7906680703163147
6990312448.0,-0.7931481599807739
6991249920.0,-0.7944903373718262
6992187392.0,-0.7953149080276489
6993124864.0,-0.7940343022346497
6994062336.0,-0.7920065522193909
6994999808.0,-0.7873631715774536
6995937280.0,-0.782945454120636
6996874752.0,-0.7750714421272278
6997812736.0,-0.7671197056770325
6998750208.0,-0.7587823271751404
6999687680.0,-0.7489712834358215
7000625152.0,-0.7390387058258057
7001562624.0,-0.7277225255966187
7002500096.0,-0.7156501412391663
7003437568.0,-0.703254222869873
7004375040.0,-0.6904393434524536
7005312512.0,-0.6764665842056274
7006249984.0,-0.6632415056228638
7007187456.0,-0.6474930047988892
7008124928.0,-0.6302725076675415
7009062400.0,-0.6125183701515198
7009999872.0,-0.5952208042144775
7010937344.0,-0.5786627531051636
7011874816.0,-0.562064528465271
7012812288.0,-0.5463486313819885
7013749760.0,-0.529476523399353
7014687744.0,-0.5136885046958923
7015625216.0,-0.49758103489875793
7016562688.0,-0.48151853680610657
7017500160.0,-0.4665067195892334
7018437632.0,-0.45207759737968445
7019375104.0,-0.4389299750328064
7020312576.0,-0.42549630999565125
7021250048.0,-0.41462352871894836
7022187520.0,-0.4025162160396576
7023124992.0,-0.3923690617084503
7024062464.0,-0.3832697868347168
7024999936.0,-0.2945827841758728
7025937408.0,-0.29891085624694824
7026874880.0,-0.30322006344795227
7027812352.0,-0.3086801767349243
7028749824.0,-0.31538125872612
7029687296.0,-0.32075196504592896
7030624768.0,-0.32786011695861816
7031562752.0,-0.33657991886138916
7032500224.0,-0.34476199746131897
7033437696.0,-0.3575396239757538
7034375168.0,-0.36987751722335815
7035312640.0,-0.38257235288619995
7036250112.0,-0.3966365158557892
7037187584.0,-0.40987908840179443
7038125056.0,-0.42457592487335205
7039062528.0,-0.4388413727283478
7040000000.0,-0.4533061385154724
7040937472.0,-0.4681323170661926
7041874944.0,-0.48140549659729004
7042812416.0,-0.493898868560791
7043749888.0,-0.5079622268676758
7044687360.0,-0.5209819674491882
7045624832.0,-0.5332438349723816
7046562304.0,-0.5438964366912842
7047499776.0,-0.5549910068511963
7048437248.0,-0.563587486743927
7049375232.0,-0.5717532634735107
7050312704.0,-0.5792824625968933
7051250176.0,-0.5853321552276611
7052187648.0,-0.5910261273384094
7053125120.0,-0.596645176410675
7054062592.0,-0.6000343561172485
7055000064.0,-0.6011878252029419
7055937536.0,-0.6011330485343933
7056875008.0,-0.6002527475357056
7057812480.0,-0.598922610282898
7058749952.0,-0.5995688438415527
7059687424.0,-0.5986630916595459
7060624896.0,-0.5967562794685364
7061562368.0,-0.5932173132896423
7062499840.0,-0.5893976092338562
7063437312.0,-0.5820505023002625
7064374784.0,-0.5754820704460144
7065312256.0,-0.5677917003631592
7066250240.0,-0.5589196681976318
7067187712.0,-0.5492637157440186
7068125184.0,-0.5383450388908386
7069062656.0,-0.5268810391426086
7070000128.0,-0.5140800476074219
7070937600.0,-0.5025110840797424
7071875072.0,-0.48920729756355286
7072812544.0,-0.47567880153656006
7073750016.0,-0.46201762557029724
7074687488.0,-0.44798681139945984
7075624960.0,-0.43317899107933044
7076562432.0,-0.41861456632614136
7077499904.0,-0.40342801809310913
7078437376.0,-0.38784801959991455
7079374848.0,-0.3721347153186798
7080312320.0,-0.3558943569660187
7081249792.0,-0.340400755405426
7082187264.0,-0.3251574635505676
7083125248.0,-0.30991050601005554
7084062720.0,-0.29369035363197327
7085000192.0,-0.3567565381526947
7085937664.0,-0.3453471064567566
7086875136.0,-0.33480265736579895
7087812608.0,-0.3238559067249298
7088750080.0,-0.3152291774749756
7089687552.0,-0.306421160697937
7090625024.0,-0.29794442653656006
7091562496.0,-0.28978991508483887
7092499968.0,-0.2837006151676178
7093437440.0,-0.27678415179252625
7094374912.0,-0.27346357703208923
7095312384.0,-0.2698569893836975
7096249856.0,-0.2675148844718933
7097187328.0,-0.2662625312805176
7098124800.0,-0.2672734558582306
7099062272.0,-0.26806190609931946
7100000256.0,-0.2713387608528137
7100937728.0,-0.27616432309150696
7101875200.0,-0.2839728891849518
7102812672.0,-0.2924433946609497
7103750144.0,-0.3028830885887146
7104687616.0,-0.31482604146003723
7105625088.0,-0.32813531160354614
7106562560.0,-0.34266412258148193
7107500032.0,-0.3590124547481537
7108437504.0,-0.3772568702697754
7109374976.0,-0.39777466654777527
7110312448.0,-0.41811463236808777
7111249920.0,-0.44087299704551697
7112187392.0,-0.46322497725486755
7113124864.0,-0.4862211048603058
7114062336.0,-0.5086284875869751
7114999808.0,-0.5322737693786621
7115937280.0,-0.5550450086593628
7116874752.0,-0.5769216418266296
7117812736.0,-0.5983169674873352
7118750208.0,-0.6195582151412964
7119687680.0,-0.6391916275024414
7120625152.0,-0.6584486961364746
7121562624.0,-0.6761857271194458
7122500096.0,-0.6917263269424438
7123437568.0,-0.7057710289955139
7124375040.0,-0.7193303108215332
7125312512.0,-0.7294144630432129
7126249984.0,-0.7385467886924744
7127187456.0,-0.7456151247024536
7128124928.0,-0.750413715839386
7129062400.0,-0.7531328797340393
7129999872.0,-0.7532201409339905
7130937344.0,-0.7516530752182007
7131874816.0,-0.7470762729644775
7132812288.0,-0.7408137917518616
7133749760.0,-0.7330003380775452
7134687744.0,-0.7238219380378723
7135625216.0,-0.712074339389801
7136562688.0,-0.6984898447990417
7137500160.0,-0.6840649843215942
7138437632.0,-0.6660357117652893
7139375104.0,-0.6477574110031128
7140312576.0,-0.6285887956619263
7141250048.0,-0.6072880625724792
7142187520.0,-0.5856877565383911
7143124992.0,-0.5643764138221741
7144062464.0,-0.4323676824569702
7144999936.0,-0.43043774366378784
7145937408.0,-0.4287428855895996
7146874880.0,-0.42478495836257935
7147812352.0,-0.42339983582496643
7148749824.0,-0.42098480463027954
7149687296.0,-0.41850343346595764
7150624768.0,-0.41530758142471313
7151562752.0,-0.41464662551879883
7152500224.0,-0.41357287764549255
7153437696.0,-0.41420525312423706
7154375168.0,-0.41582268476486206
7155312640.0,-0.418315052986145
7156250112.0,-0.42338672280311584
7157187584.0,-0.42843198776245117
7158125056.0,-0.4357921779155731
7159062528.0,-0.4434897005558014
7160000000.0,-0.4512500464916229
7160937472.0,-0.4582425653934479
7161874944.0,-0.46591511368751526
7162812416.0,-0.47402194142341614
7163749888.0,-0.48278239369392395
7164687360.0,-0.49311256408691406
7165624832.0,-0.5026519894599915
7166562304.0,-0.5125768780708313
7167499776.0,-0.5226097106933594
7168437248.0,-0.5329494476318359
7169375232.0,-0.5419214367866516
7170312704.0,-0.5497887134552002
7171250176.0,-0.5591847896575928
7172187648.0,-0.5658907294273376
7173125120.0,-0.5714465379714966
7174062592.0,-0.5751547813415527
7175000064.0,-0.5779712200164795
7175937536.0,-0.5791143774986267
7176875008.0,-0.5786001682281494
7177812480.0,-0.5770502686500549
7178749952.0,-0.5723086595535278
7179687424.0,-0.5673120617866516
7180624896.0,-0.5601810216903687
7181562368.0,-0.5519598126411438
7182499840.0,-0.5415440797805786
7183437312.0,-0.5305807590484619
7184374784.0,-0.5192036628723145
7185312256.0,-0.5042586922645569
7186250240.0,-0.48593008518218994
7187187712.0,-0.46752113103866577
7188125184.0,-0.44849538803100586
7189062656.0,-0.4290141463279724
7190000128.0,-0.407626748085022
7190937600.0,-0.38823291659355164
7191875072.0,-0.36870402097702026
7192812544.0,-0.3491373360157013
7193750016.0,-0.3292578160762787
7194687488.0,-0.3110126256942749
7195624960.0,-0.2925504744052887
7196562432.0,-0.27597227692604065
7197499904.0,-0.26071053743362427
7198437376.0,-0.2456759661436081
7199374848.0,-0.23265407979488373
7200312320.0,-0.22246140241622925
7201249792.0,-0.2138749063014984
7202187264.0,-0.20824244618415833
7203125248.0,-0.20328332483768463
7204062720.0,-0.30754315853118896
7205000192.0,-0.3203321099281311
7205937664.0,-0.3354847729206085
7206875136.0,-0.3543052077293396
7207812608.0,-0.3751237988471985
7208750080.0,-0.398010790348053
7209687552.0,-0.42460089921951294
7210625024.0,-0.4520952105522156
7211562496.0,-0.4827007055282593
7212499968.0,-0.5165684223175049
7213437440.0,-0.5496855974197388
7214374912.0,-0.5840423703193665
7215312384.0,-0.6189491152763367
7216249856.0,-0.6532548069953918
7217187328.0,-0.6866210103034973
7218124800.0,-0.7178534865379333
7219062272.0,-0.7492291927337646
7219999744.0,-0.7775890231132507
7220937728.0,-0.8038035035133362
7221875200.0,-0.8285269141197205
7222812672.0,-0.8486843109130859
7223750144.0,-0.8649994134902954
7224687616.0,-0.8762239217758179
7225625088.0,-0.8841596245765686
7226562560.0,-0.8879237174987793
7227500032.0,-0.88648921251297
7228437504.0,-0.881815493106842
7229374976.0,-0.8714941740036011
7230312448.0,-0.8579813241958618
7231249920.0,-0.8385268449783325
7232187392.0,-0.8166550993919373
7233124864.0,-0.7911400198936462
7234062336.0,-0.7610414028167725
7234999808.0,-0.7296797037124634
7235937280.0,-0.6942195892333984
7236874752.0,-0.6578600406646729
7237812736.0,-0.6209807991981506
7238750208.0,-0.582226574420929
7239687680.0,-0.541120707988739
7240625152.0,-0.5005478858947754
7241562624.0,-0.4578200876712799
7242500096.0,-0.4155210256576538
7243437568.0,-0.3726431131362915
7244375040.0,-0.3301047086715698
7245312512.0,-0.2883650064468384
7246249984.0,-0.24823223054409027
7247187456.0,-0.20947030186653137
7248124928.0,-0.17283937335014343
7249062400.0,-0.13896316289901733
7249999872.0,-0.10699644684791565
7250937344.0,-0.0784178301692009
7251874816.0,-0.053566426038742065
7252812288.0,-0.03012968972325325
7253749760.0,-0.01121902372688055
7254687744.0,0.004918843042105436
7255625216.0,0.016687963157892227
7256562688.0,0.024872347712516785
7257500160.0,0.02862284518778324
7258437632.0,0.02907884493470192
7259375104.0,0.02539624460041523
7260312576.0,0.016419190913438797
7261250048.0,0.003691445803269744
7262187520.0,-0.014153034426271915
7263124992.0,-0.03597787022590637
7264062464.0,-0.30841895937919617
7264999936.0,-0.3056524693965912
7265937408.0,-0.3036609888076782
7266874880.0,-0.30501407384872437
7267812352.0,-0.3083781599998474
7268749824.0,-0.31364014744758606
7269687296.0,-0.32141897082328796
7270624768.0,-0.3318803906440735
7271562752.0,-0.34268254041671753
7272500224.0,-0.3559384346008301
7273437696.0,-0.3711995780467987
7274375168.0,-0.38678497076034546
7275312640.0,-0.40352699160575867
7276250112.0,-0.4208582937717438
7277187584.0,-0.4378432333469391
7278125056.0,-0.45468416810035706
7279062528.0,-0.4714414179325104
7280000000.0,-0.4852225184440613
7280937472.0,-0.5002875924110413
7281874944.0,-0.511799156665802
7282812416.0,-0.5210812091827393
7283749888.0,-0.5293585658073425
7284687360.0,-0.5347366333007812
7285624832.0,-0.5371993780136108
7286562304.0,-0.5386327505111694
7287499776.0,-0.5385153293609619
7288437248.0,-0.5375748872756958
7289375232.0,-0.5347117185592651
7290312704.0,-0.5287176370620728
7291250176.0,-0.5207074880599976
7292187648.0,-0.5102975368499756
7293125120.0,-0.49895626306533813
7294062592.0,-0.48546236753463745
7295000064.0,-0.4716169238090515
7295937536.0,-0.4553723633289337
7296875008.0,-0.43847420811653137
7297812480.0,-0.420368492603302
7298749952.0,-0.40364810824394226
7299687424.0,-0.3846893608570099
7300624896.0,-0.3672533631324768
7301562368.0,-0.3486897945404053
7302499840.0,-0.33067718148231506
7303437312.0,-0.31560754776000977
7304374784.0,-0.29924407601356506
7305312256.0,-0.28407415747642517
7306250240.0,-0.2723971903324127
7307187712.0,-0.26131972670555115
7308125184.0,-0.24954582750797272
7309062656.0,-0.2408795952796936
7310000128.0,-0.23337845504283905
7310937600.0,-0.22658255696296692
7311875072.0,-0.2224770039319992
7312812544.0,-0.22022278606891632
7313750016.0,-0.21772384643554688
7314687488.0,-0.217813640832901
7315624960.0,-0.21721597015857697
7316562432.0,-0.21708126366138458
7317499904.0,-0.21608632802963257
7318437376.0,-0.21428202092647552
7319374848.0,-0.2121746689081192
7320312320.0,-0.2084198296070099
7321249792.0,-0.2032049298286438
7322187264.0,-0.19598834216594696
7323125248.0,-0.18744467198848724
7324062720.0,-0.3313467502593994
7325000192.0,-0.3100702464580536
7325937664.0,-0.28626954555511475
7326875136.0,-0.26080894470214844
7327812608.0,-0.2331133335828781
7328750080.0,-0.20631875097751617
7329687552.0,-0.1787605881690979
7330625024.0,-0.15220405161380768
7331562496.0,-0.1263853907585144
7332499968.0,-0.10303155332803726
7333437440.0,-0.08208630234003067
7334374912.0,-0.0651392787694931
7335312384.0,-0.05246492847800255
7336249856.0,-0.04235699400305748
7337187328.0,-0.03892853483557701
7338124800.0,-0.03802022337913513
7339062272.0,-0.03909529000520706
7340000256.0,-0.0464194230735302
7340937728.0,-0.05860557034611702
7341875200.0,-0.07518045604228973
7342812672.0,-0.09433310478925705
7343750144.0,-0.11744492501020432
7344687616.0,-0.14099012315273285
7345625088.0,-0.16749833524227142
7346562560.0,-0.19329527020454407
7347500032.0,-0.2189071774482727
7348437504.0,-0.24287407100200653
7349374976.0,-0.2653172016143799
7350312448.0,-0.28448203206062317
7351249920.0,-0.29958081245422363
7352187392.0,-0.3123864233493805
7353124864.0,-0.319357305765152
7354062336.0,-0.32091841101646423
7354999808.0,-0.3189241290092468
7355937280.0,-0.31126633286476135
7356874752.0,-0.2987240254878998
7357812736.0,-0.28337469696998596
7358750208.0,-0.26241856813430786
7359687680.0,-0.23813040554523468
7360625152.0,-0.21092481911182404
7361562624.0,-0.1816565990447998
7362500096.0,-0.1496538519859314
7363437568.0,-0.11769931763410568
7364375040.0,-0.08165501058101654
7365312512.0,-0.04829496890306473
7366249984.0,-0.01617024838924408
7367187456.0,0.011688878759741783
7368124928.0,0.03639994189143181
7369062400.0,0.05848192051053047
7369999872.0,0.07417214661836624
7370937344.0,0.08797972649335861
7371874816.0,0.09772428870201111
7372812288.0,0.10471183061599731
7373749760.0,0.10911743342876434
7374687744.0,0.11240734159946442
7375625216.0,0.11275383085012436
7376562688.0,0.11433432996273041
7377500160.0,0.11291531473398209
7378437632.0,0.11119578778743744
7379375104.0,0.10874879360198975
7380312576.0,0.10525301098823547
7381250048.0,0.0986097902059555
7382187520.0,0.092070572078228
7383124992.0,0.08450563997030258
7384062464.0,-0.22250962257385254
7384999936.0,-0.24012917280197144
7385937408.0,-0.25667479634284973
7386874880.0,-0.27448570728302
7387812352.0,-0.29078254103660583
7388749824.0,-0.30579912662506104
7389687296.0,-0.3199251592159271
7390624768.0,-0.3313254415988922
7391562752.0,-0.3402625024318695
7392500224.0,-0.3463427424430847
7393437696.0,-0.34896883368492126
7394375168.0,-0.35035592317581177
7395312640.0,-0.3454778492450714
7396250112.0,-0.33925193548202515
7397187584.0,-0.3292200267314911
7398125056.0,-0.31390535831451416
7399062528.0,-0.2964194118976593
7400000000.0,-0.2754158675670624
7400937472.0,-0.2513538897037506
7401874944.0,-0.22336266934871674
7402812416.0,-0.19452287256717682
7403749888.0,-0.16275957226753235
7404687360.0,-0.12820282578468323
7405624832.0,-0.09232192486524582
7406562304.0,-0.055823322385549545
7407499776.0,-0.018753957003355026
7408437248.0,0.018083754926919937
7409375232.0,0.05532358959317207
7410312704.0,0.09077803045511246
7411250176.0,0.12428782880306244
7412187648.0,0.1565726101398468
7413125120.0,0.18762986361980438
7414062592.0,0.21606016159057617
7415000064.0,0.24182915687561035
7415937536.0,0.2645876705646515
7416875008.0,0.28324997425079346
7417812480.0,0.29944756627082825
7418749952.0,0.3122716248035431
7419687424.0,0.32102590799331665
7420624896.0,0.3266380727291107
7421562368.0,0.3265160024166107
7422499840.0,0.32501834630966187
7423437312.0,0.3189084529876709
7424374784.0,0.3106851279735565
7425312256.0,0.2972085773944855
7426250240.0,0.28325870633125305
7427187712.0,0.26380282640457153
7428125184.0,0.24250485002994537
7429062656.0,0.21962885558605194
7430000128.0,0.19431570172309875
7430937600.0,0.16657410562038422
7431875072.0,0.13703928887844086
7432812544.0,0.10622558742761612
7433750016.0,0.07533086091279984
7434687488.0,0.043938715010881424
7435624960.0,0.010780997574329376
7436562432.0,-0.0190998874604702
7437499904.0,-0.0505109578371048
7438437376.0,-0.08156392723321915
7439374848.0,-0.1105506643652916
7440312320.0,-0.14060167968273163
7441249792.0,-0.16961611807346344
7442187264.0,-0.19594420492649078
7443125248.0,-0.22200165688991547
7444062720.0,0.02956118993461132
7445000192.0,0.013058162294328213
7445937664.0,-0.004467354156076908
7446875136.0,-0.01953224092721939
7447812608.0,-0.037142563611269
7448750080.0,-0.0526670403778553
7449687552.0,-0.06915508955717087
7450625024.0,-0.08396770805120468
7451562496.0,-0.09798295050859451
7452499968.0,-0.11082419008016586
7453437440.0,-0.12125193327665329
7454374912.0,-0.13028088212013245
7455312384.0,-0.1360636204481125
7456249856.0,-0.1393314152956009
7457187328.0,-0.14146777987480164
7458124800.0,-0.14086806774139404
7459062272.0,-0.1376868635416031
7459999744.0,-0.13417135179042816
7460937728.0,-0.12790721654891968
7461875200.0,-0.11987403780221939
7462812672.0,-0.11120137572288513
7463750144.0,-0.10041049867868423
7464687616.0,-0.08924652636051178
7465625088.0,-0.07953087985515594
7466562560.0,-0.07097169756889343
7467500032.0,-0.06369403749704361
7468437504.0,-0.055531084537506104
7469374976.0,-0.049430862069129944
7470312448.0,-0.042861875146627426
7471249920.0,-0.03583071380853653
7472187392.0,-0.031162306666374207
7473124864.0,-0.02819804847240448
7474062336.0,-0.026219530031085014
7474999808.0,-0.026174258440732956
7475937280.0,-0.027036765590310097
7476874752.0,-0.029778968542814255
7477812736.0,-0.03369409590959549
7478750208.0,-0.03926236182451248
7479687680.0,-0.045633941888809204
7480625152.0,-0.05348614603281021
7481562624.0,-0.06300194561481476
7482500096.0,-0.0721372663974762
7483437568.0,-0.08320848643779755
7484375040.0,-0.0941314846277237
7485312512.0,-0.10549802333116531
7486249984.0,-0.11792813986539841
7487187456.0,-0.12806370854377747
7488124928.0,-0.1375761777162552
7489062400.0,-0.1488688886165619
7489999872.0,-0.15685024857521057
7490937344.0,-0.16392755508422852
7491874816.0,-0.16959615051746368
7492812288.0,-0.17140474915504456
7493749760.0,-0.17339669167995453
7494687744.0,-0.1721116155385971
7495625216.0,-0.17051036655902863
7496562688.0,-0.16637849807739258
7497500160.0,-0.16040131449699402
7498437632.0,-0.1527838259935379
7499375104.0,-0.1440463811159134
7500312576.0,-0.13500642776489258
7501250048.0,-0.12490656226873398
7502187520.0,-0.11414400488138199
7503124992.0,-0.10374137759208679
7504062464.0,-0.08930773288011551
7504999936.0,-0.06342148780822754
7505937408.0,-0.040837790817022324
7506874880.0,-0.02140156738460064
7507812352.0,-0.005091680679470301
7508749824.0,0.006350616458803415
7509687296.0,0.014236816205084324
7510624768.0,0.018393484875559807
7511562752.0,0.01854819618165493
7512500224.0,0.014374129474163055
7513437696.0,0.007886255159974098
7514375168.0,-0.0019246572628617287
7515312640.0,-0.014753145165741444
7516250112.0,-0.030313245952129364
7517187584.0,-0.043463170528411865
7518125056.0,-0.05772610753774643
7519062528.0,-0.07309100031852722
7520000000.0,-0.08911943435668945
7520937472.0,-0.10400822758674622
7521874944.0,-0.11672797799110413
7522812416.0,-0.12847773730754852
7523749888.0,-0.138746976852417
7524687360.0,-0.1469365507364273
7525624832.0,-0.1513693928718567
7526562304.0,-0.15440817177295685
7527499776.0,-0.15486229956150055
7528437248.0,-0.1507795751094818
7529375232.0,-0.14518922567367554
7530312704.0,-0.13628193736076355
7531250176.0,-0.1255555897951126
7532187648.0,-0.11432749778032303
7533125120.0,-0.09981384128332138
7534062592.0,-0.0859329029917717
7535000064.0,-0.07121361792087555
7535937536.0,-0.05683830380439758
7536875008.0,-0.04367406293749809
7537812480.0,-0.03259409964084625
7538749952.0,-0.022767135873436928
7539687424.0,-0.016260415315628052
7540624896.0,-0.012718606740236282
7541562368.0,-0.012394336052238941
7542499840.0,-0.015912186354398727
7543437312.0,-0.023913715034723282
7544374784.0,-0.0353681817650795
7545312256.0,-0.051112640649080276
7546250240.0,-0.07117562741041183
7547187712.0,-0.0937609151005745
7548125184.0,-0.11931990087032318
7549062656.0,-0.1495271474123001
7550000128.0,-0.17830170691013336
7550937600.0,-0.20852656662464142
7551875072.0,-0.2396852821111679
7552812544.0,-0.2675245702266693
7553750016.0,-0.29388427734375
7554687488.0,-0.3169025480747223
7555624960.0,-0.33716192841529846
7556562432.0,-0.3550904095172882
7557499904.0,-0.37085819244384766
7558437376.0,-0.3863386809825897
7559374848.0,-0.3990932106971741
7560312320.0,-0.4119740426540375
7561249792.0,-0.4235065281391144
7562187264.0,-0.4356690049171448
7563125248.0,-0.4482964277267456
7564062720.0,-0.44904661178588867
7565000192.0,-0.4345718324184418
7565937664.0,-0.4191581904888153
7566875136.0,-0.4003508388996124
7567812608.0,-0.377849280834198
7568750080.0,-0.35330939292907715
7569687552.0,-0.3287542462348938
7570625024.0,-0.30279096961021423
7571562496.0,-0.2764778435230255
7572499968.0,-0.24841070175170898
7573437440.0,-0.2204887568950653
7574374912.0,-0.1935272365808487
7575312384.0,-0.16563159227371216
7576249856.0,-0.13739222288131714
7577187328.0,-0.11137568205595016
7578124800.0,-0.08417396992444992
7579062272.0,-0.060106005519628525
7580000256.0,-0.03777360916137695
7580937728.0,-0.016119949519634247
7581875200.0,0.00308786379173398
7582812672.0,0.019175322726368904
7583750144.0,0.03493570536375046
7584687616.0,0.04699115827679634
7585625088.0,0.05715549737215042
7586562560.0,0.0647299587726593
7587500032.0,0.07048720121383667
7588437504.0,0.07297054678201675
7589374976.0,0.0723588764667511
7590312448.0,0.07165949791669846
7591249920.0,0.06729654222726822
7592187392.0,0.06041090562939644
7593124864.0,0.053620755672454834
7594062336.0,0.04365323483943939
7594999808.0,0.03312503546476364
7595937280.0,0.02057000622153282
7596874752.0,0.006405573338270187
7597812736.0,-0.00851881131529808
7598750208.0,-0.024927448481321335
7599687680.0,-0.0424983911216259
7600625152.0,-0.060310956090688705
7601562624.0,-0.07936099171638489
7602500096.0,-0.09757059067487717
7603437568.0,-0.11472783982753754
7604375040.0,-0.1326751857995987
7605312512.0,-0.15060357749462128
7606249984.0,-0.1657293438911438
7607187456.0,-0.18215569853782654
7608124928.0,-0.19537241756916046
7609062400.0,-0.20989827811717987
7609999872.0,-0.22326062619686127
7610937344.0,-0.2340017855167389
7611874816.0,-0.2431992143392563
7612812288.0,-0.24987277388572693
7613749760.0,-0.2574792504310608
7614687744.0,-0.26270991563796997
7615625216.0,-0.26767921447753906
7616562688.0,-0.27010613679885864
7617500160.0,-0.2724671959877014
7618437632.0,-0.2755073010921478
7619375104.0,-0.280364066362381
7620312576.0,-0.28190603852272034
7621250048.0,-0.2856871783733368
7622187520.0,-0.28823551535606384
7623124992.0,-0.2918797433376312
7624062464.0,-0.28870856761932373
7624999936.0,-0.2949974834918976
7625937408.0,-0.29755350947380066
7626874880.0,-0.2983805239200592
7627812352.0,-0.29744166135787964
7628749824.0,-0.29570114612579346
7629687296.0,-0.29190969467163086
7630624768.0,-0.28553101420402527
7631562752.0,-0.2787226736545563
7632500224.0,-0.26978597044944763
7633437696.0,-0.25965365767478943
7634375168.0,-0.24925054609775543
7635312640.0,-0.2376173585653305
7636250112.0,-0.22464215755462646
7637187584.0,-0.21118710935115814
7638125056.0,-0.19815650582313538
7639062528.0,-0.1857818067073822
7640000000.0,-0.17329423129558563
7640937472.0,-0.16083930432796478
7641874944.0,-0.14973486959934235
7642812416.0,-0.1391594260931015
7643749888.0,-0.1311095654964447
7644687360.0,-0.12636154890060425
7645624832.0,-0.12126666307449341
7646562304.0,-0.11737816780805588
7647499776.0,-0.11437177658081055
7648437248.0,-0.11389175057411194
7649375232.0,-0.11510846018791199
7650312704.0,-0.11641261726617813
7651250176.0,-0.11864558607339859
7652187648.0,-0.12367195636034012
7653125120.0,-0.1279493272304535
7654062592.0,-0.13399934768676758
7655000064.0,-0.1401090770959854
7655937536.0,-0.148002028465271
7656875008.0,-0.1559019386768341
7657812480.0,-0.16527150571346283
7658749952.0,-0.17345064878463745
7659687424.0,-0.18117091059684753
7660624896.0,-0.18954993784427643
7661562368.0,-0.19751131534576416
7662499840.0,-0.20535211265087128
7663437312.0,-0.21317850053310394
7664374784.0,-0.22059065103530884
7665312256.0,-0.22754758596420288
7666250240.0,-0.2335968166589737
7667187712.0,-0.23971566557884216
7668125184.0,-0.2434539496898651
7669062656.0,-0.24604485929012299
7670000128.0,-0.2472521811723709
7670937600.0,-0.24657168984413147
7671875072.0,-0.24424153566360474
7672812544.0,-0.24119620025157928
7673750016.0,-0.23765993118286133
7674687488.0,-0.2327837347984314
7675624960.0,-0.2261156588792801
7676562432.0,-0.2199418544769287
7677499904.0,-0.2130054533481598
7678437376.0,-0.2052314281463623
7679374848.0,-0.1959594041109085
7680312320.0,-0.18705949187278748
7681249792.0,-0.1768045574426651
7682187264.0,-0.16802097856998444
7683125248.0,-0.15887007117271423
7684062720.0,0.07497663050889969
7685000192.0,0.08907318115234375
7685937664.0,0.1001867949962616
7686875136.0,0.10994193702936172
7687812608.0,0.11629269272089005
7688750080.0,0.11957933753728867
7689687552.0,0.11965475231409073
7690625024.0,0.11884868144989014
7691562496.0,0.11476974189281464
7692499968.0,0.10767178237438202
7693437440.0,0.09821784496307373
7694374912.0,0.0858834758400917
7695312384.0,0.07109245657920837
7696249856.0,0.05420390143990517
7697187328.0,0.03509384021162987
7698124800.0,0.014571862295269966
7699062272.0,-0.006794684566557407
7699999744.0,-0.030138667672872543
7700937728.0,-0.05406516417860985
7701875200.0,-0.07798643410205841
7702812672.0,-0.10385526716709137
7703750144.0,-0.1270708292722702
7704687616.0,-0.1491258591413498
7705625088.0,-0.17189738154411316
7706562560.0,-0.1922229528427124
7707500032.0,-0.2137693166732788
7708437504.0,-0.23184578120708466
7709374976.0,-0.24778489768505096
7710312448.0,-0.26244205236434937
7711249920.0,-0.27581334114074707
7712187392.0,-0.28690192103385925
7713124864.0,-0.296468049287796
7714062336.0,-0.3033595681190491
7714999808.0,-0.30933403968811035
7715937280.0,-0.31463152170181274
7716874752.0,-0.3165763020515442
7717812736.0,-0.3174927234649658
7718750208.0,-0.31579965353012085
7719687680.0,-0.3142601549625397
7720625152.0,-0.30964183807373047
7721562624.0,-0.3047730624675751
7722500096.0,-0.29926174879074097
7723437568.0,-0.29274052381515503
7724375040.0,-0.285537451505661
7725312512.0,-0.27689898014068604
7726249984.0,-0.2693003714084625
7727187456.0,-0.2613803744316101
7728124928.0,-0.25326189398765564
7729062400.0,-0.2459498643875122
7729999872.0,-0.23962169885635376
7730937344.0,-0.23307663202285767
7731874816.0,-0.22606362402439117
7732812288.0,-0.22082121670246124
7733749760.0,-0.21511603891849518
7734687744.0,-0.2116326540708542
7735625216.0,-0.2079765945672989
7736562688.0,-0.2040623426437378
7737500160.0,-0.20275883376598358
7738437632.0,-0.20231544971466064
7739375104.0,-0.20213653147220612
7740312576.0,-0.20406727492809296
7741250048.0,-0.20618857443332672
7742187520.0,-0.20941372215747833
7743124992.0,-0.21415425837039948
7744062464.0,-0.193791463971138
7744999936.0,-0.15751828253269196
7745937408.0,-0.1182047575712204
7746874880.0,-0.07794658094644547
7747812352.0,-0.038711532950401306
7748749824.0,0.0004119139921385795
7749687296.0,0.03631552308797836
7750624768.0,0.06958192586898804
7751562752.0,0.10231133550405502
7752500224.0,0.13077855110168457
7753437696.0,0.15653592348098755
7754375168.0,0.17759624123573303
7755312640.0,0.1963104009628296
7756250112.0,0.2108810842037201
7757187584.0,0.2222335785627365
7758125056.0,0.2290307879447937
7759062528.0,0.23312118649482727
7760000000.0,0.2331027239561081
7760937472.0,0.23045052587985992
7761874944.0,0.22481434047222137
7762812416.0,0.2181425392627716
7763749888.0,0.20806075632572174
7764687360.0,0.1949402242898941
7765624832.0,0.17989932000637054
7766562304.0,0.16345258057117462
7767499776.0,0.1459934562444687
7768437248.0,0.12716050446033478
7769375232.0,0.10641751438379288
7770312704.0,0.086222805082798
7771250176.0,0.06491998583078384
7772187648.0,0.0459287129342556
7773125120.0,0.02475765161216259
7774062592.0,0.00541204959154129
7775000064.0,-0.015474366024136543
7775937536.0,-0.034729454666376114
7776875008.0,-0.05475614219903946
7777812480.0,-0.07271447777748108
7778749952.0,-0.09158159047365189
7779687424.0,-0.10856474936008453
7780624896.0,-0.12560540437698364
7781562368.0,-0.1402439922094345
7782499840.0,-0.15427321195602417
7783437312.0,-0.16830219328403473
7784374784.0,-0.18080921471118927
7785312256.0,-0.19212274253368378
7786250240.0,-0.20194026827812195
7787187712.0,-0.21199454367160797
7788125184.0,-0.22014780342578888
7789062656.0,-0.2283107489347458
7790000128.0,-0.2361246645450592
7790937600.0,-0.24287742376327515
7791875072.0,-0.248695507645607
7792812544.0,-0.255190908908844
7793750016.0,-0.2595638334751129
7794687488.0,-0.26487040519714355
7795624960.0,-0.2686631679534912
7796562432.0,-0.2731950581073761
7797499904.0,-0.2806585729122162
7798437376.0,-0.28606513142585754
7799374848.0,-0.29045194387435913
7800312320.0,-0.2934279143810272
7801249792.0,-0.2965661883354187
7802187264.0,-0.29619085788726807
7803125248.0,-0.29595762491226196
7804062720.0,-0.27760764956474304
7805000192.0,-0.2686612010002136
7805937664.0,-0.25953245162963867
7806875136.0,-0.24720989167690277
7807812608.0,-0.2364916056394577
7808750080.0,-0.22351793944835663
7809687552.0,-0.2102574110031128
7810625024.0,-0.19529549777507782
7811562496.0,-0.1800454556941986
7812499968.0,-0.16425815224647522
7813437440.0,-0.14919275045394897
7814374912.0,-0.1324811726808548
7815312384.0,-0.11607833951711655
7816249856.0,-0.09963779896497726
7817187328.0,-0.08302025496959686
7818124800.0,-0.06607192754745483
7819062272.0,-0.050253525376319885
7820000256.0,-0.033139392733573914
7820937728.0,-0.018227118998765945
7821875200.0,-0.003486419329419732
7822812672.0,0.006603260990232229
7823750144.0,0.01677950657904148
7824687616.0,0.026114189997315407
7825625088.0,0.03388966992497444
7826562560.0,0.04323049262166023
7827500032.0,0.050234511494636536
7828437504.0,0.05685317888855934
7829374976.0,0.0636407807469368
7830312448.0,0.0677076056599617
7831249920.0,0.07352279126644135
7832187392.0,0.07799208909273148
7833124864.0,0.0804075077176094
7834062336.0,0.0826958417892456
7834999808.0,0.0850888192653656
7835937280.0,0.08710885047912598
7836874752.0,0.08833006769418716
7837812736.0,0.08978553861379623
7838750208.0,0.09038790315389633
7839687680.0,0.09061170369386673
7840625152.0,0.09164343774318695
7841562624.0,0.09154397994279861
7842500096.0,0.09136761724948883
7843437568.0,0.09076626598834991
7844375040.0,0.089340940117836
7845312512.0,0.08862510323524475
7846249984.0,0.0868750587105751
7847187456.0,0.08520356565713882
7848124928.0,0.08132634311914444
7849062400.0,0.07700496912002563
7849999872.0,0.0724407359957695
7850937344.0,0.0662606880068779
7851874816.0,0.06061100214719772
7852812288.0,0.05387211591005325
7853749760.0,0.04792429879307747
7854687744.0,0.039904747158288956
7855625216.0,0.032087136059999466
7856562688.0,0.023547111079096794
7857500160.0,0.014582240022718906
7858437632.0,0.005284077953547239
7859375104.0,-0.004623602610081434
7860312576.0,-0.015067970380187035
7861250048.0,-0.02562244050204754
7862187520.0,-0.03741680830717087
7863124992.0,-0.04739943519234657
7864062464.0,0.050824325531721115
7864999936.0,0.041512876749038696
7865937408.0,0.031856365501880646
7866874880.0,0.024408087134361267
7867812352.0,0.016487624496221542
7868749824.0,0.010763952508568764
7869687296.0,0.004405361600220203
7870624768.0,0.0004172119661234319
7871562752.0,-0.004469724837690592
7872500224.0,-0.008182086981832981
7873437696.0,-0.014736990444362164
7874375168.0,-0.020429467782378197
7875312640.0,-0.028070583939552307
7876250112.0,-0.03414629027247429
7877187584.0,-0.041204411536455154
7878125056.0,-0.048914145678281784
7879062528.0,-0.05655549839138985
7880000000.0,-0.06588691473007202
7880937472.0,-0.07498250901699066
7881874944.0,-0.0877741277217865
7882812416.0,-0.10089047998189926
7883749888.0,-0.11589928716421127
7884687360.0,-0.1313907504081726
7885624832.0,-0.14931698143482208
7886562304.0,-0.16930954158306122
7887499776.0,-0.1899132877588272
7888437248.0,-0.21132081747055054
7889375232.0,-0.2357913702726364
7890312704.0,-0.2595747411251068
7891250176.0,-0.28463420271873474
7892187648.0,-0.30926427245140076
7893125120.0,-0.33492863178253174
7894062592.0,-0.3601858615875244
7895000064.0,-0.385231077671051
7895937536.0,-0.40917423367500305
7896875008.0,-0.43143296241760254
7897812480.0,-0.4536900520324707
7898749952.0,-0.47145235538482666
7899687424.0,-0.4854775369167328
7900624896.0,-0.4983474910259247
7901562368.0,-0.5086258053779602
7902499840.0,-0.5160747170448303
7903437312.0,-0.5212811231613159
7904374784.0,-0.5233345031738281
7905312256.0,-0.522262454032898
7906250240.0,-0.5171501040458679
7907187712.0,-0.5100293755531311
7908125184.0,-0.5003401637077332
7909062656.0,-0.48756158351898193
7910000128.0,-0.4709436595439911
7910937600.0,-0.45317086577415466
7911875072.0,-0.4321756958961487
7912812544.0,-0.4105398654937744
7913750016.0,-0.3845044672489166
7914687488.0,-0.35858750343322754
7915624960.0,-0.33150970935821533
7916562432.0,-0.30130964517593384
7917499904.0,-0.27150365710258484
7918437376.0,-0.2420744001865387
7919374848.0,-0.21178270876407623
7920312320.0,-0.1802574247121811
7921249792.0,-0.15026555955410004
7922187264.0,-0.1212356835603714
7923125248.0,-0.09271176159381866
7924062720.0,0.053565021604299545
7925000192.0,0.07582422345876694
7925937664.0,0.09592749923467636
7926875136.0,0.11279813945293427
7927812608.0,0.12844960391521454
7928750080.0,0.1396329402923584
7929687552.0,0.14906029403209686
7930625024.0,0.15680792927742004
7931562496.0,0.16238535940647125
7932499968.0,0.1656814068555832
7933437440.0,0.16394709050655365
7934374912.0,0.16244180500507355
7935312384.0,0.15784324705600739
7936249856.0,0.1514265239238739
7937187328.0,0.14348138868808746
7938124800.0,0.13361340761184692
7939062272.0,0.122410349547863
7939999744.0,0.10967469215393066
7940937728.0,0.09449070692062378
7941875200.0,0.07790304720401764
7942812672.0,0.06050287187099457
7943750144.0,0.042657408863306046
7944687616.0,0.022414734587073326
7945625088.0,0.0008477482479065657
7946562560.0,-0.01833117939531803
7947500032.0,-0.040232084691524506
7948437504.0,-0.0634697824716568
7949374976.0,-0.08619272708892822
7950312448.0,-0.10668670386075974
7951249920.0,-0.12854236364364624
7952187392.0,-0.1500042974948883
7953124864.0,-0.17166027426719666
7954062336.0,-0.19284969568252563
7954999808.0,-0.21401819586753845
7955937280.0,-0.2355380654335022
7956874752.0,-0.2584966719150543
7957812736.0,-0.2794891893863678
7958750208.0,-0.30164867639541626
7959687680.0,-0.32251209020614624
7960625152.0,-0.34376174211502075
7961562624.0,-0.36344170570373535
7962500096.0,-0.3824409246444702
7963437568.0,-0.40084996819496155
7964375040.0,-0.4186520278453827
7965312512.0,-0.43519943952560425
7966249984.0,-0.45064878463745117
7967187456.0,-0.4647424817085266
7968124928.0,-0.4777355492115021
7969062400.0,-0.48989543318748474
7969999872.0,-0.49884310364723206
7970937344.0,-0.5076679587364197
7971874816.0,-0.5132834911346436
7972812288.0,-0.5177185535430908
7973749760.0,-0.5199713110923767
7974687744.0,-0.5206405520439148
7975625216.0,-0.5204976201057434
7976562688.0,-0.5173804759979248
7977500160.0,-0.512941300868988
7978437632.0,-0.5050630569458008
7979375104.0,-0.4954604506492615
7980312576.0,-0.4828105568885803
7981250048.0,-0.4688492715358734
7982187520.0,-0.4530424475669861
7983124992.0,-0.43472978472709656
7984062464.0,-0.4124509394168854
7984999936.0,-0.3977426290512085
7985937408.0,-0.3814024329185486
7986874880.0,-0.365552693605423
7987812352.0,-0.34756964445114136
7988749824.0,-0.33098384737968445
7989687296.0,-0.3111896812915802
7990624768.0,-0.29213836789131165
7991562752.0,-0.27127835154533386
7992500224.0,-0.25125911831855774
7993437696.0,-0.23144614696502686
7994375168.0,-0.21111799776554108
7995312640.0,-0.19009612500667572
7996250112.0,-0.16982530057430267
7997187584.0,-0.1497708112001419
7998125056.0,-0.12943056225776672
7999062528.0,-0.11046724766492844
8000000000.0,-0.09306741505861282
