Frequency (Hz),Measurement
2000000000.0,0.19090968370437622
2000937472.0,0.18281714618206024
2001874944.0,0.17502239346504211
2002812544.0,0.16623704135417938
2003750016.0,0.15586970746517181
2004687488.0,0.14607074856758118
2005624960.0,0.134828120470047
2006562560.0,0.12428868561983109
2007500032.0,0.11151617020368576
2008437504.0,0.09888667613267899
2009374976.0,0.0852852538228035
2010312448.0,0.07146564871072769
2011250048.0,0.058104533702135086
2012187520.0,0.04345664381980896
2013124992.0,0.028805436566472054
2014062464.0,0.014796401374042034
2015000064.0,0.0004298051935620606
2015937536.0,-0.012961349450051785
2016875008.0,-0.02682926505804062
2017812480.0,-0.04019290208816528
2018749952.0,-0.05250493064522743
2019687552.0,-0.06428149342536926
2020625024.0,-0.07496220618486404
2021562496.0,-0.08430171757936478
2022499968.0,-0.09215501695871353
2023437440.0,-0.09962862730026245
2024375040.0,-0.10546548664569855
2025312512.0,-0.1096714586019516
2026249984.0,-0.1122913807630539
2027187456.0,-0.11439617723226547
2028125056.0,-0.11457443982362747
2029062528.0,-0.11285902559757233
2030000000.0,-0.10908240079879761
2030937472.0,-0.10418297350406647
2031874944.0,-0.0980370044708252
2032812544.0,-0.09095744043588638
2033750016.0,-0.08212968707084656
2034687488.0,-0.0713721290230751
2035624960.0,-0.06078408285975456
2036562560.0,-0.04799197241663933
2037500032.0,-0.03649836406111717
2038437504.0,-0.02272595465183258
2039374976.0,-0.008681906387209892
2040312448.0,0.0048607527278363705
2041250048.0,0.01855478435754776
2042187520.0,0.033176127821207047
2043124992.0,0.0472525916993618
2044062464.0,0.060588326305150986
2044999936.0,0.07371807098388672
2045937536.0,0.08520219475030899
2046875008.0,0.0975584089756012
2047812480.0,0.10755473375320435
2048749952.0,0.10519078373908997
2049687552.0,0.11428327113389969
2050625024.0,0.12167997658252716
2051562496.0,0.12666916847229004
2052499968.0,0.13057513535022736
2053437440.0,0.13271906971931458
2054375040.0,0.13301487267017365
2055312512.0,0.131357342004776
2056249984.0,0.12714065611362457
2057187456.0,0.12000230699777603
2058125056.0,0.11291369050741196
2059062528.0,0.10227091610431671
2060000000.0,0.0904681384563446
2060937472.0,0.07742630690336227
2061874944.0,0.0623948760330677
2062812544.0,0.04648621752858162
2063750016.0,0.029262080788612366
2064687488.0,0.012626039795577526
2065624960.0,-0.005871026776731014
2066562560.0,-0.023035001009702682
2067500032.0,-0.03978564217686653
2068437504.0,-0.05643290653824806
2069374976.0,-0.07210684567689896
2070312448.0,-0.08649080246686935
2071250048.0,-0.09963732957839966
2072187520.0,-0.11039268225431442
2073124992.0,-0.11980974674224854
2074062464.0,-0.12822802364826202
2075000064.0,-0.13367412984371185
2075937536.0,-0.1361934393644333
2076875008.0,-0.13723774254322052
2077812480.0,-0.13677094876766205
2078749952.0,-0.13367103040218353
2079687552.0,-0.1294674575328827
2080625024.0,-0.12345530092716217
2081562496.0,-0.11558476090431213
2082499968.0,-0.10643035918474197
2083437440.0,-0.09565018862485886
2084375040.0,-0.08531415462493896
2085312512.0,-0.0737382099032402
2086249984.0,-0.060771748423576355
2087187456.0,-0.0481451153755188
2088125056.0,-0.03601482883095741
2089062528.0,-0.023932142183184624
2090000000.0,-0.012892195023596287
2090937472.0,-0.0011583653977140784
2091874944.0,0.008682220242917538
2092812544.0,0.01837136782705784
2093750016.0,0.027552656829357147
2094687488.0,0.035783492028713226
2095624960.0,0.04362425580620766
2096562560.0,0.050504736602306366
2097500032.0,0.05589821934700012
2098437504.0,0.06151799485087395
2099374976.0,0.06633326411247253
2100312448.0,0.07158971577882767
2101250048.0,0.07463272660970688
2102187520.0,0.07956269383430481
2103124992.0,0.08363637328147888
2104062464.0,0.08729910850524902
2104999936.0,0.0918654352426529
2105937536.0,0.09618493914604187
2106875008.0,0.10143998265266418
2107812480.0,0.10547181218862534
2108749952.0,0.13635092973709106
2109687552.0,0.14253349602222443
2110625024.0,0.1468382179737091
2111562496.0,0.15250054001808167
2112499968.0,0.1566081941127777
2113437440.0,0.1592196226119995
2114375040.0,0.16073903441429138
2115312512.0,0.16049036383628845
2116249984.0,0.16053499281406403
2117187456.0,0.1586841195821762
2118125056.0,0.15476326644420624
2119062528.0,0.15106497704982758
2120000000.0,0.1436426043510437
2120937472.0,0.13718964159488678
2121874944.0,0.12866152822971344
2122812544.0,0.11952511966228485
2123750016.0,0.10799778252840042
2124687488.0,0.09714058041572571
2125624960.0,0.08394356071949005
2126562560.0,0.07194548100233078
2127500032.0,0.05899075046181679
2128437504.0,0.04590568691492081
2129374976.0,0.03156595304608345
2130312448.0,0.018603738397359848
2131250048.0,0.0047739427536726
2132187520.0,-0.008010840974748135
2133124992.0,-0.020408648997545242
2134062464.0,-0.031343113631010056
2135000064.0,-0.04222146049141884
2135937536.0,-0.05103200674057007
2136875008.0,-0.05926951766014099
2137812480.0,-0.06552581489086151
2138749952.0,-0.0712711364030838
2139687552.0,-0.0749136209487915
2140625024.0,-0.07702194154262543
2141562496.0,-0.07885532081127167
2142499968.0,-0.07801005244255066
2143437440.0,-0.07628433406352997
2144375040.0,-0.07349233329296112
2145312512.0,-0.06928572058677673
2146249984.0,-0.06481488794088364
2147187456.0,-0.057768385857343674
2148124928.0,-0.0509982667863369
2149062400.0,-0.042073510587215424
2150000128.0,-0.033954571932554245
2150937600.0,-0.024777712300419807
2151875072.0,-0.015181862749159336
2152812544.0,-0.006274961866438389
2153750016.0,0.0030218889005482197
2154687488.0,0.011860641650855541
2155624960.0,0.02205876260995865
2156562432.0,0.03033323399722576
2157499904.0,0.04041200503706932
2158437376.0,0.04699040949344635
2159375104.0,0.05400708317756653
2160312576.0,0.060255199670791626
2161250048.0,0.06557672470808029
2162187520.0,0.07067497819662094
2163124992.0,0.07457716763019562
2164062464.0,0.07807160168886185
2164999936.0,0.0806078389286995
2165937408.0,0.08308006078004837
2166874880.0,0.08545082062482834
2167812608.0,0.08751985430717468
2168750080.0,0.15969449281692505
2169687552.0,0.16120198369026184
2170625024.0,0.1601472944021225
2171562496.0,0.15753109753131866
2172499968.0,0.15339535474777222
2173437440.0,0.14841067790985107
2174374912.0,0.14133630692958832
2175312384.0,0.13302722573280334
2176250112.0,0.12414053082466125
2177187584.0,0.11319232732057571
2178125056.0,0.10254339128732681
2179062528.0,0.09034941345453262
2180000000.0,0.0780486911535263
2180937472.0,0.06428714841604233
2181874944.0,0.05109015107154846
2182812416.0,0.037737369537353516
2183749888.0,0.023631880059838295
2184687616.0,0.009230239316821098
2185625088.0,-0.003925425931811333
2186562560.0,-0.01752188242971897
2187500032.0,-0.029709169641137123
2188437504.0,-0.04141392931342125
2189374976.0,-0.05291053652763367
2190312448.0,-0.06334169209003448
2191249920.0,-0.07340361177921295
2192187392.0,-0.08172030746936798
2193125120.0,-0.09016697108745575
2194062592.0,-0.09722547233104706
2195000064.0,-0.10369750112295151
2195937536.0,-0.10855221748352051
2196875008.0,-0.11309007555246353
2197812480.0,-0.1166229248046875
2198749952.0,-0.11972915381193161
2199687424.0,-0.12144701182842255
2200624896.0,-0.12166814506053925
2201562624.0,-0.12175922095775604
2202500096.0,-0.12119308859109879
2203437568.0,-0.11867114156484604
2204375040.0,-0.11741326749324799
2205312512.0,-0.114985391497612
2206249984.0,-0.11101631075143814
2207187456.0,-0.10693453252315521
2208124928.0,-0.10298650711774826
2209062400.0,-0.09815745800733566
2209999872.0,-0.09301115572452545
2210937600.0,-0.08785302937030792
2211875072.0,-0.08077884465456009
2212812544.0,-0.07356368750333786
2213750016.0,-0.0662822350859642
2214687488.0,-0.05846302583813667
2215624960.0,-0.05089310556650162
2216562432.0,-0.04333151504397392
2217499904.0,-0.03479407727718353
2218437376.0,-0.026394078508019447
2219375104.0,-0.017662564292550087
2220312576.0,-0.008295060135424137
2221250048.0,0.0009404300362803042
2222187520.0,0.010819068178534508
2223124992.0,0.02111707627773285
2224062464.0,0.031097833067178726
2224999936.0,0.04101676121354103
2225937408.0,0.051267288625240326
2226874880.0,0.06148020178079605
2227812608.0,0.07119104266166687
2228750080.0,0.07733268290758133
2229687552.0,0.08576666563749313
2230625024.0,0.09434642642736435
2231562496.0,0.10197246074676514
2232499968.0,0.10840575397014618
2233437440.0,0.11490374058485031
2234374912.0,0.1196223795413971
2235312384.0,0.12285735458135605
2236250112.0,0.1250600516796112
2237187584.0,0.12547071278095245
2238125056.0,0.12314260751008987
2239062528.0,0.11997872591018677
2240000000.0,0.11386005580425262
2240937472.0,0.10830318182706833
2241874944.0,0.10022110491991043
2242812416.0,0.09090960770845413
2243749888.0,0.0815017968416214
2244687616.0,0.06982133537530899
2245625088.0,0.05694029852747917
2246562560.0,0.04433286935091019
2247500032.0,0.030609875917434692
2248437504.0,0.015908395871520042
2249374976.0,0.0005043676937930286
2250312448.0,-0.015926210209727287
2251249920.0,-0.03351651504635811
2252187392.0,-0.051469527184963226
2253125120.0,-0.06995205581188202
2254062592.0,-0.08846969902515411
2255000064.0,-0.10762017220258713
2255937536.0,-0.12580719590187073
2256875008.0,-0.1461748629808426
2257812480.0,-0.1647229790687561
2258749952.0,-0.18534129858016968
2259687424.0,-0.20476840436458588
2260624896.0,-0.22321324050426483
2261562624.0,-0.2412756085395813
2262500096.0,-0.25867217779159546
2263437568.0,-0.275295615196228
2264375040.0,-0.2917105555534363
2265312512.0,-0.3057073950767517
2266249984.0,-0.31906425952911377
2267187456.0,-0.3310001492500305
2268124928.0,-0.34177377820014954
2269062400.0,-0.3512556850910187
2270000128.0,-0.3592332601547241
2270937600.0,-0.36538073420524597
2271875072.0,-0.3696216940879822
2272812544.0,-0.3717345595359802
2273750016.0,-0.3739543855190277
2274687488.0,-0.373541921377182
2275624960.0,-0.37141910195350647
2276562432.0,-0.36882156133651733
2277499904.0,-0.3640424311161041
2278437376.0,-0.3587981164455414
2279375104.0,-0.35286933183670044
2280312576.0,-0.34482792019844055
2281250048.0,-0.3369770050048828
2282187520.0,-0.3274172842502594
2283124992.0,-0.31768983602523804
2284062464.0,-0.3074458837509155
2284999936.0,-0.29578858613967896
2285937408.0,-0.28513264656066895
2286874880.0,-0.27386412024497986
2287812608.0,-0.2652333676815033
2288750080.0,-0.27887576818466187
2289687552.0,-0.28138312697410583
2290625024.0,-0.28437745571136475
2291562496.0,-0.28733959794044495
2292499968.0,-0.2909195125102997
2293437440.0,-0.2951364517211914
2294374912.0,-0.2991114556789398
2295312384.0,-0.30435699224472046
2296250112.0,-0.31048890948295593
2297187584.0,-0.31792566180229187
2298125056.0,-0.32766759395599365
2299062528.0,-0.3385661542415619
2300000000.0,-0.35009998083114624
2300937472.0,-0.363076776266098
2301874944.0,-0.37901899218559265
2302812416.0,-0.3970561623573303
2303749888.0,-0.41715946793556213
2304687616.0,-0.43876370787620544
2305625088.0,-0.4638438820838928
2306562560.0,-0.49109816551208496
2307500032.0,-0.5211777687072754
2308437504.0,-0.5539360046386719
2309374976.0,-0.5849545001983643
2310312448.0,-0.6110585331916809
2311249920.0,-0.6378868222236633
2312187392.0,-0.6677133440971375
2313125120.0,-0.6979103088378906
2314062592.0,-0.7289305925369263
2315000064.0,-0.7620284557342529
2315937536.0,-0.7962504029273987
2316875008.0,-0.8305065631866455
2317812480.0,-0.8664031028747559
2318749952.0,-0.9022034406661987
2319687424.0,-0.9355427622795105
2320624896.0,-0.9692683815956116
2321562624.0,-1.0021065473556519
2322500096.0,-1.0337966680526733
2323437568.0,-1.0631691217422485
2324375040.0,-1.091913104057312
2325312512.0,-1.1187933683395386
2326249984.0,-1.1444395780563354
2327187456.0,-1.166837215423584
2328124928.0,-1.1865270137786865
2329062400.0,-1.204317569732666
2329999872.0,-1.2196544408798218
2330937600.0,-1.2325485944747925
2331875072.0,-1.2421780824661255
2332812544.0,-1.2509034872055054
2333750016.0,-1.254844069480896
2334687488.0,-1.2575101852416992
2335624960.0,-1.25794517993927
2336562432.0,-1.2561731338500977
2337499904.0,-1.2512294054031372
2338437376.0,-1.245470643043518
2339375104.0,-1.2384482622146606
2340312576.0,-1.2292187213897705
2341250048.0,-1.217934012413025
2342187520.0,-1.2065659761428833
2343124992.0,-1.191612958908081
2344062464.0,-1.1778013706207275
2344999936.0,-1.1631947755813599
2345937408.0,-1.1482250690460205
2346874880.0,-1.134426474571228
2347812608.0,-1.1184794902801514
2348750080.0,-1.0893033742904663
2349687552.0,-1.0799696445465088
2350625024.0,-1.0685049295425415
2351562496.0,-1.0575518608093262
2352499968.0,-1.0481359958648682
2353437440.0,-1.0401408672332764
2354374912.0,-1.0311774015426636
2355312384.0,-1.024284839630127
2356250112.0,-1.017966628074646
2357187584.0,-1.013092279434204
2358125056.0,-1.0072394609451294
2359062528.0,-1.0036463737487793
2360000000.0,-1.001452088356018
2360937472.0,-1.000741720199585
2361874944.0,-1.0012587308883667
2362812416.0,-1.0021871328353882
2363749888.0,-1.0056527853012085
2364687616.0,-1.011425495147705
2365625088.0,-1.0175849199295044
2366562560.0,-1.0248748064041138
2367500032.0,-1.0334317684173584
2368437504.0,-1.0433969497680664
2369374976.0,-1.0520219802856445
2370312448.0,-1.0615651607513428
2371249920.0,-1.0705848932266235
2372187392.0,-1.0785362720489502
2373125120.0,-1.0857402086257935
2374062592.0,-1.0911126136779785
2375000064.0,-1.0952436923980713
2375937536.0,-1.095461368560791
2376875008.0,-1.095335602760315
2377812480.0,-1.0902214050292969
2378749952.0,-1.0825872421264648
2379687424.0,-1.0721441507339478
2380624896.0,-1.0572208166122437
2381562624.0,-1.040545105934143
2382500096.0,-1.019363522529602
2383437568.0,-0.994675874710083
2384375040.0,-0.9689062833786011
2385312512.0,-0.9398502707481384
2386249984.0,-0.908440351486206
2387187456.0,-0.8762181401252747
2388124928.0,-0.8415106534957886
2389062400.0,-0.8064678311347961
2390000128.0,-0.7696168422698975
2390937600.0,-0.7345696091651917
2391875072.0,-0.6982407569885254
2392812544.0,-0.6623273491859436
2393750016.0,-0.627807080745697
2394687488.0,-0.5930101871490479
2395624960.0,-0.560513436794281
2396562432.0,-0.5273822546005249
2397499904.0,-0.4963904023170471
2398437376.0,-0.4657159149646759
2399375104.0,-0.4364835321903229
2400312576.0,-0.40757104754447937
2401250048.0,-0.3800475597381592
2402187520.0,-0.3531741499900818
2403124992.0,-0.32695209980010986
2404062464.0,-0.30191871523857117
2404999936.0,-0.2763440012931824
2405937408.0,-0.2523767352104187
2406874880.0,-0.228798046708107
2407812608.0,-0.20532241463661194
2408750080.0,-0.13129857182502747
2409687552.0,-0.10875701904296875
2410625024.0,-0.08776669949293137
2411562496.0,-0.06784036010503769
2412499968.0,-0.049935948103666306
2413437440.0,-0.0347277969121933
2414374912.0,-0.020237548276782036
2415312384.0,-0.009808038361370564
2416250112.0,-0.001170714502222836
2417187584.0,0.0038644056767225266
2418125056.0,0.006769436411559582
2419062528.0,0.005196647252887487
2420000000.0,-0.000233255181228742
2420937472.0,-0.0075281537137925625
2421874944.0,-0.018408603966236115
2422812416.0,-0.032975636422634125
2423749888.0,-0.04990830272436142
2424687616.0,-0.07091157138347626
2425625088.0,-0.09320307523012161
2426562560.0,-0.11835024505853653
2427500032.0,-0.14535117149353027
2428437504.0,-0.17376384139060974
2429374976.0,-0.20423771440982819
2430312448.0,-0.23335391283035278
2431249920.0,-0.2647106349468231
2432187392.0,-0.29353684186935425
2433125120.0,-0.32228901982307434
2434062592.0,-0.3486589789390564
2435000064.0,-0.374491810798645
2435937536.0,-0.3974342942237854
2436875008.0,-0.41685983538627625
2437812480.0,-0.43416348099708557
2438749952.0,-0.4487344026565552
2439687424.0,-0.45865610241889954
2440624896.0,-0.4654376804828644
2441562624.0,-0.46823540329933167
2442500096.0,-0.4681745171546936
2443437568.0,-0.46351850032806396
2444375040.0,-0.4553306996822357
2445312512.0,-0.4441927373409271
2446249984.0,-0.4295065999031067
2447187456.0,-0.4116915762424469
2448124928.0,-0.391667902469635
2449062400.0,-0.3670903146266937
2449999872.0,-0.3421672582626343
2450937600.0,-0.3146117925643921
2451875072.0,-0.28431931138038635
2452812544.0,-0.2540261149406433
2453750016.0,-0.22205613553524017
2454687488.0,-0.18887801468372345
2455624960.0,-0.15565940737724304
2456562432.0,-0.12254711985588074
2457499904.0,-0.08948028832674026
2458437376.0,-0.05589069798588753
2459375104.0,-0.02469898760318756
2460312576.0,0.007036022841930389
2461250048.0,0.037956930696964264
2462187520.0,0.06744921207427979
2463124992.0,0.0959482342004776
2464062464.0,0.12168514728546143
2464999936.0,0.1474676877260208
2465937408.0,0.17206591367721558
2466874880.0,0.19555668532848358
2467812608.0,0.21753627061843872
2468750080.0,0.1299358308315277
2469687552.0,0.14346285164356232
2470625024.0,0.16062498092651367
2471562496.0,0.17317625880241394
2472499968.0,0.18533988296985626
2473437440.0,0.19499050080776215
2474374912.0,0.20244239270687103
2475312384.0,0.20895612239837646
2476250112.0,0.21303114295005798
2477187584.0,0.21496552228927612
2478125056.0,0.216190904378891
2479062528.0,0.21395324170589447
2480000000.0,0.21118037402629852
2480937472.0,0.20539790391921997
2481874944.0,0.19751781225204468
2482812416.0,0.18782475590705872
2483749888.0,0.17671163380146027
2484687616.0,0.16468970477581024
2485625088.0,0.14872919023036957
2486562560.0,0.13223986327648163
2487500032.0,0.11517415940761566
2488437504.0,0.09621331095695496
2489374976.0,0.07714354246854782
2490312448.0,0.05743299797177315
2491249920.0,0.037355780601501465
2492187392.0,0.014662153087556362
2493125120.0,-0.005237037781625986
2494062592.0,-0.027313921600580215
2495000064.0,-0.047395508736371994
2495937536.0,-0.06676790118217468
2496875008.0,-0.08676428347826004
2497812480.0,-0.10453852266073227
2498749952.0,-0.12047023326158524
2499687424.0,-0.1360962688922882
2500624896.0,-0.14945223927497864
2501562624.0,-0.1626427322626114
2502500096.0,-0.1721372902393341
2503437568.0,-0.18084435164928436
2504375040.0,-0.18730966746807098
2505312512.0,-0.1922638863325119
2506249984.0,-0.1946355551481247
2507187456.0,-0.1945197731256485
2508124928.0,-0.19308005273342133
2509062400.0,-0.18946212530136108
2510000128.0,-0.18405450880527496
2510937600.0,-0.17678295075893402
2511875072.0,-0.16720162332057953
2512812544.0,-0.1566813588142395
2513750016.0,-0.14478670060634613
2514687488.0,-0.13065452873706818
2515624960.0,-0.11595209687948227
2516562432.0,-0.09933573752641678
2517499904.0,-0.08225864171981812
2518437376.0,-0.06403275579214096
2519375104.0,-0.04520893469452858
2520312576.0,-0.025942007079720497
2521250048.0,-0.006189916282892227
2522187520.0,0.012226730585098267
2523124992.0,0.032073456794023514
2524062464.0,0.050506170839071274
2524999936.0,0.06892204284667969
2525937408.0,0.08524705469608307
2526874880.0,0.10239316523075104
2527812608.0,0.11785248667001724
2528750080.0,0.17065179347991943
2529687552.0,0.1762542873620987
2530625024.0,0.18094408512115479
2531562496.0,0.18534959852695465
2532499968.0,0.18847143650054932
2533437440.0,0.1916285753250122
2534374912.0,0.19245775043964386
2535312384.0,0.19263063371181488
2536250112.0,0.19253037869930267
2537187584.0,0.19055134057998657
2538125056.0,0.18789781630039215
2539062528.0,0.1843615174293518
2540000000.0,0.180189311504364
2540937472.0,0.17433960735797882
2541874944.0,0.16740889847278595
2542812416.0,0.15994106233119965
2543749888.0,0.15084104239940643
2544687616.0,0.14097753167152405
2545625088.0,0.12989020347595215
2546562560.0,0.11781734973192215
2547500032.0,0.10452216863632202
2548437504.0,0.09047088027000427
2549374976.0,0.07630310207605362
2550312448.0,0.06114543229341507
2551249920.0,0.04441745951771736
2552187392.0,0.02923746407032013
2553125120.0,0.01289703045040369
2554062592.0,-0.002763825934380293
2555000064.0,-0.02012229897081852
2555937536.0,-0.03591196984052658
2556875008.0,-0.050284482538700104
2557812480.0,-0.06502886116504669
2558749952.0,-0.07850248366594315
2559687424.0,-0.09149572998285294
2560624896.0,-0.1035148948431015
2561562624.0,-0.11412908881902695
2562500096.0,-0.12163933366537094
2563437568.0,-0.1284642517566681
2564375040.0,-0.13364148139953613
2565312512.0,-0.13658159971237183
2566249984.0,-0.13867078721523285
2567187456.0,-0.13734334707260132
2568124928.0,-0.13469581305980682
2569062400.0,-0.13028879463672638
2569999872.0,-0.1238657534122467
2570937600.0,-0.11521267890930176
2571875072.0,-0.10409742593765259
2572812544.0,-0.09234191477298737
2573750016.0,-0.07863471657037735
2574687488.0,-0.06374618411064148
2575624960.0,-0.04693961516022682
2576562432.0,-0.029233405366539955
2577499904.0,-0.011190700344741344
2578437376.0,0.007832031697034836
2579375104.0,0.02794303186237812
2580312576.0,0.04755709320306778
2581250048.0,0.06849952042102814
2582187520.0,0.08837615698575974
2583124992.0,0.10847971588373184
2584062464.0,0.1275530606508255
2584999936.0,0.14533230662345886
2585937408.0,0.16247324645519257
2586874880.0,0.17748472094535828
2587812608.0,0.19160149991512299
2588750080.0,0.2159310281276703
2589687552.0,0.22267061471939087
2590625024.0,0.22827421128749847
2591562496.0,0.23124107718467712
2592499968.0,0.23246967792510986
2593437440.0,0.23155689239501953
2594374912.0,0.22673942148685455
2595312384.0,0.22182707488536835
2596250112.0,0.21346279978752136
2597187584.0,0.20353418588638306
2598125056.0,0.19286642968654633
2599062528.0,0.17938685417175293
2600000000.0,0.1652878373861313
2600937472.0,0.1497662216424942
2601874944.0,0.13360722362995148
2602812416.0,0.1170259565114975
2603749888.0,0.09951651096343994
2604687616.0,0.08153869211673737
2605625088.0,0.06410771608352661
2606562560.0,0.047336217015981674
2607500032.0,0.03005724772810936
2608437504.0,0.014044525101780891
2609374976.0,-0.00060771539574489
2610312448.0,-0.014997679740190506
2611249920.0,-0.029048973694443703
2612187392.0,-0.041771236807107925
2613125120.0,-0.05254994332790375
2614062592.0,-0.06267998367547989
2615000064.0,-0.07146898657083511
2615937536.0,-0.07870661467313766
2616875008.0,-0.08546407520771027
2617812480.0,-0.09006697684526443
2618749952.0,-0.09517115354537964
2619687424.0,-0.09721921384334564
2620624896.0,-0.09891295433044434
2621562624.0,-0.09986796230077744
2622500096.0,-0.10018452256917953
2623437568.0,-0.09958673268556595
2624375040.0,-0.09722872823476791
2625312512.0,-0.09506892412900925
2626249984.0,-0.0916239470243454
2627187456.0,-0.08777996897697449
2628124928.0,-0.08393071591854095
2629062400.0,-0.07851455360651016
2630000128.0,-0.07217688113451004
2630937600.0,-0.06608140468597412
2631875072.0,-0.0582675077021122
2632812544.0,-0.05069562792778015
2633750016.0,-0.042401380836963654
2634687488.0,-0.0332353375852108
2635624960.0,-0.02374730072915554
2636562432.0,-0.012457124888896942
2637499904.0,-0.0007787809590809047
2638437376.0,0.010634672828018665
2639375104.0,0.023626726120710373
2640312576.0,0.037586960941553116
2641250048.0,0.051458925008773804
2642187520.0,0.06723076850175858
2643124992.0,0.08239980041980743
2644062464.0,0.09904064238071442
2644999936.0,0.11536117643117905
2645937408.0,0.13185518980026245
2646874880.0,0.14975322782993317
2647812608.0,0.22565045952796936
2648750080.0,0.23644211888313293
2649687552.0,0.24589617550373077
2650625024.0,0.25275588035583496
2651562496.0,0.25985294580459595
2652499968.0,0.26250529289245605
2653437440.0,0.26357340812683105
2654374912.0,0.2615363299846649
2655312384.0,0.2562602758407593
2656250112.0,0.24881649017333984
2657187584.0,0.2106299251317978
2658125056.0,0.1941053569316864
2659062528.0,0.17364677786827087
2660000000.0,0.15055657923221588
2660937472.0,0.12653717398643494
2661874944.0,0.09950515627861023
2662812416.0,0.07288342714309692
2663749888.0,0.0432078056037426
2664687616.0,0.013833343051373959
2665625088.0,-0.015042681246995926
2666562560.0,-0.04438883811235428
2667500032.0,-0.07367902994155884
2668437504.0,-0.10159401595592499
2669374976.0,-0.1272444725036621
2670312448.0,-0.15202322602272034
2671249920.0,-0.17497242987155914
2672187392.0,-0.1943567395210266
2673125120.0,-0.21097564697265625
2674062592.0,-0.22584861516952515
2675000064.0,-0.237265944480896
2675937536.0,-0.2460954338312149
2676875008.0,-0.25166893005371094
2677812480.0,-0.25505396723747253
2678749952.0,-0.2538759410381317
2679687424.0,-0.2503955662250519
2680624896.0,-0.24480929970741272
2681562624.0,-0.23551419377326965
2682500096.0,-0.2264416515827179
2683437568.0,-0.21339935064315796
2684375040.0,-0.19890031218528748
2685312512.0,-0.1824430376291275
2686249984.0,-0.1646580547094345
2687187456.0,-0.1459134966135025
2688124928.0,-0.1275339126586914
2689062400.0,-0.10704207420349121
2689999872.0,-0.088028185069561
2690937600.0,-0.06852643191814423
2691875072.0,-0.049108922481536865
2692812544.0,-0.029273077845573425
2693750016.0,-0.00906158983707428
2694687488.0,0.010627659037709236
2695624960.0,0.0290821585804224
2696562432.0,0.047973040491342545
2697499904.0,0.06570832431316376
2698437376.0,0.08428133279085159
2699375104.0,0.10048706829547882
2700312576.0,0.11832167208194733
2701250048.0,0.13364826142787933
2702187520.0,0.15088187158107758
2703124992.0,0.16691336035728455
2704062464.0,0.1815134733915329
2704999936.0,0.19636720418930054
2705937408.0,0.210122749209404
2706874880.0,0.22362428903579712
2707812608.0,0.19590726494789124
2708750080.0,0.20303590595722198
2709687552.0,0.20908965170383453
2710625024.0,0.2124340981245041
2711562496.0,0.21523943543434143
2712499968.0,0.21745239198207855
2713437440.0,0.21730828285217285
2714374912.0,0.21675090491771698
2715312384.0,0.21352612972259521
2716250112.0,0.21060112118721008
2717187584.0,0.20406374335289001
2718125056.0,0.19711032509803772
2719062528.0,0.1886366456747055
2720000000.0,0.1784813404083252
2720937472.0,0.16664716601371765
2721874944.0,0.15565727651119232
2722812416.0,0.141260027885437
2723749888.0,0.1261035054922104
2724687616.0,0.11091822385787964
2725625088.0,0.09410442411899567
2726562560.0,0.07700087130069733
2727500032.0,0.05884974077343941
2728437504.0,0.03968575596809387
2729374976.0,0.021202728152275085
2730312448.0,0.0022168168798089027
2731249920.0,-0.016018955036997795
2732187392.0,-0.034476399421691895
2733125120.0,-0.051965147256851196
2734062592.0,-0.07107453048229218
2735000064.0,-0.08779911696910858
2735937536.0,-0.10379218310117722
2736875008.0,-0.1187933012843132
2737812480.0,-0.1319284588098526
2738749952.0,-0.14398881793022156
2739687424.0,-0.15502600371837616
2740624896.0,-0.16426719725131989
2741562624.0,-0.17226381599903107
2742500096.0,-0.17921733856201172
2743437568.0,-0.1836032271385193
2744375040.0,-0.18644234538078308
2745312512.0,-0.18741920590400696
2746249984.0,-0.1861206293106079
2747187456.0,-0.18280720710754395
2748124928.0,-0.1790650486946106
2749062400.0,-0.1714743673801422
2750000128.0,-0.16354571282863617
2750937600.0,-0.15421678125858307
2751875072.0,-0.1419130563735962
2752812544.0,-0.12919548153877258
2753750016.0,-0.11690231412649155
2754687488.0,-0.1013670489192009
2755624960.0,-0.0839412584900856
2756562432.0,-0.06684356182813644
2757499904.0,-0.04943428561091423
2758437376.0,-0.030124209821224213
2759375104.0,-0.012082675471901894
2760312576.0,0.00760022085160017
2761250048.0,0.026107801124453545
2762187520.0,0.04447402060031891
2763124992.0,0.06357671320438385
2764062464.0,0.08082929253578186
2764999936.0,0.09710974991321564
2765937408.0,0.11350680887699127
2766874880.0,0.12811602652072906
2767812608.0,0.18574030697345734
2768750080.0,0.18452292680740356
2769687552.0,0.1833721101284027
2770625024.0,0.18111653625965118
2771562496.0,0.17725782096385956
2772499968.0,0.17281970381736755
2773437440.0,0.16726598143577576
2774374912.0,0.16207803785800934
2775312384.0,0.15512250363826752
2776250112.0,0.14696039259433746
2777187584.0,0.13881166279315948
2778125056.0,0.1293860673904419
2779062528.0,0.12030312418937683
2780000000.0,0.10997116565704346
2780937472.0,0.09867209941148758
2781874944.0,0.08709315210580826
2782812416.0,0.07531504333019257
2783749888.0,0.06298111379146576
2784687616.0,0.050686851143836975
2785625088.0,0.03895816579461098
2786562560.0,0.02553519606590271
2787500032.0,0.013135003857314587
2788437504.0,-0.0001437145401723683
2789374976.0,-0.012849155813455582
2790312448.0,-0.025410594418644905
2791249920.0,-0.03687647357583046
2792187392.0,-0.04873638600111008
2793125120.0,-0.05838003382086754
2794062592.0,-0.06938116252422333
2795000064.0,-0.078402578830719
2795937536.0,-0.08723144978284836
2796875008.0,-0.09463629871606827
2797812480.0,-0.10143542289733887
2798749952.0,-0.10673608630895615
2799687424.0,-0.11016244441270828
2800624896.0,-0.11255332082509995
2801562624.0,-0.1143597736954689
2802500096.0,-0.11307650059461594
2803437568.0,-0.1109168529510498
2804375040.0,-0.10713110119104385
2805312512.0,-0.10315462946891785
2806249984.0,-0.09579747170209885
2807187456.0,-0.08709471672773361
2808124928.0,-0.07820680737495422
2809062400.0,-0.0675274133682251
2809999872.0,-0.0556720495223999
2810937600.0,-0.04213044419884682
2811875072.0,-0.027869094163179398
2812812544.0,-0.012771358713507652
2813750016.0,0.0025383206084370613
2814687488.0,0.020356740802526474
2815624960.0,0.03673044592142105
2816562432.0,0.05450676754117012
2817499904.0,0.07127272337675095
2818437376.0,0.08869737386703491
2819375104.0,0.10628172755241394
2820312576.0,0.12234921008348465
2821250048.0,0.13786646723747253
2822187520.0,0.15176738798618317
2823124992.0,0.16509194672107697
2824062464.0,0.1771455705165863
2824999936.0,0.18756772577762604
2825937408.0,0.19659946858882904
2826874880.0,0.20339380204677582
2827812608.0,0.2166750133037567
2828750080.0,0.2195020616054535
2829687552.0,0.21878275275230408
2830625024.0,0.21520940959453583
2831562496.0,0.21029254794120789
2832499968.0,0.2023666799068451
2833437440.0,0.191610187292099
2834374912.0,0.18014894425868988
2835312384.0,0.16565372049808502
2836250112.0,0.14963042736053467
2837187584.0,0.13284839689731598
2838125056.0,0.1141313910484314
2839062528.0,0.09527309238910675
2840000000.0,0.07563871145248413
2840937472.0,0.0556480847299099
2841874944.0,0.03576815128326416
2842812416.0,0.015861613675951958
2843749888.0,-0.00206044502556324
2844687616.0,-0.021259717643260956
2845625088.0,-0.0385303720831871
2846562560.0,-0.05466711148619652
2847500032.0,-0.0692100077867508
2848437504.0,-0.08230908960103989
2849374976.0,-0.09373865276575089
2850312448.0,-0.10300632566213608
2851249920.0,-0.11038745939731598
2852187392.0,-0.11658984422683716
2853125120.0,-0.12099476903676987
2854062592.0,-0.12304800748825073
2855000064.0,-0.1235160157084465
2855937536.0,-0.12236523628234863
2856875008.0,-0.12003784626722336
2857812480.0,-0.11634784936904907
2858749952.0,-0.11049570143222809
2859687424.0,-0.10293801873922348
2860624896.0,-0.0938856303691864
2861562624.0,-0.08545868843793869
2862500096.0,-0.07635942846536636
2863437568.0,-0.06432534754276276
2864375040.0,-0.05390344187617302
2865312512.0,-0.04126995429396629
2866249984.0,-0.030020464211702347
2867187456.0,-0.016455551609396935
2868124928.0,-0.004273947793990374
2869062400.0,0.008431930094957352
2870000128.0,0.022110067307949066
2870937600.0,0.0343368798494339
2871875072.0,0.04773305729031563
2872812544.0,0.060149550437927246
2873750016.0,0.07310361415147781
2874687488.0,0.08553764969110489
2875624960.0,0.09671618789434433
2876562432.0,0.10890123248100281
2877499904.0,0.12085331231355667
2878437376.0,0.13146957755088806
2879375104.0,0.1422097235918045
2880312576.0,0.1516539454460144
2881250048.0,0.1613686978816986
2882187520.0,0.16964654624462128
2883124992.0,0.17746606469154358
2884062464.0,0.18420693278312683
2884999936.0,0.1907239854335785
2885937408.0,0.1950332671403885
2886874880.0,0.19831867516040802
2887812608.0,0.2015611082315445
2888750080.0,0.20257391035556793
2889687552.0,0.20391325652599335
2890625024.0,0.2024020105600357
2891562496.0,0.199369877576828
2892499968.0,0.1948089450597763
2893437440.0,0.18937844038009644
2894374912.0,0.18238067626953125
2895312384.0,0.17288649082183838
2896250112.0,0.16124491393566132
2897187584.0,0.14863917231559753
2898125056.0,0.13504600524902344
2899062528.0,0.11891157925128937
2900000000.0,0.10161726921796799
2900937472.0,0.08431605249643326
2901874944.0,0.06593918055295944
2902812416.0,0.047835662961006165
2903749888.0,0.0282478928565979
2904687616.0,0.009517339989542961
2905625088.0,-0.01006869226694107
2906562560.0,-0.02943083457648754
2907500032.0,-0.046846773475408554
2908437504.0,-0.06503959000110626
2909374976.0,-0.08008696883916855
2910312448.0,-0.09532664716243744
2911249920.0,-0.10875146836042404
2912187392.0,-0.12115256488323212
2913125120.0,-0.13044677674770355
2914062592.0,-0.13898608088493347
2915000064.0,-0.14569370448589325
2915937536.0,-0.15006031095981598
2916875008.0,-0.15209832787513733
2917812480.0,-0.1523713320493698
2918749952.0,-0.14986276626586914
2919687424.0,-0.14625883102416992
2920624896.0,-0.13961663842201233
2921562624.0,-0.13111038506031036
2922500096.0,-0.12141283601522446
2923437568.0,-0.1099734976887703
2924375040.0,-0.09747760742902756
2925312512.0,-0.08206991851329803
2926249984.0,-0.0670221671462059
2927187456.0,-0.050861455500125885
2928124928.0,-0.03436072915792465
2929062400.0,-0.016139911487698555
2929999872.0,0.0017363923834636807
2930937600.0,0.019695432856678963
2931875072.0,0.03697546571493149
2932812544.0,0.05425035580992699
2933750016.0,0.07105614989995956
2934687488.0,0.08645359426736832
2935624960.0,0.1009458675980568
2936562432.0,0.1135677844285965
2937499904.0,0.12771789729595184
2938437376.0,0.13761141896247864
2939375104.0,0.14731085300445557
2940312576.0,0.15525880455970764
2941250048.0,0.16109447181224823
2942187520.0,0.16661512851715088
2943124992.0,0.16982708871364594
2944062464.0,0.17260809242725372
2944999936.0,0.1732100248336792
2945937408.0,0.17367538809776306
2946874880.0,0.1723821461200714
2947812608.0,0.16764338314533234
2948750080.0,0.16633667051792145
2949687552.0,0.1640138477087021
2950625024.0,0.16071952879428864
2951562496.0,0.15723314881324768
2952499968.0,0.1520860642194748
2953437440.0,0.1453295797109604
2954374912.0,0.13862186670303345
2955312384.0,0.1316939890384674
2956250112.0,0.12374340742826462
2957187584.0,0.1142256036400795
2958125056.0,0.10536150634288788
2959062528.0,0.0964474007487297
2960000000.0,0.08485464751720428
2960937472.0,0.07510554790496826
2961874944.0,0.0638270452618599
2962812416.0,0.05269681289792061
2963749888.0,0.04108213633298874
2964687616.0,0.02967981994152069
2965625088.0,0.017393192276358604
2966562560.0,0.006580664776265621
2967500032.0,-0.004875429440289736
2968437504.0,-0.016118347644805908
2969374976.0,-0.02756577357649803
2970312448.0,-0.0368502251803875
2971249920.0,-0.04669540748000145
2972187392.0,-0.05671291425824165
2973125120.0,-0.06514523178339005
2974062592.0,-0.07272312790155411
2975000064.0,-0.07898755371570587
2975937536.0,-0.08517308533191681
2976875008.0,-0.09020183235406876
2977812480.0,-0.09433802962303162
2978749952.0,-0.0977797582745552
2979687424.0,-0.10078521817922592
2980624896.0,-0.10165346413850784
2981562624.0,-0.1016412153840065
2982500096.0,-0.10044397413730621
2983437568.0,-0.09881880134344101
2984375040.0,-0.09506460279226303
2985312512.0,-0.09071959555149078
2986249984.0,-0.08554911613464355
2987187456.0,-0.07948434352874756
2988124928.0,-0.07222430408000946
2989062400.0,-0.06455990672111511
2990000128.0,-0.056325722485780716
2990937600.0,-0.04926876351237297
2991875072.0,-0.040374062955379486
2992812544.0,-0.032009124755859375
2993750016.0,-0.022823767736554146
2994687488.0,-0.015590514056384563
2995624960.0,-0.007233448792248964
2996562432.0,0.0005136850522831082
2997499904.0,0.008276611566543579
2998437376.0,0.014879503287374973
2999375104.0,0.021016301587224007
3000312576.0,0.024885553866624832
3001250048.0,0.02933274582028389
3002187520.0,0.03269343823194504
3003124992.0,0.03497260808944702
3004062464.0,0.0367070734500885
3004999936.0,0.03741618990898132
3005937408.0,0.036995600908994675
3006874880.0,0.03547867760062218
3007812608.0,0.030563820153474808
3008750080.0,0.02694634161889553
3009687552.0,0.023104403167963028
3010625024.0,0.01909816823899746
3011562496.0,0.014008598402142525
3012499968.0,0.009511020965874195
3013437440.0,0.005009377375245094
3014374912.0,-0.00036593759432435036
3015312384.0,-0.005719318985939026
3016250112.0,-0.009872506372630596
3017187584.0,-0.01565568521618843
3018125056.0,-0.020095758140087128
3019062528.0,-0.02611641399562359
3020000000.0,-0.030803682282567024
3020937472.0,-0.03608233854174614
3021874944.0,-0.04131947457790375
3022812416.0,-0.04615018144249916
3023749888.0,-0.05118824914097786
3024687616.0,-0.05544062331318855
3025625088.0,-0.05994094908237457
3026562560.0,-0.06522596627473831
3027500032.0,-0.06844401359558105
3028437504.0,-0.07241683453321457
3029374976.0,-0.07618481665849686
3030312448.0,-0.0798625573515892
3031249920.0,-0.08336099982261658
3032187392.0,-0.08766321837902069
3033125120.0,-0.09070988744497299
3034062592.0,-0.09367820620536804
3035000064.0,-0.09505331516265869
3035937536.0,-0.0975850522518158
3036875008.0,-0.0991019457578659
3037812480.0,-0.10009720921516418
3038749952.0,-0.1011132299900055
3039687424.0,-0.10208148509263992
3040624896.0,-0.10219775140285492
3041562624.0,-0.1023750901222229
3042500096.0,-0.10024786740541458
3043437568.0,-0.09922368824481964
3044375040.0,-0.09555111080408096
3045312512.0,-0.09334079921245575
3046249984.0,-0.09000886976718903
3047187456.0,-0.08590425550937653
3048124928.0,-0.08180291950702667
3049062400.0,-0.07734153419733047
3049999872.0,-0.07250862568616867
3050937600.0,-0.06704342365264893
3051875072.0,-0.06273403018712997
3052812544.0,-0.05679019168019295
3053750016.0,-0.0513262078166008
3054687488.0,-0.04581987485289574
3055624960.0,-0.03911466896533966
3056562432.0,-0.03399276360869408
3057499904.0,-0.02787383273243904
3058437376.0,-0.02352326177060604
3059375104.0,-0.017981231212615967
3060312576.0,-0.013486762531101704
3061250048.0,-0.009333109483122826
3062187520.0,-0.005693741142749786
3063124992.0,-0.0020615586545318365
3064062464.0,8.287543460028246e-05
3064999936.0,0.002067363355308771
3065937408.0,0.0029166198801249266
3066874880.0,0.0028507064562290907
3067812608.0,0.01671365462243557
3068750080.0,0.010645457543432713
3069687552.0,0.003960162866860628
3070625024.0,-0.0038654564414173365
3071562496.0,-0.011344531551003456
3072499968.0,-0.02070555090904236
3073437440.0,-0.030296465381979942
3074374912.0,-0.04006270319223404
3075312384.0,-0.05000896379351616
3076250112.0,-0.059848520904779434
3077187584.0,-0.06803209334611893
3078125056.0,-0.07796435058116913
3079062528.0,-0.0856175571680069
3080000000.0,-0.09356854856014252
3080937472.0,-0.10161375254392624
3081874944.0,-0.10766862332820892
3082812416.0,-0.11285938322544098
3083749888.0,-0.11750881373882294
3084687616.0,-0.12009420990943909
3085625088.0,-0.12199275940656662
3086562560.0,-0.12368187308311462
3087500032.0,-0.12293432652950287
3088437504.0,-0.12090292572975159
3089374976.0,-0.11876029521226883
3090312448.0,-0.11532558500766754
3091249920.0,-0.11055881530046463
3092187392.0,-0.10493585467338562
3093125120.0,-0.09841810166835785
3094062592.0,-0.09063924103975296
3095000064.0,-0.08252005279064178
3095937536.0,-0.07447429746389389
3096875008.0,-0.0646221786737442
3097812480.0,-0.05576009675860405
3098749952.0,-0.04541439563035965
3099687424.0,-0.03520960360765457
3100624896.0,-0.024639692157506943
3101562624.0,-0.013722380623221397
3102500096.0,-0.004703946877270937
3103437568.0,0.005465657915920019
3104375040.0,0.015435189940035343
3105312512.0,0.024868251755833626
3106249984.0,0.03433686122298241
3107187456.0,0.04286834970116615
3108124928.0,0.050748322159051895
3109062400.0,0.058145131915807724
3110000128.0,0.06535899639129639
3110937600.0,0.07123485207557678
3111875072.0,0.0770961195230484
3112812544.0,0.08294858783483505
3113750016.0,0.0880189761519432
3114687488.0,0.09182501584291458
3115624960.0,0.09610766172409058
3116562432.0,0.0992385521531105
3117499904.0,0.10224415361881256
3118437376.0,0.10625028610229492
3119375104.0,0.10828052461147308
3120312576.0,0.11029902845621109
3121250048.0,0.11246289312839508
3122187520.0,0.11423991620540619
3123124992.0,0.11513625085353851
3124062464.0,0.11740507930517197
3124999936.0,0.11849156767129898
3125937408.0,0.1195836067199707
3126874880.0,0.11906813830137253
3127812608.0,0.14022953808307648
3128750080.0,0.1366334706544876
3129687552.0,0.135129913687706
3130625024.0,0.13182981312274933
3131562496.0,0.13006167113780975
3132499968.0,0.1285499930381775
3133437440.0,0.12627361714839935
3134374912.0,0.12488128244876862
3135312384.0,0.12378977239131927
3136250112.0,0.1218382939696312
3137187584.0,0.12017641216516495
3138125056.0,0.12032528221607208
3139062528.0,0.11860425025224686
3140000000.0,0.11894908547401428
3140937472.0,0.11801980435848236
3141874944.0,0.11692637950181961
3142812416.0,0.11610333621501923
3143749888.0,0.1154770478606224
3144687616.0,0.11485908925533295
3145625088.0,0.11288579553365707
3146562560.0,0.11185004562139511
3147500032.0,0.10983850061893463
3148437504.0,0.10705380886793137
3149374976.0,0.1038130447268486
3150312448.0,0.09998854249715805
3151249920.0,0.09565112739801407
3152187392.0,0.09041006118059158
3153125120.0,0.08489947021007538
3154062592.0,0.07922358065843582
3155000064.0,0.07202615588903427
3155937536.0,0.06438332796096802
3156875008.0,0.05538861081004143
3157812480.0,0.04726690426468849
3158749952.0,0.0367918536067009
3159687424.0,0.02671295404434204
3160624896.0,0.015013591386377811
3161562624.0,0.005182599648833275
3162500096.0,-0.00705587537959218
3163437568.0,-0.018140096217393875
3164375040.0,-0.02972525916993618
3165312512.0,-0.041842974722385406
3166249984.0,-0.054004278033971786
3167187456.0,-0.06636117398738861
3168124928.0,-0.07698336988687515
3169062400.0,-0.0886344388127327
3169999872.0,-0.09843428432941437
3170937600.0,-0.10722993314266205
3171875072.0,-0.11596420407295227
3172812544.0,-0.12362644076347351
3173750016.0,-0.12936145067214966
3174687488.0,-0.1347401887178421
3175624960.0,-0.13899601995944977
3176562432.0,-0.1404954195022583
3177499904.0,-0.14187684655189514
3178437376.0,-0.14108604192733765
3179375104.0,-0.13921737670898438
3180312576.0,-0.13539014756679535
3181250048.0,-0.13096821308135986
3182187520.0,-0.12316369265317917
3183124992.0,-0.11466124653816223
3184062464.0,-0.10533442348241806
3184999936.0,-0.09469394385814667
3185937408.0,-0.0811987817287445
3186874880.0,-0.06779477745294571
3187812608.0,0.060062721371650696
3188750080.0,0.05926233530044556
3189687552.0,0.05896974727511406
3190625024.0,0.05867450311779976
3191562496.0,0.06001342460513115
3192499968.0,0.061140432953834534
3193437440.0,0.06454874575138092
3194374912.0,0.06833111494779587
3195312384.0,0.07191630452871323
3196250112.0,0.07621712982654572
3197187584.0,0.0812486857175827
3198125056.0,0.08570488542318344
3199062528.0,0.09115753322839737
3200000000.0,0.09567438811063766
3200937472.0,0.10052445530891418
3201874944.0,0.10483092069625854
3202812416.0,0.10770190507173538
3203749888.0,0.10993147641420364
3204687616.0,0.11148760467767715
3205625088.0,0.11168403923511505
3206562560.0,0.1109691709280014
3207500032.0,0.10898727923631668
3208437504.0,0.10562536865472794
3209374976.0,0.10151877254247665
3210312448.0,0.09631800651550293
3211249920.0,0.08953814208507538
3212187392.0,0.08189953863620758
3213125120.0,0.07255624234676361
3214062592.0,0.06300642341375351
3215000064.0,0.051809702068567276
3215937536.0,0.040446240454912186
3216875008.0,0.028048701584339142
3217812480.0,0.014988220296800137
3218749952.0,0.0020866135600954294
3219687424.0,-0.010502212680876255
3220624896.0,-0.023591913282871246
3221562624.0,-0.035416379570961
3222500096.0,-0.04760155826807022
3223437568.0,-0.05949392542243004
3224375040.0,-0.0690474659204483
3225312512.0,-0.07882244139909744
3226249984.0,-0.08773583918809891
3227187456.0,-0.09387314319610596
3228124928.0,-0.09980008006095886
3229062400.0,-0.1051613837480545
3230000128.0,-0.10918097198009491
3230937600.0,-0.11174580454826355
3231875072.0,-0.11353429406881332
3232812544.0,-0.11311834305524826
3233750016.0,-0.11144129186868668
3234687488.0,-0.10928008705377579
3235624960.0,-0.10561010241508484
3236562432.0,-0.10274042189121246
3237499904.0,-0.09813132882118225
3238437376.0,-0.09289702773094177
3239375104.0,-0.08772856742143631
3240312576.0,-0.08274762332439423
3241250048.0,-0.07732164114713669
3242187520.0,-0.07300352305173874
3243124992.0,-0.06962376087903976
3244062464.0,-0.06536941975355148
3244999936.0,-0.06275369226932526
3245937408.0,-0.05979163572192192
3246874880.0,-0.060154110193252563
3247812608.0,-0.05241122096776962
3248750080.0,-0.05680383741855621
3249687552.0,-0.06103622540831566
3250625024.0,-0.06404336541891098
3251562496.0,-0.06786415725946426
3252499968.0,-0.0710522010922432
3253437440.0,-0.07196518033742905
3254374912.0,-0.07309374213218689
3255312384.0,-0.07301946729421616
3256250112.0,-0.07210399210453033
3257187584.0,-0.06967302411794662
3258125056.0,-0.06551424413919449
3259062528.0,-0.061922937631607056
3260000000.0,-0.055605921894311905
3260937472.0,-0.04910146817564964
3261874944.0,-0.042206812649965286
3262812416.0,-0.03409251198172569
3263749888.0,-0.024938251823186874
3264687616.0,-0.017094774171710014
3265625088.0,-0.007985159754753113
3266562560.0,-0.00028300724807195365
3267500032.0,0.006772390566766262
3268437504.0,0.013351760804653168
3269374976.0,0.018800383433699608
3270312448.0,0.023137148469686508
3271249920.0,0.026619641110301018
3272187392.0,0.028093060478568077
3273125120.0,0.02998519502580166
3274062592.0,0.02921365387737751
3275000064.0,0.02825545147061348
3275937536.0,0.026393363252282143
3276875008.0,0.02364679053425789
3277812480.0,0.02213197387754917
3278749952.0,0.019045379012823105
3279687424.0,0.016752908006310463
3280624896.0,0.015977539122104645
3281562624.0,0.01485001016408205
3282500096.0,0.014223727397620678
3283437568.0,0.014909639023244381
3284375040.0,0.016071220859885216
3285312512.0,0.01678714156150818
3286249984.0,0.01801891438663006
3287187456.0,0.02053874544799328
3288124928.0,0.02236941270530224
3289062400.0,0.023213962092995644
3289999872.0,0.023020651191473007
3290937600.0,0.02415163815021515
3291875072.0,0.023101193830370903
3292812544.0,0.020841320976614952
3293750016.0,0.017740992829203606
3294687488.0,0.012241300195455551
3295624960.0,0.008641796186566353
3296562432.0,0.0014391907025128603
3297499904.0,-0.005611069966107607
3298437376.0,-0.012887063436210155
3299375104.0,-0.021777154877781868
3300312576.0,-0.030251801013946533
3301250048.0,-0.03933950141072273
3302187520.0,-0.04876044765114784
3303124992.0,-0.05761847272515297
3304062464.0,-0.06644851714372635
3304999936.0,-0.07552830129861832
3305937408.0,-0.0839899405837059
3306874880.0,-0.09218797087669373
3307812608.0,-0.060035113245248795
3308750080.0,-0.05837053433060646
3309687552.0,-0.05602719262242317
3310625024.0,-0.05470310524106026
3311562496.0,-0.05315485596656799
3312499968.0,-0.052199672907590866
3313437440.0,-0.05108105018734932
3314374912.0,-0.050769370049238205
3315312384.0,-0.05076812580227852
3316250112.0,-0.05134633556008339
3317187584.0,-0.053222592920064926
3318125056.0,-0.055944643914699554
3319062528.0,-0.05839453637599945
3320000000.0,-0.06256584823131561
3320937472.0,-0.06720149517059326
3321874944.0,-0.07214991748332977
3322812416.0,-0.07854530215263367
3323749888.0,-0.08417154848575592
3324687616.0,-0.09028445929288864
3325625088.0,-0.09721312671899796
3326562560.0,-0.10458511859178543
3327500032.0,-0.10992351174354553
3328437504.0,-0.11729909479618073
3329374976.0,-0.12327232211828232
3330312448.0,-0.12928222119808197
3331249920.0,-0.13355806469917297
3332187392.0,-0.13883288204669952
3333125120.0,-0.1431197077035904
3334062592.0,-0.14609281718730927
3335000064.0,-0.1478404700756073
3335937536.0,-0.14937321841716766
3336875008.0,-0.14931538701057434
3337812480.0,-0.14937728643417358
3338749952.0,-0.14687518775463104
3339687424.0,-0.14350570738315582
3340624896.0,-0.13935525715351105
3341562624.0,-0.13445653021335602
3342500096.0,-0.12824001908302307
3343437568.0,-0.12056105583906174
3344375040.0,-0.11315298080444336
3345312512.0,-0.1046985611319542
3346249984.0,-0.09540832042694092
3347187456.0,-0.08634302020072937
3348124928.0,-0.07684500515460968
3349062400.0,-0.06681745499372482
3350000128.0,-0.057447198778390884
3350937600.0,-0.04614722728729248
3351875072.0,-0.037585046142339706
3352812544.0,-0.027909964323043823
3353750016.0,-0.02034909836947918
3354687488.0,-0.013710287399590015
3355624960.0,-0.005554137751460075
3356562432.0,0.0004633645003195852
3357499904.0,0.006131572648882866
3358437376.0,0.010552586987614632
3359375104.0,0.014307632111012936
3360312576.0,0.019361848011612892
3361250048.0,0.021156474947929382
3362187520.0,0.02453630045056343
3363124992.0,0.02661440707743168
3364062464.0,0.02897184155881405
3364999936.0,0.03087841533124447
3365937408.0,0.0331152081489563
3366874880.0,0.03558538109064102
3367812608.0,0.044956304132938385
3368750080.0,0.052392855286598206
3369687552.0,0.059918101876974106
3370625024.0,0.06752639263868332
3371562496.0,0.07260330021381378
3372499968.0,0.07707782089710236
3373437440.0,0.08088606595993042
3374374912.0,0.0838075652718544
3375312384.0,0.08533068746328354
3376250112.0,0.08653129637241364
3377187584.0,0.08552054315805435
3378125056.0,0.08305918425321579
3379062528.0,0.07930419594049454
3380000000.0,0.07471293956041336
3380937472.0,0.06917814910411835
3381874944.0,0.061983659863471985
3382812416.0,0.05436534434556961
3383749888.0,0.046935975551605225
3384687616.0,0.037886664271354675
3385625088.0,0.028512272983789444
3386562560.0,0.017726214602589607
3387500032.0,0.007248991634696722
3388437504.0,-0.0031129345297813416
3389374976.0,-0.013579758815467358
3390312448.0,-0.02388458140194416
3391249920.0,-0.03323039412498474
3392187392.0,-0.04315143823623657
3393125120.0,-0.052008725702762604
3394062592.0,-0.060014378279447556
3395000064.0,-0.06736534833908081
3395937536.0,-0.07433447241783142
3396875008.0,-0.08094258606433868
3397812480.0,-0.08619518578052521
3398749952.0,-0.08986374735832214
3399687424.0,-0.09476310759782791
3400624896.0,-0.09715057909488678
3401562624.0,-0.0985102728009224
3402500096.0,-0.09857471287250519
3403437568.0,-0.09851211309432983
3404375040.0,-0.09823911637067795
3405312512.0,-0.09676716476678848
3406249984.0,-0.09361840039491653
3407187456.0,-0.09194234758615494
3408124928.0,-0.08937261998653412
3409062400.0,-0.08614078164100647
3409999872.0,-0.08289831876754761
3410937600.0,-0.07943858206272125
3411875072.0,-0.075147345662117
3412812544.0,-0.07127735018730164
3413750016.0,-0.06698472052812576
3414687488.0,-0.06246626749634743
3415624960.0,-0.058765362948179245
3416562432.0,-0.0549861378967762
3417499904.0,-0.0508328452706337
3418437376.0,-0.047181788831949234
3419375104.0,-0.04267321527004242
3420312576.0,-0.03910357877612114
3421250048.0,-0.034539081156253815
3422187520.0,-0.031152380630373955
3423124992.0,-0.02815074659883976
3424062464.0,-0.02307644672691822
3424999936.0,-0.01902080327272415
3425937408.0,-0.01561815571039915
3426874880.0,-0.01204190868884325
3427812608.0,-0.007721145637333393
3428750080.0,-0.005598266609013081
3429687552.0,-0.0017924306448549032
3430625024.0,0.000758158159442246
3431562496.0,0.003712863428518176
3432499968.0,0.00798119232058525
3433437440.0,0.012961287051439285
3434374912.0,0.018271783366799355
3435312384.0,0.024523360654711723
3436250112.0,0.031209122389554977
3437187584.0,0.03975247964262962
3438125056.0,0.04856910929083824
3439062528.0,0.058899544179439545
3440000000.0,0.06936974078416824
3440937472.0,0.08186674863100052
3441874944.0,0.09540632367134094
3442812416.0,0.10844357311725616
3443749888.0,0.12312684953212738
3444687616.0,0.13647113740444183
3445625088.0,0.15124492347240448
3446562560.0,0.1639360934495926
3447500032.0,0.1769552081823349
3448437504.0,0.18922708928585052
3449374976.0,0.19894607365131378
3450312448.0,0.20714828372001648
3451249920.0,0.21483539044857025
3452187392.0,0.21927183866500854
3453125120.0,0.22174227237701416
3454062592.0,0.2221941202878952
3455000064.0,0.22084017097949982
3455937536.0,0.2146337479352951
3456875008.0,0.20791353285312653
3457812480.0,0.19717395305633545
3458749952.0,0.18448613584041595
3459687424.0,0.17047542333602905
3460624896.0,0.15543124079704285
3461562624.0,0.13793644309043884
3462500096.0,0.1191655769944191
3463437568.0,0.09974099695682526
3464375040.0,0.07998912781476974
3465312512.0,0.061269115656614304
3466249984.0,0.04064864292740822
3467187456.0,0.022000163793563843
3468124928.0,0.004321818705648184
3469062400.0,-0.012978299520909786
3470000128.0,-0.027853671461343765
3470937600.0,-0.04179907962679863
3471875072.0,-0.05255025997757912
3472812544.0,-0.06248318776488304
3473750016.0,-0.06918507069349289
3474687488.0,-0.07499032467603683
3475624960.0,-0.07839640229940414
3476562432.0,-0.08008983731269836
3477499904.0,-0.07968182861804962
3478437376.0,-0.07730430364608765
3479375104.0,-0.07494611293077469
3480312576.0,-0.07194758206605911
3481250048.0,-0.06854730099439621
3482187520.0,-0.06245805695652962
3483124992.0,-0.05844925343990326
3484062464.0,-0.05312105268239975
3484999936.0,-0.04819000884890556
3485937408.0,-0.04180410876870155
3486874880.0,-0.038742102682590485
3487812608.0,-0.02415810525417328
3488750080.0,-0.026929952204227448
3489687552.0,-0.02978605590760708
3490625024.0,-0.03382738679647446
3491562496.0,-0.039734914898872375
3492499968.0,-0.045778531581163406
3493437440.0,-0.051520369946956635
3494374912.0,-0.05650917440652847
3495312384.0,-0.06357983499765396
3496250112.0,-0.06760391592979431
3497187584.0,-0.07218436151742935
3498125056.0,-0.07598964124917984
3499062528.0,-0.07791885733604431
3500000000.0,-0.0812150090932846
3500937472.0,-0.08051102608442307
3501874944.0,-0.07936988770961761
3502812416.0,-0.07705871760845184
3503749888.0,-0.07350528240203857
3504687616.0,-0.06883503496646881
3505625088.0,-0.0629037395119667
3506562560.0,-0.05645253509283066
3507500032.0,-0.049406498670578
3508437504.0,-0.04112084582448006
3509374976.0,-0.032172273844480515
3510312448.0,-0.022978289052844048
3511249920.0,-0.013455772772431374
3512187392.0,-0.004663810133934021
3513125120.0,0.004929855931550264
3514062592.0,0.013821442611515522
3515000064.0,0.022629156708717346
3515937536.0,0.03126746416091919
3516875008.0,0.038591813296079636
3517812480.0,0.04482177272439003
3518749952.0,0.0512290894985199
3519687424.0,0.05577407032251358
3520624896.0,0.059493716806173325
3521562624.0,0.06152431666851044
3522500096.0,0.06308535486459732
3523437568.0,0.06294557452201843
3524375040.0,0.06181696057319641
3525312512.0,0.06006617099046707
3526249984.0,0.05742611736059189
3527187456.0,0.05363220348954201
3528124928.0,0.049137331545352936
3529062400.0,0.04441673308610916
3529999872.0,0.03913450986146927
3530937600.0,0.0333486944437027
3531875072.0,0.026715975254774094
3532812544.0,0.021400615572929382
3533750016.0,0.015228929929435253
3534687488.0,0.00999746099114418
3535624960.0,0.005326316691935062
3536562432.0,0.0027176206931471825
3537499904.0,-0.0007742158486507833
3538437376.0,-0.0033332547172904015
3539375104.0,-0.004206978250294924
3540312576.0,-0.004056770820170641
3541250048.0,-0.0035471091978251934
3542187520.0,-0.00276162032969296
3543124992.0,-0.0012343029957264662
3544062464.0,0.0027604796923696995
3544999936.0,0.005752393044531345
3545937408.0,0.010788792744278908
3546874880.0,0.01601075381040573
3547812608.0,0.016677482053637505
3548750080.0,0.015411844477057457
3549687552.0,0.01278728898614645
3550625024.0,0.0110029811039567
3551562496.0,0.008002505637705326
3552499968.0,0.005652185995131731
3553437440.0,0.002006884664297104
3554374912.0,-0.0006396278622560203
3555312384.0,-0.004516901448369026
3556250112.0,-0.008351956494152546
3557187584.0,-0.011705075390636921
3558125056.0,-0.01537502370774746
3559062528.0,-0.01782510057091713
3560000000.0,-0.021745741367340088
3560937472.0,-0.024530159309506416
3561874944.0,-0.028095241636037827
3562812416.0,-0.030326496809720993
3563749888.0,-0.03363420069217682
3564687616.0,-0.034818485379219055
3565625088.0,-0.036930181086063385
3566562560.0,-0.039093177765607834
3567500032.0,-0.040724627673625946
3568437504.0,-0.042004793882369995
3569374976.0,-0.04267245903611183
3570312448.0,-0.043308526277542114
3571249920.0,-0.04394735395908356
3572187392.0,-0.043205879628658295
3573125120.0,-0.04208594560623169
3574062592.0,-0.04041564092040062
3575000064.0,-0.03943919390439987
3575937536.0,-0.0372081957757473
3576875008.0,-0.035892486572265625
3577812480.0,-0.03384386748075485
3578749952.0,-0.031938713043928146
3579687424.0,-0.03008049726486206
3580624896.0,-0.028103401884436607
3581562624.0,-0.02488321252167225
3582500096.0,-0.021847421303391457
3583437568.0,-0.021230386570096016
3584375040.0,-0.019953206181526184
3585312512.0,-0.018387790769338608
3586249984.0,-0.018745556473731995
3587187456.0,-0.0186217799782753
3588124928.0,-0.018095824867486954
3589062400.0,-0.01836688071489334
3590000128.0,-0.018768182024359703
3590937600.0,-0.01819729246199131
3591875072.0,-0.01741400733590126
3592812544.0,-0.017491739243268967
3593750016.0,-0.018142471089959145
3594687488.0,-0.017285605892539024
3595624960.0,-0.016417494043707848
3596562432.0,-0.0161861851811409
3597499904.0,-0.013440054841339588
3598437376.0,-0.010781534016132355
3599375104.0,-0.008911436423659325
3600312576.0,-0.006287708412855864
3601250048.0,-0.0027363302651792765
3602187520.0,0.000687927647959441
3603124992.0,0.004732166416943073
3604062464.0,0.009910741820931435
3604999936.0,0.015249471180140972
3605937408.0,0.02087675966322422
3606874880.0,0.026859229430556297
3607812608.0,0.04913770779967308
3608750080.0,0.05854158103466034
3609687552.0,0.06732609122991562
3610625024.0,0.07696864753961563
3611562496.0,0.08612307906150818
3612499968.0,0.09348628669977188
3613437440.0,0.09912225604057312
3614374912.0,0.10515835136175156
3615312384.0,0.11042532324790955
3616250112.0,0.11323364824056625
3617187584.0,0.11630886048078537
3618125056.0,0.11806009709835052
3619062528.0,0.11889080703258514
3620000000.0,0.11800875514745712
3620937472.0,0.11590158939361572
3621874944.0,0.11390801519155502
3622812416.0,0.11065664887428284
3623749888.0,0.10597052425146103
3624687616.0,0.10089822858572006
3625625088.0,0.09513977915048599
3626562560.0,0.08844874799251556
3627500032.0,0.08182185143232346
3628437504.0,0.07436995208263397
3629374976.0,0.06518971174955368
3630312448.0,0.056339558213949203
3631249920.0,0.04731719195842743
3632187392.0,0.037781450897455215
3633125120.0,0.02811260335147381
3634062592.0,0.018599752336740494
3635000064.0,0.00927096139639616
3635937536.0,-0.001194950076751411
3636875008.0,-0.011225760914385319
3637812480.0,-0.021179331466555595
3638749952.0,-0.030313925817608833
3639687424.0,-0.04007371515035629
3640624896.0,-0.04881233721971512
3641562624.0,-0.056878119707107544
3642500096.0,-0.06587505340576172
3643437568.0,-0.07282233238220215
3644375040.0,-0.07957872748374939
3645312512.0,-0.08454786986112595
3646249984.0,-0.09110839664936066
3647187456.0,-0.0955447256565094
3648124928.0,-0.10041695833206177
3649062400.0,-0.105214923620224
3649999872.0,-0.10919017344713211
3650937600.0,-0.11267713457345963
3651875072.0,-0.11391211301088333
3652812544.0,-0.11685562878847122
3653750016.0,-0.11788231134414673
3654687488.0,-0.11852794885635376
3655624960.0,-0.11888190358877182
3656562432.0,-0.11875548958778381
3657499904.0,-0.11694710701704025
3658437376.0,-0.11487048864364624
3659375104.0,-0.11324162036180496
3660312576.0,-0.11042168736457825
3661250048.0,-0.10727299749851227
3662187520.0,-0.10505523532629013
3663124992.0,-0.10182781517505646
3664062464.0,-0.09704224765300751
3664999936.0,-0.09335565567016602
3665937408.0,-0.08856610953807831
3666874880.0,-0.08372777700424194
3667812608.0,-0.06643858551979065
3668750080.0,-0.06563473492860794
3669687552.0,-0.06456365436315536
3670625024.0,-0.06425676494836807
3671562496.0,-0.06104404851794243
3672499968.0,-0.05874428153038025
3673437440.0,-0.055435340851545334
3674374912.0,-0.05110490694642067
3675312384.0,-0.045456573367118835
3676250112.0,-0.039212215691804886
3677187584.0,-0.03286706656217575
3678125056.0,-0.025442996993660927
3679062528.0,-0.017589963972568512
3680000000.0,-0.010284913703799248
3680937472.0,-0.0008415515185333788
3681874944.0,0.00789486151188612
3682812416.0,0.016557086259126663
3683749888.0,0.026377389207482338
3684687616.0,0.03499331697821617
3685625088.0,0.044201236218214035
3686562560.0,0.05208886042237282
3687500032.0,0.06009736657142639
3688437504.0,0.06728939712047577
3689374976.0,0.07398077845573425
3690312448.0,0.07987221330404282
3691249920.0,0.08532252162694931
3692187392.0,0.08976994454860687
3693125120.0,0.09383212774991989
3694062592.0,0.0966075211763382
3695000064.0,0.09923641383647919
3695937536.0,0.09968359768390656
3696875008.0,0.10048450529575348
3697812480.0,0.09869445115327835
3698749952.0,0.09693944454193115
3699687424.0,0.09344689548015594
3700624896.0,0.08911188691854477
3701562624.0,0.08454588800668716
3702500096.0,0.07913593202829361
3703437568.0,0.07286931574344635
3704375040.0,0.06568839401006699
3705312512.0,0.0589875690639019
3706249984.0,0.050676144659519196
3707187456.0,0.04318472370505333
3708124928.0,0.035404548048973083
3709062400.0,0.02593807317316532
3710000128.0,0.016840778291225433
3710937600.0,0.008429407142102718
3711875072.0,0.0007298560813069344
3712812544.0,-0.007175227161496878
3713750016.0,-0.015207947231829166
3714687488.0,-0.021470174193382263
3715624960.0,-0.02763635851442814
3716562432.0,-0.03110281378030777
3717499904.0,-0.03531637042760849
3718437376.0,-0.038636062294244766
3719375104.0,-0.04046465829014778
3720312576.0,-0.04232760891318321
3721250048.0,-0.04268775135278702
3722187520.0,-0.04276023060083389
3723124992.0,-0.041984520852565765
3724062464.0,-0.041014015674591064
3724999936.0,-0.03980948403477669
3725937408.0,-0.038182035088539124
3726874880.0,-0.035184264183044434
3727812608.0,-0.03853217884898186
3728750080.0,-0.037315648049116135
3729687552.0,-0.03723931312561035
3730625024.0,-0.03609370067715645
3731562496.0,-0.036146000027656555
3732499968.0,-0.03545328229665756
3733437440.0,-0.034547217190265656
3734374912.0,-0.03376317769289017
3735312384.0,-0.03364354372024536
3736250112.0,-0.03496767207980156
3737187584.0,-0.03702119365334511
3738125056.0,-0.0386345237493515
3739062528.0,-0.041922230273485184
3740000000.0,-0.044588394463062286
3740937472.0,-0.048229463398456573
3741874944.0,-0.05283189192414284
3742812416.0,-0.05767451226711273
3743749888.0,-0.06151340901851654
3744687616.0,-0.06845097243785858
3745625088.0,-0.0739067941904068
3746562560.0,-0.07894191145896912
3747500032.0,-0.08454830199480057
3748437504.0,-0.09076018631458282
3749374976.0,-0.09627258777618408
3750312448.0,-0.10275446623563766
3751249920.0,-0.10820815712213516
3752187392.0,-0.11406290531158447
3753125120.0,-0.11929774284362793
3754062592.0,-0.12278662621974945
3755000064.0,-0.12709470093250275
3755937536.0,-0.13020539283752441
3756875008.0,-0.13067740201950073
3757812480.0,-0.13150830566883087
3758749952.0,-0.12984873354434967
3759687424.0,-0.12760941684246063
3760624896.0,-0.12374262511730194
3761562624.0,-0.11931800842285156
3762500096.0,-0.11306539922952652
3763437568.0,-0.10558369755744934
3764375040.0,-0.0971023440361023
3765312512.0,-0.0869954526424408
3766249984.0,-0.07697069644927979
3767187456.0,-0.06688929349184036
3768124928.0,-0.055499367415905
3769062400.0,-0.04379304125905037
3769999872.0,-0.031972046941518784
3770937600.0,-0.02059996873140335
3771875072.0,-0.00952428299933672
3772812544.0,-0.0001745237095747143
3773750016.0,0.009824875742197037
3774687488.0,0.017417151480913162
3775624960.0,0.02441328950226307
3776562432.0,0.031040597707033157
3777499904.0,0.03622300177812576
3778437376.0,0.0396898128092289
3779375104.0,0.042233578860759735
3780312576.0,0.04246127977967262
3781250048.0,0.040045831352472305
3782187520.0,0.03661632537841797
3783124992.0,0.03268101066350937
3784062464.0,0.02655295468866825
3784999936.0,0.018935376778244972
3785937408.0,0.010959344916045666
3786874880.0,0.012166079133749008
3787812608.0,0.004130324814468622
3788750080.0,-0.004993024747818708
3789687552.0,-0.015136932954192162
3790625024.0,-0.02717624418437481
3791562496.0,-0.039597924798727036
3792499968.0,-0.05063840374350548
3793437440.0,-0.06177093833684921
3794374912.0,-0.07274999469518661
3795312384.0,-0.08374837785959244
3796250112.0,-0.09389832615852356
3797187584.0,-0.10465585440397263
3798125056.0,-0.11554953455924988
3799062528.0,-0.12480571120977402
3800000000.0,-0.13255906105041504
3800937472.0,-0.14087234437465668
3801874944.0,-0.1463896632194519
3802812416.0,-0.1517735719680786
3803749888.0,-0.15487602353096008
3804687616.0,-0.15731385350227356
3805625088.0,-0.15828321874141693
3806562560.0,-0.15743744373321533
3807500032.0,-0.1555696725845337
3808437504.0,-0.15266858041286469
3809374976.0,-0.14781509339809418
3810312448.0,-0.14284878969192505
3811249920.0,-0.13546228408813477
3812187392.0,-0.1293659210205078
3813125120.0,-0.11993173509836197
3814062592.0,-0.11056458950042725
3815000064.0,-0.10031482577323914
3815937536.0,-0.09124886989593506
3816875008.0,-0.08166781067848206
3817812480.0,-0.07150613516569138
3818749952.0,-0.06229705363512039
3819687424.0,-0.05263940244913101
3820624896.0,-0.043049558997154236
3821562624.0,-0.0353950597345829
3822500096.0,-0.02752525918185711
3823437568.0,-0.020466836169362068
3824375040.0,-0.013864662498235703
3825312512.0,-0.00840445514768362
3826249984.0,-0.003422119887545705
3827187456.0,-0.0007297167903743684
3828124928.0,0.0019790194928646088
3829062400.0,0.0035343687050044537
3830000128.0,0.0037348500918596983
3830937600.0,0.0027515722904354334
3831875072.0,0.00235802517272532
3832812544.0,0.00021921846200712025
3833750016.0,-0.003647605422884226
3834687488.0,-0.00618209782987833
3835624960.0,-0.010910156182944775
3836562432.0,-0.014870124869048595
3837499904.0,-0.01897379197180271
3838437376.0,-0.02390173450112343
3839375104.0,-0.02879181131720543
3840312576.0,-0.032996490597724915
3841250048.0,-0.03700825572013855
3842187520.0,-0.04043406993150711
3843124992.0,-0.04346292465925217
3844062464.0,-0.046144258230924606
3844999936.0,-0.04802735522389412
3845937408.0,-0.04950866103172302
3846874880.0,-0.04103638976812363
3847812608.0,-0.03680238500237465
3848750080.0,-0.033951979130506516
3849687552.0,-0.03070022165775299
3850625024.0,-0.02830127440392971
3851562496.0,-0.025307774543762207
3852499968.0,-0.022209882736206055
3853437440.0,-0.02066436968743801
3854374912.0,-0.019155729562044144
3855312384.0,-0.019182777032256126
3856250112.0,-0.0184913482517004
3857187584.0,-0.018392693251371384
3858125056.0,-0.0193791463971138
3859062528.0,-0.021057074889540672
3860000000.0,-0.021682027727365494
3860937472.0,-0.024532441049814224
3861874944.0,-0.026562806218862534
3862812416.0,-0.027920659631490707
3863749888.0,-0.031036118045449257
3864687616.0,-0.03406276926398277
3865625088.0,-0.036311231553554535
3866562560.0,-0.03925010934472084
3867500032.0,-0.042322006076574326
3868437504.0,-0.044977303594350815
3869374976.0,-0.04720259830355644
3870312448.0,-0.04942437633872032
3871249920.0,-0.051308292895555496
3872187392.0,-0.0538443997502327
3873125120.0,-0.05474920570850372
3874062592.0,-0.05539105832576752
3875000064.0,-0.05688956752419472
3875937536.0,-0.05865183845162392
3876875008.0,-0.061744704842567444
3877812480.0,-0.06417690962553024
3878749952.0,-0.06460018455982208
3879687424.0,-0.06589460372924805
3880624896.0,-0.06708111613988876
3881562624.0,-0.0672973245382309
3882500096.0,-0.06869622319936752
3883437568.0,-0.06835192441940308
3884375040.0,-0.0678899884223938
3885312512.0,-0.06846986711025238
3886249984.0,-0.06857655197381973
3887187456.0,-0.06812112778425217
3888124928.0,-0.06829258799552917
3889062400.0,-0.0679226741194725
3889999872.0,-0.06791521608829498
3890937600.0,-0.06779404729604721
3891875072.0,-0.06877918541431427
3892812544.0,-0.0687074288725853
3893750016.0,-0.07037468999624252
3894687488.0,-0.07122811675071716
3895624960.0,-0.07241562008857727
3896562432.0,-0.07386951893568039
3897499904.0,-0.07729284465312958
3898437376.0,-0.07974986732006073
3899375104.0,-0.08310306072235107
3900312576.0,-0.08695276081562042
3901250048.0,-0.09128080308437347
3902187520.0,-0.09613904356956482
3903124992.0,-0.10069063305854797
3904062464.0,-0.10535997152328491
3904999936.0,-0.10989413410425186
3905937408.0,-0.11460104584693909
3906874880.0,-0.13100022077560425
3907812608.0,-0.1379944235086441
3908750080.0,-0.1445387899875641
3909687552.0,-0.14877530932426453
3910625024.0,-0.15075574815273285
3911562496.0,-0.15081490576267242
3912499968.0,-0.14902149140834808
3913437440.0,-0.14575810730457306
3914374912.0,-0.13974212110042572
3915312384.0,-0.13122498989105225
3916250112.0,-0.12153753638267517
3917187584.0,-0.10937749594449997
3918125056.0,-0.09635572135448456
3919062528.0,-0.08136862516403198
3920000000.0,-0.06606073677539825
3920937472.0,-0.04990499094128609
3921874944.0,-0.035337019711732864
3922812416.0,-0.017588431015610695
3923749888.0,-0.0015014817472547293
3924687616.0,0.013416857458651066
3925625088.0,0.029463034123182297
3926562560.0,0.04219977930188179
3927500032.0,0.05460924655199051
3928437504.0,0.06648239493370056
3929374976.0,0.07472100853919983
3930312448.0,0.08240959048271179
3931249920.0,0.08769004791975021
3932187392.0,0.0906028002500534
3933125120.0,0.09139986336231232
3934062592.0,0.08989261090755463
3935000064.0,0.08767099678516388
3935937536.0,0.08325556665658951
3936875008.0,0.07793677598237991
3937812480.0,0.07129999995231628
3938749952.0,0.06316594779491425
3939687424.0,0.054165564477443695
3940624896.0,0.045905403792858124
3941562624.0,0.0365152582526207
3942500096.0,0.027040747925639153
3943437568.0,0.017866404727101326
3944375040.0,0.009490514174103737
3945312512.0,0.00203357869759202
3946249984.0,-0.005213189870119095
3947187456.0,-0.011753707192838192
3948124928.0,-0.01794828288257122
3949062400.0,-0.02266065962612629
3950000128.0,-0.028160758316516876
3950937600.0,-0.031486626714468
3951875072.0,-0.03466959297657013
3952812544.0,-0.03654453903436661
3953750016.0,-0.0375576987862587
3954687488.0,-0.03917236998677254
3955624960.0,-0.03983786329627037
3956562432.0,-0.04125278443098068
3957499904.0,-0.04282024875283241
3958437376.0,-0.04338043928146362
3959375104.0,-0.04415472596883774
3960312576.0,-0.045350752770900726
3961250048.0,-0.04681963101029396
3962187520.0,-0.04896166920661926
3963124992.0,-0.05235684663057327
3964062464.0,-0.05746949464082718
3964999936.0,-0.06228732317686081
3965937408.0,-0.06852506846189499
3966874880.0,-0.08296369016170502
3967812608.0,-0.09638515114784241
3968750080.0,-0.11052271723747253
3969687552.0,-0.12384513020515442
3970625024.0,-0.1375114917755127
3971562496.0,-0.15106327831745148
3972499968.0,-0.16109393537044525
3973437440.0,-0.1740206480026245
3974374912.0,-0.18318256735801697
3975312384.0,-0.1924954205751419
3976250112.0,-0.20000439882278442
3977187584.0,-0.20566582679748535
3978125056.0,-0.20953911542892456
3979062528.0,-0.211128830909729
3980000000.0,-0.21090936660766602
3980937472.0,-0.20906732976436615
3981874944.0,-0.20459024608135223
3982812416.0,-0.20050476491451263
3983749888.0,-0.19324037432670593
3984687616.0,-0.18590471148490906
3985625088.0,-0.17758573591709137
3986562560.0,-0.16733860969543457
3987500032.0,-0.157527893781662
3988437504.0,-0.14533714950084686
3989374976.0,-0.13478821516036987
3990312448.0,-0.12269119173288345
3991249920.0,-0.11163905262947083
3992187392.0,-0.09965714067220688
3993125120.0,-0.08809684216976166
3994062592.0,-0.07692953199148178
3995000064.0,-0.06736375391483307
3995937536.0,-0.05855923146009445
3996875008.0,-0.04972544685006142
3997812480.0,-0.04323603957891464
3998749952.0,-0.03791598975658417
3999687424.0,-0.03131241723895073
4000624896.0,-0.03793422505259514
4001562624.0,-0.03528936952352524
4002500096.0,-0.03464607894420624
4003437568.0,-0.03403105214238167
4004375040.0,-0.0374581553041935
4005312512.0,-0.039242327213287354
4006249984.0,-0.04411695897579193
4007187456.0,-0.04995868727564812
4008124928.0,-0.05495837330818176
4009062400.0,-0.06260550022125244
4009999872.0,-0.07110044360160828
4010937600.0,-0.07903892546892166
4011875072.0,-0.08615627884864807
4012812544.0,-0.09520108252763748
4013750016.0,-0.1024475172162056
4014687488.0,-0.11098272353410721
4015624960.0,-0.11878009885549545
4016562432.0,-0.126451313495636
4017499904.0,-0.13408321142196655
4018437376.0,-0.14078383147716522
4019375104.0,-0.14629124104976654
4020312576.0,-0.15314629673957825
4021250048.0,-0.1579652726650238
4022187520.0,-0.16298294067382812
4023124992.0,-0.1681598722934723
4024062464.0,-0.17288099229335785
4024999936.0,-0.1759367734193802
4025937408.0,-0.18000783026218414
4026874880.0,-0.1721295416355133
4027812608.0,-0.1796008050441742
4028750080.0,-0.18597547709941864
4029687552.0,-0.19158226251602173
4030625024.0,-0.19645705819129944
4031562496.0,-0.20145855844020844
4032499968.0,-0.20456750690937042
4033437440.0,-0.20790977776050568
4034374912.0,-0.2098487764596939
4035312384.0,-0.21079735457897186
4036250112.0,-0.21015295386314392
4037187584.0,-0.20733194053173065
4038125056.0,-0.20397800207138062
4039062528.0,-0.20008525252342224
4040000000.0,-0.19418472051620483
4040937472.0,-0.18779674172401428
4041874944.0,-0.1819925457239151
4042812416.0,-0.17476505041122437
4043749888.0,-0.16617506742477417
4044687616.0,-0.15646998584270477
4045625088.0,-0.14579002559185028
4046562560.0,-0.1340455561876297
4047500032.0,-0.1229073777794838
4048437504.0,-0.11103535443544388
4049374976.0,-0.0972743034362793
4050312448.0,-0.08288606256246567
4051249920.0,-0.06933534890413284
4052187392.0,-0.055482424795627594
4053125120.0,-0.04274055361747742
4054062592.0,-0.028843678534030914
4055000064.0,-0.016749126836657524
4055937536.0,-0.0051599834114313126
4056875008.0,0.005539759993553162
4057812480.0,0.014713257551193237
4058749952.0,0.023677172139286995
4059687424.0,0.02898438833653927
4060624896.0,0.03364640846848488
4061562624.0,0.036514293402433395
4062500096.0,0.0382559671998024
4063437568.0,0.03664657846093178
4064375040.0,0.03430771082639694
4065312512.0,0.030741630122065544
4066249984.0,0.024635668843984604
4067187456.0,0.0176776684820652
4068124928.0,0.008854703977704048
4069062400.0,-0.0011252851691097021
4070000128.0,-0.011111479252576828
4070937600.0,-0.022577527910470963
4071875072.0,-0.03511461988091469
4072812544.0,-0.04768025875091553
4073750016.0,-0.060031596571207047
4074687488.0,-0.07330600917339325
4075624960.0,-0.08772995322942734
4076562432.0,-0.09946765005588531
4077499904.0,-0.11139164119958878
4078437376.0,-0.12308996170759201
4079375104.0,-0.13347242772579193
4080312576.0,-0.14297771453857422
4081250048.0,-0.15133944153785706
4082187520.0,-0.15960748493671417
4083124992.0,-0.16518360376358032
4084062464.0,-0.17092901468276978
4084999936.0,-0.1747312992811203
4085937408.0,-0.1768185943365097
4086874880.0,-0.15871897339820862
4087812608.0,-0.15879730880260468
4088750080.0,-0.1578616201877594
4089687552.0,-0.15517473220825195
4090625024.0,-0.15265727043151855
4091562496.0,-0.14926443994045258
4092499968.0,-0.1445741355419159
4093437440.0,-0.13898496329784393
4094374912.0,-0.13359427452087402
4095312384.0,-0.1275355964899063
4096250112.0,-0.12136683613061905
4097187584.0,-0.11469873040914536
4098125056.0,-0.10958695411682129
4099062528.0,-0.10273725539445877
4100000000.0,-0.09663546085357666
4100937472.0,-0.08984270691871643
4101874944.0,-0.08376641571521759
4102812416.0,-0.0787118673324585
4103749888.0,-0.0728742927312851
4104687616.0,-0.06707857549190521
4105625088.0,-0.0617729052901268
4106562560.0,-0.05626678466796875
4107500032.0,-0.050824422389268875
4108437504.0,-0.04759626463055611
4109374976.0,-0.04462558776140213
4110312448.0,-0.04135838523507118
4111249920.0,-0.03813081607222557
4112187392.0,-0.03517254814505577
4113125120.0,-0.03378475457429886
4114062592.0,-0.03130338713526726
4115000064.0,-0.030272023752331734
4115937536.0,-0.029176587238907814
4116875008.0,-0.027772994711995125
4117812480.0,-0.02656138874590397
4118749952.0,-0.02723773755133152
4119687424.0,-0.028015872463583946
4120624896.0,-0.027970800176262856
4121562624.0,-0.028039665892720222
4122500096.0,-0.029341619461774826
4123437568.0,-0.029738320037722588
4124375040.0,-0.031006699427962303
4125312512.0,-0.032646339386701584
4126249984.0,-0.03512542322278023
4127187456.0,-0.03763974830508232
4128124928.0,-0.039880938827991486
4129062400.0,-0.04297386109828949
4129999872.0,-0.04682479053735733
4130937600.0,-0.05128856375813484
4131875072.0,-0.056041814386844635
4132812544.0,-0.06134666129946709
4133750016.0,-0.06725651025772095
4134687488.0,-0.0735633447766304
4135624960.0,-0.07972052693367004
4136562432.0,-0.08762403577566147
4137499904.0,-0.09442228078842163
4138437376.0,-0.10259926319122314
4139375104.0,-0.11175180226564407
4140312576.0,-0.11978372186422348
4141250048.0,-0.12862728536128998
4142187520.0,-0.13809940218925476
4143124992.0,-0.14613661170005798
4144062464.0,-0.15484274923801422
4144999936.0,-0.16392500698566437
4145937408.0,-0.17226055264472961
4146874880.0,-0.19252781569957733
4147812608.0,-0.2006138116121292
4148750080.0,-0.2050357311964035
4149687552.0,-0.20823577046394348
4150625024.0,-0.20875518023967743
4151562496.0,-0.20829735696315765
4152499968.0,-0.20484435558319092
4153437440.0,-0.2004379779100418
4154374912.0,-0.19400282204151154
4155312384.0,-0.18673405051231384
4156250112.0,-0.17788004875183105
4157187584.0,-0.16835543513298035
4158125056.0,-0.1575695276260376
4159062528.0,-0.14578630030155182
4160000000.0,-0.13384561240673065
4160937472.0,-0.1212095320224762
4161874944.0,-0.10909441113471985
4162812416.0,-0.09584169089794159
4163749888.0,-0.08418231457471848
4164687616.0,-0.07237405329942703
4165625088.0,-0.06068411096930504
4166562560.0,-0.05048330873250961
4167500032.0,-0.039364006370306015
4168437504.0,-0.030358247458934784
4169374976.0,-0.021716561168432236
4170312448.0,-0.01396198384463787
4171249920.0,-0.007469009608030319
4172187392.0,-0.0012495742412284017
4173125120.0,0.004111931659281254
4174062592.0,0.0090609360486269
4175000064.0,0.013967815786600113
4175937536.0,0.01678355224430561
4176875008.0,0.019800739362835884
4177812480.0,0.02210412174463272
4178749952.0,0.023860299959778786
4179687424.0,0.025700950995087624
4180624896.0,0.026342952623963356
4181562624.0,0.026223262771964073
4182500096.0,0.025964632630348206
4183437568.0,0.025569016113877296
4184375040.0,0.02391960844397545
4185312512.0,0.022983992472290993
4186249984.0,0.02117064595222473
4187187456.0,0.018018636852502823
4188124928.0,0.01454129721969366
4189062400.0,0.00961620919406414
4190000128.0,0.005442135501652956
4190937600.0,-0.0007032567518763244
4191875072.0,-0.0072905682027339935
4192812544.0,-0.014359851367771626
4193750016.0,-0.021572519093751907
4194687488.0,-0.029644498601555824
4195624960.0,-0.039416298270225525
4196562432.0,-0.0493764765560627
4197499904.0,-0.05870591104030609
4198437376.0,-0.06993143260478973
4199375104.0,-0.08055974543094635
4200312576.0,-0.09289660304784775
4201250048.0,-0.10478892177343369
4202187520.0,-0.1164250522851944
4203124992.0,-0.12885087728500366
4204062464.0,-0.14093469083309174
4204999936.0,-0.15428979694843292
4205937408.0,-0.16679374873638153
4206874880.0,-0.16908472776412964
4207812608.0,-0.1812167465686798
4208750080.0,-0.19374039769172668
4209687552.0,-0.20436960458755493
4210625024.0,-0.21483860909938812
4211562496.0,-0.22494734823703766
4212499968.0,-0.23417650163173676
4213437440.0,-0.2410254180431366
4214374912.0,-0.2470731884241104
4215312384.0,-0.2515783905982971
4216250112.0,-0.25305238366127014
4217187584.0,-0.2524711489677429
4218125056.0,-0.2485785186290741
4219062528.0,-0.24343396723270416
4220000000.0,-0.23512090742588043
4220937472.0,-0.22558021545410156
4221874944.0,-0.2124263048171997
4222812416.0,-0.1982778012752533
4223749888.0,-0.18254610896110535
4224687616.0,-0.16388258337974548
4225625088.0,-0.14392459392547607
4226562560.0,-0.12301165610551834
4227500032.0,-0.10095830261707306
4228437504.0,-0.07883162796497345
4229374976.0,-0.05615385249257088
4230312448.0,-0.033945877104997635
4231249920.0,-0.012726010754704475
4232187392.0,0.009653972461819649
4233125120.0,0.029726948589086533
4234062592.0,0.04964136704802513
4235000064.0,0.06661694496870041
4235937536.0,0.08268500119447708
4236875008.0,0.09774843603372574
4237812480.0,0.10984018445014954
4238749952.0,0.11874990165233612
4239687424.0,0.1255774050951004
4240624896.0,0.13002997636795044
4241562624.0,0.13164901733398438
4242500096.0,0.13004335761070251
4243437568.0,0.1263662725687027
4244375040.0,0.12069924920797348
4245312512.0,0.11362118273973465
4246249984.0,0.10439581423997879
4247187456.0,0.09289370477199554
4248124928.0,0.07830658555030823
4249062400.0,0.06351155042648315
4249999872.0,0.04708169028162956
4250937600.0,0.028994683176279068
4251875072.0,0.011559788137674332
4252812544.0,-0.0073654078878462315
4253750016.0,-0.026158751919865608
4254687488.0,-0.04449446126818657
4255624960.0,-0.06277356296777725
4256562432.0,-0.08103787153959274
4257499904.0,-0.09904768317937851
4258437376.0,-0.11594274640083313
4259375104.0,-0.13378238677978516
4260312576.0,-0.14917580783367157
4261250048.0,-0.16415175795555115
4262187520.0,-0.17906250059604645
4263124992.0,-0.19375596940517426
4264062464.0,-0.20692121982574463
4264999936.0,-0.21963879466056824
4265937408.0,-0.2325541228055954
4266874880.0,-0.2432692050933838
4267812608.0,-0.2476164698600769
4268750080.0,-0.252064973115921
4269687552.0,-0.2568730413913727
4270625024.0,-0.2611221969127655
4271562496.0,-0.2654588222503662
4272499968.0,-0.27001532912254333
4273437440.0,-0.2737187147140503
4274374912.0,-0.2766586244106293
4275312384.0,-0.2786150276660919
4276250112.0,-0.27841392159461975
4277187584.0,-0.2773752212524414
4278125056.0,-0.27376097440719604
4279062528.0,-0.26904916763305664
4280000000.0,-0.2614438533782959
4280937472.0,-0.25313302874565125
4281874944.0,-0.24294738471508026
4282812416.0,-0.2304719239473343
4283749888.0,-0.21539944410324097
4284687616.0,-0.19976046681404114
4285625088.0,-0.18190081417560577
4286562560.0,-0.16334837675094604
4287500032.0,-0.14347407221794128
4288437504.0,-0.1221126839518547
4289374976.0,-0.09970783442258835
4290312448.0,-0.07651795446872711
4291249920.0,-0.05311715602874756
4292187392.0,-0.029210053384304047
4293125120.0,-0.005447817966341972
4294062592.0,0.01783873699605465
4295000064.0,0.04018014296889305
4295937536.0,0.06168151646852493
4296875008.0,0.08246017247438431
4297812480.0,0.10192621499300003
4298749952.0,0.11888597160577774
4299687424.0,0.13500924408435822
4300624896.0,0.1482081413269043
4301562368.0,0.1591365784406662
4302499840.0,0.16666264832019806
4303437312.0,0.17208828032016754
4304374784.0,0.17491167783737183
4305312256.0,0.17567580938339233
4306250240.0,0.1723381131887436
4307187712.0,0.16700656712055206
4308125184.0,0.15824247896671295
4309062656.0,0.14733919501304626
4310000128.0,0.13162142038345337
4310937600.0,0.11440765112638474
4311875072.0,0.0939064547419548
4312812544.0,0.07161854207515717
4313750016.0,0.04721246659755707
4314687488.0,0.020238323137164116
4315624960.0,-0.007491766475141048
4316562432.0,-0.036412328481674194
4317499904.0,-0.06629540771245956
4318437376.0,-0.09602633863687515
4319374848.0,-0.12634770572185516
4320312320.0,-0.15646706521511078
4321249792.0,-0.18553514778614044
4322187264.0,-0.21413297951221466
4323125248.0,-0.24047189950942993
4324062720.0,-0.264643132686615
4325000192.0,-0.28701144456863403
4325937664.0,-0.3073202669620514
4326875136.0,-0.34260889887809753
4327812608.0,-0.337552934885025
4328750080.0,-0.33160194754600525
4329687552.0,-0.32397541403770447
4330625024.0,-0.3160260319709778
4331562496.0,-0.3072093725204468
4332499968.0,-0.2993592917919159
4333437440.0,-0.29046112298965454
4334374912.0,-0.28201302886009216
4335312384.0,-0.2740411162376404
4336249856.0,-0.2665444016456604
4337187328.0,-0.259564608335495
4338124800.0,-0.2526683509349823
4339062272.0,-0.24655276536941528
4339999744.0,-0.240309938788414
4340937728.0,-0.23570986092090607
4341875200.0,-0.2304403930902481
4342812672.0,-0.2259940207004547
4343750144.0,-0.22051796317100525
4344687616.0,-0.2151622325181961
4345625088.0,-0.2087348848581314
4346562560.0,-0.20220652222633362
4347500032.0,-0.1953289806842804
4348437504.0,-0.1863839030265808
4349374976.0,-0.17703816294670105
4350312448.0,-0.16578783094882965
4351249920.0,-0.1551772803068161
4352187392.0,-0.14191798865795135
4353124864.0,-0.12727126479148865
4354062336.0,-0.11174154281616211
4354999808.0,-0.09568146616220474
4355937280.0,-0.07777082175016403
4356874752.0,-0.06122712418437004
4357812736.0,-0.04444510117173195
4358750208.0,-0.03037891536951065
4359687680.0,-0.018717629835009575
4360625152.0,-0.010060915723443031
4361562624.0,-0.005352809093892574
4362500096.0,-0.0015023188898339868
4363437568.0,-4.418369280756451e-05
4364375040.0,0.0007226897869259119
4365312512.0,0.00129791593644768
4366249984.0,0.001305293058976531
4367187456.0,0.0017454299377277493
4368124928.0,5.3315052355173975e-05
4369062400.0,-0.000459208560641855
4369999872.0,-0.0035865437239408493
4370937344.0,-0.006189217325299978
4371874816.0,-0.008081115782260895
4372812288.0,-0.012735637836158276
4373749760.0,-0.018443597480654716
4374687744.0,-0.024565430358052254
4375625216.0,-0.032986123114824295
4376562688.0,-0.04272223263978958
4377500160.0,-0.05421753227710724
4378437632.0,-0.06876435875892639
4379375104.0,-0.08424325287342072
4380312576.0,-0.1023576632142067
4381250048.0,-0.12174069136381149
4382187520.0,-0.1426607370376587
4383124992.0,-0.16477219760417938
4384062464.0,-0.1873348206281662
4384999936.0,-0.2126600593328476
4385937408.0,-0.23776286840438843
4386874880.0,-0.32899215817451477
4387812352.0,-0.34453362226486206
4388749824.0,-0.35814711451530457
4389687296.0,-0.3691791892051697
4390624768.0,-0.37720754742622375
4391562752.0,-0.38216733932495117
4392500224.0,-0.38530245423316956
4393437696.0,-0.3835172653198242
4394375168.0,-0.3790719509124756
4395312640.0,-0.37122780084609985
4396250112.0,-0.36103150248527527
4397187584.0,-0.3464035093784332
4398125056.0,-0.3298489451408386
4399062528.0,-0.3093983232975006
4400000000.0,-0.28603285551071167
4400937472.0,-0.2594355642795563
4401874944.0,-0.23210617899894714
4402812416.0,-0.20286647975444794
4403749888.0,-0.17179417610168457
4404687360.0,-0.14082776010036469
4405624832.0,-0.10769674926996231
4406562304.0,-0.07562112808227539
4407499776.0,-0.044181305915117264
4408437248.0,-0.013491474092006683
4409375232.0,0.016507968306541443
4410312704.0,0.044974103569984436
4411250176.0,0.07119376957416534
4412187648.0,0.09623268246650696
4413125120.0,0.11879566311836243
4414062592.0,0.13867716491222382
4415000064.0,0.15584391355514526
4415937536.0,0.17086490988731384
4416875008.0,0.1804044246673584
4417812480.0,0.18721741437911987
4418749952.0,0.19141213595867157
4419687424.0,0.19106055796146393
4420624896.0,0.1886141300201416
4421562368.0,0.18196499347686768
4422499840.0,0.17199818789958954
4423437312.0,0.16028183698654175
4424374784.0,0.14484167098999023
4425312256.0,0.12729057669639587
4426250240.0,0.1071666032075882
4427187712.0,0.08519559353590012
4428125184.0,0.06138390675187111
4429062656.0,0.03565284609794617
4430000128.0,0.009775782935321331
4430937600.0,-0.017552360892295837
4431875072.0,-0.04370535910129547
4432812544.0,-0.07059737294912338
4433750016.0,-0.09717423468828201
4434687488.0,-0.12172122299671173
4435624960.0,-0.14518125355243683
4436562432.0,-0.16733980178833008
4437499904.0,-0.1880779266357422
4438437376.0,-0.20549564063549042
4439374848.0,-0.22150982916355133
4440312320.0,-0.2348249852657318
4441249792.0,-0.24580326676368713
4442187264.0,-0.253925621509552
4443125248.0,-0.2603076994419098
4444062720.0,-0.2629181742668152
4445000192.0,-0.26507851481437683
4445937664.0,-0.26430150866508484
4446875136.0,-0.20808881521224976
4447812608.0,-0.21255013346672058
4448750080.0,-0.21443307399749756
4449687552.0,-0.21418169140815735
4450625024.0,-0.211111918091774
4451562496.0,-0.2053944617509842
4452499968.0,-0.19652564823627472
4453437440.0,-0.18562957644462585
4454374912.0,-0.1721891164779663
4455312384.0,-0.15584483742713928
4456249856.0,-0.1378861963748932
4457187328.0,-0.11778292059898376
4458124800.0,-0.0970565527677536
4459062272.0,-0.07525738328695297
4460000256.0,-0.0532478429377079
4460937728.0,-0.030165251344442368
4461875200.0,-0.008810351602733135
4462812672.0,0.01216099038720131
4463750144.0,0.03285661339759827
4464687616.0,0.05213121697306633
4465625088.0,0.06855790317058563
4466562560.0,0.0842234194278717
4467500032.0,0.09626054018735886
4468437504.0,0.1066381111741066
4469374976.0,0.11376117169857025
4470312448.0,0.11887083947658539
4471249920.0,0.12079431861639023
4472187392.0,0.11903033405542374
4473124864.0,0.11564803868532181
4474062336.0,0.10942363739013672
4474999808.0,0.09975231438875198
4475937280.0,0.088345468044281
4476874752.0,0.07192114740610123
4477812736.0,0.053442470729351044
4478750208.0,0.03355990722775459
4479687680.0,0.011529901064932346
4480625152.0,-0.01214356254786253
4481562624.0,-0.03781905397772789
4482500096.0,-0.06470856070518494
4483437568.0,-0.09149176627397537
4484375040.0,-0.11960235983133316
4485312512.0,-0.1484404057264328
4486249984.0,-0.17644861340522766
4487187456.0,-0.20428122580051422
4488124928.0,-0.23136526346206665
4489062400.0,-0.256093293428421
4489999872.0,-0.28155645728111267
4490937344.0,-0.3035151958465576
4491874816.0,-0.3238031268119812
4492812288.0,-0.343336284160614
4493749760.0,-0.35863882303237915
4494687744.0,-0.37284937500953674
4495625216.0,-0.3838292062282562
4496562688.0,-0.39412009716033936
4497500160.0,-0.40029793977737427
4498437632.0,-0.40592458844184875
4499375104.0,-0.408195436000824
4500312576.0,-0.4096565544605255
4501250048.0,-0.4105699062347412
4502187520.0,-0.40870416164398193
4503124992.0,-0.40671506524086
4504062464.0,-0.40375804901123047
4504999936.0,-0.398960679769516
4505937408.0,-0.394194632768631
4506874880.0,-0.2736281454563141
4507812352.0,-0.2709832191467285
4508749824.0,-0.26905545592308044
4509687296.0,-0.26780521869659424
4510624768.0,-0.2669605016708374
4511562752.0,-0.2665224075317383
4512500224.0,-0.2671174108982086
4513437696.0,-0.2691183388233185
4514375168.0,-0.27150198817253113
4515312640.0,-0.27489638328552246
4516250112.0,-0.28027427196502686
4517187584.0,-0.2855074107646942
4518125056.0,-0.291692316532135
4519062528.0,-0.2991958260536194
4520000000.0,-0.30750131607055664
4520937472.0,-0.315372109413147
4521874944.0,-0.32409602403640747
4522812416.0,-0.3340340554714203
4523749888.0,-0.34220007061958313
4524687360.0,-0.35292041301727295
4525624832.0,-0.3611283302307129
4526562304.0,-0.37085920572280884
4527499776.0,-0.37968236207962036
4528437248.0,-0.3890065550804138
4529375232.0,-0.3969056010246277
4530312704.0,-0.4052866995334625
4531250176.0,-0.41305458545684814
4532187648.0,-0.41980254650115967
4533125120.0,-0.4265024662017822
4534062592.0,-0.43216368556022644
4535000064.0,-0.437189519405365
4535937536.0,-0.44150012731552124
4536875008.0,-0.4457741379737854
4537812480.0,-0.44894108176231384
4538749952.0,-0.45099136233329773
4539687424.0,-0.45280760526657104
4540624896.0,-0.4531797170639038
4541562368.0,-0.4543057084083557
4542499840.0,-0.45340025424957275
4543437312.0,-0.45204782485961914
4544374784.0,-0.45248210430145264
4545312256.0,-0.4516514837741852
4546250240.0,-0.4486323297023773
4547187712.0,-0.44608765840530396
4548125184.0,-0.44420263171195984
4549062656.0,-0.44089430570602417
4550000128.0,-0.43828943371772766
4550937600.0,-0.4350847899913788
4551875072.0,-0.43262428045272827
4552812544.0,-0.43096259236335754
4553750016.0,-0.42863625288009644
4554687488.0,-0.4264673888683319
4555624960.0,-0.42465701699256897
4556562432.0,-0.42341428995132446
4557499904.0,-0.4219978451728821
4558437376.0,-0.42090967297554016
4559374848.0,-0.41983354091644287
4560312320.0,-0.418508917093277
4561249792.0,-0.41692328453063965
4562187264.0,-0.41618189215660095
4563125248.0,-0.41443514823913574
4564062720.0,-0.4130796194076538
4565000192.0,-0.41212883591651917
4565937664.0,-0.41052258014678955
4566875136.0,-0.3631879687309265
4567812608.0,-0.36918890476226807
4568750080.0,-0.37410980463027954
4569687552.0,-0.37664496898651123
4570625024.0,-0.37839940190315247
4571562496.0,-0.3778628408908844
4572499968.0,-0.37532734870910645
4573437440.0,-0.3691321611404419
4574374912.0,-0.3622775375843048
4575312384.0,-0.3527054488658905
4576249856.0,-0.34190237522125244
4577187328.0,-0.32855260372161865
4578124800.0,-0.3131272792816162
4579062272.0,-0.29569828510284424
4579999744.0,-0.27748632431030273
4580937728.0,-0.2577833831310272
4581875200.0,-0.23708978295326233
4582812672.0,-0.21613474190235138
4583750144.0,-0.19353260099887848
4584687616.0,-0.17063994705677032
4585625088.0,-0.14786992967128754
4586562560.0,-0.12643805146217346
4587500032.0,-0.10340303182601929
4588437504.0,-0.08302167057991028
4589374976.0,-0.06276459991931915
4590312448.0,-0.04446152597665787
4591249920.0,-0.02794681303203106
4592187392.0,-0.01258524227887392
4593124864.0,0.0016348136123269796
4594062336.0,0.01191243901848793
4594999808.0,0.020181305706501007
4595937280.0,0.026737863197922707
4596874752.0,0.028919121250510216
4597812736.0,0.02920585684478283
4598750208.0,0.026348890736699104
4599687680.0,0.021276598796248436
4600625152.0,0.014285151846706867
4601562624.0,0.004272833000868559
4602500096.0,-0.0074418759904801846
4603437568.0,-0.020960090681910515
4604375040.0,-0.03881693258881569
4605312512.0,-0.05545303598046303
4606249984.0,-0.0762757807970047
4607187456.0,-0.09847473353147507
4608124928.0,-0.12099362909793854
4609062400.0,-0.14399869740009308
4609999872.0,-0.16698738932609558
4610937344.0,-0.19088925421237946
4611874816.0,-0.21337909996509552
4612812288.0,-0.23582305014133453
4613749760.0,-0.25759357213974
4614687744.0,-0.27740123867988586
4615625216.0,-0.29840120673179626
4616562688.0,-0.3171825408935547
4617500160.0,-0.3333754539489746
4618437632.0,-0.3499808609485626
4619375104.0,-0.3653913736343384
4620312576.0,-0.37914544343948364
4621250048.0,-0.3913055956363678
4622187520.0,-0.4027003347873688
4623124992.0,-0.41218629479408264
4624062464.0,-0.4230600595474243
4624999936.0,-0.43241339921951294
4625937408.0,-0.4410570561885834
4626874880.0,-0.45519983768463135
4627812352.0,-0.45006927847862244
4628749824.0,-0.44300204515457153
4629687296.0,-0.43481680750846863
4630624768.0,-0.4244382083415985
4631562752.0,-0.4153277277946472
4632500224.0,-0.4050723910331726
4633437696.0,-0.3942602276802063
4634375168.0,-0.3844517469406128
4635312640.0,-0.3740547001361847
4636250112.0,-0.36420944333076477
4637187584.0,-0.3550862669944763
4638125056.0,-0.3464736044406891
4639062528.0,-0.33730870485305786
4640000000.0,-0.3304677903652191
4640937472.0,-0.3225281834602356
4641874944.0,-0.31666240096092224
4642812416.0,-0.3110407292842865
4643749888.0,-0.3063981533050537
4644687360.0,-0.3030342161655426
4645624832.0,-0.30095356702804565
4646562304.0,-0.3001469373703003
4647499776.0,-0.3011210858821869
4648437248.0,-0.3035218417644501
4649375232.0,-0.30645492672920227
4650312704.0,-0.3105497360229492
4651250176.0,-0.31548523902893066
4652187648.0,-0.32035964727401733
4653125120.0,-0.32751592993736267
4654062592.0,-0.3349314332008362
4655000064.0,-0.34279710054397583
4655937536.0,-0.35124608874320984
4656875008.0,-0.3606683313846588
4657812480.0,-0.3702874183654785
4658749952.0,-0.3822478652000427
4659687424.0,-0.39401450753211975
4660624896.0,-0.4053533375263214
4661562368.0,-0.41841211915016174
4662499840.0,-0.4315876066684723
4663437312.0,-0.4439966380596161
4664374784.0,-0.45806822180747986
4665312256.0,-0.4715465307235718
4666250240.0,-0.486508309841156
4667187712.0,-0.5003537535667419
4668125184.0,-0.5148360729217529
4669062656.0,-0.5297938585281372
4670000128.0,-0.5440462827682495
4670937600.0,-0.5593934059143066
4671875072.0,-0.5729280114173889
4672812544.0,-0.5870126485824585
4673750016.0,-0.6012732982635498
4674687488.0,-0.6142887473106384
4675624960.0,-0.6269046664237976
4676562432.0,-0.6390513777732849
4677499904.0,-0.6503026485443115
4678437376.0,-0.6603608727455139
4679374848.0,-0.6696075797080994
4680312320.0,-0.6783857941627502
4681249792.0,-0.6852361559867859
4682187264.0,-0.6902853846549988
4683125248.0,-0.6955289840698242
4684062720.0,-0.6974389553070068
4685000192.0,-0.6996313333511353
4685937664.0,-0.6992949843406677
4686875136.0,-0.6756580471992493
4687812608.0,-0.6758973598480225
4688750080.0,-0.6733765006065369
4689687552.0,-0.6676201820373535
4690625024.0,-0.6590043902397156
4691562496.0,-0.6478337645530701
4692499968.0,-0.6336044073104858
4693437440.0,-0.6179351806640625
4694374912.0,-0.5999155640602112
4695312384.0,-0.5791656970977783
4696249856.0,-0.5569021105766296
4697187328.0,-0.534103512763977
4698124800.0,-0.5111062526702881
4699062272.0,-0.48709836602211
4700000256.0,-0.4637790024280548
4700937728.0,-0.4409710764884949
4701875200.0,-0.419737309217453
4702812672.0,-0.4008336067199707
4703750144.0,-0.3839625120162964
4704687616.0,-0.3692694306373596
4705625088.0,-0.35786116123199463
4706562560.0,-0.34905576705932617
4707500032.0,-0.3453195095062256
4708437504.0,-0.3435848653316498
4709374976.0,-0.3477276861667633
4710312448.0,-0.35536712408065796
4711249920.0,-0.36749768257141113
4712187392.0,-0.38585126399993896
4713124864.0,-0.40718790888786316
4714062336.0,-0.43512997031211853
4714999808.0,-0.46675601601600647
4715937280.0,-0.50318843126297
4716874752.0,-0.5444663166999817
4717812736.0,-0.5874581933021545
4718750208.0,-0.6334125995635986
4719687680.0,-0.6814263463020325
4720625152.0,-0.7307897806167603
4721562624.0,-0.7804645895957947
4722500096.0,-0.8286893963813782
4723437568.0,-0.8769769668579102
4724375040.0,-0.922107458114624
4725312512.0,-0.9656257033348083
4726249984.0,-1.0054832696914673
4727187456.0,-1.0413923263549805
4728124928.0,-1.0731325149536133
4729062400.0,-1.1011171340942383
4729999872.0,-1.1231186389923096
4730937344.0,-1.1419988870620728
4731874816.0,-1.1562013626098633
4732812288.0,-1.166202187538147
4733749760.0,-1.1716065406799316
4734687744.0,-1.1751573085784912
4735625216.0,-1.1745448112487793
4736562688.0,-1.1710572242736816
4737500160.0,-1.164883017539978
4738437632.0,-1.1567267179489136
4739375104.0,-1.145975112915039
4740312576.0,-1.1331406831741333
4741250048.0,-1.1209197044372559
4742187520.0,-1.106512427330017
4743124992.0,-1.0933350324630737
4744062464.0,-1.078524112701416
4744999936.0,-1.0637353658676147
4745937408.0,-1.0491595268249512
4746874880.0,-0.804783284664154
4747812352.0,-0.8107593059539795
4748749824.0,-0.8172445297241211
4749687296.0,-0.8243046998977661
4750624768.0,-0.8306488990783691
4751562752.0,-0.8359567523002625
4752500224.0,-0.8419763445854187
4753437696.0,-0.8468427658081055
4754375168.0,-0.85113525390625
4755312640.0,-0.8543596863746643
4756250112.0,-0.856881856918335
4757187584.0,-0.8578819036483765
4758125056.0,-0.8598175644874573
4759062528.0,-0.8597062826156616
4760000000.0,-0.8592936992645264
4760937472.0,-0.8577438592910767
4761874944.0,-0.8561631441116333
4762812416.0,-0.8540695309638977
4763749888.0,-0.8512715697288513
4764687360.0,-0.8469194769859314
4765624832.0,-0.8422959446907043
4766562304.0,-0.8377819657325745
4767499776.0,-0.8324396014213562
4768437248.0,-0.8260870575904846
4769375232.0,-0.8204392790794373
4770312704.0,-0.8149806261062622
4771250176.0,-0.809609591960907
4772187648.0,-0.8049576282501221
4773125120.0,-0.8010555505752563
4774062592.0,-0.7986719608306885
4775000064.0,-0.7953482866287231
4775937536.0,-0.7948135733604431
4776875008.0,-0.7963996529579163
4777812480.0,-0.7977918982505798
4778749952.0,-0.8017598986625671
4779687424.0,-0.807819128036499
4780624896.0,-0.8143865466117859
4781562368.0,-0.8245787024497986
4782499840.0,-0.8354223966598511
4783437312.0,-0.8488843441009521
4784374784.0,-0.8629801273345947
4785312256.0,-0.8806214928627014
4786250240.0,-0.8984717130661011
4787187712.0,-0.9188873171806335
4788125184.0,-0.9407170414924622
4789062656.0,-0.9648981690406799
4790000128.0,-0.9889020919799805
4790937600.0,-1.0145517587661743
4791875072.0,-1.041396141052246
4792812544.0,-1.0692827701568604
4793750016.0,-1.0968632698059082
4794687488.0,-1.1252082586288452
4795624960.0,-1.1533102989196777
4796562432.0,-1.1801236867904663
4797499904.0,-1.2066339254379272
4798437376.0,-1.2321240901947021
4799374848.0,-1.256267786026001
4800312320.0,-1.279242753982544
4801249792.0,-1.3000147342681885
4802187264.0,-1.3189514875411987
4803125248.0,-1.3352680206298828
4804062720.0,-1.3492693901062012
4805000192.0,-1.3614330291748047
4805937664.0,-1.3720749616622925
4806875136.0,-1.2288403511047363
4807812608.0,-1.233008861541748
4808750080.0,-1.2352794408798218
4809687552.0,-1.2358696460723877
4810625024.0,-1.235898494720459
4811562496.0,-1.234120488166809
4812499968.0,-1.2312726974487305
4813437440.0,-1.2274757623672485
4814374912.0,-1.2230224609375
4815312384.0,-1.217228651046753
4816249856.0,-1.212050437927246
4817187328.0,-1.2053437232971191
4818124800.0,-1.1992932558059692
4819062272.0,-1.1932451725006104
4819999744.0,-1.186408519744873
4820937728.0,-1.1816097497940063
4821875200.0,-1.1769367456436157
4822812672.0,-1.1737287044525146
4823750144.0,-1.1707967519760132
4824687616.0,-1.169388771057129
4825625088.0,-1.169188141822815
4826562560.0,-1.1714264154434204
4827500032.0,-1.174458384513855
4828437504.0,-1.18004310131073
4829374976.0,-1.1867164373397827
4830312448.0,-1.1962729692459106
4831249920.0,-1.2070995569229126
4832187392.0,-1.2202484607696533
4833124864.0,-1.2348687648773193
4834062336.0,-1.253257393836975
4834999808.0,-1.2707860469818115
4835937280.0,-1.2907721996307373
4836874752.0,-1.3102405071258545
4837812736.0,-1.3303868770599365
4838750208.0,-1.3520036935806274
4839687680.0,-1.3733375072479248
4840625152.0,-1.3944677114486694
4841562624.0,-1.4188750982284546
4842500096.0,-1.4402629137039185
4843437568.0,-1.461715579032898
4844375040.0,-1.4807748794555664
4845312512.0,-1.4999744892120361
4846249984.0,-1.5179747343063354
4847187456.0,-1.5347388982772827
4848124928.0,-1.5507982969284058
4849062400.0,-1.5662351846694946
4849999872.0,-1.5799262523651123
4850937344.0,-1.5930366516113281
4851874816.0,-1.6037147045135498
4852812288.0,-1.6133757829666138
4853749760.0,-1.6211931705474854
4854687744.0,-1.6277832984924316
4855625216.0,-1.6333059072494507
4856562688.0,-1.6378183364868164
4857500160.0,-1.643067717552185
4858437632.0,-1.6472439765930176
4859375104.0,-1.6505905389785767
4860312576.0,-1.654409408569336
4861250048.0,-1.6583783626556396
4862187520.0,-1.661283254623413
4863124992.0,-1.6641658544540405
4864062464.0,-1.6659773588180542
4864999936.0,-1.6685914993286133
4865937408.0,-1.673283338546753
4866874880.0,-1.6544469594955444
4867812352.0,-1.6588704586029053
4868749824.0,-1.6635528802871704
4869687296.0,-1.6684463024139404
4870624768.0,-1.6732099056243896
4871562752.0,-1.6790964603424072
4872500224.0,-1.685411810874939
4873437696.0,-1.6931312084197998
4874375168.0,-1.7000212669372559
4875312640.0,-1.7087899446487427
4876250112.0,-1.717758059501648
4877187584.0,-1.7273519039154053
4878125056.0,-1.7397592067718506
4879062528.0,-1.7516241073608398
4880000000.0,-1.76542067527771
4880937472.0,-1.7772855758666992
4881874944.0,-1.7903810739517212
4882812416.0,-1.804107666015625
4883749888.0,-1.816838026046753
4884687360.0,-1.8297063112258911
4885624832.0,-1.8431527614593506
4886562304.0,-1.8548619747161865
4887499776.0,-1.8655011653900146
4888437248.0,-1.8751730918884277
4889375232.0,-1.882737636566162
4890312704.0,-1.888730525970459
4891250176.0,-1.8917685747146606
4892187648.0,-1.8924974203109741
4893125120.0,-1.8914369344711304
4894062592.0,-1.8864076137542725
4895000064.0,-1.8786540031433105
4895937536.0,-1.8689310550689697
4896875008.0,-1.8563827276229858
4897812480.0,-1.841757893562317
4898749952.0,-1.823906421661377
4899687424.0,-1.8036384582519531
4900624896.0,-1.7833410501480103
4901562368.0,-1.7593450546264648
4902499840.0,-1.7345969676971436
4903437312.0,-1.7104049921035767
4904374784.0,-1.683159589767456
4905312256.0,-1.6566212177276611
4906250240.0,-1.630476951599121
4907187712.0,-1.603912353515625
4908125184.0,-1.577791452407837
4909062656.0,-1.553426742553711
4910000128.0,-1.5291931629180908
4910937600.0,-1.5067942142486572
4911875072.0,-1.4847254753112793
4912812544.0,-1.4661405086517334
4913750016.0,-1.4494363069534302
4914687488.0,-1.4351576566696167
4915624960.0,-1.4219390153884888
4916562432.0,-1.4111119508743286
4917499904.0,-1.4042229652404785
4918437376.0,-1.3982360363006592
4919374848.0,-1.395129680633545
4920312320.0,-1.3940377235412598
4921249792.0,-1.395554542541504
4922187264.0,-1.3457903861999512
4923125248.0,-1.3339502811431885
4924062720.0,-1.3228589296340942
4925000192.0,-1.3124685287475586
4925937664.0,-1.4183446168899536
4926875136.0,-1.4250645637512207
4927812608.0,-1.431988000869751
4928750080.0,-1.436612844467163
4929687552.0,-1.4415898323059082
4930625024.0,-1.4440717697143555
4931562496.0,-1.4455205202102661
4932499968.0,-1.443901538848877
4933437440.0,-1.4399627447128296
4934374912.0,-1.4341157674789429
4935312384.0,-1.42588472366333
4936249856.0,-1.414658546447754
4937187328.0,-1.4003164768218994
4938124800.0,-1.3851274251937866
4939062272.0,-1.3672478199005127
4940000256.0,-1.3473317623138428
4940937728.0,-1.3269178867340088
4941875200.0,-1.306357502937317
4942812672.0,-1.283126950263977
4943750144.0,-1.258978009223938
4944687616.0,-1.23587965965271
4945625088.0,-1.2119842767715454
4946562560.0,-1.1884609460830688
4947500032.0,-1.167441964149475
4948437504.0,-1.1469297409057617
4949374976.0,-1.1295061111450195
4950312448.0,-1.1126444339752197
4951249920.0,-1.0978739261627197
4952187392.0,-1.0862360000610352
4953124864.0,-1.077150821685791
4954062336.0,-1.069669485092163
4954999808.0,-1.0635359287261963
4955937280.0,-1.058125376701355
4956874752.0,-1.0561670064926147
4957812736.0,-1.0525063276290894
4958750208.0,-1.0498932600021362
4959687680.0,-1.0470842123031616
4960625152.0,-1.0442951917648315
4961562624.0,-1.0413637161254883
4962500096.0,-1.0378823280334473
4963437568.0,-1.033447027206421
4964375040.0,-1.0270369052886963
4965312512.0,-1.0213948488235474
4966249984.0,-1.016084909439087
4967187456.0,-1.0072540044784546
4968124928.0,-0.9988373517990112
4969062400.0,-0.9907625913619995
4969999872.0,-0.9811019897460938
4970937344.0,-0.9706574082374573
4971874816.0,-0.9601413607597351
4972812288.0,-0.9500129818916321
4973749760.0,-0.9388548135757446
4974687744.0,-0.930022120475769
4975625216.0,-0.9217504262924194
4976562688.0,-0.9140279293060303
4977500160.0,-0.9064832329750061
4978437632.0,-0.8994671106338501
4979375104.0,-0.8909947872161865
4980312576.0,-0.8836884498596191
4981250048.0,-0.8753364682197571
4982187520.0,-0.8656026721000671
4983124992.0,-0.8566631078720093
4984062464.0,-0.8466963171958923
4984999936.0,-0.8371238708496094
4985937408.0,-0.8144897222518921
4986874880.0,-0.803905189037323
4987812352.0,-0.7961322665214539
4988749824.0,-0.7889775633811951
4989687296.0,-0.7817060351371765
4990624768.0,-0.7758709788322449
4991562752.0,-0.7735335230827332
4992500224.0,-0.7708747982978821
4993437696.0,-0.770215630531311
4994375168.0,-0.7708848118782043
4995312640.0,-0.7730066180229187
4996250112.0,-0.7749489545822144
4997187584.0,-0.7803996205329895
4998125056.0,-0.7854905724525452
4999062528.0,-0.7915381193161011
5000000000.0,-0.7984523177146912
5000937472.0,-0.8064899444580078
5001874944.0,-0.8137449622154236
5002812416.0,-0.8218740224838257
5003749888.0,-0.8287369608879089
5004687360.0,-0.8366388082504272
5005624832.0,-0.8435452580451965
5006562304.0,-0.849319577217102
5007499776.0,-0.8531090617179871
5008437248.0,-0.856342077255249
5009375232.0,-0.857146143913269
5010312704.0,-0.8556411266326904
5011250176.0,-0.8522530198097229
5012187648.0,-0.8464494347572327
5013125120.0,-0.8370367288589478
5014062592.0,-0.8258260488510132
5015000064.0,-0.811284065246582
5015937536.0,-0.7956627011299133
5016875008.0,-0.775540292263031
5017812480.0,-0.7540663480758667
5018749952.0,-0.7306990027427673
5019687424.0,-0.7049287557601929
5020624896.0,-0.6786998510360718
5021562368.0,-0.6487494111061096
5022499840.0,-0.6186805367469788
5023437312.0,-0.5873420238494873
5024374784.0,-0.5555131435394287
5025312256.0,-0.5234475135803223
5026250240.0,-0.49193865060806274
5027187712.0,-0.46142223477363586
5028125184.0,-0.4312899708747864
5029062656.0,-0.40241965651512146
5030000128.0,-0.37700602412223816
5030937600.0,-0.3525637686252594
5031875072.0,-0.33060839772224426
5032812544.0,-0.3103184998035431
5033750016.0,-0.29136863350868225
5034687488.0,-0.27772438526153564
5035624960.0,-0.2650061845779419
5036562432.0,-0.256790429353714
5037499904.0,-0.2511349618434906
5038437376.0,-0.24901127815246582
5039374848.0,-0.2497616410255432
5040312320.0,-0.2542724311351776
5041249792.0,-0.26094305515289307
5042187264.0,-0.27078497409820557
5043125248.0,-0.28329402208328247
5044062720.0,-0.2987973988056183
5045000192.0,-0.3166515827178955
5045937664.0,-0.584182858467102
5046875136.0,-0.5939738750457764
5047812608.0,-0.6029873490333557
5048750080.0,-0.6126132011413574
5049687552.0,-0.622265100479126
5050625024.0,-0.6318697333335876
5051562496.0,-0.6413794755935669
5052499968.0,-0.6507309079170227
5053437440.0,-0.6589133143424988
5054374912.0,-0.6678071022033691
5055312384.0,-0.6757453680038452
5056249856.0,-0.682870090007782
5057187328.0,-0.6887195706367493
5058124800.0,-0.6944010853767395
5059062272.0,-0.6984632015228271
5059999744.0,-0.70125412940979
5060937728.0,-0.7037765979766846
5061875200.0,-0.7040089964866638
5062812672.0,-0.7032721042633057
5063750144.0,-0.7009482979774475
5064687616.0,-0.6957827210426331
5065625088.0,-0.6900893449783325
5066562560.0,-0.6812608242034912
5067500032.0,-0.6715093851089478
5068437504.0,-0.6588115096092224
5069374976.0,-0.6446512937545776
5070312448.0,-0.6281040906906128
5071249920.0,-0.6104705333709717
5072187392.0,-0.5908686518669128
5073124864.0,-0.5699243545532227
5074062336.0,-0.5474323034286499
5074999808.0,-0.5239606499671936
5075937280.0,-0.4987802505493164
5076874752.0,-0.47405263781547546
5077812736.0,-0.4494132101535797
5078750208.0,-0.4240083396434784
5079687680.0,-0.3986928462982178
5080625152.0,-0.37390708923339844
5081562624.0,-0.35007014870643616
5082500096.0,-0.3274664580821991
5083437568.0,-0.30539053678512573
5084375040.0,-0.285283625125885
5085312512.0,-0.26689058542251587
5086249984.0,-0.2504121959209442
5087187456.0,-0.23561576008796692
5088124928.0,-0.22326020896434784
5089062400.0,-0.2133454978466034
5089999872.0,-0.20590628683567047
5090937344.0,-0.19982030987739563
5091874816.0,-0.19755752384662628
5092812288.0,-0.1974015235900879
5093749760.0,-0.20046576857566833
5094687744.0,-0.20634938776493073
5095625216.0,-0.2144109606742859
5096562688.0,-0.22496075928211212
5097500160.0,-0.2370397448539734
5098437632.0,-0.25100767612457275
5099375104.0,-0.26868537068367004
5100312576.0,-0.28728604316711426
5101250048.0,-0.3087342083454132
5102187520.0,-0.33084094524383545
5103124992.0,-0.35499027371406555
5104062464.0,-0.3798035681247711
5104999936.0,-0.4047337770462036
5105937408.0,-0.5006625056266785
5106874880.0,-0.5193330645561218
5107812352.0,-0.5365219116210938
5108749824.0,-0.552245557308197
5109687296.0,-0.564875602722168
5110624768.0,-0.5754391551017761
5111562752.0,-0.5844951868057251
5112500224.0,-0.5915981531143188
5113437696.0,-0.5960049629211426
5114375168.0,-0.599005401134491
5115312640.0,-0.5996798872947693
5116250112.0,-0.5984600186347961
5117187584.0,-0.5955939888954163
5118125056.0,-0.5920864939689636
5119062528.0,-0.5874806046485901
5120000000.0,-0.583005964756012
5120937472.0,-0.5768824815750122
5121874944.0,-0.5719538331031799
5122812416.0,-0.5651590824127197
5123749888.0,-0.5591707229614258
5124687360.0,-0.5530709028244019
5125624832.0,-0.5447473526000977
5126562304.0,-0.5363333821296692
5127499776.0,-0.5285609364509583
5128437248.0,-0.5196925401687622
5129375232.0,-0.5109483003616333
5130312704.0,-0.501193642616272
5131250176.0,-0.4895787835121155
5132187648.0,-0.4763762056827545
5133125120.0,-0.4634697437286377
5134062592.0,-0.4479387402534485
5135000064.0,-0.4328645169734955
5135937536.0,-0.4151456356048584
5136875008.0,-0.3968803584575653
5137812480.0,-0.37830957770347595
5138749952.0,-0.3581964075565338
5139687424.0,-0.3392423987388611
5140624896.0,-0.32179543375968933
5141562368.0,-0.30438870191574097
5142499840.0,-0.289008229970932
5143437312.0,-0.2764471769332886
5144374784.0,-0.2697787284851074
5145312256.0,-0.2675918638706207
5146250240.0,-0.2732776999473572
5147187712.0,-0.2840742766857147
5148125184.0,-0.29858750104904175
5149062656.0,-0.3172050416469574
5150000128.0,-0.33736252784729004
5150937600.0,-0.3571729362010956
5151875072.0,-0.3789632022380829
5152812544.0,-0.3989347219467163
5153750016.0,-0.418359637260437
5154687488.0,-0.4363240599632263
5155624960.0,-0.45394617319107056
5156562432.0,-0.46942436695098877
5157499904.0,-0.4839182198047638
5158437376.0,-0.4970470070838928
5159374848.0,-0.5073144435882568
5160312320.0,-0.5186059474945068
5161249792.0,-0.528224527835846
5162187264.0,-0.5359615087509155
5163125248.0,-0.5434479713439941
5164062720.0,-0.5508596301078796
5165000192.0,-0.5584244728088379
5165937664.0,-0.5638920068740845
5166875136.0,-0.5787479877471924
5167812608.0,-0.5942585468292236
5168750080.0,-0.6104829907417297
5169687552.0,-0.6269770264625549
5170625024.0,-0.6434314846992493
5171562496.0,-0.6606978178024292
5172499968.0,-0.6761807799339294
5173437440.0,-0.6925356984138489
5174374912.0,-0.7070574760437012
5175312384.0,-0.7217758297920227
5176249856.0,-0.7340368628501892
5177187328.0,-0.7462080121040344
5178124800.0,-0.755244791507721
5179062272.0,-0.7622483968734741
5180000256.0,-0.7660772800445557
5180937728.0,-0.7681650519371033
5181875200.0,-0.7671323418617249
5182812672.0,-0.7625929117202759
5183750144.0,-0.7550870776176453
5184687616.0,-0.744695782661438
5185625088.0,-0.7321956753730774
5186562560.0,-0.7170428037643433
5187500032.0,-0.6992789506912231
5188437504.0,-0.6796615123748779
5189374976.0,-0.6571040153503418
5190312448.0,-0.6357629299163818
5191249920.0,-0.6120731234550476
5192187392.0,-0.5876840353012085
5193124864.0,-0.5629997849464417
5194062336.0,-0.538395345211029
5194999808.0,-0.5144084095954895
5195937280.0,-0.4911215603351593
5196874752.0,-0.4688100516796112
5197812736.0,-0.44781485199928284
5198750208.0,-0.4281098544597626
5199687680.0,-0.4107190668582916
5200625152.0,-0.39517179131507874
5201562624.0,-0.3812773823738098
5202500096.0,-0.37104490399360657
5203437568.0,-0.36274224519729614
5204375040.0,-0.35724499821662903
5205312512.0,-0.35437092185020447
5206249984.0,-0.35599303245544434
5207187456.0,-0.3596426844596863
5208124928.0,-0.36522549390792847
5209062400.0,-0.3748282790184021
5209999872.0,-0.38635265827178955
5210937344.0,-0.4016033709049225
5211874816.0,-0.41728925704956055
5212812288.0,-0.43601128458976746
5213749760.0,-0.45711269974708557
5214687744.0,-0.4801360070705414
5215625216.0,-0.5043275356292725
5216562688.0,-0.5311058759689331
5217500160.0,-0.5579642057418823
5218437632.0,-0.586318850517273
5219375104.0,-0.6143435835838318
5220312576.0,-0.643298864364624
5221250048.0,-0.6715077757835388
5222187520.0,-0.6983823776245117
5223124992.0,-0.7266734838485718
5224062464.0,-0.7524795532226562
5224999936.0,-0.7780252695083618
5225937408.0,-0.8290901184082031
5226874880.0,-0.8538623452186584
5227812352.0,-0.8770585060119629
5228749824.0,-0.8972712755203247
5229687296.0,-0.9145897626876831
5230624768.0,-0.929069459438324
5231562752.0,-0.9440301060676575
5232500224.0,-0.9548130035400391
5233437696.0,-0.9638756513595581
5234375168.0,-0.9709988832473755
5235312640.0,-0.9746759533882141
5236250112.0,-0.9762499928474426
5237187584.0,-0.9770839810371399
5238125056.0,-0.9731369614601135
5239062528.0,-0.9681951999664307
5240000000.0,-0.9602205753326416
5240937472.0,-0.9525810480117798
5241874944.0,-0.9421409964561462
5242812416.0,-0.9301451444625854
5243749888.0,-0.9178195595741272
5244687360.0,-0.9045841693878174
5245624832.0,-0.8898726105690002
5246562304.0,-0.8751064538955688
5247499776.0,-0.8596729040145874
5248437248.0,-0.8434775471687317
5249375232.0,-0.8291782736778259
5250312704.0,-0.8141865134239197
5251250176.0,-0.7985746264457703
5252187648.0,-0.7834265232086182
5253125120.0,-0.769231379032135
5254062592.0,-0.7564045786857605
5255000064.0,-0.7446718215942383
5255937536.0,-0.7340232133865356
5256875008.0,-0.72651606798172
5257812480.0,-0.7197117805480957
5258749952.0,-0.7160481214523315
5259687424.0,-0.7139326333999634
5260624896.0,-0.712340235710144
5261562368.0,-0.7135412693023682
5262499840.0,-0.715551495552063
5263437312.0,-0.7197225093841553
5264374784.0,-0.7253877520561218
5265312256.0,-0.7325716018676758
5266250240.0,-0.7423137426376343
5267187712.0,-0.7549446821212769
5268125184.0,-0.7700772881507874
5269062656.0,-0.7882415652275085
5270000128.0,-0.8088578581809998
5270937600.0,-0.8314783573150635
5271875072.0,-0.8566003441810608
5272812544.0,-0.8824248313903809
5273750016.0,-0.91166752576828
5274687488.0,-0.9413884282112122
5275624960.0,-0.9740429520606995
5276562432.0,-1.0086193084716797
5277499904.0,-1.0422883033752441
5278437376.0,-1.0787104368209839
5279374848.0,-1.1153998374938965
5280312320.0,-1.1538515090942383
5281249792.0,-1.192461371421814
5282187264.0,-1.2317800521850586
5283125248.0,-1.2724953889846802
5284062720.0,-1.3137906789779663
5285000192.0,-1.355180025100708
5285937664.0,-1.3873757123947144
5286875136.0,-1.42288339138031
5287812608.0,-1.4555823802947998
5288750080.0,-1.4858362674713135
5289687552.0,-1.5125069618225098
5290625024.0,-1.5383455753326416
5291562496.0,-1.5593100786209106
5292499968.0,-1.5784927606582642
5293437440.0,-1.5938884019851685
5294374912.0,-1.6064066886901855
5295312384.0,-1.6169631481170654
5296249856.0,-1.622352123260498
5297187328.0,-1.6263900995254517
5298124800.0,-1.6277565956115723
5299062272.0,-1.626526117324829
5299999744.0,-1.6204866170883179
5300937728.0,-1.6126704216003418
5301875200.0,-1.6041775941848755
5302812672.0,-1.5930544137954712
5303750144.0,-1.5793333053588867
5304687616.0,-1.5660390853881836
5305625088.0,-1.5500245094299316
5306562560.0,-1.5346945524215698
5307500032.0,-1.518237829208374
5308437504.0,-1.5026497840881348
5309374976.0,-1.4890856742858887
5310312448.0,-1.4739956855773926
5311249920.0,-1.4599283933639526
5312187392.0,-1.4457995891571045
5313124864.0,-1.4329558610916138
5314062336.0,-1.422234058380127
5314999808.0,-1.4119272232055664
5315937280.0,-1.4051316976547241
5316874752.0,-1.4015895128250122
5317812736.0,-1.3983542919158936
5318750208.0,-1.3985697031021118
5319687680.0,-1.401201844215393
5320625152.0,-1.4055910110473633
5321562624.0,-1.4128302335739136
5322500096.0,-1.4235907793045044
5323437568.0,-1.4360524415969849
5324375040.0,-1.451825499534607
5325312512.0,-1.4713761806488037
5326249984.0,-1.4939422607421875
5327187456.0,-1.519564151763916
5328124928.0,-1.5470390319824219
5329062400.0,-1.578015685081482
5329999872.0,-1.61162269115448
5330937344.0,-1.6485357284545898
5331874816.0,-1.6855581998825073
5332812288.0,-1.7553679943084717
5333749760.0,-1.8032543659210205
5334687744.0,-1.8534871339797974
5335625216.0,-1.9053349494934082
5336562688.0,-1.9583942890167236
5337500160.0,-2.011824131011963
5338437632.0,-2.067333459854126
5339375104.0,-2.1234724521636963
5340312576.0,-2.1802971363067627
5341250048.0,-2.2387452125549316
5342187520.0,-2.2960758209228516
5343124992.0,-2.351551055908203
5344062464.0,-2.4074487686157227
5344999936.0,-2.461534023284912
5345937408.0,-2.4068644046783447
5346874880.0,-2.439518928527832
5347812352.0,-2.47027325630188
5348749824.0,-2.4993228912353516
5349687296.0,-2.523461103439331
5350624768.0,-2.5459516048431396
5351562752.0,-2.5625193119049072
5352500224.0,-2.5775392055511475
5353437696.0,-2.5873215198516846
5354375168.0,-2.593924045562744
5355312640.0,-2.5969748497009277
5356250112.0,-2.595785140991211
5357187584.0,-2.591366767883301
5358125056.0,-2.58127760887146
5359062528.0,-2.5683395862579346
5360000000.0,-2.5520267486572266
5360937472.0,-2.5336058139801025
5361874944.0,-2.5128448009490967
5362812416.0,-2.4899826049804688
5363749888.0,-2.466315269470215
5364687360.0,-2.4424026012420654
5365624832.0,-2.418586492538452
5366562304.0,-2.393361806869507
5367499776.0,-2.369300127029419
5368437248.0,-2.3428428173065186
5369375232.0,-2.317841053009033
5370312704.0,-2.291349411010742
5371250176.0,-2.2648963928222656
5372187648.0,-2.2402548789978027
5373125120.0,-2.2145564556121826
5374062592.0,-2.1902835369110107
5375000064.0,-2.16751766204834
5375937536.0,-2.1458332538604736
5376875008.0,-2.126946449279785
5377812480.0,-2.107632875442505
5378749952.0,-2.0911803245544434
5379687424.0,-2.076789140701294
5380624896.0,-2.0619890689849854
5381562368.0,-2.0491271018981934
5382499840.0,-2.037184000015259
5383437312.0,-2.02783203125
5384374784.0,-2.0202832221984863
5385312256.0,-2.012634515762329
5386250240.0,-2.0062084197998047
5387187712.0,-2.0026562213897705
5388125184.0,-1.9995629787445068
5389062656.0,-1.9996792078018188
5390000128.0,-2.0005908012390137
5390937600.0,-2.0020620822906494
5391875072.0,-2.005859375
5392812544.0,-2.0092079639434814
5393750016.0,-2.012138605117798
5394687488.0,-2.015714645385742
5395624960.0,-2.0180351734161377
5396562432.0,-2.0230443477630615
5397499904.0,-2.0272741317749023
5398437376.0,-2.0320546627044678
5399374848.0,-2.036609649658203
5400312320.0,-2.040248155593872
5401249792.0,-2.0441112518310547
5402187264.0,-2.046882152557373
5403125248.0,-2.050016403198242
5404062720.0,-2.051241874694824
5405000192.0,-2.051896810531616
5405937664.0,-2.19421124458313
5406875136.0,-2.1929876804351807
5407812608.0,-2.1876373291015625
5408750080.0,-2.179765224456787
5409687552.0,-2.1693837642669678
5410625024.0,-2.156320810317993
5411562496.0,-2.1405980587005615
5412499968.0,-2.121790885925293
5413437440.0,-2.1013588905334473
5414374912.0,-2.0768799781799316
5415312384.0,-2.0522472858428955
5416249856.0,-2.0245859622955322
5417187328.0,-1.995455026626587
5418124800.0,-1.9654566049575806
5419062272.0,-1.9326115846633911
5420000256.0,-1.9004148244857788
5420937728.0,-1.8684099912643433
5421875200.0,-1.8347668647766113
5422812672.0,-1.8016308546066284
5423750144.0,-1.769903540611267
5424687616.0,-1.7371225357055664
5425625088.0,-1.7056562900543213
5426562560.0,-1.6742440462112427
5427500032.0,-1.6440964937210083
5428437504.0,-1.6145223379135132
5429374976.0,-1.586923599243164
5430312448.0,-1.558521032333374
5431249920.0,-1.5323251485824585
5432187392.0,-1.5079514980316162
5433124864.0,-1.4830706119537354
5434062336.0,-1.4605706930160522
5434999808.0,-1.43919837474823
5435937280.0,-1.41848886013031
5436874752.0,-1.3989882469177246
5437812736.0,-1.3806138038635254
5438750208.0,-1.3641223907470703
5439687680.0,-1.349008560180664
5440625152.0,-1.3345015048980713
5441562624.0,-1.3213406801223755
5442500096.0,-1.3103212118148804
5443437568.0,-1.3019120693206787
5444375040.0,-1.2926362752914429
5445312512.0,-1.286961555480957
5446249984.0,-1.2816946506500244
5447187456.0,-1.278355360031128
5448124928.0,-1.278010606765747
5449062400.0,-1.278343677520752
5449999872.0,-1.2809948921203613
5450937344.0,-1.2841033935546875
5451874816.0,-1.2890852689743042
5452812288.0,-1.2958385944366455
5453749760.0,-1.3039677143096924
5454687744.0,-1.311616063117981
5455625216.0,-1.3219350576400757
5456562688.0,-1.3325575590133667
5457500160.0,-1.341712236404419
5458437632.0,-1.3526337146759033
5459375104.0,-1.3627105951309204
5460312576.0,-1.3730242252349854
5461250048.0,-1.3830145597457886
5462187520.0,-1.3934310674667358
5463124992.0,-1.4005203247070312
5464062464.0,-1.4074946641921997
5464999936.0,-1.4130918979644775
5465937408.0,-1.4214609861373901
5466874880.0,-1.4217168092727661
5467812352.0,-1.420060634613037
5468749824.0,-1.4165818691253662
5469687296.0,-1.4096845388412476
5470624768.0,-1.400896668434143
5471562752.0,-1.3908812999725342
5472500224.0,-1.3781201839447021
5473437696.0,-1.3621327877044678
5474375168.0,-1.3470218181610107
5475312640.0,-1.3274530172348022
5476250112.0,-1.3077912330627441
5477187584.0,-1.2853790521621704
5478125056.0,-1.2635680437088013
5479062528.0,-1.2394870519638062
5480000000.0,-1.2144664525985718
5480937472.0,-1.1880948543548584
5481874944.0,-1.1607215404510498
5482812416.0,-1.1330267190933228
5483749888.0,-1.106209635734558
5484687360.0,-1.0785201787948608
5485624832.0,-1.050079345703125
5486562304.0,-1.022089958190918
5487499776.0,-0.9961457848548889
5488437248.0,-0.9700309634208679
5489375232.0,-0.9437759518623352
5490312704.0,-0.9184954762458801
5491250176.0,-0.8948233127593994
5492187648.0,-0.8721119165420532
5493125120.0,-0.8500134944915771
5494062592.0,-0.8309119939804077
5495000064.0,-0.8129649758338928
5495937536.0,-0.7966346740722656
5496875008.0,-0.7825467586517334
5497812480.0,-0.7700088620185852
5498749952.0,-0.7599534392356873
5499687424.0,-0.7533515691757202
5500624896.0,-0.7485823035240173
5501562368.0,-0.7463266849517822
5502499840.0,-0.7474472522735596
5503437312.0,-0.7512158751487732
5504374784.0,-0.7581753134727478
5505312256.0,-0.7678688168525696
5506250240.0,-0.779812216758728
5507187712.0,-0.7953104376792908
5508125184.0,-0.8132274150848389
5509062656.0,-0.8329381346702576
5510000128.0,-0.8555582165718079
5510937600.0,-0.8807100057601929
5511875072.0,-0.9068317413330078
5512812544.0,-0.9365348815917969
5513750016.0,-0.9663333892822266
5514687488.0,-0.9975930452346802
5515624960.0,-1.0294175148010254
5516562432.0,-1.061754584312439
5517499904.0,-1.094793677330017
5518437376.0,-1.1267017126083374
5519374848.0,-1.1579251289367676
5520312320.0,-1.1864469051361084
5521249792.0,-1.2134665250778198
5522187264.0,-1.239060878753662
5523125248.0,-1.2618879079818726
5524062720.0,-1.2802811861038208
5525000192.0,-1.2963032722473145
5525937664.0,-1.1327861547470093
5526875136.0,-1.1387065649032593
5527812608.0,-1.1432048082351685
5528750080.0,-1.1451095342636108
5529687552.0,-1.1458717584609985
5530625024.0,-1.1438817977905273
5531562496.0,-1.140201210975647
5532499968.0,-1.13604736328125
5533437440.0,-1.1287683248519897
5534374912.0,-1.1213877201080322
5535312384.0,-1.1121333837509155
5536249856.0,-1.1019095182418823
5537187328.0,-1.0897737741470337
5538124800.0,-1.0768378973007202
5539062272.0,-1.0629535913467407
5539999744.0,-1.0479152202606201
5540937728.0,-1.0322041511535645
5541875200.0,-1.0166653394699097
5542812672.0,-1.0013470649719238
5543750144.0,-0.9847314953804016
5544687616.0,-0.9684104323387146
5545625088.0,-0.9520790576934814
5546562560.0,-0.9370692372322083
5547500032.0,-0.9223214983940125
5548437504.0,-0.9082697033882141
5549374976.0,-0.8951014876365662
5550312448.0,-0.8827773332595825
5551249920.0,-0.8712771534919739
5552187392.0,-0.8619013428688049
5553124864.0,-0.8540047407150269
5554062336.0,-0.8467319011688232
5554999808.0,-0.8421148061752319
5555937280.0,-0.8382065296173096
5556874752.0,-0.8387735486030579
5557812736.0,-0.8385310173034668
5558750208.0,-0.8420694470405579
5559687680.0,-0.8479171991348267
5560625152.0,-0.8565336465835571
5561562624.0,-0.8679395914077759
5562500096.0,-0.8827579021453857
5563437568.0,-0.8997897505760193
5564375040.0,-0.9193956851959229
5565312512.0,-0.9411845207214355
5566249984.0,-0.964478611946106
5567187456.0,-0.990848958492279
5568124928.0,-1.01845121383667
5569062400.0,-1.0464040040969849
5569999872.0,-1.0759021043777466
5570937344.0,-1.1064320802688599
5571874816.0,-1.1352133750915527
5572812288.0,-1.165863037109375
5573749760.0,-1.1950113773345947
5574687744.0,-1.2227250337600708
5575625216.0,-1.2489001750946045
5576562688.0,-1.2730275392532349
5577500160.0,-1.2943000793457031
5578437632.0,-1.3139030933380127
5579375104.0,-1.3307207822799683
5580312576.0,-1.346181869506836
5581250048.0,-1.3560298681259155
5582187520.0,-1.3643418550491333
5583124992.0,-1.3706105947494507
5584062464.0,-1.3742997646331787
5584999936.0,-1.3741049766540527
5585937408.0,-1.2958139181137085
5586874880.0,-1.3024325370788574
5587812352.0,-1.3080204725265503
5588749824.0,-1.3118702173233032
5589687296.0,-1.314695119857788
5590624768.0,-1.3169593811035156
5591562752.0,-1.3166075944900513
5592500224.0,-1.3174811601638794
5593437696.0,-1.3161976337432861
5594375168.0,-1.3142163753509521
5595312640.0,-1.3121044635772705
5596250112.0,-1.3088711500167847
5597187584.0,-1.3047733306884766
5598125056.0,-1.300551176071167
5599062528.0,-1.295188069343567
5600000000.0,-1.2894536256790161
5600937472.0,-1.2853180170059204
5601874944.0,-1.2794921398162842
5602812416.0,-1.2745763063430786
5603749888.0,-1.2676432132720947
5604687360.0,-1.2614481449127197
5605624832.0,-1.2554951906204224
5606562304.0,-1.2491364479064941
5607499776.0,-1.2431106567382812
5608437248.0,-1.2371273040771484
5609375232.0,-1.2321020364761353
5610312704.0,-1.2267735004425049
5611250176.0,-1.2197818756103516
5612187648.0,-1.2139989137649536
5613125120.0,-1.207161545753479
5614062592.0,-1.2014321088790894
5615000064.0,-1.1955581903457642
5615937536.0,-1.189340591430664
5616875008.0,-1.1845905780792236
5617812480.0,-1.1801327466964722
5618749952.0,-1.175691843032837
5619687424.0,-1.1721792221069336
5620624896.0,-1.1684587001800537
5621562368.0,-1.1653300523757935
5622499840.0,-1.163155198097229
5623437312.0,-1.1607426404953003
5624374784.0,-1.1594377756118774
5625312256.0,-1.1571639776229858
5626250240.0,-1.1566827297210693
5627187712.0,-1.1544815301895142
5628125184.0,-1.1520094871520996
5629062656.0,-1.1512843370437622
5630000128.0,-1.148918628692627
5630937600.0,-1.1476337909698486
5631875072.0,-1.1455962657928467
5632812544.0,-1.1435447931289673
5633750016.0,-1.1393413543701172
5634687488.0,-1.1355528831481934
5635624960.0,-1.1310465335845947
5636562432.0,-1.1250121593475342
5637499904.0,-1.117063045501709
5638437376.0,-1.109850287437439
5639374848.0,-1.100130319595337
5640312320.0,-1.091208815574646
5641249792.0,-1.0813707113265991
5642187264.0,-1.0716936588287354
5643125248.0,-1.0604870319366455
5644062720.0,-1.0507670640945435
5645000192.0,-1.0399447679519653
5645937664.0,-1.037177562713623
5646875136.0,-1.023984432220459
5647812608.0,-1.009760856628418
5648750080.0,-0.9933512806892395
5649687552.0,-0.9763641357421875
5650625024.0,-0.9587357044219971
5651562496.0,-0.9407716989517212
5652499968.0,-0.9207347631454468
5653437440.0,-0.9015147686004639
5654374912.0,-0.8810928463935852
5655312384.0,-0.8601502776145935
5656249856.0,-0.8394635319709778
5657187328.0,-0.8170998096466064
5658124800.0,-0.79523766040802
5659062272.0,-0.774127185344696
5660000256.0,-0.752951443195343
5660937728.0,-0.7316364645957947
5661875200.0,-0.7100287675857544
5662812672.0,-0.6897391676902771
5663750144.0,-0.670496940612793
5664687616.0,-0.651248037815094
5665625088.0,-0.6327801942825317
5666562560.0,-0.6172098517417908
5667500032.0,-0.6023430228233337
5668437504.0,-0.5881471037864685
5669374976.0,-0.5755332112312317
5670312448.0,-0.5648781657218933
5671249920.0,-0.554571807384491
5672187392.0,-0.5467324256896973
5673124864.0,-0.5399010181427002
5674062336.0,-0.5350545048713684
5674999808.0,-0.5306317210197449
5675937280.0,-0.5301592350006104
5676874752.0,-0.5298277139663696
5677812736.0,-0.5308161973953247
5678750208.0,-0.5322154760360718
5679687680.0,-0.5342900156974792
5680625152.0,-0.5384156703948975
5681562624.0,-0.5419127941131592
5682500096.0,-0.545846700668335
5683437568.0,-0.549994945526123
5684375040.0,-0.5535062551498413
5685312512.0,-0.5570237040519714
5686249984.0,-0.559244692325592
5687187456.0,-0.5627241134643555
5688124928.0,-0.5636215806007385
5689062400.0,-0.5657851696014404
5689999872.0,-0.5657443404197693
5690937344.0,-0.5648819208145142
5691874816.0,-0.562083899974823
5692812288.0,-0.5586845278739929
5693749760.0,-0.5517289638519287
5694687744.0,-0.5455361604690552
5695625216.0,-0.5372850894927979
5696562688.0,-0.5263145565986633
5697500160.0,-0.5142627358436584
5698437632.0,-0.5014046430587769
5699375104.0,-0.48793789744377136
5700312576.0,-0.4738543927669525
5701250048.0,-0.4588789641857147
5702187520.0,-0.4436003267765045
5703124992.0,-0.4303082227706909
5704062464.0,-0.41664212942123413
5704999936.0,-0.40345072746276855
5705937408.0,-0.3711819648742676
5706874880.0,-0.3699758052825928
5707812352.0,-0.3694031834602356
5708749824.0,-0.36801761388778687
5709687296.0,-0.36713364720344543
5710624768.0,-0.3668352961540222
5711562752.0,-0.36435914039611816
5712500224.0,-0.3640825152397156
5713437696.0,-0.36328399181365967
5714375168.0,-0.3621821105480194
5715312640.0,-0.3602846562862396
5716250112.0,-0.35857370495796204
5717187584.0,-0.35367530584335327
5718125056.0,-0.3499484062194824
5719062528.0,-0.34357157349586487
5720000000.0,-0.33802470564842224
5720937472.0,-0.33018505573272705
5721874944.0,-0.3233908712863922
5722812416.0,-0.3154190480709076
5723749888.0,-0.3064778745174408
5724687360.0,-0.29899635910987854
5725624832.0,-0.2894628345966339
5726562304.0,-0.2805604040622711
5727499776.0,-0.27270472049713135
5728437248.0,-0.2656535804271698
5729375232.0,-0.2584698498249054
5730312704.0,-0.25258585810661316
5731250176.0,-0.248286634683609
5732187648.0,-0.2452230006456375
5733125120.0,-0.2427840679883957
5734062592.0,-0.24395295977592468
5735000064.0,-0.24635180830955505
5735937536.0,-0.2515556812286377
5736875008.0,-0.2575609087944031
5737812480.0,-0.26764607429504395
5738749952.0,-0.2788344621658325
5739687424.0,-0.2901383936405182
5740624896.0,-0.3028991222381592
5741562368.0,-0.3160367012023926
5742499840.0,-0.3294321894645691
5743437312.0,-0.3422442376613617
5744374784.0,-0.3545547127723694
5745312256.0,-0.36580348014831543
5746250240.0,-0.3762207627296448
5747187712.0,-0.38085952401161194
5748125184.0,-0.3856845498085022
5749062656.0,-0.38716351985931396
5750000128.0,-0.3873712420463562
5750937600.0,-0.38380518555641174
5751875072.0,-0.3805364668369293
5752812544.0,-0.3743194341659546
5753750016.0,-0.36775562167167664
5754687488.0,-0.35991913080215454
5755624960.0,-0.35283735394477844
5756562432.0,-0.34413373470306396
5757499904.0,-0.33568820357322693
5758437376.0,-0.32829439640045166
5759374848.0,-0.32133808732032776
5760312320.0,-0.3151037395000458
5761249792.0,-0.3098030090332031
5762187264.0,-0.3057086169719696
5763125248.0,-0.3029384911060333
5764062720.0,-0.29812538623809814
5765000192.0,-0.2950972616672516
5765937664.0,-0.21646501123905182
5766875136.0,-0.2205812782049179
5767812608.0,-0.22411075234413147
5768750080.0,-0.22899752855300903
5769687552.0,-0.23378486931324005
5770625024.0,-0.23986168205738068
5771562496.0,-0.2463291585445404
5772499968.0,-0.25279173254966736
5773437440.0,-0.25950732827186584
5774374912.0,-0.26630720496177673
5775312384.0,-0.2746589779853821
5776249856.0,-0.2815524637699127
5777187328.0,-0.289617121219635
5778124800.0,-0.29632434248924255
5779062272.0,-0.30365675687789917
5779999744.0,-0.31144559383392334
5780937728.0,-0.3171793520450592
5781875200.0,-0.32402652502059937
5782812672.0,-0.3305172324180603
5783750144.0,-0.33574607968330383
5784687616.0,-0.3405815064907074
5785625088.0,-0.3452865779399872
5786562560.0,-0.3486568331718445
5787500032.0,-0.3523002862930298
5788437504.0,-0.3531924784183502
5789374976.0,-0.3528503179550171
5790312448.0,-0.35223954916000366
5791249920.0,-0.34868887066841125
5792187392.0,-0.3455756902694702
5793124864.0,-0.34185895323753357
5794062336.0,-0.3367888927459717
5794999808.0,-0.33073440194129944
5795937280.0,-0.3244032859802246
5796874752.0,-0.31659671664237976
5797812736.0,-0.30791839957237244
5798750208.0,-0.29843857884407043
5799687680.0,-0.28963416814804077
5800625152.0,-0.2786352336406708
5801562624.0,-0.26700007915496826
5802500096.0,-0.25481143593788147
5803437568.0,-0.24125181138515472
5804375040.0,-0.22800828516483307
5805312512.0,-0.21435938775539398
5806249984.0,-0.19893893599510193
5807187456.0,-0.18569129705429077
5808124928.0,-0.1704760193824768
5809062400.0,-0.1539430171251297
5809999872.0,-0.13954055309295654
5810937344.0,-0.1240038201212883
5811874816.0,-0.10927373170852661
5812812288.0,-0.09415728598833084
5813749760.0,-0.07876374572515488
5814687744.0,-0.0651012510061264
5815625216.0,-0.05133010819554329
5816562688.0,-0.03828982263803482
5817500160.0,-0.02552361786365509
5818437632.0,-0.014685814268887043
5819375104.0,-0.0029510529711842537
5820312576.0,0.007117895875126123
5821250048.0,0.016124116256833076
5822187520.0,0.025582078844308853
5823124992.0,0.03352704644203186
5824062464.0,0.040371861308813095
5824999936.0,0.04774369299411774
5825937408.0,-0.13531792163848877
5826874880.0,-0.1417534053325653
5827812352.0,-0.14403411746025085
5828749824.0,-0.146932452917099
5829687296.0,-0.14767420291900635
5830624768.0,-0.14706040918827057
5831562752.0,-0.1453132927417755
5832500224.0,-0.14367370307445526
5833437696.0,-0.14106816053390503
5834375168.0,-0.13676820695400238
5835312640.0,-0.13384492695331573
5836250112.0,-0.12952902913093567
5837187584.0,-0.12511321902275085
5838125056.0,-0.12304088473320007
5839062528.0,-0.12004794925451279
5840000000.0,-0.1197408139705658
5840937472.0,-0.12128980457782745
5841874944.0,-0.12370936572551727
5842812416.0,-0.12528669834136963
5843749888.0,-0.1293524205684662
5844687360.0,-0.13359597325325012
5845624832.0,-0.13968390226364136
5846562304.0,-0.1443004161119461
5847499776.0,-0.15342776477336884
5848437248.0,-0.16130882501602173
5849375232.0,-0.17103704810142517
5850312704.0,-0.1810629963874817
5851250176.0,-0.19090987741947174
5852187648.0,-0.20220082998275757
5853125120.0,-0.2113528996706009
5854062592.0,-0.22174516320228577
5855000064.0,-0.23119865357875824
5855937536.0,-0.2401943802833557
5856875008.0,-0.24900566041469574
5857812480.0,-0.2563156187534332
5858749952.0,-0.2612727880477905
5859687424.0,-0.2654024064540863
5860624896.0,-0.26757484674453735
5861562368.0,-0.267910897731781
5862499840.0,-0.26667922735214233
5863437312.0,-0.2632829248905182
5864374784.0,-0.25775399804115295
5865312256.0,-0.25110018253326416
5866250240.0,-0.2437414675951004
5867187712.0,-0.23419207334518433
5868125184.0,-0.22255916893482208
5869062656.0,-0.2110806554555893
5870000128.0,-0.1971440315246582
5870937600.0,-0.184488445520401
5871875072.0,-0.17010484635829926
5872812544.0,-0.15771593153476715
5873750016.0,-0.14537708461284637
5874687488.0,-0.13388243317604065
5875624960.0,-0.12337075173854828
5876562432.0,-0.1158204898238182
5877499904.0,-0.10880804806947708
5878437376.0,-0.10393858700990677
5879374848.0,-0.10104594379663467
5880312320.0,-0.09981569647789001
5881249792.0,-0.10097676515579224
5882187264.0,-0.10490628331899643
5883125248.0,-0.10904170572757721
5884062720.0,-0.11592916399240494
5885000192.0,-0.12439512461423874
5885937664.0,-0.06472136080265045
5886875136.0,-0.06890605390071869
5887812608.0,-0.07368069142103195
5888750080.0,-0.08025147020816803
5889687552.0,-0.08684441447257996
5890625024.0,-0.09375268220901489
5891562496.0,-0.10174129158258438
5892499968.0,-0.10886584967374802
5893437440.0,-0.11669853329658508
5894374912.0,-0.12440257519483566
5895312384.0,-0.13324116170406342
5896249856.0,-0.14246004819869995
5897187328.0,-0.1512158364057541
5898124800.0,-0.16021548211574554
5899062272.0,-0.16945679485797882
5900000256.0,-0.17812839150428772
5900937728.0,-0.18719255924224854
5901875200.0,-0.1961354911327362
5902812672.0,-0.20465950667858124
5903750144.0,-0.21365059912204742
5904687616.0,-0.2241498827934265
5905625088.0,-0.23313699662685394
5906562560.0,-0.24267373979091644
5907500032.0,-0.2505274713039398
5908437504.0,-0.25904759764671326
5909374976.0,-0.2670910954475403
5910312448.0,-0.275381475687027
5911249920.0,-0.28303998708724976
5912187392.0,-0.2906637191772461
5913124864.0,-0.29794424772262573
5914062336.0,-0.3052455484867096
5914999808.0,-0.31112387776374817
5915937280.0,-0.31668466329574585
5916874752.0,-0.32118022441864014
5917812736.0,-0.32507890462875366
5918750208.0,-0.3275497555732727
5919687680.0,-0.33000612258911133
5920625152.0,-0.3306411802768707
5921562624.0,-0.3319309949874878
5922500096.0,-0.33008721470832825
5923437568.0,-0.3302149176597595
5924375040.0,-0.3262576460838318
5925312512.0,-0.32172656059265137
5926249984.0,-0.31725919246673584
5927187456.0,-0.31101730465888977
5928124928.0,-0.3043311834335327
5929062400.0,-0.2953168451786041
5929999872.0,-0.2841673493385315
5930937344.0,-0.27339407801628113
5931874816.0,-0.2600962817668915
5932812288.0,-0.24540361762046814
5933749760.0,-0.23044487833976746
5934687744.0,-0.21347124874591827
5935625216.0,-0.19663932919502258
5936562688.0,-0.17965294420719147
5937500160.0,-0.16080032289028168
5938437632.0,-0.14139272272586823
5939375104.0,-0.12335479259490967
5940312576.0,-0.10527745634317398
5941250048.0,-0.08749615401029587
5942187520.0,-0.06882143765687943
5943124992.0,-0.052322521805763245
5944062464.0,-0.037401553243398666
5944999936.0,-0.023526908829808235
5945937408.0,-0.12515795230865479
5946874880.0,-0.13310310244560242
5947812352.0,-0.14431056380271912
5948749824.0,-0.15547239780426025
5949687296.0,-0.1692330241203308
5950624768.0,-0.18382993340492249
5951562752.0,-0.19970139861106873
5952500224.0,-0.2171376794576645
5953437696.0,-0.23546285927295685
5954375168.0,-0.25507429242134094
5955312640.0,-0.27580514550209045
5956250112.0,-0.29493266344070435
5957187584.0,-0.314344584941864
5958125056.0,-0.3333536386489868
5959062528.0,-0.3532942831516266
5960000000.0,-0.3711870312690735
5960937472.0,-0.3872075080871582
5961874944.0,-0.403863787651062
5962812416.0,-0.4193975031375885
5963749888.0,-0.4311978220939636
5964687360.0,-0.4399179518222809
5965624832.0,-0.44581130146980286
5966562304.0,-0.45057594776153564
5967499776.0,-0.4505217969417572
5968437248.0,-0.44766175746917725
5969375232.0,-0.44101470708847046
5970312704.0,-0.4325459599494934
5971250176.0,-0.4202641248703003
5972187648.0,-0.40549248456954956
5973125120.0,-0.3870221972465515
5974062592.0,-0.36717066168785095
5975000064.0,-0.34620803594589233
5975937536.0,-0.32218480110168457
5976875008.0,-0.29786747694015503
5977812480.0,-0.2735704183578491
5978749952.0,-0.2474023997783661
5979687424.0,-0.22344841063022614
5980624896.0,-0.20048515498638153
5981562368.0,-0.17833922803401947
5982499840.0,-0.1583506315946579
5983437312.0,-0.13843709230422974
5984374784.0,-0.12236956506967545
5985312256.0,-0.1084560826420784
5986250240.0,-0.09747108817100525
5987187712.0,-0.08928468823432922
5988125184.0,-0.08301251381635666
5989062656.0,-0.0808064416050911
5990000128.0,-0.07935957610607147
5990937600.0,-0.07965759932994843
5991875072.0,-0.08321261405944824
5992812544.0,-0.08827472478151321
5993750016.0,-0.09433665871620178
5994687488.0,-0.10107490420341492
5995624960.0,-0.10854852199554443
5996562432.0,-0.11752061545848846
5997499904.0,-0.1263282597064972
5998437376.0,-0.1361541599035263
5999374848.0,-0.14435575902462006
6000312320.0,-0.1533837467432022
6001249792.0,-0.1621788591146469
6002187264.0,-0.1687486171722412
6003125248.0,-0.1756332665681839
6004062720.0,-0.1807844489812851
6005000192.0,-0.1406889110803604
6005937664.0,-0.14668554067611694
6006875136.0,-0.15465345978736877
6007812608.0,-0.16314278542995453
6008750080.0,-0.1722332090139389
6009687552.0,-0.182061567902565
6010625024.0,-0.19179163873195648
6011562496.0,-0.2029588222503662
6012499968.0,-0.21460174024105072
6013437440.0,-0.2280360460281372
6014374912.0,-0.24158181250095367
6015312384.0,-0.25653529167175293
6016249856.0,-0.2694530487060547
6017187328.0,-0.283718079328537
6018124800.0,-0.2980964481830597
6019062272.0,-0.3108927607536316
6019999744.0,-0.32399627566337585
6020937728.0,-0.3352232575416565
6021875200.0,-0.34747079014778137
6022812672.0,-0.3570876121520996
6023750144.0,-0.36803320050239563
6024687616.0,-0.37598252296447754
6025625088.0,-0.383209228515625
6026562560.0,-0.3899383544921875
6027500032.0,-0.39329540729522705
6028437504.0,-0.39569714665412903
6029374976.0,-0.39579612016677856
6030312448.0,-0.39522719383239746
6031249920.0,-0.3905809819698334
6032187392.0,-0.3863150179386139
6033124864.0,-0.37913066148757935
6034062336.0,-0.37132740020751953
6034999808.0,-0.362507164478302
6035937280.0,-0.35238540172576904
6036874752.0,-0.3404345214366913
6037812736.0,-0.32978054881095886
6038750208.0,-0.31870636343955994
6039687680.0,-0.30728909373283386
6040625152.0,-0.29551762342453003
6041562624.0,-0.28310921788215637
6042500096.0,-0.27236393094062805
6043437568.0,-0.2613416612148285
6044375040.0,-0.25156334042549133
6045312512.0,-0.24262754619121552
6046249984.0,-0.2364272028207779
6047187456.0,-0.22941774129867554
6048124928.0,-0.22329452633857727
6049062400.0,-0.2179129719734192
6049999872.0,-0.21470415592193604
6050937344.0,-0.2113487422466278
6051874816.0,-0.2094021886587143
6052812288.0,-0.20867541432380676
6053749760.0,-0.20823071897029877
6054687744.0,-0.2084893137216568
6055625216.0,-0.2098150998353958
6056562688.0,-0.2133752554655075
6057500160.0,-0.2163444459438324
6058437632.0,-0.2195754051208496
6059375104.0,-0.22290796041488647
6060312576.0,-0.2277306616306305
6061250048.0,-0.23164638876914978
6062187520.0,-0.23741289973258972
6063124992.0,-0.2420949786901474
6064062464.0,-0.24747049808502197
6064999936.0,-0.1469203531742096
6065937408.0,-0.16634094715118408
6066874880.0,-0.18803077936172485
6067812352.0,-0.20827201008796692
6068749824.0,-0.22898413240909576
6069687296.0,-0.25107985734939575
6070624768.0,-0.2695137560367584
6071562752.0,-0.29039591550827026
6072500224.0,-0.3097374141216278
6073437696.0,-0.3271586298942566
6074375168.0,-0.3443187475204468
6075312640.0,-0.36194756627082825
6076250112.0,-0.3766671419143677
6077187584.0,-0.3893187642097473
6078125056.0,-0.4022728204727173
6079062528.0,-0.4143525958061218
6080000000.0,-0.4241560399532318
6080937472.0,-0.432431161403656
6081874944.0,-0.4396969676017761
6082812416.0,-0.4448854327201843
6083749888.0,-0.4479467272758484
6084687360.0,-0.45000579953193665
6085624832.0,-0.4504784941673279
6086562304.0,-0.4497322142124176
6087499776.0,-0.44800394773483276
6088437248.0,-0.4450012147426605
6089375232.0,-0.44097861647605896
6090312704.0,-0.4351680278778076
6091250176.0,-0.4280562400817871
6092187648.0,-0.4197162985801697
6093125120.0,-0.4101988971233368
6094062592.0,-0.3989388346672058
6095000064.0,-0.3877211809158325
6095937536.0,-0.3748244345188141
6096875008.0,-0.36313727498054504
6097812480.0,-0.34957507252693176
6098749952.0,-0.3358329236507416
6099687424.0,-0.32143282890319824
6100624896.0,-0.3061005175113678
6101562368.0,-0.2911921739578247
6102499840.0,-0.2767169773578644
6103437312.0,-0.26171937584877014
6104374784.0,-0.24572516977787018
6105312256.0,-0.23084327578544617
6106250240.0,-0.21600688993930817
6107187712.0,-0.202432781457901
6108125184.0,-0.1875443309545517
6109062656.0,-0.17345470190048218
6110000128.0,-0.16077443957328796
6110937600.0,-0.14797574281692505
6111875072.0,-0.13526535034179688
6112812544.0,-0.12341056764125824
6113750016.0,-0.11254317313432693
6114687488.0,-0.10283049941062927
6115624960.0,-0.09280312806367874
6116562432.0,-0.08597928285598755
6117499904.0,-0.07925602793693542
6118437376.0,-0.07507739216089249
6119374848.0,-0.07372760772705078
6120312320.0,-0.07335754483938217
6121249792.0,-0.07438751310110092
6122187264.0,-0.0761624276638031
6123125248.0,-0.08157063275575638
6124062720.0,-0.08794765174388885
6125000192.0,-0.14106807112693787
6125937664.0,-0.15544360876083374
6126875136.0,-0.17034991085529327
6127812608.0,-0.18553391098976135
6128750080.0,-0.20270614326000214
6129687552.0,-0.21727612614631653
6130625024.0,-0.23446668684482574
6131562496.0,-0.25081199407577515
6132499968.0,-0.2667902410030365
6133437440.0,-0.28315961360931396
6134374912.0,-0.3002883791923523
6135312384.0,-0.3169976472854614
6136249856.0,-0.3312513530254364
6137187328.0,-0.3471641540527344
6138124800.0,-0.3621739149093628
6139062272.0,-0.3759811222553253
6140000256.0,-0.38905254006385803
6140937728.0,-0.4011329710483551
6141875200.0,-0.4111102819442749
6142812672.0,-0.4201578199863434
6143750144.0,-0.4290938377380371
6144687616.0,-0.43896162509918213
6145625088.0,-0.44596847891807556
6146562560.0,-0.4525931179523468
6147500032.0,-0.45573458075523376
6148437504.0,-0.4588010013103485
6149374976.0,-0.45986974239349365
6150312448.0,-0.4596368968486786
6151249920.0,-0.45694729685783386
6152187392.0,-0.45367753505706787
6153124864.0,-0.44673100113868713
6154062336.0,-0.44039386510849
6154999808.0,-0.4327722489833832
6155937280.0,-0.42335444688796997
6156874752.0,-0.41164302825927734
6157812736.0,-0.4007309377193451
6158750208.0,-0.38840410113334656
6159687680.0,-0.37497884035110474
6160625152.0,-0.3607773780822754
6161562624.0,-0.3470904529094696
6162500096.0,-0.3325836956501007
6163437568.0,-0.31823766231536865
6164375040.0,-0.30475080013275146
6165312512.0,-0.2900138795375824
6166249984.0,-0.27529850602149963
6167187456.0,-0.2619432508945465
6168124928.0,-0.248656764626503
6169062400.0,-0.23499375581741333
6169999872.0,-0.21975161135196686
6170937344.0,-0.2063366174697876
6171874816.0,-0.1925089955329895
6172812288.0,-0.17930835485458374
6173749760.0,-0.1675916463136673
6174687744.0,-0.15806904435157776
6175625216.0,-0.14819024503231049
6176562688.0,-0.13862347602844238
6177500160.0,-0.13048970699310303
6178437632.0,-0.1245364397764206
6179375104.0,-0.1190563291311264
6180312576.0,-0.1153438538312912
6181250048.0,-0.11426537483930588
6182187520.0,-0.11415853351354599
6183124992.0,-0.11525866389274597
6184062464.0,-0.11810266971588135
6184999936.0,-0.2640290856361389
6185937408.0,-0.27919432520866394
6186874880.0,-0.2953091561794281
6187812352.0,-0.31163033843040466
6188749824.0,-0.3281232416629791
6189687296.0,-0.34421613812446594
6190624768.0,-0.3615259528160095
6191562752.0,-0.37726062536239624
6192500224.0,-0.39210355281829834
6193437696.0,-0.40661004185676575
6194375168.0,-0.41953226923942566
6195312640.0,-0.43020009994506836
6196250112.0,-0.4387223720550537
6197187584.0,-0.446818083524704
6198125056.0,-0.45358261466026306
6199062528.0,-0.4586377739906311
6200000000.0,-0.4624263048171997
6200937472.0,-0.46543216705322266
6201874944.0,-0.4669712483882904
6202812416.0,-0.46953946352005005
6203749888.0,-0.4712427258491516
6204687360.0,-0.472732812166214
6205624832.0,-0.47449055314064026
6206562304.0,-0.4775683879852295
6207499776.0,-0.48253217339515686
6208437248.0,-0.4886096715927124
6209375232.0,-0.4961199164390564
6210312704.0,-0.5050000548362732
6211250176.0,-0.5130185484886169
6212187648.0,-0.5211521983146667
6213125120.0,-0.5283476114273071
6214062592.0,-0.5344933867454529
6215000064.0,-0.5355383157730103
6215937536.0,-0.5309360027313232
6216875008.0,-0.5247295498847961
6217812480.0,-0.5168378949165344
6218749952.0,-0.5080021023750305
6219687424.0,-0.49718204140663147
6220624896.0,-0.4856501817703247
6221562368.0,-0.4724022150039673
6222499840.0,-0.45928141474723816
6223437312.0,-0.4455685317516327
6224374784.0,-0.4338417649269104
6225312256.0,-0.4225490987300873
6226250240.0,-0.41079410910606384
6227187712.0,-0.4000743329524994
6228125184.0,-0.3905535340309143
6229062656.0,-0.38118234276771545
6230000128.0,-0.3740466833114624
6230937600.0,-0.365852028131485
6231875072.0,-0.35983574390411377
6232812544.0,-0.3521154522895813
6233750016.0,-0.34590259194374084
6234687488.0,-0.34061989188194275
6235624960.0,-0.33370527625083923
6236562432.0,-0.32726457715034485
6237499904.0,-0.3212532699108124
6238437376.0,-0.3136521875858307
6239374848.0,-0.30581116676330566
6240312320.0,-0.2982821464538574
6241249792.0,-0.29022955894470215
6242187264.0,-0.282463401556015
6243125248.0,-0.2753973603248596
6244062720.0,-0.2702849209308624
6245000192.0,-0.41993245482444763
6245937664.0,-0.42157116532325745
6246875136.0,-0.4238603115081787
6247812608.0,-0.4289071261882782
6248750080.0,-0.43686938285827637
6249687552.0,-0.44391271471977234
6250625024.0,-0.45489048957824707
6251562496.0,-0.4680512845516205
6252499968.0,-0.48341578245162964
6253437440.0,-0.5019067525863647
6254374912.0,-0.5215721130371094
6255312384.0,-0.544956386089325
6256249856.0,-0.5699752569198608
6257187328.0,-0.5957586169242859
6258124800.0,-0.6234741806983948
6259062272.0,-0.650833785533905
6259999744.0,-0.6791226863861084
6260937728.0,-0.706205427646637
6261875200.0,-0.7339125871658325
6262812672.0,-0.7588355541229248
6263750144.0,-0.7823338508605957
6264687616.0,-0.802700400352478
6265625088.0,-0.8228369951248169
6266562560.0,-0.8402321338653564
6267500032.0,-0.8536950349807739
6268437504.0,-0.8645999431610107
6269374976.0,-0.8718987703323364
6270312448.0,-0.8753603100776672
6271249920.0,-0.8754109740257263
6272187392.0,-0.8726747035980225
6273124864.0,-0.8656551837921143
6274062336.0,-0.8558664321899414
6274999808.0,-0.8420085906982422
6275937280.0,-0.8261678814888
6276874752.0,-0.8069522380828857
6277812736.0,-0.7855737209320068
6278750208.0,-0.7604129314422607
6279687680.0,-0.7336544394493103
6280625152.0,-0.7063925862312317
6281562624.0,-0.6770411133766174
6282500096.0,-0.6470931172370911
6283437568.0,-0.6160666942596436
6284375040.0,-0.5850666165351868
6285312512.0,-0.5544983744621277
6286249984.0,-0.5249754786491394
6287187456.0,-0.4964922070503235
6288124928.0,-0.46756744384765625
6289062400.0,-0.44192567467689514
6289999872.0,-0.41682955622673035
6290937344.0,-0.39476317167282104
6291874816.0,-0.37315231561660767
6292812288.0,-0.3545222878456116
6293749760.0,-0.3395059406757355
6294687744.0,-0.3264567255973816
6295625216.0,-0.3157029151916504
6296562688.0,-0.31309974193573
6297500160.0,-0.3130292296409607
6298437632.0,-0.3160302937030792
6299375104.0,-0.3225965201854706
6300312576.0,-0.33081865310668945
6301250048.0,-0.34307703375816345
6302187520.0,-0.3580376207828522
6303124992.0,-0.3740050494670868
6304062464.0,-0.3922136425971985
6304999936.0,-0.5314863324165344
6305937408.0,-0.5523810386657715
6306874880.0,-0.5734948515892029
6307812352.0,-0.5965197086334229
6308749824.0,-0.6199514865875244
6309687296.0,-0.6457205414772034
6310624768.0,-0.6698616147041321
6311562752.0,-0.6947545409202576
6312500224.0,-0.7204232811927795
6313437696.0,-0.7452363967895508
6314375168.0,-0.7700413465499878
6315312640.0,-0.7958534359931946
6316250112.0,-0.8212043642997742
6317187584.0,-0.8435880541801453
6318125056.0,-0.8654152750968933
6319062528.0,-0.886722981929779
6320000000.0,-0.9056321382522583
6320937472.0,-0.9212668538093567
6321874944.0,-0.9375760555267334
6322812416.0,-0.9512067437171936
6323749888.0,-0.9610996842384338
6324687360.0,-0.9691042304039001
6325624832.0,-0.9748000502586365
6326562304.0,-0.9772091507911682
6327499776.0,-0.9766231775283813
6328437248.0,-0.9729756116867065
6329375232.0,-0.9671037197113037
6330312704.0,-0.9593380093574524
6331250176.0,-0.9487346410751343
6332187648.0,-0.9366033673286438
6333125120.0,-0.9218791127204895
6334062592.0,-0.9062314033508301
6335000064.0,-0.8899252414703369
6335937536.0,-0.8722503185272217
6336875008.0,-0.8537102341651917
6337812480.0,-0.8347263932228088
6338749952.0,-0.812789797782898
6339687424.0,-0.7909053564071655
6340624896.0,-0.7681115865707397
6341562368.0,-0.7450495362281799
6342499840.0,-0.7229653000831604
6343437312.0,-0.6998308897018433
6344374784.0,-0.67714524269104
6345312256.0,-0.6558683514595032
6346250240.0,-0.6350630521774292
6347187712.0,-0.613080620765686
6348125184.0,-0.5919708013534546
6349062656.0,-0.5723593831062317
6350000128.0,-0.5542126893997192
6350937600.0,-0.537543773651123
6351875072.0,-0.5225005745887756
6352812544.0,-0.5105604529380798
6353750016.0,-0.49991944432258606
6354687488.0,-0.49174636602401733
6355624960.0,-0.48505887389183044
6356562432.0,-0.48115774989128113
6357499904.0,-0.48076096177101135
6358437376.0,-0.48271194100379944
6359374848.0,-0.4874715507030487
6360312320.0,-0.49423620104789734
6361249792.0,-0.5034829378128052
6362187264.0,-0.5160712599754333
6363125248.0,-0.5316259264945984
6364062720.0,-0.549750030040741
6365000192.0,-0.8244208693504333
6365937664.0,-0.8313460946083069
6366875136.0,-0.8385554552078247
6367812608.0,-0.8462681770324707
6368750080.0,-0.8546344041824341
6369687552.0,-0.8629326224327087
6370625024.0,-0.8705202341079712
6371562496.0,-0.8808271884918213
6372499968.0,-0.8888286352157593
6373437440.0,-0.8968119025230408
6374374912.0,-0.9059141874313354
6375312384.0,-0.914176881313324
6376249856.0,-0.9235699772834778
6377187328.0,-0.9317206740379333
6378124800.0,-0.940565288066864
6379062272.0,-0.9478991627693176
6380000256.0,-0.954987108707428
6380937728.0,-0.9617984294891357
6381875200.0,-0.9685251116752625
6382812672.0,-0.9723706245422363
6383750144.0,-0.9780116677284241
6384687616.0,-0.9844951629638672
6385625088.0,-0.9884113073348999
6386562560.0,-0.9920284748077393
6387500032.0,-0.9955594539642334
6388437504.0,-0.9976453185081482
6389374976.0,-1.0012601613998413
6390312448.0,-1.0028053522109985
6391249920.0,-1.004435658454895
6392187392.0,-1.0051887035369873
6393124864.0,-1.0045853853225708
6394062336.0,-1.0030468702316284
6394999808.0,-1.0028308629989624
6395937280.0,-1.000590443611145
6396874752.0,-0.9976040720939636
6397812736.0,-0.9952610731124878
6398750208.0,-0.9923596382141113
6399687680.0,-0.9888477325439453
6400625152.0,-0.9858303070068359
6401562624.0,-0.9830236434936523
6402500096.0,-0.9796392321586609
6403437568.0,-0.9791306853294373
6404375040.0,-0.9778851866722107
6405312512.0,-0.9795216917991638
6406249984.0,-0.9808386564254761
6407187456.0,-0.9821838736534119
6408124928.0,-0.9858042597770691
6409062400.0,-0.988666832447052
6409999872.0,-0.9921332001686096
6410937344.0,-0.9973117113113403
6411874816.0,-1.0030155181884766
6412812288.0,-1.0075560808181763
6413749760.0,-1.014492392539978
6414687744.0,-1.0213677883148193
6415625216.0,-1.0280356407165527
6416562688.0,-1.0371787548065186
6417500160.0,-1.045243263244629
6418437632.0,-1.0545501708984375
6419375104.0,-1.0640579462051392
6420312576.0,-1.0732147693634033
6421250048.0,-1.0810072422027588
6422187520.0,-1.0887640714645386
6423124992.0,-1.0934456586837769
6424062464.0,-1.095947027206421
6424999936.0,-1.1128251552581787
6425937408.0,-1.1260790824890137
6426874880.0,-1.136513352394104
6427812352.0,-1.1457316875457764
6428749824.0,-1.1538857221603394
6429687296.0,-1.1610180139541626
6430624768.0,-1.1663365364074707
6431562752.0,-1.1696895360946655
6432500224.0,-1.172005295753479
6433437696.0,-1.1727343797683716
6434375168.0,-1.1717777252197266
6435312640.0,-1.1685799360275269
6436250112.0,-1.1648387908935547
6437187584.0,-1.1592859029769897
6438125056.0,-1.1532018184661865
6439062528.0,-1.1440038681030273
6440000000.0,-1.1349800825119019
6440937472.0,-1.125678300857544
6441874944.0,-1.114086389541626
6442812416.0,-1.1030386686325073
6443749888.0,-1.0903711318969727
6444687360.0,-1.0775022506713867
6445624832.0,-1.065366506576538
6446562304.0,-1.0531588792800903
6447499776.0,-1.0400726795196533
6448437248.0,-1.0269635915756226
6449375232.0,-1.0161598920822144
6450312704.0,-1.0064809322357178
6451250176.0,-0.9951862096786499
6452187648.0,-0.9857994318008423
6453125120.0,-0.9775210618972778
6454062592.0,-0.9698308706283569
6455000064.0,-0.962914228439331
6455937536.0,-0.9548452496528625
6456875008.0,-0.9503591656684875
6457812480.0,-0.9438151717185974
6458749952.0,-0.939988374710083
6459687424.0,-0.9358456134796143
6460624896.0,-0.931089460849762
6461562368.0,-0.9277824759483337
6462499840.0,-0.9240925908088684
6463437312.0,-0.9208766222000122
6464374784.0,-0.9172027707099915
6465312256.0,-0.9129365682601929
6466250240.0,-0.9092087745666504
6467187712.0,-0.905605137348175
6468125184.0,-0.901626467704773
6469062656.0,-0.8961127400398254
6470000128.0,-0.8914995193481445
6470937600.0,-0.887493908405304
6471875072.0,-0.8822720050811768
6472812544.0,-0.8776735663414001
6473750016.0,-0.8732382655143738
6474687488.0,-0.869055986404419
6475624960.0,-0.8657213449478149
6476562432.0,-0.8609040975570679
6477499904.0,-0.8566265106201172
6478437376.0,-0.8514119982719421
6479374848.0,-0.8468050956726074
6480312320.0,-0.8453154563903809
6481249792.0,-0.8422896862030029
6482187264.0,-0.8396551609039307
6483125248.0,-0.8386124968528748
6484062720.0,-0.8394669890403748
6485000192.0,-0.9418694376945496
6485937664.0,-0.9497119784355164
6486875136.0,-0.9574798941612244
6487812608.0,-0.9646355509757996
6488750080.0,-0.9718456864356995
6489687552.0,-0.980254054069519
6490625024.0,-0.9874572157859802
6491562496.0,-0.9935354590415955
6492499968.0,-1.0011266469955444
6493437440.0,-1.0051244497299194
6494374912.0,-1.0097893476486206
6495312384.0,-1.0153791904449463
6496249856.0,-1.0187586545944214
6497187328.0,-1.0216524600982666
6498124800.0,-1.0239193439483643
6499062272.0,-1.024807095527649
6499999744.0,-1.0234425067901611
6500937728.0,-1.0225365161895752
6501875200.0,-1.019808053970337
6502812672.0,-1.0155811309814453
6503750144.0,-1.009667158126831
6504687616.0,-1.00283944606781
6505625088.0,-0.9956707954406738
6506562560.0,-0.987066924571991
6507500032.0,-0.9783925414085388
6508437504.0,-0.9678249955177307
6509374976.0,-0.9574230313301086
6510312448.0,-0.9466918110847473
6511249920.0,-0.9347137808799744
6512187392.0,-0.9226870536804199
6513124864.0,-0.9091925621032715
6514062336.0,-0.8975749611854553
6514999808.0,-0.8841941952705383
6515937280.0,-0.8725476264953613
6516874752.0,-0.8611207604408264
6517812736.0,-0.849934458732605
6518750208.0,-0.8407089710235596
6519687680.0,-0.8303239941596985
6520625152.0,-0.8212096095085144
6521562624.0,-0.8126744031906128
6522500096.0,-0.8063790202140808
6523437568.0,-0.8000503778457642
6524375040.0,-0.7945616245269775
6525312512.0,-0.7891565561294556
6526249984.0,-0.7860347628593445
6527187456.0,-0.7838620543479919
6528124928.0,-0.7832795977592468
6529062400.0,-0.7813702821731567
6529999872.0,-0.7818753719329834
6530937344.0,-0.7827855944633484
6531874816.0,-0.7843847870826721
6532812288.0,-0.7874833941459656
6533749760.0,-0.7907174825668335
6534687744.0,-0.7966462969779968
6535625216.0,-0.8011545538902283
6536562688.0,-0.8066200017929077
6537500160.0,-0.8122372031211853
6538437632.0,-0.8183842897415161
6539375104.0,-0.8253926634788513
6540312576.0,-0.8327100872993469
6541250048.0,-0.8400997519493103
6542187520.0,-0.8480992913246155
6543124992.0,-0.8550570011138916
6544062464.0,-0.8626352548599243
6544999936.0,-0.8597756624221802
6545937408.0,-0.8640882968902588
6546874880.0,-0.8683728575706482
6547812352.0,-0.8718557357788086
6548749824.0,-0.8752977252006531
6549687296.0,-0.8779757618904114
6550624768.0,-0.8807617425918579
6551562752.0,-0.8841001987457275
6552500224.0,-0.8878023624420166
6553437696.0,-0.8925915956497192
6554375168.0,-0.8974095582962036
6555312640.0,-0.9040707945823669
6556250112.0,-0.9119705557823181
6557187584.0,-0.9202494621276855
6558125056.0,-0.9302524924278259
6559062528.0,-0.9408678412437439
6560000000.0,-0.9522368311882019
6560937472.0,-0.965460479259491
6561874944.0,-0.9788276553153992
6562812416.0,-0.9929627180099487
6563749888.0,-1.0066981315612793
6564687360.0,-1.0204157829284668
6565624832.0,-1.0348669290542603
6566562304.0,-1.047417163848877
6567499776.0,-1.0612066984176636
6568437248.0,-1.074766993522644
6569375232.0,-1.0867443084716797
6570312704.0,-1.0989477634429932
6571250176.0,-1.1111077070236206
6572187648.0,-1.1221213340759277
6573125120.0,-1.1324279308319092
6574062592.0,-1.1431877613067627
6575000064.0,-1.1517070531845093
6575937536.0,-1.1581106185913086
6576875008.0,-1.1667683124542236
6577812480.0,-1.1716423034667969
6578749952.0,-1.177159309387207
6579687424.0,-1.1812217235565186
6580624896.0,-1.1851919889450073
6581562368.0,-1.1874803304672241
6582499840.0,-1.1910890340805054
6583437312.0,-1.1913119554519653
6584374784.0,-1.191386103630066
6585312256.0,-1.1906025409698486
6586250240.0,-1.1885379552841187
6587187712.0,-1.1857290267944336
6588125184.0,-1.1846504211425781
6589062656.0,-1.1806102991104126
6590000128.0,-1.1764460802078247
6590937600.0,-1.1724127531051636
6591875072.0,-1.1670827865600586
6592812544.0,-1.1635013818740845
6593750016.0,-1.159929871559143
6594687488.0,-1.1558635234832764
6595624960.0,-1.1522459983825684
6596562432.0,-1.1494301557540894
6597499904.0,-1.1470164060592651
6598437376.0,-1.1440688371658325
6599374848.0,-1.143411636352539
6600312320.0,-1.1406975984573364
6601249792.0,-1.1391772031784058
6602187264.0,-1.137454628944397
6603125248.0,-1.138995885848999
6604062720.0,-1.1423146724700928
6605000192.0,-1.1393752098083496
6605937664.0,-1.1441222429275513
6606875136.0,-1.1487030982971191
6607812608.0,-1.153909683227539
6608750080.0,-1.1566479206085205
6609687552.0,-1.1609199047088623
6610625024.0,-1.1637272834777832
6611562496.0,-1.1673612594604492
6612499968.0,-1.1690303087234497
6613437440.0,-1.1723248958587646
6614374912.0,-1.1757824420928955
6615312384.0,-1.1789746284484863
6616249856.0,-1.183089017868042
6617187328.0,-1.1867406368255615
6618124800.0,-1.1936525106430054
6619062272.0,-1.1990022659301758
6620000256.0,-1.205924153327942
6620937728.0,-1.2140196561813354
6621875200.0,-1.222060203552246
6622812672.0,-1.2308194637298584
6623750144.0,-1.2406244277954102
6624687616.0,-1.2522377967834473
6625625088.0,-1.2649167776107788
6626562560.0,-1.2836487293243408
6627500032.0,-1.301832914352417
6628437504.0,-1.3220161199569702
6629374976.0,-1.3418680429458618
6630312448.0,-1.3630067110061646
6631249920.0,-1.384553074836731
6632187392.0,-1.405684232711792
6633124864.0,-1.4285262823104858
6634062336.0,-1.4502633810043335
6634999808.0,-1.4705332517623901
6635937280.0,-1.4923819303512573
6636874752.0,-1.5134365558624268
6637812736.0,-1.5322028398513794
6638750208.0,-1.5507206916809082
6639687680.0,-1.5691214799880981
6640625152.0,-1.5860093832015991
6641562624.0,-1.6011079549789429
6642500096.0,-1.6144742965698242
6643437568.0,-1.6271675825119019
6644375040.0,-1.6378072500228882
6645312512.0,-1.6475249528884888
6646249984.0,-1.6545864343643188
6647187456.0,-1.6618213653564453
6648124928.0,-1.6674998998641968
6649062400.0,-1.6719211339950562
6649999872.0,-1.6743268966674805
6650937344.0,-1.6786322593688965
6651874816.0,-1.682945966720581
6652812288.0,-1.685065507888794
6653749760.0,-1.6884537935256958
6654687744.0,-1.690445899963379
6655625216.0,-1.6934760808944702
6656562688.0,-1.6964610815048218
6657500160.0,-1.6998875141143799
6658437632.0,-1.704668402671814
6659375104.0,-1.7122313976287842
6660312576.0,-1.7198424339294434
6661250048.0,-1.7276617288589478
6662187520.0,-1.739164113998413
6663124992.0,-1.7502995729446411
6664062464.0,-1.7615796327590942
6664999936.0,-1.7837181091308594
6665937408.0,-1.7975480556488037
6666874880.0,-1.8101893663406372
6667812352.0,-1.8237369060516357
6668749824.0,-1.8388665914535522
6669687296.0,-1.8541357517242432
6670624768.0,-1.8671854734420776
6671562752.0,-1.8809897899627686
6672500224.0,-1.8946114778518677
6673437696.0,-1.906007170677185
6674375168.0,-1.9178696870803833
6675312640.0,-1.9285393953323364
6676250112.0,-1.9375272989273071
6677187584.0,-1.9429454803466797
6678125056.0,-1.946781039237976
6679062528.0,-1.948634386062622
6680000000.0,-1.950636625289917
6680937472.0,-1.9520254135131836
6681874944.0,-1.9525718688964844
6682812416.0,-1.9541890621185303
6683749888.0,-1.9557437896728516
6684687360.0,-1.95675528049469
6685624832.0,-1.956890344619751
6686562304.0,-1.9582504034042358
6687499776.0,-1.959319829940796
6688437248.0,-1.9621129035949707
6689375232.0,-1.965317964553833
6690312704.0,-1.9706265926361084
6691250176.0,-1.9767574071884155
6692187648.0,-1.9839301109313965
6693125120.0,-1.9936972856521606
6694062592.0,-2.0045583248138428
6695000064.0,-2.0177924633026123
6695937536.0,-2.033857822418213
6696875008.0,-2.0486550331115723
6697812480.0,-2.066981554031372
6698749952.0,-2.0877468585968018
6699687424.0,-2.109581708908081
6700624896.0,-2.1317408084869385
6701562368.0,-2.156257152557373
6702499840.0,-2.1787192821502686
6703437312.0,-2.202749013900757
6704374784.0,-2.2261974811553955
6705312256.0,-2.2495250701904297
6706250240.0,-2.2725794315338135
6707187712.0,-2.2948737144470215
6708125184.0,-2.3167645931243896
6709062656.0,-2.3379406929016113
6710000128.0,-2.35620379447937
6710937600.0,-2.372419595718384
6711875072.0,-2.388310432434082
6712812544.0,-2.39996600151062
6713750016.0,-2.4112722873687744
6714687488.0,-2.4182655811309814
6715624960.0,-2.4245941638946533
6716562432.0,-2.4295339584350586
6717499904.0,-2.4319865703582764
6718437376.0,-2.43263840675354
6719374848.0,-2.4324662685394287
6720312320.0,-2.431161880493164
6721249792.0,-2.4280171394348145
6722187264.0,-2.4273667335510254
6723125248.0,-2.4248390197753906
6724062720.0,-2.424379825592041
6725000192.0,-2.4025683403015137
6725937664.0,-2.406632900238037
6726875136.0,-2.4122583866119385
6727812608.0,-2.4185824394226074
6728750080.0,-2.4254674911499023
6729687552.0,-2.4346444606781006
6730625024.0,-2.445073127746582
6731562496.0,-2.4563536643981934
6732499968.0,-2.4698474407196045
6733437440.0,-2.4848875999450684
6734374912.0,-2.5012009143829346
6735312384.0,-2.5206284523010254
6736249856.0,-2.541975736618042
6737187328.0,-2.565460681915283
6738124800.0,-2.59121036529541
6739062272.0,-2.6174111366271973
6739999744.0,-2.6471757888793945
6740937728.0,-2.678363800048828
6741875200.0,-2.7113423347473145
6742812672.0,-2.7445454597473145
6743750144.0,-2.7801811695098877
6744687616.0,-2.8136682510375977
6745625088.0,-2.8482067584991455
6746562560.0,-2.881326675415039
6747500032.0,-2.914146900177002
6748437504.0,-2.9451918601989746
6749374976.0,-2.9752674102783203
6750312448.0,-3.003605365753174
6751249920.0,-3.0295536518096924
6752187392.0,-3.055921792984009
6753124864.0,-3.0761804580688477
6754062336.0,-3.089890241622925
6754999808.0,-3.099830389022827
6755937280.0,-3.1060125827789307
6756874752.0,-3.106675148010254
6757812736.0,-3.1028029918670654
6758750208.0,-3.097487449645996
6759687680.0,-3.0876526832580566
6760625152.0,-3.07361102104187
6761562624.0,-3.055408239364624
6762500096.0,-3.0301339626312256
6763437568.0,-3.0002493858337402
6764375040.0,-2.9646177291870117
6765312512.0,-2.925098419189453
6766249984.0,-2.878469467163086
6767187456.0,-2.8306472301483154
6768124928.0,-2.778329372406006
6769062400.0,-2.7238426208496094
6769999872.0,-2.665402889251709
6770937344.0,-2.6051108837127686
6771874816.0,-2.5410163402557373
6772812288.0,-2.474301815032959
6773749760.0,-2.4071202278137207
6774687744.0,-2.340637683868408
6775625216.0,-2.2764792442321777
6776562688.0,-2.2139346599578857
6777500160.0,-2.155808210372925
6778437632.0,-2.105081558227539
6779375104.0,-2.056185483932495
6780312576.0,-2.011356830596924
6781250048.0,-1.970643162727356
6782187520.0,-1.93302583694458
6783124992.0,-1.90085768699646
6784062464.0,-1.8722009658813477
6784999936.0,-2.323687791824341
6785937408.0,-2.306966543197632
6786874880.0,-2.290048837661743
6787812352.0,-2.2734737396240234
6788749824.0,-2.2557554244995117
6789687296.0,-2.241016149520874
6790624768.0,-2.225821018218994
6791562752.0,-2.2132914066314697
6792500224.0,-2.2026987075805664
6793437696.0,-2.1944596767425537
6794375168.0,-2.1870064735412598
6795312640.0,-2.1824114322662354
6796250112.0,-2.1783945560455322
6797187584.0,-2.177246570587158
6798125056.0,-2.178279161453247
6799062528.0,-2.1837949752807617
6800000000.0,-2.189127206802368
6800937472.0,-2.1978633403778076
6801874944.0,-2.208406925201416
6802812416.0,-2.219251871109009
6803749888.0,-2.234992504119873
6804687360.0,-2.2512426376342773
6805624832.0,-2.268354654312134
6806562304.0,-2.287745237350464
6807499776.0,-2.3069398403167725
6808437248.0,-2.3254759311676025
6809375232.0,-2.344348192214966
6810312704.0,-2.3636090755462646
6811250176.0,-2.3818516731262207
6812187648.0,-2.3977198600769043
6813125120.0,-2.409925937652588
6814062592.0,-2.423704147338867
6815000064.0,-2.4339897632598877
6815937536.0,-2.4421792030334473
6816875008.0,-2.448385238647461
6817812480.0,-2.4504592418670654
6818749952.0,-2.4507408142089844
6819687424.0,-2.4474973678588867
6820624896.0,-2.437183141708374
6821562368.0,-2.4261324405670166
6822499840.0,-2.4101531505584717
6823437312.0,-2.392934560775757
6824374784.0,-2.3698999881744385
6825312256.0,-2.344036340713501
6826250240.0,-2.3168230056762695
6827187712.0,-2.2857165336608887
6828125184.0,-2.2551450729370117
6829062656.0,-2.2216086387634277
6830000128.0,-2.1864752769470215
6830937600.0,-2.1490206718444824
6831875072.0,-2.1132888793945312
6832812544.0,-2.0743000507354736
6833750016.0,-2.0332229137420654
6834687488.0,-1.9913783073425293
6835624960.0,-1.9473387002944946
6836562432.0,-1.9054478406906128
6837499904.0,-1.861730933189392
6838437376.0,-1.8212063312530518
6839374848.0,-1.7821367979049683
6840312320.0,-1.7455672025680542
6841249792.0,-1.70920991897583
6842187264.0,-1.6749529838562012
6843125248.0,-1.6431177854537964
6844062720.0,-1.6126521825790405
6845000192.0,-1.5069544315338135
6845937664.0,-1.4788302183151245
6846875136.0,-1.4532502889633179
6847812608.0,-1.431043267250061
6848750080.0,-1.4117884635925293
6849687552.0,-1.3954871892929077
6850625024.0,-1.3815336227416992
6851562496.0,-1.3721339702606201
6852499968.0,-1.364426851272583
6853437440.0,-1.3598881959915161
6854374912.0,-1.3579014539718628
6855312384.0,-1.3596830368041992
6856249856.0,-1.36374831199646
6857187328.0,-1.3690919876098633
6858124800.0,-1.3781415224075317
6859062272.0,-1.3880268335342407
6860000256.0,-1.4024572372436523
6860937728.0,-1.4166947603225708
6861875200.0,-1.4341238737106323
6862812672.0,-1.451898455619812
6863750144.0,-1.4719923734664917
6864687616.0,-1.4918850660324097
6865625088.0,-1.5120865106582642
6866562560.0,-1.5330995321273804
6867500032.0,-1.5519198179244995
6868437504.0,-1.5707532167434692
6869374976.0,-1.5869160890579224
6870312448.0,-1.602428674697876
6871249920.0,-1.6150490045547485
6872187392.0,-1.6277626752853394
6873124864.0,-1.6362991333007812
6874062336.0,-1.6443305015563965
6874999808.0,-1.6497554779052734
6875937280.0,-1.650953769683838
6876874752.0,-1.6518809795379639
6877812736.0,-1.6494953632354736
6878750208.0,-1.6438311338424683
6879687680.0,-1.6338763236999512
6880625152.0,-1.6220252513885498
6881562624.0,-1.6079821586608887
6882500096.0,-1.5901392698287964
6883437568.0,-1.5694905519485474
6884375040.0,-1.546220064163208
6885312512.0,-1.519853949546814
6886249984.0,-1.4923781156539917
6887187456.0,-1.4620461463928223
6888124928.0,-1.4325157403945923
6889062400.0,-1.4015309810638428
6889999872.0,-1.3706746101379395
6890937344.0,-1.3398549556732178
6891874816.0,-1.307632565498352
6892812288.0,-1.2766722440719604
6893749760.0,-1.2470674514770508
6894687744.0,-1.2174417972564697
6895625216.0,-1.1884162425994873
6896562688.0,-1.158823847770691
6897500160.0,-1.133017897605896
6898437632.0,-1.1069376468658447
6899375104.0,-1.0833337306976318
6900312576.0,-1.0598961114883423
6901250048.0,-1.0378177165985107
6902187520.0,-1.0185116529464722
6903124992.0,-1.0015389919281006
6904062464.0,-0.9850024580955505
6904999936.0,-0.9843569993972778
6905937408.0,-0.97994464635849
6906874880.0,-0.9769883155822754
6907812352.0,-0.9779613018035889
6908749824.0,-0.9787824153900146
6909687296.0,-0.9824886322021484
6910624768.0,-0.9856502413749695
6911562752.0,-0.9909547567367554
6912500224.0,-0.9961097240447998
6913437696.0,-1.0023351907730103
6914375168.0,-1.0079952478408813
6915312640.0,-1.0130735635757446
6916250112.0,-1.0168489217758179
6917187584.0,-1.0204317569732666
6918125056.0,-1.0212410688400269
6919062528.0,-1.0214078426361084
6920000000.0,-1.0202157497406006
6920937472.0,-1.0175691843032837
6921874944.0,-1.0136185884475708
6922812416.0,-1.0090970993041992
6923749888.0,-1.0020489692687988
6924687360.0,-0.9935848116874695
6925624832.0,-0.9827541708946228
6926562304.0,-0.9698421955108643
6927499776.0,-0.9543588757514954
6928437248.0,-0.9384284019470215
6929375232.0,-0.920878529548645
6930312704.0,-0.901723325252533
6931250176.0,-0.8825419545173645
6932187648.0,-0.8628084063529968
6933125120.0,-0.84183669090271
6934062592.0,-0.8195080757141113
6935000064.0,-0.7967279553413391
6935937536.0,-0.774454653263092
6936875008.0,-0.7512643337249756
6937812480.0,-0.72751384973526
6938749952.0,-0.7055801749229431
6939687424.0,-0.6833813786506653
6940624896.0,-0.6624240875244141
6941562368.0,-0.6427013874053955
6942499840.0,-0.6235126852989197
6943437312.0,-0.606287956237793
6944374784.0,-0.5900716781616211
6945312256.0,-0.5768775939941406
6946250240.0,-0.5646393299102783
6947187712.0,-0.5552896857261658
6948125184.0,-0.5455632209777832
6949062656.0,-0.5389952063560486
6950000128.0,-0.5336397886276245
6950937600.0,-0.5302994251251221
6951875072.0,-0.5281373262405396
6952812544.0,-0.5291340351104736
6953750016.0,-0.5301961898803711
6954687488.0,-0.5318889617919922
6955624960.0,-0.5357394218444824
6956562432.0,-0.5420779585838318
6957499904.0,-0.5490249395370483
6958437376.0,-0.5574702620506287
6959374848.0,-0.5667327046394348
6960312320.0,-0.5757697224617004
6961249792.0,-0.5870097279548645
6962187264.0,-0.5964118838310242
6963125248.0,-0.607416570186615
6964062720.0,-0.6184405088424683
6965000192.0,-0.5250856876373291
6965937664.0,-0.5334779024124146
6966875136.0,-0.5427626967430115
6967812608.0,-0.5516107082366943
6968750080.0,-0.5603137612342834
6969687552.0,-0.5712270140647888
6970625024.0,-0.5827674269676208
6971562496.0,-0.5944987535476685
6972499968.0,-0.6064029335975647
6973437440.0,-0.6170861721038818
6974374912.0,-0.6299496293067932
6975312384.0,-0.6427068114280701
6976249856.0,-0.6543918251991272
6977187328.0,-0.6682369709014893
6978124800.0,-0.6794396042823792
6979062272.0,-0.6917288899421692
6979999744.0,-0.7032407522201538
6980937728.0,-0.7150549292564392
6981875200.0,-0.7239534854888916
6982812672.0,-0.7341121435165405
6983750144.0,-0.7435274124145508
6984687616.0,-0.7523623704910278
6985625088.0,-0.7603261470794678
6986562560.0,-0.7676006555557251
6987500032.0,-0.7739735245704651
6988437504.0,-0.7800310254096985
6989374976.0,-0.7837378978729248
6990312448.0,-0.7869589328765869
6991249920.0,-0.7882362008094788
6992187392.0,-0.7887365818023682
6993124864.0,-0.7884111404418945
6994062336.0,-0.786132276058197
6994999808.0,-0.7845779657363892
6995937280.0,-0.7791463732719421
6996874752.0,-0.7733743190765381
6997812736.0,-0.7667543888092041
6998750208.0,-0.7578756809234619
6999687680.0,-0.748953104019165
7000625152.0,-0.739312469959259
7001562624.0,-0.728424608707428
7002500096.0,-0.7165156006813049
7003437568.0,-0.7049181461334229
7004375040.0,-0.6931584477424622
7005312512.0,-0.6803800463676453
7006249984.0,-0.6669231057167053
7007187456.0,-0.6517952680587769
7008124928.0,-0.6352364420890808
7009062400.0,-0.6182050704956055
7009999872.0,-0.6013141870498657
7010937344.0,-0.5837549567222595
7011874816.0,-0.5670382380485535
7012812288.0,-0.550340473651886
7013749760.0,-0.5335876941680908
7014687744.0,-0.5171151757240295
7015625216.0,-0.5003486275672913
7016562688.0,-0.4844745099544525
7017500160.0,-0.469312846660614
7018437632.0,-0.4544159770011902
7019375104.0,-0.44113320112228394
7020312576.0,-0.4272128641605377
7021250048.0,-0.41412630677223206
7022187520.0,-0.40248167514801025
7023124992.0,-0.39162304997444153
7024062464.0,-0.3818785548210144
7024999936.0,-0.2938201129436493
7025937408.0,-0.2956499457359314
7026874880.0,-0.30081719160079956
7027812352.0,-0.30684706568717957
7028749824.0,-0.31313619017601013
7029687296.0,-0.31975722312927246
7030624768.0,-0.3273950517177582
7031562752.0,-0.33537182211875916
7032500224.0,-0.34462806582450867
7033437696.0,-0.35590246319770813
7034375168.0,-0.36785954236984253
7035312640.0,-0.38051703572273254
7036250112.0,-0.39357349276542664
7037187584.0,-0.4074317514896393
7038125056.0,-0.42111656069755554
7039062528.0,-0.43649229407310486
7040000000.0,-0.4499087631702423
7040937472.0,-0.463735431432724
7041874944.0,-0.47792837023735046
7042812416.0,-0.4921795129776001
7043749888.0,-0.5052642226219177
7044687360.0,-0.5175326466560364
7045624832.0,-0.5312199592590332
7046562304.0,-0.5439054369926453
7047499776.0,-0.5544110536575317
7048437248.0,-0.5649127960205078
7049375232.0,-0.5732825994491577
7050312704.0,-0.58217453956604
7051250176.0,-0.5894989371299744
7052187648.0,-0.595672607421875
7053125120.0,-0.5999088883399963
7054062592.0,-0.6040469408035278
7055000064.0,-0.6067897081375122
7055937536.0,-0.6068957448005676
7056875008.0,-0.6062703728675842
7057812480.0,-0.6041750311851501
7058749952.0,-0.6046428084373474
7059687424.0,-0.6027196049690247
7060624896.0,-0.60212242603302
7061562368.0,-0.5983230471611023
7062499840.0,-0.594100832939148
7063437312.0,-0.58720862865448
7064374784.0,-0.5802119970321655
7065312256.0,-0.5735393762588501
7066250240.0,-0.5648694634437561
7067187712.0,-0.5557299256324768
7068125184.0,-0.5441603660583496
7069062656.0,-0.5334166288375854
7070000128.0,-0.5207314491271973
7070937600.0,-0.5072120428085327
7071875072.0,-0.49428892135620117
7072812544.0,-0.4807276129722595
7073750016.0,-0.4676177501678467
7074687488.0,-0.45315292477607727
7075624960.0,-0.43790629506111145
7076562432.0,-0.4232490658760071
7077499904.0,-0.4077944755554199
7078437376.0,-0.3915442228317261
7079374848.0,-0.3753983974456787
7080312320.0,-0.3596500754356384
7081249792.0,-0.34405553340911865
7082187264.0,-0.3271479904651642
7083125248.0,-0.31168606877326965
7084062720.0,-0.29704317450523376
7085000192.0,-0.35994982719421387
7085937664.0,-0.3478342890739441
7086875136.0,-0.3370588719844818
7087812608.0,-0.3265843391418457
7088750080.0,-0.3164094388484955
7089687552.0,-0.3065018057823181
7090625024.0,-0.2976944148540497
7091562496.0,-0.29160815477371216
7092499968.0,-0.28451770544052124
7093437440.0,-0.2795371413230896
7094374912.0,-0.27460378408432007
7095312384.0,-0.27173927426338196
7096249856.0,-0.26939108967781067
7097187328.0,-0.26937511563301086
7098124800.0,-0.2694946527481079
7099062272.0,-0.2714327275753021
7100000256.0,-0.2742559313774109
7100937728.0,-0.27975592017173767
7101875200.0,-0.2874842584133148
7102812672.0,-0.29525646567344666
7103750144.0,-0.3061901032924652
7104687616.0,-0.31700873374938965
7105625088.0,-0.3305624723434448
7106562560.0,-0.3463175892829895
7107500032.0,-0.3617488145828247
7108437504.0,-0.3790844976902008
7109374976.0,-0.3985667824745178
7110312448.0,-0.4199356138706207
7111249920.0,-0.4409186542034149
7112187392.0,-0.4628959894180298
7113124864.0,-0.4855143129825592
7114062336.0,-0.5083742737770081
7114999808.0,-0.5298027992248535
7115937280.0,-0.5521999001502991
7116874752.0,-0.5745102763175964
7117812736.0,-0.5949468612670898
7118750208.0,-0.615765392780304
7119687680.0,-0.6358110904693604
7120625152.0,-0.65464848279953
7121562624.0,-0.6714096069335938
7122500096.0,-0.6881497502326965
7123437568.0,-0.7023217082023621
7124375040.0,-0.7154365181922913
7125312512.0,-0.7264112234115601
7126249984.0,-0.7341871857643127
7127187456.0,-0.7416306138038635
7128124928.0,-0.7465511560440063
7129062400.0,-0.7485964298248291
7129999872.0,-0.7492839694023132
7130937344.0,-0.7474886775016785
7131874816.0,-0.7439537048339844
7132812288.0,-0.7384164929389954
7133749760.0,-0.7301170825958252
7134687744.0,-0.7207973003387451
7135625216.0,-0.7104653120040894
7136562688.0,-0.697158932685852
7137500160.0,-0.6839488744735718
7138437632.0,-0.6659849286079407
7139375104.0,-0.6478181481361389
7140312576.0,-0.6287709474563599
7141250048.0,-0.6092326641082764
7142187520.0,-0.5872842073440552
7143124992.0,-0.5662020444869995
7144062464.0,-0.4325188994407654
7144999936.0,-0.43085190653800964
7145937408.0,-0.4289989173412323
7146874880.0,-0.42547741532325745
7147812352.0,-0.4223787188529968
7148749824.0,-0.41957634687423706
7149687296.0,-0.4166968762874603
7150624768.0,-0.4134913384914398
7151562752.0,-0.4131908714771271
7152500224.0,-0.41219469904899597
7153437696.0,-0.411802738904953
7154375168.0,-0.4128630459308624
7155312640.0,-0.41467520594596863
7156250112.0,-0.41971975564956665
7157187584.0,-0.42500853538513184
7158125056.0,-0.43312180042266846
7159062528.0,-0.4413224756717682
7160000000.0,-0.4490847885608673
7160937472.0,-0.4567868411540985
7161874944.0,-0.4652968943119049
7162812416.0,-0.47400906682014465
7163749888.0,-0.4835219085216522
7164687360.0,-0.49299708008766174
7165624832.0,-0.5029216408729553
7166562304.0,-0.5125725269317627
7167499776.0,-0.5238033533096313
7168437248.0,-0.5329639911651611
7169375232.0,-0.5412881970405579
7170312704.0,-0.5493528842926025
7171250176.0,-0.5566781759262085
7172187648.0,-0.5629804134368896
7173125120.0,-0.5665940046310425
7174062592.0,-0.5711272954940796
7175000064.0,-0.5731922388076782
7175937536.0,-0.5739117860794067
7176875008.0,-0.5743775963783264
7177812480.0,-0.5721675753593445
7178749952.0,-0.5680022239685059
7179687424.0,-0.5627052187919617
7180624896.0,-0.5555486679077148
7181562368.0,-0.5487174987792969
7182499840.0,-0.5385773777961731
7183437312.0,-0.5288151502609253
7184374784.0,-0.5168377161026001
7185312256.0,-0.5020219087600708
7186250240.0,-0.4849368929862976
7187187712.0,-0.4655296504497528
7188125184.0,-0.4462970197200775
7189062656.0,-0.4277167022228241
7190000128.0,-0.4081977605819702
7190937600.0,-0.38844358921051025
7191875072.0,-0.36847469210624695
7192812544.0,-0.3493984043598175
7193750016.0,-0.33034786581993103
7194687488.0,-0.3115081787109375
7195624960.0,-0.2942115068435669
7196562432.0,-0.27739217877388
7197499904.0,-0.26160603761672974
7198437376.0,-0.2478409856557846
7199374848.0,-0.23439659178256989
7200312320.0,-0.22406500577926636
7201249792.0,-0.21520057320594788
7202187264.0,-0.20842725038528442
7203125248.0,-0.2049866020679474
7204062720.0,-0.30956608057022095
7205000192.0,-0.32117122411727905
7205937664.0,-0.33768877387046814
7206875136.0,-0.35472697019577026
7207812608.0,-0.3754534423351288
7208750080.0,-0.39802226424217224
7209687552.0,-0.42527762055397034
7210625024.0,-0.45304104685783386
7211562496.0,-0.48405417799949646
7212499968.0,-0.5164861083030701
7213437440.0,-0.5499340295791626
7214374912.0,-0.5845043659210205
7215312384.0,-0.6184201836585999
7216249856.0,-0.6519872546195984
7217187328.0,-0.6841896772384644
7218124800.0,-0.7163184285163879
7219062272.0,-0.7466885447502136
7219999744.0,-0.7775953412055969
7220937728.0,-0.8029864430427551
7221875200.0,-0.8281426429748535
7222812672.0,-0.8465356230735779
7223750144.0,-0.8638848066329956
7224687616.0,-0.8765862584114075
7225625088.0,-0.8849823474884033
7226562560.0,-0.8887710571289062
7227500032.0,-0.8885171413421631
7228437504.0,-0.8842737078666687
7229374976.0,-0.8739824295043945
7230312448.0,-0.8594743013381958
7231249920.0,-0.8418950438499451
7232187392.0,-0.8203681707382202
7233124864.0,-0.7942939400672913
7234062336.0,-0.7652239203453064
7234999808.0,-0.7326308488845825
7235937280.0,-0.6979687213897705
7236874752.0,-0.6625487804412842
7237812736.0,-0.6245293617248535
7238750208.0,-0.5852577686309814
7239687680.0,-0.5449990630149841
7240625152.0,-0.5033456683158875
7241562624.0,-0.46102455258369446
7242500096.0,-0.4187593162059784
7243437568.0,-0.3764318525791168
7244375040.0,-0.33406659960746765
7245312512.0,-0.29189571738243103
7246249984.0,-0.2526148855686188
7247187456.0,-0.21301062405109406
7248124928.0,-0.1758202761411667
7249062400.0,-0.14038367569446564
7249999872.0,-0.10775360465049744
7250937344.0,-0.07862427085638046
7251874816.0,-0.052708327770233154
7252812288.0,-0.029822025448083878
7253749760.0,-0.010171121917665005
7254687744.0,0.005377219989895821
7255625216.0,0.016800150275230408
7256562688.0,0.02498789317905903
7257500160.0,0.030150197446346283
7258437632.0,0.028991952538490295
7259375104.0,0.025324435904622078
7260312576.0,0.016975708305835724
7261250048.0,0.0027130311354994774
7262187520.0,-0.014125403948128223
7263124992.0,-0.03591105714440346
7264062464.0,-0.30959808826446533
7264999936.0,-0.30587950348854065
7265937408.0,-0.3042052388191223
7266874880.0,-0.30487021803855896
7267812352.0,-0.3079441785812378
7268749824.0,-0.31324145197868347
7269687296.0,-0.3205864131450653
7270624768.0,-0.33075231313705444
7271562752.0,-0.342286616563797
7272500224.0,-0.35613298416137695
7273437696.0,-0.37043675780296326
7274375168.0,-0.3863634467124939
7275312640.0,-0.4028347432613373
7276250112.0,-0.42029330134391785
7277187584.0,-0.4372105002403259
7278125056.0,-0.4538344144821167
7279062528.0,-0.46954965591430664
7280000000.0,-0.48483142256736755
7280937472.0,-0.497295081615448
7281874944.0,-0.5093956589698792
7282812416.0,-0.5187241435050964
7283749888.0,-0.5271058082580566
7284687360.0,-0.5320228934288025
7285624832.0,-0.5352830290794373
7286562304.0,-0.5350852608680725
7287499776.0,-0.5362750887870789
7288437248.0,-0.5362259745597839
7289375232.0,-0.5338269472122192
7290312704.0,-0.5274600982666016
7291250176.0,-0.520639955997467
7292187648.0,-0.5115068554878235
7293125120.0,-0.5006802678108215
7294062592.0,-0.48688647150993347
7295000064.0,-0.4721369743347168
7295937536.0,-0.45768558979034424
7296875008.0,-0.44023916125297546
7297812480.0,-0.4222354590892792
7298749952.0,-0.4059610366821289
7299687424.0,-0.3864937424659729
7300624896.0,-0.3682551980018616
7301562368.0,-0.35028183460235596
7302499840.0,-0.33401036262512207
7303437312.0,-0.3167699873447418
7304374784.0,-0.3029649257659912
7305312256.0,-0.28876569867134094
7306250240.0,-0.2758435606956482
7307187712.0,-0.263388991355896
7308125184.0,-0.25401070713996887
7309062656.0,-0.24356192350387573
7310000128.0,-0.23607534170150757
7310937600.0,-0.22976338863372803
7311875072.0,-0.2239672839641571
7312812544.0,-0.22079993784427643
7313750016.0,-0.21906782686710358
7314687488.0,-0.2184375375509262
7315624960.0,-0.21898433566093445
7316562432.0,-0.21662934124469757
7317499904.0,-0.21636386215686798
7318437376.0,-0.2153843641281128
7319374848.0,-0.21236753463745117
7320312320.0,-0.2090916484594345
7321249792.0,-0.2034408003091812
7322187264.0,-0.1971818059682846
7323125248.0,-0.18738840520381927
7324062720.0,-0.3314608037471771
7325000192.0,-0.3102993369102478
7325937664.0,-0.2861027717590332
7326875136.0,-0.2612767815589905
7327812608.0,-0.23470956087112427
7328750080.0,-0.20820367336273193
7329687552.0,-0.1799248903989792
7330625024.0,-0.15213115513324738
7331562496.0,-0.12671656906604767
7332499968.0,-0.10288399457931519
7333437440.0,-0.08230245858430862
7334374912.0,-0.06510576605796814
7335312384.0,-0.05173778533935547
7336249856.0,-0.04330814629793167
7337187328.0,-0.03977995365858078
7338124800.0,-0.03883812204003334
7339062272.0,-0.04157334193587303
7340000256.0,-0.04858071729540825
7340937728.0,-0.060148123651742935
7341875200.0,-0.07600937783718109
7342812672.0,-0.09421104937791824
7343750144.0,-0.11592432111501694
7344687616.0,-0.14191293716430664
7345625088.0,-0.1669127494096756
7346562560.0,-0.19243596494197845
7347500032.0,-0.2167290598154068
7348437504.0,-0.24137002229690552
7349374976.0,-0.2639273405075073
7350312448.0,-0.2821028530597687
7351249920.0,-0.29935503005981445
7352187392.0,-0.31126371026039124
7353124864.0,-0.31854817271232605
7354062336.0,-0.3217451572418213
7354999808.0,-0.319488525390625
7355937280.0,-0.31300222873687744
7356874752.0,-0.3010651767253876
7357812736.0,-0.28415173292160034
7358750208.0,-0.2641778588294983
7359687680.0,-0.23952531814575195
7360625152.0,-0.21190369129180908
7361562624.0,-0.18241527676582336
7362500096.0,-0.15047045052051544
7363437568.0,-0.11863552778959274
7364375040.0,-0.08264970034360886
7365312512.0,-0.049831923097372055
7366249984.0,-0.01717526651918888
7367187456.0,0.009965009056031704
7368124928.0,0.035500191152095795
7369062400.0,0.05736812576651573
7369999872.0,0.07388043403625488
7370937344.0,0.08612953871488571
7371874816.0,0.09678138792514801
7372812288.0,0.10301564633846283
7373749760.0,0.10805284976959229
7374687744.0,0.11154257506132126
7375625216.0,0.11241472512483597
7376562688.0,0.11314037442207336
7377500160.0,0.11213923990726471
7378437632.0,0.10965669900178909
7379375104.0,0.10765496641397476
7380312576.0,0.1038011834025383
7381250048.0,0.09897170960903168
7382187520.0,0.09268022328615189
7383124992.0,0.08512818068265915
7384062464.0,-0.2223062962293625
7384999936.0,-0.23867274820804596
7385937408.0,-0.2562481760978699
7386874880.0,-0.27387166023254395
7387812352.0,-0.2909514904022217
7388749824.0,-0.30552589893341064
7389687296.0,-0.31930291652679443
7390624768.0,-0.3312652111053467
7391562752.0,-0.3395446538925171
7392500224.0,-0.3469863533973694
7393437696.0,-0.3498231768608093
7394375168.0,-0.3494562804698944
7395312640.0,-0.34743770956993103
7396250112.0,-0.3383603096008301
7397187584.0,-0.3293207883834839
7398125056.0,-0.31592780351638794
7399062528.0,-0.29676905274391174
7400000000.0,-0.27663102746009827
7400937472.0,-0.2510053515434265
7401874944.0,-0.22471915185451508
7402812416.0,-0.1952141672372818
7403749888.0,-0.16331028938293457
7404687360.0,-0.12845516204833984
7405624832.0,-0.09348231554031372
7406562304.0,-0.05635906755924225
7407499776.0,-0.01911073923110962
7408437248.0,0.01853751577436924
7409375232.0,0.05486586317420006
7410312704.0,0.0907522514462471
7411250176.0,0.12394112348556519
7412187648.0,0.1577262282371521
7413125120.0,0.18818823993206024
7414062592.0,0.21601271629333496
7415000064.0,0.24121765792369843
7415937536.0,0.26426562666893005
7416875008.0,0.283661812543869
7417812480.0,0.2999546229839325
7418749952.0,0.31283828616142273
7419687424.0,0.3214094638824463
7420624896.0,0.32636362314224243
7421562368.0,0.32709670066833496
7422499840.0,0.3254683315753937
7423437312.0,0.3202712833881378
7424374784.0,0.3117983341217041
7425312256.0,0.2990446984767914
7426250240.0,0.2836494445800781
7427187712.0,0.26524102687835693
7428125184.0,0.24409346282482147
7429062656.0,0.2211504578590393
7430000128.0,0.19466280937194824
7430937600.0,0.16719600558280945
7431875072.0,0.13791973888874054
7432812544.0,0.10804127901792526
7433750016.0,0.07613033056259155
7434687488.0,0.0451400987803936
7435624960.0,0.013582230545580387
7436562432.0,-0.018039707094430923
7437499904.0,-0.04968346282839775
7438437376.0,-0.08066541701555252
7439374848.0,-0.10841909050941467
7440312320.0,-0.13860709965229034
7441249792.0,-0.1681465357542038
7442187264.0,-0.19503334164619446
7443125248.0,-0.22043099999427795
7444062720.0,0.028289426118135452
7445000192.0,0.013751069083809853
7445937664.0,-0.0019928973633795977
7446875136.0,-0.018710816279053688
7447812608.0,-0.034292735159397125
7448750080.0,-0.05208009108901024
7449687552.0,-0.06872429698705673
7450625024.0,-0.08384709060192108
7451562496.0,-0.09824538230895996
7452499968.0,-0.110305555164814
7453437440.0,-0.1209292784333229
7454374912.0,-0.12906797230243683
7455312384.0,-0.13620373606681824
7456249856.0,-0.14034724235534668
7457187328.0,-0.1420687884092331
7458124800.0,-0.14110232889652252
7459062272.0,-0.13865847885608673
7459999744.0,-0.13466417789459229
7460937728.0,-0.1281096190214157
7461875200.0,-0.12131758034229279
7462812672.0,-0.11148855835199356
7463750144.0,-0.10074368864297867
7464687616.0,-0.0903933048248291
7465625088.0,-0.07960835844278336
7466562560.0,-0.07256225496530533
7467500032.0,-0.06439666450023651
7468437504.0,-0.05617223307490349
7469374976.0,-0.04873018339276314
7470312448.0,-0.0415009930729866
7471249920.0,-0.03657856211066246
7472187392.0,-0.03098628669977188
7473124864.0,-0.02846818044781685
7474062336.0,-0.02622998133301735
7474999808.0,-0.02542961947619915
7475937280.0,-0.026900703087449074
7476874752.0,-0.029505256563425064
7477812736.0,-0.03395859897136688
7478750208.0,-0.03896453231573105
7479687680.0,-0.046248555183410645
7480625152.0,-0.054029714316129684
7481562624.0,-0.06346318870782852
7482500096.0,-0.07353050261735916
7483437568.0,-0.0832909345626831
7484375040.0,-0.09511446952819824
7485312512.0,-0.10621827095746994
7486249984.0,-0.1170911192893982
7487187456.0,-0.12893912196159363
7488124928.0,-0.13918638229370117
7489062400.0,-0.14966683089733124
7489999872.0,-0.15830960869789124
7490937344.0,-0.16410842537879944
7491874816.0,-0.16929374635219574
7492812288.0,-0.17247074842453003
7493749760.0,-0.17346878349781036
7494687744.0,-0.17289122939109802
7495625216.0,-0.17032888531684875
7496562688.0,-0.16766318678855896
7497500160.0,-0.1614990085363388
7498437632.0,-0.15417338907718658
7499375104.0,-0.1449815332889557
7500312576.0,-0.13557422161102295
7501250048.0,-0.12498712539672852
7502187520.0,-0.11522360891103745
7503124992.0,-0.10461001098155975
7504062464.0,-0.09126624464988708
7504999936.0,-0.06461483240127563
7505937408.0,-0.04314501956105232
7506874880.0,-0.023123379796743393
7507812352.0,-0.008432041853666306
7508749824.0,0.0035400078631937504
7509687296.0,0.012689673341810703
7510624768.0,0.01602632738649845
7511562752.0,0.017164234071969986
7512500224.0,0.013455504551529884
7513437696.0,0.006254929583519697
7514375168.0,-0.00424374733120203
7515312640.0,-0.015244071371853352
7516250112.0,-0.02996627613902092
7517187584.0,-0.043741703033447266
7518125056.0,-0.058507271111011505
7519062528.0,-0.07464011013507843
7520000000.0,-0.09010541439056396
7520937472.0,-0.10449976474046707
7521874944.0,-0.11685854941606522
7522812416.0,-0.12966039776802063
7523749888.0,-0.14035111665725708
7524687360.0,-0.14797620475292206
7525624832.0,-0.15167748928070068
7526562304.0,-0.15477299690246582
7527499776.0,-0.15335078537464142
7528437248.0,-0.15049007534980774
7529375232.0,-0.14392270147800446
7530312704.0,-0.1362619698047638
7531250176.0,-0.1255878508090973
7532187648.0,-0.11292608827352524
7533125120.0,-0.10005956888198853
7534062592.0,-0.08537271618843079
7535000064.0,-0.07151534408330917
7535937536.0,-0.05720103904604912
7536875008.0,-0.044077444821596146
7537812480.0,-0.0324079692363739
7538749952.0,-0.022011039778590202
7539687424.0,-0.014727453701198101
7540624896.0,-0.01029280200600624
7541562368.0,-0.011034955270588398
7542499840.0,-0.014058738015592098
7543437312.0,-0.022091539576649666
7544374784.0,-0.03258044645190239
7545312256.0,-0.04872716963291168
7546250240.0,-0.06807895004749298
7547187712.0,-0.09160394221544266
7548125184.0,-0.11877280473709106
7549062656.0,-0.14648652076721191
7550000128.0,-0.1762825846672058
7550937600.0,-0.20657190680503845
7551875072.0,-0.236842080950737
7552812544.0,-0.26629725098609924
7553750016.0,-0.29309991002082825
7554687488.0,-0.31641489267349243
7555624960.0,-0.336619108915329
7556562432.0,-0.3553849458694458
7557499904.0,-0.37095504999160767
7558437376.0,-0.3852240741252899
7559374848.0,-0.3994375169277191
7560312320.0,-0.4116661846637726
7561249792.0,-0.4237624406814575
7562187264.0,-0.43501970171928406
7563125248.0,-0.4469403028488159
7564062720.0,-0.44982603192329407
7565000192.0,-0.435825377702713
7565937664.0,-0.41891464591026306
7566875136.0,-0.40106579661369324
7567812608.0,-0.37972792983055115
7568750080.0,-0.3561360538005829
7569687552.0,-0.3312891721725464
7570625024.0,-0.3048302233219147
7571562496.0,-0.2792038917541504
7572499968.0,-0.251694917678833
7573437440.0,-0.22435618937015533
7574374912.0,-0.19583430886268616
7575312384.0,-0.16880565881729126
7576249856.0,-0.14132222533226013
7577187328.0,-0.11433125287294388
7578124800.0,-0.08976883441209793
7579062272.0,-0.06523559242486954
7580000256.0,-0.04127175360918045
7580937728.0,-0.02140093967318535
7581875200.0,-0.0024667344987392426
7582812672.0,0.01538171898573637
7583750144.0,0.029409917071461678
7584687616.0,0.04217357933521271
7585625088.0,0.05300131067633629
7586562560.0,0.05991484969854355
7587500032.0,0.0658295676112175
7588437504.0,0.06896762549877167
7589374976.0,0.0697144865989685
7590312448.0,0.06728564202785492
7591249920.0,0.06396020203828812
7592187392.0,0.05712200701236725
7593124864.0,0.04952780157327652
7594062336.0,0.04116688296198845
7594999808.0,0.03030979447066784
7595937280.0,0.017401158809661865
7596874752.0,0.003935586661100388
7597812736.0,-0.011199772357940674
7598750208.0,-0.027255848050117493
7599687680.0,-0.04521361365914345
7600625152.0,-0.061544787138700485
7601562624.0,-0.08098523318767548
7602500096.0,-0.09770495444536209
7603437568.0,-0.115413136780262
7604375040.0,-0.1339583545923233
7605312512.0,-0.15072473883628845
7606249984.0,-0.1653335839509964
7607187456.0,-0.18065588176250458
7608124928.0,-0.19496898353099823
7609062400.0,-0.20843438804149628
7609999872.0,-0.22060883045196533
7610937344.0,-0.23200944066047668
7611874816.0,-0.2396770417690277
7612812288.0,-0.24855610728263855
7613749760.0,-0.25400951504707336
7614687744.0,-0.25925686955451965
7615625216.0,-0.2637920081615448
7616562688.0,-0.26714542508125305
7617500160.0,-0.26947739720344543
7618437632.0,-0.27137279510498047
7619375104.0,-0.27610474824905396
7620312576.0,-0.2802366614341736
7621250048.0,-0.28237736225128174
7622187520.0,-0.2856423556804657
7623124992.0,-0.28731569647789
7624062464.0,-0.28424975275993347
7624999936.0,-0.2897745370864868
7625937408.0,-0.29333361983299255
7626874880.0,-0.2948206067085266
7627812352.0,-0.2934093177318573
7628749824.0,-0.2919989824295044
7629687296.0,-0.28776422142982483
7630624768.0,-0.282421350479126
7631562752.0,-0.27408093214035034
7632500224.0,-0.2657986879348755
7633437696.0,-0.2560766041278839
7634375168.0,-0.24568571150302887
7635312640.0,-0.23396706581115723
7636250112.0,-0.2214617133140564
7637187584.0,-0.20920616388320923
7638125056.0,-0.1956467628479004
7639062528.0,-0.1848352551460266
7640000000.0,-0.17137274146080017
7640937472.0,-0.15909895300865173
7641874944.0,-0.14829973876476288
7642812416.0,-0.1382705718278885
7643749888.0,-0.12998540699481964
7644687360.0,-0.12345807999372482
7645624832.0,-0.12036663293838501
7646562304.0,-0.11639594286680222
7647499776.0,-0.11474516987800598
7648437248.0,-0.11334269493818283
7649375232.0,-0.11407745629549026
7650312704.0,-0.1151391938328743
7651250176.0,-0.11783698201179504
7652187648.0,-0.12225809693336487
7653125120.0,-0.1264134794473648
7654062592.0,-0.1330375224351883
7655000064.0,-0.14003926515579224
7655937536.0,-0.1479390561580658
7656875008.0,-0.15564961731433868
7657812480.0,-0.16376514732837677
7658749952.0,-0.17262591421604156
7659687424.0,-0.1807999312877655
7660624896.0,-0.18921791017055511
7661562368.0,-0.19727349281311035
7662499840.0,-0.20676502585411072
7663437312.0,-0.21475999057292938
7664374784.0,-0.2211700677871704
7665312256.0,-0.22735953330993652
7666250240.0,-0.23510313034057617
7667187712.0,-0.2391991913318634
7668125184.0,-0.24356067180633545
7669062656.0,-0.24640268087387085
7670000128.0,-0.24883636832237244
7670937600.0,-0.24807408452033997
7671875072.0,-0.2456006407737732
7672812544.0,-0.2427060902118683
7673750016.0,-0.23860767483711243
7674687488.0,-0.23372356593608856
7675624960.0,-0.22777366638183594
7676562432.0,-0.21993853151798248
7677499904.0,-0.21186520159244537
7678437376.0,-0.2038814127445221
7679374848.0,-0.19510851800441742
7680312320.0,-0.18562175333499908
7681249792.0,-0.17700032889842987
7682187264.0,-0.16696839034557343
7683125248.0,-0.15780413150787354
7684062720.0,0.0754646360874176
7685000192.0,0.08831319212913513
7685937664.0,0.0994172990322113
7686875136.0,0.10752846300601959
7687812608.0,0.11394248902797699
7688750080.0,0.1177159994840622
7689687552.0,0.11903122812509537
7690625024.0,0.11823122203350067
7691562496.0,0.11494588106870651
7692499968.0,0.1072152778506279
7693437440.0,0.09749964624643326
7694374912.0,0.0856533944606781
7695312384.0,0.0716535896062851
7696249856.0,0.054627325385808945
7697187328.0,0.036491237580776215
7698124800.0,0.015952883288264275
7699062272.0,-0.006071937270462513
7699999744.0,-0.030458079650998116
7700937728.0,-0.0540696457028389
7701875200.0,-0.0784120187163353
7702812672.0,-0.10273640602827072
7703750144.0,-0.12650927901268005
7704687616.0,-0.14998295903205872
7705625088.0,-0.17180366814136505
7706562560.0,-0.19296026229858398
7707500032.0,-0.2117045372724533
7708437504.0,-0.23038479685783386
7709374976.0,-0.24752177298069
7710312448.0,-0.26104995608329773
7711249920.0,-0.2756275236606598
7712187392.0,-0.2857968211174011
7713124864.0,-0.29627037048339844
7714062336.0,-0.30392104387283325
7714999808.0,-0.30919650197029114
7715937280.0,-0.313762366771698
7716874752.0,-0.31651291251182556
7717812736.0,-0.3174218237400055
7718750208.0,-0.3167448341846466
7719687680.0,-0.3158090114593506
7720625152.0,-0.31151166558265686
7721562624.0,-0.3063561022281647
7722500096.0,-0.3001451790332794
7723437568.0,-0.2927478849887848
7724375040.0,-0.28584903478622437
7725312512.0,-0.2786751985549927
7726249984.0,-0.27071768045425415
7727187456.0,-0.26326262950897217
7728124928.0,-0.2554566562175751
7729062400.0,-0.2485719919204712
7729999872.0,-0.2407081127166748
7730937344.0,-0.23409941792488098
7731874816.0,-0.2270601987838745
7732812288.0,-0.2221592664718628
7733749760.0,-0.21643732488155365
7734687744.0,-0.21362526714801788
7735625216.0,-0.20919187366962433
7736562688.0,-0.2054954171180725
7737500160.0,-0.20474375784397125
7738437632.0,-0.20292916893959045
7739375104.0,-0.20374031364917755
7740312576.0,-0.2059762179851532
7741250048.0,-0.2077196091413498
7742187520.0,-0.21096742153167725
7743124992.0,-0.2156602442264557
7744062464.0,-0.19641363620758057
7744999936.0,-0.16048114001750946
7745937408.0,-0.121956005692482
7746874880.0,-0.08144683390855789
7747812352.0,-0.039763592183589935
7748749824.0,-0.0030549303628504276
7749687296.0,0.03355608135461807
7750624768.0,0.06723422557115555
7751562752.0,0.09894957393407822
7752500224.0,0.12808293104171753
7753437696.0,0.1529809534549713
7754375168.0,0.17534689605236053
7755312640.0,0.1932687610387802
7756250112.0,0.2083907425403595
7757187584.0,0.22027933597564697
7758125056.0,0.22644788026809692
7759062528.0,0.2308157980442047
7760000000.0,0.23259902000427246
7760937472.0,0.22937259078025818
7761874944.0,0.22379639744758606
7762812416.0,0.21574904024600983
7763749888.0,0.20620757341384888
7764687360.0,0.1923937052488327
7765624832.0,0.17824262380599976
7766562304.0,0.1617639809846878
7767499776.0,0.14433962106704712
7768437248.0,0.12644727528095245
7769375232.0,0.1053936630487442
7770312704.0,0.0855453610420227
7771250176.0,0.06583920121192932
7772187648.0,0.04396854341030121
7773125120.0,0.024106619879603386
7774062592.0,0.0028644376434385777
7775000064.0,-0.01646384224295616
7775937536.0,-0.0365058071911335
7776875008.0,-0.055364951491355896
7777812480.0,-0.07481889426708221
7778749952.0,-0.09146347641944885
7779687424.0,-0.10938646644353867
7780624896.0,-0.12561263144016266
7781562368.0,-0.14175154268741608
7782499840.0,-0.15525756776332855
7783437312.0,-0.1687905192375183
7784374784.0,-0.18136274814605713
7785312256.0,-0.19206859171390533
7786250240.0,-0.20315684378147125
7787187712.0,-0.21246318519115448
7788125184.0,-0.2206694632768631
7789062656.0,-0.22966094315052032
7790000128.0,-0.23705045878887177
7790937600.0,-0.24369807541370392
7791875072.0,-0.24907709658145905
7792812544.0,-0.2563680112361908
7793750016.0,-0.26057958602905273
7794687488.0,-0.26506733894348145
7795624960.0,-0.268648236989975
7796562432.0,-0.27409642934799194
7797499904.0,-0.2802284359931946
7798437376.0,-0.2866879403591156
7799374848.0,-0.2910841107368469
7800312320.0,-0.29434463381767273
7801249792.0,-0.29585787653923035
7802187264.0,-0.29661503434181213
7803125248.0,-0.29467394948005676
7804062720.0,-0.2775786817073822
7805000192.0,-0.2691386044025421
7805937664.0,-0.25871995091438293
7806875136.0,-0.24789966642856598
7807812608.0,-0.23634707927703857
7808750080.0,-0.2226330041885376
7809687552.0,-0.20958755910396576
7810625024.0,-0.19465965032577515
7811562496.0,-0.17970992624759674
7812499968.0,-0.1645958423614502
7813437440.0,-0.1485508233308792
7814374912.0,-0.1325070559978485
7815312384.0,-0.11662560701370239
7816249856.0,-0.09977323561906815
7817187328.0,-0.08227594941854477
7818124800.0,-0.06517954915761948
7819062272.0,-0.0498819500207901
7820000256.0,-0.03448012098670006
7820937728.0,-0.01864461787045002
7821875200.0,-0.004215840250253677
7822812672.0,0.0063348496332764626
7823750144.0,0.016492385417222977
7824687616.0,0.02707582339644432
7825625088.0,0.035056885331869125
7826562560.0,0.043306633830070496
7827500032.0,0.05087142065167427
7828437504.0,0.058031078428030014
7829374976.0,0.06315717846155167
7830312448.0,0.06843546032905579
7831249920.0,0.07335883378982544
7832187392.0,0.07717695087194443
7833124864.0,0.0803670659661293
7834062336.0,0.08208856731653214
7834999808.0,0.08495531231164932
7835937280.0,0.08698124438524246
7836874752.0,0.0885038673877716
7837812736.0,0.08929295092821121
7838750208.0,0.09062730520963669
7839687680.0,0.09007277339696884
7840625152.0,0.09074191004037857
7841562624.0,0.09079666435718536
7842500096.0,0.09093359112739563
7843437568.0,0.09003284573554993
7844375040.0,0.08900680392980576
7845312512.0,0.0881558358669281
7846249984.0,0.08670731633901596
7847187456.0,0.08433139324188232
7848124928.0,0.08102396875619888
7849062400.0,0.07712051272392273
7849999872.0,0.07230998575687408
7850937344.0,0.06724786758422852
7851874816.0,0.061431750655174255
7852812288.0,0.05552997812628746
7853749760.0,0.04847894608974457
7854687744.0,0.041860032826662064
7855625216.0,0.033136036247015
7856562688.0,0.0247885063290596
7857500160.0,0.015602546744048595
7858437632.0,0.006321643013507128
7859375104.0,-0.00440280232578516
7860312576.0,-0.014587122946977615
7861250048.0,-0.02491866797208786
7862187520.0,-0.03627714887261391
7863124992.0,-0.04757624492049217
7864062464.0,0.05016176775097847
7864999936.0,0.04060259461402893
7865937408.0,0.031976714730262756
7866874880.0,0.023490121588110924
7867812352.0,0.016064275056123734
7868749824.0,0.010790358297526836
7869687296.0,0.0051239728927612305
7870624768.0,0.0007973925676196814
7871562752.0,-0.003997511230409145
7872500224.0,-0.006603896152228117
7873437696.0,-0.013273104093968868
7874375168.0,-0.01889803819358349
7875312640.0,-0.02601782977581024
7876250112.0,-0.03186381980776787
7877187584.0,-0.03992652893066406
7878125056.0,-0.04645158350467682
7879062528.0,-0.05544265732169151
7880000000.0,-0.06521070748567581
7880937472.0,-0.07587867230176926
7881874944.0,-0.08788934350013733
7882812416.0,-0.10029558837413788
7883749888.0,-0.11551336944103241
7884687360.0,-0.13268674910068512
7885624832.0,-0.14991998672485352
7886562304.0,-0.16885298490524292
7887499776.0,-0.19001495838165283
7888437248.0,-0.21028117835521698
7889375232.0,-0.23463445901870728
7890312704.0,-0.26018285751342773
7891250176.0,-0.28429362177848816
7892187648.0,-0.3096971809864044
7893125120.0,-0.33446604013442993
7894062592.0,-0.35986629128456116
7895000064.0,-0.38393208384513855
7895937536.0,-0.4082247018814087
7896875008.0,-0.4312306344509125
7897812480.0,-0.45192936062812805
7898749952.0,-0.47037333250045776
7899687424.0,-0.4857109785079956
7900624896.0,-0.49734029173851013
7901562368.0,-0.5085811018943787
7902499840.0,-0.5163846611976624
7903437312.0,-0.5217443704605103
7904374784.0,-0.5239973068237305
7905312256.0,-0.5236513614654541
7906250240.0,-0.5192609429359436
7907187712.0,-0.5124099850654602
7908125184.0,-0.5028882026672363
7909062656.0,-0.48976391553878784
7910000128.0,-0.4737016558647156
7910937600.0,-0.4553034007549286
7911875072.0,-0.434538334608078
7912812544.0,-0.4125339686870575
7913750016.0,-0.38655754923820496
7914687488.0,-0.36059555411338806
7915624960.0,-0.3325183689594269
7916562432.0,-0.3026178777217865
7917499904.0,-0.27249470353126526
7918437376.0,-0.24288249015808105
7919374848.0,-0.21222524344921112
7920312320.0,-0.18200518190860748
7921249792.0,-0.1525311917066574
7922187264.0,-0.12260276079177856
7923125248.0,-0.09383996576070786
7924062720.0,0.052664004266262054
7925000192.0,0.07479669153690338
7925937664.0,0.09372279793024063
7926875136.0,0.11145598441362381
7927812608.0,0.1272106021642685
7928750080.0,0.13865827023983002
7929687552.0,0.14910440146923065
7930625024.0,0.15584024786949158
7931562496.0,0.16096970438957214
7932499968.0,0.16330361366271973
7933437440.0,0.16398485004901886
7934374912.0,0.16145217418670654
7935312384.0,0.157667875289917
7936249856.0,0.15139049291610718
7937187328.0,0.14379504323005676
7938124800.0,0.133697509765625
7939062272.0,0.12297147512435913
7939999744.0,0.10907040536403656
7940937728.0,0.0944361686706543
7941875200.0,0.07855822145938873
7942812672.0,0.061335839331150055
7943750144.0,0.04141063615679741
7944687616.0,0.022874057292938232
7945625088.0,0.0017117552924901247
7946562560.0,-0.01843293011188507
7947500032.0,-0.04132348671555519
7948437504.0,-0.0635073110461235
7949374976.0,-0.08731961995363235
7950312448.0,-0.10755610466003418
7951249920.0,-0.12905916571617126
7952187392.0,-0.1509028971195221
7953124864.0,-0.17191766202449799
7954062336.0,-0.1942799836397171
7954999808.0,-0.2164222002029419
7955937280.0,-0.2369706928730011
7956874752.0,-0.2584865391254425
7957812736.0,-0.2802630662918091
7958750208.0,-0.3016570508480072
7959687680.0,-0.32234546542167664
7960625152.0,-0.3420448899269104
7961562624.0,-0.3622273802757263
7962500096.0,-0.3826754689216614
7963437568.0,-0.40024271607398987
7964375040.0,-0.41824766993522644
7965312512.0,-0.4353666305541992
7966249984.0,-0.45071619749069214
7967187456.0,-0.4657065272331238
7968124928.0,-0.47837740182876587
7969062400.0,-0.4898872971534729
7969999872.0,-0.49911072850227356
7970937344.0,-0.5080887079238892
7971874816.0,-0.5151925683021545
7972812288.0,-0.5181636214256287
7973749760.0,-0.5201226472854614
7974687744.0,-0.5221147537231445
7975625216.0,-0.5226172208786011
7976562688.0,-0.5191584229469299
7977500160.0,-0.5144000053405762
7978437632.0,-0.5072439908981323
7979375104.0,-0.4974452555179596
7980312576.0,-0.4855274558067322
7981250048.0,-0.47193142771720886
7982187520.0,-0.4557168185710907
7983124992.0,-0.437294065952301
7984062464.0,-0.41422104835510254
7984999936.0,-0.3997077941894531
7985937408.0,-0.38508450984954834
7986874880.0,-0.3683622181415558
7987812352.0,-0.35067012906074524
7988749824.0,-0.33236926794052124
7989687296.0,-0.3131760358810425
7990624768.0,-0.29427289962768555
7991562752.0,-0.27430614829063416
7992500224.0,-0.2533569633960724
7993437696.0,-0.2328788787126541
7994375168.0,-0.21255648136138916
7995312640.0,-0.19278471171855927
7996250112.0,-0.1721068024635315
7997187584.0,-0.15239286422729492
7998125056.0,-0.13293561339378357
7999062528.0,-0.1151619702577591
8000000000.0,-0.09457922726869583
