Frequency (Hz),Measurement
2000000000.0,0.19373895227909088
2000937472.0,0.1863597333431244
2001874944.0,0.1779603511095047
2002812544.0,0.16842696070671082
2003750016.0,0.15864701569080353
2004687488.0,0.14893187582492828
2005624960.0,0.13805539906024933
2006562560.0,0.1266760528087616
2007500032.0,0.1142326071858406
2008437504.0,0.10200745612382889
2009374976.0,0.08928181231021881
2010312448.0,0.07577751576900482
2011250048.0,0.06183329224586487
2012187520.0,0.04754148796200752
2013124992.0,0.032786350697278976
2014062464.0,0.019207334145903587
2015000064.0,0.004513565916568041
2015937536.0,-0.009429514408111572
2016875008.0,-0.02278876304626465
2017812480.0,-0.035571686923503876
2018749952.0,-0.04793505743145943
2019687552.0,-0.06042827293276787
2020625024.0,-0.07016097009181976
2021562496.0,-0.08003470301628113
2022499968.0,-0.08884438127279282
2023437440.0,-0.09615849703550339
2024375040.0,-0.10197173804044724
2025312512.0,-0.10649295151233673
2026249984.0,-0.10997460782527924
2027187456.0,-0.11138004809617996
2028125056.0,-0.11179844290018082
2029062528.0,-0.11037760972976685
2030000000.0,-0.10722512006759644
2030937472.0,-0.10231392085552216
2031874944.0,-0.09540650248527527
2032812544.0,-0.08797057718038559
2033750016.0,-0.07999048382043839
2034687488.0,-0.06925034523010254
2035624960.0,-0.05815170705318451
2036562560.0,-0.0468561127781868
2037500032.0,-0.03419310972094536
2038437504.0,-0.020936431363224983
2039374976.0,-0.007378146983683109
2040312448.0,0.006391840521246195
2041250048.0,0.021659893915057182
2042187520.0,0.036084145307540894
2043124992.0,0.049579404294490814
2044062464.0,0.06316687166690826
2044999936.0,0.07606624066829681
2045937536.0,0.08775918930768967
2046875008.0,0.09918119013309479
2047812480.0,0.10957358777523041
2048749952.0,0.10705164819955826
2049687552.0,0.11760716885328293
2050625024.0,0.12411338090896606
2051562496.0,0.12987078726291656
2052499968.0,0.13360263407230377
2053437440.0,0.13572745025157928
2054375040.0,0.13542120158672333
2055312512.0,0.13382276892662048
2056249984.0,0.1297859400510788
2057187456.0,0.12445999681949615
2058125056.0,0.1160370409488678
2059062528.0,0.10596499592065811
2060000000.0,0.09456818550825119
2060937472.0,0.08076602220535278
2061874944.0,0.06650099903345108
2062812544.0,0.050511185079813004
2063750016.0,0.03308307006955147
2064687488.0,0.016519518569111824
2065624960.0,-0.001144998474046588
2066562560.0,-0.017626481130719185
2067500032.0,-0.035589899867773056
2068437504.0,-0.05209089815616608
2069374976.0,-0.06794892996549606
2070312448.0,-0.08262740820646286
2071250048.0,-0.09558001160621643
2072187520.0,-0.10671719908714294
2073124992.0,-0.1168171614408493
2074062464.0,-0.12445009499788284
2075000064.0,-0.12985847890377045
2075937536.0,-0.13311754167079926
2076875008.0,-0.13397453725337982
2077812480.0,-0.1335742175579071
2078749952.0,-0.13014039397239685
2079687552.0,-0.12676942348480225
2080625024.0,-0.12063957005739212
2081562496.0,-0.11279436945915222
2082499968.0,-0.1047002524137497
2083437440.0,-0.09397079050540924
2084375040.0,-0.08303333073854446
2085312512.0,-0.0709165558218956
2086249984.0,-0.059318479150533676
2087187456.0,-0.0462704636156559
2088125056.0,-0.033889126032590866
2089062528.0,-0.021489419043064117
2090000000.0,-0.010429002344608307
2090937472.0,0.0004284362366888672
2091874944.0,0.010924085043370724
2092812544.0,0.021107850596308708
2093750016.0,0.03066905215382576
2094687488.0,0.03898115083575249
2095624960.0,0.04673798754811287
2096562560.0,0.05299609526991844
2097500032.0,0.059032488614320755
2098437504.0,0.0641387328505516
2099374976.0,0.06872783601284027
2100312448.0,0.07260958850383759
2101250048.0,0.07672445476055145
2102187520.0,0.0814446359872818
2103124992.0,0.08565359562635422
2104062464.0,0.09060876816511154
2104999936.0,0.09434545040130615
2105937536.0,0.09903514385223389
2106875008.0,0.10398553311824799
2107812480.0,0.10879825800657272
2108749952.0,0.13888047635555267
2109687552.0,0.14559347927570343
2110625024.0,0.15045490860939026
2111562496.0,0.1558436155319214
2112499968.0,0.1603391319513321
2113437440.0,0.1623070389032364
2114375040.0,0.16473634541034698
2115312512.0,0.1649770736694336
2116249984.0,0.16362279653549194
2117187456.0,0.16179481148719788
2118125056.0,0.1585560292005539
2119062528.0,0.1545860320329666
2120000000.0,0.14816159009933472
2120937472.0,0.1415327787399292
2121874944.0,0.13170075416564941
2122812544.0,0.12242461740970612
2123750016.0,0.11230768263339996
2124687488.0,0.10048867017030716
2125624960.0,0.0880604237318039
2126562560.0,0.07599855959415436
2127500032.0,0.0631321519613266
2128437504.0,0.0494275838136673
2129374976.0,0.03619043156504631
2130312448.0,0.022937731817364693
2131250048.0,0.00924170482903719
2132187520.0,-0.0034486239310353994
2133124992.0,-0.015915023162961006
2134062464.0,-0.02674040012061596
2135000064.0,-0.0380026139318943
2135937536.0,-0.04717881605029106
2136875008.0,-0.05638155713677406
2137812480.0,-0.062430255115032196
2138749952.0,-0.06791245192289352
2139687552.0,-0.07178695499897003
2140625024.0,-0.07523127645254135
2141562496.0,-0.07578926533460617
2142499968.0,-0.07659246772527695
2143437440.0,-0.0748148113489151
2144375040.0,-0.07132665812969208
2145312512.0,-0.06720321625471115
2146249984.0,-0.062465816736221313
2147187456.0,-0.05691811814904213
2148124928.0,-0.04876764863729477
2149062400.0,-0.041201524436473846
2150000128.0,-0.032681625336408615
2150937600.0,-0.023653728887438774
2151875072.0,-0.014964901842176914
2152812544.0,-0.00468461075797677
2153750016.0,0.004762433934956789
2154687488.0,0.014226903207600117
2155624960.0,0.023349342867732048
2156562432.0,0.032101187855005264
2157499904.0,0.040337543934583664
2158437376.0,0.04793237894773483
2159375104.0,0.054703034460544586
2160312576.0,0.061596427112817764
2161250048.0,0.0672759860754013
2162187520.0,0.07118138670921326
2163124992.0,0.07588091492652893
2164062464.0,0.07971291244029999
2164999936.0,0.08269037306308746
2165937408.0,0.08480823785066605
2166874880.0,0.08654062449932098
2167812608.0,0.08869286626577377
2168750080.0,0.16087637841701508
2169687552.0,0.16228093206882477
2170625024.0,0.16200244426727295
2171562496.0,0.1601991057395935
2172499968.0,0.15630760788917542
2173437440.0,0.15089137852191925
2174374912.0,0.1438140571117401
2175312384.0,0.1363750547170639
2176250112.0,0.12705764174461365
2177187584.0,0.11704462021589279
2178125056.0,0.10586880892515182
2179062528.0,0.09356442093849182
2180000000.0,0.08039078861474991
2180937472.0,0.06727435439825058
2181874944.0,0.053689416497945786
2182812416.0,0.04059088975191116
2183749888.0,0.026268713176250458
2184687616.0,0.012846510857343674
2185625088.0,-0.0005340045318007469
2186562560.0,-0.01384213287383318
2187500032.0,-0.026808766648173332
2188437504.0,-0.03866133093833923
2189374976.0,-0.05021675303578377
2190312448.0,-0.06024707108736038
2191249920.0,-0.07010088860988617
2192187392.0,-0.07852785289287567
2193125120.0,-0.08631399273872375
2194062592.0,-0.09485018998384476
2195000064.0,-0.09969967603683472
2195937536.0,-0.1049475371837616
2196875008.0,-0.11012940853834152
2197812480.0,-0.11244295537471771
2198749952.0,-0.11513959616422653
2199687424.0,-0.11659969389438629
2200624896.0,-0.11780375242233276
2201562624.0,-0.11889651417732239
2202500096.0,-0.11813082545995712
2203437568.0,-0.11619681119918823
2204375040.0,-0.1144280657172203
2205312512.0,-0.1126856803894043
2206249984.0,-0.11011389642953873
2207187456.0,-0.10636646300554276
2208124928.0,-0.10162851959466934
2209062400.0,-0.09717215597629547
2209999872.0,-0.09314729273319244
2210937600.0,-0.08719879388809204
2211875072.0,-0.08028052747249603
2212812544.0,-0.07346853613853455
2213750016.0,-0.06670837849378586
2214687488.0,-0.059431292116642
2215624960.0,-0.051644422113895416
2216562432.0,-0.04345208778977394
2217499904.0,-0.035447895526885986
2218437376.0,-0.026920776814222336
2219375104.0,-0.018007755279541016
2220312576.0,-0.009908348321914673
2221250048.0,-0.0005024124402552843
2222187520.0,0.008668160066008568
2223124992.0,0.018188215792179108
2224062464.0,0.027326077222824097
2224999936.0,0.037186793982982635
2225937408.0,0.04819769039750099
2226874880.0,0.0582202710211277
2227812608.0,0.06798773258924484
2228750080.0,0.07561632990837097
2229687552.0,0.08298419415950775
2230625024.0,0.09152594953775406
2231562496.0,0.09916198998689651
2232499968.0,0.1068076640367508
2233437440.0,0.11292719095945358
2234374912.0,0.11835239082574844
2235312384.0,0.12150587141513824
2236250112.0,0.12321925908327103
2237187584.0,0.12414424121379852
2238125056.0,0.12181495130062103
2239062528.0,0.11767978966236115
2240000000.0,0.11298105865716934
2240937472.0,0.10707692801952362
2241874944.0,0.09854143112897873
2242812416.0,0.0901738703250885
2243749888.0,0.07970606535673141
2244687616.0,0.06863872706890106
2245625088.0,0.05752045661211014
2246562560.0,0.0449201762676239
2247500032.0,0.030432159081101418
2248437504.0,0.016240816563367844
2249374976.0,0.0006658605416305363
2250312448.0,-0.01538908202201128
2251249920.0,-0.032383110374212265
2252187392.0,-0.05063657462596893
2253125120.0,-0.06841379404067993
2254062592.0,-0.08766407519578934
2255000064.0,-0.10754401236772537
2255937536.0,-0.1260000467300415
2256875008.0,-0.1461852788925171
2257812480.0,-0.16446371376514435
2258749952.0,-0.18363291025161743
2259687424.0,-0.20289261639118195
2260624896.0,-0.22167576849460602
2261562624.0,-0.2394840270280838
2262500096.0,-0.25697511434555054
2263437568.0,-0.27409034967422485
2264375040.0,-0.28966039419174194
2265312512.0,-0.30342790484428406
2266249984.0,-0.31729623675346375
2267187456.0,-0.3289788067340851
2268124928.0,-0.339683473110199
2269062400.0,-0.3485400676727295
2270000128.0,-0.35622501373291016
2270937600.0,-0.36255207657814026
2271875072.0,-0.3672289550304413
2272812544.0,-0.3709993064403534
2273750016.0,-0.3722633421421051
2274687488.0,-0.3723476231098175
2275624960.0,-0.3704952001571655
2276562432.0,-0.3675878047943115
2277499904.0,-0.363786906003952
2278437376.0,-0.3585893511772156
2279375104.0,-0.35177403688430786
2280312576.0,-0.34353822469711304
2281250048.0,-0.3345628082752228
2282187520.0,-0.32508420944213867
2283124992.0,-0.3154035210609436
2284062464.0,-0.30452629923820496
2284999936.0,-0.2935147285461426
2285937408.0,-0.283182829618454
2286874880.0,-0.27224886417388916
2287812608.0,-0.2623441517353058
2288750080.0,-0.2757384479045868
2289687552.0,-0.27872052788734436
2290625024.0,-0.28113383054733276
2291562496.0,-0.28480374813079834
2292499968.0,-0.28755179047584534
2293437440.0,-0.29180970788002014
2294374912.0,-0.296276718378067
2295312384.0,-0.30080118775367737
2296250112.0,-0.30638182163238525
2297187584.0,-0.31247591972351074
2298125056.0,-0.321290522813797
2299062528.0,-0.33117440342903137
2300000000.0,-0.34250521659851074
2300937472.0,-0.35586780309677124
2301874944.0,-0.37008213996887207
2302812416.0,-0.38809964060783386
2303749888.0,-0.40750056505203247
2304687616.0,-0.4303340017795563
2305625088.0,-0.4546491801738739
2306562560.0,-0.4820622503757477
2307500032.0,-0.5115926265716553
2308437504.0,-0.5437263250350952
2309374976.0,-0.5746800303459167
2310312448.0,-0.6016714572906494
2311249920.0,-0.6287882328033447
2312187392.0,-0.6580612063407898
2313125120.0,-0.6888452768325806
2314062592.0,-0.7199528813362122
2315000064.0,-0.7522265911102295
2315937536.0,-0.7864483594894409
2316875008.0,-0.8201653361320496
2317812480.0,-0.8561808466911316
2318749952.0,-0.8911318778991699
2319687424.0,-0.9261803030967712
2320624896.0,-0.9600189328193665
2321562624.0,-0.9928159117698669
2322500096.0,-1.0251638889312744
2323437568.0,-1.056304931640625
2324375040.0,-1.083507776260376
2325312512.0,-1.1107540130615234
2326249984.0,-1.1363325119018555
2327187456.0,-1.1598258018493652
2328124928.0,-1.1811740398406982
2329062400.0,-1.1996352672576904
2329999872.0,-1.2150084972381592
2330937600.0,-1.2287517786026
2331875072.0,-1.239048957824707
2332812544.0,-1.2478643655776978
2333750016.0,-1.2541439533233643
2334687488.0,-1.2575359344482422
2335624960.0,-1.2577120065689087
2336562432.0,-1.25681471824646
2337499904.0,-1.252730369567871
2338437376.0,-1.2469455003738403
2339375104.0,-1.2389498949050903
2340312576.0,-1.229198694229126
2341250048.0,-1.2185994386672974
2342187520.0,-1.2058656215667725
2343124992.0,-1.1920217275619507
2344062464.0,-1.1783119440078735
2344999936.0,-1.1638563871383667
2345937408.0,-1.149288296699524
2346874880.0,-1.1354098320007324
2347812608.0,-1.1204041242599487
2348750080.0,-1.0917166471481323
2349687552.0,-1.0819171667099
2350625024.0,-1.072137713432312
2351562496.0,-1.0631295442581177
2352499968.0,-1.0534591674804688
2353437440.0,-1.043289065361023
2354374912.0,-1.0352734327316284
2355312384.0,-1.027525544166565
2356250112.0,-1.0210753679275513
2357187584.0,-1.0146509408950806
2358125056.0,-1.0105748176574707
2359062528.0,-1.0061235427856445
2360000000.0,-1.0039277076721191
2360937472.0,-1.0028457641601562
2361874944.0,-1.0027409791946411
2362812416.0,-1.004206895828247
2363749888.0,-1.00706946849823
2364687616.0,-1.0117536783218384
2365625088.0,-1.017483115196228
2366562560.0,-1.025268316268921
2367500032.0,-1.0336904525756836
2368437504.0,-1.043176531791687
2369374976.0,-1.0526525974273682
2370312448.0,-1.0626559257507324
2371249920.0,-1.0713889598846436
2372187392.0,-1.080220341682434
2373125120.0,-1.0867486000061035
2374062592.0,-1.0925928354263306
2375000064.0,-1.095752477645874
2375937536.0,-1.097391963005066
2376875008.0,-1.095826268196106
2377812480.0,-1.0910159349441528
2378749952.0,-1.0831732749938965
2379687424.0,-1.0726174116134644
2380624896.0,-1.0588123798370361
2381562624.0,-1.0413206815719604
2382500096.0,-1.0201078653335571
2383437568.0,-0.9971627593040466
2384375040.0,-0.9706128835678101
2385312512.0,-0.9418007135391235
2386249984.0,-0.9094511866569519
2387187456.0,-0.8774423003196716
2388124928.0,-0.8434289693832397
2389062400.0,-0.8082103133201599
2390000128.0,-0.7723414301872253
2390937600.0,-0.7369791865348816
2391875072.0,-0.700619637966156
2392812544.0,-0.664546549320221
2393750016.0,-0.6301741600036621
2394687488.0,-0.5951261520385742
2395624960.0,-0.5621849298477173
2396562432.0,-0.5299625396728516
2397499904.0,-0.497673362493515
2398437376.0,-0.4674684405326843
2399375104.0,-0.43707218766212463
2400312576.0,-0.408378005027771
2401250048.0,-0.38106852769851685
2402187520.0,-0.3545055389404297
2403124992.0,-0.3279488682746887
2404062464.0,-0.302338570356369
2404999936.0,-0.27734076976776123
2405937408.0,-0.2530951499938965
2406874880.0,-0.2288055121898651
2407812608.0,-0.20609158277511597
2408750080.0,-0.13132400810718536
2409687552.0,-0.10866869986057281
2410625024.0,-0.08683566004037857
2411562496.0,-0.06803838908672333
2412499968.0,-0.04899009317159653
2413437440.0,-0.03248143196105957
2414374912.0,-0.01876550167798996
2415312384.0,-0.0075301360338926315
2416250112.0,0.001666581374593079
2417187584.0,0.006353097036480904
2418125056.0,0.009786233305931091
2419062528.0,0.008735604584217072
2420000000.0,0.004321784246712923
2420937472.0,-0.003099408932030201
2421874944.0,-0.014023113995790482
2422812416.0,-0.027843881398439407
2423749888.0,-0.044427838176488876
2424687616.0,-0.06481693685054779
2425625088.0,-0.08732464164495468
2426562560.0,-0.11255928128957748
2427500032.0,-0.13970790803432465
2428437504.0,-0.16736440360546112
2429374976.0,-0.1966494619846344
2430312448.0,-0.2266712486743927
2431249920.0,-0.25742727518081665
2432187392.0,-0.28684696555137634
2433125120.0,-0.31516915559768677
2434062592.0,-0.3431980609893799
2435000064.0,-0.36821573972702026
2435937536.0,-0.3910369873046875
2436875008.0,-0.41151973605155945
2437812480.0,-0.428928017616272
2438749952.0,-0.4426800012588501
2439687424.0,-0.4545029103755951
2440624896.0,-0.46129170060157776
2441562624.0,-0.46540239453315735
2442500096.0,-0.46465402841567993
2443437568.0,-0.4611838161945343
2444375040.0,-0.4532432556152344
2445312512.0,-0.44254061579704285
2446249984.0,-0.42886093258857727
2447187456.0,-0.41166383028030396
2448124928.0,-0.3907625377178192
2449062400.0,-0.3678613603115082
2449999872.0,-0.342605322599411
2450937600.0,-0.3154130280017853
2451875072.0,-0.28592658042907715
2452812544.0,-0.2556396722793579
2453750016.0,-0.22347323596477509
2454687488.0,-0.19094407558441162
2455624960.0,-0.15878450870513916
2456562432.0,-0.1255105435848236
2457499904.0,-0.0922701507806778
2458437376.0,-0.058620549738407135
2459375104.0,-0.026144320145249367
2460312576.0,0.004538951441645622
2461250048.0,0.03550415486097336
2462187520.0,0.06512556970119476
2463124992.0,0.09440921992063522
2464062464.0,0.12075555324554443
2464999936.0,0.14602841436862946
2465937408.0,0.17126479744911194
2466874880.0,0.19409045577049255
2467812608.0,0.2160058617591858
2468750080.0,0.12959986925125122
2469687552.0,0.14321772754192352
2470625024.0,0.160446897149086
2471562496.0,0.17281676828861237
2472499968.0,0.1849893182516098
2473437440.0,0.19512513279914856
2474374912.0,0.2030048668384552
2475312384.0,0.20934677124023438
2476250112.0,0.21402910351753235
2477187584.0,0.21702951192855835
2478125056.0,0.2174096256494522
2479062528.0,0.21564292907714844
2480000000.0,0.21241283416748047
2480937472.0,0.20759227871894836
2481874944.0,0.19953982532024384
2482812416.0,0.1905798465013504
2483749888.0,0.17975196242332458
2484687616.0,0.16705374419689178
2485625088.0,0.15282762050628662
2486562560.0,0.13624636828899384
2487500032.0,0.11962880194187164
2488437504.0,0.10075867176055908
2489374976.0,0.08125428855419159
2490312448.0,0.061579931527376175
2491249920.0,0.04058048501610756
2492187392.0,0.020735152065753937
2493125120.0,-0.0002419740048935637
2494062592.0,-0.020701579749584198
2495000064.0,-0.041629988700151443
2495937536.0,-0.06189076974987984
2496875008.0,-0.08026374131441116
2497812480.0,-0.09904742985963821
2498749952.0,-0.11610576510429382
2499687424.0,-0.131971538066864
2500624896.0,-0.14537319540977478
2501562624.0,-0.15814369916915894
2502500096.0,-0.16769927740097046
2503437568.0,-0.17628508806228638
2504375040.0,-0.18472009897232056
2505312512.0,-0.18839536607265472
2506249984.0,-0.19164098799228668
2507187456.0,-0.19237138330936432
2508124928.0,-0.19102342426776886
2509062400.0,-0.1881616860628128
2510000128.0,-0.18231256306171417
2510937600.0,-0.17517194151878357
2511875072.0,-0.16670095920562744
2512812544.0,-0.15589065849781036
2513750016.0,-0.14258776605129242
2514687488.0,-0.13014276325702667
2515624960.0,-0.11457923799753189
2516562432.0,-0.09845655411481857
2517499904.0,-0.08124378323554993
2518437376.0,-0.06409932672977448
2519375104.0,-0.04486595839262009
2520312576.0,-0.024890022352337837
2521250048.0,-0.006372756324708462
2522187520.0,0.013039872981607914
2523124992.0,0.03313383832573891
2524062464.0,0.05084383115172386
2524999936.0,0.06912591308355331
2525937408.0,0.08602885901927948
2526874880.0,0.10317733138799667
2527812608.0,0.11911434680223465
2528750080.0,0.17214328050613403
2529687552.0,0.17813268303871155
2530625024.0,0.18370626866817474
2531562496.0,0.1873801350593567
2532499968.0,0.19057053327560425
2533437440.0,0.19269509613513947
2534374912.0,0.19357173144817352
2535312384.0,0.19450156390666962
2536250112.0,0.19454249739646912
2537187584.0,0.19257324934005737
2538125056.0,0.1902114599943161
2539062528.0,0.18663367629051208
2540000000.0,0.18258216977119446
2540937472.0,0.1772305965423584
2541874944.0,0.17117318511009216
2542812416.0,0.16360783576965332
2543749888.0,0.1532420516014099
2544687616.0,0.14329694211483002
2545625088.0,0.13256417214870453
2546562560.0,0.1202881783246994
2547500032.0,0.10768398642539978
2548437504.0,0.09431377053260803
2549374976.0,0.07934819906949997
2550312448.0,0.06406399607658386
2551249920.0,0.048577092587947845
2552187392.0,0.03201980143785477
2553125120.0,0.01612963154911995
2554062592.0,-4.0755570807959884e-05
2555000064.0,-0.016618486493825912
2555937536.0,-0.03271416202187538
2556875008.0,-0.04801802337169647
2557812480.0,-0.06306060403585434
2558749952.0,-0.07642114907503128
2559687424.0,-0.08946412056684494
2560624896.0,-0.10143248736858368
2561562624.0,-0.1102268323302269
2562500096.0,-0.11907928436994553
2563437568.0,-0.12617340683937073
2564375040.0,-0.13122430443763733
2565312512.0,-0.13478228449821472
2566249984.0,-0.13641563057899475
2567187456.0,-0.13557147979736328
2568124928.0,-0.1331607699394226
2569062400.0,-0.12926563620567322
2569999872.0,-0.12306763976812363
2570937600.0,-0.1138613149523735
2571875072.0,-0.1031823456287384
2572812544.0,-0.09135202318429947
2573750016.0,-0.07892069220542908
2574687488.0,-0.06362880021333694
2575624960.0,-0.04747651517391205
2576562432.0,-0.029811212792992592
2577499904.0,-0.011093282140791416
2578437376.0,0.007947050034999847
2579375104.0,0.028230074793100357
2580312576.0,0.04781206697225571
2581250048.0,0.06873863190412521
2582187520.0,0.08833049237728119
2583124992.0,0.108244888484478
2584062464.0,0.12750311195850372
2584999936.0,0.14537306129932404
2585937408.0,0.1625121682882309
2586874880.0,0.17790581285953522
2587812608.0,0.19256065785884857
2588750080.0,0.21662521362304688
2589687552.0,0.22472737729549408
2590625024.0,0.23093435168266296
2591562496.0,0.23381473124027252
2592499968.0,0.2350885272026062
2593437440.0,0.23454493284225464
2594374912.0,0.23062080144882202
2595312384.0,0.22519399225711823
2596250112.0,0.2169419676065445
2597187584.0,0.20847241580486298
2598125056.0,0.19680172204971313
2599062528.0,0.1828225553035736
2600000000.0,0.16865955293178558
2600937472.0,0.1539619415998459
2601874944.0,0.13793282210826874
2602812416.0,0.12045523524284363
2603749888.0,0.10406112670898438
2604687616.0,0.08624618500471115
2605625088.0,0.06943845003843307
2606562560.0,0.052425533533096313
2607500032.0,0.03566821664571762
2608437504.0,0.019870836287736893
2609374976.0,0.0032188924960792065
2610312448.0,-0.01074149925261736
2611249920.0,-0.024680620059370995
2612187392.0,-0.03707951307296753
2613125120.0,-0.04780634865164757
2614062592.0,-0.059272073209285736
2615000064.0,-0.06796295940876007
2615937536.0,-0.07579274475574493
2616875008.0,-0.08211041986942291
2617812480.0,-0.08788750320672989
2618749952.0,-0.09248656779527664
2619687424.0,-0.09453930705785751
2620624896.0,-0.09640771895647049
2621562624.0,-0.09787128120660782
2622500096.0,-0.09772063791751862
2623437568.0,-0.09708657115697861
2624375040.0,-0.09575353562831879
2625312512.0,-0.09315847605466843
2626249984.0,-0.09089595824480057
2627187456.0,-0.08693501353263855
2628124928.0,-0.08158495277166367
2629062400.0,-0.07700993120670319
2630000128.0,-0.07066985964775085
2630937600.0,-0.06401443481445312
2631875072.0,-0.05759482458233833
2632812544.0,-0.04996424540877342
2633750016.0,-0.041241202503442764
2634687488.0,-0.031803056597709656
2635624960.0,-0.02263283170759678
2636562432.0,-0.011767311953008175
2637499904.0,-0.0008277773740701377
2638437376.0,0.011428412050008774
2639375104.0,0.02430604211986065
2640312576.0,0.0384465791285038
2641250048.0,0.052597999572753906
2642187520.0,0.06765463948249817
2643124992.0,0.08364490419626236
2644062464.0,0.1005280613899231
2644999936.0,0.11621289700269699
2645937408.0,0.1331484466791153
2646874880.0,0.15025293827056885
2647812608.0,0.22696585953235626
2648750080.0,0.23844404518604279
2649687552.0,0.24920494854450226
2650625024.0,0.25656792521476746
2651562496.0,0.26241734623908997
2652499968.0,0.2666216790676117
2653437440.0,0.2671486437320709
2654374912.0,0.2658097743988037
2655312384.0,0.2609681189060211
2656250112.0,0.2527797222137451
2657187584.0,0.2165784239768982
2658125056.0,0.1989489644765854
2659062528.0,0.17919358611106873
2660000000.0,0.1568993180990219
2660937472.0,0.1331130713224411
2661874944.0,0.10720976442098618
2662812416.0,0.07888085395097733
2663749888.0,0.049681633710861206
2664687616.0,0.02106826938688755
2665625088.0,-0.008690277114510536
2666562560.0,-0.03763149306178093
2667500032.0,-0.06699372828006744
2668437504.0,-0.09511067718267441
2669374976.0,-0.1217188835144043
2670312448.0,-0.1458650827407837
2671249920.0,-0.16895274817943573
2672187392.0,-0.18956926465034485
2673125120.0,-0.20662817358970642
2674062592.0,-0.2213813066482544
2675000064.0,-0.2331409603357315
2675937536.0,-0.24141758680343628
2676875008.0,-0.24816764891147614
2677812480.0,-0.2507946193218231
2678749952.0,-0.2504221796989441
2679687424.0,-0.2478146255016327
2680624896.0,-0.24228739738464355
2681562624.0,-0.2342100590467453
2682500096.0,-0.22375215590000153
2683437568.0,-0.21205230057239532
2684375040.0,-0.1971239298582077
2685312512.0,-0.18123790621757507
2686249984.0,-0.16445292532444
2687187456.0,-0.14542922377586365
2688124928.0,-0.12652218341827393
2689062400.0,-0.10777785629034042
2689999872.0,-0.087582528591156
2690937600.0,-0.0679960548877716
2691875072.0,-0.048278242349624634
2692812544.0,-0.028325045481324196
2693750016.0,-0.009444436989724636
2694687488.0,0.00895743165165186
2695624960.0,0.028994418680667877
2696562432.0,0.047227904200553894
2697499904.0,0.06534897536039352
2698437376.0,0.08280666917562485
2699375104.0,0.10080021619796753
2700312576.0,0.11805374920368195
2701250048.0,0.134317547082901
2702187520.0,0.15098610520362854
2703124992.0,0.16653408110141754
2704062464.0,0.1821642518043518
2704999936.0,0.19690416753292084
2705937408.0,0.2111523300409317
2706874880.0,0.22452175617218018
2707812608.0,0.1975671797990799
2708750080.0,0.20411145687103271
2709687552.0,0.2103428989648819
2710625024.0,0.2144540548324585
2711562496.0,0.21719659864902496
2712499968.0,0.21925576031208038
2713437440.0,0.22000613808631897
2714374912.0,0.2182103395462036
2715312384.0,0.2160971611738205
2716250112.0,0.21223990619182587
2717187584.0,0.20807401835918427
2718125056.0,0.20173001289367676
2719062528.0,0.19236522912979126
2720000000.0,0.18266654014587402
2720937472.0,0.17145922780036926
2721874944.0,0.15923458337783813
2722812416.0,0.14525742828845978
2723749888.0,0.13161638379096985
2724687616.0,0.11448720842599869
2725625088.0,0.09783464670181274
2726562560.0,0.08136586099863052
2727500032.0,0.0632057636976242
2728437504.0,0.04504624754190445
2729374976.0,0.026699896901845932
2730312448.0,0.006985351908951998
2731249920.0,-0.01184068713337183
2732187392.0,-0.030037138611078262
2733125120.0,-0.04851313680410385
2734062592.0,-0.06579651683568954
2735000064.0,-0.08282952755689621
2735937536.0,-0.0988343209028244
2736875008.0,-0.11399734020233154
2737812480.0,-0.1280355602502823
2738749952.0,-0.141211599111557
2739687424.0,-0.1513788104057312
2740624896.0,-0.1603376418352127
2741562624.0,-0.16944146156311035
2742500096.0,-0.17554019391536713
2743437568.0,-0.1793568879365921
2744375040.0,-0.18249854445457458
2745312512.0,-0.18342283368110657
2746249984.0,-0.182447612285614
2747187456.0,-0.18001393973827362
2748124928.0,-0.17550241947174072
2749062400.0,-0.16900363564491272
2750000128.0,-0.16165907680988312
2750937600.0,-0.15207414329051971
2751875072.0,-0.14002488553524017
2752812544.0,-0.12812365591526031
2753750016.0,-0.11469054222106934
2754687488.0,-0.09903162717819214
2755624960.0,-0.08357669413089752
2756562432.0,-0.06630270183086395
2757499904.0,-0.047594986855983734
2758437376.0,-0.02891680598258972
2759375104.0,-0.01099997479468584
2760312576.0,0.008249480277299881
2761250048.0,0.02725474163889885
2762187520.0,0.045933499932289124
2763124992.0,0.06559325754642487
2764062464.0,0.08277125656604767
2764999936.0,0.09886396676301956
2765937408.0,0.1149553507566452
2766874880.0,0.12993240356445312
2767812608.0,0.18716032803058624
2768750080.0,0.18698084354400635
2769687552.0,0.185475155711174
2770625024.0,0.18302081525325775
2771562496.0,0.1795920878648758
2772499968.0,0.17557360231876373
2773437440.0,0.17027553915977478
2774374912.0,0.16467274725437164
2775312384.0,0.15749816596508026
2776250112.0,0.14958150684833527
2777187584.0,0.14114946126937866
2778125056.0,0.1327114850282669
2779062528.0,0.12285266816616058
2780000000.0,0.11318892985582352
2780937472.0,0.10209264606237411
2781874944.0,0.09047327935695648
2782812416.0,0.07926357537508011
2783749888.0,0.06616411358118057
2784687616.0,0.054711319506168365
2785625088.0,0.041749224066734314
2786562560.0,0.029188882559537888
2787500032.0,0.017127636820077896
2788437504.0,0.00422779843211174
2789374976.0,-0.0076224310323596
2790312448.0,-0.020930908620357513
2791249920.0,-0.032346248626708984
2792187392.0,-0.04413425922393799
2793125120.0,-0.055450282990932465
2794062592.0,-0.06535119563341141
2795000064.0,-0.07498442381620407
2795937536.0,-0.08418051898479462
2796875008.0,-0.09114577621221542
2797812480.0,-0.0982058197259903
2798749952.0,-0.10244657099246979
2799687424.0,-0.10703806579113007
2800624896.0,-0.11026028543710709
2801562624.0,-0.11034898459911346
2802500096.0,-0.10979378968477249
2803437568.0,-0.10833324491977692
2804375040.0,-0.10461006313562393
2805312512.0,-0.10019948333501816
2806249984.0,-0.09370719641447067
2807187456.0,-0.0854506716132164
2808124928.0,-0.07604268938302994
2809062400.0,-0.06520107388496399
2809999872.0,-0.05281546339392662
2810937600.0,-0.04044807702302933
2811875072.0,-0.02657182514667511
2812812544.0,-0.011119465343654156
2813750016.0,0.004157856106758118
2814687488.0,0.020537368953227997
2815624960.0,0.038355473428964615
2816562432.0,0.05552313104271889
2817499904.0,0.07283633947372437
2818437376.0,0.09063678234815598
2819375104.0,0.10695045441389084
2820312576.0,0.12296050786972046
2821250048.0,0.13796985149383545
2822187520.0,0.1526227742433548
2823124992.0,0.16635186970233917
2824062464.0,0.1786164492368698
2824999936.0,0.18984422087669373
2825937408.0,0.1980362981557846
2826874880.0,0.20555517077445984
2827812608.0,0.2190733551979065
2828750080.0,0.22177031636238098
2829687552.0,0.22204583883285522
2830625024.0,0.21999669075012207
2831562496.0,0.21393252909183502
2832499968.0,0.2066393345594406
2833437440.0,0.1958269625902176
2834374912.0,0.1839725822210312
2835312384.0,0.16902552545070648
2836250112.0,0.1533450335264206
2837187584.0,0.13641183078289032
2838125056.0,0.11847338825464249
2839062528.0,0.09991367906332016
2840000000.0,0.08045963943004608
2840937472.0,0.05970434844493866
2841874944.0,0.03953351080417633
2842812416.0,0.02102564089000225
2843749888.0,0.0009558924357406795
2844687616.0,-0.016110552474856377
2845625088.0,-0.03375240042805672
2846562560.0,-0.05052651837468147
2847500032.0,-0.06410842388868332
2848437504.0,-0.07801304757595062
2849374976.0,-0.0895032212138176
2850312448.0,-0.0988706424832344
2851249920.0,-0.10675527900457382
2852187392.0,-0.11375850439071655
2853125120.0,-0.1184096708893776
2854062592.0,-0.12064052373170853
2855000064.0,-0.12082843482494354
2855937536.0,-0.12092165648937225
2856875008.0,-0.11858407407999039
2857812480.0,-0.11331290006637573
2858749952.0,-0.10869088768959045
2859687424.0,-0.10154370218515396
2860624896.0,-0.0932779610157013
2861562624.0,-0.08494623005390167
2862500096.0,-0.07431883364915848
2863437568.0,-0.06477642059326172
2864375040.0,-0.05357130989432335
2865312512.0,-0.042246051132678986
2866249984.0,-0.029752036556601524
2867187456.0,-0.016018005087971687
2868124928.0,-0.004466199316084385
2869062400.0,0.008756529539823532
2870000128.0,0.02226482518017292
2870937600.0,0.03532104939222336
2871875072.0,0.047259218990802765
2872812544.0,0.06018202379345894
2873750016.0,0.07361539453268051
2874687488.0,0.08664530515670776
2875624960.0,0.09807618707418442
2876562432.0,0.11046605557203293
2877499904.0,0.1221560463309288
2878437376.0,0.1327819973230362
2879375104.0,0.14364776015281677
2880312576.0,0.15317371487617493
2881250048.0,0.16276736557483673
2882187520.0,0.17184332013130188
2883124992.0,0.17917083203792572
2884062464.0,0.186618372797966
2884999936.0,0.19192202389240265
2885937408.0,0.19706813991069794
2886874880.0,0.20117710530757904
2887812608.0,0.20451514422893524
2888750080.0,0.20585976541042328
2889687552.0,0.20652540028095245
2890625024.0,0.20673894882202148
2891562496.0,0.20379316806793213
2892499968.0,0.19964556396007538
2893437440.0,0.19410517811775208
2894374912.0,0.18649671971797943
2895312384.0,0.17751504480838776
2896250112.0,0.1660100817680359
2897187584.0,0.15355953574180603
2898125056.0,0.13996058702468872
2899062528.0,0.12460783123970032
2900000000.0,0.10769934952259064
2900937472.0,0.0896725282073021
2901874944.0,0.07191259413957596
2902812416.0,0.052531417459249496
2903749888.0,0.0327635295689106
2904687616.0,0.01356017030775547
2905625088.0,-0.005410702433437109
2906562560.0,-0.02457270398736
2907500032.0,-0.04315391927957535
2908437504.0,-0.06066560372710228
2909374976.0,-0.07609762996435165
2910312448.0,-0.0916091650724411
2911249920.0,-0.10542427748441696
2912187392.0,-0.11754173785448074
2913125120.0,-0.12719058990478516
2914062592.0,-0.13620300590991974
2915000064.0,-0.14266428351402283
2915937536.0,-0.14764901995658875
2916875008.0,-0.14937472343444824
2917812480.0,-0.15065543353557587
2918749952.0,-0.14790843427181244
2919687424.0,-0.1439526230096817
2920624896.0,-0.13916084170341492
2921562624.0,-0.13053756952285767
2922500096.0,-0.12076954543590546
2923437568.0,-0.10912226140499115
2924375040.0,-0.09664683043956757
2925312512.0,-0.08275173604488373
2926249984.0,-0.06714596599340439
2927187456.0,-0.052027828991413116
2928124928.0,-0.03418264538049698
2929062400.0,-0.016939353197813034
2929999872.0,0.0009998386958613992
2930937600.0,0.018825817853212357
2931875072.0,0.036406148225069046
2932812544.0,0.05327299237251282
2933750016.0,0.07092494517564774
2934687488.0,0.08562180399894714
2935624960.0,0.10090243071317673
2936562432.0,0.11508926004171371
2937499904.0,0.12727808952331543
2938437376.0,0.13776764273643494
2939375104.0,0.14778593182563782
2940312576.0,0.15577559173107147
2941250048.0,0.1627746820449829
2942187520.0,0.16695640981197357
2943124992.0,0.17128857970237732
2944062464.0,0.17386096715927124
2944999936.0,0.17511416971683502
2945937408.0,0.1748179793357849
2946874880.0,0.17359910905361176
2947812608.0,0.16921311616897583
2948750080.0,0.16741067171096802
2949687552.0,0.1660277545452118
2950625024.0,0.16267749667167664
2951562496.0,0.15907494723796844
2952499968.0,0.1539054960012436
2953437440.0,0.14774620532989502
2954374912.0,0.14173805713653564
2955312384.0,0.13424715399742126
2956250112.0,0.12497041374444962
2957187584.0,0.1173798218369484
2958125056.0,0.10772446542978287
2959062528.0,0.09870428591966629
2960000000.0,0.08800148218870163
2960937472.0,0.07817474007606506
2961874944.0,0.06761521100997925
2962812416.0,0.05714113265275955
2963749888.0,0.04378137364983559
2964687616.0,0.03319008648395538
2965625088.0,0.02205326035618782
2966562560.0,0.011158873327076435
2967500032.0,-0.0007616073708049953
2968437504.0,-0.011963186785578728
2969374976.0,-0.023761332035064697
2970312448.0,-0.033709656447172165
2971249920.0,-0.04341716691851616
2972187392.0,-0.05292635038495064
2973125120.0,-0.06138695403933525
2974062592.0,-0.06817908585071564
2975000064.0,-0.0761508047580719
2975937536.0,-0.08231905102729797
2976875008.0,-0.08786128461360931
2977812480.0,-0.0919300764799118
2978749952.0,-0.09500612318515778
2979687424.0,-0.096993587911129
2980624896.0,-0.09861044585704803
2981562624.0,-0.0982413962483406
2982500096.0,-0.0973321944475174
2983437568.0,-0.09519374370574951
2984375040.0,-0.09260324388742447
2985312512.0,-0.08874063938856125
2986249984.0,-0.08310796320438385
2987187456.0,-0.07758767157793045
2988124928.0,-0.07097329944372177
2989062400.0,-0.06405562907457352
2990000128.0,-0.055427588522434235
2990937600.0,-0.047946371138095856
2991875072.0,-0.04012652114033699
2992812544.0,-0.03099319525063038
2993750016.0,-0.022698475047945976
2994687488.0,-0.013771359808743
2995624960.0,-0.005656907334923744
2996562432.0,0.0031603220850229263
2997499904.0,0.009672118350863457
2998437376.0,0.017242610454559326
2999375104.0,0.023051973432302475
3000312576.0,0.026446852833032608
3001250048.0,0.029740875586867332
3002187520.0,0.033722296357154846
3003124992.0,0.03655131906270981
3004062464.0,0.03885363042354584
3004999936.0,0.03894012048840523
3005937408.0,0.03890600427985191
3006874880.0,0.036969274282455444
3007812608.0,0.03340163826942444
3008750080.0,0.029943419620394707
3009687552.0,0.025878500193357468
3010625024.0,0.021087342873215675
3011562496.0,0.01686081849038601
3012499968.0,0.012859432026743889
3013437440.0,0.007812336552888155
3014374912.0,0.0023694804403930902
3015312384.0,-0.0029295000713318586
3016250112.0,-0.007783812470734119
3017187584.0,-0.013013037852942944
3018125056.0,-0.017108071595430374
3019062528.0,-0.024102093651890755
3020000000.0,-0.02800627611577511
3020937472.0,-0.033428482711315155
3021874944.0,-0.03822621703147888
3022812416.0,-0.043544843792915344
3023749888.0,-0.04801139235496521
3024687616.0,-0.05307373031973839
3025625088.0,-0.05756929889321327
3026562560.0,-0.06172038987278938
3027500032.0,-0.0657258853316307
3028437504.0,-0.07040371745824814
3029374976.0,-0.07405412942171097
3030312448.0,-0.07770196348428726
3031249920.0,-0.08102373778820038
3032187392.0,-0.08447062969207764
3033125120.0,-0.0874302089214325
3034062592.0,-0.09035564959049225
3035000064.0,-0.0922790989279747
3035937536.0,-0.09441379457712173
3036875008.0,-0.09662842005491257
3037812480.0,-0.09830894321203232
3038749952.0,-0.098722904920578
3039687424.0,-0.09925244748592377
3040624896.0,-0.09939375519752502
3041562624.0,-0.09911864995956421
3042500096.0,-0.09788148105144501
3043437568.0,-0.09559879451990128
3044375040.0,-0.09371057897806168
3045312512.0,-0.0907280445098877
3046249984.0,-0.08749236911535263
3047187456.0,-0.08417565375566483
3048124928.0,-0.08017581701278687
3049062400.0,-0.07508345693349838
3049999872.0,-0.07064737379550934
3050937600.0,-0.065220408141613
3051875072.0,-0.060197629034519196
3052812544.0,-0.05436336249113083
3053750016.0,-0.049016837030649185
3054687488.0,-0.04349600523710251
3055624960.0,-0.03792920336127281
3056562432.0,-0.03172365576028824
3057499904.0,-0.026383619755506516
3058437376.0,-0.02040846087038517
3059375104.0,-0.015321956016123295
3060312576.0,-0.010777412913739681
3061250048.0,-0.006315147038549185
3062187520.0,-0.003134561935439706
3063124992.0,0.000895139470230788
3064062464.0,0.0030729155987501144
3064999936.0,0.005498065147548914
3065937408.0,0.006501547060906887
3066874880.0,0.006537535227835178
3067812608.0,0.021068517118692398
3068750080.0,0.015295411460101604
3069687552.0,0.008196954615414143
3070625024.0,0.0009679580107331276
3071562496.0,-0.006485742051154375
3072499968.0,-0.01508667878806591
3073437440.0,-0.025098077952861786
3074374912.0,-0.03402825817465782
3075312384.0,-0.04400309920310974
3076250112.0,-0.054202042520046234
3077187584.0,-0.06352566182613373
3078125056.0,-0.07293204963207245
3079062528.0,-0.08070208877325058
3080000000.0,-0.08983433246612549
3080937472.0,-0.09781492501497269
3081874944.0,-0.10349561274051666
3082812416.0,-0.10952195525169373
3083749888.0,-0.1147652342915535
3084687616.0,-0.11760520935058594
3085625088.0,-0.1192106306552887
3086562560.0,-0.1211375743150711
3087500032.0,-0.11998681724071503
3088437504.0,-0.11906404793262482
3089374976.0,-0.11637283116579056
3090312448.0,-0.11291668564081192
3091249920.0,-0.10922146588563919
3092187392.0,-0.10375045984983444
3093125120.0,-0.09772787243127823
3094062592.0,-0.09084784984588623
3095000064.0,-0.08200246840715408
3095937536.0,-0.07297209650278091
3096875008.0,-0.06423456966876984
3097812480.0,-0.05413074791431427
3098749952.0,-0.04365485906600952
3099687424.0,-0.03459123149514198
3100624896.0,-0.023764872923493385
3101562624.0,-0.013628339394927025
3102500096.0,-0.003358351532369852
3103437568.0,0.0061476449482142925
3104375040.0,0.015344914980232716
3105312512.0,0.026185810565948486
3106249984.0,0.03490201011300087
3107187456.0,0.04375492408871651
3108124928.0,0.051753222942352295
3109062400.0,0.059509895741939545
3110000128.0,0.06664961576461792
3110937600.0,0.07282858341932297
3111875072.0,0.07919595390558243
3112812544.0,0.08450764417648315
3113750016.0,0.08947323262691498
3114687488.0,0.09429433941841125
3115624960.0,0.09760505706071854
3116562432.0,0.10165169835090637
3117499904.0,0.10441650450229645
3118437376.0,0.1076277419924736
3119375104.0,0.11062991619110107
3120312576.0,0.11330743134021759
3121250048.0,0.11587265133857727
3122187520.0,0.11668272316455841
3123124992.0,0.11927607655525208
3124062464.0,0.12105526030063629
3124999936.0,0.12140233814716339
3125937408.0,0.12343765050172806
3126874880.0,0.12357147783041
3127812608.0,0.14406782388687134
3128750080.0,0.14016395807266235
3129687552.0,0.13869625329971313
3130625024.0,0.1361316591501236
3131562496.0,0.13412410020828247
3132499968.0,0.13266249001026154
3133437440.0,0.13111719489097595
3134374912.0,0.12959344685077667
3135312384.0,0.12769895792007446
3136250112.0,0.1264747530221939
3137187584.0,0.12589138746261597
3138125056.0,0.12404695898294449
3139062528.0,0.12350302934646606
3140000000.0,0.12319022417068481
3140937472.0,0.12281274795532227
3141874944.0,0.12138016521930695
3142812416.0,0.12095824629068375
3143749888.0,0.1197362169623375
3144687616.0,0.11877904832363129
3145625088.0,0.11746930330991745
3146562560.0,0.11573123186826706
3147500032.0,0.11319272965192795
3148437504.0,0.11047916114330292
3149374976.0,0.10824563354253769
3150312448.0,0.10462012141942978
3151249920.0,0.10012580454349518
3152187392.0,0.09508051723241806
3153125120.0,0.08850165456533432
3154062592.0,0.08293352276086807
3155000064.0,0.07624712586402893
3155937536.0,0.06889604777097702
3156875008.0,0.06021134555339813
3157812480.0,0.05075639858841896
3158749952.0,0.04168342426419258
3159687424.0,0.03201429918408394
3160624896.0,0.02075071446597576
3161562624.0,0.009059427306056023
3162500096.0,-0.0024064986500889063
3163437568.0,-0.014979519881308079
3164375040.0,-0.02697226032614708
3165312512.0,-0.03895842283964157
3166249984.0,-0.05152939260005951
3167187456.0,-0.06155356392264366
3168124928.0,-0.0748458206653595
3169062400.0,-0.08432510495185852
3169999872.0,-0.09475361555814743
3170937600.0,-0.10456180572509766
3171875072.0,-0.11316516995429993
3172812544.0,-0.12116846442222595
3173750016.0,-0.12726564705371857
3174687488.0,-0.13288983702659607
3175624960.0,-0.13651171326637268
3176562432.0,-0.13948073983192444
3177499904.0,-0.1402546465396881
3178437376.0,-0.14002765715122223
3179375104.0,-0.1382366418838501
3180312576.0,-0.13462045788764954
3181250048.0,-0.12956927716732025
3182187520.0,-0.12317430973052979
3183124992.0,-0.11418352276086807
3184062464.0,-0.10541129857301712
3184999936.0,-0.0932052955031395
3185937408.0,-0.08256560564041138
3186874880.0,-0.06891577690839767
3187812608.0,0.06157204881310463
3188750080.0,0.059885844588279724
3189687552.0,0.059161849319934845
3190625024.0,0.05980770289897919
3191562496.0,0.06045972555875778
3192499968.0,0.06381358206272125
3193437440.0,0.06548404693603516
3194374912.0,0.06952322274446487
3195312384.0,0.07347216457128525
3196250112.0,0.0782962366938591
3197187584.0,0.08252366632223129
3198125056.0,0.08795749396085739
3199062528.0,0.09271350502967834
3200000000.0,0.09702316671609879
3200937472.0,0.10218530148267746
3201874944.0,0.10651251673698425
3202812416.0,0.1097981408238411
3203749888.0,0.11279111355543137
3204687616.0,0.11463537812232971
3205625088.0,0.1142183467745781
3206562560.0,0.11448115110397339
3207500032.0,0.11210233718156815
3208437504.0,0.10962001979351044
3209374976.0,0.10490697622299194
3210312448.0,0.09991102665662766
3211249920.0,0.09340411424636841
3212187392.0,0.08514483273029327
3213125120.0,0.0768669918179512
3214062592.0,0.06665170937776566
3215000064.0,0.05584298446774483
3215937536.0,0.04439310356974602
3216875008.0,0.03149493783712387
3217812480.0,0.02003488503396511
3218749952.0,0.0064566791988909245
3219687424.0,-0.006517566274851561
3220624896.0,-0.018767958506941795
3221562624.0,-0.03109295666217804
3222500096.0,-0.04265487194061279
3223437568.0,-0.05483540892601013
3224375040.0,-0.06533874571323395
3225312512.0,-0.07557441294193268
3226249984.0,-0.08404547721147537
3227187456.0,-0.0911918580532074
3228124928.0,-0.0970911905169487
3229062400.0,-0.10206442326307297
3230000128.0,-0.10592383146286011
3230937600.0,-0.10891464352607727
3231875072.0,-0.11023307591676712
3232812544.0,-0.11044054478406906
3233750016.0,-0.10958360880613327
3234687488.0,-0.10656082630157471
3235624960.0,-0.10342716425657272
3236562432.0,-0.10026278346776962
3237499904.0,-0.09640828520059586
3238437376.0,-0.09120901674032211
3239375104.0,-0.08578997105360031
3240312576.0,-0.08101178705692291
3241250048.0,-0.07700024545192719
3242187520.0,-0.0718720480799675
3243124992.0,-0.06802685558795929
3244062464.0,-0.06431236863136292
3244999936.0,-0.06146962568163872
3245937408.0,-0.060343243181705475
3246874880.0,-0.05928652361035347
3247812608.0,-0.05224065110087395
3248750080.0,-0.05522593483328819
3249687552.0,-0.06005219742655754
3250625024.0,-0.06373854726552963
3251562496.0,-0.06752261519432068
3252499968.0,-0.06989423930644989
3253437440.0,-0.07189715653657913
3254374912.0,-0.07324513792991638
3255312384.0,-0.07327571511268616
3256250112.0,-0.07250092923641205
3257187584.0,-0.07009418308734894
3258125056.0,-0.06676614284515381
3259062528.0,-0.06241448596119881
3260000000.0,-0.05676528438925743
3260937472.0,-0.04942947253584862
3261874944.0,-0.04218922182917595
3262812416.0,-0.033960454165935516
3263749888.0,-0.025327280163764954
3264687616.0,-0.017565254122018814
3265625088.0,-0.009000315330922604
3266562560.0,-0.0008925457950681448
3267500032.0,0.006725556682795286
3268437504.0,0.013594266958534718
3269374976.0,0.018483225256204605
3270312448.0,0.02260619029402733
3271249920.0,0.026351889595389366
3272187392.0,0.029276356101036072
3273125120.0,0.02945716120302677
3274062592.0,0.029514657333493233
3275000064.0,0.028549199923872948
3275937536.0,0.027344489470124245
3276875008.0,0.02567145973443985
3277812480.0,0.023238565772771835
3278749952.0,0.0213476549834013
3279687424.0,0.018212519586086273
3280624896.0,0.017489701509475708
3281562624.0,0.016135599464178085
3282500096.0,0.016218040138483047
3283437568.0,0.015218231827020645
3284375040.0,0.017262233421206474
3285312512.0,0.01854627951979637
3286249984.0,0.020101219415664673
3287187456.0,0.022029822692275047
3288124928.0,0.023228205740451813
3289062400.0,0.02522590383887291
3289999872.0,0.025963976979255676
3290937600.0,0.026278074830770493
3291875072.0,0.024577733129262924
3292812544.0,0.02310139685869217
3293750016.0,0.019540095701813698
3294687488.0,0.015151952393352985
3295624960.0,0.010365407913923264
3296562432.0,0.003568967105820775
3297499904.0,-0.0021031268406659365
3298437376.0,-0.010740350931882858
3299375104.0,-0.018669039011001587
3300312576.0,-0.02722572349011898
3301250048.0,-0.035766661167144775
3302187520.0,-0.04483577609062195
3303124992.0,-0.05446779355406761
3304062464.0,-0.06395340710878372
3304999936.0,-0.07271744310855865
3305937408.0,-0.08101119101047516
3306874880.0,-0.08879256993532181
3307812608.0,-0.057386018335819244
3308750080.0,-0.0559934638440609
3309687552.0,-0.05491166189312935
3310625024.0,-0.05272236838936806
3311562496.0,-0.05145400017499924
3312499968.0,-0.05020059645175934
3313437440.0,-0.04918326064944267
3314374912.0,-0.04838140681385994
3315312384.0,-0.04876608029007912
3316250112.0,-0.04990458860993385
3317187584.0,-0.050992950797080994
3318125056.0,-0.05328620225191116
3319062528.0,-0.05663125216960907
3320000000.0,-0.05982981622219086
3320937472.0,-0.06430841982364655
3321874944.0,-0.06871054321527481
3322812416.0,-0.07499103993177414
3323749888.0,-0.0811346173286438
3324687616.0,-0.08682149648666382
3325625088.0,-0.0934671089053154
3326562560.0,-0.10045196115970612
3327500032.0,-0.10646438598632812
3328437504.0,-0.11340267211198807
3329374976.0,-0.12027096003293991
3330312448.0,-0.12593230605125427
3331249920.0,-0.1315837800502777
3332187392.0,-0.13586202263832092
3333125120.0,-0.13987325131893158
3334062592.0,-0.14318589866161346
3335000064.0,-0.14578652381896973
3335937536.0,-0.14772988855838776
3336875008.0,-0.1467449814081192
3337812480.0,-0.1463831663131714
3338749952.0,-0.14462268352508545
3339687424.0,-0.14154548943042755
3340624896.0,-0.13626569509506226
3341562624.0,-0.13106650114059448
3342500096.0,-0.12508705258369446
3343437568.0,-0.11815253645181656
3344375040.0,-0.11010004580020905
3345312512.0,-0.10111100971698761
3346249984.0,-0.09222501516342163
3347187456.0,-0.08205103874206543
3348124928.0,-0.07317899167537689
3349062400.0,-0.06350275129079819
3350000128.0,-0.05466001108288765
3350937600.0,-0.04450756683945656
3351875072.0,-0.03568517416715622
3352812544.0,-0.026794111356139183
3353750016.0,-0.01918451115489006
3354687488.0,-0.010911496356129646
3355624960.0,-0.004603465087711811
3356562432.0,0.0025285917799919844
3357499904.0,0.008364195935428143
3358437376.0,0.013590714894235134
3359375104.0,0.01791476085782051
3360312576.0,0.022019468247890472
3361250048.0,0.025628773495554924
3362187520.0,0.027677232399582863
3363124992.0,0.030278613790869713
3364062464.0,0.0321255624294281
3364999936.0,0.03460715711116791
3365937408.0,0.03659340739250183
3366874880.0,0.0396663174033165
3367812608.0,0.04838763177394867
3368750080.0,0.05635564401745796
3369687552.0,0.06448769569396973
3370625024.0,0.07126285135746002
3371562496.0,0.07756996154785156
3372499968.0,0.08214915543794632
3373437440.0,0.0865783840417862
3374374912.0,0.08883731812238693
3375312384.0,0.09072089940309525
3376250112.0,0.09087956696748734
3377187584.0,0.09071008861064911
3378125056.0,0.0886344388127327
3379062528.0,0.08510757982730865
3380000000.0,0.08040264993906021
3380937472.0,0.07473083585500717
3381874944.0,0.06782141327857971
3382812416.0,0.06006781384348869
3383749888.0,0.05152758210897446
3384687616.0,0.04273981600999832
3385625088.0,0.03251494839787483
3386562560.0,0.023056989535689354
3387500032.0,0.012344304472208023
3388437504.0,0.0016452576965093613
3389374976.0,-0.008788540959358215
3390312448.0,-0.019007429480552673
3391249920.0,-0.02885441668331623
3392187392.0,-0.03803057596087456
3393125120.0,-0.04743262752890587
3394062592.0,-0.055931366980075836
3395000064.0,-0.062308419495821
3395937536.0,-0.0691249817609787
3396875008.0,-0.0752604529261589
3397812480.0,-0.08143195509910583
3398749952.0,-0.0855453833937645
3399687424.0,-0.08879916369915009
3400624896.0,-0.09089387208223343
3401562624.0,-0.09314998239278793
3402500096.0,-0.0943378284573555
3403437568.0,-0.09526513516902924
3404375040.0,-0.09411731362342834
3405312512.0,-0.09368012845516205
3406249984.0,-0.09137716144323349
3407187456.0,-0.0888863131403923
3408124928.0,-0.08641462028026581
3409062400.0,-0.08299636840820312
3409999872.0,-0.0789932981133461
3410937600.0,-0.07613091170787811
3411875072.0,-0.07231121510267258
3412812544.0,-0.06839954853057861
3413750016.0,-0.06498876959085464
3414687488.0,-0.060458358377218246
3415624960.0,-0.05661638826131821
3416562432.0,-0.05209371820092201
3417499904.0,-0.04774915426969528
3418437376.0,-0.043948013335466385
3419375104.0,-0.04043347388505936
3420312576.0,-0.036124806851148605
3421250048.0,-0.03223269432783127
3422187520.0,-0.028727587312459946
3423124992.0,-0.02494543045759201
3424062464.0,-0.02081223577260971
3424999936.0,-0.01672370359301567
3425937408.0,-0.012637835927307606
3426874880.0,-0.00833110697567463
3427812608.0,-0.00474328501150012
3428750080.0,-0.002296454505994916
3429687552.0,0.0008598897256888449
3430625024.0,0.00401134742423892
3431562496.0,0.007245503831654787
3432499968.0,0.01019366830587387
3433437440.0,0.015114488080143929
3434374912.0,0.019531019032001495
3435312384.0,0.026241613551974297
3436250112.0,0.033396873623132706
3437187584.0,0.041051559150218964
3438125056.0,0.05036048963665962
3439062528.0,0.05996522307395935
3440000000.0,0.07154028117656708
3440937472.0,0.0837416723370552
3441874944.0,0.09658270329236984
3442812416.0,0.11133521050214767
3443749888.0,0.12392062693834305
3444687616.0,0.13870280981063843
3445625088.0,0.15182806551456451
3446562560.0,0.16533271968364716
3447500032.0,0.1779964119195938
3448437504.0,0.18988990783691406
3449374976.0,0.2005656212568283
3450312448.0,0.2094995230436325
3451249920.0,0.21691536903381348
3452187392.0,0.22320203483104706
3453125120.0,0.22527992725372314
3454062592.0,0.22580808401107788
3455000064.0,0.22364677488803864
3455937536.0,0.2185794562101364
3456875008.0,0.21110229194164276
3457812480.0,0.2013256549835205
3458749952.0,0.18909060955047607
3459687424.0,0.1742822378873825
3460624896.0,0.1580134928226471
3461562624.0,0.14167988300323486
3462500096.0,0.12326163798570633
3463437568.0,0.10341796278953552
3464375040.0,0.08340413868427277
3465312512.0,0.06358128786087036
3466249984.0,0.0440034344792366
3467187456.0,0.024747058749198914
3468124928.0,0.006933494005352259
3469062400.0,-0.009235167875885963
3470000128.0,-0.023173119872808456
3470937600.0,-0.03661765530705452
3471875072.0,-0.04909925535321236
3472812544.0,-0.058699119836091995
3473750016.0,-0.06566030532121658
3474687488.0,-0.070589579641819
3475624960.0,-0.07515683770179749
3476562432.0,-0.07581037282943726
3477499904.0,-0.07666119933128357
3478437376.0,-0.07571003586053848
3479375104.0,-0.07329623401165009
3480312576.0,-0.06921211630105972
3481250048.0,-0.06549123674631119
3482187520.0,-0.06012924760580063
3483124992.0,-0.05512840673327446
3484062464.0,-0.049199674278497696
3484999936.0,-0.044028833508491516
3485937408.0,-0.03992411866784096
3486874880.0,-0.03459915518760681
3487812608.0,-0.021122505888342857
3488750080.0,-0.024873681366443634
3489687552.0,-0.028843006119132042
3490625024.0,-0.03329268470406532
3491562496.0,-0.039097998291254044
3492499968.0,-0.04434945434331894
3493437440.0,-0.050906021147966385
3494374912.0,-0.055537592619657516
3495312384.0,-0.06163225322961807
3496250112.0,-0.06632217764854431
3497187584.0,-0.0706496387720108
3498125056.0,-0.07475266605615616
3499062528.0,-0.07809262722730637
3500000000.0,-0.07989303022623062
3500937472.0,-0.0806950256228447
3501874944.0,-0.07953906059265137
3502812416.0,-0.07812919467687607
3503749888.0,-0.07375794649124146
3504687616.0,-0.0685085877776146
3505625088.0,-0.0632530078291893
3506562560.0,-0.05680222809314728
3507500032.0,-0.05026155710220337
3508437504.0,-0.04259486496448517
3509374976.0,-0.033195242285728455
3510312448.0,-0.024767830967903137
3511249920.0,-0.015024484135210514
3512187392.0,-0.0054082116112113
3513125120.0,0.0028880941681563854
3514062592.0,0.012253044173121452
3515000064.0,0.021464752033352852
3515937536.0,0.02992590144276619
3516875008.0,0.038658853620290756
3517812480.0,0.04580449312925339
3518749952.0,0.051163073629140854
3519687424.0,0.05662205442786217
3520624896.0,0.06107291579246521
3521562624.0,0.06373776495456696
3522500096.0,0.06509311497211456
3523437568.0,0.06563882529735565
3524375040.0,0.0651649534702301
3525312512.0,0.06339630484580994
3526249984.0,0.06046934798359871
3527187456.0,0.0563301146030426
3528124928.0,0.0524839386343956
3529062400.0,0.047769028693437576
3529999872.0,0.04177677631378174
3530937600.0,0.03660884127020836
3531875072.0,0.03050094097852707
3532812544.0,0.02444198727607727
3533750016.0,0.019563697278499603
3534687488.0,0.014460977166891098
3535624960.0,0.010726921260356903
3536562432.0,0.0059010786935687065
3537499904.0,0.0030337045900523663
3538437376.0,0.000553307996597141
3539375104.0,-0.0016298185801133513
3540312576.0,-0.001358404872007668
3541250048.0,-0.0006895785918459296
3542187520.0,0.001025268342345953
3543124992.0,0.002704993588849902
3544062464.0,0.005173521116375923
3544999936.0,0.008771161548793316
3545937408.0,0.013355715200304985
3546874880.0,0.01799081265926361
3547812608.0,0.019291574135422707
3548750080.0,0.016804339364171028
3549687552.0,0.015563247725367546
3550625024.0,0.012135021388530731
3551562496.0,0.010035037994384766
3552499968.0,0.007006810512393713
3553437440.0,0.00376632297411561
3554374912.0,0.0005448993761092424
3555312384.0,-0.0023244977928698063
3556250112.0,-0.005892944522202015
3557187584.0,-0.009558921679854393
3558125056.0,-0.012105075642466545
3559062528.0,-0.016318542882800102
3560000000.0,-0.020515097305178642
3560937472.0,-0.023883575573563576
3561874944.0,-0.02655179053544998
3562812416.0,-0.029817719012498856
3563749888.0,-0.03225315734744072
3564687616.0,-0.03426060825586319
3565625088.0,-0.036640848964452744
3566562560.0,-0.03881870582699776
3567500032.0,-0.03988112509250641
3568437504.0,-0.04111545905470848
3569374976.0,-0.04171648621559143
3570312448.0,-0.043434493243694305
3571249920.0,-0.042304519563913345
3572187392.0,-0.04308924451470375
3573125120.0,-0.041350942105054855
3574062592.0,-0.03977353125810623
3575000064.0,-0.037677980959415436
3575937536.0,-0.036331161856651306
3576875008.0,-0.03386963903903961
3577812480.0,-0.0321287140250206
3578749952.0,-0.029844054952263832
3579687424.0,-0.02830594778060913
3580624896.0,-0.0249459370970726
3581562624.0,-0.022739438340067863
3582500096.0,-0.019801326096057892
3583437568.0,-0.017878536134958267
3584375040.0,-0.017307233065366745
3585312512.0,-0.01624651812016964
3586249984.0,-0.01585542783141136
3587187456.0,-0.015048492699861526
3588124928.0,-0.015689926221966743
3589062400.0,-0.015231568366289139
3590000128.0,-0.016370713710784912
3590937600.0,-0.0158255472779274
3591875072.0,-0.015477064996957779
3592812544.0,-0.015801288187503815
3593750016.0,-0.014823321253061295
3594687488.0,-0.014549882151186466
3595624960.0,-0.01384302694350481
3596562432.0,-0.013484242372214794
3597499904.0,-0.011813824065029621
3598437376.0,-0.009912882000207901
3599375104.0,-0.006927721668034792
3600312576.0,-0.003908466547727585
3601250048.0,-0.00022647494915872812
3602187520.0,0.0035348469391465187
3603124992.0,0.00790613703429699
3604062464.0,0.012082494795322418
3604999936.0,0.018036112189292908
3605937408.0,0.023378094658255577
3606874880.0,0.029807591810822487
3607812608.0,0.052932318300008774
3608750080.0,0.06224597990512848
3609687552.0,0.06987812370061874
3610625024.0,0.0786399319767952
3611562496.0,0.08710556477308273
3612499968.0,0.09467189013957977
3613437440.0,0.10143588483333588
3614374912.0,0.10741167515516281
3615312384.0,0.11181299388408661
3616250112.0,0.1155327782034874
3617187584.0,0.1185031309723854
3618125056.0,0.12109095603227615
3619062528.0,0.12235403805971146
3620000000.0,0.12215103209018707
3620937472.0,0.12063336372375488
3621874944.0,0.11796141415834427
3622812416.0,0.11405486613512039
3623749888.0,0.10969018936157227
3624687616.0,0.10412251949310303
3625625088.0,0.09827928245067596
3626562560.0,0.09239225089550018
3627500032.0,0.08624739944934845
3628437504.0,0.07788478583097458
3629374976.0,0.06951797753572464
3630312448.0,0.06075320392847061
3631249920.0,0.05324063077569008
3632187392.0,0.04334494471549988
3633125120.0,0.033115096390247345
3634062592.0,0.02351348288357258
3635000064.0,0.013814513571560383
3635937536.0,0.002693118527531624
3636875008.0,-0.006512520834803581
3637812480.0,-0.016186589375138283
3638749952.0,-0.02576562575995922
3639687424.0,-0.03508993238210678
3640624896.0,-0.04391193762421608
3641562624.0,-0.05193382501602173
3642500096.0,-0.060293737798929214
3643437568.0,-0.06815933436155319
3644375040.0,-0.07471756637096405
3645312512.0,-0.08112724870443344
3646249984.0,-0.0872887447476387
3647187456.0,-0.09283437579870224
3648124928.0,-0.09693887829780579
3649062400.0,-0.10124743729829788
3649999872.0,-0.10595662891864777
3650937600.0,-0.10921425372362137
3651875072.0,-0.11139272153377533
3652812544.0,-0.1136690005660057
3653750016.0,-0.11487378180027008
3654687488.0,-0.11571159958839417
3655624960.0,-0.11691311746835709
3656562432.0,-0.11653735488653183
3657499904.0,-0.11471717804670334
3658437376.0,-0.11381079256534576
3659375104.0,-0.1123083308339119
3660312576.0,-0.10992229729890823
3661250048.0,-0.10765568912029266
3662187520.0,-0.10359226167201996
3663124992.0,-0.10028891265392303
3664062464.0,-0.09615582227706909
3664999936.0,-0.09176985919475555
3665937408.0,-0.08788216859102249
3666874880.0,-0.08414749801158905
3667812608.0,-0.06509329378604889
3668750080.0,-0.06479611247777939
3669687552.0,-0.06468047946691513
3670625024.0,-0.06196882948279381
3671562496.0,-0.059208620339632034
3672499968.0,-0.056024014949798584
3673437440.0,-0.05193687602877617
3674374912.0,-0.04708951711654663
3675312384.0,-0.04217075929045677
3676250112.0,-0.03602726012468338
3677187584.0,-0.03007291629910469
3678125056.0,-0.022517457604408264
3679062528.0,-0.01471650879830122
3680000000.0,-0.007196350023150444
3680937472.0,0.0010261383140459657
3681874944.0,0.009746626950800419
3682812416.0,0.019594518467783928
3683749888.0,0.028700411319732666
3684687616.0,0.037030600011348724
3685625088.0,0.046177204698324203
3686562560.0,0.05498567596077919
3687500032.0,0.06323695927858353
3688437504.0,0.07041499018669128
3689374976.0,0.07746115326881409
3690312448.0,0.08333298563957214
3691249920.0,0.08908161520957947
3692187392.0,0.09396547079086304
3693125120.0,0.0983567088842392
3694062592.0,0.10125400125980377
3695000064.0,0.10264008492231369
3695937536.0,0.1037832722067833
3696875008.0,0.1043972373008728
3697812480.0,0.10331238061189651
3698749952.0,0.10138078778982162
3699687424.0,0.09836476296186447
3700624896.0,0.09516484290361404
3701562624.0,0.09035519510507584
3702500096.0,0.08451418578624725
3703437568.0,0.07791988551616669
3704375040.0,0.07157723605632782
3705312512.0,0.06476322561502457
3706249984.0,0.05636639520525932
3707187456.0,0.04821561276912689
3708124928.0,0.04047415778040886
3709062400.0,0.03082897886633873
3710000128.0,0.021329307928681374
3710937600.0,0.013781938701868057
3711875072.0,0.0048648095689713955
3712812544.0,-0.003028532024472952
3713750016.0,-0.009574889205396175
3714687488.0,-0.016540516167879105
3715624960.0,-0.022098999470472336
3716562432.0,-0.027188006788492203
3717499904.0,-0.030279003083705902
3718437376.0,-0.033316854387521744
3719375104.0,-0.036018550395965576
3720312576.0,-0.03789403289556503
3721250048.0,-0.03919226676225662
3722187520.0,-0.040313173085451126
3723124992.0,-0.03833242878317833
3724062464.0,-0.037644367665052414
3724999936.0,-0.03578447923064232
3725937408.0,-0.0334034226834774
3726874880.0,-0.03152645379304886
3727812608.0,-0.03404723480343819
3728750080.0,-0.033733200281858444
3729687552.0,-0.033058978617191315
3730625024.0,-0.0317048616707325
3731562496.0,-0.030587010085582733
3732499968.0,-0.030493203550577164
3733437440.0,-0.029201915487647057
3734374912.0,-0.02968263439834118
3735312384.0,-0.030892882496118546
3736250112.0,-0.03158590570092201
3737187584.0,-0.032949306070804596
3738125056.0,-0.034720033407211304
3739062528.0,-0.03828392177820206
3740000000.0,-0.040739379823207855
3740937472.0,-0.045260921120643616
3741874944.0,-0.049300674349069595
3742812416.0,-0.05411490052938461
3743749888.0,-0.05841250717639923
3744687616.0,-0.06335310637950897
3745625088.0,-0.06876852363348007
3746562560.0,-0.07475893199443817
3747500032.0,-0.08107389509677887
3748437504.0,-0.08645961433649063
3749374976.0,-0.09333489090204239
3750312448.0,-0.09959925711154938
3751249920.0,-0.10489217191934586
3752187392.0,-0.11115145683288574
3753125120.0,-0.11620325595140457
3754062592.0,-0.12039890140295029
3755000064.0,-0.12365737557411194
3755937536.0,-0.12655724585056305
3756875008.0,-0.12826059758663177
3757812480.0,-0.12970353662967682
3758749952.0,-0.12879902124404907
3759687424.0,-0.12720127403736115
3760624896.0,-0.12392627447843552
3761562624.0,-0.1189412921667099
3762500096.0,-0.11299783736467361
3763437568.0,-0.10608458518981934
3764375040.0,-0.09705197811126709
3765312512.0,-0.0880022868514061
3766249984.0,-0.07833952456712723
3767187456.0,-0.06745917350053787
3768124928.0,-0.05512203276157379
3769062400.0,-0.04448426142334938
3769999872.0,-0.032252807170152664
3770937600.0,-0.02110571786761284
3771875072.0,-0.009964722208678722
3772812544.0,0.0007925892132334411
3773750016.0,0.009301980957388878
3774687488.0,0.019291654229164124
3775624960.0,0.027653517201542854
3776562432.0,0.03370136767625809
3777499904.0,0.03864957392215729
3778437376.0,0.0427895113825798
3779375104.0,0.04579077288508415
3780312576.0,0.04564318805932999
3781250048.0,0.044369183480739594
3782187520.0,0.04214976727962494
3783124992.0,0.03768972307443619
3784062464.0,0.03131745383143425
3784999936.0,0.024435963481664658
3785937408.0,0.01570766605436802
3786874880.0,0.0176992304623127
3787812608.0,0.009463009424507618
3788750080.0,0.0003030702064279467
3789687552.0,-0.01028396189212799
3790625024.0,-0.02166024036705494
3791562496.0,-0.033530618995428085
3792499968.0,-0.04511579871177673
3793437440.0,-0.05680495500564575
3794374912.0,-0.06790436804294586
3795312384.0,-0.07964017242193222
3796250112.0,-0.0906720831990242
3797187584.0,-0.10146953910589218
3798125056.0,-0.11235535144805908
3799062528.0,-0.12108413130044937
3800000000.0,-0.13053663074970245
3800937472.0,-0.13752101361751556
3801874944.0,-0.14357180893421173
3802812416.0,-0.14830435812473297
3803749888.0,-0.1521637737751007
3804687616.0,-0.15478643774986267
3805625088.0,-0.15520042181015015
3806562560.0,-0.15539829432964325
3807500032.0,-0.15372176468372345
3808437504.0,-0.15028057992458344
3809374976.0,-0.14562611281871796
3810312448.0,-0.14123770594596863
3811249920.0,-0.13421732187271118
3812187392.0,-0.12720131874084473
3813125120.0,-0.11914624273777008
3814062592.0,-0.11063863337039948
3815000064.0,-0.10069480538368225
3815937536.0,-0.09177692234516144
3816875008.0,-0.08116336166858673
3817812480.0,-0.07093000411987305
3818749952.0,-0.06221862882375717
3819687424.0,-0.051701102405786514
3820624896.0,-0.042899955064058304
3821562624.0,-0.03433437645435333
3822500096.0,-0.026103554293513298
3823437568.0,-0.017863716930150986
3824375040.0,-0.01221624854952097
3825312512.0,-0.007532256655395031
3826249984.0,-0.002814932493492961
3827187456.0,-0.00044127373257651925
3828124928.0,0.002777296118438244
3829062400.0,0.0030950650107115507
3830000128.0,0.004366230219602585
3830937600.0,0.0035063293762505054
3831875072.0,0.0027812717016786337
3832812544.0,8.005570998648182e-05
3833750016.0,-0.0020008303690701723
3834687488.0,-0.006063701119273901
3835624960.0,-0.010295562446117401
3836562432.0,-0.014040672220289707
3837499904.0,-0.01836881786584854
3838437376.0,-0.022848263382911682
3839375104.0,-0.027543723583221436
3840312576.0,-0.03117634728550911
3841250048.0,-0.03454947844147682
3842187520.0,-0.0386672168970108
3843124992.0,-0.041312649846076965
3844062464.0,-0.04443546384572983
3844999936.0,-0.04638335481286049
3845937408.0,-0.04748539999127388
3846874880.0,-0.03997184708714485
3847812608.0,-0.036077115684747696
3848750080.0,-0.032619036734104156
3849687552.0,-0.02913752943277359
3850625024.0,-0.02629462070763111
3851562496.0,-0.023664474487304688
3852499968.0,-0.021109232679009438
3853437440.0,-0.019277796149253845
3854374912.0,-0.017851432785391808
3855312384.0,-0.01720924861729145
3856250112.0,-0.017290281131863594
3857187584.0,-0.017604509368538857
3858125056.0,-0.018415192142128944
3859062528.0,-0.019376643002033234
3860000000.0,-0.020452799275517464
3860937472.0,-0.022052433341741562
3861874944.0,-0.024761594831943512
3862812416.0,-0.026761045679450035
3863749888.0,-0.029802925884723663
3864687616.0,-0.03285839036107063
3865625088.0,-0.036198876798152924
3866562560.0,-0.038863375782966614
3867500032.0,-0.04135177284479141
3868437504.0,-0.043907176703214645
3869374976.0,-0.04644424095749855
3870312448.0,-0.047627225518226624
3871249920.0,-0.04865353927016258
3872187392.0,-0.05101405829191208
3873125120.0,-0.05220593512058258
3874062592.0,-0.053500160574913025
3875000064.0,-0.05538678914308548
3875937536.0,-0.05777711421251297
3876875008.0,-0.060205258429050446
3877812480.0,-0.06302191317081451
3878749952.0,-0.06498047709465027
3879687424.0,-0.06548097729682922
3880624896.0,-0.06705226749181747
3881562624.0,-0.06805313378572464
3882500096.0,-0.06829731166362762
3883437568.0,-0.06847478449344635
3884375040.0,-0.06817510724067688
3885312512.0,-0.06807105988264084
3886249984.0,-0.06712477654218674
3887187456.0,-0.06651260703802109
3888124928.0,-0.06696387380361557
3889062400.0,-0.0657639354467392
3889999872.0,-0.06543544679880142
3890937600.0,-0.06554832309484482
3891875072.0,-0.0666322186589241
3892812544.0,-0.06687502562999725
3893750016.0,-0.06884966790676117
3894687488.0,-0.06958988308906555
3895624960.0,-0.07164284586906433
3896562432.0,-0.07313811033964157
3897499904.0,-0.07553905248641968
3898437376.0,-0.07874845713376999
3899375104.0,-0.08221755176782608
3900312576.0,-0.0853358581662178
3901250048.0,-0.09017787873744965
3902187520.0,-0.09448250383138657
3903124992.0,-0.09892241656780243
3904062464.0,-0.10271967202425003
3904999936.0,-0.10816124081611633
3905937408.0,-0.11323393881320953
3906874880.0,-0.12740333378314972
3907812608.0,-0.13425295054912567
3908750080.0,-0.1401832550764084
3909687552.0,-0.14465047419071198
3910625024.0,-0.14741887152194977
3911562496.0,-0.1481427699327469
3912499968.0,-0.1464345008134842
3913437440.0,-0.14188989996910095
3914374912.0,-0.13642527163028717
3915312384.0,-0.12931294739246368
3916250112.0,-0.12053829431533813
3917187584.0,-0.108451709151268
3918125056.0,-0.0964997336268425
3919062528.0,-0.0818578377366066
3920000000.0,-0.06768524646759033
3920937472.0,-0.05158001184463501
3921874944.0,-0.035671211779117584
3922812416.0,-0.019416645169258118
3923749888.0,-0.003489443566650152
3924687616.0,0.012476473115384579
3925625088.0,0.026124566793441772
3926562560.0,0.03984951600432396
3927500032.0,0.05339490994811058
3928437504.0,0.0651119127869606
3929374976.0,0.07411344349384308
3930312448.0,0.08206998556852341
3931249920.0,0.08729545027017593
3932187392.0,0.0908014252781868
3933125120.0,0.09262658655643463
3934062592.0,0.09263797104358673
3935000064.0,0.0896422266960144
3935937536.0,0.08630379289388657
3936875008.0,0.07994622737169266
3937812480.0,0.07371897995471954
3938749952.0,0.06606892496347427
3939687424.0,0.05652264505624771
3940624896.0,0.04903949797153473
3941562624.0,0.039444271475076675
3942500096.0,0.03104046732187271
3943437568.0,0.022115513682365417
3944375040.0,0.01354778092354536
3945312512.0,0.0051300544291734695
3946249984.0,-0.0018846712773665786
3947187456.0,-0.008250745013356209
3948124928.0,-0.0153819490224123
3949062400.0,-0.02007213607430458
3950000128.0,-0.023154104128479958
3950937600.0,-0.027007723227143288
3951875072.0,-0.030278773978352547
3952812544.0,-0.032670773565769196
3953750016.0,-0.03417269140481949
3954687488.0,-0.03640057519078255
3955624960.0,-0.03824551776051521
3956562432.0,-0.03963368758559227
3957499904.0,-0.04176120460033417
3958437376.0,-0.04317580163478851
3959375104.0,-0.043538086116313934
3960312576.0,-0.04480616748332977
3961250048.0,-0.04728510603308678
3962187520.0,-0.048763811588287354
3963124992.0,-0.05223778262734413
3964062464.0,-0.056619007140398026
3964999936.0,-0.06006810441613197
3965937408.0,-0.06576920300722122
3966874880.0,-0.08038848638534546
3967812608.0,-0.09331845492124557
3968750080.0,-0.10644033551216125
3969687552.0,-0.12093629688024521
3970625024.0,-0.13441944122314453
3971562496.0,-0.14802511036396027
3972499968.0,-0.16074348986148834
3973437440.0,-0.1724044531583786
3974374912.0,-0.18272295594215393
3975312384.0,-0.1922810822725296
3976250112.0,-0.20005713403224945
3977187584.0,-0.2056255340576172
3978125056.0,-0.2092616856098175
3979062528.0,-0.2109643965959549
3980000000.0,-0.21092727780342102
3980937472.0,-0.2090052217245102
3981874944.0,-0.20680195093154907
3982812416.0,-0.20082499086856842
3983749888.0,-0.1958811730146408
3984687616.0,-0.1880316585302353
3985625088.0,-0.17847314476966858
3986562560.0,-0.16927355527877808
3987500032.0,-0.15835542976856232
3988437504.0,-0.14775386452674866
3989374976.0,-0.13546863198280334
3990312448.0,-0.12352752685546875
3991249920.0,-0.11193414777517319
3992187392.0,-0.10029301792383194
3993125120.0,-0.08781925588846207
3994062592.0,-0.07719139009714127
3995000064.0,-0.06734293699264526
3995937536.0,-0.05874667689204216
3996875008.0,-0.05021728202700615
3997812480.0,-0.043564651161432266
3998749952.0,-0.03712712973356247
3999687424.0,-0.030841827392578125
4000624896.0,-0.036288704723119736
4001562624.0,-0.033542633056640625
4002500096.0,-0.032607536762952805
4003437568.0,-0.03254711627960205
4004375040.0,-0.03321666270494461
4005312512.0,-0.03652803599834442
4006249984.0,-0.04086918383836746
4007187456.0,-0.0467384047806263
4008124928.0,-0.05143548175692558
4009062400.0,-0.05932370945811272
4009999872.0,-0.06615652143955231
4010937600.0,-0.07494760304689407
4011875072.0,-0.08237921446561813
4012812544.0,-0.09085694700479507
4013750016.0,-0.0987696573138237
4014687488.0,-0.10673432052135468
4015624960.0,-0.11509565263986588
4016562432.0,-0.12335240095853806
4017499904.0,-0.13141217827796936
4018437376.0,-0.13734625279903412
4019375104.0,-0.14357182383537292
4020312576.0,-0.14976736903190613
4021250048.0,-0.15525564551353455
4022187520.0,-0.1614379733800888
4023124992.0,-0.16532500088214874
4024062464.0,-0.17131268978118896
4024999936.0,-0.17346227169036865
4025937408.0,-0.1770937442779541
4026874880.0,-0.1702955812215805
4027812608.0,-0.17686395347118378
4028750080.0,-0.18386375904083252
4029687552.0,-0.18846291303634644
4030625024.0,-0.1943514496088028
4031562496.0,-0.19946935772895813
4032499968.0,-0.20272552967071533
4033437440.0,-0.20674094557762146
4034374912.0,-0.20848448574543
4035312384.0,-0.21002869307994843
4036250112.0,-0.20948760211467743
4037187584.0,-0.20784445106983185
4038125056.0,-0.2059524655342102
4039062528.0,-0.20072594285011292
4040000000.0,-0.19466127455234528
4040937472.0,-0.19010144472122192
4041874944.0,-0.1846887320280075
4042812416.0,-0.17663916945457458
4043749888.0,-0.16798479855060577
4044687616.0,-0.15788374841213226
4045625088.0,-0.14758837223052979
4046562560.0,-0.1358402818441391
4047500032.0,-0.12267126142978668
4048437504.0,-0.11083510518074036
4049374976.0,-0.0969497337937355
4050312448.0,-0.08294310420751572
4051249920.0,-0.06912946701049805
4052187392.0,-0.05536505579948425
4053125120.0,-0.04166414588689804
4054062592.0,-0.029096724465489388
4055000064.0,-0.016261747106909752
4055937536.0,-0.005152476951479912
4056875008.0,0.004983000922948122
4057812480.0,0.014043988659977913
4058749952.0,0.021621838212013245
4059687424.0,0.02908618003129959
4060624896.0,0.03366885706782341
4061562624.0,0.03655502572655678
4062500096.0,0.03835653141140938
4063437568.0,0.03774300962686539
4064375040.0,0.03641287609934807
4065312512.0,0.03285253047943115
4066249984.0,0.027706729248166084
4067187456.0,0.020482363179326057
4068124928.0,0.011795689351856709
4069062400.0,0.003370414488017559
4070000128.0,-0.006607479881495237
4070937600.0,-0.019036229699850082
4071875072.0,-0.02905218116939068
4072812544.0,-0.042684316635131836
4073750016.0,-0.05484616383910179
4074687488.0,-0.06762032955884933
4075624960.0,-0.08034743368625641
4076562432.0,-0.09379027783870697
4077499904.0,-0.10516505688428879
4078437376.0,-0.11695220321416855
4079375104.0,-0.12906721234321594
4080312576.0,-0.13826285302639008
4081250048.0,-0.1477784961462021
4082187520.0,-0.15560287237167358
4083124992.0,-0.16238006949424744
4084062464.0,-0.16685114800930023
4084999936.0,-0.16983741521835327
4085937408.0,-0.17207016050815582
4086874880.0,-0.15390826761722565
4087812608.0,-0.1545502245426178
4088750080.0,-0.15413042902946472
4089687552.0,-0.15221300721168518
4090625024.0,-0.14906050264835358
4091562496.0,-0.1459454745054245
4092499968.0,-0.1413726806640625
4093437440.0,-0.13681115210056305
4094374912.0,-0.13158085942268372
4095312384.0,-0.12609577178955078
4096250112.0,-0.12068979442119598
4097187584.0,-0.11386488378047943
4098125056.0,-0.10813714563846588
4099062528.0,-0.10199575871229172
4100000000.0,-0.09536031633615494
4100937472.0,-0.08839564770460129
4101874944.0,-0.08273711055517197
4102812416.0,-0.07659655064344406
4103749888.0,-0.07084687054157257
4104687616.0,-0.06594806164503098
4105625088.0,-0.06088345870375633
4106562560.0,-0.05602208897471428
4107500032.0,-0.0516519770026207
4108437504.0,-0.04715484380722046
4109374976.0,-0.044078268110752106
4110312448.0,-0.04105048626661301
4111249920.0,-0.038138557225465775
4112187392.0,-0.03569234535098076
4113125120.0,-0.03416847810149193
4114062592.0,-0.03259452059864998
4115000064.0,-0.0311928428709507
4115937536.0,-0.03017190285027027
4116875008.0,-0.028611822053790092
4117812480.0,-0.028302209451794624
4118749952.0,-0.02721715159714222
4119687424.0,-0.026764867827296257
4120624896.0,-0.027109479531645775
4121562624.0,-0.028373340144753456
4122500096.0,-0.028953319415450096
4123437568.0,-0.028974546119570732
4124375040.0,-0.02989085204899311
4125312512.0,-0.030464153736829758
4126249984.0,-0.03216531127691269
4127187456.0,-0.03482324630022049
4128124928.0,-0.037030842155218124
4129062400.0,-0.040005140006542206
4129999872.0,-0.04333416745066643
4130937600.0,-0.0473681204020977
4131875072.0,-0.051530417054891586
4132812544.0,-0.05646015703678131
4133750016.0,-0.061981119215488434
4134687488.0,-0.06824759393930435
4135624960.0,-0.0755038633942604
4136562432.0,-0.08181273937225342
4137499904.0,-0.09001567959785461
4138437376.0,-0.09870269894599915
4139375104.0,-0.1068626418709755
4140312576.0,-0.11644681543111801
4141250048.0,-0.12518276274204254
4142187520.0,-0.13449037075042725
4143124992.0,-0.14315791428089142
4144062464.0,-0.1517762839794159
4144999936.0,-0.16032758355140686
4145937408.0,-0.16863559186458588
4146874880.0,-0.1897883117198944
4147812608.0,-0.1981271505355835
4148750080.0,-0.20251713693141937
4149687552.0,-0.20763163268566132
4150625024.0,-0.20941604673862457
4151562496.0,-0.20848797261714935
4152499968.0,-0.20717929303646088
4153437440.0,-0.2035859227180481
4154374912.0,-0.19812710583209991
4155312384.0,-0.19101059436798096
4156250112.0,-0.18276283144950867
4157187584.0,-0.1731134057044983
4158125056.0,-0.1627456098794937
4159062528.0,-0.15108703076839447
4160000000.0,-0.14045970141887665
4160937472.0,-0.12703892588615417
4161874944.0,-0.11372115463018417
4162812416.0,-0.10136096179485321
4163749888.0,-0.0885404646396637
4164687616.0,-0.07621578127145767
4165625088.0,-0.06523479521274567
4166562560.0,-0.054203230887651443
4167500032.0,-0.044501665979623795
4168437504.0,-0.035070452839136124
4169374976.0,-0.027498116716742516
4170312448.0,-0.018868690356612206
4171249920.0,-0.011693366803228855
4172187392.0,-0.00540285836905241
4173125120.0,0.0009289375739172101
4174062592.0,0.005167589522898197
4175000064.0,0.008851380087435246
4175937536.0,0.012598487548530102
4176875008.0,0.016368713229894638
4177812480.0,0.019054744392633438
4178749952.0,0.020924242213368416
4179687424.0,0.023221038281917572
4180624896.0,0.024544548243284225
4181562624.0,0.026142923161387444
4182500096.0,0.0266941636800766
4183437568.0,0.02561434917151928
4184375040.0,0.025697387754917145
4185312512.0,0.023731106892228127
4186249984.0,0.021161137148737907
4187187456.0,0.018606092780828476
4188124928.0,0.014442851766943932
4189062400.0,0.010323389433324337
4190000128.0,0.004975372459739447
4190937600.0,-0.0002446909202262759
4191875072.0,-0.006629049777984619
4192812544.0,-0.013110651634633541
4193750016.0,-0.020220380276441574
4194687488.0,-0.02976192906498909
4195624960.0,-0.03718990460038185
4196562432.0,-0.04695183411240578
4197499904.0,-0.05710430443286896
4198437376.0,-0.06654542684555054
4199375104.0,-0.07757819443941116
4200312576.0,-0.08949906378984451
4201250048.0,-0.10162290930747986
4202187520.0,-0.11426213383674622
4203124992.0,-0.12591353058815002
4204062464.0,-0.13787879049777985
4204999936.0,-0.1501903533935547
4205937408.0,-0.1630958914756775
4206874880.0,-0.16570115089416504
4207812608.0,-0.17898283898830414
4208750080.0,-0.19064858555793762
4209687552.0,-0.20173656940460205
4210625024.0,-0.2127009481191635
4211562496.0,-0.22270511090755463
4212499968.0,-0.23196420073509216
4213437440.0,-0.23926761746406555
4214374912.0,-0.2455054670572281
4215312384.0,-0.2503012716770172
4216250112.0,-0.25237807631492615
4217187584.0,-0.25191739201545715
4218125056.0,-0.24901536107063293
4219062528.0,-0.24306978285312653
4220000000.0,-0.23634545505046844
4220937472.0,-0.2266652137041092
4221874944.0,-0.2143983542919159
4222812416.0,-0.19995369017124176
4223749888.0,-0.18350552022457123
4224687616.0,-0.1657191962003708
4225625088.0,-0.14590603113174438
4226562560.0,-0.12592218816280365
4227500032.0,-0.10396960377693176
4228437504.0,-0.08172301203012466
4229374976.0,-0.059028200805187225
4230312448.0,-0.036176666617393494
4231249920.0,-0.013047242537140846
4232187392.0,0.00913322251290083
4233125120.0,0.029310651123523712
4234062592.0,0.049384355545043945
4235000064.0,0.0672091469168663
4235937536.0,0.08468829095363617
4236875008.0,0.09878323972225189
4237812480.0,0.1103823184967041
4238749952.0,0.12024611979722977
4239687424.0,0.1272372156381607
4240624896.0,0.13131417334079742
4241562624.0,0.1336599588394165
4242500096.0,0.13267603516578674
4243437568.0,0.13024431467056274
4244375040.0,0.12458966672420502
4245312512.0,0.11714710295200348
4246249984.0,0.10760170221328735
4247187456.0,0.09641820192337036
4248124928.0,0.08333418518304825
4249062400.0,0.0688452422618866
4249999872.0,0.05271562188863754
4250937600.0,0.03530772030353546
4251875072.0,0.01815563067793846
4252812544.0,-0.000939499179366976
4253750016.0,-0.01989874802529812
4254687488.0,-0.038029447197914124
4255624960.0,-0.05655695125460625
4256562432.0,-0.07458624243736267
4257499904.0,-0.09254729747772217
4258437376.0,-0.10987333208322525
4259375104.0,-0.1270056515932083
4260312576.0,-0.14302822947502136
4261250048.0,-0.15972109138965607
4262187520.0,-0.1734504997730255
4263124992.0,-0.18866266310214996
4264062464.0,-0.20278805494308472
4264999936.0,-0.215438112616539
4265937408.0,-0.22858993709087372
4266874880.0,-0.24130292236804962
4267812608.0,-0.24512000381946564
4268750080.0,-0.24941374361515045
4269687552.0,-0.2538681924343109
4270625024.0,-0.2592537999153137
4271562496.0,-0.263506680727005
4272499968.0,-0.2682749927043915
4273437440.0,-0.27202311158180237
4274374912.0,-0.27486830949783325
4275312384.0,-0.27720755338668823
4276250112.0,-0.27778786420822144
4277187584.0,-0.2763539254665375
4278125056.0,-0.2730947732925415
4279062528.0,-0.268594890832901
4280000000.0,-0.2617839574813843
4280937472.0,-0.2532382309436798
4281874944.0,-0.24306732416152954
4282812416.0,-0.23022180795669556
4283749888.0,-0.21793897449970245
4284687616.0,-0.2021285593509674
4285625088.0,-0.1843157708644867
4286562560.0,-0.16646751761436462
4287500032.0,-0.14659054577350616
4288437504.0,-0.12431042641401291
4289374976.0,-0.10245408862829208
4290312448.0,-0.07951812446117401
4291249920.0,-0.05533444136381149
4292187392.0,-0.032003022730350494
4293125120.0,-0.008674975484609604
4294062592.0,0.014353364706039429
4295000064.0,0.03831177204847336
4295937536.0,0.05962291359901428
4296875008.0,0.08081468194723129
4297812480.0,0.10044853389263153
4298749952.0,0.11862904578447342
4299687424.0,0.13526152074337006
4300624896.0,0.14800536632537842
4301562368.0,0.15911279618740082
4302499840.0,0.16777238249778748
4303437312.0,0.17408697307109833
4304374784.0,0.1775045543909073
4305312256.0,0.1779669225215912
4306250240.0,0.17591801285743713
4307187712.0,0.1706259697675705
4308125184.0,0.16279073059558868
4309062656.0,0.15126730501651764
4310000128.0,0.1374446302652359
4310937600.0,0.12029111385345459
4311875072.0,0.1014406606554985
4312812544.0,0.07929620891809464
4313750016.0,0.05519174039363861
4314687488.0,0.02978231944143772
4315624960.0,0.0012600807240232825
4316562432.0,-0.02672201581299305
4317499904.0,-0.05665937438607216
4318437376.0,-0.08681637793779373
4319374848.0,-0.1166781336069107
4320312320.0,-0.14672082662582397
4321249792.0,-0.17592664062976837
4322187264.0,-0.20347537100315094
4323125248.0,-0.2304583340883255
4324062720.0,-0.2551068365573883
4325000192.0,-0.27742186188697815
4325937664.0,-0.2976575791835785
4326875136.0,-0.3388364017009735
4327812608.0,-0.33374086022377014
4328750080.0,-0.32807376980781555
4329687552.0,-0.3204159438610077
4330625024.0,-0.3140987753868103
4331562496.0,-0.3058987855911255
4332499968.0,-0.29811856150627136
4333437440.0,-0.29028284549713135
4334374912.0,-0.28231081366539
4335312384.0,-0.2745260000228882
4336249856.0,-0.2661602795124054
4337187328.0,-0.26028403639793396
4338124800.0,-0.25453007221221924
4339062272.0,-0.24779212474822998
4339999744.0,-0.24275903403759003
4340937728.0,-0.2363843023777008
4341875200.0,-0.23143351078033447
4342812672.0,-0.22726845741271973
4343750144.0,-0.22194959223270416
4344687616.0,-0.2162957787513733
4345625088.0,-0.21049121022224426
4346562560.0,-0.20386403799057007
4347500032.0,-0.19809721410274506
4348437504.0,-0.1900205910205841
4349374976.0,-0.18020027875900269
4350312448.0,-0.17051342129707336
4351249920.0,-0.15896619856357574
4352187392.0,-0.14628079533576965
4353124864.0,-0.13083089888095856
4354062336.0,-0.11587852239608765
4354999808.0,-0.09932421147823334
4355937280.0,-0.0813404992222786
4356874752.0,-0.0639655813574791
4357812736.0,-0.0469806008040905
4358750208.0,-0.03228137642145157
4359687680.0,-0.020695149898529053
4360625152.0,-0.012532034888863564
4361562624.0,-0.006985281128436327
4362500096.0,-0.0032271023374050856
4363437568.0,-0.0011715661967173219
4364375040.0,0.00027120907907374203
4365312512.0,0.0018593050772324204
4366249984.0,0.0008460845565423369
4367187456.0,0.0009059824515134096
4368124928.0,4.94651758344844e-05
4369062400.0,-0.0014566235477104783
4369999872.0,-0.0034753018990159035
4370937344.0,-0.006096736527979374
4371874816.0,-0.010007374919950962
4372812288.0,-0.013174992054700851
4373749760.0,-0.01962534710764885
4374687744.0,-0.025010546669363976
4375625216.0,-0.03412449359893799
4376562688.0,-0.04356446489691734
4377500160.0,-0.055094316601753235
4378437632.0,-0.06845438480377197
4379375104.0,-0.08366362750530243
4380312576.0,-0.10054057836532593
4381250048.0,-0.12067612260580063
4382187520.0,-0.139748677611351
4383124992.0,-0.16280759871006012
4384062464.0,-0.18521012365818024
4384999936.0,-0.2086309939622879
4385937408.0,-0.23160436749458313
4386874880.0,-0.3267408311367035
4387812352.0,-0.3423190712928772
4388749824.0,-0.3560003340244293
4389687296.0,-0.3670984208583832
4390624768.0,-0.37581866979599
4391562752.0,-0.38161343336105347
4392500224.0,-0.3837330937385559
4393437696.0,-0.3837961256504059
4394375168.0,-0.37954723834991455
4395312640.0,-0.37283921241760254
4396250112.0,-0.36233648657798767
4397187584.0,-0.3485102653503418
4398125056.0,-0.331199049949646
4399062528.0,-0.3116736114025116
4400000000.0,-0.28913140296936035
4400937472.0,-0.2643883526325226
4401874944.0,-0.23786495625972748
4402812416.0,-0.20849113166332245
4403749888.0,-0.17900781333446503
4404687360.0,-0.1474912166595459
4405624832.0,-0.11387035995721817
4406562304.0,-0.08175918459892273
4407499776.0,-0.05032840743660927
4408437248.0,-0.019085058942437172
4409375232.0,0.011057138442993164
4410312704.0,0.03981483355164528
4411250176.0,0.06711403280496597
4412187648.0,0.09184681624174118
4413125120.0,0.11510150134563446
4414062592.0,0.13491319119930267
4415000064.0,0.1513548642396927
4415937536.0,0.1660619080066681
4416875008.0,0.17692983150482178
4417812480.0,0.18536324799060822
4418749952.0,0.18970929086208344
4419687424.0,0.19028256833553314
4420624896.0,0.18885044753551483
4421562368.0,0.1829259842634201
4422499840.0,0.1741897016763687
4423437312.0,0.16285261511802673
4424374784.0,0.14766332507133484
4425312256.0,0.12936221063137054
4426250240.0,0.11002741008996964
4427187712.0,0.08820496499538422
4428125184.0,0.06419538706541061
4429062656.0,0.03860406577587128
4430000128.0,0.013293739408254623
4430937600.0,-0.01402810774743557
4431875072.0,-0.039819665253162384
4432812544.0,-0.06756884604692459
4433750016.0,-0.09244461357593536
4434687488.0,-0.11893068999052048
4435624960.0,-0.14265091717243195
4436562432.0,-0.16549497842788696
4437499904.0,-0.18535099923610687
4438437376.0,-0.20434518158435822
4439374848.0,-0.22031044960021973
4440312320.0,-0.23402495682239532
4441249792.0,-0.24475817382335663
4442187264.0,-0.2536923587322235
4443125248.0,-0.25907760858535767
4444062720.0,-0.26350703835487366
4445000192.0,-0.2659989893436432
4445937664.0,-0.2659603953361511
4446875136.0,-0.2084808051586151
4447812608.0,-0.21339350938796997
4448750080.0,-0.21626600623130798
4449687552.0,-0.2156037837266922
4450625024.0,-0.21345800161361694
4451562496.0,-0.2079223394393921
4452499968.0,-0.19961968064308167
4453437440.0,-0.1887008547782898
4454374912.0,-0.1753823608160019
4455312384.0,-0.1594470590353012
4456249856.0,-0.1411609649658203
4457187328.0,-0.12117510288953781
4458124800.0,-0.09986953437328339
4459062272.0,-0.07849125564098358
4460000256.0,-0.05570296198129654
4460937728.0,-0.03304439038038254
4461875200.0,-0.010848114266991615
4462812672.0,0.010433884337544441
4463750144.0,0.03208192437887192
4464687616.0,0.050636567175388336
4465625088.0,0.06790139526128769
4466562560.0,0.08334818482398987
4467500032.0,0.09729070961475372
4468437504.0,0.1078663095831871
4469374976.0,0.11694935709238052
4470312448.0,0.12159308046102524
4471249920.0,0.12455477565526962
4472187392.0,0.1241137683391571
4473124864.0,0.12044106423854828
4474062336.0,0.11411478370428085
4474999808.0,0.10521695017814636
4475937280.0,0.09250936657190323
4476874752.0,0.07814327627420425
4477812736.0,0.06126268580555916
4478750208.0,0.0416317954659462
4479687680.0,0.019986562430858612
4480625152.0,-0.0033743800595402718
4481562624.0,-0.02814410999417305
4482500096.0,-0.053966157138347626
4483437568.0,-0.08117290586233139
4484375040.0,-0.1091969683766365
4485312512.0,-0.13843218982219696
4486249984.0,-0.16563808917999268
4487187456.0,-0.19395819306373596
4488124928.0,-0.22089487314224243
4489062400.0,-0.24692793190479279
4489999872.0,-0.27128857374191284
4490937344.0,-0.2939068377017975
4491874816.0,-0.31482911109924316
4492812288.0,-0.3342195749282837
4493749760.0,-0.3515147864818573
4494687744.0,-0.36472177505493164
4495625216.0,-0.3769060969352722
4496562688.0,-0.38622137904167175
4497500160.0,-0.3942631483078003
4498437632.0,-0.40024620294570923
4499375104.0,-0.40406152606010437
4500312576.0,-0.4056693911552429
4501250048.0,-0.40626198053359985
4502187520.0,-0.40502506494522095
4503124992.0,-0.4036467373371124
4504062464.0,-0.401452898979187
4504999936.0,-0.3967445194721222
4505937408.0,-0.3932853639125824
4506874880.0,-0.27433887124061584
4507812352.0,-0.27223116159439087
4508749824.0,-0.27060121297836304
4509687296.0,-0.2691725790500641
4510624768.0,-0.2686532735824585
4511562752.0,-0.2688581943511963
4512500224.0,-0.26887577772140503
4513437696.0,-0.27096685767173767
4514375168.0,-0.27340298891067505
4515312640.0,-0.2763705253601074
4516250112.0,-0.2808990776538849
4517187584.0,-0.2860730290412903
4518125056.0,-0.29197993874549866
4519062528.0,-0.29865145683288574
4520000000.0,-0.3064207434654236
4520937472.0,-0.31447747349739075
4521874944.0,-0.3247429430484772
4522812416.0,-0.3334624469280243
4523749888.0,-0.3422178030014038
4524687360.0,-0.35138222575187683
4525624832.0,-0.36056652665138245
4526562304.0,-0.36931487917900085
4527499776.0,-0.37698569893836975
4528437248.0,-0.38657835125923157
4529375232.0,-0.3940117061138153
4530312704.0,-0.40244990587234497
4531250176.0,-0.4103749990463257
4532187648.0,-0.41825371980667114
4533125120.0,-0.424608439207077
4534062592.0,-0.4308185577392578
4535000064.0,-0.43567487597465515
4535937536.0,-0.44114142656326294
4536875008.0,-0.44444361329078674
4537812480.0,-0.44674840569496155
4538749952.0,-0.4493325650691986
4539687424.0,-0.4520094394683838
4540624896.0,-0.45274460315704346
4541562368.0,-0.45294585824012756
4542499840.0,-0.45274099707603455
4543437312.0,-0.4528735876083374
4544374784.0,-0.45214906334877014
4545312256.0,-0.45024383068084717
4546250240.0,-0.4496695101261139
4547187712.0,-0.44644030928611755
4548125184.0,-0.4445113241672516
4549062656.0,-0.4416196942329407
4550000128.0,-0.4393635094165802
4550937600.0,-0.43706491589546204
4551875072.0,-0.4348427653312683
4552812544.0,-0.4310399293899536
4553750016.0,-0.4287209212779999
4554687488.0,-0.42643290758132935
4555624960.0,-0.4230661392211914
4556562432.0,-0.4223257899284363
4557499904.0,-0.42088261246681213
4558437376.0,-0.41983792185783386
4559374848.0,-0.41855013370513916
4560312320.0,-0.418586403131485
4561249792.0,-0.4167722463607788
4562187264.0,-0.41571834683418274
4563125248.0,-0.4151134192943573
4564062720.0,-0.41399070620536804
4565000192.0,-0.4123978316783905
4565937664.0,-0.4111076593399048
4566875136.0,-0.36201992630958557
4567812608.0,-0.3680306375026703
4568750080.0,-0.37252283096313477
4569687552.0,-0.3769429326057434
4570625024.0,-0.3780688941478729
4571562496.0,-0.37844952940940857
4572499968.0,-0.37652575969696045
4573437440.0,-0.3718068301677704
4574374912.0,-0.364339143037796
4575312384.0,-0.35672327876091003
4576249856.0,-0.3459252715110779
4577187328.0,-0.333133339881897
4578124800.0,-0.318134605884552
4579062272.0,-0.30123838782310486
4579999744.0,-0.28286024928092957
4580937728.0,-0.263355016708374
4581875200.0,-0.24238881468772888
4582812672.0,-0.22087405622005463
4583750144.0,-0.19900080561637878
4584687616.0,-0.17608727514743805
4585625088.0,-0.1533529907464981
4586562560.0,-0.1321147382259369
4587500032.0,-0.10927452147006989
4588437504.0,-0.08807309716939926
4589374976.0,-0.0689215138554573
4590312448.0,-0.04885208234190941
4591249920.0,-0.03141094371676445
4592187392.0,-0.01512136124074459
4593124864.0,-0.0008480148389935493
4594062336.0,0.010776030831038952
4594999808.0,0.01919623650610447
4595937280.0,0.024463612586259842
4596874752.0,0.027603203430771828
4597812736.0,0.028655564412474632
4598750208.0,0.026391588151454926
4599687680.0,0.02126394584774971
4600625152.0,0.01413037534803152
4601562624.0,0.004494930151849985
4602500096.0,-0.007318437099456787
4603437568.0,-0.021296964958310127
4604375040.0,-0.03749212250113487
4605312512.0,-0.054780520498752594
4606249984.0,-0.07457028329372406
4607187456.0,-0.0953044593334198
4608124928.0,-0.1182200163602829
4609062400.0,-0.1411249041557312
4609999872.0,-0.16456635296344757
4610937344.0,-0.1870560348033905
4611874816.0,-0.20930568873882294
4612812288.0,-0.23238976299762726
4613749760.0,-0.25420019030570984
4614687744.0,-0.2736049294471741
4615625216.0,-0.29420405626296997
4616562688.0,-0.3132835626602173
4617500160.0,-0.33032479882240295
4618437632.0,-0.34670475125312805
4619375104.0,-0.3618561029434204
4620312576.0,-0.3760209083557129
4621250048.0,-0.3877832889556885
4622187520.0,-0.39930853247642517
4623124992.0,-0.4102168083190918
4624062464.0,-0.42083632946014404
4624999936.0,-0.4302496314048767
4625937408.0,-0.438937783241272
4626874880.0,-0.4541807174682617
4627812352.0,-0.44896379113197327
4628749824.0,-0.4417249262332916
4629687296.0,-0.4333149790763855
4630624768.0,-0.42376601696014404
4631562752.0,-0.41502052545547485
4632500224.0,-0.4052119851112366
4633437696.0,-0.39446744322776794
4634375168.0,-0.3836299777030945
4635312640.0,-0.3742634654045105
4636250112.0,-0.36423128843307495
4637187584.0,-0.3550303280353546
4638125056.0,-0.3453998267650604
4639062528.0,-0.33665749430656433
4640000000.0,-0.32964789867401123
4640937472.0,-0.32224419713020325
4641874944.0,-0.3165692389011383
4642812416.0,-0.3112708330154419
4643749888.0,-0.3066506087779999
4644687360.0,-0.30302363634109497
4645624832.0,-0.301564484834671
4646562304.0,-0.30098962783813477
4647499776.0,-0.30154702067375183
4648437248.0,-0.3041652739048004
4649375232.0,-0.30684858560562134
4650312704.0,-0.309398353099823
4651250176.0,-0.314467191696167
4652187648.0,-0.319053590297699
4653125120.0,-0.32523301243782043
4654062592.0,-0.33225512504577637
4655000064.0,-0.3402671217918396
4655937536.0,-0.34847569465637207
4656875008.0,-0.3566921651363373
4657812480.0,-0.3683258593082428
4658749952.0,-0.3794019818305969
4659687424.0,-0.3894806206226349
4660624896.0,-0.40249156951904297
4661562368.0,-0.41470104455947876
4662499840.0,-0.42796340584754944
4663437312.0,-0.44028592109680176
4664374784.0,-0.4545343518257141
4665312256.0,-0.467304527759552
4666250240.0,-0.48188912868499756
4667187712.0,-0.4957433044910431
4668125184.0,-0.5092374682426453
4669062656.0,-0.5233803987503052
4670000128.0,-0.5387710332870483
4670937600.0,-0.5527136921882629
4671875072.0,-0.5675716996192932
4672812544.0,-0.582122266292572
4673750016.0,-0.59699946641922
4674687488.0,-0.6108942031860352
4675624960.0,-0.6241203546524048
4676562432.0,-0.6366143822669983
4677499904.0,-0.6480036377906799
4678437376.0,-0.6595479249954224
4679374848.0,-0.6699314713478088
4680312320.0,-0.6792470216751099
4681249792.0,-0.6868929862976074
4682187264.0,-0.6937140226364136
4683125248.0,-0.6972923874855042
4684062720.0,-0.7005035281181335
4685000192.0,-0.701823353767395
4685937664.0,-0.701576292514801
4686875136.0,-0.6770765781402588
4687812608.0,-0.6765370965003967
4688750080.0,-0.6731781959533691
4689687552.0,-0.666683554649353
4690625024.0,-0.6576861143112183
4691562496.0,-0.6463890075683594
4692499968.0,-0.6331270933151245
4693437440.0,-0.6170573234558105
4694374912.0,-0.5989601612091064
4695312384.0,-0.5796314477920532
4696249856.0,-0.5575330257415771
4697187328.0,-0.5352327227592468
4698124800.0,-0.5120403170585632
4699062272.0,-0.48871567845344543
4700000256.0,-0.4650205969810486
4700937728.0,-0.44220665097236633
4701875200.0,-0.4216473698616028
4702812672.0,-0.4013320803642273
4703750144.0,-0.3836990296840668
4704687616.0,-0.36961349844932556
4705625088.0,-0.3572028577327728
4706562560.0,-0.34808263182640076
4707500032.0,-0.3431642949581146
4708437504.0,-0.34179413318634033
4709374976.0,-0.34405291080474854
4710312448.0,-0.351895809173584
4711249920.0,-0.3634927272796631
4712187392.0,-0.3793250024318695
4713124864.0,-0.401460736989975
4714062336.0,-0.4271458089351654
4714999808.0,-0.45914503931999207
4715937280.0,-0.49495840072631836
4716874752.0,-0.5344910025596619
4717812736.0,-0.5774828791618347
4718750208.0,-0.6229884028434753
4719687680.0,-0.6708645820617676
4720625152.0,-0.7204539775848389
4721562624.0,-0.7694880366325378
4722500096.0,-0.8190410733222961
4723437568.0,-0.8669264316558838
4724375040.0,-0.9133644700050354
4725312512.0,-0.9568784832954407
4726249984.0,-0.9975858926773071
4727187456.0,-1.034483790397644
4728124928.0,-1.066575288772583
4729062400.0,-1.094021201133728
4729999872.0,-1.1163121461868286
4730937344.0,-1.1351370811462402
4731874816.0,-1.1497960090637207
4732812288.0,-1.1597418785095215
4733749760.0,-1.1667721271514893
4734687744.0,-1.1709649562835693
4735625216.0,-1.1720761060714722
4736562688.0,-1.1697694063186646
4737500160.0,-1.1630754470825195
4738437632.0,-1.1562318801879883
4739375104.0,-1.1457234621047974
4740312576.0,-1.135879635810852
4741250048.0,-1.1241658926010132
4742187520.0,-1.1113277673721313
4743124992.0,-1.0981719493865967
4744062464.0,-1.0848374366760254
4744999936.0,-1.070253849029541
4745937408.0,-1.055834174156189
4746874880.0,-0.8046647906303406
4747812352.0,-0.8107733130455017
4748749824.0,-0.817245602607727
4749687296.0,-0.8238251209259033
4750624768.0,-0.8299152851104736
4751562752.0,-0.8360171914100647
4752500224.0,-0.8412330150604248
4753437696.0,-0.8467543721199036
4754375168.0,-0.8509844541549683
4755312640.0,-0.8552722930908203
4756250112.0,-0.8594129085540771
4757187584.0,-0.8612576723098755
4758125056.0,-0.8622326254844666
4759062528.0,-0.862819254398346
4760000000.0,-0.8618358969688416
4760937472.0,-0.860194742679596
4761874944.0,-0.85743248462677
4762812416.0,-0.8541957139968872
4763749888.0,-0.851334273815155
4764687360.0,-0.8474467396736145
4765624832.0,-0.8427653312683105
4766562304.0,-0.8379939794540405
4767499776.0,-0.8330793976783752
4768437248.0,-0.8277086019515991
4769375232.0,-0.8214112520217896
4770312704.0,-0.816239595413208
4771250176.0,-0.8113868832588196
4772187648.0,-0.8059191703796387
4773125120.0,-0.8015291690826416
4774062592.0,-0.7975594401359558
4775000064.0,-0.7955880165100098
4775937536.0,-0.793522834777832
4776875008.0,-0.7942227125167847
4777812480.0,-0.7949167490005493
4778749952.0,-0.7979030609130859
4779687424.0,-0.8031589984893799
4780624896.0,-0.8098767995834351
4781562368.0,-0.8179646730422974
4782499840.0,-0.829656720161438
4783437312.0,-0.8421751856803894
4784374784.0,-0.8578515648841858
4785312256.0,-0.8743453025817871
4786250240.0,-0.8933234810829163
4787187712.0,-0.9135387539863586
4788125184.0,-0.935674786567688
4789062656.0,-0.9592875242233276
4790000128.0,-0.9841427803039551
4790937600.0,-1.0093098878860474
4791875072.0,-1.0352091789245605
4792812544.0,-1.0616650581359863
4793750016.0,-1.0881339311599731
4794687488.0,-1.1165382862091064
4795624960.0,-1.143748164176941
4796562432.0,-1.1719709634780884
4797499904.0,-1.199074149131775
4798437376.0,-1.2258436679840088
4799374848.0,-1.2507742643356323
4800312320.0,-1.2747093439102173
4801249792.0,-1.2958488464355469
4802187264.0,-1.3151606321334839
4803125248.0,-1.3328438997268677
4804062720.0,-1.3478472232818604
4805000192.0,-1.3595008850097656
4805937664.0,-1.369960904121399
4806875136.0,-1.2272783517837524
4807812608.0,-1.2325735092163086
4808750080.0,-1.2365398406982422
4809687552.0,-1.2393239736557007
4810625024.0,-1.2389191389083862
4811562496.0,-1.2381837368011475
4812499968.0,-1.2362366914749146
4813437440.0,-1.2325775623321533
4814374912.0,-1.2290946245193481
4815312384.0,-1.2229065895080566
4816249856.0,-1.2175427675247192
4817187328.0,-1.2113471031188965
4818124800.0,-1.2050707340240479
4819062272.0,-1.1987943649291992
4819999744.0,-1.193150281906128
4820937728.0,-1.1868877410888672
4821875200.0,-1.1825944185256958
4822812672.0,-1.178104043006897
4823750144.0,-1.1741101741790771
4824687616.0,-1.1722763776779175
4825625088.0,-1.1704232692718506
4826562560.0,-1.1712148189544678
4827500032.0,-1.1725726127624512
4828437504.0,-1.1761369705200195
4829374976.0,-1.182530164718628
4830312448.0,-1.1902048587799072
4831249920.0,-1.2014623880386353
4832187392.0,-1.214333176612854
4833124864.0,-1.2296295166015625
4834062336.0,-1.246809720993042
4834999808.0,-1.2660177946090698
4835937280.0,-1.285305142402649
4836874752.0,-1.3056612014770508
4837812736.0,-1.3256943225860596
4838750208.0,-1.347735047340393
4839687680.0,-1.3696377277374268
4840625152.0,-1.390073537826538
4841562624.0,-1.4122557640075684
4842500096.0,-1.4343793392181396
4843437568.0,-1.4554332494735718
4844375040.0,-1.4753596782684326
4845312512.0,-1.4948378801345825
4846249984.0,-1.5134568214416504
4847187456.0,-1.5311899185180664
4848124928.0,-1.5473530292510986
4849062400.0,-1.5638747215270996
4849999872.0,-1.5771410465240479
4850937344.0,-1.5894062519073486
4851874816.0,-1.5998482704162598
4852812288.0,-1.6082803010940552
4853749760.0,-1.615666389465332
4854687744.0,-1.6229894161224365
4855625216.0,-1.6297214031219482
4856562688.0,-1.6337400674819946
4857500160.0,-1.6377424001693726
4858437632.0,-1.64156973361969
4859375104.0,-1.6453931331634521
4860312576.0,-1.648328185081482
4861250048.0,-1.6525650024414062
4862187520.0,-1.6558040380477905
4863124992.0,-1.6592891216278076
4864062464.0,-1.6628831624984741
4864999936.0,-1.6673469543457031
4865937408.0,-1.6709518432617188
4866874880.0,-1.654850959777832
4867812352.0,-1.660175085067749
4868749824.0,-1.6655631065368652
4869687296.0,-1.671764850616455
4870624768.0,-1.6765176057815552
4871562752.0,-1.682498812675476
4872500224.0,-1.6884368658065796
4873437696.0,-1.6957457065582275
4874375168.0,-1.7032957077026367
4875312640.0,-1.7118138074874878
4876250112.0,-1.7211257219314575
4877187584.0,-1.7309094667434692
4878125056.0,-1.7425153255462646
4879062528.0,-1.754958987236023
4880000000.0,-1.766901969909668
4880937472.0,-1.780373215675354
4881874944.0,-1.7923310995101929
4882812416.0,-1.8058888912200928
4883749888.0,-1.8184938430786133
4884687360.0,-1.83173406124115
4885624832.0,-1.844502329826355
4886562304.0,-1.8564159870147705
4887499776.0,-1.866891860961914
4888437248.0,-1.8759530782699585
4889375232.0,-1.884229063987732
4890312704.0,-1.8891955614089966
4891250176.0,-1.892659068107605
4892187648.0,-1.892795205116272
4893125120.0,-1.8907803297042847
4894062592.0,-1.8851934671401978
4895000064.0,-1.87709641456604
4895937536.0,-1.8664473295211792
4896875008.0,-1.8542355298995972
4897812480.0,-1.840161681175232
4898749952.0,-1.8228459358215332
4899687424.0,-1.804497480392456
4900624896.0,-1.78276789188385
4901562368.0,-1.7616945505142212
4902499840.0,-1.7375404834747314
4903437312.0,-1.7119345664978027
4904374784.0,-1.6862431764602661
4905312256.0,-1.6598844528198242
4906250240.0,-1.6330270767211914
4907187712.0,-1.605919361114502
4908125184.0,-1.580880045890808
4909062656.0,-1.5568901300430298
4910000128.0,-1.5329464673995972
4910937600.0,-1.5092926025390625
4911875072.0,-1.4898059368133545
4912812544.0,-1.469160556793213
4913750016.0,-1.4517710208892822
4914687488.0,-1.4357380867004395
4915624960.0,-1.4232171773910522
4916562432.0,-1.4116301536560059
4917499904.0,-1.405547022819519
4918437376.0,-1.3990782499313354
4919374848.0,-1.3956656455993652
4920312320.0,-1.3945395946502686
4921249792.0,-1.3959463834762573
4922187264.0,-1.3500041961669922
4923125248.0,-1.3375595808029175
4924062720.0,-1.3269840478897095
4925000192.0,-1.3170660734176636
4925937664.0,-1.41749107837677
4926875136.0,-1.4233819246292114
4927812608.0,-1.4299203157424927
4928750080.0,-1.4353867769241333
4929687552.0,-1.4391247034072876
4930625024.0,-1.4424941539764404
4931562496.0,-1.443423867225647
4932499968.0,-1.4413654804229736
4933437440.0,-1.4374167919158936
4934374912.0,-1.4311645030975342
4935312384.0,-1.4230847358703613
4936249856.0,-1.4116003513336182
4937187328.0,-1.3986512422561646
4938124800.0,-1.3830225467681885
4939062272.0,-1.365714430809021
4940000256.0,-1.3474234342575073
4940937728.0,-1.3264949321746826
4941875200.0,-1.3044847249984741
4942812672.0,-1.2822113037109375
4943750144.0,-1.2584439516067505
4944687616.0,-1.234490990638733
4945625088.0,-1.2111948728561401
4946562560.0,-1.188812255859375
4947500032.0,-1.1668446063995361
4948437504.0,-1.1467080116271973
4949374976.0,-1.1287968158721924
4950312448.0,-1.1110268831253052
4951249920.0,-1.0959839820861816
4952187392.0,-1.0843676328659058
4953124864.0,-1.0739465951919556
4954062336.0,-1.065674901008606
4954999808.0,-1.0587373971939087
4955937280.0,-1.052567720413208
4956874752.0,-1.0491729974746704
4957812736.0,-1.0458775758743286
4958750208.0,-1.044384241104126
4959687680.0,-1.0424216985702515
4960625152.0,-1.039459466934204
4961562624.0,-1.0375171899795532
4962500096.0,-1.0353060960769653
4963437568.0,-1.031473159790039
4964375040.0,-1.0264990329742432
4965312512.0,-1.0206258296966553
4966249984.0,-1.0128252506256104
4967187456.0,-1.0054688453674316
4968124928.0,-0.9976869225502014
4969062400.0,-0.9885105490684509
4969999872.0,-0.9793834090232849
4970937344.0,-0.9698734283447266
4971874816.0,-0.9595921635627747
4972812288.0,-0.9491526484489441
4973749760.0,-0.9396030902862549
4974687744.0,-0.9307313561439514
4975625216.0,-0.922569990158081
4976562688.0,-0.9145509600639343
4977500160.0,-0.9068896174430847
4978437632.0,-0.8996789455413818
4979375104.0,-0.8924093842506409
4980312576.0,-0.8847363591194153
4981250048.0,-0.877265214920044
4982187520.0,-0.8684400320053101
4983124992.0,-0.858889102935791
4984062464.0,-0.8504306674003601
4984999936.0,-0.8405893445014954
4985937408.0,-0.8164501786231995
4986874880.0,-0.807356595993042
4987812352.0,-0.7985780835151672
4988749824.0,-0.790543794631958
4989687296.0,-0.7830598950386047
4990624768.0,-0.7775855660438538
4991562752.0,-0.7729924321174622
4992500224.0,-0.7703405022621155
4993437696.0,-0.7690650820732117
4994375168.0,-0.7685484290122986
4995312640.0,-0.7699564099311829
4996250112.0,-0.7721676230430603
4997187584.0,-0.7770711183547974
4998125056.0,-0.7825349569320679
4999062528.0,-0.788152813911438
5000000000.0,-0.7940455675125122
5000937472.0,-0.801977276802063
5001874944.0,-0.8100807070732117
5002812416.0,-0.8176023364067078
5003749888.0,-0.8249603509902954
5004687360.0,-0.8338910341262817
5005624832.0,-0.8405988216400146
5006562304.0,-0.84613436460495
5007499776.0,-0.8512659072875977
5008437248.0,-0.8542966842651367
5009375232.0,-0.8566706776618958
5010312704.0,-0.8560060262680054
5011250176.0,-0.8522816300392151
5012187648.0,-0.847386360168457
5013125120.0,-0.8395822644233704
5014062592.0,-0.8296949863433838
5015000064.0,-0.816057562828064
5015937536.0,-0.8000512719154358
5016875008.0,-0.7815815210342407
5017812480.0,-0.7604359984397888
5018749952.0,-0.7376957535743713
5019687424.0,-0.7118924856185913
5020624896.0,-0.6844605207443237
5021562368.0,-0.6552785634994507
5022499840.0,-0.6244454979896545
5023437312.0,-0.5932938456535339
5024374784.0,-0.5613124370574951
5025312256.0,-0.5297167301177979
5026250240.0,-0.49820467829704285
5027187712.0,-0.4673406481742859
5028125184.0,-0.4382728338241577
5029062656.0,-0.4100336730480194
5030000128.0,-0.3822222650051117
5030937600.0,-0.35653966665267944
5031875072.0,-0.3335686922073364
5032812544.0,-0.31240174174308777
5033750016.0,-0.29408663511276245
5034687488.0,-0.27917739748954773
5035624960.0,-0.266569584608078
5036562432.0,-0.25715234875679016
5037499904.0,-0.25068143010139465
5038437376.0,-0.24843737483024597
5039374848.0,-0.2481108009815216
5040312320.0,-0.2509624660015106
5041249792.0,-0.2580091059207916
5042187264.0,-0.2673473656177521
5043125248.0,-0.27877703309059143
5044062720.0,-0.29436901211738586
5045000192.0,-0.31251177191734314
5045937664.0,-0.5827359557151794
5046875136.0,-0.5917083024978638
5047812608.0,-0.6010865569114685
5048750080.0,-0.6104418635368347
5049687552.0,-0.619842529296875
5050625024.0,-0.629538893699646
5051562496.0,-0.6391962170600891
5052499968.0,-0.6482569575309753
5053437440.0,-0.6580612659454346
5054374912.0,-0.6664271354675293
5055312384.0,-0.6746557354927063
5056249856.0,-0.6808790564537048
5057187328.0,-0.6882928013801575
5058124800.0,-0.694241464138031
5059062272.0,-0.6990798711776733
5059999744.0,-0.7028143405914307
5060937728.0,-0.7042495608329773
5061875200.0,-0.7047035098075867
5062812672.0,-0.7038053870201111
5063750144.0,-0.7017069458961487
5064687616.0,-0.6972732543945312
5065625088.0,-0.6910595893859863
5066562560.0,-0.6832791566848755
5067500032.0,-0.672948956489563
5068437504.0,-0.6616416573524475
5069374976.0,-0.6481700539588928
5070312448.0,-0.6318649053573608
5071249920.0,-0.6137729287147522
5072187392.0,-0.5933291912078857
5073124864.0,-0.5741162300109863
5074062336.0,-0.5522036552429199
5074999808.0,-0.5286749005317688
5075937280.0,-0.5039606094360352
5076874752.0,-0.47874686121940613
5077812736.0,-0.4532092213630676
5078750208.0,-0.4285255968570709
5079687680.0,-0.40420904755592346
5080625152.0,-0.3806021809577942
5081562624.0,-0.3553199768066406
5082500096.0,-0.3324892520904541
5083437568.0,-0.3098710775375366
5084375040.0,-0.28850314021110535
5085312512.0,-0.26959025859832764
5086249984.0,-0.2527841627597809
5087187456.0,-0.23639556765556335
5088124928.0,-0.2238968163728714
5089062400.0,-0.21350926160812378
5089999872.0,-0.20505066215991974
5090937344.0,-0.19951298832893372
5091874816.0,-0.1974048763513565
5092812288.0,-0.19639484584331512
5093749760.0,-0.19846756756305695
5094687744.0,-0.20331725478172302
5095625216.0,-0.21087351441383362
5096562688.0,-0.22078387439250946
5097500160.0,-0.23458223044872284
5098437632.0,-0.24877776205539703
5099375104.0,-0.26535940170288086
5100312576.0,-0.2854502201080322
5101250048.0,-0.30537351965904236
5102187520.0,-0.3271767795085907
5103124992.0,-0.350460022687912
5104062464.0,-0.3749163746833801
5104999936.0,-0.39971768856048584
5105937408.0,-0.4964648187160492
5106874880.0,-0.5155444145202637
5107812352.0,-0.5329807996749878
5108749824.0,-0.5493564009666443
5109687296.0,-0.5617429614067078
5110624768.0,-0.5734813213348389
5111562752.0,-0.582243800163269
5112500224.0,-0.5889415144920349
5113437696.0,-0.5954492688179016
5114375168.0,-0.6000506281852722
5115312640.0,-0.6002203822135925
5116250112.0,-0.6005591154098511
5117187584.0,-0.5979854464530945
5118125056.0,-0.595515787601471
5119062528.0,-0.5901427865028381
5120000000.0,-0.5854742527008057
5120937472.0,-0.5802297592163086
5121874944.0,-0.5749784111976624
5122812416.0,-0.5681551098823547
5123749888.0,-0.5609614849090576
5124687360.0,-0.5540724396705627
5125624832.0,-0.5464209914207458
5126562304.0,-0.540155827999115
5127499776.0,-0.5326157212257385
5128437248.0,-0.5232870578765869
5129375232.0,-0.5139000415802002
5130312704.0,-0.5043091773986816
5131250176.0,-0.4928523302078247
5132187648.0,-0.4805693030357361
5133125120.0,-0.46719279885292053
5134062592.0,-0.4526459276676178
5135000064.0,-0.43541955947875977
5135937536.0,-0.4176594913005829
5136875008.0,-0.3994046151638031
5137812480.0,-0.38037440180778503
5138749952.0,-0.3611912131309509
5139687424.0,-0.3428427278995514
5140624896.0,-0.32463404536247253
5141562368.0,-0.30736538767814636
5142499840.0,-0.2927926480770111
5143437312.0,-0.28108325600624084
5144374784.0,-0.2733554542064667
5145312256.0,-0.27115848660469055
5146250240.0,-0.2752399742603302
5147187712.0,-0.2866609990596771
5148125184.0,-0.3020131587982178
5149062656.0,-0.318348228931427
5150000128.0,-0.338398277759552
5150937600.0,-0.3581266701221466
5151875072.0,-0.37900328636169434
5152812544.0,-0.3990408182144165
5153750016.0,-0.4192139208316803
5154687488.0,-0.4373731017112732
5155624960.0,-0.45459550619125366
5156562432.0,-0.46942761540412903
5157499904.0,-0.483366459608078
5158437376.0,-0.4963170289993286
5159374848.0,-0.5069591999053955
5160312320.0,-0.5168705582618713
5161249792.0,-0.5261867642402649
5162187264.0,-0.5344465374946594
5163125248.0,-0.541761040687561
5164062720.0,-0.5484955310821533
5165000192.0,-0.5557851195335388
5165937664.0,-0.5619679689407349
5166875136.0,-0.5760308504104614
5167812608.0,-0.590949535369873
5168750080.0,-0.6067073941230774
5169687552.0,-0.623557448387146
5170625024.0,-0.640564501285553
5171562496.0,-0.658214807510376
5172499968.0,-0.6754980683326721
5173437440.0,-0.6921181678771973
5174374912.0,-0.7072975039482117
5175312384.0,-0.721329927444458
5176249856.0,-0.7355266809463501
5177187328.0,-0.7459184527397156
5178124800.0,-0.7561473250389099
5179062272.0,-0.7627886533737183
5180000256.0,-0.7671549916267395
5180937728.0,-0.7681357264518738
5181875200.0,-0.7689119577407837
5182812672.0,-0.764930784702301
5183750144.0,-0.7586641311645508
5184687616.0,-0.7489487528800964
5185625088.0,-0.7371963262557983
5186562560.0,-0.7230063080787659
5187500032.0,-0.706409752368927
5188437504.0,-0.6868252158164978
5189374976.0,-0.6650182008743286
5190312448.0,-0.6429932117462158
5191249920.0,-0.6201474666595459
5192187392.0,-0.5968597531318665
5193124864.0,-0.5720058679580688
5194062336.0,-0.5480782389640808
5194999808.0,-0.5247191190719604
5195937280.0,-0.5019009709358215
5196874752.0,-0.48043400049209595
5197812736.0,-0.4586787223815918
5198750208.0,-0.44000956416130066
5199687680.0,-0.42181700468063354
5200625152.0,-0.4060724377632141
5201562624.0,-0.3918670117855072
5202500096.0,-0.3811206519603729
5203437568.0,-0.37211155891418457
5204375040.0,-0.36523017287254333
5205312512.0,-0.36302450299263
5206249984.0,-0.36210596561431885
5207187456.0,-0.36439594626426697
5208124928.0,-0.369960218667984
5209062400.0,-0.37727832794189453
5209999872.0,-0.38721299171447754
5210937344.0,-0.4011925160884857
5211874816.0,-0.4162026047706604
5212812288.0,-0.43417832255363464
5213749760.0,-0.4539233148097992
5214687744.0,-0.47718432545661926
5215625216.0,-0.5009133219718933
5216562688.0,-0.5257399082183838
5217500160.0,-0.5515828132629395
5218437632.0,-0.5794594883918762
5219375104.0,-0.6072865128517151
5220312576.0,-0.6354662179946899
5221250048.0,-0.6634276509284973
5222187520.0,-0.6914305686950684
5223124992.0,-0.7197942733764648
5224062464.0,-0.7473908066749573
5224999936.0,-0.7729343175888062
5225937408.0,-0.8247064352035522
5226874880.0,-0.849829375743866
5227812352.0,-0.8733119964599609
5228749824.0,-0.8956773281097412
5229687296.0,-0.9139320850372314
5230624768.0,-0.9306184649467468
5231562752.0,-0.9453034400939941
5232500224.0,-0.9573416709899902
5233437696.0,-0.9672336578369141
5234375168.0,-0.973403811454773
5235312640.0,-0.978560209274292
5236250112.0,-0.980453372001648
5237187584.0,-0.9806063771247864
5238125056.0,-0.9779918789863586
5239062528.0,-0.9742858409881592
5240000000.0,-0.968374490737915
5240937472.0,-0.960224986076355
5241874944.0,-0.950019121170044
5242812416.0,-0.9388471245765686
5243749888.0,-0.925559401512146
5244687360.0,-0.9113300442695618
5245624832.0,-0.8961845636367798
5246562304.0,-0.8807346820831299
5247499776.0,-0.8647570013999939
5248437248.0,-0.849470853805542
5249375232.0,-0.833145797252655
5250312704.0,-0.8176401257514954
5251250176.0,-0.8018459677696228
5252187648.0,-0.7861783504486084
5253125120.0,-0.7725461721420288
5254062592.0,-0.7579305768013
5255000064.0,-0.7454611659049988
5255937536.0,-0.7348783612251282
5256875008.0,-0.7265105247497559
5257812480.0,-0.7201961874961853
5258749952.0,-0.7147186994552612
5259687424.0,-0.7109717130661011
5260624896.0,-0.7090511322021484
5261562368.0,-0.7093077301979065
5262499840.0,-0.709961473941803
5263437312.0,-0.7135023474693298
5264374784.0,-0.718285083770752
5265312256.0,-0.7260705232620239
5266250240.0,-0.736142635345459
5267187712.0,-0.747928261756897
5268125184.0,-0.7624552249908447
5269062656.0,-0.7795735001564026
5270000128.0,-0.799098551273346
5270937600.0,-0.8207561373710632
5271875072.0,-0.8449872732162476
5272812544.0,-0.8712508678436279
5273750016.0,-0.900751531124115
5274687488.0,-0.9319499731063843
5275624960.0,-0.9646058082580566
5276562432.0,-0.9991086721420288
5277499904.0,-1.034131407737732
5278437376.0,-1.0708180665969849
5279374848.0,-1.107296109199524
5280312320.0,-1.1454631090164185
5281249792.0,-1.1850459575653076
5282187264.0,-1.2252771854400635
5283125248.0,-1.2669930458068848
5284062720.0,-1.3083192110061646
5285000192.0,-1.349079966545105
5285937664.0,-1.3811293840408325
5286875136.0,-1.4167656898498535
5287812608.0,-1.450390100479126
5288750080.0,-1.4810709953308105
5289687552.0,-1.5090391635894775
5290625024.0,-1.5342546701431274
5291562496.0,-1.5569525957107544
5292499968.0,-1.5770336389541626
5293437440.0,-1.5933830738067627
5294374912.0,-1.6071019172668457
5295312384.0,-1.6179559230804443
5296249856.0,-1.6254830360412598
5297187328.0,-1.6296827793121338
5298124800.0,-1.6327141523361206
5299062272.0,-1.630784273147583
5299999744.0,-1.626862645149231
5300937728.0,-1.6212891340255737
5301875200.0,-1.6120771169662476
5302812672.0,-1.6023085117340088
5303750144.0,-1.5911533832550049
5304687616.0,-1.5774897336959839
5305625088.0,-1.5616990327835083
5306562560.0,-1.5449479818344116
5307500032.0,-1.52859365940094
5308437504.0,-1.5109361410140991
5309374976.0,-1.4953614473342896
5310312448.0,-1.4784494638442993
5311249920.0,-1.4638689756393433
5312187392.0,-1.4505517482757568
5313124864.0,-1.438346028327942
5314062336.0,-1.4266043901443481
5314999808.0,-1.4165668487548828
5315937280.0,-1.4082682132720947
5316874752.0,-1.402677059173584
5317812736.0,-1.400869369506836
5318750208.0,-1.3988877534866333
5319687680.0,-1.4003218412399292
5320625152.0,-1.4043505191802979
5321562624.0,-1.4118170738220215
5322500096.0,-1.420075535774231
5323437568.0,-1.4318451881408691
5324375040.0,-1.4469550848007202
5325312512.0,-1.4655991792678833
5326249984.0,-1.4870848655700684
5327187456.0,-1.5119822025299072
5328124928.0,-1.5393692255020142
5329062400.0,-1.5685803890228271
5329999872.0,-1.6026480197906494
5330937344.0,-1.6397939920425415
5331874816.0,-1.6782490015029907
5332812288.0,-1.7468082904815674
5333749760.0,-1.7965576648712158
5334687744.0,-1.845496654510498
5335625216.0,-1.897508144378662
5336562688.0,-1.9510018825531006
5337500160.0,-2.0053658485412598
5338437632.0,-2.060119867324829
5339375104.0,-2.1178646087646484
5340312576.0,-2.1754846572875977
5341250048.0,-2.2343533039093018
5342187520.0,-2.292590856552124
5343124992.0,-2.3492319583892822
5344062464.0,-2.4036781787872314
5344999936.0,-2.4571752548217773
5345937408.0,-2.4053688049316406
5346874880.0,-2.439183235168457
5347812352.0,-2.4697623252868652
5348749824.0,-2.497485399246216
5349687296.0,-2.5223469734191895
5350624768.0,-2.543879747390747
5351562752.0,-2.5615179538726807
5352500224.0,-2.576418161392212
5353437696.0,-2.587754011154175
5354375168.0,-2.5946648120880127
5355312640.0,-2.598050117492676
5356250112.0,-2.5993611812591553
5357187584.0,-2.5941507816314697
5358125056.0,-2.5860955715179443
5359062528.0,-2.5733726024627686
5360000000.0,-2.5574162006378174
5360937472.0,-2.5386462211608887
5361874944.0,-2.517348051071167
5362812416.0,-2.495410203933716
5363749888.0,-2.47102689743042
5364687360.0,-2.4457263946533203
5365624832.0,-2.420558214187622
5366562304.0,-2.3958325386047363
5367499776.0,-2.3695194721221924
5368437248.0,-2.343369245529175
5369375232.0,-2.3176400661468506
5370312704.0,-2.29114031791687
5371250176.0,-2.265462875366211
5372187648.0,-2.2407751083374023
5373125120.0,-2.2171061038970947
5374062592.0,-2.1941945552825928
5375000064.0,-2.172626256942749
5375937536.0,-2.151475191116333
5376875008.0,-2.1329517364501953
5377812480.0,-2.11419415473938
5378749952.0,-2.0981483459472656
5379687424.0,-2.083271026611328
5380624896.0,-2.069829225540161
5381562368.0,-2.0567893981933594
5382499840.0,-2.0448906421661377
5383437312.0,-2.033184766769409
5384374784.0,-2.0230817794799805
5385312256.0,-2.015073537826538
5386250240.0,-2.0079774856567383
5387187712.0,-2.0020174980163574
5388125184.0,-1.9984650611877441
5389062656.0,-1.997999906539917
5390000128.0,-1.997275948524475
5390937600.0,-1.9984750747680664
5391875072.0,-2.0004429817199707
5392812544.0,-2.0018975734710693
5393750016.0,-2.00358247756958
5394687488.0,-2.007197856903076
5395624960.0,-2.0100245475769043
5396562432.0,-2.015822649002075
5397499904.0,-2.0208823680877686
5398437376.0,-2.027919054031372
5399374848.0,-2.033308982849121
5400312320.0,-2.037637233734131
5401249792.0,-2.0430831909179688
5402187264.0,-2.046053886413574
5403125248.0,-2.0485782623291016
5404062720.0,-2.049483299255371
5405000192.0,-2.050671100616455
5405937664.0,-2.193358898162842
5406875136.0,-2.193223476409912
5407812608.0,-2.1885828971862793
5408750080.0,-2.1814913749694824
5409687552.0,-2.1725308895111084
5410625024.0,-2.1591079235076904
5411562496.0,-2.1446704864501953
5412499968.0,-2.1256680488586426
5413437440.0,-2.1046972274780273
5414374912.0,-2.0819010734558105
5415312384.0,-2.0566775798797607
5416249856.0,-2.0287396907806396
5417187328.0,-1.99989652633667
5418124800.0,-1.969077229499817
5419062272.0,-1.937619924545288
5420000256.0,-1.9055711030960083
5420937728.0,-1.8734973669052124
5421875200.0,-1.8402050733566284
5422812672.0,-1.8090109825134277
5423750144.0,-1.7765893936157227
5424687616.0,-1.744503378868103
5425625088.0,-1.7125487327575684
5426562560.0,-1.680822730064392
5427500032.0,-1.6495575904846191
5428437504.0,-1.6186741590499878
5429374976.0,-1.5896557569503784
5430312448.0,-1.5619029998779297
5431249920.0,-1.5358436107635498
5432187392.0,-1.511238694190979
5433124864.0,-1.4867092370986938
5434062336.0,-1.464743971824646
5434999808.0,-1.4416810274124146
5435937280.0,-1.4200055599212646
5436874752.0,-1.400997281074524
5437812736.0,-1.3827769756317139
5438750208.0,-1.3665767908096313
5439687680.0,-1.3490527868270874
5440625152.0,-1.3336336612701416
5441562624.0,-1.3219919204711914
5442500096.0,-1.3094391822814941
5443437568.0,-1.3002814054489136
5444375040.0,-1.2929903268814087
5445312512.0,-1.285549521446228
5446249984.0,-1.2814515829086304
5447187456.0,-1.278676152229309
5448124928.0,-1.2768895626068115
5449062400.0,-1.2777808904647827
5449999872.0,-1.2795692682266235
5450937344.0,-1.2840458154678345
5451874816.0,-1.288151502609253
5452812288.0,-1.2941967248916626
5453749760.0,-1.3021425008773804
5454687744.0,-1.31089186668396
5455625216.0,-1.3197364807128906
5456562688.0,-1.3294305801391602
5457500160.0,-1.33970308303833
5458437632.0,-1.349570393562317
5459375104.0,-1.3615195751190186
5460312576.0,-1.3732506036758423
5461250048.0,-1.3827422857284546
5462187520.0,-1.393052101135254
5463124992.0,-1.4023901224136353
5464062464.0,-1.4093799591064453
5464999936.0,-1.4156681299209595
5465937408.0,-1.4252548217773438
5466874880.0,-1.4258522987365723
5467812352.0,-1.425743818283081
5468749824.0,-1.4218721389770508
5469687296.0,-1.4167052507400513
5470624768.0,-1.410428762435913
5471562752.0,-1.399641752243042
5472500224.0,-1.3873392343521118
5473437696.0,-1.3731845617294312
5474375168.0,-1.3568719625473022
5475312640.0,-1.3388410806655884
5476250112.0,-1.3190795183181763
5477187584.0,-1.2972640991210938
5478125056.0,-1.2748854160308838
5479062528.0,-1.2502150535583496
5480000000.0,-1.225111961364746
5480937472.0,-1.1979235410690308
5481874944.0,-1.169946551322937
5482812416.0,-1.1432784795761108
5483749888.0,-1.1147701740264893
5484687360.0,-1.0870717763900757
5485624832.0,-1.0590803623199463
5486562304.0,-1.030842661857605
5487499776.0,-1.0042227506637573
5488437248.0,-0.9773725271224976
5489375232.0,-0.9520214200019836
5490312704.0,-0.9269051551818848
5491250176.0,-0.9026193022727966
5492187648.0,-0.8801793456077576
5493125120.0,-0.8582891821861267
5494062592.0,-0.8365650177001953
5495000064.0,-0.8179569840431213
5495937536.0,-0.8005868792533875
5496875008.0,-0.7857578992843628
5497812480.0,-0.7732207179069519
5498749952.0,-0.7630314230918884
5499687424.0,-0.7546931505203247
5500624896.0,-0.7493573427200317
5501562368.0,-0.7471810579299927
5502499840.0,-0.7474694848060608
5503437312.0,-0.7509302496910095
5504374784.0,-0.7564906477928162
5505312256.0,-0.7655195593833923
5506250240.0,-0.7777264714241028
5507187712.0,-0.7920472025871277
5508125184.0,-0.8094727993011475
5509062656.0,-0.8286892771720886
5510000128.0,-0.8506664633750916
5510937600.0,-0.875464141368866
5511875072.0,-0.9008582830429077
5512812544.0,-0.9300404191017151
5513750016.0,-0.9589523673057556
5514687488.0,-0.9908397793769836
5515624960.0,-1.0215455293655396
5516562432.0,-1.0550743341445923
5517499904.0,-1.0865070819854736
5518437376.0,-1.1177326440811157
5519374848.0,-1.1486653089523315
5520312320.0,-1.1785998344421387
5521249792.0,-1.2057132720947266
5522187264.0,-1.2312957048416138
5523125248.0,-1.2548292875289917
5524062720.0,-1.2747802734375
5525000192.0,-1.291262149810791
5525937664.0,-1.1307663917541504
5526875136.0,-1.137376308441162
5527812608.0,-1.142202615737915
5528750080.0,-1.1454617977142334
5529687552.0,-1.1463379859924316
5530625024.0,-1.1470685005187988
5531562496.0,-1.1438881158828735
5532499968.0,-1.1410305500030518
5533437440.0,-1.135114312171936
5534374912.0,-1.1259257793426514
5535312384.0,-1.1171844005584717
5536249856.0,-1.1070024967193604
5537187328.0,-1.095243215560913
5538124800.0,-1.0819872617721558
5539062272.0,-1.069654107093811
5539999744.0,-1.0536978244781494
5540937728.0,-1.0391535758972168
5541875200.0,-1.023019552230835
5542812672.0,-1.0066407918930054
5543750144.0,-0.9908595085144043
5544687616.0,-0.9733986258506775
5545625088.0,-0.9581746459007263
5546562560.0,-0.942703366279602
5547500032.0,-0.9265387654304504
5548437504.0,-0.9124132990837097
5549374976.0,-0.8981574773788452
5550312448.0,-0.8860644698143005
5551249920.0,-0.873437762260437
5552187392.0,-0.863609254360199
5553124864.0,-0.855311930179596
5554062336.0,-0.8476037383079529
5554999808.0,-0.8422365188598633
5555937280.0,-0.8389502167701721
5556874752.0,-0.8371875882148743
5557812736.0,-0.8374714255332947
5558750208.0,-0.8395070433616638
5559687680.0,-0.8442033529281616
5560625152.0,-0.8535470962524414
5561562624.0,-0.8642939329147339
5562500096.0,-0.8781923651695251
5563437568.0,-0.8942214846611023
5564375040.0,-0.9130040407180786
5565312512.0,-0.9343839287757874
5566249984.0,-0.957648754119873
5567187456.0,-0.9846193790435791
5568124928.0,-1.0106234550476074
5569062400.0,-1.0395106077194214
5569999872.0,-1.0702731609344482
5570937344.0,-1.100525140762329
5571874816.0,-1.1296796798706055
5572812288.0,-1.1612688302993774
5573749760.0,-1.1893081665039062
5574687744.0,-1.2184194326400757
5575625216.0,-1.2459384202957153
5576562688.0,-1.2695684432983398
5577500160.0,-1.2924683094024658
5578437632.0,-1.312541127204895
5579375104.0,-1.3288097381591797
5580312576.0,-1.3436765670776367
5581250048.0,-1.3558741807937622
5582187520.0,-1.3635280132293701
5583124992.0,-1.3693087100982666
5584062464.0,-1.373307466506958
5584999936.0,-1.3735955953598022
5585937408.0,-1.2942018508911133
5586874880.0,-1.3000879287719727
5587812352.0,-1.305860996246338
5588749824.0,-1.3104066848754883
5589687296.0,-1.3129520416259766
5590624768.0,-1.314117431640625
5591562752.0,-1.3160152435302734
5592500224.0,-1.3150936365127563
5593437696.0,-1.3151737451553345
5594375168.0,-1.3137104511260986
5595312640.0,-1.3118213415145874
5596250112.0,-1.3086029291152954
5597187584.0,-1.305413007736206
5598125056.0,-1.300891637802124
5599062528.0,-1.296437382698059
5600000000.0,-1.2917884588241577
5600937472.0,-1.285714864730835
5601874944.0,-1.2811448574066162
5602812416.0,-1.2751542329788208
5603749888.0,-1.2699841260910034
5604687360.0,-1.2642550468444824
5605624832.0,-1.258968472480774
5606562304.0,-1.252273678779602
5607499776.0,-1.2463752031326294
5608437248.0,-1.239834189414978
5609375232.0,-1.2334929704666138
5610312704.0,-1.2271645069122314
5611250176.0,-1.2214595079421997
5612187648.0,-1.2146662473678589
5613125120.0,-1.2088922262191772
5614062592.0,-1.2027429342269897
5615000064.0,-1.1972723007202148
5615937536.0,-1.1907044649124146
5616875008.0,-1.1875940561294556
5617812480.0,-1.1824135780334473
5618749952.0,-1.178708553314209
5619687424.0,-1.1744979619979858
5620624896.0,-1.1708420515060425
5621562368.0,-1.1681112051010132
5622499840.0,-1.1658740043640137
5623437312.0,-1.1629244089126587
5624374784.0,-1.1613311767578125
5625312256.0,-1.1599880456924438
5626250240.0,-1.1575894355773926
5627187712.0,-1.155935525894165
5628125184.0,-1.1545073986053467
5629062656.0,-1.1532511711120605
5630000128.0,-1.151832103729248
5630937600.0,-1.1492891311645508
5631875072.0,-1.1474828720092773
5632812544.0,-1.1446200609207153
5633750016.0,-1.1398324966430664
5634687488.0,-1.1362382173538208
5635624960.0,-1.131811261177063
5636562432.0,-1.126278042793274
5637499904.0,-1.1185234785079956
5638437376.0,-1.11004638671875
5639374848.0,-1.101709008216858
5640312320.0,-1.092664361000061
5641249792.0,-1.0829224586486816
5642187264.0,-1.073241949081421
5643125248.0,-1.0634788274765015
5644062720.0,-1.0540460348129272
5645000192.0,-1.0420138835906982
5645937664.0,-1.0416103601455688
5646875136.0,-1.028091311454773
5647812608.0,-1.0135419368743896
5648750080.0,-0.9978137016296387
5649687552.0,-0.9804083108901978
5650625024.0,-0.9623813033103943
5651562496.0,-0.9436317682266235
5652499968.0,-0.9245095252990723
5653437440.0,-0.9051750898361206
5654374912.0,-0.8846802711486816
5655312384.0,-0.8640737533569336
5656249856.0,-0.8434715270996094
5657187328.0,-0.8223329186439514
5658124800.0,-0.8005781173706055
5659062272.0,-0.7788596153259277
5660000256.0,-0.7574523091316223
5660937728.0,-0.7360845804214478
5661875200.0,-0.7159186005592346
5662812672.0,-0.6947321891784668
5663750144.0,-0.6743916869163513
5664687616.0,-0.6563435792922974
5665625088.0,-0.6389098763465881
5666562560.0,-0.6215247511863708
5667500032.0,-0.605760931968689
5668437504.0,-0.5914847254753113
5669374976.0,-0.5790289640426636
5670312448.0,-0.5668817758560181
5671249920.0,-0.5565579533576965
5672187392.0,-0.5481328964233398
5673124864.0,-0.5416304469108582
5674062336.0,-0.536861002445221
5674999808.0,-0.5337563157081604
5675937280.0,-0.5323207974433899
5676874752.0,-0.5315482020378113
5677812736.0,-0.5323086380958557
5678750208.0,-0.5331689119338989
5679687680.0,-0.5357750654220581
5680625152.0,-0.5401949882507324
5681562624.0,-0.5428069829940796
5682500096.0,-0.5467866659164429
5683437568.0,-0.5507320761680603
5684375040.0,-0.5544825792312622
5685312512.0,-0.5573107600212097
5686249984.0,-0.5601369142532349
5687187456.0,-0.5626630187034607
5688124928.0,-0.5643863081932068
5689062400.0,-0.5659885406494141
5689999872.0,-0.5663468837738037
5690937344.0,-0.5659987330436707
5691874816.0,-0.5634414553642273
5692812288.0,-0.5598465800285339
5693749760.0,-0.5546305179595947
5694687744.0,-0.5475296378135681
5695625216.0,-0.5399459004402161
5696562688.0,-0.5300731658935547
5697500160.0,-0.5196020603179932
5698437632.0,-0.5082703828811646
5699375104.0,-0.4952182173728943
5700312576.0,-0.48166027665138245
5701250048.0,-0.4670083522796631
5702187520.0,-0.45176252722740173
5703124992.0,-0.4384448230266571
5704062464.0,-0.42532187700271606
5704999936.0,-0.4122133255004883
5705937408.0,-0.37904092669487
5706874880.0,-0.37682387232780457
5707812352.0,-0.37506040930747986
5708749824.0,-0.3743203580379486
5709687296.0,-0.3737269639968872
5710624768.0,-0.3732369840145111
5711562752.0,-0.37096160650253296
5712500224.0,-0.3699401915073395
5713437696.0,-0.36958053708076477
5714375168.0,-0.3682641386985779
5715312640.0,-0.36583656072616577
5716250112.0,-0.36461472511291504
5717187584.0,-0.3606526255607605
5718125056.0,-0.35621362924575806
5719062528.0,-0.3509615361690521
5720000000.0,-0.3443973660469055
5720937472.0,-0.3381373882293701
5721874944.0,-0.33009013533592224
5722812416.0,-0.32226333022117615
5723749888.0,-0.31382355093955994
5724687360.0,-0.3039294183254242
5725624832.0,-0.2957476079463959
5726562304.0,-0.28660762310028076
5727499776.0,-0.27899065613746643
5728437248.0,-0.2702021300792694
5729375232.0,-0.2625707685947418
5730312704.0,-0.2572283148765564
5731250176.0,-0.2515946924686432
5732187648.0,-0.24807395040988922
5733125120.0,-0.24693921208381653
5734062592.0,-0.24662667512893677
5735000064.0,-0.24931548535823822
5735937536.0,-0.2547990679740906
5736875008.0,-0.26072993874549866
5737812480.0,-0.26895833015441895
5738749952.0,-0.2803148925304413
5739687424.0,-0.29331526160240173
5740624896.0,-0.3064698874950409
5741562368.0,-0.31938526034355164
5742499840.0,-0.333530455827713
5743437312.0,-0.34727057814598083
5744374784.0,-0.3584389388561249
5745312256.0,-0.36949703097343445
5746250240.0,-0.37865132093429565
5747187712.0,-0.3864749073982239
5748125184.0,-0.3906053304672241
5749062656.0,-0.39256781339645386
5750000128.0,-0.3926790952682495
5750937600.0,-0.3923681378364563
5751875072.0,-0.3874138593673706
5752812544.0,-0.3813125193119049
5753750016.0,-0.37682127952575684
5754687488.0,-0.3683975040912628
5755624960.0,-0.3604949414730072
5756562432.0,-0.3532448709011078
5757499904.0,-0.34540677070617676
5758437376.0,-0.33827143907546997
5759374848.0,-0.3306713402271271
5760312320.0,-0.32453906536102295
5761249792.0,-0.3190372884273529
5762187264.0,-0.31482332944869995
5763125248.0,-0.3109283745288849
5764062720.0,-0.30796974897384644
5765000192.0,-0.30517470836639404
5765937664.0,-0.2236064374446869
5766875136.0,-0.22682355344295502
5767812608.0,-0.22983171045780182
5768750080.0,-0.2338041514158249
5769687552.0,-0.23796191811561584
5770625024.0,-0.24395343661308289
5771562496.0,-0.24963489174842834
5772499968.0,-0.2560034692287445
5773437440.0,-0.26257142424583435
5774374912.0,-0.2694070041179657
5775312384.0,-0.2763388454914093
5776249856.0,-0.28351646661758423
5777187328.0,-0.2906203866004944
5778124800.0,-0.29837560653686523
5779062272.0,-0.30486589670181274
5779999744.0,-0.3122633397579193
5780937728.0,-0.318325012922287
5781875200.0,-0.3254474401473999
5782812672.0,-0.3305680453777313
5783750144.0,-0.3352280259132385
5784687616.0,-0.3411491811275482
5785625088.0,-0.3448266088962555
5786562560.0,-0.34920796751976013
5787500032.0,-0.35241982340812683
5788437504.0,-0.35427579283714294
5789374976.0,-0.35428863763809204
5790312448.0,-0.3518774211406708
5791249920.0,-0.3505522906780243
5792187392.0,-0.3469673693180084
5793124864.0,-0.34297680854797363
5794062336.0,-0.3380512595176697
5794999808.0,-0.3331044912338257
5795937280.0,-0.3281022310256958
5796874752.0,-0.32085445523262024
5797812736.0,-0.31374070048332214
5798750208.0,-0.30381470918655396
5799687680.0,-0.29466235637664795
5800625152.0,-0.28286394476890564
5801562624.0,-0.27196788787841797
5802500096.0,-0.25889548659324646
5803437568.0,-0.2462673932313919
5804375040.0,-0.23347626626491547
5805312512.0,-0.21904286742210388
5806249984.0,-0.20438627898693085
5807187456.0,-0.18942652642726898
5808124928.0,-0.17514677345752716
5809062400.0,-0.1602180451154709
5809999872.0,-0.14438465237617493
5810937344.0,-0.12855064868927002
5811874816.0,-0.11265401542186737
5812812288.0,-0.09634101390838623
5813749760.0,-0.08249231427907944
5814687744.0,-0.06815633177757263
5815625216.0,-0.055525824427604675
5816562688.0,-0.04296261817216873
5817500160.0,-0.02944246307015419
5818437632.0,-0.017548304051160812
5819375104.0,-0.0061502158641815186
5820312576.0,0.004022970795631409
5821250048.0,0.01453615166246891
5822187520.0,0.024122247472405434
5823124992.0,0.032843783497810364
5824062464.0,0.040092550218105316
5824999936.0,0.04636777937412262
5825937408.0,-0.13181035220623016
5826874880.0,-0.13692985475063324
5827812352.0,-0.14078794419765472
5828749824.0,-0.14285403490066528
5829687296.0,-0.1447812169790268
5830624768.0,-0.1447673887014389
5831562752.0,-0.14379021525382996
5832500224.0,-0.14189285039901733
5833437696.0,-0.13848023116588593
5834375168.0,-0.13492192327976227
5835312640.0,-0.1312764436006546
5836250112.0,-0.12852251529693604
5837187584.0,-0.12519308924674988
5838125056.0,-0.12142203003168106
5839062528.0,-0.11890580505132675
5840000000.0,-0.11884220689535141
5840937472.0,-0.120291568338871
5841874944.0,-0.12106109410524368
5842812416.0,-0.12422545254230499
5843749888.0,-0.12713491916656494
5844687360.0,-0.1315179318189621
5845624832.0,-0.1372382938861847
5846562304.0,-0.14475032687187195
5847499776.0,-0.15242066979408264
5848437248.0,-0.16046178340911865
5849375232.0,-0.17006322741508484
5850312704.0,-0.1792711317539215
5851250176.0,-0.18939104676246643
5852187648.0,-0.1998930126428604
5853125120.0,-0.21062065660953522
5854062592.0,-0.22088956832885742
5855000064.0,-0.2311454564332962
5855937536.0,-0.24081413447856903
5856875008.0,-0.25011569261550903
5857812480.0,-0.2577258348464966
5858749952.0,-0.26333513855934143
5859687424.0,-0.26787999272346497
5860624896.0,-0.26993927359580994
5861562368.0,-0.2703979015350342
5862499840.0,-0.26859623193740845
5863437312.0,-0.2648688852787018
5864374784.0,-0.2592288553714752
5865312256.0,-0.2519361078739166
5866250240.0,-0.2440270185470581
5867187712.0,-0.23398463428020477
5868125184.0,-0.22327439486980438
5869062656.0,-0.21164153516292572
5870000128.0,-0.1991356462240219
5870937600.0,-0.18639180064201355
5871875072.0,-0.1735939085483551
5872812544.0,-0.16078902781009674
5873750016.0,-0.14756648242473602
5874687488.0,-0.1361871212720871
5875624960.0,-0.12517930567264557
5876562432.0,-0.11632055789232254
5877499904.0,-0.10850639641284943
5878437376.0,-0.10480440407991409
5879374848.0,-0.10001948475837708
5880312320.0,-0.1002727746963501
5881249792.0,-0.10177595168352127
5882187264.0,-0.10508159548044205
5883125248.0,-0.10856173187494278
5884062720.0,-0.11634156107902527
5885000192.0,-0.1255851536989212
5885937664.0,-0.06613480299711227
5886875136.0,-0.07029104977846146
5887812608.0,-0.07575938105583191
5888750080.0,-0.08119284361600876
5889687552.0,-0.08721096068620682
5890625024.0,-0.09306371212005615
5891562496.0,-0.10003532469272614
5892499968.0,-0.10778789967298508
5893437440.0,-0.11554612219333649
5894374912.0,-0.12333544343709946
5895312384.0,-0.13306881487369537
5896249856.0,-0.14112375676631927
5897187328.0,-0.14936359226703644
5898124800.0,-0.156987264752388
5899062272.0,-0.1660596877336502
5900000256.0,-0.1751984804868698
5900937728.0,-0.184637188911438
5901875200.0,-0.19328522682189941
5902812672.0,-0.20264364778995514
5903750144.0,-0.21306517720222473
5904687616.0,-0.22154830396175385
5905625088.0,-0.2309475690126419
5906562560.0,-0.2401907742023468
5907500032.0,-0.24829263985157013
5908437504.0,-0.25752270221710205
5909374976.0,-0.26598405838012695
5910312448.0,-0.2747303247451782
5911249920.0,-0.2822880148887634
5912187392.0,-0.2900541126728058
5913124864.0,-0.2973302900791168
5914062336.0,-0.30464428663253784
5914999808.0,-0.31119731068611145
5915937280.0,-0.3170393705368042
5916874752.0,-0.321908175945282
5917812736.0,-0.32603320479393005
5918750208.0,-0.3287788927555084
5919687680.0,-0.3318403363227844
5920625152.0,-0.3329640030860901
5921562624.0,-0.33224934339523315
5922500096.0,-0.3329508900642395
5923437568.0,-0.33157241344451904
5924375040.0,-0.3299197256565094
5925312512.0,-0.326516717672348
5926249984.0,-0.32340767979621887
5927187456.0,-0.31744781136512756
5928124928.0,-0.30945274233818054
5929062400.0,-0.3018762767314911
5929999872.0,-0.2909908890724182
5930937344.0,-0.27930644154548645
5931874816.0,-0.2663766145706177
5932812288.0,-0.25221961736679077
5933749760.0,-0.23714858293533325
5934687744.0,-0.2213391810655594
5935625216.0,-0.20357903838157654
5936562688.0,-0.1852540522813797
5937500160.0,-0.16783079504966736
5938437632.0,-0.1479755938053131
5939375104.0,-0.13022202253341675
5940312576.0,-0.11151833087205887
5941250048.0,-0.09255470335483551
5942187520.0,-0.07503979653120041
5943124992.0,-0.057768549770116806
5944062464.0,-0.0421520471572876
5944999936.0,-0.028087522834539413
5945937408.0,-0.12702737748622894
5946874880.0,-0.1349654346704483
5947812352.0,-0.14515753090381622
5948749824.0,-0.15719230473041534
5949687296.0,-0.16986940801143646
5950624768.0,-0.18469280004501343
5951562752.0,-0.20134060084819794
5952500224.0,-0.2166038453578949
5953437696.0,-0.235201895236969
5954375168.0,-0.2544110119342804
5955312640.0,-0.27481070160865784
5956250112.0,-0.2941044569015503
5957187584.0,-0.31313928961753845
5958125056.0,-0.33212539553642273
5959062528.0,-0.35183754563331604
5960000000.0,-0.3697536885738373
5960937472.0,-0.3876021206378937
5961874944.0,-0.40392908453941345
5962812416.0,-0.41905078291893005
5963749888.0,-0.4308176338672638
5964687360.0,-0.4418753981590271
5965624832.0,-0.44948533177375793
5966562304.0,-0.45470693707466125
5967499776.0,-0.45459604263305664
5968437248.0,-0.4517773985862732
5969375232.0,-0.44668591022491455
5970312704.0,-0.437916100025177
5971250176.0,-0.4263848662376404
5972187648.0,-0.41195863485336304
5973125120.0,-0.3947943150997162
5974062592.0,-0.37564802169799805
5975000064.0,-0.3530656695365906
5975937536.0,-0.3299662470817566
5976875008.0,-0.30536067485809326
5977812480.0,-0.2799365222454071
5978749952.0,-0.25540691614151
5979687424.0,-0.23128056526184082
5980624896.0,-0.20750969648361206
5981562368.0,-0.18452875316143036
5982499840.0,-0.16332615911960602
5983437312.0,-0.14382050931453705
5984374784.0,-0.12712383270263672
5985312256.0,-0.11232813447713852
5986250240.0,-0.10043852031230927
5987187712.0,-0.0913281962275505
5988125184.0,-0.08372187614440918
5989062656.0,-0.08009464293718338
5990000128.0,-0.07778062671422958
5990937600.0,-0.07754631340503693
5991875072.0,-0.08089174330234528
5992812544.0,-0.0856354832649231
5993750016.0,-0.09156954288482666
5994687488.0,-0.09982924908399582
5995624960.0,-0.10810382664203644
5996562432.0,-0.11577122658491135
5997499904.0,-0.12542974948883057
5998437376.0,-0.13324899971485138
5999374848.0,-0.14196248352527618
6000312320.0,-0.1498311311006546
6001249792.0,-0.1578240543603897
6002187264.0,-0.1658513993024826
6003125248.0,-0.17200618982315063
6004062720.0,-0.17845581471920013
6005000192.0,-0.1371321827173233
6005937664.0,-0.14454197883605957
6006875136.0,-0.15150301158428192
6007812608.0,-0.16062898933887482
6008750080.0,-0.16986802220344543
6009687552.0,-0.17903219163417816
6010625024.0,-0.1904696822166443
6011562496.0,-0.20176568627357483
6012499968.0,-0.2146233469247818
6013437440.0,-0.22729693353176117
6014374912.0,-0.2412738800048828
6015312384.0,-0.254130482673645
6016249856.0,-0.26797565817832947
6017187328.0,-0.2812648415565491
6018124800.0,-0.2938302457332611
6019062272.0,-0.306803435087204
6019999744.0,-0.31925785541534424
6020937728.0,-0.331855446100235
6021875200.0,-0.3423372209072113
6022812672.0,-0.3535171151161194
6023750144.0,-0.36377477645874023
6024687616.0,-0.37271636724472046
6025625088.0,-0.38075733184814453
6026562560.0,-0.38687196373939514
6027500032.0,-0.3918927013874054
6028437504.0,-0.39427900314331055
6029374976.0,-0.3946186900138855
6030312448.0,-0.39337462186813354
6031249920.0,-0.39004620909690857
6032187392.0,-0.38627609610557556
6033124864.0,-0.37924984097480774
6034062336.0,-0.37210455536842346
6034999808.0,-0.3630574643611908
6035937280.0,-0.3542049825191498
6036874752.0,-0.342973917722702
6037812736.0,-0.33216404914855957
6038750208.0,-0.32008326053619385
6039687680.0,-0.30997559428215027
6040625152.0,-0.2979271411895752
6041562624.0,-0.28693854808807373
6042500096.0,-0.27541258931159973
6043437568.0,-0.26592645049095154
6044375040.0,-0.255504310131073
6045312512.0,-0.24636147916316986
6046249984.0,-0.23839157819747925
6047187456.0,-0.23082490265369415
6048124928.0,-0.22465074062347412
6049062400.0,-0.2189965397119522
6049999872.0,-0.21370984613895416
6050937344.0,-0.20978780090808868
6051874816.0,-0.2075178623199463
6052812288.0,-0.20638419687747955
6053749760.0,-0.2051040083169937
6054687744.0,-0.20589418709278107
6055625216.0,-0.20791172981262207
6056562688.0,-0.20997752249240875
6057500160.0,-0.2119324952363968
6058437632.0,-0.21515269577503204
6059375104.0,-0.21932624280452728
6060312576.0,-0.22423753142356873
6061250048.0,-0.229212686419487
6062187520.0,-0.23333340883255005
6063124992.0,-0.2392723113298416
6064062464.0,-0.24502035975456238
6064999936.0,-0.139947310090065
6065937408.0,-0.16146749258041382
6066874880.0,-0.1817932277917862
6067812352.0,-0.20275062322616577
6068749824.0,-0.22287723422050476
6069687296.0,-0.24358272552490234
6070624768.0,-0.2631390392780304
6071562752.0,-0.2827143967151642
6072500224.0,-0.30217444896698
6073437696.0,-0.3196670413017273
6074375168.0,-0.33704808354377747
6075312640.0,-0.35365650057792664
6076250112.0,-0.36994725465774536
6077187584.0,-0.3828251361846924
6078125056.0,-0.39631813764572144
6079062528.0,-0.4074360132217407
6080000000.0,-0.4183148741722107
6080937472.0,-0.42670589685440063
6081874944.0,-0.4338536262512207
6082812416.0,-0.44027087092399597
6083749888.0,-0.4440266489982605
6084687360.0,-0.447378933429718
6085624832.0,-0.4482649862766266
6086562304.0,-0.4478655755519867
6087499776.0,-0.4470471143722534
6088437248.0,-0.44474050402641296
6089375232.0,-0.44083306193351746
6090312704.0,-0.43508464097976685
6091250176.0,-0.42895397543907166
6092187648.0,-0.4209771454334259
6093125120.0,-0.412130206823349
6094062592.0,-0.4025217294692993
6095000064.0,-0.3911530673503876
6095937536.0,-0.37955978512763977
6096875008.0,-0.36601129174232483
6097812480.0,-0.35339030623435974
6098749952.0,-0.34049221873283386
6099687424.0,-0.3262906074523926
6100624896.0,-0.31148582696914673
6101562368.0,-0.2971034348011017
6102499840.0,-0.28206318616867065
6103437312.0,-0.26657915115356445
6104374784.0,-0.2523617446422577
6105312256.0,-0.23672543466091156
6106250240.0,-0.22215184569358826
6107187712.0,-0.20664772391319275
6108125184.0,-0.19206950068473816
6109062656.0,-0.17795513570308685
6110000128.0,-0.1638081818819046
6110937600.0,-0.15128785371780396
6111875072.0,-0.13694553077220917
6112812544.0,-0.1268770694732666
6113750016.0,-0.11532428115606308
6114687488.0,-0.10536084324121475
6115624960.0,-0.09614937752485275
6116562432.0,-0.08811859786510468
6117499904.0,-0.08089018613100052
6118437376.0,-0.07632379233837128
6119374848.0,-0.07522803544998169
6120312320.0,-0.07500727474689484
6121249792.0,-0.07723946124315262
6122187264.0,-0.07938958704471588
6123125248.0,-0.08365007489919662
6124062720.0,-0.09019778668880463
6125000192.0,-0.14314821362495422
6125937664.0,-0.15764720737934113
6126875136.0,-0.1716916412115097
6127812608.0,-0.1872105598449707
6128750080.0,-0.2019166648387909
6129687552.0,-0.21841607987880707
6130625024.0,-0.23350407183170319
6131562496.0,-0.24977998435497284
6132499968.0,-0.2657674551010132
6133437440.0,-0.2820654809474945
6134374912.0,-0.2985961139202118
6135312384.0,-0.31417906284332275
6136249856.0,-0.32878947257995605
6137187328.0,-0.34331828355789185
6138124800.0,-0.3575350046157837
6139062272.0,-0.37234094738960266
6140000256.0,-0.3844878375530243
6140937728.0,-0.3959474265575409
6141875200.0,-0.40579110383987427
6142812672.0,-0.4170607924461365
6143750144.0,-0.426295667886734
6144687616.0,-0.4359605014324188
6145625088.0,-0.4446171522140503
6146562560.0,-0.45102742314338684
6147500032.0,-0.4571332335472107
6148437504.0,-0.4608626365661621
6149374976.0,-0.46228525042533875
6150312448.0,-0.46337568759918213
6151249920.0,-0.4613397717475891
6152187392.0,-0.45871374011039734
6153124864.0,-0.45430687069892883
6154062336.0,-0.4475060999393463
6154999808.0,-0.4400642514228821
6155937280.0,-0.43076303601264954
6156874752.0,-0.4208316206932068
6157812736.0,-0.40975895524024963
6158750208.0,-0.39743533730506897
6159687680.0,-0.3856179416179657
6160625152.0,-0.3712732195854187
6161562624.0,-0.35657158493995667
6162500096.0,-0.34366610646247864
6163437568.0,-0.327815979719162
6164375040.0,-0.3136972188949585
6165312512.0,-0.2986873388290405
6166249984.0,-0.28370484709739685
6167187456.0,-0.26940715312957764
6168124928.0,-0.25542786717414856
6169062400.0,-0.24116168916225433
6169999872.0,-0.2247546911239624
6170937344.0,-0.2111836075782776
6171874816.0,-0.19673702120780945
6172812288.0,-0.18454895913600922
6173749760.0,-0.1723848283290863
6174687744.0,-0.16131262481212616
6175625216.0,-0.1518372744321823
6176562688.0,-0.14262478053569794
6177500160.0,-0.13498470187187195
6178437632.0,-0.12852048873901367
6179375104.0,-0.12256483733654022
6180312576.0,-0.118779756128788
6181250048.0,-0.11611837148666382
6182187520.0,-0.11623971909284592
6183124992.0,-0.117515929043293
6184062464.0,-0.12039434164762497
6184999936.0,-0.263969749212265
6185937408.0,-0.2793942391872406
6186874880.0,-0.2959615886211395
6187812352.0,-0.31335386633872986
6188749824.0,-0.3299728035926819
6189687296.0,-0.34630462527275085
6190624768.0,-0.36284446716308594
6191562752.0,-0.37989136576652527
6192500224.0,-0.3948468565940857
6193437696.0,-0.40920907258987427
6194375168.0,-0.42258763313293457
6195312640.0,-0.4333606958389282
6196250112.0,-0.4437524080276489
6197187584.0,-0.450893759727478
6198125056.0,-0.45669057965278625
6199062528.0,-0.4606616795063019
6200000000.0,-0.4648055136203766
6200937472.0,-0.46724972128868103
6201874944.0,-0.46902430057525635
6202812416.0,-0.4706864058971405
6203749888.0,-0.4719219505786896
6204687360.0,-0.4743553698062897
6205624832.0,-0.47557368874549866
6206562304.0,-0.4796592891216278
6207499776.0,-0.48336362838745117
6208437248.0,-0.4893668293952942
6209375232.0,-0.49698561429977417
6210312704.0,-0.5062482357025146
6211250176.0,-0.5144911408424377
6212187648.0,-0.5225703120231628
6213125120.0,-0.5305312871932983
6214062592.0,-0.5358232855796814
6215000064.0,-0.5370250940322876
6215937536.0,-0.5332352519035339
6216875008.0,-0.5272887349128723
6217812480.0,-0.5192577242851257
6218749952.0,-0.5115500092506409
6219687424.0,-0.5014768838882446
6220624896.0,-0.4877709448337555
6221562368.0,-0.4751035273075104
6222499840.0,-0.4613361954689026
6223437312.0,-0.4485332667827606
6224374784.0,-0.4355548918247223
6225312256.0,-0.4233923852443695
6226250240.0,-0.41238459944725037
6227187712.0,-0.40195631980895996
6228125184.0,-0.39163023233413696
6229062656.0,-0.3831818699836731
6230000128.0,-0.37575387954711914
6230937600.0,-0.3672342896461487
6231875072.0,-0.3602248430252075
6232812544.0,-0.353070467710495
6233750016.0,-0.3469063341617584
6234687488.0,-0.3409508168697357
6235624960.0,-0.33472123742103577
6236562432.0,-0.32764992117881775
6237499904.0,-0.3201925456523895
6238437376.0,-0.3142439126968384
6239374848.0,-0.30748802423477173
6240312320.0,-0.2999875843524933
6241249792.0,-0.2914818227291107
6242187264.0,-0.28403547406196594
6243125248.0,-0.27740949392318726
6244062720.0,-0.269133597612381
6245000192.0,-0.41379421949386597
6245937664.0,-0.4146023988723755
6246875136.0,-0.41846251487731934
6247812608.0,-0.423611044883728
6248750080.0,-0.42938947677612305
6249687552.0,-0.4386614263057709
6250625024.0,-0.4490610957145691
6251562496.0,-0.46360936760902405
6252499968.0,-0.4796784222126007
6253437440.0,-0.4985909163951874
6254374912.0,-0.5198236107826233
6255312384.0,-0.5416482090950012
6256249856.0,-0.5661250352859497
6257187328.0,-0.5929926037788391
6258124800.0,-0.6210422515869141
6259062272.0,-0.6481655836105347
6259999744.0,-0.6767606139183044
6260937728.0,-0.7045109272003174
6261875200.0,-0.7301685810089111
6262812672.0,-0.755713701248169
6263750144.0,-0.7794789671897888
6264687616.0,-0.8025878071784973
6265625088.0,-0.8220065236091614
6266562560.0,-0.8391485214233398
6267500032.0,-0.8520309925079346
6268437504.0,-0.8632810115814209
6269374976.0,-0.870016872882843
6270312448.0,-0.8748658299446106
6271249920.0,-0.876164972782135
6272187392.0,-0.8726110458374023
6273124864.0,-0.8670952320098877
6274062336.0,-0.858243465423584
6274999808.0,-0.8458054065704346
6275937280.0,-0.8293775916099548
6276874752.0,-0.8105913400650024
6277812736.0,-0.7886519432067871
6278750208.0,-0.7650290727615356
6279687680.0,-0.7385062575340271
6280625152.0,-0.7101120948791504
6281562624.0,-0.6801692843437195
6282500096.0,-0.6514062881469727
6283437568.0,-0.6220346689224243
6284375040.0,-0.5917715430259705
6285312512.0,-0.5621028542518616
6286249984.0,-0.5334707498550415
6287187456.0,-0.5039578080177307
6288124928.0,-0.4754428565502167
6289062400.0,-0.4485037326812744
6289999872.0,-0.4235333800315857
6290937344.0,-0.39900442957878113
6291874816.0,-0.3776783049106598
6292812288.0,-0.35870540142059326
6293749760.0,-0.3436235189437866
6294687744.0,-0.3289945721626282
6295625216.0,-0.3172718584537506
6296562688.0,-0.3136339783668518
6297500160.0,-0.3136962354183197
6298437632.0,-0.3155023157596588
6299375104.0,-0.3202688992023468
6300312576.0,-0.3272452652454376
6301250048.0,-0.3381323218345642
6302187520.0,-0.3521368205547333
6303124992.0,-0.36859261989593506
6304062464.0,-0.388035386800766
6304999936.0,-0.5250750184059143
6305937408.0,-0.5456854701042175
6306874880.0,-0.568247377872467
6307812352.0,-0.5899869799613953
6308749824.0,-0.6129149198532104
6309687296.0,-0.6375607252120972
6310624768.0,-0.6622641682624817
6311562752.0,-0.6861791610717773
6312500224.0,-0.7128139138221741
6313437696.0,-0.7383652925491333
6314375168.0,-0.7649813890457153
6315312640.0,-0.7896877527236938
6316250112.0,-0.81537926197052
6317187584.0,-0.8388950228691101
6318125056.0,-0.8611536026000977
6319062528.0,-0.8817773461341858
6320000000.0,-0.90123051404953
6320937472.0,-0.91763836145401
6321874944.0,-0.9349068999290466
6322812416.0,-0.9503170251846313
6323749888.0,-0.9608814120292664
6324687360.0,-0.970518171787262
6325624832.0,-0.9774116277694702
6326562304.0,-0.9807348251342773
6327499776.0,-0.9804452657699585
6328437248.0,-0.9778055548667908
6329375232.0,-0.9729252457618713
6330312704.0,-0.9634416699409485
6331250176.0,-0.9535866975784302
6332187648.0,-0.9415314793586731
6333125120.0,-0.9274725914001465
6334062592.0,-0.9124874472618103
6335000064.0,-0.8962205648422241
6335937536.0,-0.8781719207763672
6336875008.0,-0.859550952911377
6337812480.0,-0.8388387560844421
6338749952.0,-0.8169043660163879
6339687424.0,-0.7951406240463257
6340624896.0,-0.7725561261177063
6341562368.0,-0.7505119442939758
6342499840.0,-0.7279437184333801
6343437312.0,-0.7053546905517578
6344374784.0,-0.6834889650344849
6345312256.0,-0.6632273197174072
6346250240.0,-0.6412627100944519
6347187712.0,-0.6195532083511353
6348125184.0,-0.5975676774978638
6349062656.0,-0.5781316757202148
6350000128.0,-0.5594387650489807
6350937600.0,-0.5431907773017883
6351875072.0,-0.5291472673416138
6352812544.0,-0.5155346989631653
6353750016.0,-0.5050450563430786
6354687488.0,-0.49579331278800964
6355624960.0,-0.4905685782432556
6356562432.0,-0.4862898290157318
6357499904.0,-0.48593124747276306
6358437376.0,-0.48726677894592285
6359374848.0,-0.4912284314632416
6360312320.0,-0.4971177577972412
6361249792.0,-0.5062164664268494
6362187264.0,-0.51683109998703
6363125248.0,-0.531427264213562
6364062720.0,-0.5457378625869751
6365000192.0,-0.8243122100830078
6365937664.0,-0.830315113067627
6366875136.0,-0.8378901481628418
6367812608.0,-0.8443350195884705
6368750080.0,-0.8514624238014221
6369687552.0,-0.8586394786834717
6370625024.0,-0.8675519824028015
6371562496.0,-0.876301109790802
6372499968.0,-0.8841838836669922
6373437440.0,-0.8926284313201904
6374374912.0,-0.9004923105239868
6375312384.0,-0.9109117984771729
6376249856.0,-0.9197046756744385
6377187328.0,-0.928920567035675
6378124800.0,-0.9370244741439819
6379062272.0,-0.9459367990493774
6380000256.0,-0.9530959725379944
6380937728.0,-0.9603309631347656
6381875200.0,-0.9657366275787354
6382812672.0,-0.972927987575531
6383750144.0,-0.9789733290672302
6384687616.0,-0.9838549494743347
6385625088.0,-0.989045262336731
6386562560.0,-0.9936614036560059
6387500032.0,-0.9975807666778564
6388437504.0,-1.0009522438049316
6389374976.0,-1.0045000314712524
6390312448.0,-1.0058544874191284
6391249920.0,-1.0077112913131714
6392187392.0,-1.0076355934143066
6393124864.0,-1.0079542398452759
6394062336.0,-1.0065079927444458
6394999808.0,-1.0055981874465942
6395937280.0,-1.0026946067810059
6396874752.0,-0.9999563694000244
6397812736.0,-0.9967020153999329
6398750208.0,-0.9929530620574951
6399687680.0,-0.9892511963844299
6400625152.0,-0.9860472083091736
6401562624.0,-0.9825385212898254
6402500096.0,-0.9799438118934631
6403437568.0,-0.9771422147750854
6404375040.0,-0.976483941078186
6405312512.0,-0.9757523536682129
6406249984.0,-0.9769209027290344
6407187456.0,-0.9774197936058044
6408124928.0,-0.979352593421936
6409062400.0,-0.9818008542060852
6409999872.0,-0.9847815036773682
6410937344.0,-0.989100992679596
6411874816.0,-0.9948111176490784
6412812288.0,-1.0004545450210571
6413749760.0,-1.0056861639022827
6414687744.0,-1.012003779411316
6415625216.0,-1.018814206123352
6416562688.0,-1.0255147218704224
6417500160.0,-1.034562349319458
6418437632.0,-1.0430915355682373
6419375104.0,-1.052455186843872
6420312576.0,-1.0620673894882202
6421250048.0,-1.071277141571045
6422187520.0,-1.080885410308838
6423124992.0,-1.0869569778442383
6424062464.0,-1.0912022590637207
6424999936.0,-1.1096450090408325
6425937408.0,-1.1221436262130737
6426874880.0,-1.1331161260604858
6427812352.0,-1.1432340145111084
6428749824.0,-1.1520562171936035
6429687296.0,-1.1593196392059326
6430624768.0,-1.1646418571472168
6431562752.0,-1.1699159145355225
6432500224.0,-1.1709864139556885
6433437696.0,-1.1716097593307495
6434375168.0,-1.1714022159576416
6435312640.0,-1.1685078144073486
6436250112.0,-1.1643298864364624
6437187584.0,-1.1587787866592407
6438125056.0,-1.152580738067627
6439062528.0,-1.1430894136428833
6440000000.0,-1.1340618133544922
6440937472.0,-1.1234540939331055
6441874944.0,-1.1121317148208618
6442812416.0,-1.1009122133255005
6443749888.0,-1.0879477262496948
6444687360.0,-1.0755516290664673
6445624832.0,-1.0629370212554932
6446562304.0,-1.050434947013855
6447499776.0,-1.0374135971069336
6448437248.0,-1.0267188549041748
6449375232.0,-1.0157744884490967
6450312704.0,-1.0057140588760376
6451250176.0,-0.9951080083847046
6452187648.0,-0.9868918657302856
6453125120.0,-0.9779810309410095
6454062592.0,-0.9711101055145264
6455000064.0,-0.9640165567398071
6455937536.0,-0.9579216241836548
6456875008.0,-0.9523308277130127
6457812480.0,-0.9477737545967102
6458749952.0,-0.9423366785049438
6459687424.0,-0.9368608593940735
6460624896.0,-0.9326536655426025
6461562368.0,-0.9289349317550659
6462499840.0,-0.9245416522026062
6463437312.0,-0.9203692674636841
6464374784.0,-0.9161069393157959
6465312256.0,-0.9122366905212402
6466250240.0,-0.9079159498214722
6467187712.0,-0.9047204852104187
6468125184.0,-0.8999454975128174
6469062656.0,-0.8968236446380615
6470000128.0,-0.8921470642089844
6470937600.0,-0.8876121640205383
6471875072.0,-0.8822489976882935
6472812544.0,-0.8754806518554688
6473750016.0,-0.8712136745452881
6474687488.0,-0.8669081330299377
6475624960.0,-0.8641499876976013
6476562432.0,-0.8590368032455444
6477499904.0,-0.8547839522361755
6478437376.0,-0.8507067561149597
6479374848.0,-0.845132052898407
6480312320.0,-0.8419384360313416
6481249792.0,-0.8389159440994263
6482187264.0,-0.8356975317001343
6483125248.0,-0.8357059359550476
6484062720.0,-0.8350376486778259
6485000192.0,-0.9362245798110962
6485937664.0,-0.9445462226867676
6486875136.0,-0.953422486782074
6487812608.0,-0.9611847400665283
6488750080.0,-0.9693087339401245
6489687552.0,-0.9765146374702454
6490625024.0,-0.9831980466842651
6491562496.0,-0.9905866980552673
6492499968.0,-0.996212899684906
6493437440.0,-1.0021196603775024
6494374912.0,-1.0055335760116577
6495312384.0,-1.0108309984207153
6496249856.0,-1.0128166675567627
6497187328.0,-1.0162686109542847
6498124800.0,-1.0184623003005981
6499062272.0,-1.0196681022644043
6499999744.0,-1.0188782215118408
6500937728.0,-1.0184980630874634
6501875200.0,-1.01516854763031
6502812672.0,-1.012595295906067
6503750144.0,-1.0071845054626465
6504687616.0,-1.000704288482666
6505625088.0,-0.9927377700805664
6506562560.0,-0.9845007061958313
6507500032.0,-0.9748326539993286
6508437504.0,-0.9643083214759827
6509374976.0,-0.9537535905838013
6510312448.0,-0.9427555799484253
6511249920.0,-0.9314554333686829
6512187392.0,-0.91977858543396
6513124864.0,-0.907893717288971
6514062336.0,-0.8965851664543152
6514999808.0,-0.8847460150718689
6515937280.0,-0.8739951848983765
6516874752.0,-0.8631573915481567
6517812736.0,-0.8531421422958374
6518750208.0,-0.8440698981285095
6519687680.0,-0.8353047370910645
6520625152.0,-0.8270470499992371
6521562624.0,-0.8203293085098267
6522500096.0,-0.8128761649131775
6523437568.0,-0.8064244389533997
6524375040.0,-0.8011090159416199
6525312512.0,-0.7958475947380066
6526249984.0,-0.7917066216468811
6527187456.0,-0.7897425293922424
6528124928.0,-0.7878754734992981
6529062400.0,-0.7878650426864624
6529999872.0,-0.7873806357383728
6530937344.0,-0.7879709005355835
6531874816.0,-0.7901942729949951
6532812288.0,-0.7932539582252502
6533749760.0,-0.7972135543823242
6534687744.0,-0.8021579384803772
6535625216.0,-0.8063280582427979
6536562688.0,-0.8124299645423889
6537500160.0,-0.8181557059288025
6538437632.0,-0.8233643174171448
6539375104.0,-0.8282850980758667
6540312576.0,-0.8331916928291321
6541250048.0,-0.8399038314819336
6542187520.0,-0.845644474029541
6543124992.0,-0.8530061841011047
6544062464.0,-0.860022783279419
6544999936.0,-0.8579658269882202
6545937408.0,-0.8612308502197266
6546874880.0,-0.8651236891746521
6547812352.0,-0.8690251111984253
6548749824.0,-0.8740183711051941
6549687296.0,-0.8768437504768372
6550624768.0,-0.8798535466194153
6551562752.0,-0.883011519908905
6552500224.0,-0.8890053033828735
6553437696.0,-0.8922955393791199
6554375168.0,-0.8978461623191833
6555312640.0,-0.9042691588401794
6556250112.0,-0.9118826389312744
6557187584.0,-0.9190776944160461
6558125056.0,-0.9299578070640564
6559062528.0,-0.9403692483901978
6560000000.0,-0.951831042766571
6560937472.0,-0.9650558829307556
6561874944.0,-0.9779883027076721
6562812416.0,-0.9906351566314697
6563749888.0,-1.003800630569458
6564687360.0,-1.017350673675537
6565624832.0,-1.0318232774734497
6566562304.0,-1.0445547103881836
6567499776.0,-1.0583220720291138
6568437248.0,-1.071141242980957
6569375232.0,-1.0836797952651978
6570312704.0,-1.0957845449447632
6571250176.0,-1.1069992780685425
6572187648.0,-1.118894338607788
6573125120.0,-1.1291120052337646
6574062592.0,-1.1413848400115967
6575000064.0,-1.1498353481292725
6575937536.0,-1.1582961082458496
6576875008.0,-1.1676040887832642
6577812480.0,-1.1743712425231934
6578749952.0,-1.1806893348693848
6579687424.0,-1.1863677501678467
6580624896.0,-1.1909388303756714
6581562368.0,-1.1951017379760742
6582499840.0,-1.1966698169708252
6583437312.0,-1.1973556280136108
6584374784.0,-1.1982364654541016
6585312256.0,-1.1972585916519165
6586250240.0,-1.1941291093826294
6587187712.0,-1.1913892030715942
6588125184.0,-1.188267707824707
6589062656.0,-1.1846015453338623
6590000128.0,-1.1800457239151
6590937600.0,-1.1747974157333374
6591875072.0,-1.170248031616211
6592812544.0,-1.1651705503463745
6593750016.0,-1.1591622829437256
6594687488.0,-1.1535457372665405
6595624960.0,-1.1495347023010254
6596562432.0,-1.145838737487793
6597499904.0,-1.1424838304519653
6598437376.0,-1.139184832572937
6599374848.0,-1.1378285884857178
6600312320.0,-1.137057900428772
6601249792.0,-1.1356149911880493
6602187264.0,-1.135562777519226
6603125248.0,-1.1362779140472412
6604062720.0,-1.1363776922225952
6605000192.0,-1.1319689750671387
6605937664.0,-1.1355291604995728
6606875136.0,-1.139683723449707
6607812608.0,-1.142863392829895
6608750080.0,-1.1478700637817383
6609687552.0,-1.151454210281372
6610625024.0,-1.1556111574172974
6611562496.0,-1.1598173379898071
6612499968.0,-1.1632412672042847
6613437440.0,-1.1677144765853882
6614374912.0,-1.170453667640686
6615312384.0,-1.1741864681243896
6616249856.0,-1.1788625717163086
6617187328.0,-1.1822621822357178
6618124800.0,-1.1864404678344727
6619062272.0,-1.190750241279602
6620000256.0,-1.1959547996520996
6620937728.0,-1.20254647731781
6621875200.0,-1.210013508796692
6622812672.0,-1.2186003923416138
6623750144.0,-1.2279822826385498
6624687616.0,-1.2403180599212646
6625625088.0,-1.2557117938995361
6626562560.0,-1.2742407321929932
6627500032.0,-1.2937544584274292
6628437504.0,-1.3140429258346558
6629374976.0,-1.3354231119155884
6630312448.0,-1.356282114982605
6631249920.0,-1.375970482826233
6632187392.0,-1.3968449831008911
6633124864.0,-1.4173401594161987
6634062336.0,-1.437516450881958
6634999808.0,-1.456382393836975
6635937280.0,-1.47806715965271
6636874752.0,-1.497793436050415
6637812736.0,-1.5171401500701904
6638750208.0,-1.5354470014572144
6639687680.0,-1.5532777309417725
6640625152.0,-1.569559097290039
6641562624.0,-1.584846019744873
6642500096.0,-1.5991172790527344
6643437568.0,-1.612715244293213
6644375040.0,-1.6240442991256714
6645312512.0,-1.6360015869140625
6646249984.0,-1.6466950178146362
6647187456.0,-1.6547108888626099
6648124928.0,-1.6624243259429932
6649062400.0,-1.668531060218811
6649999872.0,-1.671537160873413
6650937344.0,-1.6765556335449219
6651874816.0,-1.6795096397399902
6652812288.0,-1.6848407983779907
6653749760.0,-1.6886990070343018
6654687744.0,-1.692205548286438
6655625216.0,-1.6967804431915283
6656562688.0,-1.7004963159561157
6657500160.0,-1.7066737413406372
6658437632.0,-1.711176872253418
6659375104.0,-1.7166069746017456
6660312576.0,-1.7239679098129272
6661250048.0,-1.7299045324325562
6662187520.0,-1.7399747371673584
6663124992.0,-1.7503892183303833
6664062464.0,-1.7613509893417358
6664999936.0,-1.7859723567962646
6665937408.0,-1.7980430126190186
6666874880.0,-1.8118785619735718
6667812352.0,-1.825232744216919
6668749824.0,-1.8388195037841797
6669687296.0,-1.8534271717071533
6670624768.0,-1.8666640520095825
6671562752.0,-1.8791781663894653
6672500224.0,-1.8915334939956665
6673437696.0,-1.905094861984253
6674375168.0,-1.9168810844421387
6675312640.0,-1.9275331497192383
6676250112.0,-1.9385321140289307
6677187584.0,-1.9444904327392578
6678125056.0,-1.9496697187423706
6679062528.0,-1.9538089036941528
6680000000.0,-1.9577080011367798
6680937472.0,-1.9583474397659302
6681874944.0,-1.958875298500061
6682812416.0,-1.95772385597229
6683749888.0,-1.956013560295105
6684687360.0,-1.9544637203216553
6685624832.0,-1.9531527757644653
6686562304.0,-1.9519752264022827
6687499776.0,-1.9519954919815063
6688437248.0,-1.9549877643585205
6689375232.0,-1.9591513872146606
6690312704.0,-1.96414315700531
6691250176.0,-1.9713332653045654
6692187648.0,-1.9787064790725708
6693125120.0,-1.9874013662338257
6694062592.0,-1.9973890781402588
6695000064.0,-2.011460781097412
6695937536.0,-2.0266494750976562
6696875008.0,-2.043928623199463
6697812480.0,-2.0613932609558105
6698749952.0,-2.0816867351531982
6699687424.0,-2.102681875228882
6700624896.0,-2.1251964569091797
6701562368.0,-2.147627592086792
6702499840.0,-2.169628381729126
6703437312.0,-2.191892623901367
6704374784.0,-2.215630292892456
6705312256.0,-2.23921537399292
6706250240.0,-2.260812759399414
6707187712.0,-2.2827975749969482
6708125184.0,-2.3052937984466553
6709062656.0,-2.32777738571167
6710000128.0,-2.349412202835083
6710937600.0,-2.3720240592956543
6711875072.0,-2.392007350921631
6712812544.0,-2.4088046550750732
6713750016.0,-2.4229657649993896
6714687488.0,-2.4331626892089844
6715624960.0,-2.442955732345581
6716562432.0,-2.4479353427886963
6717499904.0,-2.4510326385498047
6718437376.0,-2.4511795043945312
6719374848.0,-2.4478795528411865
6720312320.0,-2.4443933963775635
6721249792.0,-2.440861701965332
6722187264.0,-2.436732769012451
6723125248.0,-2.4334449768066406
6724062720.0,-2.433657646179199
6725000192.0,-2.4101178646087646
6725937664.0,-2.414458751678467
6726875136.0,-2.4206383228302
6727812608.0,-2.4270009994506836
6728750080.0,-2.434433698654175
6729687552.0,-2.4411683082580566
6730625024.0,-2.4485573768615723
6731562496.0,-2.4587268829345703
6732499968.0,-2.4719512462615967
6733437440.0,-2.4869449138641357
6734374912.0,-2.5057013034820557
6735312384.0,-2.525002956390381
6736249856.0,-2.5498626232147217
6737187328.0,-2.575695753097534
6738124800.0,-2.602602481842041
6739062272.0,-2.630664825439453
6739999744.0,-2.6622865200042725
6740937728.0,-2.694610118865967
6741875200.0,-2.7289316654205322
6742812672.0,-2.7632815837860107
6743750144.0,-2.7993969917297363
6744687616.0,-2.8358161449432373
6745625088.0,-2.8724701404571533
6746562560.0,-2.907388210296631
6747500032.0,-2.941314220428467
6748437504.0,-2.9733173847198486
6749374976.0,-3.002546548843384
6750312448.0,-3.0300302505493164
6751249920.0,-3.0546181201934814
6752187392.0,-3.079169750213623
6753124864.0,-3.096782684326172
6754062336.0,-3.1111531257629395
6754999808.0,-3.12076473236084
6755937280.0,-3.1278932094573975
6756874752.0,-3.132596015930176
6757812736.0,-3.130850315093994
6758750208.0,-3.124812126159668
6759687680.0,-3.115122079849243
6760625152.0,-3.101280450820923
6761562624.0,-3.0827906131744385
6762500096.0,-3.0573952198028564
6763437568.0,-3.0277891159057617
6764375040.0,-2.98960542678833
6765312512.0,-2.9466447830200195
6766249984.0,-2.900127649307251
6767187456.0,-2.8514535427093506
6768124928.0,-2.7976298332214355
6769062400.0,-2.7395832538604736
6769999872.0,-2.680171012878418
6770937344.0,-2.615689992904663
6771874816.0,-2.5501601696014404
6772812288.0,-2.4839727878570557
6773749760.0,-2.416619300842285
6774687744.0,-2.3523411750793457
6775625216.0,-2.28700590133667
6776562688.0,-2.225754499435425
6777500160.0,-2.164562463760376
6778437632.0,-2.108863592147827
6779375104.0,-2.0577971935272217
6780312576.0,-2.0099284648895264
6781250048.0,-1.9662564992904663
6782187520.0,-1.9272791147232056
6783124992.0,-1.8919072151184082
6784062464.0,-1.8613444566726685
6784999936.0,-2.3084280490875244
6785937408.0,-2.2903852462768555
6786874880.0,-2.271244764328003
6787812352.0,-2.253143548965454
6788749824.0,-2.2356789112091064
6789687296.0,-2.2195937633514404
6790624768.0,-2.2038793563842773
6791562752.0,-2.18957781791687
6792500224.0,-2.1768674850463867
6793437696.0,-2.166959524154663
6794375168.0,-2.1573333740234375
6795312640.0,-2.1503477096557617
6796250112.0,-2.1456005573272705
6797187584.0,-2.1429755687713623
6798125056.0,-2.142953395843506
6799062528.0,-2.1456074714660645
6800000000.0,-2.1513640880584717
6800937472.0,-2.161238670349121
6801874944.0,-2.173140525817871
6802812416.0,-2.1870946884155273
6803749888.0,-2.2041380405426025
6804687360.0,-2.224299192428589
6805624832.0,-2.244091272354126
6806562304.0,-2.265427589416504
6807499776.0,-2.2871809005737305
6808437248.0,-2.308828115463257
6809375232.0,-2.3300867080688477
6810312704.0,-2.349637746810913
6811250176.0,-2.369429349899292
6812187648.0,-2.3866007328033447
6813125120.0,-2.403080701828003
6814062592.0,-2.4180896282196045
6815000064.0,-2.4289729595184326
6815937536.0,-2.4404401779174805
6816875008.0,-2.4474544525146484
6817812480.0,-2.454075574874878
6818749952.0,-2.456070899963379
6819687424.0,-2.4543020725250244
6820624896.0,-2.447895050048828
6821562368.0,-2.4355263710021973
6822499840.0,-2.420337438583374
6823437312.0,-2.399364948272705
6824374784.0,-2.375877857208252
6825312256.0,-2.3500657081604004
6826250240.0,-2.3226516246795654
6827187712.0,-2.2911946773529053
6828125184.0,-2.258944034576416
6829062656.0,-2.2243990898132324
6830000128.0,-2.188732147216797
6830937600.0,-2.1513054370880127
6831875072.0,-2.113076686859131
6832812544.0,-2.0747320652008057
6833750016.0,-2.0336410999298096
6834687488.0,-1.9920225143432617
6835624960.0,-1.9508973360061646
6836562432.0,-1.9096134901046753
6837499904.0,-1.8686859607696533
6838437376.0,-1.828456997871399
6839374848.0,-1.7899127006530762
6840312320.0,-1.753467321395874
6841249792.0,-1.7169581651687622
6842187264.0,-1.6827117204666138
6843125248.0,-1.6516319513320923
6844062720.0,-1.620258092880249
6845000192.0,-1.5126736164093018
6845937664.0,-1.4830195903778076
6846875136.0,-1.4559270143508911
6847812608.0,-1.4319045543670654
6848750080.0,-1.4114959239959717
6849687552.0,-1.3935720920562744
6850625024.0,-1.3787729740142822
6851562496.0,-1.3673182725906372
6852499968.0,-1.3588941097259521
6853437440.0,-1.3531501293182373
6854374912.0,-1.3514537811279297
6855312384.0,-1.3506309986114502
6856249856.0,-1.35334312915802
6857187328.0,-1.3584502935409546
6858124800.0,-1.366020679473877
6859062272.0,-1.3759007453918457
6860000256.0,-1.3896039724349976
6860937728.0,-1.4045498371124268
6861875200.0,-1.4210076332092285
6862812672.0,-1.4394534826278687
6863750144.0,-1.4604706764221191
6864687616.0,-1.4818819761276245
6865625088.0,-1.502576470375061
6866562560.0,-1.5237035751342773
6867500032.0,-1.5431835651397705
6868437504.0,-1.5616110563278198
6869374976.0,-1.579299807548523
6870312448.0,-1.5950725078582764
6871249920.0,-1.6091701984405518
6872187392.0,-1.622138500213623
6873124864.0,-1.6329821348190308
6874062336.0,-1.6418215036392212
6874999808.0,-1.649601936340332
6875937280.0,-1.6536117792129517
6876874752.0,-1.6549437046051025
6877812736.0,-1.651296615600586
6878750208.0,-1.645867109298706
6879687680.0,-1.637495994567871
6880625152.0,-1.624557375907898
6881562624.0,-1.6097443103790283
6882500096.0,-1.5929392576217651
6883437568.0,-1.5732078552246094
6884375040.0,-1.549471139907837
6885312512.0,-1.523229956626892
6886249984.0,-1.4956618547439575
6887187456.0,-1.4662461280822754
6888124928.0,-1.4360458850860596
6889062400.0,-1.4054187536239624
6889999872.0,-1.3752459287643433
6890937344.0,-1.3436017036437988
6891874816.0,-1.3121081590652466
6892812288.0,-1.2808752059936523
6893749760.0,-1.2503105401992798
6894687744.0,-1.2199909687042236
6895625216.0,-1.1903777122497559
6896562688.0,-1.1624469757080078
6897500160.0,-1.1368427276611328
6898437632.0,-1.1115022897720337
6899375104.0,-1.0877193212509155
6900312576.0,-1.0661307573318481
6901250048.0,-1.0458085536956787
6902187520.0,-1.0264488458633423
6903124992.0,-1.0089492797851562
6904062464.0,-0.9938743710517883
6904999936.0,-0.9893936514854431
6905937408.0,-0.9850780367851257
6906874880.0,-0.9833873510360718
6907812352.0,-0.9834696054458618
6908749824.0,-0.9859842658042908
6909687296.0,-0.9897270202636719
6910624768.0,-0.9941962361335754
6911562752.0,-0.9989335536956787
6912500224.0,-1.0033345222473145
6913437696.0,-1.0092530250549316
6914375168.0,-1.0135904550552368
6915312640.0,-1.0180679559707642
6916250112.0,-1.0210177898406982
6917187584.0,-1.0232340097427368
6918125056.0,-1.0246014595031738
6919062528.0,-1.0243734121322632
6920000000.0,-1.0235528945922852
6920937472.0,-1.021474838256836
6921874944.0,-1.017601490020752
6922812416.0,-1.0126450061798096
6923749888.0,-1.0060516595840454
6924687360.0,-0.9986057281494141
6925624832.0,-0.9888495206832886
6926562304.0,-0.9761784672737122
6927499776.0,-0.9626924395561218
6928437248.0,-0.9460708498954773
6929375232.0,-0.9273880124092102
6930312704.0,-0.9088080525398254
6931250176.0,-0.8888987898826599
6932187648.0,-0.8675971627235413
6933125120.0,-0.8451103568077087
6934062592.0,-0.822285532951355
6935000064.0,-0.7981184720993042
6935937536.0,-0.7755844593048096
6936875008.0,-0.7523163557052612
6937812480.0,-0.7282534837722778
6938749952.0,-0.7066568732261658
6939687424.0,-0.6841298937797546
6940624896.0,-0.6628694534301758
6941562368.0,-0.6412336230278015
6942499840.0,-0.6232638955116272
6943437312.0,-0.6055269837379456
6944374784.0,-0.5902560353279114
6945312256.0,-0.5754620432853699
6946250240.0,-0.5640354752540588
6947187712.0,-0.5530551671981812
6948125184.0,-0.5453563928604126
6949062656.0,-0.5376098155975342
6950000128.0,-0.5323848724365234
6950937600.0,-0.529005765914917
6951875072.0,-0.52834552526474
6952812544.0,-0.5280447602272034
6953750016.0,-0.529647171497345
6954687488.0,-0.5322245359420776
6955624960.0,-0.5361225008964539
6956562432.0,-0.5427800416946411
6957499904.0,-0.5507653951644897
6958437376.0,-0.5587077736854553
6959374848.0,-0.5688062310218811
6960312320.0,-0.5794462561607361
6961249792.0,-0.5886592268943787
6962187264.0,-0.5994287729263306
6963125248.0,-0.610264003276825
6964062720.0,-0.6211494207382202
6965000192.0,-0.5290281772613525
6965937664.0,-0.5363651514053345
6966875136.0,-0.5448663234710693
6967812608.0,-0.5533400177955627
6968750080.0,-0.5631373524665833
6969687552.0,-0.5716678500175476
6970625024.0,-0.581858217716217
6971562496.0,-0.5926927328109741
6972499968.0,-0.6031979918479919
6973437440.0,-0.6136267781257629
6974374912.0,-0.6243544220924377
6975312384.0,-0.6352798342704773
6976249856.0,-0.6464358568191528
6977187328.0,-0.6588808298110962
6978124800.0,-0.6710315346717834
6979062272.0,-0.6835246086120605
6979999744.0,-0.6964430809020996
6980937728.0,-0.708718478679657
6981875200.0,-0.7182477712631226
6982812672.0,-0.7288113236427307
6983750144.0,-0.7376705408096313
6984687616.0,-0.7465679049491882
6985625088.0,-0.7534138560295105
6986562560.0,-0.7624765634536743
6987500032.0,-0.7689982652664185
6988437504.0,-0.774317741394043
6989374976.0,-0.7790234684944153
6990312448.0,-0.781893789768219
6991249920.0,-0.7849090695381165
6992187392.0,-0.7852774262428284
6993124864.0,-0.7863391637802124
6994062336.0,-0.7850674986839294
6994999808.0,-0.7835443615913391
6995937280.0,-0.7787782549858093
6996874752.0,-0.7746830582618713
6997812736.0,-0.7687485218048096
6998750208.0,-0.7620759010314941
6999687680.0,-0.7544978260993958
7000625152.0,-0.7454190254211426
7001562624.0,-0.7358753085136414
7002500096.0,-0.7250308990478516
7003437568.0,-0.7147972583770752
7004375040.0,-0.7040119767189026
7005312512.0,-0.6910661458969116
7006249984.0,-0.6783108115196228
7007187456.0,-0.6630902886390686
7008124928.0,-0.6467254161834717
7009062400.0,-0.6293554902076721
7009999872.0,-0.6119958162307739
7010937344.0,-0.5946772694587708
7011874816.0,-0.5782824158668518
7012812288.0,-0.5615150332450867
7013749760.0,-0.5438125133514404
7014687744.0,-0.5281660556793213
7015625216.0,-0.5119132399559021
7016562688.0,-0.49566787481307983
7017500160.0,-0.4802805483341217
7018437632.0,-0.46370330452919006
7019375104.0,-0.4503490924835205
7020312576.0,-0.4374781847000122
7021250048.0,-0.4253314435482025
7022187520.0,-0.4132198989391327
7023124992.0,-0.40218454599380493
7024062464.0,-0.391046404838562
7024999936.0,-0.29804185032844543
7025937408.0,-0.30091774463653564
7026874880.0,-0.30309590697288513
7027812352.0,-0.30778276920318604
7028749824.0,-0.31244832277297974
7029687296.0,-0.31803053617477417
7030624768.0,-0.3249624967575073
7031562752.0,-0.33134952187538147
7032500224.0,-0.3398439288139343
7033437696.0,-0.35091379284858704
7034375168.0,-0.36347341537475586
7035312640.0,-0.3755226731300354
7036250112.0,-0.3895711302757263
7037187584.0,-0.4025122821331024
7038125056.0,-0.4153580367565155
7039062528.0,-0.4285643696784973
7040000000.0,-0.4419681429862976
7040937472.0,-0.45603805780410767
7041874944.0,-0.469415545463562
7042812416.0,-0.48393186926841736
7043749888.0,-0.49686580896377563
7044687360.0,-0.5092591643333435
7045624832.0,-0.5220687985420227
7046562304.0,-0.533218264579773
7047499776.0,-0.545051634311676
7048437248.0,-0.553741991519928
7049375232.0,-0.5630796551704407
7050312704.0,-0.5710636377334595
7051250176.0,-0.5770785212516785
7052187648.0,-0.5830706357955933
7053125120.0,-0.5890177488327026
7054062592.0,-0.5927593111991882
7055000064.0,-0.5949610471725464
7055937536.0,-0.5945929288864136
7056875008.0,-0.5943124294281006
7057812480.0,-0.5945643186569214
7058749952.0,-0.5954521298408508
7059687424.0,-0.5950480699539185
7060624896.0,-0.5929855704307556
7061562368.0,-0.5904655456542969
7062499840.0,-0.5862109065055847
7063437312.0,-0.580659031867981
7064374784.0,-0.5734589695930481
7065312256.0,-0.5652573108673096
7066250240.0,-0.5570104718208313
7067187712.0,-0.5482810139656067
7068125184.0,-0.5374259948730469
7069062656.0,-0.5271125435829163
7070000128.0,-0.5147902965545654
7070937600.0,-0.5030412673950195
7071875072.0,-0.4912518560886383
7072812544.0,-0.47723591327667236
7073750016.0,-0.46339431405067444
7074687488.0,-0.4498163163661957
7075624960.0,-0.43587565422058105
7076562432.0,-0.42013102769851685
7077499904.0,-0.4048829972743988
7078437376.0,-0.3891335427761078
7079374848.0,-0.3732485771179199
7080312320.0,-0.3577483296394348
7081249792.0,-0.34082111716270447
7082187264.0,-0.32616734504699707
7083125248.0,-0.3108358085155487
7084062720.0,-0.2963801622390747
7085000192.0,-0.36063438653945923
7085937664.0,-0.34919223189353943
7086875136.0,-0.3391975164413452
7087812608.0,-0.3285598158836365
7088750080.0,-0.3187786042690277
7089687552.0,-0.309896856546402
7090625024.0,-0.3008352518081665
7091562496.0,-0.2936650812625885
7092499968.0,-0.28722140192985535
7093437440.0,-0.2820515036582947
7094374912.0,-0.27768903970718384
7095312384.0,-0.2742141783237457
7096249856.0,-0.2721407413482666
7097187328.0,-0.2712809443473816
7098124800.0,-0.2707310914993286
7099062272.0,-0.2727442979812622
7100000256.0,-0.27625572681427
7100937728.0,-0.2817469537258148
7101875200.0,-0.28833863139152527
7102812672.0,-0.2959281802177429
7103750144.0,-0.3063502609729767
7104687616.0,-0.31615617871284485
7105625088.0,-0.32999154925346375
7106562560.0,-0.3432588577270508
7107500032.0,-0.35927560925483704
7108437504.0,-0.3753385543823242
7109374976.0,-0.39369404315948486
7110312448.0,-0.41487205028533936
7111249920.0,-0.43558618426322937
7112187392.0,-0.4568127691745758
7113124864.0,-0.4790037274360657
7114062336.0,-0.50208580493927
7114999808.0,-0.5241870880126953
7115937280.0,-0.5443735122680664
7116874752.0,-0.5668231248855591
7117812736.0,-0.5877693891525269
7118750208.0,-0.6085090041160583
7119687680.0,-0.6275430917739868
7120625152.0,-0.6474385857582092
7121562624.0,-0.664269745349884
7122500096.0,-0.6817307472229004
7123437568.0,-0.6963774561882019
7124375040.0,-0.709529459476471
7125312512.0,-0.721684455871582
7126249984.0,-0.7321228384971619
7127187456.0,-0.7393184304237366
7128124928.0,-0.7445815801620483
7129062400.0,-0.7482258677482605
7129999872.0,-0.7494118809700012
7130937344.0,-0.7468876838684082
7131874816.0,-0.7432115077972412
7132812288.0,-0.7373537421226501
7133749760.0,-0.7299667000770569
7134687744.0,-0.7185465693473816
7135625216.0,-0.7083931565284729
7136562688.0,-0.6956648230552673
7137500160.0,-0.6801419854164124
7138437632.0,-0.6636694669723511
7139375104.0,-0.6467487812042236
7140312576.0,-0.6284409165382385
7141250048.0,-0.6084325909614563
7142187520.0,-0.5891273021697998
7143124992.0,-0.566493570804596
7144062464.0,-0.4266173541545868
7144999936.0,-0.42484110593795776
7145937408.0,-0.4229884147644043
7146874880.0,-0.4207283556461334
7147812352.0,-0.4172128438949585
7148749824.0,-0.415282666683197
7149687296.0,-0.411552369594574
7150624768.0,-0.4099329710006714
7151562752.0,-0.40827006101608276
7152500224.0,-0.4076851010322571
7153437696.0,-0.40764549374580383
7154375168.0,-0.4086854159832001
7155312640.0,-0.4108494222164154
7156250112.0,-0.41432374715805054
7157187584.0,-0.4203949570655823
7158125056.0,-0.42846229672431946
7159062528.0,-0.4368484318256378
7160000000.0,-0.44553983211517334
7160937472.0,-0.45135626196861267
7161874944.0,-0.45943310856819153
7162812416.0,-0.46886080503463745
7163749888.0,-0.4775043725967407
7164687360.0,-0.4877403974533081
7165624832.0,-0.4977719187736511
7166562304.0,-0.5093070268630981
7167499776.0,-0.5190383791923523
7168437248.0,-0.5287078022956848
7169375232.0,-0.5385798811912537
7170312704.0,-0.5482723116874695
7171250176.0,-0.55667644739151
7172187648.0,-0.5635193586349487
7173125120.0,-0.5688151717185974
7174062592.0,-0.5738685131072998
7175000064.0,-0.5760297775268555
7175937536.0,-0.5774813890457153
7176875008.0,-0.5770440697669983
7177812480.0,-0.5760242342948914
7178749952.0,-0.5729357004165649
7179687424.0,-0.5673035383224487
7180624896.0,-0.5608652234077454
7181562368.0,-0.553284227848053
7182499840.0,-0.5449002385139465
7183437312.0,-0.534385085105896
7184374784.0,-0.5235866904258728
7185312256.0,-0.510404646396637
7186250240.0,-0.492809921503067
7187187712.0,-0.4751029312610626
7188125184.0,-0.4552781283855438
7189062656.0,-0.43616682291030884
7190000128.0,-0.4170401692390442
7190937600.0,-0.39726486802101135
7191875072.0,-0.3771456778049469
7192812544.0,-0.3563266098499298
7193750016.0,-0.3367071747779846
7194687488.0,-0.3181973397731781
7195624960.0,-0.29959625005722046
7196562432.0,-0.2830585837364197
7197499904.0,-0.2670325040817261
7198437376.0,-0.2524137496948242
7199374848.0,-0.23989158868789673
7200312320.0,-0.22928783297538757
7201249792.0,-0.22025248408317566
7202187264.0,-0.21281690895557404
7203125248.0,-0.2075020670890808
7204062720.0,-0.30608004331588745
7205000192.0,-0.3174212872982025
7205937664.0,-0.33176732063293457
7206875136.0,-0.34903863072395325
7207812608.0,-0.3688073754310608
7208750080.0,-0.39106884598731995
7209687552.0,-0.41439005732536316
7210625024.0,-0.4430041015148163
7211562496.0,-0.4734135568141937
7212499968.0,-0.5052564740180969
7213437440.0,-0.5373726487159729
7214374912.0,-0.5726628303527832
7215312384.0,-0.6061421632766724
7216249856.0,-0.6401841640472412
7217187328.0,-0.6742821335792542
7218124800.0,-0.708234965801239
7219062272.0,-0.7409189343452454
7219999744.0,-0.7689851522445679
7220937728.0,-0.796567976474762
7221875200.0,-0.8210870027542114
7222812672.0,-0.8429919481277466
7223750144.0,-0.8586152791976929
7224687616.0,-0.8729094862937927
7225625088.0,-0.8808180093765259
7226562560.0,-0.8857368230819702
7227500032.0,-0.8860973119735718
7228437504.0,-0.8813181519508362
7229374976.0,-0.8723397254943848
7230312448.0,-0.8601441383361816
7231249920.0,-0.8427247405052185
7232187392.0,-0.8227418065071106
7233124864.0,-0.7977178692817688
7234062336.0,-0.7698193192481995
7234999808.0,-0.7377440333366394
7235937280.0,-0.704246997833252
7236874752.0,-0.6692665219306946
7237812736.0,-0.6337133646011353
7238750208.0,-0.5956493020057678
7239687680.0,-0.5552223324775696
7240625152.0,-0.5135846138000488
7241562624.0,-0.4720107316970825
7242500096.0,-0.4283037781715393
7243437568.0,-0.38530510663986206
7244375040.0,-0.34225353598594666
7245312512.0,-0.3001987636089325
7246249984.0,-0.2595160901546478
7247187456.0,-0.21952205896377563
7248124928.0,-0.18313975632190704
7249062400.0,-0.14816956222057343
7249999872.0,-0.11570848524570465
7250937344.0,-0.08642510324716568
7251874816.0,-0.05956018716096878
7252812288.0,-0.03537537157535553
7253749760.0,-0.015304159373044968
7254687744.0,0.0017503899289295077
7255625216.0,0.015486473217606544
7256562688.0,0.02501469850540161
7257500160.0,0.03086937963962555
7258437632.0,0.03170255944132805
7259375104.0,0.028939398005604744
7260312576.0,0.0210241861641407
7261250048.0,0.008205349557101727
7262187520.0,-0.008555791340768337
7263124992.0,-0.029657362028956413
7264062464.0,-0.31411316990852356
7264999936.0,-0.3104088306427002
7265937408.0,-0.309863418340683
7266874880.0,-0.3107157349586487
7267812352.0,-0.31403571367263794
7268749824.0,-0.3186818063259125
7269687296.0,-0.3248298764228821
7270624768.0,-0.333988755941391
7271562752.0,-0.3446389436721802
7272500224.0,-0.35694125294685364
7273437696.0,-0.37173032760620117
7274375168.0,-0.3863181471824646
7275312640.0,-0.40264105796813965
7276250112.0,-0.41985461115837097
7277187584.0,-0.4372061491012573
7278125056.0,-0.4542035162448883
7279062528.0,-0.47011899948120117
7280000000.0,-0.4849162697792053
7280937472.0,-0.49861234426498413
7281874944.0,-0.5104836225509644
7282812416.0,-0.5193254351615906
7283749888.0,-0.5271338820457458
7284687360.0,-0.5322915315628052
7285624832.0,-0.5360180139541626
7286562304.0,-0.5370025634765625
7287499776.0,-0.5379019975662231
7288437248.0,-0.537365734577179
7289375232.0,-0.535819947719574
7290312704.0,-0.5310832858085632
7291250176.0,-0.5254443883895874
7292187648.0,-0.5155505537986755
7293125120.0,-0.5051870942115784
7294062592.0,-0.49311912059783936
7295000064.0,-0.4782228469848633
7295937536.0,-0.4625376760959625
7296875008.0,-0.4452502429485321
7297812480.0,-0.42957639694213867
7298749952.0,-0.4102148711681366
7299687424.0,-0.3919108510017395
7300624896.0,-0.3743542730808258
7301562368.0,-0.35604438185691833
7302499840.0,-0.33840492367744446
7303437312.0,-0.3215184509754181
7304374784.0,-0.3054356873035431
7305312256.0,-0.28972792625427246
7306250240.0,-0.27767834067344666
7307187712.0,-0.26495668292045593
7308125184.0,-0.25324371457099915
7309062656.0,-0.2430989295244217
7310000128.0,-0.23587800562381744
7310937600.0,-0.2293064445257187
7311875072.0,-0.22327908873558044
7312812544.0,-0.21988125145435333
7313750016.0,-0.2172115296125412
7314687488.0,-0.21625709533691406
7315624960.0,-0.21493124961853027
7316562432.0,-0.21430984139442444
7317499904.0,-0.2133760005235672
7318437376.0,-0.21200791001319885
7319374848.0,-0.21005256474018097
7320312320.0,-0.2058142125606537
7321249792.0,-0.20208115875720978
7322187264.0,-0.19617033004760742
7323125248.0,-0.18692174553871155
7324062720.0,-0.33111506700515747
7325000192.0,-0.3108675479888916
7325937664.0,-0.28716984391212463
7326875136.0,-0.26251956820487976
7327812608.0,-0.23669061064720154
7328750080.0,-0.21023911237716675
7329687552.0,-0.1821640431880951
7330625024.0,-0.15505708754062653
7331562496.0,-0.1289643794298172
7332499968.0,-0.1048605814576149
7333437440.0,-0.08258505910634995
7334374912.0,-0.0650908499956131
7335312384.0,-0.050631508231163025
7336249856.0,-0.04114586114883423
7337187328.0,-0.0373016856610775
7338124800.0,-0.03656306862831116
7339062272.0,-0.03829585760831833
7340000256.0,-0.04487025737762451
7340937728.0,-0.05437510833144188
7341875200.0,-0.06985066086053848
7342812672.0,-0.08946502953767776
7343750144.0,-0.11113699525594711
7344687616.0,-0.13509583473205566
7345625088.0,-0.16024243831634521
7346562560.0,-0.18714162707328796
7347500032.0,-0.21214330196380615
7348437504.0,-0.23535875976085663
7349374976.0,-0.2582866847515106
7350312448.0,-0.27784717082977295
7351249920.0,-0.294375479221344
7352187392.0,-0.30691826343536377
7353124864.0,-0.3151746690273285
7354062336.0,-0.3195066452026367
7354999808.0,-0.31784552335739136
7355937280.0,-0.3118375241756439
7356874752.0,-0.3000447154045105
7357812736.0,-0.2855154573917389
7358750208.0,-0.26571130752563477
7359687680.0,-0.24163424968719482
7360625152.0,-0.21395018696784973
7361562624.0,-0.18463104963302612
7362500096.0,-0.15357232093811035
7363437568.0,-0.12011775374412537
7364375040.0,-0.08515471965074539
7365312512.0,-0.05106454715132713
7366249984.0,-0.0196843259036541
7367187456.0,0.010069109499454498
7368124928.0,0.03600780665874481
7369062400.0,0.05658229812979698
7369999872.0,0.07509183138608932
7370937344.0,0.0876205787062645
7371874816.0,0.09816770255565643
7372812288.0,0.10625161975622177
7373749760.0,0.11097516119480133
7374687744.0,0.11470627039670944
7375625216.0,0.11669640243053436
7376562688.0,0.1182953342795372
7377500160.0,0.11698663979768753
7378437632.0,0.11560316383838654
7379375104.0,0.11389897018671036
7380312576.0,0.11052373051643372
7381250048.0,0.10566047579050064
7382187520.0,0.09915633499622345
7383124992.0,0.09254395216703415
7384062464.0,-0.21758151054382324
7384999936.0,-0.23407462239265442
7385937408.0,-0.2517770528793335
7386874880.0,-0.26937946677207947
7387812352.0,-0.2860066294670105
7388749824.0,-0.30184170603752136
7389687296.0,-0.31553328037261963
7390624768.0,-0.32849574089050293
7391562752.0,-0.3388902544975281
7392500224.0,-0.34704384207725525
7393437696.0,-0.35124412178993225
7394375168.0,-0.3527917265892029
7395312640.0,-0.3493291437625885
7396250112.0,-0.3434506356716156
7397187584.0,-0.33396482467651367
7398125056.0,-0.3205695152282715
7399062528.0,-0.30446726083755493
7400000000.0,-0.28306013345718384
7400937472.0,-0.2597731053829193
7401874944.0,-0.2324763685464859
7402812416.0,-0.2031894028186798
7403749888.0,-0.17212577164173126
7404687360.0,-0.13884122669696808
7405624832.0,-0.10330093652009964
7406562304.0,-0.06648685038089752
7407499776.0,-0.030859576538205147
7408437248.0,0.006258515175431967
7409375232.0,0.04239892587065697
7410312704.0,0.07788402587175369
7411250176.0,0.11309193074703217
7412187648.0,0.14618539810180664
7413125120.0,0.17789015173912048
7414062592.0,0.2067996710538864
7415000064.0,0.2333562821149826
7415937536.0,0.2567879557609558
7416875008.0,0.2773750424385071
7417812480.0,0.29496610164642334
7418749952.0,0.3083072304725647
7419687424.0,0.3194735050201416
7420624896.0,0.32499343156814575
7421562368.0,0.32745060324668884
7422499840.0,0.32720816135406494
7423437312.0,0.3228926658630371
7424374784.0,0.3148602545261383
7425312256.0,0.30333685874938965
7426250240.0,0.2888208329677582
7427187712.0,0.2707256078720093
7428125184.0,0.25053876638412476
7429062656.0,0.22779887914657593
7430000128.0,0.20262138545513153
7430937600.0,0.17542172968387604
7431875072.0,0.14788660407066345
7432812544.0,0.1172267496585846
7433750016.0,0.08599578589200974
7434687488.0,0.05358317121863365
7435624960.0,0.022376781329512596
7436562432.0,-0.009271207265555859
7437499904.0,-0.04057750478386879
7438437376.0,-0.07080019265413284
7439374848.0,-0.10045851022005081
7440312320.0,-0.1295987218618393
7441249792.0,-0.15898217260837555
7442187264.0,-0.1872379183769226
7443125248.0,-0.21186207234859467
7444062720.0,0.031539373099803925
7445000192.0,0.016992555931210518
7445937664.0,0.0024272664450109005
7446875136.0,-0.015015732496976852
7447812608.0,-0.03152204677462578
7448750080.0,-0.04867608845233917
7449687552.0,-0.06468597054481506
7450625024.0,-0.0793413445353508
7451562496.0,-0.09449096024036407
7452499968.0,-0.10639916360378265
7453437440.0,-0.11690139025449753
7454374912.0,-0.12590141594409943
7455312384.0,-0.13275182247161865
7456249856.0,-0.13748204708099365
7457187328.0,-0.1393193006515503
7458124800.0,-0.13948823511600494
7459062272.0,-0.13731566071510315
7459999744.0,-0.13312308490276337
7460937728.0,-0.12730802595615387
7461875200.0,-0.12006378173828125
7462812672.0,-0.11119336634874344
7463750144.0,-0.10098328441381454
7464687616.0,-0.08968803286552429
7465625088.0,-0.08036408573389053
7466562560.0,-0.07186031341552734
7467500032.0,-0.06411922723054886
7468437504.0,-0.054883211851119995
7469374976.0,-0.048145394772291183
7470312448.0,-0.04112444072961807
7471249920.0,-0.03480669856071472
7472187392.0,-0.030691666528582573
7473124864.0,-0.026182472705841064
7474062336.0,-0.024126911535859108
7474999808.0,-0.023085942491889
7475937280.0,-0.025584472343325615
7476874752.0,-0.02624526619911194
7477812736.0,-0.030086420476436615
7478750208.0,-0.03561754152178764
7479687680.0,-0.04091177135705948
7480625152.0,-0.04987114667892456
7481562624.0,-0.057834431529045105
7482500096.0,-0.06769827753305435
7483437568.0,-0.07799889147281647
7484375040.0,-0.08923288434743881
7485312512.0,-0.10049823671579361
7486249984.0,-0.11218810826539993
7487187456.0,-0.12299095839262009
7488124928.0,-0.1338871568441391
7489062400.0,-0.14350736141204834
7489999872.0,-0.15218330919742584
7490937344.0,-0.15976344048976898
7491874816.0,-0.16495144367218018
7492812288.0,-0.1684020310640335
7493749760.0,-0.17023161053657532
7494687744.0,-0.16976110637187958
7495625216.0,-0.16828736662864685
7496562688.0,-0.16504864394664764
7497500160.0,-0.1595706194639206
7498437632.0,-0.15224778652191162
7499375104.0,-0.1434325873851776
7500312576.0,-0.13354749977588654
7501250048.0,-0.1244104877114296
7502187520.0,-0.11347901076078415
7503124992.0,-0.10203734040260315
7504062464.0,-0.10062169283628464
7504999936.0,-0.07440610229969025
7505937408.0,-0.05102413520216942
7506874880.0,-0.03155093267560005
7507812352.0,-0.01472040731459856
7508749824.0,-0.0020718725863844156
7509687296.0,0.006901211105287075
7510624768.0,0.011565816588699818
7511562752.0,0.011440642178058624
7512500224.0,0.010803502053022385
7513437696.0,0.003822639351710677
7514375168.0,-0.005336204543709755
7515312640.0,-0.017088772729039192
7516250112.0,-0.0303507037460804
7517187584.0,-0.044567693024873734
7518125056.0,-0.058791693300008774
7519062528.0,-0.07260136306285858
7520000000.0,-0.08816131949424744
7520937472.0,-0.10154027491807938
7521874944.0,-0.11608970165252686
7522812416.0,-0.12750624120235443
7523749888.0,-0.1387617588043213
7524687360.0,-0.14605218172073364
7525624832.0,-0.15106423199176788
7526562304.0,-0.15190264582633972
7527499776.0,-0.15286920964717865
7528437248.0,-0.14927351474761963
7529375232.0,-0.14339756965637207
7530312704.0,-0.13592007756233215
7531250176.0,-0.12565067410469055
7532187648.0,-0.11351892352104187
7533125120.0,-0.09951876848936081
7534062592.0,-0.08571313321590424
7535000064.0,-0.07007952779531479
7535937536.0,-0.05637530982494354
7536875008.0,-0.04294518381357193
7537812480.0,-0.0313812717795372
7538749952.0,-0.021361153572797775
7539687424.0,-0.01284307986497879
7540624896.0,-0.009255023673176765
7541562368.0,-0.008500611409544945
7542499840.0,-0.011211303062736988
7543437312.0,-0.01752222329378128
7544374784.0,-0.028613567352294922
7545312256.0,-0.04322699084877968
7546250240.0,-0.06330405920743942
7547187712.0,-0.08489527553319931
7548125184.0,-0.10941814631223679
7549062656.0,-0.13721483945846558
7550000128.0,-0.16553649306297302
7550937600.0,-0.19646763801574707
7551875072.0,-0.22746698558330536
7552812544.0,-0.255388081073761
7553750016.0,-0.2812393307685852
7554687488.0,-0.3056052327156067
7555624960.0,-0.3250334858894348
7556562432.0,-0.3438742160797119
7557499904.0,-0.3602997660636902
7558437376.0,-0.37387406826019287
7559374848.0,-0.38762709498405457
7560312320.0,-0.40106263756752014
7561249792.0,-0.41275620460510254
7562187264.0,-0.42477667331695557
7563125248.0,-0.43829700350761414
7564062720.0,-0.45360463857650757
7565000192.0,-0.43988192081451416
7565937664.0,-0.42536619305610657
7566875136.0,-0.40709519386291504
7567812608.0,-0.3860364556312561
7568750080.0,-0.36353981494903564
7569687552.0,-0.33911147713661194
7570625024.0,-0.3130863308906555
7571562496.0,-0.2878311574459076
7572499968.0,-0.26048335433006287
7573437440.0,-0.23300594091415405
7574374912.0,-0.20486238598823547
7575312384.0,-0.17795011401176453
7576249856.0,-0.15031318366527557
7577187328.0,-0.1242038756608963
7578124800.0,-0.09649919718503952
7579062272.0,-0.07308624684810638
7580000256.0,-0.0485960990190506
7580937728.0,-0.025707578286528587
7581875200.0,-0.0074958051554858685
7582812672.0,0.010990177281200886
7583750144.0,0.026295047253370285
7584687616.0,0.04015255719423294
7585625088.0,0.051346126943826675
7586562560.0,0.059291910380125046
7587500032.0,0.0652417466044426
7588437504.0,0.06859084218740463
7589374976.0,0.07009157538414001
7590312448.0,0.06859513372182846
7591249920.0,0.06575237959623337
7592187392.0,0.05995805189013481
7593124864.0,0.05212406441569328
7594062336.0,0.044170405715703964
7594999808.0,0.034363001585006714
7595937280.0,0.022228678688406944
7596874752.0,0.009262974373996258
7597812736.0,-0.004674987867474556
7598750208.0,-0.020756389945745468
7599687680.0,-0.035914428532123566
7600625152.0,-0.05385630950331688
7601562624.0,-0.07132755219936371
7602500096.0,-0.0879235565662384
7603437568.0,-0.10640967637300491
7604375040.0,-0.12292304635047913
7605312512.0,-0.14047802984714508
7606249984.0,-0.15675410628318787
7607187456.0,-0.17175398766994476
7608124928.0,-0.1854657232761383
7609062400.0,-0.19917473196983337
7609999872.0,-0.21042762696743011
7610937344.0,-0.22053080797195435
7611874816.0,-0.23099593818187714
7612812288.0,-0.23822154104709625
7613749760.0,-0.24558861553668976
7614687744.0,-0.25098732113838196
7615625216.0,-0.2545202076435089
7616562688.0,-0.2584132254123688
7617500160.0,-0.25965049862861633
7618437632.0,-0.2631896138191223
7619375104.0,-0.2675939202308655
7620312576.0,-0.27158990502357483
7621250048.0,-0.2737976312637329
7622187520.0,-0.2773553729057312
7623124992.0,-0.28011050820350647
7624062464.0,-0.2766140401363373
7624999936.0,-0.2830851972103119
7625937408.0,-0.2871549725532532
7626874880.0,-0.2891579866409302
7627812352.0,-0.28962767124176025
7628749824.0,-0.287718266248703
7629687296.0,-0.28357407450675964
7630624768.0,-0.2776429057121277
7631562752.0,-0.2716260850429535
7632500224.0,-0.26247096061706543
7633437696.0,-0.25369587540626526
7634375168.0,-0.24232730269432068
7635312640.0,-0.2305595576763153
7636250112.0,-0.21840979158878326
7637187584.0,-0.20658795535564423
7638125056.0,-0.1946401447057724
7639062528.0,-0.18187817931175232
7640000000.0,-0.16979673504829407
7640937472.0,-0.15763649344444275
7641874944.0,-0.14618602395057678
7642812416.0,-0.1369551718235016
7643749888.0,-0.1274726539850235
7644687360.0,-0.12160863727331161
7645624832.0,-0.11676506698131561
7646562304.0,-0.11366788297891617
7647499776.0,-0.11024705320596695
7648437248.0,-0.11008726805448532
7649375232.0,-0.1099855825304985
7650312704.0,-0.11105100810527802
7651250176.0,-0.11429174244403839
7652187648.0,-0.11849832534790039
7653125120.0,-0.12315201759338379
7654062592.0,-0.12925413250923157
7655000064.0,-0.135562002658844
7655937536.0,-0.14389008283615112
7656875008.0,-0.15064939856529236
7657812480.0,-0.1601310521364212
7658749952.0,-0.1681237369775772
7659687424.0,-0.17658090591430664
7660624896.0,-0.18668577075004578
7661562368.0,-0.1950301229953766
7662499840.0,-0.20230898261070251
7663437312.0,-0.21024392545223236
7664374784.0,-0.21911217272281647
7665312256.0,-0.22635747492313385
7666250240.0,-0.2314622700214386
7667187712.0,-0.23726390302181244
7668125184.0,-0.24223394691944122
7669062656.0,-0.24532626569271088
7670000128.0,-0.24697962403297424
7670937600.0,-0.24607057869434357
7671875072.0,-0.24539931118488312
7672812544.0,-0.24317564070224762
7673750016.0,-0.23975162208080292
7674687488.0,-0.23531115055084229
7675624960.0,-0.2285957932472229
7676562432.0,-0.2231297492980957
7677499904.0,-0.21646146476268768
7678437376.0,-0.20828452706336975
7679374848.0,-0.19955524802207947
7680312320.0,-0.19089946150779724
7681249792.0,-0.18292105197906494
7682187264.0,-0.17262203991413116
7683125248.0,-0.16358432173728943
7684062720.0,0.06500314921140671
7685000192.0,0.07931076735258102
7685937664.0,0.09162694960832596
7686875136.0,0.1010511964559555
7687812608.0,0.10843868553638458
7688750080.0,0.11314554512500763
7689687552.0,0.11501059681177139
7690625024.0,0.11476846039295197
7691562496.0,0.11147089302539825
7692499968.0,0.10570681095123291
7693437440.0,0.09758280962705612
7694374912.0,0.08757077902555466
7695312384.0,0.07389212399721146
7696249856.0,0.0568879209458828
7697187328.0,0.038698479533195496
7698124800.0,0.018162939697504044
7699062272.0,-0.003681642934679985
7699999744.0,-0.02709408663213253
7700937728.0,-0.04970897361636162
7701875200.0,-0.07350172847509384
7702812672.0,-0.09617119282484055
7703750144.0,-0.12121027708053589
7704687616.0,-0.14431056380271912
7705625088.0,-0.1668580025434494
7706562560.0,-0.18742965161800385
7707500032.0,-0.20801973342895508
7708437504.0,-0.2255866676568985
7709374976.0,-0.24352999031543732
7710312448.0,-0.2587738037109375
7711249920.0,-0.2726052701473236
7712187392.0,-0.2842819392681122
7713124864.0,-0.2925054132938385
7714062336.0,-0.30293598771095276
7714999808.0,-0.3087979555130005
7715937280.0,-0.3137112855911255
7716874752.0,-0.31593722105026245
7717812736.0,-0.31689685583114624
7718750208.0,-0.31635138392448425
7719687680.0,-0.31479036808013916
7720625152.0,-0.3119024932384491
7721562624.0,-0.3067615330219269
7722500096.0,-0.3010939657688141
7723437568.0,-0.2947104871273041
7724375040.0,-0.28731927275657654
7725312512.0,-0.28023865818977356
7726249984.0,-0.2719425559043884
7727187456.0,-0.2637237012386322
7728124928.0,-0.256574422121048
7729062400.0,-0.24909289181232452
7729999872.0,-0.2422160804271698
7730937344.0,-0.23513247072696686
7731874816.0,-0.22775216400623322
7732812288.0,-0.22297535836696625
7733749760.0,-0.21765531599521637
7734687744.0,-0.21340851485729218
7735625216.0,-0.2079525589942932
7736562688.0,-0.20631887018680573
7737500160.0,-0.20386283099651337
7738437632.0,-0.20277385413646698
7739375104.0,-0.20324760675430298
7740312576.0,-0.20380401611328125
7741250048.0,-0.2059060037136078
7742187520.0,-0.20819704234600067
7743124992.0,-0.21269725263118744
7744062464.0,-0.20646680891513824
7744999936.0,-0.17063169181346893
7745937408.0,-0.1323769986629486
7746874880.0,-0.09146355092525482
7747812352.0,-0.051883354783058167
7748749824.0,-0.013858412392437458
7749687296.0,0.022456981241703033
7750624768.0,0.05763929337263107
7751562752.0,0.090031199157238
7752500224.0,0.11952302604913712
7753437696.0,0.14494046568870544
7754375168.0,0.16778211295604706
7755312640.0,0.18706749379634857
7756250112.0,0.20254245400428772
7757187584.0,0.21497896313667297
7758125056.0,0.2236935943365097
7759062528.0,0.22967743873596191
7760000000.0,0.23144946992397308
7760937472.0,0.22897619009017944
7761874944.0,0.22545726597309113
7762812416.0,0.21917788684368134
7763749888.0,0.2093195766210556
7764687360.0,0.1977965384721756
7765624832.0,0.1837574541568756
7766562304.0,0.16701610386371613
7767499776.0,0.14957843720912933
7768437248.0,0.13111121952533722
7769375232.0,0.11203614622354507
7770312704.0,0.09179149568080902
7771250176.0,0.07163046300411224
7772187648.0,0.05190280079841614
7773125120.0,0.03253541886806488
7774062592.0,0.012146116234362125
7775000064.0,-0.007216109894216061
7775937536.0,-0.027604199945926666
7776875008.0,-0.04621058702468872
7777812480.0,-0.06366268545389175
7778749952.0,-0.08233721554279327
7779687424.0,-0.09982747584581375
7780624896.0,-0.11640310287475586
7781562368.0,-0.13192199170589447
7782499840.0,-0.14585521817207336
7783437312.0,-0.1590728610754013
7784374784.0,-0.1717928797006607
7785312256.0,-0.1855030655860901
7786250240.0,-0.19636721909046173
7787187712.0,-0.2053818702697754
7788125184.0,-0.21538145840168
7789062656.0,-0.2237788736820221
7790000128.0,-0.23166288435459137
7790937600.0,-0.23829224705696106
7791875072.0,-0.2455773651599884
7792812544.0,-0.2512493431568146
7793750016.0,-0.25665393471717834
7794687488.0,-0.2613968253135681
7795624960.0,-0.26601672172546387
7796562432.0,-0.2712627649307251
7797499904.0,-0.2789430320262909
7798437376.0,-0.28499361872673035
7799374848.0,-0.28995010256767273
7800312320.0,-0.2930934429168701
7801249792.0,-0.2957400679588318
7802187264.0,-0.2962219715118408
7803125248.0,-0.29599976539611816
7804062720.0,-0.2781612277030945
7805000192.0,-0.26929208636283875
7805937664.0,-0.2608758807182312
7806875136.0,-0.24958361685276031
7807812608.0,-0.23686477541923523
7808750080.0,-0.22523321211338043
7809687552.0,-0.21127738058567047
7810625024.0,-0.19743722677230835
7811562496.0,-0.1831044852733612
7812499968.0,-0.16817975044250488
7813437440.0,-0.15290309488773346
7814374912.0,-0.13663262128829956
7815312384.0,-0.12061433494091034
7816249856.0,-0.10479241609573364
7817187328.0,-0.08848295360803604
7818124800.0,-0.07174260914325714
7819062272.0,-0.055434200912714005
7820000256.0,-0.03952908143401146
7820937728.0,-0.02398192137479782
7821875200.0,-0.009700717404484749
7822812672.0,0.0027969845104962587
7823750144.0,0.011581833474338055
7824687616.0,0.021108990535140038
7825625088.0,0.030925851315259933
7826562560.0,0.03925878554582596
7827500032.0,0.048035308718681335
7828437504.0,0.05406058579683304
7829374976.0,0.05937228351831436
7830312448.0,0.0654173418879509
7831249920.0,0.07011710852384567
7832187392.0,0.07398319244384766
7833124864.0,0.07698662579059601
7834062336.0,0.0803033709526062
7834999808.0,0.08168699592351913
7835937280.0,0.08460818231105804
7836874752.0,0.08540753275156021
7837812736.0,0.08618269115686417
7838750208.0,0.08783145248889923
7839687680.0,0.08911951631307602
7840625152.0,0.08943697065114975
7841562624.0,0.08911875635385513
7842500096.0,0.08888055384159088
7843437568.0,0.08884041011333466
7844375040.0,0.08760391920804977
7845312512.0,0.0875232070684433
7846249984.0,0.08591695874929428
7847187456.0,0.0835997462272644
7848124928.0,0.08030833303928375
7849062400.0,0.07559517025947571
7849999872.0,0.07027897238731384
7850937344.0,0.0654916986823082
7851874816.0,0.06102892756462097
7852812288.0,0.055024389177560806
7853749760.0,0.048661746084690094
7854687744.0,0.0414360910654068
7855625216.0,0.03337213024497032
7856562688.0,0.02619382180273533
7857500160.0,0.0164791289716959
7858437632.0,0.006326805334538221
7859375104.0,-0.0028388856444507837
7860312576.0,-0.01380961574614048
7861250048.0,-0.02349170297384262
7862187520.0,-0.03435906767845154
7863124992.0,-0.04655718803405762
7864062464.0,0.04984043538570404
7864999936.0,0.042188432067632675
7865937408.0,0.03248804435133934
7866874880.0,0.02536756545305252
7867812352.0,0.017494218423962593
7868749824.0,0.011002280749380589
7869687296.0,0.005722657311707735
7870624768.0,0.0018022628501057625
7871562752.0,-0.0027913220692425966
7872500224.0,-0.006864001974463463
7873437696.0,-0.012257223948836327
7874375168.0,-0.01849595084786415
7875312640.0,-0.023530473932623863
7876250112.0,-0.030069522559642792
7877187584.0,-0.036367811262607574
7878125056.0,-0.04381188377737999
7879062528.0,-0.051563557237386703
7880000000.0,-0.06084030494093895
7880937472.0,-0.07097462564706802
7881874944.0,-0.08283964544534683
7882812416.0,-0.09496358782052994
7883749888.0,-0.10957776755094528
7884687360.0,-0.12615785002708435
7885624832.0,-0.1435832679271698
7886562304.0,-0.1631307601928711
7887499776.0,-0.183913454413414
7888437248.0,-0.2043357789516449
7889375232.0,-0.2281579226255417
7890312704.0,-0.2510741055011749
7891250176.0,-0.27651679515838623
7892187648.0,-0.3024662435054779
7893125120.0,-0.3273855149745941
7894062592.0,-0.35205158591270447
7895000064.0,-0.37674251198768616
7895937536.0,-0.4013303816318512
7896875008.0,-0.4243086278438568
7897812480.0,-0.4459669291973114
7898749952.0,-0.4648897647857666
7899687424.0,-0.4803171753883362
7900624896.0,-0.49442797899246216
7901562368.0,-0.5066062211990356
7902499840.0,-0.514949381351471
7903437312.0,-0.5214483737945557
7904374784.0,-0.5229912400245667
7905312256.0,-0.5248470902442932
7906250240.0,-0.520332932472229
7907187712.0,-0.5151529908180237
7908125184.0,-0.505852460861206
7909062656.0,-0.4940088987350464
7910000128.0,-0.4804859161376953
7910937600.0,-0.4634092152118683
7911875072.0,-0.443055659532547
7912812544.0,-0.42139607667922974
7913750016.0,-0.39817121624946594
7914687488.0,-0.3725718855857849
7915624960.0,-0.34482529759407043
7916562432.0,-0.31659695506095886
7917499904.0,-0.28684836626052856
7918437376.0,-0.25751447677612305
7919374848.0,-0.22761568427085876
7920312320.0,-0.19660355150699615
7921249792.0,-0.16738153994083405
7922187264.0,-0.13756898045539856
7923125248.0,-0.10954675823450089
7924062720.0,0.04329094663262367
7925000192.0,0.06613095849752426
7925937664.0,0.08615320920944214
7926875136.0,0.10368146747350693
7927812608.0,0.11947248131036758
7928750080.0,0.13270945847034454
7929687552.0,0.14342336356639862
7930625024.0,0.1516755372285843
7931562496.0,0.15642905235290527
7932499968.0,0.16060525178909302
7933437440.0,0.16065435111522675
7934374912.0,0.15960295498371124
7935312384.0,0.15533824265003204
7936249856.0,0.15082158148288727
7937187328.0,0.14299269020557404
7938124800.0,0.13362886011600494
7939062272.0,0.12329859286546707
7939999744.0,0.11078409105539322
7940937728.0,0.09740789979696274
7941875200.0,0.08122210949659348
7942812672.0,0.06434111297130585
7943750144.0,0.04695986211299896
7944687616.0,0.029339969158172607
7945625088.0,0.008470495231449604
7946562560.0,-0.012785407714545727
7947500032.0,-0.034918297082185745
7948437504.0,-0.05695619434118271
7949374976.0,-0.07818498462438583
7950312448.0,-0.09984730184078217
7951249920.0,-0.12008517980575562
7952187392.0,-0.14185604453086853
7953124864.0,-0.16282394528388977
7954062336.0,-0.18637900054454803
7954999808.0,-0.20711416006088257
7955937280.0,-0.22898808121681213
7956874752.0,-0.25045984983444214
7957812736.0,-0.2721869647502899
7958750208.0,-0.29352006316185
7959687680.0,-0.3154198229312897
7960625152.0,-0.3360821604728699
7961562624.0,-0.3553755581378937
7962500096.0,-0.3755436837673187
7963437568.0,-0.3939572274684906
7964375040.0,-0.41309618949890137
7965312512.0,-0.4305139183998108
7966249984.0,-0.4462176263332367
7967187456.0,-0.4611026644706726
7968124928.0,-0.47455233335494995
7969062400.0,-0.48569029569625854
7969999872.0,-0.4955429136753082
7970937344.0,-0.5044834613800049
7971874816.0,-0.5110215544700623
7972812288.0,-0.5173087120056152
7973749760.0,-0.5196951627731323
7974687744.0,-0.5215431451797485
7975625216.0,-0.5224254131317139
7976562688.0,-0.5207550525665283
7977500160.0,-0.5155882239341736
7978437632.0,-0.5100342035293579
7979375104.0,-0.5003604292869568
7980312576.0,-0.4886470139026642
7981250048.0,-0.4755018651485443
7982187520.0,-0.4604547917842865
7983124992.0,-0.4428180158138275
7984062464.0,-0.42127692699432373
7984999936.0,-0.4076460897922516
7985937408.0,-0.39205998182296753
7986874880.0,-0.37717124819755554
7987812352.0,-0.35917413234710693
7988749824.0,-0.3415099084377289
7989687296.0,-0.3226866126060486
7990624768.0,-0.3032030165195465
7991562752.0,-0.28320807218551636
7992500224.0,-0.26385337114334106
7993437696.0,-0.2431984394788742
7994375168.0,-0.22150158882141113
7995312640.0,-0.20109322667121887
7996250112.0,-0.1809249073266983
7997187584.0,-0.15926726162433624
7998125056.0,-0.14095056056976318
7999062528.0,-0.12018752098083496
8000000000.0,-0.1017872616648674
