Frequency (Hz),Measurement
2000000000.0,0.14212140440940857
2000937472.0,0.13559584319591522
2001874944.0,0.1320399045944214
2002812544.0,0.12747809290885925
2003750016.0,0.12310299277305603
2004687488.0,0.1178695484995842
2005624960.0,0.11367908865213394
2006562560.0,0.10846728086471558
2007500032.0,0.10335671156644821
2008437504.0,0.09750492125749588
2009374976.0,0.09176727384328842
2010312448.0,0.08647892624139786
2011250048.0,0.0808238759636879
2012187520.0,0.07503015547990799
2013124992.0,0.06885048747062683
2014062464.0,0.06344202160835266
2015000064.0,0.05700353905558586
2015937536.0,0.05162157118320465
2016875008.0,0.04639332741498947
2017812480.0,0.03966096416115761
2018749952.0,0.03420848026871681
2019687552.0,0.02911355160176754
2020625024.0,0.024889668449759483
2021562496.0,0.02142394334077835
2022499968.0,0.016916733235120773
2023437440.0,0.014448516070842743
2024375040.0,0.011806515045464039
2025312512.0,0.010977827943861485
2026249984.0,0.009589390829205513
2027187456.0,0.009611105546355247
2028125056.0,0.010240711271762848
2029062528.0,0.011379330419003963
2030000000.0,0.013987644575536251
2030937472.0,0.017301322892308235
2031874944.0,0.020338013768196106
2032812544.0,0.025302289053797722
2033750016.0,0.03101283684372902
2034687488.0,0.037330254912376404
2035624960.0,0.04378194734454155
2036562560.0,0.05045377463102341
2037500032.0,0.05812355875968933
2038437504.0,0.06594362109899521
2039374976.0,0.074615478515625
2040312448.0,0.08217650651931763
2041250048.0,0.09087646007537842
2042187520.0,0.10012896358966827
2043124992.0,0.10634230077266693
2044062464.0,0.114112988114357
2044999936.0,0.12037690728902817
2045937536.0,0.12669874727725983
2046875008.0,0.13197319209575653
2047812480.0,0.13575351238250732
2048749952.0,0.14575223624706268
2049687552.0,0.14102153480052948
2050625024.0,0.13574956357479095
2051562496.0,0.12866578996181488
2052499968.0,0.12256423383951187
2053437440.0,0.11626315116882324
2054375040.0,0.10885509103536606
2055312512.0,0.10153798758983612
2056249984.0,0.09367642551660538
2057187456.0,0.08590243756771088
2058125056.0,0.0792931392788887
2059062528.0,0.07211215049028397
2060000000.0,0.06524588167667389
2060937472.0,0.05860375985503197
2061874944.0,0.05141782760620117
2062812544.0,0.04492635279893875
2063750016.0,0.03878793865442276
2064687488.0,0.03431389480829239
2065624960.0,0.02870696596801281
2066562560.0,0.02403571642935276
2067500032.0,0.019199693575501442
2068437504.0,0.015649333596229553
2069374976.0,0.011904840357601643
2070312448.0,0.007902014069259167
2071250048.0,0.005025157239288092
2072187520.0,0.0028696085792034864
2073124992.0,-0.0004868312971666455
2074062464.0,-0.0019142469391226768
2075000064.0,-0.004223683383315802
2075937536.0,-0.005291514098644257
2076875008.0,-0.006604975555092096
2077812480.0,-0.006606822833418846
2078749952.0,-0.006938465870916843
2079687552.0,-0.007204702123999596
2080625024.0,-0.006403310690075159
2081562496.0,-0.004430263303220272
2082499968.0,-0.0034087123349308968
2083437440.0,-0.001982077956199646
2084375040.0,0.0010819397866725922
2085312512.0,0.0034968964755535126
2086249984.0,0.007812052965164185
2087187456.0,0.01148467417806387
2088125056.0,0.015687745064496994
2089062528.0,0.02030494436621666
2090000000.0,0.02599043771624565
2090937472.0,0.03245089203119278
2091874944.0,0.03959590569138527
2092812544.0,0.04683312401175499
2093750016.0,0.05509653687477112
2094687488.0,0.06350065767765045
2095624960.0,0.07337722182273865
2096562560.0,0.08271748572587967
2097500032.0,0.09360910207033157
2098437504.0,0.10374157130718231
2099374976.0,0.11598637700080872
2100312448.0,0.12829019129276276
2101250048.0,0.14116120338439941
2102187520.0,0.15333889424800873
2103124992.0,0.16684696078300476
2104062464.0,0.1800490766763687
2104999936.0,0.19371093809604645
2105937536.0,0.2069380134344101
2106875008.0,0.2196526676416397
2107812480.0,0.2316233068704605
2108749952.0,0.27127858996391296
2109687552.0,0.27998828887939453
2110625024.0,0.28791916370391846
2111562496.0,0.29445526003837585
2112499968.0,0.3000325858592987
2113437440.0,0.3053058385848999
2114375040.0,0.3078617453575134
2115312512.0,0.30884939432144165
2116249984.0,0.30724117159843445
2117187456.0,0.30318692326545715
2118125056.0,0.2962675988674164
2119062528.0,0.28594186902046204
2120000000.0,0.2742178440093994
2120937472.0,0.2580847442150116
2121874944.0,0.24000857770442963
2122812544.0,0.2191104143857956
2123750016.0,0.1959943026304245
2124687488.0,0.17038147151470184
2125624960.0,0.14366352558135986
2126562560.0,0.11768453568220139
2127500032.0,0.09103989601135254
2128437504.0,0.06312733888626099
2129374976.0,0.03694763779640198
2130312448.0,0.01120124850422144
2131250048.0,-0.012596515007317066
2132187520.0,-0.035009924322366714
2133124992.0,-0.05522400513291359
2134062464.0,-0.07263243198394775
2135000064.0,-0.08740804344415665
2135937536.0,-0.10000784695148468
2136875008.0,-0.10911406576633453
2137812480.0,-0.11508729308843613
2138749952.0,-0.11874967813491821
2139687552.0,-0.11888978630304337
2140625024.0,-0.11728161573410034
2141562496.0,-0.11300691217184067
2142499968.0,-0.10564775764942169
2143437440.0,-0.09726385772228241
2144375040.0,-0.08745186775922775
2145312512.0,-0.0742989331483841
2146249984.0,-0.061563167721033096
2147187456.0,-0.047285277396440506
2148124928.0,-0.03287295624613762
2149062400.0,-0.01824367232620716
2150000128.0,-0.004434562288224697
2150937600.0,0.010860253125429153
2151875072.0,0.025626521557569504
2152812544.0,0.03992529213428497
2153750016.0,0.0536213293671608
2154687488.0,0.06626442819833755
2155624960.0,0.07771803438663483
2156562432.0,0.08949706703424454
2157499904.0,0.10073955357074738
2158437376.0,0.11080774664878845
2159375104.0,0.12090567499399185
2160312576.0,0.12987232208251953
2161250048.0,0.13913662731647491
2162187520.0,0.14736858010292053
2163124992.0,0.15611229836940765
2164062464.0,0.16494375467300415
2164999936.0,0.17325785756111145
2165937408.0,0.18159569799900055
2166874880.0,0.18958774209022522
2167812608.0,0.19781294465065002
2168750080.0,0.2225780487060547
2169687552.0,0.23387400805950165
2170625024.0,0.24540087580680847
2171562496.0,0.25572076439857483
2172499968.0,0.2655356228351593
2173437440.0,0.2750072181224823
2174374912.0,0.28412118554115295
2175312384.0,0.29229992628097534
2176250112.0,0.2984163165092468
2177187584.0,0.30414021015167236
2178125056.0,0.30801907181739807
2179062528.0,0.30971699953079224
2180000000.0,0.30912891030311584
2180937472.0,0.3065858483314514
2181874944.0,0.3019367456436157
2182812416.0,0.29515156149864197
2183749888.0,0.28674212098121643
2184687616.0,0.27651655673980713
2185625088.0,0.26404720544815063
2186562560.0,0.24983038008213043
2187500032.0,0.2339613437652588
2188437504.0,0.2159535139799118
2189374976.0,0.1974536031484604
2190312448.0,0.1779273897409439
2191249920.0,0.1577802151441574
2192187392.0,0.13671353459358215
2193125120.0,0.11451185494661331
2194062592.0,0.09360663592815399
2195000064.0,0.07320776581764221
2195937536.0,0.05275041610002518
2196875008.0,0.0338178351521492
2197812480.0,0.016506610438227654
2198749952.0,0.0006611364660784602
2199687424.0,-0.01481996476650238
2200624896.0,-0.026298856362700462
2201562624.0,-0.037785399705171585
2202500096.0,-0.04648534208536148
2203437568.0,-0.053604621440172195
2204375040.0,-0.05858813226222992
2205312512.0,-0.06015497446060181
2206249984.0,-0.0588587261736393
2207187456.0,-0.05612592399120331
2208124928.0,-0.05245063453912735
2209062400.0,-0.04533572122454643
2209999872.0,-0.035969458520412445
2210937600.0,-0.02585466019809246
2211875072.0,-0.013551551848649979
2212812544.0,-0.0008864987757988274
2213750016.0,0.014204415492713451
2214687488.0,0.030418813228607178
2215624960.0,0.04631972312927246
2216562432.0,0.064265176653862
2217499904.0,0.08133240789175034
2218437376.0,0.09944459050893784
2219375104.0,0.11655393987894058
2220312576.0,0.13275738060474396
2221250048.0,0.14947566390037537
2222187520.0,0.16537658870220184
2223124992.0,0.1794474869966507
2224062464.0,0.19320759177207947
2224999936.0,0.20422016084194183
2225937408.0,0.2147778868675232
2226874880.0,0.22350651025772095
2227812608.0,0.23087872564792633
2228750080.0,0.20259016752243042
2229687552.0,0.20853586494922638
2230625024.0,0.2133251428604126
2231562496.0,0.21630680561065674
2232499968.0,0.21883946657180786
2233437440.0,0.21955184638500214
2234374912.0,0.21813739836215973
2235312384.0,0.21575801074504852
2236250112.0,0.21012085676193237
2237187584.0,0.20286652445793152
2238125056.0,0.19344434142112732
2239062528.0,0.18157809972763062
2240000000.0,0.1686696857213974
2240937472.0,0.15323016047477722
2241874944.0,0.13684998452663422
2242812416.0,0.11871790885925293
2243749888.0,0.09871907532215118
2244687616.0,0.07905714213848114
2245625088.0,0.05796290189027786
2246562560.0,0.03736795857548714
2247500032.0,0.01694330759346485
2248437504.0,-0.003768987488001585
2249374976.0,-0.02406853623688221
2250312448.0,-0.04154558852314949
2251249920.0,-0.05863458663225174
2252187392.0,-0.07359150797128677
2253125120.0,-0.08712594956159592
2254062592.0,-0.09811291843652725
2255000064.0,-0.10675440728664398
2255937536.0,-0.1125807911157608
2256875008.0,-0.11656436324119568
2257812480.0,-0.11728441715240479
2258749952.0,-0.11722240597009659
2259687424.0,-0.11340934783220291
2260624896.0,-0.10794385522603989
2261562624.0,-0.10030147433280945
2262500096.0,-0.0906016156077385
2263437568.0,-0.07909952104091644
2264375040.0,-0.06555037200450897
2265312512.0,-0.05095050111413002
2266249984.0,-0.035782769322395325
2267187456.0,-0.020410457625985146
2268124928.0,-0.0029839081689715385
2269062400.0,0.013497160747647285
2270000128.0,0.031132230535149574
2270937600.0,0.049056582152843475
2271875072.0,0.06597032397985458
2272812544.0,0.08309590816497803
2273750016.0,0.09962458908557892
2274687488.0,0.11500541865825653
2275624960.0,0.13005909323692322
2276562432.0,0.1449383944272995
2277499904.0,0.15864548087120056
2278437376.0,0.17058241367340088
2279375104.0,0.18290197849273682
2280312576.0,0.1930428147315979
2281250048.0,0.20286323130130768
2282187520.0,0.21146126091480255
2283124992.0,0.21867570281028748
2284062464.0,0.22590215504169464
2284999936.0,0.23179490864276886
2285937408.0,0.23645542562007904
2286874880.0,0.2416738122701645
2287812608.0,0.2454393208026886
2288750080.0,0.25734707713127136
2289687552.0,0.26550620794296265
2290625024.0,0.27344369888305664
2291562496.0,0.2815439701080322
2292499968.0,0.2883462607860565
2293437440.0,0.29478591680526733
2294374912.0,0.3010689318180084
2295312384.0,0.30714067816734314
2296250112.0,0.311740905046463
2297187584.0,0.3142087161540985
2298125056.0,0.3170778155326843
2299062528.0,0.3161350190639496
2300000000.0,0.3152352273464203
2300937472.0,0.3111271858215332
2301874944.0,0.30485862493515015
2302812416.0,0.2967308759689331
2303749888.0,0.2854272425174713
2304687616.0,0.2714976668357849
2305625088.0,0.25505930185317993
2306562560.0,0.235979363322258
2307500032.0,0.21470792591571808
2308437504.0,0.18983642756938934
2309374976.0,0.16415657103061676
2310312448.0,0.1379976123571396
2311249920.0,0.10900694131851196
2312187392.0,0.07996394485235214
2313125120.0,0.05066883936524391
2314062592.0,0.02143341489136219
2315000064.0,-0.008010685443878174
2315937536.0,-0.03518683463335037
2316875008.0,-0.060383111238479614
2317812480.0,-0.08435476571321487
2318749952.0,-0.10576250404119492
2319687424.0,-0.12527045607566833
2320624896.0,-0.1432679295539856
2321562624.0,-0.15729467570781708
2322500096.0,-0.17048612236976624
2323437568.0,-0.17980073392391205
2324375040.0,-0.18790604174137115
2325312512.0,-0.193169504404068
2326249984.0,-0.19754382967948914
2327187456.0,-0.19828514754772186
2328124928.0,-0.19818240404129028
2329062400.0,-0.19708406925201416
2329999872.0,-0.19330309331417084
2330937600.0,-0.1891743391752243
2331875072.0,-0.18219149112701416
2332812544.0,-0.17476779222488403
2333750016.0,-0.16569305956363678
2334687488.0,-0.15477898716926575
2335624960.0,-0.14171306788921356
2336562432.0,-0.12786433100700378
2337499904.0,-0.11085660010576248
2338437376.0,-0.0939091295003891
2339375104.0,-0.074366994202137
2340312576.0,-0.0543196015059948
2341250048.0,-0.03191914036870003
2342187520.0,-0.00869754794985056
2343124992.0,0.014967413619160652
2344062464.0,0.03995245695114136
2344999936.0,0.06584183126688004
2345937408.0,0.09152931720018387
2346874880.0,0.11788222938776016
2347812608.0,0.14448019862174988
2348750080.0,0.19855420291423798
2349687552.0,0.21374836564064026
2350625024.0,0.22634364664554596
2351562496.0,0.23535819351673126
2352499968.0,0.24210627377033234
2353437440.0,0.24451522529125214
2354374912.0,0.2440577745437622
2355312384.0,0.2391594648361206
2356250112.0,0.2319738268852234
2357187584.0,0.21960079669952393
2358125056.0,0.205515056848526
2359062528.0,0.18841826915740967
2360000000.0,0.16814900934696198
2360937472.0,0.14542296528816223
2361874944.0,0.12137871235609055
2362812416.0,0.09464498609304428
2363749888.0,0.06688761711120605
2364687616.0,0.0378742590546608
2365625088.0,0.008894397877156734
2366562560.0,-0.019875062629580498
2367500032.0,-0.04885644465684891
2368437504.0,-0.07755783200263977
2369374976.0,-0.10522263497114182
2370312448.0,-0.13113096356391907
2371249920.0,-0.1555366814136505
2372187392.0,-0.17778295278549194
2373125120.0,-0.19845165312290192
2374062592.0,-0.21627329289913177
2375000064.0,-0.2320970743894577
2375937536.0,-0.2447635978460312
2376875008.0,-0.2549601197242737
2377812480.0,-0.2614690363407135
2378749952.0,-0.2654666602611542
2379687424.0,-0.26676779985427856
2380624896.0,-0.26537302136421204
2381562624.0,-0.260966956615448
2382500096.0,-0.2547990679740906
2383437568.0,-0.24620455503463745
2384375040.0,-0.23479904234409332
2385312512.0,-0.22224996984004974
2386249984.0,-0.2066904902458191
2387187456.0,-0.19158878922462463
2388124928.0,-0.1739688664674759
2389062400.0,-0.15716342628002167
2390000128.0,-0.13934646546840668
2390937600.0,-0.1218763068318367
2391875072.0,-0.10398323088884354
2392812544.0,-0.08629036694765091
2393750016.0,-0.0700298473238945
2394687488.0,-0.055066559463739395
2395624960.0,-0.03921360522508621
2396562432.0,-0.02627943828701973
2397499904.0,-0.013567215763032436
2398437376.0,-0.0027149985544383526
2399375104.0,0.0062561058439314365
2400312576.0,0.014477696269750595
2401250048.0,0.02163642831146717
2402187520.0,0.026833636686205864
2403124992.0,0.030568480491638184
2404062464.0,0.03330085799098015
2404999936.0,0.034296318888664246
2405937408.0,0.03405897691845894
2406874880.0,0.033681903034448624
2407812608.0,0.03102349489927292
2408750080.0,0.027484150603413582
2409687552.0,0.03311973810195923
2410625024.0,0.03573913499712944
2411562496.0,0.03696461766958237
2412499968.0,0.034991271793842316
2413437440.0,0.03131432458758354
2414374912.0,0.025425119325518608
2415312384.0,0.017854511737823486
2416250112.0,0.007868213579058647
2417187584.0,-0.004777589812874794
2418125056.0,-0.019600801169872284
2419062528.0,-0.036512695252895355
2420000000.0,-0.053852930665016174
2420937472.0,-0.07262363284826279
2421874944.0,-0.09281317889690399
2422812416.0,-0.11359185725450516
2423749888.0,-0.1355685144662857
2424687616.0,-0.15747074782848358
2425625088.0,-0.17904923856258392
2426562560.0,-0.20064589381217957
2427500032.0,-0.2229173481464386
2428437504.0,-0.2448546439409256
2429374976.0,-0.265785276889801
2430312448.0,-0.28592774271965027
2431249920.0,-0.30465397238731384
2432187392.0,-0.3235774040222168
2433125120.0,-0.33999693393707275
2434062592.0,-0.35580265522003174
2435000064.0,-0.37077248096466064
2435937536.0,-0.38376912474632263
2436875008.0,-0.39584383368492126
2437812480.0,-0.40751203894615173
2438749952.0,-0.4165862798690796
2439687424.0,-0.42277607321739197
2440624896.0,-0.42873579263687134
2441562624.0,-0.43220415711402893
2442500096.0,-0.43336397409439087
2443437568.0,-0.43504881858825684
2444375040.0,-0.4345817267894745
2445312512.0,-0.43378204107284546
2446249984.0,-0.4320874810218811
2447187456.0,-0.42897728085517883
2448124928.0,-0.4248371720314026
2449062400.0,-0.4200294613838196
2449999872.0,-0.4143923819065094
2450937600.0,-0.40796035528182983
2451875072.0,-0.402590811252594
2452812544.0,-0.39552730321884155
2453750016.0,-0.38946297764778137
2454687488.0,-0.3837721645832062
2455624960.0,-0.3777318596839905
2456562432.0,-0.3713880479335785
2457499904.0,-0.3657289743423462
2458437376.0,-0.36027154326438904
2459375104.0,-0.3566906452178955
2460312576.0,-0.3518644869327545
2461250048.0,-0.34946635365486145
2462187520.0,-0.3482424020767212
2463124992.0,-0.3486354351043701
2464062464.0,-0.3495855927467346
2464999936.0,-0.352154016494751
2465937408.0,-0.35757455229759216
2466874880.0,-0.36429518461227417
2467812608.0,-0.3742014169692993
2468750080.0,-0.46169084310531616
2469687552.0,-0.4842301905155182
2470625024.0,-0.5074933171272278
2471562496.0,-0.5359073877334595
2472499968.0,-0.566853940486908
2473437440.0,-0.6019750833511353
2474374912.0,-0.6384539604187012
2475312384.0,-0.6781337261199951
2476250112.0,-0.7213193774223328
2477187584.0,-0.7677809000015259
2478125056.0,-0.8176265358924866
2479062528.0,-0.8708442449569702
2480000000.0,-0.9257453083992004
2480937472.0,-0.9841273427009583
2481874944.0,-1.046093225479126
2482812416.0,-1.111623764038086
2483749888.0,-1.1808339357376099
2484687616.0,-1.254531979560852
2485625088.0,-1.331636905670166
2486562560.0,-1.4121787548065186
2487500032.0,-1.496284008026123
2488437504.0,-1.5848506689071655
2489374976.0,-1.6755865812301636
2490312448.0,-1.7717485427856445
2491249920.0,-1.8732541799545288
2492187392.0,-1.9779852628707886
2493125120.0,-2.087395191192627
2494062592.0,-2.2016587257385254
2495000064.0,-2.321775197982788
2495937536.0,-2.4485409259796143
2496875008.0,-2.582368850708008
2497812480.0,-2.724294662475586
2498749952.0,-2.8734917640686035
2499687424.0,-3.0329508781433105
2500624896.0,-3.202511787414551
2501562624.0,-3.3837103843688965
2502500096.0,-3.5798494815826416
2503437568.0,-3.7918050289154053
2504375040.0,-4.018998146057129
2505312512.0,-4.263007640838623
2506249984.0,-4.526233196258545
2507187456.0,-4.8072967529296875
2508124928.0,-5.105476379394531
2509062400.0,-5.42491340637207
2510000128.0,-5.7611613273620605
2510937600.0,-6.11338996887207
2511875072.0,-6.467933654785156
2512812544.0,-6.820098400115967
2513750016.0,-7.150457859039307
2514687488.0,-7.451126575469971
2515624960.0,-7.703461647033691
2516562432.0,-7.8961358070373535
2517499904.0,-8.007500648498535
2518437376.0,-8.030078887939453
2519375104.0,-7.957826614379883
2520312576.0,-7.796657085418701
2521250048.0,-7.562125205993652
2522187520.0,-7.264760494232178
2523124992.0,-6.9220476150512695
2524062464.0,-6.550932884216309
2524999936.0,-6.162903308868408
2525937408.0,-5.766878128051758
2526874880.0,-5.375626087188721
2527812608.0,-4.998317718505859
2528750080.0,-4.6334638595581055
2529687552.0,-4.298686504364014
2530625024.0,-3.9876017570495605
2531562496.0,-3.696948766708374
2532499968.0,-3.424680233001709
2533437440.0,-3.174597978591919
2534374912.0,-2.944082498550415
2535312384.0,-2.732640504837036
2536250112.0,-2.536113739013672
2537187584.0,-2.357343912124634
2538125056.0,-2.1948306560516357
2539062528.0,-2.0466859340667725
2540000000.0,-1.9137544631958008
2540937472.0,-1.792338490486145
2541874944.0,-1.6814368963241577
2542812416.0,-1.583633542060852
2543749888.0,-1.4913100004196167
2544687616.0,-1.4114234447479248
2545625088.0,-1.3374791145324707
2546562560.0,-1.2700300216674805
2547500032.0,-1.2104939222335815
2548437504.0,-1.156601071357727
2549374976.0,-1.1088961362838745
2550312448.0,-1.065137505531311
2551249920.0,-1.0258725881576538
2552187392.0,-0.9917551279067993
2553125120.0,-0.9589614868164062
2554062592.0,-0.9303820729255676
2555000064.0,-0.903939425945282
2555937536.0,-0.880191445350647
2556875008.0,-0.8582158088684082
2557812480.0,-0.8371538519859314
2558749952.0,-0.81739741563797
2559687424.0,-0.7989618182182312
2560624896.0,-0.7805271148681641
2561562624.0,-0.7619009017944336
2562500096.0,-0.7438240051269531
2563437568.0,-0.725408136844635
2564375040.0,-0.7061164975166321
2565312512.0,-0.6867126226425171
2566249984.0,-0.6658943891525269
2567187456.0,-0.6456180214881897
2568124928.0,-0.623773992061615
2569062400.0,-0.6006647944450378
2569999872.0,-0.577553391456604
2570937600.0,-0.5535088181495667
2571875072.0,-0.5281620621681213
2572812544.0,-0.5023714900016785
2573750016.0,-0.47544485330581665
2574687488.0,-0.4463980197906494
2575624960.0,-0.4174848794937134
2576562432.0,-0.3881124258041382
2577499904.0,-0.3578358292579651
2578437376.0,-0.32764312624931335
2579375104.0,-0.29674288630485535
2580312576.0,-0.26658639311790466
2581250048.0,-0.23654383420944214
2582187520.0,-0.20643413066864014
2583124992.0,-0.1774369180202484
2584062464.0,-0.14896729588508606
2584999936.0,-0.1225714385509491
2585937408.0,-0.09719923138618469
2586874880.0,-0.07289829105138779
2587812608.0,-0.04995718225836754
2588750080.0,-0.025489073246717453
2589687552.0,-0.011674811132252216
2590625024.0,0.0011468824231997132
2591562496.0,0.010987872257828712
2592499968.0,0.01938026025891304
2593437440.0,0.025044098496437073
2594374912.0,0.029670074582099915
2595312384.0,0.03164707124233246
2596250112.0,0.03233594074845314
2597187584.0,0.02959526516497135
2598125056.0,0.026256274431943893
2599062528.0,0.022420525550842285
2600000000.0,0.016181321814656258
2600937472.0,0.007619181182235479
2601874944.0,-0.0011853431351482868
2602812416.0,-0.011779073625802994
2603749888.0,-0.02285841852426529
2604687616.0,-0.03475729748606682
2605625088.0,-0.04754137620329857
2606562560.0,-0.06184754893183708
2607500032.0,-0.07559910416603088
2608437504.0,-0.08853212743997574
2609374976.0,-0.10299951583147049
2610312448.0,-0.1164487823843956
2611249920.0,-0.1301439255475998
2612187392.0,-0.14318901300430298
2613125120.0,-0.15472565591335297
2614062592.0,-0.16705027222633362
2615000064.0,-0.17816931009292603
2615937536.0,-0.18787585198879242
2616875008.0,-0.1971055120229721
2617812480.0,-0.2050260752439499
2618749952.0,-0.21097277104854584
2619687424.0,-0.2169533669948578
2620624896.0,-0.22014622390270233
2621562624.0,-0.22310227155685425
2622500096.0,-0.22344908118247986
2623437568.0,-0.22251150012016296
2624375040.0,-0.22063717246055603
2625312512.0,-0.2170763462781906
2626249984.0,-0.2113826870918274
2627187456.0,-0.20462806522846222
2628124928.0,-0.19716498255729675
2629062400.0,-0.18767613172531128
2630000128.0,-0.17606903612613678
2630937600.0,-0.16330109536647797
2631875072.0,-0.1494227945804596
2632812544.0,-0.13466677069664001
2633750016.0,-0.11898249387741089
2634687488.0,-0.10241004079580307
2635624960.0,-0.08404457569122314
2636562432.0,-0.06645837426185608
2637499904.0,-0.04790595546364784
2638437376.0,-0.029914170503616333
2639375104.0,-0.010202698409557343
2640312576.0,0.008884110487997532
2641250048.0,0.028279414400458336
2642187520.0,0.04698535054922104
2643124992.0,0.06498562544584274
2644062464.0,0.08268969506025314
2644999936.0,0.09926971793174744
2645937408.0,0.1149870976805687
2646874880.0,0.13051553070545197
2647812608.0,0.15514516830444336
2648750080.0,0.1697748452425003
2649687552.0,0.18285591900348663
2650625024.0,0.1926378458738327
2651562496.0,0.20119550824165344
2652499968.0,0.2071744054555893
2653437440.0,0.2089920938014984
2654374912.0,0.21037079393863678
2655312384.0,0.20835350453853607
2656250112.0,0.20406371355056763
2657187584.0,0.1974220871925354
2658125056.0,0.18880370259284973
2659062528.0,0.17739161849021912
2660000000.0,0.1653154343366623
2660937472.0,0.15049560368061066
2661874944.0,0.13393381237983704
2662812416.0,0.11651653796434402
2663749888.0,0.09733790904283524
2664687616.0,0.0774613469839096
2665625088.0,0.057127151638269424
2666562560.0,0.03626756742596626
2667500032.0,0.014835075475275517
2668437504.0,-0.005396932363510132
2669374976.0,-0.02542930096387863
2670312448.0,-0.04542999714612961
2671249920.0,-0.06489171832799911
2672187392.0,-0.08239451795816422
2673125120.0,-0.09913861006498337
2674062592.0,-0.11402767896652222
2675000064.0,-0.12817969918251038
2675937536.0,-0.1392633318901062
2676875008.0,-0.1498650163412094
2677812480.0,-0.15817901492118835
2678749952.0,-0.1636071652173996
2679687424.0,-0.16779178380966187
2680624896.0,-0.17014095187187195
2681562624.0,-0.16950726509094238
2682500096.0,-0.1679404079914093
2683437568.0,-0.16356335580348969
2684375040.0,-0.1577484905719757
2685312512.0,-0.1496894657611847
2686249984.0,-0.13897013664245605
2687187456.0,-0.12795935571193695
2688124928.0,-0.11478020995855331
2689062400.0,-0.10081932693719864
2689999872.0,-0.08584322780370712
2690937600.0,-0.0688057467341423
2691875072.0,-0.05155114829540253
2692812544.0,-0.03331723436713219
2693750016.0,-0.015158277004957199
2694687488.0,0.003130545374006033
2695624960.0,0.021486572921276093
2696562432.0,0.039305683225393295
2697499904.0,0.057721659541130066
2698437376.0,0.07506193965673447
2699375104.0,0.09186360985040665
2700312576.0,0.10829713940620422
2701250048.0,0.12336865067481995
2702187520.0,0.13758228719234467
2703124992.0,0.15058985352516174
2704062464.0,0.16225937008857727
2704999936.0,0.17337127029895782
2705937408.0,0.18268781900405884
2706874880.0,0.19126588106155396
2707812608.0,0.2096475511789322
2708750080.0,0.21423058211803436
2709687552.0,0.21677599847316742
2710625024.0,0.21893107891082764
2711562496.0,0.2205246537923813
2712499968.0,0.21937943994998932
2713437440.0,0.21771904826164246
2714374912.0,0.21444028615951538
2715312384.0,0.21132002770900726
2716250112.0,0.20489615201950073
2717187584.0,0.19839045405387878
2718125056.0,0.1896132528781891
2719062528.0,0.18067346513271332
2720000000.0,0.1695292443037033
2720937472.0,0.15797530114650726
2721874944.0,0.143936887383461
2722812416.0,0.1302335411310196
2723749888.0,0.11362194269895554
2724687616.0,0.0973975881934166
2725625088.0,0.08033566921949387
2726562560.0,0.06188766285777092
2727500032.0,0.04260129854083061
2728437504.0,0.023170968517661095
2729374976.0,0.003431772580370307
2730312448.0,-0.01639472506940365
2731249920.0,-0.03557147458195686
2732187392.0,-0.05469554290175438
2733125120.0,-0.0734715461730957
2734062592.0,-0.09253431856632233
2735000064.0,-0.10886463522911072
2735937536.0,-0.12556615471839905
2736875008.0,-0.14018462598323822
2737812480.0,-0.15434890985488892
2738749952.0,-0.16555055975914001
2739687424.0,-0.1756645292043686
2740624896.0,-0.18359515070915222
2741562624.0,-0.18900296092033386
2742500096.0,-0.1930956095457077
2743437568.0,-0.19484546780586243
2744375040.0,-0.19299322366714478
2745312512.0,-0.18948149681091309
2746249984.0,-0.18455661833286285
2747187456.0,-0.1762685328722
2748124928.0,-0.16543631255626678
2749062400.0,-0.15316437184810638
2750000128.0,-0.13822835683822632
2750937600.0,-0.1219802051782608
2751875072.0,-0.10506901890039444
2752812544.0,-0.08535586297512054
2753750016.0,-0.0647812932729721
2754687488.0,-0.04281165078282356
2755624960.0,-0.02081403322517872
2756562432.0,0.0017919654492288828
2757499904.0,0.02466128207743168
2758437376.0,0.04797844588756561
2759375104.0,0.06938486546278
2760312576.0,0.08995313942432404
2761250048.0,0.11104214191436768
2762187520.0,0.1306854784488678
2763124992.0,0.14763706922531128
2764062464.0,0.16378848254680634
2764999936.0,0.17813996970653534
2765937408.0,0.19091571867465973
2766874880.0,0.20025542378425598
2767812608.0,0.241798996925354
2768750080.0,0.24566349387168884
2769687552.0,0.2475900501012802
2770625024.0,0.24723608791828156
2771562496.0,0.24573542177677155
2772499968.0,0.2425321787595749
2773437440.0,0.23760811984539032
2774374912.0,0.23225662112236023
2775312384.0,0.22368395328521729
2776250112.0,0.21545064449310303
2777187584.0,0.20500577986240387
2778125056.0,0.19432152807712555
2779062528.0,0.18215253949165344
2780000000.0,0.16849058866500854
2780937472.0,0.1551186740398407
2781874944.0,0.14124445617198944
2782812416.0,0.12637504935264587
2783749888.0,0.11142922192811966
2784687616.0,0.09616927802562714
2785625088.0,0.0804053321480751
2786562560.0,0.06448955088853836
2787500032.0,0.04925771430134773
2788437504.0,0.034314293414354324
2789374976.0,0.01961723528802395
2790312448.0,0.004648154601454735
2791249920.0,-0.009334475733339787
2792187392.0,-0.022431258112192154
2793125120.0,-0.034379806369543076
2794062592.0,-0.04605745151638985
2795000064.0,-0.05754644051194191
2795937536.0,-0.06723710894584656
2796875008.0,-0.07626204937696457
2797812480.0,-0.08299773931503296
2798749952.0,-0.08935502916574478
2799687424.0,-0.09425519406795502
2800624896.0,-0.09818053245544434
2801562624.0,-0.09963241219520569
2802500096.0,-0.10087218135595322
2803437568.0,-0.09932994097471237
2804375040.0,-0.09753377735614777
2805312512.0,-0.09383384138345718
2806249984.0,-0.08776410669088364
2807187456.0,-0.08062006533145905
2808124928.0,-0.07220222055912018
2809062400.0,-0.06287654489278793
2809999872.0,-0.051383692771196365
2810937600.0,-0.03854285925626755
2811875072.0,-0.025566205382347107
2812812544.0,-0.011067522689700127
2813750016.0,0.004976856522262096
2814687488.0,0.019938798621296883
2815624960.0,0.0371452197432518
2816562432.0,0.05436624214053154
2817499904.0,0.07094593346118927
2818437376.0,0.08804454654455185
2819375104.0,0.10559847950935364
2820312576.0,0.12294894456863403
2821250048.0,0.138482928276062
2822187520.0,0.15496405959129333
2823124992.0,0.16875889897346497
2824062464.0,0.18324536085128784
2824999936.0,0.19514065980911255
2825937408.0,0.20616397261619568
2826874880.0,0.2156507819890976
2827812608.0,0.23014330863952637
2828750080.0,0.23573803901672363
2829687552.0,0.23961804807186127
2830625024.0,0.24099408090114594
2831562496.0,0.23961468040943146
2832499968.0,0.23781584203243256
2833437440.0,0.23332403600215912
2834374912.0,0.22696128487586975
2835312384.0,0.21932226419448853
2836250112.0,0.20981758832931519
2837187584.0,0.19912566244602203
2838125056.0,0.1865299791097641
2839062528.0,0.1727922558784485
2840000000.0,0.1583658903837204
2840937472.0,0.14330807328224182
2841874944.0,0.12740080058574677
2842812416.0,0.1118914857506752
2843749888.0,0.09426087141036987
2844687616.0,0.07663771510124207
2845625088.0,0.058797743171453476
2846562560.0,0.04103006422519684
2847500032.0,0.023532778024673462
2848437504.0,0.006697055883705616
2849374976.0,-0.00969473086297512
2850312448.0,-0.025555988773703575
2851249920.0,-0.03940699249505997
2852187392.0,-0.05363930016756058
2853125120.0,-0.06539752334356308
2854062592.0,-0.07732801139354706
2855000064.0,-0.0870969220995903
2855937536.0,-0.09623881429433823
2856875008.0,-0.10325689613819122
2857812480.0,-0.10780248790979385
2858749952.0,-0.11300719529390335
2859687424.0,-0.11493270099163055
2860624896.0,-0.11515938490629196
2861562624.0,-0.1142512783408165
2862500096.0,-0.10987898707389832
2863437568.0,-0.10650922358036041
2864375040.0,-0.09931781888008118
2865312512.0,-0.09067691117525101
2866249984.0,-0.08148680627346039
2867187456.0,-0.06984906643629074
2868124928.0,-0.058105483651161194
2869062400.0,-0.04418561980128288
2870000128.0,-0.029835142195224762
2870937600.0,-0.015220795758068562
2871875072.0,0.0005392724415287375
2872812544.0,0.017991354689002037
2873750016.0,0.03422641381621361
2874687488.0,0.0520177036523819
2875624960.0,0.06867331266403198
2876562432.0,0.08597669750452042
2877499904.0,0.10313057154417038
2878437376.0,0.11979775130748749
2879375104.0,0.13564103841781616
2880312576.0,0.1516188234090805
2881250048.0,0.1650201976299286
2882187520.0,0.17832526564598083
2883124992.0,0.19117063283920288
2884062464.0,0.2026636302471161
2884999936.0,0.21270570158958435
2885937408.0,0.22136901319026947
2886874880.0,0.22970928251743317
2887812608.0,0.21266129612922668
2888750080.0,0.21628102660179138
2889687552.0,0.21879741549491882
2890625024.0,0.22041937708854675
2891562496.0,0.22147192060947418
2892499968.0,0.2212311178445816
2893437440.0,0.21935297548770905
2894374912.0,0.21616975963115692
2895312384.0,0.2119053602218628
2896250112.0,0.20602375268936157
2897187584.0,0.19932055473327637
2898125056.0,0.19047266244888306
2899062528.0,0.18003582954406738
2900000000.0,0.1678439974784851
2900937472.0,0.15569841861724854
2901874944.0,0.14124135673046112
2902812416.0,0.12588171660900116
2903749888.0,0.11076902598142624
2904687616.0,0.09399952739477158
2905625088.0,0.07666222006082535
2906562560.0,0.0603804849088192
2907500032.0,0.041817452758550644
2908437504.0,0.024995816871523857
2909374976.0,0.007349677383899689
2910312448.0,-0.008502705954015255
2911249920.0,-0.024834247305989265
2912187392.0,-0.039062418043613434
2913125120.0,-0.052945125848054886
2914062592.0,-0.06487785279750824
2915000064.0,-0.07587654143571854
2915937536.0,-0.08373690396547318
2916875008.0,-0.09028303623199463
2917812480.0,-0.0953398272395134
2918749952.0,-0.09898145496845245
2919687424.0,-0.0987735167145729
2920624896.0,-0.09731680154800415
2921562624.0,-0.09379252046346664
2922500096.0,-0.08717844635248184
2923437568.0,-0.07888561487197876
2924375040.0,-0.06969882547855377
2925312512.0,-0.058679353445768356
2926249984.0,-0.04587581753730774
2927187456.0,-0.030407503247261047
2928124928.0,-0.014885371550917625
2929062400.0,0.001834474503993988
2929999872.0,0.019012633711099625
2930937600.0,0.037260252982378006
2931875072.0,0.05438053980469704
2932812544.0,0.07230014353990555
2933750016.0,0.09059207886457443
2934687488.0,0.10666970163583755
2935624960.0,0.12375391274690628
2936562432.0,0.13859984278678894
2937499904.0,0.15277214348316193
2938437376.0,0.16633526980876923
2939375104.0,0.17797288298606873
2940312576.0,0.1894252598285675
2941250048.0,0.19770891964435577
2942187520.0,0.20592238008975983
2943124992.0,0.21169109642505646
2944062464.0,0.2165323942899704
2944999936.0,0.22015449404716492
2945937408.0,0.22320669889450073
2946874880.0,0.22540052235126495
2947812608.0,0.20437473058700562
2948750080.0,0.20313338935375214
2949687552.0,0.19901929795742035
2950625024.0,0.196991428732872
2951562496.0,0.19397737085819244
2952499968.0,0.18956325948238373
2953437440.0,0.1856355369091034
2954374912.0,0.18262247741222382
2955312384.0,0.17809703946113586
2956250112.0,0.1741952747106552
2957187584.0,0.169709250330925
2958125056.0,0.16509538888931274
2959062528.0,0.1607634425163269
2960000000.0,0.1552606076002121
2960937472.0,0.1516100913286209
2961874944.0,0.1460971236228943
2962812416.0,0.14067938923835754
2963749888.0,0.1349318027496338
2964687616.0,0.12849342823028564
2965625088.0,0.12212669849395752
2966562560.0,0.11668914556503296
2967500032.0,0.11025293916463852
2968437504.0,0.10348374396562576
2969374976.0,0.09605076909065247
2970312448.0,0.08927261829376221
2971249920.0,0.0815793052315712
2972187392.0,0.07428131252527237
2973125120.0,0.06746990978717804
2974062592.0,0.06099200248718262
2975000064.0,0.05315414443612099
2975937536.0,0.04636088386178017
2976875008.0,0.03937648981809616
2977812480.0,0.032923903316259384
2978749952.0,0.026405125856399536
2979687424.0,0.0206593070179224
2980624896.0,0.015253680758178234
2981562624.0,0.011018590070307255
2982500096.0,0.00673999497666955
2983437568.0,0.0033997949212789536
2984375040.0,-6.158285395940766e-05
2985312512.0,-0.002163634868338704
2986249984.0,-0.0030877706594765186
2987187456.0,-0.004238678142428398
2988124928.0,-0.004928303882479668
2989062400.0,-0.004395617172122002
2990000128.0,-0.0036514820531010628
2990937600.0,-0.0024855169467628
2991875072.0,-0.001087938086129725
2992812544.0,0.0012215531896799803
2993750016.0,0.002990684937685728
2994687488.0,0.006033184938132763
2995624960.0,0.008041273802518845
2996562432.0,0.010700986720621586
2997499904.0,0.014222655445337296
2998437376.0,0.015386504121124744
2999375104.0,0.018966609612107277
3000312576.0,0.023915531113743782
3001250048.0,0.02678481675684452
3002187520.0,0.028901169076561928
3003124992.0,0.03153130039572716
3004062464.0,0.03319387137889862
3004999936.0,0.03504125028848648
3005937408.0,0.03682861849665642
3006874880.0,0.0384654775261879
3007812608.0,0.13012370467185974
3008750080.0,0.12703357636928558
3009687552.0,0.12395957857370377
3010625024.0,0.12078087031841278
3011562496.0,0.11745569109916687
3012499968.0,0.11277028918266296
3013437440.0,0.1087670624256134
3014374912.0,0.10340233892202377
3015312384.0,0.09751961380243301
3016250112.0,0.09262612462043762
3017187584.0,0.08679366856813431
3018125056.0,0.08215361088514328
3019062528.0,0.07580498605966568
3020000000.0,0.07027313113212585
3020937472.0,0.06454700231552124
3021874944.0,0.0586167611181736
3022812416.0,0.05303977429866791
3023749888.0,0.04633627086877823
3024687616.0,0.03987448289990425
3025625088.0,0.03424758464097977
3026562560.0,0.028936054557561874
3027500032.0,0.022063683718442917
3028437504.0,0.015773389488458633
3029374976.0,0.010136631317436695
3030312448.0,0.004777924623340368
3031249920.0,-0.0006136373267509043
3032187392.0,-0.006068548187613487
3033125120.0,-0.012276933528482914
3034062592.0,-0.017576156184077263
3035000064.0,-0.023069076240062714
3035937536.0,-0.028091516345739365
3036875008.0,-0.0322144441306591
3037812480.0,-0.03720196336507797
3038749952.0,-0.042139388620853424
3039687424.0,-0.04538167640566826
3040624896.0,-0.0501975417137146
3041562624.0,-0.05341901630163193
3042500096.0,-0.05646677315235138
3043437568.0,-0.05948355421423912
3044375040.0,-0.06205405667424202
3045312512.0,-0.06330400705337524
3046249984.0,-0.06467283517122269
3047187456.0,-0.066777803003788
3048124928.0,-0.06672284752130508
3049062400.0,-0.06606815755367279
3049999872.0,-0.06560297310352325
3050937600.0,-0.06398832052946091
3051875072.0,-0.06233794242143631
3052812544.0,-0.06030990555882454
3053750016.0,-0.05487148463726044
3054687488.0,-0.051170580089092255
3055624960.0,-0.04662033170461655
3056562432.0,-0.04067501798272133
3057499904.0,-0.03311337158083916
3058437376.0,-0.02594997175037861
3059375104.0,-0.01746186800301075
3060312576.0,-0.008535973727703094
3061250048.0,0.0012511429376900196
3062187520.0,0.011950021609663963
3063124992.0,0.022967014461755753
3064062464.0,0.03478836640715599
3064999936.0,0.04663988575339317
3065937408.0,0.05917293205857277
3066874880.0,0.07238665968179703
3067812608.0,0.1379048079252243
3068750080.0,0.14371028542518616
3069687552.0,0.1471063792705536
3070625024.0,0.14984364807605743
3071562496.0,0.15130972862243652
3072499968.0,0.15177945792675018
3073437440.0,0.15092284977436066
3074374912.0,0.14738358557224274
3075312384.0,0.14415812492370605
3076250112.0,0.13874110579490662
3077187584.0,0.13091304898262024
3078125056.0,0.12419207394123077
3079062528.0,0.11511881649494171
3080000000.0,0.1065172627568245
3080937472.0,0.09686732292175293
3081874944.0,0.08597572892904282
3082812416.0,0.07410039752721786
3083749888.0,0.06440912187099457
3084687616.0,0.05297226831316948
3085625088.0,0.043236155062913895
3086562560.0,0.03360411152243614
3087500032.0,0.022165611386299133
3088437504.0,0.013569224625825882
3089374976.0,0.0046515860594809055
3090312448.0,-0.0019138142233714461
3091249920.0,-0.009455488063395023
3092187392.0,-0.015269016847014427
3093125120.0,-0.019852621480822563
3094062592.0,-0.02387394942343235
3095000064.0,-0.0261249877512455
3095937536.0,-0.028086703270673752
3096875008.0,-0.0286781657487154
3097812480.0,-0.028206991031765938
3098749952.0,-0.025991356000304222
3099687424.0,-0.022420665249228477
3100624896.0,-0.019206078723073006
3101562624.0,-0.01433240994811058
3102500096.0,-0.008254330605268478
3103437568.0,-0.0017258980078622699
3104375040.0,0.004915399942547083
3105312512.0,0.01261297706514597
3106249984.0,0.020051680505275726
3107187456.0,0.02839585766196251
3108124928.0,0.03569501265883446
3109062400.0,0.044906459748744965
3110000128.0,0.05316617712378502
3110937600.0,0.06058966740965843
3111875072.0,0.06844440847635269
3112812544.0,0.07576185464859009
3113750016.0,0.0835428312420845
3114687488.0,0.08958011120557785
3115624960.0,0.09514865279197693
3116562432.0,0.10164247453212738
3117499904.0,0.10656646639108658
3118437376.0,0.11131777614355087
3119375104.0,0.11570633202791214
3120312576.0,0.11980841308832169
3121250048.0,0.12285114824771881
3122187520.0,0.12654328346252441
3123124992.0,0.12805800139904022
3124062464.0,0.1314244568347931
3124999936.0,0.13374948501586914
3125937408.0,0.13595905900001526
3126874880.0,0.13812081515789032
3127812608.0,0.143513485789299
3128750080.0,0.1438491940498352
3129687552.0,0.14285075664520264
3130625024.0,0.14179925620555878
3131562496.0,0.1403479129076004
3132499968.0,0.13782428205013275
3133437440.0,0.1350524127483368
3134374912.0,0.13200964033603668
3135312384.0,0.1285923570394516
3136250112.0,0.1259204000234604
3137187584.0,0.12308263778686523
3138125056.0,0.12031615525484085
3139062528.0,0.11856693029403687
3140000000.0,0.11780060082674026
3140937472.0,0.11778660118579865
3141874944.0,0.11959357559680939
3142812416.0,0.12268603593111038
3143749888.0,0.12649117410182953
3144687616.0,0.1324097067117691
3145625088.0,0.13692045211791992
3146562560.0,0.1426139622926712
3147500032.0,0.1475292146205902
3148437504.0,0.1511913239955902
3149374976.0,0.15475797653198242
3150312448.0,0.1557416021823883
3151249920.0,0.15404579043388367
3152187392.0,0.1514514535665512
3153125120.0,0.1456456035375595
3154062592.0,0.13807368278503418
3155000064.0,0.12937189638614655
3155937536.0,0.11763174831867218
3156875008.0,0.10529839247465134
3157812480.0,0.09108687937259674
3158749952.0,0.07689036428928375
3159687424.0,0.06180086359381676
3160624896.0,0.04632239416241646
3161562624.0,0.031491659581661224
3162500096.0,0.017400681972503662
3163437568.0,0.00509580597281456
3164375040.0,-0.00665042782202363
3165312512.0,-0.01582048088312149
3166249984.0,-0.023705491796135902
3167187456.0,-0.030309826135635376
3168124928.0,-0.03321535885334015
3169062400.0,-0.03406904265284538
3169999872.0,-0.03329886123538017
3170937600.0,-0.0292500127106905
3171875072.0,-0.02340530976653099
3172812544.0,-0.0158531554043293
3173750016.0,-0.005439430475234985
3174687488.0,0.0059472438879311085
3175624960.0,0.017483148723840714
3176562432.0,0.03150526434183121
3177499904.0,0.04653298482298851
3178437376.0,0.06064050272107124
3179375104.0,0.07618371397256851
3180312576.0,0.09223087131977081
3181250048.0,0.10744225978851318
3182187520.0,0.12235648185014725
3183124992.0,0.13641981780529022
3184062464.0,0.15035313367843628
3184999936.0,0.16313473880290985
3185937408.0,0.17591434717178345
3186874880.0,0.18728072941303253
3187812608.0,0.1529054492712021
3188750080.0,0.14850124716758728
3189687552.0,0.14351971447467804
3190625024.0,0.13780054450035095
3191562496.0,0.1322406530380249
3192499968.0,0.1262844055891037
3193437440.0,0.1207413524389267
3194374912.0,0.11445819586515427
3195312384.0,0.1088985875248909
3196250112.0,0.10435865819454193
3197187584.0,0.09814485162496567
3198125056.0,0.09485376626253128
3199062528.0,0.09048454463481903
3200000000.0,0.087365061044693
3200937472.0,0.08545242995023727
3201874944.0,0.08440813422203064
3202812416.0,0.08333231508731842
3203749888.0,0.08214452862739563
3204687616.0,0.08303387463092804
3205625088.0,0.08391916751861572
3206562560.0,0.08484593033790588
3207500032.0,0.08763600885868073
3208437504.0,0.0889507606625557
3209374976.0,0.09131688624620438
3210312448.0,0.09435860067605972
3211249920.0,0.09636680036783218
3212187392.0,0.09887869656085968
3213125120.0,0.10178512334823608
3214062592.0,0.10388041287660599
3215000064.0,0.10619015991687775
3215937536.0,0.10809198021888733
3216875008.0,0.10965433716773987
3217812480.0,0.11132655292749405
3218749952.0,0.11248569935560226
3219687424.0,0.112616628408432
3220624896.0,0.11328102648258209
3221562624.0,0.11243888735771179
3222500096.0,0.11225061863660812
3223437568.0,0.11203746497631073
3224375040.0,0.11101072281599045
3225312512.0,0.11045895516872406
3226249984.0,0.10940924286842346
3227187456.0,0.10841873288154602
3228124928.0,0.10795637220144272
3229062400.0,0.10800566524267197
3230000128.0,0.10753856599330902
3230937600.0,0.10745009779930115
3231875072.0,0.10908831655979156
3232812544.0,0.10931684821844101
3233750016.0,0.11182583123445511
3234687488.0,0.11463890969753265
3235624960.0,0.11684771627187729
3236562432.0,0.12050184607505798
3237499904.0,0.1247643381357193
3238437376.0,0.12981347739696503
3239375104.0,0.13574416935443878
3240312576.0,0.14072008430957794
3241250048.0,0.14784111082553864
3242187520.0,0.1535496860742569
3243124992.0,0.16010905802249908
3244062464.0,0.167483851313591
3244999936.0,0.17361627519130707
3245937408.0,0.17882198095321655
3246874880.0,0.18437902629375458
3247812608.0,0.09455832093954086
3248750080.0,0.08644922077655792
3249687552.0,0.07708075642585754
3250625024.0,0.06700827181339264
3251562496.0,0.05714599788188934
3252499968.0,0.04725663363933563
3253437440.0,0.03919802978634834
3254374912.0,0.030234921723604202
3255312384.0,0.023825358599424362
3256250112.0,0.01930297538638115
3257187584.0,0.015962745994329453
3258125056.0,0.015177261084318161
3259062528.0,0.015578197315335274
3260000000.0,0.01714995689690113
3260937472.0,0.020209984853863716
3261874944.0,0.023917818441987038
3262812416.0,0.02820291556417942
3263749888.0,0.032889802008867264
3264687616.0,0.03732187673449516
3265625088.0,0.04179991036653519
3266562560.0,0.046012330800294876
3267500032.0,0.05075203999876976
3268437504.0,0.0538712702691555
3269374976.0,0.05679893121123314
3270312448.0,0.05935628339648247
3271249920.0,0.062403447926044464
3272187392.0,0.06429022550582886
3273125120.0,0.06630076467990875
3274062592.0,0.0683678686618805
3275000064.0,0.06958666443824768
3275937536.0,0.07198168337345123
3276875008.0,0.07280415296554565
3277812480.0,0.0736989974975586
3278749952.0,0.07555650919675827
3279687424.0,0.07628058642148972
3280624896.0,0.07679632306098938
3281562624.0,0.07810534536838531
3282500096.0,0.07781136780977249
3283437568.0,0.07874754071235657
3284375040.0,0.07883671671152115
3285312512.0,0.07877661287784576
3286249984.0,0.0787893608212471
3287187456.0,0.0786115974187851
3288124928.0,0.07844369113445282
3289062400.0,0.07797127962112427
3289999872.0,0.07850100100040436
3290937600.0,0.07800939679145813
3291875072.0,0.07786407321691513
3292812544.0,0.07798880338668823
3293750016.0,0.07874002307653427
3294687488.0,0.07921554893255234
3295624960.0,0.08024051040410995
3296562432.0,0.08099047094583511
3297499904.0,0.0832943469285965
3298437376.0,0.08411810547113419
3299375104.0,0.08615683764219284
3300312576.0,0.08937893807888031
3301250048.0,0.09154389053583145
3302187520.0,0.09492302685976028
3303124992.0,0.09930787235498428
3304062464.0,0.10332512110471725
3304999936.0,0.10751286894083023
3305937408.0,0.11236082762479782
3306874880.0,0.11752251535654068
3307812608.0,0.12985773384571075
3308750080.0,0.1377987563610077
3309687552.0,0.14587324857711792
3310625024.0,0.15370643138885498
3311562496.0,0.16220812499523163
3312499968.0,0.1697642207145691
3313437440.0,0.17745624482631683
3314374912.0,0.18537136912345886
3315312384.0,0.19249126315116882
3316250112.0,0.19908498227596283
3317187584.0,0.20498467981815338
3318125056.0,0.20931565761566162
3319062528.0,0.21365070343017578
3320000000.0,0.21639485657215118
3320937472.0,0.2190244495868683
3321874944.0,0.22017745673656464
3322812416.0,0.22010433673858643
3323749888.0,0.21848291158676147
3324687616.0,0.21664784848690033
3325625088.0,0.2122483104467392
3326562560.0,0.20694072544574738
3327500032.0,0.20143933594226837
3328437504.0,0.19521278142929077
3329374976.0,0.18698152899742126
3330312448.0,0.17719827592372894
3331249920.0,0.1688946634531021
3332187392.0,0.15816131234169006
3333125120.0,0.14748145639896393
3334062592.0,0.1371338665485382
3335000064.0,0.1259242743253708
3335937536.0,0.11491076648235321
3336875008.0,0.10354886949062347
3337812480.0,0.09293214976787567
3338749952.0,0.08345261961221695
3339687424.0,0.07244113832712173
3340624896.0,0.06337278336286545
3341562624.0,0.05404936894774437
3342500096.0,0.04566498473286629
3343437568.0,0.037821024656295776
3344375040.0,0.03150450810790062
3345312512.0,0.02630426175892353
3346249984.0,0.02246668003499508
3347187456.0,0.018959062173962593
3348124928.0,0.01765354909002781
3349062400.0,0.016150247305631638
3350000128.0,0.017311938107013702
3350937600.0,0.019388800486922264
3351875072.0,0.021716469898819923
3352812544.0,0.026069292798638344
3353750016.0,0.031143514439463615
3354687488.0,0.038120515644550323
3355624960.0,0.04478361830115318
3356562432.0,0.05329703539609909
3357499904.0,0.061230823397636414
3358437376.0,0.07032231986522675
3359375104.0,0.07953999191522598
3360312576.0,0.08913125097751617
3361250048.0,0.09940720349550247
3362187520.0,0.10845131427049637
3363124992.0,0.11810210347175598
3364062464.0,0.1276749074459076
3364999936.0,0.1363411247730255
3365937408.0,0.14460527896881104
3366874880.0,0.1517404168844223
3367812608.0,0.03496856242418289
3368750080.0,0.03886491432785988
3369687552.0,0.04214607924222946
3370625024.0,0.04500376433134079
3371562496.0,0.047687970101833344
3372499968.0,0.050330474972724915
3373437440.0,0.051077280193567276
3374374912.0,0.05090092495083809
3375312384.0,0.05050463601946831
3376250112.0,0.04784226417541504
3377187584.0,0.045451682060956955
3378125056.0,0.04160577803850174
3379062528.0,0.036288317292928696
3380000000.0,0.030967479571700096
3380937472.0,0.023971548303961754
3381874944.0,0.016667159274220467
3382812416.0,0.008702700957655907
3383749888.0,-0.0007541594677604735
3384687616.0,-0.010668189264833927
3385625088.0,-0.020903347060084343
3386562560.0,-0.03152536600828171
3387500032.0,-0.04183071106672287
3388437504.0,-0.05359763652086258
3389374976.0,-0.0638507679104805
3390312448.0,-0.07435217499732971
3391249920.0,-0.08469296246767044
3392187392.0,-0.09497085958719254
3393125120.0,-0.10391218960285187
3394062592.0,-0.11291154474020004
3395000064.0,-0.12085796147584915
3395937536.0,-0.12828169763088226
3396875008.0,-0.1348223090171814
3397812480.0,-0.1407947838306427
3398749952.0,-0.1452183723449707
3399687424.0,-0.14940877258777618
3400624896.0,-0.15166659653186798
3401562624.0,-0.15466360747814178
3402500096.0,-0.1549525111913681
3403437568.0,-0.1556471735239029
3404375040.0,-0.15553762018680573
3405312512.0,-0.15549558401107788
3406249984.0,-0.15502718091011047
3407187456.0,-0.15432396531105042
3408124928.0,-0.1530236154794693
3409062400.0,-0.15394076704978943
3409999872.0,-0.15295764803886414
3410937600.0,-0.15188974142074585
3411875072.0,-0.1530143916606903
3412812544.0,-0.1558978110551834
3413750016.0,-0.15821945667266846
3414687488.0,-0.16204795241355896
3415624960.0,-0.1677713394165039
3416562432.0,-0.1740267276763916
3417499904.0,-0.18381623923778534
3418437376.0,-0.1947425752878189
3419375104.0,-0.20800071954727173
3420312576.0,-0.22268971800804138
3421250048.0,-0.2396339327096939
3422187520.0,-0.2581179440021515
3423124992.0,-0.2793866991996765
3424062464.0,-0.30247876048088074
3424999936.0,-0.326945960521698
3425937408.0,-0.35411950945854187
3426874880.0,-0.3817298114299774
3427812608.0,-0.41258424520492554
3428750080.0,-0.4407276511192322
3429687552.0,-0.46943703293800354
3430625024.0,-0.49829405546188354
3431562496.0,-0.5253577828407288
3432499968.0,-0.5539133548736572
3433437440.0,-0.581752359867096
3434374912.0,-0.6094505786895752
3435312384.0,-0.6361263990402222
3436250112.0,-0.662161648273468
3437187584.0,-0.6895720362663269
3438125056.0,-0.717454195022583
3439062528.0,-0.7453988790512085
3440000000.0,-0.774522602558136
3440937472.0,-0.8046956062316895
3441874944.0,-0.8363416194915771
3442812416.0,-0.8713954091072083
3443749888.0,-0.9073161482810974
3444687616.0,-0.9476385712623596
3445625088.0,-0.9903363585472107
3446562560.0,-1.0350909233093262
3447500032.0,-1.0838717222213745
3448437504.0,-1.1341971158981323
3449374976.0,-1.1880810260772705
3450312448.0,-1.244744896888733
3451249920.0,-1.303961157798767
3452187392.0,-1.3632447719573975
3453125120.0,-1.422401785850525
3454062592.0,-1.4837337732315063
3455000064.0,-1.544217824935913
3455937536.0,-1.6045299768447876
3456875008.0,-1.6632558107376099
3457812480.0,-1.7186248302459717
3458749952.0,-1.7704890966415405
3459687424.0,-1.818813681602478
3460624896.0,-1.8589704036712646
3461562624.0,-1.8922157287597656
3462500096.0,-1.9180933237075806
3463437568.0,-1.9378327131271362
3464375040.0,-1.948979139328003
3465312512.0,-1.9517338275909424
3466249984.0,-1.9460088014602661
3467187456.0,-1.9334529638290405
3468124928.0,-1.915664553642273
3469062400.0,-1.8916484117507935
3470000128.0,-1.8644641637802124
3470937600.0,-1.8323367834091187
3471875072.0,-1.7957390546798706
3472812544.0,-1.7534151077270508
3473750016.0,-1.707956075668335
3474687488.0,-1.6582293510437012
3475624960.0,-1.6060634851455688
3476562432.0,-1.5527844429016113
3477499904.0,-1.4986109733581543
3478437376.0,-1.4432597160339355
3479375104.0,-1.3902251720428467
3480312576.0,-1.3406565189361572
3481250048.0,-1.2944345474243164
3482187520.0,-1.248215675354004
3483124992.0,-1.2020208835601807
3484062464.0,-1.1577694416046143
3484999936.0,-1.1153713464736938
3485937408.0,-1.0721802711486816
3486874880.0,-1.0328166484832764
3487812608.0,-1.027335286140442
3488750080.0,-0.9903499484062195
3489687552.0,-0.9541946649551392
3490625024.0,-0.9199826717376709
3491562496.0,-0.8875376582145691
3492499968.0,-0.8563616871833801
3493437440.0,-0.828000545501709
3494374912.0,-0.8014395833015442
3495312384.0,-0.7767725586891174
3496250112.0,-0.7545261979103088
3497187584.0,-0.7340817451477051
3498125056.0,-0.7149863243103027
3499062528.0,-0.6974551677703857
3500000000.0,-0.6822789907455444
3500937472.0,-0.6677815318107605
3501874944.0,-0.6547373533248901
3502812416.0,-0.6423888802528381
3503749888.0,-0.6303724646568298
3504687616.0,-0.6181772351264954
3505625088.0,-0.6058446168899536
3506562560.0,-0.5943039059638977
3507500032.0,-0.5814350843429565
3508437504.0,-0.5689176321029663
3509374976.0,-0.5550779700279236
3510312448.0,-0.5424195528030396
3511249920.0,-0.5287466049194336
3512187392.0,-0.5166040658950806
3513125120.0,-0.5038210153579712
3514062592.0,-0.49076324701309204
3515000064.0,-0.47563278675079346
3515937536.0,-0.46008023619651794
3516875008.0,-0.44364023208618164
3517812480.0,-0.42648619413375854
3518749952.0,-0.40877556800842285
3519687424.0,-0.3903255760669708
3520624896.0,-0.3725648820400238
3521562624.0,-0.355314701795578
3522500096.0,-0.33684611320495605
3523437568.0,-0.3177512288093567
3524375040.0,-0.2998373806476593
3525312512.0,-0.2806106507778168
3526249984.0,-0.26203805208206177
3527187456.0,-0.24397635459899902
3528124928.0,-0.22492417693138123
3529062400.0,-0.20752473175525665
3529999872.0,-0.1913825422525406
3530937600.0,-0.17772579193115234
3531875072.0,-0.1648961454629898
3532812544.0,-0.15359915792942047
3533750016.0,-0.14376200735569
3534687488.0,-0.13563911616802216
3535624960.0,-0.1293000876903534
3536562432.0,-0.12372732907533646
3537499904.0,-0.12124448269605637
3538437376.0,-0.11982215195894241
3539375104.0,-0.12102878838777542
3540312576.0,-0.12375470995903015
3541250048.0,-0.1276896446943283
3542187520.0,-0.13396655023097992
3543124992.0,-0.14028841257095337
3544062464.0,-0.1485409140586853
3544999936.0,-0.15770861506462097
3545937408.0,-0.16782613098621368
3546874880.0,-0.17786608636379242
3547812608.0,-0.2095351219177246
3548750080.0,-0.20042788982391357
3549687552.0,-0.1920764297246933
3550625024.0,-0.18279781937599182
3551562496.0,-0.17462927103042603
3552499968.0,-0.1673034280538559
3553437440.0,-0.16150644421577454
3554374912.0,-0.15600454807281494
3555312384.0,-0.15219952166080475
3556250112.0,-0.14734716713428497
3557187584.0,-0.14356529712677002
3558125056.0,-0.14049836993217468
3559062528.0,-0.13760842382907867
3560000000.0,-0.1344219446182251
3560937472.0,-0.13100086152553558
3561874944.0,-0.12751193344593048
3562812416.0,-0.12316825240850449
3563749888.0,-0.12099047750234604
3564687616.0,-0.11761240661144257
3565625088.0,-0.11373656988143921
3566562560.0,-0.11051616072654724
3567500032.0,-0.10762956738471985
3568437504.0,-0.10466507822275162
3569374976.0,-0.1015091985464096
3570312448.0,-0.09900543838739395
3571249920.0,-0.0966293215751648
3572187392.0,-0.09290798008441925
3573125120.0,-0.09121844917535782
3574062592.0,-0.08827140182256699
3575000064.0,-0.08367621898651123
3575937536.0,-0.08062266558408737
3576875008.0,-0.07790409028530121
3577812480.0,-0.07368618249893188
3578749952.0,-0.06952326744794846
3579687424.0,-0.06530335545539856
3580624896.0,-0.061489276587963104
3581562624.0,-0.05750936269760132
3582500096.0,-0.05484681576490402
3583437568.0,-0.051809027791023254
3584375040.0,-0.04915120452642441
3585312512.0,-0.04737637937068939
3586249984.0,-0.04440636560320854
3587187456.0,-0.04329097270965576
3588124928.0,-0.042643092572689056
3589062400.0,-0.041930850595235825
3590000128.0,-0.04172311723232269
3590937600.0,-0.04022836685180664
3591875072.0,-0.04082707315683365
3592812544.0,-0.040323980152606964
3593750016.0,-0.041567716747522354
3594687488.0,-0.042284004390239716
3595624960.0,-0.044810567051172256
3596562432.0,-0.048201318830251694
3597499904.0,-0.05120032653212547
3598437376.0,-0.05432520806789398
3599375104.0,-0.05751248076558113
3600312576.0,-0.05992196500301361
3601250048.0,-0.06377250701189041
3602187520.0,-0.06696031987667084
3603124992.0,-0.07056447863578796
3604062464.0,-0.07309526205062866
3604999936.0,-0.07547581940889359
3605937408.0,-0.0769345685839653
3606874880.0,-0.07868293672800064
3607812608.0,-0.08462408185005188
3608750080.0,-0.08170832693576813
3609687552.0,-0.08149758726358414
3610625024.0,-0.08119367063045502
3611562496.0,-0.08266092836856842
3612499968.0,-0.08180022984743118
3613437440.0,-0.08231678605079651
3614374912.0,-0.08430832624435425
3615312384.0,-0.08438222110271454
3616250112.0,-0.08615387976169586
3617187584.0,-0.08855655789375305
3618125056.0,-0.09009649604558945
3619062528.0,-0.09183323383331299
3620000000.0,-0.09510540962219238
3620937472.0,-0.09687310457229614
3621874944.0,-0.10108304023742676
3622812416.0,-0.10315203666687012
3623749888.0,-0.1053677350282669
3624687616.0,-0.10705346614122391
3625625088.0,-0.10963782668113708
3626562560.0,-0.11156351864337921
3627500032.0,-0.11376705765724182
3628437504.0,-0.11578897386789322
3629374976.0,-0.11701984703540802
3630312448.0,-0.11800802499055862
3631249920.0,-0.11736118048429489
3632187392.0,-0.11608932912349701
3633125120.0,-0.11485201120376587
3634062592.0,-0.11327163130044937
3635000064.0,-0.1093752458691597
3635937536.0,-0.1060565710067749
3636875008.0,-0.10216671973466873
3637812480.0,-0.09647537022829056
3638749952.0,-0.09010997414588928
3639687424.0,-0.08355267345905304
3640624896.0,-0.07632969319820404
3641562624.0,-0.06888972222805023
3642500096.0,-0.06072709709405899
3643437568.0,-0.05319143086671829
3644375040.0,-0.044270630925893784
3645312512.0,-0.03605002909898758
3646249984.0,-0.02808522805571556
3647187456.0,-0.020709123462438583
3648124928.0,-0.011606529355049133
3649062400.0,-0.004152651410549879
3649999872.0,0.003557840595021844
3650937600.0,0.010603167116641998
3651875072.0,0.017672793939709663
3652812544.0,0.024622440338134766
3653750016.0,0.029293760657310486
3654687488.0,0.034542281180620193
3655624960.0,0.038690656423568726
3656562432.0,0.04180118069052696
3657499904.0,0.04508361220359802
3658437376.0,0.046819377690553665
3659375104.0,0.04732673987746239
3660312576.0,0.04751143231987953
3661250048.0,0.04744623601436615
3662187520.0,0.045376844704151154
3663124992.0,0.042605720460414886
3664062464.0,0.03798042610287666
3664999936.0,0.0336507149040699
3665937408.0,0.028078226372599602
3666874880.0,0.02116861753165722
3667812608.0,0.01358036044985056
3668750080.0,0.006890258751809597
3669687552.0,0.0026026377454400063
3670625024.0,-0.002426403807476163
3671562496.0,-0.006864902097731829
3672499968.0,-0.009895584546029568
3673437440.0,-0.012470210902392864
3674374912.0,-0.014508416876196861
3675312384.0,-0.01656884141266346
3676250112.0,-0.01762830652296543
3677187584.0,-0.01762145385146141
3678125056.0,-0.018667956814169884
3679062528.0,-0.018032843247056007
3680000000.0,-0.016113748773932457
3680937472.0,-0.014856161549687386
3681874944.0,-0.013178052380681038
3682812416.0,-0.010890529491007328
3683749888.0,-0.00868908315896988
3684687616.0,-0.007466848939657211
3685625088.0,-0.005166669376194477
3686562560.0,-0.0032279305160045624
3687500032.0,-0.0010018250904977322
3688437504.0,0.0010712172370404005
3689374976.0,0.004663053434342146
3690312448.0,0.00750103872269392
3691249920.0,0.010717745870351791
3692187392.0,0.013505581766366959
3693125120.0,0.015984658151865005
3694062592.0,0.018164638429880142
3695000064.0,0.02113412693142891
3695937536.0,0.02405836246907711
3696875008.0,0.02568203955888748
3697812480.0,0.027794381603598595
3698749952.0,0.029583420604467392
3699687424.0,0.029922423884272575
3700624896.0,0.02988411858677864
3701562624.0,0.030670471489429474
3702500096.0,0.028917888179421425
3703437568.0,0.027103539556264877
3704375040.0,0.02375882677733898
3705312512.0,0.019482040777802467
3706249984.0,0.015414247289299965
3707187456.0,0.007509365677833557
3708124928.0,-0.0014611681690439582
3709062400.0,-0.009682086296379566
3710000128.0,-0.019785629585385323
3710937600.0,-0.030970828607678413
3711875072.0,-0.04494115337729454
3712812544.0,-0.06020607054233551
3713750016.0,-0.07694070786237717
3714687488.0,-0.09459274262189865
3715624960.0,-0.11298095434904099
3716562432.0,-0.13246634602546692
3717499904.0,-0.15243719518184662
3718437376.0,-0.17224960029125214
3719375104.0,-0.19398784637451172
3720312576.0,-0.21444261074066162
3721250048.0,-0.23449939489364624
3722187520.0,-0.25477334856987
3723124992.0,-0.2731688320636749
3724062464.0,-0.29260697960853577
3724999936.0,-0.3089047074317932
3725937408.0,-0.32452401518821716
3726874880.0,-0.3389028310775757
3727812608.0,-0.024200910702347755
3728750080.0,-0.023695990443229675
3729687552.0,-0.02450254000723362
3730625024.0,-0.0274601299315691
3731562496.0,-0.028925377875566483
3732499968.0,-0.031108850613236427
3733437440.0,-0.03464875370264053
3734374912.0,-0.03789577633142471
3735312384.0,-0.0403105765581131
3736250112.0,-0.04327119141817093
3737187584.0,-0.045198459178209305
3738125056.0,-0.04669344052672386
3739062528.0,-0.0472927950322628
3740000000.0,-0.047099869698286057
3740937472.0,-0.04606352373957634
3741874944.0,-0.04418100044131279
3742812416.0,-0.040981583297252655
3743749888.0,-0.0379294827580452
3744687616.0,-0.03472466394305229
3745625088.0,-0.028575295582413673
3746562560.0,-0.022369742393493652
3747500032.0,-0.016060108318924904
3748437504.0,-0.00760546512901783
3749374976.0,0.0007823191699571908
3750312448.0,0.008700654841959476
3751249920.0,0.018452098593115807
3752187392.0,0.028767423704266548
3753125120.0,0.038860391825437546
3754062592.0,0.04995708167552948
3755000064.0,0.06107931211590767
3755937536.0,0.07184618711471558
3756875008.0,0.08218178153038025
3757812480.0,0.0914522260427475
3758749952.0,0.10032056272029877
3759687424.0,0.10794944316148758
3760624896.0,0.11532894521951675
3761562624.0,0.12090419977903366
3762500096.0,0.12607941031455994
3763437568.0,0.1291349232196808
3764375040.0,0.13049599528312683
3765312512.0,0.13059838116168976
3766249984.0,0.12861862778663635
3767187456.0,0.1257844716310501
3768124928.0,0.12131161242723465
3769062400.0,0.11549454182386398
3769999872.0,0.10773377865552902
3770937600.0,0.09858980029821396
3771875072.0,0.09006781131029129
3772812544.0,0.07932478934526443
3773750016.0,0.06866183876991272
3774687488.0,0.057212721556425095
3775624960.0,0.04563479870557785
3776562432.0,0.033406760543584824
3777499904.0,0.020510008558630943
3778437376.0,0.007675244938582182
3779375104.0,-0.00629369355738163
3780312576.0,-0.018281331285834312
3781250048.0,-0.030038828030228615
3782187520.0,-0.04281781241297722
3783124992.0,-0.0523262545466423
3784062464.0,-0.06303886324167252
3784999936.0,-0.07272526621818542
3785937408.0,-0.08141171187162399
3786874880.0,-0.07062079012393951
3787812608.0,-0.07378554344177246
3788750080.0,-0.07685824483633041
3789687552.0,-0.08061891049146652
3790625024.0,-0.08378340303897858
3791562496.0,-0.08709457516670227
3792499968.0,-0.09031820297241211
3793437440.0,-0.09276345372200012
3794374912.0,-0.09524156153202057
3795312384.0,-0.09642469882965088
3796250112.0,-0.09716995805501938
3797187584.0,-0.09777779132127762
3798125056.0,-0.0975513830780983
3799062528.0,-0.09384877234697342
3800000000.0,-0.0916837677359581
3800937472.0,-0.08684787899255753
3801874944.0,-0.08214040845632553
3802812416.0,-0.07602399587631226
3803749888.0,-0.06865165382623672
3804687616.0,-0.06096456199884415
3805625088.0,-0.05307760462164879
3806562560.0,-0.0436520054936409
3807500032.0,-0.03403949365019798
3808437504.0,-0.02473568171262741
3809374976.0,-0.01543669868260622
3810312448.0,-0.00673853512853384
3811249920.0,0.0016494832234457135
3812187392.0,0.009611613117158413
3813125120.0,0.017522623762488365
3814062592.0,0.023943712934851646
3815000064.0,0.030712591484189034
3815937536.0,0.035964515060186386
3816875008.0,0.04227801039814949
3817812480.0,0.047480132430791855
3818749952.0,0.05098150297999382
3819687424.0,0.05381683632731438
3820624896.0,0.05549490451812744
3821562624.0,0.05559617653489113
3822500096.0,0.055607423186302185
3823437568.0,0.05462704971432686
3824375040.0,0.05290105938911438
3825312512.0,0.05089185759425163
3826249984.0,0.04799661412835121
3827187456.0,0.04433894157409668
3828124928.0,0.03979066386818886
3829062400.0,0.03567064553499222
3830000128.0,0.03013370931148529
3830937600.0,0.02498004585504532
3831875072.0,0.01929943636059761
3832812544.0,0.014047092758119106
3833750016.0,0.00771425012499094
3834687488.0,0.0015277598286047578
3835624960.0,-0.004497360438108444
3836562432.0,-0.00966008473187685
3837499904.0,-0.014799026772379875
3838437376.0,-0.020902318879961967
3839375104.0,-0.025152234360575676
3840312576.0,-0.03006862848997116
3841250048.0,-0.033975109457969666
3842187520.0,-0.0385509692132473
3843124992.0,-0.04344897344708443
3844062464.0,-0.04733918234705925
3844999936.0,-0.050854068249464035
3845937408.0,-0.05445194989442825
3846874880.0,-0.05241831764578819
3847812608.0,-0.055099423974752426
3848750080.0,-0.057724397629499435
3849687552.0,-0.05890173837542534
3850625024.0,-0.06049221009016037
3851562496.0,-0.06156205013394356
3852499968.0,-0.06324059516191483
3853437440.0,-0.06399915367364883
3854374912.0,-0.06533452123403549
3855312384.0,-0.06637018918991089
3856250112.0,-0.06669408082962036
3857187584.0,-0.0673312246799469
3858125056.0,-0.0664910152554512
3859062528.0,-0.06567605584859848
3860000000.0,-0.06442613154649734
3860937472.0,-0.06163710355758667
3861874944.0,-0.05898610129952431
3862812416.0,-0.055963195860385895
3863749888.0,-0.05288237705826759
3864687616.0,-0.051784563809633255
3865625088.0,-0.051195405423641205
3866562560.0,-0.05377291142940521
3867500032.0,-0.05739176645874977
3868437504.0,-0.06267882138490677
3869374976.0,-0.06970363855361938
3870312448.0,-0.0791931077837944
3871249920.0,-0.08796052634716034
3872187392.0,-0.10038567334413528
3873125120.0,-0.112044557929039
3874062592.0,-0.12345101684331894
3875000064.0,-0.13521677255630493
3875937536.0,-0.1447952389717102
3876875008.0,-0.15409953892230988
3877812480.0,-0.16312092542648315
3878749952.0,-0.1686038225889206
3879687424.0,-0.17335820198059082
3880624896.0,-0.17731873691082
3881562624.0,-0.17656776309013367
3882500096.0,-0.1758863925933838
3883437568.0,-0.17307941615581512
3884375040.0,-0.16820363700389862
3885312512.0,-0.16147398948669434
3886249984.0,-0.15285710990428925
3887187456.0,-0.1436389684677124
3888124928.0,-0.1328422725200653
3889062400.0,-0.12062395364046097
3889999872.0,-0.10831598937511444
3890937600.0,-0.09656799584627151
3891875072.0,-0.08507681638002396
3892812544.0,-0.07312284409999847
3893750016.0,-0.062444429844617844
3894687488.0,-0.051080040633678436
3895624960.0,-0.041795361787080765
3896562432.0,-0.03419673815369606
3897499904.0,-0.028779223561286926
3898437376.0,-0.02205749601125717
3899375104.0,-0.018406568095088005
3900312576.0,-0.014883128926157951
3901250048.0,-0.011906065046787262
3902187520.0,-0.010254431515932083
3903124992.0,-0.009549546055495739
3904062464.0,-0.008726034313440323
3904999936.0,-0.00782081764191389
3905937408.0,-0.005911641288548708
3906874880.0,-0.016628198325634003
3907812608.0,-0.024382801726460457
3908750080.0,-0.030046552419662476
3909687552.0,-0.03518261760473251
3910625024.0,-0.038392215967178345
3911562496.0,-0.03975601866841316
3912499968.0,-0.04041043668985367
3913437440.0,-0.03804262727499008
3914374912.0,-0.0346921943128109
3915312384.0,-0.028935767710208893
3916250112.0,-0.02203603833913803
3917187584.0,-0.014395116828382015
3918125056.0,-0.005368566606193781
3919062528.0,0.00461016409099102
3920000000.0,0.016153786331415176
3920937472.0,0.027061207219958305
3921874944.0,0.03866337239742279
3922812416.0,0.0493619479238987
3923749888.0,0.058986831456422806
3924687616.0,0.06919445842504501
3925625088.0,0.0780257135629654
3926562560.0,0.08527667820453644
3927500032.0,0.09257379919290543
3928437504.0,0.09895851463079453
3929374976.0,0.10281428694725037
3930312448.0,0.10582973062992096
3931249920.0,0.10738759487867355
3932187392.0,0.10731310397386551
3933125120.0,0.1056307777762413
3934062592.0,0.101351797580719
3935000064.0,0.09663627296686172
3935937536.0,0.09071926772594452
3936875008.0,0.08296359330415726
3937812480.0,0.0741138681769371
3938749952.0,0.06503065675497055
3939687424.0,0.05486174300312996
3940624896.0,0.044114790856838226
3941562624.0,0.03139472380280495
3942500096.0,0.019168507307767868
3943437568.0,0.006278554908931255
3944375040.0,-0.00628579081967473
3945312512.0,-0.020483801141381264
3946249984.0,-0.03393442556262016
3947187456.0,-0.047209978103637695
3948124928.0,-0.059644915163517
3949062400.0,-0.07296331226825714
3950000128.0,-0.08532968163490295
3950937600.0,-0.0960027277469635
3951875072.0,-0.10738275200128555
3952812544.0,-0.116668701171875
3953750016.0,-0.12463220208883286
3954687488.0,-0.13392065465450287
3955624960.0,-0.1410100907087326
3956562432.0,-0.14874063432216644
3957499904.0,-0.15592998266220093
3958437376.0,-0.16235387325286865
3959375104.0,-0.1682482361793518
3960312576.0,-0.17334787547588348
3961250048.0,-0.17958752810955048
3962187520.0,-0.18466076254844666
3963124992.0,-0.1891622096300125
3964062464.0,-0.19401784241199493
3964999936.0,-0.19885151088237762
3965937408.0,-0.2036275416612625
3966874880.0,-0.09394858032464981
3967812608.0,-0.10007881373167038
3968750080.0,-0.10611309111118317
3969687552.0,-0.1107567623257637
3970625024.0,-0.11458680033683777
3971562496.0,-0.11663922667503357
3972499968.0,-0.11846338212490082
3973437440.0,-0.11972550302743912
3974374912.0,-0.11983750015497208
3975312384.0,-0.11964505165815353
3976250112.0,-0.11847098916769028
3977187584.0,-0.1160527691245079
3978125056.0,-0.11355677247047424
3979062528.0,-0.10943225771188736
3980000000.0,-0.10529834777116776
3980937472.0,-0.1001458391547203
3981874944.0,-0.0940769836306572
3982812416.0,-0.08898951858282089
3983749888.0,-0.08274165540933609
3984687616.0,-0.07646453380584717
3985625088.0,-0.0701064020395279
3986562560.0,-0.06578590720891953
3987500032.0,-0.05847229063510895
3988437504.0,-0.05226902291178703
3989374976.0,-0.04733412712812424
3990312448.0,-0.04145004600286484
3991249920.0,-0.0359867699444294
3992187392.0,-0.03175392374396324
3993125120.0,-0.028037944808602333
3994062592.0,-0.024812662973999977
3995000064.0,-0.021757109090685844
3995937536.0,-0.020412767305970192
3996875008.0,-0.020204467698931694
3997812480.0,-0.019986528903245926
3998749952.0,-0.022146327421069145
3999687424.0,-0.02174154482781887
4000624896.0,-0.015086716040968895
4001562624.0,-0.020311499014496803
4002500096.0,-0.025866379961371422
4003437568.0,-0.03274940699338913
4004375040.0,-0.03932575508952141
4005312512.0,-0.046514637768268585
4006249984.0,-0.053123410791158676
4007187456.0,-0.06095457077026367
4008124928.0,-0.07057956606149673
4009062400.0,-0.07822877913713455
4009999872.0,-0.08709028363227844
4010937600.0,-0.09650689363479614
4011875072.0,-0.10438011586666107
4012812544.0,-0.11381909996271133
4013750016.0,-0.12291711568832397
4014687488.0,-0.13216935098171234
4015624960.0,-0.14067961275577545
4016562432.0,-0.14928224682807922
4017499904.0,-0.1566987782716751
4018437376.0,-0.16403256356716156
4019375104.0,-0.17053154110908508
4020312576.0,-0.17679613828659058
4021250048.0,-0.18356920778751373
4022187520.0,-0.18851764500141144
4023124992.0,-0.19267621636390686
4024062464.0,-0.1977081149816513
4024999936.0,-0.20128612220287323
4025937408.0,-0.20533806085586548
4026874880.0,-0.19750051200389862
4027812608.0,-0.19918057322502136
4028750080.0,-0.20231695473194122
4029687552.0,-0.20278486609458923
4030625024.0,-0.20500102639198303
4031562496.0,-0.20606179535388947
4032499968.0,-0.2074369341135025
4033437440.0,-0.2081764042377472
4034374912.0,-0.2102542221546173
4035312384.0,-0.2091740518808365
4036250112.0,-0.209956094622612
4037187584.0,-0.20932884514331818
4038125056.0,-0.2087099254131317
4039062528.0,-0.20840206742286682
4040000000.0,-0.20701655745506287
4040937472.0,-0.2049623280763626
4041874944.0,-0.20341667532920837
4042812416.0,-0.20000852644443512
4043749888.0,-0.19641143083572388
4044687616.0,-0.19237487018108368
4045625088.0,-0.18780331313610077
4046562560.0,-0.18216770887374878
4047500032.0,-0.17652980983257294
4048437504.0,-0.16846781969070435
4049374976.0,-0.15915559232234955
4050312448.0,-0.14880876243114471
4051249920.0,-0.13819590210914612
4052187392.0,-0.12767836451530457
4053125120.0,-0.11685219407081604
4054062592.0,-0.10412425547838211
4055000064.0,-0.09345965087413788
4055937536.0,-0.08117147535085678
4056875008.0,-0.07072325795888901
4057812480.0,-0.05795485898852348
4058749952.0,-0.0458868034183979
4059687424.0,-0.03448463976383209
4060624896.0,-0.023414568975567818
4061562624.0,-0.011727951467037201
4062500096.0,-0.0013938447227701545
4063437568.0,0.008218945004045963
4064375040.0,0.016549840569496155
4065312512.0,0.023747481405735016
4066249984.0,0.02980905957520008
4067187456.0,0.03566136211156845
4068124928.0,0.04031510278582573
4069062400.0,0.04349827393889427
4070000128.0,0.04443253204226494
4070937600.0,0.04477435722947121
4071875072.0,0.04230866581201553
4072812544.0,0.039935141801834106
4073750016.0,0.03690939396619797
4074687488.0,0.03359276428818703
4075624960.0,0.027696385979652405
4076562432.0,0.0219986941665411
4077499904.0,0.014841797761619091
4078437376.0,0.007914518006145954
4079375104.0,-0.0005859359516762197
4080312576.0,-0.009230563417077065
4081250048.0,-0.018635470420122147
4082187520.0,-0.02930985577404499
4083124992.0,-0.03962421044707298
4084062464.0,-0.05055690184235573
4084999936.0,-0.060448937118053436
4085937408.0,-0.06929930299520493
4086874880.0,-0.09465595334768295
4087812608.0,-0.09957797825336456
4088750080.0,-0.10566996783018112
4089687552.0,-0.11010568588972092
4090625024.0,-0.11357872933149338
4091562496.0,-0.11585430055856705
4092499968.0,-0.11752564460039139
4093437440.0,-0.11894098669290543
4094374912.0,-0.12117232382297516
4095312384.0,-0.12218687683343887
4096250112.0,-0.12495541572570801
4097187584.0,-0.12587203085422516
4098125056.0,-0.12566925585269928
4099062528.0,-0.127857968211174
4100000000.0,-0.1283997893333435
4100937472.0,-0.13096557557582855
4101874944.0,-0.13188450038433075
4102812416.0,-0.13336044549942017
4103749888.0,-0.13518069684505463
4104687616.0,-0.1364930123090744
4105625088.0,-0.13918724656105042
4106562560.0,-0.1409233808517456
4107500032.0,-0.14252422749996185
4108437504.0,-0.14381776750087738
4109374976.0,-0.14480029046535492
4110312448.0,-0.14604543149471283
4111249920.0,-0.145994633436203
4112187392.0,-0.14720410108566284
4113125120.0,-0.1471165269613266
4114062592.0,-0.14669105410575867
4115000064.0,-0.14536899328231812
4115937536.0,-0.1443714201450348
4116875008.0,-0.14281843602657318
4117812480.0,-0.14032286405563354
4118749952.0,-0.13782325387001038
4119687424.0,-0.1354755312204361
4120624896.0,-0.1317136436700821
4121562624.0,-0.12827134132385254
4122500096.0,-0.12336351722478867
4123437568.0,-0.11971045285463333
4124375040.0,-0.11491166055202484
4125312512.0,-0.11142387986183167
4126249984.0,-0.10770294815301895
4127187456.0,-0.10323947668075562
4128124928.0,-0.09885061532258987
4129062400.0,-0.09605410695075989
4129999872.0,-0.0918779969215393
4130937600.0,-0.08749265223741531
4131875072.0,-0.08412900567054749
4132812544.0,-0.08057969808578491
4133750016.0,-0.07646385580301285
4134687488.0,-0.07252074778079987
4135624960.0,-0.06886627525091171
4136562432.0,-0.06539036333560944
4137499904.0,-0.0625399649143219
4138437376.0,-0.06045282632112503
4139375104.0,-0.058932945132255554
4140312576.0,-0.05731158331036568
4141250048.0,-0.05475547909736633
4142187520.0,-0.0531512051820755
4143124992.0,-0.05281107500195503
4144062464.0,-0.05169198289513588
4144999936.0,-0.050547853112220764
4145937408.0,-0.04838993400335312
4146874880.0,-0.08908644318580627
4147812608.0,-0.09057203680276871
4148750080.0,-0.09046311676502228
4149687552.0,-0.09114459902048111
4150625024.0,-0.09073828905820847
4151562496.0,-0.08989541977643967
4152499968.0,-0.088640958070755
4153437440.0,-0.08662186563014984
4154374912.0,-0.08361035585403442
4155312384.0,-0.07962600141763687
4156250112.0,-0.07497741281986237
4157187584.0,-0.0709119439125061
4158125056.0,-0.06613548845052719
4159062528.0,-0.0625254213809967
4160000000.0,-0.05688875541090965
4160937472.0,-0.05342445895075798
4161874944.0,-0.04840661585330963
4162812416.0,-0.04399456828832626
4163749888.0,-0.039857443422079086
4164687616.0,-0.03542320057749748
4165625088.0,-0.03305406868457794
4166562560.0,-0.030511517077684402
4167500032.0,-0.028918666765093803
4168437504.0,-0.028255298733711243
4169374976.0,-0.02906005084514618
4170312448.0,-0.029393937438726425
4171249920.0,-0.0311207827180624
4172187392.0,-0.033397819846868515
4173125120.0,-0.036101341247558594
4174062592.0,-0.03894835710525513
4175000064.0,-0.04270714893937111
4175937536.0,-0.04669972136616707
4176875008.0,-0.0513303168118
4177812480.0,-0.055167585611343384
4178749952.0,-0.06091076135635376
4179687424.0,-0.06611981242895126
4180624896.0,-0.07037783414125443
4181562624.0,-0.07666124403476715
4182500096.0,-0.08246784657239914
4183437568.0,-0.08800113201141357
4184375040.0,-0.09189242124557495
4185312512.0,-0.09740982949733734
4186249984.0,-0.10247258096933365
4187187456.0,-0.10546666383743286
4188124928.0,-0.10944990813732147
4189062400.0,-0.11160052567720413
4190000128.0,-0.11510586738586426
4190937600.0,-0.1185610368847847
4191875072.0,-0.12156140804290771
4192812544.0,-0.12494435906410217
4193750016.0,-0.12843559682369232
4194687488.0,-0.13072146475315094
4195624960.0,-0.13431322574615479
4196562432.0,-0.1380031853914261
4197499904.0,-0.14233516156673431
4198437376.0,-0.1463276445865631
4199375104.0,-0.15111199021339417
4200312576.0,-0.1565435379743576
4201250048.0,-0.16206097602844238
4202187520.0,-0.16723127663135529
4203124992.0,-0.1718614101409912
4204062464.0,-0.1772373616695404
4204999936.0,-0.1817832738161087
4205937408.0,-0.1866607517004013
4206874880.0,-0.17638249695301056
4207812608.0,-0.1823531985282898
4208750080.0,-0.18639418482780457
4209687552.0,-0.19180023670196533
4210625024.0,-0.19610239565372467
4211562496.0,-0.19898362457752228
4212499968.0,-0.20260374248027802
4213437440.0,-0.2032375931739807
4214374912.0,-0.20268726348876953
4215312384.0,-0.2019074410200119
4216250112.0,-0.19978584349155426
4217187584.0,-0.19635672867298126
4218125056.0,-0.19095231592655182
4219062528.0,-0.1851225197315216
4220000000.0,-0.17812491953372955
4220937472.0,-0.16855131089687347
4221874944.0,-0.15955419838428497
4222812416.0,-0.14742237329483032
4223749888.0,-0.13360442221164703
4224687616.0,-0.12023238837718964
4225625088.0,-0.10587380081415176
4226562560.0,-0.08962054550647736
4227500032.0,-0.07299288362264633
4228437504.0,-0.056747689843177795
4229374976.0,-0.039879921823740005
4230312448.0,-0.02259364165365696
4231249920.0,-0.00479058688506484
4232187392.0,0.010969345457851887
4233125120.0,0.02718045562505722
4234062592.0,0.041881997138261795
4235000064.0,0.0574636235833168
4235937536.0,0.07283388823270798
4236875008.0,0.08631620556116104
4237812480.0,0.09897006303071976
4238749952.0,0.11008469760417938
4239687424.0,0.12031913548707962
4240624896.0,0.1291591376066208
4241562624.0,0.1361061930656433
4242500096.0,0.14119555056095123
4243437568.0,0.14491216838359833
4244375040.0,0.14649677276611328
4245312512.0,0.14641010761260986
4246249984.0,0.14526239037513733
4247187456.0,0.1420179009437561
4248124928.0,0.13754865527153015
4249062400.0,0.1313452124595642
4249999872.0,0.12308821827173233
4250937600.0,0.11346526443958282
4251875072.0,0.101919986307621
4252812544.0,0.08879565447568893
4253750016.0,0.07366602122783661
4254687488.0,0.056688982993364334
4255624960.0,0.03961266949772835
4256562432.0,0.020649349316954613
4257499904.0,0.0020990001503378153
4258437376.0,-0.01910296268761158
4259375104.0,-0.04037616029381752
4260312576.0,-0.062723308801651
4261250048.0,-0.0849689245223999
4262187520.0,-0.10697819292545319
4263124992.0,-0.12911084294319153
4264062464.0,-0.15232665836811066
4264999936.0,-0.17414306104183197
4265937408.0,-0.19431081414222717
4266874880.0,-0.20614558458328247
4267812608.0,-0.21506953239440918
4268750080.0,-0.22307394444942474
4269687552.0,-0.2311653345823288
4270625024.0,-0.2379012107849121
4271562496.0,-0.24400371313095093
4272499968.0,-0.24984344840049744
4273437440.0,-0.25355419516563416
4274374912.0,-0.25651833415031433
4275312384.0,-0.2570115923881531
4276250112.0,-0.25691959261894226
4277187584.0,-0.2534309923648834
4278125056.0,-0.24879759550094604
4279062528.0,-0.2404361516237259
4280000000.0,-0.23192079365253448
4280937472.0,-0.21998535096645355
4281874944.0,-0.20535853505134583
4282812416.0,-0.19037890434265137
4283749888.0,-0.17281121015548706
4284687616.0,-0.15470674633979797
4285625088.0,-0.13501419126987457
4286562560.0,-0.11377660930156708
4287500032.0,-0.09132248163223267
4288437504.0,-0.0686161071062088
4289374976.0,-0.044299133121967316
4290312448.0,-0.019872818142175674
4291249920.0,0.004495530389249325
4292187392.0,0.028559351339936256
4293125120.0,0.05125826969742775
4294062592.0,0.07283960282802582
4295000064.0,0.0937558189034462
4295937536.0,0.11186926066875458
4296875008.0,0.12860321998596191
4297812480.0,0.14470471441745758
4298749952.0,0.15832427144050598
4299687424.0,0.168550044298172
4300624896.0,0.17721542716026306
4301562368.0,0.1835448294878006
4302499840.0,0.1863291710615158
4303437312.0,0.18789376318454742
4304374784.0,0.18530096113681793
4305312256.0,0.1812978833913803
4306250240.0,0.1754988729953766
4307187712.0,0.16662108898162842
4308125184.0,0.15561923384666443
4309062656.0,0.14302648603916168
4310000128.0,0.12795747816562653
4310937600.0,0.11245710402727127
4311875072.0,0.0956231951713562
4312812544.0,0.07678729295730591
4313750016.0,0.058485254645347595
4314687488.0,0.039023131132125854
4315624960.0,0.018140533939003944
4316562432.0,-0.001951245591044426
4317499904.0,-0.022202497348189354
4318437376.0,-0.04190012440085411
4319374848.0,-0.06150247901678085
4320312320.0,-0.08016261458396912
4321249792.0,-0.09836582839488983
4322187264.0,-0.11488427966833115
4323125248.0,-0.1305043250322342
4324062720.0,-0.1438724249601364
4325000192.0,-0.15680208802223206
4325937664.0,-0.16856615245342255
4326875136.0,-0.22581389546394348
4327812608.0,-0.2256024330854416
4328750080.0,-0.2236035168170929
4329687552.0,-0.2193039506673813
4330625024.0,-0.21436883509159088
4331562496.0,-0.20738814771175385
4332499968.0,-0.20072215795516968
4333437440.0,-0.19210469722747803
4334374912.0,-0.18439678847789764
4335312384.0,-0.17490099370479584
4336249856.0,-0.1655583679676056
4337187328.0,-0.15709103643894196
4338124800.0,-0.14806990325450897
4339062272.0,-0.14013952016830444
4339999744.0,-0.13218343257904053
4340937728.0,-0.12447359412908554
4341875200.0,-0.11879624426364899
4342812672.0,-0.11307508498430252
4343750144.0,-0.1071787178516388
4344687616.0,-0.10213775187730789
4345625088.0,-0.09890288859605789
4346562560.0,-0.09437239170074463
4347500032.0,-0.09212585538625717
4348437504.0,-0.09026625007390976
4349374976.0,-0.08806866407394409
4350312448.0,-0.08761727809906006
4351249920.0,-0.08713507652282715
4352187392.0,-0.08707290142774582
4353124864.0,-0.08671709895133972
4354062336.0,-0.08853844553232193
4354999808.0,-0.0890151634812355
4355937280.0,-0.09134970605373383
4356874752.0,-0.09389417618513107
4357812736.0,-0.0964663103222847
4358750208.0,-0.09945377707481384
4359687680.0,-0.10341697186231613
4360625152.0,-0.10646132379770279
4361562624.0,-0.1098281741142273
4362500096.0,-0.11349602043628693
4363437568.0,-0.11613727360963821
4364375040.0,-0.11812422424554825
4365312512.0,-0.12191455066204071
4366249984.0,-0.12519221007823944
4367187456.0,-0.1275618076324463
4368124928.0,-0.1310746967792511
4369062400.0,-0.13506656885147095
4369999872.0,-0.1386462152004242
4370937344.0,-0.14190633594989777
4371874816.0,-0.1467687338590622
4372812288.0,-0.1503123641014099
4373749760.0,-0.15426592528820038
4374687744.0,-0.15912605822086334
4375625216.0,-0.16415798664093018
4376562688.0,-0.16958649456501007
4377500160.0,-0.17479856312274933
4378437632.0,-0.18192337453365326
4379375104.0,-0.18829189240932465
4380312576.0,-0.19607485830783844
4381250048.0,-0.20384222269058228
4382187520.0,-0.21305549144744873
4383124992.0,-0.22271205484867096
4384062464.0,-0.23148193955421448
4384999936.0,-0.2420070320367813
4385937408.0,-0.252582848072052
4386874880.0,-0.32280510663986206
4387812352.0,-0.33190321922302246
4388749824.0,-0.3371436893939972
4389687296.0,-0.3424852788448334
4390624768.0,-0.34462010860443115
4391562752.0,-0.34717535972595215
4392500224.0,-0.3478671610355377
4393437696.0,-0.3479446768760681
4394375168.0,-0.34462183713912964
4395312640.0,-0.34020814299583435
4396250112.0,-0.3333417773246765
4397187584.0,-0.3243721127510071
4398125056.0,-0.31279876828193665
4399062528.0,-0.30021926760673523
4400000000.0,-0.2870078384876251
4400937472.0,-0.2725485563278198
4401874944.0,-0.25685083866119385
4402812416.0,-0.24115154147148132
4403749888.0,-0.22397743165493011
4404687360.0,-0.20542368292808533
4405624832.0,-0.18694928288459778
4406562304.0,-0.16676153242588043
4407499776.0,-0.14890150725841522
4408437248.0,-0.13035544753074646
4409375232.0,-0.1148611307144165
4410312704.0,-0.09743072092533112
4411250176.0,-0.08304616808891296
4412187648.0,-0.0693657323718071
4413125120.0,-0.05864102393388748
4414062592.0,-0.04863996058702469
4415000064.0,-0.04093484207987785
4415937536.0,-0.035829052329063416
4416875008.0,-0.032810814678668976
4417812480.0,-0.03258419409394264
4418749952.0,-0.033724185079336166
4419687424.0,-0.038371242582798004
4420624896.0,-0.04480753466486931
4421562368.0,-0.0529073029756546
4422499840.0,-0.06386949121952057
4423437312.0,-0.07667636126279831
4424374784.0,-0.0903560221195221
4425312256.0,-0.10665174573659897
4426250240.0,-0.12398385256528854
4427187712.0,-0.14227938652038574
4428125184.0,-0.16187633574008942
4429062656.0,-0.18407152593135834
4430000128.0,-0.20410367846488953
4430937600.0,-0.22682379186153412
4431875072.0,-0.2498324066400528
4432812544.0,-0.273764967918396
4433750016.0,-0.2986145317554474
4434687488.0,-0.3234739303588867
4435624960.0,-0.34713053703308105
4436562432.0,-0.371754914522171
4437499904.0,-0.39475810527801514
4438437376.0,-0.4166357219219208
4439374848.0,-0.43647852540016174
4440312320.0,-0.45553985238075256
4441249792.0,-0.4731999337673187
4442187264.0,-0.4891398549079895
4443125248.0,-0.5032820105552673
4444062720.0,-0.5166236162185669
4445000192.0,-0.5255392789840698
4445937664.0,-0.5332108736038208
4446875136.0,-0.5422307252883911
4447812608.0,-0.5485472083091736
4448750080.0,-0.5518103837966919
4449687552.0,-0.554122805595398
4450625024.0,-0.553745448589325
4451562496.0,-0.5522317886352539
4452499968.0,-0.5488057732582092
4453437440.0,-0.5427741408348083
4454374912.0,-0.5361840128898621
4455312384.0,-0.5258557200431824
4456249856.0,-0.5152484774589539
4457187328.0,-0.5013706684112549
4458124800.0,-0.4879096448421478
4459062272.0,-0.47209417819976807
4460000256.0,-0.45611435174942017
4460937728.0,-0.4387703537940979
4461875200.0,-0.42046403884887695
4462812672.0,-0.40435484051704407
4463750144.0,-0.38730859756469727
4464687616.0,-0.3718230426311493
4465625088.0,-0.3545525074005127
4466562560.0,-0.33974894881248474
4467500032.0,-0.3255979120731354
4468437504.0,-0.3122851848602295
4469374976.0,-0.30024105310440063
4470312448.0,-0.2886657416820526
4471249920.0,-0.277601957321167
4472187392.0,-0.2689160704612732
4473124864.0,-0.2620972692966461
4474062336.0,-0.2573246955871582
4474999808.0,-0.25342968106269836
4475937280.0,-0.2528652846813202
4476874752.0,-0.253100723028183
4477812736.0,-0.25662192702293396
4478750208.0,-0.26101142168045044
4479687680.0,-0.26944634318351746
4480625152.0,-0.2793302536010742
4481562624.0,-0.2912748456001282
4482500096.0,-0.3048672378063202
4483437568.0,-0.3208650052547455
4484375040.0,-0.3393927812576294
4485312512.0,-0.360300213098526
4486249984.0,-0.38284945487976074
4487187456.0,-0.4080204367637634
4488124928.0,-0.4340325891971588
4489062400.0,-0.46268409490585327
4489999872.0,-0.49271246790885925
4490937344.0,-0.5241219401359558
4491874816.0,-0.5562998056411743
4492812288.0,-0.589293360710144
4493749760.0,-0.62356036901474
4494687744.0,-0.6576934456825256
4495625216.0,-0.6921268105506897
4496562688.0,-0.724919855594635
4497500160.0,-0.7574219107627869
4498437632.0,-0.7865117788314819
4499375104.0,-0.8150191903114319
4500312576.0,-0.8433608412742615
4501250048.0,-0.8699910044670105
4502187520.0,-0.8944028615951538
4503124992.0,-0.9179331660270691
4504062464.0,-0.9398830533027649
4504999936.0,-0.9590840935707092
4505937408.0,-0.9770714640617371
4506874880.0,-0.9410785436630249
4507812352.0,-0.9550282955169678
4508749824.0,-0.9674816727638245
4509687296.0,-0.9776964783668518
4510624768.0,-0.9840124249458313
4511562752.0,-0.9870814085006714
4512500224.0,-0.987569272518158
4513437696.0,-0.9832515120506287
4514375168.0,-0.9777798652648926
4515312640.0,-0.9718687534332275
4516250112.0,-0.9630128145217896
4517187584.0,-0.952499508857727
4518125056.0,-0.9400209188461304
4519062528.0,-0.9273529648780823
4520000000.0,-0.9123337864875793
4520937472.0,-0.8961037993431091
4521874944.0,-0.8785752654075623
4522812416.0,-0.8614746928215027
4523749888.0,-0.844392716884613
4524687360.0,-0.8298692107200623
4525624832.0,-0.8167122006416321
4526562304.0,-0.8054159879684448
4527499776.0,-0.7948967218399048
4528437248.0,-0.7871383428573608
4529375232.0,-0.7816431522369385
4530312704.0,-0.7778424620628357
4531250176.0,-0.7773451209068298
4532187648.0,-0.7796730399131775
4533125120.0,-0.7857037782669067
4534062592.0,-0.7936605215072632
4535000064.0,-0.8065422773361206
4535937536.0,-0.8207074999809265
4536875008.0,-0.8378729224205017
4537812480.0,-0.858521580696106
4538749952.0,-0.8837249875068665
4539687424.0,-0.9100343585014343
4540624896.0,-0.9404240250587463
4541562368.0,-0.9745486974716187
4542499840.0,-1.0131009817123413
4543437312.0,-1.0546504259109497
4544374784.0,-1.1002905368804932
4545312256.0,-1.1498929262161255
4546250240.0,-1.2014650106430054
4547187712.0,-1.2545793056488037
4548125184.0,-1.3092319965362549
4549062656.0,-1.367923617362976
4550000128.0,-1.4288212060928345
4550937600.0,-1.4921865463256836
4551875072.0,-1.5602576732635498
4552812544.0,-1.6269150972366333
4553750016.0,-1.6954240798950195
4554687488.0,-1.7655175924301147
4555624960.0,-1.8367841243743896
4556562432.0,-1.9074052572250366
4557499904.0,-1.978715181350708
4558437376.0,-2.0493545532226562
4559374848.0,-2.1185874938964844
4560312320.0,-2.189624071121216
4561249792.0,-2.2567193508148193
4562187264.0,-2.322432518005371
4563125248.0,-2.387070894241333
4564062720.0,-2.450119733810425
4565000192.0,-2.5124189853668213
4565937664.0,-2.5766074657440186
4566875136.0,-2.4525718688964844
4567812608.0,-2.4908814430236816
4568750080.0,-2.527071952819824
4569687552.0,-2.5611772537231445
4570625024.0,-2.5920469760894775
4571562496.0,-2.6196601390838623
4572499968.0,-2.6450655460357666
4573437440.0,-2.6714439392089844
4574374912.0,-2.6977651119232178
4575312384.0,-2.7276129722595215
4576249856.0,-2.7576611042022705
4577187328.0,-2.7902984619140625
4578124800.0,-2.8235721588134766
4579062272.0,-2.858114004135132
4579999744.0,-2.8942582607269287
4580937728.0,-2.930475950241089
4581875200.0,-2.9676530361175537
4582812672.0,-3.0015194416046143
4583750144.0,-3.0357439517974854
4584687616.0,-3.0667667388916016
4585625088.0,-3.0995495319366455
4586562560.0,-3.1328771114349365
4587500032.0,-3.1688363552093506
4588437504.0,-3.2028441429138184
4589374976.0,-3.2391886711120605
4590312448.0,-3.27535080909729
4591249920.0,-3.3127799034118652
4592187392.0,-3.352442741394043
4593124864.0,-3.393300771713257
4594062336.0,-3.4360766410827637
4594999808.0,-3.4795286655426025
4595937280.0,-3.5225610733032227
4596874752.0,-3.5645458698272705
4597812736.0,-3.608121633529663
4598750208.0,-3.6535377502441406
4599687680.0,-3.7020246982574463
4600625152.0,-3.756434202194214
4601562624.0,-3.811159610748291
4602500096.0,-3.866077184677124
4603437568.0,-3.918027400970459
4604375040.0,-3.9662814140319824
4605312512.0,-4.015989303588867
4606249984.0,-4.06202507019043
4607187456.0,-4.109358787536621
4608124928.0,-4.154233932495117
4609062400.0,-4.1956610679626465
4609999872.0,-4.235657691955566
4610937344.0,-4.272719860076904
4611874816.0,-4.308432579040527
4612812288.0,-4.344038486480713
4613749760.0,-4.3765363693237305
4614687744.0,-4.405600070953369
4615625216.0,-4.430864334106445
4616562688.0,-4.450526714324951
4617500160.0,-4.46606969833374
4618437632.0,-4.476972579956055
4619375104.0,-4.486328601837158
4620312576.0,-4.4927144050598145
4621250048.0,-4.494554042816162
4622187520.0,-4.492040157318115
4623124992.0,-4.479531764984131
4624062464.0,-4.464693069458008
4624999936.0,-4.448217868804932
4625937408.0,-4.429401397705078
4626874880.0,-4.586525917053223
4627812352.0,-4.538633346557617
4628749824.0,-4.485923767089844
4629687296.0,-4.426154613494873
4630624768.0,-4.356260776519775
4631562752.0,-4.281215667724609
4632500224.0,-4.198727607727051
4633437696.0,-4.110401153564453
4634375168.0,-4.019099235534668
4635312640.0,-3.927435874938965
4636250112.0,-3.832822322845459
4637187584.0,-3.7372069358825684
4638125056.0,-3.6380600929260254
4639062528.0,-3.5375137329101562
4640000000.0,-3.4326696395874023
4640937472.0,-3.323754072189331
4641874944.0,-3.2137370109558105
4642812416.0,-3.1019539833068848
4643749888.0,-2.989819049835205
4644687360.0,-2.8812973499298096
4645624832.0,-2.775362253189087
4646562304.0,-2.6693925857543945
4647499776.0,-2.566951036453247
4648437248.0,-2.468777656555176
4649375232.0,-2.373342990875244
4650312704.0,-2.282050132751465
4651250176.0,-2.1938815116882324
4652187648.0,-2.1099748611450195
4653125120.0,-2.0308480262756348
4654062592.0,-1.9553675651550293
4655000064.0,-1.883394718170166
4655937536.0,-1.815819263458252
4656875008.0,-1.7509076595306396
4657812480.0,-1.6894294023513794
4658749952.0,-1.632585883140564
4659687424.0,-1.5798194408416748
4660624896.0,-1.5323140621185303
4661562368.0,-1.4914748668670654
4662499840.0,-1.456871747970581
4663437312.0,-1.4263516664505005
4664374784.0,-1.4012742042541504
4665312256.0,-1.3796390295028687
4666250240.0,-1.3614860773086548
4667187712.0,-1.3450003862380981
4668125184.0,-1.3310998678207397
4669062656.0,-1.3193727731704712
4670000128.0,-1.309476375579834
4670937600.0,-1.3004345893859863
4671875072.0,-1.2933958768844604
4672812544.0,-1.287044882774353
4673750016.0,-1.2801055908203125
4674687488.0,-1.2728478908538818
4675624960.0,-1.2646644115447998
4676562432.0,-1.2560911178588867
4677499904.0,-1.2464842796325684
4678437376.0,-1.2359875440597534
4679374848.0,-1.2218221426010132
4680312320.0,-1.2062252759933472
4681249792.0,-1.1898829936981201
4682187264.0,-1.171531319618225
4683125248.0,-1.1505786180496216
4684062720.0,-1.1312353610992432
4685000192.0,-1.1091800928115845
4685937664.0,-1.0858266353607178
4686875136.0,-1.0857043266296387
4687812608.0,-1.062528371810913
4688750080.0,-1.0362628698349
4689687552.0,-1.0094785690307617
4690625024.0,-0.9815855026245117
4691562496.0,-0.9532840251922607
4692499968.0,-0.9235574007034302
4693437440.0,-0.8935559988021851
4694374912.0,-0.8639460802078247
4695312384.0,-0.8318493366241455
4696249856.0,-0.7997164726257324
4697187328.0,-0.7670495510101318
4698124800.0,-0.7326329350471497
4699062272.0,-0.6977838277816772
4700000256.0,-0.6639246940612793
4700937728.0,-0.6310487389564514
4701875200.0,-0.5977664589881897
4702812672.0,-0.565696120262146
4703750144.0,-0.5351648330688477
4704687616.0,-0.5057225823402405
4705625088.0,-0.4774647653102875
4706562560.0,-0.45098677277565
4707500032.0,-0.4257740080356598
4708437504.0,-0.4016745984554291
4709374976.0,-0.37933623790740967
4710312448.0,-0.3587782680988312
4711249920.0,-0.3401510715484619
4712187392.0,-0.3232215940952301
4713124864.0,-0.30622443556785583
4714062336.0,-0.29274260997772217
4714999808.0,-0.2809320092201233
4715937280.0,-0.2715773284435272
4716874752.0,-0.26489973068237305
4717812736.0,-0.2594136595726013
4718750208.0,-0.2563864588737488
4719687680.0,-0.2552676200866699
4720625152.0,-0.25539854168891907
4721562624.0,-0.2592279314994812
4722500096.0,-0.2627412676811218
4723437568.0,-0.2692192792892456
4724375040.0,-0.2767981290817261
4725312512.0,-0.2863171100616455
4726249984.0,-0.2968253195285797
4727187456.0,-0.30905699729919434
4728124928.0,-0.3238142430782318
4729062400.0,-0.33910277485847473
4729999872.0,-0.3537122905254364
4730937344.0,-0.37161049246788025
4731874816.0,-0.3897036612033844
4732812288.0,-0.40846213698387146
4733749760.0,-0.42715123295783997
4734687744.0,-0.445463627576828
4735625216.0,-0.4641021490097046
4736562688.0,-0.4824869632720947
4737500160.0,-0.4998305141925812
4738437632.0,-0.5169980525970459
4739375104.0,-0.5334679484367371
4740312576.0,-0.5491070747375488
4741250048.0,-0.5630648136138916
4742187520.0,-0.5759493112564087
4743124992.0,-0.5873474478721619
4744062464.0,-0.5975314974784851
4744999936.0,-0.606679379940033
4745937408.0,-0.6150057911872864
4746874880.0,-0.4314868152141571
4747812352.0,-0.43207618594169617
4748749824.0,-0.4311247169971466
4749687296.0,-0.43011122941970825
4750624768.0,-0.42753326892852783
4751562752.0,-0.42480090260505676
4752500224.0,-0.42265230417251587
4753437696.0,-0.41833749413490295
4754375168.0,-0.4142037630081177
4755312640.0,-0.4105442464351654
4756250112.0,-0.4055849015712738
4757187584.0,-0.3997068703174591
4758125056.0,-0.3947890102863312
4759062528.0,-0.3891002833843231
4760000000.0,-0.3819388151168823
4760937472.0,-0.3747396171092987
4761874944.0,-0.36784347891807556
4762812416.0,-0.3590506613254547
4763749888.0,-0.34947913885116577
4764687360.0,-0.340208500623703
4765624832.0,-0.3281356692314148
4766562304.0,-0.31662485003471375
4767499776.0,-0.30567848682403564
4768437248.0,-0.29366904497146606
4769375232.0,-0.2816125750541687
4770312704.0,-0.2668423354625702
4771250176.0,-0.25277554988861084
4772187648.0,-0.23787008225917816
4773125120.0,-0.22143763303756714
4774062592.0,-0.2046799212694168
4775000064.0,-0.18724007904529572
4775937536.0,-0.16931571066379547
4776875008.0,-0.15056027472019196
4777812480.0,-0.13054145872592926
4778749952.0,-0.11083756387233734
4779687424.0,-0.08975246548652649
4780624896.0,-0.06915438175201416
4781562368.0,-0.048288729041814804
4782499840.0,-0.027472544461488724
4783437312.0,-0.007040553726255894
4784374784.0,0.014061864465475082
4785312256.0,0.03456631302833557
4786250240.0,0.05453669652342796
4787187712.0,0.07407781481742859
4788125184.0,0.09263550490140915
4789062656.0,0.109403595328331
4790000128.0,0.12522871792316437
4790937600.0,0.1398690789937973
4791875072.0,0.1520814299583435
4792812544.0,0.16247518360614777
4793750016.0,0.17087164521217346
4794687488.0,0.1770617961883545
4795624960.0,0.18077155947685242
4796562432.0,0.18211305141448975
4797499904.0,0.18061020970344543
4798437376.0,0.17654745280742645
4799374848.0,0.16999632120132446
4800312320.0,0.1614847034215927
4801249792.0,0.14964817464351654
4802187264.0,0.13622413575649261
4803125248.0,0.11892522126436234
4804062720.0,0.09956847131252289
4805000192.0,0.07850008457899094
4805937664.0,0.05324086919426918
4806875136.0,-0.2226138412952423
4807812608.0,-0.22876262664794922
4808750080.0,-0.2350955456495285
4809687552.0,-0.24072231352329254
4810625024.0,-0.24701467156410217
4811562496.0,-0.25309330224990845
4812499968.0,-0.2584126889705658
4813437440.0,-0.2634406089782715
4814374912.0,-0.26755985617637634
4815312384.0,-0.2701704800128937
4816249856.0,-0.2726258337497711
4817187328.0,-0.2751927375793457
4818124800.0,-0.27614733576774597
4819062272.0,-0.27598345279693604
4819999744.0,-0.2751002013683319
4820937728.0,-0.27338847517967224
4821875200.0,-0.27085620164871216
4822812672.0,-0.26626771688461304
4823750144.0,-0.2624930739402771
4824687616.0,-0.2558256685733795
4825625088.0,-0.25082430243492126
4826562560.0,-0.24236932396888733
4827500032.0,-0.2339375913143158
4828437504.0,-0.22525888681411743
4829374976.0,-0.21470272541046143
4830312448.0,-0.2046264261007309
4831249920.0,-0.19364236295223236
4832187392.0,-0.1818540096282959
4833124864.0,-0.17145772278308868
4834062336.0,-0.1609787493944168
4834999808.0,-0.14893490076065063
4835937280.0,-0.13960851728916168
4836874752.0,-0.12952949106693268
4837812736.0,-0.11999428272247314
4838750208.0,-0.11042501777410507
4839687680.0,-0.10243664681911469
4840625152.0,-0.09558644145727158
4841562624.0,-0.08993299305438995
4842500096.0,-0.08533927798271179
4843437568.0,-0.08310747891664505
4844375040.0,-0.08213859051465988
4845312512.0,-0.08201044797897339
4846249984.0,-0.0848684012889862
4847187456.0,-0.08913182467222214
4848124928.0,-0.09378483891487122
4849062400.0,-0.10023565590381622
4849999872.0,-0.10821522772312164
4850937344.0,-0.11634470522403717
4851874816.0,-0.12767542898654938
4852812288.0,-0.1390620321035385
4853749760.0,-0.150911346077919
4854687744.0,-0.16482414305210114
4855625216.0,-0.17895905673503876
4856562688.0,-0.1924353837966919
4857500160.0,-0.20729345083236694
4858437632.0,-0.22103948891162872
4859375104.0,-0.2361515313386917
4860312576.0,-0.24976754188537598
4861250048.0,-0.26355746388435364
4862187520.0,-0.27594467997550964
4863124992.0,-0.28685927391052246
4864062464.0,-0.29777824878692627
4864999936.0,-0.30705487728118896
4865937408.0,-0.31424441933631897
4866874880.0,-0.2982650101184845
4867812352.0,-0.3050954043865204
4868749824.0,-0.3106536567211151
4869687296.0,-0.3149900734424591
4870624768.0,-0.3190428912639618
4871562752.0,-0.3220866918563843
4872500224.0,-0.32436031103134155
4873437696.0,-0.3255232870578766
4874375168.0,-0.32492774724960327
4875312640.0,-0.3233390152454376
4876250112.0,-0.32228362560272217
4877187584.0,-0.31905049085617065
4878125056.0,-0.31516411900520325
4879062528.0,-0.3109970986843109
4880000000.0,-0.3041229248046875
4880937472.0,-0.29768434166908264
4881874944.0,-0.28982043266296387
4882812416.0,-0.2801564335823059
4883749888.0,-0.2715005874633789
4884687360.0,-0.2605465352535248
4885624832.0,-0.24972906708717346
4886562304.0,-0.23831714689731598
4887499776.0,-0.2255508303642273
4888437248.0,-0.21379978954792023
4889375232.0,-0.1994526982307434
4890312704.0,-0.18627506494522095
4891250176.0,-0.1723008155822754
4892187648.0,-0.15882302820682526
4893125120.0,-0.14459237456321716
4894062592.0,-0.13063259422779083
4895000064.0,-0.11686528474092484
4895937536.0,-0.10304012149572372
4896875008.0,-0.09080196917057037
4897812480.0,-0.07736829668283463
4898749952.0,-0.06465025246143341
4899687424.0,-0.0524442158639431
4900624896.0,-0.041104916483163834
4901562368.0,-0.029623523354530334
4902499840.0,-0.020960506051778793
4903437312.0,-0.01229414064437151
4904374784.0,-0.004983752500265837
4905312256.0,0.0015198977198451757
4906250240.0,0.006940018851310015
4907187712.0,0.009840666316449642
4908125184.0,0.01189323328435421
4909062656.0,0.013297897763550282
4910000128.0,0.013586015440523624
4910937600.0,0.011836602352559566
4911875072.0,0.008873562328517437
4912812544.0,0.004328835289925337
4913750016.0,-0.00019253492064308375
4914687488.0,-0.006719203665852547
4915624960.0,-0.013733218424022198
4916562432.0,-0.02238057181239128
4917499904.0,-0.030810924246907234
4918437376.0,-0.04052993282675743
4919374848.0,-0.051087263971567154
4920312320.0,-0.06214058771729469
4921249792.0,-0.07317088544368744
4922187264.0,-0.08543495833873749
4923125248.0,-0.09708968549966812
4924062720.0,-0.10989611595869064
4925000192.0,-0.12118102610111237
4925937664.0,-0.18094761669635773
4926875136.0,-0.1815173327922821
4927812608.0,-0.1813308298587799
4928750080.0,-0.18249551951885223
4929687552.0,-0.18344174325466156
4930625024.0,-0.1837507039308548
4931562496.0,-0.1839061677455902
4932499968.0,-0.18372994661331177
4933437440.0,-0.18235738575458527
4934374912.0,-0.18155835568904877
4935312384.0,-0.17846819758415222
4936249856.0,-0.1757810264825821
4937187328.0,-0.1724833846092224
4938124800.0,-0.1685979962348938
4939062272.0,-0.16491802036762238
4940000256.0,-0.15863054990768433
4940937728.0,-0.15283243358135223
4941875200.0,-0.14668422937393188
4942812672.0,-0.13880276679992676
4943750144.0,-0.1311388909816742
4944687616.0,-0.12274783104658127
4945625088.0,-0.1145934909582138
4946562560.0,-0.10433871299028397
4947500032.0,-0.09548016637563705
4948437504.0,-0.08475077897310257
4949374976.0,-0.07411368191242218
4950312448.0,-0.06375892460346222
4951249920.0,-0.05217725783586502
4952187392.0,-0.04201413318514824
4953124864.0,-0.03164922446012497
4954062336.0,-0.021743591874837875
4954999808.0,-0.011837597005069256
4955937280.0,-0.0022507652174681425
4956874752.0,0.007040344178676605
4957812736.0,0.015181686729192734
4958750208.0,0.02226652204990387
4959687680.0,0.029092861339449883
4960625152.0,0.03530503064393997
4961562624.0,0.04090075567364693
4962500096.0,0.043806031346321106
4963437568.0,0.04697795957326889
4964375040.0,0.04936378076672554
4965312512.0,0.049990877509117126
4966249984.0,0.049043066799640656
4967187456.0,0.04757450893521309
4968124928.0,0.04542800784111023
4969062400.0,0.04155000299215317
4969999872.0,0.03594754636287689
4970937344.0,0.03015761449933052
4971874816.0,0.02370862103998661
4972812288.0,0.01591590978205204
4973749760.0,0.0078010838478803635
4974687744.0,-0.001285275211557746
4975625216.0,-0.010496803559362888
4976562688.0,-0.020284611731767654
4977500160.0,-0.03136497363448143
4978437632.0,-0.041309572756290436
4979375104.0,-0.051934681832790375
4980312576.0,-0.06160072237253189
4981250048.0,-0.07138487696647644
4982187520.0,-0.08152203261852264
4983124992.0,-0.09148551523685455
4984062464.0,-0.10088229179382324
4984999936.0,-0.10971289128065109
4985937408.0,-0.153081476688385
4986874880.0,-0.16323931515216827
4987812352.0,-0.17218513786792755
4988749824.0,-0.18055316805839539
4989687296.0,-0.1872357726097107
4990624768.0,-0.1938539743423462
4991562752.0,-0.19783492386341095
4992500224.0,-0.2013397514820099
4993437696.0,-0.20275495946407318
4994375168.0,-0.20266446471214294
4995312640.0,-0.20144733786582947
4996250112.0,-0.20001116394996643
4997187584.0,-0.19601473212242126
4998125056.0,-0.1913665533065796
4999062528.0,-0.18573430180549622
5000000000.0,-0.17869684100151062
5000937472.0,-0.17007556557655334
5001874944.0,-0.16220548748970032
5002812416.0,-0.15225650370121002
5003749888.0,-0.14218108355998993
5004687360.0,-0.13053277134895325
5005624832.0,-0.11862462759017944
5006562304.0,-0.10754872113466263
5007499776.0,-0.09531016647815704
5008437248.0,-0.08117680251598358
5009375232.0,-0.06915605813264847
5010312704.0,-0.05763745680451393
5011250176.0,-0.04524393007159233
5012187648.0,-0.03389289975166321
5013125120.0,-0.02217448689043522
5014062592.0,-0.011524789035320282
5015000064.0,-0.0022779032588005066
5015937536.0,0.00842390675097704
5016875008.0,0.016284417361021042
5017812480.0,0.024585220962762833
5018749952.0,0.031374260783195496
5019687424.0,0.03772753104567528
5020624896.0,0.043361712247133255
5021562368.0,0.04739918187260628
5022499840.0,0.05031090974807739
5023437312.0,0.05215334892272949
5024374784.0,0.05447331443428993
5025312256.0,0.05389495939016342
5026250240.0,0.05437862500548363
5027187712.0,0.05322355777025223
5028125184.0,0.05026797950267792
5029062656.0,0.04674023017287254
5030000128.0,0.04345295578241348
5030937600.0,0.038562703877687454
5031875072.0,0.032705944031476974
5032812544.0,0.02644016593694687
5033750016.0,0.019257059320807457
5034687488.0,0.011412340216338634
5035624960.0,0.004295432008802891
5036562432.0,-0.0038074308540672064
5037499904.0,-0.01212976686656475
5038437376.0,-0.021045342087745667
5039374848.0,-0.02940678410232067
5040312320.0,-0.037239398807287216
5041249792.0,-0.045180004090070724
5042187264.0,-0.05425106734037399
5043125248.0,-0.06296796351671219
5044062720.0,-0.07192999124526978
5045000192.0,-0.08049635589122772
5045937664.0,-0.09870410710573196
5046875136.0,-0.10744234174489975
5047812608.0,-0.11566361784934998
5048750080.0,-0.12387283146381378
5049687552.0,-0.1310003101825714
5050625024.0,-0.13834719359874725
5051562496.0,-0.14429914951324463
5052499968.0,-0.149298757314682
5053437440.0,-0.15430480241775513
5054374912.0,-0.15873955190181732
5055312384.0,-0.16241826117038727
5056249856.0,-0.16595514118671417
5057187328.0,-0.16838602721691132
5058124800.0,-0.17000450193881989
5059062272.0,-0.17107583582401276
5059999744.0,-0.17184768617153168
5060937728.0,-0.1728615015745163
5061875200.0,-0.17084556818008423
5062812672.0,-0.1700047254562378
5063750144.0,-0.1687273383140564
5064687616.0,-0.16451852023601532
5065625088.0,-0.1611025482416153
5066562560.0,-0.15665607154369354
5067500032.0,-0.15034212172031403
5068437504.0,-0.14471416175365448
5069374976.0,-0.13839945197105408
5070312448.0,-0.13225454092025757
5071249920.0,-0.12522639334201813
5072187392.0,-0.11843404173851013
5073124864.0,-0.11044279485940933
5074062336.0,-0.10289866477251053
5074999808.0,-0.09537450224161148
5075937280.0,-0.08820411562919617
5076874752.0,-0.08201327919960022
5077812736.0,-0.0750906690955162
5078750208.0,-0.06840674579143524
5079687680.0,-0.06250621378421783
5080625152.0,-0.057187099009752274
5081562624.0,-0.05145016685128212
5082500096.0,-0.047376733273267746
5083437568.0,-0.04258694872260094
5084375040.0,-0.03903333842754364
5085312512.0,-0.03465745225548744
5086249984.0,-0.03138262778520584
5087187456.0,-0.029131505638360977
5088124928.0,-0.025772325694561005
5089062400.0,-0.02551068738102913
5089999872.0,-0.02370475046336651
5090937344.0,-0.02351166307926178
5091874816.0,-0.022787515074014664
5092812288.0,-0.024134770035743713
5093749760.0,-0.024051938205957413
5094687744.0,-0.02471519634127617
5095625216.0,-0.0267497431486845
5096562688.0,-0.028582727536559105
5097500160.0,-0.030661756172776222
5098437632.0,-0.03396026790142059
5099375104.0,-0.03760729730129242
5100312576.0,-0.041072748601436615
5101250048.0,-0.04356243461370468
5102187520.0,-0.047862984240055084
5103124992.0,-0.05129638686776161
5104062464.0,-0.055694449692964554
5104999936.0,-0.06001140549778938
5105937408.0,-0.13331705331802368
5106874880.0,-0.13846856355667114
5107812352.0,-0.1424456387758255
5108749824.0,-0.14627555012702942
5109687296.0,-0.14989326894283295
5110624768.0,-0.15274836122989655
5111562752.0,-0.15461193025112152
5112500224.0,-0.1565151959657669
5113437696.0,-0.1576322317123413
5114375168.0,-0.156294584274292
5115312640.0,-0.15639081597328186
5116250112.0,-0.15343977510929108
5117187584.0,-0.1519688069820404
5118125056.0,-0.14882804453372955
5119062528.0,-0.14510971307754517
5120000000.0,-0.14137491583824158
5120937472.0,-0.13679909706115723
5121874944.0,-0.13141511380672455
5122812416.0,-0.12704774737358093
5123749888.0,-0.12236115336418152
5124687360.0,-0.11713665723800659
5125624832.0,-0.11149752885103226
5126562304.0,-0.10694938153028488
5127499776.0,-0.10265278816223145
5128437248.0,-0.09899754822254181
5129375232.0,-0.09446224570274353
5130312704.0,-0.09088551253080368
5131250176.0,-0.08577848970890045
5132187648.0,-0.08072546869516373
5133125120.0,-0.07627701014280319
5134062592.0,-0.07249495387077332
5135000064.0,-0.06900365650653839
5135937536.0,-0.06517447531223297
5136875008.0,-0.06237046420574188
5137812480.0,-0.06163545325398445
5138749952.0,-0.059744417667388916
5139687424.0,-0.05835716426372528
5140624896.0,-0.059081632643938065
5141562368.0,-0.05932936817407608
5142499840.0,-0.061272379010915756
5143437312.0,-0.06179250776767731
5144374784.0,-0.06457574665546417
5145312256.0,-0.06697510182857513
5146250240.0,-0.06948132812976837
5147187712.0,-0.07317255437374115
5148125184.0,-0.07811545580625534
5149062656.0,-0.08053111284971237
5150000128.0,-0.08543051779270172
5150937600.0,-0.09090942144393921
5151875072.0,-0.09549760073423386
5152812544.0,-0.10084369033575058
5153750016.0,-0.10742364823818207
5154687488.0,-0.11461617797613144
5155624960.0,-0.12199822068214417
5156562432.0,-0.12904983758926392
5157499904.0,-0.13701693713665009
5158437376.0,-0.14469307661056519
5159374848.0,-0.1534562110900879
5160312320.0,-0.16115282475948334
5161249792.0,-0.16943775117397308
5162187264.0,-0.17823003232479095
5163125248.0,-0.18708257377147675
5164062720.0,-0.1964103728532791
5165000192.0,-0.20487089455127716
5165937664.0,-0.20323212444782257
5166875136.0,-0.2150653600692749
5167812608.0,-0.22523292899131775
5168750080.0,-0.23329909145832062
5169687552.0,-0.2418687790632248
5170625024.0,-0.24849916994571686
5171562496.0,-0.2533944845199585
5172499968.0,-0.25716301798820496
5173437440.0,-0.2607223093509674
5174374912.0,-0.26098352670669556
5175312384.0,-0.2600399851799011
5176249856.0,-0.25965407490730286
5177187328.0,-0.25690945982933044
5178124800.0,-0.2534942328929901
5179062272.0,-0.2494242936372757
5180000256.0,-0.24331845343112946
5180937728.0,-0.23674915730953217
5181875200.0,-0.2296464890241623
5182812672.0,-0.22141750156879425
5183750144.0,-0.21126689016819
5184687616.0,-0.20183581113815308
5185625088.0,-0.19143718481063843
5186562560.0,-0.17874662578105927
5187500032.0,-0.1662336140871048
5188437504.0,-0.15394237637519836
5189374976.0,-0.14087922871112823
5190312448.0,-0.12843573093414307
5191249920.0,-0.11550751328468323
5192187392.0,-0.10338391363620758
5193124864.0,-0.08995889127254486
5194062336.0,-0.07775525748729706
5194999808.0,-0.06600983440876007
5195937280.0,-0.05549000948667526
5196874752.0,-0.04452170431613922
5197812736.0,-0.03391561657190323
5198750208.0,-0.024603109806776047
5199687680.0,-0.01519370824098587
5200625152.0,-0.008136439137160778
5201562624.0,-0.0017788668628782034
5202500096.0,0.004421730060130358
5203437568.0,0.00860925205051899
5204375040.0,0.011700564064085484
5205312512.0,0.013683500699698925
5206249984.0,0.015388774685561657
5207187456.0,0.015164045616984367
5208124928.0,0.013766867108643055
5209062400.0,0.011324357241392136
5209999872.0,0.006810154300183058
5210937344.0,0.0018715541809797287
5211874816.0,-0.005517398938536644
5212812288.0,-0.013080739416182041
5213749760.0,-0.02441757172346115
5214687744.0,-0.034449201077222824
5215625216.0,-0.04644874110817909
5216562688.0,-0.060487210750579834
5217500160.0,-0.07530899345874786
5218437632.0,-0.0900593176484108
5219375104.0,-0.10653546452522278
5220312576.0,-0.12339258193969727
5221250048.0,-0.13984282314777374
5222187520.0,-0.15639826655387878
5223124992.0,-0.17352831363677979
5224062464.0,-0.19008749723434448
5224999936.0,-0.20644301176071167
5225937408.0,-0.21492592990398407
5226874880.0,-0.22997623682022095
5227812352.0,-0.2431730329990387
5228749824.0,-0.2549378573894501
5229687296.0,-0.2668078541755676
5230624768.0,-0.2760913372039795
5231562752.0,-0.28404009342193604
5232500224.0,-0.29063719511032104
5233437696.0,-0.2967323362827301
5234375168.0,-0.3008090853691101
5235312640.0,-0.3016548454761505
5236250112.0,-0.3009004592895508
5237187584.0,-0.29841628670692444
5238125056.0,-0.29427745938301086
5239062528.0,-0.2881604731082916
5240000000.0,-0.2796708941459656
5240937472.0,-0.26982226967811584
5241874944.0,-0.2579132318496704
5242812416.0,-0.24408504366874695
5243749888.0,-0.22957740724086761
5244687360.0,-0.21391166746616364
5245624832.0,-0.19773775339126587
5246562304.0,-0.18170085549354553
5247499776.0,-0.16329200565814972
5248437248.0,-0.14585472643375397
5249375232.0,-0.12725257873535156
5250312704.0,-0.11000999808311462
5251250176.0,-0.093161940574646
5252187648.0,-0.07556264847517014
5253125120.0,-0.05944903939962387
5254062592.0,-0.042557064443826675
5255000064.0,-0.026965497061610222
5255937536.0,-0.012805763632059097
5256875008.0,0.001225197920575738
5257812480.0,0.012950497679412365
5258749952.0,0.023671451956033707
5259687424.0,0.033593229949474335
5260624896.0,0.040809474885463715
5261562368.0,0.04694748669862747
5262499840.0,0.05187688022851944
5263437312.0,0.05560751631855965
5264374784.0,0.057893961668014526
5265312256.0,0.05860654637217522
5266250240.0,0.059254083782434464
5267187712.0,0.056447166949510574
5268125184.0,0.05250024423003197
5269062656.0,0.047178469598293304
5270000128.0,0.041326675564050674
5270937600.0,0.03334081918001175
5271875072.0,0.0239255391061306
5272812544.0,0.014437505044043064
5273750016.0,0.0024447955656796694
5274687488.0,-0.009993679821491241
5275624960.0,-0.02190311811864376
5276562432.0,-0.035102203488349915
5277499904.0,-0.048378635197877884
5278437376.0,-0.06331818550825119
5279374848.0,-0.07786741107702255
5280312320.0,-0.09262508153915405
5281249792.0,-0.10832241922616959
5282187264.0,-0.12379509210586548
5283125248.0,-0.13969948887825012
5284062720.0,-0.15435676276683807
5285000192.0,-0.17098647356033325
5285937664.0,-0.1977682113647461
5286875136.0,-0.21282613277435303
5287812608.0,-0.2284242957830429
5288750080.0,-0.24182839691638947
5289687552.0,-0.2556069493293762
5290625024.0,-0.27071166038513184
5291562496.0,-0.28293976187705994
5292499968.0,-0.29561474919319153
5293437440.0,-0.3087107539176941
5294374912.0,-0.32139214873313904
5295312384.0,-0.3323841989040375
5296249856.0,-0.3424740433692932
5297187328.0,-0.35013070702552795
5298124800.0,-0.3582586348056793
5299062272.0,-0.36346715688705444
5299999744.0,-0.3678600788116455
5300937728.0,-0.3706446588039398
5301875200.0,-0.37146103382110596
5302812672.0,-0.37043485045433044
5303750144.0,-0.368847519159317
5304687616.0,-0.36505478620529175
5305625088.0,-0.3603231906890869
5306562560.0,-0.35458454489707947
5307500032.0,-0.3457522988319397
5308437504.0,-0.33592933416366577
5309374976.0,-0.32484713196754456
5310312448.0,-0.3124750852584839
5311249920.0,-0.2990730404853821
5312187392.0,-0.2858237326145172
5313124864.0,-0.2709193527698517
5314062336.0,-0.2551090717315674
5314999808.0,-0.2379106879234314
5315937280.0,-0.22162584960460663
5316874752.0,-0.20419083535671234
5317812736.0,-0.18655602633953094
5318750208.0,-0.1677735596895218
5319687680.0,-0.1494138538837433
5320625152.0,-0.13154351711273193
5321562624.0,-0.11281963437795639
5322500096.0,-0.09660880267620087
5323437568.0,-0.07851102203130722
5324375040.0,-0.06336931884288788
5325312512.0,-0.04633779078722
5326249984.0,-0.030284572392702103
5327187456.0,-0.015366369858384132
5328124928.0,-0.0006912986282259226
5329062400.0,0.012189578264951706
5329999872.0,0.02428836189210415
5330937344.0,0.03433321788907051
5331874816.0,0.04481206461787224
5332812288.0,0.049165043979883194
5333749760.0,0.05193781480193138
5334687744.0,0.05336938053369522
5335625216.0,0.052511125802993774
5336562688.0,0.05101738125085831
5337500160.0,0.04701138287782669
5338437632.0,0.04126649349927902
5339375104.0,0.03349456563591957
5340312576.0,0.023824429139494896
5341250048.0,0.010277161374688148
5342187520.0,-0.0040744757279753685
5343124992.0,-0.02078210562467575
5344062464.0,-0.03951996564865112
5344999936.0,-0.06024446338415146
5345937408.0,-0.3411089777946472
5346874880.0,-0.35386160016059875
5347812352.0,-0.3684525787830353
5348749824.0,-0.3818907141685486
5349687296.0,-0.3940555155277252
5350624768.0,-0.4068302810192108
5351562752.0,-0.4173445403575897
5352500224.0,-0.4275510609149933
5353437696.0,-0.4357999563217163
5354375168.0,-0.44285905361175537
5355312640.0,-0.44806352257728577
5356250112.0,-0.45297279953956604
5357187584.0,-0.4552541673183441
5358125056.0,-0.45651867985725403
5359062528.0,-0.45552346110343933
5360000000.0,-0.4529501497745514
5360937472.0,-0.44901514053344727
5361874944.0,-0.4430438280105591
5362812416.0,-0.4355388879776001
5363749888.0,-0.4266248941421509
5364687360.0,-0.41646265983581543
5365624832.0,-0.4047389626502991
5366562304.0,-0.3904079496860504
5367499776.0,-0.37530043721199036
5368437248.0,-0.36067938804626465
5369375232.0,-0.3441595733165741
5370312704.0,-0.32788050174713135
5371250176.0,-0.30972954630851746
5372187648.0,-0.291769415140152
5373125120.0,-0.2748049795627594
5374062592.0,-0.25463593006134033
5375000064.0,-0.23659747838974
5375937536.0,-0.2178530991077423
5376875008.0,-0.2009643167257309
5377812480.0,-0.18245907127857208
5378749952.0,-0.16473007202148438
5379687424.0,-0.1483275592327118
5380624896.0,-0.13294050097465515
5381562368.0,-0.11836198717355728
5382499840.0,-0.10554201900959015
5383437312.0,-0.09234799444675446
5384374784.0,-0.07979671657085419
5385312256.0,-0.0701281875371933
5386250240.0,-0.06147870421409607
5387187712.0,-0.05570920184254646
5388125184.0,-0.0518326573073864
5389062656.0,-0.04885498434305191
5390000128.0,-0.04834680259227753
5390937600.0,-0.05067440867424011
5391875072.0,-0.05431869626045227
5392812544.0,-0.06069793179631233
5393750016.0,-0.06873103976249695
5394687488.0,-0.08118312060832977
5395624960.0,-0.09456053376197815
5396562432.0,-0.10846517980098724
5397499904.0,-0.1265852302312851
5398437376.0,-0.144327312707901
5399374848.0,-0.16422753036022186
5400312320.0,-0.18398921191692352
5401249792.0,-0.2052110880613327
5402187264.0,-0.226629376411438
5403125248.0,-0.24769003689289093
5404062720.0,-0.2699878215789795
5405000192.0,-0.2915970981121063
5405937664.0,-0.33313465118408203
5406875136.0,-0.34862852096557617
5407812608.0,-0.3626294732093811
5408750080.0,-0.37458640336990356
5409687552.0,-0.3850705027580261
5410625024.0,-0.39304521679878235
5411562496.0,-0.39906182885169983
5412499968.0,-0.4029768109321594
5413437440.0,-0.40507498383522034
5414374912.0,-0.4040696322917938
5415312384.0,-0.39965617656707764
5416249856.0,-0.3930429220199585
5417187328.0,-0.3840472400188446
5418124800.0,-0.3726873993873596
5419062272.0,-0.3599461019039154
5420000256.0,-0.34500953555107117
5420937728.0,-0.32721930742263794
5421875200.0,-0.31004858016967773
5422812672.0,-0.2906607389450073
5423750144.0,-0.27082493901252747
5424687616.0,-0.2502511441707611
5425625088.0,-0.22869420051574707
5426562560.0,-0.2082751989364624
5427500032.0,-0.1866362988948822
5428437504.0,-0.16499170660972595
5429374976.0,-0.14405874907970428
5430312448.0,-0.12397100031375885
5431249920.0,-0.10467428714036942
5432187392.0,-0.08804235607385635
5433124864.0,-0.07204166054725647
5434062336.0,-0.05908608064055443
5434999808.0,-0.04657864198088646
5435937280.0,-0.035507429391145706
5436874752.0,-0.027811581268906593
5437812736.0,-0.019548771902918816
5438750208.0,-0.015451124869287014
5439687680.0,-0.012867615558207035
5440625152.0,-0.012957827188074589
5441562624.0,-0.01595851592719555
5442500096.0,-0.021216601133346558
5443437568.0,-0.029364192858338356
5444375040.0,-0.039176322519779205
5445312512.0,-0.052798520773649216
5446249984.0,-0.06872059404850006
5447187456.0,-0.08675525337457657
5448124928.0,-0.107179656624794
5449062400.0,-0.1288272589445114
5449999872.0,-0.15308628976345062
5450937344.0,-0.17975585162639618
5451874816.0,-0.20502592623233795
5452812288.0,-0.23255513608455658
5453749760.0,-0.26093176007270813
5454687744.0,-0.2903764247894287
5455625216.0,-0.31737908720970154
5456562688.0,-0.3461762070655823
5457500160.0,-0.374747097492218
5458437632.0,-0.4017181098461151
5459375104.0,-0.4290637969970703
5460312576.0,-0.45271992683410645
5461250048.0,-0.47734907269477844
5462187520.0,-0.49858447909355164
5463124992.0,-0.5175006985664368
5464062464.0,-0.5346788167953491
5464999936.0,-0.5494351983070374
5465937408.0,-0.47177863121032715
5466874880.0,-0.4856615662574768
5467812352.0,-0.4972790777683258
5468749824.0,-0.5071693658828735
5469687296.0,-0.5156882405281067
5470624768.0,-0.5202725529670715
5471562752.0,-0.5227002501487732
5472500224.0,-0.5223435163497925
5473437696.0,-0.5186467170715332
5474375168.0,-0.5139201879501343
5475312640.0,-0.5063490867614746
5476250112.0,-0.49617883563041687
5477187584.0,-0.48502758145332336
5478125056.0,-0.4703589677810669
5479062528.0,-0.45413511991500854
5480000000.0,-0.43618008494377136
5480937472.0,-0.416725754737854
5481874944.0,-0.3971292972564697
5482812416.0,-0.37490078806877136
5483749888.0,-0.35253334045410156
5484687360.0,-0.3303922116756439
5485624832.0,-0.310405433177948
5486562304.0,-0.28857675194740295
5487499776.0,-0.26848554611206055
5488437248.0,-0.24869456887245178
5489375232.0,-0.23047475516796112
5490312704.0,-0.21348965167999268
5491250176.0,-0.1993921846151352
5492187648.0,-0.18627271056175232
5493125120.0,-0.17549118399620056
5494062592.0,-0.16734036803245544
5495000064.0,-0.1604587882757187
5495937536.0,-0.15524934232234955
5496875008.0,-0.1529741734266281
5497812480.0,-0.15307824313640594
5498749952.0,-0.1558123379945755
5499687424.0,-0.16102120280265808
5500624896.0,-0.16843752562999725
5501562368.0,-0.17909815907478333
5502499840.0,-0.19141720235347748
5503437312.0,-0.20590026676654816
5504374784.0,-0.22299733757972717
5505312256.0,-0.24175195395946503
5506250240.0,-0.26417508721351624
5507187712.0,-0.2876383662223816
5508125184.0,-0.31360605359077454
5509062656.0,-0.3426663875579834
5510000128.0,-0.37150833010673523
5510937600.0,-0.404147207736969
5511875072.0,-0.43778878450393677
5512812544.0,-0.47268399596214294
5513750016.0,-0.5081906318664551
5514687488.0,-0.5424793362617493
5515624960.0,-0.5766873955726624
5516562432.0,-0.6122849583625793
5517499904.0,-0.644944429397583
5518437376.0,-0.6788197755813599
5519374848.0,-0.7110486626625061
5520312320.0,-0.743184506893158
5521249792.0,-0.7738529443740845
5522187264.0,-0.8033220767974854
5523125248.0,-0.8306015133857727
5524062720.0,-0.8580048084259033
5525000192.0,-0.8842082619667053
5525937664.0,-0.7478843331336975
5526875136.0,-0.7582340240478516
5527812608.0,-0.7715404629707336
5528750080.0,-0.7852029204368591
5529687552.0,-0.8019865155220032
5530625024.0,-0.8188981413841248
5531562496.0,-0.8380528688430786
5532499968.0,-0.8574915528297424
5533437440.0,-0.878628134727478
5534374912.0,-0.9013673067092896
5535312384.0,-0.9244929552078247
5536249856.0,-0.9483057260513306
5537187328.0,-0.9721669554710388
5538124800.0,-0.9932344555854797
5539062272.0,-1.0153117179870605
5539999744.0,-1.0337486267089844
5540937728.0,-1.0513601303100586
5541875200.0,-1.065535545349121
5542812672.0,-1.0772466659545898
5543750144.0,-1.084641933441162
5544687616.0,-1.0880210399627686
5545625088.0,-1.0879205465316772
5546562560.0,-1.0834670066833496
5547500032.0,-1.0759543180465698
5548437504.0,-1.0637459754943848
5549374976.0,-1.0476884841918945
5550312448.0,-1.0268031358718872
5551249920.0,-1.003335952758789
5552187392.0,-0.9775100946426392
5553124864.0,-0.9483625888824463
5554062336.0,-0.9178881645202637
5554999808.0,-0.8865180611610413
5555937280.0,-0.854482114315033
5556874752.0,-0.8223947882652283
5557812736.0,-0.7906293272972107
5558750208.0,-0.7606682777404785
5559687680.0,-0.7307028770446777
5560625152.0,-0.7023457288742065
5561562624.0,-0.6745921969413757
5562500096.0,-0.6494098901748657
5563437568.0,-0.6264996528625488
5564375040.0,-0.6059597134590149
5565312512.0,-0.5881701111793518
5566249984.0,-0.5729169845581055
5567187456.0,-0.5592441558837891
5568124928.0,-0.5473130345344543
5569062400.0,-0.5359050035476685
5569999872.0,-0.5260269045829773
5570937344.0,-0.5146459341049194
5571874816.0,-0.5036711096763611
5572812288.0,-0.49314257502555847
5573749760.0,-0.48403143882751465
5574687744.0,-0.47491151094436646
5575625216.0,-0.467963844537735
5576562688.0,-0.4616989195346832
5577500160.0,-0.4556742310523987
5578437632.0,-0.45311757922172546
5579375104.0,-0.45255720615386963
5580312576.0,-0.45141538977622986
5581250048.0,-0.4527355432510376
5582187520.0,-0.45505964756011963
5583124992.0,-0.45716890692710876
5584062464.0,-0.45939627289772034
5584999936.0,-0.4610554873943329
5585937408.0,-0.4364064633846283
5586874880.0,-0.42678701877593994
5587812352.0,-0.4148837924003601
5588749824.0,-0.4022285044193268
5589687296.0,-0.38840270042419434
5590624768.0,-0.372582346200943
5591562752.0,-0.35547372698783875
5592500224.0,-0.339239239692688
5593437696.0,-0.3219098150730133
5594375168.0,-0.3034425675868988
5595312640.0,-0.28555765748023987
5596250112.0,-0.2650400400161743
5597187584.0,-0.2457335889339447
5598125056.0,-0.2268667072057724
5599062528.0,-0.20660170912742615
5600000000.0,-0.18794281780719757
5600937472.0,-0.1701129823923111
5601874944.0,-0.1532049924135208
5602812416.0,-0.1370699107646942
5603749888.0,-0.1223863810300827
5604687360.0,-0.10925465822219849
5605624832.0,-0.09693018347024918
5606562304.0,-0.08619038015604019
5607499776.0,-0.07908337563276291
5608437248.0,-0.07257737219333649
5609375232.0,-0.0676114410161972
5610312704.0,-0.06439919769763947
5611250176.0,-0.06347133219242096
5612187648.0,-0.06305031478404999
5613125120.0,-0.0642637088894844
5614062592.0,-0.06749101728200912
5615000064.0,-0.07316429913043976
5615937536.0,-0.07914147526025772
5616875008.0,-0.08661244064569473
5617812480.0,-0.09587425738573074
5618749952.0,-0.10712772607803345
5619687424.0,-0.11911662667989731
5620624896.0,-0.1314118504524231
5621562368.0,-0.14360466599464417
5622499840.0,-0.1586051732301712
5623437312.0,-0.17364127933979034
5624374784.0,-0.18713940680027008
5625312256.0,-0.20020398497581482
5626250240.0,-0.21384094655513763
5627187712.0,-0.22747263312339783
5628125184.0,-0.2402060627937317
5629062656.0,-0.2506520748138428
5630000128.0,-0.26092371344566345
5630937600.0,-0.27081388235092163
5631875072.0,-0.27963897585868835
5632812544.0,-0.28545641899108887
5633750016.0,-0.2893305718898773
5634687488.0,-0.29219716787338257
5635624960.0,-0.2926606237888336
5636562432.0,-0.2917045056819916
5637499904.0,-0.29060980677604675
5638437376.0,-0.2857617437839508
5639374848.0,-0.2806336283683777
5640312320.0,-0.2738189399242401
5641249792.0,-0.26501306891441345
5642187264.0,-0.2561222314834595
5643125248.0,-0.24467113614082336
5644062720.0,-0.2329379916191101
5645000192.0,-0.22120720148086548
5645937664.0,-0.19010426104068756
5646875136.0,-0.1942100077867508
5647812608.0,-0.19498753547668457
5648750080.0,-0.19548094272613525
5649687552.0,-0.1943490207195282
5650625024.0,-0.19086651504039764
5651562496.0,-0.1872037649154663
5652499968.0,-0.1816766858100891
5653437440.0,-0.17656764388084412
5654374912.0,-0.16982294619083405
5655312384.0,-0.16173836588859558
5656249856.0,-0.15496931970119476
5657187328.0,-0.14613910019397736
5658124800.0,-0.13859310746192932
5659062272.0,-0.12987715005874634
5660000256.0,-0.12258654832839966
5660937728.0,-0.11457289010286331
5661875200.0,-0.10788112878799438
5662812672.0,-0.10235893726348877
5663750144.0,-0.09743915498256683
5664687616.0,-0.09311152994632721
5665625088.0,-0.08997532725334167
5666562560.0,-0.08796492964029312
5667500032.0,-0.08603096008300781
5668437504.0,-0.08635520190000534
5669374976.0,-0.08685092628002167
5670312448.0,-0.08979657292366028
5671249920.0,-0.09258478879928589
5672187392.0,-0.0968804880976677
5673124864.0,-0.10233262926340103
5674062336.0,-0.10904260724782944
5674999808.0,-0.11649023741483688
5675937280.0,-0.12461792677640915
5676874752.0,-0.13228553533554077
5677812736.0,-0.1414308398962021
5678750208.0,-0.14919760823249817
5679687680.0,-0.15953920781612396
5680625152.0,-0.16894620656967163
5681562624.0,-0.17697785794734955
5682500096.0,-0.18608765304088593
5683437568.0,-0.19538968801498413
5684375040.0,-0.202699676156044
5685312512.0,-0.20956359803676605
5686249984.0,-0.2173243761062622
5687187456.0,-0.22281216084957123
5688124928.0,-0.22994746267795563
5689062400.0,-0.2345229536294937
5689999872.0,-0.23891332745552063
5690937344.0,-0.24302659928798676
5691874816.0,-0.24662408232688904
5692812288.0,-0.24991430342197418
5693749760.0,-0.25347772240638733
5694687744.0,-0.25719189643859863
5695625216.0,-0.2601771652698517
5696562688.0,-0.26372039318084717
5697500160.0,-0.26754558086395264
5698437632.0,-0.2725382149219513
5699375104.0,-0.2769585847854614
5700312576.0,-0.2822893261909485
5701250048.0,-0.2894022464752197
5702187520.0,-0.2975188195705414
5703124992.0,-0.30700355768203735
5704062464.0,-0.3166513442993164
5704999936.0,-0.3273466229438782
5705937408.0,-0.2172572761774063
5706874880.0,-0.23641787469387054
5707812352.0,-0.2571204900741577
5708749824.0,-0.27705174684524536
5709687296.0,-0.29639625549316406
5710624768.0,-0.31512531638145447
5711562752.0,-0.33153626322746277
5712500224.0,-0.34728705883026123
5713437696.0,-0.36007222533226013
5714375168.0,-0.36891084909439087
5715312640.0,-0.3747779428958893
5716250112.0,-0.37655067443847656
5717187584.0,-0.3745572865009308
5718125056.0,-0.3673046827316284
5719062528.0,-0.35553455352783203
5720000000.0,-0.3403213918209076
5720937472.0,-0.31946778297424316
5721874944.0,-0.29611432552337646
5722812416.0,-0.2682027220726013
5723749888.0,-0.23494210839271545
5724687360.0,-0.2006787657737732
5725624832.0,-0.16259977221488953
5726562304.0,-0.12376174330711365
5727499776.0,-0.0839805155992508
5728437248.0,-0.043208811432123184
5729375232.0,-0.0021204729564487934
5730312704.0,0.0365004688501358
5731250176.0,0.07389388978481293
5732187648.0,0.11015255749225616
5733125120.0,0.1418258249759674
5734062592.0,0.1696300059556961
5735000064.0,0.1928013265132904
5735937536.0,0.2111053615808487
5736875008.0,0.22454623878002167
5737812480.0,0.2344648241996765
5738749952.0,0.23962144553661346
5739687424.0,0.24132755398750305
5740624896.0,0.23827427625656128
5741562368.0,0.23274405300617218
5742499840.0,0.22284232079982758
5743437312.0,0.21162199974060059
5744374784.0,0.19754765927791595
5745312256.0,0.1829238384962082
5746250240.0,0.16666753590106964
5747187712.0,0.15032944083213806
5748125184.0,0.135406956076622
5749062656.0,0.11865547299385071
5750000128.0,0.10461173206567764
5750937600.0,0.09177730977535248
5751875072.0,0.07916849851608276
5752812544.0,0.0670613944530487
5753750016.0,0.055576834827661514
5754687488.0,0.04467029124498367
5755624960.0,0.03084946610033512
5756562432.0,0.010529190301895142
5757499904.0,-0.012948870658874512
5758437376.0,-0.03812693804502487
5759374848.0,-0.06600554287433624
5760312320.0,-0.09438683092594147
5761249792.0,-0.1254311352968216
5762187264.0,-0.15652555227279663
5763125248.0,-0.18789571523666382
5764062720.0,-0.21815821528434753
5765000192.0,-0.24951420724391937
5765937664.0,-0.18335860967636108
5766875136.0,-0.1911834329366684
5767812608.0,-0.19890448451042175
5768750080.0,-0.20665647089481354
5769687552.0,-0.21603646874427795
5770625024.0,-0.2239910215139389
5771562496.0,-0.23329240083694458
5772499968.0,-0.2433423101902008
5773437440.0,-0.2547902464866638
5774374912.0,-0.26605820655822754
5775312384.0,-0.2770783305168152
5776249856.0,-0.28948915004730225
5777187328.0,-0.30043792724609375
5778124800.0,-0.31229129433631897
5779062272.0,-0.3238796889781952
5779999744.0,-0.33498796820640564
5780937728.0,-0.34662649035453796
5781875200.0,-0.35614433884620667
5782812672.0,-0.36703285574913025
5783750144.0,-0.3771563172340393
5784687616.0,-0.38627877831459045
5785625088.0,-0.3944912254810333
5786562560.0,-0.4030342996120453
5787500032.0,-0.4106545150279999
5788437504.0,-0.4171237349510193
5789374976.0,-0.42382726073265076
5790312448.0,-0.4271326959133148
5791249920.0,-0.4304647445678711
5792187392.0,-0.4338550269603729
5793124864.0,-0.434676855802536
5794062336.0,-0.4344205856323242
5794999808.0,-0.4329540431499481
5795937280.0,-0.43010810017585754
5796874752.0,-0.4253021478652954
5797812736.0,-0.4200212061405182
5798750208.0,-0.4119948744773865
5799687680.0,-0.4018629193305969
5800625152.0,-0.39153751730918884
5801562624.0,-0.37950262427330017
5802500096.0,-0.3653525710105896
5803437568.0,-0.3498072326183319
5804375040.0,-0.3336189091205597
5805312512.0,-0.31496649980545044
5806249984.0,-0.2962060868740082
5807187456.0,-0.27661722898483276
5808124928.0,-0.25647953152656555
5809062400.0,-0.23657575249671936
5809999872.0,-0.21651789546012878
5810937344.0,-0.1971137374639511
5811874816.0,-0.1785445213317871
5812812288.0,-0.16010445356369019
5813749760.0,-0.1425403207540512
5814687744.0,-0.1272081434726715
5815625216.0,-0.11240120232105255
5816562688.0,-0.09860993176698685
5817500160.0,-0.08725650608539581
5818437632.0,-0.07745512574911118
5819375104.0,-0.0682525783777237
5820312576.0,-0.061514150351285934
5821250048.0,-0.05534980446100235
5822187520.0,-0.05189564824104309
5823124992.0,-0.05014704540371895
5824062464.0,-0.04987739771604538
5824999936.0,-0.05092993378639221
5825937408.0,-0.2444450706243515
5826874880.0,-0.24682290852069855
5827812352.0,-0.2487616091966629
5828749824.0,-0.25034621357917786
5829687296.0,-0.2524336576461792
5830624768.0,-0.2535730302333832
5831562752.0,-0.25582098960876465
5832500224.0,-0.25861111283302307
5833437696.0,-0.2602762281894684
5834375168.0,-0.26409366726875305
5835312640.0,-0.2663590610027313
5836250112.0,-0.27005964517593384
5837187584.0,-0.27153280377388
5838125056.0,-0.2756480276584625
5839062528.0,-0.2797541320323944
5840000000.0,-0.28441956639289856
5840937472.0,-0.29012995958328247
5841874944.0,-0.29464849829673767
5842812416.0,-0.3008216321468353
5843749888.0,-0.3061355948448181
5844687360.0,-0.3134235739707947
5845624832.0,-0.31988438963890076
5846562304.0,-0.3254610002040863
5847499776.0,-0.33217403292655945
5848437248.0,-0.3378952145576477
5849375232.0,-0.3442578613758087
5850312704.0,-0.34887999296188354
5851250176.0,-0.3543718457221985
5852187648.0,-0.35795316100120544
5853125120.0,-0.36180976033210754
5854062592.0,-0.36413756012916565
5855000064.0,-0.3665010929107666
5855937536.0,-0.3678330183029175
5856875008.0,-0.369549036026001
5857812480.0,-0.36930960416793823
5858749952.0,-0.36918118596076965
5859687424.0,-0.3688965141773224
5860624896.0,-0.3672512173652649
5861562368.0,-0.3656524121761322
5862499840.0,-0.36381691694259644
5863437312.0,-0.3625299334526062
5864374784.0,-0.359149307012558
5865312256.0,-0.3566494584083557
5866250240.0,-0.3525956869125366
5867187712.0,-0.349723756313324
5868125184.0,-0.3449089229106903
5869062656.0,-0.3425619304180145
5870000128.0,-0.33937397599220276
5870937600.0,-0.3355007469654083
5871875072.0,-0.3338746726512909
5872812544.0,-0.33294981718063354
5873750016.0,-0.3318614959716797
5874687488.0,-0.33196333050727844
5875624960.0,-0.33249884843826294
5876562432.0,-0.33357125520706177
5877499904.0,-0.3360801339149475
5878437376.0,-0.33817026019096375
5879374848.0,-0.3409818112850189
5880312320.0,-0.34482619166374207
5881249792.0,-0.34870415925979614
5882187264.0,-0.35144901275634766
5883125248.0,-0.35499003529548645
5884062720.0,-0.35957252979278564
5885000192.0,-0.36463385820388794
5885937664.0,-0.3788830637931824
5886875136.0,-0.3835429251194
5887812608.0,-0.3883151412010193
5888750080.0,-0.39229172468185425
5889687552.0,-0.3963383138179779
5890625024.0,-0.39884063601493835
5891562496.0,-0.40081787109375
5892499968.0,-0.40213334560394287
5893437440.0,-0.4029175341129303
5894374912.0,-0.40398848056793213
5895312384.0,-0.4039108455181122
5896249856.0,-0.403774231672287
5897187328.0,-0.40317320823669434
5898124800.0,-0.40132877230644226
5899062272.0,-0.40159037709236145
5900000256.0,-0.40073010325431824
5900937728.0,-0.3999220132827759
5901875200.0,-0.3978263735771179
5902812672.0,-0.3965619206428528
5903750144.0,-0.3955576419830322
5904687616.0,-0.3945882022380829
5905625088.0,-0.39451852440834045
5906562560.0,-0.39396172761917114
5907500032.0,-0.39387109875679016
5908437504.0,-0.39367854595184326
5909374976.0,-0.3952862024307251
5910312448.0,-0.39702898263931274
5911249920.0,-0.39744025468826294
5912187392.0,-0.3989776074886322
5913124864.0,-0.3995759189128876
5914062336.0,-0.40228506922721863
5914999808.0,-0.40415218472480774
5915937280.0,-0.4069772958755493
5916874752.0,-0.4111836552619934
5917812736.0,-0.4155780076980591
5918750208.0,-0.420604407787323
5919687680.0,-0.42620986700057983
5920625152.0,-0.4342169761657715
5921562624.0,-0.44130030274391174
5922500096.0,-0.4494037330150604
5923437568.0,-0.45930230617523193
5924375040.0,-0.46816951036453247
5925312512.0,-0.4787367284297943
5926249984.0,-0.48805269598960876
5927187456.0,-0.49856463074684143
5928124928.0,-0.509185791015625
5929062400.0,-0.5196572542190552
5929999872.0,-0.5294765830039978
5930937344.0,-0.5405033826828003
5931874816.0,-0.5509998202323914
5932812288.0,-0.561237633228302
5933749760.0,-0.5699142813682556
5934687744.0,-0.5800079703330994
5935625216.0,-0.589690625667572
5936562688.0,-0.5987026691436768
5937500160.0,-0.6075608730316162
5938437632.0,-0.6165931224822998
5939375104.0,-0.6241992115974426
5940312576.0,-0.6316062808036804
5941250048.0,-0.6376433968544006
5942187520.0,-0.6420996189117432
5943124992.0,-0.645638108253479
5944062464.0,-0.6467564702033997
5944999936.0,-0.6462437510490417
5945937408.0,-0.4295348525047302
5946874880.0,-0.4448925256729126
5947812352.0,-0.4599124491214752
5948749824.0,-0.4758080542087555
5949687296.0,-0.49104300141334534
5950624768.0,-0.5051286816596985
5951562752.0,-0.5180707573890686
5952500224.0,-0.5301843285560608
5953437696.0,-0.5423138737678528
5954375168.0,-0.5521288514137268
5955312640.0,-0.560908854007721
5956250112.0,-0.5675498843193054
5957187584.0,-0.5737472176551819
5958125056.0,-0.5769144892692566
5959062528.0,-0.5795713663101196
5960000000.0,-0.5814703106880188
5960937472.0,-0.5802168250083923
5961874944.0,-0.5778576135635376
5962812416.0,-0.5742473006248474
5963749888.0,-0.5683072209358215
5964687360.0,-0.561880886554718
5965624832.0,-0.5534518361091614
5966562304.0,-0.543251097202301
5967499776.0,-0.5326957702636719
5968437248.0,-0.5208514928817749
5969375232.0,-0.5087812542915344
5970312704.0,-0.49812138080596924
5971250176.0,-0.4865994453430176
5972187648.0,-0.4753101170063019
5973125120.0,-0.4650368094444275
5974062592.0,-0.45642778277397156
5975000064.0,-0.4471636116504669
5975937536.0,-0.43841880559921265
5976875008.0,-0.4310317635536194
5977812480.0,-0.42522233724594116
5978749952.0,-0.41895705461502075
5979687424.0,-0.41423484683036804
5980624896.0,-0.410521924495697
5981562368.0,-0.40953800082206726
5982499840.0,-0.40802448987960815
5983437312.0,-0.40871626138687134
5984374784.0,-0.40969884395599365
5985312256.0,-0.41088083386421204
5986250240.0,-0.4137740135192871
5987187712.0,-0.41691339015960693
5988125184.0,-0.41966915130615234
5989062656.0,-0.4237704277038574
5990000128.0,-0.42745140194892883
5990937600.0,-0.4310869574546814
5991875072.0,-0.43509534001350403
5992812544.0,-0.4385220408439636
5993750016.0,-0.44194117188453674
5994687488.0,-0.44557270407676697
5995624960.0,-0.4490806758403778
5996562432.0,-0.4540286064147949
5997499904.0,-0.4575229287147522
5998437376.0,-0.4605094790458679
5999374848.0,-0.4640069305896759
6000312320.0,-0.46722549200057983
6001249792.0,-0.4710313379764557
6002187264.0,-0.4754067361354828
6003125248.0,-0.4792466461658478
6004062720.0,-0.48286131024360657
6005000192.0,-0.3820306658744812
6005937664.0,-0.39181795716285706
6006875136.0,-0.4032961428165436
6007812608.0,-0.41432419419288635
6008750080.0,-0.42735522985458374
6009687552.0,-0.4409078359603882
6010625024.0,-0.45634937286376953
6011562496.0,-0.4720986783504486
6012499968.0,-0.4875551760196686
6013437440.0,-0.5040479302406311
6014374912.0,-0.5214779376983643
6015312384.0,-0.5383970737457275
6016249856.0,-0.5553197860717773
6017187328.0,-0.5725389719009399
6018124800.0,-0.590238630771637
6019062272.0,-0.6064274311065674
6019999744.0,-0.6227290630340576
6020937728.0,-0.6374265551567078
6021875200.0,-0.6523821949958801
6022812672.0,-0.666276752948761
6023750144.0,-0.6787946820259094
6024687616.0,-0.6905378103256226
6025625088.0,-0.69984370470047
6026562560.0,-0.7080777287483215
6027500032.0,-0.7154711484909058
6028437504.0,-0.7186257243156433
6029374976.0,-0.7184056639671326
6030312448.0,-0.7169507145881653
6031249920.0,-0.7133858799934387
6032187392.0,-0.7076728343963623
6033124864.0,-0.7001566886901855
6034062336.0,-0.6902403831481934
6034999808.0,-0.679155170917511
6035937280.0,-0.6659295558929443
6036874752.0,-0.6518117189407349
6037812736.0,-0.6354626417160034
6038750208.0,-0.6184740662574768
6039687680.0,-0.6013436913490295
6040625152.0,-0.5844825506210327
6041562624.0,-0.5659577250480652
6042500096.0,-0.5481115579605103
6043437568.0,-0.5311430096626282
6044375040.0,-0.5145639777183533
6045312512.0,-0.49880027770996094
6046249984.0,-0.4837160110473633
6047187456.0,-0.46762192249298096
6048124928.0,-0.45415887236595154
6049062400.0,-0.44098955392837524
6049999872.0,-0.4288138449192047
6050937344.0,-0.4192062020301819
6051874816.0,-0.4103153944015503
6052812288.0,-0.4035777449607849
6053749760.0,-0.3967421054840088
6054687744.0,-0.3907412588596344
6055625216.0,-0.387686163187027
6056562688.0,-0.38493987917900085
6057500160.0,-0.3839350938796997
6058437632.0,-0.3840179741382599
6059375104.0,-0.38434112071990967
6060312576.0,-0.3861129879951477
6061250048.0,-0.38818785548210144
6062187520.0,-0.39123737812042236
6063124992.0,-0.3950856029987335
6064062464.0,-0.3989684581756592
6064999936.0,-0.39711254835128784
6065937408.0,-0.40137627720832825
6066874880.0,-0.4077935218811035
6067812352.0,-0.41370582580566406
6068749824.0,-0.4200383722782135
6069687296.0,-0.4274662733078003
6070624768.0,-0.43543481826782227
6071562752.0,-0.44399356842041016
6072500224.0,-0.45433926582336426
6073437696.0,-0.4644540846347809
6074375168.0,-0.47563615441322327
6075312640.0,-0.4846135377883911
6076250112.0,-0.4960506558418274
6077187584.0,-0.5072120428085327
6078125056.0,-0.5173863768577576
6079062528.0,-0.5272339582443237
6080000000.0,-0.5376887321472168
6080937472.0,-0.5464264750480652
6081874944.0,-0.5555285215377808
6082812416.0,-0.5637485980987549
6083749888.0,-0.5705541968345642
6084687360.0,-0.5768897533416748
6085624832.0,-0.5803311467170715
6086562304.0,-0.5838954448699951
6087499776.0,-0.5856266617774963
6088437248.0,-0.5876106023788452
6089375232.0,-0.5868908166885376
6090312704.0,-0.5860403776168823
6091250176.0,-0.5854110717773438
6092187648.0,-0.5828868746757507
6093125120.0,-0.5775976777076721
6094062592.0,-0.5728198289871216
6095000064.0,-0.566238522529602
6095937536.0,-0.5577274560928345
6096875008.0,-0.5488920211791992
6097812480.0,-0.5403510928153992
6098749952.0,-0.5313077569007874
6099687424.0,-0.5218303203582764
6100624896.0,-0.512114405632019
6101562368.0,-0.5026859045028687
6102499840.0,-0.49288928508758545
6103437312.0,-0.48426109552383423
6104374784.0,-0.47519898414611816
6105312256.0,-0.46662870049476624
6106250240.0,-0.45833295583724976
6107187712.0,-0.4506760835647583
6108125184.0,-0.44218772649765015
6109062656.0,-0.4351893365383148
6110000128.0,-0.4282071888446808
6110937600.0,-0.4203105866909027
6111875072.0,-0.4144481420516968
6112812544.0,-0.40761053562164307
6113750016.0,-0.40395262837409973
6114687488.0,-0.4001636803150177
6115624960.0,-0.3960205316543579
6116562432.0,-0.39331236481666565
6117499904.0,-0.39010217785835266
6118437376.0,-0.38861915469169617
6119374848.0,-0.38873958587646484
6120312320.0,-0.38700371980667114
6121249792.0,-0.38683441281318665
6122187264.0,-0.38715660572052
6123125248.0,-0.387984961271286
6124062720.0,-0.38980787992477417
6125000192.0,-0.5834961533546448
6125937664.0,-0.5938288569450378
6126875136.0,-0.6033772230148315
6127812608.0,-0.6135280132293701
6128750080.0,-0.622015118598938
6129687552.0,-0.6299983263015747
6130625024.0,-0.6376933455467224
6131562496.0,-0.6444650888442993
6132499968.0,-0.6510278582572937
6133437440.0,-0.6552718281745911
6134374912.0,-0.6601870059967041
6135312384.0,-0.6614989042282104
6136249856.0,-0.6636223196983337
6137187328.0,-0.6643446087837219
6138124800.0,-0.6645225286483765
6139062272.0,-0.6645802855491638
6140000256.0,-0.6630791425704956
6140937728.0,-0.6630272269248962
6141875200.0,-0.6615509390830994
6142812672.0,-0.6594136953353882
6143750144.0,-0.6566848754882812
6144687616.0,-0.6539984941482544
6145625088.0,-0.6499453783035278
6146562560.0,-0.6459282040596008
6147500032.0,-0.6429022550582886
6148437504.0,-0.6399563550949097
6149374976.0,-0.6373929381370544
6150312448.0,-0.6350966095924377
6151249920.0,-0.6334739923477173
6152187392.0,-0.6325964331626892
6153124864.0,-0.6330406069755554
6154062336.0,-0.6329569220542908
6154999808.0,-0.6326967477798462
6155937280.0,-0.6322904825210571
6156874752.0,-0.6325611472129822
6157812736.0,-0.6333999633789062
6158750208.0,-0.6348468661308289
6159687680.0,-0.6363359093666077
6160625152.0,-0.6395914554595947
6161562624.0,-0.6414228677749634
6162500096.0,-0.6443149447441101
6163437568.0,-0.6477998495101929
6164375040.0,-0.6509324908256531
6165312512.0,-0.6557579040527344
6166249984.0,-0.6614357829093933
6167187456.0,-0.6679399609565735
6168124928.0,-0.6753870844841003
6169062400.0,-0.683089017868042
6169999872.0,-0.6900047659873962
6170937344.0,-0.6986827254295349
6171874816.0,-0.707502007484436
6172812288.0,-0.7148345112800598
6173749760.0,-0.7241631746292114
6174687744.0,-0.7313216924667358
6175625216.0,-0.7392439246177673
6176562688.0,-0.7464008927345276
6177500160.0,-0.753463864326477
6178437632.0,-0.7615653276443481
6179375104.0,-0.769524097442627
6180312576.0,-0.776848316192627
6181250048.0,-0.785394012928009
6182187520.0,-0.7927148938179016
6183124992.0,-0.800250232219696
6184062464.0,-0.8053570985794067
6184999936.0,-0.6458779573440552
6185937408.0,-0.6651589274406433
6186874880.0,-0.684601366519928
6187812352.0,-0.7045145034790039
6188749824.0,-0.7240815162658691
6189687296.0,-0.7417407035827637
6190624768.0,-0.7587388753890991
6191562752.0,-0.7750662565231323
6192500224.0,-0.7921528816223145
6193437696.0,-0.8064712285995483
6194375168.0,-0.8204046487808228
6195312640.0,-0.8356419801712036
6196250112.0,-0.849340558052063
6197187584.0,-0.8612754940986633
6198125056.0,-0.8735103011131287
6199062528.0,-0.885149359703064
6200000000.0,-0.894109845161438
6200937472.0,-0.9021843075752258
6201874944.0,-0.9058371186256409
6202812416.0,-0.9084973931312561
6203749888.0,-0.9077433347702026
6204687360.0,-0.9042450785636902
6205624832.0,-0.8997576832771301
6206562304.0,-0.8935410976409912
6207499776.0,-0.8862230777740479
6208437248.0,-0.8778344988822937
6209375232.0,-0.868681788444519
6210312704.0,-0.8582524061203003
6211250176.0,-0.8463965058326721
6212187648.0,-0.8353532552719116
6213125120.0,-0.8220970034599304
6214062592.0,-0.8098236918449402
6215000064.0,-0.7956231236457825
6215937536.0,-0.7817330956459045
6216875008.0,-0.7679251432418823
6217812480.0,-0.7517709136009216
6218749952.0,-0.7384097576141357
6219687424.0,-0.7234017252922058
6220624896.0,-0.709135115146637
6221562368.0,-0.6958726644515991
6222499840.0,-0.6831920146942139
6223437312.0,-0.6705136299133301
6224374784.0,-0.6598722338676453
6225312256.0,-0.6486985087394714
6226250240.0,-0.641140341758728
6227187712.0,-0.6313738822937012
6228125184.0,-0.6236978769302368
6229062656.0,-0.6169945597648621
6230000128.0,-0.612642228603363
6230937600.0,-0.6073987483978271
6231875072.0,-0.6061598062515259
6232812544.0,-0.6049038171768188
6233750016.0,-0.6060557961463928
6234687488.0,-0.6088789701461792
6235624960.0,-0.612293541431427
6236562432.0,-0.6170876622200012
6237499904.0,-0.6217409372329712
6238437376.0,-0.6287848353385925
6239374848.0,-0.6364322900772095
6240312320.0,-0.6464887857437134
6241249792.0,-0.6561442017555237
6242187264.0,-0.6667894721031189
6243125248.0,-0.6779448986053467
6244062720.0,-0.6893436312675476
6245000192.0,-0.69777911901474
6245937664.0,-0.7109261751174927
6246875136.0,-0.7242238521575928
6247812608.0,-0.7372332811355591
6248750080.0,-0.7513975501060486
6249687552.0,-0.7650564908981323
6250625024.0,-0.7802757024765015
6251562496.0,-0.7941482663154602
6252499968.0,-0.8069255352020264
6253437440.0,-0.819351851940155
6254374912.0,-0.830771267414093
6255312384.0,-0.8420518636703491
6256249856.0,-0.8530572056770325
6257187328.0,-0.863193929195404
6258124800.0,-0.8740017414093018
6259062272.0,-0.8822720646858215
6259999744.0,-0.8904271721839905
6260937728.0,-0.89638751745224
6261875200.0,-0.9024527072906494
6262812672.0,-0.9058032631874084
6263750144.0,-0.9086433053016663
6264687616.0,-0.9083736538887024
6265625088.0,-0.908356785774231
6266562560.0,-0.9069859981536865
6267500032.0,-0.9060062170028687
6268437504.0,-0.9054165482521057
6269374976.0,-0.9029426574707031
6270312448.0,-0.9015533328056335
6271249920.0,-0.8985489010810852
6272187392.0,-0.8958609700202942
6273124864.0,-0.8937608003616333
6274062336.0,-0.8894304633140564
6274999808.0,-0.8877525925636292
6275937280.0,-0.8854082822799683
6276874752.0,-0.8812254667282104
6277812736.0,-0.8776674866676331
6278750208.0,-0.8736178278923035
6279687680.0,-0.8689114451408386
6280625152.0,-0.8641878366470337
6281562624.0,-0.8599562048912048
6282500096.0,-0.8560158610343933
6283437568.0,-0.8530102968215942
6284375040.0,-0.8510249853134155
6285312512.0,-0.8501885533332825
6286249984.0,-0.8498646020889282
6287187456.0,-0.8509705066680908
6288124928.0,-0.8524268269538879
6289062400.0,-0.8546236157417297
6289999872.0,-0.8574534058570862
6290937344.0,-0.8598924875259399
6291874816.0,-0.8629540801048279
6292812288.0,-0.866226315498352
6293749760.0,-0.8707584738731384
6294687744.0,-0.8755213618278503
6295625216.0,-0.8807006478309631
6296562688.0,-0.8862761855125427
6297500160.0,-0.8930175304412842
6298437632.0,-0.9013106822967529
6299375104.0,-0.9101009368896484
6300312576.0,-0.9199735522270203
6301250048.0,-0.9295762181282043
6302187520.0,-0.9403331875801086
6303124992.0,-0.9513468146324158
6304062464.0,-0.963153064250946
6304999936.0,-0.9903325438499451
6305937408.0,-0.9995402693748474
6306874880.0,-1.0109480619430542
6307812352.0,-1.0230331420898438
6308749824.0,-1.033029317855835
6309687296.0,-1.045272707939148
6310624768.0,-1.0560247898101807
6311562752.0,-1.0665806531906128
6312500224.0,-1.0751187801361084
6313437696.0,-1.0847195386886597
6314375168.0,-1.0930684804916382
6315312640.0,-1.1004668474197388
6316250112.0,-1.1088885068893433
6317187584.0,-1.1181507110595703
6318125056.0,-1.1267280578613281
6319062528.0,-1.1356819868087769
6320000000.0,-1.1460270881652832
6320937472.0,-1.1563806533813477
6321874944.0,-1.1673375368118286
6322812416.0,-1.1786147356033325
6323749888.0,-1.1882052421569824
6324687360.0,-1.1989046335220337
6325624832.0,-1.2088260650634766
6326562304.0,-1.2194079160690308
6327499776.0,-1.227784276008606
6328437248.0,-1.2388489246368408
6329375232.0,-1.2464430332183838
6330312704.0,-1.2544013261795044
6331250176.0,-1.2614963054656982
6332187648.0,-1.268851637840271
6333125120.0,-1.2745901346206665
6334062592.0,-1.2778905630111694
6335000064.0,-1.2803821563720703
6335937536.0,-1.282431960105896
6336875008.0,-1.282016396522522
6337812480.0,-1.2822248935699463
6338749952.0,-1.281943917274475
6339687424.0,-1.2789874076843262
6340624896.0,-1.274891972541809
6341562368.0,-1.26964271068573
6342499840.0,-1.2608799934387207
6343437312.0,-1.251168131828308
6344374784.0,-1.2410387992858887
6345312256.0,-1.228134274482727
6346250240.0,-1.2165520191192627
6347187712.0,-1.2044346332550049
6348125184.0,-1.1914035081863403
6349062656.0,-1.177848219871521
6350000128.0,-1.1656367778778076
6350937600.0,-1.1530815362930298
6351875072.0,-1.1384246349334717
6352812544.0,-1.1242029666900635
6353750016.0,-1.109830617904663
6354687488.0,-1.0951250791549683
6355624960.0,-1.081764817237854
6356562432.0,-1.069612741470337
6357499904.0,-1.0580767393112183
6358437376.0,-1.048816204071045
6359374848.0,-1.0402623414993286
6360312320.0,-1.0321600437164307
6361249792.0,-1.0274096727371216
6362187264.0,-1.0214241743087769
6363125248.0,-1.0177465677261353
6364062720.0,-1.014328122138977
6365000192.0,-1.3845438957214355
6365937664.0,-1.3980138301849365
6366875136.0,-1.4102301597595215
6367812608.0,-1.4227955341339111
6368750080.0,-1.4362287521362305
6369687552.0,-1.4507273435592651
6370625024.0,-1.4628968238830566
6371562496.0,-1.476365566253662
6372499968.0,-1.490817904472351
6373437440.0,-1.5057423114776611
6374374912.0,-1.518038272857666
6375312384.0,-1.5302165746688843
6376249856.0,-1.5395374298095703
6377187328.0,-1.54678475856781
6378124800.0,-1.5529159307479858
6379062272.0,-1.5574766397476196
6380000256.0,-1.5613864660263062
6380937728.0,-1.5625430345535278
6381875200.0,-1.5636199712753296
6382812672.0,-1.5642250776290894
6383750144.0,-1.5638632774353027
6384687616.0,-1.5621508359909058
6385625088.0,-1.560704231262207
6386562560.0,-1.5595157146453857
6387500032.0,-1.5581899881362915
6388437504.0,-1.5550146102905273
6389374976.0,-1.5511789321899414
6390312448.0,-1.5468509197235107
6391249920.0,-1.5400069952011108
6392187392.0,-1.5330106019973755
6393124864.0,-1.525728702545166
6394062336.0,-1.5168943405151367
6394999808.0,-1.5064473152160645
6395937280.0,-1.4954921007156372
6396874752.0,-1.4829115867614746
6397812736.0,-1.4719980955123901
6398750208.0,-1.4624215364456177
6399687680.0,-1.4539600610733032
6400625152.0,-1.4465718269348145
6401562624.0,-1.4414000511169434
6402500096.0,-1.4389855861663818
6403437568.0,-1.4343547821044922
6404375040.0,-1.432916522026062
6405312512.0,-1.434998869895935
6406249984.0,-1.435958743095398
6407187456.0,-1.4394330978393555
6408124928.0,-1.4425971508026123
6409062400.0,-1.44808030128479
6409999872.0,-1.4562928676605225
6410937344.0,-1.4651402235031128
6411874816.0,-1.4763156175613403
6412812288.0,-1.4901790618896484
6413749760.0,-1.5073314905166626
6414687744.0,-1.5246984958648682
6415625216.0,-1.54481840133667
6416562688.0,-1.5661299228668213
6417500160.0,-1.5868618488311768
6418437632.0,-1.6109366416931152
6419375104.0,-1.6341055631637573
6420312576.0,-1.656856894493103
6421250048.0,-1.6816813945770264
6422187520.0,-1.706485390663147
6423124992.0,-1.7332775592803955
6424062464.0,-1.7625283002853394
6424999936.0,-1.7948534488677979
6425937408.0,-1.8269362449645996
6426874880.0,-1.8587876558303833
6427812352.0,-1.891283392906189
6428749824.0,-1.9247405529022217
6429687296.0,-1.9584548473358154
6430624768.0,-1.9901862144470215
6431562752.0,-2.0210769176483154
6432500224.0,-2.052252769470215
6433437696.0,-2.081327438354492
6434375168.0,-2.1108176708221436
6435312640.0,-2.139686346054077
6436250112.0,-2.167377471923828
6437187584.0,-2.1936240196228027
6438125056.0,-2.218410015106201
6439062528.0,-2.2404706478118896
6440000000.0,-2.2607998847961426
6440937472.0,-2.279663324356079
6441874944.0,-2.2954061031341553
6442812416.0,-2.308256149291992
6443749888.0,-2.3191168308258057
6444687360.0,-2.3284358978271484
6445624832.0,-2.3375070095062256
6446562304.0,-2.3443565368652344
6447499776.0,-2.35031795501709
6448437248.0,-2.352896213531494
6449375232.0,-2.3549413681030273
6450312704.0,-2.3546650409698486
6451250176.0,-2.3528523445129395
6452187648.0,-2.35149884223938
6453125120.0,-2.347938060760498
6454062592.0,-2.3437557220458984
6455000064.0,-2.339116334915161
6455937536.0,-2.333749771118164
6456875008.0,-2.329587459564209
6457812480.0,-2.32572340965271
6458749952.0,-2.3242340087890625
6459687424.0,-2.3235859870910645
6460624896.0,-2.3225600719451904
6461562368.0,-2.3234591484069824
6462499840.0,-2.323050022125244
6463437312.0,-2.3232791423797607
6464374784.0,-2.3242380619049072
6465312256.0,-2.3264341354370117
6466250240.0,-2.3284335136413574
6467187712.0,-2.3334784507751465
6468125184.0,-2.339423656463623
6469062656.0,-2.3470489978790283
6470000128.0,-2.355954885482788
6470937600.0,-2.366274833679199
6471875072.0,-2.3768553733825684
6472812544.0,-2.389194965362549
6473750016.0,-2.4025349617004395
6474687488.0,-2.4147865772247314
6475624960.0,-2.429408311843872
6476562432.0,-2.4456164836883545
6477499904.0,-2.4652633666992188
6478437376.0,-2.484812021255493
6479374848.0,-2.5079798698425293
6480312320.0,-2.5320534706115723
6481249792.0,-2.5590240955352783
6482187264.0,-2.589613437652588
6483125248.0,-2.621720552444458
6484062720.0,-2.6553313732147217
6485000192.0,-2.755707025527954
6485937664.0,-2.781022310256958
6486875136.0,-2.8076424598693848
6487812608.0,-2.835179090499878
6488750080.0,-2.8648505210876465
6489687552.0,-2.893791913986206
6490625024.0,-2.925173759460449
6491562496.0,-2.956547975540161
6492499968.0,-2.9865987300872803
6493437440.0,-3.0153398513793945
6494374912.0,-3.0435421466827393
6495312384.0,-3.071467638015747
6496249856.0,-3.100123167037964
6497187328.0,-3.128945827484131
6498124800.0,-3.157794237136841
6499062272.0,-3.1891417503356934
6499999744.0,-3.219694137573242
6500937728.0,-3.251206874847412
6501875200.0,-3.2815239429473877
6502812672.0,-3.3105225563049316
6503750144.0,-3.33587646484375
6504687616.0,-3.3596596717834473
6505625088.0,-3.379356861114502
6506562560.0,-3.398725986480713
6507500032.0,-3.4173383712768555
6508437504.0,-3.4390268325805664
6509374976.0,-3.4624054431915283
6510312448.0,-3.4891929626464844
6511249920.0,-3.519580364227295
6512187392.0,-3.549631118774414
6513124864.0,-3.5809130668640137
6514062336.0,-3.6125338077545166
6514999808.0,-3.641899824142456
6515937280.0,-3.672883987426758
6516874752.0,-3.703148603439331
6517812736.0,-3.7340266704559326
6518750208.0,-3.7672817707061768
6519687680.0,-3.800589084625244
6520625152.0,-3.8351032733917236
6521562624.0,-3.8713510036468506
6522500096.0,-3.9068751335144043
6523437568.0,-3.9438061714172363
6524375040.0,-3.9830775260925293
6525312512.0,-4.022273540496826
6526249984.0,-4.063445568084717
6527187456.0,-4.104391098022461
6528124928.0,-4.146444797515869
6529062400.0,-4.189835548400879
6529999872.0,-4.233307361602783
6530937344.0,-4.278521537780762
6531874816.0,-4.324441909790039
6532812288.0,-4.372849941253662
6533749760.0,-4.422002792358398
6534687744.0,-4.470641613006592
6535625216.0,-4.518773078918457
6536562688.0,-4.567678451538086
6537500160.0,-4.61707878112793
6538437632.0,-4.667373180389404
6539375104.0,-4.721048831939697
6540312576.0,-4.771263599395752
6541250048.0,-4.8208794593811035
6542187520.0,-4.866806507110596
6543124992.0,-4.910501480102539
6544062464.0,-4.949770450592041
6544999936.0,-4.984619617462158
6545937408.0,-5.0276055335998535
6546874880.0,-5.070183277130127
6547812352.0,-5.116731643676758
6548749824.0,-5.166154861450195
6549687296.0,-5.215407848358154
6550624768.0,-5.263464450836182
6551562752.0,-5.310883522033691
6552500224.0,-5.357799530029297
6553437696.0,-5.407576084136963
6554375168.0,-5.4568328857421875
6555312640.0,-5.505785942077637
6556250112.0,-5.554811000823975
6557187584.0,-5.604844093322754
6558125056.0,-5.653987884521484
6559062528.0,-5.702682971954346
6560000000.0,-5.752645969390869
6560937472.0,-5.802570819854736
6561874944.0,-5.853634834289551
6562812416.0,-5.908305644989014
6563749888.0,-5.967747211456299
6564687360.0,-6.029378414154053
6565624832.0,-6.0969977378845215
6566562304.0,-6.161527633666992
6567499776.0,-6.225507736206055
6568437248.0,-6.2889814376831055
6569375232.0,-6.350497722625732
6570312704.0,-6.411433219909668
6571250176.0,-6.4738874435424805
6572187648.0,-6.538253307342529
6573125120.0,-6.6039862632751465
6574062592.0,-6.671756744384766
6575000064.0,-6.739330291748047
6575937536.0,-6.811694622039795
6576875008.0,-6.891520977020264
6577812480.0,-6.9744744300842285
6578749952.0,-7.064844131469727
6579687424.0,-7.1619553565979
6580624896.0,-7.259509563446045
6581562368.0,-7.360602378845215
6582499840.0,-7.458199977874756
6583437312.0,-7.553128719329834
6584374784.0,-7.645994663238525
6585312256.0,-7.733395576477051
6586250240.0,-7.819161891937256
6587187712.0,-7.905501365661621
6588125184.0,-7.988028526306152
6589062656.0,-8.07036018371582
6590000128.0,-8.159171104431152
6590937600.0,-8.250911712646484
6591875072.0,-8.34406852722168
6592812544.0,-8.445624351501465
6593750016.0,-8.551454544067383
6594687488.0,-8.660438537597656
6595624960.0,-8.76893424987793
6596562432.0,-8.881834983825684
6597499904.0,-8.992838859558105
6598437376.0,-9.103466987609863
6599374848.0,-9.21451473236084
6600312320.0,-9.324711799621582
6601249792.0,-9.436976432800293
6602187264.0,-9.55016803741455
6603125248.0,-9.665852546691895
6604062720.0,-9.774576187133789
6605000192.0,-9.872149467468262
6605937664.0,-9.96889877319336
6606875136.0,-10.064939498901367
6607812608.0,-10.165855407714844
6608750080.0,-10.263381958007812
6609687552.0,-10.361462593078613
6610625024.0,-10.459973335266113
6611562496.0,-10.55471420288086
6612499968.0,-10.646126747131348
6613437440.0,-10.73221206665039
6614374912.0,-10.819055557250977
6615312384.0,-10.90285873413086
6616249856.0,-10.985074996948242
6617187328.0,-11.063385963439941
6618124800.0,-11.129334449768066
6619062272.0,-11.19226360321045
6620000256.0,-11.246798515319824
6620937728.0,-11.298770904541016
6621875200.0,-11.350372314453125
6622812672.0,-11.40176010131836
6623750144.0,-11.45666790008545
6624687616.0,-11.506147384643555
6625625088.0,-11.551657676696777
6626562560.0,-11.59307861328125
6627500032.0,-11.625250816345215
6628437504.0,-11.6461181640625
6629374976.0,-11.654499053955078
6630312448.0,-11.659122467041016
6631249920.0,-11.662580490112305
6632187392.0,-11.670331954956055
6633124864.0,-11.677331924438477
6634062336.0,-11.682619094848633
6634999808.0,-11.686208724975586
6635937280.0,-11.684478759765625
6636874752.0,-11.675154685974121
6637812736.0,-11.650402069091797
6638750208.0,-11.6161470413208
6639687680.0,-11.568942070007324
6640625152.0,-11.520636558532715
6641562624.0,-11.474496841430664
6642500096.0,-11.421934127807617
6643437568.0,-11.367009162902832
6644375040.0,-11.308206558227539
6645312512.0,-11.247113227844238
6646249984.0,-11.181119918823242
6647187456.0,-11.1107177734375
6648124928.0,-11.03250789642334
6649062400.0,-10.9501371383667
6649999872.0,-10.863789558410645
6650937344.0,-10.779030799865723
6651874816.0,-10.691347122192383
6652812288.0,-10.606184959411621
6653749760.0,-10.518333435058594
6654687744.0,-10.426056861877441
6655625216.0,-10.331087112426758
6656562688.0,-10.231939315795898
6657500160.0,-10.134560585021973
6658437632.0,-10.034832000732422
6659375104.0,-9.930922508239746
6660312576.0,-9.82869815826416
6661250048.0,-9.723343849182129
6662187520.0,-9.621291160583496
6663124992.0,-9.517887115478516
6664062464.0,-9.41689395904541
6664999936.0,-9.29867172241211
6665937408.0,-9.196243286132812
6666874880.0,-9.088506698608398
6667812352.0,-8.982233047485352
6668749824.0,-8.872334480285645
6669687296.0,-8.76192855834961
6670624768.0,-8.654677391052246
6671562752.0,-8.543461799621582
6672500224.0,-8.432645797729492
6673437696.0,-8.320760726928711
6674375168.0,-8.21309757232666
6675312640.0,-8.1057710647583
6676250112.0,-8.003045082092285
6677187584.0,-7.901375770568848
6678125056.0,-7.801058769226074
6679062528.0,-7.7036051750183105
6680000000.0,-7.611569404602051
6680937472.0,-7.5236711502075195
6681874944.0,-7.437840938568115
6682812416.0,-7.354032039642334
6683749888.0,-7.269874095916748
6684687360.0,-7.191346168518066
6685624832.0,-7.114631175994873
6686562304.0,-7.040572166442871
6687499776.0,-6.967794895172119
6688437248.0,-6.898099899291992
6689375232.0,-6.830322742462158
6690312704.0,-6.765737533569336
6691250176.0,-6.703269004821777
6692187648.0,-6.644071578979492
6693125120.0,-6.588347911834717
6694062592.0,-6.535484790802002
6695000064.0,-6.481977462768555
6695937536.0,-6.431623935699463
6696875008.0,-6.379940032958984
6697812480.0,-6.326080322265625
6698749952.0,-6.273532867431641
6699687424.0,-6.217490196228027
6700624896.0,-6.161162376403809
6701562368.0,-6.10603141784668
6702499840.0,-6.051964282989502
6703437312.0,-5.997806549072266
6704374784.0,-5.9457783699035645
6705312256.0,-5.894599914550781
6706250240.0,-5.839351654052734
6707187712.0,-5.782721996307373
6708125184.0,-5.72371244430542
6709062656.0,-5.664173603057861
6710000128.0,-5.605821132659912
6710937600.0,-5.5448150634765625
6711875072.0,-5.488282203674316
6712812544.0,-5.431232929229736
6713750016.0,-5.372847080230713
6714687488.0,-5.314524173736572
6715624960.0,-5.251803874969482
6716562432.0,-5.186814308166504
6717499904.0,-5.12136173248291
6718437376.0,-5.054775238037109
6719374848.0,-4.987630367279053
6720312320.0,-4.921261787414551
6721249792.0,-4.853846073150635
6722187264.0,-4.78906774520874
6723125248.0,-4.723380088806152
6724062720.0,-4.660743236541748
6725000192.0,-4.3791093826293945
6725937664.0,-4.310451030731201
6726875136.0,-4.242806434631348
6727812608.0,-4.1780242919921875
6728750080.0,-4.112091064453125
6729687552.0,-4.045626163482666
6730625024.0,-3.982877731323242
6731562496.0,-3.9204888343811035
6732499968.0,-3.8627681732177734
6733437440.0,-3.8083033561706543
6734374912.0,-3.758265256881714
6735312384.0,-3.708608865737915
6736249856.0,-3.6611452102661133
6737187328.0,-3.6127896308898926
6738124800.0,-3.5673296451568604
6739062272.0,-3.52199125289917
6739999744.0,-3.48102068901062
6740937728.0,-3.4437317848205566
6741875200.0,-3.4089627265930176
6742812672.0,-3.374725818634033
6743750144.0,-3.3441760540008545
6744687616.0,-3.318035840988159
6745625088.0,-3.292755126953125
6746562560.0,-3.270134449005127
6747500032.0,-3.248178005218506
6748437504.0,-3.2276053428649902
6749374976.0,-3.2083680629730225
6750312448.0,-3.1878256797790527
6751249920.0,-3.170114755630493
6752187392.0,-3.149048328399658
6753124864.0,-3.1321260929107666
6754062336.0,-3.114755153656006
6754999808.0,-3.098005771636963
6755937280.0,-3.0800812244415283
6756874752.0,-3.061879873275757
6757812736.0,-3.0427417755126953
6758750208.0,-3.025087356567383
6759687680.0,-3.0067174434661865
6760625152.0,-2.9883790016174316
6761562624.0,-2.968665838241577
6762500096.0,-2.9488298892974854
6763437568.0,-2.927361011505127
6764375040.0,-2.9045286178588867
6765312512.0,-2.880488157272339
6766249984.0,-2.8570895195007324
6767187456.0,-2.832047700881958
6768124928.0,-2.8060977458953857
6769062400.0,-2.777463436126709
6769999872.0,-2.747767448425293
6770937344.0,-2.718031883239746
6771874816.0,-2.6854193210601807
6772812288.0,-2.6526095867156982
6773749760.0,-2.6193809509277344
6774687744.0,-2.5847675800323486
6775625216.0,-2.5528364181518555
6776562688.0,-2.521007776260376
6777500160.0,-2.486558198928833
6778437632.0,-2.4581446647644043
6779375104.0,-2.430668354034424
6780312576.0,-2.3994827270507812
6781250048.0,-2.3699066638946533
6782187520.0,-2.340102195739746
6783124992.0,-2.311577558517456
6784062464.0,-2.2820639610290527
6784999936.0,-2.2599616050720215
6785937408.0,-2.224961042404175
6786874880.0,-2.191204071044922
6787812352.0,-2.1590476036071777
6788749824.0,-2.126142740249634
6789687296.0,-2.096952199935913
6790624768.0,-2.067105531692505
6791562752.0,-2.0396363735198975
6792500224.0,-2.013108730316162
6793437696.0,-1.9902421236038208
6794375168.0,-1.9665850400924683
6795312640.0,-1.9453774690628052
6796250112.0,-1.9266457557678223
6797187584.0,-1.90794837474823
6798125056.0,-1.89189612865448
6799062528.0,-1.8784748315811157
6800000000.0,-1.8652335405349731
6800937472.0,-1.851983666419983
6801874944.0,-1.838437795639038
6802812416.0,-1.8253790140151978
6803749888.0,-1.8135325908660889
6804687360.0,-1.8010364770889282
6805624832.0,-1.7903428077697754
6806562304.0,-1.7791645526885986
6807499776.0,-1.7688521146774292
6808437248.0,-1.7564085721969604
6809375232.0,-1.7447668313980103
6810312704.0,-1.7341700792312622
6811250176.0,-1.7226446866989136
6812187648.0,-1.7104136943817139
6813125120.0,-1.697754144668579
6814062592.0,-1.6849236488342285
6815000064.0,-1.6706300973892212
6815937536.0,-1.6578080654144287
6816875008.0,-1.644199013710022
6817812480.0,-1.6318856477737427
6818749952.0,-1.6168526411056519
6819687424.0,-1.6035070419311523
6820624896.0,-1.5868194103240967
6821562368.0,-1.5691676139831543
6822499840.0,-1.5516431331634521
6823437312.0,-1.532981276512146
6824374784.0,-1.5130622386932373
6825312256.0,-1.4930038452148438
6826250240.0,-1.4711533784866333
6827187712.0,-1.4509079456329346
6828125184.0,-1.4297668933868408
6829062656.0,-1.4080524444580078
6830000128.0,-1.3849568367004395
6830937600.0,-1.3621670007705688
6831875072.0,-1.338327169418335
6832812544.0,-1.3156023025512695
6833750016.0,-1.2931829690933228
6834687488.0,-1.2716432809829712
6835624960.0,-1.251173734664917
6836562432.0,-1.230936884880066
6837499904.0,-1.210684895515442
6838437376.0,-1.1915732622146606
6839374848.0,-1.172804594039917
6840312320.0,-1.1570193767547607
6841249792.0,-1.141371488571167
6842187264.0,-1.127812147140503
6843125248.0,-1.1161187887191772
6844062720.0,-1.105065941810608
6845000192.0,-1.068843126296997
6845937664.0,-1.0609018802642822
6846875136.0,-1.053383231163025
6847812608.0,-1.048344612121582
6848750080.0,-1.0439181327819824
6849687552.0,-1.0406309366226196
6850625024.0,-1.037412166595459
6851562496.0,-1.036010980606079
6852499968.0,-1.0364099740982056
6853437440.0,-1.037982702255249
6854374912.0,-1.0387563705444336
6855312384.0,-1.0417214632034302
6856249856.0,-1.0458506345748901
6857187328.0,-1.0499627590179443
6858124800.0,-1.0557459592819214
6859062272.0,-1.0627124309539795
6860000256.0,-1.070693850517273
6860937728.0,-1.0785866975784302
6861875200.0,-1.088000774383545
6862812672.0,-1.0986109972000122
6863750144.0,-1.1091011762619019
6864687616.0,-1.1193134784698486
6865625088.0,-1.1296082735061646
6866562560.0,-1.1400116682052612
6867500032.0,-1.149010181427002
6868437504.0,-1.15944242477417
6869374976.0,-1.1683707237243652
6870312448.0,-1.1765767335891724
6871249920.0,-1.1850345134735107
6872187392.0,-1.1902669668197632
6873124864.0,-1.1956158876419067
6874062336.0,-1.1986465454101562
6874999808.0,-1.2002995014190674
6875937280.0,-1.199926495552063
6876874752.0,-1.1974889039993286
6877812736.0,-1.1947684288024902
6878750208.0,-1.1877912282943726
6879687680.0,-1.1800334453582764
6880625152.0,-1.1660869121551514
6881562624.0,-1.1521865129470825
6882500096.0,-1.135137677192688
6883437568.0,-1.1149532794952393
6884375040.0,-1.094260573387146
6885312512.0,-1.0718412399291992
6886249984.0,-1.0481864213943481
6887187456.0,-1.0224530696868896
6888124928.0,-0.996743381023407
6889062400.0,-0.9687510132789612
6889999872.0,-0.9410502910614014
6890937344.0,-0.9123423099517822
6891874816.0,-0.8829165697097778
6892812288.0,-0.852318525314331
6893749760.0,-0.8221051096916199
6894687744.0,-0.7909427881240845
6895625216.0,-0.7611119151115417
6896562688.0,-0.7305001616477966
6897500160.0,-0.7012205719947815
6898437632.0,-0.6727217435836792
6899375104.0,-0.6446476578712463
6900312576.0,-0.6170137524604797
6901250048.0,-0.5916699767112732
6902187520.0,-0.5666903853416443
6903124992.0,-0.5430343747138977
6904062464.0,-0.5206630229949951
6904999936.0,-0.48550739884376526
6905937408.0,-0.4806897044181824
6906874880.0,-0.4792950749397278
6907812352.0,-0.47720423340797424
6908749824.0,-0.4772917628288269
6909687296.0,-0.47840696573257446
6910624768.0,-0.48065832257270813
6911562752.0,-0.4831855595111847
6912500224.0,-0.48877063393592834
6913437696.0,-0.49243196845054626
6914375168.0,-0.49914950132369995
6915312640.0,-0.5057450532913208
6916250112.0,-0.5137325525283813
6917187584.0,-0.5221801996231079
6918125056.0,-0.5303372740745544
6919062528.0,-0.5392696857452393
6920000000.0,-0.5480473041534424
6920937472.0,-0.5571230053901672
6921874944.0,-0.5671370029449463
6922812416.0,-0.5753943920135498
6923749888.0,-0.5850914120674133
6924687360.0,-0.5948841571807861
6925624832.0,-0.6030763983726501
6926562304.0,-0.6124622821807861
6927499776.0,-0.6206036806106567
6928437248.0,-0.6284753680229187
6929375232.0,-0.6372225880622864
6930312704.0,-0.6438833475112915
6931250176.0,-0.6522742509841919
6932187648.0,-0.6625784635543823
6933125120.0,-0.6702383756637573
6934062592.0,-0.6778643727302551
6935000064.0,-0.6842338442802429
6935937536.0,-0.6903983354568481
6936875008.0,-0.6946476101875305
6937812480.0,-0.6984798312187195
6938749952.0,-0.7018298506736755
6939687424.0,-0.7040738463401794
6940624896.0,-0.7052515149116516
6941562368.0,-0.7068283557891846
6942499840.0,-0.7070221900939941
6943437312.0,-0.7058520317077637
6944374784.0,-0.7035772204399109
6945312256.0,-0.700975775718689
6946250240.0,-0.6962355971336365
6947187712.0,-0.6902938485145569
6948125184.0,-0.6848558187484741
6949062656.0,-0.6782252788543701
6950000128.0,-0.6706604361534119
6950937600.0,-0.6615121960639954
6951875072.0,-0.6526093482971191
6952812544.0,-0.6414759755134583
6953750016.0,-0.6303213834762573
6954687488.0,-0.6191836595535278
6955624960.0,-0.606031596660614
6956562432.0,-0.5946454405784607
6957499904.0,-0.5827412605285645
6958437376.0,-0.570048451423645
6959374848.0,-0.5575480461120605
6960312320.0,-0.5441805124282837
6961249792.0,-0.5292946696281433
6962187264.0,-0.5137507915496826
6963125248.0,-0.4984264373779297
6964062720.0,-0.48270881175994873
6965000192.0,-0.4035332500934601
6965937664.0,-0.3953459858894348
6966875136.0,-0.3879448175430298
6967812608.0,-0.38091981410980225
6968750080.0,-0.3732573688030243
6969687552.0,-0.36603766679763794
6970625024.0,-0.35935622453689575
6971562496.0,-0.3523275554180145
6972499968.0,-0.3468841016292572
6973437440.0,-0.3427445590496063
6974374912.0,-0.3375718891620636
6975312384.0,-0.335468590259552
6976249856.0,-0.3314932584762573
6977187328.0,-0.3302995264530182
6978124800.0,-0.33064302802085876
6979062272.0,-0.3299805223941803
6979999744.0,-0.331591933965683
6980937728.0,-0.3335421085357666
6981875200.0,-0.33569270372390747
6982812672.0,-0.33913448452949524
6983750144.0,-0.34345853328704834
6984687616.0,-0.3482429087162018
6985625088.0,-0.3559723496437073
6986562560.0,-0.36422497034072876
6987500032.0,-0.37208807468414307
6988437504.0,-0.3827429413795471
6989374976.0,-0.39353904128074646
6990312448.0,-0.4048263728618622
6991249920.0,-0.41634005308151245
6992187392.0,-0.4284948706626892
6993124864.0,-0.44188523292541504
6994062336.0,-0.4545847475528717
6994999808.0,-0.46734869480133057
6995937280.0,-0.48023197054862976
6996874752.0,-0.49193716049194336
6997812736.0,-0.504421591758728
6998750208.0,-0.5168305039405823
6999687680.0,-0.5281707048416138
7000625152.0,-0.537996768951416
7001562624.0,-0.5470970869064331
7002500096.0,-0.5552579760551453
7003437568.0,-0.5623833537101746
7004375040.0,-0.5692358613014221
7005312512.0,-0.572712779045105
7006249984.0,-0.5769340395927429
7007187456.0,-0.5791015028953552
7008124928.0,-0.5789316296577454
7009062400.0,-0.5786322355270386
7009999872.0,-0.5760805010795593
7010937344.0,-0.5728230476379395
7011874816.0,-0.5677529573440552
7012812288.0,-0.5636943578720093
7013749760.0,-0.5567639470100403
7014687744.0,-0.5490826368331909
7015625216.0,-0.5415794849395752
7016562688.0,-0.5331908464431763
7017500160.0,-0.5227372646331787
7018437632.0,-0.5137404203414917
7019375104.0,-0.5055292248725891
7020312576.0,-0.49556177854537964
7021250048.0,-0.48681119084358215
7022187520.0,-0.47740405797958374
7023124992.0,-0.46776339411735535
7024062464.0,-0.4587315320968628
7024999936.0,-0.43285444378852844
7025937408.0,-0.42486947774887085
7026874880.0,-0.4184367060661316
7027812352.0,-0.41344285011291504
7028749824.0,-0.4075368344783783
7029687296.0,-0.4058986306190491
7030624768.0,-0.4028567373752594
7031562752.0,-0.4023221731185913
7032500224.0,-0.402858167886734
7033437696.0,-0.4044405221939087
7034375168.0,-0.4080002009868622
7035312640.0,-0.41147175431251526
7036250112.0,-0.41777244210243225
7037187584.0,-0.42435285449028015
7038125056.0,-0.4317786693572998
7039062528.0,-0.44014960527420044
7040000000.0,-0.44847387075424194
7040937472.0,-0.4573191702365875
7041874944.0,-0.4674595892429352
7042812416.0,-0.47543567419052124
7043749888.0,-0.48429134488105774
7044687360.0,-0.4936630427837372
7045624832.0,-0.501473605632782
7046562304.0,-0.5077200531959534
7047499776.0,-0.5142742991447449
7048437248.0,-0.5184291005134583
7049375232.0,-0.5230246782302856
7050312704.0,-0.5238043665885925
7051250176.0,-0.5237048268318176
7052187648.0,-0.5235978960990906
7053125120.0,-0.5198331475257874
7054062592.0,-0.5163711905479431
7055000064.0,-0.5090444087982178
7055937536.0,-0.5008341670036316
7056875008.0,-0.4889870285987854
7057812480.0,-0.4770197868347168
7058749952.0,-0.4616087079048157
7059687424.0,-0.44557374715805054
7060624896.0,-0.4268956780433655
7061562368.0,-0.40731745958328247
7062499840.0,-0.3883170783519745
7063437312.0,-0.36670440435409546
7064374784.0,-0.34471169114112854
7065312256.0,-0.3231372535228729
7066250240.0,-0.30131641030311584
7067187712.0,-0.2800774574279785
7068125184.0,-0.25879624485969543
7069062656.0,-0.2381470650434494
7070000128.0,-0.2185659259557724
7070937600.0,-0.1997750848531723
7071875072.0,-0.18241478502750397
7072812544.0,-0.16477210819721222
7073750016.0,-0.15069574117660522
7074687488.0,-0.13743671774864197
7075624960.0,-0.12621931731700897
7076562432.0,-0.11637945473194122
7077499904.0,-0.10858115553855896
7078437376.0,-0.10381601750850677
7079374848.0,-0.10169779509305954
7080312320.0,-0.10131096839904785
7081249792.0,-0.10360310226678848
7082187264.0,-0.10939889401197433
7083125248.0,-0.1164403185248375
7084062720.0,-0.12494657188653946
7085000192.0,-0.2788359820842743
7085937664.0,-0.290436714887619
7086875136.0,-0.3038579821586609
7087812608.0,-0.31988608837127686
7088750080.0,-0.3360850512981415
7089687552.0,-0.3554295003414154
7090625024.0,-0.3758525550365448
7091562496.0,-0.3985958695411682
7092499968.0,-0.42391473054885864
7093437440.0,-0.45084354281425476
7094374912.0,-0.4797268211841583
7095312384.0,-0.5103128552436829
7096249856.0,-0.5419743657112122
7097187328.0,-0.5742776989936829
7098124800.0,-0.6076965928077698
7099062272.0,-0.6411563754081726
7100000256.0,-0.6751648783683777
7100937728.0,-0.7088093161582947
7101875200.0,-0.7402933835983276
7102812672.0,-0.7712093591690063
7103750144.0,-0.8015420436859131
7104687616.0,-0.8292409181594849
7105625088.0,-0.8546079397201538
7106562560.0,-0.8761851787567139
7107500032.0,-0.8954201340675354
7108437504.0,-0.9111565351486206
7109374976.0,-0.9237993955612183
7110312448.0,-0.9330229163169861
7111249920.0,-0.9377427697181702
7112187392.0,-0.9385656714439392
7113124864.0,-0.936329185962677
7114062336.0,-0.9287769794464111
7114999808.0,-0.916153073310852
7115937280.0,-0.9014838337898254
7116874752.0,-0.8831455111503601
7117812736.0,-0.8612579703330994
7118750208.0,-0.836073637008667
7119687680.0,-0.8081325888633728
7120625152.0,-0.7780367732048035
7121562624.0,-0.7471426129341125
7122500096.0,-0.7132174968719482
7123437568.0,-0.6787880659103394
7124375040.0,-0.6432622671127319
7125312512.0,-0.6064704060554504
7126249984.0,-0.5687694549560547
7127187456.0,-0.5320532917976379
7128124928.0,-0.4955097436904907
7129062400.0,-0.4595624804496765
7129999872.0,-0.42445242404937744
7130937344.0,-0.39095526933670044
7131874816.0,-0.3586634397506714
7132812288.0,-0.3274080455303192
7133749760.0,-0.297560453414917
7134687744.0,-0.2702133059501648
7135625216.0,-0.2449762374162674
7136562688.0,-0.22313372790813446
7137500160.0,-0.2020227015018463
7138437632.0,-0.18238621950149536
7139375104.0,-0.16532640159130096
7140312576.0,-0.1508382111787796
7141250048.0,-0.1371169090270996
7142187520.0,-0.1263224482536316
7143124992.0,-0.11746353656053543
7144062464.0,-0.21261651813983917
7144999936.0,-0.21384260058403015
7145937408.0,-0.21489419043064117
7146874880.0,-0.21788950264453888
7147812352.0,-0.2199908196926117
7148749824.0,-0.22378122806549072
7149687296.0,-0.2278861701488495
7150624768.0,-0.2329789698123932
7151562752.0,-0.2400602549314499
7152500224.0,-0.24843673408031464
7153437696.0,-0.25909292697906494
7154375168.0,-0.27138733863830566
7155312640.0,-0.2855980396270752
7156250112.0,-0.30285874009132385
7157187584.0,-0.32236602902412415
7158125056.0,-0.3456161916255951
7159062528.0,-0.3707161843776703
7160000000.0,-0.39832475781440735
7160937472.0,-0.42534467577934265
7161874944.0,-0.44905614852905273
7162812416.0,-0.4707142114639282
7163749888.0,-0.48715633153915405
7164687360.0,-0.5005800724029541
7165624832.0,-0.5124624371528625
7166562304.0,-0.5206093788146973
7167499776.0,-0.5270930528640747
7168437248.0,-0.5315096378326416
7169375232.0,-0.5353370904922485
7170312704.0,-0.537794291973114
7171250176.0,-0.541664183139801
7172187648.0,-0.5429970026016235
7173125120.0,-0.5474947094917297
7174062592.0,-0.5539572238922119
7175000064.0,-0.5614808201789856
7175937536.0,-0.5714545845985413
7176875008.0,-0.5834451913833618
7177812480.0,-0.5986286997795105
7178749952.0,-0.6148455142974854
7179687424.0,-0.6327894926071167
7180624896.0,-0.6514941453933716
7181562368.0,-0.6728346347808838
7182499840.0,-0.6923081874847412
7183437312.0,-0.7134456038475037
7184374784.0,-0.7330676317214966
7185312256.0,-0.7501209378242493
7186250240.0,-0.7659710049629211
7187187712.0,-0.777347207069397
7188125184.0,-0.7871735692024231
7189062656.0,-0.7924994826316833
7190000128.0,-0.7947850823402405
7190937600.0,-0.7943984866142273
7191875072.0,-0.7898156046867371
7192812544.0,-0.7807954549789429
7193750016.0,-0.7687693238258362
7194687488.0,-0.7535815238952637
7195624960.0,-0.735181987285614
7196562432.0,-0.7141595482826233
7197499904.0,-0.6912631392478943
7198437376.0,-0.6660154461860657
7199374848.0,-0.6405465006828308
7200312320.0,-0.6134235262870789
7201249792.0,-0.5860061645507812
7202187264.0,-0.5601726770401001
7203125248.0,-0.5372114777565002
7204062720.0,-0.6618795394897461
7205000192.0,-0.6544626355171204
7205937664.0,-0.6494539380073547
7206875136.0,-0.6458196043968201
7207812608.0,-0.6443588137626648
7208750080.0,-0.645691454410553
7209687552.0,-0.6492393016815186
7210625024.0,-0.6539947390556335
7211562496.0,-0.6651121973991394
7212499968.0,-0.6777498722076416
7213437440.0,-0.6918733716011047
7214374912.0,-0.7089709639549255
7215312384.0,-0.7268312573432922
7216249856.0,-0.7461265921592712
7217187328.0,-0.766456663608551
7218124800.0,-0.7870025038719177
7219062272.0,-0.8082983493804932
7219999744.0,-0.82929527759552
7220937728.0,-0.8487365245819092
7221875200.0,-0.8680424690246582
7222812672.0,-0.8858505487442017
7223750144.0,-0.9024237394332886
7224687616.0,-0.9157684445381165
7225625088.0,-0.9297911524772644
7226562560.0,-0.9397892951965332
7227500032.0,-0.949316143989563
7228437504.0,-0.9566667675971985
7229374976.0,-0.9633190035820007
7230312448.0,-0.966660737991333
7231249920.0,-0.9675998687744141
7232187392.0,-0.967247724533081
7233124864.0,-0.9653494954109192
7234062336.0,-0.9624990224838257
7234999808.0,-0.9584528207778931
7235937280.0,-0.9526072144508362
7236874752.0,-0.9486752152442932
7237812736.0,-0.9430264830589294
7238750208.0,-0.9378244280815125
7239687680.0,-0.9325197339057922
7240625152.0,-0.9271910786628723
7241562624.0,-0.9230165481567383
7242500096.0,-0.9186651706695557
7243437568.0,-0.9159680604934692
7244375040.0,-0.9131773710250854
7245312512.0,-0.9117661714553833
7246249984.0,-0.9136333465576172
7247187456.0,-0.9158162474632263
7248124928.0,-0.9221932291984558
7249062400.0,-0.928111732006073
7249999872.0,-0.9370164275169373
7250937344.0,-0.9460097551345825
7251874816.0,-0.9571073651313782
7252812288.0,-0.9707579016685486
7253749760.0,-0.9841187000274658
7254687744.0,-0.9991986155509949
7255625216.0,-1.0170307159423828
7256562688.0,-1.0346832275390625
7257500160.0,-1.0524815320968628
7258437632.0,-1.071616291999817
7259375104.0,-1.0892307758331299
7260312576.0,-1.1070921421051025
7261250048.0,-1.1236735582351685
7262187520.0,-1.1371036767959595
7263124992.0,-1.149017333984375
7264062464.0,-1.1762524843215942
7264999936.0,-1.189094066619873
7265937408.0,-1.2030271291732788
7266874880.0,-1.2165969610214233
7267812352.0,-1.2296358346939087
7268749824.0,-1.2428399324417114
7269687296.0,-1.2565274238586426
7270624768.0,-1.2683662176132202
7271562752.0,-1.2788774967193604
7272500224.0,-1.2886176109313965
7273437696.0,-1.2974611520767212
7274375168.0,-1.3042231798171997
7275312640.0,-1.3117551803588867
7276250112.0,-1.315330982208252
7277187584.0,-1.318514108657837
7278125056.0,-1.3175867795944214
7279062528.0,-1.3132463693618774
7280000000.0,-1.3076194524765015
7280937472.0,-1.3013743162155151
7281874944.0,-1.2915796041488647
7282812416.0,-1.2814401388168335
7283749888.0,-1.268100619316101
7284687360.0,-1.2519110441207886
7285624832.0,-1.2340872287750244
7286562304.0,-1.2131577730178833
7287499776.0,-1.1896789073944092
7288437248.0,-1.1663312911987305
7289375232.0,-1.1418501138687134
7290312704.0,-1.1155253648757935
7291250176.0,-1.0873205661773682
7292187648.0,-1.0573593378067017
7293125120.0,-1.0263967514038086
7294062592.0,-0.9942970275878906
7295000064.0,-0.9606970548629761
7295937536.0,-0.9264171719551086
7296875008.0,-0.8906738758087158
7297812480.0,-0.8552752733230591
7298749952.0,-0.818939208984375
7299687424.0,-0.7836928367614746
7300624896.0,-0.7475472092628479
7301562368.0,-0.7109816074371338
7302499840.0,-0.676244854927063
7303437312.0,-0.6414791345596313
7304374784.0,-0.6058897972106934
7305312256.0,-0.5730433464050293
7306250240.0,-0.5402080416679382
7307187712.0,-0.5092965960502625
7308125184.0,-0.479023814201355
7309062656.0,-0.4503394663333893
7310000128.0,-0.42322129011154175
7310937600.0,-0.3969370722770691
7311875072.0,-0.3735450208187103
7312812544.0,-0.3521077632904053
7313750016.0,-0.33424460887908936
7314687488.0,-0.317776620388031
7315624960.0,-0.3019721210002899
7316562432.0,-0.2883846163749695
7317499904.0,-0.27648547291755676
7318437376.0,-0.26651740074157715
7319374848.0,-0.2581169605255127
7320312320.0,-0.2516573369503021
7321249792.0,-0.24730883538722992
7322187264.0,-0.2453230619430542
7323125248.0,-0.244678795337677
7324062720.0,-0.40282222628593445
7325000192.0,-0.4013073444366455
7325937664.0,-0.40170541405677795
7326875136.0,-0.40364202857017517
7327812608.0,-0.4069857597351074
7328750080.0,-0.41210970282554626
7329687552.0,-0.4181603491306305
7330625024.0,-0.425124853849411
7331562496.0,-0.43383437395095825
7332499968.0,-0.4429606795310974
7333437440.0,-0.45445817708969116
7334374912.0,-0.465011328458786
7335312384.0,-0.4771832823753357
7336249856.0,-0.48793458938598633
7337187328.0,-0.4997722804546356
7338124800.0,-0.5108422040939331
7339062272.0,-0.5200356841087341
7340000256.0,-0.5301088094711304
7340937728.0,-0.5381549596786499
7341875200.0,-0.5453445911407471
7342812672.0,-0.5511112213134766
7343750144.0,-0.555892825126648
7344687616.0,-0.561059296131134
7345625088.0,-0.5638489127159119
7346562560.0,-0.5654577612876892
7347500032.0,-0.5657256841659546
7348437504.0,-0.5638101100921631
7349374976.0,-0.560433030128479
7350312448.0,-0.5566376447677612
7351249920.0,-0.5489356517791748
7352187392.0,-0.5424979329109192
7353124864.0,-0.5332242250442505
7354062336.0,-0.5229873657226562
7354999808.0,-0.5118975043296814
7355937280.0,-0.5004457235336304
7356874752.0,-0.4877426326274872
7357812736.0,-0.4754760265350342
7358750208.0,-0.4626239836215973
7359687680.0,-0.44834020733833313
7360625152.0,-0.4332762360572815
7361562624.0,-0.41854289174079895
7362500096.0,-0.4037340581417084
7363437568.0,-0.38857194781303406
7364375040.0,-0.3698199689388275
7365312512.0,-0.35099777579307556
7366249984.0,-0.3326975405216217
7367187456.0,-0.31377822160720825
7368124928.0,-0.29418277740478516
7369062400.0,-0.27577999234199524
7369999872.0,-0.25680339336395264
7370937344.0,-0.23770934343338013
7371874816.0,-0.21931016445159912
7372812288.0,-0.19950908422470093
7373749760.0,-0.18028689920902252
7374687744.0,-0.15981675684452057
7375625216.0,-0.13985979557037354
7376562688.0,-0.11911043524742126
7377500160.0,-0.09783881902694702
7378437632.0,-0.07750016450881958
7379375104.0,-0.055037591606378555
7380312576.0,-0.03378209099173546
7381250048.0,-0.011980373412370682
7382187520.0,0.010522758588194847
7383124992.0,0.03125409409403801
7384062464.0,0.0453963503241539
7384999936.0,0.05187371373176575
7385937408.0,0.05823962390422821
7386874880.0,0.06380307674407959
7387812352.0,0.06889992952346802
7388749824.0,0.07365214824676514
7389687296.0,0.0790165588259697
7390624768.0,0.08336683362722397
7391562752.0,0.08856453746557236
7392500224.0,0.09369175136089325
7393437696.0,0.09814512729644775
7394375168.0,0.10337123274803162
7395312640.0,0.10857637226581573
7396250112.0,0.11440923064947128
7397187584.0,0.12037040293216705
7398125056.0,0.12637856602668762
7399062528.0,0.13397736847400665
7400000000.0,0.14019525051116943
7400937472.0,0.14799673855304718
7401874944.0,0.1559922993183136
7402812416.0,0.16234281659126282
7403749888.0,0.16859276592731476
7404687360.0,0.17450375854969025
7405624832.0,0.1789822280406952
7406562304.0,0.1828463077545166
7407499776.0,0.18520399928092957
7408437248.0,0.1843656599521637
7409375232.0,0.18406333029270172
7410312704.0,0.18013155460357666
7411250176.0,0.17336580157279968
7412187648.0,0.1641174703836441
7413125120.0,0.15276899933815002
7414062592.0,0.13834063708782196
7415000064.0,0.12155072391033173
7415937536.0,0.10341501235961914
7416875008.0,0.08346055448055267
7417812480.0,0.06163168326020241
7418749952.0,0.03741968795657158
7419687424.0,0.012710124254226685
7420624896.0,-0.012514444999396801
7421562368.0,-0.03905298560857773
7422499840.0,-0.06473081558942795
7423437312.0,-0.09057722985744476
7424374784.0,-0.11558839678764343
7425312256.0,-0.1399192363023758
7426250240.0,-0.16356676816940308
7427187712.0,-0.18540053069591522
7428125184.0,-0.20594052970409393
7429062656.0,-0.22472138702869415
7430000128.0,-0.2423241287469864
7430937600.0,-0.25781914591789246
7431875072.0,-0.2722550332546234
7432812544.0,-0.2852092981338501
7433750016.0,-0.29631665349006653
7434687488.0,-0.30797696113586426
7435624960.0,-0.3151431083679199
7436562432.0,-0.32400012016296387
7437499904.0,-0.33105015754699707
7438437376.0,-0.3357618749141693
7439374848.0,-0.34127309918403625
7440312320.0,-0.3440541923046112
7441249792.0,-0.3446839153766632
7442187264.0,-0.3465215563774109
7443125248.0,-0.34514617919921875
7444062720.0,-0.12559905648231506
7445000192.0,-0.1076284646987915
7445937664.0,-0.09242125600576401
7446875136.0,-0.07914555817842484
7447812608.0,-0.06835819780826569
7448750080.0,-0.05945190042257309
7449687552.0,-0.05296744406223297
7450625024.0,-0.04822257533669472
7451562496.0,-0.04428035393357277
7452499968.0,-0.041078049689531326
7453437440.0,-0.037831902503967285
7454374912.0,-0.036087628453969955
7455312384.0,-0.03400452062487602
7456249856.0,-0.03256255388259888
7457187328.0,-0.03022441267967224
7458124800.0,-0.026855885982513428
7459062272.0,-0.023013388738036156
7459999744.0,-0.017434576526284218
7460937728.0,-0.012692800723016262
7461875200.0,-0.005090345628559589
7462812672.0,0.0031051253899931908
7463750144.0,0.012028445489704609
7464687616.0,0.021824883297085762
7465625088.0,0.032879527658224106
7466562560.0,0.043303076177835464
7467500032.0,0.054368551820516586
7468437504.0,0.06677182018756866
7469374976.0,0.07777129113674164
7470312448.0,0.0903143361210823
7471249920.0,0.1028653085231781
7472187392.0,0.11457677185535431
7473124864.0,0.12582078576087952
7474062336.0,0.1371663361787796
7474999808.0,0.1469915807247162
7475937280.0,0.15721023082733154
7476874752.0,0.16481705009937286
7477812736.0,0.17248673737049103
7478750208.0,0.17848554253578186
7479687680.0,0.1838550567626953
7480625152.0,0.1868593990802765
7481562624.0,0.18850384652614594
7482500096.0,0.1892220675945282
7483437568.0,0.18851590156555176
7484375040.0,0.18560099601745605
7485312512.0,0.1809387356042862
7486249984.0,0.17562121152877808
7487187456.0,0.16751733422279358
7488124928.0,0.15899010002613068
7489062400.0,0.14939258992671967
7489999872.0,0.13767050206661224
7490937344.0,0.1249411404132843
7491874816.0,0.10861989110708237
7492812288.0,0.09095164388418198
7493749760.0,0.07307973504066467
7494687744.0,0.05379297956824303
7495625216.0,0.03513997793197632
7496562688.0,0.0165255144238472
7497500160.0,-0.0021385392174124718
7498437632.0,-0.021188432350754738
7499375104.0,-0.03957159072160721
7500312576.0,-0.05763379484415054
7501250048.0,-0.07442933320999146
7502187520.0,-0.09051349759101868
7503124992.0,-0.1061236783862114
7504062464.0,-0.08906761556863785
7504999936.0,-0.09884458035230637
7505937408.0,-0.10918344557285309
7506874880.0,-0.1188647598028183
7507812352.0,-0.12919500470161438
7508749824.0,-0.1373370736837387
7509687296.0,-0.146738201379776
7510624768.0,-0.1555590033531189
7511562752.0,-0.16327351331710815
7512500224.0,-0.17019037902355194
7513437696.0,-0.17610520124435425
7514375168.0,-0.18150168657302856
7515312640.0,-0.18616650998592377
7516250112.0,-0.18985261023044586
7517187584.0,-0.19541536271572113
7518125056.0,-0.19708722829818726
7519062528.0,-0.19958831369876862
7520000000.0,-0.20053531229496002
7520937472.0,-0.2002401500940323
7521874944.0,-0.20020204782485962
7522812416.0,-0.19708655774593353
7523749888.0,-0.1955186277627945
7524687360.0,-0.19036290049552917
7525624832.0,-0.1856357604265213
7526562304.0,-0.17904262244701385
7527499776.0,-0.17200013995170593
7528437248.0,-0.163467139005661
7529375232.0,-0.15441234409809113
7530312704.0,-0.14435970783233643
7531250176.0,-0.1331108808517456
7532187648.0,-0.12096953392028809
7533125120.0,-0.10825317353010178
7534062592.0,-0.09400424361228943
7535000064.0,-0.0799291580915451
7535937536.0,-0.06453289836645126
7536875008.0,-0.049030695110559464
7537812480.0,-0.03372953087091446
7538749952.0,-0.015693424269557
7539687424.0,0.00015828550385776907
7540624896.0,0.018330223858356476
7541562368.0,0.03636308014392853
7542499840.0,0.05698951706290245
7543437312.0,0.0781281366944313
7544374784.0,0.09739693999290466
7545312256.0,0.1186533123254776
7546250240.0,0.13960687816143036
7547187712.0,0.1609354019165039
7548125184.0,0.18108941614627838
7549062656.0,0.20202510058879852
7550000128.0,0.22301743924617767
7550937600.0,0.24232831597328186
7551875072.0,0.26132604479789734
7552812544.0,0.2806909382343292
7553750016.0,0.2979203760623932
7554687488.0,0.3147193193435669
7555624960.0,0.331136018037796
7556562432.0,0.34628015756607056
7557499904.0,0.35987311601638794
7558437376.0,0.3721630573272705
7559374848.0,0.3823218047618866
7560312320.0,0.3911645710468292
7561249792.0,0.39844781160354614
7562187264.0,0.402901291847229
7563125248.0,0.40683725476264954
7564062720.0,0.18730977177619934
7565000192.0,0.18665960431098938
7565937664.0,0.18396532535552979
7566875136.0,0.18247145414352417
7567812608.0,0.18055355548858643
7568750080.0,0.17772051692008972
7569687552.0,0.17397284507751465
7570625024.0,0.1693328619003296
7571562496.0,0.1625547707080841
7572499968.0,0.15535245835781097
7573437440.0,0.1473187357187271
7574374912.0,0.13790494203567505
7575312384.0,0.1285392791032791
7576249856.0,0.11638990789651871
7577187328.0,0.10376407206058502
7578124800.0,0.08989955484867096
7579062272.0,0.07486166059970856
7580000256.0,0.05945289880037308
7580937728.0,0.04271004721522331
7581875200.0,0.02555057220160961
7582812672.0,0.007508169859647751
7583750144.0,-0.01127629168331623
7584687616.0,-0.02996990829706192
7585625088.0,-0.050772979855537415
7586562560.0,-0.06970182061195374
7587500032.0,-0.09014275670051575
7588437504.0,-0.10920701175928116
7589374976.0,-0.13007842004299164
7590312448.0,-0.14979948103427887
7591249920.0,-0.16982410848140717
7592187392.0,-0.18863067030906677
7593124864.0,-0.20697584748268127
7594062336.0,-0.22520217299461365
7594999808.0,-0.24171335995197296
7595937280.0,-0.2566080689430237
7596874752.0,-0.2712854743003845
7597812736.0,-0.284678190946579
7598750208.0,-0.2970331013202667
7599687680.0,-0.30689290165901184
7600625152.0,-0.3151569068431854
7601562624.0,-0.3221586346626282
7602500096.0,-0.32708489894866943
7603437568.0,-0.329924613237381
7604375040.0,-0.33168789744377136
7605312512.0,-0.3313843905925751
7606249984.0,-0.3290230333805084
7607187456.0,-0.32461416721343994
7608124928.0,-0.31798896193504333
7609062400.0,-0.3094201982021332
7609999872.0,-0.29922735691070557
7610937344.0,-0.286041259765625
7611874816.0,-0.27182358503341675
7612812288.0,-0.25511157512664795
7613749760.0,-0.23638132214546204
7614687744.0,-0.21717989444732666
7615625216.0,-0.19499894976615906
7616562688.0,-0.172837495803833
7617500160.0,-0.14759837090969086
7618437632.0,-0.1217985525727272
7619375104.0,-0.09394357353448868
7620312576.0,-0.06697117537260056
7621250048.0,-0.03940446674823761
7622187520.0,-0.01122287753969431
7623124992.0,0.01713581010699272
7624062464.0,0.04543447494506836
7624999936.0,0.07386024296283722
7625937408.0,0.1005118265748024
7626874880.0,0.1259218156337738
7627812352.0,0.14970645308494568
7628749824.0,0.17371845245361328
7629687296.0,0.19641946256160736
7630624768.0,0.21678416430950165
7631562752.0,0.2369970828294754
7632500224.0,0.2543564438819885
7633437696.0,0.26963967084884644
7634375168.0,0.28414100408554077
7635312640.0,0.29553887248039246
7636250112.0,0.30545592308044434
7637187584.0,0.31357383728027344
7638125056.0,0.3195212483406067
7639062528.0,0.32329514622688293
7640000000.0,0.3256312310695648
7640937472.0,0.32447099685668945
7641874944.0,0.32208362221717834
7642812416.0,0.3179868459701538
7643749888.0,0.31193625926971436
7644687360.0,0.30486026406288147
7645624832.0,0.29575714468955994
7646562304.0,0.28500738739967346
7647499776.0,0.27360451221466064
7648437248.0,0.26013731956481934
7649375232.0,0.24516108632087708
7650312704.0,0.22839905321598053
7651250176.0,0.21007464826107025
7652187648.0,0.19020810723304749
7653125120.0,0.16988760232925415
7654062592.0,0.14750626683235168
7655000064.0,0.12558849155902863
7655937536.0,0.10067357122898102
7656875008.0,0.07632710784673691
7657812480.0,0.05134102702140808
7658749952.0,0.024893390014767647
7659687424.0,-0.0019013991113752127
7660624896.0,-0.027921630069613457
7661562368.0,-0.05410947650671005
7662499840.0,-0.08181621134281158
7663437312.0,-0.10793118923902512
7664374784.0,-0.13319692015647888
7665312256.0,-0.1585238128900528
7666250240.0,-0.1834764927625656
7667187712.0,-0.20541314780712128
7668125184.0,-0.22759275138378143
7669062656.0,-0.24729421734809875
7670000128.0,-0.2664824426174164
7670937600.0,-0.284853994846344
7671875072.0,-0.30033379793167114
7672812544.0,-0.31351491808891296
7673750016.0,-0.324645459651947
7674687488.0,-0.3344317376613617
7675624960.0,-0.34040045738220215
7676562432.0,-0.34420499205589294
7677499904.0,-0.34618982672691345
7678437376.0,-0.3446141183376312
7679374848.0,-0.34043270349502563
7680312320.0,-0.3356790542602539
7681249792.0,-0.3272398114204407
7682187264.0,-0.3170747458934784
7683125248.0,-0.3040313720703125
7684062720.0,-0.28137892484664917
7685000192.0,-0.2723088562488556
7685937664.0,-0.2609082758426666
7686875136.0,-0.2471972554922104
7687812608.0,-0.23253358900547028
7688750080.0,-0.2158023864030838
7689687552.0,-0.1998952180147171
7690625024.0,-0.18104226887226105
7691562496.0,-0.162201926112175
7692499968.0,-0.14294764399528503
7693437440.0,-0.12207759916782379
7694374912.0,-0.10116221010684967
7695312384.0,-0.08359859138727188
7696249856.0,-0.06530815362930298
7697187328.0,-0.04682857543230057
7698124800.0,-0.029337657615542412
7699062272.0,-0.011444333009421825
7699999744.0,0.005449931137263775
7700937728.0,0.02231428399682045
7701875200.0,0.037945352494716644
7702812672.0,0.05271053686738014
7703750144.0,0.06630862504243851
7704687616.0,0.08069400489330292
7705625088.0,0.09269276261329651
7706562560.0,0.10534738749265671
7707500032.0,0.11683377623558044
7708437504.0,0.12768441438674927
7709374976.0,0.13770893216133118
7710312448.0,0.1474514603614807
7711249920.0,0.1554803103208542
7712187392.0,0.16454657912254333
7713124864.0,0.17162176966667175
7714062336.0,0.17897239327430725
7714999808.0,0.1870218813419342
7715937280.0,0.19316011667251587
7716874752.0,0.1989748477935791
7717812736.0,0.20347614586353302
7718750208.0,0.20968855917453766
7719687680.0,0.21352756023406982
7720625152.0,0.21694625914096832
7721562624.0,0.21945318579673767
7722500096.0,0.22213110327720642
7723437568.0,0.22283799946308136
7724375040.0,0.22396816313266754
7725312512.0,0.22381508350372314
7726249984.0,0.22316686809062958
7727187456.0,0.22211392223834991
7728124928.0,0.21973223984241486
7729062400.0,0.21659411489963531
7729999872.0,0.21198880672454834
7730937344.0,0.20496466755867004
7731874816.0,0.19930978119373322
7732812288.0,0.18803034722805023
7733749760.0,0.1785629689693451
7734687744.0,0.16664327681064606
7735625216.0,0.1536770761013031
7736562688.0,0.13902468979358673
7737500160.0,0.12239126116037369
7738437632.0,0.10396423935890198
7739375104.0,0.08665280789136887
7740312576.0,0.06572035700082779
7741250048.0,0.04373401030898094
7742187520.0,0.02109370008111
7743124992.0,-0.0035326876677572727
7744062464.0,-0.04263610020279884
7744999936.0,-0.04677104577422142
7745937408.0,-0.05111060291528702
7746874880.0,-0.058608610183000565
7747812352.0,-0.06472345441579819
7748749824.0,-0.07386239618062973
7749687296.0,-0.08354424685239792
7750624768.0,-0.09503588825464249
7751562752.0,-0.10753883421421051
7752500224.0,-0.12154040485620499
7753437696.0,-0.1371401697397232
7754375168.0,-0.153157040476799
7755312640.0,-0.1706862449645996
7756250112.0,-0.18939818441867828
7757187584.0,-0.20679432153701782
7758125056.0,-0.22639572620391846
7759062528.0,-0.24510155618190765
7760000000.0,-0.2639871835708618
7760937472.0,-0.282613605260849
7761874944.0,-0.3018410801887512
7762812416.0,-0.3197394609451294
7763749888.0,-0.33741891384124756
7764687360.0,-0.35249027609825134
7765624832.0,-0.3691902458667755
7766562304.0,-0.3844364583492279
7767499776.0,-0.39740249514579773
7768437248.0,-0.4093146324157715
7769375232.0,-0.4190359115600586
7770312704.0,-0.4270794689655304
7771250176.0,-0.43411415815353394
7772187648.0,-0.43842047452926636
7773125120.0,-0.44178858399391174
7774062592.0,-0.44172975420951843
7775000064.0,-0.439913809299469
7775937536.0,-0.43636590242385864
7776875008.0,-0.429081529378891
7777812480.0,-0.4203299582004547
7778749952.0,-0.40760841965675354
7779687424.0,-0.3937228322029114
7780624896.0,-0.37606194615364075
7781562368.0,-0.35724326968193054
7782499840.0,-0.3355157673358917
7783437312.0,-0.31306910514831543
7784374784.0,-0.2871779799461365
7785312256.0,-0.26029035449028015
7786250240.0,-0.23211506009101868
7787187712.0,-0.20311427116394043
7788125184.0,-0.17072562873363495
7789062656.0,-0.13906192779541016
7790000128.0,-0.10509229451417923
7790937600.0,-0.07201528549194336
7791875072.0,-0.038348328322172165
7792812544.0,-0.0034354564268141985
7793750016.0,0.029623370617628098
7794687488.0,0.06440012156963348
7795624960.0,0.09697044640779495
7796562432.0,0.12910881638526917
7797499904.0,0.15954770147800446
7798437376.0,0.18916055560112
7799374848.0,0.21707554161548615
7800312320.0,0.2426554411649704
7801249792.0,0.26769259572029114
7802187264.0,0.28849729895591736
7803125248.0,0.3078967332839966
7804062720.0,0.13808885216712952
7805000192.0,0.1502906233072281
7805937664.0,0.16140662133693695
7806875136.0,0.17017588019371033
7807812608.0,0.17693567276000977
7808750080.0,0.18293523788452148
7809687552.0,0.1849972903728485
7810625024.0,0.18626055121421814
7811562496.0,0.18604114651679993
7812499968.0,0.18310964107513428
7813437440.0,0.17763614654541016
7814374912.0,0.16948966681957245
7815312384.0,0.15949684381484985
7816249856.0,0.14748689532279968
7817187328.0,0.13252422213554382
7818124800.0,0.11506287008523941
7819062272.0,0.0964728370308876
7820000256.0,0.0756499171257019
7820937728.0,0.05282382294535637
7821875200.0,0.029369931668043137
7822812672.0,0.0049038538709282875
7823750144.0,-0.020115355029702187
7824687616.0,-0.04736577346920967
7825625088.0,-0.07476291060447693
7826562560.0,-0.10266301035881042
7827500032.0,-0.13029810786247253
7828437504.0,-0.1587044894695282
7829374976.0,-0.18633918464183807
7830312448.0,-0.2151210457086563
7831249920.0,-0.24321812391281128
7832187392.0,-0.2709362208843231
7833124864.0,-0.29736971855163574
7834062336.0,-0.3223476707935333
7834999808.0,-0.34624314308166504
7835937280.0,-0.369839072227478
7836874752.0,-0.3910934627056122
7837812736.0,-0.41063085198402405
7838750208.0,-0.42895403504371643
7839687680.0,-0.4453083574771881
7840625152.0,-0.459583580493927
7841562624.0,-0.4723987281322479
7842500096.0,-0.4815901815891266
7843437568.0,-0.4900970757007599
7844375040.0,-0.49592360854148865
7845312512.0,-0.4992157816886902
7846249984.0,-0.5021111369132996
7847187456.0,-0.501976490020752
7848124928.0,-0.49707934260368347
7849062400.0,-0.48988911509513855
7849999872.0,-0.4817034602165222
7850937344.0,-0.47156915068626404
7851874816.0,-0.46028217673301697
7852812288.0,-0.4479805827140808
7853749760.0,-0.4346253275871277
7854687744.0,-0.41890159249305725
7855625216.0,-0.40424197912216187
7856562688.0,-0.3875223696231842
7857500160.0,-0.3696044385433197
7858437632.0,-0.35287874937057495
7859375104.0,-0.334543913602829
7860312576.0,-0.31607985496520996
7861250048.0,-0.2965135872364044
7862187520.0,-0.2784201502799988
7863124992.0,-0.2584812343120575
7864062464.0,-0.2423178106546402
7864999936.0,-0.2233371138572693
7865937408.0,-0.20469866693019867
7866874880.0,-0.18639938533306122
7867812352.0,-0.16906899213790894
7868749824.0,-0.1510830670595169
7869687296.0,-0.13271602988243103
7870624768.0,-0.11508797854185104
7871562752.0,-0.09835757315158844
7872500224.0,-0.08106427639722824
7873437696.0,-0.06377711147069931
7874375168.0,-0.04759243503212929
7875312640.0,-0.03261364996433258
7876250112.0,-0.016930317506194115
7877187584.0,-0.0041052899323403835
7878125056.0,0.008424854837357998
7879062528.0,0.01797320507466793
7880000000.0,0.025984352454543114
7880937472.0,0.03234249725937843
7881874944.0,0.03623105585575104
7882812416.0,0.03804862126708031
7883749888.0,0.03604672849178314
7884687360.0,0.03252934291958809
7885624832.0,0.026380307972431183
7886562304.0,0.016935229301452637
7887499776.0,0.005670887418091297
7888437248.0,-0.008254664950072765
7889375232.0,-0.02415589801967144
7890312704.0,-0.042624250054359436
7891250176.0,-0.06459762156009674
7892187648.0,-0.08695133030414581
7893125120.0,-0.11081632971763611
7894062592.0,-0.1368522346019745
7895000064.0,-0.16315464675426483
7895937536.0,-0.19128288328647614
7896875008.0,-0.21942539513111115
7897812480.0,-0.24722979962825775
7898749952.0,-0.2766740322113037
7899687424.0,-0.3052996098995209
7900624896.0,-0.33267542719841003
7901562368.0,-0.36143895983695984
7902499840.0,-0.3886023759841919
7903437312.0,-0.41356348991394043
7904374784.0,-0.4379398822784424
7905312256.0,-0.46107980608940125
7906250240.0,-0.4840988218784332
7907187712.0,-0.5051360130310059
7908125184.0,-0.525799572467804
7909062656.0,-0.5458823442459106
7910000128.0,-0.5644346475601196
7910937600.0,-0.5830833315849304
7911875072.0,-0.6016384959220886
7912812544.0,-0.6174753308296204
7913750016.0,-0.6354189515113831
7914687488.0,-0.6522596478462219
7915624960.0,-0.6687757968902588
7916562432.0,-0.6858642101287842
7917499904.0,-0.703514814376831
7918437376.0,-0.7216673493385315
7919374848.0,-0.7396602630615234
7920312320.0,-0.7582700848579407
7921249792.0,-0.7776412963867188
7922187264.0,-0.7970987558364868
7923125248.0,-0.8180396556854248
7924062720.0,-0.8564949035644531
7925000192.0,-0.8610200881958008
7925937664.0,-0.8653842210769653
7926875136.0,-0.869691789150238
7927812608.0,-0.873367428779602
7928750080.0,-0.8767229318618774
7929687552.0,-0.8812636137008667
7930625024.0,-0.8843064308166504
7931562496.0,-0.8870017528533936
7932499968.0,-0.8894203305244446
7933437440.0,-0.8914884328842163
7934374912.0,-0.8918381929397583
7935312384.0,-0.8913959264755249
7936249856.0,-0.8898633122444153
7937187328.0,-0.8888363242149353
7938124800.0,-0.885627269744873
7939062272.0,-0.8795841932296753
7939999744.0,-0.8746733665466309
7940937728.0,-0.8667922019958496
7941875200.0,-0.8596687316894531
7942812672.0,-0.8508884310722351
7943750144.0,-0.839626669883728
7944687616.0,-0.8270407319068909
7945625088.0,-0.8144554495811462
7946562560.0,-0.7995813488960266
7947500032.0,-0.7832120656967163
7948437504.0,-0.7649491429328918
7949374976.0,-0.7464291453361511
7950312448.0,-0.7263373732566833
7951249920.0,-0.7050557136535645
7952187392.0,-0.6813884973526001
7953124864.0,-0.6574928164482117
7954062336.0,-0.6325156092643738
7954999808.0,-0.6074946522712708
7955937280.0,-0.5801836252212524
7956874752.0,-0.5519701242446899
7957812736.0,-0.5235416889190674
7958750208.0,-0.49576428532600403
7959687680.0,-0.46672844886779785
7960625152.0,-0.4384334683418274
7961562624.0,-0.4084519147872925
7962500096.0,-0.380582332611084
7963437568.0,-0.35241055488586426
7964375040.0,-0.32586055994033813
7965312512.0,-0.2999323606491089
7966249984.0,-0.2740100622177124
7967187456.0,-0.25088509917259216
7968124928.0,-0.22870726883411407
7969062400.0,-0.20699317753314972
7969999872.0,-0.18886733055114746
7970937344.0,-0.17178784310817719
7971874816.0,-0.15624651312828064
7972812288.0,-0.1428559124469757
7973749760.0,-0.1308186948299408
7974687744.0,-0.12085431814193726
7975625216.0,-0.1141640692949295
7976562688.0,-0.10894503444433212
7977500160.0,-0.10619495809078217
7978437632.0,-0.10549590736627579
7979375104.0,-0.10575413703918457
7980312576.0,-0.10718263685703278
7981250048.0,-0.11260653287172318
7982187520.0,-0.1192956194281578
7983124992.0,-0.12648065388202667
7984062464.0,-0.24768023192882538
7984999936.0,-0.2479369342327118
7985937408.0,-0.251287043094635
7986874880.0,-0.2542300820350647
7987812352.0,-0.25888797640800476
7988749824.0,-0.26308590173721313
7989687296.0,-0.26934149861335754
7990624768.0,-0.27597925066947937
7991562752.0,-0.282876580953598
7992500224.0,-0.2904163599014282
7993437696.0,-0.30003318190574646
7994375168.0,-0.3077112138271332
7995312640.0,-0.31763166189193726
7996250112.0,-0.3279762864112854
7997187584.0,-0.33856824040412903
7998125056.0,-0.34941354393959045
7999062528.0,-0.36110925674438477
8000000000.0,-0.36920031905174255
