Frequency (Hz),Measurement
2000000000.0,0.13599351048469543
2000937472.0,0.13069775700569153
2001874944.0,0.12686361372470856
2002812544.0,0.12264879047870636
2003750016.0,0.11782816797494888
2004687488.0,0.11419155448675156
2005624960.0,0.10975563526153564
2006562560.0,0.10519549995660782
2007500032.0,0.10081315785646439
2008437504.0,0.09592059254646301
2009374976.0,0.09016416221857071
2010312448.0,0.08462134748697281
2011250048.0,0.07941454648971558
2012187520.0,0.07375745475292206
2013124992.0,0.06829947233200073
2014062464.0,0.06269562244415283
2015000064.0,0.057005129754543304
2015937536.0,0.051405519247055054
2016875008.0,0.04579797387123108
2017812480.0,0.040780551731586456
2018749952.0,0.03642713278532028
2019687552.0,0.031157197430729866
2020625024.0,0.02703031338751316
2021562496.0,0.023011093959212303
2022499968.0,0.02033185586333275
2023437440.0,0.01717722974717617
2024375040.0,0.01532783079892397
2025312512.0,0.013678941875696182
2026249984.0,0.013150433078408241
2027187456.0,0.012532376684248447
2028125056.0,0.013067100197076797
2029062528.0,0.014617636799812317
2030000000.0,0.01615177094936371
2030937472.0,0.018947506323456764
2031874944.0,0.02301150932908058
2032812544.0,0.027834389358758926
2033750016.0,0.033333681523799896
2034687488.0,0.03945441544055939
2035624960.0,0.045740757137537
2036562560.0,0.05291176959872246
2037500032.0,0.06028187647461891
2038437504.0,0.06840375810861588
2039374976.0,0.07619237899780273
2040312448.0,0.08430273085832596
2041250048.0,0.09192538261413574
2042187520.0,0.09996426105499268
2043124992.0,0.10783261805772781
2044062464.0,0.11539837718009949
2044999936.0,0.1216585710644722
2045937536.0,0.1270528882741928
2046875008.0,0.13244348764419556
2047812480.0,0.13677306473255157
2048749952.0,0.14643846452236176
2049687552.0,0.14155282080173492
2050625024.0,0.13573230803012848
2051562496.0,0.1299111396074295
2052499968.0,0.12309697270393372
2053437440.0,0.11605723202228546
2054375040.0,0.10868042707443237
2055312512.0,0.1007256805896759
2056249984.0,0.09329421073198318
2057187456.0,0.0853097140789032
2058125056.0,0.07811260968446732
2059062528.0,0.0708451047539711
2060000000.0,0.06336143612861633
2060937472.0,0.05614006519317627
2061874944.0,0.0497935488820076
2062812544.0,0.04353887960314751
2063750016.0,0.037214867770671844
2064687488.0,0.032404422760009766
2065624960.0,0.02648179419338703
2066562560.0,0.02201348915696144
2067500032.0,0.016857080161571503
2068437504.0,0.012981753796339035
2069374976.0,0.008529828861355782
2070312448.0,0.005884955637156963
2071250048.0,0.0022659136448055506
2072187520.0,-0.0006208913400769234
2073124992.0,-0.0035997412633150816
2074062464.0,-0.004577005282044411
2075000064.0,-0.006444715429097414
2075937536.0,-0.00837339460849762
2076875008.0,-0.008878280408680439
2077812480.0,-0.009878164157271385
2078749952.0,-0.009644956327974796
2079687552.0,-0.010221519507467747
2080625024.0,-0.008872788399457932
2081562496.0,-0.007426727097481489
2082499968.0,-0.006268549244850874
2083437440.0,-0.004057636018842459
2084375040.0,-0.0013592615723609924
2085312512.0,0.0006515919812954962
2086249984.0,0.004502562340348959
2087187456.0,0.008271283470094204
2088125056.0,0.012547128833830357
2089062528.0,0.018323784694075584
2090000000.0,0.023659270256757736
2090937472.0,0.03020665794610977
2091874944.0,0.03714114800095558
2092812544.0,0.04471280798316002
2093750016.0,0.053103603422641754
2094687488.0,0.061687275767326355
2095624960.0,0.07092256098985672
2096562560.0,0.08147913962602615
2097500032.0,0.09202512353658676
2098437504.0,0.10276702791452408
2099374976.0,0.11488354951143265
2100312448.0,0.12733745574951172
2101250048.0,0.13969121873378754
2102187520.0,0.1528017669916153
2103124992.0,0.16635024547576904
2104062464.0,0.18063651025295258
2104999936.0,0.19439512491226196
2105937536.0,0.20723627507686615
2106875008.0,0.2211504727602005
2107812480.0,0.2347782850265503
2108749952.0,0.2733076512813568
2109687552.0,0.2814391851425171
2110625024.0,0.29044896364212036
2111562496.0,0.29625824093818665
2112499968.0,0.30332669615745544
2113437440.0,0.3083729147911072
2114375040.0,0.3110515773296356
2115312512.0,0.31268614530563354
2116249984.0,0.3118661940097809
2117187456.0,0.3076271116733551
2118125056.0,0.3014116883277893
2119062528.0,0.2924049198627472
2120000000.0,0.27946141362190247
2120937472.0,0.26503241062164307
2121874944.0,0.24658988416194916
2122812544.0,0.22539153695106506
2123750016.0,0.2037288099527359
2124687488.0,0.1788293421268463
2125624960.0,0.15307879447937012
2126562560.0,0.12676893174648285
2127500032.0,0.09954368323087692
2128437504.0,0.07231563329696655
2129374976.0,0.04545414820313454
2130312448.0,0.01984727568924427
2131250048.0,-0.004338737111538649
2132187520.0,-0.028281982988119125
2133124992.0,-0.04849478602409363
2134062464.0,-0.0672476664185524
2135000064.0,-0.08303193002939224
2135937536.0,-0.09566792845726013
2136875008.0,-0.1052170991897583
2137812480.0,-0.11217360198497772
2138749952.0,-0.116554394364357
2139687552.0,-0.11850298941135406
2140625024.0,-0.11647851765155792
2141562496.0,-0.11308448016643524
2142499968.0,-0.1065414696931839
2143437440.0,-0.09868874400854111
2144375040.0,-0.08846656233072281
2145312512.0,-0.07728566229343414
2146249984.0,-0.06487425416707993
2147187456.0,-0.05137554183602333
2148124928.0,-0.03734276816248894
2149062400.0,-0.022589363157749176
2150000128.0,-0.00837781373411417
2150937600.0,0.004877983592450619
2151875072.0,0.019632406532764435
2152812544.0,0.03313393145799637
2153750016.0,0.0464940145611763
2154687488.0,0.059763818979263306
2155624960.0,0.07116474956274033
2156562432.0,0.082940474152565
2157499904.0,0.09428394585847855
2158437376.0,0.10493205487728119
2159375104.0,0.11417092382907867
2160312576.0,0.12485034018754959
2161250048.0,0.13361290097236633
2162187520.0,0.14224708080291748
2163124992.0,0.15156956017017365
2164062464.0,0.15979158878326416
2164999936.0,0.16868029534816742
2165937408.0,0.17733901739120483
2166874880.0,0.18534252047538757
2167812608.0,0.19404934346675873
2168750080.0,0.21926181018352509
2169687552.0,0.23089103400707245
2170625024.0,0.24219386279582977
2171562496.0,0.25454577803611755
2172499968.0,0.26503121852874756
2173437440.0,0.27537351846694946
2174374912.0,0.2852035462856293
2175312384.0,0.2931808829307556
2176250112.0,0.29956763982772827
2177187584.0,0.30585557222366333
2178125056.0,0.31001016497612
2179062528.0,0.31186792254447937
2180000000.0,0.31207871437072754
2180937472.0,0.310934841632843
2181874944.0,0.30692172050476074
2182812416.0,0.3003857433795929
2183749888.0,0.2931550443172455
2184687616.0,0.28280749917030334
2185625088.0,0.2713250517845154
2186562560.0,0.2559785842895508
2187500032.0,0.2406112253665924
2188437504.0,0.22307801246643066
2189374976.0,0.20485162734985352
2190312448.0,0.18544793128967285
2191249920.0,0.1636590212583542
2192187392.0,0.14266197383403778
2193125120.0,0.12177221477031708
2194062592.0,0.09931036829948425
2195000064.0,0.07922633737325668
2195937536.0,0.0578218549489975
2196875008.0,0.03941497206687927
2197812480.0,0.020764391869306564
2198749952.0,0.003486833767965436
2199687424.0,-0.011023239232599735
2200624896.0,-0.024763641878962517
2201562624.0,-0.03619746118783951
2202500096.0,-0.04505236819386482
2203437568.0,-0.052685171365737915
2204375040.0,-0.05743156000971794
2205312512.0,-0.05979777127504349
2206249984.0,-0.06113471835851669
2207187456.0,-0.059266362339258194
2208124928.0,-0.0556904599070549
2209062400.0,-0.04938420280814171
2209999872.0,-0.04129251465201378
2210937600.0,-0.030367793515324593
2211875072.0,-0.019918007776141167
2212812544.0,-0.0062284935265779495
2213750016.0,0.007388331461697817
2214687488.0,0.022867802530527115
2215624960.0,0.039204325526952744
2216562432.0,0.05711471289396286
2217499904.0,0.0737321674823761
2218437376.0,0.0912209004163742
2219375104.0,0.1081920936703682
2220312576.0,0.12477736175060272
2221250048.0,0.14084529876708984
2222187520.0,0.1559613198041916
2223124992.0,0.1712840497493744
2224062464.0,0.1845482736825943
2224999936.0,0.1966831535100937
2225937408.0,0.207407146692276
2226874880.0,0.21657449007034302
2227812608.0,0.2235439270734787
2228750080.0,0.19636879861354828
2229687552.0,0.2023041695356369
2230625024.0,0.20774848759174347
2231562496.0,0.21179597079753876
2232499968.0,0.2146536260843277
2233437440.0,0.215340718626976
2234374912.0,0.21454228460788727
2235312384.0,0.21261917054653168
2236250112.0,0.20722702145576477
2237187584.0,0.20115505158901215
2238125056.0,0.1916578859090805
2239062528.0,0.18014545738697052
2240000000.0,0.16692912578582764
2240937472.0,0.15226341784000397
2241874944.0,0.1345398873090744
2242812416.0,0.11696304380893707
2243749888.0,0.0973685085773468
2244687616.0,0.07736388593912125
2245625088.0,0.05738610401749611
2246562560.0,0.03605395928025246
2247500032.0,0.015228014439344406
2248437504.0,-0.0052854386158287525
2249374976.0,-0.02463679388165474
2250312448.0,-0.0434471033513546
2251249920.0,-0.06015432998538017
2252187392.0,-0.07566989213228226
2253125120.0,-0.08874797075986862
2254062592.0,-0.10013790428638458
2255000064.0,-0.10931015014648438
2255937536.0,-0.11603738367557526
2256875008.0,-0.12062619626522064
2257812480.0,-0.12191468477249146
2258749952.0,-0.12130401283502579
2259687424.0,-0.11885640025138855
2260624896.0,-0.11265894770622253
2261562624.0,-0.10506914556026459
2262500096.0,-0.09573537856340408
2263437568.0,-0.0854974016547203
2264375040.0,-0.07198682427406311
2265312512.0,-0.058852966874837875
2266249984.0,-0.04426898434758186
2267187456.0,-0.02739989198744297
2268124928.0,-0.011402511037886143
2269062400.0,0.0058516706340014935
2270000128.0,0.022904690355062485
2270937600.0,0.04086017608642578
2271875072.0,0.05720636993646622
2272812544.0,0.07525326311588287
2273750016.0,0.09124008566141129
2274687488.0,0.10767024755477905
2275624960.0,0.12214399129152298
2276562432.0,0.13642169535160065
2277499904.0,0.14984473586082458
2278437376.0,0.16242967545986176
2279375104.0,0.17467723786830902
2280312576.0,0.18452873826026917
2281250048.0,0.19450309872627258
2282187520.0,0.2033473700284958
2283124992.0,0.21049965918064117
2284062464.0,0.2171962410211563
2284999936.0,0.22366128861904144
2285937408.0,0.22879259288311005
2286874880.0,0.2339155375957489
2287812608.0,0.2385762482881546
2288750080.0,0.24969877302646637
2289687552.0,0.2569637596607208
2290625024.0,0.264987975358963
2291562496.0,0.27337899804115295
2292499968.0,0.2801958918571472
2293437440.0,0.28735285997390747
2294374912.0,0.2935640811920166
2295312384.0,0.2991497218608856
2296250112.0,0.303772509098053
2297187584.0,0.3067226707935333
2298125056.0,0.3083270490169525
2299062528.0,0.30916091799736023
2300000000.0,0.3078143000602722
2300937472.0,0.3045695722103119
2301874944.0,0.29837921261787415
2302812416.0,0.2903064489364624
2303749888.0,0.2786276042461395
2304687616.0,0.2647394835948944
2305625088.0,0.2480829954147339
2306562560.0,0.2293127179145813
2307500032.0,0.2077246457338333
2308437504.0,0.18417806923389435
2309374976.0,0.1584058254957199
2310312448.0,0.131475031375885
2311249920.0,0.10368482768535614
2312187392.0,0.07460127770900726
2313125120.0,0.04467877373099327
2314062592.0,0.015218603424727917
2315000064.0,-0.013048387132585049
2315937536.0,-0.04060479626059532
2316875008.0,-0.06596323102712631
2317812480.0,-0.08989560604095459
2318749952.0,-0.11187875270843506
2319687424.0,-0.1313389390707016
2320624896.0,-0.1488131433725357
2321562624.0,-0.16364143788814545
2322500096.0,-0.17686618864536285
2323437568.0,-0.18718227744102478
2324375040.0,-0.19416207075119019
2325312512.0,-0.20010195672512054
2326249984.0,-0.2034580111503601
2327187456.0,-0.20444358885288239
2328124928.0,-0.20556272566318512
2329062400.0,-0.20309843122959137
2329999872.0,-0.19943591952323914
2330937600.0,-0.1943269968032837
2331875072.0,-0.18778294324874878
2332812544.0,-0.18018195033073425
2333750016.0,-0.17009636759757996
2334687488.0,-0.15865005552768707
2335624960.0,-0.1458745151758194
2336562432.0,-0.1312902569770813
2337499904.0,-0.11567921936511993
2338437376.0,-0.09783235937356949
2339375104.0,-0.07802559435367584
2340312576.0,-0.057890284806489944
2341250048.0,-0.03541310504078865
2342187520.0,-0.012003623880445957
2343124992.0,0.0133702103048563
2344062464.0,0.0390312522649765
2344999936.0,0.06494621187448502
2345937408.0,0.09152552485466003
2346874880.0,0.11839386820793152
2347812608.0,0.14409589767456055
2348750080.0,0.20254869759082794
2349687552.0,0.2185988426208496
2350625024.0,0.23140864074230194
2351562496.0,0.24100078642368317
2352499968.0,0.2475050538778305
2353437440.0,0.25115489959716797
2354374912.0,0.2509070038795471
2355312384.0,0.24668985605239868
2356250112.0,0.2387336641550064
2357187584.0,0.22771146893501282
2358125056.0,0.2133871167898178
2359062528.0,0.1970374435186386
2360000000.0,0.17623476684093475
2360937472.0,0.15366342663764954
2361874944.0,0.1291693150997162
2362812416.0,0.10371759533882141
2363749888.0,0.07536456733942032
2364687616.0,0.045907195657491684
2365625088.0,0.01730535738170147
2366562560.0,-0.012554526329040527
2367500032.0,-0.041635774075984955
2368437504.0,-0.07160930335521698
2369374976.0,-0.09806226938962936
2370312448.0,-0.1257832795381546
2371249920.0,-0.15036800503730774
2372187392.0,-0.17423394322395325
2373125120.0,-0.19484394788742065
2374062592.0,-0.2141752988100052
2375000064.0,-0.2297535091638565
2375937536.0,-0.24384355545043945
2376875008.0,-0.2541981041431427
2377812480.0,-0.26225003600120544
2378749952.0,-0.2667669355869293
2379687424.0,-0.2673967778682709
2380624896.0,-0.2667280435562134
2381562624.0,-0.2630712389945984
2382500096.0,-0.25685176253318787
2383437568.0,-0.24808751046657562
2384375040.0,-0.23739513754844666
2385312512.0,-0.2246818095445633
2386249984.0,-0.21016639471054077
2387187456.0,-0.19505037367343903
2388124928.0,-0.17837116122245789
2389062400.0,-0.16021503508090973
2390000128.0,-0.1420954167842865
2390937600.0,-0.12381039559841156
2391875072.0,-0.10490769892930984
2392812544.0,-0.08746203780174255
2393750016.0,-0.07001141458749771
2394687488.0,-0.053538981825113297
2395624960.0,-0.03810247406363487
2396562432.0,-0.023230204358696938
2397499904.0,-0.010424857959151268
2398437376.0,0.0013842147309333086
2399375104.0,0.011599799618124962
2400312576.0,0.02089456468820572
2401250048.0,0.02826133370399475
2402187520.0,0.03438306227326393
2403124992.0,0.03861096501350403
2404062464.0,0.04252249374985695
2404999936.0,0.04459672048687935
2405937408.0,0.04575468972325325
2406874880.0,0.045779772102832794
2407812608.0,0.0447486937046051
2408750080.0,0.039611607789993286
2409687552.0,0.045206617563962936
2410625024.0,0.05034179240465164
2411562496.0,0.05217086523771286
2412499968.0,0.0513899028301239
2413437440.0,0.04863687977194786
2414374912.0,0.04364580661058426
2415312384.0,0.03561369702219963
2416250112.0,0.025158720090985298
2417187584.0,0.01326534990221262
2418125056.0,-0.0008325291564688087
2419062528.0,-0.016995927318930626
2420000000.0,-0.03464433550834656
2420937472.0,-0.05347400903701782
2421874944.0,-0.07338489592075348
2422812416.0,-0.09364285320043564
2423749888.0,-0.11550656706094742
2424687616.0,-0.13663984835147858
2425625088.0,-0.1589554101228714
2426562560.0,-0.180587500333786
2427500032.0,-0.2021183967590332
2428437504.0,-0.22509439289569855
2429374976.0,-0.24577918648719788
2430312448.0,-0.26766544580459595
2431249920.0,-0.28816327452659607
2432187392.0,-0.30756762623786926
2433125120.0,-0.32574665546417236
2434062592.0,-0.3424992561340332
2435000064.0,-0.35783490538597107
2435937536.0,-0.3707517087459564
2436875008.0,-0.3830902874469757
2437812480.0,-0.3932810127735138
2438749952.0,-0.40223008394241333
2439687424.0,-0.41012364625930786
2440624896.0,-0.41608595848083496
2441562624.0,-0.4203326404094696
2442500096.0,-0.4232615530490875
2443437568.0,-0.42478594183921814
2444375040.0,-0.42569172382354736
2445312512.0,-0.42468494176864624
2446249984.0,-0.4227394759654999
2447187456.0,-0.41979098320007324
2448124928.0,-0.4161917567253113
2449062400.0,-0.4116435647010803
2449999872.0,-0.4065040349960327
2450937600.0,-0.39981910586357117
2451875072.0,-0.39394238591194153
2452812544.0,-0.3876729905605316
2453750016.0,-0.38181817531585693
2454687488.0,-0.3750890791416168
2455624960.0,-0.3693065345287323
2456562432.0,-0.36360740661621094
2457499904.0,-0.3576998710632324
2458437376.0,-0.35167691111564636
2459375104.0,-0.3463745713233948
2460312576.0,-0.34185099601745605
2461250048.0,-0.33801954984664917
2462187520.0,-0.3354484438896179
2463124992.0,-0.3346833884716034
2464062464.0,-0.33499735593795776
2464999936.0,-0.3369256556034088
2465937408.0,-0.3412320017814636
2466874880.0,-0.34771063923835754
2467812608.0,-0.357863187789917
2468750080.0,-0.4431680738925934
2469687552.0,-0.46572813391685486
2470625024.0,-0.4899757206439972
2471562496.0,-0.5183672308921814
2472499968.0,-0.5485078692436218
2473437440.0,-0.5817130208015442
2474374912.0,-0.6183075308799744
2475312384.0,-0.6566966772079468
2476250112.0,-0.7000357508659363
2477187584.0,-0.7454787492752075
2478125056.0,-0.7944419980049133
2479062528.0,-0.8484091758728027
2480000000.0,-0.9044333696365356
2480937472.0,-0.9642894864082336
2481874944.0,-1.025667667388916
2482812416.0,-1.0921721458435059
2483749888.0,-1.16248619556427
2484687616.0,-1.2364839315414429
2485625088.0,-1.3141764402389526
2486562560.0,-1.3960586786270142
2487500032.0,-1.4820475578308105
2488437504.0,-1.5721441507339478
2489374976.0,-1.6679489612579346
2490312448.0,-1.7662948369979858
2491249920.0,-1.86784827709198
2492187392.0,-1.9754821062088013
2493125120.0,-2.0866410732269287
2494062592.0,-2.2031118869781494
2495000064.0,-2.326801300048828
2495937536.0,-2.45894718170166
2496875008.0,-2.5980124473571777
2497812480.0,-2.7451088428497314
2498749952.0,-2.8988850116729736
2499687424.0,-3.063526153564453
2500624896.0,-3.2407352924346924
2501562624.0,-3.4309725761413574
2502500096.0,-3.6369738578796387
2503437568.0,-3.8589141368865967
2504375040.0,-4.097465515136719
2505312512.0,-4.3555073738098145
2506249984.0,-4.630677700042725
2507187456.0,-4.926966667175293
2508124928.0,-5.243902206420898
2509062400.0,-5.580224514007568
2510000128.0,-5.934217929840088
2510937600.0,-6.302277565002441
2511875072.0,-6.674052715301514
2512812544.0,-7.043120384216309
2513750016.0,-7.389010429382324
2514687488.0,-7.697917938232422
2515624960.0,-7.948086738586426
2516562432.0,-8.122491836547852
2517499904.0,-8.208173751831055
2518437376.0,-8.195048332214355
2519375104.0,-8.080018043518066
2520312576.0,-7.8781232833862305
2521250048.0,-7.60003662109375
2522187520.0,-7.263340950012207
2523124992.0,-6.887486934661865
2524062464.0,-6.488000869750977
2524999936.0,-6.081361770629883
2525937408.0,-5.673798561096191
2526874880.0,-5.276082992553711
2527812608.0,-4.89727258682251
2528750080.0,-4.530999183654785
2529687552.0,-4.195781230926514
2530625024.0,-3.8853726387023926
2531562496.0,-3.596450090408325
2532499968.0,-3.3310439586639404
2533437440.0,-3.087177276611328
2534374912.0,-2.861922025680542
2535312384.0,-2.6551437377929688
2536250112.0,-2.4653141498565674
2537187584.0,-2.292175531387329
2538125056.0,-2.1340579986572266
2539062528.0,-1.9911785125732422
2540000000.0,-1.861628770828247
2540937472.0,-1.7439378499984741
2541874944.0,-1.6388815641403198
2542812416.0,-1.5423543453216553
2543749888.0,-1.456138253211975
2544687616.0,-1.3771631717681885
2545625088.0,-1.307187795639038
2546562560.0,-1.2430158853530884
2547500032.0,-1.1855785846710205
2548437504.0,-1.134097933769226
2549374976.0,-1.0871206521987915
2550312448.0,-1.04542076587677
2551249920.0,-1.0078942775726318
2552187392.0,-0.9750093221664429
2553125120.0,-0.9440354704856873
2554062592.0,-0.9157543182373047
2555000064.0,-0.8912415504455566
2555937536.0,-0.8684890270233154
2556875008.0,-0.8466671109199524
2557812480.0,-0.8273302912712097
2558749952.0,-0.8075962066650391
2559687424.0,-0.7890574336051941
2560624896.0,-0.7710838913917542
2561562624.0,-0.7529285550117493
2562500096.0,-0.7350382208824158
2563437568.0,-0.7179727554321289
2564375040.0,-0.6992102861404419
2565312512.0,-0.6803943514823914
2566249984.0,-0.6607670783996582
2567187456.0,-0.6398491859436035
2568124928.0,-0.6183079481124878
2569062400.0,-0.597372829914093
2569999872.0,-0.5742241740226746
2570937600.0,-0.5495471358299255
2571875072.0,-0.5242620706558228
2572812544.0,-0.49910688400268555
2573750016.0,-0.4713984429836273
2574687488.0,-0.4442579448223114
2575624960.0,-0.4150716960430145
2576562432.0,-0.38586926460266113
2577499904.0,-0.3554374873638153
2578437376.0,-0.32491815090179443
2579375104.0,-0.2945094704627991
2580312576.0,-0.2653057277202606
2581250048.0,-0.23495329916477203
2582187520.0,-0.2051594853401184
2583124992.0,-0.17629308998584747
2584062464.0,-0.1478801667690277
2584999936.0,-0.11993011832237244
2585937408.0,-0.09443378448486328
2586874880.0,-0.07010030746459961
2587812608.0,-0.047360531985759735
2588750080.0,-0.02280091866850853
2589687552.0,-0.007654710207134485
2590625024.0,0.004234291147440672
2591562496.0,0.015350500121712685
2592499968.0,0.02369733154773712
2593437440.0,0.029592232778668404
2594374912.0,0.03402629494667053
2595312384.0,0.035957664251327515
2596250112.0,0.03671402111649513
2597187584.0,0.03583270683884621
2598125056.0,0.032650504261255264
2599062528.0,0.027755120769143105
2600000000.0,0.02126183733344078
2600937472.0,0.012910017743706703
2601874944.0,0.004050255753099918
2602812416.0,-0.006085251923650503
2603749888.0,-0.017539506778120995
2604687616.0,-0.02994735725224018
2605625088.0,-0.04266390949487686
2606562560.0,-0.05635735020041466
2607500032.0,-0.06956962496042252
2608437504.0,-0.0844080001115799
2609374976.0,-0.09830935299396515
2610312448.0,-0.11259717494249344
2611249920.0,-0.1261548548936844
2612187392.0,-0.13929308950901031
2613125120.0,-0.15251199901103973
2614062592.0,-0.16487930715084076
2615000064.0,-0.1756979078054428
2615937536.0,-0.1858876645565033
2616875008.0,-0.1954517811536789
2617812480.0,-0.20333437621593475
2618749952.0,-0.21106451749801636
2619687424.0,-0.21694515645503998
2620624896.0,-0.2209477573633194
2621562624.0,-0.22393758594989777
2622500096.0,-0.22575955092906952
2623437568.0,-0.2254459112882614
2624375040.0,-0.22331200540065765
2625312512.0,-0.22080694139003754
2626249984.0,-0.21514219045639038
2627187456.0,-0.2086448073387146
2628124928.0,-0.2015048861503601
2629062400.0,-0.19130586087703705
2630000128.0,-0.18045184016227722
2630937600.0,-0.16834694147109985
2631875072.0,-0.15527799725532532
2632812544.0,-0.14136718213558197
2633750016.0,-0.12496455758810043
2634687488.0,-0.10866056382656097
2635624960.0,-0.09097866714000702
2636562432.0,-0.0736498087644577
2637499904.0,-0.053719013929367065
2638437376.0,-0.034760981798172
2639375104.0,-0.01583145186305046
2640312576.0,0.0027000918053090572
2641250048.0,0.020869478583335876
2642187520.0,0.04147160053253174
2643124992.0,0.06002706661820412
2644062464.0,0.07856232672929764
2644999936.0,0.09498147666454315
2645937408.0,0.11192267388105392
2646874880.0,0.1260659098625183
2647812608.0,0.15307292342185974
2648750080.0,0.16824348270893097
2649687552.0,0.18092364072799683
2650625024.0,0.19310025870800018
2651562496.0,0.20168504118919373
2652499968.0,0.2076345682144165
2653437440.0,0.21150201559066772
2654374912.0,0.21308347582817078
2655312384.0,0.21262654662132263
2656250112.0,0.20908820629119873
2657187584.0,0.202362060546875
2658125056.0,0.19518135488033295
2659062528.0,0.18356874585151672
2660000000.0,0.1717466562986374
2660937472.0,0.157526895403862
2661874944.0,0.14182934165000916
2662812416.0,0.1240542009472847
2663749888.0,0.10571876168251038
2664687616.0,0.0861353799700737
2665625088.0,0.0657082349061966
2666562560.0,0.044948745518922806
2667500032.0,0.024058014154434204
2668437504.0,0.0042443242855370045
2669374976.0,-0.017125900834798813
2670312448.0,-0.03602363541722298
2671249920.0,-0.05593212693929672
2672187392.0,-0.07423214614391327
2673125120.0,-0.09126726537942886
2674062592.0,-0.10724260658025742
2675000064.0,-0.1211894229054451
2675937536.0,-0.13349655270576477
2676875008.0,-0.1449107825756073
2677812480.0,-0.15357711911201477
2678749952.0,-0.15998104214668274
2679687424.0,-0.16419783234596252
2680624896.0,-0.16780850291252136
2681562624.0,-0.1678268164396286
2682500096.0,-0.16735124588012695
2683437568.0,-0.16489200294017792
2684375040.0,-0.15871381759643555
2685312512.0,-0.15145468711853027
2686249984.0,-0.14187529683113098
2687187456.0,-0.1320863962173462
2688124928.0,-0.11964743584394455
2689062400.0,-0.10611823946237564
2689999872.0,-0.09187233448028564
2690937600.0,-0.0748106837272644
2691875072.0,-0.05847596749663353
2692812544.0,-0.04130081087350845
2693750016.0,-0.024214474484324455
2694687488.0,-0.0063618943095207214
2695624960.0,0.011563119478523731
2696562432.0,0.029313594102859497
2697499904.0,0.047198012471199036
2698437376.0,0.06507845968008041
2699375104.0,0.08222852647304535
2700312576.0,0.09795604646205902
2701250048.0,0.11345086246728897
2702187520.0,0.12708498537540436
2703124992.0,0.14072832465171814
2704062464.0,0.15379706025123596
2704999936.0,0.164285346865654
2705937408.0,0.17409688234329224
2706874880.0,0.1827758252620697
2707812608.0,0.20220409333705902
2708750080.0,0.20783370733261108
2709687552.0,0.21138794720172882
2710625024.0,0.21398502588272095
2711562496.0,0.21568618714809418
2712499968.0,0.21557798981666565
2713437440.0,0.2148539125919342
2714374912.0,0.21366944909095764
2715312384.0,0.20982365310192108
2716250112.0,0.20522554218769073
2717187584.0,0.19840417802333832
2718125056.0,0.19165752828121185
2719062528.0,0.1836698204278946
2720000000.0,0.17343290150165558
2720937472.0,0.1616339385509491
2721874944.0,0.15010517835617065
2722812416.0,0.13573460280895233
2723749888.0,0.12114305794239044
2724687616.0,0.10571525990962982
2725625088.0,0.08839913457632065
2726562560.0,0.07074929028749466
2727500032.0,0.052434273064136505
2728437504.0,0.03348955884575844
2729374976.0,0.013813807629048824
2730312448.0,-0.006155005656182766
2731249920.0,-0.024971554055809975
2732187392.0,-0.043813835829496384
2733125120.0,-0.06362232565879822
2734062592.0,-0.08141374588012695
2735000064.0,-0.09891671687364578
2735937536.0,-0.11535651981830597
2736875008.0,-0.1311677247285843
2737812480.0,-0.1447756439447403
2738749952.0,-0.15698577463626862
2739687424.0,-0.16715823113918304
2740624896.0,-0.1758056879043579
2741562624.0,-0.18280214071273804
2742500096.0,-0.18684561550617218
2743437568.0,-0.18906719982624054
2744375040.0,-0.18890166282653809
2745312512.0,-0.18604406714439392
2746249984.0,-0.18182432651519775
2747187456.0,-0.17476165294647217
2748124928.0,-0.164740189909935
2749062400.0,-0.15322430431842804
2750000128.0,-0.13978280127048492
2750937600.0,-0.12447767704725266
2751875072.0,-0.1070336103439331
2752812544.0,-0.08797996491193771
2753750016.0,-0.06852519512176514
2754687488.0,-0.047403644770383835
2755624960.0,-0.025690726935863495
2756562432.0,-0.00349861616268754
2757499904.0,0.018530193716287613
2758437376.0,0.04049840569496155
2759375104.0,0.06310727447271347
2760312576.0,0.08346109837293625
2761250048.0,0.10419532656669617
2762187520.0,0.12353402376174927
2763124992.0,0.1414211243391037
2764062464.0,0.15750257670879364
2764999936.0,0.17182566225528717
2765937408.0,0.18433988094329834
2766874880.0,0.1949968785047531
2767812608.0,0.2369256317615509
2768750080.0,0.24142909049987793
2769687552.0,0.24405047297477722
2770625024.0,0.24390383064746857
2771562496.0,0.24280253052711487
2772499968.0,0.24085982143878937
2773437440.0,0.23694215714931488
2774374912.0,0.22994497418403625
2775312384.0,0.22384388744831085
2776250112.0,0.21436826884746552
2777187584.0,0.20529349148273468
2778125056.0,0.19473621249198914
2779062528.0,0.1830599457025528
2780000000.0,0.1703793853521347
2780937472.0,0.1574173867702484
2781874944.0,0.14327643811702728
2782812416.0,0.1283557265996933
2783749888.0,0.11478766053915024
2784687616.0,0.09954141080379486
2785625088.0,0.08461256325244904
2786562560.0,0.06911782175302505
2787500032.0,0.05432191491127014
2788437504.0,0.03829539939761162
2789374976.0,0.024281587451696396
2790312448.0,0.008860123343765736
2791249920.0,-0.004842289257794619
2792187392.0,-0.019223755225539207
2793125120.0,-0.031518563628196716
2794062592.0,-0.04335607588291168
2795000064.0,-0.05390932410955429
2795937536.0,-0.0646863728761673
2796875008.0,-0.07401289790868759
2797812480.0,-0.08151884377002716
2798749952.0,-0.08750014752149582
2799687424.0,-0.09279927611351013
2800624896.0,-0.09708362072706223
2801562624.0,-0.09939952194690704
2802500096.0,-0.09974386543035507
2803437568.0,-0.0993705615401268
2804375040.0,-0.09632319957017899
2805312512.0,-0.09377452731132507
2806249984.0,-0.08850796520709991
2807187456.0,-0.08120735734701157
2808124928.0,-0.073065385222435
2809062400.0,-0.06378921121358871
2809999872.0,-0.05218373239040375
2810937600.0,-0.04000253602862358
2811875072.0,-0.027461472898721695
2812812544.0,-0.013042086735367775
2813750016.0,0.002402773592621088
2814687488.0,0.018550293520092964
2815624960.0,0.03438538685441017
2816562432.0,0.05168868973851204
2817499904.0,0.06937169283628464
2818437376.0,0.0861988291144371
2819375104.0,0.10347771644592285
2820312576.0,0.12095187604427338
2821250048.0,0.13828380405902863
2822187520.0,0.15407052636146545
2823124992.0,0.16948246955871582
2824062464.0,0.18371622264385223
2824999936.0,0.19675543904304504
2825937408.0,0.20850031077861786
2826874880.0,0.2186737209558487
2827812608.0,0.23259875178337097
2828750080.0,0.23892846703529358
2829687552.0,0.2434803694486618
2830625024.0,0.24531258642673492
2831562496.0,0.24535146355628967
2832499968.0,0.24341575801372528
2833437440.0,0.23948155343532562
2834374912.0,0.2340775430202484
2835312384.0,0.22674673795700073
2836250112.0,0.21829383075237274
2837187584.0,0.2076428085565567
2838125056.0,0.19563810527324677
2839062528.0,0.18236738443374634
2840000000.0,0.16736826300621033
2840937472.0,0.15233036875724792
2841874944.0,0.1365903615951538
2842812416.0,0.11964724212884903
2843749888.0,0.1023741289973259
2844687616.0,0.08388154208660126
2845625088.0,0.06618420034646988
2846562560.0,0.04862460121512413
2847500032.0,0.030420921742916107
2848437504.0,0.013285067863762379
2849374976.0,-0.004539641551673412
2850312448.0,-0.020617762580513954
2851249920.0,-0.035870056599378586
2852187392.0,-0.05060317739844322
2853125120.0,-0.06397739052772522
2854062592.0,-0.0765097364783287
2855000064.0,-0.08660256117582321
2855937536.0,-0.09598684310913086
2856875008.0,-0.10435547679662704
2857812480.0,-0.11056285351514816
2858749952.0,-0.11600103974342346
2859687424.0,-0.11915723234415054
2860624896.0,-0.1193956732749939
2861562624.0,-0.11812715232372284
2862500096.0,-0.11618564277887344
2863437568.0,-0.11218900233507156
2864375040.0,-0.10700435936450958
2865312512.0,-0.09896472096443176
2866249984.0,-0.09054762125015259
2867187456.0,-0.08061832934617996
2868124928.0,-0.06761279702186584
2869062400.0,-0.054141901433467865
2870000128.0,-0.04014497622847557
2870937600.0,-0.02539774775505066
2871875072.0,-0.009238794445991516
2872812544.0,0.007130634039640427
2873750016.0,0.025217432528734207
2874687488.0,0.04158312827348709
2875624960.0,0.05959144979715347
2876562432.0,0.07738183438777924
2877499904.0,0.09449409693479538
2878437376.0,0.11143907159566879
2879375104.0,0.1276867836713791
2880312576.0,0.1449601948261261
2881250048.0,0.1591460257768631
2882187520.0,0.17375299334526062
2883124992.0,0.18744495511054993
2884062464.0,0.1994880735874176
2884999936.0,0.21121950447559357
2885937408.0,0.22168685495853424
2886874880.0,0.22996418178081512
2887812608.0,0.21455331146717072
2888750080.0,0.21938225626945496
2889687552.0,0.22220449149608612
2890625024.0,0.22487527132034302
2891562496.0,0.22680577635765076
2892499968.0,0.22705964744091034
2893437440.0,0.22689729928970337
2894374912.0,0.22402143478393555
2895312384.0,0.2203056812286377
2896250112.0,0.2152499258518219
2897187584.0,0.2088967114686966
2898125056.0,0.20001383125782013
2899062528.0,0.19145265221595764
2900000000.0,0.18047963082790375
2900937472.0,0.1680118888616562
2901874944.0,0.15426234900951385
2902812416.0,0.13971219956874847
2903749888.0,0.12380509823560715
2904687616.0,0.10730908811092377
2905625088.0,0.09039589017629623
2906562560.0,0.07262173295021057
2907500032.0,0.05381954461336136
2908437504.0,0.036583393812179565
2909374976.0,0.018506823107600212
2910312448.0,0.0012454647803679109
2911249920.0,-0.01504563819617033
2912187392.0,-0.030678972601890564
2913125120.0,-0.045143842697143555
2914062592.0,-0.05793245509266853
2915000064.0,-0.07051876187324524
2915937536.0,-0.07952883839607239
2916875008.0,-0.08804154396057129
2917812480.0,-0.09321479499340057
2918749952.0,-0.0977049246430397
2919687424.0,-0.09962141513824463
2920624896.0,-0.09907084703445435
2921562624.0,-0.09622696042060852
2922500096.0,-0.09170356392860413
2923437568.0,-0.08453827351331711
2924375040.0,-0.0762551799416542
2925312512.0,-0.06550092250108719
2926249984.0,-0.05360477790236473
2927187456.0,-0.03967045992612839
2928124928.0,-0.02538810856640339
2929062400.0,-0.008393262512981892
2929999872.0,0.007288904394954443
2930937600.0,0.02526555396616459
2931875072.0,0.04351178556680679
2932812544.0,0.0603061243891716
2933750016.0,0.0784682184457779
2934687488.0,0.09442485123872757
2935624960.0,0.11173448711633682
2936562432.0,0.12706167995929718
2937499904.0,0.14219772815704346
2938437376.0,0.15531180799007416
2939375104.0,0.16855356097221375
2940312576.0,0.1788487285375595
2941250048.0,0.18868577480316162
2942187520.0,0.19743305444717407
2943124992.0,0.20406055450439453
2944062464.0,0.21065565943717957
2944999936.0,0.2153317779302597
2945937408.0,0.21862511336803436
2946874880.0,0.2211204618215561
2947812608.0,0.2027043104171753
2948750080.0,0.20123852789402008
2949687552.0,0.19894787669181824
2950625024.0,0.19723553955554962
2951562496.0,0.19515177607536316
2952499968.0,0.19163477420806885
2953437440.0,0.18895582854747772
2954374912.0,0.1859598159790039
2955312384.0,0.18211936950683594
2956250112.0,0.17871713638305664
2957187584.0,0.17484883964061737
2958125056.0,0.17033156752586365
2959062528.0,0.16627921164035797
2960000000.0,0.1623832881450653
2960937472.0,0.15749973058700562
2961874944.0,0.1530296802520752
2962812416.0,0.14783188700675964
2963749888.0,0.14202280342578888
2964687616.0,0.137732595205307
2965625088.0,0.13073450326919556
2966562560.0,0.12459746748209
2967500032.0,0.1190619021654129
2968437504.0,0.11256300657987595
2969374976.0,0.10553513467311859
2970312448.0,0.09765113890171051
2971249920.0,0.09029361605644226
2972187392.0,0.08379043638706207
2973125120.0,0.07564618438482285
2974062592.0,0.06736220419406891
2975000064.0,0.060826294124126434
2975937536.0,0.05300067737698555
2976875008.0,0.04507031291723251
2977812480.0,0.037971045821905136
2978749952.0,0.032150715589523315
2979687424.0,0.02593962848186493
2980624896.0,0.020857803523540497
2981562624.0,0.014773713424801826
2982500096.0,0.01040817890316248
2983437568.0,0.006062750238925219
2984375040.0,0.0032921768724918365
2985312512.0,0.0004994079354219139
2986249984.0,-0.0019992240704596043
2987187456.0,-0.002618152182549238
2988124928.0,-0.0035958713851869106
2989062400.0,-0.0036652658600360155
2990000128.0,-0.003878291230648756
2990937600.0,-0.0021549472585320473
2991875072.0,-0.0010096305049955845
2992812544.0,0.0005216234130784869
2993750016.0,0.0019794567488133907
2994687488.0,0.004089540336281061
2995624960.0,0.006306218449026346
2996562432.0,0.008506475016474724
2997499904.0,0.011732232756912708
2998437376.0,0.013727796263992786
2999375104.0,0.015705933794379234
3000312576.0,0.021296534687280655
3001250048.0,0.023598382249474525
3002187520.0,0.02635614573955536
3003124992.0,0.028957821428775787
3004062464.0,0.0300674457103014
3004999936.0,0.03268544748425484
3005937408.0,0.03470727428793907
3006874880.0,0.036356840282678604
3007812608.0,0.12925875186920166
3008750080.0,0.12616181373596191
3009687552.0,0.12317706644535065
3010625024.0,0.11982060223817825
3011562496.0,0.11543863266706467
3012499968.0,0.11203884333372116
3013437440.0,0.10816758871078491
3014374912.0,0.10264165699481964
3015312384.0,0.09811066091060638
3016250112.0,0.09285593032836914
3017187584.0,0.0865459069609642
3018125056.0,0.08195754885673523
3019062528.0,0.07660368829965591
3020000000.0,0.06949114054441452
3020937472.0,0.06482338905334473
3021874944.0,0.058210305869579315
3022812416.0,0.05287604406476021
3023749888.0,0.047050897032022476
3024687616.0,0.04059760645031929
3025625088.0,0.03504086285829544
3026562560.0,0.02876736782491207
3027500032.0,0.023915255442261696
3028437504.0,0.017861325293779373
3029374976.0,0.01167245488613844
3030312448.0,0.006191871594637632
3031249920.0,0.0004936387413181365
3032187392.0,-0.005444295704364777
3033125120.0,-0.010645413771271706
3034062592.0,-0.015859926119446754
3035000064.0,-0.02094300463795662
3035937536.0,-0.02678504027426243
3036875008.0,-0.031480882316827774
3037812480.0,-0.036149729043245316
3038749952.0,-0.04046184942126274
3039687424.0,-0.045432426035404205
3040624896.0,-0.04908245801925659
3041562624.0,-0.05245538428425789
3042500096.0,-0.05535116791725159
3043437568.0,-0.05777973681688309
3044375040.0,-0.06000092253088951
3045312512.0,-0.06152194365859032
3046249984.0,-0.06333080679178238
3047187456.0,-0.06448100507259369
3048124928.0,-0.06499898433685303
3049062400.0,-0.06501079350709915
3049999872.0,-0.06329246610403061
3050937600.0,-0.061863161623477936
3051875072.0,-0.060257796198129654
3052812544.0,-0.057805705815553665
3053750016.0,-0.05366592854261398
3054687488.0,-0.049050457775592804
3055624960.0,-0.043839048594236374
3056562432.0,-0.037720322608947754
3057499904.0,-0.03038218431174755
3058437376.0,-0.024200323969125748
3059375104.0,-0.015210730023682117
3060312576.0,-0.006016327999532223
3061250048.0,0.0036319021601229906
3062187520.0,0.01374850794672966
3063124992.0,0.024204351007938385
3064062464.0,0.03610214218497276
3064999936.0,0.04767032712697983
3065937408.0,0.0603862926363945
3066874880.0,0.07307103276252747
3067812608.0,0.14102473855018616
3068750080.0,0.14584875106811523
3069687552.0,0.15068653225898743
3070625024.0,0.15320369601249695
3071562496.0,0.15464840829372406
3072499968.0,0.15510191023349762
3073437440.0,0.15343153476715088
3074374912.0,0.15035605430603027
3075312384.0,0.14674904942512512
3076250112.0,0.13985374569892883
3077187584.0,0.13354027271270752
3078125056.0,0.12556293606758118
3079062528.0,0.11718514561653137
3080000000.0,0.10885823518037796
3080937472.0,0.09755878150463104
3081874944.0,0.08707073330879211
3082812416.0,0.07560257613658905
3083749888.0,0.06371110677719116
3084687616.0,0.052847933024168015
3085625088.0,0.04225441813468933
3086562560.0,0.03168013319373131
3087500032.0,0.020935941487550735
3088437504.0,0.011420133523643017
3089374976.0,0.0014227739302441478
3090312448.0,-0.006963061634451151
3091249920.0,-0.013824808411300182
3092187392.0,-0.020290523767471313
3093125120.0,-0.02543366514146328
3094062592.0,-0.02987334318459034
3095000064.0,-0.033169157803058624
3095937536.0,-0.03375616297125816
3096875008.0,-0.03520982339978218
3097812480.0,-0.03499564155936241
3098749952.0,-0.03326968848705292
3099687424.0,-0.02998376078903675
3100624896.0,-0.026124510914087296
3101562624.0,-0.0214344784617424
3102500096.0,-0.015809819102287292
3103437568.0,-0.010226596146821976
3104375040.0,-0.002695217030122876
3105312512.0,0.004764531273394823
3106249984.0,0.01239101029932499
3107187456.0,0.020487580448389053
3108124928.0,0.02889413945376873
3109062400.0,0.037908539175987244
3110000128.0,0.0451267845928669
3110937600.0,0.054318979382514954
3111875072.0,0.06279690563678741
3112812544.0,0.07041855156421661
3113750016.0,0.07795316725969315
3114687488.0,0.08565659821033478
3115624960.0,0.09281351417303085
3116562432.0,0.0983392670750618
3117499904.0,0.10471513122320175
3118437376.0,0.10939463973045349
3119375104.0,0.11421266198158264
3120312576.0,0.11930186301469803
3121250048.0,0.12294594943523407
3122187520.0,0.12695205211639404
3123124992.0,0.12975649535655975
3124062464.0,0.1323820799589157
3124999936.0,0.1351422816514969
3125937408.0,0.13761557638645172
3126874880.0,0.1406078338623047
3127812608.0,0.14621037244796753
3128750080.0,0.14736762642860413
3129687552.0,0.14704418182373047
3130625024.0,0.1454886794090271
3131562496.0,0.1439359188079834
3132499968.0,0.1423308104276657
3133437440.0,0.1403711587190628
3134374912.0,0.13755594193935394
3135312384.0,0.13416001200675964
3136250112.0,0.13133874535560608
3137187584.0,0.12853339314460754
3138125056.0,0.12577109038829803
3139062528.0,0.12448535114526749
3140000000.0,0.1228531002998352
3140937472.0,0.12343847751617432
3141874944.0,0.12422531098127365
3142812416.0,0.12770260870456696
3143749888.0,0.1310349553823471
3144687616.0,0.1357753723859787
3145625088.0,0.1410229504108429
3146562560.0,0.1468036025762558
3147500032.0,0.1517612487077713
3148437504.0,0.15520597994327545
3149374976.0,0.15757432579994202
3150312448.0,0.1583540439605713
3151249920.0,0.15720809996128082
3152187392.0,0.1538947969675064
3153125120.0,0.14846186339855194
3154062592.0,0.14068222045898438
3155000064.0,0.13170568645000458
3155937536.0,0.120185486972332
3156875008.0,0.1076221764087677
3157812480.0,0.09276821464300156
3158749952.0,0.07733039557933807
3159687424.0,0.061742015182971954
3160624896.0,0.045999713242053986
3161562624.0,0.03009711764752865
3162500096.0,0.015099545940756798
3163437568.0,0.0017381103243678808
3164375040.0,-0.0100242355838418
3165312512.0,-0.020564772188663483
3166249984.0,-0.02860932983458042
3167187456.0,-0.03434405475854874
3168124928.0,-0.0387207455933094
3169062400.0,-0.040289685130119324
3169999872.0,-0.03955035284161568
3170937600.0,-0.03626900166273117
3171875072.0,-0.030833881348371506
3172812544.0,-0.023760810494422913
3173750016.0,-0.014230331405997276
3174687488.0,-0.0035179618280380964
3175624960.0,0.00840011052787304
3176562432.0,0.02158593013882637
3177499904.0,0.036467812955379486
3178437376.0,0.05005655065178871
3179375104.0,0.0658523216843605
3180312576.0,0.08167744427919388
3181250048.0,0.09730812907218933
3182187520.0,0.11217432469129562
3183124992.0,0.12684039771556854
3184062464.0,0.14099524915218353
3184999936.0,0.1537933647632599
3185937408.0,0.16703295707702637
3186874880.0,0.17858877778053284
3187812608.0,0.15002115070819855
3188750080.0,0.14547815918922424
3189687552.0,0.141208678483963
3190625024.0,0.13645382225513458
3191562496.0,0.13199009001255035
3192499968.0,0.12599246203899384
3193437440.0,0.1205914095044136
3194374912.0,0.11556945741176605
3195312384.0,0.10962994396686554
3196250112.0,0.10554502159357071
3197187584.0,0.10126955807209015
3198125056.0,0.09696020931005478
3199062528.0,0.09334207326173782
3200000000.0,0.09055402129888535
3200937472.0,0.08871398866176605
3201874944.0,0.08766122162342072
3202812416.0,0.08717881888151169
3203749888.0,0.08690769970417023
3204687616.0,0.08791942149400711
3205625088.0,0.08858359605073929
3206562560.0,0.09090002626180649
3207500032.0,0.09253045171499252
3208437504.0,0.09617051482200623
3209374976.0,0.09770989418029785
3210312448.0,0.10048405826091766
3211249920.0,0.10375560820102692
3212187392.0,0.10585968941450119
3213125120.0,0.10811053961515427
3214062592.0,0.11050627380609512
3215000064.0,0.11239085346460342
3215937536.0,0.11412043869495392
3216875008.0,0.1163923367857933
3217812480.0,0.11729385703802109
3218749952.0,0.11759556829929352
3219687424.0,0.11753534525632858
3220624896.0,0.1180233582854271
3221562624.0,0.11797674745321274
3222500096.0,0.11651171743869781
3223437568.0,0.1163693219423294
3224375040.0,0.1153603345155716
3225312512.0,0.11418099701404572
3226249984.0,0.11271084100008011
3227187456.0,0.11086281388998032
3228124928.0,0.10988692194223404
3229062400.0,0.10907159000635147
3230000128.0,0.1079259067773819
3230937600.0,0.10718399286270142
3231875072.0,0.10785849392414093
3232812544.0,0.10762132704257965
3233750016.0,0.10874758660793304
3234687488.0,0.1116613820195198
3235624960.0,0.11302574723958969
3236562432.0,0.11623403429985046
3237499904.0,0.11972647160291672
3238437376.0,0.12439742684364319
3239375104.0,0.12899722158908844
3240312576.0,0.1342495232820511
3241250048.0,0.14020931720733643
3242187520.0,0.14698587357997894
3243124992.0,0.1521078497171402
3244062464.0,0.1592429280281067
3244999936.0,0.16465651988983154
3245937408.0,0.1711646318435669
3246874880.0,0.1767703890800476
3247812608.0,0.08668585866689682
3248750080.0,0.07890581339597702
3249687552.0,0.07062021642923355
3250625024.0,0.0604405514895916
3251562496.0,0.05008428543806076
3252499968.0,0.04109891876578331
3253437440.0,0.032990604639053345
3254374912.0,0.025868672877550125
3255312384.0,0.01928127557039261
3256250112.0,0.015180614776909351
3257187584.0,0.012767949141561985
3258125056.0,0.012833011336624622
3259062528.0,0.0147422906011343
3260000000.0,0.01748797297477722
3260937472.0,0.021210327744483948
3261874944.0,0.025613652542233467
3262812416.0,0.030738329514861107
3263749888.0,0.03590252250432968
3264687616.0,0.04104965180158615
3265625088.0,0.04635462909936905
3266562560.0,0.051027510315179825
3267500032.0,0.05482155829668045
3268437504.0,0.05874723196029663
3269374976.0,0.06291086971759796
3270312448.0,0.06570132821798325
3271249920.0,0.06758161634206772
3272187392.0,0.07100953906774521
3273125120.0,0.07313176989555359
3274062592.0,0.07536295801401138
3275000064.0,0.07738251984119415
3275937536.0,0.07898825407028198
3276875008.0,0.0799737498164177
3277812480.0,0.08195877075195312
3278749952.0,0.08253929018974304
3279687424.0,0.08343418687582016
3280624896.0,0.08442110568284988
3281562624.0,0.08525484055280685
3282500096.0,0.08523766696453094
3283437568.0,0.08529958873987198
3284375040.0,0.08548640459775925
3285312512.0,0.08459437638521194
3286249984.0,0.08444972336292267
3287187456.0,0.08390974998474121
3288124928.0,0.08447886258363724
3289062400.0,0.08301379531621933
3289999872.0,0.08237717300653458
3290937600.0,0.0824195146560669
3291875072.0,0.0814766138792038
3292812544.0,0.08049344271421432
3293750016.0,0.08055341988801956
3294687488.0,0.08094128966331482
3295624960.0,0.08132521063089371
3296562432.0,0.08289416134357452
3297499904.0,0.08395633101463318
3298437376.0,0.08485247939825058
3299375104.0,0.08599678426980972
3300312576.0,0.08816288411617279
3301250048.0,0.0913766399025917
3302187520.0,0.09390215575695038
3303124992.0,0.09698691964149475
3304062464.0,0.10138605535030365
3304999936.0,0.10543930530548096
3305937408.0,0.11004547774791718
3306874880.0,0.11554057151079178
3307812608.0,0.12748056650161743
3308750080.0,0.1350507289171219
3309687552.0,0.14251241087913513
3310625024.0,0.14990182220935822
3311562496.0,0.1587599664926529
3312499968.0,0.1672755479812622
3313437440.0,0.17504483461380005
3314374912.0,0.1825316846370697
3315312384.0,0.19000613689422607
3316250112.0,0.1959362030029297
3317187584.0,0.2021423876285553
3318125056.0,0.20810866355895996
3319062528.0,0.21240057051181793
3320000000.0,0.21557015180587769
3320937472.0,0.21830204129219055
3321874944.0,0.21946582198143005
3322812416.0,0.21931396424770355
3323749888.0,0.21832114458084106
3324687616.0,0.21708568930625916
3325625088.0,0.21347598731517792
3326562560.0,0.2090940922498703
3327500032.0,0.20369885861873627
3328437504.0,0.1972985565662384
3329374976.0,0.18974459171295166
3330312448.0,0.180935800075531
3331249920.0,0.17130741477012634
3332187392.0,0.16211949288845062
3333125120.0,0.1507539302110672
3334062592.0,0.14103735983371735
3335000064.0,0.12926848232746124
3335937536.0,0.11843162775039673
3336875008.0,0.10762793570756912
3337812480.0,0.09598341584205627
3338749952.0,0.08542505651712418
3339687424.0,0.07513504475355148
3340624896.0,0.06496783345937729
3341562624.0,0.05612402781844139
3342500096.0,0.04719557613134384
3343437568.0,0.039494264870882034
3344375040.0,0.032747913151979446
3345312512.0,0.02709394507110119
3346249984.0,0.022785130888223648
3347187456.0,0.019029781222343445
3348124928.0,0.016588300466537476
3349062400.0,0.01640835963189602
3350000128.0,0.016634950414299965
3350937600.0,0.01799895614385605
3351875072.0,0.020519383251667023
3352812544.0,0.024725008755922318
3353750016.0,0.029059646651148796
3354687488.0,0.03499963507056236
3355624960.0,0.04258085787296295
3356562432.0,0.04966915398836136
3357499904.0,0.058277592062950134
3358437376.0,0.06788845360279083
3359375104.0,0.07655725628137589
3360312576.0,0.08672263473272324
3361250048.0,0.09744493663311005
3362187520.0,0.10780693590641022
3363124992.0,0.11778435111045837
3364062464.0,0.12771256268024445
3364999936.0,0.1371999979019165
3365937408.0,0.14558425545692444
3366874880.0,0.1534048467874527
3367812608.0,0.03622392192482948
3368750080.0,0.040495581924915314
3369687552.0,0.0442180410027504
3370625024.0,0.04826873168349266
3371562496.0,0.051532480865716934
3372499968.0,0.053722549229860306
3373437440.0,0.05579312518239021
3374374912.0,0.05627948418259621
3375312384.0,0.05624100938439369
3376250112.0,0.054625533521175385
3377187584.0,0.052741579711437225
3378125056.0,0.048881031572818756
3379062528.0,0.04536142200231552
3380000000.0,0.0399380698800087
3380937472.0,0.03310195356607437
3381874944.0,0.025669317692518234
3382812416.0,0.01704421080648899
3383749888.0,0.008515424095094204
3384687616.0,-0.0012082828907296062
3385625088.0,-0.011878905817866325
3386562560.0,-0.02222909964621067
3387500032.0,-0.032487232238054276
3388437504.0,-0.04382459446787834
3389374976.0,-0.055630262941122055
3390312448.0,-0.06670591980218887
3391249920.0,-0.07756603509187698
3392187392.0,-0.0880315899848938
3393125120.0,-0.09804663062095642
3394062592.0,-0.10780255496501923
3395000064.0,-0.11583295464515686
3395937536.0,-0.12386009842157364
3396875008.0,-0.13176442682743073
3397812480.0,-0.1380569189786911
3398749952.0,-0.14394032955169678
3399687424.0,-0.1478748321533203
3400624896.0,-0.1526191383600235
3401562624.0,-0.15565919876098633
3402500096.0,-0.15799547731876373
3403437568.0,-0.1590002030134201
3404375040.0,-0.1596352607011795
3405312512.0,-0.16011302173137665
3406249984.0,-0.15942545235157013
3407187456.0,-0.16020524501800537
3408124928.0,-0.15922792255878448
3409062400.0,-0.15896227955818176
3409999872.0,-0.1590917408466339
3410937600.0,-0.1595476120710373
3411875072.0,-0.1604963093996048
3412812544.0,-0.16215260326862335
3413750016.0,-0.16528144478797913
3414687488.0,-0.1690082550048828
3415624960.0,-0.17413148283958435
3416562432.0,-0.18076445162296295
3417499904.0,-0.19024141132831573
3418437376.0,-0.20130106806755066
3419375104.0,-0.2134622037410736
3420312576.0,-0.2278204709291458
3421250048.0,-0.24532273411750793
3422187520.0,-0.26325735449790955
3423124992.0,-0.28430265188217163
3424062464.0,-0.3066016733646393
3424999936.0,-0.33075806498527527
3425937408.0,-0.35689085721969604
3426874880.0,-0.38384193181991577
3427812608.0,-0.415009081363678
3428750080.0,-0.4423353970050812
3429687552.0,-0.470380038022995
3430625024.0,-0.4985031485557556
3431562496.0,-0.5266726016998291
3432499968.0,-0.5539116263389587
3433437440.0,-0.5812565684318542
3434374912.0,-0.6076303720474243
3435312384.0,-0.6340010166168213
3436250112.0,-0.6612387895584106
3437187584.0,-0.6888766288757324
3438125056.0,-0.7161977291107178
3439062528.0,-0.7460963129997253
3440000000.0,-0.7743645310401917
3440937472.0,-0.8060100674629211
3441874944.0,-0.8372321724891663
3442812416.0,-0.8725641369819641
3443749888.0,-0.9102013111114502
3444687616.0,-0.9504097104072571
3445625088.0,-0.9944689273834229
3446562560.0,-1.0392343997955322
3447500032.0,-1.0870943069458008
3448437504.0,-1.137300729751587
3449374976.0,-1.1906079053878784
3450312448.0,-1.2461447715759277
3451249920.0,-1.3034164905548096
3452187392.0,-1.3633382320404053
3453125120.0,-1.4240612983703613
3454062592.0,-1.4860503673553467
3455000064.0,-1.5498648881912231
3455937536.0,-1.6115378141403198
3456875008.0,-1.673332929611206
3457812480.0,-1.73123300075531
3458749952.0,-1.7848867177963257
3459687424.0,-1.832749366760254
3460624896.0,-1.8725824356079102
3461562624.0,-1.9062345027923584
3462500096.0,-1.932237982749939
3463437568.0,-1.9515873193740845
3464375040.0,-1.963514804840088
3465312512.0,-1.9692939519882202
3466249984.0,-1.9702244997024536
3467187456.0,-1.9629236459732056
3468124928.0,-1.9481945037841797
3469062400.0,-1.9267381429672241
3470000128.0,-1.8989261388778687
3470937600.0,-1.8647031784057617
3471875072.0,-1.8247745037078857
3472812544.0,-1.7799588441848755
3473750016.0,-1.731374979019165
3474687488.0,-1.6786394119262695
3475624960.0,-1.625421404838562
3476562432.0,-1.5702546834945679
3477499904.0,-1.5154138803482056
3478437376.0,-1.459679126739502
3479375104.0,-1.4033702611923218
3480312576.0,-1.3528692722320557
3481250048.0,-1.3041019439697266
3482187520.0,-1.2562925815582275
3483124992.0,-1.210019826889038
3484062464.0,-1.163537621498108
3484999936.0,-1.1194714307785034
3485937408.0,-1.0767940282821655
3486874880.0,-1.0372748374938965
3487812608.0,-1.0311782360076904
3488750080.0,-0.9941288232803345
3489687552.0,-0.9575777053833008
3490625024.0,-0.9224880337715149
3491562496.0,-0.8871522545814514
3492499968.0,-0.8541694283485413
3493437440.0,-0.823887288570404
3494374912.0,-0.7938463687896729
3495312384.0,-0.7671244740486145
3496250112.0,-0.7431855201721191
3497187584.0,-0.7221034169197083
3498125056.0,-0.7031795978546143
3499062528.0,-0.6872520446777344
3500000000.0,-0.6714764833450317
3500937472.0,-0.6584517955780029
3501874944.0,-0.6454819440841675
3502812416.0,-0.6320971250534058
3503749888.0,-0.6198367476463318
3504687616.0,-0.6072467565536499
3505625088.0,-0.594390332698822
3506562560.0,-0.5835326910018921
3507500032.0,-0.5711151361465454
3508437504.0,-0.5584145188331604
3509374976.0,-0.5465694069862366
3510312448.0,-0.533025860786438
3511249920.0,-0.5188143253326416
3512187392.0,-0.5050269961357117
3513125120.0,-0.4920820891857147
3514062592.0,-0.47796979546546936
3515000064.0,-0.46354714035987854
3515937536.0,-0.44736891984939575
3516875008.0,-0.4295894205570221
3517812480.0,-0.41237539052963257
3518749952.0,-0.39416709542274475
3519687424.0,-0.37607696652412415
3520624896.0,-0.3581271469593048
3521562624.0,-0.3394113779067993
3522500096.0,-0.3208070993423462
3523437568.0,-0.30224743485450745
3524375040.0,-0.2840515673160553
3525312512.0,-0.2656974792480469
3526249984.0,-0.24789565801620483
3527187456.0,-0.22959773242473602
3528124928.0,-0.21153944730758667
3529062400.0,-0.19384557008743286
3529999872.0,-0.17808876931667328
3530937600.0,-0.1634499579668045
3531875072.0,-0.1504424661397934
3532812544.0,-0.1389939785003662
3533750016.0,-0.12918679416179657
3534687488.0,-0.1218089908361435
3535624960.0,-0.11660481244325638
3536562432.0,-0.11270475387573242
3537499904.0,-0.10996995866298676
3538437376.0,-0.10963628441095352
3539375104.0,-0.11029192060232162
3540312576.0,-0.11231265217065811
3541250048.0,-0.11591086536645889
3542187520.0,-0.12060961872339249
3543124992.0,-0.12571647763252258
3544062464.0,-0.1326429843902588
3544999936.0,-0.14115451276302338
3545937408.0,-0.15146416425704956
3546874880.0,-0.16127954423427582
3547812608.0,-0.20137032866477966
3548750080.0,-0.19298893213272095
3549687552.0,-0.1843298077583313
3550625024.0,-0.17698274552822113
3551562496.0,-0.16859690845012665
3552499968.0,-0.16069260239601135
3553437440.0,-0.15444745123386383
3554374912.0,-0.14907288551330566
3555312384.0,-0.14347080886363983
3556250112.0,-0.14050298929214478
3557187584.0,-0.13721197843551636
3558125056.0,-0.13509276509284973
3559062528.0,-0.131740540266037
3560000000.0,-0.12858721613883972
3560937472.0,-0.12597115337848663
3561874944.0,-0.12287156283855438
3562812416.0,-0.11905129998922348
3563749888.0,-0.11583565920591354
3564687616.0,-0.11395487934350967
3565625088.0,-0.11202892661094666
3566562560.0,-0.10981579124927521
3567500032.0,-0.10754439234733582
3568437504.0,-0.10580803453922272
3569374976.0,-0.10397002100944519
3570312448.0,-0.1016225814819336
3571249920.0,-0.09828861802816391
3572187392.0,-0.09569891542196274
3573125120.0,-0.09294262528419495
3574062592.0,-0.09028323739767075
3575000064.0,-0.08666832000017166
3575937536.0,-0.08325537294149399
3576875008.0,-0.07978349924087524
3577812480.0,-0.07551304250955582
3578749952.0,-0.0719214454293251
3579687424.0,-0.06868474930524826
3580624896.0,-0.06524139642715454
3581562624.0,-0.06090651452541351
3582500096.0,-0.058370400220155716
3583437568.0,-0.05400959774851799
3584375040.0,-0.050992272794246674
3585312512.0,-0.04877998307347298
3586249984.0,-0.04562098905444145
3587187456.0,-0.044434092938899994
3588124928.0,-0.042372964322566986
3589062400.0,-0.04072781652212143
3590000128.0,-0.03933841362595558
3590937600.0,-0.03789650276303291
3591875072.0,-0.03736186772584915
3592812544.0,-0.03701620548963547
3593750016.0,-0.037592120468616486
3594687488.0,-0.03788762167096138
3595624960.0,-0.04001490771770477
3596562432.0,-0.04252107813954353
3597499904.0,-0.04409843683242798
3598437376.0,-0.046496499329805374
3599375104.0,-0.04936909303069115
3600312576.0,-0.05242844671010971
3601250048.0,-0.055528003722429276
3602187520.0,-0.057939570397138596
3603124992.0,-0.06112401559948921
3604062464.0,-0.063393734395504
3604999936.0,-0.06542731821537018
3605937408.0,-0.06645384430885315
3606874880.0,-0.06899081915616989
3607812608.0,-0.07292193174362183
3608750080.0,-0.07142996042966843
3609687552.0,-0.07061829417943954
3610625024.0,-0.06929254531860352
3611562496.0,-0.06822733581066132
3612499968.0,-0.06912048906087875
3613437440.0,-0.07031558454036713
3614374912.0,-0.07186119258403778
3615312384.0,-0.07397045940160751
3616250112.0,-0.07590886950492859
3617187584.0,-0.07880093902349472
3618125056.0,-0.08161105215549469
3619062528.0,-0.08479167520999908
3620000000.0,-0.0884079784154892
3620937472.0,-0.09180693328380585
3621874944.0,-0.09569762647151947
3622812416.0,-0.09876370429992676
3623749888.0,-0.1013653501868248
3624687616.0,-0.10377147793769836
3625625088.0,-0.1077636331319809
3626562560.0,-0.11001888662576675
3627500032.0,-0.11232394725084305
3628437504.0,-0.11481659859418869
3629374976.0,-0.11623479425907135
3630312448.0,-0.11704076826572418
3631249920.0,-0.1172192394733429
3632187392.0,-0.11691926419734955
3633125120.0,-0.11492732167243958
3634062592.0,-0.11363852769136429
3635000064.0,-0.11090225726366043
3635937536.0,-0.10762867331504822
3636875008.0,-0.1037156879901886
3637812480.0,-0.09904918819665909
3638749952.0,-0.09392950683832169
3639687424.0,-0.0875302329659462
3640624896.0,-0.08062705397605896
3641562624.0,-0.07333575934171677
3642500096.0,-0.06532902270555496
3643437568.0,-0.05726001784205437
3644375040.0,-0.04942796006798744
3645312512.0,-0.0418618805706501
3646249984.0,-0.033977314829826355
3647187456.0,-0.025470970198512077
3648124928.0,-0.017443234100937843
3649062400.0,-0.009906485676765442
3649999872.0,-0.0023919055238366127
3650937600.0,0.005074239335954189
3651875072.0,0.012837729416787624
3652812544.0,0.018514230847358704
3653750016.0,0.024983668699860573
3654687488.0,0.030093537643551826
3655624960.0,0.03310700133442879
3656562432.0,0.037735383957624435
3657499904.0,0.04097314551472664
3658437376.0,0.04228810966014862
3659375104.0,0.04328898340463638
3660312576.0,0.04489896073937416
3661250048.0,0.044148948043584824
3662187520.0,0.04355720058083534
3663124992.0,0.04175817593932152
3664062464.0,0.038209669291973114
3664999936.0,0.03558424487709999
3665937408.0,0.03033670224249363
3666874880.0,0.025017399340867996
3667812608.0,0.01700473763048649
3668750080.0,0.012286723591387272
3669687552.0,0.008075578138232231
3670625024.0,0.004205586854368448
3671562496.0,0.00031307651079259813
3672499968.0,-0.002742737764492631
3673437440.0,-0.005307274404913187
3674374912.0,-0.007507200352847576
3675312384.0,-0.009584536775946617
3676250112.0,-0.010046935640275478
3677187584.0,-0.009917347691953182
3678125056.0,-0.010267711244523525
3679062528.0,-0.010271706618368626
3680000000.0,-0.009387786500155926
3680937472.0,-0.007252626586705446
3681874944.0,-0.00534967752173543
3682812416.0,-0.004418725147843361
3683749888.0,-0.002222543116658926
3684687616.0,-0.0003783490101341158
3685625088.0,0.0019002074841409922
3686562560.0,0.004588931333273649
3687500032.0,0.006568509619683027
3688437504.0,0.008788625709712505
3689374976.0,0.011962088756263256
3690312448.0,0.013661612756550312
3691249920.0,0.017745476216077805
3692187392.0,0.019146423786878586
3693125120.0,0.021457238122820854
3694062592.0,0.024133136495947838
3695000064.0,0.026530086994171143
3695937536.0,0.028467509895563126
3696875008.0,0.03058052435517311
3697812480.0,0.032517917454242706
3698749952.0,0.03398968651890755
3699687424.0,0.03595554456114769
3700624896.0,0.03615272417664528
3701562624.0,0.03583303838968277
3702500096.0,0.0356392078101635
3703437568.0,0.03160324692726135
3704375040.0,0.029047934338450432
3705312512.0,0.023948198184370995
3706249984.0,0.018245620653033257
3707187456.0,0.011440581642091274
3708124928.0,0.0035928033757954836
3709062400.0,-0.006194353569298983
3710000128.0,-0.015328047797083855
3710937600.0,-0.02763371355831623
3711875072.0,-0.042091719806194305
3712812544.0,-0.05614890158176422
3713750016.0,-0.07349834591150284
3714687488.0,-0.09023172408342361
3715624960.0,-0.10993087291717529
3716562432.0,-0.12900985777378082
3717499904.0,-0.1498483270406723
3718437376.0,-0.17092935740947723
3719375104.0,-0.19190417230129242
3720312576.0,-0.21306540071964264
3721250048.0,-0.23429058492183685
3722187520.0,-0.25516489148139954
3723124992.0,-0.27524086833000183
3724062464.0,-0.29464468359947205
3724999936.0,-0.31377342343330383
3725937408.0,-0.3293728530406952
3726874880.0,-0.3445858359336853
3727812608.0,-0.033524565398693085
3728750080.0,-0.03296418860554695
3729687552.0,-0.03377458080649376
3730625024.0,-0.03604062646627426
3731562496.0,-0.037716012448072433
3732499968.0,-0.03894225135445595
3733437440.0,-0.04146057367324829
3734374912.0,-0.0436536930501461
3735312384.0,-0.04622643068432808
3736250112.0,-0.04918031394481659
3737187584.0,-0.051673341542482376
3738125056.0,-0.05288521945476532
3739062528.0,-0.053961381316185
3740000000.0,-0.05318606272339821
3740937472.0,-0.05311766266822815
3741874944.0,-0.05096307024359703
3742812416.0,-0.04784277454018593
3743749888.0,-0.044001076370477676
3744687616.0,-0.03932161256670952
3745625088.0,-0.034569211304187775
3746562560.0,-0.027448832988739014
3747500032.0,-0.019709447398781776
3748437504.0,-0.01154233142733574
3749374976.0,-0.0023205175530165434
3750312448.0,0.007560838479548693
3751249920.0,0.018648438155651093
3752187392.0,0.029661374166607857
3753125120.0,0.04077364504337311
3754062592.0,0.05226759612560272
3755000064.0,0.06274158507585526
3755937536.0,0.07343391329050064
3756875008.0,0.08401409536600113
3757812480.0,0.09342493116855621
3758749952.0,0.1027580127120018
3759687424.0,0.11055278033018112
3760624896.0,0.11852353811264038
3761562624.0,0.12316350638866425
3762500096.0,0.12857913970947266
3763437568.0,0.13126090168952942
3764375040.0,0.1336500346660614
3765312512.0,0.13387301564216614
3766249984.0,0.13187602162361145
3767187456.0,0.1299213171005249
3768124928.0,0.12514640390872955
3769062400.0,0.12013278901576996
3769999872.0,0.11336353421211243
3770937600.0,0.10494144260883331
3771875072.0,0.09667571634054184
3772812544.0,0.08556929230690002
3773750016.0,0.07510082423686981
3774687488.0,0.06304734945297241
3775624960.0,0.05074672773480415
3776562432.0,0.03744197264313698
3777499904.0,0.024300280958414078
3778437376.0,0.010918527841567993
3779375104.0,-0.0010577248176559806
3780312576.0,-0.013657758943736553
3781250048.0,-0.02599482797086239
3782187520.0,-0.039635997265577316
3783124992.0,-0.050786908715963364
3784062464.0,-0.0619518868625164
3784999936.0,-0.07237597554922104
3785937408.0,-0.08289282023906708
3786874880.0,-0.07781411707401276
3787812608.0,-0.08140028268098831
3788750080.0,-0.08618124574422836
3789687552.0,-0.0895773395895958
3790625024.0,-0.0934654176235199
3791562496.0,-0.09706570208072662
3792499968.0,-0.10088364034891129
3793437440.0,-0.1043035089969635
3794374912.0,-0.10593006759881973
3795312384.0,-0.10779312998056412
3796250112.0,-0.10862015932798386
3797187584.0,-0.10764628648757935
3798125056.0,-0.10627047717571259
3799062528.0,-0.1038132831454277
3800000000.0,-0.10066036880016327
3800937472.0,-0.096404068171978
3801874944.0,-0.09087326377630234
3802812416.0,-0.08560768514871597
3803749888.0,-0.07837460935115814
3804687616.0,-0.07163099199533463
3805625088.0,-0.06312928348779678
3806562560.0,-0.054168906062841415
3807500032.0,-0.04449392482638359
3808437504.0,-0.03509577736258507
3809374976.0,-0.025368649512529373
3810312448.0,-0.016303982585668564
3811249920.0,-0.00744968606159091
3812187392.0,0.0007736547850072384
3813125120.0,0.008427631109952927
3814062592.0,0.016217537224292755
3815000064.0,0.02301838994026184
3815937536.0,0.03033665381371975
3816875008.0,0.03636044263839722
3817812480.0,0.04206354543566704
3818749952.0,0.04609142243862152
3819687424.0,0.049681443721055984
3820624896.0,0.051672764122486115
3821562624.0,0.053733374923467636
3822500096.0,0.05490662902593613
3823437568.0,0.05509820953011513
3824375040.0,0.054539915174245834
3825312512.0,0.052005182951688766
3826249984.0,0.05028429999947548
3827187456.0,0.04629573971033096
3828124928.0,0.04223993420600891
3829062400.0,0.03717769309878349
3830000128.0,0.03273560479283333
3830937600.0,0.027459830045700073
3831875072.0,0.0221190694719553
3832812544.0,0.01795930601656437
3833750016.0,0.012530086562037468
3834687488.0,0.006337710190564394
3835624960.0,0.0006734832422807813
3836562432.0,-0.004785013850778341
3837499904.0,-0.01133866049349308
3838437376.0,-0.01589018478989601
3839375104.0,-0.021078189834952354
3840312576.0,-0.025107311084866524
3841250048.0,-0.028645416721701622
3842187520.0,-0.03263949230313301
3843124992.0,-0.037000250071287155
3844062464.0,-0.04167434200644493
3844999936.0,-0.04531271755695343
3845937408.0,-0.04906627535820007
3846874880.0,-0.046992022544145584
3847812608.0,-0.050596002489328384
3848750080.0,-0.05283975973725319
3849687552.0,-0.05514584854245186
3850625024.0,-0.05698554217815399
3851562496.0,-0.058953747153282166
3852499968.0,-0.0600791834294796
3853437440.0,-0.06107644364237785
3854374912.0,-0.0614267997443676
3855312384.0,-0.06234213337302208
3856250112.0,-0.06215270608663559
3857187584.0,-0.062287408858537674
3858125056.0,-0.06228606775403023
3859062528.0,-0.06137791648507118
3860000000.0,-0.05926790088415146
3860937472.0,-0.05732366815209389
3861874944.0,-0.05565793812274933
3862812416.0,-0.0532219260931015
3863749888.0,-0.05062655732035637
3864687616.0,-0.04957452416419983
3865625088.0,-0.050001006573438644
3866562560.0,-0.05204743146896362
3867500032.0,-0.05589202791452408
3868437504.0,-0.06124648079276085
3869374976.0,-0.06833582371473312
3870312448.0,-0.07678109407424927
3871249920.0,-0.08824474364519119
3872187392.0,-0.09798067808151245
3873125120.0,-0.10870897769927979
3874062592.0,-0.12002284824848175
3875000064.0,-0.13141238689422607
3875937536.0,-0.1418703943490982
3876875008.0,-0.1514926552772522
3877812480.0,-0.16033121943473816
3878749952.0,-0.16721799969673157
3879687424.0,-0.17313164472579956
3880624896.0,-0.17625369131565094
3881562624.0,-0.1780615895986557
3882500096.0,-0.17786023020744324
3883437568.0,-0.17428506910800934
3884375040.0,-0.1701412945985794
3885312512.0,-0.1648576557636261
3886249984.0,-0.15675653517246246
3887187456.0,-0.1479787826538086
3888124928.0,-0.13688243925571442
3889062400.0,-0.12564469873905182
3889999872.0,-0.11276949197053909
3890937600.0,-0.10139922797679901
3891875072.0,-0.08940013498067856
3892812544.0,-0.07755237817764282
3893750016.0,-0.06746333837509155
3894687488.0,-0.056754887104034424
3895624960.0,-0.04794462025165558
3896562432.0,-0.040008801966905594
3897499904.0,-0.03354646638035774
3898437376.0,-0.028462376445531845
3899375104.0,-0.02362915873527527
3900312576.0,-0.01972930319607258
3901250048.0,-0.018593862652778625
3902187520.0,-0.016714274883270264
3903124992.0,-0.015842223539948463
3904062464.0,-0.014249853789806366
3904999936.0,-0.012947220355272293
3905937408.0,-0.011356615461409092
3906874880.0,-0.01806257851421833
3907812608.0,-0.02671027183532715
3908750080.0,-0.03233324736356735
3909687552.0,-0.037501998245716095
3910625024.0,-0.04136443883180618
3911562496.0,-0.04265644773840904
3912499968.0,-0.04150162264704704
3913437440.0,-0.03872336447238922
3914374912.0,-0.03480949625372887
3915312384.0,-0.028941230848431587
3916250112.0,-0.021445833146572113
3917187584.0,-0.012718589045107365
3918125056.0,-0.0031521220225840807
3919062528.0,0.007697266526520252
3920000000.0,0.018600692972540855
3920937472.0,0.030343711376190186
3921874944.0,0.042023591697216034
3922812416.0,0.05374893918633461
3923749888.0,0.06479116529226303
3924687616.0,0.07558853179216385
3925625088.0,0.08496768027544022
3926562560.0,0.0937611311674118
3927500032.0,0.10183367878198624
3928437504.0,0.10851208120584488
3929374976.0,0.11270099133253098
3930312448.0,0.1167587861418724
3931249920.0,0.11855296790599823
3932187392.0,0.11937418580055237
3933125120.0,0.1173933669924736
3934062592.0,0.11501786857843399
3935000064.0,0.11103873699903488
3935937536.0,0.10515660792589188
3936875008.0,0.09786903858184814
3937812480.0,0.0900704637169838
3938749952.0,0.08015238493680954
3939687424.0,0.07020670175552368
3940624896.0,0.05903249606490135
3941562624.0,0.04716356098651886
3942500096.0,0.03320996090769768
3943437568.0,0.019642243161797523
3944375040.0,0.006136540789157152
3945312512.0,-0.00823501218110323
3946249984.0,-0.02203589305281639
3947187456.0,-0.03555173799395561
3948124928.0,-0.0503913052380085
3949062400.0,-0.06438056379556656
3950000128.0,-0.0767023041844368
3950937600.0,-0.09088151156902313
3951875072.0,-0.10239046066999435
3952812544.0,-0.11408551037311554
3953750016.0,-0.12418478727340698
3954687488.0,-0.13422583043575287
3955624960.0,-0.14324097335338593
3956562432.0,-0.15127135813236237
3957499904.0,-0.15917661786079407
3958437376.0,-0.16670164465904236
3959375104.0,-0.17303086817264557
3960312576.0,-0.17855075001716614
3961250048.0,-0.18521185219287872
3962187520.0,-0.19034510850906372
3963124992.0,-0.19572342932224274
3964062464.0,-0.20067453384399414
3964999936.0,-0.20557965338230133
3965937408.0,-0.20935067534446716
3966874880.0,-0.10065754503011703
3967812608.0,-0.10743504017591476
3968750080.0,-0.11193632334470749
3969687552.0,-0.11704719066619873
3970625024.0,-0.12025836855173111
3971562496.0,-0.12119567394256592
3972499968.0,-0.12307322770357132
3973437440.0,-0.12296006828546524
3974374912.0,-0.12316834926605225
3975312384.0,-0.1227971538901329
3976250112.0,-0.12266065925359726
3977187584.0,-0.12051455676555634
3978125056.0,-0.11770002543926239
3979062528.0,-0.11288876086473465
3980000000.0,-0.1083943247795105
3980937472.0,-0.10255114734172821
3981874944.0,-0.09646149724721909
3982812416.0,-0.09005646407604218
3983749888.0,-0.08356980979442596
3984687616.0,-0.07741084694862366
3985625088.0,-0.0705345943570137
3986562560.0,-0.06380857527256012
3987500032.0,-0.05651970952749252
3988437504.0,-0.05026492476463318
3989374976.0,-0.0439273826777935
3990312448.0,-0.03787004575133324
3991249920.0,-0.03148946166038513
3992187392.0,-0.02608424983918667
3993125120.0,-0.021409550681710243
3994062592.0,-0.017502790316939354
3995000064.0,-0.014387647621333599
3995937536.0,-0.012595010921359062
3996875008.0,-0.01068882830440998
3997812480.0,-0.009742844849824905
3998749952.0,-0.010752236470580101
3999687424.0,-0.010028595104813576
4000624896.0,-0.0017134967492893338
4001562624.0,-0.007227370981127024
4002500096.0,-0.012731939554214478
4003437568.0,-0.018270637840032578
4004375040.0,-0.02548990026116371
4005312512.0,-0.03315427526831627
4006249984.0,-0.04209433123469353
4007187456.0,-0.049932919442653656
4008124928.0,-0.05848304554820061
4009062400.0,-0.06674831360578537
4009999872.0,-0.07565391808748245
4010937600.0,-0.08453082293272018
4011875072.0,-0.0935429036617279
4012812544.0,-0.10263042151927948
4013750016.0,-0.11228886991739273
4014687488.0,-0.12139736115932465
4015624960.0,-0.12893719971179962
4016562432.0,-0.13836613297462463
4017499904.0,-0.14641951024532318
4018437376.0,-0.15553225576877594
4019375104.0,-0.1626000553369522
4020312576.0,-0.16889305412769318
4021250048.0,-0.1750926971435547
4022187520.0,-0.18223431706428528
4023124992.0,-0.18806403875350952
4024062464.0,-0.19300954043865204
4024999936.0,-0.19714808464050293
4025937408.0,-0.20279814302921295
4026874880.0,-0.1956079602241516
4027812608.0,-0.1991633027791977
4028750080.0,-0.20092666149139404
4029687552.0,-0.20414240658283234
4030625024.0,-0.2060878425836563
4031562496.0,-0.20791104435920715
4032499968.0,-0.2094404548406601
4033437440.0,-0.21085573732852936
4034374912.0,-0.21298889815807343
4035312384.0,-0.21392402052879333
4036250112.0,-0.21416136622428894
4037187584.0,-0.21464753150939941
4038125056.0,-0.2142379879951477
4039062528.0,-0.21312068402767181
4040000000.0,-0.21115374565124512
4040937472.0,-0.2103460133075714
4041874944.0,-0.20826534926891327
4042812416.0,-0.20596489310264587
4043749888.0,-0.20279227197170258
4044687616.0,-0.19783948361873627
4045625088.0,-0.19363054633140564
4046562560.0,-0.18766462802886963
4047500032.0,-0.18052801489830017
4048437504.0,-0.17385080456733704
4049374976.0,-0.16471143066883087
4050312448.0,-0.1556043028831482
4051249920.0,-0.1455901712179184
4052187392.0,-0.13365784287452698
4053125120.0,-0.12367015331983566
4054062592.0,-0.11066358536481857
4055000064.0,-0.09902584552764893
4055937536.0,-0.08538006991147995
4056875008.0,-0.07289735972881317
4057812480.0,-0.06003399193286896
4058749952.0,-0.047536369413137436
4059687424.0,-0.03525007143616676
4060624896.0,-0.023662587627768517
4061562624.0,-0.011457357555627823
4062500096.0,-0.0015800580149516463
4063437568.0,0.008923768065869808
4064375040.0,0.0168285071849823
4065312512.0,0.02462001144886017
4066249984.0,0.03123743087053299
4067187456.0,0.03607428818941116
4068124928.0,0.04023867845535278
4069062400.0,0.04369403421878815
4070000128.0,0.04648839309811592
4070937600.0,0.0470917709171772
4071875072.0,0.04679138958454132
4072812544.0,0.04601958021521568
4073750016.0,0.04250446707010269
4074687488.0,0.03833844140172005
4075624960.0,0.033391073346138
4076562432.0,0.027801064774394035
4077499904.0,0.020858345553278923
4078437376.0,0.01413180585950613
4079375104.0,0.006554695311933756
4080312576.0,-0.0020032133907079697
4081250048.0,-0.011242023669183254
4082187520.0,-0.02111988142132759
4083124992.0,-0.03045830689370632
4084062464.0,-0.040748480707407
4084999936.0,-0.05027211084961891
4085937408.0,-0.05966595560312271
4086874880.0,-0.08514994382858276
4087812608.0,-0.09114579856395721
4088750080.0,-0.09655217826366425
4089687552.0,-0.10128696262836456
4090625024.0,-0.10497218370437622
4091562496.0,-0.10870641469955444
4092499968.0,-0.11114832013845444
4093437440.0,-0.11343570798635483
4094374912.0,-0.11467555910348892
4095312384.0,-0.1159728467464447
4096250112.0,-0.11844933778047562
4097187584.0,-0.12005361169576645
4098125056.0,-0.12163927406072617
4099062528.0,-0.12384393066167831
4100000000.0,-0.12634384632110596
4100937472.0,-0.12844711542129517
4101874944.0,-0.1310052126646042
4102812416.0,-0.13279134035110474
4103749888.0,-0.1348983347415924
4104687616.0,-0.1375010758638382
4105625088.0,-0.1390199512243271
4106562560.0,-0.14032483100891113
4107500032.0,-0.1429416984319687
4108437504.0,-0.14393110573291779
4109374976.0,-0.14503957331180573
4110312448.0,-0.14701984822750092
4111249920.0,-0.14815807342529297
4112187392.0,-0.1485263556241989
4113125120.0,-0.15056994557380676
4114062592.0,-0.15103116631507874
4115000064.0,-0.15068629384040833
4115937536.0,-0.15036019682884216
4116875008.0,-0.1484735757112503
4117812480.0,-0.14796222746372223
4118749952.0,-0.14528144896030426
4119687424.0,-0.14136014878749847
4120624896.0,-0.1380084902048111
4121562624.0,-0.1355910748243332
4122500096.0,-0.13098566234111786
4123437568.0,-0.1275634765625
4124375040.0,-0.12337850034236908
4125312512.0,-0.11946500092744827
4126249984.0,-0.11525330692529678
4127187456.0,-0.11169535666704178
4128124928.0,-0.10830184817314148
4129062400.0,-0.10436390340328217
4129999872.0,-0.1012207567691803
4130937600.0,-0.09745985269546509
4131875072.0,-0.0932876244187355
4132812544.0,-0.0901784598827362
4133750016.0,-0.08609449863433838
4134687488.0,-0.08160838484764099
4135624960.0,-0.07828827202320099
4136562432.0,-0.07545801997184753
4137499904.0,-0.07236156612634659
4138437376.0,-0.06982818245887756
4139375104.0,-0.06745973229408264
4140312576.0,-0.06530290842056274
4141250048.0,-0.06227301433682442
4142187520.0,-0.06052643060684204
4143124992.0,-0.05897501856088638
4144062464.0,-0.05717962235212326
4144999936.0,-0.05521576851606369
4145937408.0,-0.0538615919649601
4146874880.0,-0.09060025215148926
4147812608.0,-0.09204961359500885
4148750080.0,-0.09355554729700089
4149687552.0,-0.09423784166574478
4150625024.0,-0.09443377703428268
4151562496.0,-0.0940650999546051
4152499968.0,-0.09270913153886795
4153437440.0,-0.09069642424583435
4154374912.0,-0.08721738308668137
4155312384.0,-0.08536672592163086
4156250112.0,-0.08059889078140259
4157187584.0,-0.07696554809808731
4158125056.0,-0.07270243018865585
4159062528.0,-0.06742682307958603
4160000000.0,-0.06253334134817123
4160937472.0,-0.0570899099111557
4161874944.0,-0.05111030861735344
4162812416.0,-0.04601112753152847
4163749888.0,-0.041874486953020096
4164687616.0,-0.03889325633645058
4165625088.0,-0.0351690873503685
4166562560.0,-0.03336115926504135
4167500032.0,-0.03239993005990982
4168437504.0,-0.031247613951563835
4169374976.0,-0.03209333121776581
4170312448.0,-0.03254690021276474
4171249920.0,-0.03397669643163681
4172187392.0,-0.03559734299778938
4173125120.0,-0.037409525364637375
4174062592.0,-0.04025445878505707
4175000064.0,-0.04335995391011238
4175937536.0,-0.047146208584308624
4176875008.0,-0.05180308595299721
4177812480.0,-0.05717916414141655
4178749952.0,-0.06281199306249619
4179687424.0,-0.06876548379659653
4180624896.0,-0.07409481704235077
4181562624.0,-0.07921577244997025
4182500096.0,-0.08305563777685165
4183437568.0,-0.0894199088215828
4184375040.0,-0.0930790975689888
4185312512.0,-0.0982423797249794
4186249984.0,-0.10333157330751419
4187187456.0,-0.10799916088581085
4188124928.0,-0.11159903556108475
4189062400.0,-0.11540190875530243
4190000128.0,-0.11887983977794647
4190937600.0,-0.12221496552228928
4191875072.0,-0.12572503089904785
4192812544.0,-0.12882480025291443
4193750016.0,-0.132782980799675
4194687488.0,-0.13564439117908478
4195624960.0,-0.140115886926651
4196562432.0,-0.1439429670572281
4197499904.0,-0.14861203730106354
4198437376.0,-0.15335935354232788
4199375104.0,-0.1582053154706955
4200312576.0,-0.16362492740154266
4201250048.0,-0.16958707571029663
4202187520.0,-0.17467503249645233
4203124992.0,-0.1802525520324707
4204062464.0,-0.1856497824192047
4204999936.0,-0.18997693061828613
4205937408.0,-0.19463779032230377
4206874880.0,-0.1846010684967041
4207812608.0,-0.19000284373760223
4208750080.0,-0.19554181396961212
4209687552.0,-0.20033575594425201
4210625024.0,-0.20407593250274658
4211562496.0,-0.20669107139110565
4212499968.0,-0.21018411219120026
4213437440.0,-0.2107332944869995
4214374912.0,-0.21191959083080292
4215312384.0,-0.21213427186012268
4216250112.0,-0.209980770945549
4217187584.0,-0.20697598159313202
4218125056.0,-0.20237645506858826
4219062528.0,-0.1967257857322693
4220000000.0,-0.1898415982723236
4220937472.0,-0.18006877601146698
4221874944.0,-0.17067737877368927
4222812416.0,-0.15967249870300293
4223749888.0,-0.14664176106452942
4224687616.0,-0.13270682096481323
4225625088.0,-0.11831557005643845
4226562560.0,-0.10138390213251114
4227500032.0,-0.08452361822128296
4228437504.0,-0.06765547394752502
4229374976.0,-0.048973821103572845
4230312448.0,-0.032686997205019
4231249920.0,-0.014563909731805325
4232187392.0,0.003691742429509759
4233125120.0,0.02077440917491913
4234062592.0,0.03758584335446358
4235000064.0,0.054705820977687836
4235937536.0,0.06977879256010056
4236875008.0,0.08558870851993561
4237812480.0,0.098624587059021
4238749952.0,0.1103164479136467
4239687424.0,0.12119657546281815
4240624896.0,0.12966449558734894
4241562624.0,0.13745640218257904
4242500096.0,0.14432376623153687
4243437568.0,0.14845632016658783
4244375040.0,0.15190370380878448
4245312512.0,0.15268653631210327
4246249984.0,0.1524330973625183
4247187456.0,0.14954638481140137
4248124928.0,0.14547443389892578
4249062400.0,0.13977767527103424
4249999872.0,0.13199253380298615
4250937600.0,0.12322445213794708
4251875072.0,0.11224885284900665
4252812544.0,0.09898136556148529
4253750016.0,0.08425635099411011
4254687488.0,0.06818452477455139
4255624960.0,0.05010097473859787
4256562432.0,0.030873142182826996
4257499904.0,0.011912992224097252
4258437376.0,-0.010371293872594833
4259375104.0,-0.03125642240047455
4260312576.0,-0.05305596813559532
4261250048.0,-0.07604335248470306
4262187520.0,-0.0998653918504715
4263124992.0,-0.12273111939430237
4264062464.0,-0.14622339606285095
4264999936.0,-0.1686384528875351
4265937408.0,-0.1911371499300003
4266874880.0,-0.2072146236896515
4267812608.0,-0.2164674550294876
4268750080.0,-0.2266397327184677
4269687552.0,-0.235427588224411
4270625024.0,-0.24345730245113373
4271562496.0,-0.2509511411190033
4272499968.0,-0.25696706771850586
4273437440.0,-0.26288139820098877
4274374912.0,-0.266443133354187
4275312384.0,-0.26799601316452026
4276250112.0,-0.26906120777130127
4277187584.0,-0.2669834494590759
4278125056.0,-0.2628084719181061
4279062528.0,-0.25716716051101685
4280000000.0,-0.24925728142261505
4280937472.0,-0.238783061504364
4281874944.0,-0.22501328587532043
4282812416.0,-0.21030019223690033
4283749888.0,-0.19380418956279755
4284687616.0,-0.1749105453491211
4285625088.0,-0.15443703532218933
4286562560.0,-0.13327184319496155
4287500032.0,-0.11039840430021286
4288437504.0,-0.08672498166561127
4289374976.0,-0.062119416892528534
4290312448.0,-0.03715590760111809
4291249920.0,-0.010863796807825565
4292187392.0,0.01437603309750557
4293125120.0,0.03933163732290268
4294062592.0,0.06296447664499283
4295000064.0,0.0848001167178154
4295937536.0,0.10550513863563538
4296875008.0,0.12471920251846313
4297812480.0,0.14180734753608704
4298749952.0,0.15667392313480377
4299687424.0,0.1683640033006668
4300624896.0,0.1787799894809723
4301562368.0,0.18724876642227173
4302499840.0,0.19251851737499237
4303437312.0,0.19599393010139465
4304374784.0,0.19658705592155457
4305312256.0,0.19454078376293182
4306250240.0,0.1904241144657135
4307187712.0,0.1830245852470398
4308125184.0,0.1729578673839569
4309062656.0,0.1624123603105545
4310000128.0,0.1479591578245163
4310937600.0,0.1343611776828766
4311875072.0,0.11642341315746307
4312812544.0,0.09929031133651733
4313750016.0,0.07969684898853302
4314687488.0,0.060706380754709244
4315624960.0,0.040360573679208755
4316562432.0,0.020702330395579338
4317499904.0,0.0006498596048913896
4318437376.0,-0.019337518140673637
4319374848.0,-0.03889657184481621
4320312320.0,-0.057995181530714035
4321249792.0,-0.07612638175487518
4322187264.0,-0.09341417253017426
4323125248.0,-0.10952979326248169
4324062720.0,-0.12344785779714584
4325000192.0,-0.13728754222393036
4325937664.0,-0.1491803377866745
4326875136.0,-0.21391551196575165
4327812608.0,-0.21553528308868408
4328750080.0,-0.2154259979724884
4329687552.0,-0.2127968668937683
4330625024.0,-0.20944452285766602
4331562496.0,-0.20305462181568146
4332499968.0,-0.1975817233324051
4333437440.0,-0.1918560415506363
4334374912.0,-0.18269844353199005
4335312384.0,-0.17494520545005798
4336249856.0,-0.16488496959209442
4337187328.0,-0.1555696278810501
4338124800.0,-0.1457052081823349
4339062272.0,-0.1378985196352005
4339999744.0,-0.12967558205127716
4340937728.0,-0.12213293462991714
4341875200.0,-0.11571808904409409
4342812672.0,-0.11053027957677841
4343750144.0,-0.1050039678812027
4344687616.0,-0.09983734786510468
4345625088.0,-0.09524604678153992
4346562560.0,-0.09181133657693863
4347500032.0,-0.08855744451284409
4348437504.0,-0.08641210943460464
4349374976.0,-0.08446595072746277
4350312448.0,-0.08375279605388641
4351249920.0,-0.08215411007404327
4352187392.0,-0.08365605771541595
4353124864.0,-0.08328617364168167
4354062336.0,-0.08394264429807663
4354999808.0,-0.08515071123838425
4355937280.0,-0.0870460644364357
4356874752.0,-0.08807265013456345
4357812736.0,-0.08957760035991669
4358750208.0,-0.09100382030010223
4359687680.0,-0.09249399602413177
4360625152.0,-0.09444279968738556
4361562624.0,-0.09712755680084229
4362500096.0,-0.09925608336925507
4363437568.0,-0.10243834555149078
4364375040.0,-0.1050395593047142
4365312512.0,-0.10771644115447998
4366249984.0,-0.11109859496355057
4367187456.0,-0.11384212225675583
4368124928.0,-0.11684106290340424
4369062400.0,-0.12019653618335724
4369999872.0,-0.123905248939991
4370937344.0,-0.1279824823141098
4371874816.0,-0.13194820284843445
4372812288.0,-0.13559313118457794
4373749760.0,-0.1389816254377365
4374687744.0,-0.14356496930122375
4375625216.0,-0.14743898808956146
4376562688.0,-0.15278296172618866
4377500160.0,-0.15823523700237274
4378437632.0,-0.16488295793533325
4379375104.0,-0.17203348875045776
4380312576.0,-0.17991416156291962
4381250048.0,-0.18728677928447723
4382187520.0,-0.19699285924434662
4383124992.0,-0.20462024211883545
4384062464.0,-0.2155522257089615
4384999936.0,-0.22555804252624512
4385937408.0,-0.23694130778312683
4386874880.0,-0.31099408864974976
4387812352.0,-0.3204904794692993
4388749824.0,-0.32721132040023804
4389687296.0,-0.3329119384288788
4390624768.0,-0.3372251093387604
4391562752.0,-0.3379661738872528
4392500224.0,-0.33957526087760925
4393437696.0,-0.33846986293792725
4394375168.0,-0.3350782096385956
4395312640.0,-0.33173975348472595
4396250112.0,-0.3245030641555786
4397187584.0,-0.31618502736091614
4398125056.0,-0.3063686788082123
4399062528.0,-0.29376935958862305
4400000000.0,-0.27963078022003174
4400937472.0,-0.2645587921142578
4401874944.0,-0.2487843632698059
4402812416.0,-0.23243917524814606
4403749888.0,-0.21476392447948456
4404687360.0,-0.19699755311012268
4405624832.0,-0.17767658829689026
4406562304.0,-0.15967418253421783
4407499776.0,-0.14200347661972046
4408437248.0,-0.12404073029756546
4409375232.0,-0.10783672332763672
4410312704.0,-0.09220486134290695
4411250176.0,-0.07740957289934158
4412187648.0,-0.06437025219202042
4413125120.0,-0.052607569843530655
4414062592.0,-0.04181087389588356
4415000064.0,-0.03399629518389702
4415937536.0,-0.02788112685084343
4416875008.0,-0.024314533919095993
4417812480.0,-0.023937540128827095
4418749952.0,-0.024963488802313805
4419687424.0,-0.028422463685274124
4420624896.0,-0.033803749829530716
4421562368.0,-0.041417572647333145
4422499840.0,-0.05114226043224335
4423437312.0,-0.06227219104766846
4424374784.0,-0.0761612132191658
4425312256.0,-0.09120835363864899
4426250240.0,-0.1078764870762825
4427187712.0,-0.12654231488704681
4428125184.0,-0.1472688615322113
4429062656.0,-0.1689855307340622
4430000128.0,-0.19112028181552887
4430937600.0,-0.2141995131969452
4431875072.0,-0.2382695972919464
4432812544.0,-0.26293498277664185
4433750016.0,-0.28694039583206177
4434687488.0,-0.3116505742073059
4435624960.0,-0.3359672427177429
4436562432.0,-0.3602287173271179
4437499904.0,-0.3834032714366913
4438437376.0,-0.4065348207950592
4439374848.0,-0.42754077911376953
4440312320.0,-0.44700756669044495
4441249792.0,-0.46615105867385864
4442187264.0,-0.4824361205101013
4443125248.0,-0.49638083577156067
4444062720.0,-0.5103192329406738
4445000192.0,-0.5198867321014404
4445937664.0,-0.5286248326301575
4446875136.0,-0.5378211140632629
4447812608.0,-0.5459501147270203
4448750080.0,-0.5512005090713501
4449687552.0,-0.5562480688095093
4450625024.0,-0.5589464902877808
4451562496.0,-0.5590641498565674
4452499968.0,-0.5579503774642944
4453437440.0,-0.5547007918357849
4454374912.0,-0.5482674241065979
4455312384.0,-0.5403841137886047
4456249856.0,-0.530866265296936
4457187328.0,-0.5187535285949707
4458124800.0,-0.5041517019271851
4459062272.0,-0.4888116121292114
4460000256.0,-0.4719947576522827
4460937728.0,-0.45376473665237427
4461875200.0,-0.4342776834964752
4462812672.0,-0.4156467020511627
4463750144.0,-0.3959231972694397
4464687616.0,-0.3766747713088989
4465625088.0,-0.3591444790363312
4466562560.0,-0.34197568893432617
4467500032.0,-0.3276420831680298
4468437504.0,-0.31341391801834106
4469374976.0,-0.29998818039894104
4470312448.0,-0.28749826550483704
4471249920.0,-0.27697813510894775
4472187392.0,-0.2673872411251068
4473124864.0,-0.2595844566822052
4474062336.0,-0.25469478964805603
4474999808.0,-0.25013506412506104
4475937280.0,-0.2476547509431839
4476874752.0,-0.2472192496061325
4477812736.0,-0.2485496997833252
4478750208.0,-0.25075456500053406
4479687680.0,-0.2559130787849426
4480625152.0,-0.2635056972503662
4481562624.0,-0.27335038781166077
4482500096.0,-0.2862660884857178
4483437568.0,-0.30177727341651917
4484375040.0,-0.32101136445999146
4485312512.0,-0.34303227066993713
4486249984.0,-0.3672930896282196
4487187456.0,-0.39222845435142517
4488124928.0,-0.420270174741745
4489062400.0,-0.44952353835105896
4489999872.0,-0.4800572991371155
4490937344.0,-0.5119273662567139
4491874816.0,-0.5443202257156372
4492812288.0,-0.5776902437210083
4493749760.0,-0.6118656992912292
4494687744.0,-0.6450115442276001
4495625216.0,-0.6800659894943237
4496562688.0,-0.7138335108757019
4497500160.0,-0.7477887272834778
4498437632.0,-0.780910074710846
4499375104.0,-0.8126913905143738
4500312576.0,-0.8418038487434387
4501250048.0,-0.8704575300216675
4502187520.0,-0.8965974450111389
4503124992.0,-0.9199061989784241
4504062464.0,-0.942172110080719
4504999936.0,-0.9617109298706055
4505937408.0,-0.9796835780143738
4506874880.0,-0.9461695551872253
4507812352.0,-0.9604811072349548
4508749824.0,-0.9737263321876526
4509687296.0,-0.9843154549598694
4510624768.0,-0.9919966459274292
4511562752.0,-0.9965406060218811
4512500224.0,-0.9989030361175537
4513437696.0,-0.9988780617713928
4514375168.0,-0.9952621459960938
4515312640.0,-0.9889082312583923
4516250112.0,-0.9806925654411316
4517187584.0,-0.9711753129959106
4518125056.0,-0.9579445123672485
4519062528.0,-0.9439341425895691
4520000000.0,-0.9284822940826416
4520937472.0,-0.9128407835960388
4521874944.0,-0.8961275815963745
4522812416.0,-0.8795089721679688
4523749888.0,-0.8627098798751831
4524687360.0,-0.8467846512794495
4525624832.0,-0.8339059352874756
4526562304.0,-0.8200926184654236
4527499776.0,-0.8091944456100464
4528437248.0,-0.799530029296875
4529375232.0,-0.7905516624450684
4530312704.0,-0.7842484712600708
4531250176.0,-0.7813884615898132
4532187648.0,-0.780566394329071
4533125120.0,-0.7839645147323608
4534062592.0,-0.7892431020736694
4535000064.0,-0.7980567812919617
4535937536.0,-0.8103756308555603
4536875008.0,-0.8255897164344788
4537812480.0,-0.8434658050537109
4538749952.0,-0.8653521537780762
4539687424.0,-0.8912305235862732
4540624896.0,-0.9212305545806885
4541562368.0,-0.9543951749801636
4542499840.0,-0.9904942512512207
4543437312.0,-1.031248688697815
4544374784.0,-1.0747475624084473
4545312256.0,-1.1228011846542358
4546250240.0,-1.170914649963379
4547187712.0,-1.2216123342514038
4548125184.0,-1.2758578062057495
4549062656.0,-1.332961916923523
4550000128.0,-1.3941432237625122
4550937600.0,-1.4591946601867676
4551875072.0,-1.52708899974823
4552812544.0,-1.5981876850128174
4553750016.0,-1.669468879699707
4554687488.0,-1.7435969114303589
4555624960.0,-1.8171344995498657
4556562432.0,-1.8923752307891846
4557499904.0,-1.9659501314163208
4558437376.0,-2.037100076675415
4559374848.0,-2.108659029006958
4560312320.0,-2.1772475242614746
4561249792.0,-2.244572639465332
4562187264.0,-2.309361696243286
4563125248.0,-2.371150493621826
4564062720.0,-2.4340882301330566
4565000192.0,-2.4961109161376953
4565937664.0,-2.5595040321350098
4566875136.0,-2.448216438293457
4567812608.0,-2.4861807823181152
4568750080.0,-2.5227527618408203
4569687552.0,-2.5574545860290527
4570625024.0,-2.58984112739563
4571562496.0,-2.620967149734497
4572499968.0,-2.650613307952881
4573437440.0,-2.678809642791748
4574374912.0,-2.7032854557037354
4575312384.0,-2.730135679244995
4576249856.0,-2.7579307556152344
4577187328.0,-2.789219617843628
4578124800.0,-2.8223042488098145
4579062272.0,-2.8575823307037354
4579999744.0,-2.8961358070373535
4580937728.0,-2.9349308013916016
4581875200.0,-2.9726314544677734
4582812672.0,-3.0107083320617676
4583750144.0,-3.0447628498077393
4584687616.0,-3.079345464706421
4585625088.0,-3.1139419078826904
4586562560.0,-3.149807929992676
4587500032.0,-3.1845433712005615
4588437504.0,-3.2187488079071045
4589374976.0,-3.2538228034973145
4590312448.0,-3.286198377609253
4591249920.0,-3.3194074630737305
4592187392.0,-3.353706121444702
4593124864.0,-3.391167163848877
4594062336.0,-3.4300625324249268
4594999808.0,-3.4714035987854004
4595937280.0,-3.5144906044006348
4596874752.0,-3.5590219497680664
4597812736.0,-3.6054527759552
4598750208.0,-3.6542372703552246
4599687680.0,-3.704070568084717
4600625152.0,-3.7586889266967773
4601562624.0,-3.8155782222747803
4602500096.0,-3.871347188949585
4603437568.0,-3.925255060195923
4604375040.0,-3.9776244163513184
4605312512.0,-4.026475429534912
4606249984.0,-4.071230888366699
4607187456.0,-4.1147942543029785
4608124928.0,-4.155359268188477
4609062400.0,-4.195942401885986
4609999872.0,-4.233499050140381
4610937344.0,-4.271296501159668
4611874816.0,-4.307930946350098
4612812288.0,-4.344217300415039
4613749760.0,-4.379133224487305
4614687744.0,-4.412967205047607
4615625216.0,-4.4433770179748535
4616562688.0,-4.470422744750977
4617500160.0,-4.491762638092041
4618437632.0,-4.507678985595703
4619375104.0,-4.519944190979004
4620312576.0,-4.526350021362305
4621250048.0,-4.529216766357422
4622187520.0,-4.529601097106934
4623124992.0,-4.526347637176514
4624062464.0,-4.520566940307617
4624999936.0,-4.507995128631592
4625937408.0,-4.491931438446045
4626874880.0,-4.662380218505859
4627812352.0,-4.614109039306641
4628749824.0,-4.55731725692749
4629687296.0,-4.4917731285095215
4630624768.0,-4.4185404777526855
4631562752.0,-4.339362621307373
4632500224.0,-4.253863334655762
4633437696.0,-4.162969589233398
4634375168.0,-4.065934181213379
4635312640.0,-3.9667928218841553
4636250112.0,-3.8619937896728516
4637187584.0,-3.756627321243286
4638125056.0,-3.650301694869995
4639062528.0,-3.542444944381714
4640000000.0,-3.434586763381958
4640937472.0,-3.325317621231079
4641874944.0,-3.216414213180542
4642812416.0,-3.106030225753784
4643749888.0,-2.995166778564453
4644687360.0,-2.8882598876953125
4645624832.0,-2.7824819087982178
4646562304.0,-2.678762912750244
4647499776.0,-2.5768191814422607
4648437248.0,-2.478604793548584
4649375232.0,-2.383948802947998
4650312704.0,-2.293193817138672
4651250176.0,-2.2032740116119385
4652187648.0,-2.1178746223449707
4653125120.0,-2.035799026489258
4654062592.0,-1.9578540325164795
4655000064.0,-1.8837331533432007
4655937536.0,-1.8154973983764648
4656875008.0,-1.7530242204666138
4657812480.0,-1.6934216022491455
4658749952.0,-1.6376899480819702
4659687424.0,-1.5865651369094849
4660624896.0,-1.5408402681350708
4661562368.0,-1.499250888824463
4662499840.0,-1.4628363847732544
4663437312.0,-1.4328283071517944
4664374784.0,-1.4050147533416748
4665312256.0,-1.380180835723877
4666250240.0,-1.3588085174560547
4667187712.0,-1.339737892150879
4668125184.0,-1.3230382204055786
4669062656.0,-1.310238003730774
4670000128.0,-1.3002444505691528
4670937600.0,-1.2931147813796997
4671875072.0,-1.286216139793396
4672812544.0,-1.2802717685699463
4673750016.0,-1.2749738693237305
4674687488.0,-1.268062710762024
4675624960.0,-1.2620524168014526
4676562432.0,-1.2536547183990479
4677499904.0,-1.2441518306732178
4678437376.0,-1.234825611114502
4679374848.0,-1.2232249975204468
4680312320.0,-1.207709789276123
4681249792.0,-1.1918224096298218
4682187264.0,-1.1729953289031982
4683125248.0,-1.1520719528198242
4684062720.0,-1.131201148033142
4685000192.0,-1.110530138015747
4685937664.0,-1.089117169380188
4686875136.0,-1.090691089630127
4687812608.0,-1.0668935775756836
4688750080.0,-1.041926622390747
4689687552.0,-1.0150978565216064
4690625024.0,-0.9873743653297424
4691562496.0,-0.9585469365119934
4692499968.0,-0.928722083568573
4693437440.0,-0.8984118700027466
4694374912.0,-0.8675035834312439
4695312384.0,-0.8364005088806152
4696249856.0,-0.8038520216941833
4697187328.0,-0.7708964943885803
4698124800.0,-0.7380366325378418
4699062272.0,-0.7050089240074158
4700000256.0,-0.6714714169502258
4700937728.0,-0.6375315189361572
4701875200.0,-0.6046677827835083
4702812672.0,-0.5719746351242065
4703750144.0,-0.5399592518806458
4704687616.0,-0.5077146887779236
4705625088.0,-0.4793415367603302
4706562560.0,-0.4518699049949646
4707500032.0,-0.4249478876590729
4708437504.0,-0.3997431695461273
4709374976.0,-0.37652671337127686
4710312448.0,-0.354608416557312
4711249920.0,-0.3342583477497101
4712187392.0,-0.3152385950088501
4713124864.0,-0.299723744392395
4714062336.0,-0.28478699922561646
4714999808.0,-0.2722069025039673
4715937280.0,-0.26156362891197205
4716874752.0,-0.25338059663772583
4717812736.0,-0.24605070054531097
4718750208.0,-0.24122728407382965
4719687680.0,-0.23759371042251587
4720625152.0,-0.23639708757400513
4721562624.0,-0.2367122769355774
4722500096.0,-0.24001216888427734
4723437568.0,-0.24492409825325012
4724375040.0,-0.2526461184024811
4725312512.0,-0.2615090012550354
4726249984.0,-0.27201420068740845
4727187456.0,-0.2849762439727783
4728124928.0,-0.30058392882347107
4729062400.0,-0.31599560379981995
4729999872.0,-0.3330342173576355
4730937344.0,-0.3504316806793213
4731874816.0,-0.3686632215976715
4732812288.0,-0.3866443932056427
4733749760.0,-0.40564730763435364
4734687744.0,-0.4247300326824188
4735625216.0,-0.44339656829833984
4736562688.0,-0.4614581763744354
4737500160.0,-0.48002707958221436
4738437632.0,-0.49783480167388916
4739375104.0,-0.5141971707344055
4740312576.0,-0.5307167768478394
4741250048.0,-0.5463114976882935
4742187520.0,-0.5603919625282288
4743124992.0,-0.5737271904945374
4744062464.0,-0.5859212875366211
4744999936.0,-0.5966944694519043
4745937408.0,-0.6068594455718994
4746874880.0,-0.42720240354537964
4747812352.0,-0.4277435541152954
4748749824.0,-0.4276488423347473
4749687296.0,-0.4271824061870575
4750624768.0,-0.42714008688926697
4751562752.0,-0.4257090091705322
4752500224.0,-0.42294007539749146
4753437696.0,-0.42008328437805176
4754375168.0,-0.41681480407714844
4755312640.0,-0.4137103259563446
4756250112.0,-0.410280704498291
4757187584.0,-0.4064832627773285
4758125056.0,-0.40129712224006653
4759062528.0,-0.3966391086578369
4760000000.0,-0.3918265104293823
4760937472.0,-0.3846381902694702
4761874944.0,-0.3779086768627167
4762812416.0,-0.3704497814178467
4763749888.0,-0.3602384626865387
4764687360.0,-0.3506515324115753
4765624832.0,-0.3391592800617218
4766562304.0,-0.32910898327827454
4767499776.0,-0.3164576292037964
4768437248.0,-0.3048401176929474
4769375232.0,-0.29267624020576477
4770312704.0,-0.278268039226532
4771250176.0,-0.26413851976394653
4772187648.0,-0.24839657545089722
4773125120.0,-0.23209349811077118
4774062592.0,-0.21391257643699646
4775000064.0,-0.19716386497020721
4775937536.0,-0.1778365969657898
4776875008.0,-0.15821492671966553
4777812480.0,-0.13893207907676697
4778749952.0,-0.11877534538507462
4779687424.0,-0.0970713347196579
4780624896.0,-0.07657327502965927
4781562368.0,-0.05394601449370384
4782499840.0,-0.03147769719362259
4783437312.0,-0.009313891641795635
4784374784.0,0.012306023389101028
4785312256.0,0.03504079952836037
4786250240.0,0.05502146854996681
4787187712.0,0.07644391804933548
4788125184.0,0.09424185007810593
4789062656.0,0.11422445625066757
4790000128.0,0.13157154619693756
4790937600.0,0.1462310552597046
4791875072.0,0.160398468375206
4792812544.0,0.17250224947929382
4793750016.0,0.1825459599494934
4794687488.0,0.19070833921432495
4795624960.0,0.19559650123119354
4796562432.0,0.19853487610816956
4797499904.0,0.19839902222156525
4798437376.0,0.19578923285007477
4799374848.0,0.19010670483112335
4800312320.0,0.18160682916641235
4801249792.0,0.17125780880451202
4802187264.0,0.15709741413593292
4803125248.0,0.14214032888412476
4804062720.0,0.12332938611507416
4805000192.0,0.10172194987535477
4805937664.0,0.0786488801240921
4806875136.0,-0.20814624428749084
4807812608.0,-0.21589870750904083
4808750080.0,-0.22276566922664642
4809687552.0,-0.2309393435716629
4810625024.0,-0.23842526972293854
4811562496.0,-0.24517342448234558
4812499968.0,-0.25201311707496643
4813437440.0,-0.2585071623325348
4814374912.0,-0.26369500160217285
4815312384.0,-0.2688710689544678
4816249856.0,-0.2730211615562439
4817187328.0,-0.2771531045436859
4818124800.0,-0.27910158038139343
4819062272.0,-0.280215859413147
4819999744.0,-0.28043630719184875
4820937728.0,-0.2789158523082733
4821875200.0,-0.2756298780441284
4822812672.0,-0.27401161193847656
4823750144.0,-0.2701943516731262
4824687616.0,-0.26495692133903503
4825625088.0,-0.25907501578330994
4826562560.0,-0.25183501839637756
4827500032.0,-0.24435628950595856
4828437504.0,-0.23499834537506104
4829374976.0,-0.22664980590343475
4830312448.0,-0.21648773550987244
4831249920.0,-0.20677341520786285
4832187392.0,-0.1945943832397461
4833124864.0,-0.18493428826332092
4834062336.0,-0.17292125523090363
4834999808.0,-0.1618037223815918
4835937280.0,-0.15048202872276306
4836874752.0,-0.1395641267299652
4837812736.0,-0.13027195632457733
4838750208.0,-0.11910206079483032
4839687680.0,-0.1096586063504219
4840625152.0,-0.10284356027841568
4841562624.0,-0.09537850320339203
4842500096.0,-0.0907466933131218
4843437568.0,-0.08589088171720505
4844375040.0,-0.08312904089689255
4845312512.0,-0.08320587873458862
4846249984.0,-0.08298221975564957
4847187456.0,-0.08527665585279465
4848124928.0,-0.0885910615324974
4849062400.0,-0.09281720966100693
4849999872.0,-0.09986155480146408
4850937344.0,-0.10745842754840851
4851874816.0,-0.11674284934997559
4852812288.0,-0.12763923406600952
4853749760.0,-0.138295978307724
4854687744.0,-0.151433527469635
4855625216.0,-0.16654489934444427
4856562688.0,-0.17983804643154144
4857500160.0,-0.19417637586593628
4858437632.0,-0.20918023586273193
4859375104.0,-0.2229299247264862
4860312576.0,-0.2363310158252716
4861250048.0,-0.249237060546875
4862187520.0,-0.2618110775947571
4863124992.0,-0.2732875347137451
4864062464.0,-0.2842015326023102
4864999936.0,-0.2934490442276001
4865937408.0,-0.30240827798843384
4866874880.0,-0.2879323363304138
4867812352.0,-0.29500812292099
4868749824.0,-0.30186229944229126
4869687296.0,-0.3078278601169586
4870624768.0,-0.3122637867927551
4871562752.0,-0.31536611914634705
4872500224.0,-0.318810373544693
4873437696.0,-0.32116085290908813
4874375168.0,-0.3213241994380951
4875312640.0,-0.3218282461166382
4876250112.0,-0.320696085691452
4877187584.0,-0.31930777430534363
4878125056.0,-0.3162950575351715
4879062528.0,-0.3119717240333557
4880000000.0,-0.30623430013656616
4880937472.0,-0.2996974289417267
4881874944.0,-0.29144859313964844
4882812416.0,-0.2822329103946686
4883749888.0,-0.27405592799186707
4884687360.0,-0.26393911242485046
4885624832.0,-0.2526068091392517
4886562304.0,-0.24177232384681702
4887499776.0,-0.22879841923713684
4888437248.0,-0.21707972884178162
4889375232.0,-0.20392705500125885
4890312704.0,-0.1905190646648407
4891250176.0,-0.17607465386390686
4892187648.0,-0.1626574993133545
4893125120.0,-0.148538738489151
4894062592.0,-0.1344868540763855
4895000064.0,-0.1206149011850357
4895937536.0,-0.10651610791683197
4896875008.0,-0.09288064390420914
4897812480.0,-0.07950510829687119
4898749952.0,-0.0654342770576477
4899687424.0,-0.05308803915977478
4900624896.0,-0.04039502143859863
4901562368.0,-0.02976757474243641
4902499840.0,-0.02003270946443081
4903437312.0,-0.01019996590912342
4904374784.0,-0.0029014740139245987
4905312256.0,0.004597978200763464
4906250240.0,0.009976660832762718
4907187712.0,0.014300654642283916
4908125184.0,0.016684630885720253
4909062656.0,0.018899567425251007
4910000128.0,0.020129192620515823
4910937600.0,0.019072359427809715
4911875072.0,0.017545517534017563
4912812544.0,0.014360489323735237
4913750016.0,0.009373001754283905
4914687488.0,0.00440199626609683
4915624960.0,-0.0036961252335458994
4916562432.0,-0.011178895831108093
4917499904.0,-0.020631326362490654
4918437376.0,-0.029879914596676826
4919374848.0,-0.039978787302970886
4920312320.0,-0.051177944988012314
4921249792.0,-0.0633130669593811
4922187264.0,-0.07533135265111923
4923125248.0,-0.08789775520563126
4924062720.0,-0.09894886612892151
4925000192.0,-0.11206912994384766
4925937664.0,-0.17628046870231628
4926875136.0,-0.17773211002349854
4927812608.0,-0.17909757792949677
4928750080.0,-0.17993666231632233
4929687552.0,-0.1806080937385559
4930625024.0,-0.18169569969177246
4931562496.0,-0.18249501287937164
4932499968.0,-0.1817258894443512
4933437440.0,-0.18165652453899384
4934374912.0,-0.18086956441402435
4935312384.0,-0.17837809026241302
4936249856.0,-0.1759301871061325
4937187328.0,-0.1736956238746643
4938124800.0,-0.1700696051120758
4939062272.0,-0.16595789790153503
4940000256.0,-0.1604854166507721
4940937728.0,-0.15482355654239655
4941875200.0,-0.14922936260700226
4942812672.0,-0.14222195744514465
4943750144.0,-0.13480909168720245
4944687616.0,-0.1263359785079956
4945625088.0,-0.11800921708345413
4946562560.0,-0.10907194763422012
4947500032.0,-0.1004420667886734
4948437504.0,-0.08980728685855865
4949374976.0,-0.0795014351606369
4950312448.0,-0.06876102089881897
4951249920.0,-0.05784812942147255
4952187392.0,-0.046068768948316574
4953124864.0,-0.03555198386311531
4954062336.0,-0.02413628064095974
4954999808.0,-0.013728721998631954
4955937280.0,-0.0033256174065172672
4956874752.0,0.006474408321082592
4957812736.0,0.015056371688842773
4958750208.0,0.02279585786163807
4959687680.0,0.030894793570041656
4960625152.0,0.03728220611810684
4961562624.0,0.04361868277192116
4962500096.0,0.047814689576625824
4963437568.0,0.05193465203046799
4964375040.0,0.05384180322289467
4965312512.0,0.0555281862616539
4966249984.0,0.05583563446998596
4967187456.0,0.05457098409533501
4968124928.0,0.052539508789777756
4969062400.0,0.049383457750082016
4969999872.0,0.044096410274505615
4970937344.0,0.03926545009016991
4971874816.0,0.0327313169836998
4972812288.0,0.0247541144490242
4973749760.0,0.01562914438545704
4974687744.0,0.005725381430238485
4975625216.0,-0.0038584929425269365
4976562688.0,-0.014291043393313885
4977500160.0,-0.02605336345732212
4978437632.0,-0.03648713603615761
4979375104.0,-0.04660135135054588
4980312576.0,-0.05751163139939308
4981250048.0,-0.06851913779973984
4982187520.0,-0.07949990779161453
4983124992.0,-0.08924452215433121
4984062464.0,-0.09920535981655121
4984999936.0,-0.10784333944320679
4985937408.0,-0.15211355686187744
4986874880.0,-0.16363629698753357
4987812352.0,-0.1731715351343155
4988749824.0,-0.18240194022655487
4989687296.0,-0.1908143311738968
4990624768.0,-0.19788223505020142
4991562752.0,-0.20412978529930115
4992500224.0,-0.20864154398441315
4993437696.0,-0.21139174699783325
4994375168.0,-0.21178531646728516
4995312640.0,-0.21221821010112762
4996250112.0,-0.21053694188594818
4997187584.0,-0.20811299979686737
4998125056.0,-0.2037888467311859
4999062528.0,-0.197987899184227
5000000000.0,-0.1913658231496811
5000937472.0,-0.18428944051265717
5001874944.0,-0.17665573954582214
5002812416.0,-0.16718421876430511
5003749888.0,-0.15646089613437653
5004687360.0,-0.14574824273586273
5005624832.0,-0.13331851363182068
5006562304.0,-0.1214606985449791
5007499776.0,-0.10946200788021088
5008437248.0,-0.09627552330493927
5009375232.0,-0.08243675529956818
5010312704.0,-0.07043953239917755
5011250176.0,-0.05736195668578148
5012187648.0,-0.04553765803575516
5013125120.0,-0.03418374061584473
5014062592.0,-0.0223977193236351
5015000064.0,-0.011134559288620949
5015937536.0,-0.00032717071007937193
5016875008.0,0.009631532244384289
5017812480.0,0.018885819241404533
5018749952.0,0.027656693011522293
5019687424.0,0.03394221514463425
5020624896.0,0.04036678746342659
5021562368.0,0.04628654196858406
5022499840.0,0.0502820648252964
5023437312.0,0.053783465176820755
5024374784.0,0.056216783821582794
5025312256.0,0.05726006254553795
5026250240.0,0.05842459574341774
5027187712.0,0.0577152818441391
5028125184.0,0.05659529194235802
5029062656.0,0.05387110635638237
5030000128.0,0.051032379269599915
5030937600.0,0.04673221707344055
5031875072.0,0.04169107973575592
5032812544.0,0.03593317046761513
5033750016.0,0.02986534684896469
5034687488.0,0.02292868122458458
5035624960.0,0.01595189981162548
5036562432.0,0.007253222167491913
5037499904.0,-0.0017250892706215382
5038437376.0,-0.01068599708378315
5039374848.0,-0.0202544704079628
5040312320.0,-0.029639773070812225
5041249792.0,-0.03918476775288582
5042187264.0,-0.04848223552107811
5043125248.0,-0.057545118033885956
5044062720.0,-0.06757809966802597
5045000192.0,-0.07580766081809998
5045937664.0,-0.09433819353580475
5046875136.0,-0.1035456731915474
5047812608.0,-0.11280130594968796
5048750080.0,-0.12175744771957397
5049687552.0,-0.1289314180612564
5050625024.0,-0.13702984154224396
5051562496.0,-0.14431239664554596
5052499968.0,-0.15127386152744293
5053437440.0,-0.15717020630836487
5054374912.0,-0.1622440069913864
5055312384.0,-0.16715024411678314
5056249856.0,-0.17077882587909698
5057187328.0,-0.17421092092990875
5058124800.0,-0.17655056715011597
5059062272.0,-0.17864996194839478
5059999744.0,-0.17948497831821442
5060937728.0,-0.18103384971618652
5061875200.0,-0.1810147613286972
5062812672.0,-0.17960625886917114
5063750144.0,-0.1779012829065323
5064687616.0,-0.1743554025888443
5065625088.0,-0.17053687572479248
5066562560.0,-0.16561347246170044
5067500032.0,-0.1623273640871048
5068437504.0,-0.156134232878685
5069374976.0,-0.14950896799564362
5070312448.0,-0.14422811567783356
5071249920.0,-0.1367349922657013
5072187392.0,-0.13058879971504211
5073124864.0,-0.12369582802057266
5074062336.0,-0.11592186987400055
5074999808.0,-0.10884527117013931
5075937280.0,-0.10269578546285629
5076874752.0,-0.09438343346118927
5077812736.0,-0.08867326378822327
5078750208.0,-0.08057749271392822
5079687680.0,-0.07288754731416702
5080625152.0,-0.06607986986637115
5081562624.0,-0.058740243315696716
5082500096.0,-0.053039830178022385
5083437568.0,-0.04793092608451843
5084375040.0,-0.0424795038998127
5085312512.0,-0.03820584714412689
5086249984.0,-0.033853981643915176
5087187456.0,-0.030852291733026505
5088124928.0,-0.02762673608958721
5089062400.0,-0.025356613099575043
5089999872.0,-0.025001712143421173
5090937344.0,-0.02334812842309475
5091874816.0,-0.023283036425709724
5092812288.0,-0.02246173284947872
5093749760.0,-0.02225116267800331
5094687744.0,-0.022013714537024498
5095625216.0,-0.0236087404191494
5096562688.0,-0.025734208524227142
5097500160.0,-0.02742067165672779
5098437632.0,-0.030404528602957726
5099375104.0,-0.03330213949084282
5100312576.0,-0.037490084767341614
5101250048.0,-0.04120296612381935
5102187520.0,-0.04451565816998482
5103124992.0,-0.04857901111245155
5104062464.0,-0.05226040259003639
5104999936.0,-0.057219162583351135
5105937408.0,-0.13002686202526093
5106874880.0,-0.1352694034576416
5107812352.0,-0.141561821103096
5108749824.0,-0.14548419415950775
5109687296.0,-0.15075702965259552
5110624768.0,-0.15406863391399384
5111562752.0,-0.15679413080215454
5112500224.0,-0.1582319289445877
5113437696.0,-0.15998762845993042
5114375168.0,-0.15959393978118896
5115312640.0,-0.15965132415294647
5116250112.0,-0.1566796898841858
5117187584.0,-0.15561559796333313
5118125056.0,-0.15248844027519226
5119062528.0,-0.15008749067783356
5120000000.0,-0.14642570912837982
5120937472.0,-0.14380933344364166
5121874944.0,-0.13850632309913635
5122812416.0,-0.1341819316148758
5123749888.0,-0.1289411187171936
5124687360.0,-0.12542863190174103
5125624832.0,-0.12019301950931549
5126562304.0,-0.11591341346502304
5127499776.0,-0.11184820532798767
5128437248.0,-0.10715671628713608
5129375232.0,-0.10319560021162033
5130312704.0,-0.09886059910058975
5131250176.0,-0.09423677623271942
5132187648.0,-0.08905365318059921
5133125120.0,-0.08452051877975464
5134062592.0,-0.08095359802246094
5135000064.0,-0.0788026675581932
5135937536.0,-0.07359452545642853
5136875008.0,-0.07134440541267395
5137812480.0,-0.0695633739233017
5138749952.0,-0.06702881306409836
5139687424.0,-0.06624534726142883
5140624896.0,-0.06484945863485336
5141562368.0,-0.06490267813205719
5142499840.0,-0.06480018049478531
5143437312.0,-0.06607691943645477
5144374784.0,-0.0678025335073471
5145312256.0,-0.07003454118967056
5146250240.0,-0.07278624176979065
5147187712.0,-0.07481537014245987
5148125184.0,-0.07880223542451859
5149062656.0,-0.08199015259742737
5150000128.0,-0.08649243414402008
5150937600.0,-0.09053734689950943
5151875072.0,-0.09499537944793701
5152812544.0,-0.10160937160253525
5153750016.0,-0.10574322938919067
5154687488.0,-0.11246107518672943
5155624960.0,-0.11939764022827148
5156562432.0,-0.12636509537696838
5157499904.0,-0.13394388556480408
5158437376.0,-0.14307801425457
5159374848.0,-0.15063536167144775
5160312320.0,-0.15875191986560822
5161249792.0,-0.167654886841774
5162187264.0,-0.17565742135047913
5163125248.0,-0.18383078277111053
5164062720.0,-0.1925124078989029
5165000192.0,-0.20063342154026031
5165937664.0,-0.2003152221441269
5166875136.0,-0.21103671193122864
5167812608.0,-0.22148677706718445
5168750080.0,-0.23056337237358093
5169687552.0,-0.23825596272945404
5170625024.0,-0.24541406333446503
5171562496.0,-0.2514089345932007
5172499968.0,-0.2555620074272156
5173437440.0,-0.2588670551776886
5174374912.0,-0.2614848017692566
5175312384.0,-0.26233789324760437
5176249856.0,-0.2620753347873688
5177187328.0,-0.25946760177612305
5178124800.0,-0.2566209137439728
5179062272.0,-0.2515757381916046
5180000256.0,-0.24553397297859192
5180937728.0,-0.2380773276090622
5181875200.0,-0.23089726269245148
5182812672.0,-0.2221723347902298
5183750144.0,-0.21256285905838013
5184687616.0,-0.201908141374588
5185625088.0,-0.19078053534030914
5186562560.0,-0.1777658611536026
5187500032.0,-0.16627709567546844
5188437504.0,-0.15399885177612305
5189374976.0,-0.14037060737609863
5190312448.0,-0.1272112876176834
5191249920.0,-0.11431261897087097
5192187392.0,-0.10055410116910934
5193124864.0,-0.08713636547327042
5194062336.0,-0.07501855492591858
5194999808.0,-0.0631474032998085
5195937280.0,-0.05129774287343025
5196874752.0,-0.04045543819665909
5197812736.0,-0.02986750937998295
5198750208.0,-0.01998111791908741
5199687680.0,-0.011282109655439854
5200625152.0,-0.002854814287275076
5201562624.0,0.004422944504767656
5202500096.0,0.010621353052556515
5203437568.0,0.016065020114183426
5204375040.0,0.019509699195623398
5205312512.0,0.021129585802555084
5206249984.0,0.022969674319028854
5207187456.0,0.02221524529159069
5208124928.0,0.020237650722265244
5209062400.0,0.017908034846186638
5209999872.0,0.013958585448563099
5210937344.0,0.008024350740015507
5211874816.0,0.0014156777178868651
5212812288.0,-0.006059157196432352
5213749760.0,-0.015951888635754585
5214687744.0,-0.026834281161427498
5215625216.0,-0.038712505251169205
5216562688.0,-0.051209740340709686
5217500160.0,-0.06541295349597931
5218437632.0,-0.07967426627874374
5219375104.0,-0.09641746431589127
5220312576.0,-0.11254973709583282
5221250048.0,-0.12945683300495148
5222187520.0,-0.14640088379383087
5223124992.0,-0.16408275067806244
5224062464.0,-0.1797633320093155
5224999936.0,-0.19696561992168427
5225937408.0,-0.20769353210926056
5226874880.0,-0.22354507446289062
5227812352.0,-0.23662850260734558
5228749824.0,-0.24824024736881256
5229687296.0,-0.26111477613449097
5230624768.0,-0.27194562554359436
5231562752.0,-0.2805114686489105
5232500224.0,-0.2885996401309967
5233437696.0,-0.2941345274448395
5234375168.0,-0.29824262857437134
5235312640.0,-0.29949265718460083
5236250112.0,-0.2999815046787262
5237187584.0,-0.2981902062892914
5238125056.0,-0.2954912483692169
5239062528.0,-0.2905079126358032
5240000000.0,-0.2829291820526123
5240937472.0,-0.27474460005760193
5241874944.0,-0.26382210850715637
5242812416.0,-0.2511233985424042
5243749888.0,-0.23811650276184082
5244687360.0,-0.22333784401416779
5245624832.0,-0.2084725946187973
5246562304.0,-0.19105227291584015
5247499776.0,-0.173400416970253
5248437248.0,-0.15592239797115326
5249375232.0,-0.13722681999206543
5250312704.0,-0.11938425898551941
5251250176.0,-0.10058290511369705
5252187648.0,-0.08309675753116608
5253125120.0,-0.06501347571611404
5254062592.0,-0.047905657440423965
5255000064.0,-0.03217708691954613
5255937536.0,-0.016487212851643562
5256875008.0,-0.0016331227961927652
5257812480.0,0.011186150833964348
5258749952.0,0.023488780483603477
5259687424.0,0.03383058309555054
5260624896.0,0.041661981493234634
5261562368.0,0.049659647047519684
5262499840.0,0.05509310960769653
5263437312.0,0.05939807370305061
5264374784.0,0.06252492964267731
5265312256.0,0.06342633068561554
5266250240.0,0.06305000185966492
5267187712.0,0.06239592283964157
5268125184.0,0.05994120612740517
5269062656.0,0.05596055090427399
5270000128.0,0.05117649585008621
5270937600.0,0.04473370686173439
5271875072.0,0.03657751902937889
5272812544.0,0.02748468890786171
5273750016.0,0.016060831025242805
5274687488.0,0.004960369318723679
5275624960.0,-0.00777770671993494
5276562432.0,-0.020671537145972252
5277499904.0,-0.03519288823008537
5278437376.0,-0.049435511231422424
5279374848.0,-0.06410995125770569
5280312320.0,-0.07902100682258606
5281249792.0,-0.09434716403484344
5282187264.0,-0.10985156148672104
5283125248.0,-0.12536153197288513
5284062720.0,-0.14143705368041992
5285000192.0,-0.1579190492630005
5285937664.0,-0.18581891059875488
5286875136.0,-0.20079778134822845
5287812608.0,-0.2158135026693344
5288750080.0,-0.2315857708454132
5289687552.0,-0.24618743360042572
5290625024.0,-0.2607606053352356
5291562496.0,-0.2744353115558624
5292499968.0,-0.29042941331863403
5293437440.0,-0.3044542670249939
5294374912.0,-0.3187749683856964
5295312384.0,-0.32998600602149963
5296249856.0,-0.3430221676826477
5297187328.0,-0.3527437448501587
5298124800.0,-0.36165493726730347
5299062272.0,-0.3689015805721283
5299999744.0,-0.37555280327796936
5300937728.0,-0.3794160783290863
5301875200.0,-0.3833381235599518
5302812672.0,-0.383573442697525
5303750144.0,-0.38342633843421936
5304687616.0,-0.3801909387111664
5305625088.0,-0.3772236108779907
5306562560.0,-0.372061163187027
5307500032.0,-0.36547669768333435
5308437504.0,-0.3575645089149475
5309374976.0,-0.3483301103115082
5310312448.0,-0.3358975946903229
5311249920.0,-0.32363054156303406
5312187392.0,-0.31095460057258606
5313124864.0,-0.2982334792613983
5314062336.0,-0.28273865580558777
5314999808.0,-0.2659870386123657
5315937280.0,-0.24912062287330627
5316874752.0,-0.23041102290153503
5317812736.0,-0.21354569494724274
5318750208.0,-0.19360145926475525
5319687680.0,-0.17548732459545135
5320625152.0,-0.15558591485023499
5321562624.0,-0.13665515184402466
5322500096.0,-0.1169947013258934
5323437568.0,-0.09864718466997147
5324375040.0,-0.07999222725629807
5325312512.0,-0.060947515070438385
5326249984.0,-0.043936196714639664
5327187456.0,-0.027684979140758514
5328124928.0,-0.01241492573171854
5329062400.0,0.0011436695931479335
5329999872.0,0.01394659373909235
5330937344.0,0.02460610680282116
5331874816.0,0.0366986058652401
5332812288.0,0.042640384286642075
5333749760.0,0.04658995196223259
5334687744.0,0.04931226372718811
5335625216.0,0.049732550978660583
5336562688.0,0.04906584694981575
5337500160.0,0.04636310413479805
5338437632.0,0.041207894682884216
5339375104.0,0.03399446979165077
5340312576.0,0.0247222688049078
5341250048.0,0.013330705463886261
5342187520.0,-8.544397860532627e-05
5343124992.0,-0.015699440613389015
5344062464.0,-0.033082425594329834
5344999936.0,-0.05365215986967087
5345937408.0,-0.3375515937805176
5346874880.0,-0.35152965784072876
5347812352.0,-0.36673504114151
5348749824.0,-0.38072139024734497
5349687296.0,-0.3949199616909027
5350624768.0,-0.40733590722084045
5351562752.0,-0.41970038414001465
5352500224.0,-0.4310154616832733
5353437696.0,-0.4411045014858246
5354375168.0,-0.45034751296043396
5355312640.0,-0.45811668038368225
5356250112.0,-0.46470654010772705
5357187584.0,-0.46999824047088623
5358125056.0,-0.4729408919811249
5359062528.0,-0.47339335083961487
5360000000.0,-0.47253572940826416
5360937472.0,-0.46915844082832336
5361874944.0,-0.4653993546962738
5362812416.0,-0.45844972133636475
5363749888.0,-0.44991782307624817
5364687360.0,-0.4405302107334137
5365624832.0,-0.4292650520801544
5366562304.0,-0.41680899262428284
5367499776.0,-0.4027537703514099
5368437248.0,-0.38807961344718933
5369375232.0,-0.37141990661621094
5370312704.0,-0.3539789319038391
5371250176.0,-0.33630722761154175
5372187648.0,-0.3183993399143219
5373125120.0,-0.3002627491950989
5374062592.0,-0.2806031107902527
5375000064.0,-0.2631004750728607
5375937536.0,-0.2450951337814331
5376875008.0,-0.22808288037776947
5377812480.0,-0.209250345826149
5378749952.0,-0.1923934370279312
5379687424.0,-0.17511029541492462
5380624896.0,-0.15911149978637695
5381562368.0,-0.14384497702121735
5382499840.0,-0.12960021197795868
5383437312.0,-0.11636381596326828
5384374784.0,-0.10443780571222305
5385312256.0,-0.09257841855287552
5386250240.0,-0.08355610817670822
5387187712.0,-0.07764540612697601
5388125184.0,-0.07099690288305283
5389062656.0,-0.06757625937461853
5390000128.0,-0.0671074166893959
5390937600.0,-0.06959858536720276
5391875072.0,-0.07269243150949478
5392812544.0,-0.0779956504702568
5393750016.0,-0.08510543406009674
5394687488.0,-0.09429758787155151
5395624960.0,-0.10658746212720871
5396562432.0,-0.11943091452121735
5397499904.0,-0.1354515254497528
5398437376.0,-0.15279915928840637
5399374848.0,-0.17122653126716614
5400312320.0,-0.19142645597457886
5401249792.0,-0.21276643872261047
5402187264.0,-0.2336237132549286
5403125248.0,-0.25561580061912537
5404062720.0,-0.27717188000679016
5405000192.0,-0.2982494533061981
5405937664.0,-0.3451763987541199
5406875136.0,-0.36081579327583313
5407812608.0,-0.37523096799850464
5408750080.0,-0.3877924978733063
5409687552.0,-0.39891234040260315
5410625024.0,-0.40788641571998596
5411562496.0,-0.414748877286911
5412499968.0,-0.419755220413208
5413437440.0,-0.42208725214004517
5414374912.0,-0.4227253198623657
5415312384.0,-0.41927435994148254
5416249856.0,-0.4147661030292511
5417187328.0,-0.4067836403846741
5418124800.0,-0.3962325155735016
5419062272.0,-0.3834068179130554
5420000256.0,-0.36906731128692627
5420937728.0,-0.35291680693626404
5421875200.0,-0.33442309498786926
5422812672.0,-0.31540995836257935
5423750144.0,-0.29503339529037476
5424687616.0,-0.2737136781215668
5425625088.0,-0.25244060158729553
5426562560.0,-0.23141534626483917
5427500032.0,-0.2090538889169693
5428437504.0,-0.18854081630706787
5429374976.0,-0.16740864515304565
5430312448.0,-0.14741086959838867
5431249920.0,-0.12797392904758453
5432187392.0,-0.10830613225698471
5433124864.0,-0.09183305501937866
5434062336.0,-0.0762929618358612
5434999808.0,-0.06179623678326607
5435937280.0,-0.05028479918837547
5436874752.0,-0.04135040193796158
5437812736.0,-0.034103874117136
5438750208.0,-0.02866920828819275
5439687680.0,-0.02567235566675663
5440625152.0,-0.025464145466685295
5441562624.0,-0.027117064222693443
5442500096.0,-0.03212593495845795
5443437568.0,-0.039766814559698105
5444375040.0,-0.0485108345746994
5445312512.0,-0.06063917279243469
5446249984.0,-0.07482584565877914
5447187456.0,-0.09054666012525558
5448124928.0,-0.10935826599597931
5449062400.0,-0.13097162544727325
5449999872.0,-0.15291334688663483
5450937344.0,-0.177061066031456
5451874816.0,-0.20228706300258636
5452812288.0,-0.228612020611763
5453749760.0,-0.25593292713165283
5454687744.0,-0.28384673595428467
5455625216.0,-0.3120807409286499
5456562688.0,-0.3411272168159485
5457500160.0,-0.36844921112060547
5458437632.0,-0.3961600661277771
5459375104.0,-0.42366641759872437
5460312576.0,-0.4486604928970337
5461250048.0,-0.47301459312438965
5462187520.0,-0.49623486399650574
5463124992.0,-0.5164362788200378
5464062464.0,-0.5364981293678284
5464999936.0,-0.5518455505371094
5465937408.0,-0.47594335675239563
5466874880.0,-0.4913470149040222
5467812352.0,-0.5035786032676697
5468749824.0,-0.5144938230514526
5469687296.0,-0.5239757299423218
5470624768.0,-0.5309888124465942
5471562752.0,-0.5335387587547302
5472500224.0,-0.5346919298171997
5473437696.0,-0.5328589081764221
5474375168.0,-0.5283929109573364
5475312640.0,-0.5213736891746521
5476250112.0,-0.5114777088165283
5477187584.0,-0.4994804859161377
5478125056.0,-0.485371857881546
5479062528.0,-0.4697382152080536
5480000000.0,-0.4495870769023895
5480937472.0,-0.42927318811416626
5481874944.0,-0.40828877687454224
5482812416.0,-0.3855094611644745
5483749888.0,-0.3631165623664856
5484687360.0,-0.34116631746292114
5485624832.0,-0.3200784921646118
5486562304.0,-0.29821544885635376
5487499776.0,-0.2782028615474701
5488437248.0,-0.25734376907348633
5489375232.0,-0.23871666193008423
5490312704.0,-0.2202513962984085
5491250176.0,-0.20480112731456757
5492187648.0,-0.18993507325649261
5493125120.0,-0.1771867722272873
5494062592.0,-0.1665668934583664
5495000064.0,-0.15886422991752625
5495937536.0,-0.15222083032131195
5496875008.0,-0.1498148888349533
5497812480.0,-0.14905279874801636
5498749952.0,-0.15142540633678436
5499687424.0,-0.1566849797964096
5500624896.0,-0.1645077019929886
5501562368.0,-0.17456628382205963
5502499840.0,-0.18531158566474915
5503437312.0,-0.19891196489334106
5504374784.0,-0.2132033407688141
5505312256.0,-0.23021173477172852
5506250240.0,-0.24847297370433807
5507187712.0,-0.26984351873397827
5508125184.0,-0.2930055260658264
5509062656.0,-0.31897905468940735
5510000128.0,-0.3472709059715271
5510937600.0,-0.37884750962257385
5511875072.0,-0.41130149364471436
5512812544.0,-0.4443022310733795
5513750016.0,-0.4783402383327484
5514687488.0,-0.5116656422615051
5515624960.0,-0.5460298657417297
5516562432.0,-0.5809264779090881
5517499904.0,-0.6152495741844177
5518437376.0,-0.6498779058456421
5519374848.0,-0.6836823225021362
5520312320.0,-0.717650830745697
5521249792.0,-0.7487964034080505
5522187264.0,-0.780380368232727
5523125248.0,-0.8097507357597351
5524062720.0,-0.8390529155731201
5525000192.0,-0.8675310611724854
5525937664.0,-0.7449357509613037
5526875136.0,-0.7567545771598816
5527812608.0,-0.7690215706825256
5528750080.0,-0.7845302820205688
5529687552.0,-0.7995066046714783
5530625024.0,-0.8168217539787292
5531562496.0,-0.8355041146278381
5532499968.0,-0.8567579984664917
5533437440.0,-0.8779192566871643
5534374912.0,-0.9010564088821411
5535312384.0,-0.9257701635360718
5536249856.0,-0.9497925639152527
5537187328.0,-0.9757086634635925
5538124800.0,-1.0002343654632568
5539062272.0,-1.0221939086914062
5539999744.0,-1.0428975820541382
5540937728.0,-1.0614588260650635
5541875200.0,-1.0765464305877686
5542812672.0,-1.0896986722946167
5543750144.0,-1.098931074142456
5544687616.0,-1.1030217409133911
5545625088.0,-1.1050962209701538
5546562560.0,-1.101815104484558
5547500032.0,-1.0951238870620728
5548437504.0,-1.0815305709838867
5549374976.0,-1.0665165185928345
5550312448.0,-1.0456962585449219
5551249920.0,-1.022249698638916
5552187392.0,-0.9941932559013367
5553124864.0,-0.9635876417160034
5554062336.0,-0.9315481781959534
5554999808.0,-0.8985552787780762
5555937280.0,-0.8637328147888184
5556874752.0,-0.8300931453704834
5557812736.0,-0.7957757711410522
5558750208.0,-0.763859748840332
5559687680.0,-0.7326043844223022
5560625152.0,-0.7033922672271729
5561562624.0,-0.6750398278236389
5562500096.0,-0.6491267681121826
5563437568.0,-0.6246412992477417
5564375040.0,-0.6041706204414368
5565312512.0,-0.5857473611831665
5566249984.0,-0.5693835616111755
5567187456.0,-0.5538343191146851
5568124928.0,-0.5408093333244324
5569062400.0,-0.5289111733436584
5569999872.0,-0.516046941280365
5570937344.0,-0.5042324066162109
5571874816.0,-0.49301227927207947
5572812288.0,-0.4821915030479431
5573749760.0,-0.47179293632507324
5574687744.0,-0.4619790315628052
5575625216.0,-0.45309868454933167
5576562688.0,-0.44623711705207825
5577500160.0,-0.4400193989276886
5578437632.0,-0.4362570643424988
5579375104.0,-0.43372395634651184
5580312576.0,-0.43306025862693787
5581250048.0,-0.43378397822380066
5582187520.0,-0.43439358472824097
5583124992.0,-0.43667855858802795
5584062464.0,-0.43921977281570435
5584999936.0,-0.4419407546520233
5585937408.0,-0.4176923930644989
5586874880.0,-0.408435195684433
5587812352.0,-0.39884915947914124
5588749824.0,-0.3871522545814514
5589687296.0,-0.37342292070388794
5590624768.0,-0.3584442734718323
5591562752.0,-0.3427581489086151
5592500224.0,-0.3260974586009979
5593437696.0,-0.3093598186969757
5594375168.0,-0.29197636246681213
5595312640.0,-0.27367064356803894
5596250112.0,-0.25498706102371216
5597187584.0,-0.23595480620861053
5598125056.0,-0.2180458903312683
5599062528.0,-0.19928714632987976
5600000000.0,-0.18197281658649445
5600937472.0,-0.16391994059085846
5601874944.0,-0.14733415842056274
5602812416.0,-0.1302635371685028
5603749888.0,-0.11568940430879593
5604687360.0,-0.1019725501537323
5605624832.0,-0.0901603102684021
5606562304.0,-0.0799071341753006
5607499776.0,-0.07074160873889923
5608437248.0,-0.06381326168775558
5609375232.0,-0.05828450620174408
5610312704.0,-0.053902074694633484
5611250176.0,-0.05180549994111061
5612187648.0,-0.05149303376674652
5613125120.0,-0.052800990641117096
5614062592.0,-0.0561416931450367
5615000064.0,-0.05999485403299332
5615937536.0,-0.065858393907547
5616875008.0,-0.07405839115381241
5617812480.0,-0.08347645401954651
5618749952.0,-0.09374736249446869
5619687424.0,-0.10583964735269547
5620624896.0,-0.11797457933425903
5621562368.0,-0.13140474259853363
5622499840.0,-0.14404982328414917
5623437312.0,-0.157728374004364
5624374784.0,-0.17285171151161194
5625312256.0,-0.18644820153713226
5626250240.0,-0.20020541548728943
5627187712.0,-0.21369870007038116
5628125184.0,-0.22536207735538483
5629062656.0,-0.2381129413843155
5630000128.0,-0.24820302426815033
5630937600.0,-0.25894683599472046
5631875072.0,-0.2668986916542053
5632812544.0,-0.2729755640029907
5633750016.0,-0.27940112352371216
5634687488.0,-0.2837822735309601
5635624960.0,-0.28555041551589966
5636562432.0,-0.28638944029808044
5637499904.0,-0.28575626015663147
5638437376.0,-0.282063364982605
5639374848.0,-0.27742114663124084
5640312320.0,-0.2712152898311615
5641249792.0,-0.26282310485839844
5642187264.0,-0.253538578748703
5643125248.0,-0.24365325272083282
5644062720.0,-0.2327110916376114
5645000192.0,-0.22037574648857117
5645937664.0,-0.18207389116287231
5646875136.0,-0.18608048558235168
5647812608.0,-0.1879168450832367
5648750080.0,-0.1884663701057434
5649687552.0,-0.1876499205827713
5650625024.0,-0.18520313501358032
5651562496.0,-0.18131005764007568
5652499968.0,-0.1761060506105423
5653437440.0,-0.17028523981571198
5654374912.0,-0.1639978140592575
5655312384.0,-0.1568184196949005
5656249856.0,-0.14940159022808075
5657187328.0,-0.14079484343528748
5658124800.0,-0.13331826031208038
5659062272.0,-0.12530925869941711
5660000256.0,-0.1174202412366867
5660937728.0,-0.11061389744281769
5661875200.0,-0.10315139591693878
5662812672.0,-0.09770762175321579
5663750144.0,-0.0931401178240776
5664687616.0,-0.08920232951641083
5665625088.0,-0.0859699547290802
5666562560.0,-0.0850137248635292
5667500032.0,-0.08399694412946701
5668437504.0,-0.08417551219463348
5669374976.0,-0.08458751440048218
5670312448.0,-0.08659245818853378
5671249920.0,-0.0896575003862381
5672187392.0,-0.09415501356124878
5673124864.0,-0.10004250705242157
5674062336.0,-0.10483956336975098
5674999808.0,-0.11205089837312698
5675937280.0,-0.1200762465596199
5676874752.0,-0.12806232273578644
5677812736.0,-0.13751547038555145
5678750208.0,-0.14706513285636902
5679687680.0,-0.156294047832489
5680625152.0,-0.16600893437862396
5681562624.0,-0.17561450600624084
5682500096.0,-0.18477065861225128
5683437568.0,-0.19376033544540405
5684375040.0,-0.20233748853206635
5685312512.0,-0.21021611988544464
5686249984.0,-0.216895192861557
5687187456.0,-0.22518233954906464
5688124928.0,-0.23129646480083466
5689062400.0,-0.2369350641965866
5689999872.0,-0.24242053925991058
5690937344.0,-0.24735033512115479
5691874816.0,-0.2521251440048218
5692812288.0,-0.2571115791797638
5693749760.0,-0.2608121633529663
5694687744.0,-0.26526620984077454
5695625216.0,-0.2705368995666504
5696562688.0,-0.27382418513298035
5697500160.0,-0.27847346663475037
5698437632.0,-0.28385767340660095
5699375104.0,-0.28925657272338867
5700312576.0,-0.2953645884990692
5701250048.0,-0.30157479643821716
5702187520.0,-0.31039586663246155
5703124992.0,-0.3192482590675354
5704062464.0,-0.3273915946483612
5704999936.0,-0.337952196598053
5705937408.0,-0.225740447640419
5706874880.0,-0.24463295936584473
5707812352.0,-0.26535022258758545
5708749824.0,-0.28559553623199463
5709687296.0,-0.3059829771518707
5710624768.0,-0.32469990849494934
5711562752.0,-0.34329208731651306
5712500224.0,-0.35873284935951233
5713437696.0,-0.3729986250400543
5714375168.0,-0.3835192024707794
5715312640.0,-0.39012739062309265
5716250112.0,-0.39289942383766174
5717187584.0,-0.39149653911590576
5718125056.0,-0.38605645298957825
5719062528.0,-0.3758421242237091
5720000000.0,-0.36134210228919983
5720937472.0,-0.343718558549881
5721874944.0,-0.32036328315734863
5722812416.0,-0.29363247752189636
5723749888.0,-0.26288753747940063
5724687360.0,-0.22917747497558594
5725624832.0,-0.1925334483385086
5726562304.0,-0.15396496653556824
5727499776.0,-0.11348509043455124
5728437248.0,-0.0719619020819664
5729375232.0,-0.030987516045570374
5730312704.0,0.009803381748497486
5731250176.0,0.04761345311999321
5732187648.0,0.08220284432172775
5733125120.0,0.1164063960313797
5734062592.0,0.1455712765455246
5735000064.0,0.16989485919475555
5735937536.0,0.1900782585144043
5736875008.0,0.2054719179868698
5737812480.0,0.21670648455619812
5738749952.0,0.2239048033952713
5739687424.0,0.22656072676181793
5740624896.0,0.22555871307849884
5741562368.0,0.22055862843990326
5742499840.0,0.21221140027046204
5743437312.0,0.20153310894966125
5744374784.0,0.1890115886926651
5745312256.0,0.17510052025318146
5746250240.0,0.16016434133052826
5747187712.0,0.1442752480506897
5748125184.0,0.12973584234714508
5749062656.0,0.11443024128675461
5750000128.0,0.10003847628831863
5750937600.0,0.08579053729772568
5751875072.0,0.07335677742958069
5752812544.0,0.06207946687936783
5753750016.0,0.050806675106287
5754687488.0,0.039877068251371384
5755624960.0,0.026466142386198044
5756562432.0,0.006771449465304613
5757499904.0,-0.014704257249832153
5758437376.0,-0.04096657782793045
5759374848.0,-0.06768328696489334
5760312320.0,-0.09673469513654709
5761249792.0,-0.1264232099056244
5762187264.0,-0.1582460254430771
5763125248.0,-0.1885819137096405
5764062720.0,-0.21927598118782043
5765000192.0,-0.25052228569984436
5765937664.0,-0.1983843445777893
5766875136.0,-0.20622457563877106
5767812608.0,-0.21380433440208435
5768750080.0,-0.22181114554405212
5769687552.0,-0.22988227009773254
5770625024.0,-0.23720204830169678
5771562496.0,-0.24680018424987793
5772499968.0,-0.25644242763519287
5773437440.0,-0.2660931944847107
5774374912.0,-0.27664807438850403
5775312384.0,-0.2879084348678589
5776249856.0,-0.29962751269340515
5777187328.0,-0.31109923124313354
5778124800.0,-0.3232758641242981
5779062272.0,-0.3342241048812866
5779999744.0,-0.3466034531593323
5780937728.0,-0.3573514223098755
5781875200.0,-0.36812999844551086
5782812672.0,-0.3778236210346222
5783750144.0,-0.3886220157146454
5784687616.0,-0.39779144525527954
5785625088.0,-0.4060755670070648
5786562560.0,-0.41589581966400146
5787500032.0,-0.4233216345310211
5788437504.0,-0.43042635917663574
5789374976.0,-0.43599385023117065
5790312448.0,-0.44192177057266235
5791249920.0,-0.44562017917633057
5792187392.0,-0.44818711280822754
5793124864.0,-0.4505452513694763
5794062336.0,-0.45053598284721375
5794999808.0,-0.45012298226356506
5795937280.0,-0.4480119049549103
5796874752.0,-0.44480639696121216
5797812736.0,-0.4394746720790863
5798750208.0,-0.43177369236946106
5799687680.0,-0.42406749725341797
5800625152.0,-0.4129992425441742
5801562624.0,-0.4015684425830841
5802500096.0,-0.3872843384742737
5803437568.0,-0.37395572662353516
5804375040.0,-0.3580491542816162
5805312512.0,-0.34013795852661133
5806249984.0,-0.32180893421173096
5807187456.0,-0.3037818670272827
5808124928.0,-0.2830789089202881
5809062400.0,-0.262800395488739
5809999872.0,-0.24313771724700928
5810937344.0,-0.22289440035820007
5811874816.0,-0.2031184881925583
5812812288.0,-0.18364959955215454
5813749760.0,-0.16484680771827698
5814687744.0,-0.1487348973751068
5815625216.0,-0.13225266337394714
5816562688.0,-0.11714577674865723
5817500160.0,-0.10291838645935059
5818437632.0,-0.08981117606163025
5819375104.0,-0.07806409150362015
5820312576.0,-0.06885267049074173
5821250048.0,-0.06161299720406532
5822187520.0,-0.05589886009693146
5823124992.0,-0.05214871093630791
5824062464.0,-0.05045316368341446
5824999936.0,-0.05052846670150757
5825937408.0,-0.24399298429489136
5826874880.0,-0.2459266632795334
5827812352.0,-0.24772004783153534
5828749824.0,-0.2500595152378082
5829687296.0,-0.25144901871681213
5830624768.0,-0.25398173928260803
5831562752.0,-0.25506332516670227
5832500224.0,-0.25787994265556335
5833437696.0,-0.26044324040412903
5834375168.0,-0.2622448801994324
5835312640.0,-0.2644153833389282
5836250112.0,-0.2674146592617035
5837187584.0,-0.26990193128585815
5838125056.0,-0.27334287762641907
5839062528.0,-0.27724871039390564
5840000000.0,-0.2820759415626526
5840937472.0,-0.2881748676300049
5841874944.0,-0.29430368542671204
5842812416.0,-0.30024051666259766
5843749888.0,-0.3069462180137634
5844687360.0,-0.3131822943687439
5845624832.0,-0.31928741931915283
5846562304.0,-0.32690563797950745
5847499776.0,-0.33309975266456604
5848437248.0,-0.33942535519599915
5849375232.0,-0.34523776173591614
5850312704.0,-0.3504585027694702
5851250176.0,-0.3556491732597351
5852187648.0,-0.36029672622680664
5853125120.0,-0.36437445878982544
5854062592.0,-0.36812523007392883
5855000064.0,-0.3705177307128906
5855937536.0,-0.37290331721305847
5856875008.0,-0.37313827872276306
5857812480.0,-0.3739280700683594
5858749952.0,-0.3728964328765869
5859687424.0,-0.3724156618118286
5860624896.0,-0.3705339729785919
5861562368.0,-0.36867383122444153
5862499840.0,-0.3666137158870697
5863437312.0,-0.3632562458515167
5864374784.0,-0.36175107955932617
5865312256.0,-0.3581647574901581
5866250240.0,-0.3554143011569977
5867187712.0,-0.3513949513435364
5868125184.0,-0.3482459783554077
5869062656.0,-0.34356024861335754
5870000128.0,-0.3401448130607605
5870937600.0,-0.33676570653915405
5871875072.0,-0.333892822265625
5872812544.0,-0.3323921859264374
5873750016.0,-0.33037006855010986
5874687488.0,-0.3296703100204468
5875624960.0,-0.32856664061546326
5876562432.0,-0.3278962969779968
5877499904.0,-0.3294491767883301
5878437376.0,-0.32967498898506165
5879374848.0,-0.3321891725063324
5880312320.0,-0.3345498740673065
5881249792.0,-0.33797553181648254
5882187264.0,-0.3411378860473633
5883125248.0,-0.34514176845550537
5884062720.0,-0.3487752676010132
5885000192.0,-0.3526894748210907
5885937664.0,-0.3654230833053589
5886875136.0,-0.37046018242836
5887812608.0,-0.3745376467704773
5888750080.0,-0.37785255908966064
5889687552.0,-0.3814541697502136
5890625024.0,-0.3848161995410919
5891562496.0,-0.38761788606643677
5892499968.0,-0.38966819643974304
5893437440.0,-0.3909105062484741
5894374912.0,-0.3922070264816284
5895312384.0,-0.39239394664764404
5896249856.0,-0.3935646116733551
5897187328.0,-0.39240357279777527
5898124800.0,-0.3924444317817688
5899062272.0,-0.39290329813957214
5900000256.0,-0.39171332120895386
5900937728.0,-0.39024078845977783
5901875200.0,-0.38961735367774963
5902812672.0,-0.38852983713150024
5903750144.0,-0.3866345286369324
5904687616.0,-0.385831743478775
5905625088.0,-0.3852176070213318
5906562560.0,-0.3833031952381134
5907500032.0,-0.3830225169658661
5908437504.0,-0.3817318379878998
5909374976.0,-0.38180437684059143
5910312448.0,-0.3837760388851166
5911249920.0,-0.3848381042480469
5912187392.0,-0.38578546047210693
5913124864.0,-0.38708236813545227
5914062336.0,-0.3898243010044098
5914999808.0,-0.3928571343421936
5915937280.0,-0.39626097679138184
5916874752.0,-0.40042924880981445
5917812736.0,-0.4042430818080902
5918750208.0,-0.4101346433162689
5919687680.0,-0.4158021807670593
5920625152.0,-0.4225318431854248
5921562624.0,-0.42937949299812317
5922500096.0,-0.4373125433921814
5923437568.0,-0.4460947811603546
5924375040.0,-0.45528125762939453
5925312512.0,-0.46544042229652405
5926249984.0,-0.47541141510009766
5927187456.0,-0.48473313450813293
5928124928.0,-0.49583956599235535
5929062400.0,-0.5063782334327698
5929999872.0,-0.5173075199127197
5930937344.0,-0.5284217596054077
5931874816.0,-0.5388908386230469
5932812288.0,-0.5487599968910217
5933749760.0,-0.5590410232543945
5934687744.0,-0.5683462023735046
5935625216.0,-0.5769603848457336
5936562688.0,-0.5862577557563782
5937500160.0,-0.5952418446540833
5938437632.0,-0.6018133163452148
5939375104.0,-0.6097030639648438
5940312576.0,-0.6157196164131165
5941250048.0,-0.6204867362976074
5942187520.0,-0.6255475282669067
5943124992.0,-0.6298259496688843
5944062464.0,-0.6317453980445862
5944999936.0,-0.633269190788269
5945937408.0,-0.4086894989013672
5946874880.0,-0.4249624013900757
5947812352.0,-0.44118064641952515
5948749824.0,-0.45810094475746155
5949687296.0,-0.473715215921402
5950624768.0,-0.4884801208972931
5951562752.0,-0.5037093758583069
5952500224.0,-0.5161929130554199
5953437696.0,-0.5288652777671814
5954375168.0,-0.5386042594909668
5955312640.0,-0.5479304790496826
5956250112.0,-0.5563305616378784
5957187584.0,-0.5616409778594971
5958125056.0,-0.56509929895401
5959062528.0,-0.5685998201370239
5960000000.0,-0.5695156455039978
5960937472.0,-0.5694543123245239
5961874944.0,-0.5680453777313232
5962812416.0,-0.5640368461608887
5963749888.0,-0.5581445097923279
5964687360.0,-0.5517520308494568
5965624832.0,-0.5437139868736267
5966562304.0,-0.5345463752746582
5967499776.0,-0.5244737863540649
5968437248.0,-0.514212965965271
5969375232.0,-0.5026527643203735
5970312704.0,-0.49103331565856934
5971250176.0,-0.4801180064678192
5972187648.0,-0.46877801418304443
5973125120.0,-0.4579647183418274
5974062592.0,-0.4488932490348816
5975000064.0,-0.4407554864883423
5975937536.0,-0.43348512053489685
5976875008.0,-0.42731142044067383
5977812480.0,-0.4233876168727875
5978749952.0,-0.41875898838043213
5979687424.0,-0.4164722263813019
5980624896.0,-0.41213303804397583
5981562368.0,-0.4098628759384155
5982499840.0,-0.4075349271297455
5983437312.0,-0.4068582057952881
5984374784.0,-0.40754878520965576
5985312256.0,-0.40856143832206726
5986250240.0,-0.41065269708633423
5987187712.0,-0.4122627377510071
5988125184.0,-0.41699546575546265
5989062656.0,-0.4199577271938324
5990000128.0,-0.4241628050804138
5990937600.0,-0.42725664377212524
5991875072.0,-0.43168556690216064
5992812544.0,-0.43453842401504517
5993750016.0,-0.4378751218318939
5994687488.0,-0.4419354498386383
5995624960.0,-0.4472278356552124
5996562432.0,-0.45134449005126953
5997499904.0,-0.45576828718185425
5998437376.0,-0.4613095819950104
5999374848.0,-0.4653146266937256
6000312320.0,-0.4699414372444153
6001249792.0,-0.4738752841949463
6002187264.0,-0.47775033116340637
6003125248.0,-0.4814090430736542
6004062720.0,-0.4857896864414215
6005000192.0,-0.38157325983047485
6005937664.0,-0.3911232650279999
6006875136.0,-0.4019831717014313
6007812608.0,-0.4128910303115845
6008750080.0,-0.426945298910141
6009687552.0,-0.44066521525382996
6010625024.0,-0.45576825737953186
6011562496.0,-0.47118258476257324
6012499968.0,-0.48769450187683105
6013437440.0,-0.5049201846122742
6014374912.0,-0.5227628350257874
6015312384.0,-0.5405874252319336
6016249856.0,-0.5576223731040955
6017187328.0,-0.576162576675415
6018124800.0,-0.5934479832649231
6019062272.0,-0.6111446022987366
6019999744.0,-0.6277512311935425
6020937728.0,-0.6428176760673523
6021875200.0,-0.6589803099632263
6022812672.0,-0.6721808314323425
6023750144.0,-0.6851224303245544
6024687616.0,-0.6950933337211609
6025625088.0,-0.7050198316574097
6026562560.0,-0.7128843069076538
6027500032.0,-0.7192978262901306
6028437504.0,-0.7238811254501343
6029374976.0,-0.7280147075653076
6030312448.0,-0.7287567257881165
6031249920.0,-0.7288860082626343
6032187392.0,-0.7254307270050049
6033124864.0,-0.719752848148346
6034062336.0,-0.7134732007980347
6034999808.0,-0.7030637264251709
6035937280.0,-0.6922028064727783
6036874752.0,-0.6787197589874268
6037812736.0,-0.6645744442939758
6038750208.0,-0.648124635219574
6039687680.0,-0.6310280561447144
6040625152.0,-0.6146805882453918
6041562624.0,-0.5971572995185852
6042500096.0,-0.5786707401275635
6043437568.0,-0.5605958700180054
6044375040.0,-0.5440806150436401
6045312512.0,-0.5267258286476135
6046249984.0,-0.5112053155899048
6047187456.0,-0.4947114884853363
6048124928.0,-0.4789198338985443
6049062400.0,-0.4650160074234009
6049999872.0,-0.4513597786426544
6050937344.0,-0.4396101236343384
6051874816.0,-0.4294666647911072
6052812288.0,-0.42176154255867004
6053749760.0,-0.4148705303668976
6054687744.0,-0.4101269841194153
6055625216.0,-0.40428441762924194
6056562688.0,-0.4035626947879791
6057500160.0,-0.4022592008113861
6058437632.0,-0.4026973843574524
6059375104.0,-0.40414226055145264
6060312576.0,-0.4059058725833893
6061250048.0,-0.4085877239704132
6062187520.0,-0.411758154630661
6063124992.0,-0.41560646891593933
6064062464.0,-0.4203360378742218
6064999936.0,-0.4183734059333801
6065937408.0,-0.4235575497150421
6066874880.0,-0.4288023114204407
6067812352.0,-0.4354754388332367
6068749824.0,-0.44238874316215515
6069687296.0,-0.4495701789855957
6070624768.0,-0.45733505487442017
6071562752.0,-0.466500848531723
6072500224.0,-0.4752448797225952
6073437696.0,-0.4861999750137329
6074375168.0,-0.4958347976207733
6075312640.0,-0.5064684152603149
6076250112.0,-0.5172901749610901
6077187584.0,-0.5284983515739441
6078125056.0,-0.538136899471283
6079062528.0,-0.549214243888855
6080000000.0,-0.5595002770423889
6080937472.0,-0.5704164505004883
6081874944.0,-0.579515278339386
6082812416.0,-0.5885105729103088
6083749888.0,-0.5958269834518433
6084687360.0,-0.6032362580299377
6085624832.0,-0.6081723570823669
6086562304.0,-0.61214280128479
6087499776.0,-0.6149418950080872
6088437248.0,-0.6171022653579712
6089375232.0,-0.618001401424408
6090312704.0,-0.6186848878860474
6091250176.0,-0.6181226372718811
6092187648.0,-0.6148508191108704
6093125120.0,-0.6124882698059082
6094062592.0,-0.6060623526573181
6095000064.0,-0.5996545553207397
6095937536.0,-0.5917329788208008
6096875008.0,-0.5826459527015686
6097812480.0,-0.5741196870803833
6098749952.0,-0.5635039210319519
6099687424.0,-0.5546067357063293
6100624896.0,-0.5444006323814392
6101562368.0,-0.5348038077354431
6102499840.0,-0.5238673686981201
6103437312.0,-0.5136727690696716
6104374784.0,-0.5028694868087769
6105312256.0,-0.49285662174224854
6106250240.0,-0.4825429916381836
6107187712.0,-0.47374773025512695
6108125184.0,-0.4640773832798004
6109062656.0,-0.4561878442764282
6110000128.0,-0.4492493271827698
6110937600.0,-0.4419642388820648
6111875072.0,-0.4355522394180298
6112812544.0,-0.42972978949546814
6113750016.0,-0.4229598641395569
6114687488.0,-0.4170086979866028
6115624960.0,-0.4137716591358185
6116562432.0,-0.41025540232658386
6117499904.0,-0.40728119015693665
6118437376.0,-0.40515097975730896
6119374848.0,-0.40364664793014526
6120312320.0,-0.40235140919685364
6121249792.0,-0.402238667011261
6122187264.0,-0.4017523229122162
6123125248.0,-0.40143564343452454
6124062720.0,-0.4016876816749573
6125000192.0,-0.5885840058326721
6125937664.0,-0.5989895462989807
6126875136.0,-0.6088531017303467
6127812608.0,-0.6180344223976135
6128750080.0,-0.6260048151016235
6129687552.0,-0.6340652108192444
6130625024.0,-0.6404842734336853
6131562496.0,-0.6460707187652588
6132499968.0,-0.6522722840309143
6133437440.0,-0.6561894416809082
6134374912.0,-0.6598491668701172
6135312384.0,-0.6642722487449646
6136249856.0,-0.6661838293075562
6137187328.0,-0.6682406067848206
6138124800.0,-0.6682595014572144
6139062272.0,-0.6698321104049683
6140000256.0,-0.6687121391296387
6140937728.0,-0.6689431071281433
6141875200.0,-0.6673599481582642
6142812672.0,-0.6658110618591309
6143750144.0,-0.6632936000823975
6144687616.0,-0.6602591276168823
6145625088.0,-0.657502293586731
6146562560.0,-0.6541217565536499
6147500032.0,-0.650918185710907
6148437504.0,-0.6455206871032715
6149374976.0,-0.6429612636566162
6150312448.0,-0.6391709446907043
6151249920.0,-0.636080801486969
6152187392.0,-0.6344425678253174
6153124864.0,-0.6332798004150391
6154062336.0,-0.6317591667175293
6154999808.0,-0.6307982802391052
6155937280.0,-0.6314325332641602
6156874752.0,-0.6307784914970398
6157812736.0,-0.6306068897247314
6158750208.0,-0.6312382221221924
6159687680.0,-0.6318265795707703
6160625152.0,-0.6341856718063354
6161562624.0,-0.6356020569801331
6162500096.0,-0.6399699449539185
6163437568.0,-0.6432306170463562
6164375040.0,-0.6477640271186829
6165312512.0,-0.6523600816726685
6166249984.0,-0.6584701538085938
6167187456.0,-0.663483202457428
6168124928.0,-0.6704174876213074
6169062400.0,-0.6788195967674255
6169999872.0,-0.6855169534683228
6170937344.0,-0.693015456199646
6171874816.0,-0.7013629078865051
6172812288.0,-0.7094815373420715
6173749760.0,-0.7177659869194031
6174687744.0,-0.7260107398033142
6175625216.0,-0.7351216673851013
6176562688.0,-0.7422897219657898
6177500160.0,-0.7497519254684448
6178437632.0,-0.7576957941055298
6179375104.0,-0.7645638585090637
6180312576.0,-0.772449791431427
6181250048.0,-0.778976321220398
6182187520.0,-0.7845599055290222
6183124992.0,-0.7905156016349792
6184062464.0,-0.7960984110832214
6184999936.0,-0.6290670037269592
6185937408.0,-0.647834837436676
6186874880.0,-0.6662980914115906
6187812352.0,-0.6851731538772583
6188749824.0,-0.7037739753723145
6189687296.0,-0.7212865352630615
6190624768.0,-0.7398569583892822
6191562752.0,-0.7586265206336975
6192500224.0,-0.7745393514633179
6193437696.0,-0.7910957932472229
6194375168.0,-0.8063240647315979
6195312640.0,-0.8221749663352966
6196250112.0,-0.8355926871299744
6197187584.0,-0.8480232954025269
6198125056.0,-0.858946681022644
6199062528.0,-0.8685327172279358
6200000000.0,-0.8764897584915161
6200937472.0,-0.8839940428733826
6201874944.0,-0.8877311944961548
6202812416.0,-0.8900589942932129
6203749888.0,-0.8910577893257141
6204687360.0,-0.8898003697395325
6205624832.0,-0.8877823352813721
6206562304.0,-0.8821710348129272
6207499776.0,-0.8771880865097046
6208437248.0,-0.8692765235900879
6209375232.0,-0.86118483543396
6210312704.0,-0.8512335419654846
6211250176.0,-0.8405278921127319
6212187648.0,-0.8294304013252258
6213125120.0,-0.8167707324028015
6214062592.0,-0.804932177066803
6215000064.0,-0.7912022471427917
6215937536.0,-0.7773634791374207
6216875008.0,-0.763907253742218
6217812480.0,-0.7499682903289795
6218749952.0,-0.7359458804130554
6219687424.0,-0.7223049998283386
6220624896.0,-0.7074968814849854
6221562368.0,-0.694092869758606
6222499840.0,-0.6808061599731445
6223437312.0,-0.6681997179985046
6224374784.0,-0.6565151810646057
6225312256.0,-0.6463371515274048
6226250240.0,-0.6356146931648254
6227187712.0,-0.6273388266563416
6228125184.0,-0.6188322901725769
6229062656.0,-0.6109291315078735
6230000128.0,-0.6058528423309326
6230937600.0,-0.6020285487174988
6231875072.0,-0.5993431806564331
6232812544.0,-0.5981800556182861
6233750016.0,-0.5982347130775452
6234687488.0,-0.599516749382019
6235624960.0,-0.6005201935768127
6236562432.0,-0.6032471656799316
6237499904.0,-0.6078964471817017
6238437376.0,-0.6129615306854248
6239374848.0,-0.6188281178474426
6240312320.0,-0.625557005405426
6241249792.0,-0.6349634528160095
6242187264.0,-0.6443362236022949
6243125248.0,-0.6542927026748657
6244062720.0,-0.6650208830833435
6245000192.0,-0.6731176376342773
6245937664.0,-0.6849361658096313
6246875136.0,-0.6992334127426147
6247812608.0,-0.7133579254150391
6248750080.0,-0.7272843718528748
6249687552.0,-0.7409873604774475
6250625024.0,-0.7555591464042664
6251562496.0,-0.7703027129173279
6252499968.0,-0.7831518054008484
6253437440.0,-0.7946605086326599
6254374912.0,-0.8071924448013306
6255312384.0,-0.8186013102531433
6256249856.0,-0.8289872407913208
6257187328.0,-0.8402058482170105
6258124800.0,-0.8498896360397339
6259062272.0,-0.858167827129364
6259999744.0,-0.8669580817222595
6260937728.0,-0.8728445172309875
6261875200.0,-0.8780990242958069
6262812672.0,-0.8835748434066772
6263750144.0,-0.8871943950653076
6264687616.0,-0.8885850310325623
6265625088.0,-0.8899171948432922
6266562560.0,-0.8912544250488281
6267500032.0,-0.8909006714820862
6268437504.0,-0.8881411552429199
6269374976.0,-0.8865795135498047
6270312448.0,-0.884020984172821
6271249920.0,-0.880448579788208
6272187392.0,-0.8778654336929321
6273124864.0,-0.8751009702682495
6274062336.0,-0.8716757893562317
6274999808.0,-0.8683831095695496
6275937280.0,-0.8647761940956116
6276874752.0,-0.8609111309051514
6277812736.0,-0.8580664992332458
6278750208.0,-0.8544038534164429
6279687680.0,-0.8508026003837585
6280625152.0,-0.8483222723007202
6281562624.0,-0.846343994140625
6282500096.0,-0.8458137512207031
6283437568.0,-0.8454016447067261
6284375040.0,-0.8435571789741516
6285312512.0,-0.8443372249603271
6286249984.0,-0.8432554006576538
6287187456.0,-0.8441221714019775
6288124928.0,-0.8455821871757507
6289062400.0,-0.8471347689628601
6289999872.0,-0.8501391410827637
6290937344.0,-0.8536238074302673
6291874816.0,-0.8579857349395752
6292812288.0,-0.8619332313537598
6293749760.0,-0.8662145733833313
6294687744.0,-0.8703346848487854
6295625216.0,-0.8753740191459656
6296562688.0,-0.8805232644081116
6297500160.0,-0.8862488865852356
6298437632.0,-0.892305314540863
6299375104.0,-0.9011572003364563
6300312576.0,-0.9095801711082458
6301250048.0,-0.9204208850860596
6302187520.0,-0.9311844706535339
6303124992.0,-0.9426248669624329
6304062464.0,-0.9536987543106079
6304999936.0,-0.985256016254425
6305937408.0,-0.9953325986862183
6306874880.0,-1.0070693492889404
6307812352.0,-1.0191510915756226
6308749824.0,-1.0291941165924072
6309687296.0,-1.0392827987670898
6310624768.0,-1.049817681312561
6311562752.0,-1.0593403577804565
6312500224.0,-1.069699764251709
6313437696.0,-1.0802863836288452
6314375168.0,-1.091045618057251
6315312640.0,-1.1011250019073486
6316250112.0,-1.1102368831634521
6317187584.0,-1.1205466985702515
6318125056.0,-1.1299147605895996
6319062528.0,-1.1401357650756836
6320000000.0,-1.1492412090301514
6320937472.0,-1.159099817276001
6321874944.0,-1.1686670780181885
6322812416.0,-1.1787655353546143
6323749888.0,-1.1899064779281616
6324687360.0,-1.1987149715423584
6325624832.0,-1.2082111835479736
6326562304.0,-1.2178850173950195
6327499776.0,-1.2286531925201416
6328437248.0,-1.238603949546814
6329375232.0,-1.2493137121200562
6330312704.0,-1.256972074508667
6331250176.0,-1.265264630317688
6332187648.0,-1.2717934846878052
6333125120.0,-1.2779793739318848
6334062592.0,-1.2821985483169556
6335000064.0,-1.2875019311904907
6335937536.0,-1.2917324304580688
6336875008.0,-1.2941646575927734
6337812480.0,-1.297132134437561
6338749952.0,-1.2989681959152222
6339687424.0,-1.2996749877929688
6340624896.0,-1.2988873720169067
6341562368.0,-1.2947953939437866
6342499840.0,-1.2886075973510742
6343437312.0,-1.277779459953308
6344374784.0,-1.267857551574707
6345312256.0,-1.2538444995880127
6346250240.0,-1.239140510559082
6347187712.0,-1.2256121635437012
6348125184.0,-1.211969017982483
6349062656.0,-1.1975170373916626
6350000128.0,-1.1813137531280518
6350937600.0,-1.1668074131011963
6351875072.0,-1.1528236865997314
6352812544.0,-1.1390639543533325
6353750016.0,-1.1246205568313599
6354687488.0,-1.1102179288864136
6355624960.0,-1.096636176109314
6356562432.0,-1.0844181776046753
6357499904.0,-1.0729212760925293
6358437376.0,-1.062384843826294
6359374848.0,-1.0530344247817993
6360312320.0,-1.0442065000534058
6361249792.0,-1.0361160039901733
6362187264.0,-1.0276610851287842
6363125248.0,-1.0203726291656494
6364062720.0,-1.0159813165664673
6365000192.0,-1.375520944595337
6365937664.0,-1.3882567882537842
6366875136.0,-1.4025262594223022
6367812608.0,-1.4178117513656616
6368750080.0,-1.431043267250061
6369687552.0,-1.4463515281677246
6370625024.0,-1.4607254266738892
6371562496.0,-1.475379467010498
6372499968.0,-1.4908548593521118
6373437440.0,-1.5058764219284058
6374374912.0,-1.5199264287948608
6375312384.0,-1.5321147441864014
6376249856.0,-1.5428372621536255
6377187328.0,-1.551677942276001
6378124800.0,-1.5590276718139648
6379062272.0,-1.5636192560195923
6380000256.0,-1.566902995109558
6380937728.0,-1.5691949129104614
6381875200.0,-1.5728551149368286
6382812672.0,-1.5745054483413696
6383750144.0,-1.578217625617981
6384687616.0,-1.5806764364242554
6385625088.0,-1.5833748579025269
6386562560.0,-1.5823496580123901
6387500032.0,-1.5814682245254517
6388437504.0,-1.5781201124191284
6389374976.0,-1.5734442472457886
6390312448.0,-1.5681169033050537
6391249920.0,-1.563455581665039
6392187392.0,-1.5578018426895142
6393124864.0,-1.5520122051239014
6394062336.0,-1.5451204776763916
6394999808.0,-1.5376615524291992
6395937280.0,-1.5287245512008667
6396874752.0,-1.5195122957229614
6397812736.0,-1.510322093963623
6398750208.0,-1.5014147758483887
6399687680.0,-1.4925494194030762
6400625152.0,-1.4852986335754395
6401562624.0,-1.4768742322921753
6402500096.0,-1.469993233680725
6403437568.0,-1.4635472297668457
6404375040.0,-1.458652138710022
6405312512.0,-1.4557925462722778
6406249984.0,-1.4542624950408936
6407187456.0,-1.456589937210083
6408124928.0,-1.4619723558425903
6409062400.0,-1.4681187868118286
6409999872.0,-1.4767358303070068
6410937344.0,-1.4860427379608154
6411874816.0,-1.4985644817352295
6412812288.0,-1.5103235244750977
6413749760.0,-1.52470064163208
6414687744.0,-1.5400277376174927
6415625216.0,-1.5594477653503418
6416562688.0,-1.5787280797958374
6417500160.0,-1.6015621423721313
6418437632.0,-1.6259527206420898
6419375104.0,-1.6503159999847412
6420312576.0,-1.6762864589691162
6421250048.0,-1.7017111778259277
6422187520.0,-1.7280179262161255
6423124992.0,-1.7554147243499756
6424062464.0,-1.78443443775177
6424999936.0,-1.8170348405838013
6425937408.0,-1.8453060388565063
6426874880.0,-1.8745157718658447
6427812352.0,-1.9011625051498413
6428749824.0,-1.9275898933410645
6429687296.0,-1.9563825130462646
6430624768.0,-1.9838253259658813
6431562752.0,-2.0122978687286377
6432500224.0,-2.0414202213287354
6433437696.0,-2.071267604827881
6434375168.0,-2.1010799407958984
6435312640.0,-2.1306445598602295
6436250112.0,-2.1583497524261475
6437187584.0,-2.1848180294036865
6438125056.0,-2.209601879119873
6439062528.0,-2.233659029006958
6440000000.0,-2.2550086975097656
6440937472.0,-2.2761924266815186
6441874944.0,-2.294546365737915
6442812416.0,-2.3105247020721436
6443749888.0,-2.325514554977417
6444687360.0,-2.337186336517334
6445624832.0,-2.348266839981079
6446562304.0,-2.358335018157959
6447499776.0,-2.368121385574341
6448437248.0,-2.3758959770202637
6449375232.0,-2.383068323135376
6450312704.0,-2.3884541988372803
6451250176.0,-2.3927993774414062
6452187648.0,-2.395307779312134
6453125120.0,-2.3973069190979004
6454062592.0,-2.3967483043670654
6455000064.0,-2.394843816757202
6455937536.0,-2.3923749923706055
6456875008.0,-2.38871431350708
6457812480.0,-2.385681390762329
6458749952.0,-2.382272958755493
6459687424.0,-2.3800556659698486
6460624896.0,-2.3791725635528564
6461562368.0,-2.376431465148926
6462499840.0,-2.374453544616699
6463437312.0,-2.372115135192871
6464374784.0,-2.3712167739868164
6465312256.0,-2.36995005607605
6466250240.0,-2.3703114986419678
6467187712.0,-2.372682809829712
6468125184.0,-2.3742682933807373
6469062656.0,-2.3770105838775635
6470000128.0,-2.3812389373779297
6470937600.0,-2.3882267475128174
6471875072.0,-2.395996332168579
6472812544.0,-2.4073433876037598
6473750016.0,-2.4198501110076904
6474687488.0,-2.43599009513855
6475624960.0,-2.451927661895752
6476562432.0,-2.472608804702759
6477499904.0,-2.4935967922210693
6478437376.0,-2.5167043209075928
6479374848.0,-2.5400936603546143
6480312320.0,-2.5637502670288086
6481249792.0,-2.591902017593384
6482187264.0,-2.618406295776367
6483125248.0,-2.647712469100952
6484062720.0,-2.6798431873321533
6485000192.0,-2.7816827297210693
6485937664.0,-2.804795980453491
6486875136.0,-2.826812982559204
6487812608.0,-2.8504104614257812
6488750080.0,-2.874303102493286
6489687552.0,-2.897587537765503
6490625024.0,-2.920569896697998
6491562496.0,-2.94299054145813
6492499968.0,-2.9668831825256348
6493437440.0,-2.993471384048462
6494374912.0,-3.0203633308410645
6495312384.0,-3.051176071166992
6496249856.0,-3.0814507007598877
6497187328.0,-3.1128597259521484
6498124800.0,-3.142606735229492
6499062272.0,-3.1752214431762695
6499999744.0,-3.2066116333007812
6500937728.0,-3.238826036453247
6501875200.0,-3.2685086727142334
6502812672.0,-3.296334981918335
6503750144.0,-3.3209633827209473
6504687616.0,-3.3459084033966064
6505625088.0,-3.3678603172302246
6506562560.0,-3.389103889465332
6507500032.0,-3.4096179008483887
6508437504.0,-3.4301116466522217
6509374976.0,-3.4531936645507812
6510312448.0,-3.4804210662841797
6511249920.0,-3.510143756866455
6512187392.0,-3.542128324508667
6513124864.0,-3.573387622833252
6514062336.0,-3.607478380203247
6514999808.0,-3.641801595687866
6515937280.0,-3.675368309020996
6516874752.0,-3.7106287479400635
6517812736.0,-3.743868827819824
6518750208.0,-3.781100034713745
6519687680.0,-3.8185596466064453
6520625152.0,-3.8550682067871094
6521562624.0,-3.892224073410034
6522500096.0,-3.925941228866577
6523437568.0,-3.959667921066284
6524375040.0,-3.994788408279419
6525312512.0,-4.033362865447998
6526249984.0,-4.074379920959473
6527187456.0,-4.116621017456055
6528124928.0,-4.159209728240967
6529062400.0,-4.204176425933838
6529999872.0,-4.24862003326416
6530937344.0,-4.292160987854004
6531874816.0,-4.333676338195801
6532812288.0,-4.375704288482666
6533749760.0,-4.417293071746826
6534687744.0,-4.458907127380371
6535625216.0,-4.505295276641846
6536562688.0,-4.551878452301025
6537500160.0,-4.5994768142700195
6538437632.0,-4.6490702629089355
6539375104.0,-4.699117183685303
6540312576.0,-4.7485737800598145
6541250048.0,-4.795767784118652
6542187520.0,-4.842459201812744
6543124992.0,-4.890088081359863
6544062464.0,-4.937073707580566
6544999936.0,-4.974384307861328
6545937408.0,-5.022502899169922
6546874880.0,-5.069770812988281
6547812352.0,-5.117866516113281
6548749824.0,-5.163700103759766
6549687296.0,-5.207032680511475
6550624768.0,-5.250949382781982
6551562752.0,-5.295539855957031
6552500224.0,-5.340358734130859
6553437696.0,-5.387185096740723
6554375168.0,-5.432154655456543
6555312640.0,-5.478891849517822
6556250112.0,-5.527770519256592
6557187584.0,-5.577852725982666
6558125056.0,-5.627625942230225
6559062528.0,-5.680878162384033
6560000000.0,-5.734028339385986
6560937472.0,-5.789840221405029
6561874944.0,-5.848065376281738
6562812416.0,-5.908291339874268
6563749888.0,-5.97015905380249
6564687360.0,-6.031704902648926
6565624832.0,-6.094231605529785
6566562304.0,-6.154985427856445
6567499776.0,-6.215072154998779
6568437248.0,-6.274527072906494
6569375232.0,-6.336494445800781
6570312704.0,-6.402143478393555
6571250176.0,-6.467366695404053
6572187648.0,-6.535405158996582
6573125120.0,-6.601647853851318
6574062592.0,-6.669175624847412
6575000064.0,-6.734210968017578
6575937536.0,-6.801764011383057
6576875008.0,-6.874391078948975
6577812480.0,-6.955334663391113
6578749952.0,-7.043380260467529
6579687424.0,-7.138469696044922
6580624896.0,-7.236447334289551
6581562368.0,-7.332508563995361
6582499840.0,-7.429557800292969
6583437312.0,-7.525053024291992
6584374784.0,-7.619935035705566
6585312256.0,-7.714445114135742
6586250240.0,-7.807382106781006
6587187712.0,-7.900211334228516
6588125184.0,-7.990833282470703
6589062656.0,-8.083026885986328
6590000128.0,-8.176432609558105
6590937600.0,-8.275230407714844
6591875072.0,-8.375473022460938
6592812544.0,-8.480997085571289
6593750016.0,-8.584407806396484
6594687488.0,-8.688287734985352
6595624960.0,-8.792571067810059
6596562432.0,-8.90208625793457
6597499904.0,-9.014641761779785
6598437376.0,-9.133200645446777
6599374848.0,-9.257433891296387
6600312320.0,-9.379966735839844
6601249792.0,-9.502018928527832
6602187264.0,-9.625690460205078
6603125248.0,-9.743780136108398
6604062720.0,-9.854430198669434
6605000192.0,-9.954524993896484
6605937664.0,-10.05214786529541
6606875136.0,-10.145644187927246
6607812608.0,-10.234835624694824
6608750080.0,-10.319147109985352
6609687552.0,-10.40610408782959
6610625024.0,-10.492932319641113
6611562496.0,-10.5849609375
6612499968.0,-10.669672012329102
6613437440.0,-10.753600120544434
6614374912.0,-10.830536842346191
6615312384.0,-10.901508331298828
6616249856.0,-10.97189998626709
6617187328.0,-11.041350364685059
6618124800.0,-11.112645149230957
6619062272.0,-11.18348503112793
6620000256.0,-11.252650260925293
6620937728.0,-11.316425323486328
6621875200.0,-11.375423431396484
6622812672.0,-11.429415702819824
6623750144.0,-11.47391414642334
6624687616.0,-11.511767387390137
6625625088.0,-11.544427871704102
6626562560.0,-11.574653625488281
6627500032.0,-11.597695350646973
6628437504.0,-11.616802215576172
6629374976.0,-11.624367713928223
6630312448.0,-11.62443733215332
6631249920.0,-11.623849868774414
6632187392.0,-11.623560905456543
6633124864.0,-11.631739616394043
6634062336.0,-11.639246940612793
6634999808.0,-11.647347450256348
6635937280.0,-11.6484375
6636874752.0,-11.641937255859375
6637812736.0,-11.626535415649414
6638750208.0,-11.60560131072998
6639687680.0,-11.579583168029785
6640625152.0,-11.539153099060059
6641562624.0,-11.491811752319336
6642500096.0,-11.440116882324219
6643437568.0,-11.382156372070312
6644375040.0,-11.322428703308105
6645312512.0,-11.258397102355957
6646249984.0,-11.192739486694336
6647187456.0,-11.127694129943848
6648124928.0,-11.059069633483887
6649062400.0,-10.991118431091309
6649999872.0,-10.914566040039062
6650937344.0,-10.838088989257812
6651874816.0,-10.757698059082031
6652812288.0,-10.676688194274902
6653749760.0,-10.593070983886719
6654687744.0,-10.505043029785156
6655625216.0,-10.41421890258789
6656562688.0,-10.320993423461914
6657500160.0,-10.221863746643066
6658437632.0,-10.11233139038086
6659375104.0,-10.003203392028809
6660312576.0,-9.889370918273926
6661250048.0,-9.769976615905762
6662187520.0,-9.657511711120605
6663124992.0,-9.541363716125488
6664062464.0,-9.426074981689453
6664999936.0,-9.296629905700684
6665937408.0,-9.187668800354004
6666874880.0,-9.078495025634766
6667812352.0,-8.97249984741211
6668749824.0,-8.867030143737793
6669687296.0,-8.765909194946289
6670624768.0,-8.66917610168457
6671562752.0,-8.574115753173828
6672500224.0,-8.477190017700195
6673437696.0,-8.378307342529297
6674375168.0,-8.276854515075684
6675312640.0,-8.175544738769531
6676250112.0,-8.072027206420898
6677187584.0,-7.964288234710693
6678125056.0,-7.856210708618164
6679062528.0,-7.749677658081055
6680000000.0,-7.641612529754639
6680937472.0,-7.544995307922363
6681874944.0,-7.451653957366943
6682812416.0,-7.366230487823486
6683749888.0,-7.283984661102295
6684687360.0,-7.207909107208252
6685624832.0,-7.134215831756592
6686562304.0,-7.065553188323975
6687499776.0,-6.996710300445557
6688437248.0,-6.927628040313721
6689375232.0,-6.862488746643066
6690312704.0,-6.798251152038574
6691250176.0,-6.735008716583252
6692187648.0,-6.6765313148498535
6693125120.0,-6.616063594818115
6694062592.0,-6.55624532699585
6695000064.0,-6.493898868560791
6695937536.0,-6.429699897766113
6696875008.0,-6.367788791656494
6697812480.0,-6.306326389312744
6698749952.0,-6.24949836730957
6699687424.0,-6.195131778717041
6700624896.0,-6.1400580406188965
6701562368.0,-6.084187030792236
6702499840.0,-6.029816150665283
6703437312.0,-5.973655700683594
6704374784.0,-5.915866374969482
6705312256.0,-5.860380172729492
6706250240.0,-5.80667781829834
6707187712.0,-5.755447864532471
6708125184.0,-5.702882289886475
6709062656.0,-5.6485724449157715
6710000128.0,-5.594424247741699
6710937600.0,-5.536766052246094
6711875072.0,-5.479581832885742
6712812544.0,-5.422584056854248
6713750016.0,-5.363161087036133
6714687488.0,-5.305588722229004
6715624960.0,-5.243415355682373
6716562432.0,-5.180552959442139
6717499904.0,-5.115001201629639
6718437376.0,-5.049240589141846
6719374848.0,-4.984486103057861
6720312320.0,-4.918347358703613
6721249792.0,-4.852784633636475
6722187264.0,-4.788465976715088
6723125248.0,-4.725203037261963
6724062720.0,-4.663912296295166
6725000192.0,-4.391066074371338
6725937664.0,-4.317684173583984
6726875136.0,-4.245163440704346
6727812608.0,-4.174466609954834
6728750080.0,-4.106863975524902
6729687552.0,-4.040020942687988
6730625024.0,-3.9755287170410156
6731562496.0,-3.9137301445007324
6732499968.0,-3.8547074794769287
6733437440.0,-3.799990653991699
6734374912.0,-3.7462570667266846
6735312384.0,-3.6953189373016357
6736249856.0,-3.646414279937744
6737187328.0,-3.5996651649475098
6738124800.0,-3.553694009780884
6739062272.0,-3.5101420879364014
6739999744.0,-3.4699742794036865
6740937728.0,-3.4340856075286865
6741875200.0,-3.3995845317840576
6742812672.0,-3.3684253692626953
6743750144.0,-3.337815999984741
6744687616.0,-3.3111305236816406
6745625088.0,-3.283306121826172
6746562560.0,-3.2558846473693848
6747500032.0,-3.230320930480957
6748437504.0,-3.2057881355285645
6749374976.0,-3.1823039054870605
6750312448.0,-3.1606223583221436
6751249920.0,-3.13873553276062
6752187392.0,-3.1167078018188477
6753124864.0,-3.0980007648468018
6754062336.0,-3.081664800643921
6754999808.0,-3.0668656826019287
6755937280.0,-3.051699161529541
6756874752.0,-3.0375254154205322
6757812736.0,-3.0231387615203857
6758750208.0,-3.009108066558838
6759687680.0,-2.994478464126587
6760625152.0,-2.9792439937591553
6761562624.0,-2.9629671573638916
6762500096.0,-2.9464128017425537
6763437568.0,-2.9270336627960205
6764375040.0,-2.9069573879241943
6765312512.0,-2.8850176334381104
6766249984.0,-2.860346794128418
6767187456.0,-2.835834503173828
6768124928.0,-2.8112878799438477
6769062400.0,-2.7830259799957275
6769999872.0,-2.7541451454162598
6770937344.0,-2.7247180938720703
6771874816.0,-2.6923811435699463
6772812288.0,-2.6603784561157227
6773749760.0,-2.6256086826324463
6774687744.0,-2.591137647628784
6775625216.0,-2.5570003986358643
6776562688.0,-2.522768020629883
6777500160.0,-2.4896910190582275
6778437632.0,-2.4601173400878906
6779375104.0,-2.4330592155456543
6780312576.0,-2.4060277938842773
6781250048.0,-2.3779711723327637
6782187520.0,-2.348018169403076
6783124992.0,-2.318215847015381
6784062464.0,-2.2880289554595947
6784999936.0,-2.2632133960723877
6785937408.0,-2.2261147499084473
6786874880.0,-2.192903518676758
6787812352.0,-2.1595969200134277
6788749824.0,-2.1287057399749756
6789687296.0,-2.0998079776763916
6790624768.0,-2.071300745010376
6791562752.0,-2.0443015098571777
6792500224.0,-2.018712043762207
6793437696.0,-1.9940298795700073
6794375168.0,-1.9705649614334106
6795312640.0,-1.9485427141189575
6796250112.0,-1.9289617538452148
6797187584.0,-1.9093718528747559
6798125056.0,-1.8923511505126953
6799062528.0,-1.8764972686767578
6800000000.0,-1.8599363565444946
6800937472.0,-1.8457398414611816
6801874944.0,-1.8324646949768066
6802812416.0,-1.8188130855560303
6803749888.0,-1.8073947429656982
6804687360.0,-1.7964198589324951
6805624832.0,-1.7857192754745483
6806562304.0,-1.7756425142288208
6807499776.0,-1.7651742696762085
6808437248.0,-1.7550289630889893
6809375232.0,-1.7445605993270874
6810312704.0,-1.73499596118927
6811250176.0,-1.7230443954467773
6812187648.0,-1.7122092247009277
6813125120.0,-1.7008662223815918
6814062592.0,-1.6893680095672607
6815000064.0,-1.6756538152694702
6815937536.0,-1.6628109216690063
6816875008.0,-1.6501953601837158
6817812480.0,-1.6366229057312012
6818749952.0,-1.6225863695144653
6819687424.0,-1.6068072319030762
6820624896.0,-1.5917656421661377
6821562368.0,-1.5749521255493164
6822499840.0,-1.5577257871627808
6823437312.0,-1.540310025215149
6824374784.0,-1.5222851037979126
6825312256.0,-1.5024305582046509
6826250240.0,-1.4821345806121826
6827187712.0,-1.4593573808670044
6828125184.0,-1.437734603881836
6829062656.0,-1.4149587154388428
6830000128.0,-1.3922945261001587
6830937600.0,-1.368030309677124
6831875072.0,-1.3447272777557373
6832812544.0,-1.3215742111206055
6833750016.0,-1.298035979270935
6834687488.0,-1.2767149209976196
6835624960.0,-1.2540035247802734
6836562432.0,-1.2331739664077759
6837499904.0,-1.2121731042861938
6838437376.0,-1.1915620565414429
6839374848.0,-1.1727087497711182
6840312320.0,-1.1553633213043213
6841249792.0,-1.1393169164657593
6842187264.0,-1.124642252922058
6843125248.0,-1.1112391948699951
6844062720.0,-1.0996195077896118
6845000192.0,-1.0633050203323364
6845937664.0,-1.0539336204528809
6846875136.0,-1.0456476211547852
6847812608.0,-1.0375243425369263
6848750080.0,-1.0327168703079224
6849687552.0,-1.0288664102554321
6850625024.0,-1.0243229866027832
6851562496.0,-1.0225311517715454
6852499968.0,-1.022312045097351
6853437440.0,-1.0234684944152832
6854374912.0,-1.02474844455719
6855312384.0,-1.025287389755249
6856249856.0,-1.02830171585083
6857187328.0,-1.0328190326690674
6858124800.0,-1.0375888347625732
6859062272.0,-1.0431140661239624
6860000256.0,-1.0501428842544556
6860937728.0,-1.0589828491210938
6861875200.0,-1.06741201877594
6862812672.0,-1.07767915725708
6863750144.0,-1.0876837968826294
6864687616.0,-1.098657488822937
6865625088.0,-1.1098389625549316
6866562560.0,-1.1216285228729248
6867500032.0,-1.1330937147140503
6868437504.0,-1.144060730934143
6869374976.0,-1.1543139219284058
6870312448.0,-1.1645848751068115
6871249920.0,-1.1733835935592651
6872187392.0,-1.1809724569320679
6873124864.0,-1.1871782541275024
6874062336.0,-1.1915862560272217
6874999808.0,-1.1954423189163208
6875937280.0,-1.1961853504180908
6876874752.0,-1.1954888105392456
6877812736.0,-1.1928620338439941
6878750208.0,-1.188291311264038
6879687680.0,-1.1811100244522095
6880625152.0,-1.1706525087356567
6881562624.0,-1.157518744468689
6882500096.0,-1.1423372030258179
6883437568.0,-1.1249722242355347
6884375040.0,-1.1058744192123413
6885312512.0,-1.085693120956421
6886249984.0,-1.063170075416565
6887187456.0,-1.0398776531219482
6888124928.0,-1.0154491662979126
6889062400.0,-0.9886689186096191
6889999872.0,-0.9621291756629944
6890937344.0,-0.9347995519638062
6891874816.0,-0.9068610668182373
6892812288.0,-0.8794218301773071
6893749760.0,-0.850061297416687
6894687744.0,-0.8199735879898071
6895625216.0,-0.7894259691238403
6896562688.0,-0.7599456906318665
6897500160.0,-0.7306820750236511
6898437632.0,-0.702263593673706
6899375104.0,-0.6731685996055603
6900312576.0,-0.6449982523918152
6901250048.0,-0.6184788346290588
6902187520.0,-0.5914093255996704
6903124992.0,-0.5665777325630188
6904062464.0,-0.5434576869010925
6904999936.0,-0.49782711267471313
6905937408.0,-0.4923590123653412
6906874880.0,-0.48800960183143616
6907812352.0,-0.4862435758113861
6908749824.0,-0.4848058819770813
6909687296.0,-0.4843238294124603
6910624768.0,-0.48483920097351074
6911562752.0,-0.4874061942100525
6912500224.0,-0.4912705421447754
6913437696.0,-0.49509933590888977
6914375168.0,-0.5004485249519348
6915312640.0,-0.505631685256958
6916250112.0,-0.5113285183906555
6917187584.0,-0.5188302993774414
6918125056.0,-0.524291455745697
6919062528.0,-0.5320463180541992
6920000000.0,-0.5404630303382874
6920937472.0,-0.5475776195526123
6921874944.0,-0.556361973285675
6922812416.0,-0.5649187564849854
6923749888.0,-0.5733304023742676
6924687360.0,-0.5815041661262512
6925624832.0,-0.5888730883598328
6926562304.0,-0.5966137647628784
6927499776.0,-0.6044325828552246
6928437248.0,-0.6121493577957153
6929375232.0,-0.6185473203659058
6930312704.0,-0.6251333355903625
6931250176.0,-0.6347572207450867
6932187648.0,-0.6440317034721375
6933125120.0,-0.653225839138031
6934062592.0,-0.6606534719467163
6935000064.0,-0.6685454845428467
6935937536.0,-0.6732026934623718
6936875008.0,-0.6801409125328064
6937812480.0,-0.6850079298019409
6938749952.0,-0.6896551847457886
6939687424.0,-0.6927645206451416
6940624896.0,-0.695900022983551
6941562368.0,-0.6975434422492981
6942499840.0,-0.6985869407653809
6943437312.0,-0.6990588903427124
6944374784.0,-0.6992373466491699
6945312256.0,-0.6979334354400635
6946250240.0,-0.6956973671913147
6947187712.0,-0.69223552942276
6948125184.0,-0.689075231552124
6949062656.0,-0.6829490065574646
6950000128.0,-0.6773450970649719
6950937600.0,-0.671401858329773
6951875072.0,-0.6642590165138245
6952812544.0,-0.6548156142234802
6953750016.0,-0.6448050141334534
6954687488.0,-0.6340155005455017
6955624960.0,-0.6221057176589966
6956562432.0,-0.611500084400177
6957499904.0,-0.6019141674041748
6958437376.0,-0.5897750854492188
6959374848.0,-0.5775853991508484
6960312320.0,-0.5642624497413635
6961249792.0,-0.5504437685012817
6962187264.0,-0.5354040265083313
6963125248.0,-0.5198990106582642
6964062720.0,-0.5035090446472168
6965000192.0,-0.4243229329586029
6965937664.0,-0.41518065333366394
6966875136.0,-0.4064735174179077
6967812608.0,-0.3981653153896332
6968750080.0,-0.3892209827899933
6969687552.0,-0.380184531211853
6970625024.0,-0.37296274304389954
6971562496.0,-0.3657592236995697
6972499968.0,-0.35889872908592224
6973437440.0,-0.35203272104263306
6974374912.0,-0.34681037068367004
6975312384.0,-0.3416942358016968
6976249856.0,-0.338618665933609
6977187328.0,-0.3363291919231415
6978124800.0,-0.3344879746437073
6979062272.0,-0.3334946632385254
6979999744.0,-0.3330279290676117
6980937728.0,-0.3344670832157135
6981875200.0,-0.33447161316871643
6982812672.0,-0.33559104800224304
6983750144.0,-0.3384585678577423
6984687616.0,-0.3422069549560547
6985625088.0,-0.3477325141429901
6986562560.0,-0.3541126847267151
6987500032.0,-0.36163896322250366
6988437504.0,-0.36986568570137024
6989374976.0,-0.3795628845691681
6990312448.0,-0.3899211287498474
6991249920.0,-0.40170106291770935
6992187392.0,-0.4137560725212097
6993124864.0,-0.42594873905181885
6994062336.0,-0.4387490749359131
6994999808.0,-0.4520794451236725
6995937280.0,-0.4641222059726715
6996874752.0,-0.47707295417785645
6997812736.0,-0.48961493372917175
6998750208.0,-0.5011754631996155
6999687680.0,-0.5123772621154785
7000625152.0,-0.5236906409263611
7001562624.0,-0.5343600511550903
7002500096.0,-0.5439940690994263
7003437568.0,-0.5526960492134094
7004375040.0,-0.5593576431274414
7005312512.0,-0.5656042098999023
7006249984.0,-0.5699597597122192
7007187456.0,-0.5719078779220581
7008124928.0,-0.5733550190925598
7009062400.0,-0.5733437538146973
7009999872.0,-0.5722201466560364
7010937344.0,-0.5705707669258118
7011874816.0,-0.5658817887306213
7012812288.0,-0.5612823963165283
7013749760.0,-0.5552301406860352
7014687744.0,-0.548652172088623
7015625216.0,-0.5405778884887695
7016562688.0,-0.5327984690666199
7017500160.0,-0.523986279964447
7018437632.0,-0.5149818062782288
7019375104.0,-0.5055922865867615
7020312576.0,-0.49713900685310364
7021250048.0,-0.4870401620864868
7022187520.0,-0.4787742495536804
7023124992.0,-0.46887657046318054
7024062464.0,-0.4605356454849243
7024999936.0,-0.43409302830696106
7025937408.0,-0.42635244131088257
7026874880.0,-0.41821372509002686
7027812352.0,-0.4111226797103882
7028749824.0,-0.40620794892311096
7029687296.0,-0.40105482935905457
7030624768.0,-0.3979257345199585
7031562752.0,-0.3955880403518677
7032500224.0,-0.3950117230415344
7033437696.0,-0.3971887528896332
7034375168.0,-0.40008947253227234
7035312640.0,-0.40324991941452026
7036250112.0,-0.4083152115345001
7037187584.0,-0.4145069420337677
7038125056.0,-0.422184020280838
7039062528.0,-0.4301129877567291
7040000000.0,-0.4400181472301483
7040937472.0,-0.4494141638278961
7041874944.0,-0.4603142738342285
7042812416.0,-0.46983882784843445
7043749888.0,-0.4799448251724243
7044687360.0,-0.4888521134853363
7045624832.0,-0.4979732632637024
7046562304.0,-0.5070093870162964
7047499776.0,-0.5133512616157532
7048437248.0,-0.51926189661026
7049375232.0,-0.5247308015823364
7050312704.0,-0.5273247361183167
7051250176.0,-0.5285176634788513
7052187648.0,-0.5286564826965332
7053125120.0,-0.5273607969284058
7054062592.0,-0.524660587310791
7055000064.0,-0.5193390846252441
7055937536.0,-0.5112926959991455
7056875008.0,-0.501823902130127
7057812480.0,-0.4894002377986908
7058749952.0,-0.4751921594142914
7059687424.0,-0.4580523371696472
7060624896.0,-0.44091394543647766
7061562368.0,-0.42281726002693176
7062499840.0,-0.4020688235759735
7063437312.0,-0.3834528625011444
7064374784.0,-0.3622676432132721
7065312256.0,-0.34159430861473083
7066250240.0,-0.31985288858413696
7067187712.0,-0.2988009452819824
7068125184.0,-0.2772360146045685
7069062656.0,-0.25740909576416016
7070000128.0,-0.23731721937656403
7070937600.0,-0.2175823599100113
7071875072.0,-0.20109204947948456
7072812544.0,-0.1840808093547821
7073750016.0,-0.16826070845127106
7074687488.0,-0.15460942685604095
7075624960.0,-0.14220961928367615
7076562432.0,-0.13153855502605438
7077499904.0,-0.12375790625810623
7078437376.0,-0.1159844696521759
7079374848.0,-0.11240405589342117
7080312320.0,-0.11114319413900375
7081249792.0,-0.11114835739135742
7082187264.0,-0.11429446190595627
7083125248.0,-0.11865342408418655
7084062720.0,-0.1256977915763855
7085000192.0,-0.2774399518966675
7085937664.0,-0.2884455621242523
7086875136.0,-0.3008558750152588
7087812608.0,-0.3146224021911621
7088750080.0,-0.3304571211338043
7089687552.0,-0.34788835048675537
7090625024.0,-0.36795344948768616
7091562496.0,-0.38908153772354126
7092499968.0,-0.4131932854652405
7093437440.0,-0.4389817416667938
7094374912.0,-0.46570783853530884
7095312384.0,-0.49527907371520996
7096249856.0,-0.5249620676040649
7097187328.0,-0.5570453405380249
7098124800.0,-0.5904895663261414
7099062272.0,-0.6234554052352905
7100000256.0,-0.6573530435562134
7100937728.0,-0.6908961534500122
7101875200.0,-0.7250367999076843
7102812672.0,-0.7580905556678772
7103750144.0,-0.7900862693786621
7104687616.0,-0.8188608884811401
7105625088.0,-0.8466284275054932
7106562560.0,-0.8705665469169617
7107500032.0,-0.8931933045387268
7108437504.0,-0.9115844964981079
7109374976.0,-0.9274213314056396
7110312448.0,-0.9379976987838745
7111249920.0,-0.9463696479797363
7112187392.0,-0.9490792751312256
7113124864.0,-0.9476820230484009
7114062336.0,-0.9442349672317505
7114999808.0,-0.9358011484146118
7115937280.0,-0.9228914380073547
7116874752.0,-0.9076582789421082
7117812736.0,-0.8877349495887756
7118750208.0,-0.8655425906181335
7119687680.0,-0.839450478553772
7120625152.0,-0.810859203338623
7121562624.0,-0.7807117700576782
7122500096.0,-0.7488784790039062
7123437568.0,-0.7144171595573425
7124375040.0,-0.678718626499176
7125312512.0,-0.6430065631866455
7126249984.0,-0.6069971919059753
7127187456.0,-0.5698351263999939
7128124928.0,-0.5330893397331238
7129062400.0,-0.4965154528617859
7129999872.0,-0.46195128560066223
7130937344.0,-0.42768338322639465
7131874816.0,-0.3947642147541046
7132812288.0,-0.3627620041370392
7133749760.0,-0.33197563886642456
7134687744.0,-0.30559447407722473
7135625216.0,-0.2789119482040405
7136562688.0,-0.2554548978805542
7137500160.0,-0.2329491376876831
7138437632.0,-0.21253696084022522
7139375104.0,-0.19374887645244598
7140312576.0,-0.17712189257144928
7141250048.0,-0.1624443084001541
7142187520.0,-0.15012316405773163
7143124992.0,-0.13936027884483337
7144062464.0,-0.22304841876029968
7144999936.0,-0.22300559282302856
7145937408.0,-0.22167007625102997
7146874880.0,-0.22256135940551758
7147812352.0,-0.22410498559474945
7148749824.0,-0.2259509563446045
7149687296.0,-0.22919894754886627
7150624768.0,-0.23292246460914612
7151562752.0,-0.23808294534683228
7152500224.0,-0.2459733933210373
7153437696.0,-0.2535703480243683
7154375168.0,-0.26390454173088074
7155312640.0,-0.2762231230735779
7156250112.0,-0.29081010818481445
7157187584.0,-0.31018558144569397
7158125056.0,-0.3308009207248688
7159062528.0,-0.3552243709564209
7160000000.0,-0.3818698823451996
7160937472.0,-0.408922404050827
7161874944.0,-0.43380680680274963
7162812416.0,-0.454759418964386
7163749888.0,-0.47206196188926697
7164687360.0,-0.48684054613113403
7165624832.0,-0.4978151023387909
7166562304.0,-0.5063691735267639
7167499776.0,-0.5125933289527893
7168437248.0,-0.5185227990150452
7169375232.0,-0.5213217735290527
7170312704.0,-0.5241918563842773
7171250176.0,-0.5270012021064758
7172187648.0,-0.5303816199302673
7173125120.0,-0.5350466370582581
7174062592.0,-0.5400838851928711
7175000064.0,-0.5475053191184998
7175937536.0,-0.5577517747879028
7176875008.0,-0.5707097053527832
7177812480.0,-0.5848167538642883
7178749952.0,-0.6014441847801208
7179687424.0,-0.6201318502426147
7180624896.0,-0.6393605470657349
7181562368.0,-0.6604411602020264
7182499840.0,-0.683254063129425
7183437312.0,-0.706015944480896
7184374784.0,-0.7268271446228027
7185312256.0,-0.7460552453994751
7186250240.0,-0.7636070251464844
7187187712.0,-0.7793697118759155
7188125184.0,-0.7905566096305847
7189062656.0,-0.7992967963218689
7190000128.0,-0.8044515252113342
7190937600.0,-0.8053725361824036
7191875072.0,-0.8022914528846741
7192812544.0,-0.7955161929130554
7193750016.0,-0.785167396068573
7194687488.0,-0.7708673477172852
7195624960.0,-0.7531532645225525
7196562432.0,-0.7336560487747192
7197499904.0,-0.7103707790374756
7198437376.0,-0.6855016350746155
7199374848.0,-0.6594172120094299
7200312320.0,-0.6329793930053711
7201249792.0,-0.6059129238128662
7202187264.0,-0.5785406827926636
7203125248.0,-0.5535801649093628
7204062720.0,-0.6735078692436218
7205000192.0,-0.6650623679161072
7205937664.0,-0.6560972929000854
7206875136.0,-0.6503238677978516
7207812608.0,-0.6468895673751831
7208750080.0,-0.6453462243080139
7209687552.0,-0.6466208100318909
7210625024.0,-0.650867223739624
7211562496.0,-0.660708487033844
7212499968.0,-0.6727234125137329
7213437440.0,-0.6869091391563416
7214374912.0,-0.7039527297019958
7215312384.0,-0.7217234373092651
7216249856.0,-0.7393485903739929
7217187328.0,-0.7584624290466309
7218124800.0,-0.7802361249923706
7219062272.0,-0.8000757098197937
7219999744.0,-0.8195862174034119
7220937728.0,-0.8390552401542664
7221875200.0,-0.8569145798683167
7222812672.0,-0.8745102882385254
7223750144.0,-0.8925344944000244
7224687616.0,-0.9069064259529114
7225625088.0,-0.9210757613182068
7226562560.0,-0.9320788383483887
7227500032.0,-0.9404791593551636
7228437504.0,-0.9491665363311768
7229374976.0,-0.9548454880714417
7230312448.0,-0.9583268761634827
7231249920.0,-0.960530161857605
7232187392.0,-0.9598053693771362
7233124864.0,-0.9585822820663452
7234062336.0,-0.9559715390205383
7234999808.0,-0.9524579048156738
7235937280.0,-0.948223352432251
7236874752.0,-0.9441674947738647
7237812736.0,-0.9399480819702148
7238750208.0,-0.9343401789665222
7239687680.0,-0.9285317063331604
7240625152.0,-0.9234517812728882
7241562624.0,-0.9179022312164307
7242500096.0,-0.9139681458473206
7243437568.0,-0.9097110033035278
7244375040.0,-0.9079789519309998
7245312512.0,-0.9061570167541504
7246249984.0,-0.9083210229873657
7247187456.0,-0.9105533361434937
7248124928.0,-0.9140947461128235
7249062400.0,-0.9202538132667542
7249999872.0,-0.9282951354980469
7250937344.0,-0.9369297623634338
7251874816.0,-0.9491528272628784
7252812288.0,-0.960229218006134
7253749760.0,-0.9739612340927124
7254687744.0,-0.9885101318359375
7255625216.0,-1.0053107738494873
7256562688.0,-1.0196006298065186
7257500160.0,-1.0366120338439941
7258437632.0,-1.05355703830719
7259375104.0,-1.0701191425323486
7260312576.0,-1.0875555276870728
7261250048.0,-1.1035819053649902
7262187520.0,-1.117861032485962
7263124992.0,-1.1318057775497437
7264062464.0,-1.1603916883468628
7264999936.0,-1.1755900382995605
7265937408.0,-1.1889525651931763
7266874880.0,-1.2045416831970215
7267812352.0,-1.2189854383468628
7268749824.0,-1.234130859375
7269687296.0,-1.2483794689178467
7270624768.0,-1.2614928483963013
7271562752.0,-1.274367094039917
7272500224.0,-1.2846639156341553
7273437696.0,-1.294379472732544
7274375168.0,-1.303711175918579
7275312640.0,-1.3102327585220337
7276250112.0,-1.3171849250793457
7277187584.0,-1.3212335109710693
7278125056.0,-1.3220703601837158
7279062528.0,-1.3199714422225952
7280000000.0,-1.31611967086792
7280937472.0,-1.3110804557800293
7281874944.0,-1.3035757541656494
7282812416.0,-1.292924165725708
7283749888.0,-1.2808514833450317
7284687360.0,-1.2638360261917114
7285624832.0,-1.2469223737716675
7286562304.0,-1.2260656356811523
7287499776.0,-1.2056705951690674
7288437248.0,-1.1822054386138916
7289375232.0,-1.157021164894104
7290312704.0,-1.1302392482757568
7291250176.0,-1.1014432907104492
7292187648.0,-1.0715699195861816
7293125120.0,-1.0402566194534302
7294062592.0,-1.0077857971191406
7295000064.0,-0.9739280939102173
7295937536.0,-0.9397225379943848
7296875008.0,-0.9048784971237183
7297812480.0,-0.8689137101173401
7298749952.0,-0.8337744474411011
7299687424.0,-0.7981575131416321
7300624896.0,-0.7619403600692749
7301562368.0,-0.727200448513031
7302499840.0,-0.6925542950630188
7303437312.0,-0.6585160493850708
7304374784.0,-0.6242859959602356
7305312256.0,-0.591313362121582
7306250240.0,-0.5574473738670349
7307187712.0,-0.525373101234436
7308125184.0,-0.4941045641899109
7309062656.0,-0.4646652042865753
7310000128.0,-0.4369048476219177
7310937600.0,-0.40768998861312866
7311875072.0,-0.3822256028652191
7312812544.0,-0.3585534989833832
7313750016.0,-0.3389420211315155
7314687488.0,-0.32036858797073364
7315624960.0,-0.30370205640792847
7316562432.0,-0.2879750430583954
7317499904.0,-0.2743523418903351
7318437376.0,-0.26302021741867065
7319374848.0,-0.2522781491279602
7320312320.0,-0.2445705235004425
7321249792.0,-0.23783262073993683
7322187264.0,-0.23376376926898956
7323125248.0,-0.23137032985687256
7324062720.0,-0.39238566160202026
7325000192.0,-0.38978177309036255
7325937664.0,-0.3877004384994507
7326875136.0,-0.3882007598876953
7327812608.0,-0.389492392539978
7328750080.0,-0.3930415213108063
7329687552.0,-0.3991338908672333
7330625024.0,-0.40469634532928467
7331562496.0,-0.4134039580821991
7332499968.0,-0.42166805267333984
7333437440.0,-0.431875616312027
7334374912.0,-0.4413774609565735
7335312384.0,-0.45213210582733154
7336249856.0,-0.46388307213783264
7337187328.0,-0.47508975863456726
7338124800.0,-0.4864717125892639
7339062272.0,-0.4965660572052002
7340000256.0,-0.5062675476074219
7340937728.0,-0.5151137113571167
7341875200.0,-0.5249678492546082
7342812672.0,-0.532230019569397
7343750144.0,-0.538930356502533
7344687616.0,-0.5440685153007507
7345625088.0,-0.5478118062019348
7346562560.0,-0.5507823824882507
7347500032.0,-0.5518586039543152
7348437504.0,-0.5512711405754089
7349374976.0,-0.5496966242790222
7350312448.0,-0.5464791059494019
7351249920.0,-0.5432700514793396
7352187392.0,-0.5369688868522644
7353124864.0,-0.5292916893959045
7354062336.0,-0.5205376148223877
7354999808.0,-0.5111266374588013
7355937280.0,-0.5007781982421875
7356874752.0,-0.4895298480987549
7357812736.0,-0.47719576954841614
7358750208.0,-0.4659758508205414
7359687680.0,-0.45212599635124207
7360625152.0,-0.4382878541946411
7361562624.0,-0.4251387417316437
7362500096.0,-0.4110864996910095
7363437568.0,-0.39619943499565125
7364375040.0,-0.3788248598575592
7365312512.0,-0.3608093857765198
7366249984.0,-0.3432949483394623
7367187456.0,-0.32444944977760315
7368124928.0,-0.3058762550354004
7369062400.0,-0.2879917323589325
7369999872.0,-0.268644243478775
7370937344.0,-0.2497607171535492
7371874816.0,-0.23088321089744568
7372812288.0,-0.21218988299369812
7373749760.0,-0.19250796735286713
7374687744.0,-0.17228363454341888
7375625216.0,-0.15268972516059875
7376562688.0,-0.13289335370063782
7377500160.0,-0.11156424880027771
7378437632.0,-0.09098540991544724
7379375104.0,-0.06948297470808029
7380312576.0,-0.04783066734671593
7381250048.0,-0.02543846145272255
7382187520.0,-0.003014679765328765
7383124992.0,0.018950339406728745
7384062464.0,0.03835313022136688
7384999936.0,0.044688448309898376
7385937408.0,0.05221268907189369
7386874880.0,0.05857144296169281
7387812352.0,0.06539210677146912
7388749824.0,0.07139209657907486
7389687296.0,0.07740677893161774
7390624768.0,0.08251459896564484
7391562752.0,0.08692111074924469
7392500224.0,0.09207068383693695
7393437696.0,0.09765392541885376
7394375168.0,0.10302119702100754
7395312640.0,0.10843182355165482
7396250112.0,0.11488819867372513
7397187584.0,0.11996148526668549
7398125056.0,0.12790974974632263
7399062528.0,0.135023295879364
7400000000.0,0.14294473826885223
7400937472.0,0.15032939612865448
7401874944.0,0.15888625383377075
7402812416.0,0.1666788011789322
7403749888.0,0.17436668276786804
7404687360.0,0.1808404177427292
7405624832.0,0.18667975068092346
7406562304.0,0.19128532707691193
7407499776.0,0.19425444304943085
7408437248.0,0.19564484059810638
7409375232.0,0.19541144371032715
7410312704.0,0.19349482655525208
7411250176.0,0.18805061280727386
7412187648.0,0.18000753223896027
7413125120.0,0.1702583134174347
7414062592.0,0.15724940598011017
7415000064.0,0.14210514724254608
7415937536.0,0.12392884492874146
7416875008.0,0.10389342159032822
7417812480.0,0.08291429281234741
7418749952.0,0.05957787483930588
7419687424.0,0.03525827080011368
7420624896.0,0.009787899442017078
7421562368.0,-0.015355600975453854
7422499840.0,-0.04075629264116287
7423437312.0,-0.06686894595623016
7424374784.0,-0.09222255647182465
7425312256.0,-0.11692982912063599
7426250240.0,-0.13928396999835968
7427187712.0,-0.16324715316295624
7428125184.0,-0.18420729041099548
7429062656.0,-0.20339182019233704
7430000128.0,-0.22282852232456207
7430937600.0,-0.23996096849441528
7431875072.0,-0.2549465596675873
7432812544.0,-0.2693977355957031
7433750016.0,-0.28276410698890686
7434687488.0,-0.2948177456855774
7435624960.0,-0.30522868037223816
7436562432.0,-0.31409382820129395
7437499904.0,-0.32306107878685
7438437376.0,-0.33113470673561096
7439374848.0,-0.33718475699424744
7440312320.0,-0.34121665358543396
7441249792.0,-0.34470856189727783
7442187264.0,-0.3462396562099457
7443125248.0,-0.34748101234436035
7444062720.0,-0.1381409764289856
7445000192.0,-0.1198662668466568
7445937664.0,-0.10391006618738174
7446875136.0,-0.09030976891517639
7447812608.0,-0.07902062684297562
7448750080.0,-0.07014451920986176
7449687552.0,-0.0631638765335083
7450625024.0,-0.05699124559760094
7451562496.0,-0.05381201580166817
7452499968.0,-0.05102763697504997
7453437440.0,-0.047720734030008316
7454374912.0,-0.0462627112865448
7455312384.0,-0.043317943811416626
7456249856.0,-0.04086170345544815
7457187328.0,-0.03914410620927811
7458124800.0,-0.03640907257795334
7459062272.0,-0.031411029398441315
7459999744.0,-0.02703762799501419
7460937728.0,-0.021692022681236267
7461875200.0,-0.01436587329953909
7462812672.0,-0.006721143610775471
7463750144.0,0.001689621014520526
7464687616.0,0.012089631520211697
7465625088.0,0.02235429361462593
7466562560.0,0.0348331518471241
7467500032.0,0.046359237283468246
7468437504.0,0.05802047997713089
7469374976.0,0.0709969773888588
7470312448.0,0.08404672890901566
7471249920.0,0.09699609130620956
7472187392.0,0.10882461071014404
7473124864.0,0.12027331441640854
7474062336.0,0.13198783993721008
7474999808.0,0.1422618180513382
7475937280.0,0.1522991955280304
7476874752.0,0.1614106148481369
7477812736.0,0.1696719378232956
7478750208.0,0.17658096551895142
7479687680.0,0.18156123161315918
7480625152.0,0.18646550178527832
7481562624.0,0.1890447437763214
7482500096.0,0.19061735272407532
7483437568.0,0.19048373401165009
7484375040.0,0.18878763914108276
7485312512.0,0.18580007553100586
7486249984.0,0.18005064129829407
7487187456.0,0.17386800050735474
7488124928.0,0.166178360581398
7489062400.0,0.15671145915985107
7489999872.0,0.14649537205696106
7490937344.0,0.13293235003948212
7491874816.0,0.11732330173254013
7492812288.0,0.10095319151878357
7493749760.0,0.08371365070343018
7494687744.0,0.0652913898229599
7495625216.0,0.04679429158568382
7496562688.0,0.02719217725098133
7497500160.0,0.008819234557449818
7498437632.0,-0.009654052555561066
7499375104.0,-0.028495781123638153
7500312576.0,-0.04573019966483116
7501250048.0,-0.06290221959352493
7502187520.0,-0.07938745617866516
7503124992.0,-0.09589580446481705
7504062464.0,-0.08355964720249176
7504999936.0,-0.09450355917215347
7505937408.0,-0.10439719259738922
7506874880.0,-0.11461810767650604
7507812352.0,-0.12474499642848969
7508749824.0,-0.13423225283622742
7509687296.0,-0.14338208734989166
7510624768.0,-0.15168620645999908
7511562752.0,-0.1603243499994278
7512500224.0,-0.16771984100341797
7513437696.0,-0.1747245341539383
7514375168.0,-0.18026360869407654
7515312640.0,-0.18553102016448975
7516250112.0,-0.19021959602832794
7517187584.0,-0.19493833184242249
7518125056.0,-0.19880948960781097
7519062528.0,-0.20281296968460083
7520000000.0,-0.20374268293380737
7520937472.0,-0.20492006838321686
7521874944.0,-0.20358705520629883
7522812416.0,-0.2029278576374054
7523749888.0,-0.19952985644340515
7524687360.0,-0.19528493285179138
7525624832.0,-0.19130468368530273
7526562304.0,-0.1858319789171219
7527499776.0,-0.17991608381271362
7528437248.0,-0.1722155511379242
7529375232.0,-0.1640072911977768
7530312704.0,-0.15545178949832916
7531250176.0,-0.14469772577285767
7532187648.0,-0.13467824459075928
7533125120.0,-0.12087152153253555
7534062592.0,-0.10958334803581238
7535000064.0,-0.0949304923415184
7535937536.0,-0.08130569010972977
7536875008.0,-0.06578375399112701
7537812480.0,-0.050802890211343765
7538749952.0,-0.03333719074726105
7539687424.0,-0.01662210002541542
7540624896.0,0.0005092542851343751
7541562368.0,0.018772169947624207
7542499840.0,0.039133716374635696
7543437312.0,0.058310359716415405
7544374784.0,0.07889208197593689
7545312256.0,0.09992983192205429
7546250240.0,0.12086331844329834
7547187712.0,0.1409171223640442
7548125184.0,0.16114898025989532
7549062656.0,0.18231870234012604
7550000128.0,0.20249608159065247
7550937600.0,0.2220563441514969
7551875072.0,0.24172954261302948
7552812544.0,0.26137804985046387
7553750016.0,0.27975961565971375
7554687488.0,0.29767245054244995
7555624960.0,0.3142484128475189
7556562432.0,0.3294370174407959
7557499904.0,0.34443530440330505
7558437376.0,0.35714858770370483
7559374848.0,0.3691517114639282
7560312320.0,0.37925660610198975
7561249792.0,0.3883208632469177
7562187264.0,0.3938394784927368
7563125248.0,0.39840230345726013
7564062720.0,0.18015016615390778
7565000192.0,0.18045590817928314
7565937664.0,0.17954126000404358
7566875136.0,0.17786431312561035
7567812608.0,0.17628882825374603
7568750080.0,0.17467011511325836
7569687552.0,0.17168720066547394
7570625024.0,0.16773025691509247
7571562496.0,0.16222743690013885
7572499968.0,0.15664829313755035
7573437440.0,0.1503896564245224
7574374912.0,0.14231319725513458
7575312384.0,0.1332188844680786
7576249856.0,0.12214081734418869
7577187328.0,0.11101210862398148
7578124800.0,0.09829401969909668
7579062272.0,0.08465635776519775
7580000256.0,0.06987864524126053
7580937728.0,0.05469480901956558
7581875200.0,0.038727376610040665
7582812672.0,0.021364349871873856
7583750144.0,0.004021544009447098
7584687616.0,-0.014884216710925102
7585625088.0,-0.033737558871507645
7586562560.0,-0.05301004275679588
7587500032.0,-0.07378402352333069
7588437504.0,-0.09388305991888046
7589374976.0,-0.11351899802684784
7590312448.0,-0.13366910815238953
7591249920.0,-0.1534222513437271
7592187392.0,-0.17405401170253754
7593124864.0,-0.19149209558963776
7594062336.0,-0.21011540293693542
7594999808.0,-0.22754402458667755
7595937280.0,-0.2442830353975296
7596874752.0,-0.26010939478874207
7597812736.0,-0.27380549907684326
7598750208.0,-0.28673845529556274
7599687680.0,-0.2979315519332886
7600625152.0,-0.3084009885787964
7601562624.0,-0.3161748945713043
7602500096.0,-0.32371458411216736
7603437568.0,-0.32717186212539673
7604375040.0,-0.3299865126609802
7605312512.0,-0.3314893841743469
7606249984.0,-0.33067435026168823
7607187456.0,-0.32833153009414673
7608124928.0,-0.32398152351379395
7609062400.0,-0.31600239872932434
7609999872.0,-0.30769339203834534
7610937344.0,-0.29620441794395447
7611874816.0,-0.28240901231765747
7612812288.0,-0.2673794627189636
7613749760.0,-0.2510285973548889
7614687744.0,-0.23200412094593048
7615625216.0,-0.21197307109832764
7616562688.0,-0.19090743362903595
7617500160.0,-0.16760744154453278
7618437632.0,-0.1439400315284729
7619375104.0,-0.11767791211605072
7620312576.0,-0.09107421338558197
7621250048.0,-0.0632782131433487
7622187520.0,-0.03505200147628784
7623124992.0,-0.006446546874940395
7624062464.0,0.019602296873927116
7624999936.0,0.049192607402801514
7625937408.0,0.07645256072282791
7626874880.0,0.10229221731424332
7627812352.0,0.1278582513332367
7628749824.0,0.1526108980178833
7629687296.0,0.17625536024570465
7630624768.0,0.19915097951889038
7631562752.0,0.21921171247959137
7632500224.0,0.23819150030612946
7633437696.0,0.2551632821559906
7634375168.0,0.27010050415992737
7635312640.0,0.28471046686172485
7636250112.0,0.2953043282032013
7637187584.0,0.3045439124107361
7638125056.0,0.311567097902298
7639062528.0,0.3170521557331085
7640000000.0,0.32062798738479614
7640937472.0,0.3208425045013428
7641874944.0,0.32005730271339417
7642812416.0,0.31694716215133667
7643749888.0,0.3116300106048584
7644687360.0,0.30655649304389954
7645624832.0,0.2984448969364166
7646562304.0,0.2893819212913513
7647499776.0,0.2789687514305115
7648437248.0,0.2669163942337036
7649375232.0,0.25238823890686035
7650312704.0,0.23715271055698395
7651250176.0,0.22054244577884674
7652187648.0,0.20198261737823486
7653125120.0,0.1819964349269867
7654062592.0,0.1604921519756317
7655000064.0,0.13837414979934692
7655937536.0,0.11559309810400009
7656875008.0,0.09127649664878845
7657812480.0,0.06611783802509308
7658749952.0,0.04197116941213608
7659687424.0,0.015303107909858227
7660624896.0,-0.010708230547606945
7661562368.0,-0.03762159124016762
7662499840.0,-0.064234659075737
7663437312.0,-0.09101872891187668
7664374784.0,-0.11723607778549194
7665312256.0,-0.14381715655326843
7666250240.0,-0.16779208183288574
7667187712.0,-0.19216085970401764
7668125184.0,-0.213437020778656
7669062656.0,-0.23623457551002502
7670000128.0,-0.25630882382392883
7670937600.0,-0.27528563141822815
7671875072.0,-0.291490375995636
7672812544.0,-0.3077365458011627
7673750016.0,-0.3202144205570221
7674687488.0,-0.3299786448478699
7675624960.0,-0.3375430703163147
7676562432.0,-0.3437449634075165
7677499904.0,-0.3455321788787842
7678437376.0,-0.34753236174583435
7679374848.0,-0.3453502357006073
7680312320.0,-0.3411017656326294
7681249792.0,-0.3340652585029602
7682187264.0,-0.3245964050292969
7683125248.0,-0.31373628973960876
7684062720.0,-0.2918822765350342
7685000192.0,-0.28367310762405396
7685937664.0,-0.2737564742565155
7686875136.0,-0.2607511579990387
7687812608.0,-0.245220348238945
7688750080.0,-0.23067034780979156
7689687552.0,-0.213780015707016
7690625024.0,-0.19585922360420227
7691562496.0,-0.1769127994775772
7692499968.0,-0.1579304039478302
7693437440.0,-0.13794781267642975
7694374912.0,-0.11741072684526443
7695312384.0,-0.09929714351892471
7696249856.0,-0.08187557756900787
7697187328.0,-0.06352159380912781
7698124800.0,-0.046021830290555954
7699062272.0,-0.027488142251968384
7699999744.0,-0.009868867695331573
7700937728.0,0.00814735610038042
7701875200.0,0.02453308366239071
7702812672.0,0.04047970473766327
7703750144.0,0.05493026599287987
7704687616.0,0.06979359686374664
7705625088.0,0.08282231539487839
7706562560.0,0.09580834954977036
7707500032.0,0.10791199654340744
7708437504.0,0.11912517994642258
7709374976.0,0.13056807219982147
7710312448.0,0.1398322433233261
7711249920.0,0.14932556450366974
7712187392.0,0.15895681083202362
7713124864.0,0.1659398376941681
7714062336.0,0.17503103613853455
7714999808.0,0.18138748407363892
7715937280.0,0.1888144612312317
7716874752.0,0.1954503357410431
7717812736.0,0.201222226023674
7718750208.0,0.20691099762916565
7719687680.0,0.21196560561656952
7720625152.0,0.21594803035259247
7721562624.0,0.21959726512432098
7722500096.0,0.22164776921272278
7723437568.0,0.22280001640319824
7724375040.0,0.2253914475440979
7725312512.0,0.22499367594718933
7726249984.0,0.2251790314912796
7727187456.0,0.2231314480304718
7728124928.0,0.22117964923381805
7729062400.0,0.21931295096874237
7729999872.0,0.21517214179039001
7730937344.0,0.2094711810350418
7731874816.0,0.20220786333084106
7732812288.0,0.19438204169273376
7733749760.0,0.18529054522514343
7734687744.0,0.17469632625579834
7735625216.0,0.1625838577747345
7736562688.0,0.149445578455925
7737500160.0,0.13457076251506805
7738437632.0,0.1180751770734787
7739375104.0,0.09941021353006363
7740312576.0,0.0797213762998581
7741250048.0,0.05915088206529617
7742187520.0,0.036555711179971695
7743124992.0,0.012829070910811424
7744062464.0,-0.04156957194209099
7744999936.0,-0.04406283423304558
7745937408.0,-0.047738198190927505
7746874880.0,-0.05359148234128952
7747812352.0,-0.059718988835811615
7748749824.0,-0.06806981563568115
7749687296.0,-0.07672581821680069
7750624768.0,-0.0874393954873085
7751562752.0,-0.09890826046466827
7752500224.0,-0.1119421198964119
7753437696.0,-0.1262548565864563
7754375168.0,-0.1417563557624817
7755312640.0,-0.15834401547908783
7756250112.0,-0.17623716592788696
7757187584.0,-0.1934608370065689
7758125056.0,-0.21233810484409332
7759062528.0,-0.2317207157611847
7760000000.0,-0.2513769567012787
7760937472.0,-0.2708117365837097
7761874944.0,-0.2902578115463257
7762812416.0,-0.3088122010231018
7763749888.0,-0.3262160122394562
7764687360.0,-0.34391695261001587
7765624832.0,-0.35966160893440247
7766562304.0,-0.3758513927459717
7767499776.0,-0.389495849609375
7768437248.0,-0.40287643671035767
7769375232.0,-0.4145251512527466
7770312704.0,-0.4243032932281494
7771250176.0,-0.4328663647174835
7772187648.0,-0.4401529133319855
7773125120.0,-0.44383957982063293
7774062592.0,-0.44749411940574646
7775000064.0,-0.44842255115509033
7775937536.0,-0.44574615359306335
7776875008.0,-0.4412103593349457
7777812480.0,-0.43359026312828064
7778749952.0,-0.4246753454208374
7779687424.0,-0.41059109568595886
7780624896.0,-0.39774712920188904
7781562368.0,-0.3788742423057556
7782499840.0,-0.3602621555328369
7783437312.0,-0.3387320339679718
7784374784.0,-0.3155602514743805
7785312256.0,-0.28987300395965576
7786250240.0,-0.2627646327018738
7787187712.0,-0.23276890814304352
7788125184.0,-0.2022576630115509
7789062656.0,-0.17073774337768555
7790000128.0,-0.13768094778060913
7790937600.0,-0.10487052798271179
7791875072.0,-0.07076434046030045
7792812544.0,-0.036502499133348465
7793750016.0,-0.002480515278875828
7794687488.0,0.03262244537472725
7795624960.0,0.06740548461675644
7796562432.0,0.10032212734222412
7797499904.0,0.13115109503269196
7798437376.0,0.16264966130256653
7799374848.0,0.1909533590078354
7800312320.0,0.2189522087574005
7801249792.0,0.2442702353000641
7802187264.0,0.26771876215934753
7803125248.0,0.2875640392303467
7804062720.0,0.12268167734146118
7805000192.0,0.1360599398612976
7805937664.0,0.14816482365131378
7806875136.0,0.15789538621902466
7807812608.0,0.16711801290512085
7808750080.0,0.17352698743343353
7809687552.0,0.17740537226200104
7810625024.0,0.1806122213602066
7811562496.0,0.18142728507518768
7812499968.0,0.1799577921628952
7813437440.0,0.17599627375602722
7814374912.0,0.169854536652565
7815312384.0,0.1619316190481186
7816249856.0,0.15119963884353638
7817187328.0,0.1384713500738144
7818124800.0,0.12275557219982147
7819062272.0,0.10600949078798294
7820000256.0,0.08776146918535233
7820937728.0,0.0660691112279892
7821875200.0,0.04370594024658203
7822812672.0,0.020340070128440857
7823750144.0,-0.0031807469204068184
7824687616.0,-0.028391167521476746
7825625088.0,-0.05516993999481201
7826562560.0,-0.0823948010802269
7827500032.0,-0.10985100269317627
7828437504.0,-0.1381998509168625
7829374976.0,-0.16661696135997772
7830312448.0,-0.1941727101802826
7831249920.0,-0.2221582680940628
7832187392.0,-0.24963021278381348
7833124864.0,-0.2773476243019104
7834062336.0,-0.3032565414905548
7834999808.0,-0.328569620847702
7835937280.0,-0.3526027798652649
7836874752.0,-0.3740431070327759
7837812736.0,-0.3950639069080353
7838750208.0,-0.41364848613739014
7839687680.0,-0.4317476451396942
7840625152.0,-0.446778804063797
7841562624.0,-0.4600774049758911
7842500096.0,-0.4723627269268036
7843437568.0,-0.4826330840587616
7844375040.0,-0.49052539467811584
7845312512.0,-0.49621647596359253
7846249984.0,-0.49972453713417053
7847187456.0,-0.5019834637641907
7848124928.0,-0.49801260232925415
7849062400.0,-0.49314671754837036
7849999872.0,-0.4867404103279114
7850937344.0,-0.4788365960121155
7851874816.0,-0.4683816134929657
7852812288.0,-0.45757773518562317
7853749760.0,-0.4448169469833374
7854687744.0,-0.43187615275382996
7855625216.0,-0.4170936346054077
7856562688.0,-0.40174809098243713
7857500160.0,-0.3856777250766754
7858437632.0,-0.369723916053772
7859375104.0,-0.352302610874176
7860312576.0,-0.3353259563446045
7861250048.0,-0.316811203956604
7862187520.0,-0.2994178831577301
7863124992.0,-0.2813267707824707
7864062464.0,-0.26357516646385193
7864999936.0,-0.24620752036571503
7865937408.0,-0.2285136729478836
7866874880.0,-0.21017718315124512
7867812352.0,-0.1922098845243454
7868749824.0,-0.17513331770896912
7869687296.0,-0.15523475408554077
7870624768.0,-0.13815665245056152
7871562752.0,-0.12040995806455612
7872500224.0,-0.10281465202569962
7873437696.0,-0.08480961620807648
7874375168.0,-0.06766755878925323
7875312640.0,-0.05048888921737671
7876250112.0,-0.03528018295764923
7877187584.0,-0.02110966667532921
7878125056.0,-0.007965612225234509
7879062528.0,0.004540584981441498
7880000000.0,0.013267590664327145
7880937472.0,0.021308178082108498
7881874944.0,0.026809845119714737
7882812416.0,0.029548268765211105
7883749888.0,0.030681099742650986
7884687360.0,0.028229160234332085
7885624832.0,0.024167539551854134
7886562304.0,0.015770617872476578
7887499776.0,0.005836015567183495
7888437248.0,-0.006392137613147497
7889375232.0,-0.02044464834034443
7890312704.0,-0.03816606476902962
7891250176.0,-0.05701147019863129
7892187648.0,-0.07817861437797546
7893125120.0,-0.10048261284828186
7894062592.0,-0.12365134060382843
7895000064.0,-0.14897340536117554
7895937536.0,-0.17391766607761383
7896875008.0,-0.20063845813274384
7897812480.0,-0.2272299826145172
7898749952.0,-0.25558072328567505
7899687424.0,-0.2838548421859741
7900624896.0,-0.31152716279029846
7901562368.0,-0.33932340145111084
7902499840.0,-0.36638057231903076
7903437312.0,-0.39314621686935425
7904374784.0,-0.41717445850372314
7905312256.0,-0.44057518243789673
7906250240.0,-0.4619557857513428
7907187712.0,-0.48415204882621765
7908125184.0,-0.5037155747413635
7909062656.0,-0.524124026298523
7910000128.0,-0.5413291454315186
7910937600.0,-0.5609602332115173
7911875072.0,-0.5779504179954529
7912812544.0,-0.5949528813362122
7913750016.0,-0.6123517155647278
7914687488.0,-0.6291565299034119
7915624960.0,-0.6470679044723511
7916562432.0,-0.6642876267433167
7917499904.0,-0.6826326251029968
7918437376.0,-0.7002516984939575
7919374848.0,-0.7212467193603516
7920312320.0,-0.739861249923706
7921249792.0,-0.7609541416168213
7922187264.0,-0.7823237180709839
7923125248.0,-0.8041122555732727
7924062720.0,-0.8549268841743469
7925000192.0,-0.8606105446815491
7925937664.0,-0.8661315441131592
7926875136.0,-0.8728405833244324
7927812608.0,-0.8788566589355469
7928750080.0,-0.8840783834457397
7929687552.0,-0.8881383538246155
7930625024.0,-0.8929499387741089
7931562496.0,-0.8974992632865906
7932499968.0,-0.9000629186630249
7933437440.0,-0.9047329425811768
7934374912.0,-0.906919538974762
7935312384.0,-0.9080042839050293
7936249856.0,-0.9087014198303223
7937187328.0,-0.907213568687439
7938124800.0,-0.905150830745697
7939062272.0,-0.9010869264602661
7939999744.0,-0.8958442211151123
7940937728.0,-0.8900768756866455
7941875200.0,-0.8823152780532837
7942812672.0,-0.8734046220779419
7943750144.0,-0.8648607730865479
7944687616.0,-0.8538414835929871
7945625088.0,-0.8407761454582214
7946562560.0,-0.8267367482185364
7947500032.0,-0.8100261092185974
7948437504.0,-0.7923409938812256
7949374976.0,-0.7734706997871399
7950312448.0,-0.7540464997291565
7951249920.0,-0.7318924069404602
7952187392.0,-0.7096009254455566
7953124864.0,-0.6851886510848999
7954062336.0,-0.6598969101905823
7954999808.0,-0.6335859298706055
7955937280.0,-0.6055396199226379
7956874752.0,-0.5767772197723389
7957812736.0,-0.5481837391853333
7958750208.0,-0.5198834538459778
7959687680.0,-0.4898611903190613
7960625152.0,-0.46101799607276917
7961562624.0,-0.4320591688156128
7962500096.0,-0.40419232845306396
7963437568.0,-0.37575763463974
7964375040.0,-0.34817013144493103
7965312512.0,-0.3213338553905487
7966249984.0,-0.29570233821868896
7967187456.0,-0.2715795338153839
7968124928.0,-0.24840834736824036
7969062400.0,-0.22594913840293884
7969999872.0,-0.2060888111591339
7970937344.0,-0.1865304708480835
7971874816.0,-0.1699531525373459
7972812288.0,-0.15515808761119843
7973749760.0,-0.1416318565607071
7974687744.0,-0.13018564879894257
7975625216.0,-0.12164245545864105
7976562688.0,-0.1149885281920433
7977500160.0,-0.10880287736654282
7978437632.0,-0.10636018961668015
7979375104.0,-0.10548263788223267
7980312576.0,-0.10521620512008667
7981250048.0,-0.10777413100004196
7982187520.0,-0.11151931434869766
7983124992.0,-0.11648868024349213
7984062464.0,-0.2443237602710724
7984999936.0,-0.24335697293281555
7985937408.0,-0.2443210929632187
7986874880.0,-0.2465813159942627
7987812352.0,-0.24946251511573792
7988749824.0,-0.2530366778373718
7989687296.0,-0.25676998496055603
7990624768.0,-0.2631482183933258
7991562752.0,-0.2695395052433014
7992500224.0,-0.2762996256351471
7993437696.0,-0.2853185832500458
7994375168.0,-0.2934494912624359
7995312640.0,-0.30271103978157043
7996250112.0,-0.31200936436653137
7997187584.0,-0.3226327896118164
7998125056.0,-0.3329857885837555
7999062528.0,-0.34437474608421326
8000000000.0,-0.3531477451324463
