Frequency (Hz),Measurement
2000000000.0,0.18892639875411987
2000937472.0,0.18165765702724457
2001874944.0,0.17292660474777222
2002812544.0,0.16428138315677643
2003750016.0,0.15394456684589386
2004687488.0,0.1445789784193039
2005624960.0,0.13285386562347412
2006562560.0,0.12094486504793167
2007500032.0,0.10836610943078995
2008437504.0,0.09613589942455292
2009374976.0,0.08196944743394852
2010312448.0,0.0675356313586235
2011250048.0,0.05291357263922691
2012187520.0,0.03942954167723656
2013124992.0,0.02420724928379059
2014062464.0,0.00967541802674532
2015000064.0,-0.004306203220039606
2015937536.0,-0.017974497750401497
2016875008.0,-0.031180189922451973
2017812480.0,-0.04448334127664566
2018749952.0,-0.057450681924819946
2019687552.0,-0.06800035387277603
2020625024.0,-0.07915957272052765
2021562496.0,-0.0893954262137413
2022499968.0,-0.09726455807685852
2023437440.0,-0.10471513122320175
2024375040.0,-0.11030396074056625
2025312512.0,-0.11401113867759705
2026249984.0,-0.1168937161564827
2027187456.0,-0.1183418408036232
2028125056.0,-0.11776679754257202
2029062528.0,-0.11609140783548355
2030000000.0,-0.11185582727193832
2030937472.0,-0.10716085880994797
2031874944.0,-0.10007986426353455
2032812544.0,-0.0931200385093689
2033750016.0,-0.08417204022407532
2034687488.0,-0.07328809052705765
2035624960.0,-0.062211595475673676
2036562560.0,-0.049231406301259995
2037500032.0,-0.036904409527778625
2038437504.0,-0.022249571979045868
2039374976.0,-0.009584740735590458
2040312448.0,0.004908890929073095
2041250048.0,0.01960291527211666
2042187520.0,0.033177562057971954
2043124992.0,0.04692766070365906
2044062464.0,0.061510439962148666
2044999936.0,0.07459721714258194
2045937536.0,0.08634988218545914
2046875008.0,0.0970856323838234
2047812480.0,0.10788381099700928
2048749952.0,0.10460438579320908
2049687552.0,0.11332942545413971
2050625024.0,0.12019936740398407
2051562496.0,0.12642495334148407
2052499968.0,0.12923185527324677
2053437440.0,0.1314648985862732
2054375040.0,0.1318165808916092
2055312512.0,0.12940287590026855
2056249984.0,0.1251964420080185
2057187456.0,0.11876880377531052
2058125056.0,0.1102144867181778
2059062528.0,0.09978600591421127
2060000000.0,0.08801202476024628
2060937472.0,0.07411757111549377
2061874944.0,0.05950921028852463
2062812544.0,0.042412929236888885
2063750016.0,0.02703183889389038
2064687488.0,0.009483160451054573
2065624960.0,-0.008007864467799664
2066562560.0,-0.025711527094244957
2067500032.0,-0.04206222668290138
2068437504.0,-0.058015547692775726
2069374976.0,-0.07353050261735916
2070312448.0,-0.08772251754999161
2071250048.0,-0.10076400637626648
2072187520.0,-0.11197436600923538
2073124992.0,-0.12033839523792267
2074062464.0,-0.1287584900856018
2075000064.0,-0.13337892293930054
2075937536.0,-0.13667094707489014
2076875008.0,-0.13753452897071838
2077812480.0,-0.1375085413455963
2078749952.0,-0.13452982902526855
2079687552.0,-0.13017778098583221
2080625024.0,-0.12253198772668839
2081562496.0,-0.11409945040941238
2082499968.0,-0.10517528653144836
2083437440.0,-0.0956740751862526
2084375040.0,-0.08383409678936005
2085312512.0,-0.0730213075876236
2086249984.0,-0.05993449687957764
2087187456.0,-0.04743693023920059
2088125056.0,-0.03575736656785011
2089062528.0,-0.023357821628451347
2090000000.0,-0.0119095453992486
2090937472.0,-0.0010727207409217954
2091874944.0,0.009726498275995255
2092812544.0,0.019491853192448616
2093750016.0,0.028729310259222984
2094687488.0,0.03591693937778473
2095624960.0,0.043535731732845306
2096562560.0,0.049444712698459625
2097500032.0,0.054920922964811325
2098437504.0,0.059632424265146255
2099374976.0,0.06371092796325684
2100312448.0,0.06879793107509613
2101250048.0,0.07268273085355759
2102187520.0,0.07639506459236145
2103124992.0,0.07982055842876434
2104062464.0,0.08513174206018448
2104999936.0,0.08911148458719254
2105937536.0,0.09390377998352051
2106875008.0,0.0979917123913765
2107812480.0,0.10172642767429352
2108749952.0,0.1323155015707016
2109687552.0,0.13797762989997864
2110625024.0,0.1430758833885193
2111562496.0,0.14864662289619446
2112499968.0,0.15206733345985413
2113437440.0,0.1551951915025711
2114375040.0,0.15756303071975708
2115312512.0,0.15732567012310028
2116249984.0,0.15651950240135193
2117187456.0,0.1546860933303833
2118125056.0,0.15166355669498444
2119062528.0,0.1474941223859787
2120000000.0,0.14135859906673431
2120937472.0,0.13366387784481049
2121874944.0,0.12564827501773834
2122812544.0,0.11631836742162704
2123750016.0,0.10465701669454575
2124687488.0,0.09427742660045624
2125624960.0,0.08135378360748291
2126562560.0,0.06820367276668549
2127500032.0,0.05501049384474754
2128437504.0,0.04221626743674278
2129374976.0,0.02941630408167839
2130312448.0,0.016297034919261932
2131250048.0,0.00351317273452878
2132187520.0,-0.008903739042580128
2133124992.0,-0.020865660160779953
2134062464.0,-0.032035406678915024
2135000064.0,-0.04264989495277405
2135937536.0,-0.05072884261608124
2136875008.0,-0.058627787977457047
2137812480.0,-0.0652782991528511
2138749952.0,-0.07027401030063629
2139687552.0,-0.07352016866207123
2140625024.0,-0.0755993202328682
2141562496.0,-0.07597008347511292
2142499968.0,-0.07632163912057877
2143437440.0,-0.07461240142583847
2144375040.0,-0.07265128940343857
2145312512.0,-0.06688757240772247
2146249984.0,-0.06123607978224754
2147187456.0,-0.055010851472616196
2148124928.0,-0.04705178365111351
2149062400.0,-0.03885665163397789
2150000128.0,-0.02987723983824253
2150937600.0,-0.020330384373664856
2151875072.0,-0.011977170594036579
2152812544.0,-0.0026185368187725544
2153750016.0,0.007573086302727461
2154687488.0,0.01615934632718563
2155624960.0,0.024992885068058968
2156562432.0,0.03380388393998146
2157499904.0,0.04168957099318504
2158437376.0,0.04960494115948677
2159375104.0,0.05619235336780548
2160312576.0,0.06182101368904114
2161250048.0,0.06689711660146713
2162187520.0,0.07201897352933884
2163124992.0,0.07644429802894592
2164062464.0,0.07872072607278824
2164999936.0,0.08189327269792557
2165937408.0,0.08330736309289932
2166874880.0,0.08573301136493683
2167812608.0,0.08679085224866867
2168750080.0,0.15845605731010437
2169687552.0,0.15963421761989594
2170625024.0,0.15865106880664825
2171562496.0,0.15638916194438934
2172499968.0,0.1516352891921997
2173437440.0,0.14587906002998352
2174374912.0,0.13901929557323456
2175312384.0,0.1308722347021103
2176250112.0,0.1217150017619133
2177187584.0,0.11055973172187805
2178125056.0,0.09912467747926712
2179062528.0,0.08729907870292664
2180000000.0,0.07393825054168701
2180937472.0,0.06091823801398277
2181874944.0,0.047023843973875046
2182812416.0,0.033370595425367355
2183749888.0,0.02038392424583435
2184687616.0,0.005747176706790924
2185625088.0,-0.007294147275388241
2186562560.0,-0.019837887957692146
2187500032.0,-0.03221329301595688
2188437504.0,-0.044579531997442245
2189374976.0,-0.05632539838552475
2190312448.0,-0.06653373688459396
2191249920.0,-0.07673823833465576
2192187392.0,-0.08431551605463028
2193125120.0,-0.09270954132080078
2194062592.0,-0.0989711806178093
2195000064.0,-0.10485025495290756
2195937536.0,-0.10943683981895447
2196875008.0,-0.11356230825185776
2197812480.0,-0.11660812795162201
2198749952.0,-0.11860692501068115
2199687424.0,-0.1196993961930275
2200624896.0,-0.12037680298089981
2201562624.0,-0.1195066049695015
2202500096.0,-0.11812232434749603
2203437568.0,-0.11570531874895096
2204375040.0,-0.11395585536956787
2205312512.0,-0.11191864311695099
2206249984.0,-0.10754545778036118
2207187456.0,-0.10375004261732101
2208124928.0,-0.09920426458120346
2209062400.0,-0.09365134686231613
2209999872.0,-0.08908385038375854
2210937600.0,-0.08257759362459183
2211875072.0,-0.07617215067148209
2212812544.0,-0.06861444562673569
2213750016.0,-0.06287405639886856
2214687488.0,-0.05497482791543007
2215624960.0,-0.04685593396425247
2216562432.0,-0.03800857812166214
2217499904.0,-0.0299649927765131
2218437376.0,-0.021174713969230652
2219375104.0,-0.012335538864135742
2220312576.0,-0.0033271154388785362
2221250048.0,0.006710506975650787
2222187520.0,0.014954146929085255
2223124992.0,0.025307971984148026
2224062464.0,0.035514622926712036
2224999936.0,0.04553107172250748
2225937408.0,0.05546193569898605
2226874880.0,0.06601808220148087
2227812608.0,0.07534884661436081
2228750080.0,0.0810779258608818
2229687552.0,0.08988285809755325
2230625024.0,0.09776338189840317
2231562496.0,0.10574698448181152
2232499968.0,0.11184386909008026
2233437440.0,0.11809852719306946
2234374912.0,0.12319724261760712
2235312384.0,0.1264190524816513
2236250112.0,0.12699145078659058
2237187584.0,0.12610840797424316
2238125056.0,0.1239803209900856
2239062528.0,0.11965520679950714
2240000000.0,0.11306481808423996
2240937472.0,0.10612177848815918
2241874944.0,0.09834300726652145
2242812416.0,0.08857583999633789
2243749888.0,0.07825902849435806
2244687616.0,0.06748218089342117
2245625088.0,0.05460366979241371
2246562560.0,0.040777016431093216
2247500032.0,0.026828357949852943
2248437504.0,0.01182694174349308
2249374976.0,-0.004889108240604401
2250312448.0,-0.021542351692914963
2251249920.0,-0.03932557255029678
2252187392.0,-0.05775371193885803
2253125120.0,-0.07719395309686661
2254062592.0,-0.09664804488420486
2255000064.0,-0.11566457152366638
2255937536.0,-0.13591912388801575
2256875008.0,-0.15591058135032654
2257812480.0,-0.17550140619277954
2258749952.0,-0.19540035724639893
2259687424.0,-0.2145886868238449
2260624896.0,-0.23318929970264435
2261562624.0,-0.25122812390327454
2262500096.0,-0.26912668347358704
2263437568.0,-0.28566068410873413
2264375040.0,-0.30082759261131287
2265312512.0,-0.3152315020561218
2266249984.0,-0.3280697464942932
2267187456.0,-0.34013789892196655
2268124928.0,-0.35119569301605225
2269062400.0,-0.3596099019050598
2270000128.0,-0.3670620024204254
2270937600.0,-0.3729846775531769
2271875072.0,-0.37702807784080505
2272812544.0,-0.3780166506767273
2273750016.0,-0.37936320900917053
2274687488.0,-0.3793865740299225
2275624960.0,-0.3778301477432251
2276562432.0,-0.3748508393764496
2277499904.0,-0.3690777122974396
2278437376.0,-0.36406221985816956
2279375104.0,-0.35761895775794983
2280312576.0,-0.3492966592311859
2281250048.0,-0.34056946635246277
2282187520.0,-0.3314691483974457
2283124992.0,-0.32074400782585144
2284062464.0,-0.30985820293426514
2284999936.0,-0.29952508211135864
2285937408.0,-0.2888588607311249
2286874880.0,-0.27891603112220764
2287812608.0,-0.26890602707862854
2288750080.0,-0.2831616699695587
2289687552.0,-0.2862142324447632
2290625024.0,-0.2886899709701538
2291562496.0,-0.2919410169124603
2292499968.0,-0.29536324739456177
2293437440.0,-0.29855450987815857
2294374912.0,-0.3031638562679291
2295312384.0,-0.3081657886505127
2296250112.0,-0.31427574157714844
2297187584.0,-0.3216683268547058
2298125056.0,-0.3303995728492737
2299062528.0,-0.34025198221206665
2300000000.0,-0.35273489356040955
2300937472.0,-0.3661240041255951
2301874944.0,-0.3812362253665924
2302812416.0,-0.39869242906570435
2303749888.0,-0.41919445991516113
2304687616.0,-0.4411601126194
2305625088.0,-0.4664511978626251
2306562560.0,-0.493215411901474
2307500032.0,-0.5232909321784973
2308437504.0,-0.5545930862426758
2309374976.0,-0.5860133767127991
2310312448.0,-0.6128501892089844
2311249920.0,-0.6389709115028381
2312187392.0,-0.6671733260154724
2313125120.0,-0.6971731781959534
2314062592.0,-0.7270147204399109
2315000064.0,-0.7587539553642273
2315937536.0,-0.7915834188461304
2316875008.0,-0.8251689672470093
2317812480.0,-0.8589141964912415
2318749952.0,-0.893455445766449
2319687424.0,-0.9263267517089844
2320624896.0,-0.9594752788543701
2321562624.0,-0.9919275641441345
2322500096.0,-1.0217723846435547
2323437568.0,-1.0498279333114624
2324375040.0,-1.0757430791854858
2325312512.0,-1.1001261472702026
2326249984.0,-1.1226836442947388
2327187456.0,-1.1419477462768555
2328124928.0,-1.160842776298523
2329062400.0,-1.176764965057373
2329999872.0,-1.1898552179336548
2330937600.0,-1.2007980346679688
2331875072.0,-1.2096412181854248
2332812544.0,-1.2155097723007202
2333750016.0,-1.2185364961624146
2334687488.0,-1.2188043594360352
2335624960.0,-1.2177789211273193
2336562432.0,-1.213091492652893
2337499904.0,-1.2066835165023804
2338437376.0,-1.198011040687561
2339375104.0,-1.1884136199951172
2340312576.0,-1.176235556602478
2341250048.0,-1.1627404689788818
2342187520.0,-1.1480939388275146
2343124992.0,-1.1327486038208008
2344062464.0,-1.1164636611938477
2344999936.0,-1.0993350744247437
2345937408.0,-1.0828499794006348
2346874880.0,-1.0649209022521973
2347812608.0,-1.0493297576904297
2348750080.0,-1.0201146602630615
2349687552.0,-1.0085346698760986
2350625024.0,-0.998458743095398
2351562496.0,-0.9879255890846252
2352499968.0,-0.9787282347679138
2353437440.0,-0.9701071381568909
2354374912.0,-0.961409330368042
2355312384.0,-0.9550169110298157
2356250112.0,-0.949624240398407
2357187584.0,-0.9446154236793518
2358125056.0,-0.9420739412307739
2359062528.0,-0.9400137066841125
2360000000.0,-0.9393576979637146
2360937472.0,-0.9405521154403687
2361874944.0,-0.9424216747283936
2362812416.0,-0.9476625919342041
2363749888.0,-0.9532871246337891
2364687616.0,-0.961249828338623
2365625088.0,-0.9699656963348389
2366562560.0,-0.9805925488471985
2367500032.0,-0.9912246465682983
2368437504.0,-1.002952218055725
2369374976.0,-1.0151221752166748
2370312448.0,-1.0281982421875
2371249920.0,-1.0389219522476196
2372187392.0,-1.0490657091140747
2373125120.0,-1.05829656124115
2374062592.0,-1.066278338432312
2375000064.0,-1.0715374946594238
2375937536.0,-1.0747491121292114
2376875008.0,-1.074472188949585
2377812480.0,-1.0709279775619507
2378749952.0,-1.0648472309112549
2379687424.0,-1.0553357601165771
2380624896.0,-1.041690468788147
2381562624.0,-1.0251818895339966
2382500096.0,-1.005142331123352
2383437568.0,-0.9823319911956787
2384375040.0,-0.9565404653549194
2385312512.0,-0.9280964732170105
2386249984.0,-0.8990479707717896
2387187456.0,-0.8673027753829956
2388124928.0,-0.8336060643196106
2389062400.0,-0.798478364944458
2390000128.0,-0.7640928626060486
2390937600.0,-0.7294359803199768
2391875072.0,-0.6944096088409424
2392812544.0,-0.6596425175666809
2393750016.0,-0.6252886056900024
2394687488.0,-0.5920456051826477
2395624960.0,-0.5600531101226807
2396562432.0,-0.5284209251403809
2397499904.0,-0.4976808428764343
2398437376.0,-0.46848103404045105
2399375104.0,-0.4398694336414337
2400312576.0,-0.41161981225013733
2401250048.0,-0.38474443554878235
2402187520.0,-0.3583984971046448
2403124992.0,-0.33296361565589905
2404062464.0,-0.307708203792572
2404999936.0,-0.2841666042804718
2405937408.0,-0.2605399191379547
2406874880.0,-0.2374279797077179
2407812608.0,-0.21476122736930847
2408750080.0,-0.1422024965286255
2409687552.0,-0.12089701741933823
2410625024.0,-0.10051726549863815
2411562496.0,-0.08049601316452026
2412499968.0,-0.06380726397037506
2413437440.0,-0.04905647411942482
2414374912.0,-0.03612265735864639
2415312384.0,-0.025269614532589912
2416250112.0,-0.018421178683638573
2417187584.0,-0.013988673686981201
2418125056.0,-0.013130907900631428
2419062528.0,-0.015244675800204277
2420000000.0,-0.021469395607709885
2420937472.0,-0.0299142487347126
2421874944.0,-0.041743677109479904
2422812416.0,-0.05689551308751106
2423749888.0,-0.07427159696817398
2424687616.0,-0.09542495012283325
2425625088.0,-0.11900212615728378
2426562560.0,-0.14386622607707977
2427500032.0,-0.1714036613702774
2428437504.0,-0.19983893632888794
2429374976.0,-0.22863532602787018
2430312448.0,-0.2584347128868103
2431249920.0,-0.2890182137489319
2432187392.0,-0.31787168979644775
2433125120.0,-0.3456946015357971
2434062592.0,-0.37204936146736145
2435000064.0,-0.3966961205005646
2435937536.0,-0.418541818857193
2436875008.0,-0.4373975992202759
2437812480.0,-0.45380187034606934
2438749952.0,-0.4658108949661255
2439687424.0,-0.4750516712665558
2440624896.0,-0.48090773820877075
2441562624.0,-0.4823129177093506
2442500096.0,-0.4817427396774292
2443437568.0,-0.4763445556163788
2444375040.0,-0.4674284756183624
2445312512.0,-0.4550307095050812
2446249984.0,-0.43988531827926636
2447187456.0,-0.4203486442565918
2448124928.0,-0.3983546495437622
2449062400.0,-0.3737465441226959
2449999872.0,-0.34741050004959106
2450937600.0,-0.31880810856819153
2451875072.0,-0.28891605138778687
2452812544.0,-0.2569100856781006
2453750016.0,-0.22491592168807983
2454687488.0,-0.19225522875785828
2455624960.0,-0.15853163599967957
2456562432.0,-0.1254722774028778
2457499904.0,-0.09208755195140839
2458437376.0,-0.05949857085943222
2459375104.0,-0.02737700194120407
2460312576.0,0.004503930453211069
2461250048.0,0.034603726118803024
2462187520.0,0.06382983177900314
2463124992.0,0.09286753833293915
2464062464.0,0.11925999075174332
2464999936.0,0.1447196751832962
2465937408.0,0.1695043444633484
2466874880.0,0.19140765070915222
2467812608.0,0.2127760946750641
2468750080.0,0.1226835697889328
2469687552.0,0.13646820187568665
2470625024.0,0.15299546718597412
2471562496.0,0.1658022552728653
2472499968.0,0.17676325142383575
2473437440.0,0.1862204372882843
2474374912.0,0.19291192293167114
2475312384.0,0.19846077263355255
2476250112.0,0.20231099426746368
2477187584.0,0.20412206649780273
2478125056.0,0.20381131768226624
2479062528.0,0.20193512737751007
2480000000.0,0.1981058418750763
2480937472.0,0.1914297193288803
2481874944.0,0.18359751999378204
2482812416.0,0.1734076291322708
2483749888.0,0.16145041584968567
2484687616.0,0.14851975440979004
2485625088.0,0.13415169715881348
2486562560.0,0.11766130477190018
2487500032.0,0.09931398183107376
2488437504.0,0.07990529388189316
2489374976.0,0.06102369725704193
2490312448.0,0.04076729342341423
2491249920.0,0.019786393269896507
2492187392.0,-0.0013839148450642824
2493125120.0,-0.022307705134153366
2494062592.0,-0.04252327233552933
2495000064.0,-0.06269396841526031
2495937536.0,-0.08301399648189545
2496875008.0,-0.10136479139328003
2497812480.0,-0.12001210451126099
2498749952.0,-0.13636405766010284
2499687424.0,-0.15081262588500977
2500624896.0,-0.16387256979942322
2501562624.0,-0.1754475235939026
2502500096.0,-0.18576714396476746
2503437568.0,-0.19300653040409088
2504375040.0,-0.19832096993923187
2505312512.0,-0.20352967083454132
2506249984.0,-0.20534652471542358
2507187456.0,-0.2062194049358368
2508124928.0,-0.20411467552185059
2509062400.0,-0.19933035969734192
2510000128.0,-0.19347237050533295
2510937600.0,-0.18517184257507324
2511875072.0,-0.17539913952350616
2512812544.0,-0.16452963650226593
2513750016.0,-0.15280331671237946
2514687488.0,-0.13780361413955688
2515624960.0,-0.12187675386667252
2516562432.0,-0.10456789284944534
2517499904.0,-0.08815938979387283
2518437376.0,-0.06954172998666763
2519375104.0,-0.049826446920633316
2520312576.0,-0.030680600553750992
2521250048.0,-0.011473516933619976
2522187520.0,0.008309590630233288
2523124992.0,0.02748672105371952
2524062464.0,0.04654602333903313
2524999936.0,0.06427498906850815
2525937408.0,0.08131112903356552
2526874880.0,0.09834744036197662
2527812608.0,0.11341731250286102
2528750080.0,0.16659143567085266
2529687552.0,0.17243802547454834
2530625024.0,0.1773991584777832
2531562496.0,0.18095731735229492
2532499968.0,0.18410226702690125
2533437440.0,0.186578631401062
2534374912.0,0.186709925532341
2535312384.0,0.18686403334140778
2536250112.0,0.18713757395744324
2537187584.0,0.18532198667526245
2538125056.0,0.1827101707458496
2539062528.0,0.1792924702167511
2540000000.0,0.1744314432144165
2540937472.0,0.16841377317905426
2541874944.0,0.161675825715065
2542812416.0,0.1531181037425995
2543749888.0,0.14452333748340607
2544687616.0,0.134599506855011
2545625088.0,0.12314929068088531
2546562560.0,0.11050821840763092
2547500032.0,0.09801317751407623
2548437504.0,0.08440598845481873
2549374976.0,0.06907907873392105
2550312448.0,0.054222222417593
2551249920.0,0.03782578930258751
2552187392.0,0.021957319229841232
2553125120.0,0.005808698013424873
2554062592.0,-0.01064512599259615
2555000064.0,-0.027039777487516403
2555937536.0,-0.04249955713748932
2556875008.0,-0.0583856999874115
2557812480.0,-0.07299371808767319
2558749952.0,-0.08565711230039597
2559687424.0,-0.09854608029127121
2560624896.0,-0.1092904657125473
2561562624.0,-0.11911441385746002
2562500096.0,-0.127513125538826
2563437568.0,-0.13511180877685547
2564375040.0,-0.13899362087249756
2565312512.0,-0.1427108496427536
2566249984.0,-0.1444697380065918
2567187456.0,-0.14293359220027924
2568124928.0,-0.14041768014431
2569062400.0,-0.13603243231773376
2569999872.0,-0.12896253168582916
2570937600.0,-0.12012701481580734
2571875072.0,-0.11079100519418716
2572812544.0,-0.09831757843494415
2573750016.0,-0.084485724568367
2574687488.0,-0.06955348700284958
2575624960.0,-0.05301476642489433
2576562432.0,-0.03545769304037094
2577499904.0,-0.017082856968045235
2578437376.0,0.002041429979726672
2579375104.0,0.02230527251958847
2580312576.0,0.04235556721687317
2581250048.0,0.06198584660887718
2582187520.0,0.08218758553266525
2583124992.0,0.10185716301202774
2584062464.0,0.12098659574985504
2584999936.0,0.1391208916902542
2585937408.0,0.15581317245960236
2586874880.0,0.17096653580665588
2587812608.0,0.18428047001361847
2588750080.0,0.2084580808877945
2589687552.0,0.215976282954216
2590625024.0,0.2210387885570526
2591562496.0,0.22500212490558624
2592499968.0,0.22482527792453766
2593437440.0,0.22328846156597137
2594374912.0,0.21935142576694489
2595312384.0,0.21316049993038177
2596250112.0,0.20496021211147308
2597187584.0,0.19537381827831268
2598125056.0,0.1838781237602234
2599062528.0,0.17027677595615387
2600000000.0,0.15578681230545044
2600937472.0,0.1407112181186676
2601874944.0,0.1253233402967453
2602812416.0,0.10947779566049576
2603749888.0,0.09105082601308823
2604687616.0,0.0744495689868927
2605625088.0,0.056917864829301834
2606562560.0,0.04024864733219147
2607500032.0,0.024909038096666336
2608437504.0,0.008738289587199688
2609374976.0,-0.007058267015963793
2610312448.0,-0.02071468159556389
2611249920.0,-0.03332981467247009
2612187392.0,-0.0449720174074173
2613125120.0,-0.05597510561347008
2614062592.0,-0.06557103246450424
2615000064.0,-0.07415511459112167
2615937536.0,-0.08139433711767197
2616875008.0,-0.0877700224518776
2617812480.0,-0.09242476522922516
2618749952.0,-0.0960795059800148
2619687424.0,-0.0989711731672287
2620624896.0,-0.10005873441696167
2621562624.0,-0.1013166606426239
2622500096.0,-0.10087056457996368
2623437568.0,-0.10030569136142731
2624375040.0,-0.09812137484550476
2625312512.0,-0.09502977877855301
2626249984.0,-0.09212836623191833
2627187456.0,-0.0880008190870285
2628124928.0,-0.08342602103948593
2629062400.0,-0.07861874997615814
2630000128.0,-0.07202453911304474
2630937600.0,-0.06593737751245499
2631875072.0,-0.05923724174499512
2632812544.0,-0.05100078135728836
2633750016.0,-0.04321819171309471
2634687488.0,-0.03354887291789055
2635624960.0,-0.02334255911409855
2636562432.0,-0.013343769125640392
2637499904.0,-0.0021658490877598524
2638437376.0,0.009815776720643044
2639375104.0,0.0221442598849535
2640312576.0,0.035967499017715454
2641250048.0,0.050214555114507675
2642187520.0,0.06492280960083008
2643124992.0,0.08013720065355301
2644062464.0,0.0966883972287178
2644999936.0,0.11326198279857635
2645937408.0,0.12980543076992035
2646874880.0,0.14625394344329834
2647812608.0,0.22114557027816772
2648750080.0,0.23145300149917603
2649687552.0,0.24051585793495178
2650625024.0,0.24804861843585968
2651562496.0,0.25333693623542786
2652499968.0,0.2565208673477173
2653437440.0,0.25628113746643066
2654374912.0,0.2534872889518738
2655312384.0,0.24805273115634918
2656250112.0,0.23925413191318512
2657187584.0,0.20099933445453644
2658125056.0,0.18326342105865479
2659062528.0,0.16252578794956207
2660000000.0,0.1398809850215912
2660937472.0,0.11498570442199707
2661874944.0,0.08928665518760681
2662812416.0,0.06046206131577492
2663749888.0,0.031337469816207886
2664687616.0,0.00211290898732841
2665625088.0,-0.026918085291981697
2666562560.0,-0.05641655623912811
2667500032.0,-0.08524134010076523
2668437504.0,-0.11202813684940338
2669374976.0,-0.13747034966945648
2670312448.0,-0.16174551844596863
2671249920.0,-0.18354390561580658
2672187392.0,-0.2037939578294754
2673125120.0,-0.2194889336824417
2674062592.0,-0.23293493688106537
2675000064.0,-0.24363848567008972
2675937536.0,-0.25095683336257935
2676875008.0,-0.2565915882587433
2677812480.0,-0.2580448389053345
2678749952.0,-0.2561816871166229
2679687424.0,-0.2529095411300659
2680624896.0,-0.2463824450969696
2681562624.0,-0.23639877140522003
2682500096.0,-0.22534336149692535
2683437568.0,-0.21281521022319794
2684375040.0,-0.19748662412166595
2685312512.0,-0.18088948726654053
2686249984.0,-0.16292816400527954
2687187456.0,-0.14373506605625153
2688124928.0,-0.12371047586202621
2689062400.0,-0.1031779870390892
2689999872.0,-0.08286389708518982
2690937600.0,-0.06357195228338242
2691875072.0,-0.04270187392830849
2692812544.0,-0.0226228516548872
2693750016.0,-0.0029530893079936504
2694687488.0,0.016477249562740326
2695624960.0,0.035626061260700226
2696562432.0,0.05430835485458374
2697499904.0,0.07228058576583862
2698437376.0,0.08956220746040344
2699375104.0,0.10720811784267426
2700312576.0,0.12334152311086655
2701250048.0,0.14010247588157654
2702187520.0,0.156064972281456
2703124992.0,0.17130230367183685
2704062464.0,0.18739163875579834
2704999936.0,0.20204928517341614
2705937408.0,0.21567630767822266
2706874880.0,0.2280920147895813
2707812608.0,0.1999443620443344
2708750080.0,0.20608527958393097
2709687552.0,0.21074625849723816
2710625024.0,0.21479283273220062
2711562496.0,0.21640126407146454
2712499968.0,0.21785375475883484
2713437440.0,0.21648195385932922
2714374912.0,0.21598471701145172
2715312384.0,0.21281294524669647
2716250112.0,0.20863494277000427
2717187584.0,0.20241545140743256
2718125056.0,0.19425544142723083
2719062528.0,0.18459539115428925
2720000000.0,0.174958735704422
2720937472.0,0.16310453414916992
2721874944.0,0.14950382709503174
2722812416.0,0.13469916582107544
2723749888.0,0.11982239782810211
2724687616.0,0.10302476584911346
2725625088.0,0.08597731590270996
2726562560.0,0.06771930307149887
2727500032.0,0.0498715378344059
2728437504.0,0.03108123503625393
2729374976.0,0.01151556707918644
2730312448.0,-0.007286812644451857
2731249920.0,-0.026559917256236076
2732187392.0,-0.045539673417806625
2733125120.0,-0.06289975345134735
2734062592.0,-0.08025375008583069
2735000064.0,-0.09798919409513474
2735937536.0,-0.11341641843318939
2736875008.0,-0.12880145013332367
2737812480.0,-0.14211958646774292
2738749952.0,-0.1551409512758255
2739687424.0,-0.16567929089069366
2740624896.0,-0.17413944005966187
2741562624.0,-0.18136392533779144
2742500096.0,-0.1864118129014969
2743437568.0,-0.190311998128891
2744375040.0,-0.19336150586605072
2745312512.0,-0.19305282831192017
2746249984.0,-0.1917712390422821
2747187456.0,-0.18792885541915894
2748124928.0,-0.18256808817386627
2749062400.0,-0.17628732323646545
2750000128.0,-0.1671571135520935
2750937600.0,-0.15661883354187012
2751875072.0,-0.14551934599876404
2752812544.0,-0.13167521357536316
2753750016.0,-0.11732760816812515
2754687488.0,-0.10117192566394806
2755624960.0,-0.0834679827094078
2756562432.0,-0.06616222113370895
2757499904.0,-0.04772379621863365
2758437376.0,-0.029312096536159515
2759375104.0,-0.009518031030893326
2760312576.0,0.01068677008152008
2761250048.0,0.029737310484051704
2762187520.0,0.04859546944499016
2763124992.0,0.06749145686626434
2764062464.0,0.084621861577034
2764999936.0,0.10166285932064056
2765937408.0,0.11669731140136719
2766874880.0,0.1317022144794464
2767812608.0,0.18779505789279938
2768750080.0,0.1865088939666748
2769687552.0,0.18505053222179413
2770625024.0,0.1823747754096985
2771562496.0,0.17885656654834747
2772499968.0,0.1743783801794052
2773437440.0,0.16778936982154846
2774374912.0,0.1613185852766037
2775312384.0,0.1551598459482193
2776250112.0,0.1463465690612793
2777187584.0,0.13832157850265503
2778125056.0,0.12950626015663147
2779062528.0,0.1190747618675232
2780000000.0,0.10866479575634003
2780937472.0,0.09852563589811325
2781874944.0,0.08658451586961746
2782812416.0,0.07370276004076004
2783749888.0,0.062346234917640686
2784687616.0,0.0488060899078846
2785625088.0,0.03580855205655098
2786562560.0,0.022768322378396988
2787500032.0,0.009988770820200443
2788437504.0,-0.003086148062720895
2789374976.0,-0.016092998906970024
2790312448.0,-0.028537603095173836
2791249920.0,-0.04051480069756508
2792187392.0,-0.05183137580752373
2793125120.0,-0.06323911249637604
2794062592.0,-0.07328389585018158
2795000064.0,-0.08306539803743362
2795937536.0,-0.0904775857925415
2796875008.0,-0.09919522702693939
2797812480.0,-0.10502459108829498
2798749952.0,-0.1095053181052208
2799687424.0,-0.11372803896665573
2800624896.0,-0.11584998667240143
2801562624.0,-0.11698172986507416
2802500096.0,-0.11671699583530426
2803437568.0,-0.11435013264417648
2804375040.0,-0.11075716465711594
2805312512.0,-0.10545699298381805
2806249984.0,-0.09857319295406342
2807187456.0,-0.08973849564790726
2808124928.0,-0.07994945347309113
2809062400.0,-0.06978704780340195
2809999872.0,-0.05773567780852318
2810937600.0,-0.04316167160868645
2811875072.0,-0.028978286311030388
2812812544.0,-0.013442077673971653
2813750016.0,0.0028607971034944057
2814687488.0,0.019240718334913254
2815624960.0,0.03579473868012428
2816562432.0,0.05320916324853897
2817499904.0,0.07054531574249268
2818437376.0,0.08739064633846283
2819375104.0,0.10431753098964691
2820312576.0,0.12118569016456604
2821250048.0,0.1362949013710022
2822187520.0,0.15001462399959564
2823124992.0,0.16303285956382751
2824062464.0,0.17482128739356995
2824999936.0,0.18525366485118866
2825937408.0,0.1926923394203186
2826874880.0,0.19946511089801788
2827812608.0,0.2126529961824417
2828750080.0,0.21409426629543304
2829687552.0,0.21405857801437378
2830625024.0,0.21022415161132812
2831562496.0,0.2042182981967926
2832499968.0,0.19566726684570312
2833437440.0,0.18537023663520813
2834374912.0,0.17265866696834564
2835312384.0,0.1586972177028656
2836250112.0,0.14298005402088165
2837187584.0,0.12619918584823608
2838125056.0,0.1068086102604866
2839062528.0,0.08871537446975708
2840000000.0,0.06852085888385773
2840937472.0,0.04875728487968445
2841874944.0,0.02958046831190586
2842812416.0,0.010133103467524052
2843749888.0,-0.008813196793198586
2844687616.0,-0.02645856887102127
2845625088.0,-0.042614229023456573
2846562560.0,-0.0581975132226944
2847500032.0,-0.07295769453048706
2848437504.0,-0.08575721085071564
2849374976.0,-0.09759808331727982
2850312448.0,-0.10517772287130356
2851249920.0,-0.11303336918354034
2852187392.0,-0.11739341169595718
2853125120.0,-0.1213754266500473
2854062592.0,-0.12281139940023422
2855000064.0,-0.12280833721160889
2855937536.0,-0.1206621453166008
2856875008.0,-0.11799496412277222
2857812480.0,-0.1134742796421051
2858749952.0,-0.10690001398324966
2859687424.0,-0.09958399087190628
2860624896.0,-0.09131987392902374
2861562624.0,-0.08226712048053741
2862500096.0,-0.07198373973369598
2863437568.0,-0.061788879334926605
2864375040.0,-0.04938463494181633
2865312512.0,-0.03828898072242737
2866249984.0,-0.02614389732480049
2867187456.0,-0.012618203647434711
2868124928.0,-0.0001883279619505629
2869062400.0,0.012766178697347641
2870000128.0,0.026211680844426155
2870937600.0,0.03794161230325699
2871875072.0,0.05021178722381592
2872812544.0,0.06326247751712799
2873750016.0,0.07558361440896988
2874687488.0,0.08763357996940613
2875624960.0,0.0992080345749855
2876562432.0,0.11190220713615417
2877499904.0,0.12229609489440918
2878437376.0,0.13189420104026794
2879375104.0,0.14267480373382568
2880312576.0,0.15179553627967834
2881250048.0,0.16116438806056976
2882187520.0,0.1686682105064392
2883124992.0,0.17563529312610626
2884062464.0,0.1822376847267151
2884999936.0,0.18748044967651367
2885937408.0,0.1919987052679062
2886874880.0,0.19454820454120636
2887812608.0,0.19748076796531677
2888750080.0,0.19891439378261566
2889687552.0,0.19796715676784515
2890625024.0,0.19705569744110107
2891562496.0,0.19309844076633453
2892499968.0,0.1878497153520584
2893437440.0,0.18157242238521576
2894374912.0,0.17391805350780487
2895312384.0,0.1638253927230835
2896250112.0,0.1519443243741989
2897187584.0,0.13886092603206635
2898125056.0,0.12405632436275482
2899062528.0,0.10808826237916946
2900000000.0,0.09105483442544937
2900937472.0,0.07382280379533768
2901874944.0,0.05588908493518829
2902812416.0,0.03708736598491669
2903749888.0,0.017620766535401344
2904687616.0,-0.0018733054166659713
2905625088.0,-0.02029483951628208
2906562560.0,-0.039215635508298874
2907500032.0,-0.05686592683196068
2908437504.0,-0.07261279970407486
2909374976.0,-0.08949371427297592
2910312448.0,-0.10275724530220032
2911249920.0,-0.11649604886770248
2912187392.0,-0.12713021039962769
2913125120.0,-0.13654357194900513
2914062592.0,-0.14387568831443787
2915000064.0,-0.14987534284591675
2915937536.0,-0.1534058004617691
2916875008.0,-0.15487080812454224
2917812480.0,-0.15314555168151855
2918749952.0,-0.15158994495868683
2919687424.0,-0.1462988555431366
2920624896.0,-0.13880974054336548
2921562624.0,-0.13089948892593384
2922500096.0,-0.11962715536355972
2923437568.0,-0.10713912546634674
2924375040.0,-0.09304012358188629
2925312512.0,-0.07835116237401962
2926249984.0,-0.0627557709813118
2927187456.0,-0.04510508105158806
2928124928.0,-0.027941051870584488
2929062400.0,-0.01056729257106781
2929999872.0,0.007603954058140516
2930937600.0,0.025266142562031746
2931875072.0,0.04357703775167465
2932812544.0,0.06054641306400299
2933750016.0,0.07626973092556
2934687488.0,0.09206844121217728
2935624960.0,0.10581767559051514
2936562432.0,0.12002009153366089
2937499904.0,0.13132162392139435
2938437376.0,0.14266394078731537
2939375104.0,0.15211808681488037
2940312576.0,0.1595148742198944
2941250048.0,0.16534584760665894
2942187520.0,0.17017951607704163
2943124992.0,0.1724158078432083
2944062464.0,0.17469903826713562
2944999936.0,0.17550595104694366
2945937408.0,0.1749628186225891
2946874880.0,0.17344240844249725
2947812608.0,0.16688889265060425
2948750080.0,0.16599687933921814
2949687552.0,0.1628686934709549
2950625024.0,0.15901094675064087
2951562496.0,0.15510910749435425
2952499968.0,0.14910659193992615
2953437440.0,0.14341488480567932
2954374912.0,0.13663621246814728
2955312384.0,0.12820512056350708
2956250112.0,0.1200941875576973
2957187584.0,0.11027774214744568
2958125056.0,0.10070397704839706
2959062528.0,0.09122354537248611
2960000000.0,0.0800141990184784
2960937472.0,0.06866135448217392
2961874944.0,0.05789315328001976
2962812416.0,0.04670043662190437
2963749888.0,0.035600632429122925
2964687616.0,0.023451311513781548
2965625088.0,0.012002270668745041
2966562560.0,0.0007041751523502171
2967500032.0,-0.010499360971152782
2968437504.0,-0.022313006222248077
2969374976.0,-0.0327116921544075
2970312448.0,-0.04216543585062027
2971249920.0,-0.05225639417767525
2972187392.0,-0.061612822115421295
2973125120.0,-0.07003524154424667
2974062592.0,-0.07782596349716187
2975000064.0,-0.08426395058631897
2975937536.0,-0.09044218808412552
2976875008.0,-0.0942513644695282
2977812480.0,-0.09808212518692017
2978749952.0,-0.10081712901592255
2979687424.0,-0.10275369882583618
2980624896.0,-0.1027139201760292
2981562624.0,-0.10152820497751236
2982500096.0,-0.10107869654893875
2983437568.0,-0.09796862304210663
2984375040.0,-0.09424155950546265
2985312512.0,-0.0904582217335701
2986249984.0,-0.08470378071069717
2987187456.0,-0.07838708162307739
2988124928.0,-0.07132145017385483
2989062400.0,-0.06368081271648407
2990000128.0,-0.055852748453617096
2990937600.0,-0.04676083102822304
2991875072.0,-0.03782350942492485
2992812544.0,-0.02937953732907772
2993750016.0,-0.020233744755387306
2994687488.0,-0.011031387373805046
2995624960.0,-0.0019920163322240114
2996562432.0,0.006195913068950176
2997499904.0,0.014012034982442856
2998437376.0,0.02091086655855179
2999375104.0,0.02602238766849041
3000312576.0,0.030141763389110565
3001250048.0,0.03449084237217903
3002187520.0,0.038747262209653854
3003124992.0,0.041744135320186615
3004062464.0,0.043188296258449554
3004999936.0,0.04284292459487915
3005937408.0,0.04338300973176956
3006874880.0,0.041488680988550186
3007812608.0,0.03732933849096298
3008750080.0,0.033279240131378174
3009687552.0,0.029864290729165077
3010625024.0,0.024685783311724663
3011562496.0,0.020884573459625244
3012499968.0,0.01648910529911518
3013437440.0,0.011502256616950035
3014374912.0,0.006178480572998524
3015312384.0,0.0004836957377847284
3016250112.0,-0.00422757538035512
3017187584.0,-0.008846347220242023
3018125056.0,-0.013593331910669804
3019062528.0,-0.01839185319840908
3020000000.0,-0.023620063439011574
3020937472.0,-0.028780287131667137
3021874944.0,-0.0340496227145195
3022812416.0,-0.038993384689092636
3023749888.0,-0.04343108460307121
3024687616.0,-0.048782579600811005
3025625088.0,-0.052699510008096695
3026562560.0,-0.057950250804424286
3027500032.0,-0.06201642006635666
3028437504.0,-0.06642632186412811
3029374976.0,-0.07071314752101898
3030312448.0,-0.07391314953565598
3031249920.0,-0.07859275490045547
3032187392.0,-0.08187758177518845
3033125120.0,-0.0847746953368187
3034062592.0,-0.08780297636985779
3035000064.0,-0.09055616706609726
3035937536.0,-0.09254386276006699
3036875008.0,-0.0946560651063919
3037812480.0,-0.09646593779325485
3038749952.0,-0.09699788689613342
3039687424.0,-0.09739640355110168
3040624896.0,-0.09791205823421478
3041562624.0,-0.097811259329319
3042500096.0,-0.09619292616844177
3043437568.0,-0.09426476061344147
3044375040.0,-0.09236589819192886
3045312512.0,-0.09038849174976349
3046249984.0,-0.0867173820734024
3047187456.0,-0.08353564143180847
3048124928.0,-0.08017246425151825
3049062400.0,-0.07512538135051727
3049999872.0,-0.07011929154396057
3050937600.0,-0.0663881003856659
3051875072.0,-0.060629382729530334
3052812544.0,-0.05580596625804901
3053750016.0,-0.05125788599252701
3054687488.0,-0.04544758424162865
3055624960.0,-0.03883584588766098
3056562432.0,-0.034096214920282364
3057499904.0,-0.028449736535549164
3058437376.0,-0.023570341989398003
3059375104.0,-0.018169676885008812
3060312576.0,-0.014268695376813412
3061250048.0,-0.009196405299007893
3062187520.0,-0.005467782728374004
3063124992.0,-0.0026012626476585865
3064062464.0,-0.0001571928441990167
3064999936.0,0.0019402443431317806
3065937408.0,0.0023529636673629284
3066874880.0,0.0033319818321615458
3067812608.0,0.016946928575634956
3068750080.0,0.010909633710980415
3069687552.0,0.004697300959378481
3070625024.0,-0.0018067286582663655
3071562496.0,-0.00982306245714426
3072499968.0,-0.018106423318386078
3073437440.0,-0.02748573012650013
3074374912.0,-0.03672517091035843
3075312384.0,-0.04552485793828964
3076250112.0,-0.05414065346121788
3077187584.0,-0.0638311505317688
3078125056.0,-0.0724441185593605
3079062528.0,-0.08020530641078949
3080000000.0,-0.08818168193101883
3080937472.0,-0.09503757953643799
3081874944.0,-0.10091947764158249
3082812416.0,-0.10552437603473663
3083749888.0,-0.10997974127531052
3084687616.0,-0.11158867925405502
3085625088.0,-0.11419845372438431
3086562560.0,-0.11446219682693481
3087500032.0,-0.11362796276807785
3088437504.0,-0.11171261966228485
3089374976.0,-0.10881136357784271
3090312448.0,-0.10484088957309723
3091249920.0,-0.09949017316102982
3092187392.0,-0.09402696788311005
3093125120.0,-0.08703073859214783
3094062592.0,-0.07862074673175812
3095000064.0,-0.07083222270011902
3095937536.0,-0.062303684651851654
3096875008.0,-0.05245717987418175
3097812480.0,-0.04286014661192894
3098749952.0,-0.032803162932395935
3099687424.0,-0.023520950227975845
3100624896.0,-0.013088684529066086
3101562624.0,-0.0028890834655612707
3102500096.0,0.007097799796611071
3103437568.0,0.016992293298244476
3104375040.0,0.0259868074208498
3105312512.0,0.03498372063040733
3106249984.0,0.04446497559547424
3107187456.0,0.05197931453585625
3108124928.0,0.06010285019874573
3109062400.0,0.06634683907032013
3110000128.0,0.07364549487829208
3110937600.0,0.07862985134124756
3111875072.0,0.08468049764633179
3112812544.0,0.08907435089349747
3113750016.0,0.0937974825501442
3114687488.0,0.09789784997701645
3115624960.0,0.10210949182510376
3116562432.0,0.10524298995733261
3117499904.0,0.10808735340833664
3118437376.0,0.11095670610666275
3119375104.0,0.11267054080963135
3120312576.0,0.11394098401069641
3121250048.0,0.11507102847099304
3122187520.0,0.1171875149011612
3123124992.0,0.11799135059118271
3124062464.0,0.1193065494298935
3124999936.0,0.12040576338768005
3125937408.0,0.12195973843336105
3126874880.0,0.12192236632108688
3127812608.0,0.14189524948596954
3128750080.0,0.13811321556568146
3129687552.0,0.13556821644306183
3130625024.0,0.13317911326885223
3131562496.0,0.1314166933298111
3132499968.0,0.13007308542728424
3133437440.0,0.12734444439411163
3134374912.0,0.1274867206811905
3135312384.0,0.12489601224660873
3136250112.0,0.1240452453494072
3137187584.0,0.12293945252895355
3138125056.0,0.12142357975244522
3139062528.0,0.12133438885211945
3140000000.0,0.12075995653867722
3140937472.0,0.12086336314678192
3141874944.0,0.12018755823373795
3142812416.0,0.119277723133564
3143749888.0,0.1183985024690628
3144687616.0,0.11756366491317749
3145625088.0,0.11587554216384888
3146562560.0,0.11411508917808533
3147500032.0,0.11315969377756119
3148437504.0,0.1096087247133255
3149374976.0,0.10695052146911621
3150312448.0,0.10297919064760208
3151249920.0,0.1000639945268631
3152187392.0,0.09426088631153107
3153125120.0,0.08894846588373184
3154062592.0,0.0838250145316124
3155000064.0,0.07648033648729324
3155937536.0,0.06889137625694275
3156875008.0,0.06095729023218155
3157812480.0,0.052258431911468506
3158749952.0,0.0423392727971077
3159687424.0,0.03231172263622284
3160624896.0,0.021627264097332954
3161562624.0,0.01053598616272211
3162500096.0,-0.0007451159181073308
3163437568.0,-0.01204152312129736
3164375040.0,-0.023874133825302124
3165312512.0,-0.0342087596654892
3166249984.0,-0.04576242342591286
3167187456.0,-0.058006249368190765
3168124928.0,-0.06883465498685837
3169062400.0,-0.0790475532412529
3169999872.0,-0.08904506266117096
3170937600.0,-0.09803594648838043
3171875072.0,-0.10610391199588776
3172812544.0,-0.11315709352493286
3173750016.0,-0.11862491816282272
3174687488.0,-0.122629314661026
3175624960.0,-0.12672775983810425
3176562432.0,-0.12843415141105652
3177499904.0,-0.12915702164173126
3178437376.0,-0.12857122719287872
3179375104.0,-0.12629619240760803
3180312576.0,-0.12249070405960083
3181250048.0,-0.11733365803956985
3182187520.0,-0.10973241925239563
3183124992.0,-0.10145962983369827
3184062464.0,-0.09244826436042786
3184999936.0,-0.08072516322135925
3185937408.0,-0.06853000819683075
3186874880.0,-0.054580751806497574
3187812608.0,0.07147002220153809
3188750080.0,0.06957951188087463
3189687552.0,0.06916840374469757
3190625024.0,0.06943102180957794
3191562496.0,0.07058081030845642
3192499968.0,0.07233978807926178
3193437440.0,0.07410956919193268
3194374912.0,0.07730711251497269
3195312384.0,0.08073882013559341
3196250112.0,0.08503202348947525
3197187584.0,0.09036713093519211
3198125056.0,0.0941924899816513
3199062528.0,0.09851747006177902
3200000000.0,0.10313917696475983
3200937472.0,0.10687369853258133
3201874944.0,0.10975876450538635
3202812416.0,0.11273657530546188
3203749888.0,0.11543644219636917
3204687616.0,0.11593624949455261
3205625088.0,0.11474158614873886
3206562560.0,0.11357332020998001
3207500032.0,0.11189193278551102
3208437504.0,0.10791218280792236
3209374976.0,0.10344162583351135
3210312448.0,0.09822115302085876
3211249920.0,0.09057354182004929
3212187392.0,0.08279132843017578
3213125120.0,0.0740901529788971
3214062592.0,0.06279246509075165
3215000064.0,0.0524580255150795
3215937536.0,0.040542975068092346
3216875008.0,0.028377791866660118
3217812480.0,0.015508195385336876
3218749952.0,0.002914160955697298
3219687424.0,-0.010356834158301353
3220624896.0,-0.023314934223890305
3221562624.0,-0.03502174839377403
3222500096.0,-0.047103237360715866
3223437568.0,-0.05771563947200775
3224375040.0,-0.06792262941598892
3225312512.0,-0.07720997184515
3226249984.0,-0.08411205559968948
3227187456.0,-0.09069442749023438
3228124928.0,-0.09657462686300278
3229062400.0,-0.10125941783189774
3230000128.0,-0.10445762425661087
3230937600.0,-0.10567609965801239
3231875072.0,-0.10623138397932053
3232812544.0,-0.10558119416236877
3233750016.0,-0.10282275825738907
3234687488.0,-0.10033326596021652
3235624960.0,-0.09568995982408524
3236562432.0,-0.09269727021455765
3237499904.0,-0.08754430711269379
3238437376.0,-0.08208122849464417
3239375104.0,-0.07620800286531448
3240312576.0,-0.07039140909910202
3241250048.0,-0.06482096761465073
3242187520.0,-0.06016099452972412
3243124992.0,-0.05532366782426834
3244062464.0,-0.0527033656835556
3244999936.0,-0.04982404783368111
3245937408.0,-0.047707535326480865
3246874880.0,-0.04819292947649956
3247812608.0,-0.03986727073788643
3248750080.0,-0.044155847281217575
3249687552.0,-0.04799632355570793
3250625024.0,-0.0516221784055233
3251562496.0,-0.05470700562000275
3252499968.0,-0.0581529475748539
3253437440.0,-0.059917185455560684
3254374912.0,-0.06052209436893463
3255312384.0,-0.0606585294008255
3256250112.0,-0.05984947457909584
3257187584.0,-0.05795702338218689
3258125056.0,-0.05457503721117973
3259062528.0,-0.04986850917339325
3260000000.0,-0.04500390216708183
3260937472.0,-0.03900520130991936
3261874944.0,-0.03155482932925224
3262812416.0,-0.022331373766064644
3263749888.0,-0.01536739245057106
3264687616.0,-0.0072943647392094135
3265625088.0,0.0004895372549071908
3266562560.0,0.009710618294775486
3267500032.0,0.01619231142103672
3268437504.0,0.022769799456000328
3269374976.0,0.027731258422136307
3270312448.0,0.03195846825838089
3271249920.0,0.033992331475019455
3272187392.0,0.035543251782655716
3273125120.0,0.035719115287065506
3274062592.0,0.034628093242645264
3275000064.0,0.033884916454553604
3275937536.0,0.03146142512559891
3276875008.0,0.02895708754658699
3277812480.0,0.02737000398337841
3278749952.0,0.02476240135729313
3279687424.0,0.021888548508286476
3280624896.0,0.020305374637246132
3281562624.0,0.018912356346845627
3282500096.0,0.019137712195515633
3283437568.0,0.018715066835284233
3284375040.0,0.01985078491270542
3285312512.0,0.020722711458802223
3286249984.0,0.021761612966656685
3287187456.0,0.02394275739789009
3288124928.0,0.024949075654149055
3289062400.0,0.026265349239110947
3289999872.0,0.02656610496342182
3290937600.0,0.02731970138847828
3291875072.0,0.026583978906273842
3292812544.0,0.023321734741330147
3293750016.0,0.019192004576325417
3294687488.0,0.014519121497869492
3295624960.0,0.009206131100654602
3296562432.0,0.0033438378013670444
3297499904.0,-0.0037120147608220577
3298437376.0,-0.01149705983698368
3299375104.0,-0.01995903253555298
3300312576.0,-0.029482083395123482
3301250048.0,-0.03878291696310043
3302187520.0,-0.047437530010938644
3303124992.0,-0.056944590061903
3304062464.0,-0.06555094569921494
3304999936.0,-0.07470152527093887
3305937408.0,-0.08237126469612122
3306874880.0,-0.09098035097122192
3307812608.0,-0.057192612439394
3308750080.0,-0.05434228107333183
3309687552.0,-0.05268826335668564
3310625024.0,-0.05051253363490105
3311562496.0,-0.04901077225804329
3312499968.0,-0.04717457294464111
3313437440.0,-0.04598895460367203
3314374912.0,-0.04562300071120262
3315312384.0,-0.04591533541679382
3316250112.0,-0.046692490577697754
3317187584.0,-0.048295680433511734
3318125056.0,-0.05066303163766861
3319062528.0,-0.05381493270397186
3320000000.0,-0.057180583477020264
3320937472.0,-0.06131833791732788
3321874944.0,-0.06591600179672241
3322812416.0,-0.07178076356649399
3323749888.0,-0.07703235745429993
3324687616.0,-0.082710400223732
3325625088.0,-0.08993677794933319
3326562560.0,-0.09699362516403198
3327500032.0,-0.10382450371980667
3328437504.0,-0.10972689837217331
3329374976.0,-0.11451847106218338
3330312448.0,-0.1208353191614151
3331249920.0,-0.12662334740161896
3332187392.0,-0.13015244901180267
3333125120.0,-0.13397358357906342
3334062592.0,-0.13659724593162537
3335000064.0,-0.13886772096157074
3335937536.0,-0.13945934176445007
3336875008.0,-0.13983091711997986
3337812480.0,-0.1386270821094513
3338749952.0,-0.1357703059911728
3339687424.0,-0.13255541026592255
3340624896.0,-0.12778303027153015
3341562624.0,-0.12307087332010269
3342500096.0,-0.11575467884540558
3343437568.0,-0.10881248861551285
3344375040.0,-0.10114184021949768
3345312512.0,-0.09222447127103806
3346249984.0,-0.08414024859666824
3347187456.0,-0.07556916773319244
3348124928.0,-0.06620059162378311
3349062400.0,-0.05574221909046173
3350000128.0,-0.04596460983157158
3350937600.0,-0.035871949046850204
3351875072.0,-0.027629410848021507
3352812544.0,-0.01867271214723587
3353750016.0,-0.010931959375739098
3354687488.0,-0.004062178544700146
3355624960.0,0.002546604722738266
3356562432.0,0.008583521470427513
3357499904.0,0.014237654395401478
3358437376.0,0.01811187155544758
3359375104.0,0.023146212100982666
3360312576.0,0.02549348771572113
3361250048.0,0.02946559526026249
3362187520.0,0.03119388408958912
3363124992.0,0.03387320041656494
3364062464.0,0.035762760788202286
3364999936.0,0.037826381623744965
3365937408.0,0.0399327278137207
3366874880.0,0.04173688590526581
3367812608.0,0.05049153044819832
3368750080.0,0.05787646397948265
3369687552.0,0.06466972082853317
3370625024.0,0.07010349631309509
3371562496.0,0.074783094227314
3372499968.0,0.07991913706064224
3373437440.0,0.08268342912197113
3374374912.0,0.08418264240026474
3375312384.0,0.08552392572164536
3376250112.0,0.08489122986793518
3377187584.0,0.08430232852697372
3378125056.0,0.08193559944629669
3379062528.0,0.07920418679714203
3380000000.0,0.07411042600870132
3380937472.0,0.06872795522212982
3381874944.0,0.06275440752506256
3382812416.0,0.05580171197652817
3383749888.0,0.04720718413591385
3384687616.0,0.03831491246819496
3385625088.0,0.028541438281536102
3386562560.0,0.01961858756840229
3387500032.0,0.009855799376964569
3388437504.0,-0.00016985120601020753
3389374976.0,-0.011516394093632698
3390312448.0,-0.020805656909942627
3391249920.0,-0.029828688129782677
3392187392.0,-0.03901665285229683
3393125120.0,-0.048404183238744736
3394062592.0,-0.05592545121908188
3395000064.0,-0.06354601681232452
3395937536.0,-0.06905855238437653
3396875008.0,-0.07452612370252609
3397812480.0,-0.07984189689159393
3398749952.0,-0.08444181084632874
3399687424.0,-0.08639026433229446
3400624896.0,-0.0889110192656517
3401562624.0,-0.08995206654071808
3402500096.0,-0.09135687351226807
3403437568.0,-0.09107272326946259
3404375040.0,-0.08946875482797623
3405312512.0,-0.0889633297920227
3406249984.0,-0.08629283308982849
3407187456.0,-0.08369964361190796
3408124928.0,-0.08059119433164597
3409062400.0,-0.07705525308847427
3409999872.0,-0.07304133474826813
3410937600.0,-0.06870552152395248
3411875072.0,-0.06446005403995514
3412812544.0,-0.06088731065392494
3413750016.0,-0.055881090462207794
3414687488.0,-0.05183268338441849
3415624960.0,-0.04758301377296448
3416562432.0,-0.04277786612510681
3417499904.0,-0.04023611545562744
3418437376.0,-0.036710940301418304
3419375104.0,-0.03261196240782738
3420312576.0,-0.027981437742710114
3421250048.0,-0.024669475853443146
3422187520.0,-0.020228877663612366
3423124992.0,-0.01700688526034355
3424062464.0,-0.014189543202519417
3424999936.0,-0.01080772653222084
3425937408.0,-0.007538856938481331
3426874880.0,-0.004612872377038002
3427812608.0,-0.0011669256491586566
3428750080.0,0.002503618597984314
3429687552.0,0.004984262399375439
3430625024.0,0.007855666801333427
3431562496.0,0.011162739247083664
3432499968.0,0.01442738901823759
3433437440.0,0.019430097192525864
3434374912.0,0.024463020265102386
3435312384.0,0.030619969591498375
3436250112.0,0.037454232573509216
3437187584.0,0.04495112597942352
3438125056.0,0.054890502244234085
3439062528.0,0.06442104279994965
3440000000.0,0.07539382576942444
3440937472.0,0.08779670298099518
3441874944.0,0.10025525093078613
3442812416.0,0.11346229165792465
3443749888.0,0.12693236768245697
3444687616.0,0.14136123657226562
3445625088.0,0.15547432005405426
3446562560.0,0.16824141144752502
3447500032.0,0.18097099661827087
3448437504.0,0.19333665072917938
3449374976.0,0.2036174237728119
3450312448.0,0.21196354925632477
3451249920.0,0.21800194680690765
3452187392.0,0.22244565188884735
3453125120.0,0.2246040403842926
3454062592.0,0.22536532580852509
3455000064.0,0.22176051139831543
3455937536.0,0.21517333388328552
3456875008.0,0.20751874148845673
3457812480.0,0.1973794400691986
3458749952.0,0.18464364111423492
3459687424.0,0.17005425691604614
3460624896.0,0.1544007956981659
3461562624.0,0.1380004584789276
3462500096.0,0.11902377754449844
3463437568.0,0.10001528263092041
3464375040.0,0.07980404794216156
3465312512.0,0.06063246726989746
3466249984.0,0.04138471931219101
3467187456.0,0.022395389154553413
3468124928.0,0.005326917394995689
3469062400.0,-0.011416654102504253
3470000128.0,-0.0259677954018116
3470937600.0,-0.03944224491715431
3471875072.0,-0.04953150451183319
3472812544.0,-0.05927944928407669
3473750016.0,-0.06610456854104996
3474687488.0,-0.07111546397209167
3475624960.0,-0.07407315820455551
3476562432.0,-0.07526431977748871
3477499904.0,-0.07526830583810806
3478437376.0,-0.07314198464155197
3479375104.0,-0.07030514627695084
3480312576.0,-0.06662385910749435
3481250048.0,-0.06229128688573837
3482187520.0,-0.056549087166786194
3483124992.0,-0.05043918639421463
3484062464.0,-0.04496863856911659
3484999936.0,-0.039217352867126465
3485937408.0,-0.034296199679374695
3486874880.0,-0.030304549261927605
3487812608.0,-0.015361988916993141
3488750080.0,-0.018878228962421417
3489687552.0,-0.02235189639031887
3490625024.0,-0.026421375572681427
3491562496.0,-0.032588500529527664
3492499968.0,-0.03810203820466995
3493437440.0,-0.04286010190844536
3494374912.0,-0.047282423824071884
3495312384.0,-0.05275055393576622
3496250112.0,-0.05755029618740082
3497187584.0,-0.062553770840168
3498125056.0,-0.06592725962400436
3499062528.0,-0.06749862432479858
3500000000.0,-0.06991167366504669
3500937472.0,-0.06921380013227463
3501874944.0,-0.06684847176074982
3502812416.0,-0.06533527374267578
3503749888.0,-0.061684515327215195
3504687616.0,-0.056211307644844055
3505625088.0,-0.0513225793838501
3506562560.0,-0.04576195403933525
3507500032.0,-0.03870885819196701
3508437504.0,-0.03143053501844406
3509374976.0,-0.023261096328496933
3510312448.0,-0.014060493558645248
3511249920.0,-0.006742388475686312
3512187392.0,0.0018099265871569514
3513125120.0,0.01053877454251051
3514062592.0,0.019736558198928833
3515000064.0,0.028469407930970192
3515937536.0,0.03621548041701317
3516875008.0,0.044713545590639114
3517812480.0,0.049595944583415985
3518749952.0,0.05554823949933052
3519687424.0,0.05881224200129509
3520624896.0,0.061986420303583145
3521562624.0,0.0638337954878807
3522500096.0,0.0649467185139656
3523437568.0,0.0631287693977356
3524375040.0,0.06300485879182816
3525312512.0,0.06006929650902748
3526249984.0,0.05728400498628616
3527187456.0,0.05367400869727135
3528124928.0,0.0478583425283432
3529062400.0,0.042741477489471436
3529999872.0,0.036502838134765625
3530937600.0,0.030835887417197227
3531875072.0,0.025541838258504868
3532812544.0,0.02066195197403431
3533750016.0,0.014962378889322281
3534687488.0,0.01039132010191679
3535624960.0,0.005659290123730898
3536562432.0,0.0021419574040919542
3537499904.0,-0.00011998968693660572
3538437376.0,-0.0018523918697610497
3539375104.0,-0.0021021761931478977
3540312576.0,-0.0033985553309321404
3541250048.0,-0.0024172274861484766
3542187520.0,-0.0007819607271812856
3543124992.0,0.0014095836086198688
3544062464.0,0.004165749531239271
3544999936.0,0.008971831761300564
3545937408.0,0.012566288001835346
3546874880.0,0.018430843949317932
3547812608.0,0.02072129026055336
3548750080.0,0.01980959065258503
3549687552.0,0.017734352499246597
3550625024.0,0.01621246337890625
3551562496.0,0.013315459713339806
3552499968.0,0.011586543172597885
3553437440.0,0.008379826322197914
3554374912.0,0.005982937291264534
3555312384.0,0.003790224203839898
3556250112.0,-6.158852920634672e-05
3557187584.0,-0.003167780116200447
3558125056.0,-0.006986110936850309
3559062528.0,-0.010730345733463764
3560000000.0,-0.013544933870434761
3560937472.0,-0.017931656911969185
3561874944.0,-0.020455490797758102
3562812416.0,-0.023248424753546715
3563749888.0,-0.02468402497470379
3564687616.0,-0.028088372200727463
3565625088.0,-0.030227454379200935
3566562560.0,-0.03099420666694641
3567500032.0,-0.03206600248813629
3568437504.0,-0.03364463895559311
3569374976.0,-0.033690862357616425
3570312448.0,-0.03465912118554115
3571249920.0,-0.034148138016462326
3572187392.0,-0.03335670754313469
3573125120.0,-0.03219911456108093
3574062592.0,-0.03216743469238281
3575000064.0,-0.029676103964447975
3575937536.0,-0.028996465727686882
3576875008.0,-0.027615344151854515
3577812480.0,-0.02566239796578884
3578749952.0,-0.022787870839238167
3579687424.0,-0.02118927612900734
3580624896.0,-0.021242626011371613
3581562624.0,-0.01916520856320858
3582500096.0,-0.016637610271573067
3583437568.0,-0.015222935937345028
3584375040.0,-0.014416886493563652
3585312512.0,-0.014113204553723335
3586249984.0,-0.013969766907393932
3587187456.0,-0.014001477509737015
3588124928.0,-0.01456062775105238
3589062400.0,-0.01420601923018694
3590000128.0,-0.015297415666282177
3590937600.0,-0.015028238296508789
3591875072.0,-0.015089472755789757
3592812544.0,-0.014387426897883415
3593750016.0,-0.013993524014949799
3594687488.0,-0.013959575444459915
3595624960.0,-0.013154887594282627
3596562432.0,-0.011532863602042198
3597499904.0,-0.010366054251790047
3598437376.0,-0.008628648705780506
3599375104.0,-0.006690558977425098
3600312576.0,-0.0034578852355480194
3601250048.0,-0.00046065752394497395
3602187520.0,0.003240948310121894
3603124992.0,0.007622775621712208
3604062464.0,0.013308793306350708
3604999936.0,0.018241658806800842
3605937408.0,0.023893779143691063
3606874880.0,0.030269784852862358
3607812608.0,0.053689878433942795
3608750080.0,0.06162601709365845
3609687552.0,0.07070713490247726
3610625024.0,0.07916595786809921
3611562496.0,0.08753202110528946
3612499968.0,0.09484083950519562
3613437440.0,0.10156212747097015
3614374912.0,0.10787789523601532
3615312384.0,0.11255016922950745
3616250112.0,0.1162400022149086
3617187584.0,0.11931250244379044
3618125056.0,0.12062069028615952
3619062528.0,0.12171860039234161
3620000000.0,0.12144002318382263
3620937472.0,0.11975246667861938
3621874944.0,0.11651642620563507
3622812416.0,0.11185532063245773
3623749888.0,0.10766301304101944
3624687616.0,0.10174322873353958
3625625088.0,0.09583873301744461
3626562560.0,0.09002778679132462
3627500032.0,0.08296708762645721
3628437504.0,0.07529100775718689
3629374976.0,0.06593703478574753
3630312448.0,0.0572214350104332
3631249920.0,0.04881647974252701
3632187392.0,0.03905878961086273
3633125120.0,0.029707137495279312
3634062592.0,0.01953550986945629
3635000064.0,0.010254083201289177
3635937536.0,0.0010916389292106032
3636875008.0,-0.008358459919691086
3637812480.0,-0.018551329150795937
3638749952.0,-0.028429962694644928
3639687424.0,-0.03655971959233284
3640624896.0,-0.04570178687572479
3641562624.0,-0.053944338113069534
3642500096.0,-0.06180639564990997
3643437568.0,-0.06881416589021683
3644375040.0,-0.07577086240053177
3645312512.0,-0.08103617280721664
3646249984.0,-0.08677054196596146
3647187456.0,-0.09293275326490402
3648124928.0,-0.09667941182851791
3649062400.0,-0.10124745219945908
3649999872.0,-0.10477856546640396
3650937600.0,-0.10732419788837433
3651875072.0,-0.1097535789012909
3652812544.0,-0.11078988015651703
3653750016.0,-0.11211491376161575
3654687488.0,-0.11227154731750488
3655624960.0,-0.11186668276786804
3656562432.0,-0.1106315478682518
3657499904.0,-0.10976431518793106
3658437376.0,-0.10693446546792984
3659375104.0,-0.1051035150885582
3660312576.0,-0.10358411073684692
3661250048.0,-0.09929212182760239
3662187520.0,-0.0961170569062233
3663124992.0,-0.09211518615484238
3664062464.0,-0.08874446898698807
3664999936.0,-0.084384985268116
3665937408.0,-0.08025400340557098
3666874880.0,-0.0764920711517334
3667812608.0,-0.0595216229557991
3668750080.0,-0.05977514013648033
3669687552.0,-0.05857103317975998
3670625024.0,-0.05701450631022453
3671562496.0,-0.05466151610016823
3672499968.0,-0.05177462100982666
3673437440.0,-0.04688793793320656
3674374912.0,-0.04285113140940666
3675312384.0,-0.03744600713253021
3676250112.0,-0.0321488156914711
3677187584.0,-0.02654169872403145
3678125056.0,-0.019555026665329933
3679062528.0,-0.011514306999742985
3680000000.0,-0.0040170275606215
3680937472.0,0.0044908975251019
3681874944.0,0.013497177511453629
3682812416.0,0.02197914756834507
3683749888.0,0.030858870595693588
3684687616.0,0.0395689494907856
3685625088.0,0.047738321125507355
3686562560.0,0.05602143704891205
3687500032.0,0.06472666561603546
3688437504.0,0.07133551687002182
3689374976.0,0.07831906527280807
3690312448.0,0.08498965203762054
3691249920.0,0.09017883241176605
3692187392.0,0.09452112019062042
3693125120.0,0.0985129326581955
3694062592.0,0.10110177844762802
3695000064.0,0.10299878567457199
3695937536.0,0.10363510251045227
3696875008.0,0.10405091196298599
3697812480.0,0.10127484798431396
3698749952.0,0.09965131431818008
3699687424.0,0.09609048068523407
3700624896.0,0.09221187233924866
3701562624.0,0.0870632454752922
3702500096.0,0.08254550397396088
3703437568.0,0.07643918693065643
3704375040.0,0.06931709498167038
3705312512.0,0.06245644390583038
3706249984.0,0.055073417723178864
3707187456.0,0.046571437269449234
3708124928.0,0.039088621735572815
3709062400.0,0.030251523479819298
3710000128.0,0.02157105691730976
3710937600.0,0.012947444804012775
3711875072.0,0.004738885443657637
3712812544.0,-0.0036490715574473143
3713750016.0,-0.009494807571172714
3714687488.0,-0.015577644109725952
3715624960.0,-0.021068116649985313
3716562432.0,-0.02576465532183647
3717499904.0,-0.02936614863574505
3718437376.0,-0.031825751066207886
3719375104.0,-0.033591676503419876
3720312576.0,-0.034476179629564285
3721250048.0,-0.03558826819062233
3722187520.0,-0.035701144486665726
3723124992.0,-0.03489478677511215
3724062464.0,-0.03421397507190704
3724999936.0,-0.032791927456855774
3725937408.0,-0.029762370511889458
3726874880.0,-0.02893313765525818
3727812608.0,-0.03145303577184677
3728750080.0,-0.03132576867938042
3729687552.0,-0.0305283572524786
3730625024.0,-0.03046463243663311
3731562496.0,-0.02968648076057434
3732499968.0,-0.029436109587550163
3733437440.0,-0.029724545776844025
3734374912.0,-0.029550114646553993
3735312384.0,-0.029540907591581345
3736250112.0,-0.030774183571338654
3737187584.0,-0.03273088485002518
3738125056.0,-0.03424467146396637
3739062528.0,-0.036415327340364456
3740000000.0,-0.039193544536828995
3740937472.0,-0.04367712140083313
3741874944.0,-0.047848593443632126
3742812416.0,-0.053352322429418564
3743749888.0,-0.05882342532277107
3744687616.0,-0.06290290504693985
3745625088.0,-0.06934336572885513
3746562560.0,-0.07472901791334152
3747500032.0,-0.079994797706604
3748437504.0,-0.08505132049322128
3749374976.0,-0.09018175303936005
3750312448.0,-0.0966741070151329
3751249920.0,-0.10158948600292206
3752187392.0,-0.10671715438365936
3753125120.0,-0.1112198755145073
3754062592.0,-0.11547495424747467
3755000064.0,-0.11907080560922623
3755937536.0,-0.12208101153373718
3756875008.0,-0.12323009967803955
3757812480.0,-0.12419234961271286
3758749952.0,-0.12270420044660568
3759687424.0,-0.12019586563110352
3760624896.0,-0.11675543338060379
3761562624.0,-0.11141934245824814
3762500096.0,-0.10447126626968384
3763437568.0,-0.0973297506570816
3764375040.0,-0.08879657834768295
3765312512.0,-0.07946518808603287
3766249984.0,-0.06915894150733948
3767187456.0,-0.05766177922487259
3768124928.0,-0.04683393985033035
3769062400.0,-0.03574557602405548
3769999872.0,-0.02383541315793991
3770937600.0,-0.012320154346525669
3771875072.0,-0.001517281518317759
3772812544.0,0.008988512679934502
3773750016.0,0.017927976325154305
3774687488.0,0.02601080760359764
3775624960.0,0.033258285373449326
3776562432.0,0.03982745483517647
3777499904.0,0.043859150260686874
3778437376.0,0.04764019697904587
3779375104.0,0.049615416675806046
3780312576.0,0.048998553305864334
3781250048.0,0.04667723923921585
3782187520.0,0.042014751583337784
3783124992.0,0.037771910429000854
3784062464.0,0.03126608580350876
3784999936.0,0.023632869124412537
3785937408.0,0.01515942346304655
3786874880.0,0.01639428175985813
3787812608.0,0.008617954328656197
3788750080.0,-0.0016195055795833468
3789687552.0,-0.01258478406816721
3790625024.0,-0.023984253406524658
3791562496.0,-0.03610071912407875
3792499968.0,-0.047603342682123184
3793437440.0,-0.05821884050965309
3794374912.0,-0.0694846659898758
3795312384.0,-0.08056221902370453
3796250112.0,-0.09154350310564041
3797187584.0,-0.10051464289426804
3798125056.0,-0.11004070937633514
3799062528.0,-0.11878026276826859
3800000000.0,-0.12636040151119232
3800937472.0,-0.13275015354156494
3801874944.0,-0.13846641778945923
3802812416.0,-0.1425028145313263
3803749888.0,-0.14551278948783875
3804687616.0,-0.1470901221036911
3805625088.0,-0.14804363250732422
3806562560.0,-0.147251695394516
3807500032.0,-0.1452556848526001
3808437504.0,-0.14176476001739502
3809374976.0,-0.1370200216770172
3810312448.0,-0.13052237033843994
3811249920.0,-0.12296712398529053
3812187392.0,-0.1149807944893837
3813125120.0,-0.10747386515140533
3814062592.0,-0.097589410841465
3815000064.0,-0.08813007920980453
3815937536.0,-0.07828112691640854
3816875008.0,-0.07022250443696976
3817812480.0,-0.05998673290014267
3818749952.0,-0.04981410503387451
3819687424.0,-0.04053940996527672
3820624896.0,-0.0320599339902401
3821562624.0,-0.023613298311829567
3822500096.0,-0.015564044937491417
3823437568.0,-0.008863993920385838
3824375040.0,-0.002536854473873973
3825312512.0,0.0011365555692464113
3826249984.0,0.005418338347226381
3827187456.0,0.008380882441997528
3828124928.0,0.009312688373029232
3829062400.0,0.011495102196931839
3830000128.0,0.010275213979184628
3830937600.0,0.009805587120354176
3831875072.0,0.006589044351130724
3832812544.0,0.0035940343514084816
3833750016.0,0.00035162409767508507
3834687488.0,-0.0037819838616997004
3835624960.0,-0.008318879641592503
3836562432.0,-0.01320615503937006
3837499904.0,-0.01779722236096859
3838437376.0,-0.02222238853573799
3839375104.0,-0.02586679719388485
3840312576.0,-0.03020159713923931
3841250048.0,-0.03403492644429207
3842187520.0,-0.0371832437813282
3843124992.0,-0.039610281586647034
3844062464.0,-0.04276622459292412
3844999936.0,-0.044553402811288834
3845937408.0,-0.04595262184739113
3846874880.0,-0.03765857219696045
3847812608.0,-0.033971063792705536
3848750080.0,-0.030098605901002884
3849687552.0,-0.027421901002526283
3850625024.0,-0.023289315402507782
3851562496.0,-0.02084704488515854
3852499968.0,-0.01902781054377556
3853437440.0,-0.017077211290597916
3854374912.0,-0.014895264059305191
3855312384.0,-0.015564625151455402
3856250112.0,-0.01457144133746624
3857187584.0,-0.014612864702939987
3858125056.0,-0.014438897371292114
3859062528.0,-0.016282416880130768
3860000000.0,-0.017360031604766846
3860937472.0,-0.019082436338067055
3861874944.0,-0.021332088857889175
3862812416.0,-0.024043548852205276
3863749888.0,-0.027169015258550644
3864687616.0,-0.02899923548102379
3865625088.0,-0.031033305451273918
3866562560.0,-0.034152206033468246
3867500032.0,-0.036542024463415146
3868437504.0,-0.03809859976172447
3869374976.0,-0.03980490192770958
3870312448.0,-0.0424889400601387
3871249920.0,-0.04348865896463394
3872187392.0,-0.04612685739994049
3873125120.0,-0.04699857160449028
3874062592.0,-0.048216525465250015
3875000064.0,-0.050125978887081146
3875937536.0,-0.052647318691015244
3876875008.0,-0.05472895875573158
3877812480.0,-0.05721307545900345
3878749952.0,-0.05880308151245117
3879687424.0,-0.06012563779950142
3880624896.0,-0.060929376631975174
3881562624.0,-0.06129606440663338
3882500096.0,-0.06123042479157448
3883437568.0,-0.0611342154443264
3884375040.0,-0.0613604299724102
3885312512.0,-0.06204997003078461
3886249984.0,-0.06221717968583107
3887187456.0,-0.06160058081150055
3888124928.0,-0.06215519458055496
3889062400.0,-0.061011556535959244
3889999872.0,-0.061204563826322556
3890937600.0,-0.060154613107442856
3891875072.0,-0.061710864305496216
3892812544.0,-0.06208875775337219
3893750016.0,-0.06296402961015701
3894687488.0,-0.06475800275802612
3895624960.0,-0.0665683001279831
3896562432.0,-0.06876274943351746
3897499904.0,-0.07209646701812744
3898437376.0,-0.07451765984296799
3899375104.0,-0.07850765436887741
3900312576.0,-0.08310168236494064
3901250048.0,-0.08675849437713623
3902187520.0,-0.09148795157670975
3903124992.0,-0.09679832309484482
3904062464.0,-0.10116366297006607
3904999936.0,-0.10613489896059036
3905937408.0,-0.11120662093162537
3906874880.0,-0.12945853173732758
3907812608.0,-0.1369517743587494
3908750080.0,-0.14213204383850098
3909687552.0,-0.14601704478263855
3910625024.0,-0.14937062561511993
3911562496.0,-0.14915764331817627
3912499968.0,-0.14639583230018616
3913437440.0,-0.14251014590263367
3914374912.0,-0.13619227707386017
3915312384.0,-0.1268998682498932
3916250112.0,-0.11562256515026093
3917187584.0,-0.10323527455329895
3918125056.0,-0.09057722985744476
3919062528.0,-0.0765240490436554
3920000000.0,-0.06104468181729317
3920937472.0,-0.045424316078424454
3921874944.0,-0.02832792140543461
3922812416.0,-0.01244550384581089
3923749888.0,0.003749062307178974
3924687616.0,0.020431768149137497
3925625088.0,0.03550857678055763
3926562560.0,0.05028245970606804
3927500032.0,0.06284019351005554
3928437504.0,0.07326953113079071
3929374976.0,0.08252386003732681
3930312448.0,0.08954079449176788
3931249920.0,0.09369978308677673
3932187392.0,0.09628397226333618
3933125120.0,0.09729739278554916
3934062592.0,0.09622717648744583
3935000064.0,0.09271776676177979
3935937536.0,0.08915051072835922
3936875008.0,0.08355537801980972
3937812480.0,0.07653685659170151
3938749952.0,0.06865591555833817
3939687424.0,0.06006383150815964
3940624896.0,0.051119498908519745
3941562624.0,0.04211946949362755
3942500096.0,0.033578820526599884
3943437568.0,0.024499209597706795
3944375040.0,0.015766091644763947
3945312512.0,0.007535313721746206
3946249984.0,0.0003396692336536944
3947187456.0,-0.005356169771403074
3948124928.0,-0.012122910469770432
3949062400.0,-0.01755443401634693
3950000128.0,-0.021181320771574974
3950937600.0,-0.02386883646249771
3951875072.0,-0.027325961738824844
3952812544.0,-0.02915937267243862
3953750016.0,-0.03078244999051094
3954687488.0,-0.033334244042634964
3955624960.0,-0.03477812558412552
3956562432.0,-0.03592795878648758
3957499904.0,-0.037608083337545395
3958437376.0,-0.03938297554850578
3959375104.0,-0.039395593106746674
3960312576.0,-0.03953668102622032
3961250048.0,-0.04137514904141426
3962187520.0,-0.043522510677576065
3963124992.0,-0.04555115848779678
3964062464.0,-0.04908037558197975
3964999936.0,-0.052756138145923615
3965937408.0,-0.05835849791765213
3966874880.0,-0.07264835387468338
3967812608.0,-0.08514062315225601
3968750080.0,-0.10003232210874557
3969687552.0,-0.11380144953727722
3970625024.0,-0.1270691603422165
3971562496.0,-0.14030928909778595
3972499968.0,-0.15204931795597076
3973437440.0,-0.16271531581878662
3974374912.0,-0.17278876900672913
3975312384.0,-0.1808585673570633
3976250112.0,-0.18821100890636444
3977187584.0,-0.19327545166015625
3978125056.0,-0.19632777571678162
3979062528.0,-0.19781576097011566
3980000000.0,-0.196829691529274
3980937472.0,-0.19517716765403748
3981874944.0,-0.1914096474647522
3982812416.0,-0.18590053915977478
3983749888.0,-0.17978212237358093
3984687616.0,-0.1719781458377838
3985625088.0,-0.16324853897094727
3986562560.0,-0.15304884314537048
3987500032.0,-0.14382635056972504
3988437504.0,-0.13237282633781433
3989374976.0,-0.12146604061126709
3990312448.0,-0.1109447106719017
3991249920.0,-0.0986187607049942
3992187392.0,-0.08687403053045273
3993125120.0,-0.07564646005630493
3994062592.0,-0.06555712223052979
3995000064.0,-0.05563807860016823
3995937536.0,-0.046894561499357224
3996875008.0,-0.03878677263855934
3997812480.0,-0.03305234760046005
3998749952.0,-0.028955599293112755
3999687424.0,-0.023969342932105064
4000624896.0,-0.03167260065674782
4001562624.0,-0.030129117891192436
4002500096.0,-0.029512997716665268
4003437568.0,-0.030637690797448158
4004375040.0,-0.03263123705983162
4005312512.0,-0.03566655516624451
4006249984.0,-0.039987001568078995
4007187456.0,-0.044470980763435364
4008124928.0,-0.051541659981012344
4009062400.0,-0.05796070024371147
4009999872.0,-0.06545177102088928
4010937600.0,-0.07441988587379456
4011875072.0,-0.08314002305269241
4012812544.0,-0.09034809470176697
4013750016.0,-0.0980929359793663
4014687488.0,-0.1067272275686264
4015624960.0,-0.11424591392278671
4016562432.0,-0.12132078409194946
4017499904.0,-0.1287045180797577
4018437376.0,-0.13485966622829437
4019375104.0,-0.14011245965957642
4020312576.0,-0.14493995904922485
4021250048.0,-0.14995476603507996
4022187520.0,-0.1538642942905426
4023124992.0,-0.15671585500240326
4024062464.0,-0.1606641709804535
4024999936.0,-0.1636161208152771
4025937408.0,-0.16693168878555298
4026874880.0,-0.15926972031593323
4027812608.0,-0.16621720790863037
4028750080.0,-0.17142798006534576
4029687552.0,-0.17638622224330902
4030625024.0,-0.18209289014339447
4031562496.0,-0.18560102581977844
4032499968.0,-0.18955816328525543
4033437440.0,-0.19214992225170135
4034374912.0,-0.1933429092168808
4035312384.0,-0.19421647489070892
4036250112.0,-0.1933055967092514
4037187584.0,-0.1916159689426422
4038125056.0,-0.18915879726409912
4039062528.0,-0.183542862534523
4040000000.0,-0.17764529585838318
4040937472.0,-0.17273852229118347
4041874944.0,-0.16634880006313324
4042812416.0,-0.1588016152381897
4043749888.0,-0.15015041828155518
4044687616.0,-0.14016345143318176
4045625088.0,-0.12942078709602356
4046562560.0,-0.11735611408948898
4047500032.0,-0.10507567226886749
4048437504.0,-0.09150897711515427
4049374976.0,-0.0769178494811058
4050312448.0,-0.06276187300682068
4051249920.0,-0.049379609525203705
4052187392.0,-0.03519975766539574
4053125120.0,-0.023487642407417297
4054062592.0,-0.010119187645614147
4055000064.0,0.001721299602650106
4055937536.0,0.011664824560284615
4056875008.0,0.02190643921494484
4057812480.0,0.02948364056646824
4058749952.0,0.036890316754579544
4059687424.0,0.04161984473466873
4060624896.0,0.04575634002685547
4061562624.0,0.04722775146365166
4062500096.0,0.047755539417266846
4063437568.0,0.04590420424938202
4064375040.0,0.0434039868414402
4065312512.0,0.03832990676164627
4066249984.0,0.032522041350603104
4067187456.0,0.02473236620426178
4068124928.0,0.015683237463235855
4069062400.0,0.00629127724096179
4070000128.0,-0.0042151291854679585
4070937600.0,-0.0170417670160532
4071875072.0,-0.02943551354110241
4072812544.0,-0.04096703976392746
4073750016.0,-0.054714594036340714
4074687488.0,-0.06676394492387772
4075624960.0,-0.08045803010463715
4076562432.0,-0.09384330362081528
4077499904.0,-0.10538247972726822
4078437376.0,-0.1158624216914177
4079375104.0,-0.1265392154455185
4080312576.0,-0.13581439852714539
4081250048.0,-0.14261889457702637
4082187520.0,-0.15015551447868347
4083124992.0,-0.15549594163894653
4084062464.0,-0.16006961464881897
4084999936.0,-0.16271637380123138
4085937408.0,-0.16466693580150604
4086874880.0,-0.14589440822601318
4087812608.0,-0.1465758979320526
4088750080.0,-0.14441174268722534
4089687552.0,-0.1417885720729828
4090625024.0,-0.13860224187374115
4091562496.0,-0.13495977222919464
4092499968.0,-0.1304401159286499
4093437440.0,-0.12465426325798035
4094374912.0,-0.11986298114061356
4095312384.0,-0.1130523532629013
4096250112.0,-0.10692190378904343
4097187584.0,-0.1005578488111496
4098125056.0,-0.09459780901670456
4099062528.0,-0.08708557486534119
4100000000.0,-0.08112289756536484
4100937472.0,-0.07430129498243332
4101874944.0,-0.06869596987962723
4102812416.0,-0.06241483613848686
4103749888.0,-0.057355016469955444
4104687616.0,-0.05261191725730896
4105625088.0,-0.04823252186179161
4106562560.0,-0.04376281052827835
4107500032.0,-0.03917995095252991
4108437504.0,-0.03507630154490471
4109374976.0,-0.03250732272863388
4110312448.0,-0.028970956802368164
4111249920.0,-0.026081066578626633
4112187392.0,-0.024660399183630943
4113125120.0,-0.02227030321955681
4114062592.0,-0.021068032830953598
4115000064.0,-0.01945490390062332
4115937536.0,-0.017938654869794846
4116875008.0,-0.016724027693271637
4117812480.0,-0.015556568279862404
4118749952.0,-0.015997113659977913
4119687424.0,-0.016087019816040993
4120624896.0,-0.016661427915096283
4121562624.0,-0.017413977533578873
4122500096.0,-0.01773601956665516
4123437568.0,-0.020625900477170944
4124375040.0,-0.02159123681485653
4125312512.0,-0.023889608681201935
4126249984.0,-0.025711147114634514
4127187456.0,-0.028982946649193764
4128124928.0,-0.03152984380722046
4129062400.0,-0.03473370149731636
4129999872.0,-0.03824831172823906
4130937600.0,-0.04337221011519432
4131875072.0,-0.048077333718538284
4132812544.0,-0.053557295352220535
4133750016.0,-0.0600568950176239
4134687488.0,-0.06668275594711304
4135624960.0,-0.0735275000333786
4136562432.0,-0.08074170351028442
4137499904.0,-0.08935988694429398
4138437376.0,-0.09797254949808121
4139375104.0,-0.10595200210809708
4140312576.0,-0.11385928839445114
4141250048.0,-0.12306592613458633
4142187520.0,-0.1327040195465088
4143124992.0,-0.14167141914367676
4144062464.0,-0.15005767345428467
4144999936.0,-0.15924261510372162
4145937408.0,-0.16679787635803223
4146874880.0,-0.18635469675064087
4147812608.0,-0.1927884817123413
4148750080.0,-0.19847910106182098
4149687552.0,-0.20123663544654846
4150625024.0,-0.2022203803062439
4151562496.0,-0.1997225135564804
4152499968.0,-0.19648103415966034
4153437440.0,-0.19299305975437164
4154374912.0,-0.18556128442287445
4155312384.0,-0.17691375315189362
4156250112.0,-0.16824081540107727
4157187584.0,-0.15782029926776886
4158125056.0,-0.1472375988960266
4159062528.0,-0.13641420006752014
4160000000.0,-0.12422449886798859
4160937472.0,-0.11232321709394455
4161874944.0,-0.10048513859510422
4162812416.0,-0.08810298144817352
4163749888.0,-0.07615617662668228
4164687616.0,-0.06419011950492859
4165625088.0,-0.05244578793644905
4166562560.0,-0.04099506512284279
4167500032.0,-0.03103797696530819
4168437504.0,-0.021280962973833084
4169374976.0,-0.012945241294801235
4170312448.0,-0.003945825155824423
4171249920.0,0.0029266232158988714
4172187392.0,0.009129525162279606
4173125120.0,0.014128725975751877
4174062592.0,0.019261857494711876
4175000064.0,0.02315659448504448
4175937536.0,0.027165990322828293
4176875008.0,0.02940971590578556
4177812480.0,0.03173913434147835
4178749952.0,0.034233395010232925
4179687424.0,0.035502202808856964
4180624896.0,0.03702894225716591
4181562624.0,0.03683818131685257
4182500096.0,0.037312302738428116
4183437568.0,0.03519104793667793
4184375040.0,0.0350928008556366
4185312512.0,0.03432111814618111
4186249984.0,0.03209985792636871
4187187456.0,0.029147565364837646
4188124928.0,0.026012150570750237
4189062400.0,0.021330369636416435
4190000128.0,0.015410039573907852
4190937600.0,0.00964669231325388
4191875072.0,0.003042677417397499
4192812544.0,-0.004609609954059124
4193750016.0,-0.012520362623035908
4194687488.0,-0.021228007972240448
4195624960.0,-0.03062848187983036
4196562432.0,-0.039921052753925323
4197499904.0,-0.05121578276157379
4198437376.0,-0.061769526451826096
4199375104.0,-0.07203010469675064
4200312576.0,-0.0844503864645958
4201250048.0,-0.09706886857748032
4202187520.0,-0.10878054797649384
4203124992.0,-0.12130490690469742
4204062464.0,-0.13263416290283203
4204999936.0,-0.14519332349300385
4205937408.0,-0.1562504917383194
4206874880.0,-0.15917380154132843
4207812608.0,-0.17169533669948578
4208750080.0,-0.18334640562534332
4209687552.0,-0.19567075371742249
4210625024.0,-0.2058822363615036
4211562496.0,-0.21496063470840454
4212499968.0,-0.2228049337863922
4213437440.0,-0.2295544594526291
4214374912.0,-0.2349354475736618
4215312384.0,-0.2376885712146759
4216250112.0,-0.23833230137825012
4217187584.0,-0.23696039617061615
4218125056.0,-0.23267953097820282
4219062528.0,-0.22506234049797058
4220000000.0,-0.2183239459991455
4220937472.0,-0.20752538740634918
4221874944.0,-0.1951720118522644
4222812416.0,-0.1805908977985382
4223749888.0,-0.1650380641222
4224687616.0,-0.14736323058605194
4225625088.0,-0.12674443423748016
4226562560.0,-0.10622476786375046
4227500032.0,-0.08400967717170715
4228437504.0,-0.06187523901462555
4229374976.0,-0.03908596932888031
4230312448.0,-0.016162749379873276
4231249920.0,0.004920758306980133
4232187392.0,0.026938408613204956
4233125120.0,0.04646888002753258
4234062592.0,0.06609030067920685
4235000064.0,0.08328215777873993
4235937536.0,0.09938620775938034
4236875008.0,0.11244133114814758
4237812480.0,0.12364407628774643
4238749952.0,0.1318589746952057
4239687424.0,0.13850001990795135
4240624896.0,0.1423625648021698
4241562624.0,0.14320285618305206
4242500096.0,0.14147961139678955
4243437568.0,0.13786883652210236
4244375040.0,0.1314699947834015
4245312512.0,0.12183412164449692
4246249984.0,0.11148470640182495
4247187456.0,0.0986442044377327
4248124928.0,0.08486732095479965
4249062400.0,0.06839310377836227
4249999872.0,0.05201864615082741
4250937600.0,0.03443348780274391
4251875072.0,0.01759708672761917
4252812544.0,-0.001486338791437447
4253750016.0,-0.01997676119208336
4254687488.0,-0.03855748474597931
4255624960.0,-0.05712498724460602
4256562432.0,-0.07527824491262436
4257499904.0,-0.09245481342077255
4258437376.0,-0.10952615737915039
4259375104.0,-0.126223623752594
4260312576.0,-0.14161084592342377
4261250048.0,-0.15702879428863525
4262187520.0,-0.1724303513765335
4263124992.0,-0.18626613914966583
4264062464.0,-0.19938333332538605
4264999936.0,-0.21244630217552185
4265937408.0,-0.22519348561763763
4266874880.0,-0.23355141282081604
4267812608.0,-0.23721390962600708
4268750080.0,-0.2412462681531906
4269687552.0,-0.24520236253738403
4270625024.0,-0.2500510811805725
4271562496.0,-0.2535162568092346
4272499968.0,-0.25734642148017883
4273437440.0,-0.2606666386127472
4274374912.0,-0.2631935775279999
4275312384.0,-0.26366737484931946
4276250112.0,-0.26302722096443176
4277187584.0,-0.26069560647010803
4278125056.0,-0.258007675409317
4279062528.0,-0.2523370385169983
4280000000.0,-0.24481910467147827
4280937472.0,-0.23624327778816223
4281874944.0,-0.22441411018371582
4282812416.0,-0.21132467687129974
4283749888.0,-0.19670608639717102
4284687616.0,-0.18000595271587372
4285625088.0,-0.16302388906478882
4286562560.0,-0.14421066641807556
4287500032.0,-0.12372119724750519
4288437504.0,-0.10207367688417435
4289374976.0,-0.07912799715995789
4290312448.0,-0.055672191083431244
4291249920.0,-0.031532786786556244
4292187392.0,-0.0073654018342494965
4293125120.0,0.016004985198378563
4294062592.0,0.03916039317846298
4295000064.0,0.06117701157927513
4295937536.0,0.08122076839208603
4296875008.0,0.10103413462638855
4297812480.0,0.11865662038326263
4298749952.0,0.1350426822900772
4299687424.0,0.14878882467746735
4300624896.0,0.16022005677223206
4301562368.0,0.17000019550323486
4302499840.0,0.1757824569940567
4303437312.0,0.18120580911636353
4304374784.0,0.1823994219303131
4305312256.0,0.18136028945446014
4306250240.0,0.17722685635089874
4307187712.0,0.17060133814811707
4308125184.0,0.16132482886314392
4309062656.0,0.1485683023929596
4310000128.0,0.1332882195711136
4310937600.0,0.11637277156114578
4311875072.0,0.09490366280078888
4312812544.0,0.07272486388683319
4313750016.0,0.04709961265325546
4314687488.0,0.0207168310880661
4315624960.0,-0.008769549429416656
4316562432.0,-0.03808541223406792
4317499904.0,-0.06913536787033081
4318437376.0,-0.09874635934829712
4319374848.0,-0.12887588143348694
4320312320.0,-0.15786528587341309
4321249792.0,-0.18732009828090668
4322187264.0,-0.21383370459079742
4323125248.0,-0.23948438465595245
4324062720.0,-0.26394253969192505
4325000192.0,-0.2862895429134369
4325937664.0,-0.3062131106853485
4326875136.0,-0.3306603729724884
4327812608.0,-0.3234345018863678
4328750080.0,-0.31655025482177734
4329687552.0,-0.3082812428474426
4330625024.0,-0.29976198077201843
4331562496.0,-0.29115980863571167
4332499968.0,-0.28133997321128845
4333437440.0,-0.27259695529937744
4334374912.0,-0.2633298337459564
4335312384.0,-0.2556682229042053
4336249856.0,-0.24712291359901428
4337187328.0,-0.24000681936740875
4338124800.0,-0.234098419547081
4339062272.0,-0.22774842381477356
4339999744.0,-0.22157782316207886
4340937728.0,-0.21612022817134857
4341875200.0,-0.21145212650299072
4342812672.0,-0.20557983219623566
4343750144.0,-0.20000940561294556
4344687616.0,-0.19421622157096863
4345625088.0,-0.18752698600292206
4346562560.0,-0.18054388463497162
4347500032.0,-0.17349526286125183
4348437504.0,-0.1656201034784317
4349374976.0,-0.15821419656276703
4350312448.0,-0.14790838956832886
4351249920.0,-0.13666315376758575
4352187392.0,-0.12342403829097748
4353124864.0,-0.11031858623027802
4354062336.0,-0.09492563456296921
4354999808.0,-0.07975322008132935
4355937280.0,-0.06285255402326584
4356874752.0,-0.04614774137735367
4357812736.0,-0.03131665661931038
4358750208.0,-0.01713341288268566
4359687680.0,-0.0061972979456186295
4360625152.0,0.0014562307624146342
4361562624.0,0.006421355996280909
4362500096.0,0.00855428446084261
4363437568.0,0.01068616472184658
4364375040.0,0.012579227797687054
4365312512.0,0.013357052579522133
4366249984.0,0.0126756327226758
4367187456.0,0.013040547259151936
4368124928.0,0.011412081308662891
4369062400.0,0.009173455648124218
4369999872.0,0.005520955193787813
4370937344.0,0.002441698219627142
4371874816.0,-0.001942792092449963
4372812288.0,-0.007402009330689907
4373749760.0,-0.013339990749955177
4374687744.0,-0.0210562814027071
4375625216.0,-0.030702276155352592
4376562688.0,-0.04214954376220703
4377500160.0,-0.055722661316394806
4378437632.0,-0.06942280381917953
4379375104.0,-0.08589974790811539
4380312576.0,-0.10466010123491287
4381250048.0,-0.12623468041419983
4382187520.0,-0.14710597693920135
4383124992.0,-0.17064538598060608
4384062464.0,-0.19326142966747284
4384999936.0,-0.21710249781608582
4385937408.0,-0.24134010076522827
4386874880.0,-0.328521192073822
4387812352.0,-0.3425600230693817
4388749824.0,-0.3559485673904419
4389687296.0,-0.36506733298301697
4390624768.0,-0.3726698160171509
4391562752.0,-0.3768444359302521
4392500224.0,-0.3787861466407776
4393437696.0,-0.3777383863925934
4394375168.0,-0.3735337257385254
4395312640.0,-0.3651407063007355
4396250112.0,-0.35409796237945557
4397187584.0,-0.33913201093673706
4398125056.0,-0.3211362361907959
4399062528.0,-0.2998712360858917
4400000000.0,-0.27705225348472595
4400937472.0,-0.25191327929496765
4401874944.0,-0.22367998957633972
4402812416.0,-0.1951131969690323
4403749888.0,-0.16373971104621887
4404687360.0,-0.13211402297019958
4405624832.0,-0.09976428747177124
4406562304.0,-0.06763853132724762
4407499776.0,-0.036229413002729416
4408437248.0,-0.004848978482186794
4409375232.0,0.025502117350697517
4410312704.0,0.05359978228807449
4411250176.0,0.0800371766090393
4412187648.0,0.10331837832927704
4413125120.0,0.12554574012756348
4414062592.0,0.1442869007587433
4415000064.0,0.16036783158779144
4415937536.0,0.17330826818943024
4416875008.0,0.1818920224905014
4417812480.0,0.18809907138347626
4418749952.0,0.19092421233654022
4419687424.0,0.18984559178352356
4420624896.0,0.1867479830980301
4421562368.0,0.17856746912002563
4422499840.0,0.16823004186153412
4423437312.0,0.15458174049854279
4424374784.0,0.13787811994552612
4425312256.0,0.11926165223121643
4426250240.0,0.09843483567237854
4427187712.0,0.07554247230291367
4428125184.0,0.04977428540587425
4429062656.0,0.025149330496788025
4430000128.0,-0.002656015334650874
4430937600.0,-0.02989603765308857
4431875072.0,-0.05598829686641693
4432812544.0,-0.08193190395832062
4433750016.0,-0.1078755110502243
4434687488.0,-0.13310667872428894
4435624960.0,-0.15658053755760193
4436562432.0,-0.1776486486196518
4437499904.0,-0.19783398509025574
4438437376.0,-0.21473588049411774
4439374848.0,-0.230714350938797
4440312320.0,-0.24274346232414246
4441249792.0,-0.2523101568222046
4442187264.0,-0.2607545852661133
4443125248.0,-0.2655816674232483
4444062720.0,-0.2678817808628082
4445000192.0,-0.26804402470588684
4445937664.0,-0.2667558193206787
4446875136.0,-0.211952343583107
4447812608.0,-0.2148588001728058
4448750080.0,-0.21780264377593994
4449687552.0,-0.21653056144714355
4450625024.0,-0.21254782378673553
4451562496.0,-0.2057453840970993
4452499968.0,-0.1964842826128006
4453437440.0,-0.18438515067100525
4454374912.0,-0.17012496292591095
4455312384.0,-0.1529831439256668
4456249856.0,-0.13483521342277527
4457187328.0,-0.11473260819911957
4458124800.0,-0.09408991783857346
4459062272.0,-0.07249404489994049
4460000256.0,-0.05034981295466423
4460937728.0,-0.028224581852555275
4461875200.0,-0.006915226578712463
4462812672.0,0.01416173204779625
4463750144.0,0.03362177312374115
4464687616.0,0.05093836039304733
4465625088.0,0.06833075731992722
4466562560.0,0.08286155760288239
4467500032.0,0.09542413055896759
4468437504.0,0.10516124963760376
4469374976.0,0.1122305691242218
4470312448.0,0.11554668098688126
4471249920.0,0.11684215813875198
4472187392.0,0.11531642079353333
4473124864.0,0.11065242439508438
4474062336.0,0.1025310680270195
4474999808.0,0.09032610803842545
4475937280.0,0.07659705728292465
4476874752.0,0.05997771769762039
4477812736.0,0.04168824851512909
4478750208.0,0.020813940092921257
4479687680.0,-0.0024154495913535357
4480625152.0,-0.026707179844379425
4481562624.0,-0.052123330533504486
4482500096.0,-0.07940089702606201
4483437568.0,-0.10702847689390182
4484375040.0,-0.13465739786624908
4485312512.0,-0.16366924345493317
4486249984.0,-0.19142310321331024
4487187456.0,-0.22010068595409393
4488124928.0,-0.24589766561985016
4489062400.0,-0.2717289626598358
4489999872.0,-0.2959017753601074
4490937344.0,-0.3169776201248169
4491874816.0,-0.3370756208896637
4492812288.0,-0.35397249460220337
4493749760.0,-0.36923158168792725
4494687744.0,-0.38166937232017517
4495625216.0,-0.39205020666122437
4496562688.0,-0.40060362219810486
4497500160.0,-0.40680959820747375
4498437632.0,-0.4116981625556946
4499375104.0,-0.4138067364692688
4500312576.0,-0.41496387124061584
4501250048.0,-0.4140954315662384
4502187520.0,-0.41218143701553345
4503124992.0,-0.4087488055229187
4504062464.0,-0.4052913188934326
4504999936.0,-0.4007992446422577
4505937408.0,-0.39527609944343567
4506874880.0,-0.2747417390346527
4507812352.0,-0.27204129099845886
4508749824.0,-0.2701815664768219
4509687296.0,-0.2694808840751648
4510624768.0,-0.2676701843738556
4511562752.0,-0.2684803307056427
4512500224.0,-0.2695913016796112
4513437696.0,-0.27095556259155273
4514375168.0,-0.27419376373291016
4515312640.0,-0.2787383794784546
4516250112.0,-0.2831784784793854
4517187584.0,-0.29015856981277466
4518125056.0,-0.296566903591156
4519062528.0,-0.30362406373023987
4520000000.0,-0.312755823135376
4520937472.0,-0.32230842113494873
4521874944.0,-0.331866979598999
4522812416.0,-0.3415825366973877
4523749888.0,-0.35132795572280884
4524687360.0,-0.3612396717071533
4525624832.0,-0.36959704756736755
4526562304.0,-0.37890493869781494
4527499776.0,-0.3872823715209961
4528437248.0,-0.3957892954349518
4529375232.0,-0.4040963053703308
4530312704.0,-0.4117864668369293
4531250176.0,-0.4198027551174164
4532187648.0,-0.42644068598747253
4533125120.0,-0.43295207619667053
4534062592.0,-0.43948894739151
4535000064.0,-0.44591063261032104
4535937536.0,-0.4494720697402954
4536875008.0,-0.45434078574180603
4537812480.0,-0.45720672607421875
4538749952.0,-0.4596538245677948
4539687424.0,-0.461527019739151
4540624896.0,-0.4622855484485626
4541562368.0,-0.4631114900112152
4542499840.0,-0.4625100791454315
4543437312.0,-0.4622599482536316
4544374784.0,-0.460724413394928
4545312256.0,-0.459290474653244
4546250240.0,-0.4562385678291321
4547187712.0,-0.45448172092437744
4548125184.0,-0.45148855447769165
4549062656.0,-0.4483778774738312
4550000128.0,-0.4453901946544647
4550937600.0,-0.44146379828453064
4551875072.0,-0.4380183517932892
4552812544.0,-0.4347834587097168
4553750016.0,-0.433669775724411
4554687488.0,-0.42966848611831665
4555624960.0,-0.4281581938266754
4556562432.0,-0.4264221489429474
4557499904.0,-0.4241276681423187
4558437376.0,-0.42304566502571106
4559374848.0,-0.4211249053478241
4560312320.0,-0.4202370345592499
4561249792.0,-0.4189414083957672
4562187264.0,-0.41839680075645447
4563125248.0,-0.4179956018924713
4564062720.0,-0.41649046540260315
4565000192.0,-0.41451990604400635
4565937664.0,-0.41235294938087463
4566875136.0,-0.3692000210285187
4567812608.0,-0.3753397762775421
4568750080.0,-0.3781389594078064
4569687552.0,-0.3800596594810486
4570625024.0,-0.37968161702156067
4571562496.0,-0.3788599371910095
4572499968.0,-0.37395408749580383
4573437440.0,-0.36819514632225037
4574374912.0,-0.3596966862678528
4575312384.0,-0.3499985337257385
4576249856.0,-0.33828556537628174
4577187328.0,-0.32389259338378906
4578124800.0,-0.30848366022109985
4579062272.0,-0.29035767912864685
4579999744.0,-0.27195805311203003
4580937728.0,-0.25246405601501465
4581875200.0,-0.23101463913917542
4582812672.0,-0.20861037075519562
4583750144.0,-0.18735183775424957
4584687616.0,-0.1643763780593872
4585625088.0,-0.14099155366420746
4586562560.0,-0.11890172958374023
4587500032.0,-0.0959983766078949
4588437504.0,-0.07530307024717331
4589374976.0,-0.05605854094028473
4590312448.0,-0.03805689886212349
4591249920.0,-0.021847523748874664
4592187392.0,-0.006585360504686832
4593124864.0,0.0065056742168962955
4594062336.0,0.015738092362880707
4594999808.0,0.02297949604690075
4595937280.0,0.02844741754233837
4596874752.0,0.030831925570964813
4597812736.0,0.030321607366204262
4598750208.0,0.027318844571709633
4599687680.0,0.021419918164610863
4600625152.0,0.01340378075838089
4601562624.0,0.0012727915309369564
4602500096.0,-0.011500111781060696
4603437568.0,-0.027699895203113556
4604375040.0,-0.04486628994345665
4605312512.0,-0.06325338035821915
4606249984.0,-0.08327372372150421
4607187456.0,-0.10592082887887955
4608124928.0,-0.12887148559093475
4609062400.0,-0.1519494205713272
4609999872.0,-0.17464058101177216
4610937344.0,-0.19833487272262573
4611874816.0,-0.22118200361728668
4612812288.0,-0.24345780909061432
4613749760.0,-0.26472407579421997
4614687744.0,-0.2851245105266571
4615625216.0,-0.3046749234199524
4616562688.0,-0.3233317732810974
4617500160.0,-0.3388620615005493
4618437632.0,-0.355255126953125
4619375104.0,-0.3694915771484375
4620312576.0,-0.3841410279273987
4621250048.0,-0.39595186710357666
4622187520.0,-0.4078115224838257
4623124992.0,-0.41817060112953186
4624062464.0,-0.4281655251979828
4624999936.0,-0.43670475482940674
4625937408.0,-0.4446755051612854
4626874880.0,-0.4534943103790283
4627812352.0,-0.4485456347465515
4628749824.0,-0.4412534236907959
4629687296.0,-0.43317970633506775
4630624768.0,-0.42383888363838196
4631562752.0,-0.41485241055488586
4632500224.0,-0.4048958420753479
4633437696.0,-0.3948272168636322
4634375168.0,-0.38416996598243713
4635312640.0,-0.37422415614128113
4636250112.0,-0.3646940588951111
4637187584.0,-0.3554774224758148
4638125056.0,-0.3474748432636261
4639062528.0,-0.33978137373924255
4640000000.0,-0.33193647861480713
4640937472.0,-0.3261994421482086
4641874944.0,-0.3195895254611969
4642812416.0,-0.3149145543575287
4643749888.0,-0.3117760717868805
4644687360.0,-0.30811721086502075
4645624832.0,-0.30616840720176697
4646562304.0,-0.30602914094924927
4647499776.0,-0.30791085958480835
4648437248.0,-0.309898316860199
4649375232.0,-0.3129862844944
4650312704.0,-0.3171226978302002
4651250176.0,-0.32236841320991516
4652187648.0,-0.3273452818393707
4653125120.0,-0.33403828740119934
4654062592.0,-0.3416800796985626
4655000064.0,-0.3506951928138733
4655937536.0,-0.3592974543571472
4656875008.0,-0.3699769675731659
4657812480.0,-0.38094794750213623
4658749952.0,-0.3925290107727051
4659687424.0,-0.40407422184944153
4660624896.0,-0.41708046197891235
4661562368.0,-0.4290319085121155
4662499840.0,-0.4425989091396332
4663437312.0,-0.4578447639942169
4664374784.0,-0.47112640738487244
4665312256.0,-0.48602786660194397
4666250240.0,-0.5005245804786682
4667187712.0,-0.5153136849403381
4668125184.0,-0.5299546122550964
4669062656.0,-0.544182300567627
4670000128.0,-0.5577601194381714
4670937600.0,-0.5722430944442749
4671875072.0,-0.5868257880210876
4672812544.0,-0.6004739999771118
4673750016.0,-0.6139707565307617
4674687488.0,-0.6279551982879639
4675624960.0,-0.6395500898361206
4676562432.0,-0.650615930557251
4677499904.0,-0.6611247062683105
4678437376.0,-0.6700364351272583
4679374848.0,-0.678227424621582
4680312320.0,-0.6865549683570862
4681249792.0,-0.693773090839386
4682187264.0,-0.6980658769607544
4683125248.0,-0.7024511098861694
4684062720.0,-0.7046607732772827
4685000192.0,-0.7050407528877258
4685937664.0,-0.7032501697540283
4686875136.0,-0.6810183525085449
4687812608.0,-0.6791231632232666
4688750080.0,-0.6746698617935181
4689687552.0,-0.6675377488136292
4690625024.0,-0.6586097478866577
4691562496.0,-0.6469988822937012
4692499968.0,-0.6317528486251831
4693437440.0,-0.6162737011909485
4694374912.0,-0.5975795388221741
4695312384.0,-0.577017068862915
4696249856.0,-0.554991602897644
4697187328.0,-0.532306969165802
4698124800.0,-0.5101220607757568
4699062272.0,-0.48748791217803955
4700000256.0,-0.4647485017776489
4700937728.0,-0.4431617856025696
4701875200.0,-0.423193097114563
4702812672.0,-0.4035751223564148
4703750144.0,-0.38697993755340576
4704687616.0,-0.37401336431503296
4705625088.0,-0.36423459649086
4706562560.0,-0.3575021028518677
4707500032.0,-0.35351860523223877
4708437504.0,-0.3554420471191406
4709374976.0,-0.3610009253025055
4710312448.0,-0.3705086410045624
4711249920.0,-0.3865378499031067
4712187392.0,-0.4061349630355835
4713124864.0,-0.431132972240448
4714062336.0,-0.4598767161369324
4714999808.0,-0.4930238723754883
4715937280.0,-0.5315181016921997
4716874752.0,-0.572797954082489
4717812736.0,-0.6169402003288269
4718750208.0,-0.6622859239578247
4719687680.0,-0.7109461426734924
4720625152.0,-0.7596063017845154
4721562624.0,-0.8095393776893616
4722500096.0,-0.8569381237030029
4723437568.0,-0.9039243459701538
4724375040.0,-0.9488881826400757
4725312512.0,-0.9907954931259155
4726249984.0,-1.0308912992477417
4727187456.0,-1.0652058124542236
4728124928.0,-1.0953004360198975
4729062400.0,-1.120362401008606
4729999872.0,-1.1410480737686157
4730937344.0,-1.1565362215042114
4731874816.0,-1.1683968305587769
4732812288.0,-1.1757041215896606
4733749760.0,-1.1791456937789917
4734687744.0,-1.1783699989318848
4735625216.0,-1.1757599115371704
4736562688.0,-1.1696516275405884
4737500160.0,-1.1604734659194946
4738437632.0,-1.1504411697387695
4739375104.0,-1.1397117376327515
4740312576.0,-1.1259241104125977
4741250048.0,-1.111562728881836
4742187520.0,-1.09699547290802
4743124992.0,-1.0823395252227783
4744062464.0,-1.067236065864563
4744999936.0,-1.051452875137329
4745937408.0,-1.036264181137085
4746874880.0,-0.8073238730430603
4747812352.0,-0.8143059611320496
4748749824.0,-0.820759654045105
4749687296.0,-0.8282629251480103
4750624768.0,-0.8333810567855835
4751562752.0,-0.8383558988571167
4752500224.0,-0.8420389294624329
4753437696.0,-0.8451783657073975
4754375168.0,-0.8491471409797668
4755312640.0,-0.8515996932983398
4756250112.0,-0.8551850318908691
4757187584.0,-0.8559552431106567
4758125056.0,-0.8566185235977173
4759062528.0,-0.856457531452179
4760000000.0,-0.8558509945869446
4760937472.0,-0.8541452288627625
4761874944.0,-0.851887583732605
4762812416.0,-0.8504979014396667
4763749888.0,-0.846754789352417
4764687360.0,-0.8438969254493713
4765624832.0,-0.8402780294418335
4766562304.0,-0.8356034159660339
4767499776.0,-0.8304463028907776
4768437248.0,-0.8253322243690491
4769375232.0,-0.8203443884849548
4770312704.0,-0.8156574964523315
4771250176.0,-0.8111538290977478
4772187648.0,-0.807734489440918
4773125120.0,-0.8029798865318298
4774062592.0,-0.8002197742462158
4775000064.0,-0.7972422242164612
4775937536.0,-0.7973034381866455
4776875008.0,-0.7985773086547852
4777812480.0,-0.8005303144454956
4778749952.0,-0.8046510219573975
4779687424.0,-0.8101119995117188
4780624896.0,-0.819086492061615
4781562368.0,-0.829094648361206
4782499840.0,-0.8407161235809326
4783437312.0,-0.8545969724655151
4784374784.0,-0.8713699579238892
4785312256.0,-0.8888918161392212
4786250240.0,-0.9099727869033813
4787187712.0,-0.9321010708808899
4788125184.0,-0.9559454321861267
4789062656.0,-0.9806892275810242
4790000128.0,-1.0059407949447632
4790937600.0,-1.032259225845337
4791875072.0,-1.058334231376648
4792812544.0,-1.0851696729660034
4793750016.0,-1.1133739948272705
4794687488.0,-1.1409841775894165
4795624960.0,-1.1676493883132935
4796562432.0,-1.1951148509979248
4797499904.0,-1.2207350730895996
4798437376.0,-1.2443877458572388
4799374848.0,-1.2692677974700928
4800312320.0,-1.2904876470565796
4801249792.0,-1.3104835748672485
4802187264.0,-1.3281214237213135
4803125248.0,-1.3441896438598633
4804062720.0,-1.3566477298736572
4805000192.0,-1.3680016994476318
4805937664.0,-1.3753916025161743
4806875136.0,-1.2287200689315796
4807812608.0,-1.2321228981018066
4808750080.0,-1.2334345579147339
4809687552.0,-1.233510136604309
4810625024.0,-1.2313106060028076
4811562496.0,-1.228836178779602
4812499968.0,-1.2254555225372314
4813437440.0,-1.2209937572479248
4814374912.0,-1.2151999473571777
4815312384.0,-1.2090609073638916
4816249856.0,-1.2013832330703735
4817187328.0,-1.1951736211776733
4818124800.0,-1.1884641647338867
4819062272.0,-1.1813932657241821
4819999744.0,-1.175065517425537
4820937728.0,-1.1690008640289307
4821875200.0,-1.1647565364837646
4822812672.0,-1.1607846021652222
4823750144.0,-1.1590474843978882
4824687616.0,-1.1576611995697021
4825625088.0,-1.1576803922653198
4826562560.0,-1.159010410308838
4827500032.0,-1.1636714935302734
4828437504.0,-1.1695917844772339
4829374976.0,-1.1768995523452759
4830312448.0,-1.188025951385498
4831249920.0,-1.1997065544128418
4832187392.0,-1.212854266166687
4833124864.0,-1.2282707691192627
4834062336.0,-1.2441941499710083
4834999808.0,-1.2626010179519653
4835937280.0,-1.2819170951843262
4836874752.0,-1.3016457557678223
4837812736.0,-1.3231019973754883
4838750208.0,-1.3435372114181519
4839687680.0,-1.3654160499572754
4840625152.0,-1.386497139930725
4841562624.0,-1.4078457355499268
4842500096.0,-1.4290058612823486
4843437568.0,-1.4503169059753418
4844375040.0,-1.47067129611969
4845312512.0,-1.488680124282837
4846249984.0,-1.5072143077850342
4847187456.0,-1.5235320329666138
4848124928.0,-1.541347622871399
4849062400.0,-1.5554227828979492
4849999872.0,-1.5691516399383545
4850937344.0,-1.5801509618759155
4851874816.0,-1.59089195728302
4852812288.0,-1.5984787940979004
4853749760.0,-1.6066092252731323
4854687744.0,-1.6125733852386475
4855625216.0,-1.6170058250427246
4856562688.0,-1.620497703552246
4857500160.0,-1.6231002807617188
4858437632.0,-1.6267896890640259
4859375104.0,-1.6291621923446655
4860312576.0,-1.6312981843948364
4861250048.0,-1.6344393491744995
4862187520.0,-1.6369439363479614
4863124992.0,-1.6415361166000366
4864062464.0,-1.6454871892929077
4864999936.0,-1.6482841968536377
4865937408.0,-1.6520501375198364
4866874880.0,-1.6338865756988525
4867812352.0,-1.6371002197265625
4868749824.0,-1.640819787979126
4869687296.0,-1.6462528705596924
4870624768.0,-1.6502258777618408
4871562752.0,-1.6558862924575806
4872500224.0,-1.6610755920410156
4873437696.0,-1.667288064956665
4874375168.0,-1.674757480621338
4875312640.0,-1.682684063911438
4876250112.0,-1.6914798021316528
4877187584.0,-1.7009273767471313
4878125056.0,-1.7091853618621826
4879062528.0,-1.7206741571426392
4880000000.0,-1.7332817316055298
4880937472.0,-1.7441041469573975
4881874944.0,-1.758492112159729
4882812416.0,-1.7707916498184204
4883749888.0,-1.7841730117797852
4884687360.0,-1.797410011291504
4885624832.0,-1.8100138902664185
4886562304.0,-1.8194084167480469
4887499776.0,-1.829116702079773
4888437248.0,-1.837254285812378
4889375232.0,-1.842650294303894
4890312704.0,-1.8461570739746094
4891250176.0,-1.8471882343292236
4892187648.0,-1.8455476760864258
4893125120.0,-1.842320203781128
4894062592.0,-1.8366081714630127
4895000064.0,-1.827967643737793
4895937536.0,-1.8169010877609253
4896875008.0,-1.8027604818344116
4897812480.0,-1.7881594896316528
4898749952.0,-1.768200159072876
4899687424.0,-1.7484225034713745
4900624896.0,-1.7257194519042969
4901562368.0,-1.7011007070541382
4902499840.0,-1.6757642030715942
4903437312.0,-1.6494452953338623
4904374784.0,-1.622828722000122
4905312256.0,-1.5961647033691406
4906250240.0,-1.567771077156067
4907187712.0,-1.5410387516021729
4908125184.0,-1.5141762495040894
4909062656.0,-1.489674687385559
4910000128.0,-1.4662001132965088
4910937600.0,-1.4445643424987793
4911875072.0,-1.4251517057418823
4912812544.0,-1.4080148935317993
4913750016.0,-1.393554449081421
4914687488.0,-1.380384922027588
4915624960.0,-1.370619535446167
4916562432.0,-1.362856388092041
4917499904.0,-1.3565635681152344
4918437376.0,-1.3535043001174927
4919374848.0,-1.3522766828536987
4920312320.0,-1.3530429601669312
4921249792.0,-1.3550277948379517
4922187264.0,-1.2984247207641602
4923125248.0,-1.2880661487579346
4924062720.0,-1.2782377004623413
4925000192.0,-1.2704308032989502
4925937664.0,-1.3845082521438599
4926875136.0,-1.3917975425720215
4927812608.0,-1.3994340896606445
4928750080.0,-1.4049997329711914
4929687552.0,-1.408869981765747
4930625024.0,-1.4113484621047974
4931562496.0,-1.4125735759735107
4932499968.0,-1.4115790128707886
4933437440.0,-1.408154010772705
4934374912.0,-1.402159571647644
4935312384.0,-1.3940635919570923
4936249856.0,-1.383272647857666
4937187328.0,-1.3696609735488892
4938124800.0,-1.3541151285171509
4939062272.0,-1.337134599685669
4940000256.0,-1.3174782991409302
4940937728.0,-1.2966142892837524
4941875200.0,-1.2745037078857422
4942812672.0,-1.2510555982589722
4943750144.0,-1.2281996011734009
4944687616.0,-1.2050440311431885
4945625088.0,-1.1818311214447021
4946562560.0,-1.1599010229110718
4947500032.0,-1.1382023096084595
4948437504.0,-1.1180461645126343
4949374976.0,-1.0986168384552002
4950312448.0,-1.0818694829940796
4951249920.0,-1.066318154335022
4952187392.0,-1.0545594692230225
4953124864.0,-1.0441101789474487
4954062336.0,-1.036446452140808
4954999808.0,-1.0308219194412231
4955937280.0,-1.0272960662841797
4956874752.0,-1.0237175226211548
4957812736.0,-1.020796537399292
4958750208.0,-1.019873857498169
4959687680.0,-1.017469048500061
4960625152.0,-1.0164463520050049
4961562624.0,-1.014261245727539
4962500096.0,-1.0105705261230469
4963437568.0,-1.006670355796814
4964375040.0,-1.001226544380188
4965312512.0,-0.993901252746582
4966249984.0,-0.9863971471786499
4967187456.0,-0.97786545753479
4968124928.0,-0.9688424468040466
4969062400.0,-0.9595897793769836
4969999872.0,-0.950142502784729
4970937344.0,-0.9411044716835022
4971874816.0,-0.9313004612922668
4972812288.0,-0.922327995300293
4973749760.0,-0.9130573868751526
4974687744.0,-0.9034959077835083
4975625216.0,-0.8945618271827698
4976562688.0,-0.8871566653251648
4977500160.0,-0.8789553046226501
4978437632.0,-0.8711910843849182
4979375104.0,-0.8639892935752869
4980312576.0,-0.8557476997375488
4981250048.0,-0.8483359813690186
4982187520.0,-0.8396762013435364
4983124992.0,-0.8297067880630493
4984062464.0,-0.8208073377609253
4984999936.0,-0.8111728429794312
4985937408.0,-0.7912662625312805
4986874880.0,-0.7812039852142334
4987812352.0,-0.7735192775726318
4988749824.0,-0.767231285572052
4989687296.0,-0.7608060836791992
4990624768.0,-0.7565896511077881
4991562752.0,-0.7538096904754639
4992500224.0,-0.7527099847793579
4993437696.0,-0.7518391013145447
4994375168.0,-0.7532848119735718
4995312640.0,-0.7556454539299011
4996250112.0,-0.7593204379081726
4997187584.0,-0.7632037401199341
4998125056.0,-0.7690559029579163
4999062528.0,-0.7761520147323608
5000000000.0,-0.7844518423080444
5000937472.0,-0.7930790781974792
5001874944.0,-0.8015326857566833
5002812416.0,-0.8093848824501038
5003749888.0,-0.8175855875015259
5004687360.0,-0.8250999450683594
5005624832.0,-0.8310330510139465
5006562304.0,-0.836159348487854
5007499776.0,-0.8397051095962524
5008437248.0,-0.8426172733306885
5009375232.0,-0.8419091701507568
5010312704.0,-0.840264618396759
5011250176.0,-0.8360705375671387
5012187648.0,-0.8281762003898621
5013125120.0,-0.8188796043395996
5014062592.0,-0.8064172267913818
5015000064.0,-0.7926913499832153
5015937536.0,-0.7750970125198364
5016875008.0,-0.7564828991889954
5017812480.0,-0.7343298196792603
5018749952.0,-0.7104888558387756
5019687424.0,-0.683411180973053
5020624896.0,-0.6552483439445496
5021562368.0,-0.6255784034729004
5022499840.0,-0.5943602323532104
5023437312.0,-0.5632729530334473
5024374784.0,-0.5322050452232361
5025312256.0,-0.5005096793174744
5026250240.0,-0.4696142077445984
5027187712.0,-0.4391109347343445
5028125184.0,-0.4097888171672821
5029062656.0,-0.3810494542121887
5030000128.0,-0.3552001118659973
5030937600.0,-0.33131006360054016
5031875072.0,-0.3092309534549713
5032812544.0,-0.28946995735168457
5033750016.0,-0.27240806818008423
5034687488.0,-0.25908181071281433
5035624960.0,-0.2476508915424347
5036562432.0,-0.24100084602832794
5037499904.0,-0.23619069159030914
5038437376.0,-0.23540066182613373
5039374848.0,-0.23768660426139832
5040312320.0,-0.24264444410800934
5041249792.0,-0.25016021728515625
5042187264.0,-0.2610645592212677
5043125248.0,-0.27478811144828796
5044062720.0,-0.29065874218940735
5045000192.0,-0.3088347613811493
5045937664.0,-0.5721982717514038
5046875136.0,-0.5815004110336304
5047812608.0,-0.5905528664588928
5048750080.0,-0.5990931987762451
5049687552.0,-0.6080726385116577
5050625024.0,-0.6170092821121216
5051562496.0,-0.6258459687232971
5052499968.0,-0.6332723498344421
5053437440.0,-0.6428674459457397
5054374912.0,-0.650600016117096
5055312384.0,-0.657591700553894
5056249856.0,-0.6640226244926453
5057187328.0,-0.6696426868438721
5058124800.0,-0.673903226852417
5059062272.0,-0.6773573756217957
5059999744.0,-0.6787732243537903
5060937728.0,-0.6809424757957458
5061875200.0,-0.6803794503211975
5062812672.0,-0.6784428954124451
5063750144.0,-0.674170196056366
5064687616.0,-0.6679574847221375
5065625088.0,-0.6614934206008911
5066562560.0,-0.6512532234191895
5067500032.0,-0.640981137752533
5068437504.0,-0.6274663805961609
5069374976.0,-0.6122051477432251
5070312448.0,-0.5957246422767639
5071249920.0,-0.5769864320755005
5072187392.0,-0.5573019981384277
5073124864.0,-0.536065399646759
5074062336.0,-0.5149207711219788
5074999808.0,-0.49157124757766724
5075937280.0,-0.4685412049293518
5076874752.0,-0.4438469707965851
5077812736.0,-0.4200607240200043
5078750208.0,-0.3944717049598694
5079687680.0,-0.3702535331249237
5080625152.0,-0.3463512361049652
5081562624.0,-0.32255661487579346
5082500096.0,-0.300150066614151
5083437568.0,-0.27974724769592285
5084375040.0,-0.2609598934650421
5085312512.0,-0.24282260239124298
5086249984.0,-0.22622594237327576
5087187456.0,-0.21317873895168304
5088124928.0,-0.20188218355178833
5089062400.0,-0.19234700500965118
5089999872.0,-0.18675224483013153
5090937344.0,-0.18285484611988068
5091874816.0,-0.18262815475463867
5092812288.0,-0.1847536861896515
5093749760.0,-0.18925511837005615
5094687744.0,-0.19703848659992218
5095625216.0,-0.20618703961372375
5096562688.0,-0.21813678741455078
5097500160.0,-0.2319246530532837
5098437632.0,-0.24883416295051575
5099375104.0,-0.2660920321941376
5100312576.0,-0.28608429431915283
5101250048.0,-0.3070194125175476
5102187520.0,-0.3303722143173218
5103124992.0,-0.3536965250968933
5104062464.0,-0.3780384957790375
5104999936.0,-0.40344810485839844
5105937408.0,-0.49837061762809753
5106874880.0,-0.5154059529304504
5107812352.0,-0.5308361053466797
5108749824.0,-0.545348584651947
5109687296.0,-0.5579895973205566
5110624768.0,-0.5687630772590637
5111562752.0,-0.5773419737815857
5112500224.0,-0.5833700299263
5113437696.0,-0.5884204506874084
5114375168.0,-0.5910301208496094
5115312640.0,-0.5914726257324219
5116250112.0,-0.5910634994506836
5117187584.0,-0.5870388150215149
5118125056.0,-0.5836186408996582
5119062528.0,-0.5776058435440063
5120000000.0,-0.5716874003410339
5120937472.0,-0.5651496052742004
5121874944.0,-0.5572254657745361
5122812416.0,-0.5492184162139893
5123749888.0,-0.541813313961029
5124687360.0,-0.5326991677284241
5125624832.0,-0.5246478915214539
5126562304.0,-0.5156129002571106
5127499776.0,-0.5062011480331421
5128437248.0,-0.4980286657810211
5129375232.0,-0.48725929856300354
5130312704.0,-0.4773288667201996
5131250176.0,-0.46637552976608276
5132187648.0,-0.4541259706020355
5133125120.0,-0.4402146339416504
5134062592.0,-0.42590245604515076
5135000064.0,-0.40963417291641235
5135937536.0,-0.3919762969017029
5136875008.0,-0.3746286928653717
5137812480.0,-0.35562917590141296
5138749952.0,-0.33654335141181946
5139687424.0,-0.3193753957748413
5140624896.0,-0.3028782308101654
5141562368.0,-0.28668075799942017
5142499840.0,-0.2726244032382965
5143437312.0,-0.26277557015419006
5144374784.0,-0.25621482729911804
5145312256.0,-0.25640177726745605
5146250240.0,-0.26356956362724304
5147187712.0,-0.27583786845207214
5148125184.0,-0.29134270548820496
5149062656.0,-0.3096468150615692
5150000128.0,-0.32818859815597534
5150937600.0,-0.3502151370048523
5151875072.0,-0.37139540910720825
5152812544.0,-0.3932326138019562
5153750016.0,-0.41207730770111084
5154687488.0,-0.43117383122444153
5155624960.0,-0.44895079731941223
5156562432.0,-0.4650008976459503
5157499904.0,-0.47882699966430664
5158437376.0,-0.4934335947036743
5159374848.0,-0.5051576495170593
5160312320.0,-0.5156816840171814
5161249792.0,-0.5242552757263184
5162187264.0,-0.5325912237167358
5163125248.0,-0.5412884950637817
5164062720.0,-0.5477617383003235
5165000192.0,-0.555245041847229
5165937664.0,-0.5611686110496521
5166875136.0,-0.5759614109992981
5167812608.0,-0.590653121471405
5168750080.0,-0.606483519077301
5169687552.0,-0.6235290169715881
5170625024.0,-0.6400682330131531
5171562496.0,-0.6573746204376221
5172499968.0,-0.6738944053649902
5173437440.0,-0.6903998851776123
5174374912.0,-0.7044104933738708
5175312384.0,-0.7187569737434387
5176249856.0,-0.7298462390899658
5177187328.0,-0.7391457557678223
5178124800.0,-0.7470300793647766
5179062272.0,-0.7528247237205505
5180000256.0,-0.755685567855835
5180937728.0,-0.7550905346870422
5181875200.0,-0.7523471713066101
5182812672.0,-0.7465403079986572
5183750144.0,-0.7385061979293823
5184687616.0,-0.7263204455375671
5185625088.0,-0.7125346660614014
5186562560.0,-0.6976516246795654
5187500032.0,-0.6795617341995239
5188437504.0,-0.6596931219100952
5189374976.0,-0.6385460495948792
5190312448.0,-0.616154670715332
5191249920.0,-0.593311071395874
5192187392.0,-0.5706228613853455
5193124864.0,-0.5453677773475647
5194062336.0,-0.5207023024559021
5194999808.0,-0.4967407286167145
5195937280.0,-0.4750461280345917
5196874752.0,-0.4531067907810211
5197812736.0,-0.43280860781669617
5198750208.0,-0.41310614347457886
5199687680.0,-0.3958367705345154
5200625152.0,-0.38066473603248596
5201562624.0,-0.3673540949821472
5202500096.0,-0.3561815023422241
5203437568.0,-0.34840384125709534
5204375040.0,-0.3425500690937042
5205312512.0,-0.3409932255744934
5206249984.0,-0.34223076701164246
5207187456.0,-0.34701189398765564
5208124928.0,-0.3537125885486603
5209062400.0,-0.3629889190196991
5209999872.0,-0.3749473989009857
5210937344.0,-0.38994184136390686
5211874816.0,-0.4080510139465332
5212812288.0,-0.4270637631416321
5213749760.0,-0.4487950801849365
5214687744.0,-0.4725077748298645
5215625216.0,-0.49730542302131653
5216562688.0,-0.5239383578300476
5217500160.0,-0.551044225692749
5218437632.0,-0.5785612463951111
5219375104.0,-0.6070992350578308
5220312576.0,-0.6352785229682922
5221250048.0,-0.6633303761482239
5222187520.0,-0.6908481121063232
5223124992.0,-0.7186047434806824
5224062464.0,-0.7453165650367737
5224999936.0,-0.7701795101165771
5225937408.0,-0.8202647566795349
5226874880.0,-0.8451960682868958
5227812352.0,-0.8678661584854126
5228749824.0,-0.8886664509773254
5229687296.0,-0.9074175357818604
5230624768.0,-0.9227704405784607
5231562752.0,-0.9375901222229004
5232500224.0,-0.9474093317985535
5233437696.0,-0.9547045826911926
5234375168.0,-0.9603531956672668
5235312640.0,-0.9631909132003784
5236250112.0,-0.9639843106269836
5237187584.0,-0.9629501104354858
5238125056.0,-0.9592158198356628
5239062528.0,-0.954197108745575
5240000000.0,-0.9458343982696533
5240937472.0,-0.9353522062301636
5241874944.0,-0.92398601770401
5242812416.0,-0.9111515283584595
5243749888.0,-0.8970209360122681
5244687360.0,-0.8818363547325134
5245624832.0,-0.8669390678405762
5246562304.0,-0.8510556221008301
5247499776.0,-0.8361949920654297
5248437248.0,-0.8218517303466797
5249375232.0,-0.8066784143447876
5250312704.0,-0.7913968563079834
5251250176.0,-0.7767449021339417
5252187648.0,-0.762235701084137
5253125120.0,-0.7493351101875305
5254062592.0,-0.7382590174674988
5255000064.0,-0.7280331254005432
5255937536.0,-0.7207024097442627
5256875008.0,-0.7137054204940796
5257812480.0,-0.7087464332580566
5258749952.0,-0.7036800384521484
5259687424.0,-0.7018566131591797
5260624896.0,-0.7009657621383667
5261562368.0,-0.701913595199585
5262499840.0,-0.7043856978416443
5263437312.0,-0.7103433609008789
5264374784.0,-0.7183014750480652
5265312256.0,-0.7284438014030457
5266250240.0,-0.7422452569007874
5267187712.0,-0.7568068504333496
5268125184.0,-0.7747851610183716
5269062656.0,-0.7948458194732666
5270000128.0,-0.8158333897590637
5270937600.0,-0.8392427563667297
5271875072.0,-0.8645378351211548
5272812544.0,-0.8905748128890991
5273750016.0,-0.9200266599655151
5274687488.0,-0.9513317942619324
5275624960.0,-0.9843311309814453
5276562432.0,-1.0195226669311523
5277499904.0,-1.0558289289474487
5278437376.0,-1.0941567420959473
5279374848.0,-1.131881833076477
5280312320.0,-1.1719657182693481
5281249792.0,-1.212538480758667
5282187264.0,-1.2527353763580322
5283125248.0,-1.293347954750061
5284062720.0,-1.3332493305206299
5285000192.0,-1.3730443716049194
5285937664.0,-1.398391842842102
5286875136.0,-1.429677963256836
5287812608.0,-1.4597992897033691
5288750080.0,-1.4873989820480347
5289687552.0,-1.5139532089233398
5290625024.0,-1.5364015102386475
5291562496.0,-1.5570974349975586
5292499968.0,-1.5762407779693604
5293437440.0,-1.5914632081985474
5294374912.0,-1.6029484272003174
5295312384.0,-1.6107046604156494
5296249856.0,-1.6147047281265259
5297187328.0,-1.6166647672653198
5298124800.0,-1.6148887872695923
5299062272.0,-1.612892985343933
5299999744.0,-1.606777548789978
5300937728.0,-1.599475622177124
5301875200.0,-1.5888640880584717
5302812672.0,-1.5760661363601685
5303750144.0,-1.5610677003860474
5304687616.0,-1.5446184873580933
5305625088.0,-1.527579665184021
5306562560.0,-1.510040521621704
5307500032.0,-1.4930238723754883
5308437504.0,-1.4767847061157227
5309374976.0,-1.462235689163208
5310312448.0,-1.448059320449829
5311249920.0,-1.4354066848754883
5312187392.0,-1.4232988357543945
5313124864.0,-1.41287100315094
5314062336.0,-1.4029723405838013
5314999808.0,-1.3941271305084229
5315937280.0,-1.3885196447372437
5316874752.0,-1.3838398456573486
5317812736.0,-1.384657859802246
5318750208.0,-1.3875008821487427
5319687680.0,-1.3924096822738647
5320625152.0,-1.3998624086380005
5321562624.0,-1.4079560041427612
5322500096.0,-1.4198272228240967
5323437568.0,-1.4333170652389526
5324375040.0,-1.449855923652649
5325312512.0,-1.4690896272659302
5326249984.0,-1.4902143478393555
5327187456.0,-1.514419436454773
5328124928.0,-1.5423028469085693
5329062400.0,-1.5726065635681152
5329999872.0,-1.6071959733963013
5330937344.0,-1.6443811655044556
5331874816.0,-1.6837656497955322
5332812288.0,-1.7544572353363037
5333749760.0,-1.8040601015090942
5334687744.0,-1.856004238128662
5335625216.0,-1.909235954284668
5336562688.0,-1.9628653526306152
5337500160.0,-2.019418239593506
5338437632.0,-2.075784206390381
5339375104.0,-2.1335065364837646
5340312576.0,-2.1920857429504395
5341250048.0,-2.250115394592285
5342187520.0,-2.305725336074829
5343124992.0,-2.3616085052490234
5344062464.0,-2.4145708084106445
5344999936.0,-2.465653419494629
5345937408.0,-2.4010860919952393
5346874880.0,-2.430522918701172
5347812352.0,-2.4580740928649902
5348749824.0,-2.4811758995056152
5349687296.0,-2.501624822616577
5350624768.0,-2.517751932144165
5351562752.0,-2.5307772159576416
5352500224.0,-2.5420398712158203
5353437696.0,-2.54746413230896
5354375168.0,-2.5506932735443115
5355312640.0,-2.5512588024139404
5356250112.0,-2.548048496246338
5357187584.0,-2.541456460952759
5358125056.0,-2.531921625137329
5359062528.0,-2.516967296600342
5360000000.0,-2.500314474105835
5360937472.0,-2.482975721359253
5361874944.0,-2.462217330932617
5362812416.0,-2.4400885105133057
5363749888.0,-2.4179227352142334
5364687360.0,-2.392817735671997
5365624832.0,-2.369603157043457
5366562304.0,-2.3435423374176025
5367499776.0,-2.3163585662841797
5368437248.0,-2.290449857711792
5369375232.0,-2.263843297958374
5370312704.0,-2.2360939979553223
5371250176.0,-2.210615873336792
5372187648.0,-2.184992790222168
5373125120.0,-2.1613595485687256
5374062592.0,-2.138439178466797
5375000064.0,-2.118051528930664
5375937536.0,-2.0996086597442627
5376875008.0,-2.0811004638671875
5377812480.0,-2.063300371170044
5378749952.0,-2.046741008758545
5379687424.0,-2.0319056510925293
5380624896.0,-2.017536163330078
5381562368.0,-2.0050442218780518
5382499840.0,-1.9946993589401245
5383437312.0,-1.9861723184585571
5384374784.0,-1.9796584844589233
5385312256.0,-1.977608323097229
5386250240.0,-1.9739471673965454
5387187712.0,-1.9722992181777954
5388125184.0,-1.9715712070465088
5389062656.0,-1.9702706336975098
5390000128.0,-1.9719932079315186
5390937600.0,-1.9743181467056274
5391875072.0,-1.977113127708435
5392812544.0,-1.9807296991348267
5393750016.0,-1.9846149682998657
5394687488.0,-1.988779067993164
5395624960.0,-1.9934484958648682
5396562432.0,-1.9984811544418335
5397499904.0,-2.0034141540527344
5398437376.0,-2.0098073482513428
5399374848.0,-2.0145974159240723
5400312320.0,-2.021362543106079
5401249792.0,-2.0264244079589844
5402187264.0,-2.030730962753296
5403125248.0,-2.033477306365967
5404062720.0,-2.034884214401245
5405000192.0,-2.035897731781006
5405937664.0,-2.1761913299560547
5406875136.0,-2.173933506011963
5407812608.0,-2.1673293113708496
5408750080.0,-2.1583197116851807
5409687552.0,-2.1464498043060303
5410625024.0,-2.1314780712127686
5411562496.0,-2.1145973205566406
5412499968.0,-2.0964882373809814
5413437440.0,-2.0751640796661377
5414374912.0,-2.0534448623657227
5415312384.0,-2.028839349746704
5416249856.0,-2.0027060508728027
5417187328.0,-1.9747098684310913
5418124800.0,-1.9457178115844727
5419062272.0,-1.9159709215164185
5420000256.0,-1.8841819763183594
5420937728.0,-1.8525179624557495
5421875200.0,-1.8187569379806519
5422812672.0,-1.7844655513763428
5423750144.0,-1.7517143487930298
5424687616.0,-1.7188105583190918
5425625088.0,-1.6847347021102905
5426562560.0,-1.6539374589920044
5427500032.0,-1.6218633651733398
5428437504.0,-1.5915827751159668
5429374976.0,-1.5632094144821167
5430312448.0,-1.5356870889663696
5431249920.0,-1.5100221633911133
5432187392.0,-1.4857368469238281
5433124864.0,-1.4636774063110352
5434062336.0,-1.4416664838790894
5434999808.0,-1.4196727275848389
5435937280.0,-1.4007818698883057
5436874752.0,-1.3821678161621094
5437812736.0,-1.3649483919143677
5438750208.0,-1.3490484952926636
5439687680.0,-1.3352611064910889
5440625152.0,-1.3217204809188843
5441562624.0,-1.3099225759506226
5442500096.0,-1.3003544807434082
5443437568.0,-1.2919343709945679
5444375040.0,-1.2854763269424438
5445312512.0,-1.2783130407333374
5446249984.0,-1.2730070352554321
5447187456.0,-1.271152138710022
5448124928.0,-1.270742654800415
5449062400.0,-1.2709434032440186
5449999872.0,-1.2734709978103638
5450937344.0,-1.277835488319397
5451874816.0,-1.2848550081253052
5452812288.0,-1.291177749633789
5453749760.0,-1.2985202074050903
5454687744.0,-1.3091208934783936
5455625216.0,-1.3178892135620117
5456562688.0,-1.3270845413208008
5457500160.0,-1.3380751609802246
5458437632.0,-1.348685383796692
5459375104.0,-1.3593807220458984
5460312576.0,-1.3684313297271729
5461250048.0,-1.3785070180892944
5462187520.0,-1.3869431018829346
5463124992.0,-1.3942394256591797
5464062464.0,-1.4000722169876099
5464999936.0,-1.405108094215393
5465937408.0,-1.411934494972229
5466874880.0,-1.4122676849365234
5467812352.0,-1.408742070198059
5468749824.0,-1.4050270318984985
5469687296.0,-1.399299144744873
5470624768.0,-1.3901828527450562
5471562752.0,-1.3794552087783813
5472500224.0,-1.3675651550292969
5473437696.0,-1.3527165651321411
5474375168.0,-1.3357943296432495
5475312640.0,-1.3178064823150635
5476250112.0,-1.2991725206375122
5477187584.0,-1.2773791551589966
5478125056.0,-1.254123568534851
5479062528.0,-1.2304527759552002
5480000000.0,-1.2049232721328735
5480937472.0,-1.1779354810714722
5481874944.0,-1.1519734859466553
5482812416.0,-1.1234147548675537
5483749888.0,-1.0948536396026611
5484687360.0,-1.067037582397461
5485624832.0,-1.0411549806594849
5486562304.0,-1.013401985168457
5487499776.0,-0.9877123236656189
5488437248.0,-0.9611127972602844
5489375232.0,-0.935875654220581
5490312704.0,-0.9116049408912659
5491250176.0,-0.8881797194480896
5492187648.0,-0.8656982183456421
5493125120.0,-0.8448031544685364
5494062592.0,-0.8264940977096558
5495000064.0,-0.8098831176757812
5495937536.0,-0.7941371202468872
5496875008.0,-0.7808758616447449
5497812480.0,-0.7694414854049683
5498749952.0,-0.7609614729881287
5499687424.0,-0.7542946338653564
5500624896.0,-0.7501634359359741
5501562368.0,-0.7499015927314758
5502499840.0,-0.7518704533576965
5503437312.0,-0.756801962852478
5504374784.0,-0.7645592093467712
5505312256.0,-0.7748899459838867
5506250240.0,-0.7884382009506226
5507187712.0,-0.8036455512046814
5508125184.0,-0.8220688700675964
5509062656.0,-0.8427845239639282
5510000128.0,-0.8657287955284119
5510937600.0,-0.8907719254493713
5511875072.0,-0.9183965921401978
5512812544.0,-0.9473661780357361
5513750016.0,-0.9775338768959045
5514687488.0,-1.0092309713363647
5515624960.0,-1.0420377254486084
5516562432.0,-1.0744500160217285
5517499904.0,-1.1052119731903076
5518437376.0,-1.1363272666931152
5519374848.0,-1.1663697957992554
5520312320.0,-1.1948615312576294
5521249792.0,-1.22050142288208
5522187264.0,-1.2431749105453491
5523125248.0,-1.2639573812484741
5524062720.0,-1.2824218273162842
5525000192.0,-1.294062852859497
5525937664.0,-1.127808928489685
5526875136.0,-1.1326501369476318
5527812608.0,-1.1363855600357056
5528750080.0,-1.1376595497131348
5529687552.0,-1.138131856918335
5530625024.0,-1.1360005140304565
5531562496.0,-1.132966160774231
5532499968.0,-1.125473976135254
5533437440.0,-1.1179744005203247
5534374912.0,-1.1085717678070068
5535312384.0,-1.098259449005127
5536249856.0,-1.0863724946975708
5537187328.0,-1.073307991027832
5538124800.0,-1.0594931840896606
5539062272.0,-1.0451171398162842
5539999744.0,-1.02973210811615
5540937728.0,-1.0150985717773438
5541875200.0,-0.9999932050704956
5542812672.0,-0.9846906065940857
5543750144.0,-0.9688959121704102
5544687616.0,-0.9534333944320679
5545625088.0,-0.9383423328399658
5546562560.0,-0.923859715461731
5547500032.0,-0.9101975560188293
5548437504.0,-0.8958038091659546
5549374976.0,-0.8832278847694397
5550312448.0,-0.871221661567688
5551249920.0,-0.8600125908851624
5552187392.0,-0.8506789207458496
5553124864.0,-0.8430683016777039
5554062336.0,-0.8373024463653564
5554999808.0,-0.834003746509552
5555937280.0,-0.8314677476882935
5556874752.0,-0.8323051333427429
5557812736.0,-0.8348186016082764
5558750208.0,-0.8397550582885742
5559687680.0,-0.847157895565033
5560625152.0,-0.8575401306152344
5561562624.0,-0.8713910579681396
5562500096.0,-0.8867908716201782
5563437568.0,-0.9049822688102722
5564375040.0,-0.9261674284934998
5565312512.0,-0.949245035648346
5566249984.0,-0.97354656457901
5567187456.0,-1.0006358623504639
5568124928.0,-1.0299499034881592
5569062400.0,-1.0595557689666748
5569999872.0,-1.0912071466445923
5570937344.0,-1.1216460466384888
5571874816.0,-1.1519204378128052
5572812288.0,-1.1813777685165405
5573749760.0,-1.2110809087753296
5574687744.0,-1.2369431257247925
5575625216.0,-1.2628519535064697
5576562688.0,-1.2864322662353516
5577500160.0,-1.3065284490585327
5578437632.0,-1.3245471715927124
5579375104.0,-1.338781476020813
5580312576.0,-1.3514621257781982
5581250048.0,-1.36033034324646
5582187520.0,-1.3668699264526367
5583124992.0,-1.3717647790908813
5584062464.0,-1.372471570968628
5584999936.0,-1.3722695112228394
5585937408.0,-1.298346757888794
5586874880.0,-1.3028441667556763
5587812352.0,-1.3068294525146484
5588749824.0,-1.3106297254562378
5589687296.0,-1.312518835067749
5590624768.0,-1.3141615390777588
5591562752.0,-1.3148473501205444
5592500224.0,-1.313173770904541
5593437696.0,-1.3120347261428833
5594375168.0,-1.3095818758010864
5595312640.0,-1.306835651397705
5596250112.0,-1.3015962839126587
5597187584.0,-1.2973915338516235
5598125056.0,-1.2922990322113037
5599062528.0,-1.2852743864059448
5600000000.0,-1.2795450687408447
5600937472.0,-1.273574948310852
5601874944.0,-1.2672110795974731
5602812416.0,-1.2604581117630005
5603749888.0,-1.2532217502593994
5604687360.0,-1.2451289892196655
5605624832.0,-1.2392141819000244
5606562304.0,-1.2320270538330078
5607499776.0,-1.2256487607955933
5608437248.0,-1.219404935836792
5609375232.0,-1.2128527164459229
5610312704.0,-1.2065869569778442
5611250176.0,-1.2011851072311401
5612187648.0,-1.1943002939224243
5613125120.0,-1.189021110534668
5614062592.0,-1.1840929985046387
5615000064.0,-1.1798964738845825
5615937536.0,-1.175196886062622
5616875008.0,-1.1721261739730835
5617812480.0,-1.16814386844635
5618749952.0,-1.164567470550537
5619687424.0,-1.1612859964370728
5620624896.0,-1.1588842868804932
5621562368.0,-1.1571959257125854
5622499840.0,-1.1554676294326782
5623437312.0,-1.154067039489746
5624374784.0,-1.1534196138381958
5625312256.0,-1.1528595685958862
5626250240.0,-1.151305913925171
5627187712.0,-1.1510223150253296
5628125184.0,-1.1505427360534668
5629062656.0,-1.1498104333877563
5630000128.0,-1.1488662958145142
5630937600.0,-1.1472358703613281
5631875072.0,-1.1450685262680054
5632812544.0,-1.1427671909332275
5633750016.0,-1.141762614250183
5634687488.0,-1.1378964185714722
5635624960.0,-1.1339725255966187
5636562432.0,-1.1297285556793213
5637499904.0,-1.1229079961776733
5638437376.0,-1.1156983375549316
5639374848.0,-1.1074864864349365
5640312320.0,-1.0988959074020386
5641249792.0,-1.090502381324768
5642187264.0,-1.081072211265564
5643125248.0,-1.0711594820022583
5644062720.0,-1.0617008209228516
5645000192.0,-1.0503045320510864
5645937664.0,-1.04473876953125
5646875136.0,-1.031880497932434
5647812608.0,-1.0159114599227905
5648750080.0,-1.00022554397583
5649687552.0,-0.9839344620704651
5650625024.0,-0.9661106467247009
5651562496.0,-0.9483562111854553
5652499968.0,-0.9294222593307495
5653437440.0,-0.9103984832763672
5654374912.0,-0.8900303840637207
5655312384.0,-0.8705044388771057
5656249856.0,-0.8500136733055115
5657187328.0,-0.8289200067520142
5658124800.0,-0.8084875345230103
5659062272.0,-0.7860051393508911
5660000256.0,-0.7658395171165466
5660937728.0,-0.7448858022689819
5661875200.0,-0.7226353287696838
5662812672.0,-0.7034714221954346
5663750144.0,-0.684516966342926
5664687616.0,-0.6659106612205505
5665625088.0,-0.6491250395774841
5666562560.0,-0.6328117251396179
5667500032.0,-0.618789553642273
5668437504.0,-0.6048097610473633
5669374976.0,-0.5922263264656067
5670312448.0,-0.5820522308349609
5671249920.0,-0.572443962097168
5672187392.0,-0.5660549402236938
5673124864.0,-0.5597295761108398
5674062336.0,-0.5565366744995117
5674999808.0,-0.553000807762146
5675937280.0,-0.5521091222763062
5676874752.0,-0.5525055527687073
5677812736.0,-0.5533598065376282
5678750208.0,-0.5561885833740234
5679687680.0,-0.5584193468093872
5680625152.0,-0.5618429183959961
5681562624.0,-0.5670426487922668
5682500096.0,-0.570605456829071
5683437568.0,-0.5741533637046814
5684375040.0,-0.5771381855010986
5685312512.0,-0.581243634223938
5686249984.0,-0.5836250185966492
5687187456.0,-0.5848441123962402
5688124928.0,-0.587033748626709
5689062400.0,-0.5884527564048767
5689999872.0,-0.588590681552887
5690937344.0,-0.5867837071418762
5691874816.0,-0.5829116702079773
5692812288.0,-0.5786871314048767
5693749760.0,-0.5715656876564026
5694687744.0,-0.5637453198432922
5695625216.0,-0.5557470917701721
5696562688.0,-0.544803261756897
5697500160.0,-0.5316872000694275
5698437632.0,-0.5199804306030273
5699375104.0,-0.506328821182251
5700312576.0,-0.49352380633354187
5701250048.0,-0.47960323095321655
5702187520.0,-0.46491920948028564
5703124992.0,-0.45002037286758423
5704062464.0,-0.4367932081222534
5704999936.0,-0.42273712158203125
5705937408.0,-0.3921796679496765
5706874880.0,-0.3904353082180023
5707812352.0,-0.38836005330085754
5708749824.0,-0.38799652457237244
5709687296.0,-0.3863125741481781
5710624768.0,-0.3867064416408539
5711562752.0,-0.3851703405380249
5712500224.0,-0.38293948769569397
5713437696.0,-0.38218292593955994
5714375168.0,-0.38151946663856506
5715312640.0,-0.37905097007751465
5716250112.0,-0.37616851925849915
5717187584.0,-0.37194305658340454
5718125056.0,-0.3685856759548187
5719062528.0,-0.3630993962287903
5720000000.0,-0.357883483171463
5720937472.0,-0.3512558043003082
5721874944.0,-0.34453150629997253
5722812416.0,-0.3361753225326538
5723749888.0,-0.32899919152259827
5724687360.0,-0.32074376940727234
5725624832.0,-0.3127595782279968
5726562304.0,-0.30497023463249207
5727499776.0,-0.29704001545906067
5728437248.0,-0.29053613543510437
5729375232.0,-0.2845160663127899
5730312704.0,-0.2810131311416626
5731250176.0,-0.2773986756801605
5732187648.0,-0.2768188416957855
5733125120.0,-0.27652883529663086
5734062592.0,-0.2788205146789551
5735000064.0,-0.28207963705062866
5735937536.0,-0.28702154755592346
5736875008.0,-0.2949807643890381
5737812480.0,-0.304070383310318
5738749952.0,-0.31493592262268066
5739687424.0,-0.3271975517272949
5740624896.0,-0.3404207229614258
5741562368.0,-0.35472920536994934
5742499840.0,-0.3686072826385498
5743437312.0,-0.3800089955329895
5744374784.0,-0.39181891083717346
5745312256.0,-0.40125417709350586
5746250240.0,-0.4099501669406891
5747187712.0,-0.41591909527778625
5748125184.0,-0.4193080961704254
5749062656.0,-0.41983920335769653
5750000128.0,-0.4185439944267273
5750937600.0,-0.4151970148086548
5751875072.0,-0.4099685251712799
5752812544.0,-0.4043886661529541
5753750016.0,-0.39653146266937256
5754687488.0,-0.38633236289024353
5755624960.0,-0.37730109691619873
5756562432.0,-0.3685074746608734
5757499904.0,-0.35886865854263306
5758437376.0,-0.3503965437412262
5759374848.0,-0.3426320552825928
5760312320.0,-0.33682817220687866
5761249792.0,-0.33006447553634644
5762187264.0,-0.3257657289505005
5763125248.0,-0.3221137225627899
5764062720.0,-0.3186849355697632
5765000192.0,-0.3155556619167328
5765937664.0,-0.2437465786933899
5766875136.0,-0.2477310597896576
5767812608.0,-0.2506240904331207
5768750080.0,-0.254202663898468
5769687552.0,-0.25947338342666626
5770625024.0,-0.2648622393608093
5771562496.0,-0.2701387405395508
5772499968.0,-0.27588799595832825
5773437440.0,-0.28204548358917236
5774374912.0,-0.2885124385356903
5775312384.0,-0.2958419919013977
5776249856.0,-0.3018590807914734
5777187328.0,-0.30947139859199524
5778124800.0,-0.3154175281524658
5779062272.0,-0.3215072751045227
5779999744.0,-0.32838600873947144
5780937728.0,-0.3349449336528778
5781875200.0,-0.3400077521800995
5782812672.0,-0.34588345885276794
5783750144.0,-0.35135698318481445
5784687616.0,-0.35565468668937683
5785625088.0,-0.35901594161987305
5786562560.0,-0.3618742525577545
5787500032.0,-0.3649429678916931
5788437504.0,-0.3675234019756317
5789374976.0,-0.36674511432647705
5790312448.0,-0.36428654193878174
5791249920.0,-0.361804723739624
5792187392.0,-0.35739514231681824
5793124864.0,-0.3525943160057068
5794062336.0,-0.34694549441337585
5794999808.0,-0.3403762876987457
5795937280.0,-0.33316928148269653
5796874752.0,-0.3243412375450134
5797812736.0,-0.3159877061843872
5798750208.0,-0.3047369420528412
5799687680.0,-0.29588446021080017
5800625152.0,-0.2838641405105591
5801562624.0,-0.2724032998085022
5802500096.0,-0.2590104341506958
5803437568.0,-0.24589532613754272
5804375040.0,-0.2304220050573349
5805312512.0,-0.2166326344013214
5806249984.0,-0.20152366161346436
5807187456.0,-0.18678726255893707
5808124928.0,-0.17052389681339264
5809062400.0,-0.15511220693588257
5809999872.0,-0.13947682082653046
5810937344.0,-0.1246369257569313
5811874816.0,-0.10964652895927429
5812812288.0,-0.09508105367422104
5813749760.0,-0.08125989139080048
5814687744.0,-0.06712884455919266
5815625216.0,-0.054209206253290176
5816562688.0,-0.04253334179520607
5817500160.0,-0.029460253193974495
5818437632.0,-0.017941443249583244
5819375104.0,-0.006075340788811445
5820312576.0,0.002081160666421056
5821250048.0,0.011979354545474052
5822187520.0,0.019758444279432297
5823124992.0,0.02760283648967743
5824062464.0,0.0346328467130661
5824999936.0,0.03996575251221657
5825937408.0,-0.15027600526809692
5826874880.0,-0.1539798378944397
5827812352.0,-0.1576252281665802
5828749824.0,-0.15978607535362244
5829687296.0,-0.15885578095912933
5830624768.0,-0.16003787517547607
5831562752.0,-0.15829330682754517
5832500224.0,-0.1564851701259613
5833437696.0,-0.15383075177669525
5834375168.0,-0.15001937747001648
5835312640.0,-0.14694912731647491
5836250112.0,-0.14352868497371674
5837187584.0,-0.14030686020851135
5838125056.0,-0.13584737479686737
5839062528.0,-0.13402703404426575
5840000000.0,-0.13334226608276367
5840937472.0,-0.13405726850032806
5841874944.0,-0.13650938868522644
5842812416.0,-0.13862648606300354
5843749888.0,-0.14288358390331268
5844687360.0,-0.1463344693183899
5845624832.0,-0.1525106430053711
5846562304.0,-0.15810039639472961
5847499776.0,-0.16436006128787994
5848437248.0,-0.1728801727294922
5849375232.0,-0.1822587549686432
5850312704.0,-0.1905730664730072
5851250176.0,-0.2006687968969345
5852187648.0,-0.21060095727443695
5853125120.0,-0.22093594074249268
5854062592.0,-0.23052777349948883
5855000064.0,-0.2409113049507141
5855937536.0,-0.2501642107963562
5856875008.0,-0.25806015729904175
5857812480.0,-0.2632372975349426
5858749952.0,-0.2684290409088135
5859687424.0,-0.2718650698661804
5860624896.0,-0.2727113366127014
5861562368.0,-0.2725318670272827
5862499840.0,-0.2699369490146637
5863437312.0,-0.2647689878940582
5864374784.0,-0.25849154591560364
5865312256.0,-0.2520073652267456
5866250240.0,-0.243055522441864
5867187712.0,-0.23139530420303345
5868125184.0,-0.21980150043964386
5869062656.0,-0.2080553025007248
5870000128.0,-0.1946280598640442
5870937600.0,-0.18182769417762756
5871875072.0,-0.16883191466331482
5872812544.0,-0.15596547722816467
5873750016.0,-0.14400261640548706
5874687488.0,-0.13383989036083221
5875624960.0,-0.12410473823547363
5876562432.0,-0.11628717184066772
5877499904.0,-0.1107773631811142
5878437376.0,-0.10621584206819534
5879374848.0,-0.10493213683366776
5880312320.0,-0.10503829270601273
5881249792.0,-0.10726020485162735
5882187264.0,-0.111922986805439
5883125248.0,-0.11755717545747757
5884062720.0,-0.12380993366241455
5885000192.0,-0.13263823091983795
5885937664.0,-0.0722540095448494
5886875136.0,-0.07763391733169556
5887812608.0,-0.08425819873809814
5888750080.0,-0.09102720767259598
5889687552.0,-0.09944668412208557
5890625024.0,-0.10663996636867523
5891562496.0,-0.1147049069404602
5892499968.0,-0.12293627113103867
5893437440.0,-0.13160599768161774
5894374912.0,-0.13978952169418335
5895312384.0,-0.14875875413417816
5896249856.0,-0.1571953445672989
5897187328.0,-0.16704867780208588
5898124800.0,-0.1757325530052185
5899062272.0,-0.18542738258838654
5900000256.0,-0.19389870762825012
5900937728.0,-0.20321452617645264
5901875200.0,-0.21228355169296265
5902812672.0,-0.2216009646654129
5903750144.0,-0.23107604682445526
5904687616.0,-0.23983876407146454
5905625088.0,-0.24951912462711334
5906562560.0,-0.25795450806617737
5907500032.0,-0.26670676469802856
5908437504.0,-0.27430254220962524
5909374976.0,-0.2831421196460724
5910312448.0,-0.2905423045158386
5911249920.0,-0.2977226674556732
5912187392.0,-0.30466508865356445
5913124864.0,-0.3114757835865021
5914062336.0,-0.3184516727924347
5914999808.0,-0.3246653974056244
5915937280.0,-0.3286725580692291
5916874752.0,-0.33309781551361084
5917812736.0,-0.33607929944992065
5918750208.0,-0.3380701541900635
5919687680.0,-0.3393019139766693
5920625152.0,-0.3405025601387024
5921562624.0,-0.34044626355171204
5922500096.0,-0.33969300985336304
5923437568.0,-0.3374686539173126
5924375040.0,-0.3341265320777893
5925312512.0,-0.3294294774532318
5926249984.0,-0.32397225499153137
5927187456.0,-0.3155728578567505
5928124928.0,-0.30787476897239685
5929062400.0,-0.29787424206733704
5929999872.0,-0.28620603680610657
5930937344.0,-0.27285563945770264
5931874816.0,-0.2591596245765686
5932812288.0,-0.24409940838813782
5933749760.0,-0.22893115878105164
5934687744.0,-0.21246811747550964
5935625216.0,-0.19517454504966736
5936562688.0,-0.17667369544506073
5937500160.0,-0.1600906103849411
5938437632.0,-0.14134477078914642
5939375104.0,-0.12432572990655899
5940312576.0,-0.10657426714897156
5941250048.0,-0.08924531936645508
5942187520.0,-0.07334844768047333
5943124992.0,-0.0576598197221756
5944062464.0,-0.043624166399240494
5944999936.0,-0.03075249493122101
5945937408.0,-0.13752956688404083
5946874880.0,-0.14666293561458588
5947812352.0,-0.15723717212677002
5948749824.0,-0.16920685768127441
5949687296.0,-0.18322093784809113
5950624768.0,-0.19819335639476776
5951562752.0,-0.2146574705839157
5952500224.0,-0.23299388587474823
5953437696.0,-0.25199082493782043
5954375168.0,-0.27107787132263184
5955312640.0,-0.2901790738105774
5956250112.0,-0.3111342191696167
5957187584.0,-0.33095869421958923
5958125056.0,-0.35001203417778015
5959062528.0,-0.36976057291030884
5960000000.0,-0.38844913244247437
5960937472.0,-0.4051975607872009
5961874944.0,-0.4210300147533417
5962812416.0,-0.435152530670166
5963749888.0,-0.4463866353034973
5964687360.0,-0.45534974336624146
5965624832.0,-0.4618286192417145
5966562304.0,-0.46453678607940674
5967499776.0,-0.4628921449184418
5968437248.0,-0.45945602655410767
5969375232.0,-0.4524233937263489
5970312704.0,-0.4423675537109375
5971250176.0,-0.4281584620475769
5972187648.0,-0.4124399721622467
5973125120.0,-0.39352303743362427
5974062592.0,-0.37319788336753845
5975000064.0,-0.3502095639705658
5975937536.0,-0.32668551802635193
5976875008.0,-0.30111876130104065
5977812480.0,-0.2767907977104187
5978749952.0,-0.2514541745185852
5979687424.0,-0.22788968682289124
5980624896.0,-0.20516720414161682
5981562368.0,-0.18334242701530457
5982499840.0,-0.16387280821800232
5983437312.0,-0.1455659717321396
5984374784.0,-0.1299075186252594
5985312256.0,-0.11622706800699234
5986250240.0,-0.10580265522003174
5987187712.0,-0.09764939546585083
5988125184.0,-0.09247160702943802
5989062656.0,-0.08920743316411972
5990000128.0,-0.0893392413854599
5990937600.0,-0.09012278914451599
5991875072.0,-0.09514939785003662
5992812544.0,-0.10042904317378998
5993750016.0,-0.10721652954816818
5994687488.0,-0.11381490528583527
5995624960.0,-0.12239956110715866
5996562432.0,-0.1312999129295349
5997499904.0,-0.13947615027427673
5998437376.0,-0.14873482286930084
5999374848.0,-0.15717269480228424
6000312320.0,-0.16581206023693085
6001249792.0,-0.17373178899288177
6002187264.0,-0.18159757554531097
6003125248.0,-0.1870017647743225
6004062720.0,-0.19316594302654266
6005000192.0,-0.1557220220565796
6005937664.0,-0.16243156790733337
6006875136.0,-0.1706155240535736
6007812608.0,-0.17888140678405762
6008750080.0,-0.18847258388996124
6009687552.0,-0.19822129607200623
6010625024.0,-0.20890700817108154
6011562496.0,-0.22143255174160004
6012499968.0,-0.2329169362783432
6013437440.0,-0.2460622936487198
6014374912.0,-0.25905340909957886
6015312384.0,-0.27258649468421936
6016249856.0,-0.2868330180644989
6017187328.0,-0.2994441092014313
6018124800.0,-0.31246745586395264
6019062272.0,-0.325104683637619
6019999744.0,-0.3372434973716736
6020937728.0,-0.34948357939720154
6021875200.0,-0.3593069612979889
6022812672.0,-0.3688638508319855
6023750144.0,-0.3777509331703186
6024687616.0,-0.38512954115867615
6025625088.0,-0.3915771245956421
6026562560.0,-0.39582860469818115
6027500032.0,-0.3984096050262451
6028437504.0,-0.3991174101829529
6029374976.0,-0.3980615437030792
6030312448.0,-0.3952883780002594
6031249920.0,-0.3910369575023651
6032187392.0,-0.38589462637901306
6033124864.0,-0.3778367340564728
6034062336.0,-0.3696762025356293
6034999808.0,-0.3609817326068878
6035937280.0,-0.34997108578681946
6036874752.0,-0.33852243423461914
6037812736.0,-0.3287648856639862
6038750208.0,-0.31663426756858826
6039687680.0,-0.30539366602897644
6040625152.0,-0.2947251498699188
6041562624.0,-0.28366246819496155
6042500096.0,-0.2732858955860138
6043437568.0,-0.2625158131122589
6044375040.0,-0.2536199688911438
6045312512.0,-0.24517475068569183
6046249984.0,-0.2366625815629959
6047187456.0,-0.22903448343276978
6048124928.0,-0.2228662520647049
6049062400.0,-0.2187146693468094
6049999872.0,-0.21420682966709137
6050937344.0,-0.2108762115240097
6051874816.0,-0.20971639454364777
6052812288.0,-0.2079508900642395
6053749760.0,-0.20853684842586517
6054687744.0,-0.20981267094612122
6055625216.0,-0.21154624223709106
6056562688.0,-0.21414415538311005
6057500160.0,-0.21674183011054993
6058437632.0,-0.22064104676246643
6059375104.0,-0.22502098977565765
6060312576.0,-0.23001621663570404
6061250048.0,-0.23568561673164368
6062187520.0,-0.24020330607891083
6063124992.0,-0.24603040516376495
6064062464.0,-0.25224190950393677
6064999936.0,-0.15730524063110352
6065937408.0,-0.1772156059741974
6066874880.0,-0.19906793534755707
6067812352.0,-0.21991324424743652
6068749824.0,-0.23972605168819427
6069687296.0,-0.260219544172287
6070624768.0,-0.2783108949661255
6071562752.0,-0.2980785667896271
6072500224.0,-0.31734123826026917
6073437696.0,-0.33527836203575134
6074375168.0,-0.35135090351104736
6075312640.0,-0.3666095733642578
6076250112.0,-0.38093364238739014
6077187584.0,-0.3939869999885559
6078125056.0,-0.40492793917655945
6079062528.0,-0.4144335389137268
6080000000.0,-0.4242606461048126
6080937472.0,-0.43109217286109924
6081874944.0,-0.43644821643829346
6082812416.0,-0.44089457392692566
6083749888.0,-0.44414022564888
6084687360.0,-0.44503629207611084
6085624832.0,-0.44372856616973877
6086562304.0,-0.44232377409935
6087499776.0,-0.4390060603618622
6088437248.0,-0.4340039789676666
6089375232.0,-0.4283083379268646
6090312704.0,-0.42236292362213135
6091250176.0,-0.41542553901672363
6092187648.0,-0.40757253766059875
6093125120.0,-0.39741554856300354
6094062592.0,-0.38667431473731995
6095000064.0,-0.37422975897789
6095937536.0,-0.36168554425239563
6096875008.0,-0.34812018275260925
6097812480.0,-0.3339824676513672
6098749952.0,-0.3190268576145172
6099687424.0,-0.30330690741539
6100624896.0,-0.2886594533920288
6101562368.0,-0.2732621729373932
6102499840.0,-0.25839534401893616
6103437312.0,-0.24284479022026062
6104374784.0,-0.22697216272354126
6105312256.0,-0.21270689368247986
6106250240.0,-0.19831351935863495
6107187712.0,-0.18369992077350616
6108125184.0,-0.169855996966362
6109062656.0,-0.1572253704071045
6110000128.0,-0.14350393414497375
6110937600.0,-0.1318158507347107
6111875072.0,-0.12044151872396469
6112812544.0,-0.10981747508049011
6113750016.0,-0.1004667580127716
6114687488.0,-0.09104198962450027
6115624960.0,-0.08366741985082626
6116562432.0,-0.07637803256511688
6117499904.0,-0.07038193941116333
6118437376.0,-0.06777846068143845
6119374848.0,-0.06772203743457794
6120312320.0,-0.0691400021314621
6121249792.0,-0.07105621695518494
6122187264.0,-0.07549598813056946
6123125248.0,-0.08137162029743195
6124062720.0,-0.08999576419591904
6125000192.0,-0.1442561000585556
6125937664.0,-0.15827269852161407
6126875136.0,-0.17540572583675385
6127812608.0,-0.1912824809551239
6128750080.0,-0.20827195048332214
6129687552.0,-0.2241157740354538
6130625024.0,-0.24021436274051666
6131562496.0,-0.25671663880348206
6132499968.0,-0.27374985814094543
6133437440.0,-0.2908279299736023
6134374912.0,-0.30604419112205505
6135312384.0,-0.32228758931159973
6136249856.0,-0.3375539183616638
6137187328.0,-0.3508874177932739
6138124800.0,-0.3661670386791229
6139062272.0,-0.38031676411628723
6140000256.0,-0.3918602168560028
6140937728.0,-0.40417543053627014
6141875200.0,-0.4156518578529358
6142812672.0,-0.42442020773887634
6143750144.0,-0.4326462745666504
6144687616.0,-0.4414156675338745
6145625088.0,-0.44767215847969055
6146562560.0,-0.4536568224430084
6147500032.0,-0.45753347873687744
6148437504.0,-0.4594334065914154
6149374976.0,-0.4602104723453522
6150312448.0,-0.45885905623435974
6151249920.0,-0.45587047934532166
6152187392.0,-0.45110055804252625
6153124864.0,-0.4445970952510834
6154062336.0,-0.4367760121822357
6154999808.0,-0.42731836438179016
6155937280.0,-0.41709545254707336
6156874752.0,-0.40584293007850647
6157812736.0,-0.39384135603904724
6158750208.0,-0.38220539689064026
6159687680.0,-0.3680727183818817
6160625152.0,-0.3557463586330414
6161562624.0,-0.34075838327407837
6162500096.0,-0.32625940442085266
6163437568.0,-0.3119093179702759
6164375040.0,-0.297297865152359
6165312512.0,-0.2828209102153778
6166249984.0,-0.2675240933895111
6167187456.0,-0.25349104404449463
6168124928.0,-0.24015262722969055
6169062400.0,-0.22660893201828003
6169999872.0,-0.21155138313770294
6170937344.0,-0.19808900356292725
6171874816.0,-0.18525457382202148
6172812288.0,-0.17313994467258453
6173749760.0,-0.16217949986457825
6174687744.0,-0.15187950432300568
6175625216.0,-0.14242789149284363
6176562688.0,-0.1347026228904724
6177500160.0,-0.1284516155719757
6178437632.0,-0.12226227670907974
6179375104.0,-0.11817888170480728
6180312576.0,-0.1153593584895134
6181250048.0,-0.11376214772462845
6182187520.0,-0.1140141412615776
6183124992.0,-0.11665251851081848
6184062464.0,-0.12168679386377335
6184999936.0,-0.26992470026016235
6185937408.0,-0.2854844331741333
6186874880.0,-0.30251356959342957
6187812352.0,-0.3198358118534088
6188749824.0,-0.33610332012176514
6189687296.0,-0.3534943759441376
6190624768.0,-0.3694683909416199
6191562752.0,-0.38520410656929016
6192500224.0,-0.40041297674179077
6193437696.0,-0.41420403122901917
6194375168.0,-0.42658206820487976
6195312640.0,-0.436212956905365
6196250112.0,-0.44587260484695435
6197187584.0,-0.45278435945510864
6198125056.0,-0.4581770598888397
6199062528.0,-0.4624270796775818
6200000000.0,-0.4662019610404968
6200937472.0,-0.46961671113967896
6201874944.0,-0.4718973934650421
6202812416.0,-0.472918838262558
6203749888.0,-0.4740283191204071
6204687360.0,-0.4764963686466217
6205624832.0,-0.4793328046798706
6206562304.0,-0.4828064739704132
6207499776.0,-0.48794522881507874
6208437248.0,-0.494696706533432
6209375232.0,-0.5012785792350769
6210312704.0,-0.5084531307220459
6211250176.0,-0.5171486735343933
6212187648.0,-0.5245410203933716
6213125120.0,-0.5303422212600708
6214062592.0,-0.5350720882415771
6215000064.0,-0.5346081852912903
6215937536.0,-0.5295436978340149
6216875008.0,-0.5220325589179993
6217812480.0,-0.5138564705848694
6218749952.0,-0.5039320588111877
6219687424.0,-0.4931650757789612
6220624896.0,-0.4801570773124695
6221562368.0,-0.4662380516529083
6222499840.0,-0.4529293179512024
6223437312.0,-0.4399266839027405
6224374784.0,-0.42647042870521545
6225312256.0,-0.4146067798137665
6226250240.0,-0.40309298038482666
6227187712.0,-0.39198094606399536
6228125184.0,-0.3827953636646271
6229062656.0,-0.3737034797668457
6230000128.0,-0.36577144265174866
6230937600.0,-0.3582521677017212
6231875072.0,-0.35121098160743713
6232812544.0,-0.345314085483551
6233750016.0,-0.338539183139801
6234687488.0,-0.33328792452812195
6235624960.0,-0.32725581526756287
6236562432.0,-0.32086625695228577
6237499904.0,-0.31536996364593506
6238437376.0,-0.30853140354156494
6239374848.0,-0.3017207682132721
6240312320.0,-0.29448485374450684
6241249792.0,-0.288069486618042
6242187264.0,-0.2816540002822876
6243125248.0,-0.27463164925575256
6244062720.0,-0.26899391412734985
6245000192.0,-0.4280986785888672
6245937664.0,-0.43041855096817017
6246875136.0,-0.43396154046058655
6247812608.0,-0.43870124220848083
6248750080.0,-0.44530361890792847
6249687552.0,-0.45370984077453613
6250625024.0,-0.46477195620536804
6251562496.0,-0.4787898361682892
6252499968.0,-0.4960416853427887
6253437440.0,-0.5151239037513733
6254374912.0,-0.5357964038848877
6255312384.0,-0.5588291883468628
6256249856.0,-0.5835638046264648
6257187328.0,-0.6087669730186462
6258124800.0,-0.637292742729187
6259062272.0,-0.6655768156051636
6259999744.0,-0.6928218603134155
6260937728.0,-0.7210633754730225
6261875200.0,-0.7467660307884216
6262812672.0,-0.7717971205711365
6263750144.0,-0.7950013875961304
6264687616.0,-0.8161008954048157
6265625088.0,-0.8344409465789795
6266562560.0,-0.849761962890625
6267500032.0,-0.8619232773780823
6268437504.0,-0.870714008808136
6269374976.0,-0.8766103386878967
6270312448.0,-0.8770899772644043
6271249920.0,-0.876226544380188
6272187392.0,-0.8716101050376892
6273124864.0,-0.8628066182136536
6274062336.0,-0.8505867719650269
6274999808.0,-0.8352433443069458
6275937280.0,-0.8168155550956726
6276874752.0,-0.7961939573287964
6277812736.0,-0.7729620933532715
6278750208.0,-0.7474058866500854
6279687680.0,-0.7204678058624268
6280625152.0,-0.6932859420776367
6281562624.0,-0.6633800864219666
6282500096.0,-0.6341931819915771
6283437568.0,-0.6047700047492981
6284375040.0,-0.5744014382362366
6285312512.0,-0.5449277758598328
6286249984.0,-0.5162779688835144
6287187456.0,-0.48828285932540894
6288124928.0,-0.46139079332351685
6289062400.0,-0.4350862205028534
6289999872.0,-0.4116351306438446
6290937344.0,-0.39026138186454773
6291874816.0,-0.3704744279384613
6292812288.0,-0.3527631163597107
6293749760.0,-0.3387543857097626
6294687744.0,-0.3256119191646576
6295625216.0,-0.3167983293533325
6296562688.0,-0.3155097961425781
6297500160.0,-0.3178235590457916
6298437632.0,-0.32199394702911377
6299375104.0,-0.33052849769592285
6300312576.0,-0.34252139925956726
6301250048.0,-0.3556016683578491
6302187520.0,-0.372565895318985
6303124992.0,-0.390926331281662
6304062464.0,-0.4114694595336914
6304999936.0,-0.5521891117095947
6305937408.0,-0.5714083313941956
6306874880.0,-0.5930700302124023
6307812352.0,-0.6153437495231628
6308749824.0,-0.6397312879562378
6309687296.0,-0.6646021008491516
6310624768.0,-0.6900715231895447
6311562752.0,-0.7156808376312256
6312500224.0,-0.7422286868095398
6313437696.0,-0.7679163217544556
6314375168.0,-0.7930237650871277
6315312640.0,-0.8177372217178345
6316250112.0,-0.8418323397636414
6317187584.0,-0.8651456236839294
6318125056.0,-0.8874699473381042
6319062528.0,-0.9067872762680054
6320000000.0,-0.9239993691444397
6320937472.0,-0.9391734600067139
6321874944.0,-0.9548916816711426
6322812416.0,-0.9678803086280823
6323749888.0,-0.9770218729972839
6324687360.0,-0.982672929763794
6325624832.0,-0.9865188002586365
6326562304.0,-0.985946536064148
6327499776.0,-0.9846967458724976
6328437248.0,-0.9807071685791016
6329375232.0,-0.9729810953140259
6330312704.0,-0.9631620645523071
6331250176.0,-0.9508762955665588
6332187648.0,-0.9370871782302856
6333125120.0,-0.9216899871826172
6334062592.0,-0.9041244387626648
6335000064.0,-0.8851123452186584
6335937536.0,-0.8642629981040955
6336875008.0,-0.8439608812332153
6337812480.0,-0.8206490278244019
6338749952.0,-0.7979510426521301
6339687424.0,-0.7753177881240845
6340624896.0,-0.7524964809417725
6341562368.0,-0.7299078702926636
6342499840.0,-0.7069303393363953
6343437312.0,-0.6843569874763489
6344374784.0,-0.6642595529556274
6345312256.0,-0.6432976722717285
6346250240.0,-0.6246638894081116
6347187712.0,-0.6045019030570984
6348125184.0,-0.584829568862915
6349062656.0,-0.5671447515487671
6350000128.0,-0.5508505702018738
6350937600.0,-0.5359790325164795
6351875072.0,-0.521390974521637
6352812544.0,-0.5099374651908875
6353750016.0,-0.5007719397544861
6354687488.0,-0.49283158779144287
6355624960.0,-0.48928919434547424
6356562432.0,-0.48721009492874146
6357499904.0,-0.488490492105484
6358437376.0,-0.4920719563961029
6359374848.0,-0.4982203543186188
6360312320.0,-0.5067914128303528
6361249792.0,-0.5170419216156006
6362187264.0,-0.5318984389305115
6363125248.0,-0.5478402972221375
6364062720.0,-0.5663304328918457
6365000192.0,-0.8348826766014099
6365937664.0,-0.8422790169715881
6366875136.0,-0.8498380184173584
6367812608.0,-0.8596882224082947
6368750080.0,-0.8688979148864746
6369687552.0,-0.8784155249595642
6370625024.0,-0.8882315754890442
6371562496.0,-0.8975903391838074
6372499968.0,-0.9073058366775513
6373437440.0,-0.9162254929542542
6374374912.0,-0.9258601069450378
6375312384.0,-0.9345138669013977
6376249856.0,-0.9437762498855591
6377187328.0,-0.9512947201728821
6378124800.0,-0.9597315788269043
6379062272.0,-0.9666927456855774
6380000256.0,-0.9727030992507935
6380937728.0,-0.9787587523460388
6381875200.0,-0.9851296544075012
6382812672.0,-0.989266574382782
6383750144.0,-0.9936382174491882
6384687616.0,-0.9974471926689148
6385625088.0,-1.001025915145874
6386562560.0,-1.0034689903259277
6387500032.0,-1.0060174465179443
6388437504.0,-1.0072520971298218
6389374976.0,-1.0094457864761353
6390312448.0,-1.0098315477371216
6391249920.0,-1.0099380016326904
6392187392.0,-1.010135293006897
6393124864.0,-1.0088964700698853
6394062336.0,-1.0079625844955444
6394999808.0,-1.0066936016082764
6395937280.0,-1.006083607673645
6396874752.0,-1.0035755634307861
6397812736.0,-1.0002049207687378
6398750208.0,-0.9974997043609619
6399687680.0,-0.9938217401504517
6400625152.0,-0.9915297627449036
6401562624.0,-0.9884516000747681
6402500096.0,-0.9859732985496521
6403437568.0,-0.9859734773635864
6404375040.0,-0.9852169156074524
6405312512.0,-0.9847610592842102
6406249984.0,-0.9861819744110107
6407187456.0,-0.9881154894828796
6408124928.0,-0.9905916452407837
6409062400.0,-0.9914692044258118
6409999872.0,-0.9961585402488708
6410937344.0,-1.001032829284668
6411874816.0,-1.006491780281067
6412812288.0,-1.0116679668426514
6413749760.0,-1.0192506313323975
6414687744.0,-1.0273206233978271
6415625216.0,-1.0352460145950317
6416562688.0,-1.0418100357055664
6417500160.0,-1.0516774654388428
6418437632.0,-1.0604681968688965
6419375104.0,-1.0699783563613892
6420312576.0,-1.079355239868164
6421250048.0,-1.0877175331115723
6422187520.0,-1.0965079069137573
6423124992.0,-1.1007212400436401
6424062464.0,-1.1048020124435425
6424999936.0,-1.1207475662231445
6425937408.0,-1.1334139108657837
6426874880.0,-1.1437073945999146
6427812352.0,-1.1532952785491943
6428749824.0,-1.1608682870864868
6429687296.0,-1.167262315750122
6430624768.0,-1.1723510026931763
6431562752.0,-1.1749651432037354
6432500224.0,-1.1753342151641846
6433437696.0,-1.1749532222747803
6434375168.0,-1.1739635467529297
6435312640.0,-1.1712285280227661
6436250112.0,-1.166329026222229
6437187584.0,-1.1599966287612915
6438125056.0,-1.1523810625076294
6439062528.0,-1.1440742015838623
6440000000.0,-1.1352404356002808
6440937472.0,-1.1248455047607422
6441874944.0,-1.1115583181381226
6442812416.0,-1.1006413698196411
6443749888.0,-1.08745539188385
6444687360.0,-1.0752097368240356
6445624832.0,-1.0617648363113403
6446562304.0,-1.0492157936096191
6447499776.0,-1.0353316068649292
6448437248.0,-1.0234209299087524
6449375232.0,-1.0126854181289673
6450312704.0,-1.0032895803451538
6451250176.0,-0.9935158491134644
6452187648.0,-0.9847705960273743
6453125120.0,-0.9768171310424805
6454062592.0,-0.9686360955238342
6455000064.0,-0.9624828696250916
6455937536.0,-0.9547611474990845
6456875008.0,-0.9495477080345154
6457812480.0,-0.9443097114562988
6458749952.0,-0.9393206238746643
6459687424.0,-0.9362821578979492
6460624896.0,-0.932895839214325
6461562368.0,-0.9295626878738403
6462499840.0,-0.926075279712677
6463437312.0,-0.9226423501968384
6464374784.0,-0.9195777177810669
6465312256.0,-0.9149582386016846
6466250240.0,-0.9121416211128235
6467187712.0,-0.9078449606895447
6468125184.0,-0.9043784737586975
6469062656.0,-0.8998389840126038
6470000128.0,-0.8953348994255066
6470937600.0,-0.8917819857597351
6471875072.0,-0.8860717415809631
6472812544.0,-0.880515456199646
6473750016.0,-0.876078724861145
6474687488.0,-0.8741753697395325
6475624960.0,-0.8706790804862976
6476562432.0,-0.8683714866638184
6477499904.0,-0.867073118686676
6478437376.0,-0.8649042248725891
6479374848.0,-0.8615424036979675
6480312320.0,-0.8590368628501892
6481249792.0,-0.8577949404716492
6482187264.0,-0.8567067384719849
6483125248.0,-0.8559717535972595
6484062720.0,-0.855448305606842
6485000192.0,-0.9578694105148315
6485937664.0,-0.9655497670173645
6486875136.0,-0.9709687829017639
6487812608.0,-0.978064239025116
6488750080.0,-0.9838445782661438
6489687552.0,-0.9899352788925171
6490625024.0,-0.9948608875274658
6491562496.0,-0.9979859590530396
6492499968.0,-1.002414584159851
6493437440.0,-1.006679892539978
6494374912.0,-1.0101304054260254
6495312384.0,-1.0120621919631958
6496249856.0,-1.0161265134811401
6497187328.0,-1.0180797576904297
6498124800.0,-1.0198575258255005
6499062272.0,-1.0198034048080444
6499999744.0,-1.0188323259353638
6500937728.0,-1.016973853111267
6501875200.0,-1.0139353275299072
6502812672.0,-1.008754014968872
6503750144.0,-1.0030964612960815
6504687616.0,-0.9965565800666809
6505625088.0,-0.9892277121543884
6506562560.0,-0.9808064699172974
6507500032.0,-0.9714440107345581
6508437504.0,-0.9621879458427429
6509374976.0,-0.9530356526374817
6510312448.0,-0.9422186017036438
6511249920.0,-0.9312509894371033
6512187392.0,-0.9200727343559265
6513124864.0,-0.9073220491409302
6514062336.0,-0.8961269855499268
6514999808.0,-0.8845767378807068
6515937280.0,-0.8735732436180115
6516874752.0,-0.8625915050506592
6517812736.0,-0.8511590957641602
6518750208.0,-0.8413028120994568
6519687680.0,-0.8331831693649292
6520625152.0,-0.8233097791671753
6521562624.0,-0.8162221312522888
6522500096.0,-0.8098055124282837
6523437568.0,-0.804119348526001
6524375040.0,-0.7992340922355652
6525312512.0,-0.7962291836738586
6526249984.0,-0.792940080165863
6527187456.0,-0.7913408279418945
6528124928.0,-0.7893146872520447
6529062400.0,-0.7878966927528381
6529999872.0,-0.7883687019348145
6530937344.0,-0.7893420457839966
6531874816.0,-0.790123462677002
6532812288.0,-0.7918688654899597
6533749760.0,-0.7952519059181213
6534687744.0,-0.7987807393074036
6535625216.0,-0.8027928471565247
6536562688.0,-0.8086761236190796
6537500160.0,-0.8149020075798035
6538437632.0,-0.8221390843391418
6539375104.0,-0.8300347924232483
6540312576.0,-0.8378036618232727
6541250048.0,-0.8458976149559021
6542187520.0,-0.8547379970550537
6543124992.0,-0.8612337708473206
6544062464.0,-0.8684965372085571
6544999936.0,-0.8638178110122681
6545937408.0,-0.8665552139282227
6546874880.0,-0.8707262873649597
6547812352.0,-0.8721310496330261
6548749824.0,-0.8771569132804871
6549687296.0,-0.8809818625450134
6550624768.0,-0.8832442164421082
6551562752.0,-0.886827826499939
6552500224.0,-0.8915752172470093
6553437696.0,-0.8977825045585632
6554375168.0,-0.9034947752952576
6555312640.0,-0.9099436402320862
6556250112.0,-0.9177684783935547
6557187584.0,-0.9252738356590271
6558125056.0,-0.9340384006500244
6559062528.0,-0.9429383277893066
6560000000.0,-0.9532738327980042
6560937472.0,-0.9646900296211243
6561874944.0,-0.9754465222358704
6562812416.0,-0.9876330494880676
6563749888.0,-1.0009959936141968
6564687360.0,-1.0137827396392822
6565624832.0,-1.0268380641937256
6566562304.0,-1.0411885976791382
6567499776.0,-1.0528903007507324
6568437248.0,-1.0665912628173828
6569375232.0,-1.0781826972961426
6570312704.0,-1.090036153793335
6571250176.0,-1.101373553276062
6572187648.0,-1.1119112968444824
6573125120.0,-1.1226228475570679
6574062592.0,-1.1328043937683105
6575000064.0,-1.1413573026657104
6575937536.0,-1.1497703790664673
6576875008.0,-1.156116008758545
6577812480.0,-1.1624749898910522
6578749952.0,-1.167786717414856
6579687424.0,-1.1715950965881348
6580624896.0,-1.17351233959198
6581562368.0,-1.1741175651550293
6582499840.0,-1.1734697818756104
6583437312.0,-1.1736563444137573
6584374784.0,-1.1708813905715942
6585312256.0,-1.168656587600708
6586250240.0,-1.1646850109100342
6587187712.0,-1.162092924118042
6588125184.0,-1.156975269317627
6589062656.0,-1.152069330215454
6590000128.0,-1.146243691444397
6590937600.0,-1.1404767036437988
6591875072.0,-1.1373116970062256
6592812544.0,-1.1324321031570435
6593750016.0,-1.1279972791671753
6594687488.0,-1.125038504600525
6595624960.0,-1.1207013130187988
6596562432.0,-1.1165333986282349
6597499904.0,-1.114182472229004
6598437376.0,-1.110943078994751
6599374848.0,-1.1090419292449951
6600312320.0,-1.1085641384124756
6601249792.0,-1.1078606843948364
6602187264.0,-1.1085400581359863
6603125248.0,-1.1091365814208984
6604062720.0,-1.11237633228302
6605000192.0,-1.1099671125411987
6605937664.0,-1.1157265901565552
6606875136.0,-1.1225190162658691
6607812608.0,-1.1276835203170776
6608750080.0,-1.134118914604187
6609687552.0,-1.1394892930984497
6610625024.0,-1.1460853815078735
6611562496.0,-1.1501141786575317
6612499968.0,-1.1548534631729126
6613437440.0,-1.1588431596755981
6614374912.0,-1.1637078523635864
6615312384.0,-1.1677972078323364
6616249856.0,-1.1722677946090698
6617187328.0,-1.1781376600265503
6618124800.0,-1.183560848236084
6619062272.0,-1.1887928247451782
6620000256.0,-1.1953132152557373
6620937728.0,-1.2018036842346191
6621875200.0,-1.2103523015975952
6622812672.0,-1.2181533575057983
6623750144.0,-1.2266815900802612
6624687616.0,-1.2389521598815918
6625625088.0,-1.2528231143951416
6626562560.0,-1.2702081203460693
6627500032.0,-1.2888401746749878
6628437504.0,-1.3087871074676514
6629374976.0,-1.3283509016036987
6630312448.0,-1.347556471824646
6631249920.0,-1.3673168420791626
6632187392.0,-1.388069987297058
6633124864.0,-1.4083201885223389
6634062336.0,-1.4287482500076294
6634999808.0,-1.4496241807937622
6635937280.0,-1.4684116840362549
6636874752.0,-1.4874491691589355
6637812736.0,-1.5049753189086914
6638750208.0,-1.5230969190597534
6639687680.0,-1.5406585931777954
6640625152.0,-1.558119773864746
6641562624.0,-1.57317316532135
6642500096.0,-1.58674955368042
6643437568.0,-1.598800539970398
6644375040.0,-1.6108425855636597
6645312512.0,-1.619885802268982
6646249984.0,-1.6291067600250244
6647187456.0,-1.635999321937561
6648124928.0,-1.6421291828155518
6649062400.0,-1.6479893922805786
6649999872.0,-1.6517800092697144
6650937344.0,-1.6558313369750977
6651874816.0,-1.6607149839401245
6652812288.0,-1.6651616096496582
6653749760.0,-1.6671611070632935
6654687744.0,-1.669948935508728
6655625216.0,-1.6735873222351074
6656562688.0,-1.6752090454101562
6657500160.0,-1.678833246231079
6658437632.0,-1.682861328125
6659375104.0,-1.685841679573059
6660312576.0,-1.6922396421432495
6661250048.0,-1.699247121810913
6662187520.0,-1.7083736658096313
6663124992.0,-1.7191014289855957
6664062464.0,-1.732702374458313
6664999936.0,-1.7521154880523682
6665937408.0,-1.7663004398345947
6666874880.0,-1.782059907913208
6667812352.0,-1.7954081296920776
6668749824.0,-1.811150312423706
6669687296.0,-1.825614333152771
6670624768.0,-1.8411619663238525
6671562752.0,-1.8551045656204224
6672500224.0,-1.8696277141571045
6673437696.0,-1.8827319145202637
6674375168.0,-1.8930975198745728
6675312640.0,-1.9045158624649048
6676250112.0,-1.9140799045562744
6677187584.0,-1.9195804595947266
6678125056.0,-1.9240467548370361
6679062528.0,-1.9288853406906128
6680000000.0,-1.9332177639007568
6680937472.0,-1.938144326210022
6681874944.0,-1.9418678283691406
6682812416.0,-1.9448904991149902
6683749888.0,-1.947679042816162
6684687360.0,-1.9501314163208008
6685624832.0,-1.9513309001922607
6686562304.0,-1.9537512063980103
6687499776.0,-1.9553170204162598
6688437248.0,-1.9561764001846313
6689375232.0,-1.9583158493041992
6690312704.0,-1.9607648849487305
6691250176.0,-1.966257095336914
6692187648.0,-1.9751774072647095
6693125120.0,-1.986664891242981
6694062592.0,-1.9984877109527588
6695000064.0,-2.0140068531036377
6695937536.0,-2.0310332775115967
6696875008.0,-2.046987771987915
6697812480.0,-2.064831495285034
6698749952.0,-2.081972599029541
6699687424.0,-2.1019694805145264
6700624896.0,-2.123481512069702
6701562368.0,-2.1467196941375732
6702499840.0,-2.17156982421875
6703437312.0,-2.1976306438446045
6704374784.0,-2.2251007556915283
6705312256.0,-2.2531912326812744
6706250240.0,-2.2805004119873047
6707187712.0,-2.306568145751953
6708125184.0,-2.332174777984619
6709062656.0,-2.3564462661743164
6710000128.0,-2.3797852993011475
6710937600.0,-2.4009039402008057
6711875072.0,-2.420408248901367
6712812544.0,-2.4382646083831787
6713750016.0,-2.450960397720337
6714687488.0,-2.4611494541168213
6715624960.0,-2.4677014350891113
6716562432.0,-2.472203254699707
6717499904.0,-2.473848581314087
6718437376.0,-2.4748282432556152
6719374848.0,-2.473478317260742
6720312320.0,-2.47145676612854
6721249792.0,-2.4692955017089844
6722187264.0,-2.466458797454834
6723125248.0,-2.4637296199798584
6724062720.0,-2.4636101722717285
6725000192.0,-2.4396562576293945
6725937664.0,-2.4431185722351074
6726875136.0,-2.4479103088378906
6727812608.0,-2.454105854034424
6728750080.0,-2.4632890224456787
6729687552.0,-2.474534511566162
6730625024.0,-2.4889650344848633
6731562496.0,-2.5054078102111816
6732499968.0,-2.5229811668395996
6733437440.0,-2.542442798614502
6734374912.0,-2.563072919845581
6735312384.0,-2.586296558380127
6736249856.0,-2.6105520725250244
6737187328.0,-2.6377370357513428
6738124800.0,-2.6649348735809326
6739062272.0,-2.6961686611175537
6739999744.0,-2.7280726432800293
6740937728.0,-2.7619378566741943
6741875200.0,-2.795990228652954
6742812672.0,-2.8297317028045654
6743750144.0,-2.865083694458008
6744687616.0,-2.897317409515381
6745625088.0,-2.9287331104278564
6746562560.0,-2.9585564136505127
6747500032.0,-2.986133098602295
6748437504.0,-3.0134243965148926
6749374976.0,-3.036620616912842
6750312448.0,-3.058267831802368
6751249920.0,-3.0778541564941406
6752187392.0,-3.0974133014678955
6753124864.0,-3.110081672668457
6754062336.0,-3.1184234619140625
6754999808.0,-3.124478578567505
6755937280.0,-3.126605749130249
6756874752.0,-3.125115156173706
6757812736.0,-3.117849588394165
6758750208.0,-3.109092950820923
6759687680.0,-3.0933890342712402
6760625152.0,-3.0727715492248535
6761562624.0,-3.0473387241363525
6762500096.0,-3.017399311065674
6763437568.0,-2.9848968982696533
6764375040.0,-2.948612689971924
6765312512.0,-2.908729076385498
6766249984.0,-2.864509344100952
6767187456.0,-2.8149008750915527
6768124928.0,-2.760422706604004
6769062400.0,-2.7039566040039062
6769999872.0,-2.6442596912384033
6770937344.0,-2.583303213119507
6771874816.0,-2.5202105045318604
6772812288.0,-2.45741868019104
6773749760.0,-2.3956243991851807
6774687744.0,-2.334552049636841
6775625216.0,-2.2747108936309814
6776562688.0,-2.2164127826690674
6777500160.0,-2.1616623401641846
6778437632.0,-2.113088846206665
6779375104.0,-2.0677592754364014
6780312576.0,-2.0266246795654297
6781250048.0,-1.9898499250411987
6782187520.0,-1.9562338590621948
6783124992.0,-1.9260762929916382
6784062464.0,-1.899850845336914
6784999936.0,-2.3534443378448486
6785937408.0,-2.3332571983337402
6786874880.0,-2.3145735263824463
6787812352.0,-2.2957117557525635
6788749824.0,-2.2785699367523193
6789687296.0,-2.2642552852630615
6790624768.0,-2.252234935760498
6791562752.0,-2.2433457374572754
6792500224.0,-2.236720561981201
6793437696.0,-2.2319374084472656
6794375168.0,-2.229532241821289
6795312640.0,-2.2299270629882812
6796250112.0,-2.2306103706359863
6797187584.0,-2.2332937717437744
6798125056.0,-2.2359585762023926
6799062528.0,-2.2403409481048584
6800000000.0,-2.246119737625122
6800937472.0,-2.252678632736206
6801874944.0,-2.261827230453491
6802812416.0,-2.2704885005950928
6803749888.0,-2.2850193977355957
6804687360.0,-2.299744129180908
6805624832.0,-2.3160014152526855
6806562304.0,-2.333301305770874
6807499776.0,-2.349532127380371
6808437248.0,-2.3684191703796387
6809375232.0,-2.3864455223083496
6810312704.0,-2.4034223556518555
6811250176.0,-2.419973134994507
6812187648.0,-2.4346439838409424
6813125120.0,-2.447206497192383
6814062592.0,-2.458343267440796
6815000064.0,-2.4648425579071045
6815937536.0,-2.4707553386688232
6816875008.0,-2.4741272926330566
6817812480.0,-2.4764115810394287
6818749952.0,-2.4733786582946777
6819687424.0,-2.46720552444458
6820624896.0,-2.457930088043213
6821562368.0,-2.4443583488464355
6822499840.0,-2.428722381591797
6823437312.0,-2.407407283782959
6824374784.0,-2.383491277694702
6825312256.0,-2.3553829193115234
6826250240.0,-2.326124668121338
6827187712.0,-2.2947373390197754
6828125184.0,-2.2605645656585693
6829062656.0,-2.2242183685302734
6830000128.0,-2.1860876083374023
6830937600.0,-2.1462738513946533
6831875072.0,-2.105868101119995
6832812544.0,-2.063784122467041
6833750016.0,-2.0189456939697266
6834687488.0,-1.9752287864685059
6835624960.0,-1.9299622774124146
6836562432.0,-1.8868677616119385
6837499904.0,-1.845510482788086
6838437376.0,-1.8054996728897095
6839374848.0,-1.7682994604110718
6840312320.0,-1.731804370880127
6841249792.0,-1.6978625059127808
6842187264.0,-1.6655324697494507
6843125248.0,-1.6357533931732178
6844062720.0,-1.6079421043395996
6845000192.0,-1.5028009414672852
6845937664.0,-1.4757624864578247
6846875136.0,-1.4502619504928589
6847812608.0,-1.4274640083312988
6848750080.0,-1.406764030456543
6849687552.0,-1.391020655632019
6850625024.0,-1.3770146369934082
6851562496.0,-1.3668681383132935
6852499968.0,-1.359706163406372
6853437440.0,-1.356017827987671
6854374912.0,-1.3552347421646118
6855312384.0,-1.3561784029006958
6856249856.0,-1.3620719909667969
6857187328.0,-1.370019555091858
6858124800.0,-1.3798397779464722
6859062272.0,-1.394054889678955
6860000256.0,-1.4078404903411865
6860937728.0,-1.423606514930725
6861875200.0,-1.439759373664856
6862812672.0,-1.457716941833496
6863750144.0,-1.475956916809082
6864687616.0,-1.495197057723999
6865625088.0,-1.514885425567627
6866562560.0,-1.532760739326477
6867500032.0,-1.5505712032318115
6868437504.0,-1.5680294036865234
6869374976.0,-1.5826797485351562
6870312448.0,-1.596461534500122
6871249920.0,-1.6092678308486938
6872187392.0,-1.619602084159851
6873124864.0,-1.6284561157226562
6874062336.0,-1.634412407875061
6874999808.0,-1.6380999088287354
6875937280.0,-1.6382418870925903
6876874752.0,-1.6347167491912842
6877812736.0,-1.630378007888794
6878750208.0,-1.6220794916152954
6879687680.0,-1.6101422309875488
6880625152.0,-1.5969693660736084
6881562624.0,-1.5802961587905884
6882500096.0,-1.5613384246826172
6883437568.0,-1.5393506288528442
6884375040.0,-1.5156291723251343
6885312512.0,-1.4901177883148193
6886249984.0,-1.4622620344161987
6887187456.0,-1.4334617853164673
6888124928.0,-1.4034225940704346
6889062400.0,-1.3720356225967407
6889999872.0,-1.3411532640457153
6890937344.0,-1.309776782989502
6891874816.0,-1.2787845134735107
6892812288.0,-1.2483971118927002
6893749760.0,-1.2169182300567627
6894687744.0,-1.18802011013031
6895625216.0,-1.157243251800537
6896562688.0,-1.1279120445251465
6897500160.0,-1.0995662212371826
6898437632.0,-1.0730797052383423
6899375104.0,-1.0492788553237915
6900312576.0,-1.0252699851989746
6901250048.0,-1.004404902458191
6902187520.0,-0.9836502075195312
6903124992.0,-0.9672044515609741
6904062464.0,-0.9525970816612244
6904999936.0,-0.9585407376289368
6905937408.0,-0.9566658735275269
6906874880.0,-0.9560961127281189
6907812352.0,-0.9569534659385681
6908749824.0,-0.9581503868103027
6909687296.0,-0.9604430794715881
6910624768.0,-0.9635987877845764
6911562752.0,-0.9678245186805725
6912500224.0,-0.9730116724967957
6913437696.0,-0.9774966835975647
6914375168.0,-0.9835414886474609
6915312640.0,-0.988758385181427
6916250112.0,-0.992652177810669
6917187584.0,-0.9963621497154236
6918125056.0,-0.9990983605384827
6919062528.0,-1.0007230043411255
6920000000.0,-1.0002739429473877
6920937472.0,-0.9980332255363464
6921874944.0,-0.9934177398681641
6922812416.0,-0.9864257574081421
6923749888.0,-0.9779135584831238
6924687360.0,-0.967591404914856
6925624832.0,-0.9546933770179749
6926562304.0,-0.9401045441627502
6927499776.0,-0.9239253401756287
6928437248.0,-0.9071187973022461
6929375232.0,-0.8874205946922302
6930312704.0,-0.8678258657455444
6931250176.0,-0.8483290672302246
6932187648.0,-0.8266988396644592
6933125120.0,-0.8053000569343567
6934062592.0,-0.7823348641395569
6935000064.0,-0.7599697709083557
6935937536.0,-0.7383382320404053
6936875008.0,-0.7165930867195129
6937812480.0,-0.6942847371101379
6938749952.0,-0.6739538311958313
6939687424.0,-0.6542922258377075
6940624896.0,-0.6340418457984924
6941562368.0,-0.615795373916626
6942499840.0,-0.5978729724884033
6943437312.0,-0.5843015313148499
6944374784.0,-0.5686705708503723
6945312256.0,-0.5565705299377441
6946250240.0,-0.5463483333587646
6947187712.0,-0.5376190543174744
6948125184.0,-0.5305764675140381
6949062656.0,-0.5262361764907837
6950000128.0,-0.523887574672699
6950937600.0,-0.5232884883880615
6951875072.0,-0.5235930681228638
6952812544.0,-0.5236680507659912
6953750016.0,-0.5266548991203308
6954687488.0,-0.5304595232009888
6955624960.0,-0.5345332622528076
6956562432.0,-0.5423386693000793
6957499904.0,-0.5513390302658081
6958437376.0,-0.560162365436554
6959374848.0,-0.5705481767654419
6960312320.0,-0.5797576308250427
6961249792.0,-0.5905523300170898
6962187264.0,-0.6011034846305847
6963125248.0,-0.6120330691337585
6964062720.0,-0.6224702000617981
6965000192.0,-0.5244003534317017
6965937664.0,-0.5345361232757568
6966875136.0,-0.5428163409233093
6967812608.0,-0.5515822172164917
6968750080.0,-0.5613999366760254
6969687552.0,-0.572182834148407
6970625024.0,-0.5845128297805786
6971562496.0,-0.5941178798675537
6972499968.0,-0.6055572032928467
6973437440.0,-0.617433488368988
6974374912.0,-0.6299128532409668
6975312384.0,-0.6406428813934326
6976249856.0,-0.6524922251701355
6977187328.0,-0.6643943786621094
6978124800.0,-0.6767109632492065
6979062272.0,-0.6891592741012573
6979999744.0,-0.7013306021690369
6980937728.0,-0.7129881978034973
6981875200.0,-0.7233797907829285
6982812672.0,-0.7319227457046509
6983750144.0,-0.7407809495925903
6984687616.0,-0.747588574886322
6985625088.0,-0.7538989782333374
6986562560.0,-0.7608543038368225
6987500032.0,-0.7659624218940735
6988437504.0,-0.7711063623428345
6989374976.0,-0.7745756506919861
6990312448.0,-0.7773575186729431
6991249920.0,-0.7792981863021851
6992187392.0,-0.7794688940048218
6993124864.0,-0.7790536284446716
6994062336.0,-0.7762714624404907
6994999808.0,-0.773140013217926
6995937280.0,-0.7674201726913452
6996874752.0,-0.7616233825683594
6997812736.0,-0.7536961436271667
6998750208.0,-0.7471312880516052
6999687680.0,-0.7377781271934509
7000625152.0,-0.7279229164123535
7001562624.0,-0.7174695730209351
7002500096.0,-0.7053290605545044
7003437568.0,-0.6923534274101257
7004375040.0,-0.6795390844345093
7005312512.0,-0.6660365462303162
7006249984.0,-0.652625560760498
7007187456.0,-0.6368533372879028
7008124928.0,-0.6206769943237305
7009062400.0,-0.6022655963897705
7009999872.0,-0.5852839350700378
7010937344.0,-0.5671961307525635
7011874816.0,-0.5506306886672974
7012812288.0,-0.533636212348938
7013749760.0,-0.5172877311706543
7014687744.0,-0.5006155967712402
7015625216.0,-0.4856189787387848
7016562688.0,-0.46991291642189026
7017500160.0,-0.45499664545059204
7018437632.0,-0.44086113572120667
7019375104.0,-0.4262430965900421
7020312576.0,-0.4129723906517029
7021250048.0,-0.4000270962715149
7022187520.0,-0.3875926434993744
7023124992.0,-0.3765903413295746
7024062464.0,-0.3665921986103058
7024999936.0,-0.2838515043258667
7025937408.0,-0.28763270378112793
7026874880.0,-0.2923150360584259
7027812352.0,-0.2972148656845093
7028749824.0,-0.3038201928138733
7029687296.0,-0.3103068768978119
7030624768.0,-0.3189184367656708
7031562752.0,-0.3271549642086029
7032500224.0,-0.3382018506526947
7033437696.0,-0.3513995110988617
7034375168.0,-0.3638255000114441
7035312640.0,-0.37794408202171326
7036250112.0,-0.39232975244522095
7037187584.0,-0.40658941864967346
7038125056.0,-0.41966214776039124
7039062528.0,-0.43393534421920776
7040000000.0,-0.4484613835811615
7040937472.0,-0.4620039761066437
7041874944.0,-0.47623124718666077
7042812416.0,-0.4910795986652374
7043749888.0,-0.5049011707305908
7044687360.0,-0.5179101824760437
7045624832.0,-0.5309410691261292
7046562304.0,-0.5424564480781555
7047499776.0,-0.5527715086936951
7048437248.0,-0.5645844340324402
7049375232.0,-0.5741406083106995
7050312704.0,-0.5823560953140259
7051250176.0,-0.5891441702842712
7052187648.0,-0.5944790244102478
7053125120.0,-0.5993047952651978
7054062592.0,-0.6017576456069946
7055000064.0,-0.6040058135986328
7055937536.0,-0.6042974591255188
7056875008.0,-0.6028199791908264
7057812480.0,-0.6016448736190796
7058749952.0,-0.6002118587493896
7059687424.0,-0.5991010665893555
7060624896.0,-0.5963849425315857
7061562368.0,-0.5917694568634033
7062499840.0,-0.5852434635162354
7063437312.0,-0.5779786109924316
7064374784.0,-0.569534957408905
7065312256.0,-0.5590628385543823
7066250240.0,-0.5486154556274414
7067187712.0,-0.5368600487709045
7068125184.0,-0.5241492390632629
7069062656.0,-0.5114748477935791
7070000128.0,-0.4984823167324066
7070937600.0,-0.48517948389053345
7071875072.0,-0.47100475430488586
7072812544.0,-0.4566403925418854
7073750016.0,-0.4409201443195343
7074687488.0,-0.42582663893699646
7075624960.0,-0.40981319546699524
7076562432.0,-0.39370810985565186
7077499904.0,-0.37733644247055054
7078437376.0,-0.3618786633014679
7079374848.0,-0.34571337699890137
7080312320.0,-0.329125314950943
7081249792.0,-0.31327024102211
7082187264.0,-0.29721882939338684
7083125248.0,-0.2821362614631653
7084062720.0,-0.2669382095336914
7085000192.0,-0.3308719992637634
7085937664.0,-0.3202003836631775
7086875136.0,-0.31055304408073425
7087812608.0,-0.30047717690467834
7088750080.0,-0.29246723651885986
7089687552.0,-0.2831215262413025
7090625024.0,-0.27557334303855896
7091562496.0,-0.26963716745376587
7092499968.0,-0.2632313668727875
7093437440.0,-0.25969868898391724
7094374912.0,-0.2572593688964844
7095312384.0,-0.2546199560165405
7096249856.0,-0.25491535663604736
7097187328.0,-0.255041241645813
7098124800.0,-0.2578622102737427
7099062272.0,-0.2605302631855011
7100000256.0,-0.26567673683166504
7100937728.0,-0.2729857265949249
7101875200.0,-0.2819475829601288
7102812672.0,-0.292364239692688
7103750144.0,-0.30401667952537537
7104687616.0,-0.3177310824394226
7105625088.0,-0.3334657847881317
7106562560.0,-0.34959861636161804
7107500032.0,-0.3671785593032837
7108437504.0,-0.38469794392585754
7109374976.0,-0.4060265123844147
7110312448.0,-0.4277265667915344
7111249920.0,-0.4489606022834778
7112187392.0,-0.47255560755729675
7113124864.0,-0.49510258436203003
7114062336.0,-0.5172140598297119
7114999808.0,-0.5400925278663635
7115937280.0,-0.5621218085289001
7116874752.0,-0.5837899446487427
7117812736.0,-0.6053197383880615
7118750208.0,-0.6266956329345703
7119687680.0,-0.6454397439956665
7120625152.0,-0.6651551127433777
7121562624.0,-0.6824653148651123
7122500096.0,-0.6991194486618042
7123437568.0,-0.712684154510498
7124375040.0,-0.7246264815330505
7125312512.0,-0.7346709966659546
7126249984.0,-0.7440724968910217
7127187456.0,-0.7498027086257935
7128124928.0,-0.7526684403419495
7129062400.0,-0.7557246685028076
7129999872.0,-0.7544752359390259
7130937344.0,-0.7529371976852417
7131874816.0,-0.7482303380966187
7132812288.0,-0.7417405247688293
7133749760.0,-0.7323750257492065
7134687744.0,-0.720872163772583
7135625216.0,-0.7086504101753235
7136562688.0,-0.6941462755203247
7137500160.0,-0.6779448986053467
7138437632.0,-0.6602143049240112
7139375104.0,-0.642194390296936
7140312576.0,-0.6201828122138977
7141250048.0,-0.5998460054397583
7142187520.0,-0.5773960947990417
7143124992.0,-0.5560140609741211
7144062464.0,-0.4339796304702759
7144999936.0,-0.43254193663597107
7145937408.0,-0.4292263388633728
7146874880.0,-0.42638295888900757
7147812352.0,-0.4240345060825348
7148749824.0,-0.4210803806781769
7149687296.0,-0.41845452785491943
7150624768.0,-0.4162847101688385
7151562752.0,-0.4139980375766754
7152500224.0,-0.41298913955688477
7153437696.0,-0.41321584582328796
7154375168.0,-0.41487857699394226
7155312640.0,-0.41794371604919434
7156250112.0,-0.4219285547733307
7157187584.0,-0.4292443096637726
7158125056.0,-0.4362718164920807
7159062528.0,-0.4455392062664032
7160000000.0,-0.453707218170166
7160937472.0,-0.46038368344306946
7161874944.0,-0.4681323170661926
7162812416.0,-0.47784340381622314
7163749888.0,-0.4872267246246338
7164687360.0,-0.4964330196380615
7165624832.0,-0.5071820020675659
7166562304.0,-0.5174319744110107
7167499776.0,-0.5285263061523438
7168437248.0,-0.5386335253715515
7169375232.0,-0.5477705001831055
7170312704.0,-0.5554611086845398
7171250176.0,-0.5629008412361145
7172187648.0,-0.5682632923126221
7173125120.0,-0.5727980136871338
7174062592.0,-0.5762553215026855
7175000064.0,-0.5763769745826721
7175937536.0,-0.5765532851219177
7176875008.0,-0.5749409794807434
7177812480.0,-0.5711758732795715
7178749952.0,-0.5682584643363953
7179687424.0,-0.5620150566101074
7180624896.0,-0.5549071431159973
7181562368.0,-0.5459007024765015
7182499840.0,-0.5357470512390137
7183437312.0,-0.5247567296028137
7184374784.0,-0.5118817090988159
7185312256.0,-0.49760472774505615
7186250240.0,-0.4806375503540039
7187187712.0,-0.46361199021339417
7188125184.0,-0.4458213150501251
7189062656.0,-0.42808207869529724
7190000128.0,-0.40700244903564453
7190937600.0,-0.38790827989578247
7191875072.0,-0.3684723377227783
7192812544.0,-0.3493122160434723
7193750016.0,-0.33086028695106506
7194687488.0,-0.3119184672832489
7195624960.0,-0.2951910197734833
7196562432.0,-0.27800384163856506
7197499904.0,-0.26368001103401184
7198437376.0,-0.24968567490577698
7199374848.0,-0.2370927631855011
7200312320.0,-0.22713981568813324
7201249792.0,-0.21882812678813934
7202187264.0,-0.21423578262329102
7203125248.0,-0.2108566164970398
7204062720.0,-0.32342731952667236
7205000192.0,-0.3368617296218872
7205937664.0,-0.3514529764652252
7206875136.0,-0.3705156743526459
7207812608.0,-0.3915051221847534
7208750080.0,-0.41535916924476624
7209687552.0,-0.43996375799179077
7210625024.0,-0.46863463521003723
7211562496.0,-0.5003239512443542
7212499968.0,-0.5337104201316833
7213437440.0,-0.5671267509460449
7214374912.0,-0.6021549105644226
7215312384.0,-0.635750412940979
7216249856.0,-0.6687222719192505
7217187328.0,-0.7019360065460205
7218124800.0,-0.734247088432312
7219062272.0,-0.762991726398468
7219999744.0,-0.7908947467803955
7220937728.0,-0.8153998851776123
7221875200.0,-0.8367650508880615
7222812672.0,-0.8545485138893127
7223750144.0,-0.8678208589553833
7224687616.0,-0.8762866258621216
7225625088.0,-0.8812811970710754
7226562560.0,-0.8824368119239807
7227500032.0,-0.8788884282112122
7228437504.0,-0.871231198310852
7229374976.0,-0.8589154481887817
7230312448.0,-0.8429942727088928
7231249920.0,-0.8226507902145386
7232187392.0,-0.7988935112953186
7233124864.0,-0.7697988152503967
7234062336.0,-0.7373375296592712
7234999808.0,-0.7023406624794006
7235937280.0,-0.665947675704956
7236874752.0,-0.6290854811668396
7237812736.0,-0.5894103050231934
7238750208.0,-0.5491645932197571
7239687680.0,-0.5085620284080505
7240625152.0,-0.46604153513908386
7241562624.0,-0.4228709042072296
7242500096.0,-0.3808269202709198
7243437568.0,-0.3394414782524109
7244375040.0,-0.29737016558647156
7245312512.0,-0.25612393021583557
7246249984.0,-0.21769359707832336
7247187456.0,-0.18089137971401215
7248124928.0,-0.14531224966049194
7249062400.0,-0.11226250976324081
7249999872.0,-0.08153534680604935
7250937344.0,-0.05368436872959137
7251874816.0,-0.029472434893250465
7252812288.0,-0.008584964089095592
7253749760.0,0.0074493312276899815
7254687744.0,0.020810876041650772
7255625216.0,0.030401598662137985
7256562688.0,0.03534463793039322
7257500160.0,0.03655122593045235
7258437632.0,0.03212294355034828
7259375104.0,0.02592252753674984
7260312576.0,0.01537915226072073
7261250048.0,-2.828014658007305e-05
7262187520.0,-0.01920374110341072
7263124992.0,-0.043352849781513214
7264062464.0,-0.2995753884315491
7264999936.0,-0.29670417308807373
7265937408.0,-0.29598188400268555
7266874880.0,-0.2985990047454834
7267812352.0,-0.3039810061454773
7268749824.0,-0.311543345451355
7269687296.0,-0.32184863090515137
7270624768.0,-0.3324500322341919
7271562752.0,-0.34656596183776855
7272500224.0,-0.36137089133262634
7273437696.0,-0.3764272928237915
7274375168.0,-0.3939322233200073
7275312640.0,-0.4107186198234558
7276250112.0,-0.42747417092323303
7277187584.0,-0.44388577342033386
7278125056.0,-0.46059006452560425
7279062528.0,-0.4754166007041931
7280000000.0,-0.4904424250125885
7280937472.0,-0.5028714537620544
7281874944.0,-0.5139878988265991
7282812416.0,-0.5216401219367981
7283749888.0,-0.5293751358985901
7284687360.0,-0.533383846282959
7285624832.0,-0.5366563200950623
7286562304.0,-0.5360103845596313
7287499776.0,-0.5358664393424988
7288437248.0,-0.5356912612915039
7289375232.0,-0.5324984192848206
7290312704.0,-0.5273633599281311
7291250176.0,-0.5188963413238525
7292187648.0,-0.5083500146865845
7293125120.0,-0.4969165027141571
7294062592.0,-0.482148140668869
7295000064.0,-0.4682583808898926
7295937536.0,-0.45232218503952026
7296875008.0,-0.4350162446498871
7297812480.0,-0.41706088185310364
7298749952.0,-0.4004557728767395
7299687424.0,-0.38187161087989807
7300624896.0,-0.36221426725387573
7301562368.0,-0.3449614346027374
7302499840.0,-0.3277728855609894
7303437312.0,-0.31003350019454956
7304374784.0,-0.2940461337566376
7305312256.0,-0.2793448269367218
7306250240.0,-0.26562657952308655
7307187712.0,-0.2541898190975189
7308125184.0,-0.2431488186120987
7309062656.0,-0.2349405735731125
7310000128.0,-0.2275215983390808
7310937600.0,-0.2209821194410324
7311875072.0,-0.2162628173828125
7312812544.0,-0.21300259232521057
7313750016.0,-0.21054355800151825
7314687488.0,-0.20928284525871277
7315624960.0,-0.20782378315925598
7316562432.0,-0.2072129100561142
7317499904.0,-0.2061263769865036
7318437376.0,-0.2036837637424469
7319374848.0,-0.20058752596378326
7320312320.0,-0.19650913774967194
7321249792.0,-0.19040977954864502
7322187264.0,-0.18374945223331451
7323125248.0,-0.17493055760860443
7324062720.0,-0.31813281774520874
7325000192.0,-0.29578539729118347
7325937664.0,-0.2708035111427307
7326875136.0,-0.24537363648414612
7327812608.0,-0.21791213750839233
7328750080.0,-0.1912713199853897
7329687552.0,-0.16264593601226807
7330625024.0,-0.13558439910411835
7331562496.0,-0.11014649271965027
7332499968.0,-0.08719269186258316
7333437440.0,-0.06652882695198059
7334374912.0,-0.051498014479875565
7335312384.0,-0.03882112726569176
7336249856.0,-0.031474724411964417
7337187328.0,-0.02832275815308094
7338124800.0,-0.02930489368736744
7339062272.0,-0.033713120967149734
7340000256.0,-0.040838051587343216
7340937728.0,-0.05504057928919792
7341875200.0,-0.07152099907398224
7342812672.0,-0.0922321230173111
7343750144.0,-0.11617881804704666
7344687616.0,-0.14065827429294586
7345625088.0,-0.1671229600906372
7346562560.0,-0.1932896226644516
7347500032.0,-0.21920286118984222
7348437504.0,-0.2432280033826828
7349374976.0,-0.26478463411331177
7350312448.0,-0.28306734561920166
7351249920.0,-0.29867297410964966
7352187392.0,-0.30711570382118225
7353124864.0,-0.31428074836730957
7354062336.0,-0.3157505691051483
7354999808.0,-0.31200143694877625
7355937280.0,-0.3029221296310425
7356874752.0,-0.28943532705307007
7357812736.0,-0.27207881212234497
7358750208.0,-0.2507835924625397
7359687680.0,-0.22704289853572845
7360625152.0,-0.19914108514785767
7361562624.0,-0.16903887689113617
7362500096.0,-0.1382727175951004
7363437568.0,-0.10655766725540161
7364375040.0,-0.07258196175098419
7365312512.0,-0.03916691988706589
7366249984.0,-0.007857338525354862
7367187456.0,0.019921449944376945
7368124928.0,0.044645756483078
7369062400.0,0.06490848958492279
7369999872.0,0.08076225966215134
7370937344.0,0.09215185791254044
7371874816.0,0.10054764896631241
7372812288.0,0.10623631626367569
7373749760.0,0.11094643175601959
7374687744.0,0.1133250743150711
7375625216.0,0.11432570219039917
7376562688.0,0.11381636559963226
7377500160.0,0.1134071797132492
7378437632.0,0.10930836945772171
7379375104.0,0.10513976216316223
7380312576.0,0.10085253417491913
7381250048.0,0.09424547106027603
7382187520.0,0.08765070885419846
7383124992.0,0.07842537015676498
7384062464.0,-0.22299334406852722
7384999936.0,-0.2392454743385315
7385937408.0,-0.25584685802459717
7386874880.0,-0.2718416452407837
7387812352.0,-0.28647005558013916
7388749824.0,-0.30277618765830994
7389687296.0,-0.31431272625923157
7390624768.0,-0.3252265453338623
7391562752.0,-0.3326539993286133
7392500224.0,-0.33775195479393005
7393437696.0,-0.33845508098602295
7394375168.0,-0.33714815974235535
7395312640.0,-0.331055223941803
7396250112.0,-0.32225501537323
7397187584.0,-0.3108522891998291
7398125056.0,-0.29447922110557556
7399062528.0,-0.2750796973705292
7400000000.0,-0.25242477655410767
7400937472.0,-0.2271239459514618
7401874944.0,-0.19885918498039246
7402812416.0,-0.16768553853034973
7403749888.0,-0.13484244048595428
7404687360.0,-0.10083364695310593
7405624832.0,-0.06601911783218384
7406562304.0,-0.029668567702174187
7407499776.0,0.0065248762257397175
7408437248.0,0.04286159202456474
7409375232.0,0.07784712314605713
7410312704.0,0.11209080368280411
7411250176.0,0.14528368413448334
7412187648.0,0.17779456079006195
7413125120.0,0.20580922067165375
7414062592.0,0.23328876495361328
7415000064.0,0.25708651542663574
7415937536.0,0.27840250730514526
7416875008.0,0.2962091565132141
7417812480.0,0.30964112281799316
7418749952.0,0.32042187452316284
7419687424.0,0.3282013535499573
7420624896.0,0.33195483684539795
7421562368.0,0.331514835357666
7422499840.0,0.3280966579914093
7423437312.0,0.3211076557636261
7424374784.0,0.3095629811286926
7425312256.0,0.2965547740459442
7426250240.0,0.27835381031036377
7427187712.0,0.2584415078163147
7428125184.0,0.23691308498382568
7429062656.0,0.21124108135700226
7430000128.0,0.18364329636096954
7430937600.0,0.15427705645561218
7431875072.0,0.1237206906080246
7432812544.0,0.09260284900665283
7433750016.0,0.05978239327669144
7434687488.0,0.02806188352406025
7435624960.0,-0.0037621003575623035
7436562432.0,-0.0362284779548645
7437499904.0,-0.0673178881406784
7438437376.0,-0.09778700768947601
7439374848.0,-0.12690049409866333
7440312320.0,-0.15524537861347198
7441249792.0,-0.18261367082595825
7442187264.0,-0.2095811367034912
7443125248.0,-0.23401056230068207
7444062720.0,0.02485218271613121
7445000192.0,0.009802611544728279
7445937664.0,-0.006855075713247061
7446875136.0,-0.02557123266160488
7447812608.0,-0.041431158781051636
7448750080.0,-0.05730631574988365
7449687552.0,-0.07341296225786209
7450625024.0,-0.08778440207242966
7451562496.0,-0.10200215131044388
7452499968.0,-0.11369907855987549
7453437440.0,-0.1240561380982399
7454374912.0,-0.1325484961271286
7455312384.0,-0.13832910358905792
7456249856.0,-0.14183655381202698
7457187328.0,-0.1426471620798111
7458124800.0,-0.1423514187335968
7459062272.0,-0.13828957080841064
7459999744.0,-0.13366734981536865
7460937728.0,-0.12618663907051086
7461875200.0,-0.1179041862487793
7462812672.0,-0.10842294245958328
7463750144.0,-0.09783368557691574
7464687616.0,-0.0867493599653244
7465625088.0,-0.07670579850673676
7466562560.0,-0.06826455146074295
7467500032.0,-0.060610949993133545
7468437504.0,-0.052593816071748734
7469374976.0,-0.045487452298402786
7470312448.0,-0.03943923860788345
7471249920.0,-0.03329242020845413
7472187392.0,-0.02958415448665619
7473124864.0,-0.026022622361779213
7474062336.0,-0.025593217462301254
7474999808.0,-0.02561485581099987
7475937280.0,-0.027275221422314644
7476874752.0,-0.03135382756590843
7477812736.0,-0.0363914892077446
7478750208.0,-0.04311810061335564
7479687680.0,-0.05035437270998955
7480625152.0,-0.06004180386662483
7481562624.0,-0.06984345614910126
7482500096.0,-0.08118382841348648
7483437568.0,-0.09173262864351273
7484375040.0,-0.10312330722808838
7485312512.0,-0.11587027460336685
7486249984.0,-0.1270398646593094
7487187456.0,-0.1379261165857315
7488124928.0,-0.14891810715198517
7489062400.0,-0.1589881032705307
7489999872.0,-0.16698762774467468
7490937344.0,-0.17383438348770142
7491874816.0,-0.17757108807563782
7492812288.0,-0.18233968317508698
7493749760.0,-0.18197494745254517
7494687744.0,-0.18064278364181519
7495625216.0,-0.17858649790287018
7496562688.0,-0.17289692163467407
7497500160.0,-0.16662046313285828
7498437632.0,-0.15734581649303436
7499375104.0,-0.14984384179115295
7500312576.0,-0.1408638209104538
7501250048.0,-0.12939326465129852
7502187520.0,-0.11892662942409515
7503124992.0,-0.10817927122116089
7504062464.0,-0.07606769353151321
7504999936.0,-0.052193641662597656
7505937408.0,-0.0292959064245224
7506874880.0,-0.010358304716646671
7507812352.0,0.0030022598803043365
7508749824.0,0.014192058704793453
7509687296.0,0.022089634090662003
7510624768.0,0.024056602269411087
7511562752.0,0.024387897923588753
7512500224.0,0.01925094984471798
7513437696.0,0.012284362688660622
7514375168.0,0.0007827830850146711
7515312640.0,-0.01331573911011219
7516250112.0,-0.02877085469663143
7517187584.0,-0.04374367743730545
7518125056.0,-0.05974700301885605
7519062528.0,-0.07602602988481522
7520000000.0,-0.09175004810094833
7520937472.0,-0.10581915825605392
7521874944.0,-0.11982843279838562
7522812416.0,-0.13085001707077026
7523749888.0,-0.14025244116783142
7524687360.0,-0.14676378667354584
7525624832.0,-0.15102773904800415
7526562304.0,-0.15257051587104797
7527499776.0,-0.1512710303068161
7528437248.0,-0.14729446172714233
7529375232.0,-0.14026257395744324
7530312704.0,-0.13113828003406525
7531250176.0,-0.12136847525835037
7532187648.0,-0.108750119805336
7533125120.0,-0.09568201005458832
7534062592.0,-0.08125486969947815
7535000064.0,-0.06669346988201141
7535937536.0,-0.052470721304416656
7536875008.0,-0.04122994840145111
7537812480.0,-0.03076210990548134
7538749952.0,-0.021367184817790985
7539687424.0,-0.015738006681203842
7540624896.0,-0.014240080490708351
7541562368.0,-0.0154723534360528
7542499840.0,-0.01996275782585144
7543437312.0,-0.028465187177062035
7544374784.0,-0.04083777591586113
7545312256.0,-0.05908090993762016
7546250240.0,-0.08114282041788101
7547187712.0,-0.10557560622692108
7548125184.0,-0.13170631229877472
7549062656.0,-0.16148611903190613
7550000128.0,-0.19161619246006012
7550937600.0,-0.2220027893781662
7551875072.0,-0.2514663636684418
7552812544.0,-0.2786376476287842
7553750016.0,-0.3040277361869812
7554687488.0,-0.32752054929733276
7555624960.0,-0.34731075167655945
7556562432.0,-0.36391782760620117
7557499904.0,-0.3787549138069153
7558437376.0,-0.39239630103111267
7559374848.0,-0.4055148959159851
7560312320.0,-0.41678184270858765
7561249792.0,-0.42804959416389465
7562187264.0,-0.43906036019325256
7563125248.0,-0.4508620798587799
7564062720.0,-0.4301864504814148
7565000192.0,-0.4145960211753845
7565937664.0,-0.3964473009109497
7566875136.0,-0.3771462142467499
7567812608.0,-0.3537704646587372
7568750080.0,-0.32977038621902466
7569687552.0,-0.3041241765022278
7570625024.0,-0.27635011076927185
7571562496.0,-0.24833013117313385
7572499968.0,-0.21965457499027252
7573437440.0,-0.1903936117887497
7574374912.0,-0.16257663071155548
7575312384.0,-0.13404999673366547
7576249856.0,-0.10584598779678345
7577187328.0,-0.07976913452148438
7578124800.0,-0.05492215231060982
7579062272.0,-0.03142070770263672
7580000256.0,-0.0080356914550066
7580937728.0,0.011387056671082973
7581875200.0,0.02952713333070278
7582812672.0,0.045441433787345886
7583750144.0,0.05862129479646683
7584687616.0,0.06999974697828293
7585625088.0,0.07836714386940002
7586562560.0,0.08568353950977325
7587500032.0,0.08847168833017349
7588437504.0,0.09092453867197037
7589374976.0,0.08901869505643845
7590312448.0,0.0853060856461525
7591249920.0,0.0796956941485405
7592187392.0,0.07128440588712692
7593124864.0,0.06262011080980301
7594062336.0,0.052529722452163696
7594999808.0,0.04133368283510208
7595937280.0,0.026226185262203217
7596874752.0,0.012092804536223412
7597812736.0,-0.005475341808050871
7598750208.0,-0.022494904696941376
7599687680.0,-0.04027605801820755
7600625152.0,-0.05854368582367897
7601562624.0,-0.07766004651784897
7602500096.0,-0.09515048563480377
7603437568.0,-0.11366637796163559
7604375040.0,-0.1322307139635086
7605312512.0,-0.14791060984134674
7606249984.0,-0.16514217853546143
7607187456.0,-0.17919771373271942
7608124928.0,-0.1936926692724228
7609062400.0,-0.20608098804950714
7609999872.0,-0.21923097968101501
7610937344.0,-0.22916986048221588
7611874816.0,-0.23882688581943512
7612812288.0,-0.24593856930732727
7613749760.0,-0.2536086440086365
7614687744.0,-0.25765252113342285
7615625216.0,-0.2618074119091034
7616562688.0,-0.26485106348991394
7617500160.0,-0.26721131801605225
7618437632.0,-0.26979807019233704
7619375104.0,-0.27326419949531555
7620312576.0,-0.27692118287086487
7621250048.0,-0.27938389778137207
7622187520.0,-0.28269055485725403
7623124992.0,-0.285460501909256
7624062464.0,-0.28141501545906067
7624999936.0,-0.2865833640098572
7625937408.0,-0.2894499599933624
7626874880.0,-0.2910754978656769
7627812352.0,-0.29011961817741394
7628749824.0,-0.28808969259262085
7629687296.0,-0.28336426615715027
7630624768.0,-0.27587828040122986
7631562752.0,-0.2675562798976898
7632500224.0,-0.25879618525505066
7633437696.0,-0.24813924729824066
7634375168.0,-0.2374170869588852
7635312640.0,-0.22517016530036926
7636250112.0,-0.21326294541358948
7637187584.0,-0.2017597258090973
7638125056.0,-0.18875664472579956
7639062528.0,-0.17613983154296875
7640000000.0,-0.16305561363697052
7640937472.0,-0.15187570452690125
7641874944.0,-0.14004479348659515
7642812416.0,-0.13023680448532104
7643749888.0,-0.12151932716369629
7644687360.0,-0.11626661568880081
7645624832.0,-0.11224400997161865
7646562304.0,-0.10895000398159027
7647499776.0,-0.10769954323768616
7648437248.0,-0.10779152065515518
7649375232.0,-0.10832173377275467
7650312704.0,-0.11071336269378662
7651250176.0,-0.11305347084999084
7652187648.0,-0.11813145875930786
7653125120.0,-0.12291257828474045
7654062592.0,-0.1296081393957138
7655000064.0,-0.13632360100746155
7655937536.0,-0.14446279406547546
7656875008.0,-0.1527755707502365
7657812480.0,-0.16146457195281982
7658749952.0,-0.16977867484092712
7659687424.0,-0.17715097963809967
7660624896.0,-0.18717160820960999
7661562368.0,-0.19448673725128174
7662499840.0,-0.2024381309747696
7663437312.0,-0.210282102227211
7664374784.0,-0.21654124557971954
7665312256.0,-0.22358199954032898
7666250240.0,-0.2290472686290741
7667187712.0,-0.23289798200130463
7668125184.0,-0.23781022429466248
7669062656.0,-0.23995183408260345
7670000128.0,-0.2400333732366562
7670937600.0,-0.23932790756225586
7671875072.0,-0.23725880682468414
7672812544.0,-0.2340555489063263
7673750016.0,-0.230856791138649
7674687488.0,-0.2245778739452362
7675624960.0,-0.21864958107471466
7676562432.0,-0.21268129348754883
7677499904.0,-0.20502808690071106
7678437376.0,-0.1974344700574875
7679374848.0,-0.1888328343629837
7680312320.0,-0.1807589828968048
7681249792.0,-0.17134341597557068
7682187264.0,-0.16176246106624603
7683125248.0,-0.15377351641654968
7684062720.0,0.0850708857178688
7685000192.0,0.09638261049985886
7685937664.0,0.1068480834364891
7686875136.0,0.11450140923261642
7687812608.0,0.11881257593631744
7688750080.0,0.11980703473091125
7689687552.0,0.12026696652173996
7690625024.0,0.1171635091304779
7691562496.0,0.11154087632894516
7692499968.0,0.10399867594242096
7693437440.0,0.09345048666000366
7694374912.0,0.08076213300228119
7695312384.0,0.06518082320690155
7696249856.0,0.047404736280441284
7697187328.0,0.02712016925215721
7698124800.0,0.0050316862761974335
7699062272.0,-0.016947949305176735
7699999744.0,-0.040093712508678436
7700937728.0,-0.06372297555208206
7701875200.0,-0.08845365047454834
7702812672.0,-0.11290592700242996
7703750144.0,-0.1374940127134323
7704687616.0,-0.15926143527030945
7705625088.0,-0.18210309743881226
7706562560.0,-0.20345309376716614
7707500032.0,-0.2228023111820221
7708437504.0,-0.24004212021827698
7709374976.0,-0.256258100271225
7710312448.0,-0.269925981760025
7711249920.0,-0.28215932846069336
7712187392.0,-0.2919958531856537
7713124864.0,-0.3003949224948883
7714062336.0,-0.3078189492225647
7714999808.0,-0.3118308484554291
7715937280.0,-0.31506291031837463
7716874752.0,-0.31653034687042236
7717812736.0,-0.31678327918052673
7718750208.0,-0.31471964716911316
7719687680.0,-0.31160300970077515
7720625152.0,-0.3066195845603943
7721562624.0,-0.3001488745212555
7722500096.0,-0.29302695393562317
7723437568.0,-0.2851957082748413
7724375040.0,-0.2776067554950714
7725312512.0,-0.26908302307128906
7726249984.0,-0.26156190037727356
7727187456.0,-0.2533624768257141
7728124928.0,-0.2445397675037384
7729062400.0,-0.23747168481349945
7729999872.0,-0.22982926666736603
7730937344.0,-0.22358214855194092
7731874816.0,-0.21633267402648926
7732812288.0,-0.2109467089176178
7733749760.0,-0.20549657940864563
7734687744.0,-0.20143535733222961
7735625216.0,-0.19867698848247528
7736562688.0,-0.19642707705497742
7737500160.0,-0.19591951370239258
7738437632.0,-0.1959805190563202
7739375104.0,-0.1970369964838028
7740312576.0,-0.19865022599697113
7741250048.0,-0.20178623497486115
7742187520.0,-0.20586970448493958
7743124992.0,-0.21134595572948456
7744062464.0,-0.16907411813735962
7744999936.0,-0.13264797627925873
7745937408.0,-0.09383566677570343
7746874880.0,-0.05492677912116051
7747812352.0,-0.01584293320775032
7748749824.0,0.02151167020201683
7749687296.0,0.057599086314439774
7750624768.0,0.08880449086427689
7751562752.0,0.11984657496213913
7752500224.0,0.14550219476222992
7753437696.0,0.16926230490207672
7754375168.0,0.18900761008262634
7755312640.0,0.20584391057491302
7756250112.0,0.2187490314245224
7757187584.0,0.22825396060943604
7758125056.0,0.23412035405635834
7759062528.0,0.23632311820983887
7760000000.0,0.23571938276290894
7760937472.0,0.23149795830249786
7761874944.0,0.2246248722076416
7762812416.0,0.21562571823596954
7763749888.0,0.20366398990154266
7764687360.0,0.1895095705986023
7765624832.0,0.17408141493797302
7766562304.0,0.15607167780399323
7767499776.0,0.13801740109920502
7768437248.0,0.1166897565126419
7769375232.0,0.09667432308197021
7770312704.0,0.07513026148080826
7771250176.0,0.05317115783691406
7772187648.0,0.03277432546019554
7773125120.0,0.011294093914330006
7774062592.0,-0.009578900411725044
7775000064.0,-0.02985311858355999
7775937536.0,-0.05032062530517578
7776875008.0,-0.06980281323194504
7777812480.0,-0.0893673524260521
7778749952.0,-0.10586483031511307
7779687424.0,-0.1217338964343071
7780624896.0,-0.13801543414592743
7781562368.0,-0.15310455858707428
7782499840.0,-0.16666126251220703
7783437312.0,-0.1796198934316635
7784374784.0,-0.1911521703004837
7785312256.0,-0.2016683667898178
7786250240.0,-0.2116204798221588
7787187712.0,-0.2207484394311905
7788125184.0,-0.2291092574596405
7789062656.0,-0.23691046237945557
7790000128.0,-0.24410581588745117
7790937600.0,-0.2497965693473816
7791875072.0,-0.2552137076854706
7792812544.0,-0.25993311405181885
7793750016.0,-0.26453688740730286
7794687488.0,-0.2681991159915924
7795624960.0,-0.2713404893875122
7796562432.0,-0.2747547924518585
7797499904.0,-0.28081005811691284
7798437376.0,-0.2855849862098694
7799374848.0,-0.287632018327713
7800312320.0,-0.2893623411655426
7801249792.0,-0.2893773913383484
7802187264.0,-0.28792452812194824
7803125248.0,-0.2853776812553406
7804062720.0,-0.2647344470024109
7805000192.0,-0.25491076707839966
7805937664.0,-0.2438332587480545
7806875136.0,-0.23198969662189484
7807812608.0,-0.21908293664455414
7808750080.0,-0.20502565801143646
7809687552.0,-0.1908400058746338
7810625024.0,-0.1765451282262802
7811562496.0,-0.16134271025657654
7812499968.0,-0.14489690959453583
7813437440.0,-0.1292383372783661
7814374912.0,-0.11312741041183472
7815312384.0,-0.09721773117780685
7816249856.0,-0.08021891862154007
7817187328.0,-0.06348416209220886
7818124800.0,-0.04732804000377655
7819062272.0,-0.03203606605529785
7820000256.0,-0.01594988815486431
7820937728.0,-0.0007527973502874374
7821875200.0,0.013665403239428997
7822812672.0,0.023861000314354897
7823750144.0,0.03485066443681717
7824687616.0,0.04346146434545517
7825625088.0,0.05138908699154854
7826562560.0,0.059547580778598785
7827500032.0,0.06519299000501633
7828437504.0,0.07010786235332489
7829374976.0,0.07527364045381546
7830312448.0,0.0798378437757492
7831249920.0,0.08307921886444092
7832187392.0,0.08557048439979553
7833124864.0,0.08787637948989868
7834062336.0,0.09099248796701431
7834999808.0,0.09173770248889923
7835937280.0,0.09365348517894745
7836874752.0,0.0942273885011673
7837812736.0,0.09452731907367706
7838750208.0,0.09462810307741165
7839687680.0,0.09452918916940689
7840625152.0,0.09519443660974503
7841562624.0,0.09409557282924652
7842500096.0,0.09415296465158463
7843437568.0,0.09287681430578232
7844375040.0,0.09228601306676865
7845312512.0,0.09065306931734085
7846249984.0,0.0882938876748085
7847187456.0,0.08635535091161728
7848124928.0,0.081574447453022
7849062400.0,0.07631576806306839
7849999872.0,0.07092846930027008
7850937344.0,0.06564367562532425
7851874816.0,0.058446627110242844
7852812288.0,0.052747081965208054
7853749760.0,0.04573262482881546
7854687744.0,0.03735794499516487
7855625216.0,0.02900036610662937
7856562688.0,0.02032814919948578
7857500160.0,0.011808671057224274
7858437632.0,0.0007440790650434792
7859375104.0,-0.008926532231271267
7860312576.0,-0.019102757796645164
7861250048.0,-0.030288076028227806
7862187520.0,-0.041275057941675186
7863124992.0,-0.05122790485620499
7864062464.0,0.05062475800514221
7864999936.0,0.0404878668487072
7865937408.0,0.032183676958084106
7866874880.0,0.025052295997738838
7867812352.0,0.016420861706137657
7868749824.0,0.009757916443049908
7869687296.0,0.0039056369569152594
7870624768.0,-0.0010457676835358143
7871562752.0,-0.004326443187892437
7872500224.0,-0.008303842507302761
7873437696.0,-0.015121021308004856
7874375168.0,-0.021691814064979553
7875312640.0,-0.027853596955537796
7876250112.0,-0.03616994991898537
7877187584.0,-0.04369831085205078
7878125056.0,-0.0524258017539978
7879062528.0,-0.06017628312110901
7880000000.0,-0.0704788938164711
7880937472.0,-0.08239061385393143
7881874944.0,-0.09415894746780396
7882812416.0,-0.10694482922554016
7883749888.0,-0.12356343865394592
7884687360.0,-0.1392819881439209
7885624832.0,-0.1573525071144104
7886562304.0,-0.17652446031570435
7887499776.0,-0.19838540256023407
7888437248.0,-0.2205474078655243
7889375232.0,-0.2434895634651184
7890312704.0,-0.2671516239643097
7891250176.0,-0.29252269864082336
7892187648.0,-0.31711864471435547
7893125120.0,-0.3421228229999542
7894062592.0,-0.3675353229045868
7895000064.0,-0.3919515311717987
7895937536.0,-0.41445058584213257
7896875008.0,-0.435865581035614
7897812480.0,-0.455835223197937
7898749952.0,-0.4726770222187042
7899687424.0,-0.4855435788631439
7900624896.0,-0.4982432723045349
7901562368.0,-0.507189154624939
7902499840.0,-0.5141018629074097
7903437312.0,-0.5168773531913757
7904374784.0,-0.5172512531280518
7905312256.0,-0.5151580572128296
7906250240.0,-0.5088956356048584
7907187712.0,-0.5011597871780396
7908125184.0,-0.48974913358688354
7909062656.0,-0.4744073748588562
7910000128.0,-0.45780831575393677
7910937600.0,-0.4373595416545868
7911875072.0,-0.4163866937160492
7912812544.0,-0.3920580744743347
7913750016.0,-0.3669370412826538
7914687488.0,-0.33885475993156433
7915624960.0,-0.30985045433044434
7916562432.0,-0.2803650200366974
7917499904.0,-0.24951159954071045
7918437376.0,-0.2190384566783905
7919374848.0,-0.1882922649383545
7920312320.0,-0.15702857077121735
7921249792.0,-0.12762737274169922
7922187264.0,-0.09795209020376205
7923125248.0,-0.06982439756393433
7924062720.0,0.06801483035087585
7925000192.0,0.08926855772733688
7925937664.0,0.10700426995754242
7926875136.0,0.12383496016263962
7927812608.0,0.1369265466928482
7928750080.0,0.14787086844444275
7929687552.0,0.15583062171936035
7930625024.0,0.16218455135822296
7931562496.0,0.16464629769325256
7932499968.0,0.16600395739078522
7933437440.0,0.16437695920467377
7934374912.0,0.16144730150699615
7935312384.0,0.15578050911426544
7936249856.0,0.14894580841064453
7937187328.0,0.13986708223819733
7938124800.0,0.12953618168830872
7939062272.0,0.11724340915679932
7939999744.0,0.1032068058848381
7940937728.0,0.08698198944330215
7941875200.0,0.0696326494216919
7942812672.0,0.05256381258368492
7943750144.0,0.03329397365450859
7944687616.0,0.013932820409536362
7945625088.0,-0.008266657590866089
7946562560.0,-0.030116552487015724
7947500032.0,-0.05186648294329643
7948437504.0,-0.07551002502441406
7949374976.0,-0.09829380363225937
7950312448.0,-0.11947645246982574
7951249920.0,-0.1409877985715866
7952187392.0,-0.16308626532554626
7953124864.0,-0.18475450575351715
7954062336.0,-0.20655624568462372
7954999808.0,-0.22830665111541748
7955937280.0,-0.25143471360206604
7956874752.0,-0.2723606824874878
7957812736.0,-0.2939240038394928
7958750208.0,-0.3148624897003174
7959687680.0,-0.33623918890953064
7960625152.0,-0.35525375604629517
7961562624.0,-0.3758716881275177
7962500096.0,-0.392605721950531
7963437568.0,-0.41072437167167664
7964375040.0,-0.4284702241420746
7965312512.0,-0.4424293637275696
7966249984.0,-0.4571162164211273
7967187456.0,-0.4703885614871979
7968124928.0,-0.48272985219955444
7969062400.0,-0.4931308925151825
7969999872.0,-0.5015724301338196
7970937344.0,-0.5087707042694092
7971874816.0,-0.5136334896087646
7972812288.0,-0.5181024670600891
7973749760.0,-0.5195809006690979
7974687744.0,-0.5197514891624451
7975625216.0,-0.5173125267028809
7976562688.0,-0.5130081176757812
7977500160.0,-0.5080875158309937
7978437632.0,-0.4990108013153076
7979375104.0,-0.4885486960411072
7980312576.0,-0.4758409857749939
7981250048.0,-0.4610562026500702
7982187520.0,-0.44452139735221863
7983124992.0,-0.4256070554256439
7984062464.0,-0.4021449685096741
7984999936.0,-0.38727259635925293
7985937408.0,-0.37067151069641113
7986874880.0,-0.35431763529777527
7987812352.0,-0.33594849705696106
7988749824.0,-0.3177090287208557
7989687296.0,-0.2971353530883789
7990624768.0,-0.27806103229522705
7991562752.0,-0.25847873091697693
7992500224.0,-0.23781508207321167
7993437696.0,-0.21692577004432678
7994375168.0,-0.1975804567337036
7995312640.0,-0.17779284715652466
7996250112.0,-0.15819987654685974
7997187584.0,-0.1399652510881424
7998125056.0,-0.1210198849439621
7999062528.0,-0.10265419632196426
8000000000.0,-0.0847729817032814
