Frequency (Hz),Measurement
2000000000.0,0.1435989886522293
2000937472.0,0.13740766048431396
2001874944.0,0.13377611339092255
2002812544.0,0.1296684294939041
2003750016.0,0.12486141175031662
2004687488.0,0.11989742517471313
2005624960.0,0.11478029191493988
2006562560.0,0.109681636095047
2007500032.0,0.10529618710279465
2008437504.0,0.10016297549009323
2009374976.0,0.09495151787996292
2010312448.0,0.08900444209575653
2011250048.0,0.08290180563926697
2012187520.0,0.07615716010332108
2013124992.0,0.07068106532096863
2014062464.0,0.06445677578449249
2015000064.0,0.05856799706816673
2015937536.0,0.052491918206214905
2016875008.0,0.04644378274679184
2017812480.0,0.041842613369226456
2018749952.0,0.03629448637366295
2019687552.0,0.03112957254052162
2020625024.0,0.026824675500392914
2021562496.0,0.02173108607530594
2022499968.0,0.018214138224720955
2023437440.0,0.01485317014157772
2024375040.0,0.01306474581360817
2025312512.0,0.012005050666630268
2026249984.0,0.010178674943745136
2027187456.0,0.010322490707039833
2028125056.0,0.010852678678929806
2029062528.0,0.012555335648357868
2030000000.0,0.014312798157334328
2030937472.0,0.01787571795284748
2031874944.0,0.021458860486745834
2032812544.0,0.02680589072406292
2033750016.0,0.03152208402752876
2034687488.0,0.03837960585951805
2035624960.0,0.04517027735710144
2036562560.0,0.052347879856824875
2037500032.0,0.06013348326086998
2038437504.0,0.06804627180099487
2039374976.0,0.0765761062502861
2040312448.0,0.08548326045274734
2041250048.0,0.093121238052845
2042187520.0,0.10110022872686386
2043124992.0,0.10944736748933792
2044062464.0,0.11697901040315628
2044999936.0,0.1228010430932045
2045937536.0,0.12907928228378296
2046875008.0,0.13387298583984375
2047812480.0,0.13764159381389618
2048749952.0,0.1467292606830597
2049687552.0,0.1428254395723343
2050625024.0,0.13678519427776337
2051562496.0,0.13042017817497253
2052499968.0,0.12411945313215256
2053437440.0,0.11675453186035156
2054375040.0,0.10964441299438477
2055312512.0,0.10259876400232315
2056249984.0,0.09499025344848633
2057187456.0,0.08825226128101349
2058125056.0,0.08079960197210312
2059062528.0,0.07366984337568283
2060000000.0,0.06712685525417328
2060937472.0,0.0610349215567112
2061874944.0,0.05306791141629219
2062812544.0,0.04714908450841904
2063750016.0,0.041524797677993774
2064687488.0,0.035856492817401886
2065624960.0,0.03172260522842407
2066562560.0,0.026559967547655106
2067500032.0,0.022131843492388725
2068437504.0,0.01758555881679058
2069374976.0,0.01410870160907507
2070312448.0,0.010797820053994656
2071250048.0,0.007735680788755417
2072187520.0,0.005407143849879503
2073124992.0,0.0030999616719782352
2074062464.0,0.0006699638906866312
2075000064.0,-0.0006826228927820921
2075937536.0,-0.0018950591329485178
2076875008.0,-0.0022621091920882463
2077812480.0,-0.003254066687077284
2078749952.0,-0.0037148231640458107
2079687552.0,-0.00301385042257607
2080625024.0,-0.0025166815612465143
2081562496.0,-0.0021962635219097137
2082499968.0,-0.00032503527472727
2083437440.0,0.0021101238671690226
2084375040.0,0.0033451681956648827
2085312512.0,0.0064864433370530605
2086249984.0,0.010997430421411991
2087187456.0,0.013753515668213367
2088125056.0,0.01938779279589653
2089062528.0,0.02447040006518364
2090000000.0,0.02943623624742031
2090937472.0,0.0364130362868309
2091874944.0,0.042703188955783844
2092812544.0,0.050418756902217865
2093750016.0,0.057757385075092316
2094687488.0,0.06648308783769608
2095624960.0,0.07607915997505188
2096562560.0,0.08612179756164551
2097500032.0,0.09669090807437897
2098437504.0,0.1077805608510971
2099374976.0,0.11964549124240875
2100312448.0,0.13198252022266388
2101250048.0,0.14464668929576874
2102187520.0,0.15667001903057098
2103124992.0,0.17052020132541656
2104062464.0,0.18348456919193268
2104999936.0,0.19711047410964966
2105937536.0,0.21043969690799713
2106875008.0,0.22315876185894012
2107812480.0,0.23631975054740906
2108749952.0,0.27582889795303345
2109687552.0,0.2827250361442566
2110625024.0,0.2912123501300812
2111562496.0,0.2973107397556305
2112499968.0,0.30326277017593384
2113437440.0,0.30751359462738037
2114375040.0,0.30990299582481384
2115312512.0,0.3110692501068115
2116249984.0,0.3088282346725464
2117187456.0,0.3054758310317993
2118125056.0,0.29843154549598694
2119062528.0,0.2878134846687317
2120000000.0,0.27512437105178833
2120937472.0,0.2594115138053894
2121874944.0,0.2408921867609024
2122812544.0,0.22036884725093842
2123750016.0,0.1966119408607483
2124687488.0,0.17221324145793915
2125624960.0,0.14527621865272522
2126562560.0,0.11892300844192505
2127500032.0,0.09121332317590714
2128437504.0,0.06491659581661224
2129374976.0,0.03829393908381462
2130312448.0,0.012353170663118362
2131250048.0,-0.010718988254666328
2132187520.0,-0.03308809548616409
2133124992.0,-0.053198374807834625
2134062464.0,-0.07077012956142426
2135000064.0,-0.08572252094745636
2135937536.0,-0.09798791259527206
2136875008.0,-0.10626646876335144
2137812480.0,-0.11283597350120544
2138749952.0,-0.1167733445763588
2139687552.0,-0.1168108731508255
2140625024.0,-0.11337946355342865
2141562496.0,-0.10923857986927032
2142499968.0,-0.10238633304834366
2143437440.0,-0.09456171095371246
2144375040.0,-0.08286920189857483
2145312512.0,-0.07057524472475052
2146249984.0,-0.057748157531023026
2147187456.0,-0.0441923514008522
2148124928.0,-0.03025810793042183
2149062400.0,-0.014732922427356243
2150000128.0,-0.0001623010030016303
2150937600.0,0.015468872152268887
2151875072.0,0.03014519438147545
2152812544.0,0.04399951174855232
2153750016.0,0.0571574904024601
2154687488.0,0.07010507583618164
2155624960.0,0.08246473968029022
2156562432.0,0.09388627111911774
2157499904.0,0.10368833690881729
2158437376.0,0.11452549695968628
2159375104.0,0.12400919944047928
2160312576.0,0.13313916325569153
2161250048.0,0.14245693385601044
2162187520.0,0.15144342184066772
2163124992.0,0.16041244566440582
2164062464.0,0.16872531175613403
2164999936.0,0.17690643668174744
2165937408.0,0.1859624981880188
2166874880.0,0.19383390247821808
2167812608.0,0.20173342525959015
2168750080.0,0.22656668722629547
2169687552.0,0.23680059611797333
2170625024.0,0.24884337186813354
2171562496.0,0.25909319519996643
2172499968.0,0.2691371440887451
2173437440.0,0.2791750431060791
2174374912.0,0.287763774394989
2175312384.0,0.2952575385570526
2176250112.0,0.3012394309043884
2177187584.0,0.3067587912082672
2178125056.0,0.3102255165576935
2179062528.0,0.3120408356189728
2180000000.0,0.31137824058532715
2180937472.0,0.30858129262924194
2181874944.0,0.30383819341659546
2182812416.0,0.2979981005191803
2183749888.0,0.2889229357242584
2184687616.0,0.27833718061447144
2185625088.0,0.26580309867858887
2186562560.0,0.2515650987625122
2187500032.0,0.2357528656721115
2188437504.0,0.21803788840770721
2189374976.0,0.19891276955604553
2190312448.0,0.17965087294578552
2191249920.0,0.1584300696849823
2192187392.0,0.137016162276268
2193125120.0,0.1165609285235405
2194062592.0,0.09562555700540543
2195000064.0,0.07505682110786438
2195937536.0,0.05427229031920433
2196875008.0,0.03594858571887016
2197812480.0,0.01808946579694748
2198749952.0,0.0012113588163629174
2199687424.0,-0.013376615010201931
2200624896.0,-0.026220209896564484
2201562624.0,-0.03639779984951019
2202500096.0,-0.04570600017905235
2203437568.0,-0.051263365894556046
2204375040.0,-0.055389732122421265
2205312512.0,-0.05699826031923294
2206249984.0,-0.05775637924671173
2207187456.0,-0.05499701946973801
2208124928.0,-0.04956226423382759
2209062400.0,-0.04310103505849838
2209999872.0,-0.03426510468125343
2210937600.0,-0.022720448672771454
2211875072.0,-0.00991100911051035
2212812544.0,0.003030655672773719
2213750016.0,0.018411045894026756
2214687488.0,0.03370936959981918
2215624960.0,0.05010334029793739
2216562432.0,0.06730228662490845
2217499904.0,0.08481164276599884
2218437376.0,0.10252397507429123
2219375104.0,0.11906063556671143
2220312576.0,0.1364995390176773
2221250048.0,0.15306970477104187
2222187520.0,0.16705060005187988
2223124992.0,0.18171975016593933
2224062464.0,0.19436144828796387
2224999936.0,0.2065860778093338
2225937408.0,0.21679523587226868
2226874880.0,0.22521060705184937
2227812608.0,0.23226924240589142
2228750080.0,0.20454393327236176
2229687552.0,0.2099275290966034
2230625024.0,0.21472404897212982
2231562496.0,0.2186666578054428
2232499968.0,0.22100979089736938
2233437440.0,0.22182823717594147
2234374912.0,0.21968583762645721
2235312384.0,0.21753835678100586
2236250112.0,0.21244028210639954
2237187584.0,0.2041422426700592
2238125056.0,0.19524617493152618
2239062528.0,0.18306104838848114
2240000000.0,0.16928042471408844
2240937472.0,0.15470975637435913
2241874944.0,0.13727685809135437
2242812416.0,0.11841800063848495
2243749888.0,0.09910284727811813
2244687616.0,0.07910915464162827
2245625088.0,0.058350685983896255
2246562560.0,0.036967359483242035
2247500032.0,0.01593502052128315
2248437504.0,-0.004471226129680872
2249374976.0,-0.024958204478025436
2250312448.0,-0.04221688210964203
2251249920.0,-0.059573277831077576
2252187392.0,-0.07458542287349701
2253125120.0,-0.08789372444152832
2254062592.0,-0.09881891310214996
2255000064.0,-0.10770633816719055
2255937536.0,-0.1129794716835022
2256875008.0,-0.11666525900363922
2257812480.0,-0.11812129616737366
2258749952.0,-0.11743538081645966
2259687424.0,-0.11357228457927704
2260624896.0,-0.10786059498786926
2261562624.0,-0.10051727294921875
2262500096.0,-0.0907406136393547
2263437568.0,-0.07902661710977554
2264375040.0,-0.06646234542131424
2265312512.0,-0.051726728677749634
2266249984.0,-0.03652475029230118
2267187456.0,-0.02043536677956581
2268124928.0,-0.003164424328133464
2269062400.0,0.01310544554144144
2270000128.0,0.031911078840494156
2270937600.0,0.04948975518345833
2271875072.0,0.06707017123699188
2272812544.0,0.08323781192302704
2273750016.0,0.1005963459610939
2274687488.0,0.11640307307243347
2275624960.0,0.13097435235977173
2276562432.0,0.14510056376457214
2277499904.0,0.15920956432819366
2278437376.0,0.17177867889404297
2279375104.0,0.18237045407295227
2280312576.0,0.19341574609279633
2281250048.0,0.2025047093629837
2282187520.0,0.2109937220811844
2283124992.0,0.21902920305728912
2284062464.0,0.22535449266433716
2284999936.0,0.23130537569522858
2285937408.0,0.23661313951015472
2286874880.0,0.24151457846164703
2287812608.0,0.24533121287822723
2288750080.0,0.25699862837791443
2289687552.0,0.26514965295791626
2290625024.0,0.27335652709007263
2291562496.0,0.28066447377204895
2292499968.0,0.287611722946167
2293437440.0,0.29461413621902466
2294374912.0,0.3011947572231293
2295312384.0,0.3073931336402893
2296250112.0,0.31131938099861145
2297187584.0,0.31456729769706726
2298125056.0,0.316509872674942
2299062528.0,0.3169187009334564
2300000000.0,0.31469178199768066
2300937472.0,0.3108883500099182
2301874944.0,0.30481261014938354
2302812416.0,0.2961823642253876
2303749888.0,0.2846279442310333
2304687616.0,0.2700467109680176
2305625088.0,0.25349918007850647
2306562560.0,0.23425710201263428
2307500032.0,0.21235166490077972
2308437504.0,0.18801181018352509
2309374976.0,0.16294816136360168
2310312448.0,0.13561967015266418
2311249920.0,0.10759347677230835
2312187392.0,0.07850713282823563
2313125120.0,0.04809324070811272
2314062592.0,0.02027040906250477
2315000064.0,-0.008956457488238811
2315937536.0,-0.035476479679346085
2316875008.0,-0.0613674558699131
2317812480.0,-0.08484858274459839
2318749952.0,-0.10697828233242035
2319687424.0,-0.12599943578243256
2320624896.0,-0.14216724038124084
2321562624.0,-0.15712815523147583
2322500096.0,-0.16978134214878082
2323437568.0,-0.17919811606407166
2324375040.0,-0.18697428703308105
2325312512.0,-0.19275018572807312
2326249984.0,-0.19648031890392303
2327187456.0,-0.19794562458992004
2328124928.0,-0.1972777545452118
2329062400.0,-0.19628675282001495
2329999872.0,-0.19193868339061737
2330937600.0,-0.18776008486747742
2331875072.0,-0.18130460381507874
2332812544.0,-0.17300541698932648
2333750016.0,-0.1633673459291458
2334687488.0,-0.1519957184791565
2335624960.0,-0.13997575640678406
2336562432.0,-0.12564505636692047
2337499904.0,-0.10930481553077698
2338437376.0,-0.09084741026163101
2339375104.0,-0.07188457250595093
2340312576.0,-0.05127805098891258
2341250048.0,-0.02806001901626587
2342187520.0,-0.005706220865249634
2343124992.0,0.019143885001540184
2344062464.0,0.044861361384391785
2344999936.0,0.07101614773273468
2345937408.0,0.0966983288526535
2346874880.0,0.12337560951709747
2347812608.0,0.14960132539272308
2348750080.0,0.20293782651424408
2349687552.0,0.217546284198761
2350625024.0,0.2300470620393753
2351562496.0,0.23864082992076874
2352499968.0,0.24552308022975922
2353437440.0,0.24820496141910553
2354374912.0,0.2470022588968277
2355312384.0,0.24294117093086243
2356250112.0,0.23468810319900513
2357187584.0,0.22338184714317322
2358125056.0,0.20897167921066284
2359062528.0,0.1909150779247284
2360000000.0,0.17120321094989777
2360937472.0,0.1482996642589569
2361874944.0,0.12356242537498474
2362812416.0,0.09629049152135849
2363749888.0,0.06857265532016754
2364687616.0,0.0404941663146019
2365625088.0,0.011488692834973335
2366562560.0,-0.017388610169291496
2367500032.0,-0.04685656726360321
2368437504.0,-0.07489407062530518
2369374976.0,-0.1013258546590805
2370312448.0,-0.12791217863559723
2371249920.0,-0.15221518278121948
2372187392.0,-0.17465552687644958
2373125120.0,-0.19490106403827667
2374062592.0,-0.21294353902339935
2375000064.0,-0.22792388498783112
2375937536.0,-0.23995405435562134
2376875008.0,-0.24926066398620605
2377812480.0,-0.2557618319988251
2378749952.0,-0.2595554292201996
2379687424.0,-0.2615232765674591
2380624896.0,-0.2602442800998688
2381562624.0,-0.2551935613155365
2382500096.0,-0.2482730746269226
2383437568.0,-0.23944075405597687
2384375040.0,-0.2294234186410904
2385312512.0,-0.21633264422416687
2386249984.0,-0.2019743025302887
2387187456.0,-0.18576611578464508
2388124928.0,-0.16884896159172058
2389062400.0,-0.15166442096233368
2390000128.0,-0.13443706929683685
2390937600.0,-0.11666283011436462
2391875072.0,-0.09916961938142776
2392812544.0,-0.0817117989063263
2393750016.0,-0.06459164619445801
2394687488.0,-0.04906366020441055
2395624960.0,-0.0353194922208786
2396562432.0,-0.02189524658024311
2397499904.0,-0.008916115388274193
2398437376.0,0.0014676853315904737
2399375104.0,0.011848753318190575
2400312576.0,0.01920030452311039
2401250048.0,0.025731423869729042
2402187520.0,0.03049389459192753
2403124992.0,0.034684423357248306
2404062464.0,0.03611832484602928
2404999936.0,0.037144921720027924
2405937408.0,0.036761850118637085
2406874880.0,0.035654738545417786
2407812608.0,0.03383849933743477
2408750080.0,0.03094521164894104
2409687552.0,0.03581083193421364
2410625024.0,0.03938428685069084
2411562496.0,0.04084603860974312
2412499968.0,0.0396452322602272
2413437440.0,0.03581838309764862
2414374912.0,0.029965505003929138
2415312384.0,0.021795447915792465
2416250112.0,0.011577398516237736
2417187584.0,0.00043067068327218294
2418125056.0,-0.014111910946667194
2419062528.0,-0.029273996129631996
2420000000.0,-0.04772020876407623
2420937472.0,-0.06631844490766525
2421874944.0,-0.0861574113368988
2422812416.0,-0.10793270915746689
2423749888.0,-0.12911327183246613
2424687616.0,-0.15122470259666443
2425625088.0,-0.17340892553329468
2426562560.0,-0.19553114473819733
2427500032.0,-0.21754465997219086
2428437504.0,-0.23864410817623138
2429374976.0,-0.25950443744659424
2430312448.0,-0.2802654802799225
2431249920.0,-0.2998979389667511
2432187392.0,-0.31871262192726135
2433125120.0,-0.3353883922100067
2434062592.0,-0.3508901596069336
2435000064.0,-0.3654673397541046
2435937536.0,-0.37807485461235046
2436875008.0,-0.3899199664592743
2437812480.0,-0.3989521563053131
2438749952.0,-0.4082525968551636
2439687424.0,-0.41467028856277466
2440624896.0,-0.4203795790672302
2441562624.0,-0.4242408275604248
2442500096.0,-0.42915335297584534
2443437568.0,-0.4297501742839813
2444375040.0,-0.43070465326309204
2445312512.0,-0.429006427526474
2446249984.0,-0.42721033096313477
2447187456.0,-0.42410537600517273
2448124928.0,-0.4195632040500641
2449062400.0,-0.4144705832004547
2449999872.0,-0.4101174473762512
2450937600.0,-0.4045839309692383
2451875072.0,-0.3982113301753998
2452812544.0,-0.3919374346733093
2453750016.0,-0.38560447096824646
2454687488.0,-0.3794037997722626
2455624960.0,-0.372918963432312
2456562432.0,-0.36715227365493774
2457499904.0,-0.3608076274394989
2458437376.0,-0.35553815960884094
2459375104.0,-0.3511838912963867
2460312576.0,-0.3472241759300232
2461250048.0,-0.3439532518386841
2462187520.0,-0.3422588109970093
2463124992.0,-0.3430487811565399
2464062464.0,-0.3443269729614258
2464999936.0,-0.34796854853630066
2465937408.0,-0.35293251276016235
2466874880.0,-0.35982754826545715
2467812608.0,-0.36957481503486633
2468750080.0,-0.45639777183532715
2469687552.0,-0.47753089666366577
2470625024.0,-0.5012484192848206
2471562496.0,-0.5267022252082825
2472499968.0,-0.5567315220832825
2473437440.0,-0.5896744132041931
2474374912.0,-0.6256868243217468
2475312384.0,-0.6647263765335083
2476250112.0,-0.7075220346450806
2477187584.0,-0.7513594031333923
2478125056.0,-0.8016260266304016
2479062528.0,-0.8538461327552795
2480000000.0,-0.9095958471298218
2480937472.0,-0.9686513543128967
2481874944.0,-1.0312625169754028
2482812416.0,-1.097179889678955
2483749888.0,-1.1663017272949219
2484687616.0,-1.238330364227295
2485625088.0,-1.3156770467758179
2486562560.0,-1.3934721946716309
2487500032.0,-1.4762492179870605
2488437504.0,-1.5610014200210571
2489374976.0,-1.6505463123321533
2490312448.0,-1.7437776327133179
2491249920.0,-1.8414875268936157
2492187392.0,-1.943474531173706
2493125120.0,-2.0500481128692627
2494062592.0,-2.1623523235321045
2495000064.0,-2.280179500579834
2495937536.0,-2.4042551517486572
2496875008.0,-2.535046339035034
2497812480.0,-2.674912214279175
2498749952.0,-2.8212316036224365
2499687424.0,-2.9790236949920654
2500624896.0,-3.145348310470581
2501562624.0,-3.322392463684082
2502500096.0,-3.5120372772216797
2503437568.0,-3.7161190509796143
2504375040.0,-3.9379618167877197
2505312512.0,-4.178130626678467
2506249984.0,-4.435978412628174
2507187456.0,-4.710638999938965
2508124928.0,-5.001165390014648
2509062400.0,-5.311295032501221
2510000128.0,-5.640777111053467
2510937600.0,-5.986024379730225
2511875072.0,-6.344522953033447
2512812544.0,-6.709683895111084
2513750016.0,-7.0630717277526855
2514687488.0,-7.392451286315918
2515624960.0,-7.680909633636475
2516562432.0,-7.908557891845703
2517499904.0,-8.058815002441406
2518437376.0,-8.120942115783691
2519375104.0,-8.081833839416504
2520312576.0,-7.947259902954102
2521250048.0,-7.728864669799805
2522187520.0,-7.4388532638549805
2523124992.0,-7.098783493041992
2524062464.0,-6.7249016761779785
2524999936.0,-6.332486152648926
2525937408.0,-5.92920446395874
2526874880.0,-5.531452178955078
2527812608.0,-5.143424034118652
2528750080.0,-4.767948627471924
2529687552.0,-4.420305252075195
2530625024.0,-4.093530178070068
2531562496.0,-3.787874937057495
2532499968.0,-3.5037622451782227
2533437440.0,-3.2395503520965576
2534374912.0,-2.998612403869629
2535312384.0,-2.7782061100006104
2536250112.0,-2.578443765640259
2537187584.0,-2.3958961963653564
2538125056.0,-2.228100299835205
2539062528.0,-2.076035976409912
2540000000.0,-1.9391345977783203
2540937472.0,-1.814212441444397
2541874944.0,-1.700390100479126
2542812416.0,-1.5974102020263672
2543749888.0,-1.5031851530075073
2544687616.0,-1.41948664188385
2545625088.0,-1.3447861671447754
2546562560.0,-1.2777721881866455
2547500032.0,-1.2181246280670166
2548437504.0,-1.1632144451141357
2549374976.0,-1.114631175994873
2550312448.0,-1.069017767906189
2551249920.0,-1.029239535331726
2552187392.0,-0.993701696395874
2553125120.0,-0.9612094759941101
2554062592.0,-0.9317842125892639
2555000064.0,-0.9051498770713806
2555937536.0,-0.8814017176628113
2556875008.0,-0.8591418862342834
2557812480.0,-0.838519275188446
2558749952.0,-0.8185505867004395
2559687424.0,-0.7998856902122498
2560624896.0,-0.7808014154434204
2561562624.0,-0.7617387771606445
2562500096.0,-0.7437578439712524
2563437568.0,-0.7243632674217224
2564375040.0,-0.7043412327766418
2565312512.0,-0.6852660775184631
2566249984.0,-0.6646748185157776
2567187456.0,-0.6436299681663513
2568124928.0,-0.621772050857544
2569062400.0,-0.5993989109992981
2569999872.0,-0.5752948522567749
2570937600.0,-0.5514020919799805
2571875072.0,-0.525153636932373
2572812544.0,-0.5001532435417175
2573750016.0,-0.472580224275589
2574687488.0,-0.4430263936519623
2575624960.0,-0.4133618474006653
2576562432.0,-0.3845926523208618
2577499904.0,-0.3540987968444824
2578437376.0,-0.3236038386821747
2579375104.0,-0.2924935519695282
2580312576.0,-0.26267513632774353
2581250048.0,-0.23186221718788147
2582187520.0,-0.2016502320766449
2583124992.0,-0.17364934086799622
2584062464.0,-0.1449633687734604
2584999936.0,-0.11807624995708466
2585937408.0,-0.0928499773144722
2586874880.0,-0.06867565214633942
2587812608.0,-0.045970622450113297
2588750080.0,-0.021069299429655075
2589687552.0,-0.0077066789381206036
2590625024.0,0.004160560667514801
2591562496.0,0.014106458984315395
2592499968.0,0.022743413224816322
2593437440.0,0.02902992255985737
2594374912.0,0.03258340060710907
2595312384.0,0.03500758856534958
2596250112.0,0.03599793463945389
2597187584.0,0.03370193764567375
2598125056.0,0.030189629644155502
2599062528.0,0.025741862133145332
2600000000.0,0.018676571547985077
2600937472.0,0.010681903921067715
2601874944.0,0.0005831904127262533
2602812416.0,-0.008642682805657387
2603749888.0,-0.02127995155751705
2604687616.0,-0.03316919878125191
2605625088.0,-0.04602711647748947
2606562560.0,-0.05929664522409439
2607500032.0,-0.07355167716741562
2608437504.0,-0.08720333129167557
2609374976.0,-0.10093686729669571
2610312448.0,-0.11494133621454239
2611249920.0,-0.1281099021434784
2612187392.0,-0.14134149253368378
2613125120.0,-0.15348005294799805
2614062592.0,-0.1649647355079651
2615000064.0,-0.17605698108673096
2615937536.0,-0.18580737709999084
2616875008.0,-0.19506649672985077
2617812480.0,-0.20238684117794037
2618749952.0,-0.20844991505146027
2619687424.0,-0.213972806930542
2620624896.0,-0.21780742704868317
2621562624.0,-0.22017161548137665
2622500096.0,-0.2204432487487793
2623437568.0,-0.22030280530452728
2624375040.0,-0.21824459731578827
2625312512.0,-0.21343231201171875
2626249984.0,-0.2081773579120636
2627187456.0,-0.20117846131324768
2628124928.0,-0.19307208061218262
2629062400.0,-0.1838708072900772
2630000128.0,-0.17203229665756226
2630937600.0,-0.1595906764268875
2631875072.0,-0.14587336778640747
2632812544.0,-0.1305539458990097
2633750016.0,-0.11508763581514359
2634687488.0,-0.09824368357658386
2635624960.0,-0.08020292967557907
2636562432.0,-0.062019575387239456
2637499904.0,-0.04427456110715866
2638437376.0,-0.02532481960952282
2639375104.0,-0.005829520523548126
2640312576.0,0.013673241250216961
2641250048.0,0.031833160668611526
2642187520.0,0.0509096160531044
2643124992.0,0.06905792653560638
2644062464.0,0.08672049641609192
2644999936.0,0.10348760336637497
2645937408.0,0.11922284215688705
2646874880.0,0.13374796509742737
2647812608.0,0.15903626382350922
2648750080.0,0.1738642156124115
2649687552.0,0.1850961446762085
2650625024.0,0.194809690117836
2651562496.0,0.2032846361398697
2652499968.0,0.20901939272880554
2653437440.0,0.21217358112335205
2654374912.0,0.21236824989318848
2655312384.0,0.21029940247535706
2656250112.0,0.20639052987098694
2657187584.0,0.20013423264026642
2658125056.0,0.19047513604164124
2659062528.0,0.17921538650989532
2660000000.0,0.1661570519208908
2660937472.0,0.15119074285030365
2661874944.0,0.13465051352977753
2662812416.0,0.11708591133356094
2663749888.0,0.09824058413505554
2664687616.0,0.07815434783697128
2665625088.0,0.05708248168230057
2666562560.0,0.03694217652082443
2667500032.0,0.015989530831575394
2668437504.0,-0.0044205100275576115
2669374976.0,-0.024740329012274742
2670312448.0,-0.04511198773980141
2671249920.0,-0.06366850435733795
2672187392.0,-0.08097448945045471
2673125120.0,-0.09773480892181396
2674062592.0,-0.11222489178180695
2675000064.0,-0.12584373354911804
2675937536.0,-0.13725019991397858
2676875008.0,-0.1465805470943451
2677812480.0,-0.15558423101902008
2678749952.0,-0.16099582612514496
2679687424.0,-0.16505523025989532
2680624896.0,-0.16633179783821106
2681562624.0,-0.1656804233789444
2682500096.0,-0.1638118475675583
2683437568.0,-0.1594974845647812
2684375040.0,-0.15226688981056213
2685312512.0,-0.1446322649717331
2686249984.0,-0.1350996196269989
2687187456.0,-0.12301409989595413
2688124928.0,-0.1094793900847435
2689062400.0,-0.0953986644744873
2689999872.0,-0.07913527637720108
2690937600.0,-0.06297040730714798
2691875072.0,-0.045899368822574615
2692812544.0,-0.027868177741765976
2693750016.0,-0.010092726908624172
2694687488.0,0.008367419242858887
2695624960.0,0.026411239057779312
2696562432.0,0.044296372681856155
2697499904.0,0.06313686817884445
2698437376.0,0.08136355876922607
2699375104.0,0.09760113805532455
2700312576.0,0.1135726198554039
2701250048.0,0.12908853590488434
2702187520.0,0.1424209326505661
2703124992.0,0.15603365004062653
2704062464.0,0.16756783425807953
2704999936.0,0.1788526475429535
2705937408.0,0.18807144463062286
2706874880.0,0.19608911871910095
2707812608.0,0.21367155015468597
2708750080.0,0.21834991872310638
2709687552.0,0.22160784900188446
2710625024.0,0.22352717816829681
2711562496.0,0.22432243824005127
2712499968.0,0.22354857623577118
2713437440.0,0.22200369834899902
2714374912.0,0.21802592277526855
2715312384.0,0.21340559422969818
2716250112.0,0.20753201842308044
2717187584.0,0.2018623948097229
2718125056.0,0.19262497127056122
2719062528.0,0.18361124396324158
2720000000.0,0.1719561666250229
2720937472.0,0.15950120985507965
2721874944.0,0.14632992446422577
2722812416.0,0.13110239803791046
2723749888.0,0.11579833179712296
2724687616.0,0.09849663823843002
2725625088.0,0.08201826363801956
2726562560.0,0.06342719495296478
2727500032.0,0.04435330256819725
2728437504.0,0.025110946968197823
2729374976.0,0.004979007411748171
2730312448.0,-0.01440718024969101
2731249920.0,-0.03368818759918213
2732187392.0,-0.053492408245801926
2733125120.0,-0.07266228646039963
2734062592.0,-0.09118378907442093
2735000064.0,-0.10805407166481018
2735937536.0,-0.1241152286529541
2736875008.0,-0.138929545879364
2737812480.0,-0.1524641215801239
2738749952.0,-0.16379091143608093
2739687424.0,-0.17324545979499817
2740624896.0,-0.18067125976085663
2741562624.0,-0.18692028522491455
2742500096.0,-0.1890951246023178
2743437568.0,-0.19062958657741547
2744375040.0,-0.18978650867938995
2745312512.0,-0.18564322590827942
2746249984.0,-0.1804036945104599
2747187456.0,-0.17152546346187592
2748124928.0,-0.1609153002500534
2749062400.0,-0.14823247492313385
2750000128.0,-0.13374705612659454
2750937600.0,-0.11718043684959412
2751875072.0,-0.09913067519664764
2752812544.0,-0.07914109528064728
2753750016.0,-0.05921829864382744
2754687488.0,-0.03681494668126106
2755624960.0,-0.014927876181900501
2756562432.0,0.008114257827401161
2757499904.0,0.030669085681438446
2758437376.0,0.05277802422642708
2759375104.0,0.07416019588708878
2760312576.0,0.0969567745923996
2761250048.0,0.11622737348079681
2762187520.0,0.13614848256111145
2763124992.0,0.15406163036823273
2764062464.0,0.16938848793506622
2764999936.0,0.1826852560043335
2765937408.0,0.1950771063566208
2766874880.0,0.20526398718357086
2767812608.0,0.2461712807416916
2768750080.0,0.24958933889865875
2769687552.0,0.2506934404373169
2770625024.0,0.2515459656715393
2771562496.0,0.24949362874031067
2772499968.0,0.24635373055934906
2773437440.0,0.240562304854393
2774374912.0,0.2347286492586136
2775312384.0,0.22692327201366425
2776250112.0,0.21799273788928986
2777187584.0,0.2078704535961151
2778125056.0,0.1970238983631134
2779062528.0,0.18473105132579803
2780000000.0,0.17128904163837433
2780937472.0,0.15754015743732452
2781874944.0,0.1439356803894043
2782812416.0,0.12907345592975616
2783749888.0,0.11310353130102158
2784687616.0,0.09816225618124008
2785625088.0,0.08311222493648529
2786562560.0,0.0677877813577652
2787500032.0,0.05228312313556671
2788437504.0,0.03686070069670677
2789374976.0,0.022662879899144173
2790312448.0,0.008276940323412418
2791249920.0,-0.005785052664577961
2792187392.0,-0.01909172534942627
2793125120.0,-0.03242902085185051
2794062592.0,-0.04435492306947708
2795000064.0,-0.054763227701187134
2795937536.0,-0.0636458620429039
2796875008.0,-0.07291767001152039
2797812480.0,-0.0806293860077858
2798749952.0,-0.08667720854282379
2799687424.0,-0.09106124192476273
2800624896.0,-0.09378740191459656
2801562624.0,-0.0964842438697815
2802500096.0,-0.0969991460442543
2803437568.0,-0.09520671516656876
2804375040.0,-0.09323666244745255
2805312512.0,-0.0892542153596878
2806249984.0,-0.08344551175832748
2807187456.0,-0.07717537879943848
2808124928.0,-0.06804609298706055
2809062400.0,-0.05742618441581726
2809999872.0,-0.04642972722649574
2810937600.0,-0.03339153155684471
2811875072.0,-0.020114172250032425
2812812544.0,-0.005952115170657635
2813750016.0,0.00978060532361269
2814687488.0,0.025991814211010933
2815624960.0,0.04244736209511757
2816562432.0,0.05928196758031845
2817499904.0,0.07691846787929535
2818437376.0,0.09372245520353317
2819375104.0,0.11099479347467422
2820312576.0,0.12752249836921692
2821250048.0,0.14419956505298615
2822187520.0,0.1597379744052887
2823124992.0,0.17468120157718658
2824062464.0,0.18859702348709106
2824999936.0,0.20028506219387054
2825937408.0,0.21173009276390076
2826874880.0,0.22108469903469086
2827812608.0,0.23569990694522858
2828750080.0,0.24086380004882812
2829687552.0,0.24327383935451508
2830625024.0,0.24436567723751068
2831562496.0,0.2433485984802246
2832499968.0,0.24117106199264526
2833437440.0,0.23720689117908478
2834374912.0,0.2303803265094757
2835312384.0,0.2224813848733902
2836250112.0,0.21376827359199524
2837187584.0,0.20199579000473022
2838125056.0,0.18954671919345856
2839062528.0,0.17638595402240753
2840000000.0,0.1616300791501999
2840937472.0,0.1459307074546814
2841874944.0,0.13014991581439972
2842812416.0,0.11393371224403381
2843749888.0,0.09685701876878738
2844687616.0,0.07865803688764572
2845625088.0,0.06183990463614464
2846562560.0,0.042959064245224
2847500032.0,0.027386989444494247
2848437504.0,0.009637872688472271
2849374976.0,-0.005885585676878691
2850312448.0,-0.021176397800445557
2851249920.0,-0.03629705309867859
2852187392.0,-0.0502190887928009
2853125120.0,-0.0634293183684349
2854062592.0,-0.0742640495300293
2855000064.0,-0.0837886705994606
2855937536.0,-0.0925157219171524
2856875008.0,-0.09914101660251617
2857812480.0,-0.1046103909611702
2858749952.0,-0.10836707055568695
2859687424.0,-0.10999815165996552
2860624896.0,-0.11022371053695679
2861562624.0,-0.10827381908893585
2862500096.0,-0.10502805560827255
2863437568.0,-0.10023177415132523
2864375040.0,-0.09399009495973587
2865312512.0,-0.08530383557081223
2866249984.0,-0.07655008137226105
2867187456.0,-0.06461511552333832
2868124928.0,-0.05210431292653084
2869062400.0,-0.03923510015010834
2870000128.0,-0.024204738438129425
2870937600.0,-0.009691853076219559
2871875072.0,0.007719912100583315
2872812544.0,0.023909326642751694
2873750016.0,0.040683090686798096
2874687488.0,0.057935405522584915
2875624960.0,0.07523895055055618
2876562432.0,0.0923791229724884
2877499904.0,0.10959841310977936
2878437376.0,0.12540918588638306
2879375104.0,0.140880286693573
2880312576.0,0.1564638316631317
2881250048.0,0.17059120535850525
2882187520.0,0.184744194149971
2883124992.0,0.1963561624288559
2884062464.0,0.20823609828948975
2884999936.0,0.2185741513967514
2885937408.0,0.2269524186849594
2886874880.0,0.23466311395168304
2887812608.0,0.21703626215457916
2888750080.0,0.22052910923957825
2889687552.0,0.22217993438243866
2890625024.0,0.2241038680076599
2891562496.0,0.22473572194576263
2892499968.0,0.22376933693885803
2893437440.0,0.2224861979484558
2894374912.0,0.21934568881988525
2895312384.0,0.21557126939296722
2896250112.0,0.20976543426513672
2897187584.0,0.20233803987503052
2898125056.0,0.193273663520813
2899062528.0,0.18357625603675842
2900000000.0,0.1716158092021942
2900937472.0,0.15960684418678284
2901874944.0,0.14564844965934753
2902812416.0,0.13127222657203674
2903749888.0,0.11467253416776657
2904687616.0,0.0979529321193695
2905625088.0,0.08159376680850983
2906562560.0,0.06448278576135635
2907500032.0,0.045856669545173645
2908437504.0,0.029500886797904968
2909374976.0,0.012026762589812279
2910312448.0,-0.004451374989002943
2911249920.0,-0.020367514342069626
2912187392.0,-0.03436058759689331
2913125120.0,-0.04794148728251457
2914062592.0,-0.06048467755317688
2915000064.0,-0.06972286850214005
2915937536.0,-0.07904419302940369
2916875008.0,-0.0860820934176445
2917812480.0,-0.08994187414646149
2918749952.0,-0.09232570976018906
2919687424.0,-0.0920097753405571
2920624896.0,-0.0908864364027977
2921562624.0,-0.08621114492416382
2922500096.0,-0.08018714189529419
2923437568.0,-0.07169324904680252
2924375040.0,-0.0616634376347065
2925312512.0,-0.0495571605861187
2926249984.0,-0.037104252725839615
2927187456.0,-0.022694233804941177
2928124928.0,-0.00699003878980875
2929062400.0,0.009966700337827206
2929999872.0,0.026762517169117928
2930937600.0,0.04507501423358917
2931875072.0,0.06169252097606659
2932812544.0,0.07997362315654755
2933750016.0,0.09757991135120392
2934687488.0,0.11439049988985062
2935624960.0,0.13037896156311035
2936562432.0,0.14582155644893646
2937499904.0,0.16053351759910583
2938437376.0,0.1727842539548874
2939375104.0,0.18448151648044586
2940312576.0,0.19492988288402557
2941250048.0,0.20385751128196716
2942187520.0,0.2117214798927307
2943124992.0,0.21852003037929535
2944062464.0,0.22318805754184723
2944999936.0,0.22661732137203217
2945937408.0,0.22878748178482056
2946874880.0,0.2304447889328003
2947812608.0,0.20930080115795135
2948750080.0,0.20703771710395813
2949687552.0,0.20414020121097565
2950625024.0,0.20128922164440155
2951562496.0,0.1981581747531891
2952499968.0,0.1944212019443512
2953437440.0,0.18995429575443268
2954374912.0,0.186336949467659
2955312384.0,0.18213337659835815
2956250112.0,0.1774991899728775
2957187584.0,0.1734135001897812
2958125056.0,0.16907145082950592
2959062528.0,0.16404297947883606
2960000000.0,0.1600012183189392
2960937472.0,0.15427905321121216
2961874944.0,0.14923030138015747
2962812416.0,0.14385247230529785
2963749888.0,0.13832077383995056
2964687616.0,0.1326003074645996
2965625088.0,0.12681369483470917
2966562560.0,0.1207120344042778
2967500032.0,0.11421629786491394
2968437504.0,0.10745346546173096
2969374976.0,0.10053195059299469
2970312448.0,0.09272564202547073
2971249920.0,0.08570029586553574
2972187392.0,0.07825940102338791
2973125120.0,0.07081441581249237
2974062592.0,0.06436708569526672
2975000064.0,0.056948453187942505
2975937536.0,0.05043891817331314
2976875008.0,0.04370465502142906
2977812480.0,0.03680233284831047
2978749952.0,0.030172821134328842
2979687424.0,0.025289736688137054
2980624896.0,0.019980330020189285
2981562624.0,0.01566983386874199
2982500096.0,0.011023351922631264
2983437568.0,0.007391274906694889
2984375040.0,0.004527535755187273
2985312512.0,0.00258233561180532
2986249984.0,0.0014147877227514982
2987187456.0,0.00036613267729990184
2988124928.0,-0.00032257052953355014
2989062400.0,0.0001987207360798493
2990000128.0,0.0013810492819175124
2990937600.0,0.0030153070110827684
2991875072.0,0.005474761128425598
2992812544.0,0.00690055126324296
2993750016.0,0.008410527370870113
2994687488.0,0.011507774703204632
2995624960.0,0.014079546555876732
2996562432.0,0.01612766459584236
2997499904.0,0.01928113028407097
2998437376.0,0.02224714308977127
2999375104.0,0.024782638996839523
3000312576.0,0.029936881735920906
3001250048.0,0.03237295523285866
3002187520.0,0.03430557996034622
3003124992.0,0.036229029297828674
3004062464.0,0.03895467147231102
3004999936.0,0.040959179401397705
3005937408.0,0.04259612783789635
3006874880.0,0.044263966381549835
3007812608.0,0.13520187139511108
3008750080.0,0.13259033858776093
3009687552.0,0.1288573443889618
3010625024.0,0.12582936882972717
3011562496.0,0.1212792918086052
3012499968.0,0.11722870916128159
3013437440.0,0.11304505169391632
3014374912.0,0.10810887068510056
3015312384.0,0.10282660275697708
3016250112.0,0.09716983884572983
3017187584.0,0.09195417165756226
3018125056.0,0.08549798280000687
3019062528.0,0.07985155284404755
3020000000.0,0.07376997172832489
3020937472.0,0.06780504435300827
3021874944.0,0.06195393577218056
3022812416.0,0.056049030274152756
3023749888.0,0.04974843189120293
3024687616.0,0.0443970263004303
3025625088.0,0.03785824403166771
3026562560.0,0.031785301864147186
3027500032.0,0.026034437119960785
3028437504.0,0.020177273079752922
3029374976.0,0.014016546308994293
3030312448.0,0.00814416166394949
3031249920.0,0.0026397353503853083
3032187392.0,-0.0024733927566558123
3033125120.0,-0.007575992960482836
3034062592.0,-0.013783041387796402
3035000064.0,-0.01815643534064293
3035937536.0,-0.02367059700191021
3036875008.0,-0.02821757085621357
3037812480.0,-0.03277064487338066
3038749952.0,-0.037739381194114685
3039687424.0,-0.04155086353421211
3040624896.0,-0.046889256685972214
3041562624.0,-0.05034691095352173
3042500096.0,-0.05252376198768616
3043437568.0,-0.05596548691391945
3044375040.0,-0.05780918896198273
3045312512.0,-0.05879721790552139
3046249984.0,-0.06078879535198212
3047187456.0,-0.061518698930740356
3048124928.0,-0.06148282438516617
3049062400.0,-0.06130159646272659
3049999872.0,-0.05984977260231972
3050937600.0,-0.05862151086330414
3051875072.0,-0.05624861270189285
3052812544.0,-0.05327003821730614
3053750016.0,-0.04973956197500229
3054687488.0,-0.04524419829249382
3055624960.0,-0.04016352444887161
3056562432.0,-0.03385205566883087
3057499904.0,-0.027082106098532677
3058437376.0,-0.019354699179530144
3059375104.0,-0.011026431806385517
3060312576.0,-0.0021435192320495844
3061250048.0,0.007791206706315279
3062187520.0,0.01802867278456688
3063124992.0,0.029212433844804764
3064062464.0,0.04209623113274574
3064999936.0,0.05315517261624336
3065937408.0,0.06597619503736496
3066874880.0,0.07966669648885727
3067812608.0,0.14341919124126434
3068750080.0,0.14868418872356415
3069687552.0,0.15159103274345398
3070625024.0,0.15454140305519104
3071562496.0,0.15592405200004578
3072499968.0,0.1562175750732422
3073437440.0,0.15434657037258148
3074374912.0,0.1517372578382492
3075312384.0,0.14680953323841095
3076250112.0,0.14188505709171295
3077187584.0,0.1351224184036255
3078125056.0,0.1278546005487442
3079062528.0,0.11969401687383652
3080000000.0,0.10993042588233948
3080937472.0,0.09962126612663269
3081874944.0,0.08939667046070099
3082812416.0,0.07899990677833557
3083749888.0,0.06771592050790787
3084687616.0,0.057876717299222946
3085625088.0,0.046533819288015366
3086562560.0,0.036538247019052505
3087500032.0,0.026485547423362732
3088437504.0,0.018683359026908875
3089374976.0,0.008505514822900295
3090312448.0,0.0011791709112003446
3091249920.0,-0.005219968501478434
3092187392.0,-0.011759703047573566
3093125120.0,-0.01627269759774208
3094062592.0,-0.021008005365729332
3095000064.0,-0.022928429767489433
3095937536.0,-0.024651547893881798
3096875008.0,-0.024195339530706406
3097812480.0,-0.02349112369120121
3098749952.0,-0.021478459239006042
3099687424.0,-0.018369635567069054
3100624896.0,-0.014436021447181702
3101562624.0,-0.009593868628144264
3102500096.0,-0.0035782025661319494
3103437568.0,0.002865194110199809
3104375040.0,0.009498946368694305
3105312512.0,0.0166422501206398
3106249984.0,0.024699898436665535
3107187456.0,0.03223083168268204
3108124928.0,0.04082424193620682
3109062400.0,0.04829200729727745
3110000128.0,0.056678641587495804
3110937600.0,0.06452779471874237
3111875072.0,0.07242829352617264
3112812544.0,0.08024047315120697
3113750016.0,0.08666229248046875
3114687488.0,0.0927000343799591
3115624960.0,0.09974659234285355
3116562432.0,0.10496078431606293
3117499904.0,0.10970365256071091
3118437376.0,0.11505506932735443
3119375104.0,0.1188741996884346
3120312576.0,0.12251134216785431
3121250048.0,0.12644919753074646
3122187520.0,0.12889324128627777
3123124992.0,0.1319323629140854
3124062464.0,0.13420817255973816
3124999936.0,0.13608264923095703
3125937408.0,0.13859602808952332
3126874880.0,0.14148803055286407
3127812608.0,0.14664213359355927
3128750080.0,0.14689017832279205
3129687552.0,0.1457260400056839
3130625024.0,0.14422428607940674
3131562496.0,0.14296768605709076
3132499968.0,0.14064233005046844
3133437440.0,0.13834992051124573
3134374912.0,0.13528233766555786
3135312384.0,0.13228216767311096
3136250112.0,0.12863491475582123
3137187584.0,0.12623801827430725
3138125056.0,0.12365451455116272
3139062528.0,0.12222691625356674
3140000000.0,0.12216983735561371
3140937472.0,0.12206993252038956
3141874944.0,0.12441806495189667
3142812416.0,0.12662971019744873
3143749888.0,0.13128095865249634
3144687616.0,0.13600561022758484
3145625088.0,0.14125993847846985
3146562560.0,0.1469750702381134
3147500032.0,0.1519378423690796
3148437504.0,0.1557684987783432
3149374976.0,0.15821030735969543
3150312448.0,0.159184992313385
3151249920.0,0.15852397680282593
3152187392.0,0.15573139488697052
3153125120.0,0.15013112127780914
3154062592.0,0.1424030214548111
3155000064.0,0.13334913551807404
3155937536.0,0.12221001088619232
3156875008.0,0.10934741050004959
3157812480.0,0.09587278962135315
3158749952.0,0.08100774884223938
3159687424.0,0.0654214397072792
3160624896.0,0.05003266781568527
3161562624.0,0.03575167432427406
3162500096.0,0.02129337564110756
3163437568.0,0.00889244768768549
3164375040.0,-0.002167115220800042
3165312512.0,-0.012582547031342983
3166249984.0,-0.019655680283904076
3167187456.0,-0.025586718693375587
3168124928.0,-0.027906155213713646
3169062400.0,-0.02951088733971119
3169999872.0,-0.02804841473698616
3170937600.0,-0.02374856173992157
3171875072.0,-0.01777661219239235
3172812544.0,-0.010556390509009361
3173750016.0,-0.0011617582058534026
3174687488.0,0.01086622104048729
3175624960.0,0.02360890991985798
3176562432.0,0.03843029588460922
3177499904.0,0.051982223987579346
3178437376.0,0.06725690513849258
3179375104.0,0.08200722187757492
3180312576.0,0.09655574709177017
3181250048.0,0.1130969226360321
3182187520.0,0.12742887437343597
3183124992.0,0.14174607396125793
3184062464.0,0.15597449243068695
3184999936.0,0.16887326538562775
3185937408.0,0.18140317499637604
3186874880.0,0.19280840456485748
3187812608.0,0.15622907876968384
3188750080.0,0.15095068514347076
3189687552.0,0.14599032700061798
3190625024.0,0.14066897332668304
3191562496.0,0.13505232334136963
3192499968.0,0.12878458201885223
3193437440.0,0.12305639684200287
3194374912.0,0.11757700145244598
3195312384.0,0.1117124930024147
3196250112.0,0.10616680979728699
3197187584.0,0.10143955051898956
3198125056.0,0.09744738042354584
3199062528.0,0.09317576140165329
3200000000.0,0.0905541405081749
3200937472.0,0.08870195597410202
3201874944.0,0.08654791861772537
3202812416.0,0.08581548184156418
3203749888.0,0.0851358026266098
3204687616.0,0.08546257764101028
3205625088.0,0.08716872334480286
3206562560.0,0.08843666315078735
3207500032.0,0.09036903083324432
3208437504.0,0.09314760565757751
3209374976.0,0.09556098282337189
3210312448.0,0.09891922771930695
3211249920.0,0.10090509802103043
3212187392.0,0.10392925888299942
3213125120.0,0.10576160252094269
3214062592.0,0.10898103564977646
3215000064.0,0.11107274889945984
3215937536.0,0.11316964775323868
3216875008.0,0.11516830325126648
3217812480.0,0.11594150960445404
3218749952.0,0.11697933822870255
3219687424.0,0.11745103448629379
3220624896.0,0.11883315443992615
3221562624.0,0.11775493621826172
3222500096.0,0.1173800602555275
3223437568.0,0.11674372106790543
3224375040.0,0.11597767472267151
3225312512.0,0.11491714417934418
3226249984.0,0.11460836976766586
3227187456.0,0.11427267640829086
3228124928.0,0.11404584348201752
3229062400.0,0.11304186284542084
3230000128.0,0.11347392201423645
3230937600.0,0.11339495331048965
3231875072.0,0.11447640508413315
3232812544.0,0.11537610739469528
3233750016.0,0.11803455650806427
3234687488.0,0.11990448832511902
3235624960.0,0.12341462820768356
3236562432.0,0.12698198854923248
3237499904.0,0.1326235979795456
3238437376.0,0.13655447959899902
3239375104.0,0.14179326593875885
3240312576.0,0.14819125831127167
3241250048.0,0.15351974964141846
3242187520.0,0.16017994284629822
3243124992.0,0.16707709431648254
3244062464.0,0.17348067462444305
3244999936.0,0.17979022860527039
3245937408.0,0.1855718344449997
3246874880.0,0.19073310494422913
3247812608.0,0.10106547921895981
3248750080.0,0.09225180000066757
3249687552.0,0.08305802196264267
3250625024.0,0.07310211658477783
3251562496.0,0.06328943371772766
3252499968.0,0.05272308737039566
3253437440.0,0.04435720667243004
3254374912.0,0.03447400778532028
3255312384.0,0.02789846435189247
3256250112.0,0.02177640050649643
3257187584.0,0.018002595752477646
3258125056.0,0.016466787084937096
3259062528.0,0.01646491140127182
3260000000.0,0.018427038565278053
3260937472.0,0.021740367636084557
3261874944.0,0.02558826468884945
3262812416.0,0.029907023534178734
3263749888.0,0.034209586679935455
3264687616.0,0.03925497084856033
3265625088.0,0.043796464800834656
3266562560.0,0.047706857323646545
3267500032.0,0.05204927548766136
3268437504.0,0.05541963875293732
3269374976.0,0.05878443270921707
3270312448.0,0.06165822222828865
3271249920.0,0.0644628033041954
3272187392.0,0.06626274436712265
3273125120.0,0.06856360286474228
3274062592.0,0.06999941915273666
3275000064.0,0.07220927625894547
3275937536.0,0.07435294985771179
3276875008.0,0.07533001899719238
3277812480.0,0.07683108747005463
3278749952.0,0.0778612494468689
3279687424.0,0.07855883985757828
3280624896.0,0.07962022721767426
3281562624.0,0.08068900555372238
3282500096.0,0.08056002110242844
3283437568.0,0.08043664693832397
3284375040.0,0.0815797820687294
3285312512.0,0.08145284652709961
3286249984.0,0.08144190907478333
3287187456.0,0.08223472535610199
3288124928.0,0.08153995871543884
3289062400.0,0.081562340259552
3289999872.0,0.08117815107107162
3290937600.0,0.08105278015136719
3291875072.0,0.08101814985275269
3292812544.0,0.08157750219106674
3293750016.0,0.0820564478635788
3294687488.0,0.0823027715086937
3295624960.0,0.08260937035083771
3296562432.0,0.08504654467105865
3297499904.0,0.08561263233423233
3298437376.0,0.08776409178972244
3299375104.0,0.09052133560180664
3300312576.0,0.09269984811544418
3301250048.0,0.09495661407709122
3302187520.0,0.09963036328554153
3303124992.0,0.1034160852432251
3304062464.0,0.10688111186027527
3304999936.0,0.11154281347990036
3305937408.0,0.11757071316242218
3306874880.0,0.12152159214019775
3307812608.0,0.134290412068367
3308750080.0,0.14236527681350708
3309687552.0,0.15029138326644897
3310625024.0,0.15846595168113708
3311562496.0,0.16681472957134247
3312499968.0,0.17507252097129822
3313437440.0,0.18260154128074646
3314374912.0,0.1902708262205124
3315312384.0,0.19622834026813507
3316250112.0,0.20232568681240082
3317187584.0,0.2085018903017044
3318125056.0,0.21431425213813782
3319062528.0,0.21732768416404724
3320000000.0,0.2210216075181961
3320937472.0,0.22329877316951752
3321874944.0,0.22443172335624695
3322812416.0,0.22381658852100372
3323749888.0,0.22232775390148163
3324687616.0,0.21933341026306152
3325625088.0,0.21637389063835144
3326562560.0,0.21093429625034332
3327500032.0,0.2053617238998413
3328437504.0,0.19773976504802704
3329374976.0,0.18972618877887726
3330312448.0,0.18069975078105927
3331249920.0,0.17129459977149963
3332187392.0,0.16149918735027313
3333125120.0,0.14980222284793854
3334062592.0,0.1387813538312912
3335000064.0,0.12821491062641144
3335937536.0,0.11685173213481903
3336875008.0,0.10616149008274078
3337812480.0,0.09480299055576324
3338749952.0,0.08458216488361359
3339687424.0,0.07417070120573044
3340624896.0,0.0643959641456604
3341562624.0,0.05549946799874306
3342500096.0,0.04635613411664963
3343437568.0,0.040217503905296326
3344375040.0,0.033431243151426315
3345312512.0,0.028686897829174995
3346249984.0,0.024608535692095757
3347187456.0,0.021325308829545975
3348124928.0,0.019709281623363495
3349062400.0,0.019595537334680557
3350000128.0,0.020357592031359673
3350937600.0,0.022639967501163483
3351875072.0,0.02431984432041645
3352812544.0,0.02896079793572426
3353750016.0,0.03431003540754318
3354687488.0,0.040518708527088165
3355624960.0,0.04846083000302315
3356562432.0,0.0553317628800869
3357499904.0,0.0637136846780777
3358437376.0,0.0736033096909523
3359375104.0,0.08313392847776413
3360312576.0,0.0921754464507103
3361250048.0,0.10203675925731659
3362187520.0,0.11186037957668304
3363124992.0,0.12083954364061356
3364062464.0,0.13058984279632568
3364999936.0,0.13990521430969238
3365937408.0,0.14859667420387268
3366874880.0,0.15538343787193298
3367812608.0,0.03833698108792305
3368750080.0,0.04150545969605446
3369687552.0,0.0456024706363678
3370625024.0,0.04912450164556503
3371562496.0,0.051409024745225906
3372499968.0,0.05359263718128204
3373437440.0,0.05435367301106453
3374374912.0,0.05553906783461571
3375312384.0,0.05486277490854263
3376250112.0,0.05331096425652504
3377187584.0,0.05000309273600578
3378125056.0,0.04639129713177681
3379062528.0,0.042434658855199814
3380000000.0,0.035970818251371384
3380937472.0,0.029313949868083
3381874944.0,0.021857818588614464
3382812416.0,0.014436736702919006
3383749888.0,0.004702360834926367
3384687616.0,-0.0053418222814798355
3385625088.0,-0.014495867304503918
3386562560.0,-0.025457244366407394
3387500032.0,-0.03565054386854172
3388437504.0,-0.045878589153289795
3389374976.0,-0.057590458542108536
3390312448.0,-0.0680752694606781
3391249920.0,-0.07786066830158234
3392187392.0,-0.08749154210090637
3393125120.0,-0.09678018093109131
3394062592.0,-0.10477844625711441
3395000064.0,-0.11270099878311157
3395937536.0,-0.11971858888864517
3396875008.0,-0.12589871883392334
3397812480.0,-0.13174791634082794
3398749952.0,-0.13617795705795288
3399687424.0,-0.1398729681968689
3400624896.0,-0.14263683557510376
3401562624.0,-0.14433294534683228
3402500096.0,-0.1454087197780609
3403437568.0,-0.14626851677894592
3404375040.0,-0.14650742709636688
3405312512.0,-0.1456068456172943
3406249984.0,-0.14459818601608276
3407187456.0,-0.14374884963035583
3408124928.0,-0.1430376172065735
3409062400.0,-0.1423448771238327
3409999872.0,-0.14154919981956482
3410937600.0,-0.14168395102024078
3411875072.0,-0.14250801503658295
3412812544.0,-0.14367537200450897
3413750016.0,-0.146188884973526
3414687488.0,-0.15017831325531006
3415624960.0,-0.15511570870876312
3416562432.0,-0.161343052983284
3417499904.0,-0.16978803277015686
3418437376.0,-0.1809433549642563
3419375104.0,-0.19338230788707733
3420312576.0,-0.20841217041015625
3421250048.0,-0.22494573891162872
3422187520.0,-0.24337856471538544
3423124992.0,-0.2637915015220642
3424062464.0,-0.2873985767364502
3424999936.0,-0.31101104617118835
3425937408.0,-0.3384343683719635
3426874880.0,-0.36611422896385193
3427812608.0,-0.3961487412452698
3428750080.0,-0.42468196153640747
3429687552.0,-0.4517655670642853
3430625024.0,-0.4807140529155731
3431562496.0,-0.5088170170783997
3432499968.0,-0.5356941223144531
3433437440.0,-0.563610315322876
3434374912.0,-0.5897111892700195
3435312384.0,-0.6166573166847229
3436250112.0,-0.6422876119613647
3437187584.0,-0.6697699427604675
3438125056.0,-0.6969122290611267
3439062528.0,-0.7257262468338013
3440000000.0,-0.7555378675460815
3440937472.0,-0.7861928939819336
3441874944.0,-0.8183282613754272
3442812416.0,-0.8515965342521667
3443749888.0,-0.8884024620056152
3444687616.0,-0.9272518754005432
3445625088.0,-0.9696066379547119
3446562560.0,-1.0152941942214966
3447500032.0,-1.0643930435180664
3448437504.0,-1.1169226169586182
3449374976.0,-1.1731232404708862
3450312448.0,-1.231567144393921
3451249920.0,-1.29246985912323
3452187392.0,-1.3558437824249268
3453125120.0,-1.4193934202194214
3454062592.0,-1.4843707084655762
3455000064.0,-1.5482888221740723
3455937536.0,-1.6109777688980103
3456875008.0,-1.6719722747802734
3457812480.0,-1.7295070886611938
3458749952.0,-1.7834270000457764
3459687424.0,-1.8314911127090454
3460624896.0,-1.8739112615585327
3461562624.0,-1.9084055423736572
3462500096.0,-1.9355425834655762
3463437568.0,-1.9546709060668945
3464375040.0,-1.9657294750213623
3465312512.0,-1.9700695276260376
3466249984.0,-1.9675638675689697
3467187456.0,-1.9592095613479614
3468124928.0,-1.943743109703064
3469062400.0,-1.9222490787506104
3470000128.0,-1.8940327167510986
3470937600.0,-1.8611942529678345
3471875072.0,-1.8230427503585815
3472812544.0,-1.7799688577651978
3473750016.0,-1.7355984449386597
3474687488.0,-1.6870183944702148
3475624960.0,-1.6361935138702393
3476562432.0,-1.5840752124786377
3477499904.0,-1.5296763181686401
3478437376.0,-1.4735498428344727
3479375104.0,-1.4163256883621216
3480312576.0,-1.3639168739318848
3481250048.0,-1.3149311542510986
3482187520.0,-1.267098307609558
3483124992.0,-1.2215560674667358
3484062464.0,-1.176374912261963
3484999936.0,-1.1337037086486816
3485937408.0,-1.092818260192871
3486874880.0,-1.0527132749557495
3487812608.0,-1.0457227230072021
3488750080.0,-1.0077778100967407
3489687552.0,-0.9712228178977966
3490625024.0,-0.9348976612091064
3491562496.0,-0.8993192911148071
3492499968.0,-0.8663963079452515
3493437440.0,-0.8350645303726196
3494374912.0,-0.8058726191520691
3495312384.0,-0.7789106369018555
3496250112.0,-0.7540498375892639
3497187584.0,-0.73243248462677
3498125056.0,-0.7133100628852844
3499062528.0,-0.696197509765625
3500000000.0,-0.6819077730178833
3500937472.0,-0.6674312949180603
3501874944.0,-0.6536964178085327
3502812416.0,-0.6414107084274292
3503749888.0,-0.6293653249740601
3504687616.0,-0.6173872947692871
3505625088.0,-0.6055907607078552
3506562560.0,-0.5945735573768616
3507500032.0,-0.5821495056152344
3508437504.0,-0.5682392120361328
3509374976.0,-0.5556802749633789
3510312448.0,-0.542310893535614
3511249920.0,-0.529711902141571
3512187392.0,-0.516932487487793
3513125120.0,-0.5029718279838562
3514062592.0,-0.48836255073547363
3515000064.0,-0.47206857800483704
3515937536.0,-0.4552276134490967
3516875008.0,-0.4393647611141205
3517812480.0,-0.42221927642822266
3518749952.0,-0.4047890603542328
3519687424.0,-0.38817301392555237
3520624896.0,-0.3692002296447754
3521562624.0,-0.3504766523838043
3522500096.0,-0.33060508966445923
3523437568.0,-0.31089216470718384
3524375040.0,-0.2927442789077759
3525312512.0,-0.2737548053264618
3526249984.0,-0.25613880157470703
3527187456.0,-0.23879188299179077
3528124928.0,-0.22243119776248932
3529062400.0,-0.20533572137355804
3529999872.0,-0.19031281769275665
3530937600.0,-0.17588283121585846
3531875072.0,-0.16330933570861816
3532812544.0,-0.15198597311973572
3533750016.0,-0.1418968141078949
3534687488.0,-0.13310496509075165
3535624960.0,-0.12676265835762024
3536562432.0,-0.12198731303215027
3537499904.0,-0.11922342330217361
3538437376.0,-0.11824752390384674
3539375104.0,-0.11838996410369873
3540312576.0,-0.12153135240077972
3541250048.0,-0.12625768780708313
3542187520.0,-0.13235223293304443
3543124992.0,-0.13948644697666168
3544062464.0,-0.14727409183979034
3544999936.0,-0.1572626382112503
3545937408.0,-0.16824935376644135
3546874880.0,-0.17871727049350739
3547812608.0,-0.2078789472579956
3548750080.0,-0.19875586032867432
3549687552.0,-0.19070762395858765
3550625024.0,-0.18209299445152283
3551562496.0,-0.1740209013223648
3552499968.0,-0.1661996990442276
3553437440.0,-0.16006846725940704
3554374912.0,-0.1545259654521942
3555312384.0,-0.15004414319992065
3556250112.0,-0.14397968351840973
3557187584.0,-0.14085565507411957
3558125056.0,-0.1361822932958603
3559062528.0,-0.13131597638130188
3560000000.0,-0.12698812782764435
3560937472.0,-0.12237592786550522
3561874944.0,-0.11966631561517715
3562812416.0,-0.11635089665651321
3563749888.0,-0.11404965817928314
3564687616.0,-0.11154718697071075
3565625088.0,-0.11002347618341446
3566562560.0,-0.10858414322137833
3567500032.0,-0.10680600255727768
3568437504.0,-0.1043805256485939
3569374976.0,-0.10352165997028351
3570312448.0,-0.10101392865180969
3571249920.0,-0.09902684390544891
3572187392.0,-0.09593576192855835
3573125120.0,-0.09306313842535019
3574062592.0,-0.08892865478992462
3575000064.0,-0.08578331023454666
3575937536.0,-0.08088468760251999
3576875008.0,-0.07695337384939194
3577812480.0,-0.07259493321180344
3578749952.0,-0.06843318045139313
3579687424.0,-0.06393276154994965
3580624896.0,-0.05986792966723442
3581562624.0,-0.056320689618587494
3582500096.0,-0.05346846207976341
3583437568.0,-0.05147711932659149
3584375040.0,-0.04959267005324364
3585312512.0,-0.048695556819438934
3586249984.0,-0.045576050877571106
3587187456.0,-0.04452013224363327
3588124928.0,-0.043436817824840546
3589062400.0,-0.0425393283367157
3590000128.0,-0.0422096848487854
3590937600.0,-0.042149320244789124
3591875072.0,-0.04225540533661842
3592812544.0,-0.042564067989587784
3593750016.0,-0.043108318001031876
3594687488.0,-0.04444359987974167
3595624960.0,-0.04643767327070236
3596562432.0,-0.049376945942640305
3597499904.0,-0.0522448755800724
3598437376.0,-0.0552683062851429
3599375104.0,-0.05800047516822815
3600312576.0,-0.06099450960755348
3601250048.0,-0.06429672241210938
3602187520.0,-0.06818263232707977
3603124992.0,-0.07056478410959244
3604062464.0,-0.07356497645378113
3604999936.0,-0.07631230354309082
3605937408.0,-0.07859648764133453
3606874880.0,-0.0791788324713707
3607812608.0,-0.08460795879364014
3608750080.0,-0.08310173451900482
3609687552.0,-0.08156556636095047
3610625024.0,-0.08229850977659225
3611562496.0,-0.08080688118934631
3612499968.0,-0.08126982301473618
3613437440.0,-0.0828443244099617
3614374912.0,-0.08351700007915497
3615312384.0,-0.08418049663305283
3616250112.0,-0.08580968528985977
3617187584.0,-0.08880870044231415
3618125056.0,-0.09017685055732727
3619062528.0,-0.0914769098162651
3620000000.0,-0.09330622851848602
3620937472.0,-0.09613800793886185
3621874944.0,-0.09834139049053192
3622812416.0,-0.09973901510238647
3623749888.0,-0.10196930170059204
3624687616.0,-0.10423751175403595
3625625088.0,-0.10699813067913055
3626562560.0,-0.1088375374674797
3627500032.0,-0.11118993163108826
3628437504.0,-0.11216253787279129
3629374976.0,-0.11255870759487152
3630312448.0,-0.11356369405984879
3631249920.0,-0.1137121245265007
3632187392.0,-0.11246968805789948
3633125120.0,-0.11083844304084778
3634062592.0,-0.108790822327137
3635000064.0,-0.10452017188072205
3635937536.0,-0.10115154832601547
3636875008.0,-0.09570523351430893
3637812480.0,-0.0896882489323616
3638749952.0,-0.08250788599252701
3639687424.0,-0.07583640515804291
3640624896.0,-0.06863290071487427
3641562624.0,-0.06135338172316551
3642500096.0,-0.053636159747838974
3643437568.0,-0.045550912618637085
3644375040.0,-0.038569554686546326
3645312512.0,-0.030927402898669243
3646249984.0,-0.022757159546017647
3647187456.0,-0.013421863317489624
3648124928.0,-0.0047151390463113785
3649062400.0,0.0023734350688755512
3649999872.0,0.011115014553070068
3650937600.0,0.018628127872943878
3651875072.0,0.025739965960383415
3652812544.0,0.030982350930571556
3653750016.0,0.03658643737435341
3654687488.0,0.041663337498903275
3655624960.0,0.04517022892832756
3656562432.0,0.04890484735369682
3657499904.0,0.05110437795519829
3658437376.0,0.052208058536052704
3659375104.0,0.05235009640455246
3660312576.0,0.05304152891039848
3661250048.0,0.05214310437440872
3662187520.0,0.049734409898519516
3663124992.0,0.04604277014732361
3664062464.0,0.04263751581311226
3664999936.0,0.037223611027002335
3665937408.0,0.03129204735159874
3666874880.0,0.02473280392587185
3667812608.0,0.01672452688217163
3668750080.0,0.011405792087316513
3669687552.0,0.005274501163512468
3670625024.0,0.000555882346816361
3671562496.0,-0.003060293151065707
3672499968.0,-0.006218817085027695
3673437440.0,-0.00897138100117445
3674374912.0,-0.010020791552960873
3675312384.0,-0.011475379578769207
3676250112.0,-0.013055688701570034
3677187584.0,-0.013164244592189789
3678125056.0,-0.013542273081839085
3679062528.0,-0.01402286160737276
3680000000.0,-0.012910841964185238
3680937472.0,-0.012167880311608315
3681874944.0,-0.011141479946672916
3682812416.0,-0.010295635089278221
3683749888.0,-0.007784078363329172
3684687616.0,-0.004464543424546719
3685625088.0,-0.002864108420908451
3686562560.0,0.0004090534057468176
3687500032.0,0.0033486986067146063
3688437504.0,0.004664053674787283
3689374976.0,0.007111763581633568
3690312448.0,0.010138659738004208
3691249920.0,0.012866024859249592
3692187392.0,0.016064630821347237
3693125120.0,0.01970960572361946
3694062592.0,0.02275429666042328
3695000064.0,0.025243567302823067
3695937536.0,0.028278402984142303
3696875008.0,0.030196569859981537
3697812480.0,0.03282681107521057
3698749952.0,0.03384287282824516
3699687424.0,0.03515077754855156
3700624896.0,0.03588822856545448
3701562624.0,0.035976164042949677
3702500096.0,0.034421153366565704
3703437568.0,0.03320561721920967
3704375040.0,0.029800623655319214
3705312512.0,0.026474544778466225
3706249984.0,0.020126033574342728
3707187456.0,0.013001241721212864
3708124928.0,0.005024637561291456
3709062400.0,-0.004477612674236298
3710000128.0,-0.014863606542348862
3710937600.0,-0.026186805218458176
3711875072.0,-0.03989996388554573
3712812544.0,-0.05444524064660072
3713750016.0,-0.07084885239601135
3714687488.0,-0.08904370665550232
3715624960.0,-0.10692908614873886
3716562432.0,-0.12636925280094147
3717499904.0,-0.1465698927640915
3718437376.0,-0.16597768664360046
3719375104.0,-0.1878434270620346
3720312576.0,-0.2082042396068573
3721250048.0,-0.22947627305984497
3722187520.0,-0.24891160428524017
3723124992.0,-0.2686379551887512
3724062464.0,-0.28561925888061523
3724999936.0,-0.3031494915485382
3725937408.0,-0.3187478482723236
3726874880.0,-0.33131444454193115
3727812608.0,-0.015882175415754318
3728750080.0,-0.01577124372124672
3729687552.0,-0.017498524859547615
3730625024.0,-0.019403111189603806
3731562496.0,-0.022343751043081284
3732499968.0,-0.024689434096217155
3733437440.0,-0.028749410063028336
3734374912.0,-0.030986467376351357
3735312384.0,-0.034808967262506485
3736250112.0,-0.037329357117414474
3737187584.0,-0.03877798095345497
3738125056.0,-0.04030156508088112
3739062528.0,-0.04082178324460983
3740000000.0,-0.04127965122461319
3740937472.0,-0.04058505594730377
3741874944.0,-0.039032693952322006
3742812416.0,-0.03516380116343498
3743749888.0,-0.031322088092565536
3744687616.0,-0.02719380520284176
3745625088.0,-0.022287799045443535
3746562560.0,-0.015386812388896942
3747500032.0,-0.008088932372629642
3748437504.0,1.0543986718403175e-05
3749374976.0,0.00844204518944025
3750312448.0,0.017232224345207214
3751249920.0,0.026594694703817368
3752187392.0,0.03644700348377228
3753125120.0,0.04730088263750076
3754062592.0,0.05697959288954735
3755000064.0,0.06738149374723434
3755937536.0,0.0772201344370842
3756875008.0,0.08699488639831543
3757812480.0,0.09568735212087631
3758749952.0,0.10399824380874634
3759687424.0,0.11113476008176804
3760624896.0,0.11854257434606552
3761562624.0,0.12482653558254242
3762500096.0,0.12883764505386353
3763437568.0,0.1322893351316452
3764375040.0,0.13310682773590088
3765312512.0,0.1337852030992508
3766249984.0,0.1313420534133911
3767187456.0,0.12873312830924988
3768124928.0,0.1241367757320404
3769062400.0,0.11946277320384979
3769999872.0,0.11287032812833786
3770937600.0,0.10379334539175034
3771875072.0,0.0961955189704895
3772812544.0,0.08599250763654709
3773750016.0,0.07550650835037231
3774687488.0,0.06414850056171417
3775624960.0,0.05158654600381851
3776562432.0,0.039221905171871185
3777499904.0,0.02718295156955719
3778437376.0,0.014496730640530586
3779375104.0,0.002064475556835532
3780312576.0,-0.01065131276845932
3781250048.0,-0.022339560091495514
3782187520.0,-0.03448249772191048
3783124992.0,-0.045334938913583755
3784062464.0,-0.056758683174848557
3784999936.0,-0.06618371605873108
3785937408.0,-0.07504966109991074
3786874880.0,-0.06242145225405693
3787812608.0,-0.06652762740850449
3788750080.0,-0.07044074684381485
3789687552.0,-0.07436730712652206
3790625024.0,-0.07721522450447083
3791562496.0,-0.08052422851324081
3792499968.0,-0.08311575651168823
3793437440.0,-0.08626792579889297
3794374912.0,-0.08934330195188522
3795312384.0,-0.0898466408252716
3796250112.0,-0.09163929522037506
3797187584.0,-0.09071876853704453
3798125056.0,-0.08980638533830643
3799062528.0,-0.08777377754449844
3800000000.0,-0.08430006355047226
3800937472.0,-0.07907499372959137
3801874944.0,-0.0735454335808754
3802812416.0,-0.06812840700149536
3803749888.0,-0.06083379685878754
3804687616.0,-0.052570756524801254
3805625088.0,-0.04479600861668587
3806562560.0,-0.036085911095142365
3807500032.0,-0.02685246616601944
3808437504.0,-0.01770622283220291
3809374976.0,-0.008089594542980194
3810312448.0,0.0005950699560344219
3811249920.0,0.00928490236401558
3812187392.0,0.01783205382525921
3813125120.0,0.025827612727880478
3814062592.0,0.033298309892416
3815000064.0,0.0393461175262928
3815937536.0,0.044950220733881
3816875008.0,0.051024600863456726
3817812480.0,0.05561650171875954
3818749952.0,0.059215448796749115
3819687424.0,0.06332068890333176
3820624896.0,0.06405051052570343
3821562624.0,0.06470136344432831
3822500096.0,0.06441044062376022
3823437568.0,0.06317761540412903
3824375040.0,0.06088441237807274
3825312512.0,0.05718506872653961
3826249984.0,0.053682610392570496
3827187456.0,0.05031897500157356
3828124928.0,0.04501943290233612
3829062400.0,0.04078163206577301
3830000128.0,0.03475935012102127
3830937600.0,0.030855335295200348
3831875072.0,0.024359583854675293
3832812544.0,0.018760304898023605
3833750016.0,0.01311078853905201
3834687488.0,0.006811120081692934
3835624960.0,0.000169136852491647
3836562432.0,-0.006270749494433403
3837499904.0,-0.01213648822158575
3838437376.0,-0.017855048179626465
3839375104.0,-0.02262292616069317
3840312576.0,-0.02779792994260788
3841250048.0,-0.03158322349190712
3842187520.0,-0.03613625466823578
3843124992.0,-0.04019046202301979
3844062464.0,-0.04445146024227142
3844999936.0,-0.04866701364517212
3845937408.0,-0.051668137311935425
3846874880.0,-0.049261704087257385
3847812608.0,-0.05179533734917641
3848750080.0,-0.053981613367795944
3849687552.0,-0.056193213909864426
3850625024.0,-0.05769715830683708
3851562496.0,-0.05868297442793846
3852499968.0,-0.06044489145278931
3853437440.0,-0.06179380044341087
3854374912.0,-0.06261251121759415
3855312384.0,-0.06257133185863495
3856250112.0,-0.06268461793661118
3857187584.0,-0.061706624925136566
3858125056.0,-0.060857143253088
3859062528.0,-0.05932934954762459
3860000000.0,-0.05708978697657585
3860937472.0,-0.05443586781620979
3861874944.0,-0.05224226787686348
3862812416.0,-0.050689391791820526
3863749888.0,-0.048484917730093
3864687616.0,-0.04730815812945366
3865625088.0,-0.04858493432402611
3866562560.0,-0.05173517391085625
3867500032.0,-0.05433591082692146
3868437504.0,-0.06095792353153229
3869374976.0,-0.0672561302781105
3870312448.0,-0.07533756643533707
3871249920.0,-0.08495966345071793
3872187392.0,-0.09445067495107651
3873125120.0,-0.10642419755458832
3874062592.0,-0.11743728071451187
3875000064.0,-0.12945668399333954
3875937536.0,-0.1396833062171936
3876875008.0,-0.15074282884597778
3877812480.0,-0.15943643450737
3878749952.0,-0.16597260534763336
3879687424.0,-0.17033380270004272
3880624896.0,-0.17271997034549713
3881562624.0,-0.17256620526313782
3882500096.0,-0.17122605443000793
3883437568.0,-0.16742689907550812
3884375040.0,-0.16151748597621918
3885312512.0,-0.15352050960063934
3886249984.0,-0.1443721204996109
3887187456.0,-0.13509447872638702
3888124928.0,-0.12342218309640884
3889062400.0,-0.11272449791431427
3889999872.0,-0.09997381269931793
3890937600.0,-0.08781903982162476
3891875072.0,-0.07568641006946564
3892812544.0,-0.0633053407073021
3893750016.0,-0.05364810302853584
3894687488.0,-0.042115628719329834
3895624960.0,-0.03280162438750267
3896562432.0,-0.02672143280506134
3897499904.0,-0.01972235180437565
3898437376.0,-0.014298499561846256
3899375104.0,-0.01025308482348919
3900312576.0,-0.006111020687967539
3901250048.0,-0.003941724076867104
3902187520.0,-0.00321750994771719
3903124992.0,-0.0025567400734871626
3904062464.0,-0.0017044423148036003
3904999936.0,-0.0013376278802752495
3905937408.0,-0.0007345756166614592
3906874880.0,-0.012678793631494045
3907812608.0,-0.021825559437274933
3908750080.0,-0.02757413312792778
3909687552.0,-0.033017598092556
3910625024.0,-0.03686951845884323
3911562496.0,-0.037935979664325714
3912499968.0,-0.03756953030824661
3913437440.0,-0.03530923277139664
3914374912.0,-0.03178514540195465
3915312384.0,-0.026304569095373154
3916250112.0,-0.020061006769537926
3917187584.0,-0.012208341620862484
3918125056.0,-0.0027203760109841824
3919062528.0,0.007180661428719759
3920000000.0,0.01836511865258217
3920937472.0,0.029592936858534813
3921874944.0,0.04054852947592735
3922812416.0,0.051395051181316376
3923749888.0,0.06172887980937958
3924687616.0,0.07256676256656647
3925625088.0,0.08139220625162125
3926562560.0,0.08908820152282715
3927500032.0,0.09607323259115219
3928437504.0,0.1011023297905922
3929374976.0,0.10543519258499146
3930312448.0,0.10801544785499573
3931249920.0,0.10925927758216858
3932187392.0,0.10936614871025085
3933125120.0,0.10749921947717667
3934062592.0,0.10479503124952316
3935000064.0,0.0992017462849617
3935937536.0,0.09436320513486862
3936875008.0,0.08704876899719238
3937812480.0,0.07934046536684036
3938749952.0,0.07013200223445892
3939687424.0,0.05994988977909088
3940624896.0,0.04900860786437988
3941562624.0,0.03738776594400406
3942500096.0,0.02497810684144497
3943437568.0,0.012789230793714523
3944375040.0,0.00022370665101334453
3945312512.0,-0.012385700829327106
3946249984.0,-0.02528444491326809
3947187456.0,-0.03840569779276848
3948124928.0,-0.05078410729765892
3949062400.0,-0.06288231164216995
3950000128.0,-0.07428879290819168
3950937600.0,-0.0860029011964798
3951875072.0,-0.09767120331525803
3952812544.0,-0.10710778832435608
3953750016.0,-0.11695145070552826
3954687488.0,-0.1255587637424469
3955624960.0,-0.13373713195323944
3956562432.0,-0.1417783945798874
3957499904.0,-0.1477285772562027
3958437376.0,-0.15480518341064453
3959375104.0,-0.16061758995056152
3960312576.0,-0.16706512868404388
3961250048.0,-0.1729368269443512
3962187520.0,-0.17768409848213196
3963124992.0,-0.18357448279857635
3964062464.0,-0.18866239488124847
3964999936.0,-0.19169287383556366
3965937408.0,-0.1960701197385788
3966874880.0,-0.08746539056301117
3967812608.0,-0.09258440881967545
3968750080.0,-0.09810952097177505
3969687552.0,-0.10214544832706451
3970625024.0,-0.10486894100904465
3971562496.0,-0.10672423243522644
3972499968.0,-0.10919184237718582
3973437440.0,-0.11079079657793045
3974374912.0,-0.11175091564655304
3975312384.0,-0.11086957901716232
3976250112.0,-0.11010035872459412
3977187584.0,-0.10783456265926361
3978125056.0,-0.10425795614719391
3979062528.0,-0.100242018699646
3980000000.0,-0.0953676849603653
3980937472.0,-0.09232578426599503
3981874944.0,-0.08561966568231583
3982812416.0,-0.0804121270775795
3983749888.0,-0.07402258366346359
3984687616.0,-0.06852058321237564
3985625088.0,-0.06277211755514145
3986562560.0,-0.05664333328604698
3987500032.0,-0.05138666555285454
3988437504.0,-0.045031070709228516
3989374976.0,-0.038544394075870514
3990312448.0,-0.03322087228298187
3991249920.0,-0.027862902730703354
3992187392.0,-0.023481788113713264
3993125120.0,-0.019822651520371437
3994062592.0,-0.017064852640032768
3995000064.0,-0.01494103204458952
3995937536.0,-0.013858642429113388
3996875008.0,-0.012527115643024445
3997812480.0,-0.01260694582015276
3998749952.0,-0.012800781056284904
3999687424.0,-0.012404215522110462
4000624896.0,-0.006202677730470896
4001562624.0,-0.011568296700716019
4002500096.0,-0.016927730292081833
4003437568.0,-0.02324565313756466
4004375040.0,-0.029877755790948868
4005312512.0,-0.037591371685266495
4006249984.0,-0.04555584862828255
4007187456.0,-0.053816698491573334
4008124928.0,-0.06296999007463455
4009062400.0,-0.07112301141023636
4009999872.0,-0.07974548637866974
4010937600.0,-0.08963271230459213
4011875072.0,-0.09835690259933472
4012812544.0,-0.10655448585748672
4013750016.0,-0.11409704387187958
4014687488.0,-0.12363846600055695
4015624960.0,-0.13151590526103973
4016562432.0,-0.14014548063278198
4017499904.0,-0.14692889153957367
4018437376.0,-0.15454110503196716
4019375104.0,-0.16189882159233093
4020312576.0,-0.16705314815044403
4021250048.0,-0.1735539734363556
4022187520.0,-0.17879939079284668
4023124992.0,-0.18333809077739716
4024062464.0,-0.18802791833877563
4024999936.0,-0.19301767647266388
4025937408.0,-0.19792935252189636
4026874880.0,-0.19033481180667877
4027812608.0,-0.19303297996520996
4028750080.0,-0.1946985274553299
4029687552.0,-0.19629846513271332
4030625024.0,-0.19697809219360352
4031562496.0,-0.19885097444057465
4032499968.0,-0.20043936371803284
4033437440.0,-0.2019740641117096
4034374912.0,-0.20265762507915497
4035312384.0,-0.20444801449775696
4036250112.0,-0.20503820478916168
4037187584.0,-0.20580998063087463
4038125056.0,-0.20582565665245056
4039062528.0,-0.20544467866420746
4040000000.0,-0.20478610694408417
4040937472.0,-0.20425578951835632
4041874944.0,-0.20255254209041595
4042812416.0,-0.19995909929275513
4043749888.0,-0.19649773836135864
4044687616.0,-0.19264069199562073
4045625088.0,-0.18726421892642975
4046562560.0,-0.18205271661281586
4047500032.0,-0.1756240874528885
4048437504.0,-0.16677506268024445
4049374976.0,-0.1578189581632614
4050312448.0,-0.14869651198387146
4051249920.0,-0.13713552057743073
4052187392.0,-0.12662987411022186
4053125120.0,-0.11491057276725769
4054062592.0,-0.10325401276350021
4055000064.0,-0.09065402299165726
4055937536.0,-0.07770933210849762
4056875008.0,-0.06555948406457901
4057812480.0,-0.05308981612324715
4058749952.0,-0.04063953459262848
4059687424.0,-0.030182048678398132
4060624896.0,-0.018237493932247162
4061562624.0,-0.00794005487114191
4062500096.0,0.0027168085798621178
4063437568.0,0.010936428792774677
4064375040.0,0.019352363422513008
4065312512.0,0.02694372646510601
4066249984.0,0.03349415585398674
4067187456.0,0.0385785736143589
4068124928.0,0.04202552139759064
4069062400.0,0.04561242461204529
4070000128.0,0.04687318950891495
4070937600.0,0.04552833363413811
4071875072.0,0.04423697665333748
4072812544.0,0.04164857789874077
4073750016.0,0.037570834159851074
4074687488.0,0.0335719957947731
4075624960.0,0.027970777824521065
4076562432.0,0.021537423133850098
4077499904.0,0.01321813277900219
4078437376.0,0.006016011815518141
4079375104.0,-0.002350945957005024
4080312576.0,-0.011617599055171013
4081250048.0,-0.021445326507091522
4082187520.0,-0.030264640226960182
4083124992.0,-0.040412843227386475
4084062464.0,-0.04949089139699936
4084999936.0,-0.059421516954898834
4085937408.0,-0.06763584166765213
4086874880.0,-0.09206971526145935
4087812608.0,-0.09693138301372528
4088750080.0,-0.10209117084741592
4089687552.0,-0.10583844780921936
4090625024.0,-0.10908026248216629
4091562496.0,-0.11241484433412552
4092499968.0,-0.11478248983621597
4093437440.0,-0.11778458952903748
4094374912.0,-0.12106978893280029
4095312384.0,-0.12241970747709274
4096250112.0,-0.12372175604104996
4097187584.0,-0.12450927495956421
4098125056.0,-0.12483415007591248
4099062528.0,-0.12525199353694916
4100000000.0,-0.12562765181064606
4100937472.0,-0.12667062878608704
4101874944.0,-0.127770334482193
4102812416.0,-0.12851077318191528
4103749888.0,-0.1295190304517746
4104687616.0,-0.1314980536699295
4105625088.0,-0.132439523935318
4106562560.0,-0.13455206155776978
4107500032.0,-0.13453584909439087
4108437504.0,-0.1359594464302063
4109374976.0,-0.1368263065814972
4110312448.0,-0.13775983452796936
4111249920.0,-0.13725601136684418
4112187392.0,-0.13774381577968597
4113125120.0,-0.13678212463855743
4114062592.0,-0.13714540004730225
4115000064.0,-0.13573801517486572
4115937536.0,-0.1356075257062912
4116875008.0,-0.133473739027977
4117812480.0,-0.1319892853498459
4118749952.0,-0.12917104363441467
4119687424.0,-0.1255607008934021
4120624896.0,-0.12283456325531006
4121562624.0,-0.11858349293470383
4122500096.0,-0.11505787819623947
4123437568.0,-0.111447274684906
4124375040.0,-0.10662896931171417
4125312512.0,-0.10334624350070953
4126249984.0,-0.09897791594266891
4127187456.0,-0.0950617641210556
4128124928.0,-0.09011118113994598
4129062400.0,-0.08666366338729858
4129999872.0,-0.08214686810970306
4130937600.0,-0.07767225801944733
4131875072.0,-0.07437531650066376
4132812544.0,-0.07046528160572052
4133750016.0,-0.06694138795137405
4134687488.0,-0.06336823850870132
4135624960.0,-0.060356855392456055
4136562432.0,-0.05804889276623726
4137499904.0,-0.05569448694586754
4138437376.0,-0.05453405901789665
4139375104.0,-0.052735473960638046
4140312576.0,-0.050873659551143646
4141250048.0,-0.049909207969903946
4142187520.0,-0.04813532158732414
4143124992.0,-0.04713060334324837
4144062464.0,-0.046578411012887955
4144999936.0,-0.04611505940556526
4145937408.0,-0.043867480009794235
4146874880.0,-0.08621127158403397
4147812608.0,-0.08837133646011353
4148750080.0,-0.0892714262008667
4149687552.0,-0.08909688889980316
4150625024.0,-0.08901066333055496
4151562496.0,-0.08751437813043594
4152499968.0,-0.08567283302545547
4153437440.0,-0.0835421159863472
4154374912.0,-0.07927842438220978
4155312384.0,-0.07450069487094879
4156250112.0,-0.0694829523563385
4157187584.0,-0.06485434621572495
4158125056.0,-0.058714091777801514
4159062528.0,-0.0537351630628109
4160000000.0,-0.047938574105501175
4160937472.0,-0.04402150958776474
4161874944.0,-0.038826458156108856
4162812416.0,-0.03477764129638672
4163749888.0,-0.029484372586011887
4164687616.0,-0.0256052203476429
4165625088.0,-0.02265610359609127
4166562560.0,-0.019465886056423187
4167500032.0,-0.018675029277801514
4168437504.0,-0.017091838642954826
4169374976.0,-0.017726941034197807
4170312448.0,-0.017917267978191376
4171249920.0,-0.019287385046482086
4172187392.0,-0.022380465641617775
4173125120.0,-0.02472095936536789
4174062592.0,-0.03059297800064087
4175000064.0,-0.03325565904378891
4175937536.0,-0.03714089095592499
4176875008.0,-0.04194853454828262
4177812480.0,-0.046109460294246674
4178749952.0,-0.05071606859564781
4179687424.0,-0.056117136031389236
4180624896.0,-0.06231251358985901
4181562624.0,-0.06758128106594086
4182500096.0,-0.07322853803634644
4183437568.0,-0.07824432849884033
4184375040.0,-0.08171964436769485
4185312512.0,-0.08738568425178528
4186249984.0,-0.09048181027173996
4187187456.0,-0.09446774423122406
4188124928.0,-0.09785903245210648
4189062400.0,-0.10185917466878891
4190000128.0,-0.10464255511760712
4190937600.0,-0.10756444185972214
4191875072.0,-0.11037968099117279
4192812544.0,-0.11514991521835327
4193750016.0,-0.11748562008142471
4194687488.0,-0.1208287850022316
4195624960.0,-0.12412038445472717
4196562432.0,-0.127577006816864
4197499904.0,-0.13199351727962494
4198437376.0,-0.13656958937644958
4199375104.0,-0.1418561488389969
4200312576.0,-0.14640475809574127
4201250048.0,-0.1512172818183899
4202187520.0,-0.15700791776180267
4203124992.0,-0.1609961986541748
4204062464.0,-0.16665016114711761
4204999936.0,-0.17153465747833252
4205937408.0,-0.1768108308315277
4206874880.0,-0.1687566637992859
4207812608.0,-0.17510025203227997
4208750080.0,-0.18115533888339996
4209687552.0,-0.18567845225334167
4210625024.0,-0.18947084248065948
4211562496.0,-0.19320647418498993
4212499968.0,-0.19460050761699677
4213437440.0,-0.19692561030387878
4214374912.0,-0.19595162570476532
4215312384.0,-0.19484372437000275
4216250112.0,-0.19346080720424652
4217187584.0,-0.18973462283611298
4218125056.0,-0.1851562261581421
4219062528.0,-0.17835770547389984
4220000000.0,-0.16963183879852295
4220937472.0,-0.16023918986320496
4221874944.0,-0.14929448068141937
4222812416.0,-0.13748064637184143
4223749888.0,-0.12602762877941132
4224687616.0,-0.11333267390727997
4225625088.0,-0.09935441613197327
4226562560.0,-0.08487048000097275
4227500032.0,-0.06788741052150726
4228437504.0,-0.05174096301198006
4229374976.0,-0.035123709589242935
4230312448.0,-0.0180067028850317
4231249920.0,-0.000979319796897471
4232187392.0,0.015104594640433788
4233125120.0,0.031294580549001694
4234062592.0,0.048203837126493454
4235000064.0,0.06295505911111832
4235937536.0,0.07691431045532227
4236875008.0,0.09058070182800293
4237812480.0,0.10250719636678696
4238749952.0,0.11313926428556442
4239687424.0,0.12253031134605408
4240624896.0,0.1311454176902771
4241562624.0,0.13896001875400543
4242500096.0,0.14436689019203186
4243437568.0,0.14726409316062927
4244375040.0,0.14913855493068695
4245312512.0,0.1505853682756424
4246249984.0,0.14936085045337677
4247187456.0,0.14606979489326477
4248124928.0,0.14200344681739807
4249062400.0,0.1353338360786438
4249999872.0,0.12686918675899506
4250937600.0,0.11593808233737946
4251875072.0,0.1038740873336792
4252812544.0,0.09002117812633514
4253750016.0,0.07480877637863159
4254687488.0,0.05883428826928139
4255624960.0,0.04095357656478882
4256562432.0,0.02264508605003357
4257499904.0,0.002444694982841611
4258437376.0,-0.017542768269777298
4259375104.0,-0.03820805996656418
4260312576.0,-0.059578411281108856
4261250048.0,-0.08171410858631134
4262187520.0,-0.10399305820465088
4263124992.0,-0.12634530663490295
4264062464.0,-0.14872291684150696
4264999936.0,-0.1700247824192047
4265937408.0,-0.1905352622270584
4266874880.0,-0.19959083199501038
4267812608.0,-0.20889738202095032
4268750080.0,-0.2173769623041153
4269687552.0,-0.2254357784986496
4270625024.0,-0.23355436325073242
4271562496.0,-0.24073421955108643
4272499968.0,-0.24651463329792023
4273437440.0,-0.25088971853256226
4274374912.0,-0.253252774477005
4275312384.0,-0.25386911630630493
4276250112.0,-0.253163605928421
4277187584.0,-0.2504618167877197
4278125056.0,-0.24463960528373718
4279062528.0,-0.2378806471824646
4280000000.0,-0.22829051315784454
4280937472.0,-0.2161717712879181
4281874944.0,-0.20212869346141815
4282812416.0,-0.18505600094795227
4283749888.0,-0.16825240850448608
4284687616.0,-0.14877653121948242
4285625088.0,-0.12790125608444214
4286562560.0,-0.10614710301160812
4287500032.0,-0.08373799175024033
4288437504.0,-0.059987008571624756
4289374976.0,-0.03695952147245407
4290312448.0,-0.012259351089596748
4291249920.0,0.011099378578364849
4292187392.0,0.034027136862277985
4293125120.0,0.05665813013911247
4294062592.0,0.07788998633623123
4295000064.0,0.09780518710613251
4295937536.0,0.11594882607460022
4296875008.0,0.13378074765205383
4297812480.0,0.14828094840049744
4298749952.0,0.16073356568813324
4299687424.0,0.17152024805545807
4300624896.0,0.18081724643707275
4301562368.0,0.18663719296455383
4302499840.0,0.1913522630929947
4303437312.0,0.1931716501712799
4304374784.0,0.19249093532562256
4305312256.0,0.18891774117946625
4306250240.0,0.18159723281860352
4307187712.0,0.17331364750862122
4308125184.0,0.16119658946990967
4309062656.0,0.14685624837875366
4310000128.0,0.1325591653585434
4310937600.0,0.11571889370679855
4311875072.0,0.09831530600786209
4312812544.0,0.07977233082056046
4313750016.0,0.05965929478406906
4314687488.0,0.03950856626033783
4315624960.0,0.0191801730543375
4316562432.0,-0.0009864623425528407
4317499904.0,-0.021761350333690643
4318437376.0,-0.0416538342833519
4319374848.0,-0.06192472204566002
4320312320.0,-0.0808190256357193
4321249792.0,-0.09855618327856064
4322187264.0,-0.11656010895967484
4323125248.0,-0.13238473236560822
4324062720.0,-0.1465086191892624
4325000192.0,-0.15973617136478424
4325937664.0,-0.17144812643527985
4326875136.0,-0.22563791275024414
4327812608.0,-0.22467009723186493
4328750080.0,-0.22201883792877197
4329687552.0,-0.21754343807697296
4330625024.0,-0.2125445157289505
4331562496.0,-0.20544958114624023
4332499968.0,-0.19695232808589935
4333437440.0,-0.1895919293165207
4334374912.0,-0.18041177093982697
4335312384.0,-0.17149682343006134
4336249856.0,-0.1637326031923294
4337187328.0,-0.15323397517204285
4338124800.0,-0.14550195634365082
4339062272.0,-0.13754266500473022
4339999744.0,-0.12830963730812073
4340937728.0,-0.12123042345046997
4341875200.0,-0.11459179222583771
4342812672.0,-0.10777396708726883
4343750144.0,-0.1017218828201294
4344687616.0,-0.09518066793680191
4345625088.0,-0.09018570929765701
4346562560.0,-0.08574935793876648
4347500032.0,-0.08182290941476822
4348437504.0,-0.0786886066198349
4349374976.0,-0.07699465751647949
4350312448.0,-0.07583595812320709
4351249920.0,-0.07652869820594788
4352187392.0,-0.077123261988163
4353124864.0,-0.07820617407560349
4354062336.0,-0.08054602891206741
4354999808.0,-0.08211573958396912
4355937280.0,-0.08495188504457474
4356874752.0,-0.08840397745370865
4357812736.0,-0.09079350531101227
4358750208.0,-0.09435630589723587
4359687680.0,-0.09842177480459213
4360625152.0,-0.10184440016746521
4361562624.0,-0.10632867366075516
4362500096.0,-0.11067373305559158
4363437568.0,-0.11516206711530685
4364375040.0,-0.1192321851849556
4365312512.0,-0.12300767749547958
4366249984.0,-0.12659697234630585
4367187456.0,-0.13014157116413116
4368124928.0,-0.1334829479455948
4369062400.0,-0.13820965588092804
4369999872.0,-0.1435815542936325
4370937344.0,-0.14732623100280762
4371874816.0,-0.15106156468391418
4372812288.0,-0.15550346672534943
4373749760.0,-0.1605050265789032
4374687744.0,-0.16444338858127594
4375625216.0,-0.16955479979515076
4376562688.0,-0.17515042424201965
4377500160.0,-0.18119798600673676
4378437632.0,-0.1883264034986496
4379375104.0,-0.19580970704555511
4380312576.0,-0.20431207120418549
4381250048.0,-0.21246832609176636
4382187520.0,-0.2202342450618744
4383124992.0,-0.23018334805965424
4384062464.0,-0.2398958057165146
4384999936.0,-0.25029194355010986
4385937408.0,-0.26094502210617065
4386874880.0,-0.3289177417755127
4387812352.0,-0.3366391956806183
4388749824.0,-0.3426910638809204
4389687296.0,-0.3457639813423157
4390624768.0,-0.3494950532913208
4391562752.0,-0.3501516580581665
4392500224.0,-0.34850046038627625
4393437696.0,-0.3449036478996277
4394375168.0,-0.33959072828292847
4395312640.0,-0.3332326114177704
4396250112.0,-0.3246157765388489
4397187584.0,-0.3151002526283264
4398125056.0,-0.3032802641391754
4399062528.0,-0.2907544672489166
4400000000.0,-0.2774159014225006
4400937472.0,-0.2620951235294342
4401874944.0,-0.24701566994190216
4402812416.0,-0.22998663783073425
4403749888.0,-0.21234551072120667
4404687360.0,-0.19456002116203308
4405624832.0,-0.1770988404750824
4406562304.0,-0.1595609337091446
4407499776.0,-0.14202865958213806
4408437248.0,-0.12560135126113892
4409375232.0,-0.10958722233772278
4410312704.0,-0.09429174661636353
4411250176.0,-0.08120571076869965
4412187648.0,-0.06800170242786407
4413125120.0,-0.05717639625072479
4414062592.0,-0.04734626039862633
4415000064.0,-0.04073953628540039
4415937536.0,-0.03518860042095184
4416875008.0,-0.03162549436092377
4417812480.0,-0.03150312602519989
4418749952.0,-0.033978793770074844
4419687424.0,-0.03862623870372772
4420624896.0,-0.04489876329898834
4421562368.0,-0.0553569458425045
4422499840.0,-0.06675656884908676
4423437312.0,-0.0797024592757225
4424374784.0,-0.09416570514440536
4425312256.0,-0.10951586812734604
4426250240.0,-0.12779855728149414
4427187712.0,-0.1473364233970642
4428125184.0,-0.16631583869457245
4429062656.0,-0.18804842233657837
4430000128.0,-0.21033893525600433
4430937600.0,-0.23229297995567322
4431875072.0,-0.2555847465991974
4432812544.0,-0.2784782946109772
4433750016.0,-0.30112138390541077
4434687488.0,-0.32366862893104553
4435624960.0,-0.34506160020828247
4436562432.0,-0.3682544529438019
4437499904.0,-0.38882896304130554
4438437376.0,-0.4095476269721985
4439374848.0,-0.42889896035194397
4440312320.0,-0.44806504249572754
4441249792.0,-0.4657803773880005
4442187264.0,-0.48087915778160095
4443125248.0,-0.49547433853149414
4444062720.0,-0.507394552230835
4445000192.0,-0.5173360705375671
4445937664.0,-0.5258179306983948
4446875136.0,-0.535204291343689
4447812608.0,-0.541445791721344
4448750080.0,-0.5458109378814697
4449687552.0,-0.5481182932853699
4450625024.0,-0.547713577747345
4451562496.0,-0.5463924407958984
4452499968.0,-0.5421240329742432
4453437440.0,-0.5356135964393616
4454374912.0,-0.5270130038261414
4455312384.0,-0.5166270136833191
4456249856.0,-0.5050862431526184
4457187328.0,-0.4920468330383301
4458124800.0,-0.4779769778251648
4459062272.0,-0.46316927671432495
4460000256.0,-0.4470856487751007
4460937728.0,-0.4325518310070038
4461875200.0,-0.4158843457698822
4462812672.0,-0.39743152260780334
4463750144.0,-0.3812636733055115
4464687616.0,-0.36580249667167664
4465625088.0,-0.3494689166545868
4466562560.0,-0.33510342240333557
4467500032.0,-0.3204653859138489
4468437504.0,-0.3075501322746277
4469374976.0,-0.2949792742729187
4470312448.0,-0.28317615389823914
4471249920.0,-0.2726215124130249
4472187392.0,-0.26380035281181335
4473124864.0,-0.2564208209514618
4474062336.0,-0.24943947792053223
4474999808.0,-0.2467300146818161
4475937280.0,-0.2448711395263672
4476874752.0,-0.24394017457962036
4477812736.0,-0.2468091994524002
4478750208.0,-0.2513262629508972
4479687680.0,-0.2592966854572296
4480625152.0,-0.26826921105384827
4481562624.0,-0.27965354919433594
4482500096.0,-0.291416734457016
4483437568.0,-0.30839425325393677
4484375040.0,-0.3271355628967285
4485312512.0,-0.3486533761024475
4486249984.0,-0.3726085424423218
4487187456.0,-0.39783042669296265
4488124928.0,-0.4263872504234314
4489062400.0,-0.4546799063682556
4489999872.0,-0.48334118723869324
4490937344.0,-0.5139898657798767
4491874816.0,-0.5458738803863525
4492812288.0,-0.5777194499969482
4493749760.0,-0.6111312508583069
4494687744.0,-0.6424610018730164
4495625216.0,-0.6744325160980225
4496562688.0,-0.7063857316970825
4497500160.0,-0.7382003664970398
4498437632.0,-0.7696228623390198
4499375104.0,-0.7987369298934937
4500312576.0,-0.8282254338264465
4501250048.0,-0.8569503426551819
4502187520.0,-0.884262204170227
4503124992.0,-0.9094630479812622
4504062464.0,-0.9325826168060303
4504999936.0,-0.9531863331794739
4505937408.0,-0.9717097878456116
4506874880.0,-0.9359066486358643
4507812352.0,-0.9504767656326294
4508749824.0,-0.9637011885643005
4509687296.0,-0.9732255339622498
4510624768.0,-0.9793813824653625
4511562752.0,-0.9834369421005249
4512500224.0,-0.9845641851425171
4513437696.0,-0.9827592372894287
4514375168.0,-0.9773050546646118
4515312640.0,-0.9689471125602722
4516250112.0,-0.9570289850234985
4517187584.0,-0.9431647062301636
4518125056.0,-0.9283010363578796
4519062528.0,-0.9110872745513916
4520000000.0,-0.8951560854911804
4520937472.0,-0.877921998500824
4521874944.0,-0.8610510230064392
4522812416.0,-0.8435102105140686
4523749888.0,-0.8279387354850769
4524687360.0,-0.8120589852333069
4525624832.0,-0.7988128662109375
4526562304.0,-0.7870133519172668
4527499776.0,-0.7771040797233582
4528437248.0,-0.7684650421142578
4529375232.0,-0.7621853351593018
4530312704.0,-0.7580217719078064
4531250176.0,-0.7551310658454895
4532187648.0,-0.7588630318641663
4533125120.0,-0.7639086246490479
4534062592.0,-0.771843671798706
4535000064.0,-0.7846776247024536
4535937536.0,-0.7995034456253052
4536875008.0,-0.8166659474372864
4537812480.0,-0.838709831237793
4538749952.0,-0.864197850227356
4539687424.0,-0.8926810622215271
4540624896.0,-0.9246082305908203
4541562368.0,-0.9581865072250366
4542499840.0,-0.9945244193077087
4543437312.0,-1.0323189496994019
4544374784.0,-1.0722850561141968
4545312256.0,-1.1185550689697266
4546250240.0,-1.1686060428619385
4547187712.0,-1.220757007598877
4548125184.0,-1.2765823602676392
4549062656.0,-1.337149977684021
4550000128.0,-1.3977577686309814
4550937600.0,-1.4623559713363647
4551875072.0,-1.5280534029006958
4552812544.0,-1.5988414287567139
4553750016.0,-1.6693047285079956
4554687488.0,-1.7403018474578857
4555624960.0,-1.8128827810287476
4556562432.0,-1.886478304862976
4557499904.0,-1.9577146768569946
4558437376.0,-2.028090715408325
4559374848.0,-2.09720778465271
4560312320.0,-2.1657583713531494
4561249792.0,-2.2350127696990967
4562187264.0,-2.3014471530914307
4563125248.0,-2.3677709102630615
4564062720.0,-2.432053327560425
4565000192.0,-2.4950344562530518
4565937664.0,-2.557997226715088
4566875136.0,-2.4240236282348633
4567812608.0,-2.45939040184021
4568750080.0,-2.4945497512817383
4569687552.0,-2.527714729309082
4570625024.0,-2.5615904331207275
4571562496.0,-2.594099283218384
4572499968.0,-2.6263654232025146
4573437440.0,-2.6581528186798096
4574374912.0,-2.6896860599517822
4575312384.0,-2.721226215362549
4576249856.0,-2.7533371448516846
4577187328.0,-2.7851321697235107
4578124800.0,-2.817279577255249
4579062272.0,-2.849151611328125
4579999744.0,-2.8811256885528564
4580937728.0,-2.9129347801208496
4581875200.0,-2.945150852203369
4582812672.0,-2.978240489959717
4583750144.0,-3.011543035507202
4584687616.0,-3.047194242477417
4585625088.0,-3.0838286876678467
4586562560.0,-3.119271993637085
4587500032.0,-3.1523194313049316
4588437504.0,-3.1842970848083496
4589374976.0,-3.2158541679382324
4590312448.0,-3.2478861808776855
4591249920.0,-3.2811572551727295
4592187392.0,-3.3190884590148926
4593124864.0,-3.358832359313965
4594062336.0,-3.40325927734375
4594999808.0,-3.449043035507202
4595937280.0,-3.4968645572662354
4596874752.0,-3.543424367904663
4597812736.0,-3.5899240970611572
4598750208.0,-3.6367008686065674
4599687680.0,-3.682941198348999
4600625152.0,-3.7335429191589355
4601562624.0,-3.7873165607452393
4602500096.0,-3.839871644973755
4603437568.0,-3.8939249515533447
4604375040.0,-3.9425582885742188
4605312512.0,-3.991091012954712
4606249984.0,-4.038994789123535
4607187456.0,-4.090411186218262
4608124928.0,-4.139939785003662
4609062400.0,-4.189243316650391
4609999872.0,-4.233146667480469
4610937344.0,-4.273780345916748
4611874816.0,-4.311014652252197
4612812288.0,-4.346428394317627
4613749760.0,-4.381588459014893
4614687744.0,-4.415340423583984
4615625216.0,-4.44670295715332
4616562688.0,-4.4769768714904785
4617500160.0,-4.500009536743164
4618437632.0,-4.516732692718506
4619375104.0,-4.527345657348633
4620312576.0,-4.5298686027526855
4621250048.0,-4.5297465324401855
4622187520.0,-4.527221202850342
4623124992.0,-4.522633075714111
4624062464.0,-4.515949726104736
4624999936.0,-4.505648136138916
4625937408.0,-4.487955093383789
4626874880.0,-4.640631675720215
4627812352.0,-4.596970558166504
4628749824.0,-4.549203395843506
4629687296.0,-4.491556167602539
4630624768.0,-4.429407596588135
4631562752.0,-4.3593549728393555
4632500224.0,-4.283511161804199
4633437696.0,-4.199223041534424
4634375168.0,-4.110117435455322
4635312640.0,-4.016128063201904
4636250112.0,-3.9208219051361084
4637187584.0,-3.8216769695281982
4638125056.0,-3.721271276473999
4639062528.0,-3.615645408630371
4640000000.0,-3.5081965923309326
4640937472.0,-3.394768714904785
4641874944.0,-3.2796788215637207
4642812416.0,-3.1632628440856934
4643749888.0,-3.046781063079834
4644687360.0,-2.93168044090271
4645624832.0,-2.816532611846924
4646562304.0,-2.704289197921753
4647499776.0,-2.5944182872772217
4648437248.0,-2.489675283432007
4649375232.0,-2.389385938644409
4650312704.0,-2.293553113937378
4651250176.0,-2.203603982925415
4652187648.0,-2.118617534637451
4653125120.0,-2.038332223892212
4654062592.0,-1.9633029699325562
4655000064.0,-1.8925358057022095
4655937536.0,-1.8251835107803345
4656875008.0,-1.7627685070037842
4657812480.0,-1.7033085823059082
4658749952.0,-1.6482349634170532
4659687424.0,-1.600189447402954
4660624896.0,-1.5562777519226074
4661562368.0,-1.5177605152130127
4662499840.0,-1.4821443557739258
4663437312.0,-1.4508126974105835
4664374784.0,-1.4238237142562866
4665312256.0,-1.397689938545227
4666250240.0,-1.3743984699249268
4667187712.0,-1.3540226221084595
4668125184.0,-1.334905743598938
4669062656.0,-1.319350242614746
4670000128.0,-1.306092381477356
4670937600.0,-1.29453444480896
4671875072.0,-1.2847082614898682
4672812544.0,-1.2768869400024414
4673750016.0,-1.2690322399139404
4674687488.0,-1.2595878839492798
4675624960.0,-1.2534927129745483
4676562432.0,-1.2439378499984741
4677499904.0,-1.2334526777267456
4678437376.0,-1.2232645750045776
4679374848.0,-1.210590124130249
4680312320.0,-1.196624517440796
4681249792.0,-1.181267499923706
4682187264.0,-1.1633192300796509
4683125248.0,-1.145072340965271
4684062720.0,-1.1250218152999878
4685000192.0,-1.1051920652389526
4685937664.0,-1.0831348896026611
4686875136.0,-1.0848056077957153
4687812608.0,-1.059852957725525
4688750080.0,-1.0334304571151733
4689687552.0,-1.0048362016677856
4690625024.0,-0.9749683141708374
4691562496.0,-0.9429406523704529
4692499968.0,-0.9102626442909241
4693437440.0,-0.8773676156997681
4694374912.0,-0.844376802444458
4695312384.0,-0.8112593293190002
4696249856.0,-0.7795354723930359
4697187328.0,-0.7469968199729919
4698124800.0,-0.7147356867790222
4699062272.0,-0.6833609938621521
4700000256.0,-0.6513553261756897
4700937728.0,-0.6197382807731628
4701875200.0,-0.5883206725120544
4702812672.0,-0.5576657056808472
4703750144.0,-0.5276781320571899
4704687616.0,-0.49929434061050415
4705625088.0,-0.4717794358730316
4706562560.0,-0.4454684555530548
4707500032.0,-0.42054715752601624
4708437504.0,-0.3964134752750397
4709374976.0,-0.37426984310150146
4710312448.0,-0.3542623817920685
4711249920.0,-0.3343336284160614
4712187392.0,-0.3183738589286804
4713124864.0,-0.30342167615890503
4714062336.0,-0.29006463289260864
4714999808.0,-0.2789930999279022
4715937280.0,-0.2693599462509155
4716874752.0,-0.2617870569229126
4717812736.0,-0.25737324357032776
4718750208.0,-0.2546592652797699
4719687680.0,-0.2528195083141327
4720625152.0,-0.2535635232925415
4721562624.0,-0.2562476396560669
4722500096.0,-0.26143816113471985
4723437568.0,-0.2674899697303772
4724375040.0,-0.2754022479057312
4725312512.0,-0.28490057587623596
4726249984.0,-0.29501286149024963
4727187456.0,-0.3078194856643677
4728124928.0,-0.3225332498550415
4729062400.0,-0.3370213508605957
4729999872.0,-0.3531848192214966
4730937344.0,-0.36992117762565613
4731874816.0,-0.38685932755470276
4732812288.0,-0.4047943353652954
4733749760.0,-0.4225221872329712
4734687744.0,-0.4398818910121918
4735625216.0,-0.4579240381717682
4736562688.0,-0.47635403275489807
4737500160.0,-0.4939427673816681
4738437632.0,-0.511466383934021
4739375104.0,-0.5287631154060364
4740312576.0,-0.5437621474266052
4741250048.0,-0.5589091777801514
4742187520.0,-0.5722312927246094
4743124992.0,-0.5836705565452576
4744062464.0,-0.5937554240226746
4744999936.0,-0.602164089679718
4745937408.0,-0.6094022989273071
4746874880.0,-0.4230833649635315
4747812352.0,-0.42315006256103516
4748749824.0,-0.4215552806854248
4749687296.0,-0.4205576479434967
4750624768.0,-0.41998401284217834
4751562752.0,-0.4157852530479431
4752500224.0,-0.41345393657684326
4753437696.0,-0.41035136580467224
4754375168.0,-0.4066994786262512
4755312640.0,-0.40160590410232544
4756250112.0,-0.3975740075111389
4757187584.0,-0.3924393355846405
4758125056.0,-0.3869111239910126
4759062528.0,-0.380206823348999
4760000000.0,-0.37353160977363586
4760937472.0,-0.3667769134044647
4761874944.0,-0.3583153486251831
4762812416.0,-0.349835604429245
4763749888.0,-0.33964234590530396
4764687360.0,-0.3292476534843445
4765624832.0,-0.320419579744339
4766562304.0,-0.30843493342399597
4767499776.0,-0.29718783497810364
4768437248.0,-0.2868109941482544
4769375232.0,-0.2748670279979706
4770312704.0,-0.2609165906906128
4771250176.0,-0.24732041358947754
4772187648.0,-0.2311660498380661
4773125120.0,-0.21593108773231506
4774062592.0,-0.19835536181926727
4775000064.0,-0.18140338361263275
4775937536.0,-0.1624174416065216
4776875008.0,-0.14279888570308685
4777812480.0,-0.12142415344715118
4778749952.0,-0.10123812407255173
4779687424.0,-0.0804201290011406
4780624896.0,-0.060493964701890945
4781562368.0,-0.03892724588513374
4782499840.0,-0.018053555861115456
4783437312.0,0.0019134979229420424
4784374784.0,0.022554898634552956
4785312256.0,0.042383525520563126
4786250240.0,0.061045803129673004
4787187712.0,0.07950697094202042
4788125184.0,0.09767209738492966
4789062656.0,0.11411198228597641
4790000128.0,0.12860724329948425
4790937600.0,0.1426650583744049
4791875072.0,0.15510468184947968
4792812544.0,0.16453662514686584
4793750016.0,0.17184576392173767
4794687488.0,0.1772765815258026
4795624960.0,0.18147927522659302
4796562432.0,0.18262621760368347
4797499904.0,0.18090605735778809
4798437376.0,0.17823703587055206
4799374848.0,0.17072710394859314
4800312320.0,0.1618146449327469
4801249792.0,0.15029656887054443
4802187264.0,0.1357189118862152
4803125248.0,0.1188369169831276
4804062720.0,0.10003025084733963
4805000192.0,0.07839418202638626
4805937664.0,0.05538461357355118
4806875136.0,-0.21502134203910828
4807812608.0,-0.2205444574356079
4808750080.0,-0.22746258974075317
4809687552.0,-0.23264068365097046
4810625024.0,-0.23870472609996796
4811562496.0,-0.2437441051006317
4812499968.0,-0.24951998889446259
4813437440.0,-0.2530158460140228
4814374912.0,-0.256509393453598
4815312384.0,-0.2606648802757263
4816249856.0,-0.26267439126968384
4817187328.0,-0.26445963978767395
4818124800.0,-0.26478394865989685
4819062272.0,-0.2649953365325928
4819999744.0,-0.26441994309425354
4820937728.0,-0.2623695135116577
4821875200.0,-0.2595117688179016
4822812672.0,-0.25534161925315857
4823750144.0,-0.25063005089759827
4824687616.0,-0.244027242064476
4825625088.0,-0.23781365156173706
4826562560.0,-0.22990500926971436
4827500032.0,-0.22056202590465546
4828437504.0,-0.2125561237335205
4829374976.0,-0.20250621438026428
4830312448.0,-0.19179292023181915
4831249920.0,-0.181130051612854
4832187392.0,-0.17045621573925018
4833124864.0,-0.1599956452846527
4834062336.0,-0.1492399275302887
4834999808.0,-0.13873305916786194
4835937280.0,-0.12828147411346436
4836874752.0,-0.11934246122837067
4837812736.0,-0.10997571051120758
4838750208.0,-0.10158686339855194
4839687680.0,-0.09451916068792343
4840625152.0,-0.08784344047307968
4841562624.0,-0.08336908370256424
4842500096.0,-0.07903135567903519
4843437568.0,-0.0768989697098732
4844375040.0,-0.07607226073741913
4845312512.0,-0.07678758352994919
4846249984.0,-0.07854937762022018
4847187456.0,-0.08191108703613281
4848124928.0,-0.0878821536898613
4849062400.0,-0.09341654926538467
4849999872.0,-0.10081497579813004
4850937344.0,-0.11091634631156921
4851874816.0,-0.12059080600738525
4852812288.0,-0.132671520113945
4853749760.0,-0.14573734998703003
4854687744.0,-0.159146249294281
4855625216.0,-0.1726362407207489
4856562688.0,-0.18767178058624268
4857500160.0,-0.20211674273014069
4858437632.0,-0.2175031155347824
4859375104.0,-0.23192888498306274
4860312576.0,-0.2460624724626541
4861250048.0,-0.2595394551753998
4862187520.0,-0.2726305425167084
4863124992.0,-0.28300443291664124
4864062464.0,-0.29384779930114746
4864999936.0,-0.3021155595779419
4865937408.0,-0.3094845712184906
4866874880.0,-0.29319775104522705
4867812352.0,-0.300679475069046
4868749824.0,-0.30672818422317505
4869687296.0,-0.3120568096637726
4870624768.0,-0.31656891107559204
4871562752.0,-0.31992754340171814
4872500224.0,-0.32194143533706665
4873437696.0,-0.32327842712402344
4874375168.0,-0.32217276096343994
4875312640.0,-0.3222721815109253
4876250112.0,-0.3193846344947815
4877187584.0,-0.31598007678985596
4878125056.0,-0.31211042404174805
4879062528.0,-0.30696767568588257
4880000000.0,-0.30049437284469604
4880937472.0,-0.29405227303504944
4881874944.0,-0.28667157888412476
4882812416.0,-0.27837735414505005
4883749888.0,-0.26851600408554077
4884687360.0,-0.25792497396469116
4885624832.0,-0.24789555370807648
4886562304.0,-0.23643477261066437
4887499776.0,-0.22365909814834595
4888437248.0,-0.2112920731306076
4889375232.0,-0.1981322318315506
4890312704.0,-0.18481209874153137
4891250176.0,-0.17099863290786743
4892187648.0,-0.1570643037557602
4893125120.0,-0.1428922861814499
4894062592.0,-0.1293126493692398
4895000064.0,-0.1151483878493309
4895937536.0,-0.10083089768886566
4896875008.0,-0.08706676959991455
4897812480.0,-0.07383853942155838
4898749952.0,-0.05977541580796242
4899687424.0,-0.04666219279170036
4900624896.0,-0.03541028872132301
4901562368.0,-0.02520277164876461
4902499840.0,-0.014905834570527077
4903437312.0,-0.0073052360676229
4904374784.0,0.0003659442882053554
4905312256.0,0.006438623182475567
4906250240.0,0.009865331463515759
4907187712.0,0.014255563728511333
4908125184.0,0.016940677538514137
4909062656.0,0.016309386119246483
4910000128.0,0.015963999554514885
4910937600.0,0.01324621494859457
4911875072.0,0.01100197620689869
4912812544.0,0.006116386502981186
4913750016.0,0.0008746125968173146
4914687488.0,-0.006156593095511198
4915624960.0,-0.013045772910118103
4916562432.0,-0.0212300643324852
4917499904.0,-0.03047305904328823
4918437376.0,-0.0400242879986763
4919374848.0,-0.051424089819192886
4920312320.0,-0.062271952629089355
4921249792.0,-0.07331578433513641
4922187264.0,-0.08545483648777008
4923125248.0,-0.09802015125751495
4924062720.0,-0.11075913161039352
4925000192.0,-0.1232602596282959
4925937664.0,-0.17999178171157837
4926875136.0,-0.18085306882858276
4927812608.0,-0.18151970207691193
4928750080.0,-0.18219467997550964
4929687552.0,-0.18324778974056244
4930625024.0,-0.18356138467788696
4931562496.0,-0.1829841583967209
4932499968.0,-0.18316024541854858
4933437440.0,-0.18165254592895508
4934374912.0,-0.1786562204360962
4935312384.0,-0.17786362767219543
4936249856.0,-0.1750795543193817
4937187328.0,-0.17084842920303345
4938124800.0,-0.1680508702993393
4939062272.0,-0.16309572756290436
4940000256.0,-0.15712140500545502
4940937728.0,-0.15054909884929657
4941875200.0,-0.14380718767642975
4942812672.0,-0.13567860424518585
4943750144.0,-0.12801623344421387
4944687616.0,-0.11816269159317017
4945625088.0,-0.10950106382369995
4946562560.0,-0.09965229779481888
4947500032.0,-0.0903065949678421
4948437504.0,-0.07984089106321335
4949374976.0,-0.06976313889026642
4950312448.0,-0.058281198143959045
4951249920.0,-0.047666311264038086
4952187392.0,-0.035923123359680176
4953124864.0,-0.02603689208626747
4954062336.0,-0.014384057372808456
4954999808.0,-0.004684148356318474
4955937280.0,0.004852514714002609
4956874752.0,0.014609016478061676
4957812736.0,0.022837189957499504
4958750208.0,0.030252236872911453
4959687680.0,0.03760727494955063
4960625152.0,0.04303641617298126
4961562624.0,0.04858199134469032
4962500096.0,0.052575986832380295
4963437568.0,0.05570433661341667
4964375040.0,0.05864373967051506
4965312512.0,0.05845383554697037
4966249984.0,0.05821187049150467
4967187456.0,0.057661429047584534
4968124928.0,0.053950969129800797
4969062400.0,0.050812240689992905
4969999872.0,0.04578743129968643
4970937344.0,0.039083562791347504
4971874816.0,0.03319723159074783
4972812288.0,0.0248909629881382
4973749760.0,0.01688118651509285
4974687744.0,0.007823966443538666
4975625216.0,-0.001643296331167221
4976562688.0,-0.01104483287781477
4977500160.0,-0.021445011720061302
4978437632.0,-0.030980724841356277
4979375104.0,-0.04136708378791809
4980312576.0,-0.051307834684848785
4981250048.0,-0.06117020919919014
4982187520.0,-0.07058741897344589
4983124992.0,-0.07972029596567154
4984062464.0,-0.08792312443256378
4984999936.0,-0.09711118787527084
4985937408.0,-0.13994790613651276
4986874880.0,-0.1502307802438736
4987812352.0,-0.15843261778354645
4988749824.0,-0.1674555242061615
4989687296.0,-0.17333266139030457
4990624768.0,-0.1778346300125122
4991562752.0,-0.18280743062496185
4992500224.0,-0.18499049544334412
4993437696.0,-0.18594986200332642
4994375168.0,-0.18587657809257507
4995312640.0,-0.18592262268066406
4996250112.0,-0.1824527233839035
4997187584.0,-0.1792534589767456
4998125056.0,-0.17456494271755219
4999062528.0,-0.16852514445781708
5000000000.0,-0.16167768836021423
5000937472.0,-0.15226072072982788
5001874944.0,-0.14395545423030853
5002812416.0,-0.13396677374839783
5003749888.0,-0.12376268953084946
5004687360.0,-0.11268112063407898
5005624832.0,-0.10077443718910217
5006562304.0,-0.08906359225511551
5007499776.0,-0.07659053802490234
5008437248.0,-0.06453588604927063
5009375232.0,-0.05285508185625076
5010312704.0,-0.04140974581241608
5011250176.0,-0.029410256072878838
5012187648.0,-0.018430102616548538
5013125120.0,-0.007286471780389547
5014062592.0,0.0028720551636070013
5015000064.0,0.01265744399279356
5015937536.0,0.021114639937877655
5016875008.0,0.029052628204226494
5017812480.0,0.035223983228206635
5018749952.0,0.04217027500271797
5019687424.0,0.0475548580288887
5020624896.0,0.05208420380949974
5021562368.0,0.05520717427134514
5022499840.0,0.05797398090362549
5023437312.0,0.06017601117491722
5024374784.0,0.06154878810048103
5025312256.0,0.062000710517168045
5026250240.0,0.06051712483167648
5027187712.0,0.05942607671022415
5028125184.0,0.05724598467350006
5029062656.0,0.053770873695611954
5030000128.0,0.0487837940454483
5030937600.0,0.04375867545604706
5031875072.0,0.038456570357084274
5032812544.0,0.03197205066680908
5033750016.0,0.024307329207658768
5034687488.0,0.017914392054080963
5035624960.0,0.010356271639466286
5036562432.0,0.00080095324665308
5037499904.0,-0.006523551419377327
5038437376.0,-0.014945244416594505
5039374848.0,-0.022665075957775116
5040312320.0,-0.03142784535884857
5041249792.0,-0.03995518758893013
5042187264.0,-0.04893891513347626
5043125248.0,-0.05720078945159912
5044062720.0,-0.06609859317541122
5045000192.0,-0.07411850988864899
5045937664.0,-0.09202764928340912
5046875136.0,-0.10093783587217331
5047812608.0,-0.10897988826036453
5048750080.0,-0.11656109243631363
5049687552.0,-0.1240973025560379
5050625024.0,-0.13057874143123627
5051562496.0,-0.1368158459663391
5052499968.0,-0.14278076589107513
5053437440.0,-0.14818252623081207
5054374912.0,-0.15329311788082123
5055312384.0,-0.1573013961315155
5056249856.0,-0.16003571450710297
5057187328.0,-0.16338905692100525
5058124800.0,-0.16448810696601868
5059062272.0,-0.16597802937030792
5059999744.0,-0.1658213585615158
5060937728.0,-0.16614851355552673
5061875200.0,-0.16601376235485077
5062812672.0,-0.16413874924182892
5063750144.0,-0.16239497065544128
5064687616.0,-0.15945272147655487
5065625088.0,-0.1553298979997635
5066562560.0,-0.15024946630001068
5067500032.0,-0.1454114317893982
5068437504.0,-0.13904635608196259
5069374976.0,-0.1327163726091385
5070312448.0,-0.12656104564666748
5071249920.0,-0.11856286972761154
5072187392.0,-0.11227282136678696
5073124864.0,-0.10588718205690384
5074062336.0,-0.09817428886890411
5074999808.0,-0.09186911582946777
5075937280.0,-0.08465642482042313
5076874752.0,-0.07764174044132233
5077812736.0,-0.07190743088722229
5078750208.0,-0.06490837782621384
5079687680.0,-0.058889131993055344
5080625152.0,-0.052316635847091675
5081562624.0,-0.04729314148426056
5082500096.0,-0.04163909703493118
5083437568.0,-0.03672030568122864
5084375040.0,-0.03317105025053024
5085312512.0,-0.02994249202311039
5086249984.0,-0.02668027952313423
5087187456.0,-0.024237778037786484
5088124928.0,-0.02202228456735611
5089062400.0,-0.021053314208984375
5089999872.0,-0.01952708698809147
5090937344.0,-0.01804332248866558
5091874816.0,-0.019543567672371864
5092812288.0,-0.018587231636047363
5093749760.0,-0.019847339019179344
5094687744.0,-0.021573776379227638
5095625216.0,-0.02330050989985466
5096562688.0,-0.025028860196471214
5097500160.0,-0.02835959568619728
5098437632.0,-0.031525902450084686
5099375104.0,-0.0345936045050621
5100312576.0,-0.03888179734349251
5101250048.0,-0.04259030148386955
5102187520.0,-0.04496036842465401
5103124992.0,-0.049864303320646286
5104062464.0,-0.05309883877635002
5104999936.0,-0.05763328820466995
5105937408.0,-0.1306186020374298
5106874880.0,-0.1358591467142105
5107812352.0,-0.14096415042877197
5108749824.0,-0.1448780745267868
5109687296.0,-0.1480337679386139
5110624768.0,-0.15144196152687073
5111562752.0,-0.1528821438550949
5112500224.0,-0.15331825613975525
5113437696.0,-0.15288639068603516
5114375168.0,-0.15286625921726227
5115312640.0,-0.15092161297798157
5116250112.0,-0.15033654868602753
5117187584.0,-0.1471877098083496
5118125056.0,-0.14338809251785278
5119062528.0,-0.13924120366573334
5120000000.0,-0.13455672562122345
5120937472.0,-0.13028889894485474
5121874944.0,-0.1250286102294922
5122812416.0,-0.12077885866165161
5123749888.0,-0.11558651179075241
5124687360.0,-0.11001193523406982
5125624832.0,-0.10430281609296799
5126562304.0,-0.10031494498252869
5127499776.0,-0.09453965723514557
5128437248.0,-0.08978945761919022
5129375232.0,-0.08527600765228271
5130312704.0,-0.08072085678577423
5131250176.0,-0.07525042444467545
5132187648.0,-0.07007215917110443
5133125120.0,-0.0655437558889389
5134062592.0,-0.06155544891953468
5135000064.0,-0.057063475251197815
5135937536.0,-0.05490116775035858
5136875008.0,-0.05137874186038971
5137812480.0,-0.049760088324546814
5138749952.0,-0.04836780205368996
5139687424.0,-0.04755934327840805
5140624896.0,-0.0469759926199913
5141562368.0,-0.04674824699759483
5142499840.0,-0.04774431139230728
5143437312.0,-0.04924070090055466
5144374784.0,-0.05027153715491295
5145312256.0,-0.05405271798372269
5146250240.0,-0.05737240985035896
5147187712.0,-0.06128475069999695
5148125184.0,-0.06558745354413986
5149062656.0,-0.07006562501192093
5150000128.0,-0.07389329373836517
5150937600.0,-0.07919955998659134
5151875072.0,-0.085020050406456
5152812544.0,-0.08957766741514206
5153750016.0,-0.09638586640357971
5154687488.0,-0.10428803414106369
5155624960.0,-0.10990070551633835
5156562432.0,-0.11861781030893326
5157499904.0,-0.1270453780889511
5158437376.0,-0.13463841378688812
5159374848.0,-0.14325030148029327
5160312320.0,-0.15154294669628143
5161249792.0,-0.16007138788700104
5162187264.0,-0.1685304343700409
5163125248.0,-0.1773650348186493
5164062720.0,-0.1860344409942627
5165000192.0,-0.19557951390743256
5165937664.0,-0.194400355219841
5166875136.0,-0.20621614158153534
5167812608.0,-0.2158687561750412
5168750080.0,-0.2250966876745224
5169687552.0,-0.23236238956451416
5170625024.0,-0.23940761387348175
5171562496.0,-0.24401257932186127
5172499968.0,-0.2485620081424713
5173437440.0,-0.25104963779449463
5174374912.0,-0.25272420048713684
5175312384.0,-0.2531244158744812
5176249856.0,-0.2527172863483429
5177187328.0,-0.24978949129581451
5178124800.0,-0.24551324546337128
5179062272.0,-0.2410190999507904
5180000256.0,-0.2346070110797882
5180937728.0,-0.22745083272457123
5181875200.0,-0.21855783462524414
5182812672.0,-0.2106209695339203
5183750144.0,-0.20089009404182434
5184687616.0,-0.19037491083145142
5185625088.0,-0.18038366734981537
5186562560.0,-0.16795426607131958
5187500032.0,-0.15626542270183563
5188437504.0,-0.14354145526885986
5189374976.0,-0.13080082833766937
5190312448.0,-0.1173451691865921
5191249920.0,-0.10455302894115448
5192187392.0,-0.09161145240068436
5193124864.0,-0.07888533920049667
5194062336.0,-0.06490036845207214
5194999808.0,-0.05302109569311142
5195937280.0,-0.040806207805871964
5196874752.0,-0.02894674986600876
5197812736.0,-0.019028419628739357
5198750208.0,-0.009417424909770489
5199687680.0,-0.0005598134594038129
5200625152.0,0.006999102421104908
5201562624.0,0.012245502322912216
5202500096.0,0.017640110105276108
5203437568.0,0.021707875654101372
5204375040.0,0.02360224723815918
5205312512.0,0.0254532378166914
5206249984.0,0.02586633712053299
5207187456.0,0.025099530816078186
5208124928.0,0.022030368447303772
5209062400.0,0.01858002506196499
5209999872.0,0.013543270528316498
5210937344.0,0.006808156613260508
5211874816.0,-0.00031625316478312016
5212812288.0,-0.00803941860795021
5213749760.0,-0.017614053562283516
5214687744.0,-0.028819797560572624
5215625216.0,-0.04087095707654953
5216562688.0,-0.053862303495407104
5217500160.0,-0.06700323522090912
5218437632.0,-0.08166276663541794
5219375104.0,-0.09864068776369095
5220312576.0,-0.11468365788459778
5221250048.0,-0.1296757310628891
5222187520.0,-0.14676134288311005
5223124992.0,-0.16394448280334473
5224062464.0,-0.18001747131347656
5224999936.0,-0.19730468094348907
5225937408.0,-0.20827071368694305
5226874880.0,-0.22248052060604095
5227812352.0,-0.23671722412109375
5228749824.0,-0.24829040467739105
5229687296.0,-0.258821964263916
5230624768.0,-0.2693120539188385
5231562752.0,-0.2786489725112915
5232500224.0,-0.28593453764915466
5233437696.0,-0.2903563380241394
5234375168.0,-0.29360875487327576
5235312640.0,-0.2945083677768707
5236250112.0,-0.2934246063232422
5237187584.0,-0.2903688848018646
5238125056.0,-0.2858078181743622
5239062528.0,-0.2781517803668976
5240000000.0,-0.27086398005485535
5240937472.0,-0.2607899010181427
5241874944.0,-0.24936971068382263
5242812416.0,-0.23749862611293793
5243749888.0,-0.22317489981651306
5244687360.0,-0.20785033702850342
5245624832.0,-0.19082896411418915
5246562304.0,-0.1742284893989563
5247499776.0,-0.15670019388198853
5248437248.0,-0.13957032561302185
5249375232.0,-0.1223275288939476
5250312704.0,-0.10453696548938751
5251250176.0,-0.08803803473711014
5252187648.0,-0.07091448456048965
5253125120.0,-0.05421743169426918
5254062592.0,-0.037371281534433365
5255000064.0,-0.022606754675507545
5255937536.0,-0.008910366334021091
5256875008.0,0.004295504651963711
5257812480.0,0.017566706985235214
5258749952.0,0.02716263383626938
5259687424.0,0.03630831465125084
5260624896.0,0.043880533427000046
5261562368.0,0.05051564425230026
5262499840.0,0.05460139364004135
5263437312.0,0.05821694806218147
5264374784.0,0.05973945930600166
5265312256.0,0.06067829206585884
5266250240.0,0.06058246269822121
5267187712.0,0.05861427262425423
5268125184.0,0.054980307817459106
5269062656.0,0.04980485886335373
5270000128.0,0.04347417876124382
5270937600.0,0.03538602218031883
5271875072.0,0.026588687673211098
5272812544.0,0.01679086498916149
5273750016.0,0.00659111887216568
5274687488.0,-0.005341372452676296
5275624960.0,-0.01812933012843132
5276562432.0,-0.0312989167869091
5277499904.0,-0.04608764499425888
5278437376.0,-0.06168387085199356
5279374848.0,-0.07745791226625443
5280312320.0,-0.09336961805820465
5281249792.0,-0.1093674972653389
5282187264.0,-0.12496628612279892
5283125248.0,-0.14087077975273132
5284062720.0,-0.1570211797952652
5285000192.0,-0.17178092896938324
5285937664.0,-0.1995600461959839
5286875136.0,-0.2136029452085495
5287812608.0,-0.22836267948150635
5288750080.0,-0.24151378870010376
5289687552.0,-0.25571200251579285
5290625024.0,-0.26871970295906067
5291562496.0,-0.28065863251686096
5292499968.0,-0.29441601037979126
5293437440.0,-0.30711671710014343
5294374912.0,-0.3188996911048889
5295312384.0,-0.32970014214515686
5296249856.0,-0.3390849530696869
5297187328.0,-0.3472904562950134
5298124800.0,-0.35259655117988586
5299062272.0,-0.3576960265636444
5299999744.0,-0.3599611520767212
5300937728.0,-0.36287736892700195
5301875200.0,-0.3635914623737335
5302812672.0,-0.36403214931488037
5303750144.0,-0.361866295337677
5304687616.0,-0.35873499512672424
5305625088.0,-0.35434871912002563
5306562560.0,-0.3485352396965027
5307500032.0,-0.3396967649459839
5308437504.0,-0.33026939630508423
5309374976.0,-0.3212524354457855
5310312448.0,-0.30758509039878845
5311249920.0,-0.2948227822780609
5312187392.0,-0.2805508077144623
5313124864.0,-0.2672753632068634
5314062336.0,-0.25005537271499634
5314999808.0,-0.2335767298936844
5315937280.0,-0.21809051930904388
5316874752.0,-0.20063768327236176
5317812736.0,-0.18246234953403473
5318750208.0,-0.16406728327274323
5319687680.0,-0.14590175449848175
5320625152.0,-0.12734687328338623
5321562624.0,-0.1094609946012497
5322500096.0,-0.09103701263666153
5323437568.0,-0.07355611771345139
5324375040.0,-0.05695464834570885
5325312512.0,-0.041130535304546356
5326249984.0,-0.026077140122652054
5327187456.0,-0.011976654641330242
5328124928.0,0.0017441303934901953
5329062400.0,0.014194157905876637
5329999872.0,0.02489349991083145
5330937344.0,0.03601137548685074
5331874816.0,0.04660385847091675
5332812288.0,0.051105938851833344
5333749760.0,0.05436846986413002
5334687744.0,0.05554017052054405
5335625216.0,0.05513852834701538
5336562688.0,0.052039984613657
5337500160.0,0.046317774802446365
5338437632.0,0.039854180067777634
5339375104.0,0.03110022470355034
5340312576.0,0.019607767462730408
5341250048.0,0.006336590740829706
5342187520.0,-0.009353572502732277
5343124992.0,-0.0263202004134655
5344062464.0,-0.04642777144908905
5344999936.0,-0.06716717779636383
5345937408.0,-0.3455144166946411
5346874880.0,-0.36056455969810486
5347812352.0,-0.3745060861110687
5348749824.0,-0.38841181993484497
5349687296.0,-0.4003318250179291
5350624768.0,-0.4113062024116516
5351562752.0,-0.42108821868896484
5352500224.0,-0.43151503801345825
5353437696.0,-0.43832463026046753
5354375168.0,-0.44591954350471497
5355312640.0,-0.4515427350997925
5356250112.0,-0.4548388123512268
5357187584.0,-0.4570885896682739
5358125056.0,-0.4582569897174835
5359062528.0,-0.4556497037410736
5360000000.0,-0.4533904790878296
5360937472.0,-0.448635071516037
5361874944.0,-0.44147324562072754
5362812416.0,-0.4337184429168701
5363749888.0,-0.42364344000816345
5364687360.0,-0.4130863845348358
5365624832.0,-0.40036603808403015
5366562304.0,-0.38698381185531616
5367499776.0,-0.3730694055557251
5368437248.0,-0.3575325906276703
5369375232.0,-0.3414624035358429
5370312704.0,-0.32560285925865173
5371250176.0,-0.30858859419822693
5372187648.0,-0.2909628748893738
5373125120.0,-0.2729828953742981
5374062592.0,-0.25395214557647705
5375000064.0,-0.23618803918361664
5375937536.0,-0.21669994294643402
5376875008.0,-0.1989944875240326
5377812480.0,-0.18056292831897736
5378749952.0,-0.16340509057044983
5379687424.0,-0.14575624465942383
5380624896.0,-0.13055188953876495
5381562368.0,-0.11521152406930923
5382499840.0,-0.10142987966537476
5383437312.0,-0.0877964198589325
5384374784.0,-0.07490960508584976
5385312256.0,-0.0655176192522049
5386250240.0,-0.056349802762269974
5387187712.0,-0.04981480911374092
5388125184.0,-0.04621702432632446
5389062656.0,-0.04532036557793617
5390000128.0,-0.04569253697991371
5390937600.0,-0.04930990934371948
5391875072.0,-0.05443459376692772
5392812544.0,-0.06081138178706169
5393750016.0,-0.07108546793460846
5394687488.0,-0.08303896337747574
5395624960.0,-0.09655199944972992
5396562432.0,-0.11290550976991653
5397499904.0,-0.12996216118335724
5398437376.0,-0.1487271934747696
5399374848.0,-0.16781140863895416
5400312320.0,-0.18852049112319946
5401249792.0,-0.20838218927383423
5402187264.0,-0.22893446683883667
5403125248.0,-0.2509945034980774
5404062720.0,-0.2732788026332855
5405000192.0,-0.29367324709892273
5405937664.0,-0.3339342176914215
5406875136.0,-0.3491164743900299
5407812608.0,-0.36255669593811035
5408750080.0,-0.37465646862983704
5409687552.0,-0.3853623569011688
5410625024.0,-0.39360249042510986
5411562496.0,-0.39857217669487
5412499968.0,-0.4035574197769165
5413437440.0,-0.4034424126148224
5414374912.0,-0.4012141227722168
5415312384.0,-0.3962709605693817
5416249856.0,-0.3886205852031708
5417187328.0,-0.37887388467788696
5418124800.0,-0.3668365776538849
5419062272.0,-0.3524172008037567
5420000256.0,-0.3370264768600464
5420937728.0,-0.32036012411117554
5421875200.0,-0.3015572428703308
5422812672.0,-0.2821986675262451
5423750144.0,-0.26154547929763794
5424687616.0,-0.24025951325893402
5425625088.0,-0.21865975856781006
5426562560.0,-0.19628414511680603
5427500032.0,-0.17352144420146942
5428437504.0,-0.15252748131752014
5429374976.0,-0.13102328777313232
5430312448.0,-0.1108514741063118
5431249920.0,-0.09189863502979279
5432187392.0,-0.07372309267520905
5433124864.0,-0.05748874694108963
5434062336.0,-0.04316260665655136
5434999808.0,-0.030850166454911232
5435937280.0,-0.019829973578453064
5436874752.0,-0.012440402992069721
5437812736.0,-0.005005816463381052
5438750208.0,-0.0008771854918450117
5439687680.0,0.0009579916368238628
5440625152.0,-0.0004056640900671482
5441562624.0,-0.004935287870466709
5442500096.0,-0.011365131475031376
5443437568.0,-0.01962662674486637
5444375040.0,-0.03178834915161133
5445312512.0,-0.04631274193525314
5446249984.0,-0.0620075985789299
5447187456.0,-0.08043339103460312
5448124928.0,-0.10068519413471222
5449062400.0,-0.12251588702201843
5449999872.0,-0.1464533656835556
5450937344.0,-0.17200027406215668
5451874816.0,-0.19847150146961212
5452812288.0,-0.2266010344028473
5453749760.0,-0.25401610136032104
5454687744.0,-0.28475046157836914
5455625216.0,-0.3142184019088745
5456562688.0,-0.34208622574806213
5457500160.0,-0.3707231283187866
5458437632.0,-0.39697209000587463
5459375104.0,-0.4218383729457855
5460312576.0,-0.4462690055370331
5461250048.0,-0.4675000011920929
5462187520.0,-0.48734578490257263
5463124992.0,-0.506420910358429
5464062464.0,-0.5232434868812561
5464999936.0,-0.5365252494812012
5465937408.0,-0.45815926790237427
5466874880.0,-0.4719105064868927
5467812352.0,-0.48420625925064087
5468749824.0,-0.49346402287483215
5469687296.0,-0.5008953809738159
5470624768.0,-0.505469560623169
5471562752.0,-0.5080398917198181
5472500224.0,-0.5082657933235168
5473437696.0,-0.5050030946731567
5474375168.0,-0.4982353746891022
5475312640.0,-0.49109378457069397
5476250112.0,-0.48023319244384766
5477187584.0,-0.467958003282547
5478125056.0,-0.45299044251441956
5479062528.0,-0.4371500015258789
5480000000.0,-0.41817954182624817
5480937472.0,-0.39956605434417725
5481874944.0,-0.37930530309677124
5482812416.0,-0.35826078057289124
5483749888.0,-0.33608999848365784
5484687360.0,-0.3148035705089569
5485624832.0,-0.2949192225933075
5486562304.0,-0.27396032214164734
5487499776.0,-0.2543186843395233
5488437248.0,-0.23477286100387573
5489375232.0,-0.21507306396961212
5490312704.0,-0.19868913292884827
5491250176.0,-0.18291696906089783
5492187648.0,-0.17008940875530243
5493125120.0,-0.15920120477676392
5494062592.0,-0.15080207586288452
5495000064.0,-0.144729346036911
5495937536.0,-0.1409500539302826
5496875008.0,-0.13931283354759216
5497812480.0,-0.13976578414440155
5498749952.0,-0.14349183440208435
5499687424.0,-0.15035387873649597
5500624896.0,-0.15941846370697021
5501562368.0,-0.17127478122711182
5502499840.0,-0.18645580112934113
5503437312.0,-0.2038210779428482
5504374784.0,-0.2238122522830963
5505312256.0,-0.24560801684856415
5506250240.0,-0.26991015672683716
5507187712.0,-0.29556170105934143
5508125184.0,-0.32274892926216125
5509062656.0,-0.3515810966491699
5510000128.0,-0.38123804330825806
5510937600.0,-0.41354480385780334
5511875072.0,-0.446431964635849
5512812544.0,-0.48116418719291687
5513750016.0,-0.5140329599380493
5514687488.0,-0.5476323366165161
5515624960.0,-0.5806799530982971
5516562432.0,-0.6129353642463684
5517499904.0,-0.646069347858429
5518437376.0,-0.6779553294181824
5519374848.0,-0.7088486552238464
5520312320.0,-0.7404878735542297
5521249792.0,-0.7691484689712524
5522187264.0,-0.7994662523269653
5523125248.0,-0.8295424580574036
5524062720.0,-0.8568411469459534
5525000192.0,-0.8866965770721436
5525937664.0,-0.7466251254081726
5526875136.0,-0.7604290843009949
5527812608.0,-0.774691104888916
5528750080.0,-0.7905884981155396
5529687552.0,-0.8085010647773743
5530625024.0,-0.8258930444717407
5531562496.0,-0.8451219201087952
5532499968.0,-0.8650498986244202
5533437440.0,-0.8858047723770142
5534374912.0,-0.9080630540847778
5535312384.0,-0.9305164217948914
5536249856.0,-0.9526532888412476
5537187328.0,-0.9751787781715393
5538124800.0,-0.9971420168876648
5539062272.0,-1.019301414489746
5539999744.0,-1.0402454137802124
5540937728.0,-1.0572870969772339
5541875200.0,-1.0726165771484375
5542812672.0,-1.084279179573059
5543750144.0,-1.0910556316375732
5544687616.0,-1.092847466468811
5545625088.0,-1.091284155845642
5546562560.0,-1.0845500230789185
5547500032.0,-1.0744377374649048
5548437504.0,-1.0598158836364746
5549374976.0,-1.040608525276184
5550312448.0,-1.01986825466156
5551249920.0,-0.9945136904716492
5552187392.0,-0.9669047594070435
5553124864.0,-0.9382244944572449
5554062336.0,-0.9068689942359924
5554999808.0,-0.8747562766075134
5555937280.0,-0.843390941619873
5556874752.0,-0.8097416758537292
5557812736.0,-0.7792172431945801
5558750208.0,-0.7479525804519653
5559687680.0,-0.719616711139679
5560625152.0,-0.6911244988441467
5561562624.0,-0.6651912331581116
5562500096.0,-0.6402159929275513
5563437568.0,-0.6194050312042236
5564375040.0,-0.600238025188446
5565312512.0,-0.583663821220398
5566249984.0,-0.5691965818405151
5567187456.0,-0.5561859011650085
5568124928.0,-0.5444403886795044
5569062400.0,-0.5330294966697693
5569999872.0,-0.5212492346763611
5570937344.0,-0.51011061668396
5571874816.0,-0.4991454780101776
5572812288.0,-0.4896644055843353
5573749760.0,-0.47986888885498047
5574687744.0,-0.4720143675804138
5575625216.0,-0.46489959955215454
5576562688.0,-0.4588286876678467
5577500160.0,-0.45412442088127136
5578437632.0,-0.45087361335754395
5579375104.0,-0.4489766061306
5580312576.0,-0.4488433599472046
5581250048.0,-0.44984135031700134
5582187520.0,-0.4510858654975891
5583124992.0,-0.4532482326030731
5584062464.0,-0.4547051191329956
5584999936.0,-0.4572215974330902
5585937408.0,-0.43183812499046326
5586874880.0,-0.4218560755252838
5587812352.0,-0.4099232256412506
5588749824.0,-0.3961363732814789
5589687296.0,-0.38197654485702515
5590624768.0,-0.3658653497695923
5591562752.0,-0.34933874011039734
5592500224.0,-0.3320835828781128
5593437696.0,-0.3135340213775635
5594375168.0,-0.2945416271686554
5595312640.0,-0.2750660479068756
5596250112.0,-0.2547168731689453
5597187584.0,-0.2351001352071762
5598125056.0,-0.215182825922966
5599062528.0,-0.19635528326034546
5600000000.0,-0.1780872792005539
5600937472.0,-0.16063176095485687
5601874944.0,-0.14334730803966522
5602812416.0,-0.12708614766597748
5603749888.0,-0.11294402182102203
5604687360.0,-0.10068139433860779
5605624832.0,-0.08861443400382996
5606562304.0,-0.07857921719551086
5607499776.0,-0.07156122475862503
5608437248.0,-0.06446321308612823
5609375232.0,-0.0597417913377285
5610312704.0,-0.056922946125268936
5611250176.0,-0.055353403091430664
5612187648.0,-0.055979177355766296
5613125120.0,-0.05793621763586998
5614062592.0,-0.06170153245329857
5615000064.0,-0.06656894832849503
5615937536.0,-0.07308761030435562
5616875008.0,-0.08162806928157806
5617812480.0,-0.09084364026784897
5618749952.0,-0.10121909528970718
5619687424.0,-0.11331208050251007
5620624896.0,-0.1257491409778595
5621562368.0,-0.1384367048740387
5622499840.0,-0.15083763003349304
5623437312.0,-0.1657698005437851
5624374784.0,-0.17980515956878662
5625312256.0,-0.19284889101982117
5626250240.0,-0.20651964843273163
5627187712.0,-0.21916978061199188
5628125184.0,-0.23186177015304565
5629062656.0,-0.24250580370426178
5630000128.0,-0.2529710531234741
5630937600.0,-0.2621574401855469
5631875072.0,-0.26901936531066895
5632812544.0,-0.2755352258682251
5633750016.0,-0.280021071434021
5634687488.0,-0.28348517417907715
5635624960.0,-0.28373172879219055
5636562432.0,-0.28415608406066895
5637499904.0,-0.2810450792312622
5638437376.0,-0.2770666480064392
5639374848.0,-0.27110379934310913
5640312320.0,-0.26374873518943787
5641249792.0,-0.2553560137748718
5642187264.0,-0.24553407728672028
5643125248.0,-0.23411130905151367
5644062720.0,-0.22181381285190582
5645000192.0,-0.20902708172798157
5645937664.0,-0.18263766169548035
5646875136.0,-0.18567092716693878
5647812608.0,-0.187488853931427
5648750080.0,-0.18816165626049042
5649687552.0,-0.1864970326423645
5650625024.0,-0.18350496888160706
5651562496.0,-0.1803535521030426
5652499968.0,-0.17416496574878693
5653437440.0,-0.16992488503456116
5654374912.0,-0.16196466982364655
5655312384.0,-0.15456655621528625
5656249856.0,-0.1470838189125061
5657187328.0,-0.13903659582138062
5658124800.0,-0.1302759200334549
5659062272.0,-0.12163325399160385
5660000256.0,-0.11430947482585907
5660937728.0,-0.1073371022939682
5661875200.0,-0.10055248439311981
5662812672.0,-0.09478387981653214
5663750144.0,-0.09056822210550308
5664687616.0,-0.08583498001098633
5665625088.0,-0.08207113295793533
5666562560.0,-0.08041154593229294
5667500032.0,-0.0800766572356224
5668437504.0,-0.07940971106290817
5669374976.0,-0.0798453688621521
5670312448.0,-0.08290061354637146
5671249920.0,-0.08505124598741531
5672187392.0,-0.09019988775253296
5673124864.0,-0.0961265042424202
5674062336.0,-0.10211554169654846
5674999808.0,-0.10957735031843185
5675937280.0,-0.11815783381462097
5676874752.0,-0.12561672925949097
5677812736.0,-0.13315072655677795
5678750208.0,-0.14308233559131622
5679687680.0,-0.15168794989585876
5680625152.0,-0.16119125485420227
5681562624.0,-0.16996647417545319
5682500096.0,-0.17903628945350647
5683437568.0,-0.18749789893627167
5684375040.0,-0.19473935663700104
5685312512.0,-0.20255188643932343
5686249984.0,-0.20899398624897003
5687187456.0,-0.21377937495708466
5688124928.0,-0.22007274627685547
5689062400.0,-0.22461189329624176
5689999872.0,-0.22923575341701508
5690937344.0,-0.23420287668704987
5691874816.0,-0.23733076453208923
5692812288.0,-0.24181443452835083
5693749760.0,-0.24440643191337585
5694687744.0,-0.24880462884902954
5695625216.0,-0.25207626819610596
5696562688.0,-0.25554847717285156
5697500160.0,-0.26032692193984985
5698437632.0,-0.2645533084869385
5699375104.0,-0.269596129655838
5700312576.0,-0.27665096521377563
5701250048.0,-0.28357070684432983
5702187520.0,-0.2917090952396393
5703124992.0,-0.3020241856575012
5704062464.0,-0.3110252916812897
5704999936.0,-0.32278114557266235
5705937408.0,-0.21386581659317017
5706874880.0,-0.23451800644397736
5707812352.0,-0.25409579277038574
5708749824.0,-0.27292871475219727
5709687296.0,-0.29150673747062683
5710624768.0,-0.30960097908973694
5711562752.0,-0.32644280791282654
5712500224.0,-0.3403528034687042
5713437696.0,-0.3513120412826538
5714375168.0,-0.3607817590236664
5715312640.0,-0.3656386435031891
5716250112.0,-0.36700236797332764
5717187584.0,-0.36352336406707764
5718125056.0,-0.35623085498809814
5719062528.0,-0.3445990979671478
5720000000.0,-0.3294411301612854
5720937472.0,-0.30909866094589233
5721874944.0,-0.2831673324108124
5722812416.0,-0.25492408871650696
5723749888.0,-0.22199048101902008
5724687360.0,-0.18730467557907104
5725624832.0,-0.1496642529964447
5726562304.0,-0.11022406816482544
5727499776.0,-0.07053656876087189
5728437248.0,-0.02871708944439888
5729375232.0,0.011209709569811821
5730312704.0,0.0502508208155632
5731250176.0,0.08671367168426514
5732187648.0,0.12106312811374664
5733125120.0,0.1526898592710495
5734062592.0,0.18018609285354614
5735000064.0,0.20362737774848938
5735937536.0,0.221627339720726
5736875008.0,0.2360837459564209
5737812480.0,0.2444923222064972
5738749952.0,0.2500273287296295
5739687424.0,0.25004836916923523
5740624896.0,0.24611689150333405
5741562368.0,0.2397110015153885
5742499840.0,0.22944572567939758
5743437312.0,0.2171533852815628
5744374784.0,0.2041894644498825
5745312256.0,0.18918964266777039
5746250240.0,0.1741078943014145
5747187712.0,0.15868259966373444
5748125184.0,0.142906054854393
5749062656.0,0.12782132625579834
5750000128.0,0.1135694682598114
5750937600.0,0.10017655044794083
5751875072.0,0.08683189749717712
5752812544.0,0.07433756440877914
5753750016.0,0.062407031655311584
5754687488.0,0.0512295626103878
5755624960.0,0.035797763615846634
5756562432.0,0.013889770954847336
5757499904.0,-0.009488167241215706
5758437376.0,-0.03602581098675728
5759374848.0,-0.06476522237062454
5760312320.0,-0.09485790133476257
5761249792.0,-0.12513864040374756
5762187264.0,-0.1573408991098404
5763125248.0,-0.19017744064331055
5764062720.0,-0.2208695262670517
5765000192.0,-0.25166216492652893
5765937664.0,-0.17872700095176697
5766875136.0,-0.1864321380853653
5767812608.0,-0.19454802572727203
5768750080.0,-0.20250441133975983
5769687552.0,-0.21125459671020508
5770625024.0,-0.2206171303987503
5771562496.0,-0.23054075241088867
5772499968.0,-0.24086754024028778
5773437440.0,-0.251093327999115
5774374912.0,-0.26161137223243713
5775312384.0,-0.2727910876274109
5776249856.0,-0.2834606170654297
5777187328.0,-0.2934936285018921
5778124800.0,-0.303824245929718
5779062272.0,-0.3162890076637268
5779999744.0,-0.3262888193130493
5780937728.0,-0.33661943674087524
5781875200.0,-0.3482200801372528
5782812672.0,-0.3586144745349884
5783750144.0,-0.3687116205692291
5784687616.0,-0.3787355124950409
5785625088.0,-0.38839587569236755
5786562560.0,-0.39711129665374756
5787500032.0,-0.4036233425140381
5788437504.0,-0.41104817390441895
5789374976.0,-0.4167419970035553
5790312448.0,-0.42016446590423584
5791249920.0,-0.4233229160308838
5792187392.0,-0.4249633848667145
5793124864.0,-0.42470782995224
5794062336.0,-0.42352667450904846
5794999808.0,-0.42166808247566223
5795937280.0,-0.4177708327770233
5796874752.0,-0.41342952847480774
5797812736.0,-0.40739935636520386
5798750208.0,-0.3996385931968689
5799687680.0,-0.39033326506614685
5800625152.0,-0.3796842694282532
5801562624.0,-0.36600735783576965
5802500096.0,-0.35132405161857605
5803437568.0,-0.33644023537635803
5804375040.0,-0.31825071573257446
5805312512.0,-0.30120909214019775
5806249984.0,-0.2818208336830139
5807187456.0,-0.26263803243637085
5808124928.0,-0.24328182637691498
5809062400.0,-0.2232462763786316
5809999872.0,-0.2043779194355011
5810937344.0,-0.18507730960845947
5811874816.0,-0.16518478095531464
5812812288.0,-0.14701029658317566
5813749760.0,-0.1297355443239212
5814687744.0,-0.11376500874757767
5815625216.0,-0.10052698105573654
5816562688.0,-0.08715604990720749
5817500160.0,-0.07617983967065811
5818437632.0,-0.06631174683570862
5819375104.0,-0.058315709233284
5820312576.0,-0.05216735601425171
5821250048.0,-0.04762636497616768
5822187520.0,-0.04466516897082329
5823124992.0,-0.04408622160553932
5824062464.0,-0.045393750071525574
5824999936.0,-0.047545649111270905
5825937408.0,-0.24184474349021912
5826874880.0,-0.24421899020671844
5827812352.0,-0.24629034101963043
5828749824.0,-0.24868489801883698
5829687296.0,-0.25039705634117126
5830624768.0,-0.25243908166885376
5831562752.0,-0.2544060945510864
5832500224.0,-0.25620993971824646
5833437696.0,-0.258169025182724
5834375168.0,-0.2604759931564331
5835312640.0,-0.26353761553764343
5836250112.0,-0.2666751742362976
5837187584.0,-0.26939958333969116
5838125056.0,-0.27323514223098755
5839062528.0,-0.2774271070957184
5840000000.0,-0.283083975315094
5840937472.0,-0.28925177454948425
5841874944.0,-0.29545900225639343
5842812416.0,-0.3015526533126831
5843749888.0,-0.3073301613330841
5844687360.0,-0.3136144280433655
5845624832.0,-0.3196272552013397
5846562304.0,-0.32532167434692383
5847499776.0,-0.3301786184310913
5848437248.0,-0.33662039041519165
5849375232.0,-0.3409327268600464
5850312704.0,-0.3441888689994812
5851250176.0,-0.3478859066963196
5852187648.0,-0.35232090950012207
5853125120.0,-0.3557468056678772
5854062592.0,-0.35875454545021057
5855000064.0,-0.36108478903770447
5855937536.0,-0.3620949983596802
5856875008.0,-0.36258599162101746
5857812480.0,-0.36236533522605896
5858749952.0,-0.362654447555542
5859687424.0,-0.3609340488910675
5860624896.0,-0.35951074957847595
5861562368.0,-0.3579261004924774
5862499840.0,-0.3549026846885681
5863437312.0,-0.3515956401824951
5864374784.0,-0.3487969636917114
5865312256.0,-0.3463838994503021
5866250240.0,-0.3430911600589752
5867187712.0,-0.33903390169143677
5868125184.0,-0.3355758488178253
5869062656.0,-0.3330288827419281
5870000128.0,-0.329433798789978
5870937600.0,-0.3275115191936493
5871875072.0,-0.3255520164966583
5872812544.0,-0.32279273867607117
5873750016.0,-0.32385390996932983
5874687488.0,-0.32421445846557617
5875624960.0,-0.3248128890991211
5876562432.0,-0.3261474370956421
5877499904.0,-0.32861950993537903
5878437376.0,-0.3311927020549774
5879374848.0,-0.3341203033924103
5880312320.0,-0.33738231658935547
5881249792.0,-0.341195285320282
5882187264.0,-0.34417495131492615
5883125248.0,-0.34825217723846436
5884062720.0,-0.3519344925880432
5885000192.0,-0.35668623447418213
5885937664.0,-0.37073764204978943
5886875136.0,-0.3754931688308716
5887812608.0,-0.3799445927143097
5888750080.0,-0.3837963938713074
5889687552.0,-0.38789382576942444
5890625024.0,-0.3905990719795227
5891562496.0,-0.39308321475982666
5892499968.0,-0.39555373787879944
5893437440.0,-0.3973744213581085
5894374912.0,-0.3980085253715515
5895312384.0,-0.3990616500377655
5896249856.0,-0.3983548581600189
5897187328.0,-0.39807766675949097
5898124800.0,-0.39673033356666565
5899062272.0,-0.3964453637599945
5900000256.0,-0.3943104147911072
5900937728.0,-0.3932451903820038
5901875200.0,-0.392514705657959
5902812672.0,-0.3916374146938324
5903750144.0,-0.39016738533973694
5904687616.0,-0.3882727026939392
5905625088.0,-0.38712337613105774
5906562560.0,-0.3863733410835266
5907500032.0,-0.3867536783218384
5908437504.0,-0.38665223121643066
5909374976.0,-0.3859620988368988
5910312448.0,-0.3868270218372345
5911249920.0,-0.3877493739128113
5912187392.0,-0.3897933065891266
5913124864.0,-0.3909802734851837
5914062336.0,-0.392980694770813
5914999808.0,-0.3964214622974396
5915937280.0,-0.39941278100013733
5916874752.0,-0.40388956665992737
5917812736.0,-0.40811285376548767
5918750208.0,-0.41403886675834656
5919687680.0,-0.42124143242836
5920625152.0,-0.4275208115577698
5921562624.0,-0.43594178557395935
5922500096.0,-0.4437432885169983
5923437568.0,-0.45216068625450134
5924375040.0,-0.46150630712509155
5925312512.0,-0.4712093770503998
5926249984.0,-0.48187118768692017
5927187456.0,-0.49145758152008057
5928124928.0,-0.5023525357246399
5929062400.0,-0.5130470395088196
5929999872.0,-0.5243068933486938
5930937344.0,-0.5346843004226685
5931874816.0,-0.5443770885467529
5932812288.0,-0.555013120174408
5933749760.0,-0.564620852470398
5934687744.0,-0.5745842456817627
5935625216.0,-0.5832034945487976
5936562688.0,-0.5921862721443176
5937500160.0,-0.6002295613288879
5938437632.0,-0.6066312789916992
5939375104.0,-0.6125089526176453
5940312576.0,-0.618911862373352
5941250048.0,-0.6231146454811096
5942187520.0,-0.6263354420661926
5943124992.0,-0.6285543441772461
5944062464.0,-0.6294950246810913
5944999936.0,-0.6289116144180298
5945937408.0,-0.4168234169483185
5946874880.0,-0.4325389862060547
5947812352.0,-0.4481937885284424
5948749824.0,-0.46411770582199097
5949687296.0,-0.47920143604278564
5950624768.0,-0.4941500425338745
5951562752.0,-0.5083273649215698
5952500224.0,-0.5210827589035034
5953437696.0,-0.5333424806594849
5954375168.0,-0.5436837077140808
5955312640.0,-0.553411602973938
5956250112.0,-0.5607005953788757
5957187584.0,-0.5680661201477051
5958125056.0,-0.5717709064483643
5959062528.0,-0.5757448077201843
5960000000.0,-0.5758119821548462
5960937472.0,-0.5755403637886047
5961874944.0,-0.5721531510353088
5962812416.0,-0.5677757859230042
5963749888.0,-0.5613022446632385
5964687360.0,-0.5526752471923828
5965624832.0,-0.5439959764480591
5966562304.0,-0.5341225862503052
5967499776.0,-0.5226057171821594
5968437248.0,-0.510985791683197
5969375232.0,-0.49845585227012634
5970312704.0,-0.48603764176368713
5971250176.0,-0.4732852876186371
5972187648.0,-0.46165651082992554
5973125120.0,-0.4497029483318329
5974062592.0,-0.439094603061676
5975000064.0,-0.42941370606422424
5975937536.0,-0.4202837347984314
5976875008.0,-0.4136051833629608
5977812480.0,-0.40760883688926697
5978749952.0,-0.40126901865005493
5979687424.0,-0.3981640338897705
5980624896.0,-0.39535579085350037
5981562368.0,-0.3931008577346802
5982499840.0,-0.3924822509288788
5983437312.0,-0.3929162323474884
5984374784.0,-0.39460110664367676
5985312256.0,-0.39670002460479736
5986250240.0,-0.39945298433303833
5987187712.0,-0.40258389711380005
5988125184.0,-0.40673598647117615
5989062656.0,-0.411953866481781
5990000128.0,-0.4162288308143616
5990937600.0,-0.4208826720714569
5991875072.0,-0.4253375232219696
5992812544.0,-0.43053126335144043
5993750016.0,-0.4356580972671509
5994687488.0,-0.4396425187587738
5995624960.0,-0.44517982006073
5996562432.0,-0.449780136346817
5997499904.0,-0.45367205142974854
5998437376.0,-0.4578128457069397
5999374848.0,-0.4622046947479248
6000312320.0,-0.46603620052337646
6001249792.0,-0.4698207974433899
6002187264.0,-0.47359293699264526
6003125248.0,-0.47695621848106384
6004062720.0,-0.4810158908367157
6005000192.0,-0.37987032532691956
6005937664.0,-0.3894636332988739
6006875136.0,-0.40033233165740967
6007812608.0,-0.4115150570869446
6008750080.0,-0.42434003949165344
6009687552.0,-0.43881887197494507
6010625024.0,-0.4529328942298889
6011562496.0,-0.46886754035949707
6012499968.0,-0.4853661358356476
6013437440.0,-0.5019245147705078
6014374912.0,-0.5201553702354431
6015312384.0,-0.5384699702262878
6016249856.0,-0.5561297535896301
6017187328.0,-0.574533998966217
6018124800.0,-0.5918958783149719
6019062272.0,-0.6083515286445618
6019999744.0,-0.6251967549324036
6020937728.0,-0.6407007575035095
6021875200.0,-0.6551482081413269
6022812672.0,-0.6676471829414368
6023750144.0,-0.6786007881164551
6024687616.0,-0.6885305643081665
6025625088.0,-0.6964179277420044
6026562560.0,-0.7011118531227112
6027500032.0,-0.7049401998519897
6028437504.0,-0.7073621153831482
6029374976.0,-0.7073242664337158
6030312448.0,-0.7042669057846069
6031249920.0,-0.6999784708023071
6032187392.0,-0.693181037902832
6033124864.0,-0.6843720078468323
6034062336.0,-0.6741724014282227
6034999808.0,-0.6629005670547485
6035937280.0,-0.6491236090660095
6036874752.0,-0.6347066164016724
6037812736.0,-0.6194444894790649
6038750208.0,-0.6028590798377991
6039687680.0,-0.585730791091919
6040625152.0,-0.5685374736785889
6041562624.0,-0.5519791841506958
6042500096.0,-0.5358947515487671
6043437568.0,-0.5190689563751221
6044375040.0,-0.5036505460739136
6045312512.0,-0.48881080746650696
6046249984.0,-0.4728260040283203
6047187456.0,-0.45783257484436035
6048124928.0,-0.44443491101264954
6049062400.0,-0.4318399727344513
6049999872.0,-0.4199364185333252
6050937344.0,-0.40938153862953186
6051874816.0,-0.3986507058143616
6052812288.0,-0.39023837447166443
6053749760.0,-0.38304945826530457
6054687744.0,-0.3766365647315979
6055625216.0,-0.3714926540851593
6056562688.0,-0.36735671758651733
6057500160.0,-0.3653860092163086
6058437632.0,-0.36374399065971375
6059375104.0,-0.36475253105163574
6060312576.0,-0.36601343750953674
6061250048.0,-0.3687342405319214
6062187520.0,-0.37283390760421753
6063124992.0,-0.3776802122592926
6064062464.0,-0.38123568892478943
6064999936.0,-0.38065841794013977
6065937408.0,-0.38656866550445557
6066874880.0,-0.3939399719238281
6067812352.0,-0.4017495810985565
6068749824.0,-0.40920141339302063
6069687296.0,-0.41828474402427673
6070624768.0,-0.42869454622268677
6071562752.0,-0.4380926489830017
6072500224.0,-0.44991031289100647
6073437696.0,-0.46056339144706726
6074375168.0,-0.47172680497169495
6075312640.0,-0.4826199412345886
6076250112.0,-0.49380239844322205
6077187584.0,-0.5038975477218628
6078125056.0,-0.5132856965065002
6079062528.0,-0.5223652124404907
6080000000.0,-0.5308043956756592
6080937472.0,-0.538096010684967
6081874944.0,-0.5464592576026917
6082812416.0,-0.5520306825637817
6083749888.0,-0.5565202832221985
6084687360.0,-0.5611051321029663
6085624832.0,-0.5652170777320862
6086562304.0,-0.5681872963905334
6087499776.0,-0.5694727301597595
6088437248.0,-0.5709640979766846
6089375232.0,-0.5703952312469482
6090312704.0,-0.5704848766326904
6091250176.0,-0.5674358606338501
6092187648.0,-0.5653848648071289
6093125120.0,-0.5608736872673035
6094062592.0,-0.5551743507385254
6095000064.0,-0.547665536403656
6095937536.0,-0.5395829081535339
6096875008.0,-0.5312098264694214
6097812480.0,-0.5222758650779724
6098749952.0,-0.5136407017707825
6099687424.0,-0.5038532018661499
6100624896.0,-0.49422571063041687
6101562368.0,-0.485882431268692
6102499840.0,-0.47584500908851624
6103437312.0,-0.46684423089027405
6104374784.0,-0.4579997956752777
6105312256.0,-0.44970178604125977
6106250240.0,-0.4409238398075104
6107187712.0,-0.4323052167892456
6108125184.0,-0.4232858717441559
6109062656.0,-0.4165782332420349
6110000128.0,-0.4090019166469574
6110937600.0,-0.4016250669956207
6111875072.0,-0.3957049250602722
6112812544.0,-0.391144722700119
6113750016.0,-0.38623350858688354
6114687488.0,-0.3820742666721344
6115624960.0,-0.3786267042160034
6116562432.0,-0.37650153040885925
6117499904.0,-0.3731396198272705
6118437376.0,-0.37208691239356995
6119374848.0,-0.369784951210022
6120312320.0,-0.3703378438949585
6121249792.0,-0.37025341391563416
6122187264.0,-0.3724019229412079
6123125248.0,-0.37503835558891296
6124062720.0,-0.3776870667934418
6125000192.0,-0.5744955539703369
6125937664.0,-0.5869006514549255
6126875136.0,-0.5983323454856873
6127812608.0,-0.6077659726142883
6128750080.0,-0.6168562173843384
6129687552.0,-0.6247327327728271
6130625024.0,-0.6321240663528442
6131562496.0,-0.6400497555732727
6132499968.0,-0.6453335285186768
6133437440.0,-0.6498450636863708
6134374912.0,-0.6542288661003113
6135312384.0,-0.6568601131439209
6136249856.0,-0.6596408486366272
6137187328.0,-0.659847617149353
6138124800.0,-0.6603291630744934
6139062272.0,-0.659339427947998
6140000256.0,-0.6583737134933472
6140937728.0,-0.6567185521125793
6141875200.0,-0.6538138389587402
6142812672.0,-0.6514801979064941
6143750144.0,-0.6480328440666199
6144687616.0,-0.6441938281059265
6145625088.0,-0.6408505439758301
6146562560.0,-0.6381219029426575
6147500032.0,-0.6348832845687866
6148437504.0,-0.6324679851531982
6149374976.0,-0.6295287013053894
6150312448.0,-0.6271836757659912
6151249920.0,-0.6261324882507324
6152187392.0,-0.6240639090538025
6153124864.0,-0.6223142743110657
6154062336.0,-0.6213826537132263
6154999808.0,-0.6199497580528259
6155937280.0,-0.6196585893630981
6156874752.0,-0.6197121143341064
6157812736.0,-0.6209815740585327
6158750208.0,-0.6205077171325684
6159687680.0,-0.6227709054946899
6160625152.0,-0.6255548596382141
6161562624.0,-0.6276410222053528
6162500096.0,-0.6321405172348022
6163437568.0,-0.6367736458778381
6164375040.0,-0.6406524777412415
6165312512.0,-0.645872175693512
6166249984.0,-0.6515964865684509
6167187456.0,-0.6567403674125671
6168124928.0,-0.6630221009254456
6169062400.0,-0.668696939945221
6169999872.0,-0.6759054660797119
6170937344.0,-0.6833749413490295
6171874816.0,-0.6912198066711426
6172812288.0,-0.6980587840080261
6173749760.0,-0.7077623605728149
6174687744.0,-0.7158454656600952
6175625216.0,-0.7243531942367554
6176562688.0,-0.7337937951087952
6177500160.0,-0.7423955798149109
6178437632.0,-0.7517136335372925
6179375104.0,-0.759052038192749
6180312576.0,-0.7682002782821655
6181250048.0,-0.7753748297691345
6182187520.0,-0.7834153175354004
6183124992.0,-0.7914927005767822
6184062464.0,-0.7972561717033386
6184999936.0,-0.6395819187164307
6185937408.0,-0.6603274345397949
6186874880.0,-0.681675910949707
6187812352.0,-0.7035743594169617
6188749824.0,-0.721997082233429
6189687296.0,-0.741112470626831
6190624768.0,-0.7598268389701843
6191562752.0,-0.7766526937484741
6192500224.0,-0.7937458157539368
6193437696.0,-0.8082602620124817
6194375168.0,-0.8227376937866211
6195312640.0,-0.8368912935256958
6196250112.0,-0.8485987782478333
6197187584.0,-0.8607735633850098
6198125056.0,-0.8703282475471497
6199062528.0,-0.879636824131012
6200000000.0,-0.8859770894050598
6200937472.0,-0.8925824761390686
6201874944.0,-0.8968192934989929
6202812416.0,-0.8995651602745056
6203749888.0,-0.9012863039970398
6204687360.0,-0.9007326364517212
6205624832.0,-0.8984577655792236
6206562304.0,-0.8933231830596924
6207499776.0,-0.8879889249801636
6208437248.0,-0.8804774284362793
6209375232.0,-0.8706404566764832
6210312704.0,-0.8605179786682129
6211250176.0,-0.8490875363349915
6212187648.0,-0.8368464708328247
6213125120.0,-0.8236226439476013
6214062592.0,-0.8114821910858154
6215000064.0,-0.7979381084442139
6215937536.0,-0.7828694581985474
6216875008.0,-0.7679709196090698
6217812480.0,-0.7523870468139648
6218749952.0,-0.7357061505317688
6219687424.0,-0.7202975749969482
6220624896.0,-0.7049787044525146
6221562368.0,-0.6912372708320618
6222499840.0,-0.6783526539802551
6223437312.0,-0.6655771732330322
6224374784.0,-0.6527987718582153
6225312256.0,-0.6409069895744324
6226250240.0,-0.629438042640686
6227187712.0,-0.6195112466812134
6228125184.0,-0.6115397810935974
6229062656.0,-0.6056410670280457
6230000128.0,-0.6021230816841125
6230937600.0,-0.5996338129043579
6231875072.0,-0.5987330675125122
6232812544.0,-0.5987341403961182
6233750016.0,-0.6003486514091492
6234687488.0,-0.6039628386497498
6235624960.0,-0.6076558232307434
6236562432.0,-0.6132479310035706
6237499904.0,-0.6192284822463989
6238437376.0,-0.628508448600769
6239374848.0,-0.6365799307823181
6240312320.0,-0.6462333798408508
6241249792.0,-0.6551402807235718
6242187264.0,-0.6641156673431396
6243125248.0,-0.6731748580932617
6244062720.0,-0.6836205720901489
6245000192.0,-0.6900633573532104
6245937664.0,-0.7027401924133301
6246875136.0,-0.7160930633544922
6247812608.0,-0.728695809841156
6248750080.0,-0.7425217628479004
6249687552.0,-0.7573350071907043
6250625024.0,-0.7704063653945923
6251562496.0,-0.78508061170578
6252499968.0,-0.8005386590957642
6253437440.0,-0.8133005499839783
6254374912.0,-0.826504111289978
6255312384.0,-0.8380430340766907
6256249856.0,-0.8482677340507507
6257187328.0,-0.8588688969612122
6258124800.0,-0.8679318428039551
6259062272.0,-0.8756845593452454
6259999744.0,-0.8825080394744873
6260937728.0,-0.887281596660614
6261875200.0,-0.8917441964149475
6262812672.0,-0.8953648209571838
6263750144.0,-0.897384524345398
6264687616.0,-0.8994826674461365
6265625088.0,-0.8999237418174744
6266562560.0,-0.9008848071098328
6267500032.0,-0.9005498886108398
6268437504.0,-0.8999036550521851
6269374976.0,-0.8996677994728088
6270312448.0,-0.8981717824935913
6271249920.0,-0.8956796526908875
6272187392.0,-0.8937708735466003
6273124864.0,-0.8903167843818665
6274062336.0,-0.8883466720581055
6274999808.0,-0.8837506175041199
6275937280.0,-0.8792804479598999
6276874752.0,-0.874434769153595
6277812736.0,-0.8712749481201172
6278750208.0,-0.86738520860672
6279687680.0,-0.8637310266494751
6280625152.0,-0.8598278760910034
6281562624.0,-0.856325626373291
6282500096.0,-0.8539360761642456
6283437568.0,-0.8505730032920837
6284375040.0,-0.8481337428092957
6285312512.0,-0.8472253680229187
6286249984.0,-0.8469493985176086
6287187456.0,-0.8490594029426575
6288124928.0,-0.8509359955787659
6289062400.0,-0.8539791107177734
6289999872.0,-0.8565124869346619
6290937344.0,-0.8596382737159729
6291874816.0,-0.8634822368621826
6292812288.0,-0.8659695386886597
6293749760.0,-0.8710047602653503
6294687744.0,-0.8768530488014221
6295625216.0,-0.884085476398468
6296562688.0,-0.8905981183052063
6297500160.0,-0.8976938724517822
6298437632.0,-0.9049375653266907
6299375104.0,-0.9122674465179443
6300312576.0,-0.9206386208534241
6301250048.0,-0.928432822227478
6302187520.0,-0.9380701780319214
6303124992.0,-0.9461548328399658
6304062464.0,-0.9579443335533142
6304999936.0,-0.9844164252281189
6305937408.0,-0.9943095445632935
6306874880.0,-1.004328727722168
6307812352.0,-1.014174222946167
6308749824.0,-1.022418737411499
6309687296.0,-1.0316386222839355
6310624768.0,-1.040340542793274
6311562752.0,-1.048228144645691
6312500224.0,-1.0590866804122925
6313437696.0,-1.068673014640808
6314375168.0,-1.078139066696167
6315312640.0,-1.0878825187683105
6316250112.0,-1.0990028381347656
6317187584.0,-1.110958218574524
6318125056.0,-1.120680332183838
6319062528.0,-1.1323822736740112
6320000000.0,-1.1445260047912598
6320937472.0,-1.157378077507019
6321874944.0,-1.1706032752990723
6322812416.0,-1.182511806488037
6323749888.0,-1.1947766542434692
6324687360.0,-1.2060904502868652
6325624832.0,-1.2131725549697876
6326562304.0,-1.2213211059570312
6327499776.0,-1.227748155593872
6328437248.0,-1.2346233129501343
6329375232.0,-1.239820122718811
6330312704.0,-1.2449527978897095
6331250176.0,-1.2499812841415405
6332187648.0,-1.2546786069869995
6333125120.0,-1.257222056388855
6334062592.0,-1.2615199089050293
6335000064.0,-1.2646031379699707
6335937536.0,-1.264919400215149
6336875008.0,-1.2657305002212524
6337812480.0,-1.2640694379806519
6338749952.0,-1.26178777217865
6339687424.0,-1.2580363750457764
6340624896.0,-1.2528042793273926
6341562368.0,-1.2458806037902832
6342499840.0,-1.237334966659546
6343437312.0,-1.2297420501708984
6344374784.0,-1.2206209897994995
6345312256.0,-1.2105745077133179
6346250240.0,-1.1990829706192017
6347187712.0,-1.1892489194869995
6348125184.0,-1.1760339736938477
6349062656.0,-1.1633737087249756
6350000128.0,-1.150678277015686
6350937600.0,-1.1365089416503906
6351875072.0,-1.1231887340545654
6352812544.0,-1.1086878776550293
6353750016.0,-1.0963982343673706
6354687488.0,-1.0837764739990234
6355624960.0,-1.0717389583587646
6356562432.0,-1.061065912246704
6357499904.0,-1.0510798692703247
6358437376.0,-1.040618896484375
6359374848.0,-1.0318453311920166
6360312320.0,-1.0259076356887817
6361249792.0,-1.018876314163208
6362187264.0,-1.0141164064407349
6363125248.0,-1.0117145776748657
6364062720.0,-1.010541558265686
6365000192.0,-1.3877055644989014
6365937664.0,-1.4023723602294922
6366875136.0,-1.4186052083969116
6367812608.0,-1.4338510036468506
6368750080.0,-1.4470106363296509
6369687552.0,-1.4607692956924438
6370625024.0,-1.4749577045440674
6371562496.0,-1.4878783226013184
6372499968.0,-1.5016242265701294
6373437440.0,-1.513603687286377
6374374912.0,-1.5263818502426147
6375312384.0,-1.5384577512741089
6376249856.0,-1.5505948066711426
6377187328.0,-1.5599565505981445
6378124800.0,-1.5670828819274902
6379062272.0,-1.572263479232788
6380000256.0,-1.5768557786941528
6380937728.0,-1.5803240537643433
6381875200.0,-1.5818004608154297
6382812672.0,-1.5821301937103271
6383750144.0,-1.5825575590133667
6384687616.0,-1.5807675123214722
6385625088.0,-1.5784963369369507
6386562560.0,-1.5747586488723755
6387500032.0,-1.5714257955551147
6388437504.0,-1.566264033317566
6389374976.0,-1.559747338294983
6390312448.0,-1.5524065494537354
6391249920.0,-1.5445712804794312
6392187392.0,-1.5359928607940674
6393124864.0,-1.526737928390503
6394062336.0,-1.515166997909546
6394999808.0,-1.5040656328201294
6395937280.0,-1.4935513734817505
6396874752.0,-1.4802021980285645
6397812736.0,-1.4699288606643677
6398750208.0,-1.4605774879455566
6399687680.0,-1.4549822807312012
6400625152.0,-1.4495296478271484
6401562624.0,-1.445312261581421
6402500096.0,-1.4443485736846924
6403437568.0,-1.4424564838409424
6404375040.0,-1.4425243139266968
6405312512.0,-1.4440889358520508
6406249984.0,-1.44632089138031
6407187456.0,-1.4521242380142212
6408124928.0,-1.4576478004455566
6409062400.0,-1.465236783027649
6409999872.0,-1.4735180139541626
6410937344.0,-1.4821220636367798
6411874816.0,-1.4929535388946533
6412812288.0,-1.5053454637527466
6413749760.0,-1.520513653755188
6414687744.0,-1.534987211227417
6415625216.0,-1.5552884340286255
6416562688.0,-1.5768110752105713
6417500160.0,-1.6013187170028687
6418437632.0,-1.6270523071289062
6419375104.0,-1.6545453071594238
6420312576.0,-1.681960940361023
6421250048.0,-1.7083505392074585
6422187520.0,-1.7358893156051636
6423124992.0,-1.763539433479309
6424062464.0,-1.7916452884674072
6424999936.0,-1.8240246772766113
6425937408.0,-1.854598879814148
6426874880.0,-1.886898159980774
6427812352.0,-1.9195677042007446
6428749824.0,-1.9521430730819702
6429687296.0,-1.984891414642334
6430624768.0,-2.015713930130005
6431562752.0,-2.0456972122192383
6432500224.0,-2.074023723602295
6433437696.0,-2.0993175506591797
6434375168.0,-2.1240763664245605
6435312640.0,-2.1482815742492676
6436250112.0,-2.1700360774993896
6437187584.0,-2.1928751468658447
6438125056.0,-2.216229200363159
6439062528.0,-2.236215353012085
6440000000.0,-2.257563829421997
6440937472.0,-2.2760109901428223
6441874944.0,-2.2936291694641113
6442812416.0,-2.3093559741973877
6443749888.0,-2.3236191272735596
6444687360.0,-2.3347721099853516
6445624832.0,-2.3442790508270264
6446562304.0,-2.3519465923309326
6447499776.0,-2.357835054397583
6448437248.0,-2.3606653213500977
6449375232.0,-2.361726760864258
6450312704.0,-2.363046646118164
6451250176.0,-2.36417555809021
6452187648.0,-2.3641159534454346
6453125120.0,-2.3638343811035156
6454062592.0,-2.36228346824646
6455000064.0,-2.3590548038482666
6455937536.0,-2.355548620223999
6456875008.0,-2.352116584777832
6457812480.0,-2.3468475341796875
6458749952.0,-2.343003749847412
6459687424.0,-2.339130163192749
6460624896.0,-2.3358426094055176
6461562368.0,-2.3330788612365723
6462499840.0,-2.3318119049072266
6463437312.0,-2.3297953605651855
6464374784.0,-2.328707695007324
6465312256.0,-2.3270668983459473
6466250240.0,-2.325117826461792
6467187712.0,-2.323470115661621
6468125184.0,-2.3236818313598633
6469062656.0,-2.32596755027771
6470000128.0,-2.3291068077087402
6470937600.0,-2.334730625152588
6471875072.0,-2.3418185710906982
6472812544.0,-2.3513314723968506
6473750016.0,-2.360257148742676
6474687488.0,-2.371206283569336
6475624960.0,-2.381112575531006
6476562432.0,-2.396529197692871
6477499904.0,-2.4141643047332764
6478437376.0,-2.435171604156494
6479374848.0,-2.4592552185058594
6480312320.0,-2.486027240753174
6481249792.0,-2.5144577026367188
6482187264.0,-2.5437538623809814
6483125248.0,-2.574481248855591
6484062720.0,-2.610466957092285
6485000192.0,-2.7101714611053467
6485937664.0,-2.7381272315979004
6486875136.0,-2.767948865890503
6487812608.0,-2.7974534034729004
6488750080.0,-2.827759027481079
6489687552.0,-2.8580479621887207
6490625024.0,-2.8887126445770264
6491562496.0,-2.9184794425964355
6492499968.0,-2.947338581085205
6493437440.0,-2.9766581058502197
6494374912.0,-3.004399061203003
6495312384.0,-3.0337870121002197
6496249856.0,-3.0631070137023926
6497187328.0,-3.0940685272216797
6498124800.0,-3.1245884895324707
6499062272.0,-3.155451536178589
6499999744.0,-3.185410261154175
6500937728.0,-3.213027238845825
6501875200.0,-3.241075277328491
6502812672.0,-3.2676010131835938
6503750144.0,-3.2962613105773926
6504687616.0,-3.3227643966674805
6505625088.0,-3.348731517791748
6506562560.0,-3.3748228549957275
6507500032.0,-3.401479721069336
6508437504.0,-3.4247493743896484
6509374976.0,-3.4491913318634033
6510312448.0,-3.474518060684204
6511249920.0,-3.500533103942871
6512187392.0,-3.528036117553711
6513124864.0,-3.558676242828369
6514062336.0,-3.5897226333618164
6514999808.0,-3.6204562187194824
6515937280.0,-3.6512997150421143
6516874752.0,-3.6799604892730713
6517812736.0,-3.708019495010376
6518750208.0,-3.7350106239318848
6519687680.0,-3.763657569885254
6520625152.0,-3.7909181118011475
6521562624.0,-3.8202030658721924
6522500096.0,-3.854524850845337
6523437568.0,-3.8895645141601562
6524375040.0,-3.9278769493103027
6525312512.0,-3.966794967651367
6526249984.0,-4.007684707641602
6527187456.0,-4.048595905303955
6528124928.0,-4.08934211730957
6529062400.0,-4.131300926208496
6529999872.0,-4.175981521606445
6530937344.0,-4.221977710723877
6531874816.0,-4.269245147705078
6532812288.0,-4.317994594573975
6533749760.0,-4.36711311340332
6534687744.0,-4.416092872619629
6535625216.0,-4.463601112365723
6536562688.0,-4.510261058807373
6537500160.0,-4.555959701538086
6538437632.0,-4.5996413230896
6539375104.0,-4.643571376800537
6540312576.0,-4.688410758972168
6541250048.0,-4.7310285568237305
6542187520.0,-4.773987293243408
6543124992.0,-4.815062999725342
6544062464.0,-4.858311653137207
6544999936.0,-4.892829895019531
6545937408.0,-4.937992095947266
6546874880.0,-4.979396343231201
6547812352.0,-5.021241664886475
6548749824.0,-5.061662673950195
6549687296.0,-5.102391719818115
6550624768.0,-5.14369010925293
6551562752.0,-5.187183856964111
6552500224.0,-5.231547832489014
6553437696.0,-5.279480457305908
6554375168.0,-5.329286575317383
6555312640.0,-5.380874156951904
6556250112.0,-5.433548927307129
6557187584.0,-5.488818168640137
6558125056.0,-5.544203281402588
6559062528.0,-5.602293968200684
6560000000.0,-5.659368991851807
6560937472.0,-5.718469619750977
6561874944.0,-5.776912689208984
6562812416.0,-5.836463451385498
6563749888.0,-5.896634578704834
6564687360.0,-5.956439971923828
6565624832.0,-6.015409469604492
6566562304.0,-6.0774736404418945
6567499776.0,-6.1411542892456055
6568437248.0,-6.20796537399292
6569375232.0,-6.277476787567139
6570312704.0,-6.348282337188721
6571250176.0,-6.417233467102051
6572187648.0,-6.487076759338379
6573125120.0,-6.558220386505127
6574062592.0,-6.630978584289551
6575000064.0,-6.705198764801025
6575937536.0,-6.780900478363037
6576875008.0,-6.856970310211182
6577812480.0,-6.936738014221191
6578749952.0,-7.01906156539917
6579687424.0,-7.103420734405518
6580624896.0,-7.19150447845459
6581562368.0,-7.282510757446289
6582499840.0,-7.3760576248168945
6583437312.0,-7.470286846160889
6584374784.0,-7.566287994384766
6585312256.0,-7.664210796356201
6586250240.0,-7.7570672035217285
6587187712.0,-7.85365104675293
6588125184.0,-7.951475143432617
6589062656.0,-8.04940414428711
6590000128.0,-8.145288467407227
6590937600.0,-8.236716270446777
6591875072.0,-8.329597473144531
6592812544.0,-8.42091178894043
6593750016.0,-8.516478538513184
6594687488.0,-8.610729217529297
6595624960.0,-8.707756996154785
6596562432.0,-8.8076171875
6597499904.0,-8.908682823181152
6598437376.0,-9.01331901550293
6599374848.0,-9.121546745300293
6600312320.0,-9.22973918914795
6601249792.0,-9.338162422180176
6602187264.0,-9.446805000305176
6603125248.0,-9.5548677444458
6604062720.0,-9.6627197265625
6605000192.0,-9.762614250183105
6605937664.0,-9.863088607788086
6606875136.0,-9.959413528442383
6607812608.0,-10.057548522949219
6608750080.0,-10.15075969696045
6609687552.0,-10.236501693725586
6610625024.0,-10.319767951965332
6611562496.0,-10.399240493774414
6612499968.0,-10.479996681213379
6613437440.0,-10.558492660522461
6614374912.0,-10.635111808776855
6615312384.0,-10.710270881652832
6616249856.0,-10.783828735351562
6617187328.0,-10.858278274536133
6618124800.0,-10.929291725158691
6619062272.0,-11.004920959472656
6620000256.0,-11.075485229492188
6620937728.0,-11.148253440856934
6621875200.0,-11.215553283691406
6622812672.0,-11.282383918762207
6623750144.0,-11.341032981872559
6624687616.0,-11.394318580627441
6625625088.0,-11.443267822265625
6626562560.0,-11.489665031433105
6627500032.0,-11.534220695495605
6628437504.0,-11.567638397216797
6629374976.0,-11.590197563171387
6630312448.0,-11.605902671813965
6631249920.0,-11.612257957458496
6632187392.0,-11.615395545959473
6633124864.0,-11.614263534545898
6634062336.0,-11.605003356933594
6634999808.0,-11.591020584106445
6635937280.0,-11.570182800292969
6636874752.0,-11.551876068115234
6637812736.0,-11.532842636108398
6638750208.0,-11.516042709350586
6639687680.0,-11.501680374145508
6640625152.0,-11.483708381652832
6641562624.0,-11.463971138000488
6642500096.0,-11.436298370361328
6643437568.0,-11.40121078491211
6644375040.0,-11.360074996948242
6645312512.0,-11.306804656982422
6646249984.0,-11.25543212890625
6647187456.0,-11.197074890136719
6648124928.0,-11.137738227844238
6649062400.0,-11.0780668258667
6649999872.0,-11.009153366088867
6650937344.0,-10.934998512268066
6651874816.0,-10.857953071594238
6652812288.0,-10.774055480957031
6653749760.0,-10.684814453125
6654687744.0,-10.59042739868164
6655625216.0,-10.4922513961792
6656562688.0,-10.384964942932129
6657500160.0,-10.272148132324219
6658437632.0,-10.160398483276367
6659375104.0,-10.04814624786377
6660312576.0,-9.944769859313965
6661250048.0,-9.846064567565918
6662187520.0,-9.750816345214844
6663124992.0,-9.65324878692627
6664062464.0,-9.557926177978516
6664999936.0,-9.445165634155273
6665937408.0,-9.34912395477295
6666874880.0,-9.246362686157227
6667812352.0,-9.14230728149414
6668749824.0,-9.037435531616211
6669687296.0,-8.931610107421875
6670624768.0,-8.8245267868042
6671562752.0,-8.721508026123047
6672500224.0,-8.618066787719727
6673437696.0,-8.517181396484375
6674375168.0,-8.416021347045898
6675312640.0,-8.312807083129883
6676250112.0,-8.208806991577148
6677187584.0,-8.107040405273438
6678125056.0,-8.00626277923584
6679062528.0,-7.905064105987549
6680000000.0,-7.810215473175049
6680937472.0,-7.716062068939209
6681874944.0,-7.624648571014404
6682812416.0,-7.536122798919678
6683749888.0,-7.445516109466553
6684687360.0,-7.355702877044678
6685624832.0,-7.268312454223633
6686562304.0,-7.184332370758057
6687499776.0,-7.103179931640625
6688437248.0,-7.023776531219482
6689375232.0,-6.948505878448486
6690312704.0,-6.8724799156188965
6691250176.0,-6.799844264984131
6692187648.0,-6.730934143066406
6693125120.0,-6.6687331199646
6694062592.0,-6.60994291305542
6695000064.0,-6.556285381317139
6695937536.0,-6.502831935882568
6696875008.0,-6.449583053588867
6697812480.0,-6.39511775970459
6698749952.0,-6.337535381317139
6699687424.0,-6.278325080871582
6700624896.0,-6.217507839202881
6701562368.0,-6.158690452575684
6702499840.0,-6.101367950439453
6703437312.0,-6.042118549346924
6704374784.0,-5.9857707023620605
6705312256.0,-5.926960468292236
6706250240.0,-5.869847774505615
6707187712.0,-5.810224533081055
6708125184.0,-5.7510600090026855
6709062656.0,-5.692951679229736
6710000128.0,-5.631711483001709
6710937600.0,-5.568610668182373
6711875072.0,-5.5026702880859375
6712812544.0,-5.43454122543335
6713750016.0,-5.367480278015137
6714687488.0,-5.298876762390137
6715624960.0,-5.23131799697876
6716562432.0,-5.163462162017822
6717499904.0,-5.097567081451416
6718437376.0,-5.033708572387695
6719374848.0,-4.9692301750183105
6720312320.0,-4.905200004577637
6721249792.0,-4.841555595397949
6722187264.0,-4.776002407073975
6723125248.0,-4.709958553314209
6724062720.0,-4.64736795425415
6725000192.0,-4.360900402069092
6725937664.0,-4.2929368019104
6726875136.0,-4.223198413848877
6727812608.0,-4.156590461730957
6728750080.0,-4.090402603149414
6729687552.0,-4.025177001953125
6730625024.0,-3.9612417221069336
6731562496.0,-3.901926279067993
6732499968.0,-3.841285467147827
6733437440.0,-3.786072254180908
6734374912.0,-3.7333383560180664
6735312384.0,-3.6819989681243896
6736249856.0,-3.6341493129730225
6737187328.0,-3.5883049964904785
6738124800.0,-3.5465497970581055
6739062272.0,-3.5068507194519043
6739999744.0,-3.4718449115753174
6740937728.0,-3.4402823448181152
6741875200.0,-3.4091246128082275
6742812672.0,-3.379556655883789
6743750144.0,-3.3532323837280273
6744687616.0,-3.32668137550354
6745625088.0,-3.301680564880371
6746562560.0,-3.277477502822876
6747500032.0,-3.252023696899414
6748437504.0,-3.229278564453125
6749374976.0,-3.206880807876587
6750312448.0,-3.186885118484497
6751249920.0,-3.1676342487335205
6752187392.0,-3.1493120193481445
6753124864.0,-3.1318507194519043
6754062336.0,-3.1159520149230957
6754999808.0,-3.0977418422698975
6755937280.0,-3.081087589263916
6756874752.0,-3.0622050762176514
6757812736.0,-3.044400930404663
6758750208.0,-3.0256786346435547
6759687680.0,-3.0056889057159424
6760625152.0,-2.9850339889526367
6761562624.0,-2.962700366973877
6762500096.0,-2.9390296936035156
6763437568.0,-2.914829730987549
6764375040.0,-2.8897101879119873
6765312512.0,-2.862586498260498
6766249984.0,-2.834473133087158
6767187456.0,-2.8052990436553955
6768124928.0,-2.7755186557769775
6769062400.0,-2.7449417114257812
6769999872.0,-2.7136569023132324
6770937344.0,-2.684875011444092
6771874816.0,-2.6558024883270264
6772812288.0,-2.626127243041992
6773749760.0,-2.59543514251709
6774687744.0,-2.5663340091705322
6775625216.0,-2.534770965576172
6776562688.0,-2.5040359497070312
6777500160.0,-2.472827196121216
6778437632.0,-2.4441428184509277
6779375104.0,-2.41606068611145
6780312576.0,-2.3860526084899902
6781250048.0,-2.35670804977417
6782187520.0,-2.3259921073913574
6783124992.0,-2.295071840286255
6784062464.0,-2.266084671020508
6784999936.0,-2.243189811706543
6785937408.0,-2.2105653285980225
6786874880.0,-2.17842435836792
6787812352.0,-2.148942232131958
6788749824.0,-2.117870807647705
6789687296.0,-2.090822219848633
6790624768.0,-2.0642664432525635
6791562752.0,-2.0394303798675537
6792500224.0,-2.0162105560302734
6793437696.0,-1.9944202899932861
6794375168.0,-1.9741581678390503
6795312640.0,-1.955154299736023
6796250112.0,-1.9362238645553589
6797187584.0,-1.9191642999649048
6798125056.0,-1.9019452333450317
6799062528.0,-1.8844122886657715
6800000000.0,-1.8693498373031616
6800937472.0,-1.85352623462677
6801874944.0,-1.8372881412506104
6802812416.0,-1.8229550123214722
6803749888.0,-1.8103495836257935
6804687360.0,-1.7982174158096313
6805624832.0,-1.7858753204345703
6806562304.0,-1.7746264934539795
6807499776.0,-1.7640900611877441
6808437248.0,-1.752199649810791
6809375232.0,-1.7419949769973755
6810312704.0,-1.7312637567520142
6811250176.0,-1.719862937927246
6812187648.0,-1.7093312740325928
6813125120.0,-1.6971508264541626
6814062592.0,-1.686216115951538
6815000064.0,-1.6735718250274658
6815937536.0,-1.6619105339050293
6816875008.0,-1.6476162672042847
6817812480.0,-1.6332889795303345
6818749952.0,-1.6181086301803589
6819687424.0,-1.6019024848937988
6820624896.0,-1.5856702327728271
6821562368.0,-1.5665475130081177
6822499840.0,-1.5480868816375732
6823437312.0,-1.5271191596984863
6824374784.0,-1.505908727645874
6825312256.0,-1.4828429222106934
6826250240.0,-1.4606397151947021
6827187712.0,-1.4374713897705078
6828125184.0,-1.4132208824157715
6829062656.0,-1.3902701139450073
6830000128.0,-1.3657915592193604
6830937600.0,-1.3411242961883545
6831875072.0,-1.3173142671585083
6832812544.0,-1.294649600982666
6833750016.0,-1.2724955081939697
6834687488.0,-1.251717209815979
6835624960.0,-1.2315905094146729
6836562432.0,-1.2110283374786377
6837499904.0,-1.1919087171554565
6838437376.0,-1.1747394800186157
6839374848.0,-1.1583571434020996
6840312320.0,-1.1419025659561157
6841249792.0,-1.1273442506790161
6842187264.0,-1.1142460107803345
6843125248.0,-1.1021316051483154
6844062720.0,-1.0906431674957275
6845000192.0,-1.0556483268737793
6845937664.0,-1.049302577972412
6846875136.0,-1.0419421195983887
6847812608.0,-1.0377447605133057
6848750080.0,-1.0332553386688232
6849687552.0,-1.0310474634170532
6850625024.0,-1.0304858684539795
6851562496.0,-1.03018057346344
6852499968.0,-1.030819296836853
6853437440.0,-1.0337289571762085
6854374912.0,-1.0351831912994385
6855312384.0,-1.0369340181350708
6856249856.0,-1.040028691291809
6857187328.0,-1.0445387363433838
6858124800.0,-1.0497006177902222
6859062272.0,-1.0570439100265503
6860000256.0,-1.0655477046966553
6860937728.0,-1.0727403163909912
6861875200.0,-1.0828258991241455
6862812672.0,-1.0930405855178833
6863750144.0,-1.1046719551086426
6864687616.0,-1.1151161193847656
6865625088.0,-1.1261816024780273
6866562560.0,-1.1365554332733154
6867500032.0,-1.1479418277740479
6868437504.0,-1.1580815315246582
6869374976.0,-1.1670453548431396
6870312448.0,-1.175905466079712
6871249920.0,-1.1828670501708984
6872187392.0,-1.1888093948364258
6873124864.0,-1.1930104494094849
6874062336.0,-1.196841835975647
6874999808.0,-1.1970207691192627
6875937280.0,-1.1966760158538818
6876874752.0,-1.1933913230895996
6877812736.0,-1.1884677410125732
6878750208.0,-1.1818203926086426
6879687680.0,-1.1717028617858887
6880625152.0,-1.1574711799621582
6881562624.0,-1.1422804594039917
6882500096.0,-1.1258084774017334
6883437568.0,-1.1053160429000854
6884375040.0,-1.0836561918258667
6885312512.0,-1.0609644651412964
6886249984.0,-1.036267638206482
6887187456.0,-1.0096981525421143
6888124928.0,-0.9823784232139587
6889062400.0,-0.954967737197876
6889999872.0,-0.9259152412414551
6890937344.0,-0.89735347032547
6891874816.0,-0.8673015832901001
6892812288.0,-0.8368180990219116
6893749760.0,-0.8070232272148132
6894687744.0,-0.7759943008422852
6895625216.0,-0.7465881109237671
6896562688.0,-0.7174007296562195
6897500160.0,-0.6879318952560425
6898437632.0,-0.660537838935852
6899375104.0,-0.6318355202674866
6900312576.0,-0.6055013537406921
6901250048.0,-0.579066812992096
6902187520.0,-0.5543269515037537
6903124992.0,-0.5301485657691956
6904062464.0,-0.5085626840591431
6904999936.0,-0.4784639775753021
6905937408.0,-0.4738099277019501
6906874880.0,-0.4716072082519531
6907812352.0,-0.4709189236164093
6908749824.0,-0.4718452990055084
6909687296.0,-0.4731108844280243
6910624768.0,-0.47549253702163696
6911562752.0,-0.480636864900589
6912500224.0,-0.4859541356563568
6913437696.0,-0.49223020672798157
6914375168.0,-0.4983617067337036
6915312640.0,-0.5063971281051636
6916250112.0,-0.5142002701759338
6917187584.0,-0.5222530961036682
6918125056.0,-0.5309317708015442
6919062528.0,-0.5396971702575684
6920000000.0,-0.5487878322601318
6920937472.0,-0.5588952898979187
6921874944.0,-0.5663326382637024
6922812416.0,-0.576011598110199
6923749888.0,-0.5857773423194885
6924687360.0,-0.5936490297317505
6925624832.0,-0.6026619076728821
6926562304.0,-0.6109980940818787
6927499776.0,-0.6193547248840332
6928437248.0,-0.6266688704490662
6929375232.0,-0.6336525082588196
6930312704.0,-0.6405166387557983
6931250176.0,-0.6481220722198486
6932187648.0,-0.6562197804450989
6933125120.0,-0.664091944694519
6934062592.0,-0.6704548597335815
6935000064.0,-0.6771441698074341
6935937536.0,-0.6815470457077026
6936875008.0,-0.685758113861084
6937812480.0,-0.6891196370124817
6938749952.0,-0.6913972496986389
6939687424.0,-0.6932120323181152
6940624896.0,-0.6934754252433777
6941562368.0,-0.6932941675186157
6942499840.0,-0.6926056146621704
6943437312.0,-0.6907384991645813
6944374784.0,-0.68880295753479
6945312256.0,-0.6857401132583618
6946250240.0,-0.6806384325027466
6947187712.0,-0.6771333813667297
6948125184.0,-0.6726042628288269
6949062656.0,-0.6654698848724365
6950000128.0,-0.6582142114639282
6950937600.0,-0.6489359140396118
6951875072.0,-0.6404959559440613
6952812544.0,-0.6292294859886169
6953750016.0,-0.6181622743606567
6954687488.0,-0.6047685146331787
6955624960.0,-0.5914487838745117
6956562432.0,-0.5787680149078369
6957499904.0,-0.5671210885047913
6958437376.0,-0.5538479089736938
6959374848.0,-0.5403551459312439
6960312320.0,-0.5257390737533569
6961249792.0,-0.5115329623222351
6962187264.0,-0.49723511934280396
6963125248.0,-0.4823542833328247
6964062720.0,-0.46653980016708374
6965000192.0,-0.3880044221878052
6965937664.0,-0.3797558844089508
6966875136.0,-0.37183672189712524
6967812608.0,-0.3643530607223511
6968750080.0,-0.3574613034725189
6969687552.0,-0.35102662444114685
6970625024.0,-0.343753457069397
6971562496.0,-0.339024156332016
6972499968.0,-0.33325475454330444
6973437440.0,-0.3295047879219055
6974374912.0,-0.3262040615081787
6975312384.0,-0.3225729465484619
6976249856.0,-0.3202575445175171
6977187328.0,-0.3193458318710327
6978124800.0,-0.31897640228271484
6979062272.0,-0.3191130757331848
6979999744.0,-0.3201557993888855
6980937728.0,-0.32327184081077576
6981875200.0,-0.3274499773979187
6982812672.0,-0.3303215205669403
6983750144.0,-0.33538496494293213
6984687616.0,-0.3418109714984894
6985625088.0,-0.34824979305267334
6986562560.0,-0.3572275638580322
6987500032.0,-0.36593347787857056
6988437504.0,-0.3755514621734619
6989374976.0,-0.38596537709236145
6990312448.0,-0.397742360830307
6991249920.0,-0.4084150195121765
6992187392.0,-0.4218621850013733
6993124864.0,-0.4351573586463928
6994062336.0,-0.4480539560317993
6994999808.0,-0.46218904852867126
6995937280.0,-0.47591087222099304
6996874752.0,-0.48933228850364685
6997812736.0,-0.5014560222625732
6998750208.0,-0.5131648778915405
6999687680.0,-0.5239197611808777
7000625152.0,-0.5341325402259827
7001562624.0,-0.5429160594940186
7002500096.0,-0.5504394173622131
7003437568.0,-0.5560659170150757
7004375040.0,-0.5626312494277954
7005312512.0,-0.5659465789794922
7006249984.0,-0.5692391991615295
7007187456.0,-0.5704911947250366
7008124928.0,-0.5699562430381775
7009062400.0,-0.5697968006134033
7009999872.0,-0.5666511654853821
7010937344.0,-0.5635361671447754
7011874816.0,-0.5574706196784973
7012812288.0,-0.5518698692321777
7013749760.0,-0.5449355244636536
7014687744.0,-0.5371611714363098
7015625216.0,-0.5285540819168091
7016562688.0,-0.518805205821991
7017500160.0,-0.5101706385612488
7018437632.0,-0.4999851882457733
7019375104.0,-0.49052363634109497
7020312576.0,-0.48058345913887024
7021250048.0,-0.4709462821483612
7022187520.0,-0.46171486377716064
7023124992.0,-0.4528760015964508
7024062464.0,-0.4436282515525818
7024999936.0,-0.41723498702049255
7025937408.0,-0.4104967415332794
7026874880.0,-0.4036056399345398
7027812352.0,-0.39661741256713867
7028749824.0,-0.392466276884079
7029687296.0,-0.38955897092819214
7030624768.0,-0.38667023181915283
7031562752.0,-0.3863278925418854
7032500224.0,-0.3871420919895172
7033437696.0,-0.38906359672546387
7034375168.0,-0.39154329895973206
7035312640.0,-0.39590391516685486
7036250112.0,-0.4030090570449829
7037187584.0,-0.4094594717025757
7038125056.0,-0.4169178605079651
7039062528.0,-0.4265020489692688
7040000000.0,-0.43558210134506226
7040937472.0,-0.4451168179512024
7041874944.0,-0.4544881284236908
7042812416.0,-0.46384453773498535
7043749888.0,-0.4732600152492523
7044687360.0,-0.48155486583709717
7045624832.0,-0.4887901246547699
7046562304.0,-0.4957965314388275
7047499776.0,-0.5012977719306946
7048437248.0,-0.5061550140380859
7049375232.0,-0.5094773173332214
7050312704.0,-0.5121615529060364
7051250176.0,-0.5119819045066833
7052187648.0,-0.5105831623077393
7053125120.0,-0.5082264542579651
7054062592.0,-0.5021464228630066
7055000064.0,-0.49693846702575684
7055937536.0,-0.4872798025608063
7056875008.0,-0.4766677916049957
7057812480.0,-0.4645107686519623
7058749952.0,-0.4487752318382263
7059687424.0,-0.4327755570411682
7060624896.0,-0.41481947898864746
7061562368.0,-0.39489060640335083
7062499840.0,-0.3746207654476166
7063437312.0,-0.3536662757396698
7064374784.0,-0.33266279101371765
7065312256.0,-0.3112981915473938
7066250240.0,-0.2895195782184601
7067187712.0,-0.26925989985466003
7068125184.0,-0.24769341945648193
7069062656.0,-0.22760294377803802
7070000128.0,-0.20824871957302094
7070937600.0,-0.1906697005033493
7071875072.0,-0.17272424697875977
7072812544.0,-0.1566665917634964
7073750016.0,-0.14277225732803345
7074687488.0,-0.12879467010498047
7075624960.0,-0.11821186542510986
7076562432.0,-0.10905294120311737
7077499904.0,-0.10211102664470673
7078437376.0,-0.09755251556634903
7079374848.0,-0.095285564661026
7080312320.0,-0.09502708911895752
7081249792.0,-0.09777593612670898
7082187264.0,-0.10255178809165955
7083125248.0,-0.11016960442066193
7084062720.0,-0.11999595910310745
7085000192.0,-0.27456286549568176
7085937664.0,-0.28707683086395264
7086875136.0,-0.3006991446018219
7087812608.0,-0.3161567151546478
7088750080.0,-0.33425477147102356
7089687552.0,-0.3530617356300354
7090625024.0,-0.37466344237327576
7091562496.0,-0.39854153990745544
7092499968.0,-0.4239092469215393
7093437440.0,-0.4510982036590576
7094374912.0,-0.47930532693862915
7095312384.0,-0.5099721550941467
7096249856.0,-0.5408743619918823
7097187328.0,-0.5718250870704651
7098124800.0,-0.604822039604187
7099062272.0,-0.6377477645874023
7100000256.0,-0.6716064214706421
7100937728.0,-0.7038195133209229
7101875200.0,-0.7365673780441284
7102812672.0,-0.7666783332824707
7103750144.0,-0.7959749698638916
7104687616.0,-0.8232771158218384
7105625088.0,-0.8486387729644775
7106562560.0,-0.870113730430603
7107500032.0,-0.8887258172035217
7108437504.0,-0.9037280678749084
7109374976.0,-0.9147548675537109
7110312448.0,-0.9231489300727844
7111249920.0,-0.9266902208328247
7112187392.0,-0.9260221719741821
7113124864.0,-0.9212446808815002
7114062336.0,-0.9133539199829102
7114999808.0,-0.9011955261230469
7115937280.0,-0.8853363394737244
7116874752.0,-0.8671344518661499
7117812736.0,-0.8439816832542419
7118750208.0,-0.8195886611938477
7119687680.0,-0.7909396886825562
7120625152.0,-0.7623417377471924
7121562624.0,-0.7297008633613586
7122500096.0,-0.6964161396026611
7123437568.0,-0.6609930396080017
7124375040.0,-0.6249879598617554
7125312512.0,-0.5882138013839722
7126249984.0,-0.5512096285820007
7127187456.0,-0.5147411227226257
7128124928.0,-0.4776453375816345
7129062400.0,-0.4411686360836029
7129999872.0,-0.40579843521118164
7130937344.0,-0.37232139706611633
7131874816.0,-0.33945369720458984
7132812288.0,-0.3075813353061676
7133749760.0,-0.2784876227378845
7134687744.0,-0.25097161531448364
7135625216.0,-0.22505100071430206
7136562688.0,-0.203081414103508
7137500160.0,-0.18165849149227142
7138437632.0,-0.16380256414413452
7139375104.0,-0.14600054919719696
7140312576.0,-0.1313534379005432
7141250048.0,-0.11889783293008804
7142187520.0,-0.10672168433666229
7143124992.0,-0.09768034517765045
7144062464.0,-0.1967514008283615
7144999936.0,-0.19780224561691284
7145937408.0,-0.19936247169971466
7146874880.0,-0.201840341091156
7147812352.0,-0.20601345598697662
7148749824.0,-0.21045266091823578
7149687296.0,-0.21665221452713013
7150624768.0,-0.2238856554031372
7151562752.0,-0.23280753195285797
7152500224.0,-0.2424195557832718
7153437696.0,-0.25470495223999023
7154375168.0,-0.2693426012992859
7155312640.0,-0.28560125827789307
7156250112.0,-0.3031470775604248
7157187584.0,-0.3242400586605072
7158125056.0,-0.3473183214664459
7159062528.0,-0.373032808303833
7160000000.0,-0.40032488107681274
7160937472.0,-0.42649999260902405
7161874944.0,-0.4495716094970703
7162812416.0,-0.4697584807872772
7163749888.0,-0.4848400354385376
7164687360.0,-0.4994083046913147
7165624832.0,-0.5093397498130798
7166562304.0,-0.5162470936775208
7167499776.0,-0.5220794081687927
7168437248.0,-0.5248633027076721
7169375232.0,-0.5273600816726685
7170312704.0,-0.5292549729347229
7171250176.0,-0.5305426716804504
7172187648.0,-0.5329886674880981
7173125120.0,-0.5371982455253601
7174062592.0,-0.5437235236167908
7175000064.0,-0.5520007610321045
7175937536.0,-0.5628224611282349
7176875008.0,-0.5748176574707031
7177812480.0,-0.5900446176528931
7178749952.0,-0.6065412759780884
7179687424.0,-0.6255921721458435
7180624896.0,-0.6460029482841492
7181562368.0,-0.6671332120895386
7182499840.0,-0.6882520318031311
7183437312.0,-0.7100098133087158
7184374784.0,-0.7296733856201172
7185312256.0,-0.7467414736747742
7186250240.0,-0.7618497014045715
7187187712.0,-0.7739304304122925
7188125184.0,-0.7830979228019714
7189062656.0,-0.7883276343345642
7190000128.0,-0.7903388738632202
7190937600.0,-0.7883198261260986
7191875072.0,-0.7822957038879395
7192812544.0,-0.7723067998886108
7193750016.0,-0.7596558928489685
7194687488.0,-0.7435332536697388
7195624960.0,-0.7232691049575806
7196562432.0,-0.7014154195785522
7197499904.0,-0.6764304041862488
7198437376.0,-0.6508260369300842
7199374848.0,-0.6235435009002686
7200312320.0,-0.596461832523346
7201249792.0,-0.5695115923881531
7202187264.0,-0.5438336133956909
7203125248.0,-0.5193337202072144
7204062720.0,-0.6459329128265381
7205000192.0,-0.6386358141899109
7205937664.0,-0.6340373158454895
7206875136.0,-0.6311880946159363
7207812608.0,-0.6300294995307922
7208750080.0,-0.6318902373313904
7209687552.0,-0.6366747617721558
7210625024.0,-0.6433001160621643
7211562496.0,-0.6539587378501892
7212499968.0,-0.6678553819656372
7213437440.0,-0.6834011673927307
7214374912.0,-0.7014045119285583
7215312384.0,-0.7199598550796509
7216249856.0,-0.7390097975730896
7217187328.0,-0.7596616148948669
7218124800.0,-0.7814397215843201
7219062272.0,-0.8014867305755615
7219999744.0,-0.8215967416763306
7220937728.0,-0.8431340456008911
7221875200.0,-0.8604912757873535
7222812672.0,-0.8775349855422974
7223750144.0,-0.8941036462783813
7224687616.0,-0.9069891571998596
7225625088.0,-0.9189854860305786
7226562560.0,-0.9279173016548157
7227500032.0,-0.9364732503890991
7228437504.0,-0.9420909881591797
7229374976.0,-0.9453483819961548
7230312448.0,-0.947750449180603
7231249920.0,-0.9488715529441833
7232187392.0,-0.9471737742424011
7233124864.0,-0.9444759488105774
7234062336.0,-0.9410523772239685
7234999808.0,-0.9370197057723999
7235937280.0,-0.9327302575111389
7236874752.0,-0.9295755624771118
7237812736.0,-0.9261333346366882
7238750208.0,-0.9223187565803528
7239687680.0,-0.918272078037262
7240625152.0,-0.9138690829277039
7241562624.0,-0.9105993509292603
7242500096.0,-0.9072728157043457
7243437568.0,-0.9052342176437378
7244375040.0,-0.9046967625617981
7245312512.0,-0.9055960178375244
7246249984.0,-0.9061459302902222
7247187456.0,-0.9091207385063171
7248124928.0,-0.9130252599716187
7249062400.0,-0.9186899662017822
7249999872.0,-0.9248898029327393
7250937344.0,-0.9338535666465759
7251874816.0,-0.9449670910835266
7252812288.0,-0.9580446481704712
7253749760.0,-0.9718499183654785
7254687744.0,-0.9871640801429749
7255625216.0,-1.0045981407165527
7256562688.0,-1.0216013193130493
7257500160.0,-1.0399880409240723
7258437632.0,-1.0590813159942627
7259375104.0,-1.0787854194641113
7260312576.0,-1.0980833768844604
7261250048.0,-1.11776602268219
7262187520.0,-1.1339775323867798
7263124992.0,-1.1488995552062988
7264062464.0,-1.1800568103790283
7264999936.0,-1.193798542022705
7265937408.0,-1.2059669494628906
7266874880.0,-1.2197238206863403
7267812352.0,-1.231585144996643
7268749824.0,-1.245830774307251
7269687296.0,-1.2590936422348022
7270624768.0,-1.271024227142334
7271562752.0,-1.2830592393875122
7272500224.0,-1.2931352853775024
7273437696.0,-1.3026187419891357
7274375168.0,-1.3116451501846313
7275312640.0,-1.3176223039627075
7276250112.0,-1.3221771717071533
7277187584.0,-1.3249142169952393
7278125056.0,-1.3242100477218628
7279062528.0,-1.3213229179382324
7280000000.0,-1.3147979974746704
7280937472.0,-1.3058712482452393
7281874944.0,-1.2958869934082031
7282812416.0,-1.2817747592926025
7283749888.0,-1.2663427591323853
7284687360.0,-1.2491871118545532
7285624832.0,-1.230185866355896
7286562304.0,-1.2093193531036377
7287499776.0,-1.1866015195846558
7288437248.0,-1.1626677513122559
7289375232.0,-1.1376121044158936
7290312704.0,-1.1103492975234985
7291250176.0,-1.0817357301712036
7292187648.0,-1.0518814325332642
7293125120.0,-1.0209643840789795
7294062592.0,-0.9872362017631531
7295000064.0,-0.9558395147323608
7295937536.0,-0.9214946031570435
7296875008.0,-0.8873453736305237
7297812480.0,-0.8519609570503235
7298749952.0,-0.8155346512794495
7299687424.0,-0.7798987030982971
7300624896.0,-0.7428538799285889
7301562368.0,-0.7081153392791748
7302499840.0,-0.6717504262924194
7303437312.0,-0.6380383968353271
7304374784.0,-0.6043571829795837
7305312256.0,-0.570967972278595
7306250240.0,-0.5379175543785095
7307187712.0,-0.5069568753242493
7308125184.0,-0.4771258234977722
7309062656.0,-0.44852375984191895
7310000128.0,-0.42253366112709045
7310937600.0,-0.39632609486579895
7311875072.0,-0.37261801958084106
7312812544.0,-0.35157743096351624
7313750016.0,-0.33311930298805237
7314687488.0,-0.31687861680984497
7315624960.0,-0.3015713095664978
7316562432.0,-0.28864601254463196
7317499904.0,-0.2773205041885376
7318437376.0,-0.26726362109184265
7319374848.0,-0.25985923409461975
7320312320.0,-0.25378039479255676
7321249792.0,-0.2521951198577881
7322187264.0,-0.2507210969924927
7323125248.0,-0.2521337866783142
7324062720.0,-0.41044381260871887
7325000192.0,-0.40951284766197205
7325937664.0,-0.40882185101509094
7326875136.0,-0.4104609489440918
7327812608.0,-0.4127897024154663
7328750080.0,-0.4176987409591675
7329687552.0,-0.42327234148979187
7330625024.0,-0.4309501647949219
7331562496.0,-0.43836817145347595
7332499968.0,-0.4478592574596405
7333437440.0,-0.4575405716896057
7334374912.0,-0.4679498076438904
7335312384.0,-0.47883835434913635
7336249856.0,-0.4906848073005676
7337187328.0,-0.5015059113502502
7338124800.0,-0.5116894841194153
7339062272.0,-0.5225388407707214
7340000256.0,-0.5309450030326843
7340937728.0,-0.5382840037345886
7341875200.0,-0.5463807582855225
7342812672.0,-0.5517507791519165
7343750144.0,-0.5579184889793396
7344687616.0,-0.5618287324905396
7345625088.0,-0.5644041299819946
7346562560.0,-0.5654503703117371
7347500032.0,-0.5650991201400757
7348437504.0,-0.5627820491790771
7349374976.0,-0.5608416795730591
7350312448.0,-0.5547381639480591
7351249920.0,-0.5486748218536377
7352187392.0,-0.5399958491325378
7353124864.0,-0.5316615700721741
7354062336.0,-0.5209202170372009
7354999808.0,-0.5103054046630859
7355937280.0,-0.4971714913845062
7356874752.0,-0.48507076501846313
7357812736.0,-0.47203370928764343
7358750208.0,-0.45784783363342285
7359687680.0,-0.4441186189651489
7360625152.0,-0.4287884831428528
7361562624.0,-0.4133621156215668
7362500096.0,-0.3985128402709961
7363437568.0,-0.3824157416820526
7364375040.0,-0.36286062002182007
7365312512.0,-0.3440820276737213
7366249984.0,-0.32556480169296265
7367187456.0,-0.3059256374835968
7368124928.0,-0.28589117527008057
7369062400.0,-0.26683059334754944
7369999872.0,-0.24707292020320892
7370937344.0,-0.22719337046146393
7371874816.0,-0.20893606543540955
7372812288.0,-0.18763484060764313
7373749760.0,-0.16922493278980255
7374687744.0,-0.1483631730079651
7375625216.0,-0.12848633527755737
7376562688.0,-0.10839486867189407
7377500160.0,-0.08649860322475433
7378437632.0,-0.06433901190757751
7379375104.0,-0.043242111802101135
7380312576.0,-0.022043511271476746
7381250048.0,-0.0008115129894576967
7382187520.0,0.021479476243257523
7383124992.0,0.04299214109778404
7384062464.0,0.053051773458719254
7384999936.0,0.05848846584558487
7385937408.0,0.06518875062465668
7386874880.0,0.07149694114923477
7387812352.0,0.07575755566358566
7388749824.0,0.08056624233722687
7389687296.0,0.08638262003660202
7390624768.0,0.09107448160648346
7391562752.0,0.09607487171888351
7392500224.0,0.10052590817213058
7393437696.0,0.10432236641645432
7394375168.0,0.11003578454256058
7395312640.0,0.1136511042714119
7396250112.0,0.1198856309056282
7397187584.0,0.12540172040462494
7398125056.0,0.13156382739543915
7399062528.0,0.13774074614048004
7400000000.0,0.14491575956344604
7400937472.0,0.152385875582695
7401874944.0,0.15779265761375427
7402812416.0,0.16500315070152283
7403749888.0,0.1707650125026703
7404687360.0,0.17627081274986267
7405624832.0,0.180249884724617
7406562304.0,0.1834762990474701
7407499776.0,0.1847958117723465
7408437248.0,0.183231383562088
7409375232.0,0.18210366368293762
7410312704.0,0.1764402687549591
7411250176.0,0.1694798767566681
7412187648.0,0.15867996215820312
7413125120.0,0.14741897583007812
7414062592.0,0.13337849080562592
7415000064.0,0.11578360199928284
7415937536.0,0.09691807627677917
7416875008.0,0.07750783860683441
7417812480.0,0.05389798432588577
7418749952.0,0.030340177938342094
7419687424.0,0.005143753718584776
7420624896.0,-0.020373161882162094
7421562368.0,-0.045618850737810135
7422499840.0,-0.07133890688419342
7423437312.0,-0.09711228311061859
7424374784.0,-0.12264402210712433
7425312256.0,-0.14636144042015076
7426250240.0,-0.17016257345676422
7427187712.0,-0.19109275937080383
7428125184.0,-0.2115180492401123
7429062656.0,-0.2292025089263916
7430000128.0,-0.24583488702774048
7430937600.0,-0.26172488927841187
7431875072.0,-0.2758621573448181
7432812544.0,-0.28864291310310364
7433750016.0,-0.29956746101379395
7434687488.0,-0.30841144919395447
7435624960.0,-0.31637513637542725
7436562432.0,-0.32368725538253784
7437499904.0,-0.3295740783214569
7438437376.0,-0.3345014452934265
7439374848.0,-0.33895182609558105
7440312320.0,-0.34061017632484436
7441249792.0,-0.3414342999458313
7442187264.0,-0.34169334173202515
7443125248.0,-0.34047067165374756
7444062720.0,-0.11526532471179962
7445000192.0,-0.09786823391914368
7445937664.0,-0.08197060972452164
7446875136.0,-0.06918197125196457
7447812608.0,-0.05876002833247185
7448750080.0,-0.0502735935151577
7449687552.0,-0.043709687888622284
7450625024.0,-0.039462339133024216
7451562496.0,-0.03539544716477394
7452499968.0,-0.03274087235331535
7453437440.0,-0.030264046043157578
7454374912.0,-0.02827649563550949
7455312384.0,-0.025375431403517723
7456249856.0,-0.023712115362286568
7457187328.0,-0.01957942545413971
7458124800.0,-0.017877960577607155
7459062272.0,-0.013049114495515823
7459999744.0,-0.0068972185254096985
7460937728.0,-0.002483935793861747
7461875200.0,0.005304588936269283
7462812672.0,0.013764100149273872
7463750144.0,0.022822227329015732
7464687616.0,0.0319720022380352
7465625088.0,0.04274908825755119
7466562560.0,0.05369512364268303
7467500032.0,0.06449131667613983
7468437504.0,0.07672574371099472
7469374976.0,0.088449627161026
7470312448.0,0.10085640102624893
7471249920.0,0.11191181093454361
7472187392.0,0.12540815770626068
7473124864.0,0.13619364798069
7474062336.0,0.14779599010944366
7474999808.0,0.15746431052684784
7475937280.0,0.16661663353443146
7476874752.0,0.17474935948848724
7477812736.0,0.1811891347169876
7478750208.0,0.1873939335346222
7479687680.0,0.19170522689819336
7480625152.0,0.19382959604263306
7481562624.0,0.19572289288043976
7482500096.0,0.19506990909576416
7483437568.0,0.19357924163341522
7484375040.0,0.19018712639808655
7485312512.0,0.18540920317173004
7486249984.0,0.17865769565105438
7487187456.0,0.17105363309383392
7488124928.0,0.16243520379066467
7489062400.0,0.15101118385791779
7489999872.0,0.13937774300575256
7490937344.0,0.1262200027704239
7491874816.0,0.10985302925109863
7492812288.0,0.09240349382162094
7493749760.0,0.0734897181391716
7494687744.0,0.054490674287080765
7495625216.0,0.034374769777059555
7496562688.0,0.015643823891878128
7497500160.0,-0.0035516347270458937
7498437632.0,-0.021883418783545494
7499375104.0,-0.04043256863951683
7500312576.0,-0.05728559195995331
7501250048.0,-0.07494521886110306
7502187520.0,-0.09144172817468643
7503124992.0,-0.10528051108121872
7504062464.0,-0.08555113524198532
7504999936.0,-0.09644919633865356
7505937408.0,-0.10598903149366379
7506874880.0,-0.11516442894935608
7507812352.0,-0.12485818564891815
7508749824.0,-0.13396263122558594
7509687296.0,-0.14236889779567719
7510624768.0,-0.15156179666519165
7511562752.0,-0.15842215716838837
7512500224.0,-0.16459813714027405
7513437696.0,-0.16999772191047668
7514375168.0,-0.17465297877788544
7515312640.0,-0.17871186137199402
7516250112.0,-0.18244975805282593
7517187584.0,-0.1863347738981247
7518125056.0,-0.1902630776166916
7519062528.0,-0.19044044613838196
7520000000.0,-0.1918281614780426
7520937472.0,-0.19133606553077698
7521874944.0,-0.1900777369737625
7522812416.0,-0.1862638145685196
7523749888.0,-0.18284156918525696
7524687360.0,-0.17789360880851746
7525624832.0,-0.172593355178833
7526562304.0,-0.16550420224666595
7527499776.0,-0.15841251611709595
7528437248.0,-0.14941100776195526
7529375232.0,-0.13999229669570923
7530312704.0,-0.12860749661922455
7531250176.0,-0.11743317544460297
7532187648.0,-0.10518388450145721
7533125120.0,-0.09247252345085144
7534062592.0,-0.07835419476032257
7535000064.0,-0.06422314792871475
7535937536.0,-0.049608420580625534
7536875008.0,-0.03308011591434479
7537812480.0,-0.016596030443906784
7538749952.0,0.0010547817219048738
7539687424.0,0.01780342310667038
7540624896.0,0.03509971871972084
7541562368.0,0.05459170788526535
7542499840.0,0.07442206889390945
7543437312.0,0.09481043368577957
7544374784.0,0.11490752547979355
7545312256.0,0.13506636023521423
7546250240.0,0.15637534856796265
7547187712.0,0.17647328972816467
7548125184.0,0.1970902979373932
7549062656.0,0.2176039218902588
7550000128.0,0.23801258206367493
7550937600.0,0.2573298215866089
7551875072.0,0.2772376835346222
7552812544.0,0.2950996458530426
7553750016.0,0.31320393085479736
7554687488.0,0.3294161856174469
7555624960.0,0.3455299437046051
7556562432.0,0.36003991961479187
7557499904.0,0.373033344745636
7558437376.0,0.3844936192035675
7559374848.0,0.39406415820121765
7560312320.0,0.40221133828163147
7561249792.0,0.40923169255256653
7562187264.0,0.41363710165023804
7563125248.0,0.41610077023506165
7564062720.0,0.197694793343544
7565000192.0,0.19681181013584137
7565937664.0,0.1944970190525055
7566875136.0,0.19131308794021606
7567812608.0,0.18869495391845703
7568750080.0,0.18481115996837616
7569687552.0,0.1803136169910431
7570625024.0,0.1750350147485733
7571562496.0,0.1689387410879135
7572499968.0,0.16118228435516357
7573437440.0,0.15233123302459717
7574374912.0,0.14252205193042755
7575312384.0,0.13111762702465057
7576249856.0,0.11911879479885101
7577187328.0,0.1063491627573967
7578124800.0,0.09248086810112
7579062272.0,0.07766939699649811
7580000256.0,0.06149737536907196
7580937728.0,0.04452301934361458
7581875200.0,0.027949756011366844
7582812672.0,0.010171521455049515
7583750144.0,-0.008533385582268238
7584687616.0,-0.027906419709324837
7585625088.0,-0.04750017821788788
7586562560.0,-0.06751707196235657
7587500032.0,-0.087959885597229
7588437504.0,-0.1078181192278862
7589374976.0,-0.12727347016334534
7590312448.0,-0.147651806473732
7591249920.0,-0.1671278476715088
7592187392.0,-0.18664385378360748
7593124864.0,-0.20493708550930023
7594062336.0,-0.22318081557750702
7594999808.0,-0.23974154889583588
7595937280.0,-0.255646288394928
7596874752.0,-0.2688824236392975
7597812736.0,-0.2811467945575714
7598750208.0,-0.2918884754180908
7599687680.0,-0.3020591735839844
7600625152.0,-0.3097645342350006
7601562624.0,-0.31599125266075134
7602500096.0,-0.3190598785877228
7603437568.0,-0.32246848940849304
7604375040.0,-0.3234693706035614
7605312512.0,-0.32131582498550415
7606249984.0,-0.3181021809577942
7607187456.0,-0.31259313225746155
7608124928.0,-0.3055081367492676
7609062400.0,-0.2958899438381195
7609999872.0,-0.2839861810207367
7610937344.0,-0.27067598700523376
7611874816.0,-0.25553783774375916
7612812288.0,-0.2383022904396057
7613749760.0,-0.21939913928508759
7614687744.0,-0.198719784617424
7615625216.0,-0.17707456648349762
7616562688.0,-0.15384997427463531
7617500160.0,-0.1289067268371582
7618437632.0,-0.10279882699251175
7619375104.0,-0.07588240504264832
7620312576.0,-0.04813823476433754
7621250048.0,-0.021315690129995346
7622187520.0,0.0066000428050756454
7623124992.0,0.03409227356314659
7624062464.0,0.0617014616727829
7624999936.0,0.08840932697057724
7625937408.0,0.11529126763343811
7626874880.0,0.14070898294448853
7627812352.0,0.1654244363307953
7628749824.0,0.18913044035434723
7629687296.0,0.21131034195423126
7630624768.0,0.23217977583408356
7631562752.0,0.2502055764198303
7632500224.0,0.2661632299423218
7633437696.0,0.28125718235969543
7634375168.0,0.2945391833782196
7635312640.0,0.3051604926586151
7636250112.0,0.3143797516822815
7637187584.0,0.32083165645599365
7638125056.0,0.32659709453582764
7639062528.0,0.329492449760437
7640000000.0,0.3303980529308319
7640937472.0,0.3298071622848511
7641874944.0,0.32709264755249023
7642812416.0,0.3217131793498993
7643749888.0,0.3159283995628357
7644687360.0,0.3081878423690796
7645624832.0,0.2991943061351776
7646562304.0,0.2879382073879242
7647499776.0,0.2748567461967468
7648437248.0,0.2608276903629303
7649375232.0,0.24502184987068176
7650312704.0,0.2283502072095871
7651250176.0,0.2083159238100052
7652187648.0,0.18927058577537537
7653125120.0,0.16748549044132233
7654062592.0,0.14512884616851807
7655000064.0,0.12284728139638901
7655937536.0,0.0974530354142189
7656875008.0,0.07295572012662888
7657812480.0,0.04725177586078644
7658749952.0,0.021416332572698593
7659687424.0,-0.004677682649344206
7660624896.0,-0.031528495252132416
7661562368.0,-0.05782447010278702
7662499840.0,-0.08469541370868683
7663437312.0,-0.1102447584271431
7664374784.0,-0.1356693059206009
7665312256.0,-0.15890814363956451
7666250240.0,-0.18422263860702515
7667187712.0,-0.20627214014530182
7668125184.0,-0.22812260687351227
7669062656.0,-0.2487051635980606
7670000128.0,-0.2672177851200104
7670937600.0,-0.2850198447704315
7671875072.0,-0.3002472519874573
7672812544.0,-0.3133350610733032
7673750016.0,-0.32259103655815125
7674687488.0,-0.33061373233795166
7675624960.0,-0.33716684579849243
7676562432.0,-0.33953797817230225
7677499904.0,-0.3396630883216858
7678437376.0,-0.33834925293922424
7679374848.0,-0.3334192931652069
7680312320.0,-0.32655787467956543
7681249792.0,-0.3178454637527466
7682187264.0,-0.30604681372642517
7683125248.0,-0.2919365465641022
7684062720.0,-0.2687203288078308
7685000192.0,-0.25867417454719543
7685937664.0,-0.24569779634475708
7686875136.0,-0.2317381203174591
7687812608.0,-0.21586474776268005
7688750080.0,-0.19968657195568085
7689687552.0,-0.18198636174201965
7690625024.0,-0.16243506968021393
7691562496.0,-0.14228782057762146
7692499968.0,-0.12245840579271317
7693437440.0,-0.1029486134648323
7694374912.0,-0.08117067068815231
7695312384.0,-0.061933599412441254
7696249856.0,-0.04391083866357803
7697187328.0,-0.02561997063457966
7698124800.0,-0.0077176783233881
7699062272.0,0.01051036361604929
7699999744.0,0.026610758155584335
7700937728.0,0.04306729510426521
7701875200.0,0.05869099497795105
7702812672.0,0.07377205044031143
7703750144.0,0.08724300563335419
7704687616.0,0.10031133145093918
7705625088.0,0.11309659481048584
7706562560.0,0.12444458901882172
7707500032.0,0.13437847793102264
7708437504.0,0.14527571201324463
7709374976.0,0.15444305539131165
7710312448.0,0.16314586997032166
7711249920.0,0.1718132048845291
7712187392.0,0.17864832282066345
7713124864.0,0.18710483610630035
7714062336.0,0.19426219165325165
7714999808.0,0.20164741575717926
7715937280.0,0.2073652744293213
7716874752.0,0.21310845017433167
7717812736.0,0.2189582735300064
7718750208.0,0.22316908836364746
7719687680.0,0.22749020159244537
7720625152.0,0.2306070625782013
7721562624.0,0.2333213984966278
7722500096.0,0.23459793627262115
7723437568.0,0.23556071519851685
7724375040.0,0.23694868385791779
7725312512.0,0.236009418964386
7726249984.0,0.23585911095142365
7727187456.0,0.23350809514522552
7728124928.0,0.23079846799373627
7729062400.0,0.22559554874897003
7729999872.0,0.2209135740995407
7730937344.0,0.21425053477287292
7731874816.0,0.20539669692516327
7732812288.0,0.19522559642791748
7733749760.0,0.18460838496685028
7734687744.0,0.171761617064476
7735625216.0,0.15798819065093994
7736562688.0,0.1428874135017395
7737500160.0,0.12622979283332825
7738437632.0,0.10763098299503326
7739375104.0,0.08877211064100266
7740312576.0,0.06741546839475632
7741250048.0,0.04582114890217781
7742187520.0,0.022911742329597473
7743124992.0,-0.0008068173774518073
7744062464.0,-0.03270021080970764
7744999936.0,-0.035307902842760086
7745937408.0,-0.04179177060723305
7746874880.0,-0.04809638857841492
7747812352.0,-0.055364884436130524
7748749824.0,-0.06462912261486053
7749687296.0,-0.07421864569187164
7750624768.0,-0.08582070469856262
7751562752.0,-0.09788092970848083
7752500224.0,-0.1130816861987114
7753437696.0,-0.12819847464561462
7754375168.0,-0.14404243230819702
7755312640.0,-0.16237667202949524
7756250112.0,-0.18059681355953217
7757187584.0,-0.19840991497039795
7758125056.0,-0.21720334887504578
7759062528.0,-0.23647400736808777
7760000000.0,-0.25494417548179626
7760937472.0,-0.2727351784706116
7761874944.0,-0.29263314604759216
7762812416.0,-0.3106387257575989
7763749888.0,-0.327001690864563
7764687360.0,-0.34296032786369324
7765624832.0,-0.35890889167785645
7766562304.0,-0.3726039528846741
7767499776.0,-0.3851064145565033
7768437248.0,-0.3963157534599304
7769375232.0,-0.4051182270050049
7770312704.0,-0.411633163690567
7771250176.0,-0.4175478518009186
7772187648.0,-0.42173221707344055
7773125120.0,-0.4233471751213074
7774062592.0,-0.42303937673568726
7775000064.0,-0.4194910526275635
7775937536.0,-0.4146259129047394
7776875008.0,-0.40657514333724976
7777812480.0,-0.39604663848876953
7778749952.0,-0.38503578305244446
7779687424.0,-0.3687926232814789
7780624896.0,-0.3513730764389038
7781562368.0,-0.33275043964385986
7782499840.0,-0.3104982376098633
7783437312.0,-0.28776824474334717
7784374784.0,-0.26169121265411377
7785312256.0,-0.23491764068603516
7786250240.0,-0.20596696436405182
7787187712.0,-0.17590336501598358
7788125184.0,-0.14469900727272034
7789062656.0,-0.11317301541566849
7790000128.0,-0.080691859126091
7790937600.0,-0.04655810445547104
7791875072.0,-0.013984525576233864
7792812544.0,0.020455187186598778
7793750016.0,0.05415502190589905
7794687488.0,0.08771740645170212
7795624960.0,0.12079790979623795
7796562432.0,0.15296180546283722
7797499904.0,0.183214008808136
7798437376.0,0.21248193085193634
7799374848.0,0.23882347345352173
7800312320.0,0.26376277208328247
7801249792.0,0.2875436544418335
7802187264.0,0.3088696300983429
7803125248.0,0.32697322964668274
7804062720.0,0.1546042114496231
7805000192.0,0.16653789579868317
7805937664.0,0.17685218155384064
7806875136.0,0.18494458496570587
7807812608.0,0.19169172644615173
7808750080.0,0.19633054733276367
7809687552.0,0.1985282450914383
7810625024.0,0.19896964728832245
7811562496.0,0.19653558731079102
7812499968.0,0.19319897890090942
7813437440.0,0.18618755042552948
7814374912.0,0.17797842621803284
7815312384.0,0.16713573038578033
7816249856.0,0.15348541736602783
7817187328.0,0.13810688257217407
7818124800.0,0.12106096744537354
7819062272.0,0.10105831176042557
7820000256.0,0.079457588493824
7820937728.0,0.0563494972884655
7821875200.0,0.03277142718434334
7822812672.0,0.008575743064284325
7823750144.0,-0.016498152166604996
7824687616.0,-0.044179487973451614
7825625088.0,-0.07122771441936493
7826562560.0,-0.09814968705177307
7827500032.0,-0.12626180052757263
7828437504.0,-0.15422043204307556
7829374976.0,-0.18297086656093597
7830312448.0,-0.21173971891403198
7831249920.0,-0.23866841197013855
7832187392.0,-0.2644541561603546
7833124864.0,-0.29106393456459045
7834062336.0,-0.3164175748825073
7834999808.0,-0.3392781615257263
7835937280.0,-0.36239033937454224
7836874752.0,-0.38137534260749817
7837812736.0,-0.40070703625679016
7838750208.0,-0.41776230931282043
7839687680.0,-0.4326653778553009
7840625152.0,-0.4461097717285156
7841562624.0,-0.45699915289878845
7842500096.0,-0.46626248955726624
7843437568.0,-0.4731159806251526
7844375040.0,-0.47837454080581665
7845312512.0,-0.4821818470954895
7846249984.0,-0.4828276038169861
7847187456.0,-0.4826706647872925
7848124928.0,-0.4767051637172699
7849062400.0,-0.46806761622428894
7849999872.0,-0.4592946171760559
7850937344.0,-0.44773903489112854
7851874816.0,-0.4367416799068451
7852812288.0,-0.4232962429523468
7853749760.0,-0.4092633128166199
7854687744.0,-0.392548143863678
7855625216.0,-0.37739109992980957
7856562688.0,-0.36014896631240845
7857500160.0,-0.34158554673194885
7858437632.0,-0.32546740770339966
7859375104.0,-0.30643874406814575
7860312576.0,-0.2877908945083618
7861250048.0,-0.2699759304523468
7862187520.0,-0.2501915395259857
7863124992.0,-0.23089882731437683
7864062464.0,-0.2125362902879715
7864999936.0,-0.19459651410579681
7865937408.0,-0.17653414607048035
7866874880.0,-0.1600952446460724
7867812352.0,-0.14201121032238007
7868749824.0,-0.12402030825614929
7869687296.0,-0.10649383068084717
7870624768.0,-0.09007450938224792
7871562752.0,-0.07180704921483994
7872500224.0,-0.056196074932813644
7873437696.0,-0.039768069982528687
7874375168.0,-0.023999949917197227
7875312640.0,-0.007592883892357349
7876250112.0,0.0046928031370043755
7877187584.0,0.018866820260882378
7878125056.0,0.029804425314068794
7879062528.0,0.03993762284517288
7880000000.0,0.04667374864220619
7880937472.0,0.052272699773311615
7881874944.0,0.0553259439766407
7882812416.0,0.056645795702934265
7883749888.0,0.054932110011577606
7884687360.0,0.05010606348514557
7885624832.0,0.04342625290155411
7886562304.0,0.03455354645848274
7887499776.0,0.02152680605649948
7888437248.0,0.006662703584879637
7889375232.0,-0.010504176840186119
7890312704.0,-0.030311133712530136
7891250176.0,-0.05204049125313759
7892187648.0,-0.07441005110740662
7893125120.0,-0.09938386082649231
7894062592.0,-0.1262560933828354
7895000064.0,-0.15336351096630096
7895937536.0,-0.17996855080127716
7896875008.0,-0.20925508439540863
7897812480.0,-0.23706218600273132
7898749952.0,-0.26662296056747437
7899687424.0,-0.2957712411880493
7900624896.0,-0.3241608738899231
7901562368.0,-0.3528966009616852
7902499840.0,-0.38053423166275024
7903437312.0,-0.4063030183315277
7904374784.0,-0.4321124851703644
7905312256.0,-0.4548620879650116
7906250240.0,-0.47849878668785095
7907187712.0,-0.5001217722892761
7908125184.0,-0.5208932757377625
7909062656.0,-0.5409941077232361
7910000128.0,-0.5609018206596375
7910937600.0,-0.5797594785690308
7911875072.0,-0.5979515314102173
7912812544.0,-0.615481436252594
7913750016.0,-0.634059488773346
7914687488.0,-0.6521579623222351
7915624960.0,-0.6709300875663757
7916562432.0,-0.6897855401039124
7917499904.0,-0.7091254591941833
7918437376.0,-0.7277567982673645
7919374848.0,-0.7475534677505493
7920312320.0,-0.7685089111328125
7921249792.0,-0.788575291633606
7922187264.0,-0.8093339800834656
7923125248.0,-0.8296603560447693
7924062720.0,-0.8659864664077759
7925000192.0,-0.8681984543800354
7925937664.0,-0.8716912269592285
7926875136.0,-0.8768008947372437
7927812608.0,-0.8782684206962585
7928750080.0,-0.8814278244972229
7929687552.0,-0.8842118382453918
7930625024.0,-0.8855564594268799
7931562496.0,-0.8883024454116821
7932499968.0,-0.8894690871238708
7933437440.0,-0.8891535997390747
7934374912.0,-0.8894784450531006
7935312384.0,-0.887692928314209
7936249856.0,-0.8861070871353149
7937187328.0,-0.8838998675346375
7938124800.0,-0.8806447386741638
7939062272.0,-0.8753231763839722
7939999744.0,-0.869141161441803
7940937728.0,-0.8611345291137695
7941875200.0,-0.8512193560600281
7942812672.0,-0.8419546484947205
7943750144.0,-0.8287865519523621
7944687616.0,-0.8170623779296875
7945625088.0,-0.8014058470726013
7946562560.0,-0.7850236892700195
7947500032.0,-0.7685670852661133
7948437504.0,-0.7484748959541321
7949374976.0,-0.7276912331581116
7950312448.0,-0.705548882484436
7951249920.0,-0.682820200920105
7952187392.0,-0.6586155891418457
7953124864.0,-0.6338593363761902
7954062336.0,-0.6074419617652893
7954999808.0,-0.5813795328140259
7955937280.0,-0.5554201602935791
7956874752.0,-0.5280240774154663
7957812736.0,-0.4995531737804413
7958750208.0,-0.4730594754219055
7959687680.0,-0.4436572194099426
7960625152.0,-0.41525277495384216
7961562624.0,-0.38797423243522644
7962500096.0,-0.36115092039108276
7963437568.0,-0.3348846435546875
7964375040.0,-0.30900976061820984
7965312512.0,-0.28432920575141907
7966249984.0,-0.2593773305416107
7967187456.0,-0.23788230121135712
7968124928.0,-0.21601083874702454
7969062400.0,-0.19621549546718597
7969999872.0,-0.17787757515907288
7970937344.0,-0.16118015348911285
7971874816.0,-0.1460465043783188
7972812288.0,-0.13287027180194855
7973749760.0,-0.12139614671468735
7974687744.0,-0.11337410658597946
7975625216.0,-0.10697897523641586
7976562688.0,-0.10297057777643204
7977500160.0,-0.10129973292350769
7978437632.0,-0.10176709294319153
7979375104.0,-0.10362342745065689
7980312576.0,-0.10776156932115555
7981250048.0,-0.11385280638933182
7982187520.0,-0.12113909423351288
7983124992.0,-0.1295669823884964
7984062464.0,-0.24816395342350006
7984999936.0,-0.2513819634914398
7985937408.0,-0.2531111538410187
7986874880.0,-0.25676077604293823
7987812352.0,-0.26188451051712036
7988749824.0,-0.26629015803337097
7989687296.0,-0.2720414400100708
7990624768.0,-0.2782466411590576
7991562752.0,-0.28630176186561584
7992500224.0,-0.2937057614326477
7993437696.0,-0.3022865951061249
7994375168.0,-0.3114575743675232
7995312640.0,-0.32043197751045227
7996250112.0,-0.3289910554885864
7997187584.0,-0.33955469727516174
7998125056.0,-0.35003912448883057
7999062528.0,-0.36116015911102295
8000000000.0,-0.36929482221603394
