Frequency (Hz),Measurement
2000000000.0,0.18868185579776764
2000937472.0,0.18121032416820526
2001874944.0,0.17270120978355408
2002812544.0,0.16327010095119476
2003750016.0,0.15404996275901794
2004687488.0,0.14356295764446259
2005624960.0,0.13261041045188904
2006562560.0,0.12065786123275757
2007500032.0,0.10784158855676651
2008437504.0,0.09549115598201752
2009374976.0,0.08190189301967621
2010312448.0,0.06697089225053787
2011250048.0,0.05368352681398392
2012187520.0,0.03877810761332512
2013124992.0,0.024789240211248398
2014062464.0,0.010166454128921032
2015000064.0,-0.004634737968444824
2015937536.0,-0.018170282244682312
2016875008.0,-0.03144301474094391
2017812480.0,-0.04441302269697189
2018749952.0,-0.05681735277175903
2019687552.0,-0.0683029294013977
2020625024.0,-0.07942401617765427
2021562496.0,-0.08883785456418991
2022499968.0,-0.0964885875582695
2023437440.0,-0.10436569899320602
2024375040.0,-0.1092173308134079
2025312512.0,-0.1140357106924057
2026249984.0,-0.11794348806142807
2027187456.0,-0.11782398074865341
2028125056.0,-0.11684484034776688
2029062528.0,-0.11601468920707703
2030000000.0,-0.11169521510601044
2030937472.0,-0.10647983849048615
2031874944.0,-0.10030551999807358
2032812544.0,-0.0920591652393341
2033750016.0,-0.0837494283914566
2034687488.0,-0.07279681414365768
2035624960.0,-0.06228042393922806
2036562560.0,-0.05025794357061386
2037500032.0,-0.03704848140478134
2038437504.0,-0.023051578551530838
2039374976.0,-0.009429939091205597
2040312448.0,0.0042374045588076115
2041250048.0,0.018816620111465454
2042187520.0,0.0326995924115181
2043124992.0,0.04702800139784813
2044062464.0,0.06051693111658096
2044999936.0,0.07339257001876831
2045937536.0,0.0857362449169159
2046875008.0,0.0972866490483284
2047812480.0,0.10730165988206863
2048749952.0,0.10471992939710617
2049687552.0,0.11309590935707092
2050625024.0,0.12014897912740707
2051562496.0,0.1251213103532791
2052499968.0,0.12943074107170105
2053437440.0,0.13068480789661407
2054375040.0,0.13137082755565643
2055312512.0,0.12899097800254822
2056249984.0,0.12396928668022156
2057187456.0,0.11864645034074783
2058125056.0,0.10987712442874908
2059062528.0,0.09980599582195282
2060000000.0,0.08804676681756973
2060937472.0,0.07398562878370285
2061874944.0,0.05961925908923149
2062812544.0,0.0433390811085701
2063750016.0,0.02665873058140278
2064687488.0,0.01022352185100317
2065624960.0,-0.008485352620482445
2066562560.0,-0.02542797662317753
2067500032.0,-0.04180315136909485
2068437504.0,-0.059010863304138184
2069374976.0,-0.07427774369716644
2070312448.0,-0.08928704261779785
2071250048.0,-0.10180790722370148
2072187520.0,-0.11190549284219742
2073124992.0,-0.12211741507053375
2074062464.0,-0.12940873205661774
2075000064.0,-0.13478906452655792
2075937536.0,-0.1378651112318039
2076875008.0,-0.139485701918602
2077812480.0,-0.13907144963741302
2078749952.0,-0.13498489558696747
2079687552.0,-0.13077419996261597
2080625024.0,-0.12462234497070312
2081562496.0,-0.11673630028963089
2082499968.0,-0.10652834177017212
2083437440.0,-0.0971795842051506
2084375040.0,-0.08619655668735504
2085312512.0,-0.0735238790512085
2086249984.0,-0.062046706676483154
2087187456.0,-0.04951616749167442
2088125056.0,-0.03643495962023735
2089062528.0,-0.024685218930244446
2090000000.0,-0.01287788711488247
2090937472.0,-0.002253495389595628
2091874944.0,0.007640001364052296
2092812544.0,0.01697539910674095
2093750016.0,0.025645116344094276
2094687488.0,0.03356670215725899
2095624960.0,0.04112383350729942
2096562560.0,0.04766266047954559
2097500032.0,0.05357170104980469
2098437504.0,0.05802720785140991
2099374976.0,0.06365653872489929
2100312448.0,0.06797455251216888
2101250048.0,0.07177305966615677
2102187520.0,0.07600143551826477
2103124992.0,0.0806303545832634
2104062464.0,0.08474606275558472
2104999936.0,0.08930689841508865
2105937536.0,0.09328876435756683
2106875008.0,0.09748400747776031
2107812480.0,0.10266532748937607
2108749952.0,0.13269001245498657
2109687552.0,0.13799792528152466
2110625024.0,0.14412125945091248
2111562496.0,0.14839670062065125
2112499968.0,0.15210305154323578
2113437440.0,0.15566317737102509
2114375040.0,0.15649789571762085
2115312512.0,0.15717139840126038
2116249984.0,0.15634189546108246
2117187456.0,0.15470042824745178
2118125056.0,0.1516217738389969
2119062528.0,0.14589765667915344
2120000000.0,0.14137741923332214
2120937472.0,0.13381238281726837
2121874944.0,0.12475375086069107
2122812544.0,0.11508075147867203
2123750016.0,0.10459667444229126
2124687488.0,0.09320516884326935
2125624960.0,0.0813615620136261
2126562560.0,0.06784625351428986
2127500032.0,0.05454709380865097
2128437504.0,0.04135512188076973
2129374976.0,0.027722975239157677
2130312448.0,0.014466441236436367
2131250048.0,0.0015417683171108365
2132187520.0,-0.010671957395970821
2133124992.0,-0.02234411984682083
2134062464.0,-0.032558541744947433
2135000064.0,-0.04386073723435402
2135937536.0,-0.05252189189195633
2136875008.0,-0.06021394953131676
2137812480.0,-0.06693246215581894
2138749952.0,-0.0716588944196701
2139687552.0,-0.07604450732469559
2140625024.0,-0.0781310573220253
2141562496.0,-0.07961076498031616
2142499968.0,-0.07831128686666489
2143437440.0,-0.07626515626907349
2144375040.0,-0.07331417500972748
2145312512.0,-0.06822799146175385
2146249984.0,-0.06307055056095123
2147187456.0,-0.057202696800231934
2148124928.0,-0.0484965555369854
2149062400.0,-0.041519057005643845
2150000128.0,-0.03212073817849159
2150937600.0,-0.02297160029411316
2151875072.0,-0.01395590789616108
2152812544.0,-0.004145169630646706
2153750016.0,0.005709213670343161
2154687488.0,0.014393896795809269
2155624960.0,0.023503510281443596
2156562432.0,0.032081007957458496
2157499904.0,0.03997982665896416
2158437376.0,0.04708082973957062
2159375104.0,0.05468021705746651
2160312576.0,0.060374435037374496
2161250048.0,0.06596314907073975
2162187520.0,0.07046759128570557
2163124992.0,0.07504486292600632
2164062464.0,0.07808057218790054
2164999936.0,0.08035986870527267
2165937408.0,0.08292454481124878
2166874880.0,0.08448661863803864
2167812608.0,0.08540776371955872
2168750080.0,0.15773732960224152
2169687552.0,0.15890277922153473
2170625024.0,0.15838178992271423
2171562496.0,0.15529108047485352
2172499968.0,0.15116584300994873
2173437440.0,0.14551788568496704
2174374912.0,0.13815990090370178
2175312384.0,0.12924261391162872
2176250112.0,0.12051606178283691
2177187584.0,0.10957330465316772
2178125056.0,0.0988643690943718
2179062528.0,0.08526912331581116
2180000000.0,0.07300641387701035
2180937472.0,0.05990283191204071
2181874944.0,0.046815767884254456
2182812416.0,0.03288371488451958
2183749888.0,0.019017180427908897
2184687616.0,0.005201416090130806
2185625088.0,-0.008725899271667004
2186562560.0,-0.021271612495183945
2187500032.0,-0.033493172377347946
2188437504.0,-0.045198529958724976
2189374976.0,-0.05683942884206772
2190312448.0,-0.06754078716039658
2191249920.0,-0.07672028988599777
2192187392.0,-0.08577743917703629
2193125120.0,-0.09282118082046509
2194062592.0,-0.10075099766254425
2195000064.0,-0.10619532316923141
2195937536.0,-0.11127646267414093
2196875008.0,-0.11479306221008301
2197812480.0,-0.11876167356967926
2198749952.0,-0.11983874440193176
2199687424.0,-0.12183281034231186
2200624896.0,-0.12175973504781723
2201562624.0,-0.12164568156003952
2202500096.0,-0.12067386507987976
2203437568.0,-0.11893948167562485
2204375040.0,-0.11663178354501724
2205312512.0,-0.11375714093446732
2206249984.0,-0.11081760376691818
2207187456.0,-0.10528291761875153
2208124928.0,-0.10179565846920013
2209062400.0,-0.09587205201387405
2209999872.0,-0.09186071902513504
2210937600.0,-0.08543458580970764
2211875072.0,-0.07916726171970367
2212812544.0,-0.07210339605808258
2213750016.0,-0.06454741209745407
2214687488.0,-0.057589855045080185
2215624960.0,-0.05079689621925354
2216562432.0,-0.0422888845205307
2217499904.0,-0.033294353634119034
2218437376.0,-0.02474507875740528
2219375104.0,-0.015572047792375088
2220312576.0,-0.006319658365100622
2221250048.0,0.003275663126260042
2222187520.0,0.012972342781722546
2223124992.0,0.023325413465499878
2224062464.0,0.03348444029688835
2224999936.0,0.04347112774848938
2225937408.0,0.05336809903383255
2226874880.0,0.06251005828380585
2227812608.0,0.07280122488737106
2228750080.0,0.07893472164869308
2229687552.0,0.08722228556871414
2230625024.0,0.0951271578669548
2231562496.0,0.10173831880092621
2232499968.0,0.108503557741642
2233437440.0,0.1141069158911705
2234374912.0,0.11930257081985474
2235312384.0,0.12252350151538849
2236250112.0,0.12308657169342041
2237187584.0,0.12222641706466675
2238125056.0,0.12121652066707611
2239062528.0,0.11656023561954498
2240000000.0,0.11024356633424759
2240937472.0,0.10278928279876709
2241874944.0,0.09519211202859879
2242812416.0,0.086176298558712
2243749888.0,0.07551676034927368
2244687616.0,0.06406043469905853
2245625088.0,0.0509733147919178
2246562560.0,0.03858945891261101
2247500032.0,0.023548288270831108
2248437504.0,0.007368941325694323
2249374976.0,-0.008404011838138103
2250312448.0,-0.0253694336861372
2251249920.0,-0.04314800351858139
2252187392.0,-0.06145074963569641
2253125120.0,-0.07973189651966095
2254062592.0,-0.09942759573459625
2255000064.0,-0.11915694922208786
2255937536.0,-0.13835342228412628
2256875008.0,-0.15809591114521027
2257812480.0,-0.17825303971767426
2258749952.0,-0.19714601337909698
2259687424.0,-0.21693828701972961
2260624896.0,-0.23542891442775726
2261562624.0,-0.25371530652046204
2262500096.0,-0.27205342054367065
2263437568.0,-0.2878307104110718
2264375040.0,-0.30265676975250244
2265312512.0,-0.31778484582901
2266249984.0,-0.330859899520874
2267187456.0,-0.34195005893707275
2268124928.0,-0.35275766253471375
2269062400.0,-0.36169567704200745
2270000128.0,-0.36835765838623047
2270937600.0,-0.3742014169692993
2271875072.0,-0.3793927729129791
2272812544.0,-0.38236910104751587
2273750016.0,-0.38363882899284363
2274687488.0,-0.3835250437259674
2275624960.0,-0.38175633549690247
2276562432.0,-0.37832796573638916
2277499904.0,-0.3746701776981354
2278437376.0,-0.36866047978401184
2279375104.0,-0.36156654357910156
2280312576.0,-0.35370686650276184
2281250048.0,-0.3450097143650055
2282187520.0,-0.33539125323295593
2283124992.0,-0.3255082070827484
2284062464.0,-0.3157969117164612
2284999936.0,-0.30443379282951355
2285937408.0,-0.2934778928756714
2286874880.0,-0.28398481011390686
2287812608.0,-0.27394741773605347
2288750080.0,-0.288597047328949
2289687552.0,-0.29077762365341187
2290625024.0,-0.29295194149017334
2291562496.0,-0.2958381474018097
2292499968.0,-0.2992646098136902
2293437440.0,-0.30289801955223083
2294374912.0,-0.30641189217567444
2295312384.0,-0.3117043077945709
2296250112.0,-0.3173423409461975
2297187584.0,-0.3246043622493744
2298125056.0,-0.3333383798599243
2299062528.0,-0.34412848949432373
2300000000.0,-0.35501858592033386
2300937472.0,-0.36882999539375305
2301874944.0,-0.3844550549983978
2302812416.0,-0.4023036062717438
2303749888.0,-0.42240437865257263
2304687616.0,-0.44403019547462463
2305625088.0,-0.4683106243610382
2306562560.0,-0.49488183856010437
2307500032.0,-0.5256224870681763
2308437504.0,-0.5561148524284363
2309374976.0,-0.5870974063873291
2310312448.0,-0.6132205128669739
2311249920.0,-0.6394882202148438
2312187392.0,-0.6671980619430542
2313125120.0,-0.6971642971038818
2314062592.0,-0.7278031706809998
2315000064.0,-0.7592068910598755
2315937536.0,-0.7907155156135559
2316875008.0,-0.8241396546363831
2317812480.0,-0.85782390832901
2318749952.0,-0.8917271494865417
2319687424.0,-0.924407958984375
2320624896.0,-0.9571812748908997
2321562624.0,-0.9877963066101074
2322500096.0,-1.0183414220809937
2323437568.0,-1.0467690229415894
2324375040.0,-1.072772741317749
2325312512.0,-1.0962598323822021
2326249984.0,-1.1184933185577393
2327187456.0,-1.1382222175598145
2328124928.0,-1.1557155847549438
2329062400.0,-1.1714656352996826
2329999872.0,-1.1840485334396362
2330937600.0,-1.1940799951553345
2331875072.0,-1.2022522687911987
2332812544.0,-1.2072250843048096
2333750016.0,-1.2089004516601562
2334687488.0,-1.2094626426696777
2335624960.0,-1.2071919441223145
2336562432.0,-1.2020620107650757
2337499904.0,-1.1949677467346191
2338437376.0,-1.1863118410110474
2339375104.0,-1.1748900413513184
2340312576.0,-1.1624794006347656
2341250048.0,-1.1492455005645752
2342187520.0,-1.1341465711593628
2343124992.0,-1.1183890104293823
2344062464.0,-1.1019179821014404
2344999936.0,-1.085240125656128
2345937408.0,-1.0681531429290771
2346874880.0,-1.0508456230163574
2347812608.0,-1.0345946550369263
2348750080.0,-1.0047121047973633
2349687552.0,-0.9936648011207581
2350625024.0,-0.9831082224845886
2351562496.0,-0.972436785697937
2352499968.0,-0.9628386497497559
2353437440.0,-0.9548301100730896
2354374912.0,-0.9459123611450195
2355312384.0,-0.9399555921554565
2356250112.0,-0.934326708316803
2357187584.0,-0.930131733417511
2358125056.0,-0.9279878735542297
2359062528.0,-0.9252027869224548
2360000000.0,-0.9256283640861511
2360937472.0,-0.9272024631500244
2361874944.0,-0.9302707314491272
2362812416.0,-0.9344794750213623
2363749888.0,-0.9409763216972351
2364687616.0,-0.9483245015144348
2365625088.0,-0.9585496783256531
2366562560.0,-0.9687577486038208
2367500032.0,-0.9790014624595642
2368437504.0,-0.9922476410865784
2369374976.0,-1.0036845207214355
2370312448.0,-1.0156948566436768
2371249920.0,-1.027951955795288
2372187392.0,-1.0378694534301758
2373125120.0,-1.0477312803268433
2374062592.0,-1.0551960468292236
2375000064.0,-1.061089038848877
2375937536.0,-1.0644659996032715
2376875008.0,-1.0648751258850098
2377812480.0,-1.0615324974060059
2378749952.0,-1.055153727531433
2379687424.0,-1.046021819114685
2380624896.0,-1.0328834056854248
2381562624.0,-1.0161150693893433
2382500096.0,-0.9960971474647522
2383437568.0,-0.9743407964706421
2384375040.0,-0.9493778347969055
2385312512.0,-0.920971691608429
2386249984.0,-0.8913185000419617
2387187456.0,-0.8592774868011475
2388124928.0,-0.8278353810310364
2389062400.0,-0.793156623840332
2390000128.0,-0.758682131767273
2390937600.0,-0.7241238951683044
2391875072.0,-0.6889668703079224
2392812544.0,-0.6548674702644348
2393750016.0,-0.6210839748382568
2394687488.0,-0.5879055857658386
2395624960.0,-0.5553557276725769
2396562432.0,-0.523796021938324
2397499904.0,-0.49285611510276794
2398437376.0,-0.46370595693588257
2399375104.0,-0.43481922149658203
2400312576.0,-0.4079521894454956
2401250048.0,-0.3805721700191498
2402187520.0,-0.3551902174949646
2403124992.0,-0.3292088508605957
2404062464.0,-0.3046615421772003
2404999936.0,-0.2803391218185425
2405937408.0,-0.25688061118125916
2406874880.0,-0.23358027637004852
2407812608.0,-0.21166598796844482
2408750080.0,-0.13878943026065826
2409687552.0,-0.1171414852142334
2410625024.0,-0.09637728333473206
2411562496.0,-0.07740730047225952
2412499968.0,-0.06042707711458206
2413437440.0,-0.04475082829594612
2414374912.0,-0.03213831037282944
2415312384.0,-0.02230065129697323
2416250112.0,-0.014316198416054249
2417187584.0,-0.010207787156105042
2418125056.0,-0.009513902477920055
2419062528.0,-0.0112330736592412
2420000000.0,-0.017540723085403442
2420937472.0,-0.02544020302593708
2421874944.0,-0.03741946443915367
2422812416.0,-0.05229108780622482
2423749888.0,-0.07021404802799225
2424687616.0,-0.09160038083791733
2425625088.0,-0.11517579108476639
2426562560.0,-0.14059457182884216
2427500032.0,-0.16726772487163544
2428437504.0,-0.19665975868701935
2429374976.0,-0.22565077245235443
2430312448.0,-0.2551628649234772
2431249920.0,-0.28501245379447937
2432187392.0,-0.31415486335754395
2433125120.0,-0.34208738803863525
2434062592.0,-0.36912477016448975
2435000064.0,-0.39258137345314026
2435937536.0,-0.41534388065338135
2436875008.0,-0.43469080328941345
2437812480.0,-0.45040610432624817
2438749952.0,-0.46317872405052185
2439687424.0,-0.4723544120788574
2440624896.0,-0.47883716225624084
2441562624.0,-0.48103320598602295
2442500096.0,-0.4797315001487732
2443437568.0,-0.47410619258880615
2444375040.0,-0.4658096730709076
2445312512.0,-0.45287835597991943
2446249984.0,-0.4379251301288605
2447187456.0,-0.4190368056297302
2448124928.0,-0.39726659655570984
2449062400.0,-0.3733677864074707
2449999872.0,-0.34698665142059326
2450937600.0,-0.3183650076389313
2451875072.0,-0.2889469563961029
2452812544.0,-0.25788044929504395
2453750016.0,-0.22514547407627106
2454687488.0,-0.19238416850566864
2455624960.0,-0.15886713564395905
2456562432.0,-0.12556181848049164
2457499904.0,-0.09286775439977646
2458437376.0,-0.059436019510030746
2459375104.0,-0.027168165892362595
2460312576.0,0.00404608529061079
2461250048.0,0.03512227162718773
2462187520.0,0.0649091973900795
2463124992.0,0.09265214204788208
2464062464.0,0.11924884468317032
2464999936.0,0.14513151347637177
2465937408.0,0.16924522817134857
2466874880.0,0.19117523729801178
2467812608.0,0.21288135647773743
2468750080.0,0.12301728129386902
2469687552.0,0.13671137392520905
2470625024.0,0.15306879580020905
2471562496.0,0.16567648947238922
2472499968.0,0.17659100890159607
2473437440.0,0.18660515546798706
2474374912.0,0.19379116594791412
2475312384.0,0.19907347857952118
2476250112.0,0.20293082296848297
2477187584.0,0.20464470982551575
2478125056.0,0.20500999689102173
2479062528.0,0.20260290801525116
2480000000.0,0.19912266731262207
2480937472.0,0.1923702210187912
2481874944.0,0.18399587273597717
2482812416.0,0.17388708889484406
2483749888.0,0.1632356345653534
2484687616.0,0.14961017668247223
2485625088.0,0.13527198135852814
2486562560.0,0.11874967813491821
2487500032.0,0.10077610611915588
2488437504.0,0.0822276696562767
2489374976.0,0.062415916472673416
2490312448.0,0.0426931269466877
2491249920.0,0.021330129355192184
2492187392.0,0.00045454129576683044
2493125120.0,-0.020180923864245415
2494062592.0,-0.0416070856153965
2495000064.0,-0.061771586537361145
2495937536.0,-0.08112185448408127
2496875008.0,-0.09999775141477585
2497812480.0,-0.11720062792301178
2498749952.0,-0.1332876831293106
2499687424.0,-0.14875945448875427
2500624896.0,-0.1626466065645218
2501562624.0,-0.17346885800361633
2502500096.0,-0.1835213154554367
2503437568.0,-0.19218192994594574
2504375040.0,-0.19758005440235138
2505312512.0,-0.20240183174610138
2506249984.0,-0.20359641313552856
2507187456.0,-0.20398710668087006
2508124928.0,-0.201347216963768
2509062400.0,-0.19807198643684387
2510000128.0,-0.1918506622314453
2510937600.0,-0.1836281716823578
2511875072.0,-0.1747327595949173
2512812544.0,-0.1633436381816864
2513750016.0,-0.15036235749721527
2514687488.0,-0.1365232616662979
2515624960.0,-0.12038929760456085
2516562432.0,-0.10443060100078583
2517499904.0,-0.08665931224822998
2518437376.0,-0.06792853027582169
2519375104.0,-0.04874701425433159
2520312576.0,-0.029150281101465225
2521250048.0,-0.009630613960325718
2522187520.0,0.0084426524117589
2523124992.0,0.027762724086642265
2524062464.0,0.04700969532132149
2524999936.0,0.0648317039012909
2525937408.0,0.0823381245136261
2526874880.0,0.09859183430671692
2527812608.0,0.11417423188686371
2528750080.0,0.1667845994234085
2529687552.0,0.172247052192688
2530625024.0,0.17713662981987
2531562496.0,0.18040144443511963
2532499968.0,0.18341323733329773
2533437440.0,0.1856914758682251
2534374912.0,0.18707163631916046
2535312384.0,0.1873822659254074
2536250112.0,0.18653537333011627
2537187584.0,0.18464837968349457
2538125056.0,0.18173204362392426
2539062528.0,0.17838676273822784
2540000000.0,0.17300204932689667
2540937472.0,0.16750535368919373
2541874944.0,0.160508930683136
2542812416.0,0.15270455181598663
2543749888.0,0.14330218732357025
2544687616.0,0.13334797322750092
2545625088.0,0.12241780012845993
2546562560.0,0.109662264585495
2547500032.0,0.09705498814582825
2548437504.0,0.08269627392292023
2549374976.0,0.06766877323389053
2550312448.0,0.052698761224746704
2551249920.0,0.037317417562007904
2552187392.0,0.02085704915225506
2553125120.0,0.004952306859195232
2554062592.0,-0.011606044135987759
2555000064.0,-0.027207057923078537
2555937536.0,-0.04388109967112541
2556875008.0,-0.05914157256484032
2557812480.0,-0.07294096052646637
2558749952.0,-0.08630477637052536
2559687424.0,-0.09887906163930893
2560624896.0,-0.11000380665063858
2561562624.0,-0.11960408091545105
2562500096.0,-0.12921518087387085
2563437568.0,-0.1352713257074356
2564375040.0,-0.14064888656139374
2565312512.0,-0.14243748784065247
2566249984.0,-0.14371725916862488
2567187456.0,-0.14330808818340302
2568124928.0,-0.1403030902147293
2569062400.0,-0.13602063059806824
2569999872.0,-0.12865009903907776
2570937600.0,-0.12125903367996216
2571875072.0,-0.10994692146778107
2572812544.0,-0.09761600941419601
2573750016.0,-0.08367616683244705
2574687488.0,-0.06832844018936157
2575624960.0,-0.052105534821748734
2576562432.0,-0.03426612541079521
2577499904.0,-0.015973199158906937
2578437376.0,0.0029261172749102116
2579375104.0,0.022719981148838997
2580312576.0,0.04318280890583992
2581250048.0,0.06289301812648773
2582187520.0,0.08294195681810379
2583124992.0,0.10215292125940323
2584062464.0,0.1213088184595108
2584999936.0,0.1390732377767563
2585937408.0,0.1560085564851761
2586874880.0,0.17093777656555176
2587812608.0,0.18472839891910553
2588750080.0,0.20783278346061707
2589687552.0,0.2161332070827484
2590625024.0,0.22160989046096802
2591562496.0,0.22411012649536133
2592499968.0,0.22413359582424164
2593437440.0,0.22288094460964203
2594374912.0,0.21983636915683746
2595312384.0,0.21314924955368042
2596250112.0,0.20567244291305542
2597187584.0,0.19497764110565186
2598125056.0,0.18402966856956482
2599062528.0,0.1711615025997162
2600000000.0,0.1566047966480255
2600937472.0,0.14085347950458527
2601874944.0,0.12499796599149704
2602812416.0,0.1079389825463295
2603749888.0,0.09155880659818649
2604687616.0,0.07404755055904388
2605625088.0,0.056224700063467026
2606562560.0,0.03960490599274635
2607500032.0,0.02198510430753231
2608437504.0,0.006768879946321249
2609374976.0,-0.007521959487348795
2610312448.0,-0.021125586703419685
2611249920.0,-0.03464972600340843
2612187392.0,-0.046462077647447586
2613125120.0,-0.05779778212308884
2614062592.0,-0.06712471693754196
2615000064.0,-0.07650124281644821
2615937536.0,-0.08302443474531174
2616875008.0,-0.08878539502620697
2617812480.0,-0.0939260721206665
2618749952.0,-0.09733715653419495
2619687424.0,-0.09993016719818115
2620624896.0,-0.10208245366811752
2621562624.0,-0.10254956781864166
2622500096.0,-0.10280106216669083
2623437568.0,-0.10082462430000305
2624375040.0,-0.09904667735099792
2625312512.0,-0.09678853303194046
2626249984.0,-0.09334154427051544
2627187456.0,-0.08962967246770859
2628124928.0,-0.08499854803085327
2629062400.0,-0.07883573323488235
2630000128.0,-0.0731559470295906
2630937600.0,-0.06655387580394745
2631875072.0,-0.060080137103796005
2632812544.0,-0.05170750245451927
2633750016.0,-0.04413193464279175
2634687488.0,-0.03483688831329346
2635624960.0,-0.02514084428548813
2636562432.0,-0.014392958953976631
2637499904.0,-0.002926297252997756
2638437376.0,0.00788742396980524
2639375104.0,0.02152770385146141
2640312576.0,0.03496452420949936
2641250048.0,0.04890371486544609
2642187520.0,0.064045749604702
2643124992.0,0.07946650683879852
2644062464.0,0.09651543200016022
2644999936.0,0.11285295337438583
2645937408.0,0.12971356511116028
2646874880.0,0.1456459015607834
2647812608.0,0.2217286378145218
2648750080.0,0.23232536017894745
2649687552.0,0.24154265224933624
2650625024.0,0.24885037541389465
2651562496.0,0.25308480858802795
2652499968.0,0.2559238076210022
2653437440.0,0.2561675012111664
2654374912.0,0.2530228793621063
2655312384.0,0.24757789075374603
2656250112.0,0.23986780643463135
2657187584.0,0.20117351412773132
2658125056.0,0.18451441824436188
2659062528.0,0.16255882382392883
2660000000.0,0.1400706171989441
2660937472.0,0.1151229739189148
2661874944.0,0.08859635144472122
2662812416.0,0.06100354716181755
2663749888.0,0.03294976055622101
2664687616.0,0.0037910686805844307
2665625088.0,-0.026139136403799057
2666562560.0,-0.056063033640384674
2667500032.0,-0.0841812789440155
2668437504.0,-0.11212418228387833
2669374976.0,-0.13844576478004456
2670312448.0,-0.16198225319385529
2671249920.0,-0.18325403332710266
2672187392.0,-0.20366917550563812
2673125120.0,-0.21998615562915802
2674062592.0,-0.2339124232530594
2675000064.0,-0.2444862574338913
2675937536.0,-0.2522083520889282
2676875008.0,-0.2564977705478668
2677812480.0,-0.2592304050922394
2678749952.0,-0.25723394751548767
2679687424.0,-0.2532355487346649
2680624896.0,-0.24612349271774292
2681562624.0,-0.23743227124214172
2682500096.0,-0.22667396068572998
2683437568.0,-0.21420925855636597
2684375040.0,-0.1977548599243164
2685312512.0,-0.18105342984199524
2686249984.0,-0.16308753192424774
2687187456.0,-0.14460419118404388
2688124928.0,-0.12458930909633636
2689062400.0,-0.1047854945063591
2689999872.0,-0.08438430726528168
2690937600.0,-0.06425914913415909
2691875072.0,-0.04410360008478165
2692812544.0,-0.024218222126364708
2693750016.0,-0.0037355918902903795
2694687488.0,0.013963865116238594
2695624960.0,0.03356889262795448
2696562432.0,0.052426185458898544
2697499904.0,0.06949954479932785
2698437376.0,0.08868926018476486
2699375104.0,0.10561701655387878
2700312576.0,0.1230505034327507
2701250048.0,0.13995909690856934
2702187520.0,0.1556044965982437
2703124992.0,0.17193053662776947
2704062464.0,0.1863228976726532
2704999936.0,0.2005867213010788
2705937408.0,0.2139372080564499
2706874880.0,0.227253258228302
2707812608.0,0.1979515552520752
2708750080.0,0.2047261744737625
2709687552.0,0.20939312875270844
2710625024.0,0.21333777904510498
2711562496.0,0.21578998863697052
2712499968.0,0.21714231371879578
2713437440.0,0.2161823809146881
2714374912.0,0.2148990035057068
2715312384.0,0.2111513912677765
2716250112.0,0.20662932097911835
2717187584.0,0.20018593966960907
2718125056.0,0.19292505085468292
2719062528.0,0.1827802062034607
2720000000.0,0.17410944402217865
2720937472.0,0.1614522933959961
2721874944.0,0.14852885901927948
2722812416.0,0.13372795283794403
2723749888.0,0.11848431080579758
2724687616.0,0.10248207300901413
2725625088.0,0.08518020063638687
2726562560.0,0.06712877750396729
2727500032.0,0.05002451315522194
2728437504.0,0.031154995784163475
2729374976.0,0.011671051383018494
2730312448.0,-0.007068466395139694
2731249920.0,-0.026140902191400528
2732187392.0,-0.04449555650353432
2733125120.0,-0.062238916754722595
2734062592.0,-0.08008597791194916
2735000064.0,-0.09630164504051208
2735937536.0,-0.11270110309123993
2736875008.0,-0.1272590309381485
2737812480.0,-0.14031191170215607
2738749952.0,-0.15182222425937653
2739687424.0,-0.16404177248477936
2740624896.0,-0.1730281263589859
2741562624.0,-0.1804513931274414
2742500096.0,-0.18656307458877563
2743437568.0,-0.18969856202602386
2744375040.0,-0.19261179864406586
2745312512.0,-0.19269917905330658
2746249984.0,-0.19190306961536407
2747187456.0,-0.18728838860988617
2748124928.0,-0.182417631149292
2749062400.0,-0.17511926591396332
2750000128.0,-0.16674627363681793
2750937600.0,-0.15636269748210907
2751875072.0,-0.14434784650802612
2752812544.0,-0.13057999312877655
2753750016.0,-0.11671760678291321
2754687488.0,-0.10017631947994232
2755624960.0,-0.08369548618793488
2756562432.0,-0.06637206673622131
2757499904.0,-0.04795687645673752
2758437376.0,-0.030046947300434113
2759375104.0,-0.010254611261188984
2760312576.0,0.008552426472306252
2761250048.0,0.02774571068584919
2762187520.0,0.04636653885245323
2763124992.0,0.06472089141607285
2764062464.0,0.08255013078451157
2764999936.0,0.09925150871276855
2765937408.0,0.1156124472618103
2766874880.0,0.12932637333869934
2767812608.0,0.1856420487165451
2768750080.0,0.1843923181295395
2769687552.0,0.18326710164546967
2770625024.0,0.1792597472667694
2771562496.0,0.17648252844810486
2772499968.0,0.17207308113574982
2773437440.0,0.16602274775505066
2774374912.0,0.16026391088962555
2775312384.0,0.1526113599538803
2776250112.0,0.14428767561912537
2777187584.0,0.13538511097431183
2778125056.0,0.12609075009822845
2779062528.0,0.11628983914852142
2780000000.0,0.1053035780787468
2780937472.0,0.09479854255914688
2781874944.0,0.08348170667886734
2782812416.0,0.07153906673192978
2783749888.0,0.05887742340564728
2784687616.0,0.04677308350801468
2785625088.0,0.03376948460936546
2786562560.0,0.020081352442502975
2787500032.0,0.007412654813379049
2788437504.0,-0.005346160847693682
2789374976.0,-0.018744446337223053
2790312448.0,-0.030477384105324745
2791249920.0,-0.042368415743112564
2792187392.0,-0.05406072735786438
2793125120.0,-0.06457089632749557
2794062592.0,-0.07518856227397919
2795000064.0,-0.08413450419902802
2795937536.0,-0.09305078536272049
2796875008.0,-0.10021346062421799
2797812480.0,-0.10610837489366531
2798749952.0,-0.1115657389163971
2799687424.0,-0.11475865542888641
2800624896.0,-0.11678410321474075
2801562624.0,-0.11834504455327988
2802500096.0,-0.11733487248420715
2803437568.0,-0.11427994072437286
2804375040.0,-0.11225423216819763
2805312512.0,-0.10605016350746155
2806249984.0,-0.09871093183755875
2807187456.0,-0.09087760001420975
2808124928.0,-0.08119786530733109
2809062400.0,-0.07029961794614792
2809999872.0,-0.05737752467393875
2810937600.0,-0.04438822716474533
2811875072.0,-0.029897799715399742
2812812544.0,-0.013870859518647194
2813750016.0,0.0012449760688468814
2814687488.0,0.018687600269913673
2815624960.0,0.03563963621854782
2816562432.0,0.05227642133831978
2817499904.0,0.06958454102277756
2818437376.0,0.08636366575956345
2819375104.0,0.1030678004026413
2820312576.0,0.11998215317726135
2821250048.0,0.13591767847537994
2822187520.0,0.14911212027072906
2823124992.0,0.16142971813678741
2824062464.0,0.17331814765930176
2824999936.0,0.1835523098707199
2825937408.0,0.1915285885334015
2826874880.0,0.19880276918411255
2827812608.0,0.21217112243175507
2828750080.0,0.21383650600910187
2829687552.0,0.21346403658390045
2830625024.0,0.20978575944900513
2831562496.0,0.20358681678771973
2832499968.0,0.19541418552398682
2833437440.0,0.1852305680513382
2834374912.0,0.17213504016399384
2835312384.0,0.15755236148834229
2836250112.0,0.14169688522815704
2837187584.0,0.1250830739736557
2838125056.0,0.10658244043588638
2839062528.0,0.08787545561790466
2840000000.0,0.0674021989107132
2840937472.0,0.04757064953446388
2841874944.0,0.027699759230017662
2842812416.0,0.00898716039955616
2843749888.0,-0.010074487887322903
2844687616.0,-0.028116539120674133
2845625088.0,-0.044390492141246796
2846562560.0,-0.060365356504917145
2847500032.0,-0.07568711787462234
2848437504.0,-0.08830011636018753
2849374976.0,-0.09778569638729095
2850312448.0,-0.10739979147911072
2851249920.0,-0.11483538895845413
2852187392.0,-0.11982439458370209
2853125120.0,-0.12415055930614471
2854062592.0,-0.1263256072998047
2855000064.0,-0.12535718083381653
2855937536.0,-0.12317705899477005
2856875008.0,-0.12042056769132614
2857812480.0,-0.11645201593637466
2858749952.0,-0.11025647073984146
2859687424.0,-0.10293477773666382
2860624896.0,-0.09441074728965759
2861562624.0,-0.08490181714296341
2862500096.0,-0.07580845803022385
2863437568.0,-0.06442023068666458
2864375040.0,-0.05325308442115784
2865312512.0,-0.03982344642281532
2866249984.0,-0.028929222375154495
2867187456.0,-0.01631978526711464
2868124928.0,-0.003162987297400832
2869062400.0,0.00960291363298893
2870000128.0,0.02209419198334217
2870937600.0,0.034767501056194305
2871875072.0,0.04759891703724861
2872812544.0,0.059590164572000504
2873750016.0,0.07334594428539276
2874687488.0,0.08455199748277664
2875624960.0,0.09620153903961182
2876562432.0,0.10860345512628555
2877499904.0,0.11896132677793503
2878437376.0,0.1298849731683731
2879375104.0,0.13974149525165558
2880312576.0,0.14927029609680176
2881250048.0,0.15834344923496246
2882187520.0,0.16623108088970184
2883124992.0,0.1738685965538025
2884062464.0,0.179803729057312
2884999936.0,0.1845182478427887
2885937408.0,0.18968436121940613
2886874880.0,0.19254720211029053
2887812608.0,0.19464057683944702
2888750080.0,0.19667689502239227
2889687552.0,0.19645120203495026
2890625024.0,0.19482870399951935
2891562496.0,0.19157551229000092
2892499968.0,0.1867958903312683
2893437440.0,0.1803559958934784
2894374912.0,0.1726718246936798
2895312384.0,0.16246938705444336
2896250112.0,0.15033495426177979
2897187584.0,0.13726545870304108
2898125056.0,0.12281571328639984
2899062528.0,0.106939896941185
2900000000.0,0.09049859642982483
2900937472.0,0.07234902679920197
2901874944.0,0.05454051122069359
2902812416.0,0.03517637401819229
2903749888.0,0.016533778980374336
2904687616.0,-0.0029307366348803043
2905625088.0,-0.021627072244882584
2906562560.0,-0.03957144170999527
2907500032.0,-0.05752252787351608
2908437504.0,-0.0747041329741478
2909374976.0,-0.09080200642347336
2910312448.0,-0.10473994165658951
2911249920.0,-0.1176689863204956
2912187392.0,-0.129629984498024
2913125120.0,-0.13899683952331543
2914062592.0,-0.14599400758743286
2915000064.0,-0.1519096940755844
2915937536.0,-0.15525943040847778
2916875008.0,-0.1577623188495636
2917812480.0,-0.15631140768527985
2918749952.0,-0.15381759405136108
2919687424.0,-0.14863358438014984
2920624896.0,-0.14267310500144958
2921562624.0,-0.1326809674501419
2922500096.0,-0.12218866497278214
2923437568.0,-0.11040902137756348
2924375040.0,-0.09695789217948914
2925312512.0,-0.0818013846874237
2926249984.0,-0.06598550826311111
2927187456.0,-0.049402471631765366
2928124928.0,-0.03197028860449791
2929062400.0,-0.013438235968351364
2929999872.0,0.004024670459330082
2930937600.0,0.021928293630480766
2931875072.0,0.03846116364002228
2932812544.0,0.056501246988773346
2933750016.0,0.0733327865600586
2934687488.0,0.08799479156732559
2935624960.0,0.10305532068014145
2936562432.0,0.11713936179876328
2937499904.0,0.12831109762191772
2938437376.0,0.13953323662281036
2939375104.0,0.1474982053041458
2940312576.0,0.15569205582141876
2941250048.0,0.16145837306976318
2942187520.0,0.1661551296710968
2943124992.0,0.16991594433784485
2944062464.0,0.1703425794839859
2944999936.0,0.17217037081718445
2945937408.0,0.1715436726808548
2946874880.0,0.16943827271461487
2947812608.0,0.16396929323673248
2948750080.0,0.16195324063301086
2949687552.0,0.16009621322155
2950625024.0,0.15580983459949493
2951562496.0,0.15093547105789185
2952499968.0,0.14676715433597565
2953437440.0,0.13964374363422394
2954374912.0,0.13333339989185333
2955312384.0,0.1254507452249527
2956250112.0,0.1171114593744278
2957187584.0,0.1079925000667572
2958125056.0,0.0983305498957634
2959062528.0,0.08899606019258499
2960000000.0,0.07728714495897293
2960937472.0,0.06709376722574234
2961874944.0,0.05554407462477684
2962812416.0,0.043940383940935135
2963749888.0,0.03338497132062912
2964687616.0,0.021715255454182625
2965625088.0,0.010113107971847057
2966562560.0,-0.0011949852341786027
2967500032.0,-0.013254334218800068
2968437504.0,-0.023279579356312752
2969374976.0,-0.033985257148742676
2970312448.0,-0.04512937366962433
2971249920.0,-0.05424688383936882
2972187392.0,-0.06362589448690414
2973125120.0,-0.07205870747566223
2974062592.0,-0.07953454554080963
2975000064.0,-0.08653409779071808
2975937536.0,-0.09178869426250458
2976875008.0,-0.09765803068876266
2977812480.0,-0.10075255483388901
2978749952.0,-0.10353746265172958
2979687424.0,-0.1055116280913353
2980624896.0,-0.1059083417057991
2981562624.0,-0.10537736862897873
2982500096.0,-0.10291672497987747
2983437568.0,-0.10103772580623627
2984375040.0,-0.09663225710391998
2985312512.0,-0.09240397065877914
2986249984.0,-0.08734984695911407
2987187456.0,-0.08171331882476807
2988124928.0,-0.07399041205644608
2989062400.0,-0.06522081047296524
2990000128.0,-0.058733176440000534
2990937600.0,-0.0491236187517643
2991875072.0,-0.04127630963921547
2992812544.0,-0.03188140317797661
2993750016.0,-0.021835682913661003
2994687488.0,-0.013556468300521374
2995624960.0,-0.004905581008642912
2996562432.0,0.0031621491070836782
2997499904.0,0.010534183122217655
2998437376.0,0.016962826251983643
2999375104.0,0.02339448407292366
3000312576.0,0.02725575678050518
3001250048.0,0.030986696481704712
3002187520.0,0.03473728150129318
3003124992.0,0.03728668764233589
3004062464.0,0.038376081734895706
3004999936.0,0.03961465507745743
3005937408.0,0.038933079689741135
3006874880.0,0.03788816183805466
3007812608.0,0.0335833765566349
3008750080.0,0.029519831761717796
3009687552.0,0.025975124910473824
3010625024.0,0.021509159356355667
3011562496.0,0.016109157353639603
3012499968.0,0.011183730326592922
3013437440.0,0.0065821697935462
3014374912.0,0.0008153365342877805
3015312384.0,-0.0037382033187896013
3016250112.0,-0.008589006960391998
3017187584.0,-0.01355545874685049
3018125056.0,-0.019493049010634422
3019062528.0,-0.023489292711019516
3020000000.0,-0.029316525906324387
3020937472.0,-0.03403531014919281
3021874944.0,-0.03910273686051369
3022812416.0,-0.043718598783016205
3023749888.0,-0.04947400465607643
3024687616.0,-0.054175183176994324
3025625088.0,-0.058212053030729294
3026562560.0,-0.06312092393636703
3027500032.0,-0.06751897931098938
3028437504.0,-0.07150261849164963
3029374976.0,-0.07541434466838837
3030312448.0,-0.07916099578142166
3031249920.0,-0.08288989216089249
3032187392.0,-0.0860239788889885
3033125120.0,-0.08883851021528244
3034062592.0,-0.09168834239244461
3035000064.0,-0.09453119337558746
3035937536.0,-0.09743059426546097
3036875008.0,-0.09927701950073242
3037812480.0,-0.10048846900463104
3038749952.0,-0.10099784284830093
3039687424.0,-0.10203973203897476
3040624896.0,-0.10160580277442932
3041562624.0,-0.1016557589173317
3042500096.0,-0.10058055073022842
3043437568.0,-0.0991394892334938
3044375040.0,-0.09661387652158737
3045312512.0,-0.0935903936624527
3046249984.0,-0.09075072407722473
3047187456.0,-0.08738486468791962
3048124928.0,-0.08329711854457855
3049062400.0,-0.07879192382097244
3049999872.0,-0.0740935429930687
3050937600.0,-0.06930360943078995
3051875072.0,-0.06492271274328232
3052812544.0,-0.05856088921427727
3053750016.0,-0.05294250696897507
3054687488.0,-0.04739505797624588
3055624960.0,-0.041871875524520874
3056562432.0,-0.03694618120789528
3057499904.0,-0.03034920059144497
3058437376.0,-0.02596607804298401
3059375104.0,-0.02015628106892109
3060312576.0,-0.015571530908346176
3061250048.0,-0.011957494542002678
3062187520.0,-0.00822759885340929
3063124992.0,-0.004662966821342707
3064062464.0,-0.0020901313982903957
3064999936.0,-0.0006376558449119329
3065937408.0,0.0008270117687061429
3066874880.0,0.00022796570556238294
3067812608.0,0.015191919170320034
3068750080.0,0.008698918856680393
3069687552.0,0.0022687099408358335
3070625024.0,-0.005220442079007626
3071562496.0,-0.01327788271009922
3072499968.0,-0.023040752857923508
3073437440.0,-0.030862975865602493
3074374912.0,-0.03991779685020447
3075312384.0,-0.04956638813018799
3076250112.0,-0.0591125413775444
3077187584.0,-0.06810403615236282
3078125056.0,-0.07741187512874603
3079062528.0,-0.08514093607664108
3080000000.0,-0.09307066351175308
3080937472.0,-0.09927427023649216
3081874944.0,-0.10535501688718796
3082812416.0,-0.11017321795225143
3083749888.0,-0.11341816931962967
3084687616.0,-0.11724860221147537
3085625088.0,-0.11985301971435547
3086562560.0,-0.11910024285316467
3087500032.0,-0.1190003827214241
3088437504.0,-0.11724456399679184
3089374976.0,-0.11435387283563614
3090312448.0,-0.11060313135385513
3091249920.0,-0.1064610406756401
3092187392.0,-0.10010781139135361
3093125120.0,-0.09308627247810364
3094062592.0,-0.08528190851211548
3095000064.0,-0.07645856589078903
3095937536.0,-0.067598856985569
3096875008.0,-0.05928363651037216
3097812480.0,-0.04962971433997154
3098749952.0,-0.03907759487628937
3099687424.0,-0.029284175485372543
3100624896.0,-0.018797870725393295
3101562624.0,-0.008149269968271255
3102500096.0,0.0017093298956751823
3103437568.0,0.011111235246062279
3104375040.0,0.020217522978782654
3105312512.0,0.029712671414017677
3106249984.0,0.03863690793514252
3107187456.0,0.04630214348435402
3108124928.0,0.05358541011810303
3109062400.0,0.06099778041243553
3110000128.0,0.06815902888774872
3110937600.0,0.07444683462381363
3111875072.0,0.08011779189109802
3112812544.0,0.08582226186990738
3113750016.0,0.09016653150320053
3114687488.0,0.09389758855104446
3115624960.0,0.09768734872341156
3116562432.0,0.1007949486374855
3117499904.0,0.10407105088233948
3118437376.0,0.10564462840557098
3119375104.0,0.10878044366836548
3120312576.0,0.11041553318500519
3121250048.0,0.11213641613721848
3122187520.0,0.11379210650920868
3123124992.0,0.11534634232521057
3124062464.0,0.11629557609558105
3124999936.0,0.11696991324424744
3125937408.0,0.11829795688390732
3126874880.0,0.11776845157146454
3127812608.0,0.13764183223247528
3128750080.0,0.13463234901428223
3129687552.0,0.13245955109596252
3130625024.0,0.13077592849731445
3131562496.0,0.1283329874277115
3132499968.0,0.1264541894197464
3133437440.0,0.12524539232254028
3134374912.0,0.1240408718585968
3135312384.0,0.12195287644863129
3136250112.0,0.12057233601808548
3137187584.0,0.11943188309669495
3138125056.0,0.11907730996608734
3139062528.0,0.11822734773159027
3140000000.0,0.11732266843318939
3140937472.0,0.1164981797337532
3141874944.0,0.11581795662641525
3142812416.0,0.11540282517671585
3143749888.0,0.11453080177307129
3144687616.0,0.1127377599477768
3145625088.0,0.1118745505809784
3146562560.0,0.11012589931488037
3147500032.0,0.10831087082624435
3148437504.0,0.10561734437942505
3149374976.0,0.10253513604402542
3150312448.0,0.09900479763746262
3151249920.0,0.09522408246994019
3152187392.0,0.09019042551517487
3153125120.0,0.08495775610208511
3154062592.0,0.07854947447776794
3155000064.0,0.07150761783123016
3155937536.0,0.06364289671182632
3156875008.0,0.056569356471300125
3157812480.0,0.04748663678765297
3158749952.0,0.038531433790922165
3159687424.0,0.027811644598841667
3160624896.0,0.016713852062821388
3161562624.0,0.005429265089333057
3162500096.0,-0.005082378163933754
3163437568.0,-0.01673784665763378
3164375040.0,-0.028162654489278793
3165312512.0,-0.04044291004538536
3166249984.0,-0.052757225930690765
3167187456.0,-0.06336180865764618
3168124928.0,-0.0744948461651802
3169062400.0,-0.08524557203054428
3169999872.0,-0.09495168924331665
3170937600.0,-0.10425415635108948
3171875072.0,-0.1118059903383255
3172812544.0,-0.11813542991876602
3173750016.0,-0.12448280304670334
3174687488.0,-0.1292153298854828
3175624960.0,-0.13336455821990967
3176562432.0,-0.13487176597118378
3177499904.0,-0.13691775500774384
3178437376.0,-0.13517367839813232
3179375104.0,-0.13299554586410522
3180312576.0,-0.13019110262393951
3181250048.0,-0.12429746985435486
3182187520.0,-0.11653923988342285
3183124992.0,-0.10784932225942612
3184062464.0,-0.09868951886892319
3184999936.0,-0.08673522621393204
3185937408.0,-0.07498332113027573
3186874880.0,-0.060859158635139465
3187812608.0,0.06424473226070404
3188750080.0,0.06308554857969284
3189687552.0,0.06250084191560745
3190625024.0,0.0629551038146019
3191562496.0,0.06379412859678268
3192499968.0,0.06542744487524033
3193437440.0,0.06744513660669327
3194374912.0,0.07121066004037857
3195312384.0,0.07464048266410828
3196250112.0,0.07895466685295105
3197187584.0,0.08338762074708939
3198125056.0,0.08816605806350708
3199062528.0,0.09265045821666718
3200000000.0,0.09737063199281693
3200937472.0,0.10191604495048523
3201874944.0,0.10466918349266052
3202812416.0,0.10838378965854645
3203749888.0,0.10997512936592102
3204687616.0,0.11173839122056961
3205625088.0,0.11053146421909332
3206562560.0,0.10965053737163544
3207500032.0,0.1066499724984169
3208437504.0,0.10304976999759674
3209374976.0,0.09858525544404984
3210312448.0,0.09416425228118896
3211249920.0,0.08688966184854507
3212187392.0,0.0790984109044075
3213125120.0,0.06962168216705322
3214062592.0,0.0587015263736248
3215000064.0,0.04869256541132927
3215937536.0,0.0367162823677063
3216875008.0,0.02422613650560379
3217812480.0,0.011380298063158989
3218749952.0,-0.00016916112508624792
3219687424.0,-0.012822845950722694
3220624896.0,-0.025953879579901695
3221562624.0,-0.03837423026561737
3222500096.0,-0.05064556375145912
3223437568.0,-0.060832228511571884
3224375040.0,-0.07186901569366455
3225312512.0,-0.08094178885221481
3226249984.0,-0.08892010897397995
3227187456.0,-0.09563862532377243
3228124928.0,-0.10117145627737045
3229062400.0,-0.10591601580381393
3230000128.0,-0.1088634803891182
3230937600.0,-0.11022640764713287
3231875072.0,-0.11061277985572815
3232812544.0,-0.11003478616476059
3233750016.0,-0.10872434079647064
3234687488.0,-0.1057519018650055
3235624960.0,-0.10289496183395386
3236562432.0,-0.09838821738958359
3237499904.0,-0.0934448167681694
3238437376.0,-0.08863791078329086
3239375104.0,-0.08268433064222336
3240312576.0,-0.07695676386356354
3241250048.0,-0.0726986825466156
3242187520.0,-0.06735952198505402
3243124992.0,-0.06373294442892075
3244062464.0,-0.05945713818073273
3244999936.0,-0.05741650611162186
3245937408.0,-0.05613624304533005
3246874880.0,-0.05545950308442116
3247812608.0,-0.04801616445183754
3248750080.0,-0.050740230828523636
3249687552.0,-0.05487174168229103
3250625024.0,-0.05958608165383339
3251562496.0,-0.06205829977989197
3252499968.0,-0.06521309912204742
3253437440.0,-0.06704962253570557
3254374912.0,-0.06783725321292877
3255312384.0,-0.06792186945676804
3256250112.0,-0.06636855006217957
3257187584.0,-0.06411417573690414
3258125056.0,-0.06044445559382439
3259062528.0,-0.05512267351150513
3260000000.0,-0.05009474605321884
3260937472.0,-0.04352487251162529
3261874944.0,-0.036155816167593
3262812416.0,-0.028626708313822746
3263749888.0,-0.020062804222106934
3264687616.0,-0.011278193444013596
3265625088.0,-0.0035088337026536465
3266562560.0,0.004113424569368362
3267500032.0,0.010528672486543655
3268437504.0,0.017489230260252953
3269374976.0,0.02175368368625641
3270312448.0,0.02595478482544422
3271249920.0,0.028827805072069168
3272187392.0,0.0304412841796875
3273125120.0,0.031063411384820938
3274062592.0,0.030796943232417107
3275000064.0,0.028654154390096664
3275937536.0,0.02677377499639988
3276875008.0,0.025224626064300537
3277812480.0,0.0224414374679327
3278749952.0,0.020781196653842926
3279687424.0,0.01808888651430607
3280624896.0,0.015651701018214226
3281562624.0,0.015123733319342136
3282500096.0,0.01444616075605154
3283437568.0,0.014986463822424412
3284375040.0,0.0156251173466444
3285312512.0,0.018200049176812172
3286249984.0,0.019746245816349983
3287187456.0,0.02115599811077118
3288124928.0,0.022964632138609886
3289062400.0,0.02370031364262104
3289999872.0,0.02500797249376774
3290937600.0,0.02532356046140194
3291875072.0,0.024908093735575676
3292812544.0,0.021811040118336678
3293750016.0,0.018006645143032074
3294687488.0,0.014146780595183372
3295624960.0,0.008464638143777847
3296562432.0,0.0028362791053950787
3297499904.0,-0.005664546508342028
3298437376.0,-0.013376877643167973
3299375104.0,-0.02100171148777008
3300312576.0,-0.029769690707325935
3301250048.0,-0.0384194552898407
3302187520.0,-0.04852649196982384
3303124992.0,-0.057272616773843765
3304062464.0,-0.06641802191734314
3304999936.0,-0.07521931082010269
3305937408.0,-0.08414606004953384
3306874880.0,-0.09180650115013123
3307812608.0,-0.057857099920511246
3308750080.0,-0.05512090399861336
3309687552.0,-0.05302578583359718
3310625024.0,-0.050959959626197815
3311562496.0,-0.048217110335826874
3312499968.0,-0.04768848046660423
3313437440.0,-0.047117359936237335
3314374912.0,-0.04682450741529465
3315312384.0,-0.04685620591044426
3316250112.0,-0.048362139612436295
3317187584.0,-0.04953121393918991
3318125056.0,-0.05278444662690163
3319062528.0,-0.055338919162750244
3320000000.0,-0.05965469777584076
3320937472.0,-0.06352705508470535
3321874944.0,-0.06890441477298737
3322812416.0,-0.07485362142324448
3323749888.0,-0.08156302571296692
3324687616.0,-0.08797124028205872
3325625088.0,-0.09440289437770844
3326562560.0,-0.10081689059734344
3327500032.0,-0.10689736902713776
3328437504.0,-0.11349432915449142
3329374976.0,-0.12026753276586533
3330312448.0,-0.12483354657888412
3331249920.0,-0.13046391308307648
3332187392.0,-0.13498614728450775
3333125120.0,-0.13916024565696716
3334062592.0,-0.14220309257507324
3335000064.0,-0.14438776671886444
3335937536.0,-0.1455175280570984
3336875008.0,-0.14555078744888306
3337812480.0,-0.14460685849189758
3338749952.0,-0.14249512553215027
3339687424.0,-0.13855238258838654
3340624896.0,-0.13253971934318542
3341562624.0,-0.12730203568935394
3342500096.0,-0.12105318903923035
3343437568.0,-0.11354895681142807
3344375040.0,-0.10597752779722214
3345312512.0,-0.09745755791664124
3346249984.0,-0.08898231387138367
3347187456.0,-0.07990865409374237
3348124928.0,-0.07009271532297134
3349062400.0,-0.05981879308819771
3350000128.0,-0.05052177980542183
3350937600.0,-0.04077620804309845
3351875072.0,-0.032180268317461014
3352812544.0,-0.022942256182432175
3353750016.0,-0.014999927021563053
3354687488.0,-0.007780392188578844
3355624960.0,-0.0008201520540751517
3356562432.0,0.004909993149340153
3357499904.0,0.010409370064735413
3358437376.0,0.014966311864554882
3359375104.0,0.01882251910865307
3360312576.0,0.022951064631342888
3361250048.0,0.025330418720841408
3362187520.0,0.028955144807696342
3363124992.0,0.031592413783073425
3364062464.0,0.03340887278318405
3364999936.0,0.035255979746580124
3365937408.0,0.03657432273030281
3366874880.0,0.03862409293651581
3367812608.0,0.04678233712911606
3368750080.0,0.054170940071344376
3369687552.0,0.06146708503365517
3370625024.0,0.06715241819620132
3371562496.0,0.07275167107582092
3372499968.0,0.07786524295806885
3373437440.0,0.08078471571207047
3374374912.0,0.08198539912700653
3375312384.0,0.0835743397474289
3376250112.0,0.08292227983474731
3377187584.0,0.08200010657310486
3378125056.0,0.08072051405906677
3379062528.0,0.07721717655658722
3380000000.0,0.07306406646966934
3380937472.0,0.06641773134469986
3381874944.0,0.05954482778906822
3382812416.0,0.052212346345186234
3383749888.0,0.04410051554441452
3384687616.0,0.03514157235622406
3385625088.0,0.026249850168824196
3386562560.0,0.016132837161421776
3387500032.0,0.005357443355023861
3388437504.0,-0.004006403964012861
3389374976.0,-0.015064449049532413
3390312448.0,-0.024487311020493507
3391249920.0,-0.03486309200525284
3392187392.0,-0.04367494210600853
3393125120.0,-0.05177903547883034
3394062592.0,-0.060545556247234344
3395000064.0,-0.06731601804494858
3395937536.0,-0.07381542772054672
3396875008.0,-0.08031603693962097
3397812480.0,-0.08500500023365021
3398749952.0,-0.08854451775550842
3399687424.0,-0.09120669960975647
3400624896.0,-0.09290893375873566
3401562624.0,-0.09430509060621262
3402500096.0,-0.09556274861097336
3403437568.0,-0.09517673403024673
3404375040.0,-0.09411555528640747
3405312512.0,-0.09211846441030502
3406249984.0,-0.0910617932677269
3407187456.0,-0.08931081742048264
3408124928.0,-0.08569987863302231
3409062400.0,-0.08290611952543259
3409999872.0,-0.07923538237810135
3410937600.0,-0.07463861256837845
3411875072.0,-0.07039003819227219
3412812544.0,-0.06628045439720154
3413750016.0,-0.06283026933670044
3414687488.0,-0.05850479379296303
3415624960.0,-0.0541270449757576
3416562432.0,-0.050743501633405685
3417499904.0,-0.04609983414411545
3418437376.0,-0.04304127395153046
3419375104.0,-0.039280444383621216
3420312576.0,-0.035119231790304184
3421250048.0,-0.030622761696577072
3422187520.0,-0.027881532907485962
3423124992.0,-0.023274242877960205
3424062464.0,-0.01989692822098732
3424999936.0,-0.016388144344091415
3425937408.0,-0.012846559286117554
3426874880.0,-0.009237933903932571
3427812608.0,-0.005935507360845804
3428750080.0,-0.0026708294171839952
3429687552.0,-8.165757026290521e-05
3430625024.0,0.004153124522417784
3431562496.0,0.008188949897885323
3432499968.0,0.011298761703073978
3433437440.0,0.015261177904903889
3434374912.0,0.020836563780903816
3435312384.0,0.02693554013967514
3436250112.0,0.03279277682304382
3437187584.0,0.04029843583703041
3438125056.0,0.04969518631696701
3439062528.0,0.05967992916703224
3440000000.0,0.07086701691150665
3440937472.0,0.08289876580238342
3441874944.0,0.09606451541185379
3442812416.0,0.10951980948448181
3443749888.0,0.12317351996898651
3444687616.0,0.1376492828130722
3445625088.0,0.15175867080688477
3446562560.0,0.16480505466461182
3447500032.0,0.1778380423784256
3448437504.0,0.1898735761642456
3449374976.0,0.20015375316143036
3450312448.0,0.2077742964029312
3451249920.0,0.21475930511951447
3452187392.0,0.2193310707807541
3453125120.0,0.22098150849342346
3454062592.0,0.22162587940692902
3455000064.0,0.21800124645233154
3455937536.0,0.2131926268339157
3456875008.0,0.20488561689853668
3457812480.0,0.19443920254707336
3458749952.0,0.1815161108970642
3459687424.0,0.16716179251670837
3460624896.0,0.15098465979099274
3461562624.0,0.13392794132232666
3462500096.0,0.11521315574645996
3463437568.0,0.09592268615961075
3464375040.0,0.07710779458284378
3465312512.0,0.056447818875312805
3466249984.0,0.0374474935233593
3467187456.0,0.01853596419095993
3468124928.0,0.0009618118638172746
3469062400.0,-0.014427772723138332
3470000128.0,-0.02884812466800213
3470937600.0,-0.041304826736450195
3471875072.0,-0.05207157880067825
3472812544.0,-0.061443936079740524
3473750016.0,-0.06833776086568832
3474687488.0,-0.0733509436249733
3475624960.0,-0.07636436820030212
3476562432.0,-0.07817167788743973
3477499904.0,-0.07868295907974243
3478437376.0,-0.07634201645851135
3479375104.0,-0.07374918460845947
3480312576.0,-0.0691407173871994
3481250048.0,-0.06415203958749771
3482187520.0,-0.05998505651950836
3483124992.0,-0.05488545820116997
3484062464.0,-0.04929932579398155
3484999936.0,-0.04425062611699104
3485937408.0,-0.04068697988986969
3486874880.0,-0.03536579757928848
3487812608.0,-0.020804928615689278
3488750080.0,-0.023989558219909668
3489687552.0,-0.02835416980087757
3490625024.0,-0.032769639045000076
3491562496.0,-0.03867672383785248
3492499968.0,-0.044690657407045364
3493437440.0,-0.04950981214642525
3494374912.0,-0.054873328655958176
3495312384.0,-0.060271479189395905
3496250112.0,-0.0648568719625473
3497187584.0,-0.06950955837965012
3498125056.0,-0.07264189422130585
3499062528.0,-0.07577568292617798
3500000000.0,-0.07791415601968765
3500937472.0,-0.0768994390964508
3501874944.0,-0.07608906179666519
3502812416.0,-0.07306959480047226
3503749888.0,-0.06936781108379364
3504687616.0,-0.06438979506492615
3505625088.0,-0.058988820761442184
3506562560.0,-0.05256093293428421
3507500032.0,-0.0457010380923748
3508437504.0,-0.0383291095495224
3509374976.0,-0.029657913371920586
3510312448.0,-0.020781779661774635
3511249920.0,-0.011296223849058151
3512187392.0,-0.0020450688898563385
3513125120.0,0.006361952982842922
3514062592.0,0.015362505801022053
3515000064.0,0.024123432114720345
3515937536.0,0.03246228024363518
3516875008.0,0.04008951410651207
3517812480.0,0.04596305266022682
3518749952.0,0.05157053843140602
3519687424.0,0.05616936832666397
3520624896.0,0.05846910923719406
3521562624.0,0.0597693994641304
3522500096.0,0.06168563663959503
3523437568.0,0.06071542203426361
3524375040.0,0.05903737246990204
3525312512.0,0.056727949529886246
3526249984.0,0.053799815475940704
3527187456.0,0.049279410392045975
3528124928.0,0.04436318203806877
3529062400.0,0.03901220113039017
3529999872.0,0.034082215279340744
3530937600.0,0.028632543981075287
3531875072.0,0.02291460894048214
3532812544.0,0.017886344343423843
3533750016.0,0.012846079654991627
3534687488.0,0.007937775924801826
3535624960.0,0.003766374196857214
3536562432.0,0.0007619036477990448
3537499904.0,-0.0032265221234411
3538437376.0,-0.006414591334760189
3539375104.0,-0.006230290047824383
3540312576.0,-0.006149057764559984
3541250048.0,-0.0056166318245232105
3542187520.0,-0.004492803476750851
3543124992.0,-0.002067150315269828
3544062464.0,0.0010032962309196591
3544999936.0,0.0046923658810555935
3545937408.0,0.010203313082456589
3546874880.0,0.014797992072999477
3547812608.0,0.01700405962765217
3548750080.0,0.016370754688978195
3549687552.0,0.014600868336856365
3550625024.0,0.011485331691801548
3551562496.0,0.008682075887918472
3552499968.0,0.0060869622975587845
3553437440.0,0.0033355706837028265
3554374912.0,-0.00016038668400142342
3555312384.0,-0.0025633734185248613
3556250112.0,-0.005446170456707478
3557187584.0,-0.00927317701280117
3558125056.0,-0.012865019962191582
3559062528.0,-0.01657111942768097
3560000000.0,-0.020353222265839577
3560937472.0,-0.022938989102840424
3561874944.0,-0.026252565905451775
3562812416.0,-0.029863597825169563
3563749888.0,-0.03191085159778595
3564687616.0,-0.03424384444952011
3565625088.0,-0.036194369196891785
3566562560.0,-0.03840729221701622
3567500032.0,-0.039830952882766724
3568437504.0,-0.04123911261558533
3569374976.0,-0.0419980026781559
3570312448.0,-0.042196694761514664
3571249920.0,-0.042406827211380005
3572187392.0,-0.0414259098470211
3573125120.0,-0.04060869663953781
3574062592.0,-0.039314836263656616
3575000064.0,-0.038301367312669754
3575937536.0,-0.037373777478933334
3576875008.0,-0.036097604781389236
3577812480.0,-0.03396232798695564
3578749952.0,-0.03220176324248314
3579687424.0,-0.029794596135616302
3580624896.0,-0.02754291519522667
3581562624.0,-0.026118218898773193
3582500096.0,-0.023437265306711197
3583437568.0,-0.022352181375026703
3584375040.0,-0.021808519959449768
3585312512.0,-0.02097271755337715
3586249984.0,-0.019925108179450035
3587187456.0,-0.019949262961745262
3588124928.0,-0.020005984231829643
3589062400.0,-0.02017492614686489
3590000128.0,-0.01969684660434723
3590937600.0,-0.019675396382808685
3591875072.0,-0.01894398033618927
3592812544.0,-0.01921945996582508
3593750016.0,-0.0184225682169199
3594687488.0,-0.01809362880885601
3595624960.0,-0.017567511647939682
3596562432.0,-0.016481317579746246
3597499904.0,-0.014947308227419853
3598437376.0,-0.013592635281383991
3599375104.0,-0.010840270668268204
3600312576.0,-0.007886597886681557
3601250048.0,-0.005226419772952795
3602187520.0,-0.001330826198682189
3603124992.0,0.0026119521353393793
3604062464.0,0.009258913807570934
3604999936.0,0.01347692683339119
3605937408.0,0.019880205392837524
3606874880.0,0.026542793959379196
3607812608.0,0.048625875264406204
3608750080.0,0.05818834900856018
3609687552.0,0.06595536321401596
3610625024.0,0.07458015531301498
3611562496.0,0.08293644338846207
3612499968.0,0.0901355966925621
3613437440.0,0.09645386040210724
3614374912.0,0.1022576168179512
3615312384.0,0.10708107054233551
3616250112.0,0.11125129461288452
3617187584.0,0.11436223983764648
3618125056.0,0.11580202728509903
3619062528.0,0.1164461299777031
3620000000.0,0.11600849032402039
3620937472.0,0.1130126491189003
3621874944.0,0.11138222366571426
3622812416.0,0.10763134807348251
3623749888.0,0.10234556347131729
3624687616.0,0.09641686826944351
3625625088.0,0.08980341255664825
3626562560.0,0.08318252116441727
3627500032.0,0.07617315649986267
3628437504.0,0.06825494766235352
3629374976.0,0.0603984035551548
3630312448.0,0.05137123167514801
3631249920.0,0.04200272262096405
3632187392.0,0.03269369527697563
3633125120.0,0.02294398657977581
3634062592.0,0.013219889253377914
3635000064.0,0.003316127695143223
3635937536.0,-0.006516539491713047
3636875008.0,-0.016050301492214203
3637812480.0,-0.025898762047290802
3638749952.0,-0.03489142283797264
3639687424.0,-0.04405675083398819
3640624896.0,-0.05191107839345932
3641562624.0,-0.060167912393808365
3642500096.0,-0.06731915473937988
3643437568.0,-0.07481294870376587
3644375040.0,-0.08184006810188293
3645312512.0,-0.08760202676057816
3646249984.0,-0.09401021897792816
3647187456.0,-0.09978095442056656
3648124928.0,-0.10361757129430771
3649062400.0,-0.10823997110128403
3649999872.0,-0.11259260028600693
3650937600.0,-0.11459849029779434
3651875072.0,-0.11648239195346832
3652812544.0,-0.11797738820314407
3653750016.0,-0.11860423535108566
3654687488.0,-0.11999966949224472
3655624960.0,-0.11908764392137527
3656562432.0,-0.11912941932678223
3657499904.0,-0.11723504960536957
3658437376.0,-0.11562555283308029
3659375104.0,-0.11314371228218079
3660312576.0,-0.11019892990589142
3661250048.0,-0.10766912996768951
3662187520.0,-0.10323981940746307
3663124992.0,-0.09998491406440735
3664062464.0,-0.09654311835765839
3664999936.0,-0.09135214984416962
3665937408.0,-0.08814191818237305
3666874880.0,-0.08278258144855499
3667812608.0,-0.06669766455888748
3668750080.0,-0.06657204777002335
3669687552.0,-0.065323606133461
3670625024.0,-0.06340044736862183
3671562496.0,-0.06134449318051338
3672499968.0,-0.05807303637266159
3673437440.0,-0.053605880588293076
3674374912.0,-0.049371883273124695
3675312384.0,-0.04351736977696419
3676250112.0,-0.0379430428147316
3677187584.0,-0.03186915069818497
3678125056.0,-0.025197550654411316
3679062528.0,-0.01719636656343937
3680000000.0,-0.009189528413116932
3680937472.0,-0.0003213758463971317
3681874944.0,0.00810007844120264
3682812416.0,0.017366571351885796
3683749888.0,0.025953469797968864
3684687616.0,0.03484181687235832
3685625088.0,0.043360140174627304
3686562560.0,0.05221123993396759
3687500032.0,0.059933193027973175
3688437504.0,0.06787605583667755
3689374976.0,0.07432324439287186
3690312448.0,0.08009541779756546
3691249920.0,0.08573544770479202
3692187392.0,0.09070924669504166
3693125120.0,0.09509889036417007
3694062592.0,0.09652186185121536
3695000064.0,0.09873241931200027
3695937536.0,0.09950452297925949
3696875008.0,0.09931086748838425
3697812480.0,0.09778203815221786
3698749952.0,0.0948047935962677
3699687424.0,0.09298285841941833
3700624896.0,0.08884438872337341
3701562624.0,0.08499595522880554
3702500096.0,0.07864994555711746
3703437568.0,0.0729505643248558
3704375040.0,0.06707148998975754
3705312512.0,0.05861089006066322
3706249984.0,0.05144822224974632
3707187456.0,0.043891388922929764
3708124928.0,0.03563163802027702
3709062400.0,0.02678030915558338
3710000128.0,0.016793813556432724
3710937600.0,0.00936946552246809
3711875072.0,-0.00021177975577302277
3712812544.0,-0.008224963210523129
3713750016.0,-0.013815867714583874
3714687488.0,-0.020667457953095436
3715624960.0,-0.025415802374482155
3716562432.0,-0.030901553109288216
3717499904.0,-0.033732254058122635
3718437376.0,-0.03674139082431793
3719375104.0,-0.03867676854133606
3720312576.0,-0.0397411584854126
3721250048.0,-0.041012052446603775
3722187520.0,-0.040410254150629044
3723124992.0,-0.040715787559747696
3724062464.0,-0.038672517985105515
3724999936.0,-0.03718964383006096
3725937408.0,-0.03534099832177162
3726874880.0,-0.03393330052495003
3727812608.0,-0.036652978509664536
3728750080.0,-0.036820363253355026
3729687552.0,-0.03576355427503586
3730625024.0,-0.034894175827503204
3731562496.0,-0.034407977014780045
3732499968.0,-0.033367130905389786
3733437440.0,-0.034098610281944275
3734374912.0,-0.034395281225442886
3735312384.0,-0.03501012921333313
3736250112.0,-0.03587639704346657
3737187584.0,-0.03772558271884918
3738125056.0,-0.03961556404829025
3739062528.0,-0.042056549340486526
3740000000.0,-0.04515141248703003
3740937472.0,-0.04990282282233238
3741874944.0,-0.05332545191049576
3742812416.0,-0.05834175646305084
3743749888.0,-0.06286053359508514
3744687616.0,-0.06841127574443817
3745625088.0,-0.07286609709262848
3746562560.0,-0.07851041853427887
3747500032.0,-0.0844840407371521
3748437504.0,-0.08900893479585648
3749374976.0,-0.09468448162078857
3750312448.0,-0.10059613734483719
3751249920.0,-0.10624424368143082
3752187392.0,-0.1113748848438263
3753125120.0,-0.11618287116289139
3754062592.0,-0.11932165175676346
3755000064.0,-0.12390793114900589
3755937536.0,-0.12531352043151855
3756875008.0,-0.12752488255500793
3757812480.0,-0.12731224298477173
3758749952.0,-0.12712575495243073
3759687424.0,-0.12476637214422226
3760624896.0,-0.12025786191225052
3761562624.0,-0.11552763730287552
3762500096.0,-0.10944221168756485
3763437568.0,-0.10185623168945312
3764375040.0,-0.09313631802797318
3765312512.0,-0.08463394641876221
3766249984.0,-0.07482583075761795
3767187456.0,-0.06348031759262085
3768124928.0,-0.052907876670360565
3769062400.0,-0.04116598889231682
3769999872.0,-0.029783179983496666
3770937600.0,-0.01926102675497532
3771875072.0,-0.007020104210823774
3772812544.0,0.002139416756108403
3773750016.0,0.012390409596264362
3774687488.0,0.020009122788906097
3775624960.0,0.027863595634698868
3776562432.0,0.03403620421886444
3777499904.0,0.03749842196702957
3778437376.0,0.0410938486456871
3779375104.0,0.04283939301967621
3780312576.0,0.04295243322849274
3781250048.0,0.04078732058405876
3782187520.0,0.03709513321518898
3783124992.0,0.03182542324066162
3784062464.0,0.02530437894165516
3784999936.0,0.01806410774588585
3785937408.0,0.00959265697747469
3786874880.0,0.011829065158963203
3787812608.0,0.0029563279822468758
3788750080.0,-0.006553527433425188
3789687552.0,-0.017053918913006783
3790625024.0,-0.02754666469991207
3791562496.0,-0.04009078070521355
3792499968.0,-0.05096407234668732
3793437440.0,-0.062234338372945786
3794374912.0,-0.07422827184200287
3795312384.0,-0.08449103683233261
3796250112.0,-0.09547851979732513
3797187584.0,-0.10625951737165451
3798125056.0,-0.1166248768568039
3799062528.0,-0.12584558129310608
3800000000.0,-0.1331792175769806
3800937472.0,-0.1394137591123581
3801874944.0,-0.14562958478927612
3802812416.0,-0.14964689314365387
3803749888.0,-0.1535639762878418
3804687616.0,-0.15533587336540222
3805625088.0,-0.15608473122119904
3806562560.0,-0.15630197525024414
3807500032.0,-0.15404123067855835
3808437504.0,-0.149555042386055
3809374976.0,-0.14447511732578278
3810312448.0,-0.13913889229297638
3811249920.0,-0.13045334815979004
3812187392.0,-0.12296732515096664
3813125120.0,-0.11396581679582596
3814062592.0,-0.10486885160207748
3815000064.0,-0.09539391845464706
3815937536.0,-0.08493266999721527
3816875008.0,-0.07645729929208755
3817812480.0,-0.06565147638320923
3818749952.0,-0.05647313594818115
3819687424.0,-0.047321926802396774
3820624896.0,-0.039130136370658875
3821562624.0,-0.03106316737830639
3822500096.0,-0.023435188457369804
3823437568.0,-0.016394011676311493
3824375040.0,-0.009568391367793083
3825312512.0,-0.0057818531058728695
3826249984.0,-0.0009503820328973234
3827187456.0,0.0011500141117721796
3828124928.0,0.0028985815588384867
3829062400.0,0.0033943788148462772
3830000128.0,0.003983037546277046
3830937600.0,0.002018324099481106
3831875072.0,0.0003708269796334207
3832812544.0,-0.003433782607316971
3833750016.0,-0.006579641252756119
3834687488.0,-0.010180911049246788
3835624960.0,-0.014236757531762123
3836562432.0,-0.01902482844889164
3837499904.0,-0.023276150226593018
3838437376.0,-0.02788340486586094
3839375104.0,-0.03182794526219368
3840312576.0,-0.036250416189432144
3841250048.0,-0.040398165583610535
3842187520.0,-0.044325411319732666
3843124992.0,-0.0463484451174736
3844062464.0,-0.04892607033252716
3844999936.0,-0.05170251801609993
3845937408.0,-0.0528600811958313
3846874880.0,-0.04532378166913986
3847812608.0,-0.04091212525963783
3848750080.0,-0.03748234733939171
3849687552.0,-0.03395890071988106
3850625024.0,-0.03129369392991066
3851562496.0,-0.028864536434412003
3852499968.0,-0.026855310425162315
3853437440.0,-0.024964332580566406
3854374912.0,-0.023798605427145958
3855312384.0,-0.024273307994008064
3856250112.0,-0.023395134136080742
3857187584.0,-0.022821299731731415
3858125056.0,-0.023081256076693535
3859062528.0,-0.02383974939584732
3860000000.0,-0.025692949071526527
3860937472.0,-0.027133066207170486
3861874944.0,-0.028981270268559456
3862812416.0,-0.03191140294075012
3863749888.0,-0.03370625525712967
3864687616.0,-0.03546372428536415
3865625088.0,-0.037130340933799744
3866562560.0,-0.03983085975050926
3867500032.0,-0.04191361367702484
3868437504.0,-0.044578056782484055
3869374976.0,-0.0470522865653038
3870312448.0,-0.04821402579545975
3871249920.0,-0.05062335729598999
3872187392.0,-0.05124031752347946
3873125120.0,-0.054010141640901566
3874062592.0,-0.05496452376246452
3875000064.0,-0.055878739804029465
3875937536.0,-0.05861660838127136
3876875008.0,-0.06089908629655838
3877812480.0,-0.06342518329620361
3878749952.0,-0.06541027128696442
3879687424.0,-0.06707759946584702
3880624896.0,-0.0679849162697792
3881562624.0,-0.06919433921575546
3882500096.0,-0.06831337511539459
3883437568.0,-0.06895367056131363
3884375040.0,-0.0690794363617897
3885312512.0,-0.06929793208837509
3886249984.0,-0.07027985155582428
3887187456.0,-0.07017263025045395
3888124928.0,-0.0693039521574974
3889062400.0,-0.06827165186405182
3889999872.0,-0.06902144849300385
3890937600.0,-0.06882771849632263
3891875072.0,-0.06895042210817337
3892812544.0,-0.06982318311929703
3893750016.0,-0.07059523463249207
3894687488.0,-0.07180264592170715
3895624960.0,-0.07292140275239944
3896562432.0,-0.07599306851625443
3897499904.0,-0.07936771214008331
3898437376.0,-0.0824345052242279
3899375104.0,-0.08596575260162354
3900312576.0,-0.08927493542432785
3901250048.0,-0.09383883327245712
3902187520.0,-0.09975165128707886
3903124992.0,-0.10423940420150757
3904062464.0,-0.1090860441327095
3904999936.0,-0.1138996109366417
3905937408.0,-0.11870599538087845
3906874880.0,-0.1376447230577469
3907812608.0,-0.14548912644386292
3908750080.0,-0.15115150809288025
3909687552.0,-0.1547049582004547
3910625024.0,-0.15642012655735016
3911562496.0,-0.15568681061267853
3912499968.0,-0.15305180847644806
3913437440.0,-0.14934256672859192
3914374912.0,-0.14183953404426575
3915312384.0,-0.1330731064081192
3916250112.0,-0.12255169451236725
3917187584.0,-0.11115188151597977
3918125056.0,-0.09840157628059387
3919062528.0,-0.08338923752307892
3920000000.0,-0.06860820949077606
3920937472.0,-0.05165020376443863
3921874944.0,-0.034846823662519455
3922812416.0,-0.018713030964136124
3923749888.0,-0.001972803147509694
3924687616.0,0.01346106268465519
3925625088.0,0.02955973520874977
3926562560.0,0.04340454190969467
3927500032.0,0.056613512337207794
3928437504.0,0.06659650802612305
3929374976.0,0.07579433172941208
3930312448.0,0.08275367319583893
3931249920.0,0.08710594475269318
3932187392.0,0.08943335711956024
3933125120.0,0.08978511393070221
3934062592.0,0.08884423226118088
3935000064.0,0.08581724017858505
3935937536.0,0.08169258385896683
3936875008.0,0.07615453749895096
3937812480.0,0.06910254806280136
3938749952.0,0.06156844645738602
3939687424.0,0.052762653678655624
3940624896.0,0.04424388334155083
3941562624.0,0.03566618263721466
3942500096.0,0.026291828602552414
3943437568.0,0.018551107496023178
3944375040.0,0.00868030171841383
3945312512.0,0.0013123026583343744
3946249984.0,-0.005929866805672646
3947187456.0,-0.012457909993827343
3948124928.0,-0.017647232860326767
3949062400.0,-0.02226988971233368
3950000128.0,-0.026011331006884575
3950937600.0,-0.02944646216928959
3951875072.0,-0.032360292971134186
3952812544.0,-0.03388729318976402
3953750016.0,-0.03627508133649826
3954687488.0,-0.03787967935204506
3955624960.0,-0.0396326445043087
3956562432.0,-0.04070441797375679
3957499904.0,-0.04270835593342781
3958437376.0,-0.044322095811367035
3959375104.0,-0.044911716133356094
3960312576.0,-0.046281591057777405
3961250048.0,-0.04798251762986183
3962187520.0,-0.05051396042108536
3963124992.0,-0.05318420007824898
3964062464.0,-0.057542797178030014
3964999936.0,-0.06211142614483833
3965937408.0,-0.06878728419542313
3966874880.0,-0.08232120424509048
3967812608.0,-0.09584754705429077
3968750080.0,-0.10981851816177368
3969687552.0,-0.12305579334497452
3970625024.0,-0.1362588256597519
3971562496.0,-0.14863072335720062
3972499968.0,-0.1606321930885315
3973437440.0,-0.17187966406345367
3974374912.0,-0.180977925658226
3975312384.0,-0.18946747481822968
3976250112.0,-0.19652803242206573
3977187584.0,-0.20191305875778198
3978125056.0,-0.20482899248600006
3979062528.0,-0.2067471146583557
3980000000.0,-0.2065596580505371
3980937472.0,-0.20562872290611267
3981874944.0,-0.20205092430114746
3982812416.0,-0.19628164172172546
3983749888.0,-0.18985839188098907
3984687616.0,-0.18199555575847626
3985625088.0,-0.1730959117412567
3986562560.0,-0.16329586505889893
3987500032.0,-0.15306389331817627
3988437504.0,-0.14277391135692596
3989374976.0,-0.13122831284999847
3990312448.0,-0.1194799616932869
3991249920.0,-0.1069168969988823
3992187392.0,-0.09504971653223038
3993125120.0,-0.08406971395015717
3994062592.0,-0.07374116778373718
3995000064.0,-0.06408587843179703
3995937536.0,-0.05518254265189171
3996875008.0,-0.04742439463734627
3997812480.0,-0.04124322161078453
3998749952.0,-0.036295823752880096
3999687424.0,-0.03026534616947174
4000624896.0,-0.038656432181596756
4001562624.0,-0.03651752322912216
4002500096.0,-0.03705394268035889
4003437568.0,-0.036703068763017654
4004375040.0,-0.038434743881225586
4005312512.0,-0.04163644090294838
4006249984.0,-0.0452883243560791
4007187456.0,-0.05133288726210594
4008124928.0,-0.05706058815121651
4009062400.0,-0.06485111266374588
4009999872.0,-0.07197285443544388
4010937600.0,-0.08038762956857681
4011875072.0,-0.08951281011104584
4012812544.0,-0.09695427119731903
4013750016.0,-0.1049932986497879
4014687488.0,-0.1137809306383133
4015624960.0,-0.12065798789262772
4016562432.0,-0.12842534482479095
4017499904.0,-0.13593190908432007
4018437376.0,-0.14212101697921753
4019375104.0,-0.14743982255458832
4020312576.0,-0.15325695276260376
4021250048.0,-0.1579693704843521
4022187520.0,-0.16207997500896454
4023124992.0,-0.16617143154144287
4024062464.0,-0.16969162225723267
4024999936.0,-0.17310407757759094
4025937408.0,-0.1746826022863388
4026874880.0,-0.16738681495189667
4027812608.0,-0.17311742901802063
4028750080.0,-0.1789429783821106
4029687552.0,-0.184526726603508
4030625024.0,-0.1890445202589035
4031562496.0,-0.193808913230896
4032499968.0,-0.19702859222888947
4033437440.0,-0.19888579845428467
4034374912.0,-0.20094700157642365
4035312384.0,-0.20164601504802704
4036250112.0,-0.20079146325588226
4037187584.0,-0.19821038842201233
4038125056.0,-0.1956072300672531
4039062528.0,-0.19102811813354492
4040000000.0,-0.18534544110298157
4040937472.0,-0.1798190474510193
4041874944.0,-0.17433609068393707
4042812416.0,-0.16643470525741577
4043749888.0,-0.15788321197032928
4044687616.0,-0.14842067658901215
4045625088.0,-0.13811853528022766
4046562560.0,-0.1268264204263687
4047500032.0,-0.11318638175725937
4048437504.0,-0.10034922510385513
4049374976.0,-0.08629778027534485
4050312448.0,-0.07390399277210236
4051249920.0,-0.058531370013952255
4052187392.0,-0.04532436653971672
4053125120.0,-0.031430378556251526
4054062592.0,-0.01984812505543232
4055000064.0,-0.008785394951701164
4055937536.0,0.003440098138526082
4056875008.0,0.013012134470045567
4057812480.0,0.020334254950284958
4058749952.0,0.027247872203588486
4059687424.0,0.03300834447145462
4060624896.0,0.03653453662991524
4061562624.0,0.03815126791596413
4062500096.0,0.03906261920928955
4063437568.0,0.03793083876371384
4064375040.0,0.03479985147714615
4065312512.0,0.031099483370780945
4066249984.0,0.02575370855629444
4067187456.0,0.01816062070429325
4068124928.0,0.008658167906105518
4069062400.0,-0.0004736866685561836
4070000128.0,-0.011556271463632584
4070937600.0,-0.022475071251392365
4071875072.0,-0.03497380390763283
4072812544.0,-0.04845406860113144
4073750016.0,-0.061676472425460815
4074687488.0,-0.07524079829454422
4075624960.0,-0.08775824308395386
4076562432.0,-0.10004175454378128
4077499904.0,-0.1119113489985466
4078437376.0,-0.12362689524888992
4079375104.0,-0.13357916474342346
4080312576.0,-0.14326229691505432
4081250048.0,-0.15201357007026672
4082187520.0,-0.15968279540538788
4083124992.0,-0.1647626906633377
4084062464.0,-0.16899937391281128
4084999936.0,-0.17139559984207153
4085937408.0,-0.17315015196800232
4086874880.0,-0.15444907546043396
4087812608.0,-0.15378336608409882
4088750080.0,-0.1527864634990692
4089687552.0,-0.14920353889465332
4090625024.0,-0.1464446485042572
4091562496.0,-0.14359436929225922
4092499968.0,-0.13763117790222168
4093437440.0,-0.1328238695859909
4094374912.0,-0.12718574702739716
4095312384.0,-0.12157750129699707
4096250112.0,-0.11481722444295883
4097187584.0,-0.10907643288373947
4098125056.0,-0.10236980766057968
4099062528.0,-0.09662260860204697
4100000000.0,-0.09036777913570404
4100937472.0,-0.08406422287225723
4101874944.0,-0.07751265168190002
4102812416.0,-0.07083552330732346
4103749888.0,-0.06634414941072464
4104687616.0,-0.060908425599336624
4105625088.0,-0.05645148456096649
4106562560.0,-0.05178804695606232
4107500032.0,-0.04715829715132713
4108437504.0,-0.042385973036289215
4109374976.0,-0.03955899178981781
4110312448.0,-0.036321431398391724
4111249920.0,-0.03380293771624565
4112187392.0,-0.03093595616519451
4113125120.0,-0.029209725558757782
4114062592.0,-0.026865212246775627
4115000064.0,-0.025199228897690773
4115937536.0,-0.023155253380537033
4116875008.0,-0.023703664541244507
4117812480.0,-0.023268377408385277
4118749952.0,-0.02299344353377819
4119687424.0,-0.02329627051949501
4120624896.0,-0.024602027609944344
4121562624.0,-0.025100545957684517
4122500096.0,-0.02607514150440693
4123437568.0,-0.02622550167143345
4124375040.0,-0.028240961953997612
4125312512.0,-0.031041434034705162
4126249984.0,-0.03287380933761597
4127187456.0,-0.036463502794504166
4128124928.0,-0.03881758078932762
4129062400.0,-0.04275941848754883
4129999872.0,-0.045640598982572556
4130937600.0,-0.05077970027923584
4131875072.0,-0.05585705488920212
4132812544.0,-0.06067923083901405
4133750016.0,-0.06818724423646927
4134687488.0,-0.07496166229248047
4135624960.0,-0.08085465431213379
4136562432.0,-0.08802510052919388
4137499904.0,-0.09758935868740082
4138437376.0,-0.10386238992214203
4139375104.0,-0.11298307031393051
4140312576.0,-0.12131640315055847
4141250048.0,-0.13037990033626556
4142187520.0,-0.13853085041046143
4143124992.0,-0.14836479723453522
4144062464.0,-0.1558399200439453
4144999936.0,-0.16586312651634216
4145937408.0,-0.17454439401626587
4146874880.0,-0.19328176975250244
4147812608.0,-0.2004898488521576
4148750080.0,-0.20572395622730255
4149687552.0,-0.20884297788143158
4150625024.0,-0.2093110829591751
4151562496.0,-0.20788928866386414
4152499968.0,-0.20475666224956512
4153437440.0,-0.19925639033317566
4154374912.0,-0.19312100112438202
4155312384.0,-0.18486104905605316
4156250112.0,-0.17493906617164612
4157187584.0,-0.16517417132854462
4158125056.0,-0.15350225567817688
4159062528.0,-0.143057182431221
4160000000.0,-0.13103584945201874
4160937472.0,-0.11862782388925552
4161874944.0,-0.10626808553934097
4162812416.0,-0.09352832287549973
4163749888.0,-0.08168201148509979
4164687616.0,-0.0702824741601944
4165625088.0,-0.058720801025629044
4166562560.0,-0.047222308814525604
4167500032.0,-0.03676885366439819
4168437504.0,-0.027004770934581757
4169374976.0,-0.01838982105255127
4170312448.0,-0.010242246091365814
4171249920.0,-0.003054938046261668
4172187392.0,0.0031189473811537027
4173125120.0,0.008715188130736351
4174062592.0,0.013998374342918396
4175000064.0,0.01798436790704727
4175937536.0,0.022636039182543755
4176875008.0,0.025525737553834915
4177812480.0,0.026919115334749222
4178749952.0,0.02864992246031761
4179687424.0,0.03061741776764393
4180624896.0,0.030864110216498375
4181562624.0,0.03116007149219513
4182500096.0,0.030365854501724243
4183437568.0,0.029828550294041634
4184375040.0,0.028641989454627037
4185312512.0,0.02840045467019081
4186249984.0,0.025295380502939224
4187187456.0,0.02185889519751072
4188124928.0,0.01787116937339306
4189062400.0,0.013600962236523628
4190000128.0,0.008052041754126549
4190937600.0,0.001323011121712625
4191875072.0,-0.005188085604459047
4192812544.0,-0.012215201742947102
4193750016.0,-0.020210806280374527
4194687488.0,-0.029227836057543755
4195624960.0,-0.038400303572416306
4196562432.0,-0.047933369874954224
4197499904.0,-0.0582360178232193
4198437376.0,-0.06829361617565155
4199375104.0,-0.0795314833521843
4200312576.0,-0.09165430068969727
4201250048.0,-0.10300686955451965
4202187520.0,-0.11400765180587769
4203124992.0,-0.12742677330970764
4204062464.0,-0.13987001776695251
4204999936.0,-0.15162649750709534
4205937408.0,-0.16467486321926117
4206874880.0,-0.1671326458454132
4207812608.0,-0.17978046834468842
4208750080.0,-0.19062353670597076
4209687552.0,-0.20208874344825745
4210625024.0,-0.21187379956245422
4211562496.0,-0.22148102521896362
4212499968.0,-0.2305115908384323
4213437440.0,-0.23733098804950714
4214374912.0,-0.24187533557415009
4215312384.0,-0.24492494761943817
4216250112.0,-0.24564380943775177
4217187584.0,-0.2430211752653122
4218125056.0,-0.2395787090063095
4219062528.0,-0.23395580053329468
4220000000.0,-0.22455507516860962
4220937472.0,-0.21400398015975952
4221874944.0,-0.2020740807056427
4222812416.0,-0.18639257550239563
4223749888.0,-0.17115269601345062
4224687616.0,-0.15242533385753632
4225625088.0,-0.13234132528305054
4226562560.0,-0.11132042109966278
4227500032.0,-0.08927703648805618
4228437504.0,-0.06772128492593765
4229374976.0,-0.0448683425784111
4230312448.0,-0.022610081359744072
4231249920.0,-0.00035496882628649473
4232187392.0,0.0213627889752388
4233125120.0,0.040618620812892914
4234062592.0,0.05962304398417473
4235000064.0,0.07757358998060226
4235937536.0,0.09203056246042252
4236875008.0,0.10582825541496277
4237812480.0,0.11659564077854156
4238749952.0,0.12555617094039917
4239687424.0,0.13184908032417297
4240624896.0,0.13625755906105042
4241562624.0,0.1372271478176117
4242500096.0,0.13516302406787872
4243437568.0,0.13176219165325165
4244375040.0,0.12525422871112823
4245312512.0,0.11594638973474503
4246249984.0,0.10550326853990555
4247187456.0,0.09208264946937561
4248124928.0,0.07898273319005966
4249062400.0,0.06251875311136246
4249999872.0,0.0474364347755909
4250937600.0,0.029472272843122482
4251875072.0,0.011106491088867188
4252812544.0,-0.0068475292064249516
4253750016.0,-0.0250383447855711
4254687488.0,-0.044201143085956573
4255624960.0,-0.06365892291069031
4256562432.0,-0.08175414055585861
4257499904.0,-0.09891986101865768
4258437376.0,-0.11586207896471024
4259375104.0,-0.13248366117477417
4260312576.0,-0.14894799888134003
4261250048.0,-0.16380514204502106
4262187520.0,-0.17850343883037567
4263124992.0,-0.19341841340065002
4264062464.0,-0.20716586709022522
4264999936.0,-0.2194608449935913
4265937408.0,-0.2312944084405899
4266874880.0,-0.23950517177581787
4267812608.0,-0.2429385930299759
4268750080.0,-0.24713453650474548
4269687552.0,-0.2518048882484436
4270625024.0,-0.2565578818321228
4271562496.0,-0.26066383719444275
4272499968.0,-0.2650091350078583
4273437440.0,-0.26759201288223267
4274374912.0,-0.2700237035751343
4275312384.0,-0.2709948718547821
4276250112.0,-0.27168968319892883
4277187584.0,-0.269357830286026
4278125056.0,-0.26704302430152893
4279062528.0,-0.26086369156837463
4280000000.0,-0.25448569655418396
4280937472.0,-0.24531416594982147
4281874944.0,-0.2331593930721283
4282812416.0,-0.22049658000469208
4283749888.0,-0.20544834434986115
4284687616.0,-0.18932092189788818
4285625088.0,-0.17170946300029755
4286562560.0,-0.15188845992088318
4287500032.0,-0.1321188062429428
4288437504.0,-0.1107775941491127
4289374976.0,-0.08752378821372986
4290312448.0,-0.06389991194009781
4291249920.0,-0.04056775942444801
4292187392.0,-0.015879247337579727
4293125120.0,0.006962139625102282
4294062592.0,0.03030865639448166
4295000064.0,0.051646336913108826
4295937536.0,0.0735182836651802
4296875008.0,0.09211746603250504
4297812480.0,0.11035241186618805
4298749952.0,0.12692561745643616
4299687424.0,0.1412704885005951
4300624896.0,0.15323777496814728
4301562368.0,0.16231206059455872
4302499840.0,0.17041687667369843
4303437312.0,0.17430177330970764
4304374784.0,0.17586667835712433
4305312256.0,0.1740892082452774
4306250240.0,0.17090541124343872
4307187712.0,0.16384734213352203
4308125184.0,0.1547011137008667
4309062656.0,0.14219260215759277
4310000128.0,0.12720315158367157
4310937600.0,0.10956158488988876
4311875072.0,0.08868292719125748
4312812544.0,0.06585276126861572
4313750016.0,0.03933543339371681
4314687488.0,0.013319958932697773
4315624960.0,-0.016199132427573204
4316562432.0,-0.04516555368900299
4317499904.0,-0.07533623278141022
4318437376.0,-0.106156125664711
4319374848.0,-0.1361340582370758
4320312320.0,-0.1650959551334381
4321249792.0,-0.19413788616657257
4322187264.0,-0.22143733501434326
4323125248.0,-0.24802237749099731
4324062720.0,-0.27208971977233887
4325000192.0,-0.2946830689907074
4325937664.0,-0.31376802921295166
4326875136.0,-0.33885878324508667
4327812608.0,-0.3320097327232361
4328750080.0,-0.32465410232543945
4329687552.0,-0.3179086446762085
4330625024.0,-0.3087429404258728
4331562496.0,-0.29926931858062744
4332499968.0,-0.29097476601600647
4333437440.0,-0.28187981247901917
4334374912.0,-0.27303722500801086
4335312384.0,-0.265201210975647
4336249856.0,-0.25831249356269836
4337187328.0,-0.2518838047981262
4338124800.0,-0.24584203958511353
4339062272.0,-0.2393496036529541
4339999744.0,-0.23339219391345978
4340937728.0,-0.22761821746826172
4341875200.0,-0.22292757034301758
4342812672.0,-0.21711081266403198
4343750144.0,-0.2113129198551178
4344687616.0,-0.2054746448993683
4345625088.0,-0.1994316279888153
4346562560.0,-0.1929350346326828
4347500032.0,-0.18554051220417023
4348437504.0,-0.1774475872516632
4349374976.0,-0.16919872164726257
4350312448.0,-0.158303901553154
4351249920.0,-0.14704616367816925
4352187392.0,-0.1349843442440033
4353124864.0,-0.11968599259853363
4354062336.0,-0.10493873059749603
4354999808.0,-0.08886273205280304
4355937280.0,-0.07259859144687653
4356874752.0,-0.056129030883312225
4357812736.0,-0.04081958904862404
4358750208.0,-0.02687765099108219
4359687680.0,-0.01601572148501873
4360625152.0,-0.007894334383308887
4361562624.0,-0.0033519568387418985
4362500096.0,0.00010103609383804724
4363437568.0,0.0019564086105674505
4364375040.0,0.002546298550441861
4365312512.0,0.003877578768879175
4366249984.0,0.0027923209127038717
4367187456.0,0.0021936101838946342
4368124928.0,0.001355220447294414
4369062400.0,-0.001735395984724164
4369999872.0,-0.004894376266747713
4370937344.0,-0.008049295283854008
4371874816.0,-0.01234922744333744
4372812288.0,-0.017896657809615135
4373749760.0,-0.024900339543819427
4374687744.0,-0.032400671392679214
4375625216.0,-0.04234127700328827
4376562688.0,-0.05305221676826477
4377500160.0,-0.06587019562721252
4378437632.0,-0.0806364119052887
4379375104.0,-0.0970798134803772
4380312576.0,-0.11583144962787628
4381250048.0,-0.1353810876607895
4382187520.0,-0.15633690357208252
4383124992.0,-0.1799108237028122
4384062464.0,-0.20341689884662628
4384999936.0,-0.22780552506446838
4385937408.0,-0.24958813190460205
4386874880.0,-0.3378322124481201
4387812352.0,-0.3524163067340851
4388749824.0,-0.3637131452560425
4389687296.0,-0.3759523630142212
4390624768.0,-0.3828519880771637
4391562752.0,-0.3888988494873047
4392500224.0,-0.38830316066741943
4393437696.0,-0.38758379220962524
4394375168.0,-0.3840530216693878
4395312640.0,-0.3753400146961212
4396250112.0,-0.3634113371372223
4397187584.0,-0.34915199875831604
4398125056.0,-0.330966591835022
4399062528.0,-0.3108827471733093
4400000000.0,-0.28643932938575745
4400937472.0,-0.2613803744316101
4401874944.0,-0.23456718027591705
4402812416.0,-0.20521853864192963
4403749888.0,-0.17407627403736115
4404687360.0,-0.14265039563179016
4405624832.0,-0.11069681495428085
4406562304.0,-0.07865049690008163
4407499776.0,-0.047462936490774155
4408437248.0,-0.016033628955483437
4409375232.0,0.014800536446273327
4410312704.0,0.042612701654434204
4411250176.0,0.06877417117357254
4412187648.0,0.09304854273796082
4413125120.0,0.11518900841474533
4414062592.0,0.1344098150730133
4415000064.0,0.15035617351531982
4415937536.0,0.16279897093772888
4416875008.0,0.1726180911064148
4417812480.0,0.17907650768756866
4418749952.0,0.18133395910263062
4419687424.0,0.18088597059249878
4420624896.0,0.1762043535709381
4421562368.0,0.16954760253429413
4422499840.0,0.15870076417922974
4423437312.0,0.14570532739162445
4424374784.0,0.1296975463628769
4425312256.0,0.10999824851751328
4426250240.0,0.08895419538021088
4427187712.0,0.06632953882217407
4428125184.0,0.04173535108566284
4429062656.0,0.016327353194355965
4430000128.0,-0.01114998385310173
4430937600.0,-0.03843497484922409
4431875072.0,-0.06529810279607773
4432812544.0,-0.09208417683839798
4433750016.0,-0.11824364960193634
4434687488.0,-0.14281131327152252
4435624960.0,-0.16654372215270996
4436562432.0,-0.18858465552330017
4437499904.0,-0.2076541930437088
4438437376.0,-0.22523057460784912
4439374848.0,-0.24031907320022583
4440312320.0,-0.2527599632740021
4441249792.0,-0.26236236095428467
4442187264.0,-0.2711658179759979
4443125248.0,-0.2753000259399414
4444062720.0,-0.2759297788143158
4445000192.0,-0.27768298983573914
4445937664.0,-0.27751779556274414
4446875136.0,-0.22090265154838562
4447812608.0,-0.22503744065761566
4448750080.0,-0.22643683850765228
4449687552.0,-0.22422167658805847
4450625024.0,-0.22122599184513092
4451562496.0,-0.21508444845676422
4452499968.0,-0.20575523376464844
4453437440.0,-0.19363321363925934
4454374912.0,-0.1789277195930481
4455312384.0,-0.16259323060512543
4456249856.0,-0.1441928744316101
4457187328.0,-0.1251193732023239
4458124800.0,-0.10326787829399109
4459062272.0,-0.08232718706130981
4460000256.0,-0.060629360377788544
4460937728.0,-0.03764178603887558
4461875200.0,-0.017082737758755684
4462812672.0,0.004524596501141787
4463750144.0,0.024281946942210197
4464687616.0,0.04307512193918228
4465625088.0,0.06045345216989517
4466562560.0,0.07500284910202026
4467500032.0,0.08772194385528564
4468437504.0,0.09762630611658096
4469374976.0,0.10497038066387177
4470312448.0,0.10997816920280457
4471249920.0,0.10966131836175919
4472187392.0,0.10777410864830017
4473124864.0,0.10319912433624268
4474062336.0,0.09472546726465225
4474999808.0,0.08390197157859802
4475937280.0,0.0688941553235054
4476874752.0,0.05294552445411682
4477812736.0,0.034561533480882645
4478750208.0,0.013266868889331818
4479687680.0,-0.010007151402533054
4480625152.0,-0.03440619632601738
4481562624.0,-0.059663787484169006
4482500096.0,-0.08712895214557648
4483437568.0,-0.1148475632071495
4484375040.0,-0.14362448453903198
4485312512.0,-0.17231428623199463
4486249984.0,-0.20093844830989838
4487187456.0,-0.2285384237766266
4488124928.0,-0.25556930899620056
4489062400.0,-0.2805309593677521
4489999872.0,-0.30486997961997986
4490937344.0,-0.3259790241718292
4491874816.0,-0.3453458547592163
4492812288.0,-0.36428236961364746
4493749760.0,-0.37965279817581177
4494687744.0,-0.39226603507995605
4495625216.0,-0.4043959379196167
4496562688.0,-0.4123198390007019
4497500160.0,-0.4194730520248413
4498437632.0,-0.42323100566864014
4499375104.0,-0.42638614773750305
4500312576.0,-0.42699185013771057
4501250048.0,-0.4264170229434967
4502187520.0,-0.42360827326774597
4503124992.0,-0.42093995213508606
4504062464.0,-0.41738444566726685
4504999936.0,-0.41335222125053406
4505937408.0,-0.4085765779018402
4506874880.0,-0.28713783621788025
4507812352.0,-0.28378671407699585
4508749824.0,-0.28215402364730835
4509687296.0,-0.2797754406929016
4510624768.0,-0.2797703742980957
4511562752.0,-0.2807657718658447
4512500224.0,-0.2808956801891327
4513437696.0,-0.2832053303718567
4514375168.0,-0.28587958216667175
4515312640.0,-0.2898402512073517
4516250112.0,-0.2943337857723236
4517187584.0,-0.2998831868171692
4518125056.0,-0.30714407563209534
4519062528.0,-0.31381407380104065
4520000000.0,-0.3218836486339569
4520937472.0,-0.33109596371650696
4521874944.0,-0.3416263163089752
4522812416.0,-0.35071390867233276
4523749888.0,-0.36074918508529663
4524687360.0,-0.37102699279785156
4525624832.0,-0.37905773520469666
4526562304.0,-0.38779982924461365
4527499776.0,-0.39522966742515564
4528437248.0,-0.40423503518104553
4529375232.0,-0.4122627377510071
4530312704.0,-0.4198128879070282
4531250176.0,-0.42779862880706787
4532187648.0,-0.43449166417121887
4533125120.0,-0.44139841198921204
4534062592.0,-0.4486553370952606
4535000064.0,-0.45398080348968506
4535937536.0,-0.45880308747291565
4536875008.0,-0.46315521001815796
4537812480.0,-0.4657961130142212
4538749952.0,-0.4686582684516907
4539687424.0,-0.47058558464050293
4540624896.0,-0.4721098244190216
4541562368.0,-0.47240588068962097
4542499840.0,-0.4723373055458069
4543437312.0,-0.470655620098114
4544374784.0,-0.4702248275279999
4545312256.0,-0.46807220578193665
4546250240.0,-0.4652852714061737
4547187712.0,-0.46253225207328796
4548125184.0,-0.4590795934200287
4549062656.0,-0.4573275148868561
4550000128.0,-0.4538080096244812
4550937600.0,-0.44945240020751953
4551875072.0,-0.4469708502292633
4552812544.0,-0.44456803798675537
4553750016.0,-0.4424911439418793
4554687488.0,-0.4397713243961334
4555624960.0,-0.4378414452075958
4556562432.0,-0.43566200137138367
4557499904.0,-0.4347309172153473
4558437376.0,-0.43344584107398987
4559374848.0,-0.4321792721748352
4560312320.0,-0.43170860409736633
4561249792.0,-0.4308817684650421
4562187264.0,-0.42971935868263245
4563125248.0,-0.4292004406452179
4564062720.0,-0.42700353264808655
4565000192.0,-0.4256235659122467
4565937664.0,-0.42351099848747253
4566875136.0,-0.3807174861431122
4567812608.0,-0.38679543137550354
4568750080.0,-0.3891581892967224
4569687552.0,-0.3916880190372467
4570625024.0,-0.3925688862800598
4571562496.0,-0.3908456563949585
4572499968.0,-0.38641005754470825
4573437440.0,-0.37999099493026733
4574374912.0,-0.37222909927368164
4575312384.0,-0.3615284860134125
4576249856.0,-0.34911003708839417
4577187328.0,-0.33547666668891907
4578124800.0,-0.31985852122306824
4579062272.0,-0.30232518911361694
4579999744.0,-0.28312432765960693
4580937728.0,-0.2634202539920807
4581875200.0,-0.2421242743730545
4582812672.0,-0.2194177210330963
4583750144.0,-0.19720834493637085
4584687616.0,-0.17317503690719604
4585625088.0,-0.15007349848747253
4586562560.0,-0.12665067613124847
4587500032.0,-0.10495010763406754
4588437504.0,-0.08394786715507507
4589374976.0,-0.06426285207271576
4590312448.0,-0.0450940877199173
4591249920.0,-0.028883911669254303
4592187392.0,-0.013242945075035095
4593124864.0,-0.001487569883465767
4594062336.0,0.009389132261276245
4594999808.0,0.016594139859080315
4595937280.0,0.02169010415673256
4596874752.0,0.023870186880230904
4597812736.0,0.02360408566892147
4598750208.0,0.02023695595562458
4599687680.0,0.014587456360459328
4600625152.0,0.006115676369518042
4601562624.0,-0.005215502809733152
4602500096.0,-0.018230538815259933
4603437568.0,-0.034067198634147644
4604375040.0,-0.05212010443210602
4605312512.0,-0.07043500989675522
4606249984.0,-0.09096115082502365
4607187456.0,-0.11290331929922104
4608124928.0,-0.1352335810661316
4609062400.0,-0.15794673562049866
4609999872.0,-0.1807246208190918
4610937344.0,-0.2040276676416397
4611874816.0,-0.22566936910152435
4612812288.0,-0.2487201988697052
4613749760.0,-0.2699911594390869
4614687744.0,-0.2892668843269348
4615625216.0,-0.30849435925483704
4616562688.0,-0.3280651271343231
4617500160.0,-0.3444911539554596
4618437632.0,-0.35987553000450134
4619375104.0,-0.3749713599681854
4620312576.0,-0.3888792097568512
4621250048.0,-0.400291383266449
4622187520.0,-0.41203242540359497
4623124992.0,-0.4230651557445526
4624062464.0,-0.4325820803642273
4624999936.0,-0.44136497378349304
4625937408.0,-0.44913819432258606
4626874880.0,-0.45719826221466064
4627812352.0,-0.4519140422344208
4628749824.0,-0.44527214765548706
4629687296.0,-0.4371042549610138
4630624768.0,-0.4286569356918335
4631562752.0,-0.41960445046424866
4632500224.0,-0.41044116020202637
4633437696.0,-0.4014458656311035
4634375168.0,-0.39159220457077026
4635312640.0,-0.3815695643424988
4636250112.0,-0.371849924325943
4637187584.0,-0.36356204748153687
4638125056.0,-0.35497167706489563
4639062528.0,-0.34645020961761475
4640000000.0,-0.3394554853439331
4640937472.0,-0.33249908685684204
4641874944.0,-0.3268551826477051
4642812416.0,-0.322149395942688
4643749888.0,-0.3178755044937134
4644687360.0,-0.3148217499256134
4645624832.0,-0.31245484948158264
4646562304.0,-0.3132815659046173
4647499776.0,-0.3145318627357483
4648437248.0,-0.3166125416755676
4649375232.0,-0.31961601972579956
4650312704.0,-0.32402560114860535
4651250176.0,-0.32821834087371826
4652187648.0,-0.33430856466293335
4653125120.0,-0.3406689763069153
4654062592.0,-0.34838229417800903
4655000064.0,-0.35689300298690796
4655937536.0,-0.36652904748916626
4656875008.0,-0.3765067458152771
4657812480.0,-0.3881100118160248
4658749952.0,-0.3994380831718445
4659687424.0,-0.41053593158721924
4660624896.0,-0.4229058623313904
4661562368.0,-0.4363071024417877
4662499840.0,-0.44868966937065125
4663437312.0,-0.46245813369750977
4664374784.0,-0.47697708010673523
4665312256.0,-0.49194419384002686
4666250240.0,-0.506941020488739
4667187712.0,-0.521345853805542
4668125184.0,-0.5372530221939087
4669062656.0,-0.5518956780433655
4670000128.0,-0.5681197643280029
4670937600.0,-0.5818514227867126
4671875072.0,-0.5961561799049377
4672812544.0,-0.6104548573493958
4673750016.0,-0.6228207945823669
4674687488.0,-0.6351320743560791
4675624960.0,-0.6475229263305664
4676562432.0,-0.6595408320426941
4677499904.0,-0.670208215713501
4678437376.0,-0.679913341999054
4679374848.0,-0.688552975654602
4680312320.0,-0.6962679028511047
4681249792.0,-0.7029135227203369
4682187264.0,-0.7083144187927246
4683125248.0,-0.7124387621879578
4684062720.0,-0.7137291431427002
4685000192.0,-0.7151467204093933
4685937664.0,-0.7125665545463562
4686875136.0,-0.6901010870933533
4687812608.0,-0.6884011030197144
4688750080.0,-0.6840705871582031
4689687552.0,-0.6772363185882568
4690625024.0,-0.6684690117835999
4691562496.0,-0.6572681665420532
4692499968.0,-0.6436891555786133
4693437440.0,-0.6263915300369263
4694374912.0,-0.608476996421814
4695312384.0,-0.5886167883872986
4696249856.0,-0.5666537880897522
4697187328.0,-0.5445188283920288
4698124800.0,-0.5211248993873596
4699062272.0,-0.4984685778617859
4700000256.0,-0.4763963520526886
4700937728.0,-0.4540513753890991
4701875200.0,-0.4335166811943054
4702812672.0,-0.41454625129699707
4703750144.0,-0.3980700373649597
4704687616.0,-0.3834463059902191
4705625088.0,-0.37388181686401367
4706562560.0,-0.36654993891716003
4707500032.0,-0.36254027485847473
4708437504.0,-0.36450085043907166
4709374976.0,-0.3687962591648102
4710312448.0,-0.37875619530677795
4711249920.0,-0.39398378133773804
4712187392.0,-0.4138332009315491
4713124864.0,-0.4385383129119873
4714062336.0,-0.4682077467441559
4714999808.0,-0.5022636651992798
4715937280.0,-0.5383707284927368
4716874752.0,-0.579679548740387
4717812736.0,-0.6242191195487976
4718750208.0,-0.6709233522415161
4719687680.0,-0.7188853025436401
4720625152.0,-0.768014132976532
4721562624.0,-0.8176704049110413
4722500096.0,-0.8668991327285767
4723437568.0,-0.9144651293754578
4724375040.0,-0.958920955657959
4725312512.0,-1.0014644861221313
4726249984.0,-1.041706919670105
4727187456.0,-1.0762461423873901
4728124928.0,-1.105296015739441
4729062400.0,-1.1318351030349731
4729999872.0,-1.1526743173599243
4730937344.0,-1.1686859130859375
4731874816.0,-1.1812018156051636
4732812288.0,-1.1897088289260864
4733749760.0,-1.192472219467163
4734687744.0,-1.1930052042007446
4735625216.0,-1.1903276443481445
4736562688.0,-1.1848690509796143
4737500160.0,-1.1747831106185913
4738437632.0,-1.1649097204208374
4739375104.0,-1.153004765510559
4740312576.0,-1.1410728693008423
4741250048.0,-1.1272486448287964
4742187520.0,-1.113000512123108
4743124992.0,-1.0973867177963257
4744062464.0,-1.0813837051391602
4744999936.0,-1.066108226776123
4745937408.0,-1.0493617057800293
4746874880.0,-0.8174468278884888
4747812352.0,-0.8231649994850159
4748749824.0,-0.8294878602027893
4749687296.0,-0.8361867666244507
4750624768.0,-0.8407965898513794
4751562752.0,-0.8454310297966003
4752500224.0,-0.8499701023101807
4753437696.0,-0.854417622089386
4754375168.0,-0.8588060736656189
4755312640.0,-0.862142026424408
4756250112.0,-0.8645452260971069
4757187584.0,-0.866303026676178
4758125056.0,-0.866401731967926
4759062528.0,-0.8660410642623901
4760000000.0,-0.8648096323013306
4760937472.0,-0.8624776005744934
4761874944.0,-0.8609158992767334
4762812416.0,-0.8574066162109375
4763749888.0,-0.8539500832557678
4764687360.0,-0.8502107858657837
4765624832.0,-0.8462220430374146
4766562304.0,-0.8424306511878967
4767499776.0,-0.8364847898483276
4768437248.0,-0.8308274745941162
4769375232.0,-0.8261971473693848
4770312704.0,-0.8213388323783875
4771250176.0,-0.8162355422973633
4772187648.0,-0.812432050704956
4773125120.0,-0.809240996837616
4774062592.0,-0.8057962656021118
4775000064.0,-0.8042688369750977
4775937536.0,-0.8032903671264648
4776875008.0,-0.8043457269668579
4777812480.0,-0.8060765862464905
4778749952.0,-0.8094484210014343
4779687424.0,-0.8164944648742676
4780624896.0,-0.8248611688613892
4781562368.0,-0.8340113759040833
4782499840.0,-0.8469645977020264
4783437312.0,-0.8601118922233582
4784374784.0,-0.876785397529602
4785312256.0,-0.8943151831626892
4786250240.0,-0.9142768383026123
4787187712.0,-0.936012864112854
4788125184.0,-0.960374116897583
4789062656.0,-0.9841318130493164
4790000128.0,-1.00993013381958
4790937600.0,-1.036068320274353
4791875072.0,-1.063360571861267
4792812544.0,-1.0909321308135986
4793750016.0,-1.1188316345214844
4794687488.0,-1.1464545726776123
4795624960.0,-1.172919750213623
4796562432.0,-1.2000553607940674
4797499904.0,-1.225197672843933
4798437376.0,-1.2505366802215576
4799374848.0,-1.272385597229004
4800312320.0,-1.2941054105758667
4801249792.0,-1.314466118812561
4802187264.0,-1.3320342302322388
4803125248.0,-1.3478997945785522
4804062720.0,-1.361017107963562
4805000192.0,-1.3725250959396362
4805937664.0,-1.3804490566253662
4806875136.0,-1.2350051403045654
4807812608.0,-1.2388982772827148
4808750080.0,-1.2401570081710815
4809687552.0,-1.2416397333145142
4810625024.0,-1.2404184341430664
4811562496.0,-1.2376002073287964
4812499968.0,-1.2329562902450562
4813437440.0,-1.2271844148635864
4814374912.0,-1.2211108207702637
4815312384.0,-1.2142962217330933
4816249856.0,-1.2065078020095825
4817187328.0,-1.1983144283294678
4818124800.0,-1.1905689239501953
4819062272.0,-1.1833473443984985
4819999744.0,-1.175898551940918
4820937728.0,-1.169514536857605
4821875200.0,-1.1647526025772095
4822812672.0,-1.1607778072357178
4823750144.0,-1.1594922542572021
4824687616.0,-1.1568835973739624
4825625088.0,-1.1574002504348755
4826562560.0,-1.1593964099884033
4827500032.0,-1.1632379293441772
4828437504.0,-1.1693471670150757
4829374976.0,-1.1765583753585815
4830312448.0,-1.1873040199279785
4831249920.0,-1.1988929510116577
4832187392.0,-1.2117533683776855
4833124864.0,-1.2275359630584717
4834062336.0,-1.2430267333984375
4834999808.0,-1.262100338935852
4835937280.0,-1.2801569700241089
4836874752.0,-1.300904631614685
4837812736.0,-1.320729374885559
4838750208.0,-1.3431048393249512
4839687680.0,-1.3648622035980225
4840625152.0,-1.3860077857971191
4841562624.0,-1.4080097675323486
4842500096.0,-1.4283649921417236
4843437568.0,-1.4490398168563843
4844375040.0,-1.4680736064910889
4845312512.0,-1.4879275560379028
4846249984.0,-1.5052497386932373
4847187456.0,-1.5216339826583862
4848124928.0,-1.5384831428527832
4849062400.0,-1.5535800457000732
4849999872.0,-1.5676422119140625
4850937344.0,-1.579072117805481
4851874816.0,-1.5890527963638306
4852812288.0,-1.5977407693862915
4853749760.0,-1.6035302877426147
4854687744.0,-1.6087521314620972
4855625216.0,-1.6126681566238403
4856562688.0,-1.6166678667068481
4857500160.0,-1.619541883468628
4858437632.0,-1.6230953931808472
4859375104.0,-1.6259803771972656
4860312576.0,-1.6286273002624512
4861250048.0,-1.6317803859710693
4862187520.0,-1.6352204084396362
4863124992.0,-1.6392858028411865
4864062464.0,-1.6432453393936157
4864999936.0,-1.6468825340270996
4865937408.0,-1.6501960754394531
4866874880.0,-1.632168173789978
4867812352.0,-1.6361804008483887
4868749824.0,-1.6390644311904907
4869687296.0,-1.6443185806274414
4870624768.0,-1.6485726833343506
4871562752.0,-1.6541286706924438
4872500224.0,-1.6598109006881714
4873437696.0,-1.6666350364685059
4874375168.0,-1.6735163927078247
4875312640.0,-1.6818348169326782
4876250112.0,-1.6919939517974854
4877187584.0,-1.7013360261917114
4878125056.0,-1.7120897769927979
4879062528.0,-1.7225100994110107
4880000000.0,-1.7340067625045776
4880937472.0,-1.744457721710205
4881874944.0,-1.7561554908752441
4882812416.0,-1.7680319547653198
4883749888.0,-1.780065655708313
4884687360.0,-1.7917910814285278
4885624832.0,-1.8022557497024536
4886562304.0,-1.8134326934814453
4887499776.0,-1.822425365447998
4888437248.0,-1.8302756547927856
4889375232.0,-1.8366053104400635
4890312704.0,-1.8401345014572144
4891250176.0,-1.841783046722412
4892187648.0,-1.8419121503829956
4893125120.0,-1.8380165100097656
4894062592.0,-1.832173228263855
4895000064.0,-1.8221893310546875
4895937536.0,-1.8120344877243042
4896875008.0,-1.7980045080184937
4897812480.0,-1.7822835445404053
4898749952.0,-1.764724612236023
4899687424.0,-1.7436507940292358
4900624896.0,-1.721579909324646
4901562368.0,-1.6988871097564697
4902499840.0,-1.6751192808151245
4903437312.0,-1.6483278274536133
4904374784.0,-1.6229002475738525
4905312256.0,-1.5966038703918457
4906250240.0,-1.5694369077682495
4907187712.0,-1.541683554649353
4908125184.0,-1.5157439708709717
4909062656.0,-1.4912177324295044
4910000128.0,-1.4679393768310547
4910937600.0,-1.4466115236282349
4911875072.0,-1.4278823137283325
4912812544.0,-1.4111298322677612
4913750016.0,-1.3953311443328857
4914687488.0,-1.381751298904419
4915624960.0,-1.3713700771331787
4916562432.0,-1.3626494407653809
4917499904.0,-1.3561656475067139
4918437376.0,-1.3530617952346802
4919374848.0,-1.3515534400939941
4920312320.0,-1.351747751235962
4921249792.0,-1.354217290878296
4922187264.0,-1.297385811805725
4923125248.0,-1.2882155179977417
4924062720.0,-1.2790110111236572
4925000192.0,-1.2704596519470215
4925937664.0,-1.3832569122314453
4926875136.0,-1.3907337188720703
4927812608.0,-1.3979625701904297
4928750080.0,-1.4037479162216187
4929687552.0,-1.4082086086273193
4930625024.0,-1.4105381965637207
4931562496.0,-1.4126701354980469
4932499968.0,-1.4109814167022705
4933437440.0,-1.4074687957763672
4934374912.0,-1.4023996591567993
4935312384.0,-1.3940829038619995
4936249856.0,-1.3832582235336304
4937187328.0,-1.370757818222046
4938124800.0,-1.3550171852111816
4939062272.0,-1.3376256227493286
4940000256.0,-1.3168383836746216
4940937728.0,-1.296061635017395
4941875200.0,-1.2731170654296875
4942812672.0,-1.2492860555648804
4943750144.0,-1.226274013519287
4944687616.0,-1.2032029628753662
4945625088.0,-1.1801505088806152
4946562560.0,-1.1582510471343994
4947500032.0,-1.1362649202346802
4948437504.0,-1.1160084009170532
4949374976.0,-1.0977450609207153
4950312448.0,-1.0806705951690674
4951249920.0,-1.0671504735946655
4952187392.0,-1.0548549890518188
4953124864.0,-1.045686960220337
4954062336.0,-1.0376588106155396
4954999808.0,-1.0309240818023682
4955937280.0,-1.025610327720642
4956874752.0,-1.0231032371520996
4957812736.0,-1.0188778638839722
4958750208.0,-1.0172027349472046
4959687680.0,-1.0145912170410156
4960625152.0,-1.0121842622756958
4961562624.0,-1.0104343891143799
4962500096.0,-1.0073175430297852
4963437568.0,-1.003759741783142
4964375040.0,-0.9981828331947327
4965312512.0,-0.9920257329940796
4966249984.0,-0.9843751192092896
4967187456.0,-0.9759224057197571
4968124928.0,-0.9673398733139038
4969062400.0,-0.9585568308830261
4969999872.0,-0.9503309726715088
4970937344.0,-0.9398958683013916
4971874816.0,-0.9305216670036316
4972812288.0,-0.9205623865127563
4973749760.0,-0.9120405912399292
4974687744.0,-0.9027529954910278
4975625216.0,-0.8957252502441406
4976562688.0,-0.8874034881591797
4977500160.0,-0.8797262907028198
4978437632.0,-0.8726551532745361
4979375104.0,-0.863458514213562
4980312576.0,-0.8557654619216919
4981250048.0,-0.8483514189720154
4982187520.0,-0.8407047390937805
4983124992.0,-0.831088125705719
4984062464.0,-0.822431206703186
4984999936.0,-0.8131157755851746
4985937408.0,-0.7935205101966858
4986874880.0,-0.7847526669502258
4987812352.0,-0.7768775820732117
4988749824.0,-0.7695227265357971
4989687296.0,-0.7644620537757874
4990624768.0,-0.7608141303062439
4991562752.0,-0.7566459774971008
4992500224.0,-0.7552330493927002
4993437696.0,-0.7554359436035156
4994375168.0,-0.7553873658180237
4995312640.0,-0.7583125233650208
4996250112.0,-0.7616139054298401
4997187584.0,-0.764876663684845
4998125056.0,-0.7722125053405762
4999062528.0,-0.7773191928863525
5000000000.0,-0.7856786847114563
5000937472.0,-0.7926095724105835
5001874944.0,-0.8010976314544678
5002812416.0,-0.8106480240821838
5003749888.0,-0.8182907104492188
5004687360.0,-0.8256703019142151
5005624832.0,-0.832101583480835
5006562304.0,-0.8382595181465149
5007499776.0,-0.8416473865509033
5008437248.0,-0.8446657061576843
5009375232.0,-0.8448226451873779
5010312704.0,-0.8431524634361267
5011250176.0,-0.8384446501731873
5012187648.0,-0.8321077227592468
5013125120.0,-0.8213100433349609
5014062592.0,-0.809485673904419
5015000064.0,-0.7945661544799805
5015937536.0,-0.7779914736747742
5016875008.0,-0.7582913041114807
5017812480.0,-0.7369624972343445
5018749952.0,-0.7123409509658813
5019687424.0,-0.685545802116394
5020624896.0,-0.6575907468795776
5021562368.0,-0.6284645795822144
5022499840.0,-0.5973902344703674
5023437312.0,-0.5663179159164429
5024374784.0,-0.5349034667015076
5025312256.0,-0.5029951930046082
5026250240.0,-0.4721616208553314
5027187712.0,-0.440868079662323
5028125184.0,-0.4124097526073456
5029062656.0,-0.38410255312919617
5030000128.0,-0.3582810163497925
5030937600.0,-0.33466142416000366
5031875072.0,-0.3127370774745941
5032812544.0,-0.2928796112537384
5033750016.0,-0.2767958343029022
5034687488.0,-0.2630195915699005
5035624960.0,-0.2519221007823944
5036562432.0,-0.2436879277229309
5037499904.0,-0.23911219835281372
5038437376.0,-0.2380850613117218
5039374848.0,-0.23990972340106964
5040312320.0,-0.24462014436721802
5041249792.0,-0.2519528269767761
5042187264.0,-0.2614596486091614
5043125248.0,-0.27493005990982056
5044062720.0,-0.29080864787101746
5045000192.0,-0.3081672489643097
5045937664.0,-0.5732465386390686
5046875136.0,-0.582961916923523
5047812608.0,-0.5921756029129028
5048750080.0,-0.6016812920570374
5049687552.0,-0.6103063225746155
5050625024.0,-0.6202013492584229
5051562496.0,-0.6289114356040955
5052499968.0,-0.6380606889724731
5053437440.0,-0.647104799747467
5054374912.0,-0.6562924981117249
5055312384.0,-0.6630118489265442
5056249856.0,-0.6696875691413879
5057187328.0,-0.6764824390411377
5058124800.0,-0.6802664995193481
5059062272.0,-0.685707688331604
5059999744.0,-0.6871131062507629
5060937728.0,-0.6878886222839355
5061875200.0,-0.6880714297294617
5062812672.0,-0.6858868598937988
5063750144.0,-0.6823979616165161
5064687616.0,-0.6764345169067383
5065625088.0,-0.6692259311676025
5066562560.0,-0.6600998044013977
5067500032.0,-0.6492926478385925
5068437504.0,-0.6352529525756836
5069374976.0,-0.6203463673591614
5070312448.0,-0.604411780834198
5071249920.0,-0.5855772495269775
5072187392.0,-0.5671781301498413
5073124864.0,-0.5459337830543518
5074062336.0,-0.5248558521270752
5074999808.0,-0.5013135671615601
5075937280.0,-0.47774040699005127
5076874752.0,-0.45367205142974854
5077812736.0,-0.4287319481372833
5078750208.0,-0.4049968719482422
5079687680.0,-0.38018250465393066
5080625152.0,-0.35542619228363037
5081562624.0,-0.3321126401424408
5082500096.0,-0.30927103757858276
5083437568.0,-0.28762727975845337
5084375040.0,-0.26850631833076477
5085312512.0,-0.2500513792037964
5086249984.0,-0.23430684208869934
5087187456.0,-0.22039781510829926
5088124928.0,-0.20880362391471863
5089062400.0,-0.19977374374866486
5089999872.0,-0.1928664892911911
5090937344.0,-0.18909119069576263
5091874816.0,-0.18877626955509186
5092812288.0,-0.1899649053812027
5093749760.0,-0.19474448263645172
5094687744.0,-0.20140816271305084
5095625216.0,-0.21047437191009521
5096562688.0,-0.22190643846988678
5097500160.0,-0.236249640583992
5098437632.0,-0.25253573060035706
5099375104.0,-0.26990920305252075
5100312576.0,-0.2903701961040497
5101250048.0,-0.31188738346099854
5102187520.0,-0.33439841866493225
5103124992.0,-0.35823434591293335
5104062464.0,-0.38252314925193787
5104999936.0,-0.4071753919124603
5105937408.0,-0.5013735294342041
5106874880.0,-0.519081175327301
5107812352.0,-0.5359391570091248
5108749824.0,-0.5503697991371155
5109687296.0,-0.5630850791931152
5110624768.0,-0.5736571550369263
5111562752.0,-0.5828267931938171
5112500224.0,-0.5896643400192261
5113437696.0,-0.5937255024909973
5114375168.0,-0.596327006816864
5115312640.0,-0.5969628691673279
5116250112.0,-0.5966076254844666
5117187584.0,-0.5941665172576904
5118125056.0,-0.5899829864501953
5119062528.0,-0.584859311580658
5120000000.0,-0.5783360600471497
5120937472.0,-0.5712093114852905
5121874944.0,-0.563269853591919
5122812416.0,-0.5558338165283203
5123749888.0,-0.5479915142059326
5124687360.0,-0.5399423241615295
5125624832.0,-0.5318215489387512
5126562304.0,-0.5234895944595337
5127499776.0,-0.5150774121284485
5128437248.0,-0.5058887600898743
5129375232.0,-0.49571678042411804
5130312704.0,-0.48647892475128174
5131250176.0,-0.47551214694976807
5132187648.0,-0.46266576647758484
5133125120.0,-0.4496455192565918
5134062592.0,-0.433634877204895
5135000064.0,-0.4180718958377838
5135937536.0,-0.4007529616355896
5136875008.0,-0.38161349296569824
5137812480.0,-0.36356303095817566
5138749952.0,-0.34545162320137024
5139687424.0,-0.3264000713825226
5140624896.0,-0.3102303445339203
5141562368.0,-0.29498291015625
5142499840.0,-0.280643105506897
5143437312.0,-0.2695784866809845
5144374784.0,-0.2623737156391144
5145312256.0,-0.26290982961654663
5146250240.0,-0.2686937153339386
5147187712.0,-0.28034940361976624
5148125184.0,-0.29717305302619934
5149062656.0,-0.31549790501594543
5150000128.0,-0.33668920397758484
5150937600.0,-0.35734355449676514
5151875072.0,-0.3790648579597473
5152812544.0,-0.4011705815792084
5153750016.0,-0.42079681158065796
5154687488.0,-0.43944716453552246
5155624960.0,-0.4569372832775116
5156562432.0,-0.47356677055358887
5157499904.0,-0.48687538504600525
5158437376.0,-0.4989493787288666
5159374848.0,-0.5113027095794678
5160312320.0,-0.5218499302864075
5161249792.0,-0.53076171875
5162187264.0,-0.5395178198814392
5163125248.0,-0.5475834608078003
5164062720.0,-0.5539427995681763
5165000192.0,-0.5618433356285095
5165937664.0,-0.5691959857940674
5166875136.0,-0.5836548805236816
5167812608.0,-0.597973644733429
5168750080.0,-0.6145510673522949
5169687552.0,-0.6311472058296204
5170625024.0,-0.6491432189941406
5171562496.0,-0.6660483479499817
5172499968.0,-0.6832170486450195
5173437440.0,-0.6981517672538757
5174374912.0,-0.7127576470375061
5175312384.0,-0.7269585728645325
5176249856.0,-0.738824725151062
5177187328.0,-0.7489587664604187
5178124800.0,-0.7568888664245605
5179062272.0,-0.7611569166183472
5180000256.0,-0.7646409869194031
5180937728.0,-0.7645897269248962
5181875200.0,-0.7619100213050842
5182812672.0,-0.7552325129508972
5183750144.0,-0.7467550039291382
5184687616.0,-0.7353948950767517
5185625088.0,-0.7224748730659485
5186562560.0,-0.707638144493103
5187500032.0,-0.6889675855636597
5188437504.0,-0.6700412034988403
5189374976.0,-0.6484412550926208
5190312448.0,-0.626018762588501
5191249920.0,-0.6031888723373413
5192187392.0,-0.5792569518089294
5193124864.0,-0.5544520616531372
5194062336.0,-0.5302560925483704
5194999808.0,-0.5072168111801147
5195937280.0,-0.4837876260280609
5196874752.0,-0.46293404698371887
5197812736.0,-0.4426575303077698
5198750208.0,-0.4242972731590271
5199687680.0,-0.4072895348072052
5200625152.0,-0.392275869846344
5201562624.0,-0.3791472315788269
5202500096.0,-0.3672524094581604
5203437568.0,-0.35912975668907166
5204375040.0,-0.3546223044395447
5205312512.0,-0.3530072569847107
5206249984.0,-0.3536774218082428
5207187456.0,-0.35750290751457214
5208124928.0,-0.36390119791030884
5209062400.0,-0.37402722239494324
5209999872.0,-0.38643667101860046
5210937344.0,-0.4006255865097046
5211874816.0,-0.4178647994995117
5212812288.0,-0.4374365210533142
5213749760.0,-0.45858609676361084
5214687744.0,-0.48217228055000305
5215625216.0,-0.5072771906852722
5216562688.0,-0.5337936282157898
5217500160.0,-0.5612027645111084
5218437632.0,-0.5881415009498596
5219375104.0,-0.6157183051109314
5220312576.0,-0.6445992588996887
5221250048.0,-0.6722823977470398
5222187520.0,-0.7008592486381531
5223124992.0,-0.7284205555915833
5224062464.0,-0.7546255588531494
5224999936.0,-0.7789990901947021
5225937408.0,-0.8301718831062317
5226874880.0,-0.8564730882644653
5227812352.0,-0.8793476223945618
5228749824.0,-0.9002261161804199
5229687296.0,-0.9192203879356384
5230624768.0,-0.9344656467437744
5231562752.0,-0.9468601942062378
5232500224.0,-0.9559448957443237
5233437696.0,-0.9626731872558594
5234375168.0,-0.9678023457527161
5235312640.0,-0.9709809422492981
5236250112.0,-0.971339225769043
5237187584.0,-0.9703558683395386
5238125056.0,-0.9669017195701599
5239062528.0,-0.9609408974647522
5240000000.0,-0.9545076489448547
5240937472.0,-0.9447540044784546
5241874944.0,-0.9339293837547302
5242812416.0,-0.9211837649345398
5243749888.0,-0.9074429273605347
5244687360.0,-0.8930062651634216
5245624832.0,-0.8778110146522522
5246562304.0,-0.8636532425880432
5247499776.0,-0.847429096698761
5248437248.0,-0.832618772983551
5249375232.0,-0.8172290325164795
5250312704.0,-0.8021146655082703
5251250176.0,-0.7867162823677063
5252187648.0,-0.7724465727806091
5253125120.0,-0.7589595913887024
5254062592.0,-0.7472342848777771
5255000064.0,-0.736913800239563
5255937536.0,-0.7288548350334167
5256875008.0,-0.7212190628051758
5257812480.0,-0.7146238088607788
5258749952.0,-0.7110053896903992
5259687424.0,-0.7072328925132751
5260624896.0,-0.7051883935928345
5261562368.0,-0.705265462398529
5262499840.0,-0.7076961994171143
5263437312.0,-0.7132050395011902
5264374784.0,-0.7203767895698547
5265312256.0,-0.7296848297119141
5266250240.0,-0.742998480796814
5267187712.0,-0.7581486105918884
5268125184.0,-0.7750469446182251
5269062656.0,-0.7948293685913086
5270000128.0,-0.8143201470375061
5270937600.0,-0.836371660232544
5271875072.0,-0.8614726066589355
5272812544.0,-0.8875213861465454
5273750016.0,-0.9158518314361572
5274687488.0,-0.9465963244438171
5275624960.0,-0.980440616607666
5276562432.0,-1.0143152475357056
5277499904.0,-1.051856517791748
5278437376.0,-1.0892306566238403
5279374848.0,-1.1272519826889038
5280312320.0,-1.167132019996643
5281249792.0,-1.2081068754196167
5282187264.0,-1.2486835718154907
5283125248.0,-1.2918413877487183
5284062720.0,-1.3315377235412598
5285000192.0,-1.3725535869598389
5285937664.0,-1.3997135162353516
5286875136.0,-1.4316531419754028
5287812608.0,-1.4618995189666748
5288750080.0,-1.488413691520691
5289687552.0,-1.512925148010254
5290625024.0,-1.5352067947387695
5291562496.0,-1.554968237876892
5292499968.0,-1.5733542442321777
5293437440.0,-1.5882619619369507
5294374912.0,-1.6006078720092773
5295312384.0,-1.609762191772461
5296249856.0,-1.614580750465393
5297187328.0,-1.6163363456726074
5298124800.0,-1.616369605064392
5299062272.0,-1.6116340160369873
5299999744.0,-1.6059341430664062
5300937728.0,-1.597800374031067
5301875200.0,-1.5858967304229736
5302812672.0,-1.572178840637207
5303750144.0,-1.5571812391281128
5304687616.0,-1.5407668352127075
5305625088.0,-1.5239819288253784
5306562560.0,-1.5065237283706665
5307500032.0,-1.489095687866211
5308437504.0,-1.472578763961792
5309374976.0,-1.4558852910995483
5310312448.0,-1.4405288696289062
5311249920.0,-1.4259978532791138
5312187392.0,-1.4142529964447021
5313124864.0,-1.4026240110397339
5314062336.0,-1.3920180797576904
5314999808.0,-1.3836958408355713
5315937280.0,-1.378624439239502
5316874752.0,-1.374366283416748
5317812736.0,-1.373687744140625
5318750208.0,-1.3758046627044678
5319687680.0,-1.380418300628662
5320625152.0,-1.3872488737106323
5321562624.0,-1.3966434001922607
5322500096.0,-1.408163070678711
5323437568.0,-1.4236449003219604
5324375040.0,-1.4392874240875244
5325312512.0,-1.4585247039794922
5326249984.0,-1.4790527820587158
5327187456.0,-1.502791166305542
5328124928.0,-1.5299724340438843
5329062400.0,-1.5601319074630737
5329999872.0,-1.5931026935577393
5330937344.0,-1.6300461292266846
5331874816.0,-1.6688345670700073
5332812288.0,-1.737985372543335
5333749760.0,-1.7879668474197388
5334687744.0,-1.838509440422058
5335625216.0,-1.892909288406372
5336562688.0,-1.9478460550308228
5337500160.0,-2.00313401222229
5338437632.0,-2.0600576400756836
5339375104.0,-2.11928391456604
5340312576.0,-2.177290439605713
5341250048.0,-2.234656810760498
5342187520.0,-2.2912395000457764
5343124992.0,-2.3468236923217773
5344062464.0,-2.398745059967041
5344999936.0,-2.4508395195007324
5345937408.0,-2.3872745037078857
5346874880.0,-2.4154772758483887
5347812352.0,-2.440453290939331
5348749824.0,-2.462623119354248
5349687296.0,-2.4809200763702393
5350624768.0,-2.4961581230163574
5351562752.0,-2.5081636905670166
5352500224.0,-2.5193941593170166
5353437696.0,-2.526293992996216
5354375168.0,-2.5303778648376465
5355312640.0,-2.530510187149048
5356250112.0,-2.5257339477539062
5357187584.0,-2.519536018371582
5358125056.0,-2.5084125995635986
5359062528.0,-2.495483160018921
5360000000.0,-2.480536937713623
5360937472.0,-2.463239908218384
5361874944.0,-2.4426355361938477
5362812416.0,-2.421436071395874
5363749888.0,-2.3974409103393555
5364687360.0,-2.3718223571777344
5365624832.0,-2.3473732471466064
5366562304.0,-2.321643114089966
5367499776.0,-2.294552803039551
5368437248.0,-2.2686405181884766
5369375232.0,-2.241891860961914
5370312704.0,-2.21630597114563
5371250176.0,-2.1909899711608887
5372187648.0,-2.167093276977539
5373125120.0,-2.143436908721924
5374062592.0,-2.1213505268096924
5375000064.0,-2.100350856781006
5375937536.0,-2.080824136734009
5376875008.0,-2.061734199523926
5377812480.0,-2.044297933578491
5378749952.0,-2.0284671783447266
5379687424.0,-2.011833667755127
5380624896.0,-1.9969902038574219
5381562368.0,-1.9850267171859741
5382499840.0,-1.974172592163086
5383437312.0,-1.9641766548156738
5384374784.0,-1.9590224027633667
5385312256.0,-1.9533082246780396
5386250240.0,-1.9490671157836914
5387187712.0,-1.9469903707504272
5388125184.0,-1.9462366104125977
5389062656.0,-1.9466217756271362
5390000128.0,-1.9481464624404907
5390937600.0,-1.9497138261795044
5391875072.0,-1.9526180028915405
5392812544.0,-1.9552083015441895
5393750016.0,-1.9586272239685059
5394687488.0,-1.9634898900985718
5395624960.0,-1.9675934314727783
5396562432.0,-1.9737980365753174
5397499904.0,-1.9789527654647827
5398437376.0,-1.9854133129119873
5399374848.0,-1.9904825687408447
5400312320.0,-1.995457410812378
5401249792.0,-2.0007550716400146
5402187264.0,-2.0037074089050293
5403125248.0,-2.0062103271484375
5404062720.0,-2.0078437328338623
5405000192.0,-2.0071775913238525
5405937664.0,-2.148080348968506
5406875136.0,-2.143768310546875
5407812608.0,-2.1366801261901855
5408750080.0,-2.1273508071899414
5409687552.0,-2.117250919342041
5410625024.0,-2.1026504039764404
5411562496.0,-2.0862979888916016
5412499968.0,-2.0682878494262695
5413437440.0,-2.047384738922119
5414374912.0,-2.026376485824585
5415312384.0,-2.002464532852173
5416249856.0,-1.9765204191207886
5417187328.0,-1.951137900352478
5418124800.0,-1.922773838043213
5419062272.0,-1.892399787902832
5420000256.0,-1.8615642786026
5420937728.0,-1.8293348550796509
5421875200.0,-1.7968729734420776
5422812672.0,-1.7643177509307861
5423750144.0,-1.7307722568511963
5424687616.0,-1.6978096961975098
5425625088.0,-1.6646227836608887
5426562560.0,-1.6322788000106812
5427500032.0,-1.6017836332321167
5428437504.0,-1.5699357986450195
5429374976.0,-1.5416715145111084
5430312448.0,-1.5141355991363525
5431249920.0,-1.4886157512664795
5432187392.0,-1.4637223482131958
5433124864.0,-1.441478967666626
5434062336.0,-1.4199780225753784
5434999808.0,-1.3979876041412354
5435937280.0,-1.3776172399520874
5436874752.0,-1.3590010404586792
5437812736.0,-1.3420747518539429
5438750208.0,-1.3256486654281616
5439687680.0,-1.3115466833114624
5440625152.0,-1.2985273599624634
5441562624.0,-1.288469672203064
5442500096.0,-1.279403805732727
5443437568.0,-1.271918535232544
5444375040.0,-1.2653963565826416
5445312512.0,-1.2593340873718262
5446249984.0,-1.2555326223373413
5447187456.0,-1.2529208660125732
5448124928.0,-1.2521222829818726
5449062400.0,-1.2535594701766968
5449999872.0,-1.256052017211914
5450937344.0,-1.2591897249221802
5451874816.0,-1.2644952535629272
5452812288.0,-1.2703505754470825
5453749760.0,-1.279413104057312
5454687744.0,-1.2874493598937988
5455625216.0,-1.2971528768539429
5456562688.0,-1.3078022003173828
5457500160.0,-1.3191256523132324
5458437632.0,-1.329331398010254
5459375104.0,-1.340816855430603
5460312576.0,-1.3506416082382202
5461250048.0,-1.3600422143936157
5462187520.0,-1.3682137727737427
5463124992.0,-1.3768908977508545
5464062464.0,-1.3829436302185059
5464999936.0,-1.3884763717651367
5465937408.0,-1.3956563472747803
5466874880.0,-1.3949216604232788
5467812352.0,-1.392711877822876
5468749824.0,-1.388366937637329
5469687296.0,-1.3823788166046143
5470624768.0,-1.3731693029403687
5471562752.0,-1.363424301147461
5472500224.0,-1.3512945175170898
5473437696.0,-1.3358038663864136
5474375168.0,-1.320418119430542
5475312640.0,-1.3025017976760864
5476250112.0,-1.2828738689422607
5477187584.0,-1.2605068683624268
5478125056.0,-1.2383164167404175
5479062528.0,-1.2141698598861694
5480000000.0,-1.1877014636993408
5480937472.0,-1.1612426042556763
5481874944.0,-1.1335761547088623
5482812416.0,-1.106378197669983
5483749888.0,-1.0793583393096924
5484687360.0,-1.0517419576644897
5485624832.0,-1.0247663259506226
5486562304.0,-0.9985668659210205
5487499776.0,-0.9720823764801025
5488437248.0,-0.9458708763122559
5489375232.0,-0.9203701019287109
5490312704.0,-0.8962626457214355
5491250176.0,-0.8732030987739563
5492187648.0,-0.8502237796783447
5493125120.0,-0.8296002149581909
5494062592.0,-0.8105455636978149
5495000064.0,-0.7935804724693298
5495937536.0,-0.7774139642715454
5496875008.0,-0.7637314796447754
5497812480.0,-0.7525890469551086
5498749952.0,-0.7440993785858154
5499687424.0,-0.7372147440910339
5500624896.0,-0.7341228723526001
5501562368.0,-0.7336058616638184
5502499840.0,-0.7350303530693054
5503437312.0,-0.7397965788841248
5504374784.0,-0.7473337650299072
5505312256.0,-0.7582896947860718
5506250240.0,-0.7707664966583252
5507187712.0,-0.7863237261772156
5508125184.0,-0.8057488203048706
5509062656.0,-0.8269116282463074
5510000128.0,-0.8499243259429932
5510937600.0,-0.8758338093757629
5511875072.0,-0.9023881554603577
5512812544.0,-0.932096004486084
5513750016.0,-0.9615591168403625
5514687488.0,-0.9924954771995544
5515624960.0,-1.0234113931655884
5516562432.0,-1.0547292232513428
5517499904.0,-1.0872533321380615
5518437376.0,-1.1177699565887451
5519374848.0,-1.1472735404968262
5520312320.0,-1.175439476966858
5521249792.0,-1.201695442199707
5522187264.0,-1.2247408628463745
5523125248.0,-1.2452073097229004
5524062720.0,-1.2619423866271973
5525000192.0,-1.2758252620697021
5525937664.0,-1.1101288795471191
5526875136.0,-1.1144410371780396
5527812608.0,-1.1173338890075684
5528750080.0,-1.1198697090148926
5529687552.0,-1.120273470878601
5530625024.0,-1.1175200939178467
5531562496.0,-1.1133126020431519
5532499968.0,-1.1089271306991577
5533437440.0,-1.0998152494430542
5534374912.0,-1.0905646085739136
5535312384.0,-1.079883098602295
5536249856.0,-1.0692538022994995
5537187328.0,-1.056208610534668
5538124800.0,-1.0414894819259644
5539062272.0,-1.0279916524887085
5539999744.0,-1.013642430305481
5540937728.0,-0.9983079433441162
5541875200.0,-0.9820309281349182
5542812672.0,-0.9664775729179382
5543750144.0,-0.9504059553146362
5544687616.0,-0.9345019459724426
5545625088.0,-0.9201353192329407
5546562560.0,-0.9050848484039307
5547500032.0,-0.8907594084739685
5548437504.0,-0.8763472437858582
5549374976.0,-0.8638521432876587
5550312448.0,-0.8517029881477356
5551249920.0,-0.8414646983146667
5552187392.0,-0.832058310508728
5553124864.0,-0.8244947791099548
5554062336.0,-0.81807541847229
5554999808.0,-0.8137613534927368
5555937280.0,-0.8122810125350952
5556874752.0,-0.8103109002113342
5557812736.0,-0.8133581280708313
5558750208.0,-0.8170199394226074
5559687680.0,-0.8245880007743835
5560625152.0,-0.8331872820854187
5561562624.0,-0.8460012674331665
5562500096.0,-0.8614044189453125
5563437568.0,-0.8784464597702026
5564375040.0,-0.8988470435142517
5565312512.0,-0.9213070273399353
5566249984.0,-0.9451926350593567
5567187456.0,-0.9715427756309509
5568124928.0,-0.9998906850814819
5569062400.0,-1.0287925004959106
5569999872.0,-1.0579286813735962
5570937344.0,-1.0871672630310059
5571874816.0,-1.1175966262817383
5572812288.0,-1.1460895538330078
5573749760.0,-1.1740436553955078
5574687744.0,-1.2019059658050537
5575625216.0,-1.2271766662597656
5576562688.0,-1.2487574815750122
5577500160.0,-1.2691787481307983
5578437632.0,-1.2862013578414917
5579375104.0,-1.3006569147109985
5580312576.0,-1.3106927871704102
5581250048.0,-1.3211406469345093
5582187520.0,-1.3278595209121704
5583124992.0,-1.331194519996643
5584062464.0,-1.3326585292816162
5584999936.0,-1.3313233852386475
5585937408.0,-1.256759762763977
5586874880.0,-1.2618627548217773
5587812352.0,-1.2660102844238281
5588749824.0,-1.268753170967102
5589687296.0,-1.2709460258483887
5590624768.0,-1.2719982862472534
5591562752.0,-1.2717204093933105
5592500224.0,-1.270839810371399
5593437696.0,-1.2690154314041138
5594375168.0,-1.2670921087265015
5595312640.0,-1.2636778354644775
5596250112.0,-1.26034677028656
5597187584.0,-1.2557154893875122
5598125056.0,-1.2508108615875244
5599062528.0,-1.244490385055542
5600000000.0,-1.2378300428390503
5600937472.0,-1.2330090999603271
5601874944.0,-1.2263367176055908
5602812416.0,-1.2204952239990234
5603749888.0,-1.2136101722717285
5604687360.0,-1.205674171447754
5605624832.0,-1.1988457441329956
5606562304.0,-1.192768931388855
5607499776.0,-1.1867809295654297
5608437248.0,-1.1806734800338745
5609375232.0,-1.1763039827346802
5610312704.0,-1.1708852052688599
5611250176.0,-1.1661818027496338
5612187648.0,-1.1610599756240845
5613125120.0,-1.1547960042953491
5614062592.0,-1.150015115737915
5615000064.0,-1.14654541015625
5615937536.0,-1.1422795057296753
5616875008.0,-1.1388925313949585
5617812480.0,-1.136123538017273
5618749952.0,-1.1332529783248901
5619687424.0,-1.1316072940826416
5620624896.0,-1.129464864730835
5621562368.0,-1.1278353929519653
5622499840.0,-1.1277610063552856
5623437312.0,-1.127021074295044
5624374784.0,-1.1259698867797852
5625312256.0,-1.1258883476257324
5626250240.0,-1.126776099205017
5627187712.0,-1.1259114742279053
5628125184.0,-1.12527334690094
5629062656.0,-1.1256077289581299
5630000128.0,-1.124956727027893
5630937600.0,-1.1244009733200073
5631875072.0,-1.1228424310684204
5632812544.0,-1.1223902702331543
5633750016.0,-1.120047926902771
5634687488.0,-1.1183035373687744
5635624960.0,-1.1163650751113892
5636562432.0,-1.1114976406097412
5637499904.0,-1.1071208715438843
5638437376.0,-1.1004066467285156
5639374848.0,-1.093237280845642
5640312320.0,-1.0854767560958862
5641249792.0,-1.077048659324646
5642187264.0,-1.0694516897201538
5643125248.0,-1.0595786571502686
5644062720.0,-1.0498058795928955
5645000192.0,-1.0406571626663208
5645937664.0,-1.0369021892547607
5646875136.0,-1.0244210958480835
5647812608.0,-1.0106126070022583
5648750080.0,-0.995776355266571
5649687552.0,-0.9796962738037109
5650625024.0,-0.9632560014724731
5651562496.0,-0.9456632733345032
5652499968.0,-0.9278250932693481
5653437440.0,-0.9094299077987671
5654374912.0,-0.8896409869194031
5655312384.0,-0.8699548244476318
5656249856.0,-0.8500086069107056
5657187328.0,-0.8290618062019348
5658124800.0,-0.808837354183197
5659062272.0,-0.788730263710022
5660000256.0,-0.7672898173332214
5660937728.0,-0.7460243105888367
5661875200.0,-0.7267407774925232
5662812672.0,-0.7076282501220703
5663750144.0,-0.6886538863182068
5664687616.0,-0.6702749133110046
5665625088.0,-0.6526417136192322
5666562560.0,-0.636021614074707
5667500032.0,-0.6219675540924072
5668437504.0,-0.6080557703971863
5669374976.0,-0.5960984230041504
5670312448.0,-0.5848395228385925
5671249920.0,-0.5767481327056885
5672187392.0,-0.5690494179725647
5673124864.0,-0.5638672709465027
5674062336.0,-0.5602028965950012
5674999808.0,-0.557630717754364
5675937280.0,-0.5567687153816223
5676874752.0,-0.5567901134490967
5677812736.0,-0.5581667423248291
5678750208.0,-0.5604348182678223
5679687680.0,-0.5635784864425659
5680625152.0,-0.5677089095115662
5681562624.0,-0.5712930560112
5682500096.0,-0.5743842720985413
5683437568.0,-0.5787138342857361
5684375040.0,-0.5822290778160095
5685312512.0,-0.5842919945716858
5686249984.0,-0.5874269008636475
5687187456.0,-0.5901976227760315
5688124928.0,-0.5925358533859253
5689062400.0,-0.5928846597671509
5689999872.0,-0.59255450963974
5690937344.0,-0.5904229879379272
5691874816.0,-0.5872077941894531
5692812288.0,-0.5825768709182739
5693749760.0,-0.574408233165741
5694687744.0,-0.5658009052276611
5695625216.0,-0.5563660860061646
5696562688.0,-0.5470225811004639
5697500160.0,-0.5343459844589233
5698437632.0,-0.5217308402061462
5699375104.0,-0.5084407329559326
5700312576.0,-0.49434468150138855
5701250048.0,-0.47936373949050903
5702187520.0,-0.46440190076828003
5703124992.0,-0.45116204023361206
5704062464.0,-0.43763893842697144
5704999936.0,-0.42491573095321655
5705937408.0,-0.39410337805747986
5706874880.0,-0.39199599623680115
5707812352.0,-0.3912654221057892
5708749824.0,-0.38931548595428467
5709687296.0,-0.3887051045894623
5710624768.0,-0.3872041404247284
5711562752.0,-0.3859669268131256
5712500224.0,-0.3835878074169159
5713437696.0,-0.38339751958847046
5714375168.0,-0.38044965267181396
5715312640.0,-0.37854906916618347
5716250112.0,-0.37475451827049255
5717187584.0,-0.3708941638469696
5718125056.0,-0.36617758870124817
5719062528.0,-0.3607831299304962
5720000000.0,-0.3552970886230469
5720937472.0,-0.3480798006057739
5721874944.0,-0.3410983979701996
5722812416.0,-0.33302929997444153
5723749888.0,-0.32454735040664673
5724687360.0,-0.3166305124759674
5725624832.0,-0.3084567189216614
5726562304.0,-0.29939258098602295
5727499776.0,-0.29124167561531067
5728437248.0,-0.284216970205307
5729375232.0,-0.27868613600730896
5730312704.0,-0.2736222743988037
5731250176.0,-0.27049028873443604
5732187648.0,-0.2698785662651062
5733125120.0,-0.26956403255462646
5734062592.0,-0.2728891968727112
5735000064.0,-0.27644509077072144
5735937536.0,-0.28253626823425293
5736875008.0,-0.28901466727256775
5737812480.0,-0.2985245883464813
5738749952.0,-0.30899545550346375
5739687424.0,-0.32124632596969604
5740624896.0,-0.33372095227241516
5741562368.0,-0.34704911708831787
5742499840.0,-0.3591056168079376
5743437312.0,-0.3715571463108063
5744374784.0,-0.38300883769989014
5745312256.0,-0.39185643196105957
5746250240.0,-0.40025269985198975
5747187712.0,-0.40720659494400024
5748125184.0,-0.4112449884414673
5749062656.0,-0.41218751668930054
5750000128.0,-0.4109007716178894
5750937600.0,-0.40809744596481323
5751875072.0,-0.40290912985801697
5752812544.0,-0.39562004804611206
5753750016.0,-0.38895389437675476
5754687488.0,-0.37966594099998474
5755624960.0,-0.370371550321579
5756562432.0,-0.3617973029613495
5757499904.0,-0.3538500666618347
5758437376.0,-0.3446832597255707
5759374848.0,-0.33810681104660034
5760312320.0,-0.33112600445747375
5761249792.0,-0.32644906640052795
5762187264.0,-0.32180890440940857
5763125248.0,-0.3187398910522461
5764062720.0,-0.31387144327163696
5765000192.0,-0.31057676672935486
5765937664.0,-0.2378440648317337
5766875136.0,-0.2401258945465088
5767812608.0,-0.24417127668857574
5768750080.0,-0.2485092580318451
5769687552.0,-0.25314003229141235
5770625024.0,-0.2587924897670746
5771562496.0,-0.2629980444908142
5772499968.0,-0.2693457305431366
5773437440.0,-0.2754195034503937
5774374912.0,-0.2826569676399231
5775312384.0,-0.28945982456207275
5776249856.0,-0.2979583740234375
5777187328.0,-0.3041327893733978
5778124800.0,-0.31093311309814453
5779062272.0,-0.3183279037475586
5779999744.0,-0.3260219395160675
5780937728.0,-0.33131974935531616
5781875200.0,-0.33597901463508606
5782812672.0,-0.342390775680542
5783750144.0,-0.34751206636428833
5784687616.0,-0.35229405760765076
5785625088.0,-0.35591164231300354
5786562560.0,-0.3590884506702423
5787500032.0,-0.3625379204750061
5788437504.0,-0.3651948869228363
5789374976.0,-0.3625459372997284
5790312448.0,-0.36176547408103943
5791249920.0,-0.3583243787288666
5792187392.0,-0.3542386293411255
5793124864.0,-0.34918850660324097
5794062336.0,-0.3432326018810272
5794999808.0,-0.3362586796283722
5795937280.0,-0.3298887610435486
5796874752.0,-0.3210833668708801
5797812736.0,-0.3125923275947571
5798750208.0,-0.30270814895629883
5799687680.0,-0.29284629225730896
5800625152.0,-0.2804808020591736
5801562624.0,-0.2691397964954376
5802500096.0,-0.25535067915916443
5803437568.0,-0.24173837900161743
5804375040.0,-0.22774411737918854
5805312512.0,-0.2133856564760208
5806249984.0,-0.19899335503578186
5807187456.0,-0.18306942284107208
5808124928.0,-0.1673881858587265
5809062400.0,-0.15169064700603485
5809999872.0,-0.13707031309604645
5810937344.0,-0.12224780023097992
5811874816.0,-0.1071176752448082
5812812288.0,-0.09195861220359802
5813749760.0,-0.07826205343008041
5814687744.0,-0.06536263972520828
5815625216.0,-0.05105163902044296
5816562688.0,-0.038783952593803406
5817500160.0,-0.02590029314160347
5818437632.0,-0.014996003359556198
5819375104.0,-0.003912937827408314
5820312576.0,0.005089736543595791
5821250048.0,0.013656058348715305
5822187520.0,0.022920265793800354
5823124992.0,0.029824133962392807
5824062464.0,0.036107223480939865
5824999936.0,0.04125822335481644
5825937408.0,-0.1482977569103241
5826874880.0,-0.15348544716835022
5827812352.0,-0.15587453544139862
5828749824.0,-0.15762731432914734
5829687296.0,-0.15788860619068146
5830624768.0,-0.15729084610939026
5831562752.0,-0.15470004081726074
5832500224.0,-0.1529628187417984
5833437696.0,-0.1498541384935379
5834375168.0,-0.14710886776447296
5835312640.0,-0.1428457647562027
5836250112.0,-0.1402931958436966
5837187584.0,-0.13635031878948212
5838125056.0,-0.13430015742778778
5839062528.0,-0.13112470507621765
5840000000.0,-0.13105586171150208
5840937472.0,-0.13283847272396088
5841874944.0,-0.13466918468475342
5842812416.0,-0.13760456442832947
5843749888.0,-0.14013969898223877
5844687360.0,-0.14475414156913757
5845624832.0,-0.15068718791007996
5846562304.0,-0.156612366437912
5847499776.0,-0.16422823071479797
5848437248.0,-0.172005295753479
5849375232.0,-0.18066054582595825
5850312704.0,-0.1896362602710724
5851250176.0,-0.19986099004745483
5852187648.0,-0.2097560316324234
5853125120.0,-0.21923981606960297
5854062592.0,-0.2293049693107605
5855000064.0,-0.23994430899620056
5855937536.0,-0.24784620106220245
5856875008.0,-0.25636038184165955
5857812480.0,-0.261929452419281
5858749952.0,-0.26735424995422363
5859687424.0,-0.2707459628582001
5860624896.0,-0.27299389243125916
5861562368.0,-0.27252596616744995
5862499840.0,-0.2701573371887207
5863437312.0,-0.26493510603904724
5864374784.0,-0.2582944631576538
5865312256.0,-0.2515276372432709
5866250240.0,-0.24315553903579712
5867187712.0,-0.23319506645202637
5868125184.0,-0.2218770533800125
5869062656.0,-0.2089061588048935
5870000128.0,-0.195408433675766
5870937600.0,-0.1827254593372345
5871875072.0,-0.17021861672401428
5872812544.0,-0.1564030647277832
5873750016.0,-0.1438535451889038
5874687488.0,-0.13491971790790558
5875624960.0,-0.12572595477104187
5876562432.0,-0.11816153675317764
5877499904.0,-0.11380685865879059
5878437376.0,-0.10923164337873459
5879374848.0,-0.1081826388835907
5880312320.0,-0.1076664850115776
5881249792.0,-0.10957828909158707
5882187264.0,-0.11319118738174438
5883125248.0,-0.11938118934631348
5884062720.0,-0.12660862505435944
5885000192.0,-0.13512463867664337
5885937664.0,-0.07340659201145172
5886875136.0,-0.07882893830537796
5887812608.0,-0.08444353938102722
5888750080.0,-0.09117698669433594
5889687552.0,-0.09821326285600662
5890625024.0,-0.10663853585720062
5891562496.0,-0.11404761672019958
5892499968.0,-0.12201853096485138
5893437440.0,-0.13128869235515594
5894374912.0,-0.14084014296531677
5895312384.0,-0.14939691126346588
5896249856.0,-0.15896831452846527
5897187328.0,-0.16786769032478333
5898124800.0,-0.17676801979541779
5899062272.0,-0.18601275980472565
5900000256.0,-0.19499534368515015
5900937728.0,-0.2034759372472763
5901875200.0,-0.21340295672416687
5902812672.0,-0.22229547798633575
5903750144.0,-0.23213697969913483
5904687616.0,-0.24166330695152283
5905625088.0,-0.2506701648235321
5906562560.0,-0.259898841381073
5907500032.0,-0.26867610216140747
5908437504.0,-0.2759901285171509
5909374976.0,-0.2841745913028717
5910312448.0,-0.2914455831050873
5911249920.0,-0.29948246479034424
5912187392.0,-0.3057526648044586
5913124864.0,-0.31227144598960876
5914062336.0,-0.3185594975948334
5914999808.0,-0.3240143358707428
5915937280.0,-0.3280388116836548
5916874752.0,-0.3318798243999481
5917812736.0,-0.33519476652145386
5918750208.0,-0.33713600039482117
5919687680.0,-0.33866381645202637
5920625152.0,-0.3404170274734497
5921562624.0,-0.3397405445575714
5922500096.0,-0.3395298421382904
5923437568.0,-0.33701440691947937
5924375040.0,-0.33315929770469666
5925312512.0,-0.32962292432785034
5926249984.0,-0.3237377107143402
5927187456.0,-0.3162180781364441
5928124928.0,-0.30808305740356445
5929062400.0,-0.29787421226501465
5929999872.0,-0.28668707609176636
5930937344.0,-0.27414679527282715
5931874816.0,-0.26057305932044983
5932812288.0,-0.2451304793357849
5933749760.0,-0.2303074151277542
5934687744.0,-0.2134792059659958
5935625216.0,-0.19549943506717682
5936562688.0,-0.1780003309249878
5937500160.0,-0.15955650806427002
5938437632.0,-0.14035092294216156
5939375104.0,-0.12298515439033508
5940312576.0,-0.10635501146316528
5941250048.0,-0.0884423777461052
5942187520.0,-0.07237879931926727
5943124992.0,-0.056791990995407104
5944062464.0,-0.04254765436053276
5944999936.0,-0.029975006356835365
5945937408.0,-0.1366368532180786
5946874880.0,-0.14411908388137817
5947812352.0,-0.1547095626592636
5948749824.0,-0.1658806949853897
5949687296.0,-0.17895463109016418
5950624768.0,-0.1945164054632187
5951562752.0,-0.21141737699508667
5952500224.0,-0.22893604636192322
5953437696.0,-0.24691838026046753
5954375168.0,-0.2660772204399109
5955312640.0,-0.2862967848777771
5956250112.0,-0.3064720630645752
5957187584.0,-0.3265710771083832
5958125056.0,-0.3463771641254425
5959062528.0,-0.36546796560287476
5960000000.0,-0.38391539454460144
5960937472.0,-0.4003402292728424
5961874944.0,-0.4158017933368683
5962812416.0,-0.42914336919784546
5963749888.0,-0.44116446375846863
5964687360.0,-0.4503227472305298
5965624832.0,-0.45585936307907104
5966562304.0,-0.4580378532409668
5967499776.0,-0.45722559094429016
5968437248.0,-0.45234519243240356
5969375232.0,-0.44588354229927063
5970312704.0,-0.4346277117729187
5971250176.0,-0.42232605814933777
5972187648.0,-0.40580594539642334
5973125120.0,-0.38740110397338867
5974062592.0,-0.36633139848709106
5975000064.0,-0.3438234329223633
5975937536.0,-0.3194892704486847
5976875008.0,-0.29517239332199097
5977812480.0,-0.270087867975235
5978749952.0,-0.246516153216362
5979687424.0,-0.22280104458332062
5980624896.0,-0.19964027404785156
5981562368.0,-0.1787300705909729
5982499840.0,-0.15890617668628693
5983437312.0,-0.14151032269001007
5984374784.0,-0.1261507272720337
5985312256.0,-0.11138200014829636
5986250240.0,-0.10022344440221786
5987187712.0,-0.09208165854215622
5988125184.0,-0.0871693342924118
5989062656.0,-0.08436469733715057
5990000128.0,-0.08401025831699371
5990937600.0,-0.08685249835252762
5991875072.0,-0.08986346423625946
5992812544.0,-0.09635607153177261
5993750016.0,-0.10343758761882782
5994687488.0,-0.11067091673612595
5995624960.0,-0.1192086935043335
5996562432.0,-0.12705644965171814
5997499904.0,-0.13663025200366974
5998437376.0,-0.14653731882572174
5999374848.0,-0.15462855994701385
6000312320.0,-0.16288940608501434
6001249792.0,-0.1701294481754303
6002187264.0,-0.17668719589710236
6003125248.0,-0.18345779180526733
6004062720.0,-0.18867793679237366
6005000192.0,-0.15086668729782104
6005937664.0,-0.15817588567733765
6006875136.0,-0.16688421368598938
6007812608.0,-0.17530494928359985
6008750080.0,-0.18472865223884583
6009687552.0,-0.19473163783550262
6010625024.0,-0.20536074042320251
6011562496.0,-0.2175617814064026
6012499968.0,-0.22914576530456543
6013437440.0,-0.24290329217910767
6014374912.0,-0.2560068964958191
6015312384.0,-0.26895102858543396
6016249856.0,-0.2832382023334503
6017187328.0,-0.29605844616889954
6018124800.0,-0.3089025318622589
6019062272.0,-0.320814311504364
6019999744.0,-0.33327093720436096
6020937728.0,-0.3448643386363983
6021875200.0,-0.35578256845474243
6022812672.0,-0.36490803956985474
6023750144.0,-0.37402933835983276
6024687616.0,-0.38251006603240967
6025625088.0,-0.38833898305892944
6026562560.0,-0.3921705186367035
6027500032.0,-0.3942164182662964
6028437504.0,-0.39564958214759827
6029374976.0,-0.3961668312549591
6030312448.0,-0.3931194543838501
6031249920.0,-0.38840383291244507
6032187392.0,-0.3828215003013611
6033124864.0,-0.37627846002578735
6034062336.0,-0.36697688698768616
6034999808.0,-0.3585532307624817
6035937280.0,-0.3488735854625702
6036874752.0,-0.3376660943031311
6037812736.0,-0.3258216679096222
6038750208.0,-0.3135249614715576
6039687680.0,-0.3038579523563385
6040625152.0,-0.291699081659317
6041562624.0,-0.28103145956993103
6042500096.0,-0.27046486735343933
6043437568.0,-0.2596299946308136
6044375040.0,-0.24959464371204376
6045312512.0,-0.24080128967761993
6046249984.0,-0.23381350934505463
6047187456.0,-0.22543612122535706
6048124928.0,-0.21965813636779785
6049062400.0,-0.21470752358436584
6049999872.0,-0.21113845705986023
6050937344.0,-0.20743542909622192
6051874816.0,-0.20598164200782776
6052812288.0,-0.20388638973236084
6053749760.0,-0.20446425676345825
6054687744.0,-0.20622506737709045
6055625216.0,-0.2084074318408966
6056562688.0,-0.21067246794700623
6057500160.0,-0.21483103930950165
6058437632.0,-0.2181445062160492
6059375104.0,-0.22314412891864777
6060312576.0,-0.22773617506027222
6061250048.0,-0.2326165735721588
6062187520.0,-0.23736484348773956
6063124992.0,-0.24321657419204712
6064062464.0,-0.24923314154148102
6064999936.0,-0.15341313183307648
6065937408.0,-0.1744895577430725
6066874880.0,-0.19602955877780914
6067812352.0,-0.21700166165828705
6068749824.0,-0.2365644872188568
6069687296.0,-0.25735801458358765
6070624768.0,-0.276610791683197
6071562752.0,-0.2966172993183136
6072500224.0,-0.31542518734931946
6073437696.0,-0.3332907259464264
6074375168.0,-0.350612074136734
6075312640.0,-0.36574557423591614
6076250112.0,-0.38077759742736816
6077187584.0,-0.39288294315338135
6078125056.0,-0.40572598576545715
6079062528.0,-0.41548189520835876
6080000000.0,-0.42507293820381165
6080937472.0,-0.4319212734699249
6081874944.0,-0.43857476115226746
6082812416.0,-0.44252443313598633
6083749888.0,-0.4458058178424835
6084687360.0,-0.4464227557182312
6085624832.0,-0.446748286485672
6086562304.0,-0.4435086250305176
6087499776.0,-0.4409487545490265
6088437248.0,-0.43606916069984436
6089375232.0,-0.42972227931022644
6090312704.0,-0.4235052466392517
6091250176.0,-0.41532203555107117
6092187648.0,-0.40721502900123596
6093125120.0,-0.3976652920246124
6094062592.0,-0.38627541065216064
6095000064.0,-0.37374866008758545
6095937536.0,-0.36234503984451294
6096875008.0,-0.3486899435520172
6097812480.0,-0.3350515365600586
6098749952.0,-0.3204645812511444
6099687424.0,-0.3059961795806885
6100624896.0,-0.2904529869556427
6101562368.0,-0.27553969621658325
6102499840.0,-0.26013004779815674
6103437312.0,-0.24552160501480103
6104374784.0,-0.2302863448858261
6105312256.0,-0.21487069129943848
6106250240.0,-0.20167283713817596
6107187712.0,-0.18633006513118744
6108125184.0,-0.17311397194862366
6109062656.0,-0.1595505326986313
6110000128.0,-0.14701521396636963
6110937600.0,-0.13548757135868073
6111875072.0,-0.12384211272001266
6112812544.0,-0.11377713084220886
6113750016.0,-0.10295148193836212
6114687488.0,-0.09356289356946945
6115624960.0,-0.08599074929952621
6116562432.0,-0.0786975771188736
6117499904.0,-0.07366354018449783
6118437376.0,-0.0703190490603447
6119374848.0,-0.0693899542093277
6120312320.0,-0.07047571986913681
6121249792.0,-0.07388529926538467
6122187264.0,-0.0778464749455452
6123125248.0,-0.08514492958784103
6124062720.0,-0.0927271693944931
6125000192.0,-0.14705270528793335
6125937664.0,-0.16246306896209717
6126875136.0,-0.1780884861946106
6127812608.0,-0.1948660910129547
6128750080.0,-0.210948646068573
6129687552.0,-0.2279154509305954
6130625024.0,-0.24397826194763184
6131562496.0,-0.26046139001846313
6132499968.0,-0.2768574059009552
6133437440.0,-0.29325997829437256
6134374912.0,-0.30942121148109436
6135312384.0,-0.3254547715187073
6136249856.0,-0.3410641551017761
6137187328.0,-0.3555465042591095
6138124800.0,-0.37017616629600525
6139062272.0,-0.3824423551559448
6140000256.0,-0.39532437920570374
6140937728.0,-0.4063364267349243
6141875200.0,-0.4178190529346466
6142812672.0,-0.42706939578056335
6143750144.0,-0.4349510371685028
6144687616.0,-0.4434897005558014
6145625088.0,-0.4513012170791626
6146562560.0,-0.4562232792377472
6147500032.0,-0.4606684446334839
6148437504.0,-0.462287038564682
6149374976.0,-0.46298930048942566
6150312448.0,-0.461970716714859
6151249920.0,-0.4585200250148773
6152187392.0,-0.45403268933296204
6153124864.0,-0.44756796956062317
6154062336.0,-0.44100672006607056
6154999808.0,-0.4321064054965973
6155937280.0,-0.42278745770454407
6156874752.0,-0.41220006346702576
6157812736.0,-0.4011671245098114
6158750208.0,-0.38779014348983765
6159687680.0,-0.3744213283061981
6160625152.0,-0.35994893312454224
6161562624.0,-0.3457346558570862
6162500096.0,-0.33147841691970825
6163437568.0,-0.3169473111629486
6164375040.0,-0.3014868199825287
6165312512.0,-0.28681638836860657
6166249984.0,-0.2734281122684479
6167187456.0,-0.2591404616832733
6168124928.0,-0.2456047683954239
6169062400.0,-0.23166602849960327
6169999872.0,-0.21640324592590332
6170937344.0,-0.20304815471172333
6171874816.0,-0.1887974590063095
6172812288.0,-0.17594407498836517
6173749760.0,-0.16539061069488525
6174687744.0,-0.15526758134365082
6175625216.0,-0.14548265933990479
6176562688.0,-0.13802924752235413
6177500160.0,-0.13066282868385315
6178437632.0,-0.12447632104158401
6179375104.0,-0.12049911171197891
6180312576.0,-0.11732631921768188
6181250048.0,-0.1171141192317009
6182187520.0,-0.11713198572397232
6183124992.0,-0.12014525383710861
6184062464.0,-0.12410715222358704
6184999936.0,-0.2721995413303375
6185937408.0,-0.28865253925323486
6186874880.0,-0.3048759698867798
6187812352.0,-0.32131317257881165
6188749824.0,-0.33882662653923035
6189687296.0,-0.3561208248138428
6190624768.0,-0.37269851565361023
6191562752.0,-0.3880818486213684
6192500224.0,-0.4033404588699341
6193437696.0,-0.4171656370162964
6194375168.0,-0.4285535216331482
6195312640.0,-0.43896183371543884
6196250112.0,-0.4463992118835449
6197187584.0,-0.4531867206096649
6198125056.0,-0.4593300521373749
6199062528.0,-0.46367666125297546
6200000000.0,-0.46706637740135193
6200937472.0,-0.46899864077568054
6201874944.0,-0.4715076982975006
6202812416.0,-0.4740091562271118
6203749888.0,-0.474682480096817
6204687360.0,-0.47657933831214905
6205624832.0,-0.4795452356338501
6206562304.0,-0.4829924404621124
6207499776.0,-0.48878568410873413
6208437248.0,-0.49380773305892944
6209375232.0,-0.5014978051185608
6210312704.0,-0.5087854266166687
6211250176.0,-0.5171016454696655
6212187648.0,-0.5238744020462036
6213125120.0,-0.5295381546020508
6214062592.0,-0.534226655960083
6215000064.0,-0.5339581966400146
6215937536.0,-0.5290803909301758
6216875008.0,-0.5214770436286926
6217812480.0,-0.5131232142448425
6218749952.0,-0.5030002593994141
6219687424.0,-0.4918309152126312
6220624896.0,-0.47977757453918457
6221562368.0,-0.46493440866470337
6222499840.0,-0.4514404535293579
6223437312.0,-0.43796831369400024
6224374784.0,-0.424222856760025
6225312256.0,-0.41230303049087524
6226250240.0,-0.4010757803916931
6227187712.0,-0.3898478150367737
6228125184.0,-0.37969261407852173
6229062656.0,-0.37020808458328247
6230000128.0,-0.36188820004463196
6230937600.0,-0.35471412539482117
6231875072.0,-0.34758907556533813
6232812544.0,-0.34123456478118896
6233750016.0,-0.33419790863990784
6234687488.0,-0.3295525312423706
6235624960.0,-0.32286161184310913
6236562432.0,-0.31702595949172974
6237499904.0,-0.3114078938961029
6238437376.0,-0.30457401275634766
6239374848.0,-0.29822054505348206
6240312320.0,-0.2908831834793091
6241249792.0,-0.2842130959033966
6242187264.0,-0.2774638235569
6243125248.0,-0.2705729007720947
6244062720.0,-0.2645934820175171
6245000192.0,-0.4239513874053955
6245937664.0,-0.42583101987838745
6246875136.0,-0.4285714328289032
6247812608.0,-0.43447625637054443
6248750080.0,-0.44000425934791565
6249687552.0,-0.448824942111969
6250625024.0,-0.4593312740325928
6251562496.0,-0.47327324748039246
6252499968.0,-0.4904066324234009
6253437440.0,-0.5094795823097229
6254374912.0,-0.5302325487136841
6255312384.0,-0.5526241064071655
6256249856.0,-0.5765112042427063
6257187328.0,-0.6036413908004761
6258124800.0,-0.6300144195556641
6259062272.0,-0.6570692658424377
6259999744.0,-0.6846404075622559
6260937728.0,-0.7122278213500977
6261875200.0,-0.7385842204093933
6262812672.0,-0.7633336186408997
6263750144.0,-0.7858251929283142
6264687616.0,-0.8082246780395508
6265625088.0,-0.8250393867492676
6266562560.0,-0.8401346802711487
6267500032.0,-0.8516426682472229
6268437504.0,-0.8617676496505737
6269374976.0,-0.8675581812858582
6270312448.0,-0.8690024018287659
6271249920.0,-0.8694661259651184
6272187392.0,-0.8649747371673584
6273124864.0,-0.8572130799293518
6274062336.0,-0.846641480922699
6274999808.0,-0.8302053809165955
6275937280.0,-0.8125753402709961
6276874752.0,-0.7918131351470947
6277812736.0,-0.7677547931671143
6278750208.0,-0.7435334324836731
6279687680.0,-0.7157450318336487
6280625152.0,-0.6873124241828918
6281562624.0,-0.6595969796180725
6282500096.0,-0.6302040815353394
6283437568.0,-0.6005041003227234
6284375040.0,-0.5719332098960876
6285312512.0,-0.5418294072151184
6286249984.0,-0.5127139091491699
6287187456.0,-0.48499128222465515
6288124928.0,-0.45649638772010803
6289062400.0,-0.43082088232040405
6289999872.0,-0.40662682056427
6290937344.0,-0.3841818869113922
6291874816.0,-0.3646751046180725
6292812288.0,-0.3466624915599823
6293749760.0,-0.3310845196247101
6294687744.0,-0.31980782747268677
6295625216.0,-0.31031572818756104
6296562688.0,-0.3083776533603668
6297500160.0,-0.3095738887786865
6298437632.0,-0.3153302073478699
6299375104.0,-0.3232458531856537
6300312576.0,-0.3348348140716553
6301250048.0,-0.34752658009529114
6302187520.0,-0.36355677247047424
6303124992.0,-0.3822447955608368
6304062464.0,-0.4034295678138733
6304999936.0,-0.5419076681137085
6305937408.0,-0.5641087889671326
6306874880.0,-0.5854547619819641
6307812352.0,-0.6089945435523987
6308749824.0,-0.633524477481842
6309687296.0,-0.6593173146247864
6310624768.0,-0.6842505931854248
6311562752.0,-0.7097448110580444
6312500224.0,-0.7361743450164795
6313437696.0,-0.7624382376670837
6314375168.0,-0.7872978448867798
6315312640.0,-0.8125964999198914
6316250112.0,-0.8372302651405334
6317187584.0,-0.8605928421020508
6318125056.0,-0.883425772190094
6319062528.0,-0.9034661054611206
6320000000.0,-0.9218727946281433
6320937472.0,-0.9368245601654053
6321874944.0,-0.9525132179260254
6322812416.0,-0.9646515846252441
6323749888.0,-0.9735996723175049
6324687360.0,-0.9825957417488098
6325624832.0,-0.9859763383865356
6326562304.0,-0.9867256879806519
6327499776.0,-0.9846361875534058
6328437248.0,-0.9795926809310913
6329375232.0,-0.9728889465332031
6330312704.0,-0.9633283615112305
6331250176.0,-0.9498574137687683
6332187648.0,-0.9370136260986328
6333125120.0,-0.9220002889633179
6334062592.0,-0.904227614402771
6335000064.0,-0.8855677247047424
6335937536.0,-0.8654909133911133
6336875008.0,-0.8448541760444641
6337812480.0,-0.8235542178153992
6338749952.0,-0.8013779520988464
6339687424.0,-0.7793631553649902
6340624896.0,-0.7571116089820862
6341562368.0,-0.7350480556488037
6342499840.0,-0.7118847370147705
6343437312.0,-0.6899463534355164
6344374784.0,-0.6685192584991455
6345312256.0,-0.647168755531311
6346250240.0,-0.6277784109115601
6347187712.0,-0.6059979796409607
6348125184.0,-0.5861012935638428
6349062656.0,-0.5681661367416382
6350000128.0,-0.5510329008102417
6350937600.0,-0.5355002880096436
6351875072.0,-0.5223986506462097
6352812544.0,-0.511135458946228
6353750016.0,-0.5015360116958618
6354687488.0,-0.4948060214519501
6355624960.0,-0.4906196594238281
6356562432.0,-0.4888532757759094
6357499904.0,-0.4911191463470459
6358437376.0,-0.49492985010147095
6359374848.0,-0.5013869404792786
6360312320.0,-0.5100439190864563
6361249792.0,-0.5219350457191467
6362187264.0,-0.5349507331848145
6363125248.0,-0.5509468913078308
6364062720.0,-0.5698198080062866
6365000192.0,-0.8381670117378235
6365937664.0,-0.8448355793952942
6366875136.0,-0.8521278500556946
6367812608.0,-0.8610296249389648
6368750080.0,-0.869125485420227
6369687552.0,-0.8784898519515991
6370625024.0,-0.8880817294120789
6371562496.0,-0.8981456756591797
6372499968.0,-0.9067314267158508
6373437440.0,-0.9169885516166687
6374374912.0,-0.9266099333763123
6375312384.0,-0.9358286261558533
6376249856.0,-0.9460103511810303
6377187328.0,-0.953572690486908
6378124800.0,-0.9624307751655579
6379062272.0,-0.969864010810852
6380000256.0,-0.9773216247558594
6380937728.0,-0.9841079711914062
6381875200.0,-0.9896329045295715
6382812672.0,-0.9951751828193665
6383750144.0,-1.0000667572021484
6384687616.0,-1.0041903257369995
6385625088.0,-1.0067884922027588
6386562560.0,-1.0101841688156128
6387500032.0,-1.0110119581222534
6388437504.0,-1.0142840147018433
6389374976.0,-1.0146743059158325
6390312448.0,-1.0159426927566528
6391249920.0,-1.0144325494766235
6392187392.0,-1.0132869482040405
6393124864.0,-1.0113166570663452
6394062336.0,-1.0102587938308716
6394999808.0,-1.0090532302856445
6395937280.0,-1.0073760747909546
6396874752.0,-1.0045677423477173
6397812736.0,-1.0013905763626099
6398750208.0,-0.9975523948669434
6399687680.0,-0.9957466721534729
6400625152.0,-0.9929006695747375
6401562624.0,-0.9901715517044067
6402500096.0,-0.9885082840919495
6403437568.0,-0.9870662093162537
6404375040.0,-0.9863809943199158
6405312512.0,-0.9865905046463013
6406249984.0,-0.9879933595657349
6407187456.0,-0.9896423816680908
6408124928.0,-0.9925041794776917
6409062400.0,-0.9963902235031128
6409999872.0,-0.9992092251777649
6410937344.0,-1.0048168897628784
6411874816.0,-1.011562705039978
6412812288.0,-1.0176111459732056
6413749760.0,-1.0248535871505737
6414687744.0,-1.0316822528839111
6415625216.0,-1.0389307737350464
6416562688.0,-1.0467092990875244
6417500160.0,-1.0553369522094727
6418437632.0,-1.063877820968628
6419375104.0,-1.0712621212005615
6420312576.0,-1.079103708267212
6421250048.0,-1.0863897800445557
6422187520.0,-1.0936946868896484
6423124992.0,-1.0977681875228882
6424062464.0,-1.1017214059829712
6424999936.0,-1.1166801452636719
6425937408.0,-1.1274163722991943
6426874880.0,-1.1380568742752075
6427812352.0,-1.1472537517547607
6428749824.0,-1.1548469066619873
6429687296.0,-1.160711407661438
6430624768.0,-1.165603518486023
6431562752.0,-1.1684828996658325
6432500224.0,-1.1706876754760742
6433437696.0,-1.1706031560897827
6434375168.0,-1.1686826944351196
6435312640.0,-1.164781928062439
6436250112.0,-1.1611839532852173
6437187584.0,-1.1554816961288452
6438125056.0,-1.1485153436660767
6439062528.0,-1.1420472860336304
6440000000.0,-1.132846474647522
6440937472.0,-1.1221957206726074
6441874944.0,-1.1110073328018188
6442812416.0,-1.0978187322616577
6443749888.0,-1.0844614505767822
6444687360.0,-1.0703368186950684
6445624832.0,-1.0567023754119873
6446562304.0,-1.0438966751098633
6447499776.0,-1.0310337543487549
6448437248.0,-1.0185438394546509
6449375232.0,-1.0085430145263672
6450312704.0,-0.9983723163604736
6451250176.0,-0.9898285865783691
6452187648.0,-0.9821102023124695
6453125120.0,-0.9731864333152771
6454062592.0,-0.9656303524971008
6455000064.0,-0.9583936333656311
6455937536.0,-0.9519572854042053
6456875008.0,-0.9459841251373291
6457812480.0,-0.9409451484680176
6458749952.0,-0.9364863634109497
6459687424.0,-0.9329614043235779
6460624896.0,-0.9283049702644348
6461562368.0,-0.9251253604888916
6462499840.0,-0.920774519443512
6463437312.0,-0.9171640872955322
6464374784.0,-0.913689374923706
6465312256.0,-0.9110314846038818
6466250240.0,-0.9078273773193359
6467187712.0,-0.9038805365562439
6468125184.0,-0.9009876251220703
6469062656.0,-0.8975619673728943
6470000128.0,-0.8930997252464294
6470937600.0,-0.8886758089065552
6471875072.0,-0.883182942867279
6472812544.0,-0.877534031867981
6473750016.0,-0.873514711856842
6474687488.0,-0.8692201375961304
6475624960.0,-0.8655935525894165
6476562432.0,-0.8629631400108337
6477499904.0,-0.8604134917259216
6478437376.0,-0.8562710285186768
6479374848.0,-0.854349672794342
6480312320.0,-0.8512844443321228
6481249792.0,-0.8505202531814575
6482187264.0,-0.8493674397468567
6483125248.0,-0.848750650882721
6484062720.0,-0.8473929762840271
6485000192.0,-0.9499011039733887
6485937664.0,-0.9566810131072998
6486875136.0,-0.9634932279586792
6487812608.0,-0.9702625274658203
6488750080.0,-0.9770826101303101
6489687552.0,-0.9819886684417725
6490625024.0,-0.9873632192611694
6491562496.0,-0.9920855164527893
6492499968.0,-0.9975259304046631
6493437440.0,-1.0019303560256958
6494374912.0,-1.006322979927063
6495312384.0,-1.0107381343841553
6496249856.0,-1.0140831470489502
6497187328.0,-1.0161830186843872
6498124800.0,-1.0175167322158813
6499062272.0,-1.015933871269226
6499999744.0,-1.013938546180725
6500937728.0,-1.0109329223632812
6501875200.0,-1.006313443183899
6502812672.0,-1.0021573305130005
6503750144.0,-0.9963620901107788
6504687616.0,-0.9904142618179321
6505625088.0,-0.9836615920066833
6506562560.0,-0.9750218987464905
6507500032.0,-0.9660896062850952
6508437504.0,-0.9563733339309692
6509374976.0,-0.9454096555709839
6510312448.0,-0.9350482821464539
6511249920.0,-0.9237614274024963
6512187392.0,-0.9106845855712891
6513124864.0,-0.8985868692398071
6514062336.0,-0.886889636516571
6514999808.0,-0.8746456503868103
6515937280.0,-0.8633025884628296
6516874752.0,-0.853879451751709
6517812736.0,-0.8430901169776917
6518750208.0,-0.8329101204872131
6519687680.0,-0.8247655034065247
6520625152.0,-0.8176025748252869
6521562624.0,-0.8100695610046387
6522500096.0,-0.8046910166740417
6523437568.0,-0.7998477220535278
6524375040.0,-0.7957141995429993
6525312512.0,-0.7915655970573425
6526249984.0,-0.7885926961898804
6527187456.0,-0.785551905632019
6528124928.0,-0.7842581272125244
6529062400.0,-0.7825116515159607
6529999872.0,-0.7818980813026428
6530937344.0,-0.7820777297019958
6531874816.0,-0.7846919894218445
6532812288.0,-0.7853645086288452
6533749760.0,-0.7880966663360596
6534687744.0,-0.7927484512329102
6535625216.0,-0.7960999011993408
6536562688.0,-0.8015698194503784
6537500160.0,-0.8074396252632141
6538437632.0,-0.8142051696777344
6539375104.0,-0.8226389288902283
6540312576.0,-0.8296055197715759
6541250048.0,-0.8390640020370483
6542187520.0,-0.8474528193473816
6543124992.0,-0.8556150794029236
6544062464.0,-0.8641882538795471
6544999936.0,-0.8591671586036682
6545937408.0,-0.8632247447967529
6546874880.0,-0.867088794708252
6547812352.0,-0.8710958957672119
6548749824.0,-0.8736199736595154
6549687296.0,-0.8779709935188293
6550624768.0,-0.8798639178276062
6551562752.0,-0.8839012980461121
6552500224.0,-0.8889387845993042
6553437696.0,-0.8937157392501831
6554375168.0,-0.8988146185874939
6555312640.0,-0.9057036638259888
6556250112.0,-0.9127737283706665
6557187584.0,-0.9207369089126587
6558125056.0,-0.9286653995513916
6559062528.0,-0.9387568235397339
6560000000.0,-0.9497237205505371
6560937472.0,-0.9600385427474976
6561874944.0,-0.9711305499076843
6562812416.0,-0.9827476143836975
6563749888.0,-0.9955654144287109
6564687360.0,-1.009389877319336
6565624832.0,-1.022802472114563
6566562304.0,-1.0364141464233398
6567499776.0,-1.050169825553894
6568437248.0,-1.063600778579712
6569375232.0,-1.0751913785934448
6570312704.0,-1.0871750116348267
6571250176.0,-1.0982940196990967
6572187648.0,-1.1099669933319092
6573125120.0,-1.120418667793274
6574062592.0,-1.1306360960006714
6575000064.0,-1.13969886302948
6575937536.0,-1.1488710641860962
6576875008.0,-1.154811143875122
6577812480.0,-1.1620689630508423
6578749952.0,-1.1670645475387573
6579687424.0,-1.1711686849594116
6580624896.0,-1.1739344596862793
6581562368.0,-1.175647497177124
6582499840.0,-1.1745537519454956
6583437312.0,-1.1742044687271118
6584374784.0,-1.172619104385376
6585312256.0,-1.1683269739151
6586250240.0,-1.166115641593933
6587187712.0,-1.1623733043670654
6588125184.0,-1.1571568250656128
6589062656.0,-1.151869535446167
6590000128.0,-1.147540807723999
6590937600.0,-1.1428256034851074
6591875072.0,-1.1378337144851685
6592812544.0,-1.134323239326477
6593750016.0,-1.1292921304702759
6594687488.0,-1.1256418228149414
6595624960.0,-1.1226608753204346
6596562432.0,-1.1191918849945068
6597499904.0,-1.1170403957366943
6598437376.0,-1.1150380373001099
6599374848.0,-1.1135421991348267
6600312320.0,-1.1128333806991577
6601249792.0,-1.1117340326309204
6602187264.0,-1.1113489866256714
6603125248.0,-1.1128371953964233
6604062720.0,-1.1151421070098877
6605000192.0,-1.1146936416625977
6605937664.0,-1.1215426921844482
6606875136.0,-1.1286952495574951
6607812608.0,-1.135289192199707
6608750080.0,-1.1418468952178955
6609687552.0,-1.1481844186782837
6610625024.0,-1.1529438495635986
6611562496.0,-1.1572113037109375
6612499968.0,-1.1615437269210815
6613437440.0,-1.1660233736038208
6614374912.0,-1.1686333417892456
6615312384.0,-1.1721291542053223
6616249856.0,-1.1755815744400024
6617187328.0,-1.180174469947815
6618124800.0,-1.1844899654388428
6619062272.0,-1.189662218093872
6620000256.0,-1.1956443786621094
6620937728.0,-1.201295256614685
6621875200.0,-1.2083967924118042
6622812672.0,-1.2167062759399414
6623750144.0,-1.2263880968093872
6624687616.0,-1.2375223636627197
6625625088.0,-1.2513155937194824
6626562560.0,-1.2704962491989136
6627500032.0,-1.2895619869232178
6628437504.0,-1.3098236322402954
6629374976.0,-1.3299708366394043
6630312448.0,-1.3494218587875366
6631249920.0,-1.3722871541976929
6632187392.0,-1.3929213285446167
6633124864.0,-1.414217472076416
6634062336.0,-1.4341692924499512
6634999808.0,-1.4543044567108154
6635937280.0,-1.4745408296585083
6636874752.0,-1.493859052658081
6637812736.0,-1.510880708694458
6638750208.0,-1.5291669368743896
6639687680.0,-1.5463125705718994
6640625152.0,-1.5625789165496826
6641562624.0,-1.577853798866272
6642500096.0,-1.5908851623535156
6643437568.0,-1.6027981042861938
6644375040.0,-1.6143152713775635
6645312512.0,-1.6239279508590698
6646249984.0,-1.6336973905563354
6647187456.0,-1.641614556312561
6648124928.0,-1.647659420967102
6649062400.0,-1.6534258127212524
6649999872.0,-1.6575229167938232
6650937344.0,-1.6611781120300293
6651874816.0,-1.6661646366119385
6652812288.0,-1.670767903327942
6653749760.0,-1.673670768737793
6654687744.0,-1.6777420043945312
6655625216.0,-1.6811884641647339
6656562688.0,-1.6846938133239746
6657500160.0,-1.6876882314682007
6658437632.0,-1.6913808584213257
6659375104.0,-1.6952712535858154
6660312576.0,-1.700451135635376
6661250048.0,-1.7087863683700562
6662187520.0,-1.7184170484542847
6663124992.0,-1.728989839553833
6664062464.0,-1.742419719696045
6664999936.0,-1.7621326446533203
6665937408.0,-1.776127576828003
6666874880.0,-1.7894761562347412
6667812352.0,-1.8045194149017334
6668749824.0,-1.8174725770950317
6669687296.0,-1.8322834968566895
6670624768.0,-1.8455232381820679
6671562752.0,-1.8586093187332153
6672500224.0,-1.870909571647644
6673437696.0,-1.8836863040924072
6674375168.0,-1.8954654932022095
6675312640.0,-1.9076452255249023
6676250112.0,-1.917572021484375
6677187584.0,-1.9243181943893433
6678125056.0,-1.9298405647277832
6679062528.0,-1.9334187507629395
6680000000.0,-1.9363796710968018
6680937472.0,-1.9400886297225952
6681874944.0,-1.9420844316482544
6682812416.0,-1.9432677030563354
6683749888.0,-1.944089651107788
6684687360.0,-1.9438942670822144
6685624832.0,-1.9433332681655884
6686562304.0,-1.9441463947296143
6687499776.0,-1.9463937282562256
6688437248.0,-1.9472311735153198
6689375232.0,-1.9507359266281128
6690312704.0,-1.955830693244934
6691250176.0,-1.9634802341461182
6692187648.0,-1.9712905883789062
6693125120.0,-1.9828602075576782
6694062592.0,-1.9950416088104248
6695000064.0,-2.0086703300476074
6695937536.0,-2.0219790935516357
6696875008.0,-2.0365684032440186
6697812480.0,-2.0522634983062744
6698749952.0,-2.0693776607513428
6699687424.0,-2.088925838470459
6700624896.0,-2.109992265701294
6701562368.0,-2.1347460746765137
6702499840.0,-2.1601481437683105
6703437312.0,-2.1862998008728027
6704374784.0,-2.213688373565674
6705312256.0,-2.2404494285583496
6706250240.0,-2.2681872844696045
6707187712.0,-2.2951202392578125
6708125184.0,-2.321964979171753
6709062656.0,-2.3470375537872314
6710000128.0,-2.371507406234741
6710937600.0,-2.393031597137451
6711875072.0,-2.413297176361084
6712812544.0,-2.4304749965667725
6713750016.0,-2.4413297176361084
6714687488.0,-2.448465347290039
6715624960.0,-2.4529871940612793
6716562432.0,-2.4564335346221924
6717499904.0,-2.456808090209961
6718437376.0,-2.4567580223083496
6719374848.0,-2.4559948444366455
6720312320.0,-2.4554150104522705
6721249792.0,-2.453254461288452
6722187264.0,-2.4514684677124023
6723125248.0,-2.451026678085327
6724062720.0,-2.452181577682495
6725000192.0,-2.429485321044922
6725937664.0,-2.433779001235962
6726875136.0,-2.438882827758789
6727812608.0,-2.4461536407470703
6728750080.0,-2.454861640930176
6729687552.0,-2.4668478965759277
6730625024.0,-2.4800236225128174
6731562496.0,-2.496713399887085
6732499968.0,-2.5149190425872803
6733437440.0,-2.5353662967681885
6734374912.0,-2.5576841831207275
6735312384.0,-2.5792930126190186
6736249856.0,-2.6032018661499023
6737187328.0,-2.626598834991455
6738124800.0,-2.653155565261841
6739062272.0,-2.6825363636016846
6739999744.0,-2.7133121490478516
6740937728.0,-2.7468860149383545
6741875200.0,-2.77848744392395
6742812672.0,-2.8123323917388916
6743750144.0,-2.846217155456543
6744687616.0,-2.878626585006714
6745625088.0,-2.9117908477783203
6746562560.0,-2.9417927265167236
6747500032.0,-2.971846580505371
6748437504.0,-2.997339963912964
6749374976.0,-3.0212461948394775
6750312448.0,-3.0403270721435547
6751249920.0,-3.056893825531006
6752187392.0,-3.0769779682159424
6753124864.0,-3.0890562534332275
6754062336.0,-3.0997653007507324
6754999808.0,-3.108175277709961
6755937280.0,-3.110511064529419
6756874752.0,-3.109009027481079
6757812736.0,-3.1032631397247314
6758750208.0,-3.094195604324341
6759687680.0,-3.0803399085998535
6760625152.0,-3.0615854263305664
6761562624.0,-3.037797212600708
6762500096.0,-3.010321855545044
6763437568.0,-2.9780166149139404
6764375040.0,-2.9426186084747314
6765312512.0,-2.8999555110931396
6766249984.0,-2.8561789989471436
6767187456.0,-2.806914806365967
6768124928.0,-2.7531027793884277
6769062400.0,-2.696131944656372
6769999872.0,-2.6358771324157715
6770937344.0,-2.572611093521118
6771874816.0,-2.5078577995300293
6772812288.0,-2.4446206092834473
6773749760.0,-2.381868839263916
6774687744.0,-2.3199691772460938
6775625216.0,-2.260977268218994
6776562688.0,-2.2034659385681152
6777500160.0,-2.1485419273376465
6778437632.0,-2.100243091583252
6779375104.0,-2.0550503730773926
6780312576.0,-2.0127053260803223
6781250048.0,-1.9747234582901
6782187520.0,-1.939274787902832
6783124992.0,-1.9071091413497925
6784062464.0,-1.8795018196105957
6784999936.0,-2.3329124450683594
6785937408.0,-2.31459379196167
6786874880.0,-2.2953617572784424
6787812352.0,-2.2770588397979736
6788749824.0,-2.2597217559814453
6789687296.0,-2.245196580886841
6790624768.0,-2.2325849533081055
6791562752.0,-2.2229726314544678
6792500224.0,-2.2174129486083984
6793437696.0,-2.2127227783203125
6794375168.0,-2.2121012210845947
6795312640.0,-2.2120413780212402
6796250112.0,-2.213987350463867
6797187584.0,-2.2175240516662598
6798125056.0,-2.2236263751983643
6799062528.0,-2.2291839122772217
6800000000.0,-2.2375428676605225
6800937472.0,-2.2453415393829346
6801874944.0,-2.255607843399048
6802812416.0,-2.2671258449554443
6803749888.0,-2.2810487747192383
6804687360.0,-2.2976186275482178
6805624832.0,-2.313667058944702
6806562304.0,-2.331402540206909
6807499776.0,-2.350403070449829
6808437248.0,-2.368631601333618
6809375232.0,-2.3867740631103516
6810312704.0,-2.4045238494873047
6811250176.0,-2.4195544719696045
6812187648.0,-2.4335575103759766
6813125120.0,-2.444472551345825
6814062592.0,-2.452669382095337
6815000064.0,-2.461413621902466
6815937536.0,-2.467846632003784
6816875008.0,-2.4713103771209717
6817812480.0,-2.471766233444214
6818749952.0,-2.4701945781707764
6819687424.0,-2.465669631958008
6820624896.0,-2.4571478366851807
6821562368.0,-2.4448020458221436
6822499840.0,-2.4293103218078613
6823437312.0,-2.410301685333252
6824374784.0,-2.3882124423980713
6825312256.0,-2.3627805709838867
6826250240.0,-2.3345448970794678
6827187712.0,-2.3029325008392334
6828125184.0,-2.2695846557617188
6829062656.0,-2.2345223426818848
6830000128.0,-2.197655439376831
6830937600.0,-2.1580970287323
6831875072.0,-2.1175007820129395
6832812544.0,-2.0741710662841797
6833750016.0,-2.031630754470825
6834687488.0,-1.987078309059143
6835624960.0,-1.9428459405899048
6836562432.0,-1.8999669551849365
6837499904.0,-1.8587887287139893
6838437376.0,-1.8171910047531128
6839374848.0,-1.7791117429733276
6840312320.0,-1.7423349618911743
6841249792.0,-1.7077736854553223
6842187264.0,-1.6742838621139526
6843125248.0,-1.6435867547988892
6844062720.0,-1.6159231662750244
6845000192.0,-1.5102241039276123
6845937664.0,-1.4832181930541992
6846875136.0,-1.4595400094985962
6847812608.0,-1.435289978981018
6848750080.0,-1.4157339334487915
6849687552.0,-1.3988721370697021
6850625024.0,-1.3860691785812378
6851562496.0,-1.3753725290298462
6852499968.0,-1.3681306838989258
6853437440.0,-1.3642573356628418
6854374912.0,-1.3622239828109741
6855312384.0,-1.3631385564804077
6856249856.0,-1.367376446723938
6857187328.0,-1.3742973804473877
6858124800.0,-1.3843085765838623
6859062272.0,-1.395625352859497
6860000256.0,-1.4091548919677734
6860937728.0,-1.4243814945220947
6861875200.0,-1.4410353899002075
6862812672.0,-1.4578039646148682
6863750144.0,-1.476684808731079
6864687616.0,-1.4956297874450684
6865625088.0,-1.5150400400161743
6866562560.0,-1.5345540046691895
6867500032.0,-1.5521636009216309
6868437504.0,-1.5677815675735474
6869374976.0,-1.5833842754364014
6870312448.0,-1.5971986055374146
6871249920.0,-1.6091984510421753
6872187392.0,-1.6191529035568237
6873124864.0,-1.627935528755188
6874062336.0,-1.6344765424728394
6874999808.0,-1.6392139196395874
6875937280.0,-1.6393325328826904
6876874752.0,-1.6363095045089722
6877812736.0,-1.6307424306869507
6878750208.0,-1.62285578250885
6879687680.0,-1.6126128435134888
6880625152.0,-1.5997077226638794
6881562624.0,-1.5822192430496216
6882500096.0,-1.561111330986023
6883437568.0,-1.5402090549468994
6884375040.0,-1.5165607929229736
6885312512.0,-1.4911086559295654
6886249984.0,-1.4636772871017456
6887187456.0,-1.4358242750167847
6888124928.0,-1.406548261642456
6889062400.0,-1.375685453414917
6889999872.0,-1.3435471057891846
6890937344.0,-1.312986135482788
6891874816.0,-1.2814539670944214
6892812288.0,-1.249314308166504
6893749760.0,-1.217340111732483
6894687744.0,-1.1862536668777466
6895625216.0,-1.156759262084961
6896562688.0,-1.1268166303634644
6897500160.0,-1.0989176034927368
6898437632.0,-1.0714086294174194
6899375104.0,-1.0464617013931274
6900312576.0,-1.0219142436981201
6901250048.0,-1.0019621849060059
6902187520.0,-0.9813500046730042
6903124992.0,-0.9639366269111633
6904062464.0,-0.9498144388198853
6904999936.0,-0.9553805589675903
6905937408.0,-0.9531822204589844
6906874880.0,-0.9520788192749023
6907812352.0,-0.9522837400436401
6908749824.0,-0.9547106623649597
6909687296.0,-0.9575052261352539
6910624768.0,-0.9600256681442261
6911562752.0,-0.9647341370582581
6912500224.0,-0.9694508910179138
6913437696.0,-0.9754431247711182
6914375168.0,-0.9802541136741638
6915312640.0,-0.9840917587280273
6916250112.0,-0.9893322587013245
6917187584.0,-0.9927579760551453
6918125056.0,-0.9946469664573669
6919062528.0,-0.9964414834976196
6920000000.0,-0.9961884021759033
6920937472.0,-0.9937512278556824
6921874944.0,-0.9892354607582092
6922812416.0,-0.9831830859184265
6923749888.0,-0.9740004539489746
6924687360.0,-0.9624133110046387
6925624832.0,-0.9498922228813171
6926562304.0,-0.9351697564125061
6927499776.0,-0.9199411869049072
6928437248.0,-0.9023308157920837
6929375232.0,-0.8833876848220825
6930312704.0,-0.8624701499938965
6931250176.0,-0.8426170349121094
6932187648.0,-0.8211246132850647
6933125120.0,-0.7984208464622498
6934062592.0,-0.7768153548240662
6935000064.0,-0.7539263963699341
6935937536.0,-0.7312489151954651
6936875008.0,-0.7097264528274536
6937812480.0,-0.6878037452697754
6938749952.0,-0.6654502749443054
6939687424.0,-0.6453744173049927
6940624896.0,-0.6257289052009583
6941562368.0,-0.6062483191490173
6942499840.0,-0.5887411236763
6943437312.0,-0.5729055404663086
6944374784.0,-0.5591515302658081
6945312256.0,-0.5463614463806152
6946250240.0,-0.5362261533737183
6947187712.0,-0.5290112495422363
6948125184.0,-0.5221760272979736
6949062656.0,-0.517827570438385
6950000128.0,-0.5165143609046936
6950937600.0,-0.5150272846221924
6951875072.0,-0.5163376331329346
6952812544.0,-0.516417920589447
6953750016.0,-0.5193794965744019
6954687488.0,-0.5226424932479858
6955624960.0,-0.527138888835907
6956562432.0,-0.5345858335494995
6957499904.0,-0.5448595881462097
6958437376.0,-0.5542994737625122
6959374848.0,-0.5644215941429138
6960312320.0,-0.5749930739402771
6961249792.0,-0.5857527852058411
6962187264.0,-0.5963708758354187
6963125248.0,-0.6081477999687195
6964062720.0,-0.6180028319358826
6965000192.0,-0.5204412937164307
6965937664.0,-0.5298202633857727
6966875136.0,-0.539432942867279
6967812608.0,-0.5496402978897095
6968750080.0,-0.5601665377616882
6969687552.0,-0.5698538422584534
6970625024.0,-0.5818919539451599
6971562496.0,-0.5932417511940002
6972499968.0,-0.6051288843154907
6973437440.0,-0.6161698698997498
6974374912.0,-0.6289742588996887
6975312384.0,-0.6398721933364868
6976249856.0,-0.6515458226203918
6977187328.0,-0.6631327867507935
6978124800.0,-0.6770224571228027
6979062272.0,-0.6885154247283936
6979999744.0,-0.6999022960662842
6980937728.0,-0.7128517627716064
6981875200.0,-0.7236315011978149
6982812672.0,-0.7322092652320862
6983750144.0,-0.7400875091552734
6984687616.0,-0.7480632066726685
6985625088.0,-0.7559551000595093
6986562560.0,-0.7622272372245789
6987500032.0,-0.7685758471488953
6988437504.0,-0.7733006477355957
6989374976.0,-0.7774612307548523
6990312448.0,-0.77994304895401
6991249920.0,-0.7817772030830383
6992187392.0,-0.7808547019958496
6993124864.0,-0.7801156640052795
6994062336.0,-0.7771776914596558
6994999808.0,-0.773489236831665
6995937280.0,-0.7688747048377991
6996874752.0,-0.762444257736206
6997812736.0,-0.7558242082595825
6998750208.0,-0.7479225397109985
6999687680.0,-0.7392901182174683
7000625152.0,-0.7295997142791748
7001562624.0,-0.7189892530441284
7002500096.0,-0.7073168754577637
7003437568.0,-0.6945865154266357
7004375040.0,-0.682075023651123
7005312512.0,-0.6673135161399841
7006249984.0,-0.6544124484062195
7007187456.0,-0.6389567255973816
7008124928.0,-0.6205275058746338
7009062400.0,-0.6023418307304382
7009999872.0,-0.5841233730316162
7010937344.0,-0.5671482086181641
7011874816.0,-0.5508315563201904
7012812288.0,-0.5341471433639526
7013749760.0,-0.5179883241653442
7014687744.0,-0.5017274618148804
7015625216.0,-0.4854884743690491
7016562688.0,-0.47179609537124634
7017500160.0,-0.457027405500412
7018437632.0,-0.44308915734291077
7019375104.0,-0.4285946786403656
7020312576.0,-0.4155259430408478
7021250048.0,-0.4029572606086731
7022187520.0,-0.3897624909877777
7023124992.0,-0.3788696527481079
7024062464.0,-0.3679880201816559
7024999936.0,-0.2855783998966217
7025937408.0,-0.29035624861717224
7026874880.0,-0.29456785321235657
7027812352.0,-0.29887184500694275
7028749824.0,-0.3055322766304016
7029687296.0,-0.3139509856700897
7030624768.0,-0.3219752013683319
7031562752.0,-0.3314422070980072
7032500224.0,-0.3418445885181427
7033437696.0,-0.3539659082889557
7034375168.0,-0.3679301142692566
7035312640.0,-0.38146546483039856
7036250112.0,-0.39505255222320557
7037187584.0,-0.40975847840309143
7038125056.0,-0.4229556620121002
7039062528.0,-0.43699944019317627
7040000000.0,-0.45170915126800537
7040937472.0,-0.46659061312675476
7041874944.0,-0.4804968237876892
7042812416.0,-0.4955117106437683
7043749888.0,-0.5093370676040649
7044687360.0,-0.5223144292831421
7045624832.0,-0.5344406962394714
7046562304.0,-0.5463654398918152
7047499776.0,-0.5576527714729309
7048437248.0,-0.5678755044937134
7049375232.0,-0.5766034126281738
7050312704.0,-0.5840237736701965
7051250176.0,-0.5910218954086304
7052187648.0,-0.596841037273407
7053125120.0,-0.601631224155426
7054062592.0,-0.6044417023658752
7055000064.0,-0.607110321521759
7055937536.0,-0.6071510314941406
7056875008.0,-0.6064804196357727
7057812480.0,-0.6042057871818542
7058749952.0,-0.6034842133522034
7059687424.0,-0.6018086671829224
7060624896.0,-0.5992298126220703
7061562368.0,-0.5932764410972595
7062499840.0,-0.5876692533493042
7063437312.0,-0.5805234313011169
7064374784.0,-0.5727086067199707
7065312256.0,-0.5623826384544373
7066250240.0,-0.5515872836112976
7067187712.0,-0.5391706228256226
7068125184.0,-0.5271247029304504
7069062656.0,-0.514908492565155
7070000128.0,-0.502242386341095
7070937600.0,-0.4887433648109436
7071875072.0,-0.4745663106441498
7072812544.0,-0.46119752526283264
7073750016.0,-0.4451353847980499
7074687488.0,-0.4300766587257385
7075624960.0,-0.41388294100761414
7076562432.0,-0.3978825509548187
7077499904.0,-0.38213491439819336
7078437376.0,-0.36570534110069275
7079374848.0,-0.34951484203338623
7080312320.0,-0.3330147862434387
7081249792.0,-0.3168122172355652
7082187264.0,-0.3020404577255249
7083125248.0,-0.2858796715736389
7084062720.0,-0.2711946964263916
7085000192.0,-0.3335261940956116
7085937664.0,-0.32457950711250305
7086875136.0,-0.31358030438423157
7087812608.0,-0.30370330810546875
7088750080.0,-0.29389679431915283
7089687552.0,-0.2856881320476532
7090625024.0,-0.276687353849411
7091562496.0,-0.26999902725219727
7092499968.0,-0.2634408473968506
7093437440.0,-0.25922688841819763
7094374912.0,-0.25685691833496094
7095312384.0,-0.2539386749267578
7096249856.0,-0.2545657455921173
7097187328.0,-0.2540077865123749
7098124800.0,-0.25591617822647095
7099062272.0,-0.2595895826816559
7100000256.0,-0.2640254497528076
7100937728.0,-0.2708740532398224
7101875200.0,-0.2790975868701935
7102812672.0,-0.2893840968608856
7103750144.0,-0.3016621470451355
7104687616.0,-0.3152660131454468
7105625088.0,-0.32946354150772095
7106562560.0,-0.34626203775405884
7107500032.0,-0.3629222810268402
7108437504.0,-0.38224825263023376
7109374976.0,-0.40322598814964294
7110312448.0,-0.424844890832901
7111249920.0,-0.4459898769855499
7112187392.0,-0.46929192543029785
7113124864.0,-0.4917224049568176
7114062336.0,-0.5142152905464172
7114999808.0,-0.5368594527244568
7115937280.0,-0.5585060715675354
7116874752.0,-0.5810925364494324
7117812736.0,-0.6022170186042786
7118750208.0,-0.6211756467819214
7119687680.0,-0.6424932479858398
7120625152.0,-0.6616306304931641
7121562624.0,-0.6797925233840942
7122500096.0,-0.6939794421195984
7123437568.0,-0.7088366150856018
7124375040.0,-0.7214620113372803
7125312512.0,-0.7319656014442444
7126249984.0,-0.7401533722877502
7127187456.0,-0.7461205720901489
7128124928.0,-0.7506912350654602
7129062400.0,-0.7529506087303162
7129999872.0,-0.7526765465736389
7130937344.0,-0.7506479024887085
7131874816.0,-0.7468765377998352
7132812288.0,-0.7398101091384888
7133749760.0,-0.7314409017562866
7134687744.0,-0.7206798791885376
7135625216.0,-0.7077612280845642
7136562688.0,-0.6936396360397339
7137500160.0,-0.6774327754974365
7138437632.0,-0.6609328985214233
7139375104.0,-0.6405130624771118
7140312576.0,-0.6210312843322754
7141250048.0,-0.6006883382797241
7142187520.0,-0.5787600874900818
7143124992.0,-0.5574492812156677
7144062464.0,-0.4366416037082672
7144999936.0,-0.4345604181289673
7145937408.0,-0.43235597014427185
7146874880.0,-0.42840537428855896
7147812352.0,-0.4254322052001953
7148749824.0,-0.42299574613571167
7149687296.0,-0.42038774490356445
7150624768.0,-0.4185566306114197
7151562752.0,-0.4163045883178711
7152500224.0,-0.4158723056316376
7153437696.0,-0.4165068566799164
7154375168.0,-0.41754627227783203
7155312640.0,-0.42091143131256104
7156250112.0,-0.4249792993068695
7157187584.0,-0.4308057427406311
7158125056.0,-0.4390479028224945
7159062528.0,-0.44783705472946167
7160000000.0,-0.45491620898246765
7160937472.0,-0.4614392817020416
7161874944.0,-0.4688555598258972
7162812416.0,-0.4790242314338684
7163749888.0,-0.4871896803379059
7164687360.0,-0.49833592772483826
7165624832.0,-0.5074310302734375
7166562304.0,-0.5182609558105469
7167499776.0,-0.527728796005249
7168437248.0,-0.5380384922027588
7169375232.0,-0.5477077960968018
7170312704.0,-0.5561433434486389
7171250176.0,-0.5627788305282593
7172187648.0,-0.5682817101478577
7173125120.0,-0.5732690095901489
7174062592.0,-0.5757949948310852
7175000064.0,-0.5780400037765503
7175937536.0,-0.5777730345726013
7176875008.0,-0.5762671828269958
7177812480.0,-0.5731056928634644
7178749952.0,-0.5683908462524414
7179687424.0,-0.5626916885375977
7180624896.0,-0.5547345876693726
7181562368.0,-0.5480260252952576
7182499840.0,-0.5378578901290894
7183437312.0,-0.5261850357055664
7184374784.0,-0.5142440795898438
7185312256.0,-0.5009053945541382
7186250240.0,-0.48459434509277344
7187187712.0,-0.4660601019859314
7188125184.0,-0.4476414918899536
7189062656.0,-0.4294044077396393
7190000128.0,-0.4102535545825958
7190937600.0,-0.39046889543533325
7191875072.0,-0.37092676758766174
7192812544.0,-0.352977991104126
7193750016.0,-0.33372196555137634
7194687488.0,-0.315827876329422
7195624960.0,-0.29823383688926697
7196562432.0,-0.2823616564273834
7197499904.0,-0.26608553528785706
7198437376.0,-0.2524318993091583
7199374848.0,-0.24137234687805176
7200312320.0,-0.23052582144737244
7201249792.0,-0.22345924377441406
7202187264.0,-0.21888861060142517
7203125248.0,-0.21519732475280762
7204062720.0,-0.32821476459503174
7205000192.0,-0.3405306935310364
7205937664.0,-0.3572460412979126
7206875136.0,-0.3757613003253937
7207812608.0,-0.3968842327594757
7208750080.0,-0.4209383726119995
7209687552.0,-0.44626209139823914
7210625024.0,-0.4741215109825134
7211562496.0,-0.5055177807807922
7212499968.0,-0.5376618504524231
7213437440.0,-0.5715877413749695
7214374912.0,-0.6059712767601013
7215312384.0,-0.6394599676132202
7216249856.0,-0.673754096031189
7217187328.0,-0.7068456411361694
7218124800.0,-0.7372757792472839
7219062272.0,-0.7656951546669006
7219999744.0,-0.7935828566551208
7220937728.0,-0.8171225190162659
7221875200.0,-0.838826596736908
7222812672.0,-0.8561031818389893
7223750144.0,-0.868899405002594
7224687616.0,-0.8781183362007141
7225625088.0,-0.8827909231185913
7226562560.0,-0.8836023211479187
7227500032.0,-0.8816245198249817
7228437504.0,-0.872339129447937
7229374976.0,-0.8617235422134399
7230312448.0,-0.8438924551010132
7231249920.0,-0.8238751292228699
7232187392.0,-0.8003629446029663
7233124864.0,-0.772441565990448
7234062336.0,-0.7411099076271057
7234999808.0,-0.7062143683433533
7235937280.0,-0.6697201132774353
7236874752.0,-0.6329492330551147
7237812736.0,-0.592780351638794
7238750208.0,-0.5526387691497803
7239687680.0,-0.5106192231178284
7240625152.0,-0.46771976351737976
7241562624.0,-0.42587363719940186
7242500096.0,-0.3830565810203552
7243437568.0,-0.34132009744644165
7244375040.0,-0.29899725317955017
7245312512.0,-0.2588370442390442
7246249984.0,-0.2194313108921051
7247187456.0,-0.18176142871379852
7248124928.0,-0.14606693387031555
7249062400.0,-0.11219538003206253
7249999872.0,-0.08098925650119781
7250937344.0,-0.0539388433098793
7251874816.0,-0.029898544773459435
7252812288.0,-0.00934026949107647
7253749760.0,0.007836434058845043
7254687744.0,0.02199663035571575
7255625216.0,0.031176699325442314
7256562688.0,0.03828835487365723
7257500160.0,0.038136906921863556
7258437632.0,0.03615424036979675
7259375104.0,0.029021112248301506
7260312576.0,0.017616618424654007
7261250048.0,0.0025481595657765865
7262187520.0,-0.016758356243371964
7263124992.0,-0.04110322892665863
7264062464.0,-0.2979978621006012
7264999936.0,-0.2952820360660553
7265937408.0,-0.2939959764480591
7266874880.0,-0.2966785430908203
7267812352.0,-0.30200961232185364
7268749824.0,-0.309175580739975
7269687296.0,-0.319864422082901
7270624768.0,-0.3306494355201721
7271562752.0,-0.34352877736091614
7272500224.0,-0.35797208547592163
7273437696.0,-0.3727603554725647
7274375168.0,-0.38973310589790344
7275312640.0,-0.40633922815322876
7276250112.0,-0.4253743588924408
7277187584.0,-0.44118213653564453
7278125056.0,-0.4578219950199127
7279062528.0,-0.4720860421657562
7280000000.0,-0.4870244860649109
7280937472.0,-0.49997952580451965
7281874944.0,-0.5102566480636597
7282812416.0,-0.5189494490623474
7283749888.0,-0.5253601670265198
7284687360.0,-0.5293187499046326
7285624832.0,-0.5325201749801636
7286562304.0,-0.5326751470565796
7287499776.0,-0.5337678790092468
7288437248.0,-0.5324340462684631
7289375232.0,-0.5290921926498413
7290312704.0,-0.5228602886199951
7291250176.0,-0.5155313611030579
7292187648.0,-0.5057919025421143
7293125120.0,-0.4942021667957306
7294062592.0,-0.48069193959236145
7295000064.0,-0.4653048813343048
7295937536.0,-0.448069304227829
7296875008.0,-0.4319278597831726
7297812480.0,-0.41354697942733765
7298749952.0,-0.3958895206451416
7299687424.0,-0.3772413730621338
7300624896.0,-0.3588131368160248
7301562368.0,-0.3398244082927704
7302499840.0,-0.3231726288795471
7303437312.0,-0.3073296844959259
7304374784.0,-0.29158246517181396
7305312256.0,-0.2769622504711151
7306250240.0,-0.26409465074539185
7307187712.0,-0.25239673256874084
7308125184.0,-0.24317589402198792
7309062656.0,-0.23403355479240417
7310000128.0,-0.22631730139255524
7310937600.0,-0.21998311579227448
7311875072.0,-0.21494373679161072
7312812544.0,-0.2113317996263504
7313750016.0,-0.20932894945144653
7314687488.0,-0.20839621126651764
7315624960.0,-0.2069472074508667
7316562432.0,-0.2066701203584671
7317499904.0,-0.20553289353847504
7318437376.0,-0.2030806690454483
7319374848.0,-0.19958321750164032
7320312320.0,-0.19615498185157776
7321249792.0,-0.1905016154050827
7322187264.0,-0.18282240629196167
7323125248.0,-0.17290489375591278
7324062720.0,-0.31528231501579285
7325000192.0,-0.29423075914382935
7325937664.0,-0.2705102264881134
7326875136.0,-0.24439507722854614
7327812608.0,-0.21700865030288696
7328750080.0,-0.18988141417503357
7329687552.0,-0.16323330998420715
7330625024.0,-0.13686156272888184
7331562496.0,-0.11256375908851624
7332499968.0,-0.08926659822463989
7333437440.0,-0.06889660656452179
7334374912.0,-0.052180688828229904
7335312384.0,-0.04117455706000328
7336249856.0,-0.03180745244026184
7337187328.0,-0.029274187982082367
7338124800.0,-0.029985040426254272
7339062272.0,-0.03429457172751427
7340000256.0,-0.04216364026069641
7340937728.0,-0.0549200102686882
7341875200.0,-0.07121680676937103
7342812672.0,-0.09224999696016312
7343750144.0,-0.11493296921253204
7344687616.0,-0.13940167427062988
7345625088.0,-0.16675391793251038
7346562560.0,-0.19256535172462463
7347500032.0,-0.21788834035396576
7348437504.0,-0.24238833785057068
7349374976.0,-0.26385802030563354
7350312448.0,-0.2818438410758972
7351249920.0,-0.296356201171875
7352187392.0,-0.3077859580516815
7353124864.0,-0.31334972381591797
7354062336.0,-0.31432920694351196
7354999808.0,-0.31118446588516235
7355937280.0,-0.30176645517349243
7356874752.0,-0.2892072796821594
7357812736.0,-0.27196383476257324
7358750208.0,-0.24952919781208038
7359687680.0,-0.22651340067386627
7360625152.0,-0.19860823452472687
7361562624.0,-0.1683124154806137
7362500096.0,-0.136998251080513
7363437568.0,-0.10510990023612976
7364375040.0,-0.07017945498228073
7365312512.0,-0.035871025174856186
7366249984.0,-0.006142946891486645
7367187456.0,0.02222822792828083
7368124928.0,0.047744303941726685
7369062400.0,0.06619594246149063
7369999872.0,0.08303436636924744
7370937344.0,0.09463069587945938
7371874816.0,0.10398055613040924
7372812288.0,0.10900702327489853
7373749760.0,0.11372661590576172
7374687744.0,0.11489162594079971
7375625216.0,0.11486666649580002
7376562688.0,0.11579716205596924
7377500160.0,0.11477658897638321
7378437632.0,0.11214976757764816
7379375104.0,0.10818520188331604
7380312576.0,0.10249662399291992
7381250048.0,0.09615011513233185
7382187520.0,0.08911935985088348
7383124992.0,0.07866598665714264
7384062464.0,-0.22228151559829712
7384999936.0,-0.23901884257793427
7385937408.0,-0.2565773129463196
7386874880.0,-0.2728613018989563
7387812352.0,-0.2878488004207611
7388749824.0,-0.30353862047195435
7389687296.0,-0.3141222596168518
7390624768.0,-0.3257386088371277
7391562752.0,-0.3340053856372833
7392500224.0,-0.33725690841674805
7393437696.0,-0.3387262523174286
7394375168.0,-0.33721205592155457
7395312640.0,-0.33198022842407227
7396250112.0,-0.32363513112068176
7397187584.0,-0.31102558970451355
7398125056.0,-0.2949458658695221
7399062528.0,-0.2757866084575653
7400000000.0,-0.2519523799419403
7400937472.0,-0.22755801677703857
7401874944.0,-0.19804836809635162
7402812416.0,-0.1675790548324585
7403749888.0,-0.1349191814661026
7404687360.0,-0.10029150545597076
7405624832.0,-0.06407725811004639
7406562304.0,-0.02928771823644638
7407499776.0,0.006566174793988466
7408437248.0,0.04331442341208458
7409375232.0,0.07772891223430634
7410312704.0,0.11235890537500381
7411250176.0,0.145281583070755
7412187648.0,0.1762431561946869
7413125120.0,0.20490624010562897
7414062592.0,0.23259443044662476
7415000064.0,0.25598207116127014
7415937536.0,0.2778177559375763
7416875008.0,0.2959698736667633
7417812480.0,0.3101041615009308
7418749952.0,0.32115983963012695
7419687424.0,0.32797375321388245
7420624896.0,0.3324638903141022
7421562368.0,0.33336156606674194
7422499840.0,0.3298945128917694
7423437312.0,0.322507381439209
7424374784.0,0.31205305457115173
7425312256.0,0.29729747772216797
7426250240.0,0.28083229064941406
7427187712.0,0.26140689849853516
7428125184.0,0.23824140429496765
7429062656.0,0.21312859654426575
7430000128.0,0.184781014919281
7430937600.0,0.1562727838754654
7431875072.0,0.12653054296970367
7432812544.0,0.09528778493404388
7433750016.0,0.0629894882440567
7434687488.0,0.031246628612279892
7435624960.0,-0.0005706976517103612
7436562432.0,-0.03254146873950958
7437499904.0,-0.0645860955119133
7438437376.0,-0.09288961440324783
7439374848.0,-0.12308114022016525
7440312320.0,-0.15283705294132233
7441249792.0,-0.18022474646568298
7442187264.0,-0.20721271634101868
7443125248.0,-0.2319423109292984
7444062720.0,0.02822118252515793
7445000192.0,0.012915668077766895
7445937664.0,-0.004067066591233015
7446875136.0,-0.02194342389702797
7447812608.0,-0.0382048673927784
7448750080.0,-0.05573982745409012
7449687552.0,-0.0707017183303833
7450625024.0,-0.08629705756902695
7451562496.0,-0.09998834878206253
7452499968.0,-0.11128773540258408
7453437440.0,-0.1218421533703804
7454374912.0,-0.13033054769039154
7455312384.0,-0.13678112626075745
7456249856.0,-0.1402079313993454
7457187328.0,-0.14142011106014252
7458124800.0,-0.13937203586101532
7459062272.0,-0.13657784461975098
7459999744.0,-0.13123995065689087
7460937728.0,-0.1250728964805603
7461875200.0,-0.11782749742269516
7462812672.0,-0.10808049142360687
7463750144.0,-0.09690720587968826
7464687616.0,-0.08718666434288025
7465625088.0,-0.07694683223962784
7466562560.0,-0.06995465606451035
7467500032.0,-0.06056031212210655
7468437504.0,-0.052234549075365067
7469374976.0,-0.0452253632247448
7470312448.0,-0.03849051520228386
7471249920.0,-0.032147981226444244
7472187392.0,-0.02932967245578766
7473124864.0,-0.026598023250699043
7474062336.0,-0.02458634041249752
7474999808.0,-0.024440748617053032
7475937280.0,-0.025949569419026375
7476874752.0,-0.030219605192542076
7477812736.0,-0.035349585115909576
7478750208.0,-0.041407518088817596
7479687680.0,-0.04916125908493996
7480625152.0,-0.05863099545240402
7481562624.0,-0.06882397085428238
7482500096.0,-0.07925695925951004
7483437568.0,-0.09129247069358826
7484375040.0,-0.10151775926351547
7485312512.0,-0.11434972286224365
7486249984.0,-0.1253029853105545
7487187456.0,-0.13714168965816498
7488124928.0,-0.1483565866947174
7489062400.0,-0.1577829122543335
7489999872.0,-0.16655631363391876
7490937344.0,-0.17351175844669342
7491874816.0,-0.1769198328256607
7492812288.0,-0.17997559905052185
7493749760.0,-0.18065552413463593
7494687744.0,-0.179563507437706
7495625216.0,-0.17648081481456757
7496562688.0,-0.1718725860118866
7497500160.0,-0.16589286923408508
7498437632.0,-0.15788240730762482
7499375104.0,-0.1496613621711731
7500312576.0,-0.13921795785427094
7501250048.0,-0.12901316583156586
7502187520.0,-0.11832179129123688
7503124992.0,-0.10782509297132492
7504062464.0,-0.0760469064116478
7504999936.0,-0.05096729099750519
7505937408.0,-0.02964017353951931
7506874880.0,-0.011770687997341156
7507812352.0,0.0041793836280703545
7508749824.0,0.0153053505346179
7509687296.0,0.021954867988824844
7510624768.0,0.025813935324549675
7511562752.0,0.02430306002497673
7512500224.0,0.020289765670895576
7513437696.0,0.012807664461433887
7514375168.0,0.0014812247827649117
7515312640.0,-0.011733973398804665
7516250112.0,-0.02885211445391178
7517187584.0,-0.04319579526782036
7518125056.0,-0.0586618147790432
7519062528.0,-0.07493937760591507
7520000000.0,-0.09083083271980286
7520937472.0,-0.1053367629647255
7521874944.0,-0.1186930313706398
7522812416.0,-0.13006924092769623
7523749888.0,-0.13890205323696136
7524687360.0,-0.1465732753276825
7525624832.0,-0.15155068039894104
7526562304.0,-0.15262101590633392
7527499776.0,-0.1512155681848526
7528437248.0,-0.14686010777950287
7529375232.0,-0.14057782292366028
7530312704.0,-0.13224300742149353
7531250176.0,-0.12088919430971146
7532187648.0,-0.10934343189001083
7533125120.0,-0.09489689022302628
7534062592.0,-0.08100495487451553
7535000064.0,-0.06698459386825562
7535937536.0,-0.05237935855984688
7536875008.0,-0.04021010547876358
7537812480.0,-0.02924855798482895
7538749952.0,-0.02115047536790371
7539687424.0,-0.015897609293460846
7540624896.0,-0.013228100724518299
7541562368.0,-0.014474716037511826
7542499840.0,-0.01850859634578228
7543437312.0,-0.027543334290385246
7544374784.0,-0.04040640592575073
7545312256.0,-0.05675410106778145
7546250240.0,-0.07829055190086365
7547187712.0,-0.10219324380159378
7548125184.0,-0.12904603779315948
7549062656.0,-0.15920501947402954
7550000128.0,-0.18931524455547333
7550937600.0,-0.2205115556716919
7551875072.0,-0.24946393072605133
7552812544.0,-0.2771008014678955
7553750016.0,-0.30322784185409546
7554687488.0,-0.3258073627948761
7555624960.0,-0.34513694047927856
7556562432.0,-0.3635093569755554
7557499904.0,-0.37729042768478394
7558437376.0,-0.39173272252082825
7559374848.0,-0.4038718342781067
7560312320.0,-0.41641947627067566
7561249792.0,-0.42871999740600586
7562187264.0,-0.4399312734603882
7563125248.0,-0.4507826864719391
7564062720.0,-0.42969733476638794
7565000192.0,-0.4148733913898468
7565937664.0,-0.39653280377388
7566875136.0,-0.37772512435913086
7567812608.0,-0.35466575622558594
7568750080.0,-0.3294439911842346
7569687552.0,-0.3025837242603302
7570625024.0,-0.27679866552352905
7571562496.0,-0.24835918843746185
7572499968.0,-0.2198411524295807
7573437440.0,-0.1914021372795105
7574374912.0,-0.16329634189605713
7575312384.0,-0.1348242163658142
7576249856.0,-0.10798098891973495
7577187328.0,-0.08155735582113266
7578124800.0,-0.056015778332948685
7579062272.0,-0.03324089199304581
7580000256.0,-0.010411732830107212
7580937728.0,0.009055581875145435
7581875200.0,0.027525972574949265
7582812672.0,0.043523143976926804
7583750144.0,0.056520357728004456
7584687616.0,0.0686589926481247
7585625088.0,0.07741546630859375
7586562560.0,0.08313500136137009
7587500032.0,0.0871829017996788
7588437504.0,0.08937860280275345
7589374976.0,0.08766119182109833
7590312448.0,0.08447335660457611
7591249920.0,0.0795733779668808
7592187392.0,0.07067034393548965
7593124864.0,0.06167539954185486
7594062336.0,0.052212245762348175
7594999808.0,0.03992156684398651
7595937280.0,0.025698289275169373
7596874752.0,0.009877347387373447
7597812736.0,-0.005122465547174215
7598750208.0,-0.0234038345515728
7599687680.0,-0.04087010771036148
7600625152.0,-0.05930729955434799
7601562624.0,-0.07809978723526001
7602500096.0,-0.09740934520959854
7603437568.0,-0.11605583131313324
7604375040.0,-0.133165642619133
7605312512.0,-0.1508021503686905
7606249984.0,-0.1668495237827301
7607187456.0,-0.18308095633983612
7608124928.0,-0.19591331481933594
7609062400.0,-0.20985820889472961
7609999872.0,-0.2215445339679718
7610937344.0,-0.23408225178718567
7611874816.0,-0.242606982588768
7612812288.0,-0.25057682394981384
7613749760.0,-0.2581871747970581
7614687744.0,-0.26279136538505554
7615625216.0,-0.2672903537750244
7616562688.0,-0.27039313316345215
7617500160.0,-0.27121177315711975
7618437632.0,-0.2749382555484772
7619375104.0,-0.2788711488246918
7620312576.0,-0.2831728160381317
7621250048.0,-0.2853464186191559
7622187520.0,-0.2880248427391052
7623124992.0,-0.2903136610984802
7624062464.0,-0.287943035364151
7624999936.0,-0.2933332324028015
7625937408.0,-0.29752495884895325
7626874880.0,-0.2990376651287079
7627812352.0,-0.2969343960285187
7628749824.0,-0.29558199644088745
7629687296.0,-0.2918770909309387
7630624768.0,-0.2854306101799011
7631562752.0,-0.2781108021736145
7632500224.0,-0.2687315344810486
7633437696.0,-0.2582162916660309
7634375168.0,-0.24645015597343445
7635312640.0,-0.2348262220621109
7636250112.0,-0.22239409387111664
7637187584.0,-0.20885659754276276
7638125056.0,-0.1965201199054718
7639062528.0,-0.18365709483623505
7640000000.0,-0.17042919993400574
7640937472.0,-0.15813478827476501
7641874944.0,-0.14733171463012695
7642812416.0,-0.13718625903129578
7643749888.0,-0.1289602816104889
7644687360.0,-0.12403060495853424
7645624832.0,-0.11984165757894516
7646562304.0,-0.1164269968867302
7647499776.0,-0.1154114156961441
7648437248.0,-0.11467748135328293
7649375232.0,-0.11641193181276321
7650312704.0,-0.11746580898761749
7651250176.0,-0.12218829989433289
7652187648.0,-0.12630875408649445
7653125120.0,-0.13115662336349487
7654062592.0,-0.13708660006523132
7655000064.0,-0.1443788856267929
7655937536.0,-0.15153376758098602
7656875008.0,-0.16001197695732117
7657812480.0,-0.16898155212402344
7658749952.0,-0.1779775768518448
7659687424.0,-0.18502770364284515
7660624896.0,-0.19422458112239838
7661562368.0,-0.2014590948820114
7662499840.0,-0.2091720849275589
7663437312.0,-0.21656884253025055
7664374784.0,-0.2223963588476181
7665312256.0,-0.22908426821231842
7666250240.0,-0.23395641148090363
7667187712.0,-0.23911458253860474
7668125184.0,-0.2426953911781311
7669062656.0,-0.2453586906194687
7670000128.0,-0.24401047825813293
7670937600.0,-0.24364610016345978
7671875072.0,-0.24085161089897156
7672812544.0,-0.23927348852157593
7673750016.0,-0.23396746814250946
7674687488.0,-0.2283554971218109
7675624960.0,-0.22172364592552185
7676562432.0,-0.21527311205863953
7677499904.0,-0.2076501101255417
7678437376.0,-0.19830606877803802
7679374848.0,-0.1903560906648636
7680312320.0,-0.18145155906677246
7681249792.0,-0.17269834876060486
7682187264.0,-0.16430023312568665
7683125248.0,-0.15449334681034088
7684062720.0,0.0834326520562172
7685000192.0,0.09554769843816757
7685937664.0,0.10532648116350174
7686875136.0,0.11181515455245972
7687812608.0,0.11850930750370026
7688750080.0,0.11955882608890533
7689687552.0,0.1192043125629425
7690625024.0,0.11631965637207031
7691562496.0,0.11109848320484161
7692499968.0,0.10309171676635742
7693437440.0,0.09246084839105606
7694374912.0,0.07925307750701904
7695312384.0,0.06469486653804779
7696249856.0,0.04629204794764519
7697187328.0,0.026501907035708427
7698124800.0,0.005203867796808481
7699062272.0,-0.01834285445511341
7699999744.0,-0.04082421213388443
7700937728.0,-0.06450755149126053
7701875200.0,-0.08962235599756241
7702812672.0,-0.11387567967176437
7703750144.0,-0.13778261840343475
7704687616.0,-0.16009736061096191
7705625088.0,-0.18307021260261536
7706562560.0,-0.20382492244243622
7707500032.0,-0.22256912291049957
7708437504.0,-0.24045710265636444
7709374976.0,-0.256411612033844
7710312448.0,-0.270561158657074
7711249920.0,-0.2829301655292511
7712187392.0,-0.2929551899433136
7713124864.0,-0.30167055130004883
7714062336.0,-0.30890995264053345
7714999808.0,-0.31383848190307617
7715937280.0,-0.3162458837032318
7716874752.0,-0.31772199273109436
7717812736.0,-0.31770992279052734
7718750208.0,-0.31715044379234314
7719687680.0,-0.3134928047657013
7720625152.0,-0.3080257475376129
7721562624.0,-0.3016573190689087
7722500096.0,-0.2942970395088196
7723437568.0,-0.28582605719566345
7724375040.0,-0.2782355546951294
7725312512.0,-0.2698914706707001
7726249984.0,-0.26181894540786743
7727187456.0,-0.25381019711494446
7728124928.0,-0.2466447651386261
7729062400.0,-0.23793229460716248
7729999872.0,-0.23084859549999237
7730937344.0,-0.22318005561828613
7731874816.0,-0.216855987906456
7732812288.0,-0.2119661569595337
7733749760.0,-0.20736275613307953
7734687744.0,-0.20299048721790314
7735625216.0,-0.20024855434894562
7736562688.0,-0.19758251309394836
7737500160.0,-0.19604045152664185
7738437632.0,-0.19531580805778503
7739375104.0,-0.19681282341480255
7740312576.0,-0.19805990159511566
7741250048.0,-0.2019340544939041
7742187520.0,-0.2043350785970688
7743124992.0,-0.2104579657316208
7744062464.0,-0.16848473250865936
7744999936.0,-0.1324881613254547
7745937408.0,-0.09440179914236069
7746874880.0,-0.05438370630145073
7747812352.0,-0.015475171618163586
7748749824.0,0.0217686016112566
7749687296.0,0.05711390823125839
7750624768.0,0.09029151499271393
7751562752.0,0.11976852267980576
7752500224.0,0.14687493443489075
7753437696.0,0.170681431889534
7754375168.0,0.1920858919620514
7755312640.0,0.20799949765205383
7756250112.0,0.22036050260066986
7757187584.0,0.230498269200325
7758125056.0,0.23702678084373474
7759062528.0,0.23867185413837433
7760000000.0,0.2392880618572235
7760937472.0,0.23502402007579803
7761874944.0,0.2276948243379593
7762812416.0,0.21768438816070557
7763749888.0,0.20623178780078888
7764687360.0,0.19194751977920532
7765624832.0,0.17615735530853271
7766562304.0,0.15889406204223633
7767499776.0,0.13989122211933136
7768437248.0,0.1206628605723381
7769375232.0,0.09977351874113083
7770312704.0,0.07791270315647125
7771250176.0,0.05675254017114639
7772187648.0,0.034798119217157364
7773125120.0,0.01417049765586853
7774062592.0,-0.0070657068863511086
7775000064.0,-0.027362965047359467
7775937536.0,-0.047613613307476044
7776875008.0,-0.06711268424987793
7777812480.0,-0.08536273241043091
7778749952.0,-0.10257439315319061
7779687424.0,-0.1191602423787117
7780624896.0,-0.13489526510238647
7781562368.0,-0.14998318254947662
7782499840.0,-0.16288992762565613
7783437312.0,-0.17588740587234497
7784374784.0,-0.18925262987613678
7785312256.0,-0.19972969591617584
7786250240.0,-0.210295170545578
7787187712.0,-0.21901410818099976
7788125184.0,-0.22747239470481873
7789062656.0,-0.23639865219593048
7790000128.0,-0.24200601875782013
7790937600.0,-0.24852095544338226
7791875072.0,-0.2537180781364441
7792812544.0,-0.26031196117401123
7793750016.0,-0.26393288373947144
7794687488.0,-0.2696797847747803
7795624960.0,-0.27221086621284485
7796562432.0,-0.2762395143508911
7797499904.0,-0.28110188245773315
7798437376.0,-0.286863774061203
7799374848.0,-0.2898135781288147
7800312320.0,-0.2913196086883545
7801249792.0,-0.29178324341773987
7802187264.0,-0.29067009687423706
7803125248.0,-0.2872942388057709
7804062720.0,-0.2683684229850769
7805000192.0,-0.25898802280426025
7805937664.0,-0.24724459648132324
7806875136.0,-0.2355813980102539
7807812608.0,-0.22259953618049622
7808750080.0,-0.20939432084560394
7809687552.0,-0.19501610100269318
7810625024.0,-0.17976324260234833
7811562496.0,-0.16422832012176514
7812499968.0,-0.14850711822509766
7813437440.0,-0.13265009224414825
7814374912.0,-0.11495888233184814
7815312384.0,-0.09950777143239975
7816249856.0,-0.08393577486276627
7817187328.0,-0.066193588078022
7818124800.0,-0.05028846487402916
7819062272.0,-0.033826250582933426
7820000256.0,-0.018303576856851578
7820937728.0,-0.002476013731211424
7821875200.0,0.010228574275970459
7822812672.0,0.020774072036147118
7823750144.0,0.02957574650645256
7824687616.0,0.039247024804353714
7825625088.0,0.04750536009669304
7826562560.0,0.0557737797498703
7827500032.0,0.06250953674316406
7828437504.0,0.06780169904232025
7829374976.0,0.07303232699632645
7830312448.0,0.07737861573696136
7831249920.0,0.08064009249210358
7832187392.0,0.0833231657743454
7833124864.0,0.08706434071063995
7834062336.0,0.08839213103055954
7834999808.0,0.09034448117017746
7835937280.0,0.0921047180891037
7836874752.0,0.09279961884021759
7837812736.0,0.09366394579410553
7838750208.0,0.09372039139270782
7839687680.0,0.09431196004152298
7840625152.0,0.09417848289012909
7841562624.0,0.09455505758523941
7842500096.0,0.09418530017137527
7843437568.0,0.09152030944824219
7844375040.0,0.09042950719594955
7845312512.0,0.08931505680084229
7846249984.0,0.08707959949970245
7847187456.0,0.08579278737306595
7848124928.0,0.08052169531583786
7849062400.0,0.07452740520238876
7849999872.0,0.06906745582818985
7850937344.0,0.06430550664663315
7851874816.0,0.05734480544924736
7852812288.0,0.051130250096321106
7853749760.0,0.0438600517809391
7854687744.0,0.035928815603256226
7855625216.0,0.027570903301239014
7856562688.0,0.018431972712278366
7857500160.0,0.00975603237748146
7858437632.0,0.0006616177270188928
7859375104.0,-0.009148374199867249
7860312576.0,-0.019832802936434746
7861250048.0,-0.03174461051821709
7862187520.0,-0.04281989485025406
7863124992.0,-0.05179052799940109
7864062464.0,0.04885478317737579
7864999936.0,0.03894505649805069
7865937408.0,0.03056565299630165
7866874880.0,0.02240707539021969
7867812352.0,0.014392183162271976
7868749824.0,0.009061579592525959
7869687296.0,0.0033828411251306534
7870624768.0,-0.0015879578422755003
7871562752.0,-0.006512633990496397
7872500224.0,-0.01006028987467289
7873437696.0,-0.01694476045668125
7874375168.0,-0.02387201599776745
7875312640.0,-0.03148900717496872
7876250112.0,-0.0392022579908371
7877187584.0,-0.045766424387693405
7878125056.0,-0.05552252009510994
7879062528.0,-0.06390383839607239
7880000000.0,-0.07412772625684738
7880937472.0,-0.08585488051176071
7881874944.0,-0.09796097129583359
7882812416.0,-0.11231178790330887
7883749888.0,-0.12715601921081543
7884687360.0,-0.14260552823543549
7885624832.0,-0.16089333593845367
7886562304.0,-0.1798524707555771
7887499776.0,-0.20081423223018646
7888437248.0,-0.2231902778148651
7889375232.0,-0.24652034044265747
7890312704.0,-0.27016177773475647
7891250176.0,-0.2953013777732849
7892187648.0,-0.3200046420097351
7893125120.0,-0.34413427114486694
7894062592.0,-0.36807480454444885
7895000064.0,-0.3922284245491028
7895937536.0,-0.4144749045372009
7896875008.0,-0.4358632266521454
7897812480.0,-0.4560520648956299
7898749952.0,-0.47129690647125244
7899687424.0,-0.4861389696598053
7900624896.0,-0.49709564447402954
7901562368.0,-0.5059442520141602
7902499840.0,-0.5118697881698608
7903437312.0,-0.5155470371246338
7904374784.0,-0.5165910124778748
7905312256.0,-0.5134638547897339
7906250240.0,-0.5086771845817566
7907187712.0,-0.4997352659702301
7908125184.0,-0.4873904585838318
7909062656.0,-0.4732832908630371
7910000128.0,-0.45549482107162476
7910937600.0,-0.43609923124313354
7911875072.0,-0.41417694091796875
7912812544.0,-0.39025649428367615
7913750016.0,-0.3640686869621277
7914687488.0,-0.3367309868335724
7915624960.0,-0.30830201506614685
7916562432.0,-0.2773436903953552
7917499904.0,-0.24754412472248077
7918437376.0,-0.2166173756122589
7919374848.0,-0.18439796566963196
7920312320.0,-0.15473374724388123
7921249792.0,-0.12587809562683105
7922187264.0,-0.09514652192592621
7923125248.0,-0.06653846055269241
7924062720.0,0.07176724821329117
7925000192.0,0.09067340195178986
7925937664.0,0.10930976271629333
7926875136.0,0.12641268968582153
7927812608.0,0.1414971947669983
7928750080.0,0.15203583240509033
7929687552.0,0.16008174419403076
7930625024.0,0.16579653322696686
7931562496.0,0.16944442689418793
7932499968.0,0.17066942155361176
7933437440.0,0.1693248301744461
7934374912.0,0.1662750244140625
7935312384.0,0.16085128486156464
7936249856.0,0.15358497202396393
7937187328.0,0.14427876472473145
7938124800.0,0.13344469666481018
7939062272.0,0.1207013726234436
7939999744.0,0.10672402381896973
7940937728.0,0.09185868501663208
7941875200.0,0.07442039996385574
7942812672.0,0.056699853390455246
7943750144.0,0.038187600672245026
7944687616.0,0.017581945285201073
7945625088.0,-0.003610811196267605
7946562560.0,-0.024858683347702026
7947500032.0,-0.04746049642562866
7948437504.0,-0.06984689086675644
7949374976.0,-0.09207981079816818
7950312448.0,-0.1129201203584671
7951249920.0,-0.13570812344551086
7952187392.0,-0.1572575867176056
7953124864.0,-0.1786995530128479
7954062336.0,-0.20008841156959534
7954999808.0,-0.22194601595401764
7955937280.0,-0.24437043070793152
7956874752.0,-0.26653364300727844
7957812736.0,-0.28836843371391296
7958750208.0,-0.30847036838531494
7959687680.0,-0.32997313141822815
7960625152.0,-0.3502657413482666
7961562624.0,-0.36948519945144653
7962500096.0,-0.3874114751815796
7963437568.0,-0.40640562772750854
7964375040.0,-0.42319661378860474
7965312512.0,-0.4393267333507538
7966249984.0,-0.452944278717041
7967187456.0,-0.4656323194503784
7968124928.0,-0.4780358374118805
7969062400.0,-0.4879682958126068
7969999872.0,-0.4970240592956543
7970937344.0,-0.5051150918006897
7971874816.0,-0.5095542073249817
7972812288.0,-0.5140812993049622
7973749760.0,-0.5143842697143555
7974687744.0,-0.5156634449958801
7975625216.0,-0.5135971307754517
7976562688.0,-0.5095970630645752
7977500160.0,-0.5033086538314819
7978437632.0,-0.49469974637031555
7979375104.0,-0.48317795991897583
7980312576.0,-0.4711589813232422
7981250048.0,-0.45651522278785706
7982187520.0,-0.43942585587501526
7983124992.0,-0.42071235179901123
7984062464.0,-0.3973006010055542
7984999936.0,-0.3814435601234436
7985937408.0,-0.3671489953994751
7986874880.0,-0.3494880497455597
7987812352.0,-0.3312254846096039
7988749824.0,-0.31153690814971924
7989687296.0,-0.2917562425136566
7990624768.0,-0.271141916513443
7991562752.0,-0.2518777847290039
7992500224.0,-0.23175014555454254
7993437696.0,-0.21163791418075562
7994375168.0,-0.191616952419281
7995312640.0,-0.17136505246162415
7996250112.0,-0.1523042768239975
7997187584.0,-0.13215869665145874
7998125056.0,-0.11541727930307388
7999062528.0,-0.09742743521928787
8000000000.0,-0.07863634824752808
