Frequency (Hz),Measurement
2000000000.0,0.16506609320640564
2000937472.0,0.15672749280929565
2001874944.0,0.14848697185516357
2002812544.0,0.1385946422815323
2003750016.0,0.12863704562187195
2004687488.0,0.11722718924283981
2005624960.0,0.10517439246177673
2006562560.0,0.09373226761817932
2007500032.0,0.08139154314994812
2008437504.0,0.06788507103919983
2009374976.0,0.05373125150799751
2010312448.0,0.0390351228415966
2011250048.0,0.024487750604748726
2012187520.0,0.00982896238565445
2013124992.0,-0.004812630359083414
2014062464.0,-0.019982006400823593
2015000064.0,-0.033343758434057236
2015937536.0,-0.0471939854323864
2016875008.0,-0.06075825169682503
2017812480.0,-0.07427343726158142
2018749952.0,-0.08705484122037888
2019687552.0,-0.09862879663705826
2020625024.0,-0.10946746915578842
2021562496.0,-0.118418850004673
2022499968.0,-0.12739664316177368
2023437440.0,-0.13357645273208618
2024375040.0,-0.1401478350162506
2025312512.0,-0.1440104991197586
2026249984.0,-0.14669786393642426
2027187456.0,-0.14730332791805267
2028125056.0,-0.1475454866886139
2029062528.0,-0.14504076540470123
2030000000.0,-0.1417599767446518
2030937472.0,-0.13596473634243011
2031874944.0,-0.13044153153896332
2032812544.0,-0.122710220515728
2033750016.0,-0.11222275346517563
2034687488.0,-0.10253169387578964
2035624960.0,-0.09092213213443756
2036562560.0,-0.07876360416412354
2037500032.0,-0.06539071351289749
2038437504.0,-0.05268571898341179
2039374976.0,-0.03876737505197525
2040312448.0,-0.024152660742402077
2041250048.0,-0.009479537606239319
2042187520.0,0.004680474754422903
2043124992.0,0.01957106404006481
2044062464.0,0.032185859978199005
2044999936.0,0.04525069147348404
2045937536.0,0.05744152143597603
2046875008.0,0.06895563006401062
2047812480.0,0.07922366261482239
2048749952.0,0.07648083567619324
2049687552.0,0.08475380390882492
2050625024.0,0.0912209078669548
2051562496.0,0.098015196621418
2052499968.0,0.10103381425142288
2053437440.0,0.10268215090036392
2054375040.0,0.10262824594974518
2055312512.0,0.10126672685146332
2056249984.0,0.09729974716901779
2057187456.0,0.09070426970720291
2058125056.0,0.08193182200193405
2059062528.0,0.07299460470676422
2060000000.0,0.06066175177693367
2060937472.0,0.04634092375636101
2061874944.0,0.032407280057668686
2062812544.0,0.016514116898179054
2063750016.0,0.0003706520074047148
2064687488.0,-0.01635591872036457
2065624960.0,-0.03321150317788124
2066562560.0,-0.049376435577869415
2067500032.0,-0.06666863709688187
2068437504.0,-0.08331019431352615
2069374976.0,-0.09878689795732498
2070312448.0,-0.11195462942123413
2071250048.0,-0.1241268441081047
2072187520.0,-0.1351097673177719
2073124992.0,-0.14448218047618866
2074062464.0,-0.15105246007442474
2075000064.0,-0.1568780541419983
2075937536.0,-0.15949973464012146
2076875008.0,-0.1597742885351181
2077812480.0,-0.16040968894958496
2078749952.0,-0.15720729529857635
2079687552.0,-0.15232844650745392
2080625024.0,-0.14544251561164856
2081562496.0,-0.13788087666034698
2082499968.0,-0.12872733175754547
2083437440.0,-0.11821775883436203
2084375040.0,-0.10725492984056473
2085312512.0,-0.09532415121793747
2086249984.0,-0.08395623415708542
2087187456.0,-0.07226943969726562
2088125056.0,-0.060840681195259094
2089062528.0,-0.049030888825654984
2090000000.0,-0.03849424421787262
2090937472.0,-0.0268858615309
2091874944.0,-0.01741107366979122
2092812544.0,-0.008806848898530006
2093750016.0,-0.0007010731496848166
2094687488.0,0.006836571265012026
2095624960.0,0.01337370090186596
2096562560.0,0.019132399931550026
2097500032.0,0.02384874038398266
2098437504.0,0.0281211007386446
2099374976.0,0.032750535756349564
2100312448.0,0.03631565719842911
2101250048.0,0.04059131443500519
2102187520.0,0.04429226368665695
2103124992.0,0.04796465113759041
2104062464.0,0.051702022552490234
2104999936.0,0.0558529831469059
2105937536.0,0.059745896607637405
2106875008.0,0.06320814788341522
2107812480.0,0.06747806817293167
2108749952.0,0.09898350387811661
2109687552.0,0.10356723517179489
2110625024.0,0.10910090059041977
2111562496.0,0.11352181434631348
2112499968.0,0.11750506609678268
2113437440.0,0.1205027624964714
2114375040.0,0.12240633368492126
2115312512.0,0.1218322366476059
2116249984.0,0.12222415208816528
2117187456.0,0.1189495399594307
2118125056.0,0.11631721258163452
2119062528.0,0.11250362545251846
2120000000.0,0.1064789891242981
2120937472.0,0.09987363964319229
2121874944.0,0.09088204801082611
2122812544.0,0.08299655467271805
2123750016.0,0.07339228689670563
2124687488.0,0.06221567466855049
2125624960.0,0.05030641704797745
2126562560.0,0.03718986362218857
2127500032.0,0.02486010268330574
2128437504.0,0.012648048810660839
2129374976.0,-0.0007253731018863618
2130312448.0,-0.012562308460474014
2131250048.0,-0.02511441335082054
2132187520.0,-0.03721876069903374
2133124992.0,-0.04861575737595558
2134062464.0,-0.05878832936286926
2135000064.0,-0.06826606392860413
2135937536.0,-0.075526162981987
2136875008.0,-0.08436442166566849
2137812480.0,-0.08964922279119492
2138749952.0,-0.09409110248088837
2139687552.0,-0.09750404208898544
2140625024.0,-0.0986826941370964
2141562496.0,-0.09919579327106476
2142499968.0,-0.09816071391105652
2143437440.0,-0.09555395692586899
2144375040.0,-0.09282470494508743
2145312512.0,-0.08705423772335052
2146249984.0,-0.08139672130346298
2147187456.0,-0.07584762573242188
2148124928.0,-0.06820306181907654
2149062400.0,-0.05989145115017891
2150000128.0,-0.0510329008102417
2150937600.0,-0.041882846504449844
2151875072.0,-0.03331056609749794
2152812544.0,-0.02378908172249794
2153750016.0,-0.014491662383079529
2154687488.0,-0.005636357236653566
2155624960.0,0.002298543695360422
2156562432.0,0.011453771963715553
2157499904.0,0.0196908600628376
2158437376.0,0.026432471349835396
2159375104.0,0.033506911247968674
2160312576.0,0.03883633390069008
2161250048.0,0.043346866965293884
2162187520.0,0.048324573785066605
2163124992.0,0.052226703613996506
2164062464.0,0.05508224666118622
2164999936.0,0.056511491537094116
2165937408.0,0.05884084850549698
2166874880.0,0.059915557503700256
2167812608.0,0.060310106724500656
2168750080.0,0.1317640244960785
2169687552.0,0.13290642201900482
2170625024.0,0.13150610029697418
2171562496.0,0.12829259037971497
2172499968.0,0.12393501400947571
2173437440.0,0.11706094443798065
2174374912.0,0.1100536361336708
2175312384.0,0.10147851705551147
2176250112.0,0.09064508974552155
2177187584.0,0.07977315038442612
2178125056.0,0.06803719699382782
2179062528.0,0.05577898025512695
2180000000.0,0.04158525541424751
2180937472.0,0.028386129066348076
2181874944.0,0.014832916669547558
2182812416.0,0.0013445636723190546
2183749888.0,-0.013278549537062645
2184687616.0,-0.026967814192175865
2185625088.0,-0.04124381020665169
2186562560.0,-0.05377521738409996
2187500032.0,-0.06672786176204681
2188437504.0,-0.07881081104278564
2189374976.0,-0.08967231959104538
2190312448.0,-0.10151707381010056
2191249920.0,-0.11045490950345993
2192187392.0,-0.1193581074476242
2193125120.0,-0.12645553052425385
2194062592.0,-0.13349172472953796
2195000064.0,-0.13931745290756226
2195937536.0,-0.14347021281719208
2196875008.0,-0.14714059233665466
2197812480.0,-0.15090782940387726
2198749952.0,-0.15301638841629028
2199687424.0,-0.1531553417444229
2200624896.0,-0.15362469851970673
2201562624.0,-0.15227140486240387
2202500096.0,-0.15056128799915314
2203437568.0,-0.14867283403873444
2204375040.0,-0.14590953290462494
2205312512.0,-0.14267393946647644
2206249984.0,-0.1389487087726593
2207187456.0,-0.13429205119609833
2208124928.0,-0.12855198979377747
2209062400.0,-0.1237245425581932
2209999872.0,-0.11782576888799667
2210937600.0,-0.11169897764921188
2211875072.0,-0.10487060248851776
2212812544.0,-0.09665412455797195
2213750016.0,-0.087901771068573
2214687488.0,-0.08055869489908218
2215624960.0,-0.07176239043474197
2216562432.0,-0.06306725740432739
2217499904.0,-0.05379442870616913
2218437376.0,-0.04465893283486366
2219375104.0,-0.03544437885284424
2220312576.0,-0.02555968053638935
2221250048.0,-0.015864672139286995
2222187520.0,-0.006379015743732452
2223124992.0,0.005527694243937731
2224062464.0,0.01538805104792118
2224999936.0,0.025912564247846603
2225937408.0,0.036875080317258835
2226874880.0,0.04701153188943863
2227812608.0,0.05691815912723541
2228750080.0,0.0631089136004448
2229687552.0,0.07167170196771622
2230625024.0,0.08005491644144058
2231562496.0,0.08766116201877594
2232499968.0,0.09489456564188004
2233437440.0,0.10006261616945267
2234374912.0,0.10554495453834534
2235312384.0,0.1077728420495987
2236250112.0,0.10877051204442978
2237187584.0,0.10763826966285706
2238125056.0,0.10556852072477341
2239062528.0,0.10030954331159592
2240000000.0,0.09464555978775024
2240937472.0,0.08722048997879028
2241874944.0,0.07866035401821136
2242812416.0,0.06891381740570068
2243749888.0,0.05826159566640854
2244687616.0,0.046050287783145905
2245625088.0,0.0333431214094162
2246562560.0,0.01908787526190281
2247500032.0,0.004186098463833332
2248437504.0,-0.01219614315778017
2249374976.0,-0.028910530731081963
2250312448.0,-0.04637265205383301
2251249920.0,-0.06523354351520538
2252187392.0,-0.08375919610261917
2253125120.0,-0.10375847667455673
2254062592.0,-0.12361752241849899
2255000064.0,-0.1435513198375702
2255937536.0,-0.16406726837158203
2256875008.0,-0.18434388935565948
2257812480.0,-0.20366229116916656
2258749952.0,-0.22370639443397522
2259687424.0,-0.24375814199447632
2260624896.0,-0.2621477544307709
2261562624.0,-0.2819955050945282
2262500096.0,-0.2992227375507355
2263437568.0,-0.3155512511730194
2264375040.0,-0.3308756947517395
2265312512.0,-0.34468817710876465
2266249984.0,-0.357255220413208
2267187456.0,-0.3681340515613556
2268124928.0,-0.3789052963256836
2269062400.0,-0.3862726092338562
2270000128.0,-0.39292678236961365
2270937600.0,-0.3977692723274231
2271875072.0,-0.4006388783454895
2272812544.0,-0.40324366092681885
2273750016.0,-0.4028490483760834
2274687488.0,-0.40168944001197815
2275624960.0,-0.39785876870155334
2276562432.0,-0.39424923062324524
2277499904.0,-0.3883713483810425
2278437376.0,-0.38195568323135376
2279375104.0,-0.37373480200767517
2280312576.0,-0.3651057481765747
2281250048.0,-0.35469502210617065
2282187520.0,-0.3432781398296356
2283124992.0,-0.33200109004974365
2284062464.0,-0.3201592266559601
2284999936.0,-0.30794018507003784
2285937408.0,-0.29595696926116943
2286874880.0,-0.2846173644065857
2287812608.0,-0.2735929489135742
2288750080.0,-0.28718051314353943
2289687552.0,-0.2870636284351349
2290625024.0,-0.2889384329319
2291562496.0,-0.29002058506011963
2292499968.0,-0.2922634780406952
2293437440.0,-0.29443782567977905
2294374912.0,-0.29661181569099426
2295312384.0,-0.30092188715934753
2296250112.0,-0.30464932322502136
2297187584.0,-0.3101328909397125
2298125056.0,-0.3183882534503937
2299062528.0,-0.3270052969455719
2300000000.0,-0.33715274930000305
2300937472.0,-0.35003018379211426
2301874944.0,-0.3639495074748993
2302812416.0,-0.3800746500492096
2303749888.0,-0.3981255888938904
2304687616.0,-0.4190637469291687
2305625088.0,-0.4428985118865967
2306562560.0,-0.46862542629241943
2307500032.0,-0.4961261451244354
2308437504.0,-0.5275545120239258
2309374976.0,-0.5571081638336182
2310312448.0,-0.5824915170669556
2311249920.0,-0.6072279214859009
2312187392.0,-0.6335765719413757
2313125120.0,-0.662447452545166
2314062592.0,-0.6918507218360901
2315000064.0,-0.723590612411499
2315937536.0,-0.7544551491737366
2316875008.0,-0.7872976660728455
2317812480.0,-0.8200507760047913
2318749952.0,-0.8526465892791748
2319687424.0,-0.8850405216217041
2320624896.0,-0.9163250923156738
2321562624.0,-0.9460306167602539
2322500096.0,-0.9742785096168518
2323437568.0,-1.0006455183029175
2324375040.0,-1.026070475578308
2325312512.0,-1.0495655536651611
2326249984.0,-1.0707534551620483
2327187456.0,-1.0906141996383667
2328124928.0,-1.1067893505096436
2329062400.0,-1.1217715740203857
2329999872.0,-1.1340627670288086
2330937600.0,-1.1428313255310059
2331875072.0,-1.1511703729629517
2332812544.0,-1.1559100151062012
2333750016.0,-1.1579734086990356
2334687488.0,-1.1557310819625854
2335624960.0,-1.1531275510787964
2336562432.0,-1.1476346254348755
2337499904.0,-1.1406021118164062
2338437376.0,-1.1318488121032715
2339375104.0,-1.1219861507415771
2340312576.0,-1.1094610691070557
2341250048.0,-1.0963982343673706
2342187520.0,-1.0818555355072021
2343124992.0,-1.0656243562698364
2344062464.0,-1.0500541925430298
2344999936.0,-1.032628059387207
2345937408.0,-1.0170396566390991
2346874880.0,-1.0007573366165161
2347812608.0,-0.9847294688224792
2348750080.0,-0.9559135437011719
2349687552.0,-0.9465103149414062
2350625024.0,-0.9363148212432861
2351562496.0,-0.9269452095031738
2352499968.0,-0.918691098690033
2353437440.0,-0.911037266254425
2354374912.0,-0.9033739566802979
2355312384.0,-0.8977085947990417
2356250112.0,-0.8947237133979797
2357187584.0,-0.8910790085792542
2358125056.0,-0.8887638449668884
2359062528.0,-0.8899486064910889
2360000000.0,-0.8906830549240112
2360937472.0,-0.8940752744674683
2361874944.0,-0.8984885811805725
2362812416.0,-0.9053511619567871
2363749888.0,-0.9126071929931641
2364687616.0,-0.9214661121368408
2365625088.0,-0.9321925640106201
2366562560.0,-0.9436487555503845
2367500032.0,-0.9556467533111572
2368437504.0,-0.9692118763923645
2369374976.0,-0.9820166230201721
2370312448.0,-0.9953792095184326
2371249920.0,-1.0077584981918335
2372187392.0,-1.0193500518798828
2373125120.0,-1.0301508903503418
2374062592.0,-1.0382635593414307
2375000064.0,-1.0440465211868286
2375937536.0,-1.0471879243850708
2376875008.0,-1.0475878715515137
2377812480.0,-1.0451081991195679
2378749952.0,-1.0392045974731445
2379687424.0,-1.030109167098999
2380624896.0,-1.0178505182266235
2381562624.0,-1.0018004179000854
2382500096.0,-0.9808754920959473
2383437568.0,-0.9590126872062683
2384375040.0,-0.9333893060684204
2385312512.0,-0.9048066735267639
2386249984.0,-0.8760899901390076
2387187456.0,-0.8445243239402771
2388124928.0,-0.8122968077659607
2389062400.0,-0.7783929705619812
2390000128.0,-0.7445079684257507
2390937600.0,-0.7100362181663513
2391875072.0,-0.6769324541091919
2392812544.0,-0.6420513987541199
2393750016.0,-0.6088640093803406
2394687488.0,-0.576898455619812
2395624960.0,-0.5448892116546631
2396562432.0,-0.5143407583236694
2397499904.0,-0.4843696057796478
2398437376.0,-0.45592477917671204
2399375104.0,-0.42785805463790894
2400312576.0,-0.401073157787323
2401250048.0,-0.37562212347984314
2402187520.0,-0.34985601902008057
2403124992.0,-0.3263190686702728
2404062464.0,-0.30225086212158203
2404999936.0,-0.2790493071079254
2405937408.0,-0.2564561069011688
2406874880.0,-0.2343507558107376
2407812608.0,-0.21301817893981934
2408750080.0,-0.1412944197654724
2409687552.0,-0.12082923203706741
2410625024.0,-0.10147427767515182
2411562496.0,-0.08413445949554443
2412499968.0,-0.0673951804637909
2413437440.0,-0.053758442401885986
2414374912.0,-0.04200108349323273
2415312384.0,-0.0332341231405735
2416250112.0,-0.027257680892944336
2417187584.0,-0.02452084794640541
2418125056.0,-0.024698447436094284
2419062528.0,-0.02755776233971119
2420000000.0,-0.0334211029112339
2420937472.0,-0.043985676020383835
2421874944.0,-0.05645982176065445
2422812416.0,-0.07210002094507217
2423749888.0,-0.09064596146345139
2424687616.0,-0.11228945851325989
2425625088.0,-0.13623911142349243
2426562560.0,-0.1622026562690735
2427500032.0,-0.19001445174217224
2428437504.0,-0.21827031672000885
2429374976.0,-0.24743933975696564
2430312448.0,-0.27718493342399597
2431249920.0,-0.30774587392807007
2432187392.0,-0.3352114260196686
2433125120.0,-0.36277636885643005
2434062592.0,-0.38831502199172974
2435000064.0,-0.41251617670059204
2435937536.0,-0.43271952867507935
2436875008.0,-0.4515354037284851
2437812480.0,-0.4661131501197815
2438749952.0,-0.47859203815460205
2439687424.0,-0.48617023229599
2440624896.0,-0.4910386800765991
2441562624.0,-0.4919816255569458
2442500096.0,-0.4882509708404541
2443437568.0,-0.48245152831077576
2444375040.0,-0.47317448258399963
2445312512.0,-0.45888984203338623
2446249984.0,-0.44252514839172363
2447187456.0,-0.4231523275375366
2448124928.0,-0.4008394181728363
2449062400.0,-0.3748958110809326
2449999872.0,-0.34769609570503235
2450937600.0,-0.31926190853118896
2451875072.0,-0.2882198691368103
2452812544.0,-0.25623783469200134
2453750016.0,-0.22384728491306305
2454687488.0,-0.19007758796215057
2455624960.0,-0.1562117487192154
2456562432.0,-0.1228250041604042
2457499904.0,-0.09014982730150223
2458437376.0,-0.05719025060534477
2459375104.0,-0.02444390207529068
2460312576.0,0.005936227273195982
2461250048.0,0.0367642380297184
2462187520.0,0.06532301008701324
2463124992.0,0.0934428796172142
2464062464.0,0.11983782052993774
2464999936.0,0.1453908532857895
2465937408.0,0.16792838275432587
2466874880.0,0.18974024057388306
2467812608.0,0.20966823399066925
2468750080.0,0.11868295818567276
2469687552.0,0.1319042295217514
2470625024.0,0.1472497582435608
2471562496.0,0.1591661125421524
2472499968.0,0.1695575714111328
2473437440.0,0.178495392203331
2474374912.0,0.18472421169281006
2475312384.0,0.18939641118049622
2476250112.0,0.19261287152767181
2477187584.0,0.19373628497123718
2478125056.0,0.1930881291627884
2479062528.0,0.18912914395332336
2480000000.0,0.1841813176870346
2480937472.0,0.17740271985530853
2481874944.0,0.16894976794719696
2482812416.0,0.15763045847415924
2483749888.0,0.14553292095661163
2484687616.0,0.13172651827335358
2485625088.0,0.11748101562261581
2486562560.0,0.09954111278057098
2487500032.0,0.0820096954703331
2488437504.0,0.06192187964916229
2489374976.0,0.04206874966621399
2490312448.0,0.02190786600112915
2491249920.0,0.00013698439579457045
2492187392.0,-0.020976141095161438
2493125120.0,-0.0412573479115963
2494062592.0,-0.06299241632223129
2495000064.0,-0.08320338279008865
2495937536.0,-0.1025504395365715
2496875008.0,-0.12120675295591354
2497812480.0,-0.1389668583869934
2498749952.0,-0.15551233291625977
2499687424.0,-0.16974709928035736
2500624896.0,-0.18303534388542175
2501562624.0,-0.1941746026277542
2502500096.0,-0.2047540843486786
2503437568.0,-0.21250396966934204
2504375040.0,-0.21718402206897736
2505312512.0,-0.2210427224636078
2506249984.0,-0.22229944169521332
2507187456.0,-0.22225487232208252
2508124928.0,-0.22004206478595734
2509062400.0,-0.21535761654376984
2510000128.0,-0.20894622802734375
2510937600.0,-0.20176753401756287
2511875072.0,-0.1915888786315918
2512812544.0,-0.17930085957050323
2513750016.0,-0.16708631813526154
2514687488.0,-0.152858167886734
2515624960.0,-0.136565700173378
2516562432.0,-0.11944007873535156
2517499904.0,-0.10225071012973785
2518437376.0,-0.08378046005964279
2519375104.0,-0.06543075293302536
2520312576.0,-0.04521748051047325
2521250048.0,-0.026123465970158577
2522187520.0,-0.005772291216999292
2523124992.0,0.013561984524130821
2524062464.0,0.03162776306271553
2524999936.0,0.05034330114722252
2525937408.0,0.06840982288122177
2526874880.0,0.08485421538352966
2527812608.0,0.10016009956598282
2528750080.0,0.15334327518939972
2529687552.0,0.15939083695411682
2530625024.0,0.16361719369888306
2531562496.0,0.16854800283908844
2532499968.0,0.17097888886928558
2533437440.0,0.17360974848270416
2534374912.0,0.17451485991477966
2535312384.0,0.17499415576457977
2536250112.0,0.17450906336307526
2537187584.0,0.17283222079277039
2538125056.0,0.17002445459365845
2539062528.0,0.1657838523387909
2540000000.0,0.16189350187778473
2540937472.0,0.1568061113357544
2541874944.0,0.14938701689243317
2542812416.0,0.14116637408733368
2543749888.0,0.1330370157957077
2544687616.0,0.12220454216003418
2545625088.0,0.11087782680988312
2546562560.0,0.09901712834835052
2547500032.0,0.0858713760972023
2548437504.0,0.07190345972776413
2549374976.0,0.05746243894100189
2550312448.0,0.041824646294116974
2551249920.0,0.02663520537316799
2552187392.0,0.010268397629261017
2553125120.0,-0.0056814467534422874
2554062592.0,-0.02169664017856121
2555000064.0,-0.038497790694236755
2555937536.0,-0.054552145302295685
2556875008.0,-0.06945041567087173
2557812480.0,-0.08444024622440338
2558749952.0,-0.09846264123916626
2559687424.0,-0.111998051404953
2560624896.0,-0.12395073473453522
2561562624.0,-0.13416129350662231
2562500096.0,-0.14328821003437042
2563437568.0,-0.1508505940437317
2564375040.0,-0.1558370590209961
2565312512.0,-0.15961535274982452
2566249984.0,-0.16104541718959808
2567187456.0,-0.1601320058107376
2568124928.0,-0.15855352580547333
2569062400.0,-0.15426668524742126
2569999872.0,-0.1473861038684845
2570937600.0,-0.13987985253334045
2571875072.0,-0.1300438493490219
2572812544.0,-0.1186675876379013
2573750016.0,-0.10561004281044006
2574687488.0,-0.09119194000959396
2575624960.0,-0.07573098689317703
2576562432.0,-0.05900825187563896
2577499904.0,-0.04026338458061218
2578437376.0,-0.021785344928503036
2579375104.0,-0.0031073058489710093
2580312576.0,0.017046768218278885
2581250048.0,0.03683852776885033
2582187520.0,0.055941615253686905
2583124992.0,0.0758044496178627
2584062464.0,0.09351658076047897
2584999936.0,0.11134947091341019
2585937408.0,0.12827983498573303
2586874880.0,0.1429998129606247
2587812608.0,0.15556664764881134
2588750080.0,0.17898723483085632
2589687552.0,0.18623805046081543
2590625024.0,0.19201286137104034
2591562496.0,0.19447198510169983
2592499968.0,0.1951242983341217
2593437440.0,0.19229251146316528
2594374912.0,0.1898399293422699
2595312384.0,0.18325895071029663
2596250112.0,0.1751638948917389
2597187584.0,0.16575399041175842
2598125056.0,0.15453508496284485
2599062528.0,0.1428951919078827
2600000000.0,0.1287059336900711
2600937472.0,0.1142110526561737
2601874944.0,0.10009144991636276
2602812416.0,0.08343113958835602
2603749888.0,0.06629198044538498
2604687616.0,0.049712516367435455
2605625088.0,0.0335279256105423
2606562560.0,0.016919966787099838
2607500032.0,0.0012414510129019618
2608437504.0,-0.01264533493667841
2609374976.0,-0.02694511227309704
2610312448.0,-0.040436241775751114
2611249920.0,-0.05229310318827629
2612187392.0,-0.06347741931676865
2613125120.0,-0.07391206920146942
2614062592.0,-0.08270754665136337
2615000064.0,-0.09094742685556412
2615937536.0,-0.09762518852949142
2616875008.0,-0.1020691990852356
2617812480.0,-0.10727974772453308
2618749952.0,-0.11016739159822464
2619687424.0,-0.11265005171298981
2620624896.0,-0.1138317808508873
2621562624.0,-0.11478264629840851
2622500096.0,-0.11457936465740204
2623437568.0,-0.11350599676370621
2624375040.0,-0.11147541552782059
2625312512.0,-0.10866551101207733
2626249984.0,-0.10570424795150757
2627187456.0,-0.10215910524129868
2628124928.0,-0.09728424996137619
2629062400.0,-0.09212402254343033
2630000128.0,-0.08753853291273117
2630937600.0,-0.08068941533565521
2631875072.0,-0.07376677542924881
2632812544.0,-0.06713765859603882
2633750016.0,-0.05864105001091957
2634687488.0,-0.05048561096191406
2635624960.0,-0.041025616228580475
2636562432.0,-0.03141770139336586
2637499904.0,-0.020162878558039665
2638437376.0,-0.009275549091398716
2639375104.0,0.0032777772285044193
2640312576.0,0.0151892164722085
2641250048.0,0.029770949855446815
2642187520.0,0.04355177655816078
2643124992.0,0.05877554789185524
2644062464.0,0.07331826537847519
2644999936.0,0.08862008154392242
2645937408.0,0.10500583052635193
2646874880.0,0.12068094313144684
2647812608.0,0.1969234049320221
2648750080.0,0.20539693534374237
2649687552.0,0.21340739727020264
2650625024.0,0.21994611620903015
2651562496.0,0.22381307184696198
2652499968.0,0.2252947986125946
2653437440.0,0.22426044940948486
2654374912.0,0.2212030589580536
2655312384.0,0.21551047265529633
2656250112.0,0.20558692514896393
2657187584.0,0.1679341048002243
2658125056.0,0.14940069615840912
2659062528.0,0.12827661633491516
2660000000.0,0.10496553778648376
2660937472.0,0.08078046888113022
2661874944.0,0.05288688838481903
2662812416.0,0.02472677454352379
2663749888.0,-0.003613018663600087
2664687616.0,-0.033234309405088425
2665625088.0,-0.0631866306066513
2666562560.0,-0.09231430292129517
2667500032.0,-0.1199839636683464
2668437504.0,-0.14728669822216034
2669374976.0,-0.1729937493801117
2670312448.0,-0.19636905193328857
2671249920.0,-0.2172061800956726
2672187392.0,-0.23615087568759918
2673125120.0,-0.2521485984325409
2674062592.0,-0.2651798129081726
2675000064.0,-0.27478912472724915
2675937536.0,-0.28246989846229553
2676875008.0,-0.2864501178264618
2677812480.0,-0.28741976618766785
2678749952.0,-0.28533419966697693
2679687424.0,-0.280196875333786
2680624896.0,-0.2725186347961426
2681562624.0,-0.2622750699520111
2682500096.0,-0.2504260838031769
2683437568.0,-0.23623143136501312
2684375040.0,-0.2194913923740387
2685312512.0,-0.2024388164281845
2686249984.0,-0.1833648383617401
2687187456.0,-0.1640072464942932
2688124928.0,-0.14394564926624298
2689062400.0,-0.12227148562669754
2689999872.0,-0.10126984119415283
2690937600.0,-0.08055286109447479
2691875072.0,-0.060628365725278854
2692812544.0,-0.03985510393977165
2693750016.0,-0.01885303109884262
2694687488.0,0.0007198314997367561
2695624960.0,0.020576845854520798
2696562432.0,0.039479561150074005
2697499904.0,0.05756048485636711
2698437376.0,0.07638011872768402
2699375104.0,0.09385024011135101
2700312576.0,0.11120061576366425
2701250048.0,0.12744344770908356
2702187520.0,0.14378470182418823
2703124992.0,0.15960226953029633
2704062464.0,0.1744866669178009
2704999936.0,0.18823374807834625
2705937408.0,0.20207910239696503
2706874880.0,0.21437670290470123
2707812608.0,0.18516422808170319
2708750080.0,0.1908426284790039
2709687552.0,0.195275217294693
2710625024.0,0.19919413328170776
2711562496.0,0.20068015158176422
2712499968.0,0.20090045034885406
2713437440.0,0.20100538432598114
2714374912.0,0.19809161126613617
2715312384.0,0.19439831376075745
2716250112.0,0.18838344514369965
2717187584.0,0.18167729675769806
2718125056.0,0.17315959930419922
2719062528.0,0.16280800104141235
2720000000.0,0.15150710940361023
2720937472.0,0.13869580626487732
2721874944.0,0.12417758256196976
2722812416.0,0.1098516583442688
2723749888.0,0.09229633957147598
2724687616.0,0.07508289068937302
2725625088.0,0.05683379992842674
2726562560.0,0.038118116557598114
2727500032.0,0.019382677972316742
2728437504.0,-0.0009608955588191748
2729374976.0,-0.021098654717206955
2730312448.0,-0.04136517271399498
2731249920.0,-0.06098049134016037
2732187392.0,-0.08044300973415375
2733125120.0,-0.09834983199834824
2734062592.0,-0.116405189037323
2735000064.0,-0.13428433239459991
2735937536.0,-0.15023043751716614
2736875008.0,-0.165553480386734
2737812480.0,-0.1792595237493515
2738749952.0,-0.19164316356182098
2739687424.0,-0.20163850486278534
2740624896.0,-0.21148812770843506
2741562624.0,-0.21884171664714813
2742500096.0,-0.22447650134563446
2743437568.0,-0.22819648683071136
2744375040.0,-0.2298959195613861
2745312512.0,-0.2295476794242859
2746249984.0,-0.22814571857452393
2747187456.0,-0.22412417829036713
2748124928.0,-0.21806968748569489
2749062400.0,-0.21032649278640747
2750000128.0,-0.19997651875019073
2750937600.0,-0.18910923600196838
2751875072.0,-0.17657259106636047
2752812544.0,-0.16196265816688538
2753750016.0,-0.14743369817733765
2754687488.0,-0.13064433634281158
2755624960.0,-0.11208520084619522
2756562432.0,-0.09405393153429031
2757499904.0,-0.0744694396853447
2758437376.0,-0.05548757687211037
2759375104.0,-0.03508337214589119
2760312576.0,-0.014807664789259434
2761250048.0,0.005051315296441317
2762187520.0,0.024985289201140404
2763124992.0,0.043789882212877274
2764062464.0,0.0616188645362854
2764999936.0,0.07922176271677017
2765937408.0,0.09654946625232697
2766874880.0,0.11108201742172241
2767812608.0,0.1655815988779068
2768750080.0,0.16610030829906464
2769687552.0,0.16504964232444763
2770625024.0,0.16248878836631775
2771562496.0,0.15925921499729156
2772499968.0,0.1541288197040558
2773437440.0,0.14933641254901886
2774374912.0,0.14296197891235352
2775312384.0,0.13558357954025269
2776250112.0,0.12774114310741425
2777187584.0,0.11894520372152328
2778125056.0,0.1096523180603981
2779062528.0,0.09932854026556015
2780000000.0,0.08869308978319168
2780937472.0,0.07847248762845993
2781874944.0,0.0661359652876854
2782812416.0,0.05452665686607361
2783749888.0,0.04186255857348442
2784687616.0,0.029177112504839897
2785625088.0,0.015356247313320637
2786562560.0,0.002492258558049798
2787500032.0,-0.011128310114145279
2788437504.0,-0.024809015914797783
2789374976.0,-0.03753398358821869
2790312448.0,-0.05013899877667427
2791249920.0,-0.0636623278260231
2792187392.0,-0.07536943256855011
2793125120.0,-0.08730903267860413
2794062592.0,-0.09782302379608154
2795000064.0,-0.10764866322278976
2795937536.0,-0.11671791225671768
2796875008.0,-0.12476792186498642
2797812480.0,-0.13110214471817017
2798749952.0,-0.1373707354068756
2799687424.0,-0.14014948904514313
2800624896.0,-0.14324334263801575
2801562624.0,-0.1441182941198349
2802500096.0,-0.14359217882156372
2803437568.0,-0.14195378124713898
2804375040.0,-0.1383930891752243
2805312512.0,-0.13441461324691772
2806249984.0,-0.1276654303073883
2807187456.0,-0.11893779039382935
2808124928.0,-0.10944566130638123
2809062400.0,-0.09929587692022324
2809999872.0,-0.08699075877666473
2810937600.0,-0.07422606647014618
2811875072.0,-0.059920117259025574
2812812544.0,-0.04497440531849861
2813750016.0,-0.02963726408779621
2814687488.0,-0.013832285068929195
2815624960.0,0.0035673724487423897
2816562432.0,0.020431755110621452
2817499904.0,0.03796561434864998
2818437376.0,0.054169487208127975
2819375104.0,0.0700751543045044
2820312576.0,0.08667007088661194
2821250048.0,0.1017092615365982
2822187520.0,0.11526313424110413
2823124992.0,0.1285889446735382
2824062464.0,0.14053496718406677
2824999936.0,0.14996787905693054
2825937408.0,0.15786872804164886
2826874880.0,0.1639776974916458
2827812608.0,0.17761385440826416
2828750080.0,0.17943181097507477
2829687552.0,0.17787310481071472
2830625024.0,0.17398275434970856
2831562496.0,0.16854369640350342
2832499968.0,0.15964961051940918
2833437440.0,0.14968229830265045
2834374912.0,0.1374012976884842
2835312384.0,0.12369991838932037
2836250112.0,0.10799165815114975
2837187584.0,0.09078103303909302
2838125056.0,0.07248665392398834
2839062528.0,0.05375628173351288
2840000000.0,0.034900132566690445
2840937472.0,0.015395104885101318
2841874944.0,-0.0036310995928943157
2842812416.0,-0.022217363119125366
2843749888.0,-0.04082933068275452
2844687616.0,-0.05751119554042816
2845625088.0,-0.07428561896085739
2846562560.0,-0.08841980248689651
2847500032.0,-0.10100679844617844
2848437504.0,-0.11353731155395508
2849374976.0,-0.12323668599128723
2850312448.0,-0.13096456229686737
2851249920.0,-0.13716118037700653
2852187392.0,-0.1419300138950348
2853125120.0,-0.14496773481369019
2854062592.0,-0.1455029994249344
2855000064.0,-0.14523525536060333
2855937536.0,-0.14314338564872742
2856875008.0,-0.1391654908657074
2857812480.0,-0.13346992433071136
2858749952.0,-0.12580923736095428
2859687424.0,-0.11780881136655807
2860624896.0,-0.10871540755033493
2861562624.0,-0.10013146698474884
2862500096.0,-0.08922141790390015
2863437568.0,-0.07888396084308624
2864375040.0,-0.06661883741617203
2865312512.0,-0.05464232712984085
2866249984.0,-0.04215770959854126
2867187456.0,-0.03016042895615101
2868124928.0,-0.017258934676647186
2869062400.0,-0.005228721536695957
2870000128.0,0.00746018486097455
2870937600.0,0.019737759605050087
2871875072.0,0.03256189450621605
2872812544.0,0.044671010226011276
2873750016.0,0.057039786130189896
2874687488.0,0.0678781270980835
2875624960.0,0.07925700396299362
2876562432.0,0.08922029286623001
2877499904.0,0.09976810961961746
2878437376.0,0.10919224470853806
2879375104.0,0.11799095571041107
2880312576.0,0.12636177241802216
2881250048.0,0.13454480469226837
2882187520.0,0.14085829257965088
2883124992.0,0.1467749923467636
2884062464.0,0.15175755321979523
2884999936.0,0.15562327206134796
2885937408.0,0.15904682874679565
2886874880.0,0.16106323897838593
2887812608.0,0.16222266852855682
2888750080.0,0.16252824664115906
2889687552.0,0.16163156926631927
2890625024.0,0.15806405246257782
2891562496.0,0.15369468927383423
2892499968.0,0.14816761016845703
2893437440.0,0.14136116206645966
2894374912.0,0.13154061138629913
2895312384.0,0.12072508782148361
2896250112.0,0.10861925780773163
2897187584.0,0.0949850082397461
2898125056.0,0.07906405627727509
2899062528.0,0.06289003044366837
2900000000.0,0.04648914560675621
2900937472.0,0.028891626745462418
2901874944.0,0.010202823206782341
2902812416.0,-0.008497129194438457
2903749888.0,-0.027359357103705406
2904687616.0,-0.04657275974750519
2905625088.0,-0.06466508656740189
2906562560.0,-0.08249589055776596
2907500032.0,-0.09903696924448013
2908437504.0,-0.11490566283464432
2909374976.0,-0.13032948970794678
2910312448.0,-0.14336790144443512
2911249920.0,-0.15587817132472992
2912187392.0,-0.16536743938922882
2913125120.0,-0.17400342226028442
2914062592.0,-0.18027113378047943
2915000064.0,-0.1850472241640091
2915937536.0,-0.18697179853916168
2916875008.0,-0.18742388486862183
2917812480.0,-0.18602623045444489
2918749952.0,-0.18148203194141388
2919687424.0,-0.17572258412837982
2920624896.0,-0.16702646017074585
2921562624.0,-0.15654385089874268
2922500096.0,-0.14407753944396973
2923437568.0,-0.13132420182228088
2924375040.0,-0.11656738072633743
2925312512.0,-0.10105004161596298
2926249984.0,-0.08462702482938766
2927187456.0,-0.06656006723642349
2928124928.0,-0.047647424042224884
2929062400.0,-0.02970598079264164
2929999872.0,-0.010572164319455624
2930937600.0,0.006911099422723055
2931875072.0,0.024933485314249992
2932812544.0,0.04226573556661606
2933750016.0,0.058736905455589294
2934687488.0,0.0739639401435852
2935624960.0,0.08824680000543594
2936562432.0,0.10193560272455215
2937499904.0,0.11292364448308945
2938437376.0,0.12416944652795792
2939375104.0,0.1325884312391281
2940312576.0,0.13911497592926025
2941250048.0,0.1447260081768036
2942187520.0,0.1496376246213913
2943124992.0,0.15219339728355408
2944062464.0,0.15277890861034393
2944999936.0,0.1523897647857666
2945937408.0,0.15103141963481903
2946874880.0,0.1496807187795639
2947812608.0,0.14342735707759857
2948750080.0,0.14072956144809723
2949687552.0,0.1372268944978714
2950625024.0,0.1323329359292984
2951562496.0,0.1271955817937851
2952499968.0,0.12061819434165955
2953437440.0,0.11319535970687866
2954374912.0,0.10446131974458694
2955312384.0,0.0958939716219902
2956250112.0,0.08621013909578323
2957187584.0,0.07665615528821945
2958125056.0,0.06611686944961548
2959062528.0,0.05544107407331467
2960000000.0,0.044996168464422226
2960937472.0,0.03300950676202774
2961874944.0,0.020901165902614594
2962812416.0,0.009036283940076828
2963749888.0,-0.002881227061152458
2964687616.0,-0.014621785841882229
2965625088.0,-0.028112763538956642
2966562560.0,-0.0402568094432354
2967500032.0,-0.05131792649626732
2968437504.0,-0.06339739263057709
2969374976.0,-0.07468165457248688
2970312448.0,-0.08562216907739639
2971249920.0,-0.09571392834186554
2972187392.0,-0.10499169677495956
2973125120.0,-0.11374831944704056
2974062592.0,-0.12198083102703094
2975000064.0,-0.12825098633766174
2975937536.0,-0.13430818915367126
2976875008.0,-0.139667809009552
2977812480.0,-0.14266151189804077
2978749952.0,-0.14537042379379272
2979687424.0,-0.14726004004478455
2980624896.0,-0.14849232137203217
2981562624.0,-0.14796113967895508
2982500096.0,-0.14684627950191498
2983437568.0,-0.1438736617565155
2984375040.0,-0.1395801156759262
2985312512.0,-0.1350349634885788
2986249984.0,-0.12806326150894165
2987187456.0,-0.122849240899086
2988124928.0,-0.11522448062896729
2989062400.0,-0.1070457473397255
2990000128.0,-0.09959417581558228
2990937600.0,-0.09061414003372192
2991875072.0,-0.08154501020908356
2992812544.0,-0.07283159345388412
2993750016.0,-0.06314267963171005
2994687488.0,-0.0543147549033165
2995624960.0,-0.045283909887075424
2996562432.0,-0.03768293932080269
2997499904.0,-0.029824411496520042
2998437376.0,-0.021643051877617836
2999375104.0,-0.014867010526359081
3000312576.0,-0.011539734899997711
3001250048.0,-0.006349632050842047
3002187520.0,-0.0016787928761914372
3003124992.0,0.0007523401291109622
3004062464.0,0.004241413902491331
3004999936.0,0.003863974940031767
3005937408.0,0.004135861527174711
3006874880.0,0.0032320141326636076
3007812608.0,-0.0005273692077025771
3008750080.0,-0.0032674241811037064
3009687552.0,-0.006860561668872833
3010625024.0,-0.010215770453214645
3011562496.0,-0.01432294026017189
3012499968.0,-0.01846979185938835
3013437440.0,-0.022012585774064064
3014374912.0,-0.02690478414297104
3015312384.0,-0.03177006170153618
3016250112.0,-0.03646916523575783
3017187584.0,-0.04150089994072914
3018125056.0,-0.046037495136260986
3019062528.0,-0.05039667338132858
3020000000.0,-0.05598025023937225
3020937472.0,-0.06054477393627167
3021874944.0,-0.06388793140649796
3022812416.0,-0.06903570145368576
3023749888.0,-0.0743999183177948
3024687616.0,-0.07898867130279541
3025625088.0,-0.08322020620107651
3026562560.0,-0.08745365589857101
3027500032.0,-0.09197339415550232
3028437504.0,-0.09703779965639114
3029374976.0,-0.10134831070899963
3030312448.0,-0.10588587820529938
3031249920.0,-0.11018410325050354
3032187392.0,-0.11420070379972458
3033125120.0,-0.1178269162774086
3034062592.0,-0.12147831916809082
3035000064.0,-0.1247534453868866
3035937536.0,-0.12784066796302795
3036875008.0,-0.13078930974006653
3037812480.0,-0.1330254077911377
3038749952.0,-0.13422776758670807
3039687424.0,-0.135720893740654
3040624896.0,-0.136757954955101
3041562624.0,-0.13790059089660645
3042500096.0,-0.13746996223926544
3043437568.0,-0.13644921779632568
3044375040.0,-0.13608044385910034
3045312512.0,-0.1345929056406021
3046249984.0,-0.13229405879974365
3047187456.0,-0.1298251748085022
3048124928.0,-0.1267939954996109
3049062400.0,-0.1228741854429245
3049999872.0,-0.11987586319446564
3050937600.0,-0.11470316350460052
3051875072.0,-0.11108089983463287
3052812544.0,-0.10651883482933044
3053750016.0,-0.10171857476234436
3054687488.0,-0.09715227037668228
3055624960.0,-0.09160736948251724
3056562432.0,-0.08671068400144577
3057499904.0,-0.080919548869133
3058437376.0,-0.0753580629825592
3059375104.0,-0.07151622325181961
3060312576.0,-0.0672014057636261
3061250048.0,-0.06204867735505104
3062187520.0,-0.057900864630937576
3063124992.0,-0.054535072296857834
3064062464.0,-0.052045077085494995
3064999936.0,-0.04988600313663483
3065937408.0,-0.04783584922552109
3066874880.0,-0.04698238894343376
3067812608.0,-0.032504476606845856
3068750080.0,-0.037013258785009384
3069687552.0,-0.042886681854724884
3070625024.0,-0.04954727366566658
3071562496.0,-0.05599604547023773
3072499968.0,-0.0649898424744606
3073437440.0,-0.07277978956699371
3074374912.0,-0.0813378393650055
3075312384.0,-0.08882879465818405
3076250112.0,-0.09656956046819687
3077187584.0,-0.10434991866350174
3078125056.0,-0.11186103522777557
3079062528.0,-0.11819635331630707
3080000000.0,-0.12551286816596985
3080937472.0,-0.1307615041732788
3081874944.0,-0.1352747529745102
3082812416.0,-0.1400807499885559
3083749888.0,-0.1420576572418213
3084687616.0,-0.14410364627838135
3085625088.0,-0.14484603703022003
3086562560.0,-0.1445479393005371
3087500032.0,-0.1426069587469101
3088437504.0,-0.140989288687706
3089374976.0,-0.13754843175411224
3090312448.0,-0.13157278299331665
3091249920.0,-0.12727108597755432
3092187392.0,-0.12088870257139206
3093125120.0,-0.1130983754992485
3094062592.0,-0.10549711436033249
3095000064.0,-0.09649712592363358
3095937536.0,-0.08725684136152267
3096875008.0,-0.07836269587278366
3097812480.0,-0.06903702020645142
3098749952.0,-0.05935519188642502
3099687424.0,-0.04912375658750534
3100624896.0,-0.0393424928188324
3101562624.0,-0.030575508251786232
3102500096.0,-0.02070685476064682
3103437568.0,-0.011828999035060406
3104375040.0,-0.0027356534264981747
3105312512.0,0.005315535701811314
3106249984.0,0.01318490132689476
3107187456.0,0.02113841101527214
3108124928.0,0.02791680581867695
3109062400.0,0.0342213474214077
3110000128.0,0.04032466188073158
3110937600.0,0.04467379301786423
3111875072.0,0.05004916340112686
3112812544.0,0.05476932227611542
3113750016.0,0.05865304172039032
3114687488.0,0.06120787560939789
3115624960.0,0.06420496851205826
3116562432.0,0.06731592118740082
3117499904.0,0.06858225166797638
3118437376.0,0.07058074325323105
3119375104.0,0.07205724716186523
3120312576.0,0.07331172376871109
3121250048.0,0.07394569367170334
3122187520.0,0.07429654896259308
3123124992.0,0.07579903304576874
3124062464.0,0.07757948338985443
3124999936.0,0.07748091220855713
3125937408.0,0.07784513384103775
3126874880.0,0.07852393388748169
3127812608.0,0.09755649417638779
3128750080.0,0.09383794665336609
3129687552.0,0.09052611887454987
3130625024.0,0.08861363679170609
3131562496.0,0.0860699713230133
3132499968.0,0.08390810340642929
3133437440.0,0.08208121359348297
3134374912.0,0.08022946864366531
3135312384.0,0.07871199399232864
3136250112.0,0.07842237502336502
3137187584.0,0.07741763442754745
3138125056.0,0.07509133219718933
3139062528.0,0.07380153238773346
3140000000.0,0.07446439564228058
3140937472.0,0.07345406711101532
3141874944.0,0.07313544303178787
3142812416.0,0.07245932519435883
3143749888.0,0.07198850810527802
3144687616.0,0.0705345869064331
3145625088.0,0.07003672420978546
3146562560.0,0.06904011219739914
3147500032.0,0.067274309694767
3148437504.0,0.06549842655658722
3149374976.0,0.06239579990506172
3150312448.0,0.05899830535054207
3151249920.0,0.05552009493112564
3152187392.0,0.051137879490852356
3153125120.0,0.04653331637382507
3154062592.0,0.040764398872852325
3155000064.0,0.034410201013088226
3155937536.0,0.027323046699166298
3156875008.0,0.019943930208683014
3157812480.0,0.01143511850386858
3158749952.0,0.0032119532115757465
3159687424.0,-0.005583355203270912
3160624896.0,-0.015971191227436066
3161562624.0,-0.025876305997371674
3162500096.0,-0.03703533113002777
3163437568.0,-0.04619403928518295
3164375040.0,-0.05778445303440094
3165312512.0,-0.06852702051401138
3166249984.0,-0.07955146580934525
3167187456.0,-0.08967093378305435
3168124928.0,-0.10018324106931686
3169062400.0,-0.10987488925457001
3169999872.0,-0.11892101168632507
3170937600.0,-0.1266653835773468
3171875072.0,-0.13414719700813293
3172812544.0,-0.14047223329544067
3173750016.0,-0.14469574391841888
3174687488.0,-0.14904841780662537
3175624960.0,-0.15276381373405457
3176562432.0,-0.15414002537727356
3177499904.0,-0.1548175811767578
3178437376.0,-0.15330305695533752
3179375104.0,-0.15126574039459229
3180312576.0,-0.14783133566379547
3181250048.0,-0.14238294959068298
3182187520.0,-0.13415667414665222
3183124992.0,-0.12572839856147766
3184062464.0,-0.11503937840461731
3184999936.0,-0.10454811900854111
3185937408.0,-0.09302426874637604
3186874880.0,-0.07959691435098648
3187812608.0,0.04423157498240471
3188750080.0,0.04187861084938049
3189687552.0,0.04065541923046112
3190625024.0,0.04043653979897499
3191562496.0,0.0400632880628109
3192499968.0,0.04140157625079155
3193437440.0,0.04230275750160217
3194374912.0,0.0452604666352272
3195312384.0,0.048215899616479874
3196250112.0,0.05088701471686363
3197187584.0,0.054108668118715286
3198125056.0,0.05755041167140007
3199062528.0,0.06049994379281998
3200000000.0,0.06414411962032318
3200937472.0,0.06750227510929108
3201874944.0,0.07022128254175186
3202812416.0,0.07179532945156097
3203749888.0,0.07263514399528503
3204687616.0,0.07272524386644363
3205625088.0,0.07135552167892456
3206562560.0,0.06885551661252975
3207500032.0,0.06669137626886368
3208437504.0,0.060993265360593796
3209374976.0,0.05597671866416931
3210312448.0,0.049489762634038925
3211249920.0,0.04207012429833412
3212187392.0,0.033853597939014435
3213125120.0,0.024241125211119652
3214062592.0,0.013574926182627678
3215000064.0,0.00208127754740417
3215937536.0,-0.009423417039215565
3216875008.0,-0.021868694573640823
3217812480.0,-0.03425655886530876
3218749952.0,-0.04605842009186745
3219687424.0,-0.05850505828857422
3220624896.0,-0.07130946964025497
3221562624.0,-0.08260199427604675
3222500096.0,-0.09406283497810364
3223437568.0,-0.10329156368970871
3224375040.0,-0.11336454004049301
3225312512.0,-0.12178429216146469
3226249984.0,-0.1284669190645218
3227187456.0,-0.13490766286849976
3228124928.0,-0.13846921920776367
3229062400.0,-0.1421712189912796
3230000128.0,-0.14425644278526306
3230937600.0,-0.14454083144664764
3231875072.0,-0.14498020708560944
3232812544.0,-0.14324133098125458
3233750016.0,-0.13931815326213837
3234687488.0,-0.13468441367149353
3235624960.0,-0.13047479093074799
3236562432.0,-0.12459751218557358
3237499904.0,-0.1181773915886879
3238437376.0,-0.11230946332216263
3239375104.0,-0.10540088266134262
3240312576.0,-0.09874190390110016
3241250048.0,-0.09293045848608017
3242187520.0,-0.08701784908771515
3243124992.0,-0.08275040239095688
3244062464.0,-0.07793999463319778
3244999936.0,-0.07527459412813187
3245937408.0,-0.07281568646430969
3246874880.0,-0.07194802910089493
3247812608.0,-0.06279174983501434
3248750080.0,-0.06729375571012497
3249687552.0,-0.07060034573078156
3250625024.0,-0.07339221984148026
3251562496.0,-0.07661698013544083
3252499968.0,-0.07958050817251205
3253437440.0,-0.0813901275396347
3254374912.0,-0.08253081887960434
3255312384.0,-0.08221866190433502
3256250112.0,-0.0809396430850029
3257187584.0,-0.07900618761777878
3258125056.0,-0.07567145675420761
3259062528.0,-0.07219325751066208
3260000000.0,-0.06646986305713654
3260937472.0,-0.06044800207018852
3261874944.0,-0.05374859273433685
3262812416.0,-0.045362282544374466
3263749888.0,-0.038171831518411636
3264687616.0,-0.03089469112455845
3265625088.0,-0.022864943370223045
3266562560.0,-0.016435766592621803
3267500032.0,-0.010043634101748466
3268437504.0,-0.004167061299085617
3269374976.0,0.0004634496581275016
3270312448.0,0.0029337017331272364
3271249920.0,0.004818090237677097
3272187392.0,0.006491458974778652
3273125120.0,0.006107994355261326
3274062592.0,0.005730189848691225
3275000064.0,0.0033732829615473747
3275937536.0,0.0010394301498308778
3276875008.0,-0.0019138873321935534
3277812480.0,-0.0049767037853598595
3278749952.0,-0.007874861359596252
3279687424.0,-0.009995430707931519
3280624896.0,-0.012097756378352642
3281562624.0,-0.014303350821137428
3282500096.0,-0.014435762539505959
3283437568.0,-0.01477865595370531
3284375040.0,-0.014903456903994083
3285312512.0,-0.013219931162893772
3286249984.0,-0.012383658438920975
3287187456.0,-0.010416897013783455
3288124928.0,-0.00934451911598444
3289062400.0,-0.008457057178020477
3289999872.0,-0.008092192001640797
3290937600.0,-0.008752632886171341
3291875072.0,-0.009214309975504875
3292812544.0,-0.01160752959549427
3293750016.0,-0.0147990882396698
3294687488.0,-0.019358592107892036
3295624960.0,-0.024482419714331627
3296562432.0,-0.03179118037223816
3297499904.0,-0.03914416953921318
3298437376.0,-0.046989552676677704
3299375104.0,-0.055477626621723175
3300312576.0,-0.06515897065401077
3301250048.0,-0.07418622076511383
3302187520.0,-0.08388587832450867
3303124992.0,-0.09242083132266998
3304062464.0,-0.1011652797460556
3304999936.0,-0.11015075445175171
3305937408.0,-0.11791519075632095
3306874880.0,-0.12556615471839905
3307812608.0,-0.09079309552907944
3308750080.0,-0.0878959596157074
3309687552.0,-0.08579103648662567
3310625024.0,-0.08276437968015671
3311562496.0,-0.08004695177078247
3312499968.0,-0.07826519757509232
3313437440.0,-0.0763077661395073
3314374912.0,-0.07571940124034882
3315312384.0,-0.07612656056880951
3316250112.0,-0.07627972215414047
3317187584.0,-0.07714027911424637
3318125056.0,-0.07884526252746582
3319062528.0,-0.08204381167888641
3320000000.0,-0.0849955826997757
3320937472.0,-0.08906256407499313
3321874944.0,-0.09381134808063507
3322812416.0,-0.09856892377138138
3323749888.0,-0.10457111150026321
3324687616.0,-0.11012033373117447
3325625088.0,-0.11600839346647263
3326562560.0,-0.12224768102169037
3327500032.0,-0.12795071303844452
3328437504.0,-0.1337774395942688
3329374976.0,-0.13916422426700592
3330312448.0,-0.14339107275009155
3331249920.0,-0.1476634293794632
3332187392.0,-0.15147128701210022
3333125120.0,-0.15568938851356506
3334062592.0,-0.15726162493228912
3335000064.0,-0.1600027084350586
3335937536.0,-0.15969660878181458
3336875008.0,-0.15962883830070496
3337812480.0,-0.15799009799957275
3338749952.0,-0.15487098693847656
3339687424.0,-0.1511373221874237
3340624896.0,-0.14570929110050201
3341562624.0,-0.14101049304008484
3342500096.0,-0.1350317895412445
3343437568.0,-0.12761949002742767
3344375040.0,-0.12014853954315186
3345312512.0,-0.1125914677977562
3346249984.0,-0.10308381915092468
3347187456.0,-0.09456947445869446
3348124928.0,-0.08521395176649094
3349062400.0,-0.0748240128159523
3350000128.0,-0.06674330681562424
3350937600.0,-0.0580979585647583
3351875072.0,-0.04937334358692169
3352812544.0,-0.0426105372607708
3353750016.0,-0.035625994205474854
3354687488.0,-0.028839875012636185
3355624960.0,-0.023629315197467804
3356562432.0,-0.018371669575572014
3357499904.0,-0.014591421000659466
3358437376.0,-0.010813966393470764
3359375104.0,-0.00822556484490633
3360312576.0,-0.005365928169339895
3361250048.0,-0.004624975845217705
3362187520.0,-0.0022462953347712755
3363124992.0,-0.0006704848492518067
3364062464.0,-0.00015600826009176672
3364999936.0,0.0014136579120531678
3365937408.0,0.0014786591054871678
3366874880.0,0.0023058683145791292
3367812608.0,0.010002183727920055
3368750080.0,0.01628888212144375
3369687552.0,0.022780485451221466
3370625024.0,0.02826714888215065
3371562496.0,0.031999994069337845
3372499968.0,0.03600803762674332
3373437440.0,0.03906542807817459
3374374912.0,0.04063088446855545
3375312384.0,0.041694797575473785
3376250112.0,0.04134238511323929
3377187584.0,0.040576811879873276
3378125056.0,0.03779904916882515
3379062528.0,0.03499561920762062
3380000000.0,0.030322816222906113
3380937472.0,0.024724598973989487
3381874944.0,0.01901940070092678
3382812416.0,0.012494444847106934
3383749888.0,0.004869699943810701
3384687616.0,-0.004078906495124102
3385625088.0,-0.012432070448994637
3386562560.0,-0.021390395238995552
3387500032.0,-0.03151513263583183
3388437504.0,-0.04154155030846596
3389374976.0,-0.04996154084801674
3390312448.0,-0.05939354747533798
3391249920.0,-0.06823597848415375
3392187392.0,-0.07646292448043823
3393125120.0,-0.08403025567531586
3394062592.0,-0.09167741239070892
3395000064.0,-0.09724465757608414
3395937536.0,-0.10245014727115631
3396875008.0,-0.10765870660543442
3397812480.0,-0.11156632006168365
3398749952.0,-0.11492989957332611
3399687424.0,-0.11664095520973206
3400624896.0,-0.1168651208281517
3401562624.0,-0.1170012503862381
3402500096.0,-0.11744034290313721
3403437568.0,-0.11639212816953659
3404375040.0,-0.11522084474563599
3405312512.0,-0.11235065013170242
3406249984.0,-0.1103702262043953
3407187456.0,-0.10713575035333633
3408124928.0,-0.10371766984462738
3409062400.0,-0.09948058426380157
3409999872.0,-0.0962112620472908
3410937600.0,-0.09139814227819443
3411875072.0,-0.08780466020107269
3412812544.0,-0.08272480219602585
3413750016.0,-0.07880612462759018
3414687488.0,-0.07578035444021225
3415624960.0,-0.0718548595905304
3416562432.0,-0.06799457967281342
3417499904.0,-0.06362888216972351
3418437376.0,-0.0608573779463768
3419375104.0,-0.05662328377366066
3420312576.0,-0.054001107811927795
3421250048.0,-0.05027171969413757
3422187520.0,-0.0479092113673687
3423124992.0,-0.04511959105730057
3424062464.0,-0.04191131517291069
3424999936.0,-0.039501436054706573
3425937408.0,-0.03612159192562103
3426874880.0,-0.03374522179365158
3427812608.0,-0.03028087131679058
3428750080.0,-0.029374409466981888
3429687552.0,-0.027585580945014954
3430625024.0,-0.024684961885213852
3431562496.0,-0.022519784048199654
3432499968.0,-0.01837380975484848
3433437440.0,-0.014665205031633377
3434374912.0,-0.009742951020598412
3435312384.0,-0.003944841679185629
3436250112.0,0.002838003681972623
3437187584.0,0.010170320980250835
3438125056.0,0.018330292776226997
3439062528.0,0.02821929007768631
3440000000.0,0.03903667628765106
3440937472.0,0.05093899741768837
3441874944.0,0.06314322352409363
3442812416.0,0.07637064158916473
3443749888.0,0.09039998054504395
3444687616.0,0.10419464111328125
3445625088.0,0.11641105264425278
3446562560.0,0.12982068955898285
3447500032.0,0.14187604188919067
3448437504.0,0.15384741127490997
3449374976.0,0.163650780916214
3450312448.0,0.17079296708106995
3451249920.0,0.17777490615844727
3452187392.0,0.1812175214290619
3453125120.0,0.1825362741947174
3454062592.0,0.18144090473651886
3455000064.0,0.17831392586231232
3455937536.0,0.17120543122291565
3456875008.0,0.1631988286972046
3457812480.0,0.1530195027589798
3458749952.0,0.13945400714874268
3459687424.0,0.1254683881998062
3460624896.0,0.10969642549753189
3461562624.0,0.09260676056146622
3462500096.0,0.07461654394865036
3463437568.0,0.05625198408961296
3464375040.0,0.035986434668302536
3465312512.0,0.01613292470574379
3466249984.0,-0.002756761619821191
3467187456.0,-0.02025141566991806
3468124928.0,-0.03691936284303665
3469062400.0,-0.05239393934607506
3470000128.0,-0.06629703938961029
3470937600.0,-0.07830432057380676
3471875072.0,-0.08798016607761383
3472812544.0,-0.09615915268659592
3473750016.0,-0.10279952734708786
3474687488.0,-0.10716799646615982
3475624960.0,-0.10948667675256729
3476562432.0,-0.11002183705568314
3477499904.0,-0.10887589305639267
3478437376.0,-0.10611423850059509
3479375104.0,-0.1018964946269989
3480312576.0,-0.09741082787513733
3481250048.0,-0.09148024022579193
3482187520.0,-0.08596104383468628
3483124992.0,-0.08025766164064407
3484062464.0,-0.07357703894376755
3484999936.0,-0.06752398610115051
3485937408.0,-0.061748333275318146
3486874880.0,-0.056157734245061874
3487812608.0,-0.041905101388692856
3488750080.0,-0.04343360662460327
3489687552.0,-0.047229308634996414
3490625024.0,-0.05140185356140137
3491562496.0,-0.05565285310149193
3492499968.0,-0.06019679084420204
3493437440.0,-0.06526462733745575
3494374912.0,-0.06921257823705673
3495312384.0,-0.0754212811589241
3496250112.0,-0.07828705757856369
3497187584.0,-0.08259545266628265
3498125056.0,-0.08611997216939926
3499062528.0,-0.0880848616361618
3500000000.0,-0.09028147906064987
3500937472.0,-0.08992514759302139
3501874944.0,-0.08778095245361328
3502812416.0,-0.08674333244562149
3503749888.0,-0.08308778703212738
3504687616.0,-0.07859932631254196
3505625088.0,-0.07337676733732224
3506562560.0,-0.06823131442070007
3507500032.0,-0.062229279428720474
3508437504.0,-0.05602624639868736
3509374976.0,-0.04844870790839195
3510312448.0,-0.04120030626654625
3511249920.0,-0.03347223997116089
3512187392.0,-0.025632213801145554
3513125120.0,-0.017845477908849716
3514062592.0,-0.009259870275855064
3515000064.0,-0.0021887216717004776
3515937536.0,0.0046617803163826466
3516875008.0,0.010704436339437962
3517812480.0,0.016360316425561905
3518749952.0,0.0191844180226326
3519687424.0,0.021929649636149406
3520624896.0,0.023144913837313652
3521562624.0,0.02369753271341324
3522500096.0,0.022806983441114426
3523437568.0,0.02168748527765274
3524375040.0,0.018709857016801834
3525312512.0,0.015595566481351852
3526249984.0,0.011418744921684265
3527187456.0,0.007281334605067968
3528124928.0,0.001450809882953763
3529062400.0,-0.004940292797982693
3529999872.0,-0.011016142554581165
3530937600.0,-0.016819922253489494
3531875072.0,-0.0221417136490345
3532812544.0,-0.02873012237250805
3533750016.0,-0.03409881144762039
3534687488.0,-0.03831961378455162
3535624960.0,-0.042280495166778564
3536562432.0,-0.045333899557590485
3537499904.0,-0.04768900200724602
3538437376.0,-0.04969025030732155
3539375104.0,-0.05070075765252113
3540312576.0,-0.04880867153406143
3541250048.0,-0.04713764786720276
3542187520.0,-0.04495283216238022
3543124992.0,-0.042046837508678436
3544062464.0,-0.03798074275255203
3544999936.0,-0.03283537179231644
3545937408.0,-0.027792170643806458
3546874880.0,-0.021902943029999733
3547812608.0,-0.017361784353852272
3548750080.0,-0.018098875880241394
3549687552.0,-0.01906527206301689
3550625024.0,-0.020156335085630417
3551562496.0,-0.020704444497823715
3552499968.0,-0.022346721962094307
3553437440.0,-0.023368844762444496
3554374912.0,-0.02554774098098278
3555312384.0,-0.026704352349042892
3556250112.0,-0.028990251943469048
3557187584.0,-0.03154819831252098
3558125056.0,-0.03341423347592354
3559062528.0,-0.03593197464942932
3560000000.0,-0.03983550891280174
3560937472.0,-0.04194808751344681
3561874944.0,-0.04451262578368187
3562812416.0,-0.046626169234514236
3563749888.0,-0.048762790858745575
3564687616.0,-0.05153817683458328
3565625088.0,-0.05356910452246666
3566562560.0,-0.054147232323884964
3567500032.0,-0.05646589398384094
3568437504.0,-0.058359064161777496
3569374976.0,-0.05801638588309288
3570312448.0,-0.05783228203654289
3571249920.0,-0.05807686597108841
3572187392.0,-0.05740224942564964
3573125120.0,-0.05745087191462517
3574062592.0,-0.058251164853572845
3575000064.0,-0.05625718832015991
3575937536.0,-0.05610375106334686
3576875008.0,-0.054820578545331955
3577812480.0,-0.05404967442154884
3578749952.0,-0.052720773965120316
3579687424.0,-0.05239379405975342
3580624896.0,-0.050801340490579605
3581562624.0,-0.05018685385584831
3582500096.0,-0.04874829947948456
3583437568.0,-0.04837654158473015
3584375040.0,-0.04814068228006363
3585312512.0,-0.04903881624341011
3586249984.0,-0.049801409244537354
3587187456.0,-0.0507953017950058
3588124928.0,-0.052145835012197495
3589062400.0,-0.05249713733792305
3590000128.0,-0.053520023822784424
3590937600.0,-0.05374131351709366
3591875072.0,-0.05505597963929176
3592812544.0,-0.055272556841373444
3593750016.0,-0.05538095906376839
3594687488.0,-0.055954042822122574
3595624960.0,-0.055640626698732376
3596562432.0,-0.054189760237932205
3597499904.0,-0.05211059749126434
3598437376.0,-0.05047622323036194
3599375104.0,-0.04903027415275574
3600312576.0,-0.04546203464269638
3601250048.0,-0.04357744753360748
3602187520.0,-0.04006316140294075
3603124992.0,-0.03589124605059624
3604062464.0,-0.030823489651083946
3604999936.0,-0.025721607729792595
3605937408.0,-0.018845098093152046
3606874880.0,-0.012697701342403889
3607812608.0,0.010338340885937214
3608750080.0,0.01963719166815281
3609687552.0,0.028702527284622192
3610625024.0,0.036825429648160934
3611562496.0,0.045089539140462875
3612499968.0,0.053074873983860016
3613437440.0,0.05932348966598511
3614374912.0,0.06492048501968384
3615312384.0,0.06983599066734314
3616250112.0,0.07412812858819962
3617187584.0,0.077880859375
3618125056.0,0.07908893376588821
3619062528.0,0.08133870363235474
3620000000.0,0.08051367849111557
3620937472.0,0.07876656204462051
3621874944.0,0.07626098394393921
3622812416.0,0.07226292043924332
3623749888.0,0.0671510323882103
3624687616.0,0.0621131993830204
3625625088.0,0.05654258280992508
3626562560.0,0.04937898740172386
3627500032.0,0.04315726459026337
3628437504.0,0.035864073783159256
3629374976.0,0.028025193139910698
3630312448.0,0.020121365785598755
3631249920.0,0.010511242784559727
3632187392.0,0.00269982498139143
3633125120.0,-0.006844830699265003
3634062592.0,-0.015653084963560104
3635000064.0,-0.024843338876962662
3635937536.0,-0.03488181531429291
3636875008.0,-0.042665693908929825
3637812480.0,-0.05245775729417801
3638749952.0,-0.06095042824745178
3639687424.0,-0.06863707304000854
3640624896.0,-0.07653514295816422
3641562624.0,-0.0841636136174202
3642500096.0,-0.09132469445466995
3643437568.0,-0.09894265979528427
3644375040.0,-0.10511865466833115
3645312512.0,-0.11122991889715195
3646249984.0,-0.11655351519584656
3647187456.0,-0.12175861746072769
3648124928.0,-0.1256106048822403
3649062400.0,-0.12919336557388306
3649999872.0,-0.13201624155044556
3650937600.0,-0.1339310258626938
3651875072.0,-0.13599447906017303
3652812544.0,-0.1379101723432541
3653750016.0,-0.13915280997753143
3654687488.0,-0.1397218257188797
3655624960.0,-0.1386093646287918
3656562432.0,-0.13769033551216125
3657499904.0,-0.13668981194496155
3658437376.0,-0.13547588884830475
3659375104.0,-0.13371062278747559
3660312576.0,-0.13083940744400024
3661250048.0,-0.12856195867061615
3662187520.0,-0.12636572122573853
3663124992.0,-0.1220872774720192
3664062464.0,-0.11909234523773193
3664999936.0,-0.11606501787900925
3665937408.0,-0.11227717995643616
3666874880.0,-0.10899236053228378
3667812608.0,-0.09278789162635803
3668750080.0,-0.09351695328950882
3669687552.0,-0.09205521643161774
3670625024.0,-0.09126272797584534
3671562496.0,-0.08969619870185852
3672499968.0,-0.08658484369516373
3673437440.0,-0.08342180401086807
3674374912.0,-0.08038920909166336
3675312384.0,-0.07564036548137665
3676250112.0,-0.07122081518173218
3677187584.0,-0.06513958424329758
3678125056.0,-0.05934450402855873
3679062528.0,-0.052301518619060516
3680000000.0,-0.04559701308608055
3680937472.0,-0.03816207870841026
3681874944.0,-0.02985575795173645
3682812416.0,-0.02213391661643982
3683749888.0,-0.01417627278715372
3684687616.0,-0.005423537455499172
3685625088.0,0.0024752363096922636
3686562560.0,0.011167962104082108
3687500032.0,0.018177403137087822
3688437504.0,0.02573290280997753
3689374976.0,0.032720502465963364
3690312448.0,0.03820515424013138
3691249920.0,0.042908232659101486
3692187392.0,0.04837074503302574
3693125120.0,0.052286650985479355
3694062592.0,0.05486128479242325
3695000064.0,0.057364676147699356
3695937536.0,0.05822857469320297
3696875008.0,0.05772306025028229
3697812480.0,0.0583965927362442
3698749952.0,0.0566435307264328
3699687424.0,0.054011765867471695
3700624896.0,0.05081246793270111
3701562624.0,0.046505264937877655
3702500096.0,0.04176034778356552
3703437568.0,0.03617227450013161
3704375040.0,0.02999514900147915
3705312512.0,0.023052528500556946
3706249984.0,0.016568811610341072
3707187456.0,0.009959490038454533
3708124928.0,0.0028758610133081675
3709062400.0,-0.004797871224582195
3710000128.0,-0.013263625092804432
3710937600.0,-0.020675234496593475
3711875072.0,-0.028673183172941208
3712812544.0,-0.03504311665892601
3713750016.0,-0.041700828820466995
3714687488.0,-0.047253530472517014
3715624960.0,-0.051354747265577316
3716562432.0,-0.05374947562813759
3717499904.0,-0.056491948664188385
3718437376.0,-0.0590183287858963
3719375104.0,-0.06045326218008995
3720312576.0,-0.06218186020851135
3721250048.0,-0.061753399670124054
3722187520.0,-0.062305402010679245
3723124992.0,-0.06032455340027809
3724062464.0,-0.05970275402069092
3724999936.0,-0.058142419904470444
3725937408.0,-0.056419868022203445
3726874880.0,-0.054905034601688385
3727812608.0,-0.058835599571466446
3728750080.0,-0.05776289105415344
3729687552.0,-0.05932558327913284
3730625024.0,-0.05739952251315117
3731562496.0,-0.057430461049079895
3732499968.0,-0.057824596762657166
3733437440.0,-0.05843484401702881
3734374912.0,-0.058991458266973495
3735312384.0,-0.05967970937490463
3736250112.0,-0.06228916347026825
3737187584.0,-0.0648118108510971
3738125056.0,-0.0673467293381691
3739062528.0,-0.07155460119247437
3740000000.0,-0.07464458048343658
3740937472.0,-0.0801246240735054
3741874944.0,-0.08498833328485489
3742812416.0,-0.09072545915842056
3743749888.0,-0.09566368907690048
3744687616.0,-0.10202602297067642
3745625088.0,-0.10869868844747543
3746562560.0,-0.11426561325788498
3747500032.0,-0.12040704488754272
3748437504.0,-0.12580689787864685
3749374976.0,-0.13200165331363678
3750312448.0,-0.13758091628551483
3751249920.0,-0.14332707226276398
3752187392.0,-0.14888040721416473
3753125120.0,-0.1542866826057434
3754062592.0,-0.1588449478149414
3755000064.0,-0.1614902913570404
3755937536.0,-0.16394248604774475
3756875008.0,-0.16646090149879456
3757812480.0,-0.167169451713562
3758749952.0,-0.16594348847866058
3759687424.0,-0.164011150598526
3760624896.0,-0.1589791476726532
3761562624.0,-0.15404313802719116
3762500096.0,-0.14733768999576569
3763437568.0,-0.13958686590194702
3764375040.0,-0.13049523532390594
3765312512.0,-0.12068034708499908
3766249984.0,-0.10982251912355423
3767187456.0,-0.09893720597028732
3768124928.0,-0.08823913335800171
3769062400.0,-0.07610660046339035
3769999872.0,-0.06390193849802017
3770937600.0,-0.0524202324450016
3771875072.0,-0.041831277310848236
3772812544.0,-0.03219912201166153
3773750016.0,-0.022542666643857956
3774687488.0,-0.014395222999155521
3775624960.0,-0.007553677074611187
3776562432.0,-0.0008562780567444861
3777499904.0,0.0035268820356577635
3778437376.0,0.005767009221017361
3779375104.0,0.008227147161960602
3780312576.0,0.007852290757000446
3781250048.0,0.006078044418245554
3782187520.0,0.002685526618734002
3783124992.0,-0.0021235556341707706
3784062464.0,-0.009071004576981068
3784999936.0,-0.015219357796013355
3785937408.0,-0.024464724585413933
3786874880.0,-0.02240484021604061
3787812608.0,-0.029476510360836983
3788750080.0,-0.0395389124751091
3789687552.0,-0.04969865456223488
3790625024.0,-0.0601620189845562
3791562496.0,-0.07168154418468475
3792499968.0,-0.08323732018470764
3793437440.0,-0.09421306848526001
3794374912.0,-0.10568046569824219
3795312384.0,-0.11594504863023758
3796250112.0,-0.12626992166042328
3797187584.0,-0.13587768375873566
3798125056.0,-0.14454945921897888
3799062528.0,-0.15281148254871368
3800000000.0,-0.15971684455871582
3800937472.0,-0.16719909012317657
3801874944.0,-0.17218336462974548
3802812416.0,-0.17606236040592194
3803749888.0,-0.1785103976726532
3804687616.0,-0.1793166697025299
3805625088.0,-0.17948171496391296
3806562560.0,-0.17714495956897736
3807500032.0,-0.17557021975517273
3808437504.0,-0.172077476978302
3809374976.0,-0.16643157601356506
3810312448.0,-0.16060948371887207
3811249920.0,-0.15167297422885895
3812187392.0,-0.14479193091392517
3813125120.0,-0.13554462790489197
3814062592.0,-0.12607713043689728
3815000064.0,-0.11674364656209946
3815937536.0,-0.10829024016857147
3816875008.0,-0.098353311419487
3817812480.0,-0.08861657232046127
3818749952.0,-0.07915584743022919
3819687424.0,-0.0702110081911087
3820624896.0,-0.06206737831234932
3821562624.0,-0.05441826209425926
3822500096.0,-0.04674547538161278
3823437568.0,-0.04135247692465782
3824375040.0,-0.036321137100458145
3825312512.0,-0.03157150745391846
3826249984.0,-0.027254950255155563
3827187456.0,-0.026351148262619972
3828124928.0,-0.024993982166051865
3829062400.0,-0.024311857298016548
3830000128.0,-0.02503781206905842
3830937600.0,-0.026856679469347
3831875072.0,-0.03001387231051922
3832812544.0,-0.03400623798370361
3833750016.0,-0.0389203242957592
3834687488.0,-0.04420555755496025
3835624960.0,-0.04953709989786148
3836562432.0,-0.055027373135089874
3837499904.0,-0.06026576831936836
3838437376.0,-0.06484115868806839
3839375104.0,-0.06949209421873093
3840312576.0,-0.0746799185872078
3841250048.0,-0.07771963626146317
3842187520.0,-0.08147245645523071
3843124992.0,-0.0845605880022049
3844062464.0,-0.08667228370904922
3844999936.0,-0.08910773694515228
3845937408.0,-0.09071401506662369
3846874880.0,-0.08266157656908035
3847812608.0,-0.07818464189767838
3848750080.0,-0.0759645402431488
3849687552.0,-0.07168957591056824
3850625024.0,-0.06788115948438644
3851562496.0,-0.06553724408149719
3852499968.0,-0.06220467761158943
3853437440.0,-0.06031235679984093
3854374912.0,-0.05853993073105812
3855312384.0,-0.058395497500896454
3856250112.0,-0.05745595693588257
3857187584.0,-0.056903526186943054
3858125056.0,-0.05751451104879379
3859062528.0,-0.057827178388834
3860000000.0,-0.05831090360879898
3860937472.0,-0.0592261403799057
3861874944.0,-0.05984602868556976
3862812416.0,-0.06120580807328224
3863749888.0,-0.06307941675186157
3864687616.0,-0.06450582295656204
3865625088.0,-0.06702042371034622
3866562560.0,-0.06794129312038422
3867500032.0,-0.0696803405880928
3868437504.0,-0.07128124684095383
3869374976.0,-0.0711817666888237
3870312448.0,-0.07348663359880447
3871249920.0,-0.07467986643314362
3872187392.0,-0.07649608701467514
3873125120.0,-0.07835058122873306
3874062592.0,-0.07901906967163086
3875000064.0,-0.07909552752971649
3875937536.0,-0.08206568658351898
3876875008.0,-0.08451215922832489
3877812480.0,-0.08683428168296814
3878749952.0,-0.08757733553647995
3879687424.0,-0.08860781043767929
3880624896.0,-0.08914902061223984
3881562624.0,-0.09012708067893982
3882500096.0,-0.09021389484405518
3883437568.0,-0.08942273259162903
3884375040.0,-0.08922568708658218
3885312512.0,-0.08960191905498505
3886249984.0,-0.08927103132009506
3887187456.0,-0.08866915851831436
3888124928.0,-0.08944862335920334
3889062400.0,-0.08876616507768631
3889999872.0,-0.08958485722541809
3890937600.0,-0.09032382071018219
3891875072.0,-0.09141094982624054
3892812544.0,-0.09238260984420776
3893750016.0,-0.09454755485057831
3894687488.0,-0.09620068222284317
3895624960.0,-0.09940607100725174
3896562432.0,-0.10227012634277344
3897499904.0,-0.1058911606669426
3898437376.0,-0.10988759249448776
3899375104.0,-0.11398684978485107
3900312576.0,-0.11771367490291595
3901250048.0,-0.1235768273472786
3902187520.0,-0.1285633146762848
3903124992.0,-0.13375462591648102
3904062464.0,-0.13788628578186035
3904999936.0,-0.14373986423015594
3905937408.0,-0.14818179607391357
3906874880.0,-0.16786456108093262
3907812608.0,-0.17487922310829163
3908750080.0,-0.18070490658283234
3909687552.0,-0.18355746567249298
3910625024.0,-0.1857524961233139
3911562496.0,-0.18502682447433472
3912499968.0,-0.18251317739486694
3913437440.0,-0.17864197492599487
3914374912.0,-0.17218813300132751
3915312384.0,-0.16402527689933777
3916250112.0,-0.1540812849998474
3917187584.0,-0.1432863175868988
3918125056.0,-0.12897612154483795
3919062528.0,-0.11601193994283676
3920000000.0,-0.1004491001367569
3920937472.0,-0.08524898439645767
3921874944.0,-0.0679941326379776
3922812416.0,-0.05180254206061363
3923749888.0,-0.03639122098684311
3924687616.0,-0.021285850554704666
3925625088.0,-0.00661899708211422
3926562560.0,0.007383651100099087
3927500032.0,0.019688870757818222
3928437504.0,0.030059335753321648
3929374976.0,0.038638610392808914
3930312448.0,0.04511478543281555
3931249920.0,0.0502677783370018
3932187392.0,0.053434859961271286
3933125120.0,0.05397212877869606
3934062592.0,0.053090885281562805
3935000064.0,0.04994876682758331
3935937536.0,0.04612654820084572
3936875008.0,0.039817243814468384
3937812480.0,0.034261640161275864
3938749952.0,0.02601565420627594
3939687424.0,0.018762705847620964
3940624896.0,0.008676375262439251
3941562624.0,0.00012571610568556935
3942500096.0,-0.007893565110862255
3943437568.0,-0.01671304740011692
3944375040.0,-0.02484981156885624
3945312512.0,-0.031834229826927185
3946249984.0,-0.03898169845342636
3947187456.0,-0.04551422595977783
3948124928.0,-0.05072524771094322
3949062400.0,-0.054629135876894
3950000128.0,-0.05774284899234772
3950937600.0,-0.06054762750864029
3951875072.0,-0.06166601553559303
3952812544.0,-0.06276725232601166
3953750016.0,-0.0644162967801094
3954687488.0,-0.06556432694196701
3955624960.0,-0.0661204606294632
3956562432.0,-0.06715434789657593
3957499904.0,-0.06792238354682922
3958437376.0,-0.06859534978866577
3959375104.0,-0.06757719069719315
3960312576.0,-0.06905099749565125
3961250048.0,-0.06969894468784332
3962187520.0,-0.0715751051902771
3963124992.0,-0.07318299263715744
3964062464.0,-0.07776615768671036
3964999936.0,-0.08121904730796814
3965937408.0,-0.08628007769584656
3966874880.0,-0.10101108253002167
3967812608.0,-0.11410031467676163
3968750080.0,-0.12774555385112762
3969687552.0,-0.14172980189323425
3970625024.0,-0.15366774797439575
3971562496.0,-0.16661840677261353
3972499968.0,-0.177944153547287
3973437440.0,-0.18961308896541595
3974374912.0,-0.2002011388540268
3975312384.0,-0.20775501430034637
3976250112.0,-0.21513719856739044
3977187584.0,-0.21903234720230103
3978125056.0,-0.2223767638206482
3979062528.0,-0.22410698235034943
3980000000.0,-0.22393898665905
3980937472.0,-0.22245074808597565
3981874944.0,-0.22046039998531342
3982812416.0,-0.21539944410324097
3983749888.0,-0.20927779376506805
3984687616.0,-0.20317229628562927
3985625088.0,-0.195163756608963
3986562560.0,-0.18747666478157043
3987500032.0,-0.17727522552013397
3988437504.0,-0.16814635694026947
3989374976.0,-0.1586456596851349
3990312448.0,-0.14810042083263397
3991249920.0,-0.13705666363239288
3992187392.0,-0.12680792808532715
3993125120.0,-0.1161767765879631
3994062592.0,-0.10690227150917053
3995000064.0,-0.09759882092475891
3995937536.0,-0.08892825990915298
3996875008.0,-0.08277576416730881
3997812480.0,-0.07668163627386093
3998749952.0,-0.07331586629152298
3999687424.0,-0.06771416962146759
4000624896.0,-0.07620290666818619
4001562624.0,-0.07575739175081253
4002500096.0,-0.0761306881904602
4003437568.0,-0.07716016471385956
4004375040.0,-0.07954853773117065
4005312512.0,-0.08382459729909897
4006249984.0,-0.08749191462993622
4007187456.0,-0.09302439540624619
4008124928.0,-0.09929436445236206
4009062400.0,-0.10573708266019821
4009999872.0,-0.11264605075120926
4010937600.0,-0.1195339635014534
4011875072.0,-0.12680134177207947
4012812544.0,-0.13368606567382812
4013750016.0,-0.14133447408676147
4014687488.0,-0.14747965335845947
4015624960.0,-0.15503661334514618
4016562432.0,-0.1620171219110489
4017499904.0,-0.16790705919265747
4018437376.0,-0.17472299933433533
4019375104.0,-0.17931446433067322
4020312576.0,-0.18375229835510254
4021250048.0,-0.18701870739459991
4022187520.0,-0.1895933598279953
4023124992.0,-0.1932184100151062
4024062464.0,-0.19536980986595154
4024999936.0,-0.19775985181331635
4025937408.0,-0.19865848124027252
4026874880.0,-0.1905907541513443
4027812608.0,-0.19484053552150726
4028750080.0,-0.19996142387390137
4029687552.0,-0.20520393550395966
4030625024.0,-0.20892104506492615
4031562496.0,-0.212871715426445
4032499968.0,-0.215570330619812
4033437440.0,-0.21788451075553894
4034374912.0,-0.21857713162899017
4035312384.0,-0.2176404744386673
4036250112.0,-0.21770426630973816
4037187584.0,-0.21509110927581787
4038125056.0,-0.21168571710586548
4039062528.0,-0.20725946128368378
4040000000.0,-0.2012796700000763
4040937472.0,-0.19573090970516205
4041874944.0,-0.1892433613538742
4042812416.0,-0.18251225352287292
4043749888.0,-0.17337366938591003
4044687616.0,-0.16508816182613373
4045625088.0,-0.1550092250108719
4046562560.0,-0.14397205412387848
4047500032.0,-0.1313897967338562
4048437504.0,-0.1181388646364212
4049374976.0,-0.10558351129293442
4050312448.0,-0.09250038117170334
4051249920.0,-0.07872939854860306
4052187392.0,-0.0651605948805809
4053125120.0,-0.052872102707624435
4054062592.0,-0.04147380217909813
4055000064.0,-0.030495543032884598
4055937536.0,-0.02070014178752899
4056875008.0,-0.011554387398064137
4057812480.0,-0.0047494289465248585
4058749952.0,0.0012127235531806946
4059687424.0,0.0049656652845442295
4060624896.0,0.008447429165244102
4061562624.0,0.009401253424584866
4062500096.0,0.008645927533507347
4063437568.0,0.006526066455990076
4064375040.0,0.0024267747066915035
4065312512.0,-0.0021372749470174313
4066249984.0,-0.00917048566043377
4067187456.0,-0.016597528010606766
4068124928.0,-0.02709808014333248
4069062400.0,-0.03678992763161659
4070000128.0,-0.047862276434898376
4070937600.0,-0.05884060263633728
4071875072.0,-0.0715341717004776
4072812544.0,-0.08486831188201904
4073750016.0,-0.09782768040895462
4074687488.0,-0.11123143881559372
4075624960.0,-0.12441170960664749
4076562432.0,-0.13619889318943024
4077499904.0,-0.1488141268491745
4078437376.0,-0.15950559079647064
4079375104.0,-0.1710849404335022
4080312576.0,-0.17938099801540375
4081250048.0,-0.18771447241306305
4082187520.0,-0.19556239247322083
4083124992.0,-0.20131070911884308
4084062464.0,-0.20565065741539001
4084999936.0,-0.207652747631073
4085937408.0,-0.20909430086612701
4086874880.0,-0.19035127758979797
4087812608.0,-0.18933555483818054
4088750080.0,-0.18733257055282593
4089687552.0,-0.18390624225139618
4090625024.0,-0.17986878752708435
4091562496.0,-0.17600080370903015
4092499968.0,-0.17087824642658234
4093437440.0,-0.1644039750099182
4094374912.0,-0.158311128616333
4095312384.0,-0.1525772362947464
4096250112.0,-0.1459418684244156
4097187584.0,-0.13865196704864502
4098125056.0,-0.13219185173511505
4099062528.0,-0.1259862333536148
4100000000.0,-0.11868482828140259
4100937472.0,-0.1120750680565834
4101874944.0,-0.10526788234710693
4102812416.0,-0.09881803393363953
4103749888.0,-0.09349862486124039
4104687616.0,-0.08729564398527145
4105625088.0,-0.08203267306089401
4106562560.0,-0.07747544348239899
4107500032.0,-0.07235319912433624
4108437504.0,-0.06837139278650284
4109374976.0,-0.06361562013626099
4110312448.0,-0.0602843314409256
4111249920.0,-0.056797802448272705
4112187392.0,-0.05464891716837883
4113125120.0,-0.051835812628269196
4114062592.0,-0.04973917827010155
4115000064.0,-0.04712783917784691
4115937536.0,-0.04574049636721611
4116875008.0,-0.045350655913352966
4117812480.0,-0.04478422924876213
4118749952.0,-0.04508714750409126
4119687424.0,-0.04561096802353859
4120624896.0,-0.04624275863170624
4121562624.0,-0.047331247478723526
4122500096.0,-0.04712102189660072
4123437568.0,-0.04965279996395111
4124375040.0,-0.05065283551812172
4125312512.0,-0.05248630419373512
4126249984.0,-0.055211130529642105
4127187456.0,-0.05706407129764557
4128124928.0,-0.06115278601646423
4129062400.0,-0.06492111086845398
4129999872.0,-0.06904678791761398
4130937600.0,-0.07397551089525223
4131875072.0,-0.07853619754314423
4132812544.0,-0.0849832221865654
4133750016.0,-0.09113897383213043
4134687488.0,-0.09901846945285797
4135624960.0,-0.1064402163028717
4136562432.0,-0.11484096944332123
4137499904.0,-0.12281844764947891
4138437376.0,-0.13226227462291718
4139375104.0,-0.14152321219444275
4140312576.0,-0.15049313008785248
4141250048.0,-0.16038411855697632
4142187520.0,-0.16955557465553284
4143124992.0,-0.18086916208267212
4144062464.0,-0.1903563290834427
4144999936.0,-0.19956374168395996
4145937408.0,-0.2087213099002838
4146874880.0,-0.22791191935539246
4147812608.0,-0.23430192470550537
4148750080.0,-0.2401302456855774
4149687552.0,-0.243043914437294
4150625024.0,-0.24431344866752625
4151562496.0,-0.24389860033988953
4152499968.0,-0.24071969091892242
4153437440.0,-0.23606181144714355
4154374912.0,-0.22932381927967072
4155312384.0,-0.2209164798259735
4156250112.0,-0.2123422473669052
4157187584.0,-0.20137949287891388
4158125056.0,-0.1908281296491623
4159062528.0,-0.17959906160831451
4160000000.0,-0.16862407326698303
4160937472.0,-0.1556568741798401
4161874944.0,-0.1440231055021286
4162812416.0,-0.13185104727745056
4163749888.0,-0.11829255521297455
4164687616.0,-0.10656126588582993
4165625088.0,-0.09486263245344162
4166562560.0,-0.08310142904520035
4167500032.0,-0.07247849553823471
4168437504.0,-0.062351156026124954
4169374976.0,-0.05283062905073166
4170312448.0,-0.04358198866248131
4171249920.0,-0.036067694425582886
4172187392.0,-0.028860025107860565
4173125120.0,-0.022611672058701515
4174062592.0,-0.01727622002363205
4175000064.0,-0.01213180460035801
4175937536.0,-0.007669469807296991
4176875008.0,-0.003891782369464636
4177812480.0,-6.035243131918833e-07
4178749952.0,0.0020129757467657328
4179687424.0,0.004105739761143923
4180624896.0,0.00512334331870079
4181562624.0,0.0072874347679317
4182500096.0,0.007655460853129625
4183437568.0,0.00741967698559165
4184375040.0,0.007653614040464163
4185312512.0,0.006317149847745895
4186249984.0,0.004240615759044886
4187187456.0,0.0004267781332600862
4188124928.0,-0.002734036184847355
4189062400.0,-0.007041549310088158
4190000128.0,-0.011550088413059711
4190937600.0,-0.016980338841676712
4191875072.0,-0.02412109076976776
4192812544.0,-0.03234146162867546
4193750016.0,-0.03931233659386635
4194687488.0,-0.047161880880594254
4195624960.0,-0.05563528090715408
4196562432.0,-0.0658428743481636
4197499904.0,-0.07542986422777176
4198437376.0,-0.08660603314638138
4199375104.0,-0.09765554964542389
4200312576.0,-0.1089189201593399
4201250048.0,-0.12198340892791748
4202187520.0,-0.1348336637020111
4203124992.0,-0.14731433987617493
4204062464.0,-0.15931187570095062
4204999936.0,-0.17229142785072327
4205937408.0,-0.18539200723171234
4206874880.0,-0.18910209834575653
4207812608.0,-0.20062591135501862
4208750080.0,-0.21339759230613708
4209687552.0,-0.22464972734451294
4210625024.0,-0.23625332117080688
4211562496.0,-0.24607904255390167
4212499968.0,-0.25483837723731995
4213437440.0,-0.2616197466850281
4214374912.0,-0.26738622784614563
4215312384.0,-0.2691830098628998
4216250112.0,-0.2701711356639862
4217187584.0,-0.2692174017429352
4218125056.0,-0.2646743655204773
4219062528.0,-0.25870877504348755
4220000000.0,-0.2504550516605377
4220937472.0,-0.2390669584274292
4221874944.0,-0.22591155767440796
4222812416.0,-0.21128886938095093
4223749888.0,-0.19494114816188812
4224687616.0,-0.17700661718845367
4225625088.0,-0.15799978375434875
4226562560.0,-0.13684813678264618
4227500032.0,-0.11552051454782486
4228437504.0,-0.094013512134552
4229374976.0,-0.0718713030219078
4230312448.0,-0.049102332442998886
4231249920.0,-0.026993384584784508
4232187392.0,-0.006513338536024094
4233125120.0,0.014510001055896282
4234062592.0,0.032416075468063354
4235000064.0,0.049839287996292114
4235937536.0,0.06415468454360962
4236875008.0,0.07748604565858841
4237812480.0,0.08789089322090149
4238749952.0,0.09680178016424179
4239687424.0,0.10192202031612396
4240624896.0,0.10563764721155167
4241562624.0,0.1060507521033287
4242500096.0,0.10418606549501419
4243437568.0,0.10069484263658524
4244375040.0,0.09387785941362381
4245312512.0,0.08430015295743942
4246249984.0,0.07363086193799973
4247187456.0,0.061352018266916275
4248124928.0,0.046028416603803635
4249062400.0,0.0316508486866951
4249999872.0,0.014384177513420582
4250937600.0,-0.0026340801268815994
4251875072.0,-0.020379118621349335
4252812544.0,-0.038416944444179535
4253750016.0,-0.057185884565114975
4254687488.0,-0.07612407952547073
4255624960.0,-0.09420879185199738
4256562432.0,-0.11203010380268097
4257499904.0,-0.13025754690170288
4258437376.0,-0.14636442065238953
4259375104.0,-0.16192665696144104
4260312576.0,-0.17753589153289795
4261250048.0,-0.1924036145210266
4262187520.0,-0.20596541464328766
4263124992.0,-0.21946148574352264
4264062464.0,-0.2330188751220703
4264999936.0,-0.24515381455421448
4265937408.0,-0.2567831575870514
4266874880.0,-0.2615174949169159
4267812608.0,-0.26438936591148376
4268750080.0,-0.2684136927127838
4269687552.0,-0.27346545457839966
4270625024.0,-0.277492880821228
4271562496.0,-0.28149235248565674
4272499968.0,-0.2845233082771301
4273437440.0,-0.28783538937568665
4274374912.0,-0.2887524962425232
4275312384.0,-0.2892149090766907
4276250112.0,-0.2874009907245636
4277187584.0,-0.2842876613140106
4278125056.0,-0.28059592843055725
4279062528.0,-0.275664746761322
4280000000.0,-0.267503023147583
4280937472.0,-0.25756973028182983
4281874944.0,-0.2453445941209793
4282812416.0,-0.2329561710357666
4283749888.0,-0.21824942529201508
4284687616.0,-0.2025984227657318
4285625088.0,-0.18432927131652832
4286562560.0,-0.16530866920948029
4287500032.0,-0.14494845271110535
4288437504.0,-0.12360788881778717
4289374976.0,-0.10259850323200226
4290312448.0,-0.07933061569929123
4291249920.0,-0.05654790997505188
4292187392.0,-0.03302643820643425
4293125120.0,-0.009772663936018944
4294062592.0,0.011780806817114353
4295000064.0,0.033004291355609894
4295937536.0,0.052966874092817307
4296875008.0,0.07089072465896606
4297812480.0,0.08772353827953339
4298749952.0,0.10289449244737625
4299687424.0,0.11646416038274765
4300624896.0,0.12661582231521606
4301562368.0,0.13585633039474487
4302499840.0,0.14083725214004517
4303437312.0,0.14555341005325317
4304374784.0,0.1455286145210266
4305312256.0,0.1429828554391861
4306250240.0,0.13917437195777893
4307187712.0,0.1312912106513977
4308125184.0,0.12014834582805634
4309062656.0,0.1069009006023407
4310000128.0,0.09051516652107239
4310937600.0,0.07071338593959808
4311875072.0,0.05002394691109657
4312812544.0,0.02613862417638302
4313750016.0,0.000127848528791219
4314687488.0,-0.027579106390476227
4315624960.0,-0.05670934543013573
4316562432.0,-0.08647328615188599
4317499904.0,-0.11709655821323395
4318437376.0,-0.14740124344825745
4319374848.0,-0.17840002477169037
4320312320.0,-0.2075834572315216
4321249792.0,-0.23648332059383392
4322187264.0,-0.26366686820983887
4323125248.0,-0.28910189867019653
4324062720.0,-0.31330204010009766
4325000192.0,-0.33523184061050415
4325937664.0,-0.3550131022930145
4326875136.0,-0.37319639325141907
4327812608.0,-0.3674744963645935
4328750080.0,-0.35908016562461853
4329687552.0,-0.3501253128051758
4330625024.0,-0.34004029631614685
4331562496.0,-0.331543505191803
4332499968.0,-0.3205956220626831
4333437440.0,-0.3104618191719055
4334374912.0,-0.3010404407978058
4335312384.0,-0.2918926477432251
4336249856.0,-0.2816287577152252
4337187328.0,-0.27404823899269104
4338124800.0,-0.2658403515815735
4339062272.0,-0.25935864448547363
4339999744.0,-0.2530174255371094
4340937728.0,-0.24746811389923096
4341875200.0,-0.24045903980731964
4342812672.0,-0.23444265127182007
4343750144.0,-0.22858722507953644
4344687616.0,-0.22252041101455688
4345625088.0,-0.21521656215190887
4346562560.0,-0.20802216231822968
4347500032.0,-0.20088279247283936
4348437504.0,-0.19287218153476715
4349374976.0,-0.18325819075107574
4350312448.0,-0.17294448614120483
4351249920.0,-0.16254879534244537
4352187392.0,-0.14892098307609558
4353124864.0,-0.13502706587314606
4354062336.0,-0.11887553334236145
4354999808.0,-0.1027577668428421
4355937280.0,-0.08757483959197998
4356874752.0,-0.0711897760629654
4357812736.0,-0.05617714673280716
4358750208.0,-0.043229833245277405
4359687680.0,-0.03226106986403465
4360625152.0,-0.02503259852528572
4361562624.0,-0.02062707208096981
4362500096.0,-0.018679672852158546
4363437568.0,-0.017622502520680428
4364375040.0,-0.017253456637263298
4365312512.0,-0.017724797129631042
4366249984.0,-0.018930554389953613
4367187456.0,-0.020342620089650154
4368124928.0,-0.022889811545610428
4369062400.0,-0.025506816804409027
4369999872.0,-0.028995588421821594
4370937344.0,-0.033290229737758636
4371874816.0,-0.038614723831415176
4372812288.0,-0.044178638607263565
4373749760.0,-0.05188436433672905
4374687744.0,-0.059936195611953735
4375625216.0,-0.07072342187166214
4376562688.0,-0.08193927258253098
4377500160.0,-0.0957556739449501
4378437632.0,-0.1102650985121727
4379375104.0,-0.12688255310058594
4380312576.0,-0.1457778364419937
4381250048.0,-0.16584326326847076
4382187520.0,-0.18779121339321136
4383124992.0,-0.21056793630123138
4384062464.0,-0.2323024719953537
4384999936.0,-0.255687415599823
4385937408.0,-0.28005149960517883
4386874880.0,-0.36462438106536865
4387812352.0,-0.3790929615497589
4388749824.0,-0.39268553256988525
4389687296.0,-0.4019819498062134
4390624768.0,-0.4093964099884033
4391562752.0,-0.4142073094844818
4392500224.0,-0.4147998094558716
4393437696.0,-0.4131009578704834
4394375168.0,-0.4075925350189209
4395312640.0,-0.39924490451812744
4396250112.0,-0.3871033489704132
4397187584.0,-0.3722050189971924
4398125056.0,-0.35323208570480347
4399062528.0,-0.33291810750961304
4400000000.0,-0.3093324303627014
4400937472.0,-0.2827599048614502
4401874944.0,-0.2549777925014496
4402812416.0,-0.22530262172222137
4403749888.0,-0.19438059628009796
4404687360.0,-0.163180872797966
4405624832.0,-0.13028457760810852
4406562304.0,-0.09843167662620544
4407499776.0,-0.0667843222618103
4408437248.0,-0.03518151864409447
4409375232.0,-0.0052842930890619755
4410312704.0,0.022917624562978745
4411250176.0,0.04848368838429451
4412187648.0,0.07361114025115967
4413125120.0,0.09465883672237396
4414062592.0,0.11441981792449951
4415000064.0,0.1303027868270874
4415937536.0,0.1422310173511505
4416875008.0,0.15197253227233887
4417812480.0,0.15797720849514008
4418749952.0,0.16004614531993866
4419687424.0,0.1588881015777588
4420624896.0,0.15481074154376984
4421562368.0,0.14758992195129395
4422499840.0,0.137067049741745
4423437312.0,0.12364847213029861
4424374784.0,0.10734592378139496
4425312256.0,0.08850791305303574
4426250240.0,0.06749072670936584
4427187712.0,0.04456113651394844
4428125184.0,0.02150627225637436
4429062656.0,-0.004039356019347906
4430000128.0,-0.030676018446683884
4430937600.0,-0.05729890614748001
4431875072.0,-0.08360397815704346
4432812544.0,-0.11001776903867722
4433750016.0,-0.13444148004055023
4434687488.0,-0.15851695835590363
4435624960.0,-0.18101496994495392
4436562432.0,-0.20266315340995789
4437499904.0,-0.22115561366081238
4438437376.0,-0.2385798990726471
4439374848.0,-0.2527748644351959
4440312320.0,-0.2640351355075836
4441249792.0,-0.27339401841163635
4442187264.0,-0.2806503474712372
4443125248.0,-0.2858523726463318
4444062720.0,-0.288118839263916
4445000192.0,-0.2885599732398987
4445937664.0,-0.2870047986507416
4446875136.0,-0.23197728395462036
4447812608.0,-0.23471499979496002
4448750080.0,-0.2370358258485794
4449687552.0,-0.235654816031456
4450625024.0,-0.23103567957878113
4451562496.0,-0.22449834644794464
4452499968.0,-0.21541693806648254
4453437440.0,-0.2040647268295288
4454374912.0,-0.18954001367092133
4455312384.0,-0.1736535280942917
4456249856.0,-0.15595096349716187
4457187328.0,-0.13622413575649261
4458124800.0,-0.1152079850435257
4459062272.0,-0.09531595557928085
4460000256.0,-0.07399635761976242
4460937728.0,-0.052045416086912155
4461875200.0,-0.030917499214410782
4462812672.0,-0.01066621020436287
4463750144.0,0.007243111729621887
4464687616.0,0.024343812838196754
4465625088.0,0.0403691865503788
4466562560.0,0.05361532047390938
4467500032.0,0.06573537737131119
4468437504.0,0.07451196014881134
4469374976.0,0.07980158179998398
4470312448.0,0.08287099748849869
4471249920.0,0.08258600533008575
4472187392.0,0.08043468743562698
4473124864.0,0.07394938170909882
4474062336.0,0.0661090537905693
4474999808.0,0.053634338080883026
4475937280.0,0.03932444378733635
4476874752.0,0.022947588935494423
4477812736.0,0.0035462614614516497
4478750208.0,-0.01881345734000206
4479687680.0,-0.04184235259890556
4480625152.0,-0.06691353768110275
4481562624.0,-0.09275545924901962
4482500096.0,-0.11997326463460922
4483437568.0,-0.14745013415813446
4484375040.0,-0.17544399201869965
4485312512.0,-0.2044626772403717
4486249984.0,-0.23226453363895416
4487187456.0,-0.26010021567344666
4488124928.0,-0.2862340807914734
4489062400.0,-0.3102887272834778
4489999872.0,-0.333447128534317
4490937344.0,-0.35494107007980347
4491874816.0,-0.37251272797584534
4492812288.0,-0.3883335292339325
4493749760.0,-0.40278470516204834
4494687744.0,-0.41430675983428955
4495625216.0,-0.42420703172683716
4496562688.0,-0.43107616901397705
4497500160.0,-0.4362034499645233
4498437632.0,-0.439100056886673
4499375104.0,-0.4402637779712677
4500312576.0,-0.43943551182746887
4501250048.0,-0.43776369094848633
4502187520.0,-0.43370604515075684
4503124992.0,-0.4304933249950409
4504062464.0,-0.4261414706707001
4504999936.0,-0.42155951261520386
4505937408.0,-0.4158269166946411
4506874880.0,-0.2938951551914215
4507812352.0,-0.2903267741203308
4508749824.0,-0.28763440251350403
4509687296.0,-0.2853868007659912
4510624768.0,-0.2841818928718567
4511562752.0,-0.28404727578163147
4512500224.0,-0.28567442297935486
4513437696.0,-0.2871457636356354
4514375168.0,-0.2906201481819153
4515312640.0,-0.29417258501052856
4516250112.0,-0.2997646927833557
4517187584.0,-0.3058028519153595
4518125056.0,-0.3122253119945526
4519062528.0,-0.3205620050430298
4520000000.0,-0.3291947543621063
4520937472.0,-0.33930882811546326
4521874944.0,-0.34910881519317627
4522812416.0,-0.35852354764938354
4523749888.0,-0.3697284162044525
4524687360.0,-0.3800622522830963
4525624832.0,-0.38966813683509827
4526562304.0,-0.39991530776023865
4527499776.0,-0.40843817591667175
4528437248.0,-0.41768354177474976
4529375232.0,-0.42577582597732544
4530312704.0,-0.43479517102241516
4531250176.0,-0.44268885254859924
4532187648.0,-0.45101678371429443
4533125120.0,-0.4583088159561157
4534062592.0,-0.4647115468978882
4535000064.0,-0.47147485613822937
4535937536.0,-0.477573961019516
4536875008.0,-0.48084887862205505
4537812480.0,-0.48435211181640625
4538749952.0,-0.48813650012016296
4539687424.0,-0.4903581738471985
4540624896.0,-0.49196669459342957
4541562368.0,-0.4916870594024658
4542499840.0,-0.4915727376937866
4543437312.0,-0.4912392497062683
4544374784.0,-0.48883092403411865
4545312256.0,-0.4883389472961426
4546250240.0,-0.48404109477996826
4547187712.0,-0.48222872614860535
4548125184.0,-0.4786008894443512
4549062656.0,-0.4757305979728699
4550000128.0,-0.4729706048965454
4550937600.0,-0.46911805868148804
4551875072.0,-0.46590951085090637
4552812544.0,-0.4626512825489044
4553750016.0,-0.46003562211990356
4554687488.0,-0.4579431414604187
4555624960.0,-0.45639604330062866
4556562432.0,-0.4535585343837738
4557499904.0,-0.4528801739215851
4558437376.0,-0.45056140422821045
4559374848.0,-0.44907793402671814
4560312320.0,-0.4476343095302582
4561249792.0,-0.4469546973705292
4562187264.0,-0.4457729756832123
4563125248.0,-0.4442967474460602
4564062720.0,-0.44196227192878723
4565000192.0,-0.43946966528892517
4565937664.0,-0.43618831038475037
4566875136.0,-0.3932742178440094
4567812608.0,-0.3983221650123596
4568750080.0,-0.4009157419204712
4569687552.0,-0.4019773006439209
4570625024.0,-0.4010947644710541
4571562496.0,-0.3987460136413574
4572499968.0,-0.3944655954837799
4573437440.0,-0.38732901215553284
4574374912.0,-0.3796769082546234
4575312384.0,-0.3676508665084839
4576249856.0,-0.35493189096450806
4577187328.0,-0.34029659628868103
4578124800.0,-0.32428282499313354
4579062272.0,-0.3066757917404175
4579999744.0,-0.2868326008319855
4580937728.0,-0.2660891115665436
4581875200.0,-0.24398121237754822
4582812672.0,-0.22092491388320923
4583750144.0,-0.19678650796413422
4584687616.0,-0.17365780472755432
4585625088.0,-0.15017347037792206
4586562560.0,-0.12667116522789001
4587500032.0,-0.10502488166093826
4588437504.0,-0.08438123762607574
4589374976.0,-0.06479627639055252
4590312448.0,-0.04634183645248413
4591249920.0,-0.029260046780109406
4592187392.0,-0.014064008370041847
4593124864.0,-0.0014228001236915588
4594062336.0,0.008935824036598206
4594999808.0,0.016667108982801437
4595937280.0,0.021911021322011948
4596874752.0,0.024170247837901115
4597812736.0,0.022966748103499413
4598750208.0,0.018670257180929184
4599687680.0,0.01196025125682354
4600625152.0,0.0020169257186353207
4601562624.0,-0.009321987628936768
4602500096.0,-0.022824464365839958
4603437568.0,-0.0395820215344429
4604375040.0,-0.05812302604317665
4605312512.0,-0.0774284079670906
4606249984.0,-0.09876178205013275
4607187456.0,-0.12121110409498215
4608124928.0,-0.14433404803276062
4609062400.0,-0.16764473915100098
4609999872.0,-0.191157266497612
4610937344.0,-0.21405400335788727
4611874816.0,-0.23744045197963715
4612812288.0,-0.26001259684562683
4613749760.0,-0.2825024127960205
4614687744.0,-0.30459967255592346
4615625216.0,-0.3241208791732788
4616562688.0,-0.34290704131126404
4617500160.0,-0.35995665192604065
4618437632.0,-0.37618833780288696
4619375104.0,-0.39169245958328247
4620312576.0,-0.40501177310943604
4621250048.0,-0.41894596815109253
4622187520.0,-0.43065452575683594
4623124992.0,-0.44100794196128845
4624062464.0,-0.45051681995391846
4624999936.0,-0.4596010744571686
4625937408.0,-0.4684503674507141
4626874880.0,-0.4744756817817688
4627812352.0,-0.46921348571777344
4628749824.0,-0.46143391728401184
4629687296.0,-0.4536484181880951
4630624768.0,-0.44488608837127686
4631562752.0,-0.4359078109264374
4632500224.0,-0.4267067313194275
4633437696.0,-0.41693544387817383
4634375168.0,-0.40765607357025146
4635312640.0,-0.3973136842250824
4636250112.0,-0.38782158493995667
4637187584.0,-0.37864652276039124
4638125056.0,-0.36918172240257263
4639062528.0,-0.36158639192581177
4640000000.0,-0.3532242178916931
4640937472.0,-0.3460833728313446
4641874944.0,-0.3395753502845764
4642812416.0,-0.3340226709842682
4643749888.0,-0.32896512746810913
4644687360.0,-0.3256804943084717
4645624832.0,-0.3240346312522888
4646562304.0,-0.3235986828804016
4647499776.0,-0.3234730064868927
4648437248.0,-0.32589852809906006
4649375232.0,-0.3278297185897827
4650312704.0,-0.3308514654636383
4651250176.0,-0.33539050817489624
4652187648.0,-0.3400457501411438
4653125120.0,-0.3462374806404114
4654062592.0,-0.3534232974052429
4655000064.0,-0.3614038825035095
4655937536.0,-0.3694947063922882
4656875008.0,-0.37997472286224365
4657812480.0,-0.39084291458129883
4658749952.0,-0.40022793412208557
4659687424.0,-0.4126094579696655
4660624896.0,-0.4233611822128296
4661562368.0,-0.43543142080307007
4662499840.0,-0.4486783742904663
4663437312.0,-0.46128007769584656
4664374784.0,-0.4751680791378021
4665312256.0,-0.48937392234802246
4666250240.0,-0.5034114122390747
4667187712.0,-0.518535315990448
4668125184.0,-0.53301602602005
4669062656.0,-0.5480779409408569
4670000128.0,-0.5625047087669373
4670937600.0,-0.5763418674468994
4671875072.0,-0.5909330248832703
4672812544.0,-0.6042724251747131
4673750016.0,-0.6181004643440247
4674687488.0,-0.6312072277069092
4675624960.0,-0.6432315111160278
4676562432.0,-0.6550226807594299
4677499904.0,-0.6656804084777832
4678437376.0,-0.6753829717636108
4679374848.0,-0.6847996711730957
4680312320.0,-0.6928297877311707
4681249792.0,-0.699501633644104
4682187264.0,-0.7047900557518005
4683125248.0,-0.7083513140678406
4684062720.0,-0.7106002569198608
4685000192.0,-0.7109895348548889
4685937664.0,-0.7095739245414734
4686875136.0,-0.6865281462669373
4687812608.0,-0.6851223707199097
4688750080.0,-0.6809508800506592
4689687552.0,-0.6749476790428162
4690625024.0,-0.66563880443573
4691562496.0,-0.6535783410072327
4692499968.0,-0.6391114592552185
4693437440.0,-0.6239491105079651
4694374912.0,-0.6057640314102173
4695312384.0,-0.5861049890518188
4696249856.0,-0.5647261738777161
4697187328.0,-0.5423825979232788
4698124800.0,-0.5197553634643555
4699062272.0,-0.49674156308174133
4700000256.0,-0.473897784948349
4700937728.0,-0.4526638388633728
4701875200.0,-0.43295031785964966
4702812672.0,-0.4140707552433014
4703750144.0,-0.3988759517669678
4704687616.0,-0.38542962074279785
4705625088.0,-0.37538233399391174
4706562560.0,-0.3690904676914215
4707500032.0,-0.36577102541923523
4708437504.0,-0.36775317788124084
4709374976.0,-0.37366917729377747
4710312448.0,-0.38496842980384827
4711249920.0,-0.4004363715648651
4712187392.0,-0.42102673649787903
4713124864.0,-0.4465526342391968
4714062336.0,-0.47582438588142395
4714999808.0,-0.5101909041404724
4715937280.0,-0.5486158728599548
4716874752.0,-0.5897274017333984
4717812736.0,-0.6325180530548096
4718750208.0,-0.6779322028160095
4719687680.0,-0.7254863977432251
4720625152.0,-0.7734279036521912
4721562624.0,-0.8221540451049805
4722500096.0,-0.8696606755256653
4723437568.0,-0.9164537191390991
4724375040.0,-0.9609854221343994
4725312512.0,-1.0009127855300903
4726249984.0,-1.038642406463623
4727187456.0,-1.0722415447235107
4728124928.0,-1.1004356145858765
4729062400.0,-1.1241447925567627
4729999872.0,-1.1429942846298218
4730937344.0,-1.1575329303741455
4731874816.0,-1.1686702966690063
4732812288.0,-1.1743998527526855
4733749760.0,-1.1761432886123657
4734687744.0,-1.1749930381774902
4735625216.0,-1.1705652475357056
4736562688.0,-1.1625200510025024
4737500160.0,-1.151986002922058
4738437632.0,-1.1405223608016968
4739375104.0,-1.1259325742721558
4740312576.0,-1.1121630668640137
4741250048.0,-1.0978589057922363
4742187520.0,-1.0826560258865356
4743124992.0,-1.0669487714767456
4744062464.0,-1.0504179000854492
4744999936.0,-1.0343265533447266
4745937408.0,-1.0160843133926392
4746874880.0,-0.7906104326248169
4747812352.0,-0.7971125245094299
4748749824.0,-0.8034867644309998
4749687296.0,-0.809637188911438
4750624768.0,-0.814949095249176
4751562752.0,-0.8195419311523438
4752500224.0,-0.8244316577911377
4753437696.0,-0.8274365663528442
4754375168.0,-0.8308356404304504
4755312640.0,-0.8338529467582703
4756250112.0,-0.8361270427703857
4757187584.0,-0.8376895785331726
4758125056.0,-0.8382265567779541
4759062528.0,-0.8387177586555481
4760000000.0,-0.837706446647644
4760937472.0,-0.8369073271751404
4761874944.0,-0.8350988030433655
4762812416.0,-0.8333539962768555
4763749888.0,-0.8298871517181396
4764687360.0,-0.8270067572593689
4765624832.0,-0.8238446116447449
4766562304.0,-0.8201849460601807
4767499776.0,-0.8148388266563416
4768437248.0,-0.8098115921020508
4769375232.0,-0.8043297529220581
4770312704.0,-0.798764169216156
4771250176.0,-0.795316755771637
4772187648.0,-0.7910346388816833
4773125120.0,-0.7876690030097961
4774062592.0,-0.7845046520233154
4775000064.0,-0.7833447456359863
4775937536.0,-0.7832109928131104
4776875008.0,-0.784285843372345
4777812480.0,-0.7872366905212402
4778749952.0,-0.7920712828636169
4779687424.0,-0.7986288070678711
4780624896.0,-0.8081666827201843
4781562368.0,-0.818532407283783
4782499840.0,-0.8323895335197449
4783437312.0,-0.8454974889755249
4784374784.0,-0.8624660968780518
4785312256.0,-0.8803988695144653
4786250240.0,-0.9006746411323547
4787187712.0,-0.9215964674949646
4788125184.0,-0.9458970427513123
4789062656.0,-0.9682513475418091
4790000128.0,-0.9936147332191467
4790937600.0,-1.0195496082305908
4791875072.0,-1.044772744178772
4792812544.0,-1.0711137056350708
4793750016.0,-1.0990740060806274
4794687488.0,-1.1261991262435913
4795624960.0,-1.1522629261016846
4796562432.0,-1.1773393154144287
4797499904.0,-1.201731562614441
4798437376.0,-1.2251081466674805
4799374848.0,-1.246890664100647
4800312320.0,-1.26632559299469
4801249792.0,-1.284509301185608
4802187264.0,-1.300584316253662
4803125248.0,-1.3140631914138794
4804062720.0,-1.3257192373275757
4805000192.0,-1.335243582725525
4805937664.0,-1.3424686193466187
4806875136.0,-1.1955169439315796
4807812608.0,-1.1969691514968872
4808750080.0,-1.1980189085006714
4809687552.0,-1.1969749927520752
4810625024.0,-1.1945277452468872
4811562496.0,-1.189919352531433
4812499968.0,-1.185608983039856
4813437440.0,-1.1794804334640503
4814374912.0,-1.1729140281677246
4815312384.0,-1.165021300315857
4816249856.0,-1.1566094160079956
4817187328.0,-1.1483737230300903
4818124800.0,-1.139953851699829
4819062272.0,-1.133061408996582
4819999744.0,-1.1252413988113403
4820937728.0,-1.119942307472229
4821875200.0,-1.1152544021606445
4822812672.0,-1.1120132207870483
4823750144.0,-1.1091513633728027
4824687616.0,-1.1087201833724976
4825625088.0,-1.10830819606781
4826562560.0,-1.1107540130615234
4827500032.0,-1.1148321628570557
4828437504.0,-1.1213139295578003
4829374976.0,-1.1293115615844727
4830312448.0,-1.1389906406402588
4831249920.0,-1.1505719423294067
4832187392.0,-1.163569688796997
4833124864.0,-1.1783826351165771
4834062336.0,-1.1951298713684082
4834999808.0,-1.2129414081573486
4835937280.0,-1.2319148778915405
4836874752.0,-1.2521346807479858
4837812736.0,-1.273574709892273
4838750208.0,-1.294679880142212
4839687680.0,-1.3178011178970337
4840625152.0,-1.3407354354858398
4841562624.0,-1.362488031387329
4842500096.0,-1.3831217288970947
4843437568.0,-1.403923749923706
4844375040.0,-1.4232442378997803
4845312512.0,-1.4412554502487183
4846249984.0,-1.4593911170959473
4847187456.0,-1.47553551197052
4848124928.0,-1.491343379020691
4849062400.0,-1.5059877634048462
4849999872.0,-1.5193250179290771
4850937344.0,-1.5311683416366577
4851874816.0,-1.5411990880966187
4852812288.0,-1.5502949953079224
4853749760.0,-1.5574893951416016
4854687744.0,-1.5622057914733887
4855625216.0,-1.567501425743103
4856562688.0,-1.5715713500976562
4857500160.0,-1.573744773864746
4858437632.0,-1.5764719247817993
4859375104.0,-1.5787345170974731
4860312576.0,-1.5822360515594482
4861250048.0,-1.5864723920822144
4862187520.0,-1.5910751819610596
4863124992.0,-1.5954827070236206
4864062464.0,-1.6003717184066772
4864999936.0,-1.6048393249511719
4865937408.0,-1.6087816953659058
4866874880.0,-1.5902353525161743
4867812352.0,-1.5950579643249512
4868749824.0,-1.5978060960769653
4869687296.0,-1.603808045387268
4870624768.0,-1.6085431575775146
4871562752.0,-1.6144119501113892
4872500224.0,-1.619848608970642
4873437696.0,-1.6272120475769043
4874375168.0,-1.6351650953292847
4875312640.0,-1.6425299644470215
4876250112.0,-1.651175856590271
4877187584.0,-1.6602824926376343
4878125056.0,-1.6709177494049072
4879062528.0,-1.6804759502410889
4880000000.0,-1.6922166347503662
4880937472.0,-1.7030580043792725
4881874944.0,-1.7157785892486572
4882812416.0,-1.7273569107055664
4883749888.0,-1.7400684356689453
4884687360.0,-1.7520337104797363
4885624832.0,-1.7629607915878296
4886562304.0,-1.7739959955215454
4887499776.0,-1.782116413116455
4888437248.0,-1.7899309396743774
4889375232.0,-1.7952353954315186
4890312704.0,-1.7974613904953003
4891250176.0,-1.7985761165618896
4892187648.0,-1.7969934940338135
4893125120.0,-1.7910295724868774
4894062592.0,-1.7838751077651978
4895000064.0,-1.7738406658172607
4895937536.0,-1.7629445791244507
4896875008.0,-1.747899055480957
4897812480.0,-1.7302097082138062
4898749952.0,-1.7120022773742676
4899687424.0,-1.690712571144104
4900624896.0,-1.6685599088668823
4901562368.0,-1.6447118520736694
4902499840.0,-1.6194535493850708
4903437312.0,-1.5946569442749023
4904374784.0,-1.56742525100708
4905312256.0,-1.5409598350524902
4906250240.0,-1.5146938562393188
4907187712.0,-1.4873156547546387
4908125184.0,-1.4616700410842896
4909062656.0,-1.4376468658447266
4910000128.0,-1.414921522140503
4910937600.0,-1.3942171335220337
4911875072.0,-1.375381588935852
4912812544.0,-1.3594753742218018
4913750016.0,-1.3447952270507812
4914687488.0,-1.3333524465560913
4915624960.0,-1.3238874673843384
4916562432.0,-1.3168461322784424
4917499904.0,-1.3124651908874512
4918437376.0,-1.3101985454559326
4919374848.0,-1.310378074645996
4920312320.0,-1.3113477230072021
4921249792.0,-1.315040111541748
4922187264.0,-1.255318284034729
4923125248.0,-1.2463829517364502
4924062720.0,-1.2379261255264282
4925000192.0,-1.2313899993896484
4925937664.0,-1.3481874465942383
4926875136.0,-1.3567802906036377
4927812608.0,-1.3637173175811768
4928750080.0,-1.3707942962646484
4929687552.0,-1.3770198822021484
4930625024.0,-1.380528211593628
4931562496.0,-1.3826574087142944
4932499968.0,-1.3820507526397705
4933437440.0,-1.3790509700775146
4934374912.0,-1.3735064268112183
4935312384.0,-1.3658705949783325
4936249856.0,-1.3565386533737183
4937187328.0,-1.3444273471832275
4938124800.0,-1.3302361965179443
4939062272.0,-1.3148125410079956
4940000256.0,-1.2963206768035889
4940937728.0,-1.2757782936096191
4941875200.0,-1.2539535760879517
4942812672.0,-1.2321428060531616
4943750144.0,-1.2087677717208862
4944687616.0,-1.1864820718765259
4945625088.0,-1.1658061742782593
4946562560.0,-1.1435484886169434
4947500032.0,-1.122912883758545
4948437504.0,-1.1045254468917847
4949374976.0,-1.0856356620788574
4950312448.0,-1.0692027807235718
4951249920.0,-1.0555793046951294
4952187392.0,-1.043323278427124
4953124864.0,-1.0337333679199219
4954062336.0,-1.024958610534668
4954999808.0,-1.0187397003173828
4955937280.0,-1.013187050819397
4956874752.0,-1.009264349937439
4957812736.0,-1.0049012899398804
4958750208.0,-1.0019410848617554
4959687680.0,-0.9986450672149658
4960625152.0,-0.9955368638038635
4961562624.0,-0.9918155074119568
4962500096.0,-0.9876918196678162
4963437568.0,-0.982924222946167
4964375040.0,-0.976477861404419
4965312512.0,-0.9696861505508423
4966249984.0,-0.9616916179656982
4967187456.0,-0.9521573781967163
4968124928.0,-0.9433449506759644
4969062400.0,-0.9327644109725952
4969999872.0,-0.9238771200180054
4970937344.0,-0.9142030477523804
4971874816.0,-0.9041141867637634
4972812288.0,-0.8952768445014954
4973749760.0,-0.8871713280677795
4974687744.0,-0.8770864605903625
4975625216.0,-0.86876380443573
4976562688.0,-0.8599814772605896
4977500160.0,-0.8521972894668579
4978437632.0,-0.8445004820823669
4979375104.0,-0.837558388710022
4980312576.0,-0.828898549079895
4981250048.0,-0.8217350840568542
4982187520.0,-0.8133200407028198
4983124992.0,-0.8052225708961487
4984062464.0,-0.7965682744979858
4984999936.0,-0.7883819341659546
4985937408.0,-0.769480288028717
4986874880.0,-0.7617086172103882
4987812352.0,-0.7532026171684265
4988749824.0,-0.7473858594894409
4989687296.0,-0.7421715259552002
4990624768.0,-0.7403442859649658
4991562752.0,-0.7374137043952942
4992500224.0,-0.7366588711738586
4993437696.0,-0.7372722625732422
4994375168.0,-0.7391165494918823
4995312640.0,-0.7419993281364441
4996250112.0,-0.7470560073852539
4997187584.0,-0.7520426511764526
4998125056.0,-0.7588396072387695
4999062528.0,-0.7656656503677368
5000000000.0,-0.774619996547699
5000937472.0,-0.7827727794647217
5001874944.0,-0.7910448908805847
5002812416.0,-0.8003082871437073
5003749888.0,-0.8078708648681641
5004687360.0,-0.816658616065979
5005624832.0,-0.8243392705917358
5006562304.0,-0.8302152752876282
5007499776.0,-0.8345702886581421
5008437248.0,-0.8371977210044861
5009375232.0,-0.8371414542198181
5010312704.0,-0.8350551128387451
5011250176.0,-0.8313989043235779
5012187648.0,-0.8231871724128723
5013125120.0,-0.8134952783584595
5014062592.0,-0.8012574911117554
5015000064.0,-0.7882176637649536
5015937536.0,-0.770767867565155
5016875008.0,-0.7509526014328003
5017812480.0,-0.7285849452018738
5018749952.0,-0.7045918107032776
5019687424.0,-0.6781861186027527
5020624896.0,-0.6508617401123047
5021562368.0,-0.620913028717041
5022499840.0,-0.5890272855758667
5023437312.0,-0.5583252906799316
5024374784.0,-0.5268092155456543
5025312256.0,-0.49536311626434326
5026250240.0,-0.4642569422721863
5027187712.0,-0.434328556060791
5028125184.0,-0.40579652786254883
5029062656.0,-0.37841492891311646
5030000128.0,-0.3520560562610626
5030937600.0,-0.3284638226032257
5031875072.0,-0.30709922313690186
5032812544.0,-0.2881457209587097
5033750016.0,-0.27184751629829407
5034687488.0,-0.258002370595932
5035624960.0,-0.24840524792671204
5036562432.0,-0.24083593487739563
5037499904.0,-0.2361990064382553
5038437376.0,-0.23493430018424988
5039374848.0,-0.23664283752441406
5040312320.0,-0.24199414253234863
5041249792.0,-0.2500288486480713
5042187264.0,-0.26005813479423523
5043125248.0,-0.2746456563472748
5044062720.0,-0.2903304696083069
5045000192.0,-0.3079049289226532
5045937664.0,-0.5698345899581909
5046875136.0,-0.5778723955154419
5047812608.0,-0.5857979655265808
5048750080.0,-0.5947639346122742
5049687552.0,-0.6028218865394592
5050625024.0,-0.6119380593299866
5051562496.0,-0.6196213364601135
5052499968.0,-0.6283528208732605
5053437440.0,-0.6368705034255981
5054374912.0,-0.6437103152275085
5055312384.0,-0.6516011953353882
5056249856.0,-0.656510055065155
5057187328.0,-0.661701500415802
5058124800.0,-0.6658347249031067
5059062272.0,-0.6686468720436096
5059999744.0,-0.6702912449836731
5060937728.0,-0.6699283719062805
5061875200.0,-0.668992280960083
5062812672.0,-0.6669785380363464
5063750144.0,-0.6624926328659058
5064687616.0,-0.6558744311332703
5065625088.0,-0.6466060280799866
5066562560.0,-0.6372383832931519
5067500032.0,-0.6255587935447693
5068437504.0,-0.6114782094955444
5069374976.0,-0.5975167751312256
5070312448.0,-0.579917311668396
5071249920.0,-0.5625084638595581
5072187392.0,-0.5419136881828308
5073124864.0,-0.5229202508926392
5074062336.0,-0.5008956789970398
5074999808.0,-0.4785824120044708
5075937280.0,-0.4539167881011963
5076874752.0,-0.4315604269504547
5077812736.0,-0.4075850546360016
5078750208.0,-0.3843327462673187
5079687680.0,-0.36017370223999023
5080625152.0,-0.33620673418045044
5081562624.0,-0.313488632440567
5082500096.0,-0.2924252152442932
5083437568.0,-0.2722267508506775
5084375040.0,-0.25451985001564026
5085312512.0,-0.23773568868637085
5086249984.0,-0.22366608679294586
5087187456.0,-0.2119169384241104
5088124928.0,-0.20221000909805298
5089062400.0,-0.19398891925811768
5089999872.0,-0.188897043466568
5090937344.0,-0.18678493797779083
5091874816.0,-0.18708953261375427
5092812288.0,-0.189924955368042
5093749760.0,-0.19481955468654633
5094687744.0,-0.20315556228160858
5095625216.0,-0.2133912444114685
5096562688.0,-0.22574514150619507
5097500160.0,-0.24075494706630707
5098437632.0,-0.2577130198478699
5099375104.0,-0.2768201529979706
5100312576.0,-0.2974340319633484
5101250048.0,-0.3194671869277954
5102187520.0,-0.34328410029411316
5103124992.0,-0.36772421002388
5104062464.0,-0.3920126259326935
5104999936.0,-0.416611909866333
5105937408.0,-0.5104440450668335
5106874880.0,-0.5263746976852417
5107812352.0,-0.5411971807479858
5108749824.0,-0.5558354258537292
5109687296.0,-0.5674965381622314
5110624768.0,-0.5774238705635071
5111562752.0,-0.5849800705909729
5112500224.0,-0.590885579586029
5113437696.0,-0.5935559272766113
5114375168.0,-0.5947360396385193
5115312640.0,-0.594385027885437
5116250112.0,-0.5919775366783142
5117187584.0,-0.5881767272949219
5118125056.0,-0.583681583404541
5119062528.0,-0.5771123766899109
5120000000.0,-0.5690626502037048
5120937472.0,-0.5609560608863831
5121874944.0,-0.5521152019500732
5122812416.0,-0.5420137047767639
5123749888.0,-0.5330596566200256
5124687360.0,-0.5242079496383667
5125624832.0,-0.5146266222000122
5126562304.0,-0.5048965215682983
5127499776.0,-0.4949769675731659
5128437248.0,-0.4860169291496277
5129375232.0,-0.4753778576850891
5130312704.0,-0.4648019075393677
5131250176.0,-0.45272818207740784
5132187648.0,-0.43979132175445557
5133125120.0,-0.4253876805305481
5134062592.0,-0.4104672074317932
5135000064.0,-0.3933180272579193
5135937536.0,-0.374489963054657
5136875008.0,-0.3564145863056183
5137812480.0,-0.3377496600151062
5138749952.0,-0.3196007013320923
5139687424.0,-0.30205997824668884
5140624896.0,-0.2848062515258789
5141562368.0,-0.26989731192588806
5142499840.0,-0.25690123438835144
5143437312.0,-0.24782182276248932
5144374784.0,-0.24183137714862823
5145312256.0,-0.24144187569618225
5146250240.0,-0.24944312870502472
5147187712.0,-0.2618868947029114
5148125184.0,-0.27761662006378174
5149062656.0,-0.29721832275390625
5150000128.0,-0.3175176680088043
5150937600.0,-0.34014853835105896
5151875072.0,-0.36267805099487305
5152812544.0,-0.3845675587654114
5153750016.0,-0.40578821301460266
5154687488.0,-0.4248198866844177
5155624960.0,-0.44325122237205505
5156562432.0,-0.4595140516757965
5157499904.0,-0.47472140192985535
5158437376.0,-0.4877604842185974
5159374848.0,-0.5000207424163818
5160312320.0,-0.5103973746299744
5161249792.0,-0.5200098156929016
5162187264.0,-0.5294221639633179
5163125248.0,-0.5367776155471802
5164062720.0,-0.5454760193824768
5165000192.0,-0.553219199180603
5165937664.0,-0.5600684881210327
5166875136.0,-0.575203001499176
5167812608.0,-0.5916893482208252
5168750080.0,-0.6077696681022644
5169687552.0,-0.6235083341598511
5170625024.0,-0.64019775390625
5171562496.0,-0.6575791239738464
5172499968.0,-0.6739487051963806
5173437440.0,-0.6902196407318115
5174374912.0,-0.7047918438911438
5175312384.0,-0.7187813520431519
5176249856.0,-0.7302080392837524
5177187328.0,-0.7400002479553223
5178124800.0,-0.7468125224113464
5179062272.0,-0.7518978714942932
5180000256.0,-0.7542549967765808
5180937728.0,-0.7525879144668579
5181875200.0,-0.7493812441825867
5182812672.0,-0.7421587705612183
5183750144.0,-0.7330764532089233
5184687616.0,-0.7205889821052551
5185625088.0,-0.7056847214698792
5186562560.0,-0.6892231106758118
5187500032.0,-0.6702463030815125
5188437504.0,-0.6502950191497803
5189374976.0,-0.6280622482299805
5190312448.0,-0.6047268509864807
5191249920.0,-0.5812737941741943
5192187392.0,-0.5562412142753601
5193124864.0,-0.5316540002822876
5194062336.0,-0.5083563923835754
5194999808.0,-0.48409029841423035
5195937280.0,-0.4611544609069824
5196874752.0,-0.43946245312690735
5197812736.0,-0.4175856411457062
5198750208.0,-0.3978543281555176
5199687680.0,-0.38000360131263733
5200625152.0,-0.3636057674884796
5201562624.0,-0.3506956100463867
5202500096.0,-0.339195191860199
5203437568.0,-0.33228597044944763
5204375040.0,-0.3269759714603424
5205312512.0,-0.32481372356414795
5206249984.0,-0.32616403698921204
5207187456.0,-0.3297032415866852
5208124928.0,-0.33675599098205566
5209062400.0,-0.3457881510257721
5209999872.0,-0.3579694628715515
5210937344.0,-0.3716268241405487
5211874816.0,-0.38744670152664185
5212812288.0,-0.40570390224456787
5213749760.0,-0.42739367485046387
5214687744.0,-0.45041510462760925
5215625216.0,-0.4745556712150574
5216562688.0,-0.4994012415409088
5217500160.0,-0.5270709991455078
5218437632.0,-0.5536189079284668
5219375104.0,-0.5810614824295044
5220312576.0,-0.6076318621635437
5221250048.0,-0.636069118976593
5222187520.0,-0.6627631783485413
5223124992.0,-0.6874841451644897
5224062464.0,-0.7127457857131958
5224999936.0,-0.7385382652282715
5225937408.0,-0.7875946164131165
5226874880.0,-0.8109794855117798
5227812352.0,-0.8325119018554688
5228749824.0,-0.8528729677200317
5229687296.0,-0.8709653615951538
5230624768.0,-0.884741485118866
5231562752.0,-0.8967280387878418
5232500224.0,-0.9072806239128113
5233437696.0,-0.9141654968261719
5234375168.0,-0.9200478792190552
5235312640.0,-0.9221386909484863
5236250112.0,-0.9231790900230408
5237187584.0,-0.9222412705421448
5238125056.0,-0.9191352128982544
5239062528.0,-0.9134203791618347
5240000000.0,-0.906139075756073
5240937472.0,-0.8958333134651184
5241874944.0,-0.885243833065033
5242812416.0,-0.872389018535614
5243749888.0,-0.8591129183769226
5244687360.0,-0.8450292944908142
5245624832.0,-0.8318895697593689
5246562304.0,-0.8170835971832275
5247499776.0,-0.8031123876571655
5248437248.0,-0.788332998752594
5249375232.0,-0.7730328440666199
5250312704.0,-0.7587988376617432
5251250176.0,-0.7434208393096924
5252187648.0,-0.7285048961639404
5253125120.0,-0.7153168320655823
5254062592.0,-0.7047565579414368
5255000064.0,-0.6954329609870911
5255937536.0,-0.6872690916061401
5256875008.0,-0.681771457195282
5257812480.0,-0.6759918332099915
5258749952.0,-0.6713255643844604
5259687424.0,-0.6684792637825012
5260624896.0,-0.6674878597259521
5261562368.0,-0.667953372001648
5262499840.0,-0.6699105501174927
5263437312.0,-0.6749914288520813
5264374784.0,-0.6826218366622925
5265312256.0,-0.691472589969635
5266250240.0,-0.703048825263977
5267187712.0,-0.7167522311210632
5268125184.0,-0.7318752408027649
5269062656.0,-0.7495881915092468
5270000128.0,-0.7689604759216309
5270937600.0,-0.7895911335945129
5271875072.0,-0.8128905892372131
5272812544.0,-0.8376442790031433
5273750016.0,-0.8641594052314758
5274687488.0,-0.892451286315918
5275624960.0,-0.9236617088317871
5276562432.0,-0.9558265209197998
5277499904.0,-0.9894514083862305
5278437376.0,-1.024140477180481
5279374848.0,-1.0600274801254272
5280312320.0,-1.098057508468628
5281249792.0,-1.1348589658737183
5282187264.0,-1.1736741065979004
5283125248.0,-1.2122503519058228
5284062720.0,-1.2511162757873535
5285000192.0,-1.2877109050750732
5285937664.0,-1.313706398010254
5286875136.0,-1.3436014652252197
5287812608.0,-1.372155785560608
5288750080.0,-1.3967947959899902
5289687552.0,-1.4203033447265625
5290625024.0,-1.4416483640670776
5291562496.0,-1.4591819047927856
5292499968.0,-1.4747416973114014
5293437440.0,-1.4887478351593018
5294374912.0,-1.4983482360839844
5295312384.0,-1.505415678024292
5296249856.0,-1.5087777376174927
5297187328.0,-1.5076744556427002
5298124800.0,-1.505552053451538
5299062272.0,-1.5012084245681763
5299999744.0,-1.493357539176941
5300937728.0,-1.4841560125350952
5301875200.0,-1.4714725017547607
5302812672.0,-1.4589685201644897
5303750144.0,-1.44245183467865
5304687616.0,-1.4237409830093384
5305625088.0,-1.4070075750350952
5306562560.0,-1.3903266191482544
5307500032.0,-1.374066710472107
5308437504.0,-1.357643723487854
5309374976.0,-1.343266487121582
5310312448.0,-1.3287333250045776
5311249920.0,-1.3152552843093872
5312187392.0,-1.3027446269989014
5313124864.0,-1.2929340600967407
5314062336.0,-1.2832515239715576
5314999808.0,-1.2762876749038696
5315937280.0,-1.2703900337219238
5316874752.0,-1.2677347660064697
5317812736.0,-1.2673211097717285
5318750208.0,-1.2699967622756958
5319687680.0,-1.273861050605774
5320625152.0,-1.280590534210205
5321562624.0,-1.289628028869629
5322500096.0,-1.3010863065719604
5323437568.0,-1.3155180215835571
5324375040.0,-1.331040382385254
5325312512.0,-1.350264549255371
5326249984.0,-1.37148118019104
5327187456.0,-1.3950914144515991
5328124928.0,-1.422407627105713
5329062400.0,-1.4529253244400024
5329999872.0,-1.4855507612228394
5330937344.0,-1.5216898918151855
5331874816.0,-1.5585561990737915
5332812288.0,-1.6259899139404297
5333749760.0,-1.6738035678863525
5334687744.0,-1.7227106094360352
5335625216.0,-1.7744452953338623
5336562688.0,-1.8265724182128906
5337500160.0,-1.8800208568572998
5338437632.0,-1.9359241724014282
5339375104.0,-1.9919443130493164
5340312576.0,-2.048273801803589
5341250048.0,-2.1037487983703613
5342187520.0,-2.1590535640716553
5343124992.0,-2.2127530574798584
5344062464.0,-2.26411509513855
5344999936.0,-2.3136842250823975
5345937408.0,-2.2450783252716064
5346874880.0,-2.2734837532043457
5347812352.0,-2.2981884479522705
5348749824.0,-2.3198611736297607
5349687296.0,-2.337529420852661
5350624768.0,-2.3528568744659424
5351562752.0,-2.3634707927703857
5352500224.0,-2.37369704246521
5353437696.0,-2.3797576427459717
5354375168.0,-2.3824126720428467
5355312640.0,-2.382004976272583
5356250112.0,-2.378331184387207
5357187584.0,-2.370495080947876
5358125056.0,-2.3594558238983154
5359062528.0,-2.3465116024017334
5360000000.0,-2.33121657371521
5360937472.0,-2.3139781951904297
5361874944.0,-2.2949059009552
5362812416.0,-2.273975133895874
5363749888.0,-2.2521417140960693
5364687360.0,-2.2283730506896973
5365624832.0,-2.203878402709961
5366562304.0,-2.177889585494995
5367499776.0,-2.1514248847961426
5368437248.0,-2.1247613430023193
5369375232.0,-2.0980379581451416
5370312704.0,-2.0724942684173584
5371250176.0,-2.0492141246795654
5372187648.0,-2.025275230407715
5373125120.0,-2.002305507659912
5374062592.0,-1.9821751117706299
5375000064.0,-1.9620543718338013
5375937536.0,-1.9429718255996704
5376875008.0,-1.9252746105194092
5377812480.0,-1.909071922302246
5378749952.0,-1.8919646739959717
5379687424.0,-1.878127098083496
5380624896.0,-1.864899754524231
5381562368.0,-1.8523316383361816
5382499840.0,-1.8434429168701172
5383437312.0,-1.8351874351501465
5384374784.0,-1.8295007944107056
5385312256.0,-1.8265399932861328
5386250240.0,-1.8241806030273438
5387187712.0,-1.82349693775177
5388125184.0,-1.823520302772522
5389062656.0,-1.825365662574768
5390000128.0,-1.8286315202713013
5390937600.0,-1.8326002359390259
5391875072.0,-1.8379782438278198
5392812544.0,-1.8424766063690186
5393750016.0,-1.8481470346450806
5394687488.0,-1.854008436203003
5395624960.0,-1.8608074188232422
5396562432.0,-1.8681461811065674
5397499904.0,-1.876167893409729
5398437376.0,-1.8827309608459473
5399374848.0,-1.8898996114730835
5400312320.0,-1.8962631225585938
5401249792.0,-1.901949405670166
5402187264.0,-1.906188726425171
5403125248.0,-1.90971839427948
5404062720.0,-1.9128767251968384
5405000192.0,-1.9142259359359741
5405937664.0,-2.0524022579193115
5406875136.0,-2.050982713699341
5407812608.0,-2.0449748039245605
5408750080.0,-2.036360502243042
5409687552.0,-2.026421070098877
5410625024.0,-2.0153377056121826
5411562496.0,-1.999587893486023
5412499968.0,-1.9828089475631714
5413437440.0,-1.9644044637680054
5414374912.0,-1.9442451000213623
5415312384.0,-1.9203063249588013
5416249856.0,-1.8967976570129395
5417187328.0,-1.8709681034088135
5418124800.0,-1.8426618576049805
5419062272.0,-1.8127716779708862
5420000256.0,-1.7825610637664795
5420937728.0,-1.751844048500061
5421875200.0,-1.718953251838684
5422812672.0,-1.6867393255233765
5423750144.0,-1.6544075012207031
5424687616.0,-1.622727394104004
5425625088.0,-1.5903393030166626
5426562560.0,-1.5591216087341309
5427500032.0,-1.5295108556747437
5428437504.0,-1.5004099607467651
5429374976.0,-1.472739815711975
5430312448.0,-1.4449607133865356
5431249920.0,-1.4194865226745605
5432187392.0,-1.3943796157836914
5433124864.0,-1.3718546628952026
5434062336.0,-1.348548412322998
5434999808.0,-1.3272422552108765
5435937280.0,-1.3081259727478027
5436874752.0,-1.2886735200881958
5437812736.0,-1.2707407474517822
5438750208.0,-1.2551120519638062
5439687680.0,-1.2402517795562744
5440625152.0,-1.226447343826294
5441562624.0,-1.2157249450683594
5442500096.0,-1.20516037940979
5443437568.0,-1.196223258972168
5444375040.0,-1.1892342567443848
5445312512.0,-1.1838949918746948
5446249984.0,-1.1795822381973267
5447187456.0,-1.1762717962265015
5448124928.0,-1.1763650178909302
5449062400.0,-1.1773715019226074
5449999872.0,-1.1798847913742065
5450937344.0,-1.184225082397461
5451874816.0,-1.1885406970977783
5452812288.0,-1.1954536437988281
5453749760.0,-1.203363299369812
5454687744.0,-1.211920142173767
5455625216.0,-1.2213047742843628
5456562688.0,-1.2326139211654663
5457500160.0,-1.2437225580215454
5458437632.0,-1.2554219961166382
5459375104.0,-1.2651371955871582
5460312576.0,-1.2758550643920898
5461250048.0,-1.285845398902893
5462187520.0,-1.2949434518814087
5463124992.0,-1.3028761148452759
5464062464.0,-1.3078759908676147
5464999936.0,-1.3130589723587036
5465937408.0,-1.3206952810287476
5466874880.0,-1.3207474946975708
5467812352.0,-1.3186516761779785
5468749824.0,-1.3155335187911987
5469687296.0,-1.308416724205017
5470624768.0,-1.3004647493362427
5471562752.0,-1.2907861471176147
5472500224.0,-1.279421091079712
5473437696.0,-1.2641446590423584
5474375168.0,-1.2480354309082031
5475312640.0,-1.2302165031433105
5476250112.0,-1.2113639116287231
5477187584.0,-1.1907590627670288
5478125056.0,-1.1682796478271484
5479062528.0,-1.145018219947815
5480000000.0,-1.119968295097351
5480937472.0,-1.093752145767212
5481874944.0,-1.0672798156738281
5482812416.0,-1.040840983390808
5483749888.0,-1.0130605697631836
5484687360.0,-0.9858977794647217
5485624832.0,-0.9595489501953125
5486562304.0,-0.933415412902832
5487499776.0,-0.9073659181594849
5488437248.0,-0.881801426410675
5489375232.0,-0.8576411604881287
5490312704.0,-0.8328452110290527
5491250176.0,-0.8101286292076111
5492187648.0,-0.7892172932624817
5493125120.0,-0.7680699825286865
5494062592.0,-0.7505483031272888
5495000064.0,-0.7324822545051575
5495937536.0,-0.7175470590591431
5496875008.0,-0.7044497728347778
5497812480.0,-0.6930418610572815
5498749952.0,-0.6844510436058044
5499687424.0,-0.6786903738975525
5500624896.0,-0.675395131111145
5501562368.0,-0.6734648942947388
5502499840.0,-0.675759494304657
5503437312.0,-0.6800457239151001
5504374784.0,-0.687170684337616
5505312256.0,-0.6970855593681335
5506250240.0,-0.7091975212097168
5507187712.0,-0.7251979112625122
5508125184.0,-0.7437851428985596
5509062656.0,-0.7632174491882324
5510000128.0,-0.7858332395553589
5510937600.0,-0.8106555342674255
5511875072.0,-0.8378667831420898
5512812544.0,-0.8659911155700684
5513750016.0,-0.8953651189804077
5514687488.0,-0.9253414869308472
5515624960.0,-0.9561612606048584
5516562432.0,-0.986596941947937
5517499904.0,-1.017206072807312
5518437376.0,-1.0469123125076294
5519374848.0,-1.074468731880188
5520312320.0,-1.1001999378204346
5521249792.0,-1.1235949993133545
5522187264.0,-1.1452409029006958
5523125248.0,-1.1628867387771606
5524062720.0,-1.1781398057937622
5525000192.0,-1.188145637512207
5525937664.0,-1.0210509300231934
5526875136.0,-1.0241491794586182
5527812608.0,-1.0273693799972534
5528750080.0,-1.0271143913269043
5529687552.0,-1.026144027709961
5530625024.0,-1.0231904983520508
5531562496.0,-1.0184321403503418
5532499968.0,-1.0107759237289429
5533437440.0,-1.0023441314697266
5534374912.0,-0.993281900882721
5535312384.0,-0.9814543128013611
5536249856.0,-0.9688225388526917
5537187328.0,-0.9554910659790039
5538124800.0,-0.9418778419494629
5539062272.0,-0.9279752969741821
5539999744.0,-0.9121683239936829
5540937728.0,-0.8962576985359192
5541875200.0,-0.8797711133956909
5542812672.0,-0.8640813231468201
5543750144.0,-0.8480021357536316
5544687616.0,-0.8308247327804565
5545625088.0,-0.8161551356315613
5546562560.0,-0.8004885315895081
5547500032.0,-0.7857592701911926
5548437504.0,-0.7709332704544067
5549374976.0,-0.7568720579147339
5550312448.0,-0.7448204159736633
5551249920.0,-0.7346444129943848
5552187392.0,-0.725336492061615
5553124864.0,-0.7164530754089355
5554062336.0,-0.7110460996627808
5554999808.0,-0.7058842778205872
5555937280.0,-0.7032361626625061
5556874752.0,-0.7029165029525757
5557812736.0,-0.7033148407936096
5558750208.0,-0.7072179913520813
5559687680.0,-0.7132881283760071
5560625152.0,-0.7226436734199524
5561562624.0,-0.7343835830688477
5562500096.0,-0.7495836615562439
5563437568.0,-0.766088604927063
5564375040.0,-0.7862839102745056
5565312512.0,-0.8066141605377197
5566249984.0,-0.8312345743179321
5567187456.0,-0.8556582927703857
5568124928.0,-0.8831818103790283
5569062400.0,-0.9109668731689453
5569999872.0,-0.9406750798225403
5570937344.0,-0.9691414833068848
5571874816.0,-0.9982501864433289
5572812288.0,-1.02626371383667
5573749760.0,-1.0524182319641113
5574687744.0,-1.0760911703109741
5575625216.0,-1.100430965423584
5576562688.0,-1.1219098567962646
5577500160.0,-1.1413037776947021
5578437632.0,-1.1564334630966187
5579375104.0,-1.1698579788208008
5580312576.0,-1.1802680492401123
5581250048.0,-1.1883795261383057
5582187520.0,-1.1932716369628906
5583124992.0,-1.1961140632629395
5584062464.0,-1.1969354152679443
5584999936.0,-1.195248007774353
5585937408.0,-1.124495267868042
5586874880.0,-1.1279542446136475
5587812352.0,-1.132105827331543
5588749824.0,-1.1346977949142456
5589687296.0,-1.13584566116333
5590624768.0,-1.135640263557434
5591562752.0,-1.1371827125549316
5592500224.0,-1.136523723602295
5593437696.0,-1.134286642074585
5594375168.0,-1.1315312385559082
5595312640.0,-1.1295822858810425
5596250112.0,-1.125736117362976
5597187584.0,-1.1218138933181763
5598125056.0,-1.116824984550476
5599062528.0,-1.1111032962799072
5600000000.0,-1.1055946350097656
5600937472.0,-1.1007922887802124
5601874944.0,-1.0949788093566895
5602812416.0,-1.0893607139587402
5603749888.0,-1.0835739374160767
5604687360.0,-1.077986240386963
5605624832.0,-1.0730582475662231
5606562304.0,-1.0684884786605835
5607499776.0,-1.0633643865585327
5608437248.0,-1.0595952272415161
5609375232.0,-1.056240439414978
5610312704.0,-1.0529066324234009
5611250176.0,-1.0502111911773682
5612187648.0,-1.0476057529449463
5613125120.0,-1.044825792312622
5614062592.0,-1.042619228363037
5615000064.0,-1.0419584512710571
5615937536.0,-1.0413594245910645
5616875008.0,-1.0413336753845215
5617812480.0,-1.0421972274780273
5618749952.0,-1.0432088375091553
5619687424.0,-1.0446231365203857
5620624896.0,-1.046419382095337
5621562368.0,-1.0502058267593384
5622499840.0,-1.0528063774108887
5623437312.0,-1.0575251579284668
5624374784.0,-1.0619184970855713
5625312256.0,-1.0672411918640137
5626250240.0,-1.0726028680801392
5627187712.0,-1.0785460472106934
5628125184.0,-1.0826236009597778
5629062656.0,-1.0863643884658813
5630000128.0,-1.0907028913497925
5630937600.0,-1.0949474573135376
5631875072.0,-1.09908926486969
5632812544.0,-1.101121187210083
5633750016.0,-1.105311393737793
5634687488.0,-1.107094407081604
5635624960.0,-1.1081472635269165
5636562432.0,-1.1084388494491577
5637499904.0,-1.1069191694259644
5638437376.0,-1.1049920320510864
5639374848.0,-1.1005867719650269
5640312320.0,-1.0975768566131592
5641249792.0,-1.092817783355713
5642187264.0,-1.0873111486434937
5643125248.0,-1.0814388990402222
5644062720.0,-1.075251817703247
5645000192.0,-1.067991852760315
5645937664.0,-1.0649827718734741
5646875136.0,-1.054803490638733
5647812608.0,-1.0431410074234009
5648750080.0,-1.02934992313385
5649687552.0,-1.0153162479400635
5650625024.0,-0.9999865889549255
5651562496.0,-0.982741117477417
5652499968.0,-0.9666085243225098
5653437440.0,-0.9488468766212463
5654374912.0,-0.929877758026123
5655312384.0,-0.9111194610595703
5656249856.0,-0.8916375637054443
5657187328.0,-0.8722919225692749
5658124800.0,-0.8521520495414734
5659062272.0,-0.8315463066101074
5660000256.0,-0.810213029384613
5660937728.0,-0.7911760210990906
5661875200.0,-0.771737813949585
5662812672.0,-0.7523953914642334
5663750144.0,-0.7350355982780457
5664687616.0,-0.7171840071678162
5665625088.0,-0.7000940442085266
5666562560.0,-0.6848885416984558
5667500032.0,-0.6704338192939758
5668437504.0,-0.6565281748771667
5669374976.0,-0.6448448300361633
5670312448.0,-0.6338278651237488
5671249920.0,-0.6248968839645386
5672187392.0,-0.6173273324966431
5673124864.0,-0.6121906042098999
5674062336.0,-0.6074655652046204
5674999808.0,-0.6054421067237854
5675937280.0,-0.603061318397522
5676874752.0,-0.6021997332572937
5677812736.0,-0.604181170463562
5678750208.0,-0.605616569519043
5679687680.0,-0.6086059808731079
5680625152.0,-0.6113511919975281
5681562624.0,-0.6140196323394775
5682500096.0,-0.6177024245262146
5683437568.0,-0.6204890608787537
5684375040.0,-0.6222438812255859
5685312512.0,-0.6247900724411011
5686249984.0,-0.6261610984802246
5687187456.0,-0.6267006397247314
5688124928.0,-0.6272282600402832
5689062400.0,-0.626422107219696
5689999872.0,-0.6226515173912048
5690937344.0,-0.6189061999320984
5691874816.0,-0.6141265630722046
5692812288.0,-0.6067121624946594
5693749760.0,-0.5983690023422241
5694687744.0,-0.5876227021217346
5695625216.0,-0.5764470100402832
5696562688.0,-0.5644816160202026
5697500160.0,-0.5501346588134766
5698437632.0,-0.5356274247169495
5699375104.0,-0.5212349891662598
5700312576.0,-0.5058211088180542
5701250048.0,-0.4907275438308716
5702187520.0,-0.47555437684059143
5703124992.0,-0.46126583218574524
5704062464.0,-0.4468476474285126
5704999936.0,-0.4342115819454193
5705937408.0,-0.4046023488044739
5706874880.0,-0.4023999273777008
5707812352.0,-0.4005431830883026
5708749824.0,-0.39906206727027893
5709687296.0,-0.3980084955692291
5710624768.0,-0.39672231674194336
5711562752.0,-0.3945164978504181
5712500224.0,-0.3930183947086334
5713437696.0,-0.39174142479896545
5714375168.0,-0.3898651599884033
5715312640.0,-0.38643744587898254
5716250112.0,-0.38344666361808777
5717187584.0,-0.37929412722587585
5718125056.0,-0.3748707175254822
5719062528.0,-0.3700401782989502
5720000000.0,-0.3649933636188507
5720937472.0,-0.35880857706069946
5721874944.0,-0.3517376184463501
5722812416.0,-0.34398484230041504
5723749888.0,-0.33697745203971863
5724687360.0,-0.33006373047828674
5725624832.0,-0.321780800819397
5726562304.0,-0.31454765796661377
5727499776.0,-0.30766844749450684
5728437248.0,-0.3014306128025055
5729375232.0,-0.2966878116130829
5730312704.0,-0.29339778423309326
5731250176.0,-0.29207485914230347
5732187648.0,-0.2915898561477661
5733125120.0,-0.29326578974723816
5734062592.0,-0.29651349782943726
5735000064.0,-0.3017558157444
5735937536.0,-0.3078777492046356
5736875008.0,-0.3163487911224365
5737812480.0,-0.3260200619697571
5738749952.0,-0.33870232105255127
5739687424.0,-0.3505236506462097
5740624896.0,-0.3635248839855194
5741562368.0,-0.37629759311676025
5742499840.0,-0.3896616995334625
5743437312.0,-0.40152716636657715
5744374784.0,-0.41147008538246155
5745312256.0,-0.4199199974536896
5746250240.0,-0.4255875051021576
5747187712.0,-0.4303935468196869
5748125184.0,-0.4319898188114166
5749062656.0,-0.43166273832321167
5750000128.0,-0.42782697081565857
5750937600.0,-0.42361265420913696
5751875072.0,-0.4166218042373657
5752812544.0,-0.4078175127506256
5753750016.0,-0.39955297112464905
5754687488.0,-0.38982507586479187
5755624960.0,-0.37950658798217773
5756562432.0,-0.36873307824134827
5757499904.0,-0.35845717787742615
5758437376.0,-0.3486977815628052
5759374848.0,-0.3414771556854248
5760312320.0,-0.33414390683174133
5761249792.0,-0.32770779728889465
5762187264.0,-0.3225610554218292
5763125248.0,-0.31850776076316833
5764062720.0,-0.3144313097000122
5765000192.0,-0.3093588948249817
5765937664.0,-0.24281594157218933
5766875136.0,-0.24398452043533325
5767812608.0,-0.24735912680625916
5768750080.0,-0.2507588863372803
5769687552.0,-0.2546074390411377
5770625024.0,-0.260134220123291
5771562496.0,-0.2645711302757263
5772499968.0,-0.26979273557662964
5773437440.0,-0.27573511004447937
5774374912.0,-0.2826157510280609
5775312384.0,-0.2892501950263977
5776249856.0,-0.2968115210533142
5777187328.0,-0.3032393455505371
5778124800.0,-0.31011709570884705
5779062272.0,-0.31634321808815
5779999744.0,-0.323562890291214
5780937728.0,-0.32948341965675354
5781875200.0,-0.3356213867664337
5782812672.0,-0.3413327634334564
5783750144.0,-0.34683045744895935
5784687616.0,-0.35019567608833313
5785625088.0,-0.3556819558143616
5786562560.0,-0.35812631249427795
5787500032.0,-0.3620884120464325
5788437504.0,-0.36291202902793884
5789374976.0,-0.36266782879829407
5790312448.0,-0.3608148694038391
5791249920.0,-0.358405739068985
5792187392.0,-0.3542804718017578
5793124864.0,-0.34919679164886475
5794062336.0,-0.3443154990673065
5794999808.0,-0.3358786106109619
5795937280.0,-0.3290441036224365
5796874752.0,-0.3207714855670929
5797812736.0,-0.3116815984249115
5798750208.0,-0.3024693429470062
5799687680.0,-0.2924429774284363
5800625152.0,-0.28114527463912964
5801562624.0,-0.2685593068599701
5802500096.0,-0.255381315946579
5803437568.0,-0.24065782129764557
5804375040.0,-0.22769087553024292
5805312512.0,-0.2141299843788147
5806249984.0,-0.19795724749565125
5807187456.0,-0.18222275376319885
5808124928.0,-0.16733704507350922
5809062400.0,-0.15216127038002014
5809999872.0,-0.13720710575580597
5810937344.0,-0.12206636369228363
5811874816.0,-0.10799496620893478
5812812288.0,-0.09331898391246796
5813749760.0,-0.0800320953130722
5814687744.0,-0.06726595014333725
5815625216.0,-0.053884346038103104
5816562688.0,-0.042889971286058426
5817500160.0,-0.032310981303453445
5818437632.0,-0.021388817578554153
5819375104.0,-0.011673013679683208
5820312576.0,-0.0022855200804769993
5821250048.0,0.005208366084843874
5822187520.0,0.013105478137731552
5823124992.0,0.019398070871829987
5824062464.0,0.026207948103547096
5824999936.0,0.031095750629901886
5825937408.0,-0.1634058803319931
5826874880.0,-0.16698116064071655
5827812352.0,-0.17021599411964417
5828749824.0,-0.17171742022037506
5829687296.0,-0.17204785346984863
5830624768.0,-0.17109210789203644
5831562752.0,-0.1690850555896759
5832500224.0,-0.1659642904996872
5833437696.0,-0.16320468485355377
5834375168.0,-0.15890216827392578
5835312640.0,-0.15547874569892883
5836250112.0,-0.15038055181503296
5837187584.0,-0.14685924351215363
5838125056.0,-0.14319217205047607
5839062528.0,-0.13981226086616516
5840000000.0,-0.13880638778209686
5840937472.0,-0.13953149318695068
5841874944.0,-0.14039722084999084
5842812416.0,-0.1438002735376358
5843749888.0,-0.14641200006008148
5844687360.0,-0.15086254477500916
5845624832.0,-0.15529341995716095
5846562304.0,-0.16048568487167358
5847499776.0,-0.16686943173408508
5848437248.0,-0.17429721355438232
5849375232.0,-0.18319092690944672
5850312704.0,-0.19112659990787506
5851250176.0,-0.19928550720214844
5852187648.0,-0.21008941531181335
5853125120.0,-0.21733875572681427
5854062592.0,-0.22780990600585938
5855000064.0,-0.23547667264938354
5855937536.0,-0.24388860166072845
5856875008.0,-0.2510340213775635
5857812480.0,-0.25566765666007996
5858749952.0,-0.25993311405181885
5859687424.0,-0.26209914684295654
5860624896.0,-0.2636350393295288
5861562368.0,-0.2624358832836151
5862499840.0,-0.26002171635627747
5863437312.0,-0.25389590859413147
5864374784.0,-0.24706202745437622
5865312256.0,-0.23955118656158447
5866250240.0,-0.22928571701049805
5867187712.0,-0.2197936773300171
5868125184.0,-0.20806476473808289
5869062656.0,-0.19735607504844666
5870000128.0,-0.1845933496952057
5870937600.0,-0.1706363558769226
5871875072.0,-0.1594723016023636
5872812544.0,-0.14796921610832214
5873750016.0,-0.13764281570911407
5874687488.0,-0.12867611646652222
5875624960.0,-0.12076996266841888
5876562432.0,-0.11448417603969574
5877499904.0,-0.11125405132770538
5878437376.0,-0.11002229154109955
5879374848.0,-0.10973178595304489
5880312320.0,-0.1111365556716919
5881249792.0,-0.11577722430229187
5882187264.0,-0.12090908735990524
5883125248.0,-0.12745392322540283
5884062720.0,-0.13585706055164337
5885000192.0,-0.1460387408733368
5885937664.0,-0.08452890813350677
5886875136.0,-0.09153242409229279
5887812608.0,-0.09932848066091537
5888750080.0,-0.10751201212406158
5889687552.0,-0.1154208704829216
5890625024.0,-0.12338703125715256
5891562496.0,-0.13285264372825623
5892499968.0,-0.14280299842357635
5893437440.0,-0.15189272165298462
5894374912.0,-0.1610451638698578
5895312384.0,-0.1703423708677292
5896249856.0,-0.180038720369339
5897187328.0,-0.1896483302116394
5898124800.0,-0.19875210523605347
5899062272.0,-0.20823387801647186
5900000256.0,-0.21761541068553925
5900937728.0,-0.22679558396339417
5901875200.0,-0.23464027047157288
5902812672.0,-0.2442082315683365
5903750144.0,-0.25326475501060486
5904687616.0,-0.2623923420906067
5905625088.0,-0.27102068066596985
5906562560.0,-0.2791781723499298
5907500032.0,-0.2865445613861084
5908437504.0,-0.29319238662719727
5909374976.0,-0.3010901212692261
5910312448.0,-0.30730727314949036
5911249920.0,-0.31245309114456177
5912187392.0,-0.31809133291244507
5913124864.0,-0.32352203130722046
5914062336.0,-0.32782137393951416
5914999808.0,-0.3318794071674347
5915937280.0,-0.33395543694496155
5916874752.0,-0.3365024924278259
5917812736.0,-0.3374035358428955
5918750208.0,-0.33811497688293457
5919687680.0,-0.3385952115058899
5920625152.0,-0.3378989100456238
5921562624.0,-0.337134450674057
5922500096.0,-0.3344293534755707
5923437568.0,-0.3322615623474121
5924375040.0,-0.32677701115608215
5925312512.0,-0.32090577483177185
5926249984.0,-0.31424784660339355
5927187456.0,-0.3065471947193146
5928124928.0,-0.2974815368652344
5929062400.0,-0.2859194278717041
5929999872.0,-0.2745878994464874
5930937344.0,-0.26210302114486694
5931874816.0,-0.24891597032546997
5932812288.0,-0.23416520655155182
5933749760.0,-0.2182859182357788
5934687744.0,-0.2016560137271881
5935625216.0,-0.1841920167207718
5936562688.0,-0.16658324003219604
5937500160.0,-0.14933611452579498
5938437632.0,-0.131951704621315
5939375104.0,-0.11380872130393982
5940312576.0,-0.09668008983135223
5941250048.0,-0.08088082075119019
5942187520.0,-0.0661136656999588
5943124992.0,-0.05140290409326553
5944062464.0,-0.03859322518110275
5944999936.0,-0.02789064310491085
5945937408.0,-0.13871538639068604
5946874880.0,-0.14773771166801453
5947812352.0,-0.15880262851715088
5948749824.0,-0.1720406860113144
5949687296.0,-0.18679910898208618
5950624768.0,-0.2008129358291626
5951562752.0,-0.21846166253089905
5952500224.0,-0.23647437989711761
5953437696.0,-0.25586649775505066
5954375168.0,-0.2757374346256256
5955312640.0,-0.2953532338142395
5956250112.0,-0.3161574900150299
5957187584.0,-0.33720269799232483
5958125056.0,-0.35671693086624146
5959062528.0,-0.37491291761398315
5960000000.0,-0.39428460597991943
5960937472.0,-0.4098496735095978
5961874944.0,-0.42627185583114624
5962812416.0,-0.43932637572288513
5963749888.0,-0.45063284039497375
5964687360.0,-0.45901745557785034
5965624832.0,-0.4657118618488312
5966562304.0,-0.4666483700275421
5967499776.0,-0.46538016200065613
5968437248.0,-0.4602360725402832
5969375232.0,-0.45334362983703613
5970312704.0,-0.4412301480770111
5971250176.0,-0.4278927743434906
5972187648.0,-0.41081392765045166
5973125120.0,-0.3912806510925293
5974062592.0,-0.36957064270973206
5975000064.0,-0.34703707695007324
5975937536.0,-0.3224952816963196
5976875008.0,-0.2980005145072937
5977812480.0,-0.2723604738712311
5978749952.0,-0.247360497713089
5979687424.0,-0.22310465574264526
5980624896.0,-0.2001049816608429
5981562368.0,-0.17911052703857422
5982499840.0,-0.16027694940567017
5983437312.0,-0.14212802052497864
5984374784.0,-0.12837284803390503
5985312256.0,-0.11650571972131729
5986250240.0,-0.10581954568624496
5987187712.0,-0.09842812269926071
5988125184.0,-0.09277065843343735
5989062656.0,-0.09094983339309692
5990000128.0,-0.09059123694896698
5990937600.0,-0.09254954755306244
5991875072.0,-0.09639811515808105
5992812544.0,-0.10247496515512466
5993750016.0,-0.10865853726863861
5994687488.0,-0.11653193831443787
5995624960.0,-0.12458078563213348
5996562432.0,-0.13347633183002472
5997499904.0,-0.14310525357723236
5998437376.0,-0.15094979107379913
5999374848.0,-0.1600022315979004
6000312320.0,-0.1682305783033371
6001249792.0,-0.175700843334198
6002187264.0,-0.18162260949611664
6003125248.0,-0.18804404139518738
6004062720.0,-0.19318953156471252
6005000192.0,-0.1554967164993286
6005937664.0,-0.1616184264421463
6006875136.0,-0.17005740106105804
6007812608.0,-0.1785133332014084
6008750080.0,-0.18761664628982544
6009687552.0,-0.1973741203546524
6010625024.0,-0.20828402042388916
6011562496.0,-0.22024120390415192
6012499968.0,-0.2319440245628357
6013437440.0,-0.24438993632793427
6014374912.0,-0.25777384638786316
6015312384.0,-0.27109453082084656
6016249856.0,-0.2850359380245209
6017187328.0,-0.2971936762332916
6018124800.0,-0.30913588404655457
6019062272.0,-0.32130682468414307
6019999744.0,-0.3326769471168518
6020937728.0,-0.3439004123210907
6021875200.0,-0.3542521893978119
6022812672.0,-0.3624422252178192
6023750144.0,-0.3709952235221863
6024687616.0,-0.37786898016929626
6025625088.0,-0.38345983624458313
6026562560.0,-0.3865637481212616
6027500032.0,-0.3897135853767395
6028437504.0,-0.39018553495407104
6029374976.0,-0.3890954554080963
6030312448.0,-0.3866184651851654
6031249920.0,-0.38332614302635193
6032187392.0,-0.37655559182167053
6033124864.0,-0.3701939880847931
6034062336.0,-0.36221590638160706
6034999808.0,-0.35340410470962524
6035937280.0,-0.34411486983299255
6036874752.0,-0.3334786593914032
6037812736.0,-0.32304027676582336
6038750208.0,-0.31340116262435913
6039687680.0,-0.3031499683856964
6040625152.0,-0.29323694109916687
6041562624.0,-0.28314897418022156
6042500096.0,-0.27372413873672485
6043437568.0,-0.26527872681617737
6044375040.0,-0.25579655170440674
6045312512.0,-0.24876470863819122
6046249984.0,-0.24018919467926025
6047187456.0,-0.23444987833499908
6048124928.0,-0.22907128930091858
6049062400.0,-0.22474399209022522
6049999872.0,-0.22120799124240875
6050937344.0,-0.21903736889362335
6051874816.0,-0.21755732595920563
6052812288.0,-0.2168884426355362
6053749760.0,-0.21728640794754028
6054687744.0,-0.2178219109773636
6055625216.0,-0.2212757170200348
6056562688.0,-0.22417062520980835
6057500160.0,-0.22741501033306122
6058437632.0,-0.23192623257637024
6059375104.0,-0.23626862466335297
6060312576.0,-0.24046380817890167
6061250048.0,-0.2458363026380539
6062187520.0,-0.2507455050945282
6063124992.0,-0.25657185912132263
6064062464.0,-0.2624378800392151
6064999936.0,-0.17136843502521515
6065937408.0,-0.19152453541755676
6066874880.0,-0.21235404908657074
6067812352.0,-0.232321634888649
6068749824.0,-0.2517006993293762
6069687296.0,-0.2706074118614197
6070624768.0,-0.28900638222694397
6071562752.0,-0.30718642473220825
6072500224.0,-0.3247136175632477
6073437696.0,-0.3429602384567261
6074375168.0,-0.3590461313724518
6075312640.0,-0.37368065118789673
6076250112.0,-0.3869569003582001
6077187584.0,-0.3995198905467987
6078125056.0,-0.41008180379867554
6079062528.0,-0.41851308941841125
6080000000.0,-0.42673996090888977
6080937472.0,-0.4319854974746704
6081874944.0,-0.4362717270851135
6082812416.0,-0.43938344717025757
6083749888.0,-0.4419858455657959
6084687360.0,-0.44198840856552124
6085624832.0,-0.440275102853775
6086562304.0,-0.43783190846443176
6087499776.0,-0.4330251216888428
6088437248.0,-0.42817366123199463
6089375232.0,-0.42094337940216064
6090312704.0,-0.4145802855491638
6091250176.0,-0.4070188105106354
6092187648.0,-0.3984360694885254
6093125120.0,-0.387112557888031
6094062592.0,-0.3753977417945862
6095000064.0,-0.36293599009513855
6095937536.0,-0.35021865367889404
6096875008.0,-0.3370220363140106
6097812480.0,-0.32253122329711914
6098749952.0,-0.3091033101081848
6099687424.0,-0.2953859865665436
6100624896.0,-0.2805699110031128
6101562368.0,-0.2669197916984558
6102499840.0,-0.25212562084198
6103437312.0,-0.2379743605852127
6104374784.0,-0.22386938333511353
6105312256.0,-0.2092926800251007
6106250240.0,-0.19535456597805023
6107187712.0,-0.1816015988588333
6108125184.0,-0.16810907423496246
6109062656.0,-0.15676122903823853
6110000128.0,-0.14377009868621826
6110937600.0,-0.1330542415380478
6111875072.0,-0.12231989949941635
6112812544.0,-0.11257606744766235
6113750016.0,-0.10368731617927551
6114687488.0,-0.09575609862804413
6115624960.0,-0.08741642534732819
6116562432.0,-0.08171001076698303
6117499904.0,-0.07662231475114822
6118437376.0,-0.07357584685087204
6119374848.0,-0.07414890080690384
6120312320.0,-0.07700894773006439
6121249792.0,-0.08058653026819229
6122187264.0,-0.08618742227554321
6123125248.0,-0.09302502125501633
6124062720.0,-0.10082117468118668
6125000192.0,-0.15401290357112885
6125937664.0,-0.16977132856845856
6126875136.0,-0.18625962734222412
6127812608.0,-0.2016536146402359
6128750080.0,-0.2181244045495987
6129687552.0,-0.2356535941362381
6130625024.0,-0.2529870271682739
6131562496.0,-0.26958245038986206
6132499968.0,-0.2876051664352417
6133437440.0,-0.3038422167301178
6134374912.0,-0.32096630334854126
6135312384.0,-0.33663612604141235
6136249856.0,-0.3516024053096771
6137187328.0,-0.3677968382835388
6138124800.0,-0.3809109628200531
6139062272.0,-0.394277423620224
6140000256.0,-0.4068759083747864
6140937728.0,-0.41756683588027954
6141875200.0,-0.4274872839450836
6142812672.0,-0.4357837736606598
6143750144.0,-0.4435446858406067
6144687616.0,-0.451776921749115
6145625088.0,-0.4581812620162964
6146562560.0,-0.46326693892478943
6147500032.0,-0.46707865595817566
6148437504.0,-0.4690552353858948
6149374976.0,-0.4684906601905823
6150312448.0,-0.46631258726119995
6151249920.0,-0.46268048882484436
6152187392.0,-0.4587569236755371
6153124864.0,-0.4506441056728363
6154062336.0,-0.44349825382232666
6154999808.0,-0.43285325169563293
6155937280.0,-0.4224510192871094
6156874752.0,-0.4111221134662628
6157812736.0,-0.39742133021354675
6158750208.0,-0.38390472531318665
6159687680.0,-0.3689059317111969
6160625152.0,-0.35414740443229675
6161562624.0,-0.33976465463638306
6162500096.0,-0.3258592486381531
6163437568.0,-0.3101249933242798
6164375040.0,-0.2961292862892151
6165312512.0,-0.2807546555995941
6166249984.0,-0.2661517560482025
6167187456.0,-0.2516435384750366
6168124928.0,-0.23754103481769562
6169062400.0,-0.22342589497566223
6169999872.0,-0.2072039246559143
6170937344.0,-0.19352270662784576
6171874816.0,-0.17924492061138153
6172812288.0,-0.1662970930337906
6173749760.0,-0.15515068173408508
6174687744.0,-0.14464358985424042
6175625216.0,-0.1358243227005005
6176562688.0,-0.12742437422275543
6177500160.0,-0.12068888545036316
6178437632.0,-0.11659296602010727
6179375104.0,-0.11256735771894455
6180312576.0,-0.10928831994533539
6181250048.0,-0.10969408601522446
6182187520.0,-0.11051049083471298
6183124992.0,-0.11380983889102936
6184062464.0,-0.11924062669277191
6184999936.0,-0.26937973499298096
6185937408.0,-0.2867733836174011
6186874880.0,-0.30332428216934204
6187812352.0,-0.32147595286369324
6188749824.0,-0.3386545777320862
6189687296.0,-0.35583677887916565
6190624768.0,-0.37312832474708557
6191562752.0,-0.38805362582206726
6192500224.0,-0.4039740264415741
6193437696.0,-0.4168030321598053
6194375168.0,-0.42963922023773193
6195312640.0,-0.4396883249282837
6196250112.0,-0.44812554121017456
6197187584.0,-0.4566632807254791
6198125056.0,-0.4621092975139618
6199062528.0,-0.46679869294166565
6200000000.0,-0.46993377804756165
6200937472.0,-0.4731864035129547
6201874944.0,-0.475658655166626
6202812416.0,-0.47761717438697815
6203749888.0,-0.4804482161998749
6204687360.0,-0.48302632570266724
6205624832.0,-0.4866839647293091
6206562304.0,-0.49142980575561523
6207499776.0,-0.4963502287864685
6208437248.0,-0.5029151439666748
6209375232.0,-0.5111258625984192
6210312704.0,-0.5188204050064087
6211250176.0,-0.5257540941238403
6212187648.0,-0.53195720911026
6213125120.0,-0.5381391644477844
6214062592.0,-0.5423006415367126
6215000064.0,-0.541533887386322
6215937536.0,-0.5358322858810425
6216875008.0,-0.5275865793228149
6217812480.0,-0.518695592880249
6218749952.0,-0.5082299709320068
6219687424.0,-0.4971340596675873
6220624896.0,-0.4831908047199249
6221562368.0,-0.46915996074676514
6222499840.0,-0.456184059381485
6223437312.0,-0.44168752431869507
6224374784.0,-0.4277506172657013
6225312256.0,-0.4162338972091675
6226250240.0,-0.4050140976905823
6227187712.0,-0.39358648657798767
6228125184.0,-0.38309749960899353
6229062656.0,-0.37408241629600525
6230000128.0,-0.36550626158714294
6230937600.0,-0.3582380712032318
6231875072.0,-0.35073018074035645
6232812544.0,-0.3424108028411865
6233750016.0,-0.3368113934993744
6234687488.0,-0.33015066385269165
6235624960.0,-0.3235459625720978
6236562432.0,-0.3168924152851105
6237499904.0,-0.3094402253627777
6238437376.0,-0.3036949038505554
6239374848.0,-0.29634687304496765
6240312320.0,-0.28798073530197144
6241249792.0,-0.2818911075592041
6242187264.0,-0.27506470680236816
6243125248.0,-0.2682321071624756
6244062720.0,-0.26259514689445496
6245000192.0,-0.42991793155670166
6245937664.0,-0.4314468801021576
6246875136.0,-0.4360361695289612
6247812608.0,-0.4403986632823944
6248750080.0,-0.4474113881587982
6249687552.0,-0.455900102853775
6250625024.0,-0.4674176573753357
6251562496.0,-0.48244303464889526
6252499968.0,-0.4978784918785095
6253437440.0,-0.5169050693511963
6254374912.0,-0.5375787615776062
6255312384.0,-0.5608105659484863
6256249856.0,-0.585330069065094
6257187328.0,-0.6106919050216675
6258124800.0,-0.6385640501976013
6259062272.0,-0.6658135652542114
6259999744.0,-0.6927530169487
6260937728.0,-0.7196642160415649
6261875200.0,-0.7458316683769226
6262812672.0,-0.7695756554603577
6263750144.0,-0.7916318774223328
6264687616.0,-0.8130835890769958
6265625088.0,-0.829805314540863
6266562560.0,-0.8450169563293457
6267500032.0,-0.8559736609458923
6268437504.0,-0.8643914461135864
6269374976.0,-0.8686180114746094
6270312448.0,-0.8704781532287598
6271249920.0,-0.8688164949417114
6272187392.0,-0.863814115524292
6273124864.0,-0.854450523853302
6274062336.0,-0.8412249088287354
6274999808.0,-0.8256910443305969
6275937280.0,-0.8054320812225342
6276874752.0,-0.7846023440361023
6277812736.0,-0.7598899602890015
6278750208.0,-0.7352893948554993
6279687680.0,-0.7077854871749878
6280625152.0,-0.6805320382118225
6281562624.0,-0.6516563892364502
6282500096.0,-0.6220530867576599
6283437568.0,-0.5925601124763489
6284375040.0,-0.5621829032897949
6285312512.0,-0.5332468152046204
6286249984.0,-0.5039016604423523
6287187456.0,-0.477176696062088
6288124928.0,-0.44971925020217896
6289062400.0,-0.42431211471557617
6289999872.0,-0.3996906876564026
6290937344.0,-0.37879133224487305
6291874816.0,-0.3597913682460785
6292812288.0,-0.34322836995124817
6293749760.0,-0.329205721616745
6294687744.0,-0.31859296560287476
6295625216.0,-0.3106217682361603
6296562688.0,-0.31123948097229004
6297500160.0,-0.31330984830856323
6298437632.0,-0.31951427459716797
6299375104.0,-0.3287481665611267
6300312576.0,-0.34096086025238037
6301250048.0,-0.35640183091163635
6302187520.0,-0.3736834228038788
6303124992.0,-0.39413192868232727
6304062464.0,-0.4150657653808594
6304999936.0,-0.5568884015083313
6305937408.0,-0.5778034329414368
6306874880.0,-0.5991669297218323
6307812352.0,-0.6227201223373413
6308749824.0,-0.646248459815979
6309687296.0,-0.6705544590950012
6310624768.0,-0.6969637274742126
6311562752.0,-0.7227254509925842
6312500224.0,-0.7493063807487488
6313437696.0,-0.7746426463127136
6314375168.0,-0.799679696559906
6315312640.0,-0.8247865438461304
6316250112.0,-0.8485241532325745
6317187584.0,-0.8707590699195862
6318125056.0,-0.8915829658508301
6319062528.0,-0.9088265299797058
6320000000.0,-0.9250010251998901
6320937472.0,-0.9400357007980347
6321874944.0,-0.9539536833763123
6322812416.0,-0.9656313061714172
6323749888.0,-0.9720436334609985
6324687360.0,-0.9769642949104309
6325624832.0,-0.9793678522109985
6326562304.0,-0.9775151610374451
6327499776.0,-0.9735323786735535
6328437248.0,-0.9672921299934387
6329375232.0,-0.9579812288284302
6330312704.0,-0.9468679428100586
6331250176.0,-0.9334220886230469
6332187648.0,-0.9187017679214478
6333125120.0,-0.9020329117774963
6334062592.0,-0.8835662603378296
6335000064.0,-0.8649462461471558
6335937536.0,-0.8444565534591675
6336875008.0,-0.8242887258529663
6337812480.0,-0.8021790385246277
6338749952.0,-0.7805139422416687
6339687424.0,-0.7584976553916931
6340624896.0,-0.7360478639602661
6341562368.0,-0.7131795883178711
6342499840.0,-0.691192626953125
6343437312.0,-0.6697278618812561
6344374784.0,-0.6493716239929199
6345312256.0,-0.6289992332458496
6346250240.0,-0.6104704141616821
6347187712.0,-0.5903242230415344
6348125184.0,-0.5711536407470703
6349062656.0,-0.5536325573921204
6350000128.0,-0.5382993221282959
6350937600.0,-0.5240554809570312
6351875072.0,-0.5121824145317078
6352812544.0,-0.5026188492774963
6353750016.0,-0.4945578873157501
6354687488.0,-0.48968756198883057
6355624960.0,-0.4873991012573242
6356562432.0,-0.4886718690395355
6357499904.0,-0.49143141508102417
6358437376.0,-0.49751901626586914
6359374848.0,-0.5066810250282288
6360312320.0,-0.5168319344520569
6361249792.0,-0.5310482382774353
6362187264.0,-0.5457388162612915
6363125248.0,-0.5636146068572998
6364062720.0,-0.5831959247589111
6365000192.0,-0.8469645380973816
6365937664.0,-0.8545125126838684
6366875136.0,-0.8617750406265259
6367812608.0,-0.8705028891563416
6368750080.0,-0.8798728585243225
6369687552.0,-0.8905437588691711
6370625024.0,-0.9008707404136658
6371562496.0,-0.9115384221076965
6372499968.0,-0.9225680828094482
6373437440.0,-0.9324960708618164
6374374912.0,-0.9413359761238098
6375312384.0,-0.9520441293716431
6376249856.0,-0.9610821008682251
6377187328.0,-0.969280481338501
6378124800.0,-0.9773950576782227
6379062272.0,-0.9840569496154785
6380000256.0,-0.9904611706733704
6380937728.0,-0.9964260458946228
6381875200.0,-1.0013524293899536
6382812672.0,-1.0056387186050415
6383750144.0,-1.0099083185195923
6384687616.0,-1.0137286186218262
6385625088.0,-1.016678810119629
6386562560.0,-1.018936038017273
6387500032.0,-1.0198992490768433
6388437504.0,-1.0206832885742188
6389374976.0,-1.020450234413147
6390312448.0,-1.0204863548278809
6391249920.0,-1.0192760229110718
6392187392.0,-1.018356442451477
6393124864.0,-1.0161504745483398
6394062336.0,-1.0143531560897827
6394999808.0,-1.0125592947006226
6395937280.0,-1.0117759704589844
6396874752.0,-1.0098645687103271
6397812736.0,-1.004939079284668
6398750208.0,-1.0021837949752808
6399687680.0,-0.9982679486274719
6400625152.0,-0.9961317181587219
6401562624.0,-0.9935604929924011
6402500096.0,-0.9922178983688354
6403437568.0,-0.991441547870636
6404375040.0,-0.9911914467811584
6405312512.0,-0.9926850199699402
6406249984.0,-0.9945355653762817
6407187456.0,-0.9955645203590393
6408124928.0,-0.9986013770103455
6409062400.0,-1.0022141933441162
6409999872.0,-1.0067248344421387
6410937344.0,-1.0120295286178589
6411874816.0,-1.0166010856628418
6412812288.0,-1.023446798324585
6413749760.0,-1.0296562910079956
6414687744.0,-1.0370392799377441
6415625216.0,-1.0440007448196411
6416562688.0,-1.0527266263961792
6417500160.0,-1.06047523021698
6418437632.0,-1.0690966844558716
6419375104.0,-1.0779780149459839
6420312576.0,-1.0856064558029175
6421250048.0,-1.094413161277771
6422187520.0,-1.1020021438598633
6423124992.0,-1.106576919555664
6424062464.0,-1.109886884689331
6424999936.0,-1.1241716146469116
6425937408.0,-1.1360646486282349
6426874880.0,-1.144438624382019
6427812352.0,-1.1538324356079102
6428749824.0,-1.1606546640396118
6429687296.0,-1.1652195453643799
6430624768.0,-1.1704074144363403
6431562752.0,-1.172105312347412
6432500224.0,-1.1735938787460327
6433437696.0,-1.1733205318450928
6434375168.0,-1.1710717678070068
6435312640.0,-1.1681218147277832
6436250112.0,-1.163165807723999
6437187584.0,-1.158362865447998
6438125056.0,-1.1519955396652222
6439062528.0,-1.144278645515442
6440000000.0,-1.1357511281967163
6440937472.0,-1.1245273351669312
6441874944.0,-1.113311767578125
6442812416.0,-1.1018168926239014
6443749888.0,-1.088863492012024
6444687360.0,-1.0746508836746216
6445624832.0,-1.062241792678833
6446562304.0,-1.0475475788116455
6447499776.0,-1.0362221002578735
6448437248.0,-1.0236424207687378
6449375232.0,-1.0132207870483398
6450312704.0,-1.0029470920562744
6451250176.0,-0.9927513599395752
6452187648.0,-0.9839420914649963
6453125120.0,-0.9756799340248108
6454062592.0,-0.9683908224105835
6455000064.0,-0.9608573317527771
6455937536.0,-0.955817461013794
6456875008.0,-0.9509760141372681
6457812480.0,-0.9468346834182739
6458749952.0,-0.9433895945549011
6459687424.0,-0.9396672248840332
6460624896.0,-0.9366362690925598
6461562368.0,-0.9346519708633423
6462499840.0,-0.9309861660003662
6463437312.0,-0.9287221431732178
6464374784.0,-0.9260578155517578
6465312256.0,-0.9241830110549927
6466250240.0,-0.9206105470657349
6467187712.0,-0.9173404574394226
6468125184.0,-0.9127204418182373
6469062656.0,-0.9099745750427246
6470000128.0,-0.9068554043769836
6470937600.0,-0.9015567302703857
6471875072.0,-0.8969699144363403
6472812544.0,-0.8908771276473999
6473750016.0,-0.8865129351615906
6474687488.0,-0.882929265499115
6475624960.0,-0.8797841668128967
6476562432.0,-0.8766103982925415
6477499904.0,-0.8739405870437622
6478437376.0,-0.871518611907959
6479374848.0,-0.8688051700592041
6480312320.0,-0.8671470880508423
6481249792.0,-0.866400420665741
6482187264.0,-0.8651663064956665
6483125248.0,-0.8633513450622559
6484062720.0,-0.8616430163383484
6485000192.0,-0.9635487198829651
6485937664.0,-0.9689505696296692
6486875136.0,-0.9728207588195801
6487812608.0,-0.9784007668495178
6488750080.0,-0.9831781983375549
6489687552.0,-0.9872121214866638
6490625024.0,-0.9916428327560425
6491562496.0,-0.996084451675415
6492499968.0,-0.9991370439529419
6493437440.0,-1.0036274194717407
6494374912.0,-1.0058730840682983
6495312384.0,-1.0091025829315186
6496249856.0,-1.0121077299118042
6497187328.0,-1.0127437114715576
6498124800.0,-1.011732578277588
6499062272.0,-1.012067437171936
6499999744.0,-1.0088021755218506
6500937728.0,-1.0056557655334473
6501875200.0,-1.0014169216156006
6502812672.0,-0.996482253074646
6503750144.0,-0.9913025498390198
6504687616.0,-0.9838433265686035
6505625088.0,-0.976478636264801
6506562560.0,-0.96859210729599
6507500032.0,-0.9606307744979858
6508437504.0,-0.9508165121078491
6509374976.0,-0.9406182169914246
6510312448.0,-0.9311211109161377
6511249920.0,-0.9204410314559937
6512187392.0,-0.9090663194656372
6513124864.0,-0.8974490165710449
6514062336.0,-0.8874816298484802
6514999808.0,-0.8759337067604065
6515937280.0,-0.865739643573761
6516874752.0,-0.8565069437026978
6517812736.0,-0.8473458290100098
6518750208.0,-0.8383547067642212
6519687680.0,-0.8293859362602234
6520625152.0,-0.8226789236068726
6521562624.0,-0.8161598443984985
6522500096.0,-0.8106109499931335
6523437568.0,-0.8058121204376221
6524375040.0,-0.8014601469039917
6525312512.0,-0.7989508509635925
6526249984.0,-0.7953493595123291
6527187456.0,-0.7937910556793213
6528124928.0,-0.7933300137519836
6529062400.0,-0.7918296456336975
6529999872.0,-0.7926845550537109
6530937344.0,-0.795213520526886
6531874816.0,-0.7977124452590942
6532812288.0,-0.8003706336021423
6533749760.0,-0.8038851618766785
6534687744.0,-0.8084098696708679
6535625216.0,-0.813261866569519
6536562688.0,-0.8191062211990356
6537500160.0,-0.8253058195114136
6538437632.0,-0.8315141797065735
6539375104.0,-0.8392099142074585
6540312576.0,-0.848483145236969
6541250048.0,-0.8547921180725098
6542187520.0,-0.8627119064331055
6543124992.0,-0.8702989816665649
6544062464.0,-0.8774353265762329
6544999936.0,-0.871141254901886
6545937408.0,-0.8741589784622192
6546874880.0,-0.8778042197227478
6547812352.0,-0.8808820247650146
6548749824.0,-0.8835729956626892
6549687296.0,-0.8872692584991455
6550624768.0,-0.8898432850837708
6551562752.0,-0.8929404020309448
6552500224.0,-0.8972929120063782
6553437696.0,-0.9021396636962891
6554375168.0,-0.9067391753196716
6555312640.0,-0.913311243057251
6556250112.0,-0.9207907319068909
6557187584.0,-0.9298532009124756
6558125056.0,-0.9398760199546814
6559062528.0,-0.9508340954780579
6560000000.0,-0.9602022767066956
6560937472.0,-0.9714838266372681
6561874944.0,-0.982871413230896
6562812416.0,-0.9946384429931641
6563749888.0,-1.0068767070770264
6564687360.0,-1.0202275514602661
6565624832.0,-1.0337071418762207
6566562304.0,-1.0460387468338013
6567499776.0,-1.059248924255371
6568437248.0,-1.0717538595199585
6569375232.0,-1.0833775997161865
6570312704.0,-1.0952459573745728
6571250176.0,-1.106506109237671
6572187648.0,-1.1181532144546509
6573125120.0,-1.128565788269043
6574062592.0,-1.137873888015747
6575000064.0,-1.145792841911316
6575937536.0,-1.153383731842041
6576875008.0,-1.1595520973205566
6577812480.0,-1.1646125316619873
6578749952.0,-1.1698312759399414
6579687424.0,-1.1733530759811401
6580624896.0,-1.1750291585922241
6581562368.0,-1.176730990409851
6582499840.0,-1.1763172149658203
6583437312.0,-1.1757533550262451
6584374784.0,-1.1741480827331543
6585312256.0,-1.1711952686309814
6586250240.0,-1.167249321937561
6587187712.0,-1.162928581237793
6588125184.0,-1.1575785875320435
6589062656.0,-1.152051329612732
6590000128.0,-1.1481900215148926
6590937600.0,-1.1432417631149292
6591875072.0,-1.1385304927825928
6592812544.0,-1.1344304084777832
6593750016.0,-1.1307684183120728
6594687488.0,-1.1267592906951904
6595624960.0,-1.1224898099899292
6596562432.0,-1.1195597648620605
6597499904.0,-1.1163197755813599
6598437376.0,-1.112615704536438
6599374848.0,-1.1118199825286865
6600312320.0,-1.109026551246643
6601249792.0,-1.1090368032455444
6602187264.0,-1.1086668968200684
6603125248.0,-1.1091814041137695
6604062720.0,-1.1115033626556396
6605000192.0,-1.1093180179595947
6605937664.0,-1.1152926683425903
6606875136.0,-1.121408224105835
6607812608.0,-1.1269277334213257
6608750080.0,-1.134177327156067
6609687552.0,-1.1405670642852783
6610625024.0,-1.1473008394241333
6611562496.0,-1.154643177986145
6612499968.0,-1.1598707437515259
6613437440.0,-1.164230465888977
6614374912.0,-1.1689592599868774
6615312384.0,-1.1738395690917969
6616249856.0,-1.1779948472976685
6617187328.0,-1.182798147201538
6618124800.0,-1.1882100105285645
6619062272.0,-1.1942439079284668
6620000256.0,-1.2010754346847534
6620937728.0,-1.207364797592163
6621875200.0,-1.2150496244430542
6622812672.0,-1.2233519554138184
6623750144.0,-1.2332770824432373
6624687616.0,-1.2442020177841187
6625625088.0,-1.2599053382873535
6626562560.0,-1.2773669958114624
6627500032.0,-1.2968618869781494
6628437504.0,-1.317556619644165
6629374976.0,-1.338250756263733
6630312448.0,-1.3583478927612305
6631249920.0,-1.3786083459854126
6632187392.0,-1.399675965309143
6633124864.0,-1.4205697774887085
6634062336.0,-1.440719723701477
6634999808.0,-1.461644172668457
6635937280.0,-1.482234001159668
6636874752.0,-1.50182044506073
6637812736.0,-1.5198817253112793
6638750208.0,-1.5376733541488647
6639687680.0,-1.5536965131759644
6640625152.0,-1.5685524940490723
6641562624.0,-1.582039713859558
6642500096.0,-1.594660997390747
6643437568.0,-1.6061924695968628
6644375040.0,-1.6150753498077393
6645312512.0,-1.6227351427078247
6646249984.0,-1.6297656297683716
6647187456.0,-1.6347538232803345
6648124928.0,-1.639121174812317
6649062400.0,-1.643495798110962
6649999872.0,-1.645108938217163
6650937344.0,-1.6475509405136108
6651874816.0,-1.6521451473236084
6652812288.0,-1.6568398475646973
6653749760.0,-1.6595648527145386
6654687744.0,-1.6629021167755127
6655625216.0,-1.6672948598861694
6656562688.0,-1.6697964668273926
6657500160.0,-1.6731805801391602
6658437632.0,-1.6749061346054077
6659375104.0,-1.677621841430664
6660312576.0,-1.6818972826004028
6661250048.0,-1.6878048181533813
6662187520.0,-1.6960116624832153
6663124992.0,-1.7069159746170044
6664062464.0,-1.7196588516235352
6664999936.0,-1.7379649877548218
6665937408.0,-1.7518099546432495
6666874880.0,-1.766410231590271
6667812352.0,-1.7801152467727661
6668749824.0,-1.7932745218276978
6669687296.0,-1.8069705963134766
6670624768.0,-1.8194328546524048
6671562752.0,-1.8325670957565308
6672500224.0,-1.8466222286224365
6673437696.0,-1.8603345155715942
6674375168.0,-1.8738003969192505
6675312640.0,-1.885923147201538
6676250112.0,-1.8973098993301392
6677187584.0,-1.905047059059143
6678125056.0,-1.910278081893921
6679062528.0,-1.914711356163025
6680000000.0,-1.9194241762161255
6680937472.0,-1.923473834991455
6681874944.0,-1.92618989944458
6682812416.0,-1.9291613101959229
6683749888.0,-1.9310835599899292
6684687360.0,-1.9327107667922974
6685624832.0,-1.934906005859375
6686562304.0,-1.9366434812545776
6687499776.0,-1.9400866031646729
6688437248.0,-1.9433355331420898
6689375232.0,-1.9464597702026367
6690312704.0,-1.9506150484085083
6691250176.0,-1.9583243131637573
6692187648.0,-1.9676824808120728
6693125120.0,-1.9791477918624878
6694062592.0,-1.9931315183639526
6695000064.0,-2.0087499618530273
6695937536.0,-2.026380777359009
6696875008.0,-2.044618606567383
6697812480.0,-2.0617167949676514
6698749952.0,-2.078805685043335
6699687424.0,-2.100602626800537
6700624896.0,-2.1214935779571533
6701562368.0,-2.143984079360962
6702499840.0,-2.168994188308716
6703437312.0,-2.1940670013427734
6704374784.0,-2.220496416091919
6705312256.0,-2.247126817703247
6706250240.0,-2.274325132369995
6707187712.0,-2.3008944988250732
6708125184.0,-2.326512336730957
6709062656.0,-2.3521738052368164
6710000128.0,-2.3759424686431885
6710937600.0,-2.3986074924468994
6711875072.0,-2.416409492492676
6712812544.0,-2.43283748626709
6713750016.0,-2.4449381828308105
6714687488.0,-2.4539835453033447
6715624960.0,-2.4605205059051514
6716562432.0,-2.4637269973754883
6717499904.0,-2.464256763458252
6718437376.0,-2.461977243423462
6719374848.0,-2.459502696990967
6720312320.0,-2.455627918243408
6721249792.0,-2.4541163444519043
6722187264.0,-2.4519121646881104
6723125248.0,-2.4526476860046387
6724062720.0,-2.453143358230591
6725000192.0,-2.430697202682495
6725937664.0,-2.435912847518921
6726875136.0,-2.4425759315490723
6727812608.0,-2.449256181716919
6728750080.0,-2.4588639736175537
6729687552.0,-2.4713828563690186
6730625024.0,-2.4851465225219727
6731562496.0,-2.501131296157837
6732499968.0,-2.5188183784484863
6733437440.0,-2.537837028503418
6734374912.0,-2.5592472553253174
6735312384.0,-2.5833749771118164
6736249856.0,-2.609221935272217
6737187328.0,-2.6380276679992676
6738124800.0,-2.6669700145721436
6739062272.0,-2.6978366374969482
6739999744.0,-2.728952646255493
6740937728.0,-2.7615182399749756
6741875200.0,-2.793243885040283
6742812672.0,-2.8263089656829834
6743750144.0,-2.857929229736328
6744687616.0,-2.8907582759857178
6745625088.0,-2.9222607612609863
6746562560.0,-2.95367693901062
6747500032.0,-2.9819552898406982
6748437504.0,-3.0102427005767822
6749374976.0,-3.033704996109009
6750312448.0,-3.054492950439453
6751249920.0,-3.0723092555999756
6752187392.0,-3.0914857387542725
6753124864.0,-3.1022212505340576
6754062336.0,-3.1095988750457764
6754999808.0,-3.1153862476348877
6755937280.0,-3.1183927059173584
6756874752.0,-3.1187551021575928
6757812736.0,-3.1139097213745117
6758750208.0,-3.104440927505493
6759687680.0,-3.090221881866455
6760625152.0,-3.071321964263916
6761562624.0,-3.04850435256958
6762500096.0,-3.0191233158111572
6763437568.0,-2.986142158508301
6764375040.0,-2.9485023021698
6765312512.0,-2.9071390628814697
6766249984.0,-2.861368417739868
6767187456.0,-2.8118159770965576
6768124928.0,-2.7582271099090576
6769062400.0,-2.701555013656616
6769999872.0,-2.6408040523529053
6770937344.0,-2.578890562057495
6771874816.0,-2.513634443283081
6772812288.0,-2.449232816696167
6773749760.0,-2.3851277828216553
6774687744.0,-2.3227169513702393
6775625216.0,-2.2628111839294434
6776562688.0,-2.2047853469848633
6777500160.0,-2.152045249938965
6778437632.0,-2.105803966522217
6779375104.0,-2.0630791187286377
6780312576.0,-2.0253214836120605
6781250048.0,-1.9892207384109497
6782187520.0,-1.9576722383499146
6783124992.0,-1.9281030893325806
6784062464.0,-1.9031449556350708
6784999936.0,-2.359189748764038
6785937408.0,-2.340475082397461
6786874880.0,-2.322751760482788
6787812352.0,-2.304593086242676
6788749824.0,-2.28798246383667
6789687296.0,-2.2730743885040283
6790624768.0,-2.2611300945281982
6791562752.0,-2.252254009246826
6792500224.0,-2.2461771965026855
6793437696.0,-2.243884563446045
6794375168.0,-2.2429635524749756
6795312640.0,-2.2441108226776123
6796250112.0,-2.246245861053467
6797187584.0,-2.2491681575775146
6798125056.0,-2.2550923824310303
6799062528.0,-2.261587142944336
6800000000.0,-2.268679141998291
6800937472.0,-2.277698516845703
6801874944.0,-2.286916732788086
6802812416.0,-2.2968075275421143
6803749888.0,-2.3113980293273926
6804687360.0,-2.327670097351074
6805624832.0,-2.3447682857513428
6806562304.0,-2.363008737564087
6807499776.0,-2.3818647861480713
6808437248.0,-2.399806022644043
6809375232.0,-2.4168026447296143
6810312704.0,-2.433138132095337
6811250176.0,-2.4481632709503174
6812187648.0,-2.460770845413208
6813125120.0,-2.470003843307495
6814062592.0,-2.4781527519226074
6815000064.0,-2.482820510864258
6815937536.0,-2.484560251235962
6816875008.0,-2.4870402812957764
6817812480.0,-2.485144853591919
6818749952.0,-2.482011079788208
6819687424.0,-2.4757189750671387
6820624896.0,-2.4651098251342773
6821562368.0,-2.451267957687378
6822499840.0,-2.4363908767700195
6823437312.0,-2.416311502456665
6824374784.0,-2.391479015350342
6825312256.0,-2.3652071952819824
6826250240.0,-2.335057497024536
6827187712.0,-2.3019964694976807
6828125184.0,-2.2668161392211914
6829062656.0,-2.2297024726867676
6830000128.0,-2.191385507583618
6830937600.0,-2.150399684906006
6831875072.0,-2.1093058586120605
6832812544.0,-2.0666165351867676
6833750016.0,-2.0223209857940674
6834687488.0,-1.9795308113098145
6835624960.0,-1.9348759651184082
6836562432.0,-1.8921157121658325
6837499904.0,-1.8494821786880493
6838437376.0,-1.8101658821105957
6839374848.0,-1.772864818572998
6840312320.0,-1.7368502616882324
6841249792.0,-1.7040512561798096
6842187264.0,-1.6719166040420532
6843125248.0,-1.6420899629592896
6844062720.0,-1.615064024925232
6845000192.0,-1.509865641593933
6845937664.0,-1.4850605726242065
6846875136.0,-1.4602329730987549
6847812608.0,-1.4387214183807373
6848750080.0,-1.4206390380859375
6849687552.0,-1.404701590538025
6850625024.0,-1.3923190832138062
6851562496.0,-1.3837822675704956
6852499968.0,-1.3774757385253906
6853437440.0,-1.3750637769699097
6854374912.0,-1.3754569292068481
6855312384.0,-1.3783842325210571
6856249856.0,-1.3847274780273438
6857187328.0,-1.3931059837341309
6858124800.0,-1.404563546180725
6859062272.0,-1.4181196689605713
6860000256.0,-1.434074878692627
6860937728.0,-1.4505071640014648
6861875200.0,-1.4693206548690796
6862812672.0,-1.4890668392181396
6863750144.0,-1.5093642473220825
6864687616.0,-1.5301628112792969
6865625088.0,-1.5500717163085938
6866562560.0,-1.5697392225265503
6867500032.0,-1.586936354637146
6868437504.0,-1.602705955505371
6869374976.0,-1.6182184219360352
6870312448.0,-1.6301138401031494
6871249920.0,-1.6423799991607666
6872187392.0,-1.6503461599349976
6873124864.0,-1.6572444438934326
6874062336.0,-1.6606653928756714
6874999808.0,-1.6609050035476685
6875937280.0,-1.6598793268203735
6876874752.0,-1.6556856632232666
6877812736.0,-1.6484588384628296
6878750208.0,-1.6395233869552612
6879687680.0,-1.6266554594039917
6880625152.0,-1.611824870109558
6881562624.0,-1.5943087339401245
6882500096.0,-1.573844313621521
6883437568.0,-1.5509521961212158
6884375040.0,-1.5273716449737549
6885312512.0,-1.5005388259887695
6886249984.0,-1.472989797592163
6887187456.0,-1.443483829498291
6888124928.0,-1.4147353172302246
6889062400.0,-1.3839606046676636
6889999872.0,-1.3542567491531372
6890937344.0,-1.3229714632034302
6891874816.0,-1.2929627895355225
6892812288.0,-1.2619999647140503
6893749760.0,-1.2313555479049683
6894687744.0,-1.2008397579193115
6895625216.0,-1.1698691844940186
6896562688.0,-1.1396564245224
6897500160.0,-1.1130720376968384
6898437632.0,-1.0859084129333496
6899375104.0,-1.0602498054504395
6900312576.0,-1.0371724367141724
6901250048.0,-1.0166879892349243
6902187520.0,-0.9964790344238281
6903124992.0,-0.9792475700378418
6904062464.0,-0.9658432006835938
6904999936.0,-0.9777682423591614
6905937408.0,-0.9747940897941589
6906874880.0,-0.9750098586082458
6907812352.0,-0.9755569100379944
6908749824.0,-0.9766441583633423
6909687296.0,-0.9787713885307312
6910624768.0,-0.9818028211593628
6911562752.0,-0.9863195419311523
6912500224.0,-0.9898701310157776
6913437696.0,-0.9939954876899719
6914375168.0,-0.9981713891029358
6915312640.0,-1.001590609550476
6916250112.0,-1.00547194480896
6917187584.0,-1.00803804397583
6918125056.0,-1.0099635124206543
6919062528.0,-1.010636806488037
6920000000.0,-1.0098474025726318
6920937472.0,-1.0077916383743286
6921874944.0,-1.0028796195983887
6922812416.0,-0.9967482089996338
6923749888.0,-0.9882113933563232
6924687360.0,-0.9773115515708923
6925624832.0,-0.9645336270332336
6926562304.0,-0.9490064382553101
6927499776.0,-0.9327651262283325
6928437248.0,-0.9148904085159302
6929375232.0,-0.8960933685302734
6930312704.0,-0.8749572038650513
6931250176.0,-0.8544303178787231
6932187648.0,-0.8322637677192688
6933125120.0,-0.8106786608695984
6934062592.0,-0.7877475619316101
6935000064.0,-0.7656879425048828
6935937536.0,-0.7437679171562195
6936875008.0,-0.7212316989898682
6937812480.0,-0.6998355388641357
6938749952.0,-0.6792698502540588
6939687424.0,-0.6592037081718445
6940624896.0,-0.6398155689239502
6941562368.0,-0.6219701170921326
6942499840.0,-0.6062265038490295
6943437312.0,-0.5912018418312073
6944374784.0,-0.5782002210617065
6945312256.0,-0.5681318640708923
6946250240.0,-0.5590444207191467
6947187712.0,-0.5516397953033447
6948125184.0,-0.5469130873680115
6949062656.0,-0.5431247353553772
6950000128.0,-0.5416238307952881
6950937600.0,-0.54106605052948
6951875072.0,-0.5415841937065125
6952812544.0,-0.5444938540458679
6953750016.0,-0.5477511882781982
6954687488.0,-0.5526109933853149
6955624960.0,-0.5569912791252136
6956562432.0,-0.5662082433700562
6957499904.0,-0.5763339996337891
6958437376.0,-0.5854275822639465
6959374848.0,-0.5953817367553711
6960312320.0,-0.6059035658836365
6961249792.0,-0.6172545552253723
6962187264.0,-0.627312183380127
6963125248.0,-0.6377971172332764
6964062720.0,-0.6480518579483032
6965000192.0,-0.5470757484436035
6965937664.0,-0.5568736791610718
6966875136.0,-0.5656308531761169
6967812608.0,-0.5764524936676025
6968750080.0,-0.5870698094367981
6969687552.0,-0.5967963337898254
6970625024.0,-0.6064779162406921
6971562496.0,-0.6193051338195801
6972499968.0,-0.6292052865028381
6973437440.0,-0.6407121419906616
6974374912.0,-0.652708888053894
6975312384.0,-0.6641654372215271
6976249856.0,-0.6758419871330261
6977187328.0,-0.6866349577903748
6978124800.0,-0.6990119814872742
6979062272.0,-0.7102325558662415
6979999744.0,-0.7216583490371704
6980937728.0,-0.7334532141685486
6981875200.0,-0.7428483963012695
6982812672.0,-0.7518686652183533
6983750144.0,-0.7603603601455688
6984687616.0,-0.7660369873046875
6985625088.0,-0.772611141204834
6986562560.0,-0.778117835521698
6987500032.0,-0.7842609286308289
6988437504.0,-0.7885414361953735
6989374976.0,-0.7912297248840332
6990312448.0,-0.7941920757293701
6991249920.0,-0.7958769798278809
6992187392.0,-0.7948487401008606
6993124864.0,-0.7935055494308472
6994062336.0,-0.7904531359672546
6994999808.0,-0.7875126004219055
6995937280.0,-0.7832574248313904
6996874752.0,-0.776086151599884
6997812736.0,-0.7684739232063293
6998750208.0,-0.7605010271072388
6999687680.0,-0.751705527305603
7000625152.0,-0.7404783964157104
7001562624.0,-0.7292858362197876
7002500096.0,-0.716713011264801
7003437568.0,-0.7033748626708984
7004375040.0,-0.6911795139312744
7005312512.0,-0.6776275634765625
7006249984.0,-0.663935124874115
7007187456.0,-0.6475553512573242
7008124928.0,-0.6294886469841003
7009062400.0,-0.6128756999969482
7009999872.0,-0.5953431725502014
7010937344.0,-0.5789575576782227
7011874816.0,-0.5616009831428528
7012812288.0,-0.545319676399231
7013749760.0,-0.5301322937011719
7014687744.0,-0.5144016146659851
7015625216.0,-0.4992486238479614
7016562688.0,-0.4845336079597473
7017500160.0,-0.46882808208465576
7018437632.0,-0.4555172026157379
7019375104.0,-0.4416770935058594
7020312576.0,-0.4285028576850891
7021250048.0,-0.41651684045791626
7022187520.0,-0.40506500005722046
7023124992.0,-0.39363324642181396
7024062464.0,-0.38315802812576294
7024999936.0,-0.30716145038604736
7025937408.0,-0.31060460209846497
7026874880.0,-0.3164960741996765
7027812352.0,-0.3214160203933716
7028749824.0,-0.3284545838832855
7029687296.0,-0.3367953598499298
7030624768.0,-0.34638580679893494
7031562752.0,-0.3560396134853363
7032500224.0,-0.36705633997917175
7033437696.0,-0.38030385971069336
7034375168.0,-0.39347919821739197
7035312640.0,-0.40768271684646606
7036250112.0,-0.4218944013118744
7037187584.0,-0.4364738166332245
7038125056.0,-0.44993290305137634
7039062528.0,-0.46568283438682556
7040000000.0,-0.48111680150032043
7040937472.0,-0.49505624175071716
7041874944.0,-0.509300172328949
7042812416.0,-0.5241843461990356
7043749888.0,-0.5391821265220642
7044687360.0,-0.5531122088432312
7045624832.0,-0.5659193396568298
7046562304.0,-0.5772120356559753
7047499776.0,-0.5889452695846558
7048437248.0,-0.599309504032135
7049375232.0,-0.6083967089653015
7050312704.0,-0.6146170496940613
7051250176.0,-0.6214411854743958
7052187648.0,-0.6264262795448303
7053125120.0,-0.6304003000259399
7054062592.0,-0.6323585510253906
7055000064.0,-0.6343314051628113
7055937536.0,-0.6341122388839722
7056875008.0,-0.6323917508125305
7057812480.0,-0.6297570466995239
7058749952.0,-0.6295350193977356
7059687424.0,-0.6270028352737427
7060624896.0,-0.6238343715667725
7061562368.0,-0.617803692817688
7062499840.0,-0.6109262108802795
7063437312.0,-0.6030632257461548
7064374784.0,-0.5937110781669617
7065312256.0,-0.5829904675483704
7066250240.0,-0.5713704228401184
7067187712.0,-0.5587493777275085
7068125184.0,-0.5455548763275146
7069062656.0,-0.532371997833252
7070000128.0,-0.5193012356758118
7070937600.0,-0.5056685209274292
7071875072.0,-0.49197205901145935
7072812544.0,-0.47690409421920776
7073750016.0,-0.46011027693748474
7074687488.0,-0.4445571303367615
7075624960.0,-0.4287174344062805
7076562432.0,-0.4111805856227875
7077499904.0,-0.3956912159919739
7078437376.0,-0.37896865606307983
7079374848.0,-0.3627780079841614
7080312320.0,-0.3461140990257263
7081249792.0,-0.3294949531555176
7082187264.0,-0.31349050998687744
7083125248.0,-0.2987622916698456
7084062720.0,-0.28397348523139954
7085000192.0,-0.3473154902458191
7085937664.0,-0.33646294474601746
7086875136.0,-0.32667189836502075
7087812608.0,-0.3163231909275055
7088750080.0,-0.3083621859550476
7089687552.0,-0.29917535185813904
7090625024.0,-0.29168498516082764
7091562496.0,-0.2855847477912903
7092499968.0,-0.2798883616924286
7093437440.0,-0.276290625333786
7094374912.0,-0.273610919713974
7095312384.0,-0.2724853754043579
7096249856.0,-0.2725740075111389
7097187328.0,-0.27514001727104187
7098124800.0,-0.2780407965183258
7099062272.0,-0.2828906178474426
7100000256.0,-0.2882085144519806
7100937728.0,-0.29688069224357605
7101875200.0,-0.3052700161933899
7102812672.0,-0.3166249096393585
7103750144.0,-0.3290535807609558
7104687616.0,-0.34343668818473816
7105625088.0,-0.35927003622055054
7106562560.0,-0.375639408826828
7107500032.0,-0.3946245312690735
7108437504.0,-0.4127874970436096
7109374976.0,-0.43518921732902527
7110312448.0,-0.45660072565078735
7111249920.0,-0.4796929359436035
7112187392.0,-0.5025321245193481
7113124864.0,-0.5255263447761536
7114062336.0,-0.5491734147071838
7114999808.0,-0.5706824064254761
7115937280.0,-0.5926269292831421
7116874752.0,-0.6150368452072144
7117812736.0,-0.6359546780586243
7118750208.0,-0.656636655330658
7119687680.0,-0.6761329770088196
7120625152.0,-0.693888783454895
7121562624.0,-0.7115054130554199
7122500096.0,-0.7268176674842834
7123437568.0,-0.7402669787406921
7124375040.0,-0.7512868642807007
7125312512.0,-0.7594972252845764
7126249984.0,-0.7661329507827759
7127187456.0,-0.7717713117599487
7128124928.0,-0.7746695876121521
7129062400.0,-0.7755085825920105
7129999872.0,-0.774188756942749
7130937344.0,-0.7701982259750366
7131874816.0,-0.7659389972686768
7132812288.0,-0.7572948932647705
7133749760.0,-0.7467232346534729
7134687744.0,-0.7362138032913208
7135625216.0,-0.7220031023025513
7136562688.0,-0.7068127393722534
7137500160.0,-0.6886469125747681
7138437632.0,-0.6716164946556091
7139375104.0,-0.6510308980941772
7140312576.0,-0.6300036907196045
7141250048.0,-0.6088277697563171
7142187520.0,-0.5857193470001221
7143124992.0,-0.5640655755996704
7144062464.0,-0.45282602310180664
7144999936.0,-0.4493074417114258
7145937408.0,-0.44637635350227356
7146874880.0,-0.4408399760723114
7147812352.0,-0.4377639889717102
7148749824.0,-0.4340421259403229
7149687296.0,-0.43138864636421204
7150624768.0,-0.429000586271286
7151562752.0,-0.42708030343055725
7152500224.0,-0.42665383219718933
7153437696.0,-0.426688551902771
7154375168.0,-0.4273851215839386
7155312640.0,-0.43096861243247986
7156250112.0,-0.43574005365371704
7157187584.0,-0.44159379601478577
7158125056.0,-0.44913700222969055
7159062528.0,-0.4586188495159149
7160000000.0,-0.46573227643966675
7160937472.0,-0.47308671474456787
7161874944.0,-0.4822433590888977
7162812416.0,-0.4903799593448639
7163749888.0,-0.49930235743522644
7164687360.0,-0.5097836256027222
7165624832.0,-0.52051842212677
7166562304.0,-0.5298805832862854
7167499776.0,-0.5392802357673645
7168437248.0,-0.5495206713676453
7169375232.0,-0.5571749806404114
7170312704.0,-0.5659938454627991
7171250176.0,-0.5717018246650696
7172187648.0,-0.5769139528274536
7173125120.0,-0.5817751884460449
7174062592.0,-0.5836907625198364
7175000064.0,-0.5846647620201111
7175937536.0,-0.58334881067276
7176875008.0,-0.5800638794898987
7177812480.0,-0.577461838722229
7178749952.0,-0.5721465945243835
7179687424.0,-0.5660776495933533
7180624896.0,-0.5595926642417908
7181562368.0,-0.5494790077209473
7182499840.0,-0.5394415855407715
7183437312.0,-0.5283482670783997
7184374784.0,-0.515832781791687
7185312256.0,-0.5027579069137573
7186250240.0,-0.48488637804985046
7187187712.0,-0.4664302468299866
7188125184.0,-0.44804903864860535
7189062656.0,-0.429842084646225
7190000128.0,-0.4113897979259491
7190937600.0,-0.39202365279197693
7191875072.0,-0.3731534779071808
7192812544.0,-0.35358989238739014
7193750016.0,-0.3360564410686493
7194687488.0,-0.3182255029678345
7195624960.0,-0.30034542083740234
7196562432.0,-0.2843366265296936
7197499904.0,-0.268913596868515
7198437376.0,-0.25610801577568054
7199374848.0,-0.24405434727668762
7200312320.0,-0.23481827974319458
7201249792.0,-0.22752878069877625
7202187264.0,-0.22378823161125183
7203125248.0,-0.22276151180267334
7204062720.0,-0.3427483141422272
7205000192.0,-0.3574267625808716
7205937664.0,-0.37252745032310486
7206875136.0,-0.39229199290275574
7207812608.0,-0.4137367010116577
7208750080.0,-0.4393077492713928
7209687552.0,-0.46476173400878906
7210625024.0,-0.49355536699295044
7211562496.0,-0.5254872441291809
7212499968.0,-0.5577781796455383
7213437440.0,-0.5916773080825806
7214374912.0,-0.6262690424919128
7215312384.0,-0.6603567600250244
7216249856.0,-0.6926344633102417
7217187328.0,-0.724718451499939
7218124800.0,-0.7540839910507202
7219062272.0,-0.7819586992263794
7219999744.0,-0.8062324523925781
7220937728.0,-0.8292128443717957
7221875200.0,-0.8474206924438477
7222812672.0,-0.8624455332756042
7223750144.0,-0.8743181824684143
7224687616.0,-0.8815252184867859
7225625088.0,-0.8837416768074036
7226562560.0,-0.8831472396850586
7227500032.0,-0.8758885860443115
7228437504.0,-0.8659393787384033
7229374976.0,-0.8517531752586365
7230312448.0,-0.8331153392791748
7231249920.0,-0.81038498878479
7232187392.0,-0.7854939699172974
7233124864.0,-0.7559553980827332
7234062336.0,-0.7233594059944153
7234999808.0,-0.6884343028068542
7235937280.0,-0.6506134867668152
7236874752.0,-0.612524688243866
7237812736.0,-0.5724913477897644
7238750208.0,-0.5308071970939636
7239687680.0,-0.4886653423309326
7240625152.0,-0.44604572653770447
7241562624.0,-0.4027906060218811
7242500096.0,-0.36124148964881897
7243437568.0,-0.3202085494995117
7244375040.0,-0.2791946232318878
7245312512.0,-0.23877780139446259
7246249984.0,-0.20110775530338287
7247187456.0,-0.1645982712507248
7248124928.0,-0.13033407926559448
7249062400.0,-0.09791259467601776
7249999872.0,-0.06863200664520264
7250937344.0,-0.04288357496261597
7251874816.0,-0.02083440311253071
7252812288.0,-0.0019020194886252284
7253749760.0,0.013009237125515938
7254687744.0,0.024948207661509514
7255625216.0,0.03231450170278549
7256562688.0,0.035429421812295914
7257500160.0,0.033439528197050095
7258437632.0,0.027685409411787987
7259375104.0,0.017657995223999023
7260312576.0,0.004273415543138981
7261250048.0,-0.01287990715354681
7262187520.0,-0.035202737897634506
7263124992.0,-0.06027499586343765
7264062464.0,-0.304133802652359
7264999936.0,-0.3007209002971649
7265937408.0,-0.3023192286491394
7266874880.0,-0.30559542775154114
7267812352.0,-0.31129470467567444
7268749824.0,-0.3202584385871887
7269687296.0,-0.33069154620170593
7270624768.0,-0.34443745017051697
7271562752.0,-0.357686847448349
7272500224.0,-0.3731251657009125
7273437696.0,-0.3906341791152954
7274375168.0,-0.4071590304374695
7275312640.0,-0.42489275336265564
7276250112.0,-0.4423293173313141
7277187584.0,-0.4597267806529999
7278125056.0,-0.47614720463752747
7279062528.0,-0.492154985666275
7280000000.0,-0.5051755309104919
7280937472.0,-0.5162789225578308
7281874944.0,-0.5272032618522644
7282812416.0,-0.5337526798248291
7283749888.0,-0.5396988987922668
7284687360.0,-0.5426678657531738
7285624832.0,-0.544951856136322
7286562304.0,-0.5443023443222046
7287499776.0,-0.5427757501602173
7288437248.0,-0.5413724184036255
7289375232.0,-0.5370463728904724
7290312704.0,-0.5307747721672058
7291250176.0,-0.521437406539917
7292187648.0,-0.5120784044265747
7293125120.0,-0.4992889165878296
7294062592.0,-0.4854026436805725
7295000064.0,-0.46998727321624756
7295937536.0,-0.45292988419532776
7296875008.0,-0.43532034754753113
7297812480.0,-0.4178940951824188
7298749952.0,-0.3996700942516327
7299687424.0,-0.3799949884414673
7300624896.0,-0.3611001670360565
7301562368.0,-0.343205064535141
7302499840.0,-0.3271758556365967
7303437312.0,-0.30991020798683167
7304374784.0,-0.29441890120506287
7305312256.0,-0.2791750133037567
7306250240.0,-0.26680678129196167
7307187712.0,-0.255473256111145
7308125184.0,-0.2452385276556015
7309062656.0,-0.23781532049179077
7310000128.0,-0.2307988554239273
7310937600.0,-0.2237948179244995
7311875072.0,-0.21856702864170074
7312812544.0,-0.2155744880437851
7313750016.0,-0.21472133696079254
7314687488.0,-0.21254633367061615
7315624960.0,-0.2105947732925415
7316562432.0,-0.2098826915025711
7317499904.0,-0.20811907947063446
7318437376.0,-0.20616485178470612
7319374848.0,-0.20387543737888336
7320312320.0,-0.19918353855609894
7321249792.0,-0.19335664808750153
7322187264.0,-0.185879185795784
7323125248.0,-0.1763533055782318
7324062720.0,-0.31783679127693176
7325000192.0,-0.29542630910873413
7325937664.0,-0.27048784494400024
7326875136.0,-0.2436349093914032
7327812608.0,-0.21703238785266876
7328750080.0,-0.18877336382865906
7329687552.0,-0.16189303994178772
7330625024.0,-0.1356729418039322
7331562496.0,-0.1114739254117012
7332499968.0,-0.08816329389810562
7333437440.0,-0.0690397247672081
7334374912.0,-0.05404621362686157
7335312384.0,-0.04302931949496269
7336249856.0,-0.03701433539390564
7337187328.0,-0.035605866461992264
7338124800.0,-0.03875422850251198
7339062272.0,-0.04297511652112007
7340000256.0,-0.05182749032974243
7340937728.0,-0.06649043411016464
7341875200.0,-0.08476707339286804
7342812672.0,-0.10495986044406891
7343750144.0,-0.12913671135902405
7344687616.0,-0.15445266664028168
7345625088.0,-0.18077081441879272
7346562560.0,-0.20794737339019775
7347500032.0,-0.23316213488578796
7348437504.0,-0.25728222727775574
7349374976.0,-0.2778836190700531
7350312448.0,-0.29588979482650757
7351249920.0,-0.3101850748062134
7352187392.0,-0.3189791142940521
7353124864.0,-0.3250035345554352
7354062336.0,-0.32535892724990845
7354999808.0,-0.32106345891952515
7355937280.0,-0.31127819418907166
7356874752.0,-0.2986786663532257
7357812736.0,-0.2813431918621063
7358750208.0,-0.2592119574546814
7359687680.0,-0.23362529277801514
7360625152.0,-0.20507396757602692
7361562624.0,-0.17592748999595642
7362500096.0,-0.14554055035114288
7363437568.0,-0.1141955778002739
7364375040.0,-0.08003009110689163
7365312512.0,-0.04728356748819351
7366249984.0,-0.016987191513180733
7367187456.0,0.010078736580908298
7368124928.0,0.03353368490934372
7369062400.0,0.05303683504462242
7369999872.0,0.06743603199720383
7370937344.0,0.07985332608222961
7371874816.0,0.08701949566602707
7372812288.0,0.09319507330656052
7373749760.0,0.09606543928384781
7374687744.0,0.09765744209289551
7375625216.0,0.09828100353479385
7376562688.0,0.09647523611783981
7377500160.0,0.09584317356348038
7378437632.0,0.09156851470470428
7379375104.0,0.08832089602947235
7380312576.0,0.08220816403627396
7381250048.0,0.07630258053541183
7382187520.0,0.06750711798667908
7383124992.0,0.05744287744164467
7384062464.0,-0.23917177319526672
7384999936.0,-0.25425398349761963
7385937408.0,-0.2703390121459961
7386874880.0,-0.28669509291648865
7387812352.0,-0.3017275929450989
7388749824.0,-0.3135094940662384
7389687296.0,-0.3244257867336273
7390624768.0,-0.33251169323921204
7391562752.0,-0.33814045786857605
7392500224.0,-0.340766966342926
7393437696.0,-0.34181123971939087
7394375168.0,-0.33694174885749817
7395312640.0,-0.3302426040172577
7396250112.0,-0.3183434009552002
7397187584.0,-0.3045409023761749
7398125056.0,-0.2871290445327759
7399062528.0,-0.26648077368736267
7400000000.0,-0.2414272278547287
7400937472.0,-0.21471518278121948
7401874944.0,-0.185354083776474
7402812416.0,-0.15374277532100677
7403749888.0,-0.12036816775798798
7404687360.0,-0.08606244623661041
7405624832.0,-0.05007089301943779
7406562304.0,-0.014126495458185673
7407499776.0,0.020323939621448517
7408437248.0,0.05724261701107025
7409375232.0,0.09125722199678421
7410312704.0,0.12515228986740112
7411250176.0,0.15605990588665009
7412187648.0,0.18705567717552185
7413125120.0,0.2141638994216919
7414062592.0,0.23883599042892456
7415000064.0,0.2611232399940491
7415937536.0,0.28047481179237366
7416875008.0,0.2962358891963959
7417812480.0,0.30870917439460754
7418749952.0,0.3184395432472229
7419687424.0,0.3226315975189209
7420624896.0,0.32500141859054565
7421562368.0,0.3235543668270111
7422499840.0,0.3178711235523224
7423437312.0,0.3090071678161621
7424374784.0,0.29634329676628113
7425312256.0,0.2804532051086426
7426250240.0,0.2618277072906494
7427187712.0,0.24052591621875763
7428125184.0,0.21573114395141602
7429062656.0,0.1900332272052765
7430000128.0,0.16082431375980377
7430937600.0,0.13174717128276825
7431875072.0,0.09997505694627762
7432812544.0,0.06920553743839264
7433750016.0,0.03597468137741089
7434687488.0,0.0038137133233249187
7435624960.0,-0.028403138741850853
7436562432.0,-0.06049308553338051
7437499904.0,-0.09167258441448212
7438437376.0,-0.12199724465608597
7439374848.0,-0.15058939158916473
7440312320.0,-0.17930151522159576
7441249792.0,-0.2073620706796646
7442187264.0,-0.23280125856399536
7443125248.0,-0.25583451986312866
7444062720.0,0.008664769120514393
7445000192.0,-0.006975800264626741
7445937664.0,-0.022811586037278175
7446875136.0,-0.039934925734996796
7447812608.0,-0.0564408116042614
7448750080.0,-0.0734802633523941
7449687552.0,-0.08788537234067917
7450625024.0,-0.10317758470773697
7451562496.0,-0.11504612863063812
7452499968.0,-0.12784287333488464
7453437440.0,-0.1364976316690445
7454374912.0,-0.14413069188594818
7455312384.0,-0.1478278636932373
7456249856.0,-0.1496201753616333
7457187328.0,-0.15195271372795105
7458124800.0,-0.1494944542646408
7459062272.0,-0.1462187021970749
7459999744.0,-0.13972917199134827
7460937728.0,-0.1321215182542801
7461875200.0,-0.12176533788442612
7462812672.0,-0.112655408680439
7463750144.0,-0.10207854211330414
7464687616.0,-0.09130337834358215
7465625088.0,-0.08086971938610077
7466562560.0,-0.07263824343681335
7467500032.0,-0.0639466717839241
7468437504.0,-0.05646458640694618
7469374976.0,-0.048238735646009445
7470312448.0,-0.04147227853536606
7471249920.0,-0.037530526518821716
7472187392.0,-0.033195860683918
7473124864.0,-0.03141885995864868
7474062336.0,-0.029709910973906517
7474999808.0,-0.03078802302479744
7475937280.0,-0.033388230949640274
7476874752.0,-0.0369819812476635
7477812736.0,-0.042872168123722076
7478750208.0,-0.050160251557826996
7479687680.0,-0.05769503116607666
7480625152.0,-0.06776037067174911
7481562624.0,-0.07737870514392853
7482500096.0,-0.08842092752456665
7483437568.0,-0.10022863745689392
7484375040.0,-0.11202845722436905
7485312512.0,-0.12391993403434753
7486249984.0,-0.1348392367362976
7487187456.0,-0.1471175253391266
7488124928.0,-0.156748428940773
7489062400.0,-0.16667641699314117
7489999872.0,-0.1743803471326828
7490937344.0,-0.1816577911376953
7491874816.0,-0.18590731918811798
7492812288.0,-0.18771116435527802
7493749760.0,-0.1879156082868576
7494687744.0,-0.18705259263515472
7495625216.0,-0.1834617257118225
7496562688.0,-0.17911332845687866
7497500160.0,-0.17343901097774506
7498437632.0,-0.16536280512809753
7499375104.0,-0.15684674680233002
7500312576.0,-0.14753305912017822
7501250048.0,-0.13810275495052338
7502187520.0,-0.12826821208000183
7503124992.0,-0.11806190013885498
7504062464.0,-0.07249157130718231
7504999936.0,-0.048389267176389694
7505937408.0,-0.028047548606991768
7506874880.0,-0.01071646623313427
7507812352.0,0.003267918946221471
7508749824.0,0.012807111255824566
7509687296.0,0.019480910152196884
7510624768.0,0.019752170890569687
7511562752.0,0.017601775005459785
7512500224.0,0.010971148498356342
7513437696.0,0.002264447510242462
7514375168.0,-0.008527022786438465
7515312640.0,-0.023312879726290703
7516250112.0,-0.040458258241415024
7517187584.0,-0.055819667875766754
7518125056.0,-0.07311711460351944
7519062528.0,-0.08825245499610901
7520000000.0,-0.10452783852815628
7520937472.0,-0.11929477751255035
7521874944.0,-0.13343341648578644
7522812416.0,-0.14427049458026886
7523749888.0,-0.15402300655841827
7524687360.0,-0.16024120151996613
7525624832.0,-0.1650417447090149
7526562304.0,-0.16589275002479553
7527499776.0,-0.164104625582695
7528437248.0,-0.16081120073795319
7529375232.0,-0.15450897812843323
7530312704.0,-0.14517842233181
7531250176.0,-0.13444244861602783
7532187648.0,-0.12228734791278839
7533125120.0,-0.10908500105142593
7534062592.0,-0.09472551941871643
7535000064.0,-0.08169621974229813
7535937536.0,-0.06852109730243683
7536875008.0,-0.057211022824048996
7537812480.0,-0.047365933656692505
7538749952.0,-0.03893473371863365
7539687424.0,-0.03420694172382355
7540624896.0,-0.03240831941366196
7541562368.0,-0.03465171530842781
7542499840.0,-0.03993748500943184
7543437312.0,-0.049881234765052795
7544374784.0,-0.06451407819986343
7545312256.0,-0.08222341537475586
7546250240.0,-0.10314677655696869
7547187712.0,-0.12812285125255585
7548125184.0,-0.1553919017314911
7549062656.0,-0.18451209366321564
7550000128.0,-0.2165432721376419
7550937600.0,-0.2447231411933899
7551875072.0,-0.2746730148792267
7552812544.0,-0.30195045471191406
7553750016.0,-0.32640090584754944
7554687488.0,-0.34828105568885803
7555624960.0,-0.36670851707458496
7556562432.0,-0.3832637369632721
7557499904.0,-0.39770185947418213
7558437376.0,-0.4109126031398773
7559374848.0,-0.4231695532798767
7560312320.0,-0.43454739451408386
7561249792.0,-0.444280743598938
7562187264.0,-0.455043762922287
7563125248.0,-0.4643245041370392
7564062720.0,-0.42684435844421387
7565000192.0,-0.40990912914276123
7565937664.0,-0.39163365960121155
7566875136.0,-0.3712000846862793
7567812608.0,-0.3483199179172516
7568750080.0,-0.32343369722366333
7569687552.0,-0.29630133509635925
7570625024.0,-0.26979535818099976
7571562496.0,-0.2425047755241394
7572499968.0,-0.21411734819412231
7573437440.0,-0.18625153601169586
7574374912.0,-0.1599709540605545
7575312384.0,-0.1324949413537979
7576249856.0,-0.1071043312549591
7577187328.0,-0.0815536305308342
7578124800.0,-0.05721813812851906
7579062272.0,-0.0341467559337616
7580000256.0,-0.014148514717817307
7580937728.0,0.0041676913388073444
7581875200.0,0.02134743519127369
7582812672.0,0.03518867492675781
7583750144.0,0.04660789296030998
7584687616.0,0.056523047387599945
7585625088.0,0.06401117891073227
7586562560.0,0.06829287111759186
7587500032.0,0.07035809010267258
7588437504.0,0.07004383951425552
7589374976.0,0.06712722778320312
7590312448.0,0.06318732351064682
7591249920.0,0.05551903322339058
7592187392.0,0.04627139866352081
7593124864.0,0.035559944808483124
7594062336.0,0.022325916215777397
7594999808.0,0.009212278760969639
7595937280.0,-0.006036307662725449
7596874752.0,-0.02280985563993454
7597812736.0,-0.04138609766960144
7598750208.0,-0.06022760644555092
7599687680.0,-0.08020640164613724
7600625152.0,-0.10002395510673523
7601562624.0,-0.11970251798629761
7602500096.0,-0.1392362415790558
7603437568.0,-0.15880897641181946
7604375040.0,-0.17816871404647827
7605312512.0,-0.19519014656543732
7606249984.0,-0.21269652247428894
7607187456.0,-0.22861914336681366
7608124928.0,-0.24362441897392273
7609062400.0,-0.2572714388370514
7609999872.0,-0.2688332200050354
7610937344.0,-0.27992087602615356
7611874816.0,-0.29011303186416626
7612812288.0,-0.29771628975868225
7613749760.0,-0.3044348657131195
7614687744.0,-0.30861493945121765
7615625216.0,-0.31391575932502747
7616562688.0,-0.3160969018936157
7617500160.0,-0.316974937915802
7618437632.0,-0.3197315037250519
7619375104.0,-0.3229598104953766
7620312576.0,-0.3244039714336395
7621250048.0,-0.3278406858444214
7622187520.0,-0.3310803771018982
7623124992.0,-0.33303016424179077
7624062464.0,-0.3277910351753235
7624999936.0,-0.33165234327316284
7625937408.0,-0.3330819308757782
7626874880.0,-0.3320080041885376
7627812352.0,-0.3314909040927887
7628749824.0,-0.32762524485588074
7629687296.0,-0.3205275535583496
7630624768.0,-0.312418669462204
7631562752.0,-0.3032999038696289
7632500224.0,-0.2916877567768097
7633437696.0,-0.28038516640663147
7634375168.0,-0.26754799485206604
7635312640.0,-0.254508912563324
7636250112.0,-0.24078468978405
7637187584.0,-0.2260928452014923
7638125056.0,-0.2100103795528412
7639062528.0,-0.19659563899040222
7640000000.0,-0.182650625705719
7640937472.0,-0.17020246386528015
7641874944.0,-0.15764573216438293
7642812416.0,-0.1468046009540558
7643749888.0,-0.1371190994977951
7644687360.0,-0.13120903074741364
7645624832.0,-0.12624011933803558
7646562304.0,-0.12303324043750763
7647499776.0,-0.12175179272890091
7648437248.0,-0.12095949053764343
7649375232.0,-0.1218046247959137
7650312704.0,-0.12360826134681702
7651250176.0,-0.1267673522233963
7652187648.0,-0.13140869140625
7653125120.0,-0.13595159351825714
7654062592.0,-0.14222562313079834
7655000064.0,-0.14842665195465088
7655937536.0,-0.15685856342315674
7656875008.0,-0.16471795737743378
7657812480.0,-0.1724097728729248
7658749952.0,-0.1816314458847046
7659687424.0,-0.19002468883991241
7660624896.0,-0.19813272356987
7661562368.0,-0.20688921213150024
7662499840.0,-0.21548530459403992
7663437312.0,-0.2228083461523056
7664374784.0,-0.23013301193714142
7665312256.0,-0.23680637776851654
7666250240.0,-0.2420240193605423
7667187712.0,-0.24634477496147156
7668125184.0,-0.2511363625526428
7669062656.0,-0.25313323736190796
7670000128.0,-0.2528378367424011
7670937600.0,-0.25281843543052673
7671875072.0,-0.2512187063694
7672812544.0,-0.2471456676721573
7673750016.0,-0.24335992336273193
7674687488.0,-0.2387993335723877
7675624960.0,-0.232438862323761
7676562432.0,-0.22599202394485474
7677499904.0,-0.2181612104177475
7678437376.0,-0.21123254299163818
7679374848.0,-0.20198865234851837
7680312320.0,-0.19331282377243042
7681249792.0,-0.18510062992572784
7682187264.0,-0.1759699136018753
7683125248.0,-0.16717560589313507
7684062720.0,0.07421556115150452
7685000192.0,0.08483601361513138
7685937664.0,0.09468233585357666
7686875136.0,0.10129879415035248
7687812608.0,0.10516909509897232
7688750080.0,0.1065940260887146
7689687552.0,0.10558735579252243
7690625024.0,0.10183935612440109
7691562496.0,0.095755934715271
7692499968.0,0.08639135956764221
7693437440.0,0.0757022276520729
7694374912.0,0.06300600618124008
7695312384.0,0.04660138860344887
7696249856.0,0.02877483330667019
7697187328.0,0.00990287959575653
7698124800.0,-0.011402521282434464
7699062272.0,-0.03422851860523224
7699999744.0,-0.057603564113378525
7700937728.0,-0.08043816685676575
7701875200.0,-0.10388906300067902
7702812672.0,-0.12753993272781372
7703750144.0,-0.1501857191324234
7704687616.0,-0.17166225612163544
7705625088.0,-0.1925145387649536
7706562560.0,-0.21103528141975403
7707500032.0,-0.22982147336006165
7708437504.0,-0.245550736784935
7709374976.0,-0.259805828332901
7710312448.0,-0.2727803885936737
7711249920.0,-0.28307515382766724
7712187392.0,-0.2935483157634735
7713124864.0,-0.29979637265205383
7714062336.0,-0.3046455383300781
7714999808.0,-0.308763325214386
7715937280.0,-0.31102272868156433
7716874752.0,-0.3107678294181824
7717812736.0,-0.31054091453552246
7718750208.0,-0.307778924703598
7719687680.0,-0.3035997152328491
7720625152.0,-0.2974149286746979
7721562624.0,-0.2909389138221741
7722500096.0,-0.28211089968681335
7723437568.0,-0.2741093635559082
7724375040.0,-0.2645788788795471
7725312512.0,-0.2559972107410431
7726249984.0,-0.24757704138755798
7727187456.0,-0.23760123550891876
7728124928.0,-0.23110106587409973
7729062400.0,-0.22315512597560883
7729999872.0,-0.21571964025497437
7730937344.0,-0.2090953141450882
7731874816.0,-0.20390106737613678
7732812288.0,-0.1984228938817978
7733749760.0,-0.194041907787323
7734687744.0,-0.19034795463085175
7735625216.0,-0.1891629546880722
7736562688.0,-0.18790443241596222
7737500160.0,-0.18810024857521057
7738437632.0,-0.18865589797496796
7739375104.0,-0.19013535976409912
7740312576.0,-0.1930018812417984
7741250048.0,-0.19720886647701263
7742187520.0,-0.20383743941783905
7743124992.0,-0.2099364697933197
7744062464.0,-0.15439622104167938
7744999936.0,-0.12004293501377106
7745937408.0,-0.08277228474617004
7746874880.0,-0.04407022148370743
7747812352.0,-0.006839559879153967
7748749824.0,0.02912844717502594
7749687296.0,0.06304802745580673
7750624768.0,0.0945073589682579
7751562752.0,0.12267736345529556
7752500224.0,0.14673863351345062
7753437696.0,0.16975858807563782
7754375168.0,0.18826912343502045
7755312640.0,0.20375515520572662
7756250112.0,0.21484969556331635
7757187584.0,0.22270940244197845
7758125056.0,0.2262711375951767
7759062528.0,0.22803789377212524
7760000000.0,0.22518903017044067
7760937472.0,0.22053992748260498
7761874944.0,0.2126999795436859
7762812416.0,0.20299600064754486
7763749888.0,0.18982456624507904
7764687360.0,0.17475061118602753
7765624832.0,0.1574508100748062
7766562304.0,0.14001254737377167
7767499776.0,0.11990074813365936
7768437248.0,0.09870388358831406
7769375232.0,0.07727482169866562
7770312704.0,0.05453285947442055
7771250176.0,0.03374527394771576
7772187648.0,0.013059425167739391
7773125120.0,-0.00820466410368681
7774062592.0,-0.028012976050376892
7775000064.0,-0.04867846146225929
7775937536.0,-0.06741364300251007
7776875008.0,-0.0867638811469078
7777812480.0,-0.10406980663537979
7778749952.0,-0.12018250674009323
7779687424.0,-0.13612917065620422
7780624896.0,-0.15238307416439056
7781562368.0,-0.16504493355751038
7782499840.0,-0.17727169394493103
7783437312.0,-0.18914569914340973
7784374784.0,-0.20086325705051422
7785312256.0,-0.21031567454338074
7786250240.0,-0.2195603996515274
7787187712.0,-0.22780047357082367
7788125184.0,-0.23429669439792633
7789062656.0,-0.24133619666099548
7790000128.0,-0.2465779334306717
7790937600.0,-0.252077579498291
7791875072.0,-0.2568172514438629
7792812544.0,-0.26157689094543457
7793750016.0,-0.26370301842689514
7794687488.0,-0.26669707894325256
7795624960.0,-0.26951587200164795
7796562432.0,-0.27271559834480286
7797499904.0,-0.27595606446266174
7798437376.0,-0.28011849522590637
7799374848.0,-0.2822485864162445
7800312320.0,-0.28262653946876526
7801249792.0,-0.28153178095817566
7802187264.0,-0.2789882719516754
7803125248.0,-0.2753371298313141
7804062720.0,-0.2526203393936157
7805000192.0,-0.2414102405309677
7805937664.0,-0.22995314002037048
7806875136.0,-0.21614877879619598
7807812608.0,-0.2035302370786667
7808750080.0,-0.18815933167934418
7809687552.0,-0.1736605167388916
7810625024.0,-0.1588439792394638
7811562496.0,-0.14392146468162537
7812499968.0,-0.1282414197921753
7813437440.0,-0.11205524206161499
7814374912.0,-0.09634669125080109
7815312384.0,-0.08046016097068787
7816249856.0,-0.06339466571807861
7817187328.0,-0.04782940819859505
7818124800.0,-0.033245086669921875
7819062272.0,-0.017169512808322906
7820000256.0,-0.0035914063919335604
7820937728.0,0.010313836857676506
7821875200.0,0.023750081658363342
7822812672.0,0.0327756293118
7823750144.0,0.040956754237413406
7824687616.0,0.04900212213397026
7825625088.0,0.05550496280193329
7826562560.0,0.0622398778796196
7827500032.0,0.06745610386133194
7828437504.0,0.07258469611406326
7829374976.0,0.07594434171915054
7830312448.0,0.07816946506500244
7831249920.0,0.08080867677927017
7832187392.0,0.08425866812467575
7833124864.0,0.08577317744493484
7834062336.0,0.08723708242177963
7834999808.0,0.08885525912046432
7835937280.0,0.08969626575708389
7836874752.0,0.08932771533727646
7837812736.0,0.08890977501869202
7838750208.0,0.08886387199163437
7839687680.0,0.08812034875154495
7840625152.0,0.08780188858509064
7841562624.0,0.08789872378110886
7842500096.0,0.08647537231445312
7843437568.0,0.08458593487739563
7844375040.0,0.08342283964157104
7845312512.0,0.0816434696316719
7846249984.0,0.0796557292342186
7847187456.0,0.07680770009756088
7848124928.0,0.07233507931232452
7849062400.0,0.0674305260181427
7849999872.0,0.06085950881242752
7850937344.0,0.05593092367053032
7851874816.0,0.049868930131196976
7852812288.0,0.04371297359466553
7853749760.0,0.037241946905851364
7854687744.0,0.03050396591424942
7855625216.0,0.02261889912188053
7856562688.0,0.014016583561897278
7857500160.0,0.0054682595655322075
7858437632.0,-0.003273103851824999
7859375104.0,-0.012286391109228134
7860312576.0,-0.021665483713150024
7861250048.0,-0.031256239861249924
7862187520.0,-0.04146605730056763
7863124992.0,-0.05121549591422081
7864062464.0,0.05344705656170845
7864999936.0,0.044819992035627365
7865937408.0,0.036888472735881805
7866874880.0,0.03055732324719429
7867812352.0,0.022439396008849144
7868749824.0,0.017508510500192642
7869687296.0,0.012820279225707054
7870624768.0,0.00822853110730648
7871562752.0,0.004693256691098213
7872500224.0,0.002464700024574995
7873437696.0,-0.003237823024392128
7874375168.0,-0.009841199032962322
7875312640.0,-0.016453132033348083
7876250112.0,-0.023520881310105324
7877187584.0,-0.029683711007237434
7878125056.0,-0.03850226104259491
7879062528.0,-0.04740065708756447
7880000000.0,-0.05769859626889229
7880937472.0,-0.06844013929367065
7881874944.0,-0.0812956690788269
7882812416.0,-0.093264140188694
7883749888.0,-0.10880418121814728
7884687360.0,-0.12571866810321808
7885624832.0,-0.1443694829940796
7886562304.0,-0.16390779614448547
7887499776.0,-0.18502099812030792
7888437248.0,-0.20681151747703552
7889375232.0,-0.22966885566711426
7890312704.0,-0.2553739845752716
7891250176.0,-0.280195027589798
7892187648.0,-0.3043105900287628
7893125120.0,-0.32936891913414
7894062592.0,-0.353649765253067
7895000064.0,-0.3771934509277344
7895937536.0,-0.3991127610206604
7896875008.0,-0.420694500207901
7897812480.0,-0.4399793744087219
7898749952.0,-0.45570704340934753
7899687424.0,-0.4703405201435089
7900624896.0,-0.481253445148468
7901562368.0,-0.48991432785987854
7902499840.0,-0.4953591525554657
7903437312.0,-0.4996108114719391
7904374784.0,-0.49849262833595276
7905312256.0,-0.49560531973838806
7906250240.0,-0.48937129974365234
7907187712.0,-0.4791593551635742
7908125184.0,-0.4675537645816803
7909062656.0,-0.45274218916893005
7910000128.0,-0.4344985783100128
7910937600.0,-0.4136621057987213
7911875072.0,-0.39217454195022583
7912812544.0,-0.3671627938747406
7913750016.0,-0.3411181569099426
7914687488.0,-0.31337741017341614
7915624960.0,-0.2841316759586334
7916562432.0,-0.2544562518596649
7917499904.0,-0.2240077257156372
7918437376.0,-0.1932101994752884
7919374848.0,-0.16221173107624054
7920312320.0,-0.1318369358778
7921249792.0,-0.10191313922405243
7922187264.0,-0.07255502045154572
7923125248.0,-0.04487338289618492
7924062720.0,0.08566021919250488
7925000192.0,0.10633105784654617
7925937664.0,0.12460386008024216
7926875136.0,0.13981367647647858
7927812608.0,0.1527303159236908
7928750080.0,0.16299575567245483
7929687552.0,0.1704382747411728
7930625024.0,0.17636387050151825
7931562496.0,0.1787194460630417
7932499968.0,0.180337056517601
7933437440.0,0.17908550798892975
7934374912.0,0.17500613629817963
7935312384.0,0.16884060204029083
7936249856.0,0.16129396855831146
7937187328.0,0.15191207826137543
7938124800.0,0.13967680931091309
7939062272.0,0.1270265281200409
7939999744.0,0.11451005935668945
7940937728.0,0.09830848127603531
7941875200.0,0.08207041025161743
7942812672.0,0.06278552860021591
7943750144.0,0.04462870582938194
7944687616.0,0.025035781785845757
7945625088.0,0.0048224786296486855
7946562560.0,-0.016286451369524002
7947500032.0,-0.03734350949525833
7948437504.0,-0.06096987798810005
7949374976.0,-0.08248265087604523
7950312448.0,-0.10406795144081116
7951249920.0,-0.12416549772024155
7952187392.0,-0.1447898894548416
7953124864.0,-0.16605685651302338
7954062336.0,-0.18751634657382965
7954999808.0,-0.20933136343955994
7955937280.0,-0.23056313395500183
7956874752.0,-0.25230085849761963
7957812736.0,-0.27305877208709717
7958750208.0,-0.29388824105262756
7959687680.0,-0.31324976682662964
7960625152.0,-0.3335070312023163
7961562624.0,-0.35237014293670654
7962500096.0,-0.3694050908088684
7963437568.0,-0.3871382772922516
7964375040.0,-0.4026983678340912
7965312512.0,-0.416885107755661
7966249984.0,-0.43206825852394104
7967187456.0,-0.4428505599498749
7968124928.0,-0.45468759536743164
7969062400.0,-0.4646430015563965
7969999872.0,-0.47259387373924255
7970937344.0,-0.4779563546180725
7971874816.0,-0.4825754165649414
7972812288.0,-0.486125111579895
7973749760.0,-0.4885033965110779
7974687744.0,-0.48767995834350586
7975625216.0,-0.4849889874458313
7976562688.0,-0.48150724172592163
7977500160.0,-0.4753606617450714
7978437632.0,-0.4666001498699188
7979375104.0,-0.4568318724632263
7980312576.0,-0.4430480897426605
7981250048.0,-0.42790687084198
7982187520.0,-0.4113858640193939
7983124992.0,-0.3937811851501465
7984062464.0,-0.370378702878952
7984999936.0,-0.35533908009529114
7985937408.0,-0.34041938185691833
7986874880.0,-0.3241893947124481
7987812352.0,-0.30675798654556274
7988749824.0,-0.2885780334472656
7989687296.0,-0.2695271968841553
7990624768.0,-0.2513536810874939
7991562752.0,-0.2309802621603012
7992500224.0,-0.21245570480823517
7993437696.0,-0.19303932785987854
7994375168.0,-0.17384839057922363
7995312640.0,-0.15496627986431122
7996250112.0,-0.13673971593379974
7997187584.0,-0.11810996383428574
7998125056.0,-0.10127958655357361
7999062528.0,-0.08477151393890381
8000000000.0,-0.0675857812166214
