Frequency (Hz),Measurement
2000000000.0,0.15655317902565002
2000937472.0,0.14984090626239777
2001874944.0,0.14582079648971558
2002812544.0,0.1407364308834076
2003750016.0,0.13591539859771729
2004687488.0,0.1308208853006363
2005624960.0,0.1253288984298706
2006562560.0,0.11994463950395584
2007500032.0,0.11411073803901672
2008437504.0,0.10756708681583405
2009374976.0,0.10170692950487137
2010312448.0,0.0959012433886528
2011250048.0,0.0894290879368782
2012187520.0,0.08351492136716843
2013124992.0,0.07728949189186096
2014062464.0,0.07078427821397781
2015000064.0,0.06450437009334564
2015937536.0,0.058227285742759705
2016875008.0,0.05262504890561104
2017812480.0,0.04631173983216286
2018749952.0,0.04034136235713959
2019687552.0,0.03548981621861458
2020625024.0,0.030196018517017365
2021562496.0,0.025874190032482147
2022499968.0,0.02286255918443203
2023437440.0,0.018397348001599312
2024375040.0,0.016768809407949448
2025312512.0,0.015251189470291138
2026249984.0,0.014644035138189793
2027187456.0,0.014753662049770355
2028125056.0,0.014583785086870193
2029062528.0,0.016810327768325806
2030000000.0,0.019007664173841476
2030937472.0,0.022277697920799255
2031874944.0,0.02725926786661148
2032812544.0,0.03108868934214115
2033750016.0,0.036852724850177765
2034687488.0,0.043107323348522186
2035624960.0,0.050370607525110245
2036562560.0,0.05818406492471695
2037500032.0,0.06572191417217255
2038437504.0,0.0740741416811943
2039374976.0,0.08207301795482635
2040312448.0,0.0919322744011879
2041250048.0,0.09985961765050888
2042187520.0,0.10786215215921402
2043124992.0,0.11590401828289032
2044062464.0,0.12456558644771576
2044999936.0,0.1308850795030594
2045937536.0,0.1369829922914505
2046875008.0,0.1418096125125885
2047812480.0,0.1461276412010193
2048749952.0,0.15660898387432098
2049687552.0,0.15208017826080322
2050625024.0,0.14536118507385254
2051562496.0,0.1403583139181137
2052499968.0,0.13395802676677704
2053437440.0,0.1273626983165741
2054375040.0,0.12033974379301071
2055312512.0,0.1131228357553482
2056249984.0,0.10548985749483109
2057187456.0,0.09771504253149033
2058125056.0,0.09107743203639984
2059062528.0,0.08466134965419769
2060000000.0,0.07742879539728165
2060937472.0,0.07112835347652435
2061874944.0,0.06404720991849899
2062812544.0,0.058123279362916946
2063750016.0,0.051893655210733414
2064687488.0,0.046739622950553894
2065624960.0,0.042129676789045334
2066562560.0,0.0366109274327755
2067500032.0,0.03221876546740532
2068437504.0,0.02835855633020401
2069374976.0,0.024283120408654213
2070312448.0,0.021989982575178146
2071250048.0,0.018513409420847893
2072187520.0,0.015313474461436272
2073124992.0,0.012711144983768463
2074062464.0,0.01032471377402544
2075000064.0,0.00965431984513998
2075937536.0,0.007257434539496899
2076875008.0,0.006181531585752964
2077812480.0,0.00574015686288476
2078749952.0,0.004583959002047777
2079687552.0,0.006062882952392101
2080625024.0,0.0058343796990811825
2081562496.0,0.0074256774969398975
2082499968.0,0.008321776986122131
2083437440.0,0.01056232862174511
2084375040.0,0.012460270896553993
2085312512.0,0.015935739502310753
2086249984.0,0.018679721280932426
2087187456.0,0.023026108741760254
2088125056.0,0.027301467955112457
2089062528.0,0.03224886953830719
2090000000.0,0.037965938448905945
2090937472.0,0.044528599828481674
2091874944.0,0.051444608718156815
2092812544.0,0.05840064585208893
2093750016.0,0.06622970849275589
2094687488.0,0.07474344223737717
2095624960.0,0.08394108712673187
2096562560.0,0.093416228890419
2097500032.0,0.1047605499625206
2098437504.0,0.1154448539018631
2099374976.0,0.12672480940818787
2100312448.0,0.1389392912387848
2101250048.0,0.1511305272579193
2102187520.0,0.16337645053863525
2103124992.0,0.17663918435573578
2104062464.0,0.18998847901821136
2104999936.0,0.20336952805519104
2105937536.0,0.21748755872249603
2106875008.0,0.22931399941444397
2107812480.0,0.2415522038936615
2108749952.0,0.2802068591117859
2109687552.0,0.28832337260246277
2110625024.0,0.2958536148071289
2111562496.0,0.3029462695121765
2112499968.0,0.30776533484458923
2113437440.0,0.3125033378601074
2114375040.0,0.3148544132709503
2115312512.0,0.315104603767395
2116249984.0,0.31375426054000854
2117187456.0,0.30965423583984375
2118125056.0,0.3026233911514282
2119062528.0,0.2917332351207733
2120000000.0,0.27892929315567017
2120937472.0,0.2630985677242279
2121874944.0,0.24441102147102356
2122812544.0,0.22289247810840607
2123750016.0,0.19985917210578918
2124687488.0,0.17543576657772064
2125624960.0,0.14916978776454926
2126562560.0,0.12275132536888123
2127500032.0,0.09508498013019562
2128437504.0,0.06843251734972
2129374976.0,0.04201572760939598
2130312448.0,0.017257433384656906
2131250048.0,-0.00522195128723979
2132187520.0,-0.02716986835002899
2133124992.0,-0.04714156314730644
2134062464.0,-0.06412721425294876
2135000064.0,-0.07855694741010666
2135937536.0,-0.09021282941102982
2136875008.0,-0.0979132428765297
2137812480.0,-0.1041150763630867
2138749952.0,-0.10687624663114548
2139687552.0,-0.10747610777616501
2140625024.0,-0.10441111028194427
2141562496.0,-0.09878864884376526
2142499968.0,-0.0914270207285881
2143437440.0,-0.08236155658960342
2144375040.0,-0.07029904425144196
2145312512.0,-0.05749473720788956
2146249984.0,-0.04416424781084061
2147187456.0,-0.030048668384552002
2148124928.0,-0.016074642539024353
2149062400.0,-0.000217884560697712
2150000128.0,0.015097728930413723
2150937600.0,0.030070291832089424
2151875072.0,0.04472091794013977
2152812544.0,0.05906377360224724
2153750016.0,0.07147028297185898
2154687488.0,0.08375559747219086
2155624960.0,0.09683776646852493
2156562432.0,0.10769785940647125
2157499904.0,0.11864788085222244
2158437376.0,0.1279786378145218
2159375104.0,0.13772150874137878
2160312576.0,0.14639335870742798
2161250048.0,0.15534301102161407
2162187520.0,0.16349269449710846
2163124992.0,0.17182718217372894
2164062464.0,0.1804603487253189
2164999936.0,0.1878165453672409
2165937408.0,0.1949985772371292
2166874880.0,0.20357267558574677
2167812608.0,0.21084028482437134
2168750080.0,0.23504604399204254
2169687552.0,0.24539300799369812
2170625024.0,0.25648799538612366
2171562496.0,0.26643210649490356
2172499968.0,0.27626335620880127
2173437440.0,0.2852577567100525
2174374912.0,0.2940387725830078
2175312384.0,0.30052968859672546
2176250112.0,0.3065513074398041
2177187584.0,0.3108075261116028
2178125056.0,0.313726544380188
2179062528.0,0.3148007094860077
2180000000.0,0.3141062557697296
2180937472.0,0.3108636438846588
2181874944.0,0.30649393796920776
2182812416.0,0.29954034090042114
2183749888.0,0.29004916548728943
2184687616.0,0.27910739183425903
2185625088.0,0.26622676849365234
2186562560.0,0.25221168994903564
2187500032.0,0.23555128276348114
2188437504.0,0.21851985156536102
2189374976.0,0.19923801720142365
2190312448.0,0.1792537271976471
2191249920.0,0.1592409759759903
2192187392.0,0.1383654624223709
2193125120.0,0.11742200702428818
2194062592.0,0.09694850444793701
2195000064.0,0.07609950751066208
2195937536.0,0.0575467087328434
2196875008.0,0.03865139186382294
2197812480.0,0.02151346765458584
2198749952.0,0.005696712527424097
2199687424.0,-0.008240632712841034
2200624896.0,-0.021061329171061516
2201562624.0,-0.030757388100028038
2202500096.0,-0.03887040913105011
2203437568.0,-0.04429726302623749
2204375040.0,-0.04768639802932739
2205312512.0,-0.049219146370887756
2206249984.0,-0.047696832567453384
2207187456.0,-0.04476606100797653
2208124928.0,-0.03967936336994171
2209062400.0,-0.033134687691926956
2209999872.0,-0.02312553860247135
2210937600.0,-0.011567062698304653
2211875072.0,0.0012081805616617203
2212812544.0,0.015125635080039501
2213750016.0,0.030701471492648125
2214687488.0,0.04735443741083145
2215624960.0,0.06327734887599945
2216562432.0,0.08074367791414261
2217499904.0,0.09939900040626526
2218437376.0,0.11591298133134842
2219375104.0,0.13413800299167633
2220312576.0,0.15019537508487701
2221250048.0,0.16639050841331482
2222187520.0,0.18238361179828644
2223124992.0,0.1965876966714859
2224062464.0,0.20849929749965668
2224999936.0,0.22045451402664185
2225937408.0,0.23064538836479187
2226874880.0,0.23878240585327148
2227812608.0,0.2460179477930069
2228750080.0,0.2174733430147171
2229687552.0,0.22266662120819092
2230625024.0,0.22650861740112305
2231562496.0,0.22988547384738922
2232499968.0,0.23265446722507477
2233437440.0,0.23216937482357025
2234374912.0,0.23095163702964783
2235312384.0,0.2272547334432602
2236250112.0,0.2213287353515625
2237187584.0,0.21346718072891235
2238125056.0,0.20335306227207184
2239062528.0,0.19161991775035858
2240000000.0,0.17729893326759338
2240937472.0,0.16147810220718384
2241874944.0,0.144154891371727
2242812416.0,0.12576033174991608
2243749888.0,0.10526905208826065
2244687616.0,0.08481861650943756
2245625088.0,0.06354834884405136
2246562560.0,0.04216345399618149
2247500032.0,0.0212793480604887
2248437504.0,0.0005257480661384761
2249374976.0,-0.01853572390973568
2250312448.0,-0.03692284971475601
2251249920.0,-0.0544101856648922
2252187392.0,-0.06874807178974152
2253125120.0,-0.0815277025103569
2254062592.0,-0.09288971871137619
2255000064.0,-0.10196984559297562
2255937536.0,-0.10773671418428421
2256875008.0,-0.11143483966588974
2257812480.0,-0.11241133511066437
2258749952.0,-0.11184661835432053
2259687424.0,-0.10803630203008652
2260624896.0,-0.10214214771986008
2261562624.0,-0.0932944267988205
2262500096.0,-0.08337322622537613
2263437568.0,-0.07227159291505814
2264375040.0,-0.058913152664899826
2265312512.0,-0.04466775432229042
2266249984.0,-0.02915309928357601
2267187456.0,-0.013306159526109695
2268124928.0,0.0038164255674928427
2269062400.0,0.021392494440078735
2270000128.0,0.03934435546398163
2270937600.0,0.055887699127197266
2271875072.0,0.07316772639751434
2272812544.0,0.08984768390655518
2273750016.0,0.10708136111497879
2274687488.0,0.12255643308162689
2275624960.0,0.13876421749591827
2276562432.0,0.1534043848514557
2277499904.0,0.1666451245546341
2278437376.0,0.17903083562850952
2279375104.0,0.1903667002916336
2280312576.0,0.20090220868587494
2281250048.0,0.21154451370239258
2282187520.0,0.2192409485578537
2283124992.0,0.22683309018611908
2284062464.0,0.23412863910198212
2284999936.0,0.2395527958869934
2285937408.0,0.24527014791965485
2286874880.0,0.2496921420097351
2287812608.0,0.25406450033187866
2288750080.0,0.26560038328170776
2289687552.0,0.2737492322921753
2290625024.0,0.28187137842178345
2291562496.0,0.28971996903419495
2292499968.0,0.2976725399494171
2293437440.0,0.30536535382270813
2294374912.0,0.31097665429115295
2295312384.0,0.3172074854373932
2296250112.0,0.3220691382884979
2297187584.0,0.3249569237232208
2298125056.0,0.32687216997146606
2299062528.0,0.3272227942943573
2300000000.0,0.32619649171829224
2300937472.0,0.321971595287323
2301874944.0,0.3159853219985962
2302812416.0,0.30792033672332764
2303749888.0,0.2958946228027344
2304687616.0,0.282215416431427
2305625088.0,0.26502522826194763
2306562560.0,0.24586236476898193
2307500032.0,0.22396425902843475
2308437504.0,0.20012156665325165
2309374976.0,0.17504817247390747
2310312448.0,0.1475386917591095
2311249920.0,0.11897458881139755
2312187392.0,0.089975506067276
2313125120.0,0.060186199843883514
2314062592.0,0.030825741589069366
2315000064.0,0.0022350449580699205
2315937536.0,-0.02501206286251545
2316875008.0,-0.049651626497507095
2317812480.0,-0.07396750897169113
2318749952.0,-0.09515026211738586
2319687424.0,-0.1150769293308258
2320624896.0,-0.1317514330148697
2321562624.0,-0.14677150547504425
2322500096.0,-0.15949448943138123
2323437568.0,-0.16933926939964294
2324375040.0,-0.1778995543718338
2325312512.0,-0.18369907140731812
2326249984.0,-0.18818601965904236
2327187456.0,-0.18974067270755768
2328124928.0,-0.19031426310539246
2329062400.0,-0.18848714232444763
2329999872.0,-0.185713991522789
2330937600.0,-0.18107260763645172
2331875072.0,-0.17445142567157745
2332812544.0,-0.16760112345218658
2333750016.0,-0.158876433968544
2334687488.0,-0.14857293665409088
2335624960.0,-0.13567401468753815
2336562432.0,-0.12119041383266449
2337499904.0,-0.10610876232385635
2338437376.0,-0.08865012973546982
2339375104.0,-0.06933668255805969
2340312576.0,-0.048176608979701996
2341250048.0,-0.026566220447421074
2342187520.0,-0.003051689825952053
2343124992.0,0.021532947197556496
2344062464.0,0.04716723784804344
2344999936.0,0.07253966480493546
2345937408.0,0.0991353690624237
2346874880.0,0.12519344687461853
2347812608.0,0.15178151428699493
2348750080.0,0.2042912393808365
2349687552.0,0.22001701593399048
2350625024.0,0.23221901059150696
2351562496.0,0.24095799028873444
2352499968.0,0.2468191385269165
2353437440.0,0.24900303781032562
2354374912.0,0.2492680549621582
2355312384.0,0.24364399909973145
2356250112.0,0.23647503554821014
2357187584.0,0.22587208449840546
2358125056.0,0.2121637612581253
2359062528.0,0.19501876831054688
2360000000.0,0.1753440499305725
2360937472.0,0.15297865867614746
2361874944.0,0.12867656350135803
2362812416.0,0.1027560606598854
2363749888.0,0.07569386065006256
2364687616.0,0.04744669422507286
2365625088.0,0.0190334040671587
2366562560.0,-0.009235094301402569
2367500032.0,-0.03647922724485397
2368437504.0,-0.06503614783287048
2369374976.0,-0.09131619334220886
2370312448.0,-0.11670704185962677
2371249920.0,-0.14138402044773102
2372187392.0,-0.1624697893857956
2373125120.0,-0.18225374817848206
2374062592.0,-0.19967834651470184
2375000064.0,-0.2142418473958969
2375937536.0,-0.2258710265159607
2376875008.0,-0.23539119958877563
2377812480.0,-0.24231021106243134
2378749952.0,-0.24574704468250275
2379687424.0,-0.24645045399665833
2380624896.0,-0.24473024904727936
2381562624.0,-0.2406691163778305
2382500096.0,-0.2335895150899887
2383437568.0,-0.2241613268852234
2384375040.0,-0.21338878571987152
2385312512.0,-0.20041465759277344
2386249984.0,-0.1855480968952179
2387187456.0,-0.17049044370651245
2388124928.0,-0.15380631387233734
2389062400.0,-0.1362410932779312
2390000128.0,-0.11949029564857483
2390937600.0,-0.10275330394506454
2391875072.0,-0.08545181900262833
2392812544.0,-0.06938214600086212
2393750016.0,-0.05353289842605591
2394687488.0,-0.039222124963998795
2395624960.0,-0.025218551978468895
2396562432.0,-0.012467147782444954
2397499904.0,0.00013276925892569125
2398437376.0,0.009991641156375408
2399375104.0,0.01917910948395729
2400312576.0,0.02672479674220085
2401250048.0,0.03309672325849533
2402187520.0,0.03737891837954521
2403124992.0,0.04040801152586937
2404062464.0,0.042582664638757706
2404999936.0,0.04325806722044945
2405937408.0,0.04217430204153061
2406874880.0,0.040538489818573
2407812608.0,0.03813791275024414
2408750080.0,0.034711919724941254
2409687552.0,0.03956560418009758
2410625024.0,0.04281538352370262
2411562496.0,0.04428591951727867
2412499968.0,0.04306982830166817
2413437440.0,0.03823278099298477
2414374912.0,0.03285978361964226
2415312384.0,0.024060208350419998
2416250112.0,0.01403143908828497
2417187584.0,0.002220763359218836
2418125056.0,-0.012437290512025356
2419062528.0,-0.027848728001117706
2420000000.0,-0.04511694237589836
2420937472.0,-0.06262033432722092
2421874944.0,-0.0830455794930458
2422812416.0,-0.10390011966228485
2423749888.0,-0.12516389787197113
2424687616.0,-0.14744055271148682
2425625088.0,-0.16856104135513306
2426562560.0,-0.1899864375591278
2427500032.0,-0.211371049284935
2428437504.0,-0.23232319951057434
2429374976.0,-0.2519833743572235
2430312448.0,-0.2725631594657898
2431249920.0,-0.29109394550323486
2432187392.0,-0.30879154801368713
2433125120.0,-0.32514581084251404
2434062592.0,-0.34102678298950195
2435000064.0,-0.35424724221229553
2435937536.0,-0.3678892254829407
2436875008.0,-0.37873783707618713
2437812480.0,-0.38936662673950195
2438749952.0,-0.3968812823295593
2439687424.0,-0.4036789834499359
2440624896.0,-0.4090098440647125
2441562624.0,-0.4142979085445404
2442500096.0,-0.4161599576473236
2443437568.0,-0.41589048504829407
2444375040.0,-0.4161739945411682
2445312512.0,-0.41398656368255615
2446249984.0,-0.41074201464653015
2447187456.0,-0.40741562843322754
2448124928.0,-0.4029754400253296
2449062400.0,-0.3981768786907196
2449999872.0,-0.3927501440048218
2450937600.0,-0.38693496584892273
2451875072.0,-0.38009747862815857
2452812544.0,-0.3737957775592804
2453750016.0,-0.3669893145561218
2454687488.0,-0.3601318597793579
2455624960.0,-0.3531225919723511
2456562432.0,-0.34752076864242554
2457499904.0,-0.3418196141719818
2458437376.0,-0.336035817861557
2459375104.0,-0.3315664827823639
2460312576.0,-0.32674092054367065
2461250048.0,-0.32482218742370605
2462187520.0,-0.3223649561405182
2463124992.0,-0.3217342793941498
2464062464.0,-0.32310160994529724
2464999936.0,-0.3260476291179657
2465937408.0,-0.3301684558391571
2466874880.0,-0.33736664056777954
2467812608.0,-0.34680208563804626
2468750080.0,-0.4350738525390625
2469687552.0,-0.4565531611442566
2470625024.0,-0.4801594614982605
2471562496.0,-0.506597101688385
2472499968.0,-0.5355885624885559
2473437440.0,-0.5689153671264648
2474374912.0,-0.6040628552436829
2475312384.0,-0.6436955332756042
2476250112.0,-0.686414897441864
2477187584.0,-0.7321181297302246
2478125056.0,-0.780992329120636
2479062528.0,-0.8340768814086914
2480000000.0,-0.8895675539970398
2480937472.0,-0.9485074877738953
2481874944.0,-1.0112178325653076
2482812416.0,-1.0774978399276733
2483749888.0,-1.1464940309524536
2484687616.0,-1.2188903093338013
2485625088.0,-1.29489004611969
2486562560.0,-1.3729885816574097
2487500032.0,-1.4545457363128662
2488437504.0,-1.5391521453857422
2489374976.0,-1.6283072233200073
2490312448.0,-1.7187635898590088
2491249920.0,-1.8163630962371826
2492187392.0,-1.9173307418823242
2493125120.0,-2.022125244140625
2494062592.0,-2.1336982250213623
2495000064.0,-2.249307632446289
2495937536.0,-2.370863199234009
2496875008.0,-2.500309467315674
2497812480.0,-2.6365723609924316
2498749952.0,-2.7816853523254395
2499687424.0,-2.9365124702453613
2500624896.0,-3.1003615856170654
2501562624.0,-3.2738819122314453
2502500096.0,-3.4608004093170166
2503437568.0,-3.663597822189331
2504375040.0,-3.8822197914123535
2505312512.0,-4.1188859939575195
2506249984.0,-4.370937347412109
2507187456.0,-4.640886306762695
2508124928.0,-4.928585529327393
2509062400.0,-5.23651123046875
2510000128.0,-5.5645575523376465
2510937600.0,-5.911479473114014
2511875072.0,-6.270204067230225
2512812544.0,-6.636591911315918
2513750016.0,-6.998717784881592
2514687488.0,-7.341003894805908
2515624960.0,-7.644859313964844
2516562432.0,-7.891079902648926
2517499904.0,-8.063416481018066
2518437376.0,-8.148354530334473
2519375104.0,-8.13688850402832
2520312576.0,-8.032549858093262
2521250048.0,-7.837554931640625
2522187520.0,-7.568089962005615
2523124992.0,-7.234354019165039
2524062464.0,-6.858870506286621
2524999936.0,-6.459475040435791
2525937408.0,-6.047313690185547
2526874880.0,-5.638618469238281
2527812608.0,-5.241394519805908
2528750080.0,-4.854204177856445
2529687552.0,-4.495980739593506
2530625024.0,-4.159311771392822
2531562496.0,-3.8465006351470947
2532499968.0,-3.5560479164123535
2533437440.0,-3.287764549255371
2534374912.0,-3.0416512489318848
2535312384.0,-2.816135883331299
2536250112.0,-2.6100802421569824
2537187584.0,-2.421381711959839
2538125056.0,-2.2504382133483887
2539062528.0,-2.0929887294769287
2540000000.0,-1.9518101215362549
2540937472.0,-1.8218897581100464
2541874944.0,-1.7058194875717163
2542812416.0,-1.6005282402038574
2543749888.0,-1.5070534944534302
2544687616.0,-1.4223545789718628
2545625088.0,-1.3465526103973389
2546562560.0,-1.2785135507583618
2547500032.0,-1.2170424461364746
2548437504.0,-1.1618753671646118
2549374976.0,-1.1115164756774902
2550312448.0,-1.066058874130249
2551249920.0,-1.0263649225234985
2552187392.0,-0.9897308349609375
2553125120.0,-0.9571923017501831
2554062592.0,-0.9275797009468079
2555000064.0,-0.9009014964103699
2555937536.0,-0.8775056600570679
2556875008.0,-0.8542249202728271
2557812480.0,-0.8330153822898865
2558749952.0,-0.8135311603546143
2559687424.0,-0.7946135401725769
2560624896.0,-0.7753192186355591
2561562624.0,-0.7572537660598755
2562500096.0,-0.7385851740837097
2563437568.0,-0.7199090123176575
2564375040.0,-0.7009223103523254
2565312512.0,-0.6813139915466309
2566249984.0,-0.6607056856155396
2567187456.0,-0.639171838760376
2568124928.0,-0.618396520614624
2569062400.0,-0.5958689451217651
2569999872.0,-0.5735296607017517
2570937600.0,-0.5487889647483826
2571875072.0,-0.5245669484138489
2572812544.0,-0.4974857568740845
2573750016.0,-0.47001317143440247
2574687488.0,-0.44221988320350647
2575624960.0,-0.4128904640674591
2576562432.0,-0.38211745023727417
2577499904.0,-0.3524342179298401
2578437376.0,-0.3217034339904785
2579375104.0,-0.2914167046546936
2580312576.0,-0.2610180377960205
2581250048.0,-0.2303095906972885
2582187520.0,-0.20091260969638824
2583124992.0,-0.17101912200450897
2584062464.0,-0.14329566061496735
2584999936.0,-0.11613333970308304
2585937408.0,-0.09035062789916992
2586874880.0,-0.06653086096048355
2587812608.0,-0.043453723192214966
2588750080.0,-0.018464578315615654
2589687552.0,-0.004933598451316357
2590625024.0,0.006821527145802975
2591562496.0,0.01664809323847294
2592499968.0,0.02626393549144268
2593437440.0,0.03242328763008118
2594374912.0,0.037340279668569565
2595312384.0,0.03973410651087761
2596250112.0,0.039058104157447815
2597187584.0,0.038007430732250214
2598125056.0,0.03542390465736389
2599062528.0,0.029640663415193558
2600000000.0,0.024021532386541367
2600937472.0,0.015415259636938572
2601874944.0,0.006684800609946251
2602812416.0,-0.004401981830596924
2603749888.0,-0.015155762434005737
2604687616.0,-0.028211744502186775
2605625088.0,-0.039714664220809937
2606562560.0,-0.052566468715667725
2607500032.0,-0.06672998517751694
2608437504.0,-0.07982189208269119
2609374976.0,-0.09364113211631775
2610312448.0,-0.10705625265836716
2611249920.0,-0.1208910197019577
2612187392.0,-0.13271313905715942
2613125120.0,-0.1454351395368576
2614062592.0,-0.15657037496566772
2615000064.0,-0.16712303459644318
2615937536.0,-0.17651526629924774
2616875008.0,-0.1850263923406601
2617812480.0,-0.19308599829673767
2618749952.0,-0.1992415338754654
2619687424.0,-0.20371492207050323
2620624896.0,-0.20745794475078583
2621562624.0,-0.20962212979793549
2622500096.0,-0.20989923179149628
2623437568.0,-0.20926271378993988
2624375040.0,-0.20688366889953613
2625312512.0,-0.20254765450954437
2626249984.0,-0.19630178809165955
2627187456.0,-0.18955038487911224
2628124928.0,-0.18177330493927002
2629062400.0,-0.17096200585365295
2630000128.0,-0.16014496982097626
2630937600.0,-0.1478632092475891
2631875072.0,-0.13362738490104675
2632812544.0,-0.11823203414678574
2633750016.0,-0.10187289863824844
2634687488.0,-0.08523136377334595
2635624960.0,-0.0679519772529602
2636562432.0,-0.04976891353726387
2637499904.0,-0.031071679666638374
2638437376.0,-0.012676514685153961
2639375104.0,0.0061983345076441765
2640312576.0,0.024642707780003548
2641250048.0,0.04363710433244705
2642187520.0,0.06232478469610214
2643124992.0,0.0797375813126564
2644062464.0,0.09681819379329681
2644999936.0,0.11361698061227798
2645937408.0,0.13007616996765137
2646874880.0,0.14403346180915833
2647812608.0,0.16827718913555145
2648750080.0,0.18259400129318237
2649687552.0,0.19388024508953094
2650625024.0,0.20350593328475952
2651562496.0,0.21079857647418976
2652499968.0,0.21620051562786102
2653437440.0,0.2182849943637848
2654374912.0,0.21861174702644348
2655312384.0,0.2153559774160385
2656250112.0,0.21115434169769287
2657187584.0,0.2029513418674469
2658125056.0,0.19369323551654816
2659062528.0,0.18220101296901703
2660000000.0,0.1683569997549057
2660937472.0,0.15306071937084198
2661874944.0,0.13560669124126434
2662812416.0,0.1174158975481987
2663749888.0,0.09833650290966034
2664687616.0,0.07823334634304047
2665625088.0,0.0578606054186821
2666562560.0,0.036451540887355804
2667500032.0,0.01572106033563614
2668437504.0,-0.004192684311419725
2669374976.0,-0.025285499170422554
2670312448.0,-0.04450741410255432
2671249920.0,-0.06353949010372162
2672187392.0,-0.0806337520480156
2673125120.0,-0.09757445007562637
2674062592.0,-0.11267945170402527
2675000064.0,-0.1248622015118599
2675937536.0,-0.13627927005290985
2676875008.0,-0.1457388699054718
2677812480.0,-0.15245987474918365
2678749952.0,-0.1581263691186905
2679687424.0,-0.16068901121616364
2680624896.0,-0.1618553251028061
2681562624.0,-0.16104044020175934
2682500096.0,-0.15763124823570251
2683437568.0,-0.15256044268608093
2684375040.0,-0.14524057507514954
2685312512.0,-0.1362227499485016
2686249984.0,-0.12549492716789246
2687187456.0,-0.11303863674402237
2688124928.0,-0.09851275384426117
2689062400.0,-0.08357925713062286
2689999872.0,-0.06735235452651978
2690937600.0,-0.049230072647333145
2691875072.0,-0.031515080481767654
2692812544.0,-0.013429113663733006
2693750016.0,0.004770124796777964
2694687488.0,0.02414044365286827
2695624960.0,0.04334481805562973
2696562432.0,0.06168154254555702
2697499904.0,0.08083301782608032
2698437376.0,0.09729399532079697
2699375104.0,0.11493776738643646
2700312576.0,0.1317211091518402
2701250048.0,0.14654134213924408
2702187520.0,0.16025279462337494
2703124992.0,0.17337919771671295
2704062464.0,0.18670153617858887
2704999936.0,0.19632242619991302
2705937408.0,0.20513218641281128
2706874880.0,0.21373653411865234
2707812608.0,0.23206529021263123
2708750080.0,0.23529145121574402
2709687552.0,0.2377997636795044
2710625024.0,0.2387017011642456
2711562496.0,0.2387801706790924
2712499968.0,0.23732508718967438
2713437440.0,0.2353360503911972
2714374912.0,0.23116500675678253
2715312384.0,0.22586259245872498
2716250112.0,0.21998006105422974
2717187584.0,0.2115297019481659
2718125056.0,0.20225007832050323
2719062528.0,0.19223803281784058
2720000000.0,0.1802363395690918
2720937472.0,0.16666607558727264
2721874944.0,0.15245462954044342
2722812416.0,0.13666340708732605
2723749888.0,0.12021765857934952
2724687616.0,0.10335777699947357
2725625088.0,0.08439254760742188
2726562560.0,0.06505422294139862
2727500032.0,0.04548707976937294
2728437504.0,0.025581344962120056
2729374976.0,0.005254872143268585
2730312448.0,-0.013977975584566593
2731249920.0,-0.03427014499902725
2732187392.0,-0.0550089105963707
2733125120.0,-0.07313013076782227
2734062592.0,-0.09190484881401062
2735000064.0,-0.10895204544067383
2735937536.0,-0.12603037059307098
2736875008.0,-0.14055463671684265
2737812480.0,-0.1540297418832779
2738749952.0,-0.1658128947019577
2739687424.0,-0.1755313128232956
2740624896.0,-0.182728573679924
2741562624.0,-0.18792986869812012
2742500096.0,-0.19087037444114685
2743437568.0,-0.19125914573669434
2744375040.0,-0.18987569212913513
2745312512.0,-0.18564742803573608
2746249984.0,-0.17869606614112854
2747187456.0,-0.16951166093349457
2748124928.0,-0.15858517587184906
2749062400.0,-0.14511699974536896
2750000128.0,-0.13090717792510986
2750937600.0,-0.11247831583023071
2751875072.0,-0.09485574811697006
2752812544.0,-0.07414983212947845
2753750016.0,-0.051993418484926224
2754687488.0,-0.02992882765829563
2755624960.0,-0.007965686731040478
2756562432.0,0.016608599573373795
2757499904.0,0.03853419050574303
2758437376.0,0.06254804879426956
2759375104.0,0.0849037691950798
2760312576.0,0.10709163546562195
2761250048.0,0.12695999443531036
2762187520.0,0.14754557609558105
2763124992.0,0.1647973656654358
2764062464.0,0.18253305554389954
2764999936.0,0.19609732925891876
2765937408.0,0.2086060345172882
2766874880.0,0.21778035163879395
2767812608.0,0.259012371301651
2768750080.0,0.262017160654068
2769687552.0,0.2631239891052246
2770625024.0,0.26308196783065796
2771562496.0,0.26152244210243225
2772499968.0,0.2588273286819458
2773437440.0,0.25436821579933167
2774374912.0,0.24708327651023865
2775312384.0,0.23929338157176971
2776250112.0,0.23022080957889557
2777187584.0,0.21873827278614044
2778125056.0,0.20842786133289337
2779062528.0,0.19591829180717468
2780000000.0,0.18271082639694214
2780937472.0,0.16841720044612885
2781874944.0,0.15424320101737976
2782812416.0,0.1391465961933136
2783749888.0,0.1238630935549736
2784687616.0,0.10902786254882812
2785625088.0,0.09284135699272156
2786562560.0,0.07692603766918182
2787500032.0,0.06151890009641647
2788437504.0,0.04617030918598175
2789374976.0,0.030971968546509743
2790312448.0,0.015854565426707268
2791249920.0,0.0025571174919605255
2792187392.0,-0.010896950960159302
2793125120.0,-0.023593414574861526
2794062592.0,-0.03589145466685295
2795000064.0,-0.04617725685238838
2795937536.0,-0.056733403354883194
2796875008.0,-0.06501828134059906
2797812480.0,-0.0728372186422348
2798749952.0,-0.07966522127389908
2799687424.0,-0.08431535214185715
2800624896.0,-0.08790981769561768
2801562624.0,-0.08964400738477707
2802500096.0,-0.09028836339712143
2803437568.0,-0.08876524865627289
2804375040.0,-0.08577004820108414
2805312512.0,-0.08203022181987762
2806249984.0,-0.07660457491874695
2807187456.0,-0.07029207050800323
2808124928.0,-0.061439551413059235
2809062400.0,-0.051757361739873886
2809999872.0,-0.040232665836811066
2810937600.0,-0.028479712083935738
2811875072.0,-0.014207039959728718
2812812544.0,-0.0004408812674228102
2813750016.0,0.01463994849473238
2814687488.0,0.030893288552761078
2815624960.0,0.046815332025289536
2816562432.0,0.06370914727449417
2817499904.0,0.08121809363365173
2818437376.0,0.09733227640390396
2819375104.0,0.1153266504406929
2820312576.0,0.13146039843559265
2821250048.0,0.1479755938053131
2822187520.0,0.16342376172542572
2823124992.0,0.17792768776416779
2824062464.0,0.19193556904792786
2824999936.0,0.2038000226020813
2825937408.0,0.21410588920116425
2826874880.0,0.22375687956809998
2827812608.0,0.23706291615962982
2828750080.0,0.24250219762325287
2829687552.0,0.24528811872005463
2830625024.0,0.24653032422065735
2831562496.0,0.24577771127223969
2832499968.0,0.2431817501783371
2833437440.0,0.23935095965862274
2834374912.0,0.23276473581790924
2835312384.0,0.22518160939216614
2836250112.0,0.21625813841819763
2837187584.0,0.204794242978096
2838125056.0,0.19321373105049133
2839062528.0,0.18009056150913239
2840000000.0,0.16554656624794006
2840937472.0,0.15197129547595978
2841874944.0,0.13517095148563385
2842812416.0,0.11860715597867966
2843749888.0,0.10207795351743698
2844687616.0,0.08525646477937698
2845625088.0,0.06850730627775192
2846562560.0,0.05097327381372452
2847500032.0,0.03478493168950081
2848437504.0,0.01809999905526638
2849374976.0,0.0033586181234568357
2850312448.0,-0.011629841290414333
2851249920.0,-0.025286400690674782
2852187392.0,-0.038601893931627274
2853125120.0,-0.04919407144188881
2854062592.0,-0.06149517744779587
2855000064.0,-0.07053767889738083
2855937536.0,-0.07765713334083557
2856875008.0,-0.08338773250579834
2857812480.0,-0.08902742713689804
2858749952.0,-0.09176165610551834
2859687424.0,-0.09355401992797852
2860624896.0,-0.09294583648443222
2861562624.0,-0.09103678166866302
2862500096.0,-0.08754362165927887
2863437568.0,-0.08247458189725876
2864375040.0,-0.07537631690502167
2865312512.0,-0.06682480126619339
2866249984.0,-0.05762117728590965
2867187456.0,-0.04662246257066727
2868124928.0,-0.03401589021086693
2869062400.0,-0.021051958203315735
2870000128.0,-0.006793429609388113
2870937600.0,0.007999091409146786
2871875072.0,0.023643121123313904
2872812544.0,0.04056553170084953
2873750016.0,0.05689258500933647
2874687488.0,0.07324483245611191
2875624960.0,0.08882608264684677
2876562432.0,0.1053231805562973
2877499904.0,0.12198619544506073
2878437376.0,0.13777820765972137
2879375104.0,0.15303802490234375
2880312576.0,0.16784514486789703
2881250048.0,0.18074020743370056
2882187520.0,0.19379141926765442
2883124992.0,0.20490330457687378
2884062464.0,0.21549586951732635
2884999936.0,0.22451616823673248
2885937408.0,0.23276540637016296
2886874880.0,0.23838278651237488
2887812608.0,0.2204510122537613
2888750080.0,0.22261928021907806
2889687552.0,0.22422927618026733
2890625024.0,0.22601790726184845
2891562496.0,0.22517189383506775
2892499968.0,0.22433921694755554
2893437440.0,0.22229060530662537
2894374912.0,0.21920455992221832
2895312384.0,0.21446886658668518
2896250112.0,0.2080908715724945
2897187584.0,0.20016887784004211
2898125056.0,0.19070537388324738
2899062528.0,0.18123522400856018
2900000000.0,0.16945911943912506
2900937472.0,0.15664434432983398
2901874944.0,0.14217986166477203
2902812416.0,0.12800341844558716
2903749888.0,0.11251900345087051
2904687616.0,0.09623410552740097
2905625088.0,0.07933686673641205
2906562560.0,0.0628427043557167
2907500032.0,0.04612328112125397
2908437504.0,0.02946522831916809
2909374976.0,0.012532971799373627
2910312448.0,-0.003344848984852433
2911249920.0,-0.01839047111570835
2912187392.0,-0.031042931601405144
2913125120.0,-0.04348044842481613
2914062592.0,-0.054149072617292404
2915000064.0,-0.06410671770572662
2915937536.0,-0.07197397202253342
2916875008.0,-0.07752513885498047
2917812480.0,-0.08171118795871735
2918749952.0,-0.08257419615983963
2919687424.0,-0.08136449009180069
2920624896.0,-0.07780128717422485
2921562624.0,-0.07435294985771179
2922500096.0,-0.06749660521745682
2923437568.0,-0.05786412954330444
2924375040.0,-0.04815583676099777
2925312512.0,-0.035195641219615936
2926249984.0,-0.02126498892903328
2927187456.0,-0.005864547565579414
2928124928.0,0.010269824415445328
2929062400.0,0.02671508491039276
2929999872.0,0.04474599286913872
2930937600.0,0.06236148625612259
2931875072.0,0.08097679913043976
2932812544.0,0.09904825687408447
2933750016.0,0.11540970206260681
2934687488.0,0.13247381150722504
2935624960.0,0.14879357814788818
2936562432.0,0.1636817753314972
2937499904.0,0.17770937085151672
2938437376.0,0.189645916223526
2939375104.0,0.20136062800884247
2940312576.0,0.21146836876869202
2941250048.0,0.22011436522006989
2942187520.0,0.22695721685886383
2943124992.0,0.23276923596858978
2944062464.0,0.2366524338722229
2944999936.0,0.2402016669511795
2945937408.0,0.2411649376153946
2946874880.0,0.24326202273368835
2947812608.0,0.2203752100467682
2948750080.0,0.21819566190242767
2949687552.0,0.21413756906986237
2950625024.0,0.21070517599582672
2951562496.0,0.20667360723018646
2952499968.0,0.2018929123878479
2953437440.0,0.1978461593389511
2954374912.0,0.19350092113018036
2955312384.0,0.18856731057167053
2956250112.0,0.18443813920021057
2957187584.0,0.178829625248909
2958125056.0,0.1742219775915146
2959062528.0,0.1690991073846817
2960000000.0,0.16339652240276337
2960937472.0,0.15871292352676392
2961874944.0,0.15313544869422913
2962812416.0,0.14716678857803345
2963749888.0,0.14205960929393768
2964687616.0,0.13500358164310455
2965625088.0,0.1293894350528717
2966562560.0,0.12277206778526306
2967500032.0,0.11528328061103821
2968437504.0,0.10872809588909149
2969374976.0,0.10084734112024307
2970312448.0,0.0941300019621849
2971249920.0,0.08735283464193344
2972187392.0,0.07994993776082993
2973125120.0,0.07231785356998444
2974062592.0,0.06507673859596252
2975000064.0,0.05770265311002731
2975937536.0,0.05068611353635788
2976875008.0,0.043651681393384933
2977812480.0,0.037434957921504974
2978749952.0,0.03146674856543541
2979687424.0,0.025232352316379547
2980624896.0,0.020783649757504463
2981562624.0,0.016119597479701042
2982500096.0,0.011767424643039703
2983437568.0,0.009360943920910358
2984375040.0,0.006454937160015106
2985312512.0,0.004786758217960596
2986249984.0,0.00341430283151567
2987187456.0,0.0031764942687004805
2988124928.0,0.0028095985762774944
2989062400.0,0.0038931043818593025
2990000128.0,0.0046676709316670895
2990937600.0,0.006014273501932621
2991875072.0,0.008241773582994938
2992812544.0,0.01050683856010437
2993750016.0,0.013737617991864681
2994687488.0,0.016067802906036377
2995624960.0,0.01960206776857376
2996562432.0,0.021455129608511925
2997499904.0,0.02459336444735527
2998437376.0,0.02738114818930626
2999375104.0,0.03055305778980255
3000312576.0,0.03602056950330734
3001250048.0,0.03919951245188713
3002187520.0,0.04141131043434143
3003124992.0,0.04458467662334442
3004062464.0,0.04661039263010025
3004999936.0,0.04940968006849289
3005937408.0,0.05106658488512039
3006874880.0,0.05345998704433441
3007812608.0,0.14568017423152924
3008750080.0,0.14243321120738983
3009687552.0,0.1402161568403244
3010625024.0,0.1362200230360031
3011562496.0,0.1328967958688736
3012499968.0,0.12856756150722504
3013437440.0,0.12431690096855164
3014374912.0,0.1201806291937828
3015312384.0,0.11485248059034348
3016250112.0,0.11022353917360306
3017187584.0,0.1038735955953598
3018125056.0,0.09914523363113403
3019062528.0,0.09330113977193832
3020000000.0,0.0879678875207901
3020937472.0,0.08272252976894379
3021874944.0,0.07665444165468216
3022812416.0,0.07120639085769653
3023749888.0,0.06482913345098495
3024687616.0,0.058300867676734924
3025625088.0,0.052696432918310165
3026562560.0,0.04708033427596092
3027500032.0,0.04092484712600708
3028437504.0,0.034563664346933365
3029374976.0,0.028286434710025787
3030312448.0,0.022422825917601585
3031249920.0,0.016465170308947563
3032187392.0,0.010119075886905193
3033125120.0,0.004445955157279968
3034062592.0,-0.0013535883044824004
3035000064.0,-0.006879480555653572
3035937536.0,-0.012291615828871727
3036875008.0,-0.017484555020928383
3037812480.0,-0.023009179159998894
3038749952.0,-0.028182990849018097
3039687424.0,-0.03306027501821518
3040624896.0,-0.03828966245055199
3041562624.0,-0.04194739833474159
3042500096.0,-0.04631797596812248
3043437568.0,-0.04998856782913208
3044375040.0,-0.05265551060438156
3045312512.0,-0.054951995611190796
3046249984.0,-0.05775105953216553
3047187456.0,-0.058449022471904755
3048124928.0,-0.05985704064369202
3049062400.0,-0.06070466339588165
3049999872.0,-0.05947063863277435
3050937600.0,-0.05817507952451706
3051875072.0,-0.05648067966103554
3052812544.0,-0.05440058559179306
3053750016.0,-0.05083081126213074
3054687488.0,-0.04628070816397667
3055624960.0,-0.0409705676138401
3056562432.0,-0.03541310131549835
3057499904.0,-0.02855803444981575
3058437376.0,-0.02070266753435135
3059375104.0,-0.012022404000163078
3060312576.0,-0.0032166284509003162
3061250048.0,0.007502234075218439
3062187520.0,0.01864008791744709
3063124992.0,0.029872320592403412
3064062464.0,0.04145312309265137
3064999936.0,0.0544428676366806
3065937408.0,0.06775899231433868
3066874880.0,0.08075013756752014
3067812608.0,0.14458312094211578
3068750080.0,0.15015113353729248
3069687552.0,0.15469282865524292
3070625024.0,0.1574164181947708
3071562496.0,0.15937583148479462
3072499968.0,0.160714253783226
3073437440.0,0.16030685603618622
3074374912.0,0.15735971927642822
3075312384.0,0.15481701493263245
3076250112.0,0.14922991394996643
3077187584.0,0.14420634508132935
3078125056.0,0.1358262300491333
3079062528.0,0.12860700488090515
3080000000.0,0.12079215049743652
3080937472.0,0.11086010932922363
3081874944.0,0.10177041590213776
3082812416.0,0.09144160151481628
3083749888.0,0.08168895542621613
3084687616.0,0.07175920158624649
3085625088.0,0.061860889196395874
3086562560.0,0.0523434542119503
3087500032.0,0.04259931296110153
3088437504.0,0.03403899073600769
3089374976.0,0.026360219344496727
3090312448.0,0.01813661679625511
3091249920.0,0.012528661638498306
3092187392.0,0.005860181991010904
3093125120.0,0.0019032361451536417
3094062592.0,-0.002128651598468423
3095000064.0,-0.0046806735917925835
3095937536.0,-0.005897444672882557
3096875008.0,-0.006900453940033913
3097812480.0,-0.006119473837316036
3098749952.0,-0.003906453959643841
3099687424.0,-0.0008237691363319755
3100624896.0,0.00206016656011343
3101562624.0,0.007178283762186766
3102500096.0,0.01209899690002203
3103437568.0,0.017841607332229614
3104375040.0,0.023359134793281555
3105312512.0,0.030850950628519058
3106249984.0,0.03834080696105957
3107187456.0,0.0453973263502121
3108124928.0,0.05252104997634888
3109062400.0,0.05965173989534378
3110000128.0,0.06689295172691345
3110937600.0,0.07433516532182693
3111875072.0,0.08087614923715591
3112812544.0,0.08709901571273804
3113750016.0,0.09432864189147949
3114687488.0,0.10060690343379974
3115624960.0,0.10507121682167053
3116562432.0,0.11080107092857361
3117499904.0,0.11499501019716263
3118437376.0,0.11840340495109558
3119375104.0,0.12272519618272781
3120312576.0,0.12537972629070282
3121250048.0,0.1287016123533249
3122187520.0,0.13115665316581726
3123124992.0,0.13397911190986633
3124062464.0,0.1352939009666443
3124999936.0,0.1365584433078766
3125937408.0,0.13912071287631989
3126874880.0,0.14049814641475677
3127812608.0,0.1468813270330429
3128750080.0,0.14613454043865204
3129687552.0,0.14634810388088226
3130625024.0,0.14428012073040009
3131562496.0,0.1432085931301117
3132499968.0,0.13982680439949036
3133437440.0,0.13768194615840912
3134374912.0,0.1346806138753891
3135312384.0,0.13300183415412903
3136250112.0,0.12988591194152832
3137187584.0,0.12733052670955658
3138125056.0,0.12485279887914658
3139062528.0,0.12407446652650833
3140000000.0,0.12356878072023392
3140937472.0,0.124775730073452
3141874944.0,0.12562790513038635
3142812416.0,0.129447340965271
3143749888.0,0.13448438048362732
3144687616.0,0.14007292687892914
3145625088.0,0.14587479829788208
3146562560.0,0.15129445493221283
3147500032.0,0.15629294514656067
3148437504.0,0.1609889566898346
3149374976.0,0.1636936515569687
3150312448.0,0.16518059372901917
3151249920.0,0.16479997336864471
3152187392.0,0.16182197630405426
3153125120.0,0.15762805938720703
3154062592.0,0.14967793226242065
3155000064.0,0.14045073091983795
3155937536.0,0.12919239699840546
3156875008.0,0.11662919819355011
3157812480.0,0.10380741953849792
3158749952.0,0.08915293216705322
3159687424.0,0.07362730801105499
3160624896.0,0.05923673138022423
3161562624.0,0.04523889347910881
3162500096.0,0.031981177628040314
3163437568.0,0.019649876281619072
3164375040.0,0.008671165443956852
3165312512.0,-0.0003807141911238432
3166249984.0,-0.007814506068825722
3167187456.0,-0.012524543330073357
3168124928.0,-0.015553855337202549
3169062400.0,-0.015241706743836403
3169999872.0,-0.014028830453753471
3170937600.0,-0.010001377202570438
3171875072.0,-0.0029845130629837513
3172812544.0,0.004828268196433783
3173750016.0,0.015012875199317932
3174687488.0,0.025778794661164284
3175624960.0,0.0387042760848999
3176562432.0,0.0527767688035965
3177499904.0,0.06737833470106125
3178437376.0,0.08282377570867538
3179375104.0,0.09738470613956451
3180312576.0,0.11450744420289993
3181250048.0,0.12849469482898712
3182187520.0,0.14354649186134338
3183124992.0,0.15815241634845734
3184062464.0,0.17212219536304474
3184999936.0,0.18440498411655426
3185937408.0,0.1958652138710022
3186874880.0,0.20642797648906708
3187812608.0,0.1685766726732254
3188750080.0,0.16366665065288544
3189687552.0,0.15823718905448914
3190625024.0,0.15183492004871368
3191562496.0,0.14590482413768768
3192499968.0,0.13937924802303314
3193437440.0,0.13308066129684448
3194374912.0,0.12659677863121033
3195312384.0,0.12003558874130249
3196250112.0,0.11440056562423706
3197187584.0,0.10924112796783447
3198125056.0,0.10389416664838791
3199062528.0,0.10073340684175491
3200000000.0,0.0968594178557396
3200937472.0,0.09400317817926407
3201874944.0,0.09194953739643097
3202812416.0,0.09002483636140823
3203749888.0,0.08946726471185684
3204687616.0,0.08935032039880753
3205625088.0,0.08956321328878403
3206562560.0,0.09094130992889404
3207500032.0,0.0926365926861763
3208437504.0,0.09507361799478531
3209374976.0,0.09606815129518509
3210312448.0,0.09932112693786621
3211249920.0,0.10171215236186981
3212187392.0,0.10376608371734619
3213125120.0,0.10603237897157669
3214062592.0,0.10784676671028137
3215000064.0,0.11013861000537872
3215937536.0,0.112376868724823
3216875008.0,0.11388884484767914
3217812480.0,0.11501693725585938
3218749952.0,0.11646219342947006
3219687424.0,0.11711445450782776
3220624896.0,0.11785320192575455
3221562624.0,0.11818483471870422
3222500096.0,0.11818479746580124
3223437568.0,0.11722495406866074
3224375040.0,0.11773636192083359
3225312512.0,0.11772967875003815
3226249984.0,0.11752216517925262
3227187456.0,0.11720162630081177
3228124928.0,0.11827658861875534
3229062400.0,0.1184750646352768
3230000128.0,0.1187044009566307
3230937600.0,0.1191783919930458
3231875072.0,0.1208190992474556
3232812544.0,0.12321726232767105
3233750016.0,0.1265411078929901
3234687488.0,0.12954913079738617
3235624960.0,0.13371916115283966
3236562432.0,0.13784220814704895
3237499904.0,0.1433333307504654
3238437376.0,0.14898987114429474
3239375104.0,0.1561853140592575
3240312576.0,0.16296668350696564
3241250048.0,0.16961337625980377
3242187520.0,0.17659710347652435
3243124992.0,0.183254212141037
3244062464.0,0.1922321915626526
3244999936.0,0.19832375645637512
3245937408.0,0.20444528758525848
3246874880.0,0.21035556495189667
3247812608.0,0.12029819190502167
3248750080.0,0.1120416447520256
3249687552.0,0.10427497327327728
3250625024.0,0.09411701560020447
3251562496.0,0.08305760473012924
3252499968.0,0.0731290802359581
3253437440.0,0.063057541847229
3254374912.0,0.05365394800901413
3255312384.0,0.04622714966535568
3256250112.0,0.040170248597860336
3257187584.0,0.03542278707027435
3258125056.0,0.03350651636719704
3259062528.0,0.03208955377340317
3260000000.0,0.03428301215171814
3260937472.0,0.036184024065732956
3261874944.0,0.039322398602962494
3262812416.0,0.04286002740263939
3263749888.0,0.04704272001981735
3264687616.0,0.050625771284103394
3265625088.0,0.05467032268643379
3266562560.0,0.05862417072057724
3267500032.0,0.062192004173994064
3268437504.0,0.06462537497282028
3269374976.0,0.06742756068706512
3270312448.0,0.0699416771531105
3271249920.0,0.07131186127662659
3272187392.0,0.07291936874389648
3273125120.0,0.0739857628941536
3274062592.0,0.07556154578924179
3275000064.0,0.07669556885957718
3275937536.0,0.07787685841321945
3276875008.0,0.07829028367996216
3277812480.0,0.07898968458175659
3278749952.0,0.07924402505159378
3279687424.0,0.08041878044605255
3280624896.0,0.08036284148693085
3281562624.0,0.08010722696781158
3282500096.0,0.08105035871267319
3283437568.0,0.08104973286390305
3284375040.0,0.08152743428945541
3285312512.0,0.08089804649353027
3286249984.0,0.08101575076580048
3287187456.0,0.08058854192495346
3288124928.0,0.08079808205366135
3289062400.0,0.08054260909557343
3289999872.0,0.08030510693788528
3290937600.0,0.08013920485973358
3291875072.0,0.08035974204540253
3292812544.0,0.08072317391633987
3293750016.0,0.08142127841711044
3294687488.0,0.08298478275537491
3295624960.0,0.08513797074556351
3296562432.0,0.08629132807254791
3297499904.0,0.08823228627443314
3298437376.0,0.09039313346147537
3299375104.0,0.09326937049627304
3300312576.0,0.09720072895288467
3301250048.0,0.1005537286400795
3302187520.0,0.10472254455089569
3303124992.0,0.10835510492324829
3304062464.0,0.1138451099395752
3304999936.0,0.11858049035072327
3305937408.0,0.12380454689264297
3306874880.0,0.12993034720420837
3307812608.0,0.1431131660938263
3308750080.0,0.15119369328022003
3309687552.0,0.16002310812473297
3310625024.0,0.16843360662460327
3311562496.0,0.17724688351154327
3312499968.0,0.18508218228816986
3313437440.0,0.19371117651462555
3314374912.0,0.2016269415616989
3315312384.0,0.20828215777873993
3316250112.0,0.21448343992233276
3317187584.0,0.2204345017671585
3318125056.0,0.2262607365846634
3319062528.0,0.2311529964208603
3320000000.0,0.23372748494148254
3320937472.0,0.23604346811771393
3321874944.0,0.23767690360546112
3322812416.0,0.23796075582504272
3323749888.0,0.23590266704559326
3324687616.0,0.23390671610832214
3325625088.0,0.2302493453025818
3326562560.0,0.2241591215133667
3327500032.0,0.21847844123840332
3328437504.0,0.21087495982646942
3329374976.0,0.20378459990024567
3330312448.0,0.19454467296600342
3331249920.0,0.18427276611328125
3332187392.0,0.1738811880350113
3333125120.0,0.162827268242836
3334062592.0,0.15213148295879364
3335000064.0,0.14110895991325378
3335937536.0,0.13093368709087372
3336875008.0,0.11880768835544586
3337812480.0,0.10717258602380753
3338749952.0,0.0967688113451004
3339687424.0,0.08663661032915115
3340624896.0,0.07663247734308243
3341562624.0,0.06782124191522598
3342500096.0,0.059294406324625015
3343437568.0,0.05195260047912598
3344375040.0,0.045638930052518845
3345312512.0,0.04066469147801399
3346249984.0,0.03607064113020897
3347187456.0,0.03266935795545578
3348124928.0,0.030748767778277397
3349062400.0,0.030047887936234474
3350000128.0,0.030818799510598183
3350937600.0,0.03199716657400131
3351875072.0,0.03452746197581291
3352812544.0,0.0389062874019146
3353750016.0,0.043712861835956573
3354687488.0,0.049666136503219604
3355624960.0,0.056496813893318176
3356562432.0,0.06357407569885254
3357499904.0,0.07151886075735092
3358437376.0,0.08067505061626434
3359375104.0,0.08932140469551086
3360312576.0,0.0989282950758934
3361250048.0,0.10857004672288895
3362187520.0,0.1174691691994667
3363124992.0,0.12718142569065094
3364062464.0,0.13648758828639984
3364999936.0,0.1445699781179428
3365937408.0,0.15314790606498718
3366874880.0,0.15948721766471863
3367812608.0,0.04220264032483101
3368750080.0,0.04654587805271149
3369687552.0,0.048852480947971344
3370625024.0,0.051400113850831985
3371562496.0,0.053205642849206924
3372499968.0,0.05584091320633888
3373437440.0,0.05670968070626259
3374374912.0,0.05625749006867409
3375312384.0,0.056293878704309464
3376250112.0,0.054734133183956146
3377187584.0,0.05172460153698921
3378125056.0,0.047621093690395355
3379062528.0,0.04308858886361122
3380000000.0,0.036939576268196106
3380937472.0,0.031171675771474838
3381874944.0,0.02449340745806694
3382812416.0,0.01664881967008114
3383749888.0,0.0072526102885603905
3384687616.0,-0.0021515144035220146
3385625088.0,-0.011516736820340157
3386562560.0,-0.0211397223174572
3387500032.0,-0.031146489083766937
3388437504.0,-0.04144793376326561
3389374976.0,-0.051253970712423325
3390312448.0,-0.06067084148526192
3391249920.0,-0.07059051841497421
3392187392.0,-0.07864703238010406
3393125120.0,-0.08671785891056061
3394062592.0,-0.09496494382619858
3395000064.0,-0.1015826016664505
3395937536.0,-0.10803825408220291
3396875008.0,-0.11296180635690689
3397812480.0,-0.11711867898702621
3398749952.0,-0.12035808712244034
3399687424.0,-0.12330447882413864
3400624896.0,-0.12474086135625839
3401562624.0,-0.12641535699367523
3402500096.0,-0.1257864385843277
3403437568.0,-0.12603551149368286
3404375040.0,-0.12497005611658096
3405312512.0,-0.12383522093296051
3406249984.0,-0.12199347466230392
3407187456.0,-0.12028767168521881
3408124928.0,-0.1190108060836792
3409062400.0,-0.11833640933036804
3409999872.0,-0.11701033264398575
3410937600.0,-0.11685437709093094
3411875072.0,-0.11742208898067474
3412812544.0,-0.11811108142137527
3413750016.0,-0.1204906478524208
3414687488.0,-0.12353194504976273
3415624960.0,-0.12866637110710144
3416562432.0,-0.1356453150510788
3417499904.0,-0.14505746960639954
3418437376.0,-0.1557500958442688
3419375104.0,-0.16839441657066345
3420312576.0,-0.18295736610889435
3421250048.0,-0.19969497621059418
3422187520.0,-0.21884897351264954
3423124992.0,-0.23987731337547302
3424062464.0,-0.26381462812423706
3424999936.0,-0.28814390301704407
3425937408.0,-0.31470707058906555
3426874880.0,-0.3441358506679535
3427812608.0,-0.37449851632118225
3428750080.0,-0.4035126864910126
3429687552.0,-0.43171247839927673
3430625024.0,-0.4604542553424835
3431562496.0,-0.48927298188209534
3432499968.0,-0.5161240100860596
3433437440.0,-0.5441228151321411
3434374912.0,-0.5716215968132019
3435312384.0,-0.598689079284668
3436250112.0,-0.6246132850646973
3437187584.0,-0.6520254611968994
3438125056.0,-0.6795904636383057
3439062528.0,-0.7089250683784485
3440000000.0,-0.7386345267295837
3440937472.0,-0.7700178027153015
3441874944.0,-0.802165687084198
3442812416.0,-0.8385260701179504
3443749888.0,-0.8751557469367981
3444687616.0,-0.9139462113380432
3445625088.0,-0.9570741653442383
3446562560.0,-1.0031183958053589
3447500032.0,-1.0522397756576538
3448437504.0,-1.1045833826065063
3449374976.0,-1.1610090732574463
3450312448.0,-1.220989465713501
3451249920.0,-1.282798409461975
3452187392.0,-1.3473587036132812
3453125120.0,-1.4136505126953125
3454062592.0,-1.4809083938598633
3455000064.0,-1.547258734703064
3455937536.0,-1.6110613346099854
3456875008.0,-1.6713155508041382
3457812480.0,-1.7298811674118042
3458749952.0,-1.784317970275879
3459687424.0,-1.8335424661636353
3460624896.0,-1.878395915031433
3461562624.0,-1.9159646034240723
3462500096.0,-1.9451082944869995
3463437568.0,-1.9669479131698608
3464375040.0,-1.9817240238189697
3465312512.0,-1.9894288778305054
3466249984.0,-1.9881315231323242
3467187456.0,-1.9797099828720093
3468124928.0,-1.9644660949707031
3469062400.0,-1.943009376525879
3470000128.0,-1.9151928424835205
3470937600.0,-1.881187081336975
3471875072.0,-1.843552827835083
3472812544.0,-1.8018157482147217
3473750016.0,-1.755139946937561
3474687488.0,-1.7045737504959106
3475624960.0,-1.6507045030593872
3476562432.0,-1.5959581136703491
3477499904.0,-1.5392690896987915
3478437376.0,-1.480770230293274
3479375104.0,-1.4240784645080566
3480312576.0,-1.3712924718856812
3481250048.0,-1.3221969604492188
3482187520.0,-1.2753560543060303
3483124992.0,-1.228994369506836
3484062464.0,-1.1841946840286255
3484999936.0,-1.1405309438705444
3485937408.0,-1.0982447862625122
3486874880.0,-1.0566245317459106
3487812608.0,-1.0484414100646973
3488750080.0,-1.008872628211975
3489687552.0,-0.9696552157402039
3490625024.0,-0.9323359131813049
3491562496.0,-0.8963825702667236
3492499968.0,-0.8632826805114746
3493437440.0,-0.8305158615112305
3494374912.0,-0.8011122941970825
3495312384.0,-0.7747827768325806
3496250112.0,-0.7505156397819519
3497187584.0,-0.7288996577262878
3498125056.0,-0.7115850448608398
3499062528.0,-0.6950358152389526
3500000000.0,-0.6801546812057495
3500937472.0,-0.6658011674880981
3501874944.0,-0.6508214473724365
3502812416.0,-0.6373440027236938
3503749888.0,-0.6241825222969055
3504687616.0,-0.6128348708152771
3505625088.0,-0.6021336317062378
3506562560.0,-0.5910724401473999
3507500032.0,-0.5781592726707458
3508437504.0,-0.5655956268310547
3509374976.0,-0.5517575144767761
3510312448.0,-0.5394592881202698
3511249920.0,-0.5268623232841492
3512187392.0,-0.5130298733711243
3513125120.0,-0.500013530254364
3514062592.0,-0.48567327857017517
3515000064.0,-0.46944138407707214
3515937536.0,-0.45321351289749146
3516875008.0,-0.43795666098594666
3517812480.0,-0.4216517508029938
3518749952.0,-0.4046207070350647
3519687424.0,-0.38732582330703735
3520624896.0,-0.3684212267398834
3521562624.0,-0.3496284484863281
3522500096.0,-0.33014175295829773
3523437568.0,-0.310449481010437
3524375040.0,-0.29147884249687195
3525312512.0,-0.27330702543258667
3526249984.0,-0.2549699544906616
3527187456.0,-0.23892542719841003
3528124928.0,-0.22174230217933655
3529062400.0,-0.20714379847049713
3529999872.0,-0.1915852576494217
3530937600.0,-0.17710573971271515
3531875072.0,-0.1646610051393509
3532812544.0,-0.15337242186069489
3533750016.0,-0.1430964320898056
3534687488.0,-0.1358182728290558
3535624960.0,-0.12947659194469452
3536562432.0,-0.12446290254592896
3537499904.0,-0.12227723747491837
3538437376.0,-0.12102632224559784
3539375104.0,-0.12176969647407532
3540312576.0,-0.12382856011390686
3541250048.0,-0.12788081169128418
3542187520.0,-0.13362723588943481
3543124992.0,-0.1395561844110489
3544062464.0,-0.14670003950595856
3544999936.0,-0.1566137969493866
3545937408.0,-0.16700905561447144
3546874880.0,-0.1774076670408249
3547812608.0,-0.2035394161939621
3548750080.0,-0.1932121366262436
3549687552.0,-0.18429642915725708
3550625024.0,-0.17519249022006989
3551562496.0,-0.1673138588666916
3552499968.0,-0.15968991816043854
3553437440.0,-0.15304814279079437
3554374912.0,-0.1468941867351532
3555312384.0,-0.14003494381904602
3556250112.0,-0.13564345240592957
3557187584.0,-0.13079833984375
3558125056.0,-0.1252851039171219
3559062528.0,-0.11963370442390442
3560000000.0,-0.1141439899802208
3560937472.0,-0.11063819378614426
3561874944.0,-0.10631893575191498
3562812416.0,-0.103099025785923
3563749888.0,-0.10011302679777145
3564687616.0,-0.096389040350914
3565625088.0,-0.0942116528749466
3566562560.0,-0.09204067289829254
3567500032.0,-0.08922404795885086
3568437504.0,-0.08763595670461655
3569374976.0,-0.08530965447425842
3570312448.0,-0.08251170068979263
3571249920.0,-0.08047227561473846
3572187392.0,-0.07831806689500809
3573125120.0,-0.0744180679321289
3574062592.0,-0.07100050151348114
3575000064.0,-0.06632913649082184
3575937536.0,-0.061615560203790665
3576875008.0,-0.05844385549426079
3577812480.0,-0.05421848222613335
3578749952.0,-0.05056145042181015
3579687424.0,-0.04571574926376343
3580624896.0,-0.04180417209863663
3581562624.0,-0.03852803632616997
3582500096.0,-0.03706473857164383
3583437568.0,-0.03535592555999756
3584375040.0,-0.03408775478601456
3585312512.0,-0.033642347902059555
3586249984.0,-0.03311135992407799
3587187456.0,-0.03331947699189186
3588124928.0,-0.033454880118370056
3589062400.0,-0.034554507583379745
3590000128.0,-0.034546859562397
3590937600.0,-0.03600005805492401
3591875072.0,-0.03774543106555939
3592812544.0,-0.03831849992275238
3593750016.0,-0.040257666260004044
3594687488.0,-0.042482756078243256
3595624960.0,-0.04526380077004433
3596562432.0,-0.04863995313644409
3597499904.0,-0.05191320553421974
3598437376.0,-0.0556955486536026
3599375104.0,-0.05924157425761223
3600312576.0,-0.06313880532979965
3601250048.0,-0.06607646495103836
3602187520.0,-0.06958667188882828
3603124992.0,-0.07384094595909119
3604062464.0,-0.07759412378072739
3604999936.0,-0.08055248111486435
3605937408.0,-0.08242873102426529
3606874880.0,-0.0844813734292984
3607812608.0,-0.09096207469701767
3608750080.0,-0.088467076420784
3609687552.0,-0.0869332104921341
3610625024.0,-0.08593177050352097
3611562496.0,-0.08575458824634552
3612499968.0,-0.08547903597354889
3613437440.0,-0.08707619458436966
3614374912.0,-0.08824168890714645
3615312384.0,-0.08851946890354156
3616250112.0,-0.08959334343671799
3617187584.0,-0.09113139659166336
3618125056.0,-0.09253543615341187
3619062528.0,-0.09413354843854904
3620000000.0,-0.09437842667102814
3620937472.0,-0.09719646722078323
3621874944.0,-0.09787564724683762
3622812416.0,-0.09785570204257965
3623749888.0,-0.09920809417963028
3624687616.0,-0.10090602189302444
3625625088.0,-0.1007261723279953
3626562560.0,-0.10191477090120316
3627500032.0,-0.1032642275094986
3628437504.0,-0.10392306745052338
3629374976.0,-0.10419890284538269
3630312448.0,-0.10290893167257309
3631249920.0,-0.10234367847442627
3632187392.0,-0.10024356096982956
3633125120.0,-0.09861136227846146
3634062592.0,-0.09523644298315048
3635000064.0,-0.09155374020338058
3635937536.0,-0.08650089800357819
3636875008.0,-0.08079519867897034
3637812480.0,-0.07441092282533646
3638749952.0,-0.06736423075199127
3639687424.0,-0.06046838313341141
3640624896.0,-0.05225728079676628
3641562624.0,-0.04317333921790123
3642500096.0,-0.03619114309549332
3643437568.0,-0.027800075709819794
3644375040.0,-0.02001900225877762
3645312512.0,-0.012206638231873512
3646249984.0,-0.003951233346015215
3647187456.0,0.0037772071082144976
3648124928.0,0.011525631882250309
3649062400.0,0.019694581627845764
3649999872.0,0.027774637565016747
3650937600.0,0.034550704061985016
3651875072.0,0.040211450308561325
3652812544.0,0.04544065520167351
3653750016.0,0.050515059381723404
3654687488.0,0.05458606779575348
3655624960.0,0.056944917887449265
3656562432.0,0.05959250032901764
3657499904.0,0.060878075659275055
3658437376.0,0.06309434026479721
3659375104.0,0.06308475881814957
3660312576.0,0.06240611895918846
3661250048.0,0.06059153005480766
3662187520.0,0.05785287171602249
3663124992.0,0.05453259497880936
3664062464.0,0.04989856109023094
3664999936.0,0.04396923631429672
3665937408.0,0.03766751289367676
3666874880.0,0.03066364862024784
3667812608.0,0.02153288759291172
3668750080.0,0.015876404941082
3669687552.0,0.010307134129106998
3670625024.0,0.0046128504909574986
3671562496.0,0.0017216227715834975
3672499968.0,-0.0016821047756820917
3673437440.0,-0.004779980052262545
3674374912.0,-0.006938866805285215
3675312384.0,-0.00868597999215126
3676250112.0,-0.010256141424179077
3677187584.0,-0.010791398584842682
3678125056.0,-0.010823669843375683
3679062528.0,-0.011966118589043617
3680000000.0,-0.011017513461411
3680937472.0,-0.011075361631810665
3681874944.0,-0.009291702881455421
3682812416.0,-0.007266105618327856
3683749888.0,-0.005758367013186216
3684687616.0,-0.0023898540530353785
3685625088.0,-0.0006832232465967536
3686562560.0,0.002262577647343278
3687500032.0,0.005050469655543566
3688437504.0,0.006396848242729902
3689374976.0,0.009372621774673462
3690312448.0,0.012444883584976196
3691249920.0,0.014523984864354134
3692187392.0,0.018490862101316452
3693125120.0,0.02154109813272953
3694062592.0,0.02496693842113018
3695000064.0,0.02690894342958927
3695937536.0,0.03084261529147625
3696875008.0,0.032638415694236755
3697812480.0,0.035074274986982346
3698749952.0,0.03682988882064819
3699687424.0,0.03770051896572113
3700624896.0,0.038263943046331406
3701562624.0,0.039297789335250854
3702500096.0,0.03764622285962105
3703437568.0,0.0361202172935009
3704375040.0,0.03439709544181824
3705312512.0,0.030165042728185654
3706249984.0,0.025072719901800156
3707187456.0,0.019134650006890297
3708124928.0,0.010447116568684578
3709062400.0,0.001521733240224421
3710000128.0,-0.007848528213799
3710937600.0,-0.019077690318226814
3711875072.0,-0.032554324716329575
3712812544.0,-0.04796179011464119
3713750016.0,-0.06409197300672531
3714687488.0,-0.08103581517934799
3715624960.0,-0.09940165281295776
3716562432.0,-0.11910498887300491
3717499904.0,-0.1386670172214508
3718437376.0,-0.15891003608703613
3719375104.0,-0.1786879152059555
3720312576.0,-0.19907978177070618
3721250048.0,-0.21934711933135986
3722187520.0,-0.23856765031814575
3723124992.0,-0.2576352655887604
3724062464.0,-0.2746925950050354
3724999936.0,-0.29073667526245117
3725937408.0,-0.3062349259853363
3726874880.0,-0.3180128037929535
3727812608.0,-0.00031966943060979247
3728750080.0,-0.0004372663388494402
3729687552.0,-0.00197223830036819
3730625024.0,-0.00409263651818037
3731562496.0,-0.005880841054022312
3732499968.0,-0.009309988468885422
3733437440.0,-0.012370225042104721
3734374912.0,-0.01657705567777157
3735312384.0,-0.0190923772752285
3736250112.0,-0.021488389000296593
3737187584.0,-0.02515055611729622
3738125056.0,-0.027308812364935875
3739062528.0,-0.027685459703207016
3740000000.0,-0.028489384800195694
3740937472.0,-0.027362734079360962
3741874944.0,-0.02605517953634262
3742812416.0,-0.023785168305039406
3743749888.0,-0.02051648683845997
3744687616.0,-0.01688932254910469
3745625088.0,-0.010984603315591812
3746562560.0,-0.005819769576191902
3747500032.0,0.0015971945831552148
3748437504.0,0.008599917404353619
3749374976.0,0.015817271545529366
3750312448.0,0.024527868255972862
3751249920.0,0.034645382314920425
3752187392.0,0.044142160564661026
3753125120.0,0.053494643419981
3754062592.0,0.0631975457072258
3755000064.0,0.07227542251348495
3755937536.0,0.08141082525253296
3756875008.0,0.08935640752315521
3757812480.0,0.0978100597858429
3758749952.0,0.10508590191602707
3759687424.0,0.11231823265552521
3760624896.0,0.11843378096818924
3761562624.0,0.12283284217119217
3762500096.0,0.1270214468240738
3763437568.0,0.12967638671398163
3764375040.0,0.1305299997329712
3765312512.0,0.13003744184970856
3766249984.0,0.12860552966594696
3767187456.0,0.1254550963640213
3768124928.0,0.12048754096031189
3769062400.0,0.1140456423163414
3769999872.0,0.10798539966344833
3770937600.0,0.09934984892606735
3771875072.0,0.09041092544794083
3772812544.0,0.0799873098731041
3773750016.0,0.06967218220233917
3774687488.0,0.058622345328330994
3775624960.0,0.04669841378927231
3776562432.0,0.03456982225179672
3777499904.0,0.02380586601793766
3778437376.0,0.012103169225156307
3779375104.0,0.00101248431019485
3780312576.0,-0.010707231238484383
3781250048.0,-0.02269763872027397
3782187520.0,-0.033037494868040085
3783124992.0,-0.043857693672180176
3784062464.0,-0.05403798073530197
3784999936.0,-0.06280089169740677
3785937408.0,-0.07174474745988846
3786874880.0,-0.05609419569373131
3787812608.0,-0.05877014622092247
3788750080.0,-0.06116490811109543
3789687552.0,-0.06449373066425323
3790625024.0,-0.06700308620929718
3791562496.0,-0.06874918192625046
3792499968.0,-0.07119958102703094
3793437440.0,-0.07372823357582092
3794374912.0,-0.07589244097471237
3795312384.0,-0.07682038098573685
3796250112.0,-0.07714128494262695
3797187584.0,-0.07673640549182892
3798125056.0,-0.07553878426551819
3799062528.0,-0.07232096046209335
3800000000.0,-0.06810753047466278
3800937472.0,-0.06303857266902924
3801874944.0,-0.05723077058792114
3802812416.0,-0.0512332022190094
3803749888.0,-0.043721042573451996
3804687616.0,-0.03653828799724579
3805625088.0,-0.028567977249622345
3806562560.0,-0.01980617269873619
3807500032.0,-0.010759481228888035
3808437504.0,-0.0020883234683424234
3809374976.0,0.007100902032107115
3810312448.0,0.01563102938234806
3811249920.0,0.023705074563622475
3812187392.0,0.03184065595269203
3813125120.0,0.03912729769945145
3814062592.0,0.04549726843833923
3815000064.0,0.05168034881353378
3815937536.0,0.05767093971371651
3816875008.0,0.0625787228345871
3817812480.0,0.06667510420084
3818749952.0,0.06951732188463211
3819687424.0,0.07253327965736389
3820624896.0,0.07406695932149887
3821562624.0,0.07391242682933807
3822500096.0,0.07302043586969376
3823437568.0,0.07101456075906754
3824375040.0,0.06829280406236649
3825312512.0,0.06458651274442673
3826249984.0,0.05972614139318466
3827187456.0,0.05539849027991295
3828124928.0,0.050102993845939636
3829062400.0,0.04515144228935242
3830000128.0,0.0386875681579113
3830937600.0,0.03324921056628227
3831875072.0,0.02723807469010353
3832812544.0,0.021210558712482452
3833750016.0,0.015514927916228771
3834687488.0,0.00852318573743105
3835624960.0,0.001401217537932098
3836562432.0,-0.004271303303539753
3837499904.0,-0.009699069894850254
3838437376.0,-0.015316911973059177
3839375104.0,-0.02104487642645836
3840312576.0,-0.02601897530257702
3841250048.0,-0.03130248188972473
3842187520.0,-0.036257561296224594
3843124992.0,-0.04065458104014397
3844062464.0,-0.04464494436979294
3844999936.0,-0.048893626779317856
3845937408.0,-0.052380021661520004
3846874880.0,-0.04924551025032997
3847812608.0,-0.05305156856775284
3848750080.0,-0.05388083681464195
3849687552.0,-0.05633982643485069
3850625024.0,-0.05758289247751236
3851562496.0,-0.05846233293414116
3852499968.0,-0.060165341943502426
3853437440.0,-0.061390358954668045
3854374912.0,-0.06168174371123314
3855312384.0,-0.061832357197999954
3856250112.0,-0.06092120334506035
3857187584.0,-0.06021769717335701
3858125056.0,-0.05832860991358757
3859062528.0,-0.05582137033343315
3860000000.0,-0.054266080260276794
3860937472.0,-0.05210058018565178
3861874944.0,-0.0482034757733345
3862812416.0,-0.04728369414806366
3863749888.0,-0.044527724385261536
3864687616.0,-0.043960198760032654
3865625088.0,-0.04506261274218559
3866562560.0,-0.047439586371183395
3867500032.0,-0.05104244500398636
3868437504.0,-0.05626711994409561
3869374976.0,-0.06227976456284523
3870312448.0,-0.0706753358244896
3871249920.0,-0.07950256019830704
3872187392.0,-0.0888361930847168
3873125120.0,-0.09939555078744888
3874062592.0,-0.11060898751020432
3875000064.0,-0.12127611041069031
3875937536.0,-0.13095970451831818
3876875008.0,-0.13979020714759827
3877812480.0,-0.14763346314430237
3878749952.0,-0.1549016535282135
3879687424.0,-0.15763510763645172
3880624896.0,-0.1591189205646515
3881562624.0,-0.15892928838729858
3882500096.0,-0.15659360587596893
3883437568.0,-0.1529870331287384
3884375040.0,-0.14694243669509888
3885312512.0,-0.13898995518684387
3886249984.0,-0.12871168553829193
3887187456.0,-0.11881819367408752
3888124928.0,-0.10793352127075195
3889062400.0,-0.09610866755247116
3889999872.0,-0.0831109806895256
3890937600.0,-0.07098546624183655
3891875072.0,-0.0580282136797905
3892812544.0,-0.04614124819636345
3893750016.0,-0.03583922237157822
3894687488.0,-0.02573176845908165
3895624960.0,-0.017629625275731087
3896562432.0,-0.010668083094060421
3897499904.0,-0.0035698884166777134
3898437376.0,0.001725763431750238
3899375104.0,0.005779219325631857
3900312576.0,0.008100725710391998
3901250048.0,0.009790295735001564
3902187520.0,0.009990128688514233
3903124992.0,0.011743842624127865
3904062464.0,0.011404449120163918
3904999936.0,0.012338479049503803
3905937408.0,0.011559726670384407
3906874880.0,-0.001396231004036963
3907812608.0,-0.011086288839578629
3908750080.0,-0.018093116581439972
3909687552.0,-0.024207469075918198
3910625024.0,-0.028489571064710617
3911562496.0,-0.030299019068479538
3912499968.0,-0.030867449939250946
3913437440.0,-0.02917937934398651
3914374912.0,-0.025518005713820457
3915312384.0,-0.020814958959817886
3916250112.0,-0.01495804451406002
3917187584.0,-0.008064537309110165
3918125056.0,0.0016990972217172384
3919062528.0,0.011694107204675674
3920000000.0,0.021115729585289955
3920937472.0,0.032026372849941254
3921874944.0,0.04231908172369003
3922812416.0,0.05298985540866852
3923749888.0,0.06319335848093033
3924687616.0,0.07284215837717056
3925625088.0,0.08098512142896652
3926562560.0,0.08948264271020889
3927500032.0,0.09576059877872467
3928437504.0,0.10124034434556961
3929374976.0,0.10446378588676453
3930312448.0,0.10680890828371048
3931249920.0,0.10754711925983429
3932187392.0,0.10695676505565643
3933125120.0,0.10568947345018387
3934062592.0,0.10218629986047745
3935000064.0,0.09692762792110443
3935937536.0,0.09141872078180313
3936875008.0,0.08448857814073563
3937812480.0,0.0769818052649498
3938749952.0,0.06847196072340012
3939687424.0,0.05911754071712494
3940624896.0,0.04816518351435661
3941562624.0,0.03664012998342514
3942500096.0,0.025046516209840775
3943437568.0,0.012904433533549309
3944375040.0,0.0019904496148228645
3945312512.0,-0.010342621244490147
3946249984.0,-0.02328963577747345
3947187456.0,-0.03450135886669159
3948124928.0,-0.04623815417289734
3949062400.0,-0.0570560097694397
3950000128.0,-0.06892618536949158
3950937600.0,-0.07897616177797318
3951875072.0,-0.08820679783821106
3952812544.0,-0.09777704626321793
3953750016.0,-0.10646891593933105
3954687488.0,-0.1141921728849411
3955624960.0,-0.12117046117782593
3956562432.0,-0.12835846841335297
3957499904.0,-0.1346357762813568
3958437376.0,-0.14097782969474792
3959375104.0,-0.14565274119377136
3960312576.0,-0.15077491104602814
3961250048.0,-0.15644198656082153
3962187520.0,-0.16175539791584015
3963124992.0,-0.1672065556049347
3964062464.0,-0.17157255113124847
3964999936.0,-0.17522206902503967
3965937408.0,-0.18062788248062134
3966874880.0,-0.07237488031387329
3967812608.0,-0.07813915610313416
3968750080.0,-0.08402575552463531
3969687552.0,-0.0882263332605362
3970625024.0,-0.09128729999065399
3971562496.0,-0.09411780536174774
3972499968.0,-0.09602820128202438
3973437440.0,-0.09680022299289703
3974374912.0,-0.09862127900123596
3975312384.0,-0.09881214052438736
3976250112.0,-0.09789155423641205
3977187584.0,-0.09651117771863937
3978125056.0,-0.0944383516907692
3979062528.0,-0.09094682335853577
3980000000.0,-0.08769523352384567
3980937472.0,-0.08291791379451752
3981874944.0,-0.07768736779689789
3982812416.0,-0.07262597978115082
3983749888.0,-0.06825878471136093
3984687616.0,-0.06315245479345322
3985625088.0,-0.05824004113674164
3986562560.0,-0.052349016070365906
3987500032.0,-0.047192152589559555
3988437504.0,-0.041934844106435776
3989374976.0,-0.03691831976175308
3990312448.0,-0.03167007118463516
3991249920.0,-0.027088740840554237
3992187392.0,-0.022860104218125343
3993125120.0,-0.019844580441713333
3994062592.0,-0.01691986247897148
3995000064.0,-0.01564848981797695
3995937536.0,-0.014885877259075642
3996875008.0,-0.013845960609614849
3997812480.0,-0.014209755696356297
3998749952.0,-0.016154874116182327
3999687424.0,-0.015228718519210815
4000624896.0,-0.00897962786257267
4001562624.0,-0.014286224730312824
4002500096.0,-0.02024857886135578
4003437568.0,-0.02643141709268093
4004375040.0,-0.032924287021160126
4005312512.0,-0.040393322706222534
4006249984.0,-0.04794842004776001
4007187456.0,-0.05641791597008705
4008124928.0,-0.06523892283439636
4009062400.0,-0.07418616861104965
4009999872.0,-0.08213521540164948
4010937600.0,-0.09028805047273636
4011875072.0,-0.09886769950389862
4012812544.0,-0.10622858256101608
4013750016.0,-0.114349864423275
4014687488.0,-0.1229381337761879
4015624960.0,-0.13172802329063416
4016562432.0,-0.13853323459625244
4017499904.0,-0.14654694497585297
4018437376.0,-0.15315653383731842
4019375104.0,-0.16007940471172333
4020312576.0,-0.16606351733207703
4021250048.0,-0.17132391035556793
4022187520.0,-0.1764819175004959
4023124992.0,-0.18109963834285736
4024062464.0,-0.18547815084457397
4024999936.0,-0.18951164186000824
4025937408.0,-0.19312864542007446
4026874880.0,-0.1842929720878601
4027812608.0,-0.18523633480072021
4028750080.0,-0.18697479367256165
4029687552.0,-0.18807542324066162
4030625024.0,-0.18926742672920227
4031562496.0,-0.19011133909225464
4032499968.0,-0.1910548359155655
4033437440.0,-0.1922849416732788
4034374912.0,-0.19277529418468475
4035312384.0,-0.19388297200202942
4036250112.0,-0.1939045935869217
4037187584.0,-0.19459719955921173
4038125056.0,-0.19412852823734283
4039062528.0,-0.19448843598365784
4040000000.0,-0.19333244860172272
4040937472.0,-0.1912754327058792
4041874944.0,-0.18942135572433472
4042812416.0,-0.1866590529680252
4043749888.0,-0.18233461678028107
4044687616.0,-0.1776019036769867
4045625088.0,-0.17279808223247528
4046562560.0,-0.16644392907619476
4047500032.0,-0.15960563719272614
4048437504.0,-0.15259793400764465
4049374976.0,-0.14234358072280884
4050312448.0,-0.13347481191158295
4051249920.0,-0.12297719717025757
4052187392.0,-0.11236177384853363
4053125120.0,-0.10054358094930649
4054062592.0,-0.08817166090011597
4055000064.0,-0.07678218930959702
4055937536.0,-0.06492745131254196
4056875008.0,-0.05290621891617775
4057812480.0,-0.040738143026828766
4058749952.0,-0.028190674260258675
4059687424.0,-0.016426995396614075
4060624896.0,-0.005424296949058771
4061562624.0,0.0037543324287980795
4062500096.0,0.013339106924831867
4063437568.0,0.02241748943924904
4064375040.0,0.030753279104828835
4065312512.0,0.037801630795001984
4066249984.0,0.04240453243255615
4067187456.0,0.04696077108383179
4068124928.0,0.05094054713845253
4069062400.0,0.05340636894106865
4070000128.0,0.05406579747796059
4070937600.0,0.05174311622977257
4071875072.0,0.05017467960715294
4072812544.0,0.04677242785692215
4073750016.0,0.04250248521566391
4074687488.0,0.03734023869037628
4075624960.0,0.03069053590297699
4076562432.0,0.02368832565844059
4077499904.0,0.015682199969887733
4078437376.0,0.007445951458066702
4079375104.0,-0.002087091561406851
4080312576.0,-0.010452291928231716
4081250048.0,-0.020511697977781296
4082187520.0,-0.03011164255440235
4083124992.0,-0.04072505235671997
4084062464.0,-0.050067637115716934
4084999936.0,-0.05945286154747009
4085937408.0,-0.06860372424125671
4086874880.0,-0.09176211059093475
4087812608.0,-0.09735137224197388
4088750080.0,-0.10086388140916824
4089687552.0,-0.10481832176446915
4090625024.0,-0.10791593790054321
4091562496.0,-0.11051672697067261
4092499968.0,-0.11313827335834503
4093437440.0,-0.11495582014322281
4094374912.0,-0.1169581264257431
4095312384.0,-0.11743242293596268
4096250112.0,-0.11831275373697281
4097187584.0,-0.11839362978935242
4098125056.0,-0.11885268241167068
4099062528.0,-0.11903185397386551
4100000000.0,-0.11969127506017685
4100937472.0,-0.1204679012298584
4101874944.0,-0.12075735628604889
4102812416.0,-0.12209253758192062
4103749888.0,-0.12221082299947739
4104687616.0,-0.12252477556467056
4105625088.0,-0.12297269701957703
4106562560.0,-0.122498519718647
4107500032.0,-0.12264212220907211
4108437504.0,-0.12191088497638702
4109374976.0,-0.12112586200237274
4110312448.0,-0.12069860100746155
4111249920.0,-0.12051718682050705
4112187392.0,-0.11931385844945908
4113125120.0,-0.11828432232141495
4114062592.0,-0.11697982251644135
4115000064.0,-0.1159379631280899
4115937536.0,-0.11357098072767258
4116875008.0,-0.1121642142534256
4117812480.0,-0.10896970331668854
4118749952.0,-0.1067006066441536
4119687424.0,-0.1029663011431694
4120624896.0,-0.10068411380052567
4121562624.0,-0.09702511876821518
4122500096.0,-0.09346558153629303
4123437568.0,-0.08971435576677322
4124375040.0,-0.08638939261436462
4125312512.0,-0.0817992240190506
4126249984.0,-0.07834471017122269
4127187456.0,-0.07508809119462967
4128124928.0,-0.07042289525270462
4129062400.0,-0.06730449944734573
4129999872.0,-0.06251899152994156
4130937600.0,-0.06000332161784172
4131875072.0,-0.056966252624988556
4132812544.0,-0.05412767454981804
4133750016.0,-0.051462143659591675
4134687488.0,-0.049657851457595825
4135624960.0,-0.046864718198776245
4136562432.0,-0.04620053619146347
4137499904.0,-0.04500992223620415
4138437376.0,-0.042948395013809204
4139375104.0,-0.04188183695077896
4140312576.0,-0.041367217898368835
4141250048.0,-0.040214329957962036
4142187520.0,-0.04099429398775101
4143124992.0,-0.04014955833554268
4144062464.0,-0.03961026668548584
4144999936.0,-0.03949378430843353
4145937408.0,-0.03877430036664009
4146874880.0,-0.08291666209697723
4147812608.0,-0.08523216098546982
4148750080.0,-0.08620394766330719
4149687552.0,-0.08624652028083801
4150625024.0,-0.0860355943441391
4151562496.0,-0.08510380983352661
4152499968.0,-0.0828855037689209
4153437440.0,-0.08113668113946915
4154374912.0,-0.0769280195236206
4155312384.0,-0.07318107783794403
4156250112.0,-0.06887287646532059
4157187584.0,-0.06414902210235596
4158125056.0,-0.059580057859420776
4159062528.0,-0.05460512638092041
4160000000.0,-0.04987907409667969
4160937472.0,-0.04436919465661049
4161874944.0,-0.03886479139328003
4162812416.0,-0.03417491167783737
4163749888.0,-0.028989877551794052
4164687616.0,-0.024373909458518028
4165625088.0,-0.01966913603246212
4166562560.0,-0.017696455121040344
4167500032.0,-0.015019996091723442
4168437504.0,-0.012776879593729973
4169374976.0,-0.012274961918592453
4170312448.0,-0.01300303265452385
4171249920.0,-0.013769149780273438
4172187392.0,-0.016061535105109215
4173125120.0,-0.01850411295890808
4174062592.0,-0.021546831354498863
4175000064.0,-0.02467682957649231
4175937536.0,-0.02872740663588047
4176875008.0,-0.032817140221595764
4177812480.0,-0.03700271248817444
4178749952.0,-0.04277791082859039
4179687424.0,-0.048331163823604584
4180624896.0,-0.052551381289958954
4181562624.0,-0.058279868215322495
4182500096.0,-0.06348894536495209
4183437568.0,-0.06807004660367966
4184375040.0,-0.07286984473466873
4185312512.0,-0.0764482393860817
4186249984.0,-0.08020709455013275
4187187456.0,-0.08380763977766037
4188124928.0,-0.08653657883405685
4189062400.0,-0.0905633270740509
4190000128.0,-0.0936719998717308
4190937600.0,-0.09680024534463882
4191875072.0,-0.10029543936252594
4192812544.0,-0.1040140762925148
4193750016.0,-0.10747209936380386
4194687488.0,-0.1119164526462555
4195624960.0,-0.11602974683046341
4196562432.0,-0.11934565007686615
4197499904.0,-0.12369310110807419
4198437376.0,-0.12866315245628357
4199375104.0,-0.13356685638427734
4200312576.0,-0.13767831027507782
4201250048.0,-0.1428268998861313
4202187520.0,-0.14808237552642822
4203124992.0,-0.15258677303791046
4204062464.0,-0.1575327217578888
4204999936.0,-0.16249394416809082
4205937408.0,-0.1667494922876358
4206874880.0,-0.15922442078590393
4207812608.0,-0.16594937443733215
4208750080.0,-0.17130453884601593
4209687552.0,-0.17732052505016327
4210625024.0,-0.18195593357086182
4211562496.0,-0.1850578933954239
4212499968.0,-0.18801602721214294
4213437440.0,-0.18905752897262573
4214374912.0,-0.18870402872562408
4215312384.0,-0.18829889595508575
4216250112.0,-0.18540015816688538
4217187584.0,-0.18217626214027405
4218125056.0,-0.1770903617143631
4219062528.0,-0.17135852575302124
4220000000.0,-0.16339623928070068
4220937472.0,-0.15420274436473846
4221874944.0,-0.14518947899341583
4222812416.0,-0.13300399482250214
4223749888.0,-0.12214042991399765
4224687616.0,-0.10922456532716751
4225625088.0,-0.0953022837638855
4226562560.0,-0.08014271408319473
4227500032.0,-0.06497857719659805
4228437504.0,-0.04830474406480789
4229374976.0,-0.03187062591314316
4230312448.0,-0.015071172267198563
4231249920.0,0.001180612132884562
4232187392.0,0.018368838354945183
4233125120.0,0.034532107412815094
4234062592.0,0.049911994487047195
4235000064.0,0.0657377615571022
4235937536.0,0.08042003214359283
4236875008.0,0.09251689165830612
4237812480.0,0.10502579808235168
4238749952.0,0.11528562754392624
4239687424.0,0.12503227591514587
4240624896.0,0.1320817619562149
4241562624.0,0.1387457251548767
4242500096.0,0.14425532519817352
4243437568.0,0.14719955623149872
4244375040.0,0.14903941750526428
4245312512.0,0.1493024080991745
4246249984.0,0.14765971899032593
4247187456.0,0.1443895846605301
4248124928.0,0.14021006226539612
4249062400.0,0.13263174891471863
4249999872.0,0.124151311814785
4250937600.0,0.11386838555335999
4251875072.0,0.10308405756950378
4252812544.0,0.08799035847187042
4253750016.0,0.07282254099845886
4254687488.0,0.056417956948280334
4255624960.0,0.03924650698900223
4256562432.0,0.020032474771142006
4257499904.0,0.0010891767451539636
4258437376.0,-0.019040925428271294
4259375104.0,-0.039193835109472275
4260312576.0,-0.05939292535185814
4261250048.0,-0.08146440237760544
4262187520.0,-0.10246512293815613
4263124992.0,-0.12472241371870041
4264062464.0,-0.1464422047138214
4264999936.0,-0.16752322018146515
4265937408.0,-0.18777847290039062
4266874880.0,-0.19382651150226593
4267812608.0,-0.2017524689435959
4268750080.0,-0.20955020189285278
4269687552.0,-0.21604984998703003
4270625024.0,-0.22195464372634888
4271562496.0,-0.22871580719947815
4272499968.0,-0.2335568070411682
4273437440.0,-0.2352890968322754
4274374912.0,-0.23873378336429596
4275312384.0,-0.23843969404697418
4276250112.0,-0.2364194393157959
4277187584.0,-0.2328675240278244
4278125056.0,-0.22693833708763123
4279062528.0,-0.2195063829421997
4280000000.0,-0.20904289186000824
4280937472.0,-0.1966058313846588
4281874944.0,-0.18191973865032196
4282812416.0,-0.16653095185756683
4283749888.0,-0.15008381009101868
4284687616.0,-0.13091982901096344
4285625088.0,-0.10972517728805542
4286562560.0,-0.08806797116994858
4287500032.0,-0.06573548913002014
4288437504.0,-0.041342366486787796
4289374976.0,-0.019516313448548317
4290312448.0,0.00455869035795331
4291249920.0,0.02807970531284809
4292187392.0,0.05003207176923752
4293125120.0,0.07159025222063065
4294062592.0,0.09155663102865219
4295000064.0,0.11056999862194061
4295937536.0,0.12846726179122925
4296875008.0,0.14359541237354279
4297812480.0,0.1587437242269516
4298749952.0,0.1699579507112503
4299687424.0,0.18036742508411407
4300624896.0,0.1885225474834442
4301562368.0,0.194378063082695
4302499840.0,0.1978892683982849
4303437312.0,0.1990414410829544
4304374784.0,0.19702491164207458
4305312256.0,0.1915285736322403
4306250240.0,0.1843174546957016
4307187712.0,0.17396070063114166
4308125184.0,0.16147831082344055
4309062656.0,0.14772260189056396
4310000128.0,0.13074469566345215
4310937600.0,0.11452142894268036
4311875072.0,0.096154123544693
4312812544.0,0.07713624089956284
4313750016.0,0.05747370049357414
4314687488.0,0.03736038878560066
4315624960.0,0.01639387384057045
4316562432.0,-0.004200941417366266
4317499904.0,-0.024889500811696053
4318437376.0,-0.044942472130060196
4319374848.0,-0.06546586751937866
4320312320.0,-0.08464635163545609
4321249792.0,-0.10269660502672195
4322187264.0,-0.11923599988222122
4323125248.0,-0.1348748505115509
4324062720.0,-0.1479063481092453
4325000192.0,-0.1604694277048111
4325937664.0,-0.17088109254837036
4326875136.0,-0.22203703224658966
4327812608.0,-0.22079913318157196
4328750080.0,-0.21632397174835205
4329687552.0,-0.2109294831752777
4330625024.0,-0.2041344791650772
4331562496.0,-0.19626447558403015
4332499968.0,-0.18699823319911957
4333437440.0,-0.17826132476329803
4334374912.0,-0.16772396862506866
4335312384.0,-0.15773029625415802
4336249856.0,-0.14877215027809143
4337187328.0,-0.1396234631538391
4338124800.0,-0.12918800115585327
4339062272.0,-0.12206815928220749
4339999744.0,-0.11397512257099152
4340937728.0,-0.10538371652364731
4341875200.0,-0.09911497682332993
4342812672.0,-0.09389766305685043
4343750144.0,-0.08754850924015045
4344687616.0,-0.08072301000356674
4345625088.0,-0.07724769413471222
4346562560.0,-0.07179777324199677
4347500032.0,-0.06843847781419754
4348437504.0,-0.06590871512889862
4349374976.0,-0.06442929059267044
4350312448.0,-0.06367634236812592
4351249920.0,-0.06285984069108963
4352187392.0,-0.06317915767431259
4353124864.0,-0.06402930617332458
4354062336.0,-0.06486877053976059
4354999808.0,-0.06792999058961868
4355937280.0,-0.06933567672967911
4356874752.0,-0.07270977646112442
4357812736.0,-0.07594902068376541
4358750208.0,-0.07921057194471359
4359687680.0,-0.08263658732175827
4360625152.0,-0.08642270416021347
4361562624.0,-0.09130800515413284
4362500096.0,-0.09633983671665192
4363437568.0,-0.10175963491201401
4364375040.0,-0.10647167265415192
4365312512.0,-0.110777348279953
4366249984.0,-0.11480657011270523
4367187456.0,-0.11911268532276154
4368124928.0,-0.12401790171861649
4369062400.0,-0.1283864974975586
4369999872.0,-0.1327347457408905
4370937344.0,-0.13735993206501007
4371874816.0,-0.14159780740737915
4372812288.0,-0.14638084173202515
4373749760.0,-0.1506033092737198
4374687744.0,-0.15654219686985016
4375625216.0,-0.16188129782676697
4376562688.0,-0.1675725132226944
4377500160.0,-0.174115851521492
4378437632.0,-0.18150721490383148
4379375104.0,-0.18916843831539154
4380312576.0,-0.1983208805322647
4381250048.0,-0.20766466856002808
4382187520.0,-0.21651746332645416
4383124992.0,-0.22576113045215607
4384062464.0,-0.2347515970468521
4384999936.0,-0.24552787840366364
4385937408.0,-0.25467193126678467
4386874880.0,-0.32055366039276123
4387812352.0,-0.327842652797699
4388749824.0,-0.33379605412483215
4389687296.0,-0.33802273869514465
4390624768.0,-0.33977821469306946
4391562752.0,-0.3405219316482544
4392500224.0,-0.3392932713031769
4393437696.0,-0.3359818160533905
4394375168.0,-0.3313504457473755
4395312640.0,-0.32580381631851196
4396250112.0,-0.31625843048095703
4397187584.0,-0.3066180944442749
4398125056.0,-0.29414182901382446
4399062528.0,-0.2812408208847046
4400000000.0,-0.2669849693775177
4400937472.0,-0.2514796555042267
4401874944.0,-0.23659643530845642
4402812416.0,-0.22096700966358185
4403749888.0,-0.20445266366004944
4404687360.0,-0.18562647700309753
4405624832.0,-0.16850413382053375
4406562304.0,-0.15021823346614838
4407499776.0,-0.13271403312683105
4408437248.0,-0.11729740351438522
4409375232.0,-0.10118754208087921
4410312704.0,-0.08603968471288681
4411250176.0,-0.07226614654064178
4412187648.0,-0.06007764860987663
4413125120.0,-0.049773216247558594
4414062592.0,-0.04039310663938522
4415000064.0,-0.03451903536915779
4415937536.0,-0.02832985855638981
4416875008.0,-0.026238150894641876
4417812480.0,-0.025610849261283875
4418749952.0,-0.027804186567664146
4419687424.0,-0.031997159123420715
4420624896.0,-0.038795653730630875
4421562368.0,-0.047059789299964905
4422499840.0,-0.05806424841284752
4423437312.0,-0.07080093026161194
4424374784.0,-0.08550608158111572
4425312256.0,-0.10168686509132385
4426250240.0,-0.11979600042104721
4427187712.0,-0.1388021558523178
4428125184.0,-0.15874990820884705
4429062656.0,-0.1780821979045868
4430000128.0,-0.2004735916852951
4430937600.0,-0.22171159088611603
4431875072.0,-0.2445845901966095
4432812544.0,-0.2667158544063568
4433750016.0,-0.289662629365921
4434687488.0,-0.3117397129535675
4435624960.0,-0.3347095251083374
4436562432.0,-0.3560808002948761
4437499904.0,-0.37842586636543274
4438437376.0,-0.39843201637268066
4439374848.0,-0.4172821044921875
4440312320.0,-0.43564730882644653
4441249792.0,-0.45196351408958435
4442187264.0,-0.4666314423084259
4443125248.0,-0.48078662157058716
4444062720.0,-0.49213719367980957
4445000192.0,-0.5031192898750305
4445937664.0,-0.5102275013923645
4446875136.0,-0.5209452509880066
4447812608.0,-0.5271535515785217
4448750080.0,-0.5309767723083496
4449687552.0,-0.5335628390312195
4450625024.0,-0.5328930020332336
4451562496.0,-0.5304664969444275
4452499968.0,-0.5275819897651672
4453437440.0,-0.5219265818595886
4454374912.0,-0.5133503675460815
4455312384.0,-0.5039724707603455
4456249856.0,-0.49298036098480225
4457187328.0,-0.4803312122821808
4458124800.0,-0.4665251672267914
4459062272.0,-0.4521913528442383
4460000256.0,-0.4364006817340851
4460937728.0,-0.42108580470085144
4461875200.0,-0.40441426634788513
4462812672.0,-0.38850295543670654
4463750144.0,-0.3728010654449463
4464687616.0,-0.35671311616897583
4465625088.0,-0.3415399491786957
4466562560.0,-0.326676607131958
4467500032.0,-0.3125714659690857
4468437504.0,-0.3002723753452301
4469374976.0,-0.2887905240058899
4470312448.0,-0.2766200602054596
4471249920.0,-0.2673261761665344
4472187392.0,-0.2579827904701233
4473124864.0,-0.2507173418998718
4474062336.0,-0.24576835334300995
4474999808.0,-0.24342092871665955
4475937280.0,-0.2417711466550827
4476874752.0,-0.24375279247760773
4477812736.0,-0.24686072766780853
4478750208.0,-0.253024160861969
4479687680.0,-0.2613758444786072
4480625152.0,-0.26962047815322876
4481562624.0,-0.2808491587638855
4482500096.0,-0.29515984654426575
4483437568.0,-0.3094649612903595
4484375040.0,-0.3275327682495117
4485312512.0,-0.34939679503440857
4486249984.0,-0.37124550342559814
4487187456.0,-0.39637303352355957
4488124928.0,-0.42313507199287415
4489062400.0,-0.4501555562019348
4489999872.0,-0.47843968868255615
4490937344.0,-0.5091529488563538
4491874816.0,-0.5392367839813232
4492812288.0,-0.570753812789917
4493749760.0,-0.6016078591346741
4494687744.0,-0.6340264678001404
4495625216.0,-0.6653327941894531
4496562688.0,-0.6973021030426025
4497500160.0,-0.7282830476760864
4498437632.0,-0.7588081955909729
4499375104.0,-0.7883971929550171
4500312576.0,-0.8184278607368469
4501250048.0,-0.8453124761581421
4502187520.0,-0.8722298741340637
4503124992.0,-0.8962973952293396
4504062464.0,-0.9186614155769348
4504999936.0,-0.9382906556129456
4505937408.0,-0.9560319781303406
4506874880.0,-0.9188429117202759
4507812352.0,-0.9322188496589661
4508749824.0,-0.9433158040046692
4509687296.0,-0.9508836269378662
4510624768.0,-0.957177460193634
4511562752.0,-0.9591512084007263
4512500224.0,-0.9603963494300842
4513437696.0,-0.9589464664459229
4514375168.0,-0.9527747631072998
4515312640.0,-0.9438397288322449
4516250112.0,-0.9318980574607849
4517187584.0,-0.9175599813461304
4518125056.0,-0.90276038646698
4519062528.0,-0.8873249888420105
4520000000.0,-0.8711556196212769
4520937472.0,-0.8545237183570862
4521874944.0,-0.8381144404411316
4522812416.0,-0.8223586678504944
4523749888.0,-0.8056366443634033
4524687360.0,-0.7912822961807251
4525624832.0,-0.7781035900115967
4526562304.0,-0.7672229409217834
4527499776.0,-0.7567883133888245
4528437248.0,-0.7487273812294006
4529375232.0,-0.7420592308044434
4530312704.0,-0.7383081316947937
4531250176.0,-0.7376469969749451
4532187648.0,-0.7400994896888733
4533125120.0,-0.7463977932929993
4534062592.0,-0.7552362680435181
4535000064.0,-0.767116129398346
4535937536.0,-0.7829485535621643
4536875008.0,-0.8036771416664124
4537812480.0,-0.8263474106788635
4538749952.0,-0.853112518787384
4539687424.0,-0.8828383088111877
4540624896.0,-0.9161575436592102
4541562368.0,-0.9516170620918274
4542499840.0,-0.987912654876709
4543437312.0,-1.026041030883789
4544374784.0,-1.0677343606948853
4545312256.0,-1.1128544807434082
4546250240.0,-1.162187933921814
4547187712.0,-1.2160969972610474
4548125184.0,-1.2736845016479492
4549062656.0,-1.3346019983291626
4550000128.0,-1.3977546691894531
4550937600.0,-1.4632662534713745
4551875072.0,-1.5290417671203613
4552812544.0,-1.5982054471969604
4553750016.0,-1.6689895391464233
4554687488.0,-1.741323709487915
4555624960.0,-1.8130245208740234
4556562432.0,-1.8853355646133423
4557499904.0,-1.9561671018600464
4558437376.0,-2.0248303413391113
4559374848.0,-2.093459129333496
4560312320.0,-2.1585404872894287
4561249792.0,-2.2230122089385986
4562187264.0,-2.286160707473755
4563125248.0,-2.3499300479888916
4564062720.0,-2.4123940467834473
4565000192.0,-2.4733569622039795
4565937664.0,-2.5307252407073975
4566875136.0,-2.3907954692840576
4567812608.0,-2.4230129718780518
4568750080.0,-2.454972267150879
4569687552.0,-2.4875009059906006
4570625024.0,-2.5192182064056396
4571562496.0,-2.5508298873901367
4572499968.0,-2.5810189247131348
4573437440.0,-2.6120293140411377
4574374912.0,-2.643864870071411
4575312384.0,-2.678844690322876
4576249856.0,-2.7119076251983643
4577187328.0,-2.7469065189361572
4578124800.0,-2.781128168106079
4579062272.0,-2.81404709815979
4579999744.0,-2.8473572731018066
4580937728.0,-2.878955125808716
4581875200.0,-2.9080135822296143
4582812672.0,-2.9375765323638916
4583750144.0,-2.9678609371185303
4584687616.0,-3.0015599727630615
4585625088.0,-3.037274122238159
4586562560.0,-3.0746335983276367
4587500032.0,-3.1120495796203613
4588437504.0,-3.146271228790283
4589374976.0,-3.1789028644561768
4590312448.0,-3.213505268096924
4591249920.0,-3.250594139099121
4592187392.0,-3.291294574737549
4593124864.0,-3.3337819576263428
4594062336.0,-3.377437114715576
4594999808.0,-3.422825813293457
4595937280.0,-3.4680838584899902
4596874752.0,-3.512033224105835
4597812736.0,-3.55639386177063
4598750208.0,-3.6002650260925293
4599687680.0,-3.646857976913452
4600625152.0,-3.6985180377960205
4601562624.0,-3.755518913269043
4602500096.0,-3.8138558864593506
4603437568.0,-3.8723175525665283
4604375040.0,-3.928995132446289
4605312512.0,-3.9804229736328125
4606249984.0,-4.032590866088867
4607187456.0,-4.083548545837402
4608124928.0,-4.1331467628479
4609062400.0,-4.181999683380127
4609999872.0,-4.225580215454102
4610937344.0,-4.265275001525879
4611874816.0,-4.302425861358643
4612812288.0,-4.338742256164551
4613749760.0,-4.373988628387451
4614687744.0,-4.4087748527526855
4615625216.0,-4.443552017211914
4616562688.0,-4.475355625152588
4617500160.0,-4.502919673919678
4618437632.0,-4.521979331970215
4619375104.0,-4.534571170806885
4620312576.0,-4.538329124450684
4621250048.0,-4.538728713989258
4622187520.0,-4.536768436431885
4623124992.0,-4.535219669342041
4624062464.0,-4.530865669250488
4624999936.0,-4.52303409576416
4625937408.0,-4.5096564292907715
4626874880.0,-4.659505367279053
4627812352.0,-4.620168685913086
4628749824.0,-4.573057174682617
4629687296.0,-4.521044731140137
4630624768.0,-4.463386058807373
4631562752.0,-4.396920204162598
4632500224.0,-4.322539329528809
4633437696.0,-4.242249011993408
4634375168.0,-4.155364990234375
4635312640.0,-4.06250524520874
4636250112.0,-3.963992118835449
4637187584.0,-3.8615286350250244
4638125056.0,-3.754584550857544
4639062528.0,-3.643960475921631
4640000000.0,-3.52775239944458
4640937472.0,-3.4125475883483887
4641874944.0,-3.2937920093536377
4642812416.0,-3.1771819591522217
4643749888.0,-3.0625038146972656
4644687360.0,-2.9514000415802
4645624832.0,-2.84177565574646
4646562304.0,-2.7324378490448
4647499776.0,-2.6245033740997314
4648437248.0,-2.517768621444702
4649375232.0,-2.4158732891082764
4650312704.0,-2.3175911903381348
4651250176.0,-2.2244956493377686
4652187648.0,-2.1351845264434814
4653125120.0,-2.052396535873413
4654062592.0,-1.973406195640564
4655000064.0,-1.9001883268356323
4655937536.0,-1.8317855596542358
4656875008.0,-1.768135666847229
4657812480.0,-1.70857572555542
4658749952.0,-1.6542785167694092
4659687424.0,-1.6058295965194702
4660624896.0,-1.5624417066574097
4661562368.0,-1.525024175643921
4662499840.0,-1.4903455972671509
4663437312.0,-1.458770990371704
4664374784.0,-1.4301543235778809
4665312256.0,-1.4036246538162231
4666250240.0,-1.379398226737976
4667187712.0,-1.3593097925186157
4668125184.0,-1.3413456678390503
4669062656.0,-1.3250454664230347
4670000128.0,-1.312437653541565
4670937600.0,-1.3009893894195557
4671875072.0,-1.2901118993759155
4672812544.0,-1.2809209823608398
4673750016.0,-1.2703065872192383
4674687488.0,-1.2623136043548584
4675624960.0,-1.2528303861618042
4676562432.0,-1.2429101467132568
4677499904.0,-1.2335103750228882
4678437376.0,-1.2226518392562866
4679374848.0,-1.2107473611831665
4680312320.0,-1.1962307691574097
4681249792.0,-1.1810693740844727
4682187264.0,-1.1650978326797485
4683125248.0,-1.1466997861862183
4684062720.0,-1.1272975206375122
4685000192.0,-1.1054332256317139
4685937664.0,-1.0831313133239746
4686875136.0,-1.0832490921020508
4687812608.0,-1.0577492713928223
4688750080.0,-1.031745433807373
4689687552.0,-1.0033621788024902
4690625024.0,-0.9744769930839539
4691562496.0,-0.9435965418815613
4692499968.0,-0.9109941124916077
4693437440.0,-0.8797259330749512
4694374912.0,-0.8466786742210388
4695312384.0,-0.8133406639099121
4696249856.0,-0.7799932956695557
4697187328.0,-0.7476810812950134
4698124800.0,-0.7151870131492615
4699062272.0,-0.6832190155982971
4700000256.0,-0.6506540179252625
4700937728.0,-0.6193298101425171
4701875200.0,-0.5872765779495239
4702812672.0,-0.5571799278259277
4703750144.0,-0.5262138247489929
4704687616.0,-0.49728167057037354
4705625088.0,-0.4700002372264862
4706562560.0,-0.44433340430259705
4707500032.0,-0.41784122586250305
4708437504.0,-0.3942691385746002
4709374976.0,-0.37238988280296326
4710312448.0,-0.3527786135673523
4711249920.0,-0.33503633737564087
4712187392.0,-0.3190738558769226
4713124864.0,-0.3039262592792511
4714062336.0,-0.2922918200492859
4714999808.0,-0.282337486743927
4715937280.0,-0.2721789479255676
4716874752.0,-0.2653898000717163
4717812736.0,-0.25981226563453674
4718750208.0,-0.25690966844558716
4719687680.0,-0.25503450632095337
4720625152.0,-0.2541182339191437
4721562624.0,-0.2569725215435028
4722500096.0,-0.2608557641506195
4723437568.0,-0.26674771308898926
4724375040.0,-0.2747284471988678
4725312512.0,-0.2844226360321045
4726249984.0,-0.2956160008907318
4727187456.0,-0.30807554721832275
4728124928.0,-0.32250380516052246
4729062400.0,-0.33829814195632935
4729999872.0,-0.3538055419921875
4730937344.0,-0.3701014518737793
4731874816.0,-0.3870674669742584
4732812288.0,-0.4046807885169983
4733749760.0,-0.42161279916763306
4734687744.0,-0.43951690196990967
4735625216.0,-0.45702213048934937
4736562688.0,-0.4741987884044647
4737500160.0,-0.49184325337409973
4738437632.0,-0.5084056258201599
4739375104.0,-0.5236636400222778
4740312576.0,-0.5390013456344604
4741250048.0,-0.5536937117576599
4742187520.0,-0.5673035383224487
4743124992.0,-0.5778143405914307
4744062464.0,-0.5883099436759949
4744999936.0,-0.5961698889732361
4745937408.0,-0.6011872887611389
4746874880.0,-0.4146828055381775
4747812352.0,-0.4141215682029724
4748749824.0,-0.41246238350868225
4749687296.0,-0.41022804379463196
4750624768.0,-0.4076407849788666
4751562752.0,-0.4044896066188812
4752500224.0,-0.4017215371131897
4753437696.0,-0.39727526903152466
4754375168.0,-0.39424437284469604
4755312640.0,-0.3892962336540222
4756250112.0,-0.38475164771080017
4757187584.0,-0.3794330954551697
4758125056.0,-0.3740055561065674
4759062528.0,-0.3670753538608551
4760000000.0,-0.35994812846183777
4760937472.0,-0.3517264723777771
4761874944.0,-0.34388118982315063
4762812416.0,-0.33497223258018494
4763749888.0,-0.3257281184196472
4764687360.0,-0.3160794973373413
4765624832.0,-0.3064117133617401
4766562304.0,-0.29505306482315063
4767499776.0,-0.2833966910839081
4768437248.0,-0.27199235558509827
4769375232.0,-0.2599948048591614
4770312704.0,-0.24679501354694366
4771250176.0,-0.2336268424987793
4772187648.0,-0.21736213564872742
4773125120.0,-0.20197394490242004
4774062592.0,-0.18594659864902496
4775000064.0,-0.16800963878631592
4775937536.0,-0.1504138857126236
4776875008.0,-0.13111209869384766
4777812480.0,-0.11149854212999344
4778749952.0,-0.0915413498878479
4779687424.0,-0.07107532024383545
4780624896.0,-0.05048918351531029
4781562368.0,-0.029305391013622284
4782499840.0,-0.009622796438634396
4783437312.0,0.010701481252908707
4784374784.0,0.03176409751176834
4785312256.0,0.05101841688156128
4786250240.0,0.06956548243761063
4787187712.0,0.08827150613069534
4788125184.0,0.1048273891210556
4789062656.0,0.12098873406648636
4790000128.0,0.13627047836780548
4790937600.0,0.1489548534154892
4791875072.0,0.15931342542171478
4792812544.0,0.1688563972711563
4793750016.0,0.17542919516563416
4794687488.0,0.18077939748764038
4795624960.0,0.18328996002674103
4796562432.0,0.1841607689857483
4797499904.0,0.1821468472480774
4798437376.0,0.17787528038024902
4799374848.0,0.17201006412506104
4800312320.0,0.16245871782302856
4801249792.0,0.15063868463039398
4802187264.0,0.13623571395874023
4803125248.0,0.11949653923511505
4804062720.0,0.1001574769616127
4805000192.0,0.07879604399204254
4805937664.0,0.05577350780367851
4806875136.0,-0.21050648391246796
4807812608.0,-0.2150142788887024
4808750080.0,-0.22029174864292145
4809687552.0,-0.2254282385110855
4810625024.0,-0.23010766506195068
4811562496.0,-0.23426419496536255
4812499968.0,-0.2387205809354782
4813437440.0,-0.24232536554336548
4814374912.0,-0.24585090577602386
4815312384.0,-0.24860471487045288
4816249856.0,-0.24981935322284698
4817187328.0,-0.25011739134788513
4818124800.0,-0.25023841857910156
4819062272.0,-0.2486335039138794
4819999744.0,-0.24759572744369507
4820937728.0,-0.24378329515457153
4821875200.0,-0.23986200988292694
4822812672.0,-0.23640896379947662
4823750144.0,-0.2302953451871872
4824687616.0,-0.22420623898506165
4825625088.0,-0.21652080118656158
4826562560.0,-0.2088804394006729
4827500032.0,-0.1994790881872177
4828437504.0,-0.1897074431180954
4829374976.0,-0.1798616498708725
4830312448.0,-0.16900593042373657
4831249920.0,-0.1587965339422226
4832187392.0,-0.14724992215633392
4833124864.0,-0.13621658086776733
4834062336.0,-0.12594115734100342
4834999808.0,-0.11573319882154465
4835937280.0,-0.10594742000102997
4836874752.0,-0.09581229090690613
4837812736.0,-0.08659100532531738
4838750208.0,-0.07950486242771149
4839687680.0,-0.07235512137413025
4840625152.0,-0.06751358509063721
4841562624.0,-0.062237340956926346
4842500096.0,-0.05867013335227966
4843437568.0,-0.0582803450524807
4844375040.0,-0.05757118761539459
4845312512.0,-0.0586935393512249
4846249984.0,-0.06230420246720314
4847187456.0,-0.06727360934019089
4848124928.0,-0.0739348903298378
4849062400.0,-0.08081740140914917
4849999872.0,-0.0893322229385376
4850937344.0,-0.10027819871902466
4851874816.0,-0.11160049587488174
4852812288.0,-0.12397778034210205
4853749760.0,-0.13823841512203217
4854687744.0,-0.152235209941864
4855625216.0,-0.16679400205612183
4856562688.0,-0.18249936401844025
4857500160.0,-0.19714543223381042
4858437632.0,-0.21193170547485352
4859375104.0,-0.22706979513168335
4860312576.0,-0.24211600422859192
4861250048.0,-0.2543594539165497
4862187520.0,-0.2681647539138794
4863124992.0,-0.2792842388153076
4864062464.0,-0.28967273235321045
4864999936.0,-0.29884666204452515
4865937408.0,-0.3062242865562439
4866874880.0,-0.28901126980781555
4867812352.0,-0.29482778906822205
4868749824.0,-0.30114802718162537
4869687296.0,-0.30687084794044495
4870624768.0,-0.3101515769958496
4871562752.0,-0.3141337037086487
4872500224.0,-0.3157917559146881
4873437696.0,-0.3166391849517822
4874375168.0,-0.3168453276157379
4875312640.0,-0.3154005706310272
4876250112.0,-0.313114732503891
4877187584.0,-0.31002652645111084
4878125056.0,-0.30526214838027954
4879062528.0,-0.2995283901691437
4880000000.0,-0.2923729419708252
4880937472.0,-0.2854120433330536
4881874944.0,-0.2775629460811615
4882812416.0,-0.2689785957336426
4883749888.0,-0.2587112784385681
4884687360.0,-0.24716900289058685
4885624832.0,-0.2364186942577362
4886562304.0,-0.22553937137126923
4887499776.0,-0.21248628199100494
4888437248.0,-0.1997688114643097
4889375232.0,-0.18586015701293945
4890312704.0,-0.17257244884967804
4891250176.0,-0.1596001386642456
4892187648.0,-0.1443503350019455
4893125120.0,-0.1296505331993103
4894062592.0,-0.11561334878206253
4895000064.0,-0.10129102319478989
4895937536.0,-0.08640599250793457
4896875008.0,-0.07370910048484802
4897812480.0,-0.059227533638477325
4898749952.0,-0.04597378522157669
4899687424.0,-0.03333815932273865
4900624896.0,-0.022883340716362
4901562368.0,-0.01244057435542345
4902499840.0,-0.004475526046007872
4903437312.0,0.005937514826655388
4904374784.0,0.0121216531842947
4905312256.0,0.018521342426538467
4906250240.0,0.0226132869720459
4907187712.0,0.025716835632920265
4908125184.0,0.027600988745689392
4909062656.0,0.029074762016534805
4910000128.0,0.02832145243883133
4910937600.0,0.025307022035121918
4911875072.0,0.02306404523551464
4912812544.0,0.018383262678980827
4913750016.0,0.013815590180456638
4914687488.0,0.006031136028468609
4915624960.0,-0.0007195477955974638
4916562432.0,-0.009508206509053707
4917499904.0,-0.019310064613819122
4918437376.0,-0.0291211549192667
4919374848.0,-0.040216315537691116
4920312320.0,-0.05195983499288559
4921249792.0,-0.06386908143758774
4922187264.0,-0.07584822177886963
4923125248.0,-0.08783514052629471
4924062720.0,-0.10052017867565155
4925000192.0,-0.11328361928462982
4925937664.0,-0.16753579676151276
4926875136.0,-0.16912159323692322
4927812608.0,-0.16960421204566956
4928750080.0,-0.17137718200683594
4929687552.0,-0.17305107414722443
4930625024.0,-0.17299216985702515
4931562496.0,-0.17223751544952393
4932499968.0,-0.17048639059066772
4933437440.0,-0.17033083736896515
4934374912.0,-0.16895189881324768
4935312384.0,-0.16707421839237213
4936249856.0,-0.16430999338626862
4937187328.0,-0.16109207272529602
4938124800.0,-0.15687067806720734
4939062272.0,-0.15283247828483582
4940000256.0,-0.14736579358577728
4940937728.0,-0.14278289675712585
4941875200.0,-0.1347978115081787
4942812672.0,-0.12788335978984833
4943750144.0,-0.11989735066890717
4944687616.0,-0.11176043748855591
4945625088.0,-0.1023305281996727
4946562560.0,-0.09262877702713013
4947500032.0,-0.08306978642940521
4948437504.0,-0.07171829044818878
4949374976.0,-0.060979511588811874
4950312448.0,-0.05041267350316048
4951249920.0,-0.039371758699417114
4952187392.0,-0.029182685539126396
4953124864.0,-0.018011024221777916
4954062336.0,-0.007164933253079653
4954999808.0,0.0029754110146313906
4955937280.0,0.01204619649797678
4956874752.0,0.020997943356633186
4957812736.0,0.02910371869802475
4958750208.0,0.03756469115614891
4959687680.0,0.04412727430462837
4960625152.0,0.04943527281284332
4961562624.0,0.05523962900042534
4962500096.0,0.058854684233665466
4963437568.0,0.061764515936374664
4964375040.0,0.06351720541715622
4965312512.0,0.0643400251865387
4966249984.0,0.06349591165781021
4967187456.0,0.06277476996183395
4968124928.0,0.0601840503513813
4969062400.0,0.05771733447909355
4969999872.0,0.05235215276479721
4970937344.0,0.04675919935107231
4971874816.0,0.041702140122652054
4972812288.0,0.03414811193943024
4973749760.0,0.026259571313858032
4974687744.0,0.018136970698833466
4975625216.0,0.008686969056725502
4976562688.0,-0.00017248239601030946
4977500160.0,-0.009913013316690922
4978437632.0,-0.019279662519693375
4979375104.0,-0.02961450256407261
4980312576.0,-0.03933199495077133
4981250048.0,-0.04838098958134651
4982187520.0,-0.057802360504865646
4983124992.0,-0.06688837707042694
4984062464.0,-0.07480426132678986
4984999936.0,-0.08305171877145767
4985937408.0,-0.1254461109638214
4986874880.0,-0.13556192815303802
4987812352.0,-0.1435621678829193
4988749824.0,-0.15128850936889648
4989687296.0,-0.15789635479450226
4990624768.0,-0.16290269792079926
4991562752.0,-0.1663949340581894
4992500224.0,-0.16994598507881165
4993437696.0,-0.17064788937568665
4994375168.0,-0.17101845145225525
4995312640.0,-0.16997011005878448
4996250112.0,-0.16719950735569
4997187584.0,-0.16327522695064545
4998125056.0,-0.15896113216876984
4999062528.0,-0.15367776155471802
5000000000.0,-0.14591066539287567
5000937472.0,-0.13856258988380432
5001874944.0,-0.12931771576404572
5002812416.0,-0.12099931389093399
5003749888.0,-0.11033078283071518
5004687360.0,-0.10011530667543411
5005624832.0,-0.08832111954689026
5006562304.0,-0.07726256549358368
5007499776.0,-0.06622261554002762
5008437248.0,-0.05428624153137207
5009375232.0,-0.04279383644461632
5010312704.0,-0.031361185014247894
5011250176.0,-0.02087423764169216
5012187648.0,-0.009337368421256542
5013125120.0,0.0003386661410331726
5014062592.0,0.010088271461427212
5015000064.0,0.019977804273366928
5015937536.0,0.027996497228741646
5016875008.0,0.03475421667098999
5017812480.0,0.04113717004656792
5018749952.0,0.04741731658577919
5019687424.0,0.05245096981525421
5020624896.0,0.05618827044963837
5021562368.0,0.060619696974754333
5022499840.0,0.0624208003282547
5023437312.0,0.0637851133942604
5024374784.0,0.06426291167736053
5025312256.0,0.06461773067712784
5026250240.0,0.06413149833679199
5027187712.0,0.06222353130578995
5028125184.0,0.05918421968817711
5029062656.0,0.05545077845454216
5030000128.0,0.05166707560420036
5030937600.0,0.04606514051556587
5031875072.0,0.0420987606048584
5032812544.0,0.03570576384663582
5033750016.0,0.029830772429704666
5034687488.0,0.02155098132789135
5035624960.0,0.015774620696902275
5036562432.0,0.007862313650548458
5037499904.0,0.00011918645031983033
5038437376.0,-0.00826972909271717
5039374848.0,-0.015548642724752426
5040312320.0,-0.023110581561923027
5041249792.0,-0.031006254255771637
5042187264.0,-0.03935858607292175
5043125248.0,-0.04668894410133362
5044062720.0,-0.05541469156742096
5045000192.0,-0.06232105940580368
5045937664.0,-0.07932844758033752
5046875136.0,-0.08833777159452438
5047812608.0,-0.09527900069952011
5048750080.0,-0.10302920639514923
5049687552.0,-0.11092548817396164
5050625024.0,-0.11656131595373154
5051562496.0,-0.12247955799102783
5052499968.0,-0.12752720713615417
5053437440.0,-0.1325928419828415
5054374912.0,-0.1375359147787094
5055312384.0,-0.14171773195266724
5056249856.0,-0.1448696255683899
5057187328.0,-0.1467900276184082
5058124800.0,-0.147301584482193
5059062272.0,-0.14941400289535522
5059999744.0,-0.15013723075389862
5060937728.0,-0.1500401496887207
5061875200.0,-0.1486484706401825
5062812672.0,-0.14649298787117004
5063750144.0,-0.14469820261001587
5064687616.0,-0.1429544985294342
5065625088.0,-0.13846226036548615
5066562560.0,-0.1337212175130844
5067500032.0,-0.12868084013462067
5068437504.0,-0.12349622696638107
5069374976.0,-0.11727282404899597
5070312448.0,-0.11097580194473267
5071249920.0,-0.10429654270410538
5072187392.0,-0.09769083559513092
5073124864.0,-0.0915507972240448
5074062336.0,-0.08525288105010986
5074999808.0,-0.07840027660131454
5075937280.0,-0.07238990068435669
5076874752.0,-0.06476692110300064
5077812736.0,-0.05930064246058464
5078750208.0,-0.05352402105927467
5079687680.0,-0.046876367181539536
5080625152.0,-0.04158720746636391
5081562624.0,-0.036815013736486435
5082500096.0,-0.031863681972026825
5083437568.0,-0.02780410833656788
5084375040.0,-0.02397133596241474
5085312512.0,-0.020233765244483948
5086249984.0,-0.017950648441910744
5087187456.0,-0.01490690279752016
5088124928.0,-0.013329827226698399
5089062400.0,-0.011706492863595486
5089999872.0,-0.010891316458582878
5090937344.0,-0.01016339659690857
5091874816.0,-0.008768937550485134
5092812288.0,-0.010853840038180351
5093749760.0,-0.01167132705450058
5094687744.0,-0.012710049748420715
5095625216.0,-0.015189687721431255
5096562688.0,-0.01692475751042366
5097500160.0,-0.019980954006314278
5098437632.0,-0.023112360388040543
5099375104.0,-0.025922341272234917
5100312576.0,-0.029680034145712852
5101250048.0,-0.03396164998412132
5102187520.0,-0.037607017904520035
5103124992.0,-0.04125405102968216
5104062464.0,-0.045781731605529785
5104999936.0,-0.0499957799911499
5105937408.0,-0.12292861193418503
5106874880.0,-0.12881699204444885
5107812352.0,-0.13271692395210266
5108749824.0,-0.13684847950935364
5109687296.0,-0.13998821377754211
5110624768.0,-0.14167235791683197
5111562752.0,-0.14381524920463562
5112500224.0,-0.14424334466457367
5113437696.0,-0.1439974159002304
5114375168.0,-0.14363010227680206
5115312640.0,-0.1420300006866455
5116250112.0,-0.139261856675148
5117187584.0,-0.136627659201622
5118125056.0,-0.13278508186340332
5119062528.0,-0.12910641729831696
5120000000.0,-0.12304433435201645
5120937472.0,-0.11868112534284592
5121874944.0,-0.11334776133298874
5122812416.0,-0.1077425479888916
5123749888.0,-0.1023937463760376
5124687360.0,-0.09729158878326416
5125624832.0,-0.09213155508041382
5126562304.0,-0.08638183027505875
5127499776.0,-0.08127296715974808
5128437248.0,-0.07602822035551071
5129375232.0,-0.07009073346853256
5130312704.0,-0.06501095741987228
5131250176.0,-0.060183145105838776
5132187648.0,-0.054978154599666595
5133125120.0,-0.048658449202775955
5134062592.0,-0.045345090329647064
5135000064.0,-0.04017658159136772
5135937536.0,-0.03648640960454941
5136875008.0,-0.033747151494026184
5137812480.0,-0.03194638341665268
5138749952.0,-0.030008608475327492
5139687424.0,-0.028624018654227257
5140624896.0,-0.028432289138436317
5141562368.0,-0.027993526309728622
5142499840.0,-0.028674868866801262
5143437312.0,-0.029616154730319977
5144374784.0,-0.031863581389188766
5145312256.0,-0.03423038125038147
5146250240.0,-0.03755833953619003
5147187712.0,-0.04197712987661362
5148125184.0,-0.04582607001066208
5149062656.0,-0.050706248730421066
5150000128.0,-0.055163465440273285
5150937600.0,-0.05979657173156738
5151875072.0,-0.0650724321603775
5152812544.0,-0.07108832895755768
5153750016.0,-0.0774223729968071
5154687488.0,-0.08444776386022568
5155624960.0,-0.09302463382482529
5156562432.0,-0.10039853304624557
5157499904.0,-0.10826592892408371
5158437376.0,-0.11677655577659607
5159374848.0,-0.12497343868017197
5160312320.0,-0.13402915000915527
5161249792.0,-0.14376042783260345
5162187264.0,-0.15269537270069122
5163125248.0,-0.16238655149936676
5164062720.0,-0.1711488664150238
5165000192.0,-0.18131192028522491
5165937664.0,-0.18119950592517853
5166875136.0,-0.1933782696723938
5167812608.0,-0.20367436110973358
5168750080.0,-0.21400891244411469
5169687552.0,-0.22145172953605652
5170625024.0,-0.22973251342773438
5171562496.0,-0.23472565412521362
5172499968.0,-0.23888279497623444
5173437440.0,-0.24259720742702484
5174374912.0,-0.2448042333126068
5175312384.0,-0.2456076443195343
5176249856.0,-0.24488487839698792
5177187328.0,-0.2427166998386383
5178124800.0,-0.23849108815193176
5179062272.0,-0.23383459448814392
5180000256.0,-0.2277982085943222
5180937728.0,-0.2211240828037262
5181875200.0,-0.2121678590774536
5182812672.0,-0.20399168133735657
5183750144.0,-0.19413019716739655
5184687616.0,-0.1832757294178009
5185625088.0,-0.17177683115005493
5186562560.0,-0.16115352511405945
5187500032.0,-0.14853131771087646
5188437504.0,-0.13667356967926025
5189374976.0,-0.12350475043058395
5190312448.0,-0.10995180159807205
5191249920.0,-0.09666251391172409
5192187392.0,-0.08220133185386658
5193124864.0,-0.06875057518482208
5194062336.0,-0.055034082382917404
5194999808.0,-0.04178426042199135
5195937280.0,-0.02901454269886017
5196874752.0,-0.018255986273288727
5197812736.0,-0.007418474182486534
5198750208.0,0.002291338052600622
5199687680.0,0.01153220608830452
5200625152.0,0.019086727872490883
5201562624.0,0.02608761377632618
5202500096.0,0.03142834082245827
5203437568.0,0.03519316017627716
5204375040.0,0.03766108304262161
5205312512.0,0.03931429237127304
5206249984.0,0.039259716868400574
5207187456.0,0.0386793278157711
5208124928.0,0.0368708074092865
5209062400.0,0.03272813931107521
5209999872.0,0.027535073459148407
5210937344.0,0.021731248125433922
5211874816.0,0.014298620633780956
5212812288.0,0.005960437469184399
5213749760.0,-0.0037061485927551985
5214687744.0,-0.01424944307655096
5215625216.0,-0.027103889733552933
5216562688.0,-0.03967795893549919
5217500160.0,-0.05332176387310028
5218437632.0,-0.06848565489053726
5219375104.0,-0.0845627710223198
5220312576.0,-0.10118936002254486
5221250048.0,-0.116404689848423
5222187520.0,-0.13386639952659607
5223124992.0,-0.1507379114627838
5224062464.0,-0.16650940477848053
5224999936.0,-0.18423150479793549
5225937408.0,-0.19349592924118042
5226874880.0,-0.2090371549129486
5227812352.0,-0.22313590347766876
5228749824.0,-0.23586352169513702
5229687296.0,-0.24828022718429565
5230624768.0,-0.25834813714027405
5231562752.0,-0.26634228229522705
5232500224.0,-0.2738603949546814
5233437696.0,-0.27814167737960815
5234375168.0,-0.28301504254341125
5235312640.0,-0.28338882327079773
5236250112.0,-0.28292253613471985
5237187584.0,-0.2799028754234314
5238125056.0,-0.27507442235946655
5239062528.0,-0.26786327362060547
5240000000.0,-0.26025626063346863
5240937472.0,-0.2503242790699005
5241874944.0,-0.23826193809509277
5242812416.0,-0.2259768694639206
5243749888.0,-0.21177861094474792
5244687360.0,-0.19750718772411346
5245624832.0,-0.180887371301651
5246562304.0,-0.16454310715198517
5247499776.0,-0.1464369148015976
5248437248.0,-0.12792223691940308
5249375232.0,-0.11164337396621704
5250312704.0,-0.09473392367362976
5251250176.0,-0.07768476009368896
5252187648.0,-0.06057814136147499
5253125120.0,-0.04479918256402016
5254062592.0,-0.028591467067599297
5255000064.0,-0.014304292388260365
5255937536.0,-0.00033438586979173124
5256875008.0,0.011523285880684853
5257812480.0,0.023736367002129555
5258749952.0,0.0337182842195034
5259687424.0,0.043625570833683014
5260624896.0,0.05027708411216736
5261562368.0,0.05713902413845062
5262499840.0,0.06134854257106781
5263437312.0,0.06505940854549408
5264374784.0,0.06632863730192184
5265312256.0,0.06749644875526428
5266250240.0,0.0669906958937645
5267187712.0,0.06440258026123047
5268125184.0,0.060582421720027924
5269062656.0,0.05579878017306328
5270000128.0,0.048601143062114716
5270937600.0,0.04115939140319824
5271875072.0,0.03216296806931496
5272812544.0,0.02214028313755989
5273750016.0,0.011095072142779827
5274687488.0,-0.000730874773580581
5275624960.0,-0.01394957210868597
5276562432.0,-0.026683010160923004
5277499904.0,-0.04157961159944534
5278437376.0,-0.05678654834628105
5279374848.0,-0.07097361981868744
5280312320.0,-0.08647900074720383
5281249792.0,-0.10208554565906525
5282187264.0,-0.11797244101762772
5283125248.0,-0.13288210332393646
5284062720.0,-0.1481940746307373
5285000192.0,-0.16214805841445923
5285937664.0,-0.1887209415435791
5286875136.0,-0.20341439545154572
5287812608.0,-0.21789999306201935
5288750080.0,-0.23141470551490784
5289687552.0,-0.24428217113018036
5290625024.0,-0.25760072469711304
5291562496.0,-0.26899686455726624
5292499968.0,-0.2815353274345398
5293437440.0,-0.29416215419769287
5294374912.0,-0.3053177297115326
5295312384.0,-0.31482017040252686
5296249856.0,-0.323530912399292
5297187328.0,-0.3310026526451111
5298124800.0,-0.33668285608291626
5299062272.0,-0.34106913208961487
5299999744.0,-0.34298866987228394
5300937728.0,-0.34458884596824646
5301875200.0,-0.34494489431381226
5302812672.0,-0.3432869017124176
5303750144.0,-0.34038740396499634
5304687616.0,-0.33679360151290894
5305625088.0,-0.33127179741859436
5306562560.0,-0.3242085576057434
5307500032.0,-0.3158508837223053
5308437504.0,-0.3058522343635559
5309374976.0,-0.29543110728263855
5310312448.0,-0.28367701172828674
5311249920.0,-0.26996171474456787
5312187392.0,-0.25493577122688293
5313124864.0,-0.24159839749336243
5314062336.0,-0.227044939994812
5314999808.0,-0.21125762164592743
5315937280.0,-0.19378560781478882
5316874752.0,-0.17669768631458282
5317812736.0,-0.15872450172901154
5318750208.0,-0.1408330798149109
5319687680.0,-0.12345840036869049
5320625152.0,-0.10641433298587799
5321562624.0,-0.08984492719173431
5322500096.0,-0.0719173327088356
5323437568.0,-0.05479248985648155
5324375040.0,-0.03882645443081856
5325312512.0,-0.022759974002838135
5326249984.0,-0.008672120980918407
5327187456.0,0.005689149722456932
5328124928.0,0.018204547464847565
5329062400.0,0.028886258602142334
5329999872.0,0.04037894308567047
5330937344.0,0.04979201406240463
5331874816.0,0.05968108028173447
5332812288.0,0.0639972910284996
5333749760.0,0.06669840961694717
5334687744.0,0.0675273984670639
5335625216.0,0.066558338701725
5336562688.0,0.06274814903736115
5337500160.0,0.056680407375097275
5338437632.0,0.04968627169728279
5339375104.0,0.03908893093466759
5340312576.0,0.026744866743683815
5341250048.0,0.012938632629811764
5342187520.0,-0.0037948964163661003
5343124992.0,-0.020938033238053322
5344062464.0,-0.04067441076040268
5344999936.0,-0.06179492175579071
5345937408.0,-0.33806344866752625
5346874880.0,-0.3517574965953827
5347812352.0,-0.36502063274383545
5348749824.0,-0.3777332305908203
5349687296.0,-0.38946786522865295
5350624768.0,-0.39983150362968445
5351562752.0,-0.4091012477874756
5352500224.0,-0.4172988533973694
5353437696.0,-0.42408785223960876
5354375168.0,-0.42957159876823425
5355312640.0,-0.4337000846862793
5356250112.0,-0.43742161989212036
5357187584.0,-0.437825083732605
5358125056.0,-0.4377173185348511
5359062528.0,-0.43420496582984924
5360000000.0,-0.4297500550746918
5360937472.0,-0.42365869879722595
5361874944.0,-0.4161553382873535
5362812416.0,-0.40846413373947144
5363749888.0,-0.39755725860595703
5364687360.0,-0.3855896294116974
5365624832.0,-0.3726825714111328
5366562304.0,-0.3579768240451813
5367499776.0,-0.3425454795360565
5368437248.0,-0.3263702392578125
5369375232.0,-0.3096892237663269
5370312704.0,-0.292838990688324
5371250176.0,-0.2746325731277466
5372187648.0,-0.2559705078601837
5373125120.0,-0.23832538723945618
5374062592.0,-0.21879985928535461
5375000064.0,-0.1999499797821045
5375937536.0,-0.18173730373382568
5376875008.0,-0.1637340486049652
5377812480.0,-0.1466960608959198
5378749952.0,-0.12864959239959717
5379687424.0,-0.11240996420383453
5380624896.0,-0.09669611603021622
5381562368.0,-0.0824611559510231
5382499840.0,-0.06925398111343384
5383437312.0,-0.05673081800341606
5384374784.0,-0.04517751187086105
5385312256.0,-0.035226866602897644
5386250240.0,-0.027997100725769997
5387187712.0,-0.02231050655245781
5388125184.0,-0.019693076610565186
5389062656.0,-0.01889130473136902
5390000128.0,-0.02125074341893196
5390937600.0,-0.02505640499293804
5391875072.0,-0.03095688670873642
5392812544.0,-0.04052038490772247
5393750016.0,-0.050337471067905426
5394687488.0,-0.06352142989635468
5395624960.0,-0.07685227692127228
5396562432.0,-0.09426003694534302
5397499904.0,-0.11208599805831909
5398437376.0,-0.13137061893939972
5399374848.0,-0.15263210237026215
5400312320.0,-0.173928365111351
5401249792.0,-0.19553329050540924
5402187264.0,-0.2178473174571991
5403125248.0,-0.2405729740858078
5404062720.0,-0.2634129524230957
5405000192.0,-0.2854693830013275
5405937664.0,-0.32525765895843506
5406875136.0,-0.340638667345047
5407812608.0,-0.3539627492427826
5408750080.0,-0.3664575219154358
5409687552.0,-0.3760814368724823
5410625024.0,-0.38454511761665344
5411562496.0,-0.3909462094306946
5412499968.0,-0.3940380811691284
5413437440.0,-0.3936813771724701
5414374912.0,-0.39107418060302734
5415312384.0,-0.38610321283340454
5416249856.0,-0.37879371643066406
5417187328.0,-0.3687489628791809
5418124800.0,-0.3579515516757965
5419062272.0,-0.3433208465576172
5420000256.0,-0.3277543783187866
5420937728.0,-0.311061292886734
5421875200.0,-0.2921110987663269
5422812672.0,-0.272022545337677
5423750144.0,-0.25058385729789734
5424687616.0,-0.22969838976860046
5425625088.0,-0.20749405026435852
5426562560.0,-0.18453653156757355
5427500032.0,-0.16107527911663055
5428437504.0,-0.14040890336036682
5429374976.0,-0.1183561459183693
5430312448.0,-0.09836587309837341
5431249920.0,-0.0787048414349556
5432187392.0,-0.06168915331363678
5433124864.0,-0.045975882560014725
5434062336.0,-0.032101280987262726
5434999808.0,-0.020100027322769165
5435937280.0,-0.009761974215507507
5436874752.0,-0.0022907773964107037
5437812736.0,0.004085997585207224
5438750208.0,0.007471397053450346
5439687680.0,0.007837115786969662
5440625152.0,0.006504509132355452
5441562624.0,0.0029746119398623705
5442500096.0,-0.0041307262144982815
5443437568.0,-0.01213323138654232
5444375040.0,-0.023973926901817322
5445312512.0,-0.038470327854156494
5446249984.0,-0.05467424914240837
5447187456.0,-0.07279407232999802
5448124928.0,-0.09337632358074188
5449062400.0,-0.11526360362768173
5449999872.0,-0.13922201097011566
5450937344.0,-0.1635979861021042
5451874816.0,-0.19092783331871033
5452812288.0,-0.21952785551548004
5453749760.0,-0.2462509274482727
5454687744.0,-0.27642911672592163
5455625216.0,-0.30494117736816406
5456562688.0,-0.3336581587791443
5457500160.0,-0.3625597655773163
5458437632.0,-0.3881363570690155
5459375104.0,-0.41334354877471924
5460312576.0,-0.43734070658683777
5461250048.0,-0.4582214057445526
5462187520.0,-0.47845956683158875
5463124992.0,-0.4970126450061798
5464062464.0,-0.5129519701004028
5464999936.0,-0.5261395573616028
5465937408.0,-0.4474003314971924
5466874880.0,-0.46092039346694946
5467812352.0,-0.4736442267894745
5468749824.0,-0.4822961390018463
5469687296.0,-0.4901356101036072
5470624768.0,-0.4950205981731415
5471562752.0,-0.4960281252861023
5472500224.0,-0.4969988167285919
5473437696.0,-0.49393799901008606
5474375168.0,-0.4880164563655853
5475312640.0,-0.4805130660533905
5476250112.0,-0.46895670890808105
5477187584.0,-0.4560880959033966
5478125056.0,-0.4424462616443634
5479062528.0,-0.42551571130752563
5480000000.0,-0.4074086844921112
5480937472.0,-0.3890642821788788
5481874944.0,-0.369227796792984
5482812416.0,-0.34953221678733826
5483749888.0,-0.3289344310760498
5484687360.0,-0.3091999292373657
5485624832.0,-0.2873082756996155
5486562304.0,-0.26630210876464844
5487499776.0,-0.2475925236940384
5488437248.0,-0.22832004725933075
5489375232.0,-0.2107575237751007
5490312704.0,-0.19539926946163177
5491250176.0,-0.18042705953121185
5492187648.0,-0.169047549366951
5493125120.0,-0.1581692099571228
5494062592.0,-0.1499495506286621
5495000064.0,-0.1436171531677246
5495937536.0,-0.1389775574207306
5496875008.0,-0.1369236260652542
5497812480.0,-0.13765209913253784
5498749952.0,-0.14122427999973297
5499687424.0,-0.14767858386039734
5500624896.0,-0.1567113995552063
5501562368.0,-0.16855701804161072
5502499840.0,-0.1831520050764084
5503437312.0,-0.20011590421199799
5504374784.0,-0.2194308340549469
5505312256.0,-0.24064351618289948
5506250240.0,-0.26517215371131897
5507187712.0,-0.2894735634326935
5508125184.0,-0.31609585881233215
5509062656.0,-0.34287354350090027
5510000128.0,-0.3717876374721527
5510937600.0,-0.4033633768558502
5511875072.0,-0.4350188076496124
5512812544.0,-0.46911653876304626
5513750016.0,-0.5004869103431702
5514687488.0,-0.5336406230926514
5515624960.0,-0.5655218362808228
5516562432.0,-0.5969570279121399
5517499904.0,-0.629147469997406
5518437376.0,-0.6594275832176208
5519374848.0,-0.6903562545776367
5520312320.0,-0.7206968069076538
5521249792.0,-0.7506178021430969
5522187264.0,-0.7785130739212036
5523125248.0,-0.807137668132782
5524062720.0,-0.8350019454956055
5525000192.0,-0.861986517906189
5525937664.0,-0.7157288789749146
5526875136.0,-0.7287788987159729
5527812608.0,-0.7419973611831665
5528750080.0,-0.7563016414642334
5529687552.0,-0.7720453143119812
5530625024.0,-0.7895780801773071
5531562496.0,-0.8091385364532471
5532499968.0,-0.8289282917976379
5533437440.0,-0.848721981048584
5534374912.0,-0.8711459040641785
5535312384.0,-0.893034815788269
5536249856.0,-0.9157935976982117
5537187328.0,-0.9383376240730286
5538124800.0,-0.9605870842933655
5539062272.0,-0.9827584028244019
5539999744.0,-1.0033825635910034
5540937728.0,-1.0199661254882812
5541875200.0,-1.0354173183441162
5542812672.0,-1.0462708473205566
5543750144.0,-1.0529274940490723
5544687616.0,-1.0571117401123047
5545625088.0,-1.055048942565918
5546562560.0,-1.049643874168396
5547500032.0,-1.0395729541778564
5548437504.0,-1.0261026620864868
5549374976.0,-1.0088770389556885
5550312448.0,-0.9877699017524719
5551249920.0,-0.9638780951499939
5552187392.0,-0.93748939037323
5553124864.0,-0.9087939262390137
5554062336.0,-0.8785563111305237
5554999808.0,-0.8479496836662292
5555937280.0,-0.8159455060958862
5556874752.0,-0.7848842740058899
5557812736.0,-0.7549487948417664
5558750208.0,-0.7257513999938965
5559687680.0,-0.6990171074867249
5560625152.0,-0.6726826429367065
5561562624.0,-0.6478900909423828
5562500096.0,-0.6243832111358643
5563437568.0,-0.6040798425674438
5564375040.0,-0.5873108506202698
5565312512.0,-0.5739416480064392
5566249984.0,-0.5600975751876831
5567187456.0,-0.5489943623542786
5568124928.0,-0.5390841960906982
5569062400.0,-0.5283239483833313
5569999872.0,-0.5182986855506897
5570937344.0,-0.5082811117172241
5571874816.0,-0.4984634220600128
5572812288.0,-0.4884653687477112
5573749760.0,-0.47939053177833557
5574687744.0,-0.47060734033584595
5575625216.0,-0.4637669026851654
5576562688.0,-0.4578109681606293
5577500160.0,-0.45336028933525085
5578437632.0,-0.45011016726493835
5579375104.0,-0.4482947587966919
5580312576.0,-0.44753220677375793
5581250048.0,-0.4474026560783386
5582187520.0,-0.4492558538913727
5583124992.0,-0.45006299018859863
5584062464.0,-0.45216748118400574
5584999936.0,-0.452332079410553
5585937408.0,-0.4271598756313324
5586874880.0,-0.4159151315689087
5587812352.0,-0.4035801887512207
5588749824.0,-0.390157014131546
5589687296.0,-0.37495529651641846
5590624768.0,-0.3582797050476074
5591562752.0,-0.34117409586906433
5592500224.0,-0.32225874066352844
5593437696.0,-0.304394006729126
5594375168.0,-0.2843072712421417
5595312640.0,-0.26437175273895264
5596250112.0,-0.24413226544857025
5597187584.0,-0.22314967215061188
5598125056.0,-0.2031140774488449
5599062528.0,-0.18319755792617798
5600000000.0,-0.16550596058368683
5600937472.0,-0.14761920273303986
5601874944.0,-0.1306663155555725
5602812416.0,-0.11494535952806473
5603749888.0,-0.10072139650583267
5604687360.0,-0.08801523596048355
5605624832.0,-0.07663273066282272
5606562304.0,-0.06651918590068817
5607499776.0,-0.05841768532991409
5608437248.0,-0.05161668732762337
5609375232.0,-0.04718002676963806
5610312704.0,-0.043763384222984314
5611250176.0,-0.0432332418859005
5612187648.0,-0.042843643575906754
5613125120.0,-0.044834766536951065
5614062592.0,-0.04816589877009392
5615000064.0,-0.05426325649023056
5615937536.0,-0.06138047203421593
5616875008.0,-0.07000263035297394
5617812480.0,-0.07957234233617783
5618749952.0,-0.08965669572353363
5619687424.0,-0.10067818313837051
5620624896.0,-0.11338695883750916
5621562368.0,-0.12741564214229584
5622499840.0,-0.14031504094600677
5623437312.0,-0.15360127389431
5624374784.0,-0.16741736233234406
5625312256.0,-0.18067659437656403
5626250240.0,-0.19383981823921204
5627187712.0,-0.20601797103881836
5628125184.0,-0.2176990807056427
5629062656.0,-0.22924691438674927
5630000128.0,-0.23952442407608032
5630937600.0,-0.24875065684318542
5631875072.0,-0.2555887699127197
5632812544.0,-0.2619551122188568
5633750016.0,-0.2657106816768646
5634687488.0,-0.2683864235877991
5635624960.0,-0.26949459314346313
5636562432.0,-0.2678352892398834
5637499904.0,-0.26594987511634827
5638437376.0,-0.26165762543678284
5639374848.0,-0.25552693009376526
5640312320.0,-0.24851299822330475
5641249792.0,-0.23990336060523987
5642187264.0,-0.22918784618377686
5643125248.0,-0.21919439733028412
5644062720.0,-0.20633214712142944
5645000192.0,-0.19447527825832367
5645937664.0,-0.17288416624069214
5646875136.0,-0.1756109744310379
5647812608.0,-0.17698624730110168
5648750080.0,-0.17688120901584625
5649687552.0,-0.17622381448745728
5650625024.0,-0.17321819067001343
5651562496.0,-0.1701030135154724
5652499968.0,-0.16492857038974762
5653437440.0,-0.15980164706707
5654374912.0,-0.15219104290008545
5655312384.0,-0.14533483982086182
5656249856.0,-0.13755057752132416
5657187328.0,-0.1295613944530487
5658124800.0,-0.12140661478042603
5659062272.0,-0.11396125704050064
5660000256.0,-0.10589665174484253
5660937728.0,-0.0991249829530716
5661875200.0,-0.09364151954650879
5662812672.0,-0.08747965097427368
5663750144.0,-0.0822727382183075
5664687616.0,-0.07871062308549881
5665625088.0,-0.07596413046121597
5666562560.0,-0.0734286829829216
5667500032.0,-0.0725364163517952
5668437504.0,-0.07227570563554764
5669374976.0,-0.07383647561073303
5670312448.0,-0.07550854980945587
5671249920.0,-0.07883422076702118
5672187392.0,-0.08348077535629272
5673124864.0,-0.08825411647558212
5674062336.0,-0.09476727992296219
5674999808.0,-0.10104444622993469
5675937280.0,-0.10887409001588821
5676874752.0,-0.11584156006574631
5677812736.0,-0.12381778657436371
5678750208.0,-0.1334814727306366
5679687680.0,-0.14146548509597778
5680625152.0,-0.14981162548065186
5681562624.0,-0.1582770198583603
5682500096.0,-0.16619591414928436
5683437568.0,-0.17422302067279816
5684375040.0,-0.18122391402721405
5685312512.0,-0.18759410083293915
5686249984.0,-0.1935029774904251
5687187456.0,-0.19858719408512115
5688124928.0,-0.20385973155498505
5689062400.0,-0.2072870284318924
5689999872.0,-0.21202817559242249
5690937344.0,-0.21551060676574707
5691874816.0,-0.21838641166687012
5692812288.0,-0.22088463604450226
5693749760.0,-0.22402320802211761
5694687744.0,-0.22717982530593872
5695625216.0,-0.23030471801757812
5696562688.0,-0.23287391662597656
5697500160.0,-0.23680877685546875
5698437632.0,-0.24166132509708405
5699375104.0,-0.24700061976909637
5700312576.0,-0.25379085540771484
5701250048.0,-0.2600390613079071
5702187520.0,-0.26863619685173035
5703124992.0,-0.2779493033885956
5704062464.0,-0.28841832280158997
5704999936.0,-0.2997182309627533
5705937408.0,-0.1931588351726532
5706874880.0,-0.21333752572536469
5707812352.0,-0.23424938321113586
5708749824.0,-0.25295135378837585
5709687296.0,-0.27375271916389465
5710624768.0,-0.2921668589115143
5711562752.0,-0.3080659508705139
5712500224.0,-0.32367733120918274
5713437696.0,-0.335586816072464
5714375168.0,-0.34429144859313965
5715312640.0,-0.3503364026546478
5716250112.0,-0.3505587577819824
5717187584.0,-0.34861400723457336
5718125056.0,-0.34195783734321594
5719062528.0,-0.3301296532154083
5720000000.0,-0.3136507272720337
5720937472.0,-0.29316553473472595
5721874944.0,-0.2689233720302582
5722812416.0,-0.24007491767406464
5723749888.0,-0.20778949558734894
5724687360.0,-0.1720123440027237
5725624832.0,-0.13476920127868652
5726562304.0,-0.09668391942977905
5727499776.0,-0.05537876859307289
5728437248.0,-0.01636328175663948
5729375232.0,0.023954352363944054
5730312704.0,0.06238221377134323
5731250176.0,0.09929397702217102
5732187648.0,0.13325437903404236
5733125120.0,0.1649114340543747
5734062592.0,0.1908278614282608
5735000064.0,0.21432501077651978
5735937536.0,0.2315332293510437
5736875008.0,0.24537278711795807
5737812480.0,0.25450167059898376
5738749952.0,0.25908729434013367
5739687424.0,0.259191632270813
5740624896.0,0.25635403394699097
5741562368.0,0.24921151995658875
5742499840.0,0.2392609864473343
5743437312.0,0.2279670685529709
5744374784.0,0.2139156609773636
5745312256.0,0.19960437715053558
5746250240.0,0.18439657986164093
5747187712.0,0.16878589987754822
5748125184.0,0.15446794033050537
5749062656.0,0.13922052085399628
5750000128.0,0.12502335011959076
5750937600.0,0.11112256348133087
5751875072.0,0.09854292124509811
5752812544.0,0.0874706357717514
5753750016.0,0.07610700279474258
5754687488.0,0.06530154496431351
5755624960.0,0.05144082009792328
5756562432.0,0.029412435367703438
5757499904.0,0.0058458177372813225
5758437376.0,-0.020047998055815697
5759374848.0,-0.04795766994357109
5760312320.0,-0.07685260474681854
5761249792.0,-0.10855355113744736
5762187264.0,-0.13931939005851746
5763125248.0,-0.17028437554836273
5764062720.0,-0.2015763819217682
5765000192.0,-0.23177382349967957
5765937664.0,-0.1534055918455124
5766875136.0,-0.16049866378307343
5767812608.0,-0.16902992129325867
5768750080.0,-0.17812243103981018
5769687552.0,-0.18769404292106628
5770625024.0,-0.19717805087566376
5771562496.0,-0.20696498453617096
5772499968.0,-0.2180815041065216
5773437440.0,-0.2288208305835724
5774374912.0,-0.23945832252502441
5775312384.0,-0.2501603364944458
5776249856.0,-0.2616336941719055
5777187328.0,-0.27280333638191223
5778124800.0,-0.2834734618663788
5779062272.0,-0.2949427664279938
5779999744.0,-0.30711519718170166
5780937728.0,-0.31858134269714355
5781875200.0,-0.3294617831707001
5782812672.0,-0.3401128053665161
5783750144.0,-0.3500349521636963
5784687616.0,-0.35902467370033264
5785625088.0,-0.3693745732307434
5786562560.0,-0.37697964906692505
5787500032.0,-0.3833916187286377
5788437504.0,-0.39144134521484375
5789374976.0,-0.39672350883483887
5790312448.0,-0.400309294462204
5791249920.0,-0.4032658338546753
5792187392.0,-0.40476229786872864
5793124864.0,-0.40502798557281494
5794062336.0,-0.4047384262084961
5794999808.0,-0.4018543064594269
5795937280.0,-0.39856332540512085
5796874752.0,-0.39354032278060913
5797812736.0,-0.38700202107429504
5798750208.0,-0.37925297021865845
5799687680.0,-0.37021344900131226
5800625152.0,-0.35874229669570923
5801562624.0,-0.34612971544265747
5802500096.0,-0.3325865864753723
5803437568.0,-0.3167254328727722
5804375040.0,-0.29890307784080505
5805312512.0,-0.28084084391593933
5806249984.0,-0.2624174654483795
5807187456.0,-0.243078351020813
5808124928.0,-0.222906231880188
5809062400.0,-0.2041013240814209
5809999872.0,-0.18464653193950653
5810937344.0,-0.16664211452007294
5811874816.0,-0.14740528166294098
5812812288.0,-0.1309930384159088
5813749760.0,-0.11373750120401382
5814687744.0,-0.09777681529521942
5815625216.0,-0.08388766646385193
5816562688.0,-0.07081376761198044
5817500160.0,-0.05919571965932846
5818437632.0,-0.05012598633766174
5819375104.0,-0.04246637970209122
5820312576.0,-0.03574693202972412
5821250048.0,-0.03207498788833618
5822187520.0,-0.031265389174222946
5823124992.0,-0.03065832331776619
5824062464.0,-0.031846266239881516
5824999936.0,-0.03554188460111618
5825937408.0,-0.22957701981067657
5826874880.0,-0.23128212988376617
5827812352.0,-0.23287388682365417
5828749824.0,-0.23507507145404816
5829687296.0,-0.23639999330043793
5830624768.0,-0.2375170737504959
5831562752.0,-0.23880130052566528
5832500224.0,-0.24096830189228058
5833437696.0,-0.24277721345424652
5834375168.0,-0.24541987478733063
5835312640.0,-0.24785833060741425
5836250112.0,-0.2508760690689087
5837187584.0,-0.2539815306663513
5838125056.0,-0.25703752040863037
5839062528.0,-0.26071828603744507
5840000000.0,-0.2655234932899475
5840937472.0,-0.2713450789451599
5841874944.0,-0.2756662368774414
5842812416.0,-0.2818126380443573
5843749888.0,-0.28690487146377563
5844687360.0,-0.2921000123023987
5845624832.0,-0.2970791757106781
5846562304.0,-0.3028702139854431
5847499776.0,-0.30746468901634216
5848437248.0,-0.31249138712882996
5849375232.0,-0.3172890841960907
5850312704.0,-0.3214775621891022
5851250176.0,-0.32357874512672424
5852187648.0,-0.3282748758792877
5853125120.0,-0.3304671049118042
5854062592.0,-0.33299383521080017
5855000064.0,-0.33482301235198975
5855937536.0,-0.3352852761745453
5856875008.0,-0.33526334166526794
5857812480.0,-0.33663785457611084
5858749952.0,-0.33608970046043396
5859687424.0,-0.3364282548427582
5860624896.0,-0.33525732159614563
5861562368.0,-0.3333083689212799
5862499840.0,-0.33036544919013977
5863437312.0,-0.3285925090312958
5864374784.0,-0.3247562646865845
5865312256.0,-0.32204800844192505
5866250240.0,-0.31855887174606323
5867187712.0,-0.31630241870880127
5868125184.0,-0.31279754638671875
5869062656.0,-0.30926698446273804
5870000128.0,-0.3073066473007202
5870937600.0,-0.30585265159606934
5871875072.0,-0.3044416308403015
5872812544.0,-0.30465462803840637
5873750016.0,-0.3054187595844269
5874687488.0,-0.3068121075630188
5875624960.0,-0.30912578105926514
5876562432.0,-0.31195491552352905
5877499904.0,-0.31568652391433716
5878437376.0,-0.31864312291145325
5879374848.0,-0.32252880930900574
5880312320.0,-0.3275938630104065
5881249792.0,-0.33233270049095154
5882187264.0,-0.3374263644218445
5883125248.0,-0.34244242310523987
5884062720.0,-0.3464049696922302
5885000192.0,-0.35192185640335083
5885937664.0,-0.36748605966567993
5886875136.0,-0.3723964989185333
5887812608.0,-0.3777642548084259
5888750080.0,-0.38150957226753235
5889687552.0,-0.38500773906707764
5890625024.0,-0.38685911893844604
5891562496.0,-0.389428973197937
5892499968.0,-0.3913295567035675
5893437440.0,-0.39295101165771484
5894374912.0,-0.3938661515712738
5895312384.0,-0.39371174573898315
5896249856.0,-0.3935454785823822
5897187328.0,-0.39220350980758667
5898124800.0,-0.3916272819042206
5899062272.0,-0.3895677328109741
5900000256.0,-0.38865891098976135
5900937728.0,-0.3881194591522217
5901875200.0,-0.38565632700920105
5902812672.0,-0.384545236825943
5903750144.0,-0.3826505243778229
5904687616.0,-0.38092195987701416
5905625088.0,-0.3792591989040375
5906562560.0,-0.37838214635849
5907500032.0,-0.37700769305229187
5908437504.0,-0.3758338689804077
5909374976.0,-0.3746018409729004
5910312448.0,-0.3750002682209015
5911249920.0,-0.3750531077384949
5912187392.0,-0.3758370876312256
5913124864.0,-0.37685850262641907
5914062336.0,-0.37728115916252136
5914999808.0,-0.38031238317489624
5915937280.0,-0.3821772634983063
5916874752.0,-0.38488560914993286
5917812736.0,-0.3893892168998718
5918750208.0,-0.39482149481773376
5919687680.0,-0.3996339440345764
5920625152.0,-0.40583187341690063
5921562624.0,-0.41377249360084534
5922500096.0,-0.42086100578308105
5923437568.0,-0.42979714274406433
5924375040.0,-0.4385331869125366
5925312512.0,-0.44872817397117615
5926249984.0,-0.45885711908340454
5927187456.0,-0.46937450766563416
5928124928.0,-0.48073872923851013
5929062400.0,-0.4908877909183502
5929999872.0,-0.5029510855674744
5930937344.0,-0.5138886570930481
5931874816.0,-0.5242042541503906
5932812288.0,-0.534318745136261
5933749760.0,-0.5442319512367249
5934687744.0,-0.554410994052887
5935625216.0,-0.5644689202308655
5936562688.0,-0.5728215575218201
5937500160.0,-0.5811878442764282
5938437632.0,-0.5891895294189453
5939375104.0,-0.5957226753234863
5940312576.0,-0.6022037267684937
5941250048.0,-0.6058441996574402
5942187520.0,-0.6095687747001648
5943124992.0,-0.6121649742126465
5944062464.0,-0.6136507987976074
5944999936.0,-0.6131420731544495
5945937408.0,-0.40700218081474304
5946874880.0,-0.4225553274154663
5947812352.0,-0.4380888342857361
5948749824.0,-0.45315316319465637
5949687296.0,-0.4692399799823761
5950624768.0,-0.483975887298584
5951562752.0,-0.4979349374771118
5952500224.0,-0.5104965567588806
5953437696.0,-0.523554801940918
5954375168.0,-0.5337983965873718
5955312640.0,-0.5429480671882629
5956250112.0,-0.5509741306304932
5957187584.0,-0.5571903586387634
5958125056.0,-0.5609513521194458
5959062528.0,-0.5636295676231384
5960000000.0,-0.5658727288246155
5960937472.0,-0.5644698143005371
5961874944.0,-0.5608313083648682
5962812416.0,-0.555994987487793
5963749888.0,-0.5484732985496521
5964687360.0,-0.5409272909164429
5965624832.0,-0.5315196514129639
5966562304.0,-0.520277738571167
5967499776.0,-0.5087974667549133
5968437248.0,-0.4967457354068756
5969375232.0,-0.4853185713291168
5970312704.0,-0.47245216369628906
5971250176.0,-0.45959341526031494
5972187648.0,-0.44687679409980774
5973125120.0,-0.43575137853622437
5974062592.0,-0.42367738485336304
5975000064.0,-0.41389933228492737
5975937536.0,-0.40513962507247925
5976875008.0,-0.3964107632637024
5977812480.0,-0.3901847004890442
5978749952.0,-0.3858874440193176
5979687424.0,-0.38115590810775757
5980624896.0,-0.3785536587238312
5981562368.0,-0.3769831657409668
5982499840.0,-0.37578335404396057
5983437312.0,-0.37602490186691284
5984374784.0,-0.37651896476745605
5985312256.0,-0.3794069290161133
5986250240.0,-0.38282448053359985
5987187712.0,-0.3859107196331024
5988125184.0,-0.39001378417015076
5989062656.0,-0.3946862518787384
5990000128.0,-0.398946076631546
5990937600.0,-0.4043761193752289
5991875072.0,-0.40892302989959717
5992812544.0,-0.4134017527103424
5993750016.0,-0.41757363080978394
5994687488.0,-0.42202165722846985
5995624960.0,-0.42619675397872925
5996562432.0,-0.42957600951194763
5997499904.0,-0.43460679054260254
5998437376.0,-0.43876010179519653
5999374848.0,-0.4424606263637543
6000312320.0,-0.4464965760707855
6001249792.0,-0.4497532248497009
6002187264.0,-0.4531312584877014
6003125248.0,-0.45605719089508057
6004062720.0,-0.45854854583740234
6005000192.0,-0.3576052188873291
6005937664.0,-0.3670487403869629
6006875136.0,-0.3770250082015991
6007812608.0,-0.38835376501083374
6008750080.0,-0.40084370970726013
6009687552.0,-0.4143137037754059
6010625024.0,-0.42940881848335266
6011562496.0,-0.4440210461616516
6012499968.0,-0.46113836765289307
6013437440.0,-0.4775703549385071
6014374912.0,-0.49603819847106934
6015312384.0,-0.5137559771537781
6016249856.0,-0.5328912734985352
6017187328.0,-0.5510247945785522
6018124800.0,-0.5683309435844421
6019062272.0,-0.5855367183685303
6019999744.0,-0.6007486581802368
6020937728.0,-0.6164734363555908
6021875200.0,-0.6292306184768677
6022812672.0,-0.6432668566703796
6023750144.0,-0.6541147232055664
6024687616.0,-0.6623010635375977
6025625088.0,-0.6712824702262878
6026562560.0,-0.6770580410957336
6027500032.0,-0.6810154914855957
6028437504.0,-0.68409264087677
6029374976.0,-0.6839257478713989
6030312448.0,-0.6824554800987244
6031249920.0,-0.6784139275550842
6032187392.0,-0.6710377335548401
6033124864.0,-0.6620640158653259
6034062336.0,-0.652222216129303
6034999808.0,-0.6401301622390747
6035937280.0,-0.6266229152679443
6036874752.0,-0.6115931272506714
6037812736.0,-0.596603512763977
6038750208.0,-0.5799748301506042
6039687680.0,-0.5634241104125977
6040625152.0,-0.5456820726394653
6041562624.0,-0.5296980738639832
6042500096.0,-0.5129244327545166
6043437568.0,-0.49664878845214844
6044375040.0,-0.48152127861976624
6045312512.0,-0.46755996346473694
6046249984.0,-0.45286935567855835
6047187456.0,-0.4387562572956085
6048124928.0,-0.42635610699653625
6049062400.0,-0.4151571989059448
6049999872.0,-0.40338853001594543
6050937344.0,-0.393236368894577
6051874816.0,-0.3839314877986908
6052812288.0,-0.37635689973831177
6053749760.0,-0.3689892590045929
6054687744.0,-0.3629850447177887
6055625216.0,-0.3576571047306061
6056562688.0,-0.35417017340660095
6057500160.0,-0.3518606722354889
6058437632.0,-0.35113102197647095
6059375104.0,-0.3516611158847809
6060312576.0,-0.3540532886981964
6061250048.0,-0.3557269275188446
6062187520.0,-0.3594941198825836
6063124992.0,-0.36234045028686523
6064062464.0,-0.36771032214164734
6064999936.0,-0.3655589818954468
6065937408.0,-0.3715742528438568
6066874880.0,-0.37805524468421936
6067812352.0,-0.38555458188056946
6068749824.0,-0.3926087021827698
6069687296.0,-0.4022216796875
6070624768.0,-0.4110952317714691
6071562752.0,-0.4219840466976166
6072500224.0,-0.43110203742980957
6073437696.0,-0.44190946221351624
6074375168.0,-0.4535820484161377
6075312640.0,-0.46384671330451965
6076250112.0,-0.47359275817871094
6077187584.0,-0.4838302731513977
6078125056.0,-0.4924717843532562
6079062528.0,-0.5017752051353455
6080000000.0,-0.511353611946106
6080937472.0,-0.5187262296676636
6081874944.0,-0.52419513463974
6082812416.0,-0.5309498906135559
6083749888.0,-0.5364513993263245
6084687360.0,-0.5403597950935364
6085624832.0,-0.5430921912193298
6086562304.0,-0.5461643934249878
6087499776.0,-0.5469375848770142
6088437248.0,-0.548087477684021
6089375232.0,-0.5475671887397766
6090312704.0,-0.5471927523612976
6091250176.0,-0.5467972159385681
6092187648.0,-0.5427563786506653
6093125120.0,-0.538975715637207
6094062592.0,-0.5339405536651611
6095000064.0,-0.527320384979248
6095937536.0,-0.5201666951179504
6096875008.0,-0.5110982656478882
6097812480.0,-0.5022802352905273
6098749952.0,-0.4934302270412445
6099687424.0,-0.4837212860584259
6100624896.0,-0.47490185499191284
6101562368.0,-0.46481841802597046
6102499840.0,-0.4571312963962555
6103437312.0,-0.4486570656299591
6104374784.0,-0.440947026014328
6105312256.0,-0.43329742550849915
6106250240.0,-0.42539259791374207
6107187712.0,-0.4188488721847534
6108125184.0,-0.4122364819049835
6109062656.0,-0.40480679273605347
6110000128.0,-0.3979109227657318
6110937600.0,-0.3918802738189697
6111875072.0,-0.3870428502559662
6112812544.0,-0.3823963701725006
6113750016.0,-0.3784269094467163
6114687488.0,-0.3752630352973938
6115624960.0,-0.37167981266975403
6116562432.0,-0.3682115077972412
6117499904.0,-0.367029070854187
6118437376.0,-0.3653041422367096
6119374848.0,-0.36459383368492126
6120312320.0,-0.3646944463253021
6121249792.0,-0.36484473943710327
6122187264.0,-0.3664819300174713
6123125248.0,-0.36946895718574524
6124062720.0,-0.3727116286754608
6125000192.0,-0.5712445378303528
6125937664.0,-0.5845872759819031
6126875136.0,-0.5953476428985596
6127812608.0,-0.6055373549461365
6128750080.0,-0.6153372526168823
6129687552.0,-0.6230960488319397
6130625024.0,-0.6288690567016602
6131562496.0,-0.6352888941764832
6132499968.0,-0.641019344329834
6133437440.0,-0.6457957029342651
6134374912.0,-0.6499112248420715
6135312384.0,-0.6532919406890869
6136249856.0,-0.6548079252243042
6137187328.0,-0.6561678051948547
6138124800.0,-0.6558060050010681
6139062272.0,-0.655608057975769
6140000256.0,-0.6526926755905151
6140937728.0,-0.6495634913444519
6141875200.0,-0.6469765305519104
6142812672.0,-0.642714262008667
6143750144.0,-0.6390740275382996
6144687616.0,-0.6362932324409485
6145625088.0,-0.6322340369224548
6146562560.0,-0.6284769773483276
6147500032.0,-0.6252558827400208
6148437504.0,-0.6225490570068359
6149374976.0,-0.6187105774879456
6150312448.0,-0.61701500415802
6151249920.0,-0.6147451996803284
6152187392.0,-0.6130748987197876
6153124864.0,-0.6111359000205994
6154062336.0,-0.6106166243553162
6154999808.0,-0.6088616251945496
6155937280.0,-0.6077949404716492
6156874752.0,-0.6067929267883301
6157812736.0,-0.6064122915267944
6158750208.0,-0.6067785024642944
6159687680.0,-0.6081602573394775
6160625152.0,-0.6103283166885376
6161562624.0,-0.6119467616081238
6162500096.0,-0.6149951815605164
6163437568.0,-0.6194168925285339
6164375040.0,-0.6239343285560608
6165312512.0,-0.6291924118995667
6166249984.0,-0.6343622207641602
6167187456.0,-0.6401178240776062
6168124928.0,-0.6466135382652283
6169062400.0,-0.6534895896911621
6169999872.0,-0.6605293154716492
6170937344.0,-0.6682199239730835
6171874816.0,-0.6755780577659607
6172812288.0,-0.6821866631507874
6173749760.0,-0.6896646022796631
6174687744.0,-0.6971055865287781
6175625216.0,-0.704407811164856
6176562688.0,-0.7127431631088257
6177500160.0,-0.72083580493927
6178437632.0,-0.7282156348228455
6179375104.0,-0.736143171787262
6180312576.0,-0.7435978055000305
6181250048.0,-0.7519359588623047
6182187520.0,-0.7593007683753967
6183124992.0,-0.7670840620994568
6184062464.0,-0.7745499014854431
6184999936.0,-0.6198017597198486
6185937408.0,-0.641527533531189
6186874880.0,-0.662102460861206
6187812352.0,-0.6818777918815613
6188749824.0,-0.7018555998802185
6189687296.0,-0.7209383249282837
6190624768.0,-0.7392548322677612
6191562752.0,-0.7570170760154724
6192500224.0,-0.7733070850372314
6193437696.0,-0.7895303964614868
6194375168.0,-0.8050207495689392
6195312640.0,-0.8183997273445129
6196250112.0,-0.8317815065383911
6197187584.0,-0.8432403802871704
6198125056.0,-0.8548190593719482
6199062528.0,-0.8627352118492126
6200000000.0,-0.8704774975776672
6200937472.0,-0.8749322295188904
6201874944.0,-0.8786506056785583
6202812416.0,-0.8809385895729065
6203749888.0,-0.881389856338501
6204687360.0,-0.879729688167572
6205624832.0,-0.8772260546684265
6206562304.0,-0.872783899307251
6207499776.0,-0.8667005896568298
6208437248.0,-0.8585430979728699
6209375232.0,-0.8484191298484802
6210312704.0,-0.8370802402496338
6211250176.0,-0.8261778950691223
6212187648.0,-0.8126558661460876
6213125120.0,-0.8000589609146118
6214062592.0,-0.7860583066940308
6215000064.0,-0.7719786167144775
6215937536.0,-0.7565653920173645
6216875008.0,-0.7403019070625305
6217812480.0,-0.7238063216209412
6218749952.0,-0.7075850367546082
6219687424.0,-0.6917382478713989
6220624896.0,-0.6770000457763672
6221562368.0,-0.6635428071022034
6222499840.0,-0.6495866775512695
6223437312.0,-0.6371250748634338
6224374784.0,-0.6257694959640503
6225312256.0,-0.6141231656074524
6226250240.0,-0.605034351348877
6227187712.0,-0.5954086184501648
6228125184.0,-0.5885266065597534
6229062656.0,-0.5825813412666321
6230000128.0,-0.5798291563987732
6230937600.0,-0.576565682888031
6231875072.0,-0.5748888850212097
6232812544.0,-0.57398521900177
6233750016.0,-0.5753770470619202
6234687488.0,-0.5760305523872375
6235624960.0,-0.5796487927436829
6236562432.0,-0.5832965970039368
6237499904.0,-0.5899447202682495
6238437376.0,-0.5967003107070923
6239374848.0,-0.6054721474647522
6240312320.0,-0.615006685256958
6241249792.0,-0.624268651008606
6242187264.0,-0.6343410015106201
6243125248.0,-0.6449959874153137
6244062720.0,-0.6544656753540039
6245000192.0,-0.6628873944282532
6245937664.0,-0.6762107014656067
6246875136.0,-0.6892272233963013
6247812608.0,-0.7035031318664551
6248750080.0,-0.7154302597045898
6249687552.0,-0.730098307132721
6250625024.0,-0.7441763877868652
6251562496.0,-0.7574923634529114
6252499968.0,-0.7704311609268188
6253437440.0,-0.7832350134849548
6254374912.0,-0.7955716252326965
6255312384.0,-0.8070493340492249
6256249856.0,-0.8176567554473877
6257187328.0,-0.8282711505889893
6258124800.0,-0.8362674117088318
6259062272.0,-0.8455103635787964
6259999744.0,-0.8523284792900085
6260937728.0,-0.8587004542350769
6261875200.0,-0.8634656071662903
6262812672.0,-0.8679258227348328
6263750144.0,-0.87073814868927
6264687616.0,-0.8737887144088745
6265625088.0,-0.8749173879623413
6266562560.0,-0.8758944272994995
6267500032.0,-0.8760865330696106
6268437504.0,-0.8777623176574707
6269374976.0,-0.8781867623329163
6270312448.0,-0.8792432546615601
6271249920.0,-0.8769378662109375
6272187392.0,-0.8755008578300476
6273124864.0,-0.8720792531967163
6274062336.0,-0.8691164255142212
6274999808.0,-0.8651684522628784
6275937280.0,-0.8611559867858887
6276874752.0,-0.8580206632614136
6277812736.0,-0.8550679683685303
6278750208.0,-0.8522137403488159
6279687680.0,-0.8487999439239502
6280625152.0,-0.8462970852851868
6281562624.0,-0.8424429297447205
6282500096.0,-0.8410809636116028
6283437568.0,-0.8386706709861755
6284375040.0,-0.8383291363716125
6285312512.0,-0.8375657200813293
6286249984.0,-0.8384125232696533
6287187456.0,-0.8384789824485779
6288124928.0,-0.8404902219772339
6289062400.0,-0.8427789211273193
6289999872.0,-0.8454952239990234
6290937344.0,-0.8475886583328247
6291874816.0,-0.8501262068748474
6292812288.0,-0.8542575836181641
6293749760.0,-0.8588326573371887
6294687744.0,-0.8642945885658264
6295625216.0,-0.8706784248352051
6296562688.0,-0.8767436742782593
6297500160.0,-0.8835002183914185
6298437632.0,-0.8908823728561401
6299375104.0,-0.8991443514823914
6300312576.0,-0.9074214100837708
6301250048.0,-0.9162943363189697
6302187520.0,-0.92586350440979
6303124992.0,-0.9361740946769714
6304062464.0,-0.9472647309303284
6304999936.0,-0.9725821614265442
6305937408.0,-0.982072651386261
6306874880.0,-0.9919525384902954
6307812352.0,-1.0006413459777832
6308749824.0,-1.0089858770370483
6309687296.0,-1.0181844234466553
6310624768.0,-1.0269116163253784
6311562752.0,-1.0356417894363403
6312500224.0,-1.0444270372390747
6313437696.0,-1.0532535314559937
6314375168.0,-1.0630415678024292
6315312640.0,-1.0730297565460205
6316250112.0,-1.0829178094863892
6317187584.0,-1.0937190055847168
6318125056.0,-1.1053715944290161
6319062528.0,-1.1166743040084839
6320000000.0,-1.1293654441833496
6320937472.0,-1.1419157981872559
6321874944.0,-1.155377745628357
6322812416.0,-1.168591022491455
6323749888.0,-1.179894208908081
6324687360.0,-1.1893845796585083
6325624832.0,-1.1988441944122314
6326562304.0,-1.2069047689437866
6327499776.0,-1.212506890296936
6328437248.0,-1.2191716432571411
6329375232.0,-1.2242709398269653
6330312704.0,-1.2300550937652588
6331250176.0,-1.2339513301849365
6332187648.0,-1.2393702268600464
6333125120.0,-1.2428338527679443
6334062592.0,-1.245526909828186
6335000064.0,-1.2482459545135498
6335937536.0,-1.250093936920166
6336875008.0,-1.2493244409561157
6337812480.0,-1.2477599382400513
6338749952.0,-1.2454286813735962
6339687424.0,-1.241700291633606
6340624896.0,-1.2362983226776123
6341562368.0,-1.2298309803009033
6342499840.0,-1.2217878103256226
6343437312.0,-1.2139688730239868
6344374784.0,-1.2052388191223145
6345312256.0,-1.1953363418579102
6346250240.0,-1.1837611198425293
6347187712.0,-1.1742149591445923
6348125184.0,-1.163182258605957
6349062656.0,-1.1523118019104004
6350000128.0,-1.140093207359314
6350937600.0,-1.1263225078582764
6351875072.0,-1.1134999990463257
6352812544.0,-1.1000479459762573
6353750016.0,-1.0881057977676392
6354687488.0,-1.076802372932434
6355624960.0,-1.064666509628296
6356562432.0,-1.0541692972183228
6357499904.0,-1.0439398288726807
6358437376.0,-1.0333681106567383
6359374848.0,-1.0264877080917358
6360312320.0,-1.0179110765457153
6361249792.0,-1.0117270946502686
6362187264.0,-1.0071719884872437
6363125248.0,-1.0042344331741333
6364062720.0,-1.0031259059906006
6365000192.0,-1.382179856300354
6365937664.0,-1.3975887298583984
6366875136.0,-1.4122754335403442
6367812608.0,-1.427329659461975
6368750080.0,-1.4410734176635742
6369687552.0,-1.4554736614227295
6370625024.0,-1.4699108600616455
6371562496.0,-1.4822261333465576
6372499968.0,-1.4955025911331177
6373437440.0,-1.5084630250930786
6374374912.0,-1.5221672058105469
6375312384.0,-1.5344653129577637
6376249856.0,-1.5458744764328003
6377187328.0,-1.5537328720092773
6378124800.0,-1.559667944908142
6379062272.0,-1.5643770694732666
6380000256.0,-1.5668587684631348
6380937728.0,-1.5698715448379517
6381875200.0,-1.5704978704452515
6382812672.0,-1.5706613063812256
6383750144.0,-1.568725347518921
6384687616.0,-1.5660146474838257
6385625088.0,-1.5622758865356445
6386562560.0,-1.5589067935943604
6387500032.0,-1.553869366645813
6388437504.0,-1.547905445098877
6389374976.0,-1.5411134958267212
6390312448.0,-1.5337202548980713
6391249920.0,-1.5247119665145874
6392187392.0,-1.5163682699203491
6393124864.0,-1.5053213834762573
6394062336.0,-1.4945473670959473
6394999808.0,-1.482458233833313
6395937280.0,-1.4696252346038818
6396874752.0,-1.4570298194885254
6397812736.0,-1.4460421800613403
6398750208.0,-1.4357813596725464
6399687680.0,-1.4262537956237793
6400625152.0,-1.4194773435592651
6401562624.0,-1.4124079942703247
6402500096.0,-1.4086147546768188
6403437568.0,-1.4058442115783691
6404375040.0,-1.4048517942428589
6405312512.0,-1.4069077968597412
6406249984.0,-1.4108585119247437
6407187456.0,-1.4168869256973267
6408124928.0,-1.4239188432693481
6409062400.0,-1.4336568117141724
6409999872.0,-1.442550539970398
6410937344.0,-1.4530649185180664
6411874816.0,-1.4651479721069336
6412812288.0,-1.4778825044631958
6413749760.0,-1.4929089546203613
6414687744.0,-1.5102179050445557
6415625216.0,-1.5306147336959839
6416562688.0,-1.5528501272201538
6417500160.0,-1.5782694816589355
6418437632.0,-1.6045295000076294
6419375104.0,-1.6298425197601318
6420312576.0,-1.6561205387115479
6421250048.0,-1.6824549436569214
6422187520.0,-1.7085754871368408
6423124992.0,-1.735351800918579
6424062464.0,-1.7633185386657715
6424999936.0,-1.793960452079773
6425937408.0,-1.824756383895874
6426874880.0,-1.8570550680160522
6427812352.0,-1.889590859413147
6428749824.0,-1.9230588674545288
6429687296.0,-1.9562567472457886
6430624768.0,-1.98993718624115
6431562752.0,-2.021195650100708
6432500224.0,-2.051159143447876
6433437696.0,-2.0803298950195312
6434375168.0,-2.1054506301879883
6435312640.0,-2.129542112350464
6436250112.0,-2.1533071994781494
6437187584.0,-2.176213264465332
6438125056.0,-2.1972179412841797
6439062528.0,-2.217909097671509
6440000000.0,-2.2380008697509766
6440937472.0,-2.254965305328369
6441874944.0,-2.2717125415802
6442812416.0,-2.286923408508301
6443749888.0,-2.2996158599853516
6444687360.0,-2.312386989593506
6445624832.0,-2.322805881500244
6446562304.0,-2.331852674484253
6447499776.0,-2.3383142948150635
6448437248.0,-2.3416550159454346
6449375232.0,-2.343641757965088
6450312704.0,-2.343271017074585
6451250176.0,-2.342254638671875
6452187648.0,-2.339421510696411
6453125120.0,-2.3357226848602295
6454062592.0,-2.3315727710723877
6455000064.0,-2.3271400928497314
6455937536.0,-2.323129415512085
6456875008.0,-2.31772780418396
6457812480.0,-2.312863349914551
6458749952.0,-2.3071491718292236
6459687424.0,-2.301562786102295
6460624896.0,-2.2973029613494873
6461562368.0,-2.2932114601135254
6462499840.0,-2.290684938430786
6463437312.0,-2.2875943183898926
6464374784.0,-2.284346580505371
6465312256.0,-2.2812976837158203
6466250240.0,-2.278155565261841
6467187712.0,-2.2762258052825928
6468125184.0,-2.2761945724487305
6469062656.0,-2.2757556438446045
6470000128.0,-2.2787888050079346
6470937600.0,-2.2818799018859863
6471875072.0,-2.2878575325012207
6472812544.0,-2.296814441680908
6473750016.0,-2.3077735900878906
6474687488.0,-2.3208093643188477
6475624960.0,-2.3350796699523926
6476562432.0,-2.3505377769470215
6477499904.0,-2.367938756942749
6478437376.0,-2.389338970184326
6479374848.0,-2.4142377376556396
6480312320.0,-2.4394190311431885
6481249792.0,-2.466717481613159
6482187264.0,-2.497568130493164
6483125248.0,-2.530582904815674
6484062720.0,-2.5654497146606445
6485000192.0,-2.6651718616485596
6485937664.0,-2.6941475868225098
6486875136.0,-2.7253470420837402
6487812608.0,-2.7565343379974365
6488750080.0,-2.7882046699523926
6489687552.0,-2.8206450939178467
6490625024.0,-2.852142095565796
6491562496.0,-2.8825716972351074
6492499968.0,-2.9117705821990967
6493437440.0,-2.9412624835968018
6494374912.0,-2.9703919887542725
6495312384.0,-3.001084327697754
6496249856.0,-3.0333008766174316
6497187328.0,-3.066420793533325
6498124800.0,-3.0980749130249023
6499062272.0,-3.1308557987213135
6499999744.0,-3.162025213241577
6500937728.0,-3.1921889781951904
6501875200.0,-3.221172571182251
6502812672.0,-3.248708486557007
6503750144.0,-3.2774085998535156
6504687616.0,-3.303403615951538
6505625088.0,-3.3291170597076416
6506562560.0,-3.356112480163574
6507500032.0,-3.381558895111084
6508437504.0,-3.4064481258392334
6509374976.0,-3.431068181991577
6510312448.0,-3.455266237258911
6511249920.0,-3.4831418991088867
6512187392.0,-3.510730504989624
6513124864.0,-3.54002046585083
6514062336.0,-3.568403720855713
6514999808.0,-3.5972211360931396
6515937280.0,-3.6260533332824707
6516874752.0,-3.652273654937744
6517812736.0,-3.6790292263031006
6518750208.0,-3.705343246459961
6519687680.0,-3.7329440116882324
6520625152.0,-3.76379656791687
6521562624.0,-3.793726682662964
6522500096.0,-3.829401731491089
6523437568.0,-3.865391969680786
6524375040.0,-3.901954412460327
6525312512.0,-3.942840337753296
6526249984.0,-3.9840474128723145
6527187456.0,-4.026604175567627
6528124928.0,-4.070017337799072
6529062400.0,-4.115414142608643
6529999872.0,-4.1624650955200195
6530937344.0,-4.212393283843994
6531874816.0,-4.263874530792236
6532812288.0,-4.315325736999512
6533749760.0,-4.36776065826416
6534687744.0,-4.41729736328125
6535625216.0,-4.464313507080078
6536562688.0,-4.507133483886719
6537500160.0,-4.548252105712891
6538437632.0,-4.589265823364258
6539375104.0,-4.630177974700928
6540312576.0,-4.66870641708374
6541250048.0,-4.709107398986816
6542187520.0,-4.75059700012207
6543124992.0,-4.790409088134766
6544062464.0,-4.83155632019043
6544999936.0,-4.866132736206055
6545937408.0,-4.910204887390137
6546874880.0,-4.9520955085754395
6547812352.0,-4.994683742523193
6548749824.0,-5.040490627288818
6549687296.0,-5.085543632507324
6550624768.0,-5.130749225616455
6551562752.0,-5.178801536560059
6552500224.0,-5.226900100708008
6553437696.0,-5.276869773864746
6554375168.0,-5.328940391540527
6555312640.0,-5.381173610687256
6556250112.0,-5.438841342926025
6557187584.0,-5.492720127105713
6558125056.0,-5.549388408660889
6559062528.0,-5.605340957641602
6560000000.0,-5.659317970275879
6560937472.0,-5.714067459106445
6561874944.0,-5.76863956451416
6562812416.0,-5.823376655578613
6563749888.0,-5.880123138427734
6564687360.0,-5.9344353675842285
6565624832.0,-5.989599227905273
6566562304.0,-6.0501909255981445
6567499776.0,-6.114923000335693
6568437248.0,-6.184125900268555
6569375232.0,-6.258957386016846
6570312704.0,-6.330960750579834
6571250176.0,-6.404437065124512
6572187648.0,-6.476809501647949
6573125120.0,-6.550456523895264
6574062592.0,-6.626009464263916
6575000064.0,-6.702625274658203
6575937536.0,-6.779910564422607
6576875008.0,-6.860390663146973
6577812480.0,-6.9406633377075195
6578749952.0,-7.023118495941162
6579687424.0,-7.1098151206970215
6580624896.0,-7.200342178344727
6581562368.0,-7.291764259338379
6582499840.0,-7.3820013999938965
6583437312.0,-7.474517345428467
6584374784.0,-7.5649566650390625
6585312256.0,-7.657198429107666
6586250240.0,-7.748931884765625
6587187712.0,-7.8419671058654785
6588125184.0,-7.93376350402832
6589062656.0,-8.031214714050293
6590000128.0,-8.127737045288086
6590937600.0,-8.220001220703125
6591875072.0,-8.315430641174316
6592812544.0,-8.40715503692627
6593750016.0,-8.499699592590332
6594687488.0,-8.592328071594238
6595624960.0,-8.680026054382324
6596562432.0,-8.769038200378418
6597499904.0,-8.863088607788086
6598437376.0,-8.954078674316406
6599374848.0,-9.050228118896484
6600312320.0,-9.140657424926758
6601249792.0,-9.236345291137695
6602187264.0,-9.332220077514648
6603125248.0,-9.431831359863281
6604062720.0,-9.538466453552246
6605000192.0,-9.63659381866455
6605937664.0,-9.737558364868164
6606875136.0,-9.837874412536621
6607812608.0,-9.93642520904541
6608750080.0,-10.029439926147461
6609687552.0,-10.120491027832031
6610625024.0,-10.204021453857422
6611562496.0,-10.291366577148438
6612499968.0,-10.379231452941895
6613437440.0,-10.465703010559082
6614374912.0,-10.545608520507812
6615312384.0,-10.62745475769043
6616249856.0,-10.701248168945312
6617187328.0,-10.775809288024902
6618124800.0,-10.84720516204834
6619062272.0,-10.918631553649902
6620000256.0,-10.99138355255127
6620937728.0,-11.063994407653809
6621875200.0,-11.135979652404785
6622812672.0,-11.205755233764648
6623750144.0,-11.264948844909668
6624687616.0,-11.319856643676758
6625625088.0,-11.374993324279785
6626562560.0,-11.427072525024414
6627500032.0,-11.474034309387207
6628437504.0,-11.514514923095703
6629374976.0,-11.543193817138672
6630312448.0,-11.562691688537598
6631249920.0,-11.574974060058594
6632187392.0,-11.578068733215332
6633124864.0,-11.578944206237793
6634062336.0,-11.574248313903809
6634999808.0,-11.571218490600586
6635937280.0,-11.55937671661377
6636874752.0,-11.552772521972656
6637812736.0,-11.545265197753906
6638750208.0,-11.536236763000488
6639687680.0,-11.524979591369629
6640625152.0,-11.507095336914062
6641562624.0,-11.478415489196777
6642500096.0,-11.444284439086914
6643437568.0,-11.402661323547363
6644375040.0,-11.351371765136719
6645312512.0,-11.299235343933105
6646249984.0,-11.240379333496094
6647187456.0,-11.181751251220703
6648124928.0,-11.123970985412598
6649062400.0,-11.065374374389648
6649999872.0,-11.001360893249512
6650937344.0,-10.936776161193848
6651874816.0,-10.865154266357422
6652812288.0,-10.787931442260742
6653749760.0,-10.70455265045166
6654687744.0,-10.619397163391113
6655625216.0,-10.525744438171387
6656562688.0,-10.42900276184082
6657500160.0,-10.326746940612793
6658437632.0,-10.220233917236328
6659375104.0,-10.1116943359375
6660312576.0,-10.00394058227539
6661250048.0,-9.901612281799316
6662187520.0,-9.800278663635254
6663124992.0,-9.70103931427002
6664062464.0,-9.59974479675293
6664999936.0,-9.486175537109375
6665937408.0,-9.383726119995117
6666874880.0,-9.28101921081543
6667812352.0,-9.175161361694336
6668749824.0,-9.06877326965332
6669687296.0,-8.9640474319458
6670624768.0,-8.859854698181152
6671562752.0,-8.757908821105957
6672500224.0,-8.656594276428223
6673437696.0,-8.55423355102539
6674375168.0,-8.454998970031738
6675312640.0,-8.35924243927002
6676250112.0,-8.258508682250977
6677187584.0,-8.158318519592285
6678125056.0,-8.059309959411621
6679062528.0,-7.961242198944092
6680000000.0,-7.866507053375244
6680937472.0,-7.774609565734863
6681874944.0,-7.682774066925049
6682812416.0,-7.595582962036133
6683749888.0,-7.503646373748779
6684687360.0,-7.410645961761475
6685624832.0,-7.318695068359375
6686562304.0,-7.229791164398193
6687499776.0,-7.14340877532959
6688437248.0,-7.060591220855713
6689375232.0,-6.983578205108643
6690312704.0,-6.908574104309082
6691250176.0,-6.839359760284424
6692187648.0,-6.773181438446045
6693125120.0,-6.713837146759033
6694062592.0,-6.65620231628418
6695000064.0,-6.604689121246338
6695937536.0,-6.552148342132568
6696875008.0,-6.501209259033203
6697812480.0,-6.448335647583008
6698749952.0,-6.390369415283203
6699687424.0,-6.329710006713867
6700624896.0,-6.263870716094971
6701562368.0,-6.199298858642578
6702499840.0,-6.134956359863281
6703437312.0,-6.071313858032227
6704374784.0,-6.008039474487305
6705312256.0,-5.947295188903809
6706250240.0,-5.886922359466553
6707187712.0,-5.8257880210876465
6708125184.0,-5.766831874847412
6709062656.0,-5.705163478851318
6710000128.0,-5.641724109649658
6710937600.0,-5.576358795166016
6711875072.0,-5.507184028625488
6712812544.0,-5.435405254364014
6713750016.0,-5.365560531616211
6714687488.0,-5.294460773468018
6715624960.0,-5.222909450531006
6716562432.0,-5.153414249420166
6717499904.0,-5.083991527557373
6718437376.0,-5.01746129989624
6719374848.0,-4.95365571975708
6720312320.0,-4.890262126922607
6721249792.0,-4.825079917907715
6722187264.0,-4.759223461151123
6723125248.0,-4.6929497718811035
6724062720.0,-4.627845764160156
6725000192.0,-4.338390827178955
6725937664.0,-4.267741680145264
6726875136.0,-4.198783874511719
6727812608.0,-4.130887985229492
6728750080.0,-4.06463098526001
6729687552.0,-4.000067710876465
6730625024.0,-3.938690423965454
6731562496.0,-3.880035638809204
6732499968.0,-3.8203184604644775
6733437440.0,-3.7633116245269775
6734374912.0,-3.7094500064849854
6735312384.0,-3.656405210494995
6736249856.0,-3.608389377593994
6737187328.0,-3.5609097480773926
6738124800.0,-3.517469644546509
6739062272.0,-3.4785218238830566
6739999744.0,-3.4434406757354736
6740937728.0,-3.412698745727539
6741875200.0,-3.3836827278137207
6742812672.0,-3.358096122741699
6743750144.0,-3.332942247390747
6744687616.0,-3.3068997859954834
6745625088.0,-3.2808148860931396
6746562560.0,-3.2537453174591064
6747500032.0,-3.2301650047302246
6748437504.0,-3.205890655517578
6749374976.0,-3.185204029083252
6750312448.0,-3.164703607559204
6751249920.0,-3.1453917026519775
6752187392.0,-3.1274900436401367
6753124864.0,-3.110960006713867
6754062336.0,-3.0942604541778564
6754999808.0,-3.077387571334839
6755937280.0,-3.0606794357299805
6756874752.0,-3.043656587600708
6757812736.0,-3.028707265853882
6758750208.0,-3.011281967163086
6759687680.0,-2.9953157901763916
6760625152.0,-2.9756882190704346
6761562624.0,-2.9548017978668213
6762500096.0,-2.9312407970428467
6763437568.0,-2.9082534313201904
6764375040.0,-2.8828160762786865
6765312512.0,-2.857079029083252
6766249984.0,-2.8299059867858887
6767187456.0,-2.802858829498291
6768124928.0,-2.7733607292175293
6769062400.0,-2.7435224056243896
6769999872.0,-2.712455987930298
6770937344.0,-2.6824982166290283
6771874816.0,-2.6524276733398438
6772812288.0,-2.6219890117645264
6773749760.0,-2.5918796062469482
6774687744.0,-2.561519145965576
6775625216.0,-2.5306665897369385
6776562688.0,-2.4992101192474365
6777500160.0,-2.4676015377044678
6778437632.0,-2.439537763595581
6779375104.0,-2.411137819290161
6780312576.0,-2.380932331085205
6781250048.0,-2.3518073558807373
6782187520.0,-2.3229029178619385
6783124992.0,-2.2911272048950195
6784062464.0,-2.260688304901123
6784999936.0,-2.237142324447632
6785937408.0,-2.2025997638702393
6786874880.0,-2.1699938774108887
6787812352.0,-2.1382808685302734
6788749824.0,-2.109530448913574
6789687296.0,-2.0817339420318604
6790624768.0,-2.054443359375
6791562752.0,-2.028533458709717
6792500224.0,-2.0047030448913574
6793437696.0,-1.9821102619171143
6794375168.0,-1.96210777759552
6795312640.0,-1.942124366760254
6796250112.0,-1.9242961406707764
6797187584.0,-1.9074901342391968
6798125056.0,-1.8901162147521973
6799062528.0,-1.8727511167526245
6800000000.0,-1.8569871187210083
6800937472.0,-1.8407647609710693
6801874944.0,-1.8260486125946045
6802812416.0,-1.8112001419067383
6803749888.0,-1.7972568273544312
6804687360.0,-1.7863575220108032
6805624832.0,-1.7743397951126099
6806562304.0,-1.7624701261520386
6807499776.0,-1.7527333498001099
6808437248.0,-1.7410048246383667
6809375232.0,-1.7294760942459106
6810312704.0,-1.7191832065582275
6811250176.0,-1.7076002359390259
6812187648.0,-1.6968551874160767
6813125120.0,-1.6853547096252441
6814062592.0,-1.674056887626648
6815000064.0,-1.6614127159118652
6815937536.0,-1.6477959156036377
6816875008.0,-1.6339068412780762
6817812480.0,-1.6192774772644043
6818749952.0,-1.604340672492981
6819687424.0,-1.5883744955062866
6820624896.0,-1.5713444948196411
6821562368.0,-1.5526784658432007
6822499840.0,-1.5328903198242188
6823437312.0,-1.515271782875061
6824374784.0,-1.4942021369934082
6825312256.0,-1.4725695848464966
6826250240.0,-1.450825810432434
6827187712.0,-1.4283572435379028
6828125184.0,-1.405985951423645
6829062656.0,-1.3818262815475464
6830000128.0,-1.3583096265792847
6830937600.0,-1.3332570791244507
6831875072.0,-1.3086737394332886
6832812544.0,-1.2875564098358154
6833750016.0,-1.2657793760299683
6834687488.0,-1.2456227540969849
6835624960.0,-1.2258104085922241
6836562432.0,-1.2067142724990845
6837499904.0,-1.18789803981781
6838437376.0,-1.1711924076080322
6839374848.0,-1.1552010774612427
6840312320.0,-1.139896035194397
6841249792.0,-1.1249301433563232
6842187264.0,-1.1114723682403564
6843125248.0,-1.099286675453186
6844062720.0,-1.088767170906067
6845000192.0,-1.0526639223098755
6845937664.0,-1.0446527004241943
6846875136.0,-1.0372791290283203
6847812608.0,-1.0335211753845215
6848750080.0,-1.0306057929992676
6849687552.0,-1.0282405614852905
6850625024.0,-1.0279542207717896
6851562496.0,-1.0276050567626953
6852499968.0,-1.0284768342971802
6853437440.0,-1.0294197797775269
6854374912.0,-1.0316709280014038
6855312384.0,-1.0335229635238647
6856249856.0,-1.0370877981185913
6857187328.0,-1.0409992933273315
6858124800.0,-1.045656442642212
6859062272.0,-1.0527054071426392
6860000256.0,-1.0612640380859375
6860937728.0,-1.0708037614822388
6861875200.0,-1.0798827409744263
6862812672.0,-1.0912286043167114
6863750144.0,-1.101802110671997
6864687616.0,-1.1118693351745605
6865625088.0,-1.1234655380249023
6866562560.0,-1.132616639137268
6867500032.0,-1.1425954103469849
6868437504.0,-1.1508721113204956
6869374976.0,-1.1600991487503052
6870312448.0,-1.1670691967010498
6871249920.0,-1.1729300022125244
6872187392.0,-1.1779555082321167
6873124864.0,-1.1807212829589844
6874062336.0,-1.1827393770217896
6874999808.0,-1.1837341785430908
6875937280.0,-1.1814706325531006
6876874752.0,-1.1774970293045044
6877812736.0,-1.1723222732543945
6878750208.0,-1.1632152795791626
6879687680.0,-1.1528346538543701
6880625152.0,-1.1381620168685913
6881562624.0,-1.1225800514221191
6882500096.0,-1.1050946712493896
6883437568.0,-1.0859934091567993
6884375040.0,-1.063437819480896
6885312512.0,-1.0391886234283447
6886249984.0,-1.0138009786605835
6887187456.0,-0.988082766532898
6888124928.0,-0.9599550366401672
6889062400.0,-0.9311584830284119
6889999872.0,-0.902830183506012
6890937344.0,-0.8724773526191711
6891874816.0,-0.8429548144340515
6892812288.0,-0.8119219541549683
6893749760.0,-0.7824536561965942
6894687744.0,-0.7505232691764832
6895625216.0,-0.721916139125824
6896562688.0,-0.6917710304260254
6897500160.0,-0.6632311940193176
6898437632.0,-0.634344220161438
6899375104.0,-0.6069983839988708
6900312576.0,-0.5812346935272217
6901250048.0,-0.5554296374320984
6902187520.0,-0.5313572287559509
6903124992.0,-0.5082448124885559
6904062464.0,-0.4868775010108948
6904999936.0,-0.459870845079422
6905937408.0,-0.45692017674446106
6906874880.0,-0.45487186312675476
6907812352.0,-0.45377281308174133
6908749824.0,-0.45507463812828064
6909687296.0,-0.4571384787559509
6910624768.0,-0.46072688698768616
6911562752.0,-0.46489208936691284
6912500224.0,-0.4711883068084717
6913437696.0,-0.47752100229263306
6914375168.0,-0.4843403995037079
6915312640.0,-0.4921077489852905
6916250112.0,-0.5002962350845337
6917187584.0,-0.5083616971969604
6918125056.0,-0.5167451500892639
6919062528.0,-0.5263385772705078
6920000000.0,-0.535923957824707
6920937472.0,-0.5463495254516602
6921874944.0,-0.5555093884468079
6922812416.0,-0.5637352466583252
6923749888.0,-0.5731230974197388
6924687360.0,-0.5820178985595703
6925624832.0,-0.5903082489967346
6926562304.0,-0.5990769863128662
6927499776.0,-0.6072529554367065
6928437248.0,-0.6145007610321045
6929375232.0,-0.6214216351509094
6930312704.0,-0.6271214485168457
6931250176.0,-0.635886549949646
6932187648.0,-0.6440476775169373
6933125120.0,-0.6509711742401123
6934062592.0,-0.6576752066612244
6935000064.0,-0.6636564135551453
6935937536.0,-0.6681017279624939
6936875008.0,-0.672225296497345
6937812480.0,-0.6752022504806519
6938749952.0,-0.6779780983924866
6939687424.0,-0.6794223785400391
6940624896.0,-0.6790739893913269
6941562368.0,-0.6779216527938843
6942499840.0,-0.6762679815292358
6943437312.0,-0.6737070679664612
6944374784.0,-0.6719978451728821
6945312256.0,-0.6680924296379089
6946250240.0,-0.6640167832374573
6947187712.0,-0.6587095260620117
6948125184.0,-0.6523725986480713
6949062656.0,-0.6453401446342468
6950000128.0,-0.6369633674621582
6950937600.0,-0.6280653476715088
6951875072.0,-0.6180686354637146
6952812544.0,-0.6067193150520325
6953750016.0,-0.5954775810241699
6954687488.0,-0.5825597643852234
6955624960.0,-0.5696813464164734
6956562432.0,-0.556823194026947
6957499904.0,-0.5443326234817505
6958437376.0,-0.5311834812164307
6959374848.0,-0.5182762742042542
6960312320.0,-0.5045425295829773
6961249792.0,-0.48921868205070496
6962187264.0,-0.4740454852581024
6963125248.0,-0.4592593312263489
6964062720.0,-0.4430987536907196
6965000192.0,-0.36478304862976074
6965937664.0,-0.35751795768737793
6966875136.0,-0.3504459261894226
6967812608.0,-0.3412640392780304
6968750080.0,-0.33512693643569946
6969687552.0,-0.3291900157928467
6970625024.0,-0.3225780129432678
6971562496.0,-0.3172709345817566
6972499968.0,-0.3120064437389374
6973437440.0,-0.3087935447692871
6974374912.0,-0.30579492449760437
6975312384.0,-0.30270251631736755
6976249856.0,-0.30023646354675293
6977187328.0,-0.2993049621582031
6978124800.0,-0.2992379367351532
6979062272.0,-0.30012184381484985
6979999744.0,-0.30263060331344604
6980937728.0,-0.30661600828170776
6981875200.0,-0.31069040298461914
6982812672.0,-0.31573614478111267
6983750144.0,-0.32128459215164185
6984687616.0,-0.327313631772995
6985625088.0,-0.33409565687179565
6986562560.0,-0.3428225815296173
6987500032.0,-0.35105082392692566
6988437504.0,-0.36136698722839355
6989374976.0,-0.37239870429039
6990312448.0,-0.38465598225593567
6991249920.0,-0.3965466022491455
6992187392.0,-0.4096441864967346
6993124864.0,-0.4231138229370117
6994062336.0,-0.4365118443965912
6994999808.0,-0.44997772574424744
6995937280.0,-0.46314820647239685
6996874752.0,-0.47577109932899475
6997812736.0,-0.48853468894958496
6998750208.0,-0.5011410713195801
6999687680.0,-0.5117011666297913
7000625152.0,-0.5213897228240967
7001562624.0,-0.5305195450782776
7002500096.0,-0.5374765396118164
7003437568.0,-0.5438769459724426
7004375040.0,-0.5495977997779846
7005312512.0,-0.5521026849746704
7006249984.0,-0.5552123785018921
7007187456.0,-0.5569123029708862
7008124928.0,-0.5561287999153137
7009062400.0,-0.5545769333839417
7009999872.0,-0.5520828366279602
7010937344.0,-0.5485204458236694
7011874816.0,-0.5427770018577576
7012812288.0,-0.5367816686630249
7013749760.0,-0.5286115407943726
7014687744.0,-0.5212470293045044
7015625216.0,-0.5126948356628418
7016562688.0,-0.503035843372345
7017500160.0,-0.4945487976074219
7018437632.0,-0.4843599796295166
7019375104.0,-0.4747994840145111
7020312576.0,-0.465511292219162
7021250048.0,-0.45557844638824463
7022187520.0,-0.446002334356308
7023124992.0,-0.4377586245536804
7024062464.0,-0.42823460698127747
7024999936.0,-0.40172079205513
7025937408.0,-0.39454326033592224
7026874880.0,-0.3875519633293152
7027812352.0,-0.38084739446640015
7028749824.0,-0.37675413489341736
7029687296.0,-0.37359532713890076
7030624768.0,-0.37169021368026733
7031562752.0,-0.37068718671798706
7032500224.0,-0.3705828785896301
7033437696.0,-0.37293511629104614
7034375168.0,-0.37587806582450867
7035312640.0,-0.3805930018424988
7036250112.0,-0.38597580790519714
7037187584.0,-0.39290112257003784
7038125056.0,-0.3999241590499878
7039062528.0,-0.4077831208705902
7040000000.0,-0.41798099875450134
7040937472.0,-0.42743411660194397
7041874944.0,-0.436996728181839
7042812416.0,-0.4470047950744629
7043749888.0,-0.4562090039253235
7044687360.0,-0.46325698494911194
7045624832.0,-0.47060292959213257
7046562304.0,-0.4774027168750763
7047499776.0,-0.48305925726890564
7048437248.0,-0.48734012246131897
7049375232.0,-0.490337073802948
7050312704.0,-0.49084553122520447
7051250176.0,-0.49101635813713074
7052187648.0,-0.4892227053642273
7053125120.0,-0.4854021370410919
7054062592.0,-0.47940462827682495
7055000064.0,-0.47389253973960876
7055937536.0,-0.46459609270095825
7056875008.0,-0.4543105363845825
7057812480.0,-0.44138720631599426
7058749952.0,-0.42526930570602417
7059687424.0,-0.40810123085975647
7060624896.0,-0.3897906541824341
7061562368.0,-0.3703300356864929
7062499840.0,-0.35014259815216064
7063437312.0,-0.3300186097621918
7064374784.0,-0.30829524993896484
7065312256.0,-0.2875208556652069
7066250240.0,-0.26583388447761536
7067187712.0,-0.2450944185256958
7068125184.0,-0.2253827601671219
7069062656.0,-0.20454025268554688
7070000128.0,-0.18643203377723694
7070937600.0,-0.16832894086837769
7071875072.0,-0.15190958976745605
7072812544.0,-0.13766604661941528
7073750016.0,-0.12369047850370407
7074687488.0,-0.1120564416050911
7075624960.0,-0.102049820125103
7076562432.0,-0.09410156309604645
7077499904.0,-0.0880136787891388
7078437376.0,-0.08280240744352341
7079374848.0,-0.08176501095294952
7080312320.0,-0.08311265707015991
7081249792.0,-0.08640629798173904
7082187264.0,-0.09285668283700943
7083125248.0,-0.10058683902025223
7084062720.0,-0.11100731790065765
7085000192.0,-0.2672690451145172
7085937664.0,-0.27899158000946045
7086875136.0,-0.29424920678138733
7087812608.0,-0.31020793318748474
7088750080.0,-0.3284868597984314
7089687552.0,-0.3488534092903137
7090625024.0,-0.3711572587490082
7091562496.0,-0.39553749561309814
7092499968.0,-0.4204971194267273
7093437440.0,-0.44722115993499756
7094374912.0,-0.4762853682041168
7095312384.0,-0.5062804818153381
7096249856.0,-0.5381907224655151
7097187328.0,-0.5691894888877869
7098124800.0,-0.6020979285240173
7099062272.0,-0.6343761086463928
7100000256.0,-0.6670339107513428
7100937728.0,-0.7004318237304688
7101875200.0,-0.7305766344070435
7102812672.0,-0.7602100372314453
7103750144.0,-0.789818286895752
7104687616.0,-0.8153870701789856
7105625088.0,-0.8377895951271057
7106562560.0,-0.8586719036102295
7107500032.0,-0.8761125802993774
7108437504.0,-0.8898211121559143
7109374976.0,-0.8983500003814697
7110312448.0,-0.9051738977432251
7111249920.0,-0.9080813527107239
7112187392.0,-0.9056498408317566
7113124864.0,-0.9006057977676392
7114062336.0,-0.8903764486312866
7114999808.0,-0.8773874044418335
7115937280.0,-0.8600039482116699
7116874752.0,-0.8399637937545776
7117812736.0,-0.8162197470664978
7118750208.0,-0.7894797325134277
7119687680.0,-0.7611871361732483
7120625152.0,-0.7306630611419678
7121562624.0,-0.6987712979316711
7122500096.0,-0.6636236310005188
7123437568.0,-0.628261148929596
7124375040.0,-0.5921611785888672
7125312512.0,-0.5551449060440063
7126249984.0,-0.5191812515258789
7127187456.0,-0.48172852396965027
7128124928.0,-0.4455743134021759
7129062400.0,-0.40957242250442505
7129999872.0,-0.3744257688522339
7130937344.0,-0.3409791886806488
7131874816.0,-0.30939674377441406
7132812288.0,-0.2786511182785034
7133749760.0,-0.25035277009010315
7134687744.0,-0.2239903211593628
7135625216.0,-0.20019207894802094
7136562688.0,-0.17786948382854462
7137500160.0,-0.15842649340629578
7138437632.0,-0.14037461578845978
7139375104.0,-0.12427780032157898
7140312576.0,-0.11003123968839645
7141250048.0,-0.09795462340116501
7142187520.0,-0.08784116804599762
7143124992.0,-0.07911665737628937
7144062464.0,-0.18247666954994202
7144999936.0,-0.18351668119430542
7145937408.0,-0.1858987659215927
7146874880.0,-0.18833701312541962
7147812352.0,-0.19186735153198242
7148749824.0,-0.1981426477432251
7149687296.0,-0.20406609773635864
7150624768.0,-0.21241086721420288
7151562752.0,-0.22096146643161774
7152500224.0,-0.23128487169742584
7153437696.0,-0.244937002658844
7154375168.0,-0.2587062120437622
7155312640.0,-0.27434080839157104
7156250112.0,-0.29421553015708923
7157187584.0,-0.3141169250011444
7158125056.0,-0.3375900089740753
7159062528.0,-0.3639056384563446
7160000000.0,-0.39162904024124146
7160937472.0,-0.4169786274433136
7161874944.0,-0.4391266405582428
7162812416.0,-0.4590815007686615
7163749888.0,-0.4734293818473816
7164687360.0,-0.48693761229515076
7165624832.0,-0.49624112248420715
7166562304.0,-0.5031316876411438
7167499776.0,-0.5073827505111694
7168437248.0,-0.5092694759368896
7169375232.0,-0.5108321309089661
7170312704.0,-0.5106163024902344
7171250176.0,-0.5117526054382324
7172187648.0,-0.5144007205963135
7173125120.0,-0.5178329348564148
7174062592.0,-0.5230072140693665
7175000064.0,-0.5304630398750305
7175937536.0,-0.5408899188041687
7176875008.0,-0.5535127520561218
7177812480.0,-0.567766547203064
7178749952.0,-0.5850077271461487
7179687424.0,-0.604176938533783
7180624896.0,-0.6246950030326843
7181562368.0,-0.6455685496330261
7182499840.0,-0.6669772863388062
7183437312.0,-0.6876776218414307
7184374784.0,-0.7062429785728455
7185312256.0,-0.7237449288368225
7186250240.0,-0.7393283247947693
7187187712.0,-0.7502999901771545
7188125184.0,-0.759738564491272
7189062656.0,-0.7648190855979919
7190000128.0,-0.7655494809150696
7190937600.0,-0.763045072555542
7191875072.0,-0.7572373151779175
7192812544.0,-0.7479010820388794
7193750016.0,-0.7342336773872375
7194687488.0,-0.7169451117515564
7195624960.0,-0.6988430023193359
7196562432.0,-0.6762293577194214
7197499904.0,-0.6523300409317017
7198437376.0,-0.6265329122543335
7199374848.0,-0.600337028503418
7200312320.0,-0.5729923248291016
7201249792.0,-0.5467205047607422
7202187264.0,-0.5201495885848999
7203125248.0,-0.4967251420021057
7204062720.0,-0.623219907283783
7205000192.0,-0.6154658198356628
7205937664.0,-0.6111266613006592
7206875136.0,-0.6090179681777954
7207812608.0,-0.6085354089736938
7208750080.0,-0.61016845703125
7209687552.0,-0.6137638688087463
7210625024.0,-0.621695339679718
7211562496.0,-0.6321492791175842
7212499968.0,-0.6458714604377747
7213437440.0,-0.6612186431884766
7214374912.0,-0.6790527105331421
7215312384.0,-0.6980905532836914
7216249856.0,-0.7176400423049927
7217187328.0,-0.7380444407463074
7218124800.0,-0.759614884853363
7219062272.0,-0.7788742184638977
7219999744.0,-0.8001232743263245
7220937728.0,-0.8193230032920837
7221875200.0,-0.8385356664657593
7222812672.0,-0.8550398945808411
7223750144.0,-0.8708374500274658
7224687616.0,-0.8849197626113892
7225625088.0,-0.8968846797943115
7226562560.0,-0.9070023894309998
7227500032.0,-0.9149482250213623
7228437504.0,-0.9194743633270264
7229374976.0,-0.9227369427680969
7230312448.0,-0.9242109060287476
7231249920.0,-0.9237152338027954
7232187392.0,-0.9216306209564209
7233124864.0,-0.9183695316314697
7234062336.0,-0.9153161644935608
7234999808.0,-0.9118777513504028
7235937280.0,-0.9088745713233948
7236874752.0,-0.9055753946304321
7237812736.0,-0.9026057720184326
7238750208.0,-0.8998944163322449
7239687680.0,-0.897485077381134
7240625152.0,-0.8933531641960144
7241562624.0,-0.8917433023452759
7242500096.0,-0.890356719493866
7243437568.0,-0.8902773857116699
7244375040.0,-0.890596866607666
7245312512.0,-0.8914076685905457
7246249984.0,-0.8938072323799133
7247187456.0,-0.8969517946243286
7248124928.0,-0.9006310105323792
7249062400.0,-0.9065583348274231
7249999872.0,-0.9135153293609619
7250937344.0,-0.9231682419776917
7251874816.0,-0.9343804717063904
7252812288.0,-0.947716236114502
7253749760.0,-0.9621561765670776
7254687744.0,-0.9771425724029541
7255625216.0,-0.9938153624534607
7256562688.0,-1.0113818645477295
7257500160.0,-1.0307122468948364
7258437632.0,-1.0498027801513672
7259375104.0,-1.0690913200378418
7260312576.0,-1.0883044004440308
7261250048.0,-1.108361840248108
7262187520.0,-1.126495361328125
7263124992.0,-1.1428008079528809
7264062464.0,-1.1747654676437378
7264999936.0,-1.1914916038513184
7265937408.0,-1.206456184387207
7266874880.0,-1.2201602458953857
7267812352.0,-1.2343777418136597
7268749824.0,-1.2477351427078247
7269687296.0,-1.2599940299987793
7270624768.0,-1.2720202207565308
7271562752.0,-1.2823193073272705
7272500224.0,-1.2914462089538574
7273437696.0,-1.2995408773422241
7274375168.0,-1.3050528764724731
7275312640.0,-1.3106435537338257
7276250112.0,-1.3139824867248535
7277187584.0,-1.3144828081130981
7278125056.0,-1.314955472946167
7279062528.0,-1.3102507591247559
7280000000.0,-1.3037528991699219
7280937472.0,-1.293667197227478
7281874944.0,-1.2821314334869385
7282812416.0,-1.2686164379119873
7283749888.0,-1.2525714635849
7284687360.0,-1.235223412513733
7285624832.0,-1.2159860134124756
7286562304.0,-1.1942907571792603
7287499776.0,-1.1728370189666748
7288437248.0,-1.1486788988113403
7289375232.0,-1.1229742765426636
7290312704.0,-1.0942095518112183
7291250176.0,-1.064418077468872
7292187648.0,-1.0348167419433594
7293125120.0,-1.001664638519287
7294062592.0,-0.9688841700553894
7295000064.0,-0.9353191256523132
7295937536.0,-0.9009592533111572
7296875008.0,-0.8664150238037109
7297812480.0,-0.8313497304916382
7298749952.0,-0.794282078742981
7299687424.0,-0.7587893009185791
7300624896.0,-0.7228273749351501
7301562368.0,-0.6878729462623596
7302499840.0,-0.6534544825553894
7303437312.0,-0.6192136406898499
7304374784.0,-0.5857378840446472
7305312256.0,-0.5527760982513428
7306250240.0,-0.5217390656471252
7307187712.0,-0.4919798970222473
7308125184.0,-0.46236273646354675
7309062656.0,-0.43518784642219543
7310000128.0,-0.4085121750831604
7310937600.0,-0.3831658661365509
7311875072.0,-0.35964488983154297
7312812544.0,-0.33917903900146484
7313750016.0,-0.32248684763908386
7314687488.0,-0.30688199400901794
7315624960.0,-0.29254311323165894
7316562432.0,-0.2804982662200928
7317499904.0,-0.26937758922576904
7318437376.0,-0.2605200409889221
7319374848.0,-0.253202348947525
7320312320.0,-0.2482490986585617
7321249792.0,-0.24546027183532715
7322187264.0,-0.24495775997638702
7323125248.0,-0.24704839289188385
7324062720.0,-0.4027862548828125
7325000192.0,-0.40070146322250366
7325937664.0,-0.40049296617507935
7326875136.0,-0.4024569094181061
7327812608.0,-0.40530624985694885
7328750080.0,-0.4097961187362671
7329687552.0,-0.41562390327453613
7330625024.0,-0.421999454498291
7331562496.0,-0.42917853593826294
7332499968.0,-0.43722835183143616
7333437440.0,-0.4469374418258667
7334374912.0,-0.4564482867717743
7335312384.0,-0.4672941267490387
7336249856.0,-0.47639763355255127
7337187328.0,-0.4871819317340851
7338124800.0,-0.4972953796386719
7339062272.0,-0.505980908870697
7340000256.0,-0.5139914155006409
7340937728.0,-0.5214768052101135
7341875200.0,-0.528835654258728
7342812672.0,-0.5341203808784485
7343750144.0,-0.5385854840278625
7344687616.0,-0.5413076877593994
7345625088.0,-0.5425207018852234
7346562560.0,-0.5435287952423096
7347500032.0,-0.5426299571990967
7348437504.0,-0.5395153164863586
7349374976.0,-0.5358468294143677
7350312448.0,-0.5302108526229858
7351249920.0,-0.5231049656867981
7352187392.0,-0.5149649977684021
7353124864.0,-0.5056206583976746
7354062336.0,-0.4950166344642639
7354999808.0,-0.4826851785182953
7355937280.0,-0.47040286660194397
7356874752.0,-0.45697644352912903
7357812736.0,-0.4452032148838043
7358750208.0,-0.43058541417121887
7359687680.0,-0.41638728976249695
7360625152.0,-0.4010063409805298
7361562624.0,-0.3866288661956787
7362500096.0,-0.3706718683242798
7363437568.0,-0.3560882806777954
7364375040.0,-0.3368782103061676
7365312512.0,-0.3174316883087158
7366249984.0,-0.2989775538444519
7367187456.0,-0.27994269132614136
7368124928.0,-0.2614903151988983
7369062400.0,-0.2425832599401474
7369999872.0,-0.22246141731739044
7370937344.0,-0.20371904969215393
7371874816.0,-0.18422526121139526
7372812288.0,-0.16493628919124603
7373749760.0,-0.14538511633872986
7374687744.0,-0.12561611831188202
7375625216.0,-0.1056249588727951
7376562688.0,-0.08531845360994339
7377500160.0,-0.06487690657377243
7378437632.0,-0.044612377882003784
7379375104.0,-0.023658225312829018
7380312576.0,-0.0023628871422261
7381250048.0,0.019908268004655838
7382187520.0,0.04112977162003517
7383124992.0,0.06153156980872154
7384062464.0,0.06944437325000763
7384999936.0,0.07636930793523788
7385937408.0,0.0820574089884758
7386874880.0,0.08707346767187119
7387812352.0,0.09277919679880142
7388749824.0,0.09775955229997635
7389687296.0,0.10296936333179474
7390624768.0,0.1068236455321312
7391562752.0,0.11201716959476471
7392500224.0,0.11557662487030029
7393437696.0,0.12105844169855118
7394375168.0,0.12599310278892517
7395312640.0,0.13078665733337402
7396250112.0,0.13664279878139496
7397187584.0,0.14126071333885193
7398125056.0,0.14735040068626404
7399062528.0,0.15407751500606537
7400000000.0,0.16050885617733002
7400937472.0,0.16719621419906616
7401874944.0,0.1744007170200348
7402812416.0,0.1809156984090805
7403749888.0,0.18629170954227448
7404687360.0,0.1910112500190735
7405624832.0,0.19577078521251678
7406562304.0,0.19794408977031708
7407499776.0,0.19862066209316254
7408437248.0,0.19722601771354675
7409375232.0,0.1935984045267105
7410312704.0,0.18854011595249176
7411250176.0,0.18022876977920532
7412187648.0,0.16986149549484253
7413125120.0,0.15761235356330872
7414062592.0,0.14300474524497986
7415000064.0,0.12507152557373047
7415937536.0,0.10639557987451553
7416875008.0,0.08473668992519379
7417812480.0,0.061803046613931656
7418749952.0,0.03846384957432747
7419687424.0,0.012142165564000607
7420624896.0,-0.013316602446138859
7421562368.0,-0.039778128266334534
7422499840.0,-0.06550364941358566
7423437312.0,-0.09228936582803726
7424374784.0,-0.116996631026268
7425312256.0,-0.14233264327049255
7426250240.0,-0.16466546058654785
7427187712.0,-0.18637371063232422
7428125184.0,-0.20591925084590912
7429062656.0,-0.22406108677387238
7430000128.0,-0.24076928198337555
7430937600.0,-0.2565890848636627
7431875072.0,-0.27001893520355225
7432812544.0,-0.282469779253006
7433750016.0,-0.2923801839351654
7434687488.0,-0.3017771244049072
7435624960.0,-0.3095671832561493
7436562432.0,-0.3164489269256592
7437499904.0,-0.32184433937072754
7438437376.0,-0.3269945979118347
7439374848.0,-0.33084791898727417
7440312320.0,-0.3324640989303589
7441249792.0,-0.3330780863761902
7442187264.0,-0.331996887922287
7443125248.0,-0.3293827176094055
7444062720.0,-0.10199656337499619
7445000192.0,-0.08296807110309601
7445937664.0,-0.06732889264822006
7446875136.0,-0.0553484708070755
7447812608.0,-0.044666044414043427
7448750080.0,-0.03715081512928009
7449687552.0,-0.02941805310547352
7450625024.0,-0.024615321308374405
7451562496.0,-0.021175716072320938
7452499968.0,-0.01706325262784958
7453437440.0,-0.015773409977555275
7454374912.0,-0.01341987308114767
7455312384.0,-0.011611358262598515
7456249856.0,-0.008743325248360634
7457187328.0,-0.006436578463762999
7458124800.0,-0.002105588326230645
7459062272.0,0.0020519241224974394
7459999744.0,0.007167775183916092
7460937728.0,0.013733217492699623
7461875200.0,0.02123078890144825
7462812672.0,0.02903573028743267
7463750144.0,0.038148049265146255
7464687616.0,0.04652271792292595
7465625088.0,0.05684260278940201
7466562560.0,0.06934056431055069
7467500032.0,0.08029025048017502
7468437504.0,0.09199554473161697
7469374976.0,0.10492470115423203
7470312448.0,0.11684861779212952
7471249920.0,0.1279279887676239
7472187392.0,0.1403762698173523
7473124864.0,0.15191327035427094
7474062336.0,0.1625588834285736
7474999808.0,0.17223119735717773
7475937280.0,0.18160367012023926
7476874752.0,0.1885191947221756
7477812736.0,0.19572125375270844
7478750208.0,0.20120678842067719
7479687680.0,0.2047426700592041
7480625152.0,0.20711448788642883
7481562624.0,0.2084435075521469
7482500096.0,0.20757494866847992
7483437568.0,0.20576080679893494
7484375040.0,0.20227265357971191
7485312512.0,0.19693294167518616
7486249984.0,0.19049954414367676
7487187456.0,0.1822248250246048
7488124928.0,0.1727757602930069
7489062400.0,0.16204442083835602
7489999872.0,0.15032050013542175
7490937344.0,0.13581949472427368
7491874816.0,0.1188783049583435
7492812288.0,0.10152459144592285
7493749760.0,0.08356568217277527
7494687744.0,0.06501607596874237
7495625216.0,0.04474230855703354
7496562688.0,0.026410209015011787
7497500160.0,0.006951683666557074
7498437632.0,-0.011267098598182201
7499375104.0,-0.02929137833416462
7500312576.0,-0.046988170593976974
7501250048.0,-0.06359213590621948
7502187520.0,-0.07920385152101517
7503124992.0,-0.09428845345973969
7504062464.0,-0.07265220582485199
7504999936.0,-0.08171158283948898
7505937408.0,-0.09176143258810043
7506874880.0,-0.1016068235039711
7507812352.0,-0.11006232351064682
7508749824.0,-0.11869353801012039
7509687296.0,-0.1275833547115326
7510624768.0,-0.13507500290870667
7511562752.0,-0.14150400459766388
7512500224.0,-0.1471833437681198
7513437696.0,-0.15266963839530945
7514375168.0,-0.15817886590957642
7515312640.0,-0.16154508292675018
7516250112.0,-0.1645200550556183
7517187584.0,-0.16695624589920044
7518125056.0,-0.17035244405269623
7519062528.0,-0.17172865569591522
7520000000.0,-0.17254604399204254
7520937472.0,-0.17144404351711273
7521874944.0,-0.16975551843643188
7522812416.0,-0.16652163863182068
7523749888.0,-0.1629132777452469
7524687360.0,-0.15772010385990143
7525624832.0,-0.1514683961868286
7526562304.0,-0.14361535012722015
7527499776.0,-0.1360144466161728
7528437248.0,-0.12596458196640015
7529375232.0,-0.11640194058418274
7530312704.0,-0.10517706722021103
7531250176.0,-0.09433698654174805
7532187648.0,-0.08149314671754837
7533125120.0,-0.06843751668930054
7534062592.0,-0.053825464099645615
7535000064.0,-0.03935430943965912
7535937536.0,-0.024312464520335197
7536875008.0,-0.008432460017502308
7537812480.0,0.007158590480685234
7538749952.0,0.025085559114813805
7539687424.0,0.042200006544589996
7540624896.0,0.06213327869772911
7541562368.0,0.0795963928103447
7542499840.0,0.0991518497467041
7543437312.0,0.11981146037578583
7544374784.0,0.1394767165184021
7545312256.0,0.16108235716819763
7546250240.0,0.181479811668396
7547187712.0,0.20181019604206085
7548125184.0,0.22239062190055847
7549062656.0,0.24183905124664307
7550000128.0,0.26153564453125
7550937600.0,0.28170448541641235
7551875072.0,0.3003934323787689
7552812544.0,0.3180043399333954
7553750016.0,0.3346066176891327
7554687488.0,0.3514368236064911
7555624960.0,0.3667314350605011
7556562432.0,0.38076290488243103
7557499904.0,0.3936524987220764
7558437376.0,0.4042570888996124
7559374848.0,0.4132606089115143
7560312320.0,0.4216337502002716
7561249792.0,0.4273754060268402
7562187264.0,0.43075549602508545
7563125248.0,0.4320955276489258
7564062720.0,0.21425944566726685
7565000192.0,0.21337372064590454
7565937664.0,0.21076558530330658
7566875136.0,0.2075711339712143
7567812608.0,0.20345863699913025
7568750080.0,0.2006894052028656
7569687552.0,0.1961556375026703
7570625024.0,0.18990668654441833
7571562496.0,0.1833508014678955
7572499968.0,0.17566898465156555
7573437440.0,0.16587981581687927
7574374912.0,0.15537524223327637
7575312384.0,0.14426952600479126
7576249856.0,0.13194729387760162
7577187328.0,0.118550144135952
7578124800.0,0.10333941876888275
7579062272.0,0.08796939998865128
7580000256.0,0.07149539887905121
7580937728.0,0.055331580340862274
7581875200.0,0.036841634660959244
7582812672.0,0.01948069967329502
7583750144.0,0.0019322996959090233
7584687616.0,-0.017754804342985153
7585625088.0,-0.036436621099710464
7586562560.0,-0.05709800869226456
7587500032.0,-0.07809894531965256
7588437504.0,-0.09698910266160965
7589374976.0,-0.1169302836060524
7590312448.0,-0.13778342306613922
7591249920.0,-0.15603318810462952
7592187392.0,-0.17523270845413208
7593124864.0,-0.19397838413715363
7594062336.0,-0.21098008751869202
7594999808.0,-0.22657804191112518
7595937280.0,-0.2411579191684723
7596874752.0,-0.25530731678009033
7597812736.0,-0.2676665186882019
7598750208.0,-0.27868223190307617
7599687680.0,-0.28831347823143005
7600625152.0,-0.2950013279914856
7601562624.0,-0.30074137449264526
7602500096.0,-0.30405688285827637
7603437568.0,-0.30626240372657776
7604375040.0,-0.3063926696777344
7605312512.0,-0.30401840806007385
7606249984.0,-0.2999822497367859
7607187456.0,-0.2933705449104309
7608124928.0,-0.2860415279865265
7609062400.0,-0.2755120098590851
7609999872.0,-0.2642472982406616
7610937344.0,-0.24988481402397156
7611874816.0,-0.23392333090305328
7612812288.0,-0.21595847606658936
7613749760.0,-0.1975158005952835
7614687744.0,-0.17680349946022034
7615625216.0,-0.1535181850194931
7616562688.0,-0.12988707423210144
7617500160.0,-0.10593122988939285
7618437632.0,-0.08031336218118668
7619375104.0,-0.05257100239396095
7620312576.0,-0.025396279990673065
7621250048.0,0.001712923520244658
7622187520.0,0.030645571649074554
7623124992.0,0.057320721447467804
7624062464.0,0.08514261990785599
7624999936.0,0.11239128559827805
7625937408.0,0.13846009969711304
7626874880.0,0.1627202332019806
7627812352.0,0.1868707239627838
7628749824.0,0.20969216525554657
7629687296.0,0.2321583777666092
7630624768.0,0.2501499652862549
7631562752.0,0.26853638887405396
7632500224.0,0.28426867723464966
7633437696.0,0.29849788546562195
7634375168.0,0.3116382658481598
7635312640.0,0.32169389724731445
7636250112.0,0.33099108934402466
7637187584.0,0.3367041051387787
7638125056.0,0.34128424525260925
7639062528.0,0.3442153036594391
7640000000.0,0.34413543343544006
7640937472.0,0.34303557872772217
7641874944.0,0.3390900194644928
7642812416.0,0.33416563272476196
7643749888.0,0.327228307723999
7644687360.0,0.31914544105529785
7645624832.0,0.30958232283592224
7646562304.0,0.2976118326187134
7647499776.0,0.28383681178092957
7648437248.0,0.2698039412498474
7649375232.0,0.25400057435035706
7650312704.0,0.23662182688713074
7651250176.0,0.2166656106710434
7652187648.0,0.19654656946659088
7653125120.0,0.17517656087875366
7654062592.0,0.15206685662269592
7655000064.0,0.12899969518184662
7655937536.0,0.10465825349092484
7656875008.0,0.07979904860258102
7657812480.0,0.05367746576666832
7658749952.0,0.027666931971907616
7659687424.0,0.0016546961851418018
7660624896.0,-0.0249132439494133
7661562368.0,-0.05145438387989998
7662499840.0,-0.07657226920127869
7663437312.0,-0.1023755595088005
7664374784.0,-0.1278790682554245
7665312256.0,-0.15181037783622742
7666250240.0,-0.1753968894481659
7667187712.0,-0.19818836450576782
7668125184.0,-0.21916942298412323
7669062656.0,-0.23913729190826416
7670000128.0,-0.2559810280799866
7670937600.0,-0.2735879123210907
7671875072.0,-0.28829121589660645
7672812544.0,-0.29989925026893616
7673750016.0,-0.3112035095691681
7674687488.0,-0.31702709197998047
7675624960.0,-0.3224259912967682
7676562432.0,-0.3256504535675049
7677499904.0,-0.32583269476890564
7678437376.0,-0.32238009572029114
7679374848.0,-0.3176113963127136
7680312320.0,-0.3103860318660736
7681249792.0,-0.3003016710281372
7682187264.0,-0.28894516825675964
7683125248.0,-0.2755967080593109
7684062720.0,-0.25201416015625
7685000192.0,-0.24156711995601654
7685937664.0,-0.22952347993850708
7686875136.0,-0.21399882435798645
7687812608.0,-0.19765262305736542
7688750080.0,-0.1814620941877365
7689687552.0,-0.16251930594444275
7690625024.0,-0.1442738175392151
7691562496.0,-0.12404893338680267
7692499968.0,-0.10403309017419815
7693437440.0,-0.08263129740953445
7694374912.0,-0.062035661190748215
7695312384.0,-0.044193465262651443
7696249856.0,-0.02534540183842182
7697187328.0,-0.006317970342934132
7698124800.0,0.010866078548133373
7699062272.0,0.028546618297696114
7699999744.0,0.04609246179461479
7700937728.0,0.06105649843811989
7701875200.0,0.076882004737854
7702812672.0,0.0922284796833992
7703750144.0,0.10654239356517792
7704687616.0,0.1189635619521141
7705625088.0,0.13153158128261566
7706562560.0,0.1430506706237793
7707500032.0,0.15381500124931335
7708437504.0,0.16330327093601227
7709374976.0,0.17415454983711243
7710312448.0,0.18224938213825226
7711249920.0,0.1911853849887848
7712187392.0,0.19887416064739227
7713124864.0,0.20615769922733307
7714062336.0,0.21388466656208038
7714999808.0,0.2192198932170868
7715937280.0,0.22629420459270477
7716874752.0,0.23222616314888
7717812736.0,0.23796020448207855
7718750208.0,0.24287772178649902
7719687680.0,0.24623554944992065
7720625152.0,0.24914516508579254
7721562624.0,0.25138938426971436
7722500096.0,0.25349152088165283
7723437568.0,0.25493839383125305
7724375040.0,0.2534877061843872
7725312512.0,0.25400209426879883
7726249984.0,0.25271907448768616
7727187456.0,0.2500113844871521
7728124928.0,0.2464832067489624
7729062400.0,0.24187465012073517
7729999872.0,0.23601049184799194
7730937344.0,0.2294621467590332
7731874816.0,0.2200724482536316
7732812288.0,0.20888562500476837
7733749760.0,0.1988333910703659
7734687744.0,0.18575027585029602
7735625216.0,0.17182312905788422
7736562688.0,0.1556437760591507
7737500160.0,0.1373620182275772
7738437632.0,0.11923746764659882
7739375104.0,0.0988951176404953
7740312576.0,0.07820406556129456
7741250048.0,0.055323194712400436
7742187520.0,0.031607069075107574
7743124992.0,0.007496566046029329
7744062464.0,-0.018736612051725388
7744999936.0,-0.02205635979771614
7745937408.0,-0.028362145647406578
7746874880.0,-0.0342944860458374
7747812352.0,-0.04313581436872482
7748749824.0,-0.052261486649513245
7749687296.0,-0.06351404637098312
7750624768.0,-0.07450341433286667
7751562752.0,-0.08772621303796768
7752500224.0,-0.10218697041273117
7753437696.0,-0.11775736510753632
7754375168.0,-0.13475289940834045
7755312640.0,-0.15140004456043243
7756250112.0,-0.16925384104251862
7757187584.0,-0.18779955804347992
7758125056.0,-0.20687423646450043
7759062528.0,-0.22585125267505646
7760000000.0,-0.24439536035060883
7760937472.0,-0.26366573572158813
7761874944.0,-0.281047523021698
7762812416.0,-0.2983160614967346
7763749888.0,-0.3150671124458313
7764687360.0,-0.3310714066028595
7765624832.0,-0.34545668959617615
7766562304.0,-0.3590903580188751
7767499776.0,-0.36978772282600403
7768437248.0,-0.37983137369155884
7769375232.0,-0.3878406882286072
7770312704.0,-0.3944450318813324
7771250176.0,-0.3987579345703125
7772187648.0,-0.4014817178249359
7773125120.0,-0.4028840959072113
7774062592.0,-0.4009110927581787
7775000064.0,-0.3976529836654663
7775937536.0,-0.39205196499824524
7776875008.0,-0.38312599062919617
7777812480.0,-0.3718026578426361
7778749952.0,-0.35863208770751953
7779687424.0,-0.3429475426673889
7780624896.0,-0.3248165547847748
7781562368.0,-0.3040807843208313
7782499840.0,-0.28182825446128845
7783437312.0,-0.2577334940433502
7784374784.0,-0.23131394386291504
7785312256.0,-0.20388703048229218
7786250240.0,-0.17576588690280914
7787187712.0,-0.14472636580467224
7788125184.0,-0.11338109523057938
7789062656.0,-0.08100514858961105
7790000128.0,-0.04841277003288269
7790937600.0,-0.015009745955467224
7791875072.0,0.018942754715681076
7792812544.0,0.05165689066052437
7793750016.0,0.08638713508844376
7794687488.0,0.11904425919055939
7795624960.0,0.15225611627101898
7796562432.0,0.18130242824554443
7797499904.0,0.21136344969272614
7798437376.0,0.24021336436271667
7799374848.0,0.26638132333755493
7800312320.0,0.2915525436401367
7801249792.0,0.313178688287735
7802187264.0,0.3327597975730896
7803125248.0,0.35011026263237
7804062720.0,0.17625831067562103
7805000192.0,0.18679997324943542
7805937664.0,0.19584371149539948
7806875136.0,0.20390841364860535
7807812608.0,0.20903845131397247
7808750080.0,0.2132108360528946
7809687552.0,0.21536071598529816
7810625024.0,0.21513482928276062
7811562496.0,0.2125876247882843
7812499968.0,0.2071828693151474
7813437440.0,0.20054277777671814
7814374912.0,0.1914009153842926
7815312384.0,0.17940233647823334
7816249856.0,0.16678264737129211
7817187328.0,0.15048764646053314
7818124800.0,0.13288968801498413
7819062272.0,0.11290469765663147
7820000256.0,0.09103411436080933
7820937728.0,0.06600575894117355
7821875200.0,0.04119982570409775
7822812672.0,0.01747308485209942
7823750144.0,-0.008909097872674465
7824687616.0,-0.03573078662157059
7825625088.0,-0.06319358199834824
7826562560.0,-0.09164859354496002
7827500032.0,-0.11880160868167877
7828437504.0,-0.14715349674224854
7829374976.0,-0.1764836609363556
7830312448.0,-0.20279817283153534
7831249920.0,-0.23139671981334686
7832187392.0,-0.2576211392879486
7833124864.0,-0.28380176424980164
7834062336.0,-0.3079032301902771
7834999808.0,-0.33064788579940796
7835937280.0,-0.35351091623306274
7836874752.0,-0.3729349374771118
7837812736.0,-0.3915640413761139
7838750208.0,-0.40810346603393555
7839687680.0,-0.4224196672439575
7840625152.0,-0.4355449378490448
7841562624.0,-0.444580614566803
7842500096.0,-0.4547494947910309
7843437568.0,-0.46128034591674805
7844375040.0,-0.46528831124305725
7845312512.0,-0.4681873917579651
7846249984.0,-0.46781930327415466
7847187456.0,-0.4678274691104889
7848124928.0,-0.4616342782974243
7849062400.0,-0.4520086646080017
7849999872.0,-0.4427048861980438
7850937344.0,-0.4311545491218567
7851874816.0,-0.4184432625770569
7852812288.0,-0.40519240498542786
7853749760.0,-0.3901335597038269
7854687744.0,-0.374451220035553
7855625216.0,-0.35769760608673096
7856562688.0,-0.3412092328071594
7857500160.0,-0.3235144019126892
7858437632.0,-0.3051624894142151
7859375104.0,-0.28573232889175415
7860312576.0,-0.2660185694694519
7861250048.0,-0.2474556565284729
7862187520.0,-0.22800134122371674
7863124992.0,-0.20920325815677643
7864062464.0,-0.19175021350383759
7864999936.0,-0.1742098331451416
7865937408.0,-0.1548144370317459
7866874880.0,-0.1385476440191269
7867812352.0,-0.11967647075653076
7868749824.0,-0.1021353080868721
7869687296.0,-0.08493003249168396
7870624768.0,-0.06929384171962738
7871562752.0,-0.050616759806871414
7872500224.0,-0.03407013788819313
7873437696.0,-0.01775168441236019
7874375168.0,-0.0011524748988449574
7875312640.0,0.013789393939077854
7876250112.0,0.02747323364019394
7877187584.0,0.04085379093885422
7878125056.0,0.05054174363613129
7879062528.0,0.05980003997683525
7880000000.0,0.06766853481531143
7880937472.0,0.07234077155590057
7881874944.0,0.07531224936246872
7882812416.0,0.07665000855922699
7883749888.0,0.0738515555858612
7884687360.0,0.06911908090114594
7885624832.0,0.06211666017770767
7886562304.0,0.05192672833800316
7887499776.0,0.038830146193504333
7888437248.0,0.02412889152765274
7889375232.0,0.005520704668015242
7890312704.0,-0.01393864769488573
7891250176.0,-0.036500997841358185
7892187648.0,-0.0588546022772789
7893125120.0,-0.08582915365695953
7894062592.0,-0.11106420308351517
7895000064.0,-0.13895754516124725
7895937536.0,-0.16603690385818481
7896875008.0,-0.19505910575389862
7897812480.0,-0.22448478639125824
7898749952.0,-0.2534327208995819
7899687424.0,-0.2839043438434601
7900624896.0,-0.3126371502876282
7901562368.0,-0.34081918001174927
7902499840.0,-0.3691365122795105
7903437312.0,-0.39463675022125244
7904374784.0,-0.4207078218460083
7905312256.0,-0.44511285424232483
7906250240.0,-0.4678100645542145
7907187712.0,-0.4900475740432739
7908125184.0,-0.5107602477073669
7909062656.0,-0.5299583077430725
7910000128.0,-0.5505703091621399
7910937600.0,-0.5688310861587524
7911875072.0,-0.5867041349411011
7912812544.0,-0.6051538586616516
7913750016.0,-0.6226033568382263
7914687488.0,-0.641460657119751
7915624960.0,-0.660541296005249
7916562432.0,-0.6783315539360046
7917499904.0,-0.6979795694351196
7918437376.0,-0.717007577419281
7919374848.0,-0.7362026572227478
7920312320.0,-0.7567514777183533
7921249792.0,-0.7778732776641846
7922187264.0,-0.7974118590354919
7923125248.0,-0.8184304237365723
7924062720.0,-0.8492388129234314
7925000192.0,-0.8537701964378357
7925937664.0,-0.8556143641471863
7926875136.0,-0.8604927062988281
7927812608.0,-0.8630134463310242
7928750080.0,-0.865200400352478
7929687552.0,-0.8667314648628235
7930625024.0,-0.8697432279586792
7931562496.0,-0.8717167973518372
7932499968.0,-0.8715447783470154
7933437440.0,-0.8720905184745789
7934374912.0,-0.8722572922706604
7935312384.0,-0.8705310225486755
7936249856.0,-0.8684495091438293
7937187328.0,-0.8647425174713135
7938124800.0,-0.8593229651451111
7939062272.0,-0.8540418744087219
7939999744.0,-0.848344624042511
7940937728.0,-0.8401762843132019
7941875200.0,-0.831019401550293
7942812672.0,-0.820137083530426
7943750144.0,-0.8086310029029846
7944687616.0,-0.7947593331336975
7945625088.0,-0.7797455787658691
7946562560.0,-0.7626315355300903
7947500032.0,-0.744785726070404
7948437504.0,-0.7255478501319885
7949374976.0,-0.7025891542434692
7950312448.0,-0.6809160113334656
7951249920.0,-0.6573412418365479
7952187392.0,-0.633608877658844
7953124864.0,-0.6094378232955933
7954062336.0,-0.583655059337616
7954999808.0,-0.5569588541984558
7955937280.0,-0.5301215052604675
7956874752.0,-0.5029598474502563
7957812736.0,-0.4755731523036957
7958750208.0,-0.44775328040122986
7959687680.0,-0.4198051691055298
7960625152.0,-0.3920763432979584
7961562624.0,-0.36459383368492126
7962500096.0,-0.3377399444580078
7963437568.0,-0.31211528182029724
7964375040.0,-0.28621289134025574
7965312512.0,-0.2627653181552887
7966249984.0,-0.2392863929271698
7967187456.0,-0.2175125777721405
7968124928.0,-0.19720585644245148
7969062400.0,-0.1770748645067215
7969999872.0,-0.15910717844963074
7970937344.0,-0.14218875765800476
7971874816.0,-0.12928733229637146
7972812288.0,-0.11660187691450119
7973749760.0,-0.10771030187606812
7974687744.0,-0.09951719641685486
7975625216.0,-0.09514766186475754
7976562688.0,-0.09215637296438217
7977500160.0,-0.09129808098077774
7978437632.0,-0.09170183539390564
7979375104.0,-0.09504899382591248
7980312576.0,-0.09853550791740417
7981250048.0,-0.10422450304031372
7982187520.0,-0.11225851625204086
7983124992.0,-0.12190604954957962
7984062464.0,-0.23822729289531708
7984999936.0,-0.23979449272155762
7985937408.0,-0.2428194135427475
7986874880.0,-0.24713417887687683
7987812352.0,-0.2512829601764679
7988749824.0,-0.2568072974681854
7989687296.0,-0.2625589370727539
7990624768.0,-0.27009451389312744
7991562752.0,-0.27767178416252136
7992500224.0,-0.28557512164115906
7993437696.0,-0.29361021518707275
7994375168.0,-0.30400779843330383
7995312640.0,-0.3126630485057831
7996250112.0,-0.3226878046989441
7997187584.0,-0.33209046721458435
7998125056.0,-0.3423754572868347
7999062528.0,-0.3539430499076843
8000000000.0,-0.36192235350608826
