Frequency (Hz),Measurement
2000000000.0,0.1821228563785553
2000937472.0,0.1743772178888321
2001874944.0,0.1645776629447937
2002812544.0,0.15604940056800842
2003750016.0,0.1458274871110916
2004687488.0,0.13456881046295166
2005624960.0,0.1227710172533989
2006562560.0,0.11089273542165756
2007500032.0,0.0983753353357315
2008437504.0,0.08560138195753098
2009374976.0,0.07219299674034119
2010312448.0,0.057584576308727264
2011250048.0,0.044266313314437866
2012187520.0,0.02963625267148018
2013124992.0,0.015182750299572945
2014062464.0,0.0006685983971692622
2015000064.0,-0.014133852906525135
2015937536.0,-0.02832907624542713
2016875008.0,-0.0419473834335804
2017812480.0,-0.05546580255031586
2018749952.0,-0.06748084723949432
2019687552.0,-0.07872845977544785
2020625024.0,-0.08966746181249619
2021562496.0,-0.09870067983865738
2022499968.0,-0.10698527097702026
2023437440.0,-0.11486131697893143
2024375040.0,-0.12019005417823792
2025312512.0,-0.12424351274967194
2026249984.0,-0.1273079216480255
2027187456.0,-0.12828530371189117
2028125056.0,-0.12818175554275513
2029062528.0,-0.1265869289636612
2030000000.0,-0.1227126345038414
2030937472.0,-0.11683551967144012
2031874944.0,-0.11096813529729843
2032812544.0,-0.10234899073839188
2033750016.0,-0.09320662170648575
2034687488.0,-0.08266623318195343
2035624960.0,-0.07196684181690216
2036562560.0,-0.05988197401165962
2037500032.0,-0.04587026685476303
2038437504.0,-0.03268493711948395
2039374976.0,-0.018788011744618416
2040312448.0,-0.004922220017760992
2041250048.0,0.009299018420279026
2042187520.0,0.023987622931599617
2043124992.0,0.03720206394791603
2044062464.0,0.05101541429758072
2044999936.0,0.06384352594614029
2045937536.0,0.0756257176399231
2046875008.0,0.08759824186563492
2047812480.0,0.0975283831357956
2048749952.0,0.09488245099782944
2049687552.0,0.10352738946676254
2050625024.0,0.11109485477209091
2051562496.0,0.11612255871295929
2052499968.0,0.11962082237005234
2053437440.0,0.12158925086259842
2054375040.0,0.12195132672786713
2055312512.0,0.1196376383304596
2056249984.0,0.11539790779352188
2057187456.0,0.10869462043046951
2058125056.0,0.10049332678318024
2059062528.0,0.09040914475917816
2060000000.0,0.07740900665521622
2060937472.0,0.06409062445163727
2061874944.0,0.04990149661898613
2062812544.0,0.03474555164575577
2063750016.0,0.017965028062462807
2064687488.0,0.0007938630296848714
2065624960.0,-0.016140371561050415
2066562560.0,-0.033922500908374786
2067500032.0,-0.0515536405146122
2068437504.0,-0.06777320802211761
2069374976.0,-0.082306407392025
2070312448.0,-0.09586311131715775
2071250048.0,-0.10919647663831711
2072187520.0,-0.11968842893838882
2073124992.0,-0.1301204413175583
2074062464.0,-0.1363677829504013
2075000064.0,-0.14206993579864502
2075937536.0,-0.14524902403354645
2076875008.0,-0.1463831067085266
2077812480.0,-0.14561347663402557
2078749952.0,-0.14298540353775024
2079687552.0,-0.1377040296792984
2080625024.0,-0.13166509568691254
2081562496.0,-0.12427587807178497
2082499968.0,-0.11464451998472214
2083437440.0,-0.10496649891138077
2084375040.0,-0.09381915628910065
2085312512.0,-0.08062838762998581
2086249984.0,-0.06865033507347107
2087187456.0,-0.056715380400419235
2088125056.0,-0.045042868703603745
2089062528.0,-0.03190545737743378
2090000000.0,-0.020490281283855438
2090937472.0,-0.009956356137990952
2091874944.0,0.00047840297338552773
2092812544.0,0.009400928393006325
2093750016.0,0.017347587272524834
2094687488.0,0.02576097659766674
2095624960.0,0.03189753741025925
2096562560.0,0.038213592022657394
2097500032.0,0.04419181868433952
2098437504.0,0.04888804629445076
2099374976.0,0.053369831293821335
2100312448.0,0.057913344353437424
2101250048.0,0.06129356101155281
2102187520.0,0.06502839922904968
2103124992.0,0.06961732357740402
2104062464.0,0.0738479271531105
2104999936.0,0.0779186338186264
2105937536.0,0.08262290805578232
2106875008.0,0.08655445277690887
2107812480.0,0.0912553146481514
2108749952.0,0.1221749484539032
2109687552.0,0.1283634901046753
2110625024.0,0.1333319991827011
2111562496.0,0.13819222152233124
2112499968.0,0.1418232023715973
2113437440.0,0.1436835080385208
2114375040.0,0.14563949406147003
2115312512.0,0.14624245464801788
2116249984.0,0.14580941200256348
2117187456.0,0.14381536841392517
2118125056.0,0.13914132118225098
2119062528.0,0.13566908240318298
2120000000.0,0.12987342476844788
2120937472.0,0.12309447675943375
2121874944.0,0.11423943191766739
2122812544.0,0.10451425611972809
2123750016.0,0.09502280503511429
2124687488.0,0.08322641998529434
2125624960.0,0.07145138084888458
2126562560.0,0.059079360216856
2127500032.0,0.04533163830637932
2128437504.0,0.03316036984324455
2129374976.0,0.019535986706614494
2130312448.0,0.006831075064837933
2131250048.0,-0.006636416539549828
2132187520.0,-0.018676863983273506
2133124992.0,-0.029969723895192146
2134062464.0,-0.040997155010700226
2135000064.0,-0.05062105879187584
2135937536.0,-0.05981063097715378
2136875008.0,-0.06702198088169098
2137812480.0,-0.07380063831806183
2138749952.0,-0.0788002759218216
2139687552.0,-0.08214180916547775
2140625024.0,-0.08420652896165848
2141562496.0,-0.0849081501364708
2142499968.0,-0.08427903056144714
2143437440.0,-0.08131382614374161
2144375040.0,-0.079098179936409
2145312512.0,-0.07480001449584961
2146249984.0,-0.0679183080792427
2147187456.0,-0.06211809441447258
2148124928.0,-0.05451560020446777
2149062400.0,-0.04654450714588165
2150000128.0,-0.03749357536435127
2150937600.0,-0.027865827083587646
2151875072.0,-0.019244318827986717
2152812544.0,-0.010385548695921898
2153750016.0,-4.673301737057045e-05
2154687488.0,0.009614800103008747
2155624960.0,0.017957065254449844
2156562432.0,0.026860060170292854
2157499904.0,0.03483621031045914
2158437376.0,0.04199780523777008
2159375104.0,0.04828225076198578
2160312576.0,0.05438227206468582
2161250048.0,0.059444133192300797
2162187520.0,0.06353673338890076
2163124992.0,0.06799951195716858
2164062464.0,0.0709414854645729
2164999936.0,0.07380214333534241
2165937408.0,0.07581490278244019
2166874880.0,0.07717092335224152
2167812608.0,0.07847270369529724
2168750080.0,0.1500510722398758
2169687552.0,0.15051056444644928
2170625024.0,0.14974308013916016
2171562496.0,0.146391823887825
2172499968.0,0.14241255819797516
2173437440.0,0.13634899258613586
2174374912.0,0.1295233517885208
2175312384.0,0.120220847427845
2176250112.0,0.11073198914527893
2177187584.0,0.10067659616470337
2178125056.0,0.0890417993068695
2179062528.0,0.07607660442590714
2180000000.0,0.0628543272614479
2180937472.0,0.04955145716667175
2181874944.0,0.03635701909661293
2182812416.0,0.021509263664484024
2183749888.0,0.00818527303636074
2184687616.0,-0.005670120473951101
2185625088.0,-0.019412057474255562
2186562560.0,-0.0322607159614563
2187500032.0,-0.04529377073049545
2188437504.0,-0.057019878178834915
2189374976.0,-0.06864582002162933
2190312448.0,-0.07941602915525436
2191249920.0,-0.08857784420251846
2192187392.0,-0.09701631218194962
2193125120.0,-0.10498388856649399
2194062592.0,-0.1111874058842659
2195000064.0,-0.11759486794471741
2195937536.0,-0.123478963971138
2196875008.0,-0.1266813576221466
2197812480.0,-0.12912672758102417
2198749952.0,-0.13180509209632874
2199687424.0,-0.13268347084522247
2200624896.0,-0.13262790441513062
2201562624.0,-0.13246244192123413
2202500096.0,-0.13095258176326752
2203437568.0,-0.12896226346492767
2204375040.0,-0.12621593475341797
2205312512.0,-0.12274864315986633
2206249984.0,-0.11950124800205231
2207187456.0,-0.11610189825296402
2208124928.0,-0.11099445819854736
2209062400.0,-0.10525151342153549
2209999872.0,-0.10062157362699509
2210937600.0,-0.09404326230287552
2211875072.0,-0.08709090948104858
2212812544.0,-0.07984206080436707
2213750016.0,-0.07268105447292328
2214687488.0,-0.06432825326919556
2215624960.0,-0.05662722513079643
2216562432.0,-0.04808656498789787
2217499904.0,-0.03983310982584953
2218437376.0,-0.030805371701717377
2219375104.0,-0.02148263342678547
2220312576.0,-0.01221093162894249
2221250048.0,-0.0031851897947490215
2222187520.0,0.0068094003945589066
2223124992.0,0.017406852915883064
2224062464.0,0.027137180790305138
2224999936.0,0.037214841693639755
2225937408.0,0.046962711960077286
2226874880.0,0.057682402431964874
2227812608.0,0.0676889717578888
2228750080.0,0.07370811700820923
2229687552.0,0.08251356333494186
2230625024.0,0.09076550602912903
2231562496.0,0.09737725555896759
2232499968.0,0.10444054007530212
2233437440.0,0.10972340404987335
2234374912.0,0.11378742754459381
2235312384.0,0.11734776198863983
2236250112.0,0.1183968335390091
2237187584.0,0.11710745841264725
2238125056.0,0.11398030072450638
2239062528.0,0.11002699285745621
2240000000.0,0.10527890920639038
2240937472.0,0.09730896353721619
2241874944.0,0.0890631154179573
2242812416.0,0.07976888865232468
2243749888.0,0.06869054585695267
2244687616.0,0.05634506046772003
2245625088.0,0.044171374291181564
2246562560.0,0.02974124066531658
2247500032.0,0.015288137830793858
2248437504.0,-0.0006275122286751866
2249374976.0,-0.016969595104455948
2250312448.0,-0.03349606320261955
2251249920.0,-0.05226534605026245
2252187392.0,-0.07064593583345413
2253125120.0,-0.0902828797698021
2254062592.0,-0.11023342609405518
2255000064.0,-0.12961958348751068
2255937536.0,-0.14986954629421234
2256875008.0,-0.1693269908428192
2257812480.0,-0.18963466584682465
2258749952.0,-0.20964857935905457
2259687424.0,-0.22938032448291779
2260624896.0,-0.2471664398908615
2261562624.0,-0.2661689817905426
2262500096.0,-0.2825939357280731
2263437568.0,-0.29992547631263733
2264375040.0,-0.31523385643959045
2265312512.0,-0.32966315746307373
2266249984.0,-0.34249645471572876
2267187456.0,-0.35477301478385925
2268124928.0,-0.3654323220252991
2269062400.0,-0.37413546442985535
2270000128.0,-0.3814859092235565
2270937600.0,-0.3869595527648926
2271875072.0,-0.3911025822162628
2272812544.0,-0.39308828115463257
2273750016.0,-0.39368945360183716
2274687488.0,-0.39295920729637146
2275624960.0,-0.39107057452201843
2276562432.0,-0.38679423928260803
2277499904.0,-0.38167881965637207
2278437376.0,-0.37680479884147644
2279375104.0,-0.37021175026893616
2280312576.0,-0.3610895574092865
2281250048.0,-0.35266032814979553
2282187520.0,-0.34164145588874817
2283124992.0,-0.33145448565483093
2284062464.0,-0.32029810547828674
2284999936.0,-0.30955755710601807
2285937408.0,-0.29815590381622314
2286874880.0,-0.2883605360984802
2287812608.0,-0.27676451206207275
2288750080.0,-0.2916097939014435
2289687552.0,-0.2946314215660095
2290625024.0,-0.2963832914829254
2291562496.0,-0.29908865690231323
2292499968.0,-0.30163896083831787
2293437440.0,-0.30533909797668457
2294374912.0,-0.308925986289978
2295312384.0,-0.3144851326942444
2296250112.0,-0.3197785019874573
2297187584.0,-0.326334148645401
2298125056.0,-0.33499228954315186
2299062528.0,-0.344464510679245
2300000000.0,-0.3555213212966919
2300937472.0,-0.3696047365665436
2301874944.0,-0.3858736455440521
2302812416.0,-0.40242502093315125
2303749888.0,-0.4223901927471161
2304687616.0,-0.4451327621936798
2305625088.0,-0.46831148862838745
2306562560.0,-0.4951123297214508
2307500032.0,-0.524459719657898
2308437504.0,-0.5560590028762817
2309374976.0,-0.5870164036750793
2310312448.0,-0.6127704977989197
2311249920.0,-0.6392116546630859
2312187392.0,-0.6676416993141174
2313125120.0,-0.6969801187515259
2314062592.0,-0.7281619906425476
2315000064.0,-0.7591472864151001
2315937536.0,-0.7918121814727783
2316875008.0,-0.8257761597633362
2317812480.0,-0.8592380881309509
2318749952.0,-0.8931344747543335
2319687424.0,-0.9261024594306946
2320624896.0,-0.958794891834259
2321562624.0,-0.9895310997962952
2322500096.0,-1.0190041065216064
2323437568.0,-1.047565221786499
2324375040.0,-1.0732003450393677
2325312512.0,-1.0978938341140747
2326249984.0,-1.1199243068695068
2327187456.0,-1.1390368938446045
2328124928.0,-1.1573374271392822
2329062400.0,-1.1724339723587036
2329999872.0,-1.1862071752548218
2330937600.0,-1.1964565515518188
2331875072.0,-1.2044514417648315
2332812544.0,-1.2090048789978027
2333750016.0,-1.2114009857177734
2334687488.0,-1.2110437154769897
2335624960.0,-1.2089289426803589
2336562432.0,-1.2053253650665283
2337499904.0,-1.1978130340576172
2338437376.0,-1.1901230812072754
2339375104.0,-1.1793837547302246
2340312576.0,-1.1666918992996216
2341250048.0,-1.153489112854004
2342187520.0,-1.1389975547790527
2343124992.0,-1.122010588645935
2344062464.0,-1.1068681478500366
2344999936.0,-1.0893526077270508
2345937408.0,-1.07280433177948
2346874880.0,-1.0553252696990967
2347812608.0,-1.0398082733154297
2348750080.0,-1.0093600749969482
2349687552.0,-0.9994996786117554
2350625024.0,-0.9892655611038208
2351562496.0,-0.9785709977149963
2352499968.0,-0.9688016176223755
2353437440.0,-0.9596384167671204
2354374912.0,-0.9526299834251404
2355312384.0,-0.9452781677246094
2356250112.0,-0.9397218227386475
2357187584.0,-0.9359655976295471
2358125056.0,-0.9330641031265259
2359062528.0,-0.9314664602279663
2360000000.0,-0.9311636090278625
2360937472.0,-0.9322671890258789
2361874944.0,-0.9355630278587341
2362812416.0,-0.9407035112380981
2363749888.0,-0.9467868804931641
2364687616.0,-0.9548674821853638
2365625088.0,-0.9644906520843506
2366562560.0,-0.9742274880409241
2367500032.0,-0.9861865639686584
2368437504.0,-0.9973362684249878
2369374976.0,-1.010085105895996
2370312448.0,-1.0217671394348145
2371249920.0,-1.032914161682129
2372187392.0,-1.0440101623535156
2373125120.0,-1.0536723136901855
2374062592.0,-1.0624340772628784
2375000064.0,-1.067326307296753
2375937536.0,-1.0706167221069336
2376875008.0,-1.0695507526397705
2377812480.0,-1.0675115585327148
2378749952.0,-1.0607084035873413
2379687424.0,-1.050838589668274
2380624896.0,-1.0374106168746948
2381562624.0,-1.020910620689392
2382500096.0,-1.0007445812225342
2383437568.0,-0.9777870774269104
2384375040.0,-0.9519410729408264
2385312512.0,-0.924575686454773
2386249984.0,-0.8941413760185242
2387187456.0,-0.861647367477417
2388124928.0,-0.8283869028091431
2389062400.0,-0.7938768863677979
2390000128.0,-0.7597892880439758
2390937600.0,-0.7248678803443909
2391875072.0,-0.6901302933692932
2392812544.0,-0.6565759181976318
2393750016.0,-0.6223235130310059
2394687488.0,-0.588691234588623
2395624960.0,-0.5570372343063354
2396562432.0,-0.525024950504303
2397499904.0,-0.4955079257488251
2398437376.0,-0.46602052450180054
2399375104.0,-0.43721267580986023
2400312576.0,-0.41002407670021057
2401250048.0,-0.38316404819488525
2402187520.0,-0.3566910922527313
2403124992.0,-0.33147165179252625
2404062464.0,-0.3069877028465271
2404999936.0,-0.2835644483566284
2405937408.0,-0.2602931559085846
2406874880.0,-0.23789097368717194
2407812608.0,-0.2154470831155777
2408750080.0,-0.14242933690547943
2409687552.0,-0.1215868890285492
2410625024.0,-0.1016087532043457
2411562496.0,-0.08251099288463593
2412499968.0,-0.06550390273332596
2413437440.0,-0.051183898001909256
2414374912.0,-0.0397445447742939
2415312384.0,-0.02868288941681385
2416250112.0,-0.021756429225206375
2417187584.0,-0.017604533582925797
2418125056.0,-0.01709979958832264
2419062528.0,-0.01981881633400917
2420000000.0,-0.025168104097247124
2420937472.0,-0.035155706107616425
2421874944.0,-0.04704098775982857
2422812416.0,-0.06221169978380203
2423749888.0,-0.08042815327644348
2424687616.0,-0.10118614882230759
2425625088.0,-0.12492047995328903
2426562560.0,-0.15035638213157654
2427500032.0,-0.1776035577058792
2428437504.0,-0.20578303933143616
2429374976.0,-0.23528660833835602
2430312448.0,-0.2656778395175934
2431249920.0,-0.2959427833557129
2432187392.0,-0.32441434264183044
2433125120.0,-0.352277010679245
2434062592.0,-0.3781164288520813
2435000064.0,-0.4024548828601837
2435937536.0,-0.42423686385154724
2436875008.0,-0.44362619519233704
2437812480.0,-0.4589584171772003
2438749952.0,-0.47141972184181213
2439687424.0,-0.47972559928894043
2440624896.0,-0.48527202010154724
2441562624.0,-0.48695266246795654
2442500096.0,-0.48532140254974365
2443437568.0,-0.4788226783275604
2444375040.0,-0.46962517499923706
2445312512.0,-0.4568729102611542
2446249984.0,-0.44130590558052063
2447187456.0,-0.4233025014400482
2448124928.0,-0.4017089307308197
2449062400.0,-0.376121461391449
2449999872.0,-0.3491814136505127
2450937600.0,-0.32109534740448
2451875072.0,-0.29084381461143494
2452812544.0,-0.25968751311302185
2453750016.0,-0.22648856043815613
2454687488.0,-0.19324991106987
2455624960.0,-0.1597159057855606
2456562432.0,-0.12617437541484833
2457499904.0,-0.09300278127193451
2458437376.0,-0.05911077931523323
2459375104.0,-0.027773987501859665
2460312576.0,0.003485986264422536
2461250048.0,0.03356759250164032
2462187520.0,0.0637444481253624
2463124992.0,0.09168043732643127
2464062464.0,0.11916106939315796
2464999936.0,0.1437828242778778
2465937408.0,0.167705699801445
2466874880.0,0.19024929404258728
2467812608.0,0.2113104611635208
2468750080.0,0.12161120772361755
2469687552.0,0.13497979938983917
2470625024.0,0.15031495690345764
2471562496.0,0.16280928254127502
2472499968.0,0.17344674468040466
2473437440.0,0.18316517770290375
2474374912.0,0.19013065099716187
2475312384.0,0.1955711841583252
2476250112.0,0.19907917082309723
2477187584.0,0.20007820427417755
2478125056.0,0.19910603761672974
2479062528.0,0.19688962399959564
2480000000.0,0.19173163175582886
2480937472.0,0.18577563762664795
2481874944.0,0.1778903305530548
2482812416.0,0.16766946017742157
2483749888.0,0.15490956604480743
2484687616.0,0.14235974848270416
2485625088.0,0.12698020040988922
2486562560.0,0.1102622002363205
2487500032.0,0.09299863874912262
2488437504.0,0.07417034357786179
2489374976.0,0.05429764464497566
2490312448.0,0.033742450177669525
2491249920.0,0.012914628721773624
2492187392.0,-0.00790223479270935
2493125120.0,-0.029095280915498734
2494062592.0,-0.049684759229421616
2495000064.0,-0.07056587189435959
2495937536.0,-0.09003577381372452
2496875008.0,-0.10904469341039658
2497812480.0,-0.1258610188961029
2498749952.0,-0.14291661977767944
2499687424.0,-0.15748897194862366
2500624896.0,-0.17044328153133392
2501562624.0,-0.18242402374744415
2502500096.0,-0.19184236228466034
2503437568.0,-0.20047014951705933
2504375040.0,-0.20536866784095764
2505312512.0,-0.20984172821044922
2506249984.0,-0.2114851027727127
2507187456.0,-0.21096250414848328
2508124928.0,-0.2092842310667038
2509062400.0,-0.20535831153392792
2510000128.0,-0.19840896129608154
2510937600.0,-0.19030223786830902
2511875072.0,-0.18152299523353577
2512812544.0,-0.16906394064426422
2513750016.0,-0.1577858328819275
2514687488.0,-0.14200828969478607
2515624960.0,-0.12708663940429688
2516562432.0,-0.11072894185781479
2517499904.0,-0.09346272051334381
2518437376.0,-0.0747305154800415
2519375104.0,-0.05529322102665901
2520312576.0,-0.0355481319129467
2521250048.0,-0.015749763697385788
2522187520.0,0.003815466770902276
2523124992.0,0.022693617269396782
2524062464.0,0.04147130995988846
2524999936.0,0.059612881392240524
2525937408.0,0.07673920691013336
2526874880.0,0.09403980523347855
2527812608.0,0.10857370495796204
2528750080.0,0.1615128368139267
2529687552.0,0.16729776561260223
2530625024.0,0.17188821732997894
2531562496.0,0.1762915998697281
2532499968.0,0.1787770390510559
2533437440.0,0.17997276782989502
2534374912.0,0.18214033544063568
2535312384.0,0.1823856681585312
2536250112.0,0.1815977841615677
2537187584.0,0.1802845001220703
2538125056.0,0.17765921354293823
2539062528.0,0.17423994839191437
2540000000.0,0.1694323867559433
2540937472.0,0.16322457790374756
2541874944.0,0.15683238208293915
2542812416.0,0.14879779517650604
2543749888.0,0.139406219124794
2544687616.0,0.12904678285121918
2545625088.0,0.11838065087795258
2546562560.0,0.1065569743514061
2547500032.0,0.0933920219540596
2548437504.0,0.07893534004688263
2549374976.0,0.0649917796254158
2550312448.0,0.049380961805582047
2551249920.0,0.03461434692144394
2552187392.0,0.018040316179394722
2553125120.0,0.00045235714060254395
2554062592.0,-0.014858772046864033
2555000064.0,-0.031116556376218796
2555937536.0,-0.04687228053808212
2556875008.0,-0.06226930394768715
2557812480.0,-0.07700305432081223
2558749952.0,-0.0908118188381195
2559687424.0,-0.10377422720193863
2560624896.0,-0.11533710360527039
2561562624.0,-0.12462876737117767
2562500096.0,-0.13379287719726562
2563437568.0,-0.14109495282173157
2564375040.0,-0.14516973495483398
2565312512.0,-0.14905303716659546
2566249984.0,-0.14969271421432495
2567187456.0,-0.1496906876564026
2568124928.0,-0.14559677243232727
2569062400.0,-0.14145267009735107
2569999872.0,-0.13549089431762695
2570937600.0,-0.12805184721946716
2571875072.0,-0.11738482117652893
2572812544.0,-0.10601219534873962
2573750016.0,-0.09195834398269653
2574687488.0,-0.07699739933013916
2575624960.0,-0.060301974415779114
2576562432.0,-0.04362168535590172
2577499904.0,-0.024751121178269386
2578437376.0,-0.005296346731483936
2579375104.0,0.013937894254922867
2580312576.0,0.03325790539383888
2581250048.0,0.05416051670908928
2582187520.0,0.07357989996671677
2583124992.0,0.09278889000415802
2584062464.0,0.11146362870931625
2584999936.0,0.12949426472187042
2585937408.0,0.14486320316791534
2586874880.0,0.16057033836841583
2587812608.0,0.1740136444568634
2588750080.0,0.19897578656673431
2589687552.0,0.2059260904788971
2590625024.0,0.21010388433933258
2591562496.0,0.21429313719272614
2592499968.0,0.21461379528045654
2593437440.0,0.21253077685832977
2594374912.0,0.20975624024868011
2595312384.0,0.20387065410614014
2596250112.0,0.19466714560985565
2597187584.0,0.18522046506404877
2598125056.0,0.1737622767686844
2599062528.0,0.1604757010936737
2600000000.0,0.14629484713077545
2600937472.0,0.1313677579164505
2601874944.0,0.11544046550989151
2602812416.0,0.09891519695520401
2603749888.0,0.08217858523130417
2604687616.0,0.06598074734210968
2605625088.0,0.048547644168138504
2606562560.0,0.031743187457323074
2607500032.0,0.016392340883612633
2608437504.0,0.0013744145398959517
2609374976.0,-0.013474253006279469
2610312448.0,-0.027251729741692543
2611249920.0,-0.04088074713945389
2612187392.0,-0.052620187401771545
2613125120.0,-0.06352842599153519
2614062592.0,-0.07259215414524078
2615000064.0,-0.0807378813624382
2615937536.0,-0.08838748931884766
2616875008.0,-0.09353005141019821
2617812480.0,-0.09890536218881607
2618749952.0,-0.10176140815019608
2619687424.0,-0.10458771139383316
2620624896.0,-0.10583577305078506
2621562624.0,-0.10729262977838516
2622500096.0,-0.10632286220788956
2623437568.0,-0.10525091737508774
2624375040.0,-0.1042441725730896
2625312512.0,-0.10164136439561844
2626249984.0,-0.09931300580501556
2627187456.0,-0.09399552643299103
2628124928.0,-0.08945127576589584
2629062400.0,-0.08462665975093842
2630000128.0,-0.07878437638282776
2630937600.0,-0.07242906093597412
2631875072.0,-0.06543497741222382
2632812544.0,-0.057527121156454086
2633750016.0,-0.04967117682099342
2634687488.0,-0.04045354202389717
2635624960.0,-0.03128911554813385
2636562432.0,-0.020632129162549973
2637499904.0,-0.0093027763068676
2638437376.0,0.0026907308492809534
2639375104.0,0.014611763879656792
2640312576.0,0.027915237471461296
2641250048.0,0.04254162311553955
2642187520.0,0.05803438648581505
2643124992.0,0.07259856164455414
2644062464.0,0.08864845335483551
2644999936.0,0.10516871511936188
2645937408.0,0.12134259939193726
2646874880.0,0.1374918669462204
2647812608.0,0.21263524889945984
2648750080.0,0.22283725440502167
2649687552.0,0.23202289640903473
2650625024.0,0.23876343667507172
2651562496.0,0.24318833649158478
2652499968.0,0.2460375726222992
2653437440.0,0.2449970543384552
2654374912.0,0.24210506677627563
2655312384.0,0.23636877536773682
2656250112.0,0.22664636373519897
2657187584.0,0.18906208872795105
2658125056.0,0.17079883813858032
2659062528.0,0.15061649680137634
2660000000.0,0.1282791942358017
2660937472.0,0.10324726998806
2661874944.0,0.07728935033082962
2662812416.0,0.04856092482805252
2663749888.0,0.019725434482097626
2664687616.0,-0.010220480151474476
2665625088.0,-0.03925046697258949
2666562560.0,-0.06766877323389053
2667500032.0,-0.09703455120325089
2668437504.0,-0.12446000427007675
2669374976.0,-0.14957982301712036
2670312448.0,-0.1733754426240921
2671249920.0,-0.19575703144073486
2672187392.0,-0.215304434299469
2673125120.0,-0.23121215403079987
2674062592.0,-0.2444474697113037
2675000064.0,-0.25479698181152344
2675937536.0,-0.2620035409927368
2676875008.0,-0.26635098457336426
2677812480.0,-0.26823630928993225
2678749952.0,-0.2666874825954437
2679687424.0,-0.2623530626296997
2680624896.0,-0.2552422285079956
2681562624.0,-0.24667121469974518
2682500096.0,-0.2346956431865692
2683437568.0,-0.22202056646347046
2684375040.0,-0.20542670786380768
2685312512.0,-0.1889745444059372
2686249984.0,-0.17090030014514923
2687187456.0,-0.1519690901041031
2688124928.0,-0.13128408789634705
2689062400.0,-0.11189647763967514
2689999872.0,-0.09017785638570786
2690937600.0,-0.07002036273479462
2691875072.0,-0.04875310882925987
2692812544.0,-0.028754303231835365
2693750016.0,-0.009361796081066132
2694687488.0,0.01053814496845007
2695624960.0,0.029095295816659927
2696562432.0,0.04887636750936508
2697499904.0,0.06666159629821777
2698437376.0,0.08389539271593094
2699375104.0,0.10124925523996353
2700312576.0,0.11928186565637589
2701250048.0,0.13495680689811707
2702187520.0,0.15121683478355408
2703124992.0,0.16651277244091034
2704062464.0,0.18118132650852203
2704999936.0,0.1964278668165207
2705937408.0,0.2093987911939621
2706874880.0,0.22219163179397583
2707812608.0,0.19257861375808716
2708750080.0,0.19987082481384277
2709687552.0,0.20345072448253632
2710625024.0,0.20760978758335114
2711562496.0,0.21035008132457733
2712499968.0,0.21152985095977783
2713437440.0,0.2112935334444046
2714374912.0,0.20860056579113007
2715312384.0,0.20528221130371094
2716250112.0,0.20007961988449097
2717187584.0,0.19413721561431885
2718125056.0,0.1859976053237915
2719062528.0,0.17668810486793518
2720000000.0,0.16577446460723877
2720937472.0,0.15393610298633575
2721874944.0,0.14090950787067413
2722812416.0,0.12591370940208435
2723749888.0,0.11032115668058395
2724687616.0,0.09379207342863083
2725625088.0,0.07570499926805496
2726562560.0,0.05791481211781502
2727500032.0,0.03839588910341263
2728437504.0,0.0198487788438797
2729374976.0,5.413551116362214e-05
2730312448.0,-0.01895136386156082
2731249920.0,-0.03826363384723663
2732187392.0,-0.05690143629908562
2733125120.0,-0.07577664405107498
2734062592.0,-0.09304557740688324
2735000064.0,-0.10966432094573975
2735937536.0,-0.1259055733680725
2736875008.0,-0.14125999808311462
2737812480.0,-0.15488097071647644
2738749952.0,-0.1664109230041504
2739687424.0,-0.1761893332004547
2740624896.0,-0.18598443269729614
2741562624.0,-0.19413667917251587
2742500096.0,-0.19950003921985626
2743437568.0,-0.20348429679870605
2744375040.0,-0.20538707077503204
2745312512.0,-0.20511823892593384
2746249984.0,-0.2032647430896759
2747187456.0,-0.19991274178028107
2748124928.0,-0.1943628340959549
2749062400.0,-0.18778471648693085
2750000128.0,-0.17838498950004578
2750937600.0,-0.16859987378120422
2751875072.0,-0.15672869980335236
2752812544.0,-0.14264188706874847
2753750016.0,-0.12700797617435455
2754687488.0,-0.11110390722751617
2755624960.0,-0.09408590197563171
2756562432.0,-0.0763758197426796
2757499904.0,-0.057280268520116806
2758437376.0,-0.03787779062986374
2759375104.0,-0.01984546333551407
2760312576.0,0.0007938441121950746
2761250048.0,0.019390983507037163
2762187520.0,0.03870321437716484
2763124992.0,0.05767827853560448
2764062464.0,0.0752512514591217
2764999936.0,0.09297185391187668
2765937408.0,0.10879331827163696
2766874880.0,0.12348493933677673
2767812608.0,0.1787165403366089
2768750080.0,0.17838448286056519
2769687552.0,0.17608356475830078
2770625024.0,0.17370817065238953
2771562496.0,0.17046721279621124
2772499968.0,0.1651492565870285
2773437440.0,0.16059592366218567
2774374912.0,0.15443098545074463
2775312384.0,0.1465512067079544
2776250112.0,0.13903503119945526
2777187584.0,0.13030022382736206
2778125056.0,0.12088506668806076
2779062528.0,0.11106933653354645
2780000000.0,0.09970151633024216
2780937472.0,0.089379221200943
2781874944.0,0.07780129462480545
2782812416.0,0.06598345935344696
2783749888.0,0.052627868950366974
2784687616.0,0.04069284349679947
2785625088.0,0.0280187726020813
2786562560.0,0.014364505186676979
2787500032.0,0.0017375589814037085
2788437504.0,-0.01165104005485773
2789374976.0,-0.024314813315868378
2790312448.0,-0.03764397278428078
2791249920.0,-0.04965130239725113
2792187392.0,-0.06132229045033455
2793125120.0,-0.07253489643335342
2794062592.0,-0.08302158117294312
2795000064.0,-0.09297779202461243
2795937536.0,-0.1014150008559227
2796875008.0,-0.10949789732694626
2797812480.0,-0.115791454911232
2798749952.0,-0.12112303823232651
2799687424.0,-0.12429790943861008
2800624896.0,-0.12567830085754395
2801562624.0,-0.12775295972824097
2802500096.0,-0.12685400247573853
2803437568.0,-0.12360267341136932
2804375040.0,-0.12080322206020355
2805312512.0,-0.11495288461446762
2806249984.0,-0.10795130580663681
2807187456.0,-0.10059245675802231
2808124928.0,-0.0911567285656929
2809062400.0,-0.08065365999937057
2809999872.0,-0.06816983222961426
2810937600.0,-0.05546169355511665
2811875072.0,-0.041013628244400024
2812812544.0,-0.026299815624952316
2813750016.0,-0.010689382441341877
2814687488.0,0.006861303001642227
2815624960.0,0.024261221289634705
2816562432.0,0.04134289547801018
2817499904.0,0.05896426737308502
2818437376.0,0.07583290338516235
2819375104.0,0.09205865114927292
2820312576.0,0.10876929759979248
2821250048.0,0.12403085082769394
2822187520.0,0.13776051998138428
2823124992.0,0.1501341611146927
2824062464.0,0.16216720640659332
2824999936.0,0.17288066446781158
2825937408.0,0.1808217465877533
2826874880.0,0.18719102442264557
2827812608.0,0.2006053775548935
2828750080.0,0.20200861990451813
2829687552.0,0.20091037452220917
2830625024.0,0.19837792217731476
2831562496.0,0.19161613285541534
2832499968.0,0.1841592937707901
2833437440.0,0.17326980829238892
2834374912.0,0.15992964804172516
2835312384.0,0.14635822176933289
2836250112.0,0.13047468662261963
2837187584.0,0.11356167495250702
2838125056.0,0.09510661661624908
2839062528.0,0.07623064517974854
2840000000.0,0.056384358555078506
2840937472.0,0.03773394227027893
2841874944.0,0.017370475456118584
2842812416.0,-0.0022309082560241222
2843749888.0,-0.02071656472980976
2844687616.0,-0.03828783333301544
2845625088.0,-0.05535389110445976
2846562560.0,-0.07040014863014221
2847500032.0,-0.0842430368065834
2848437504.0,-0.09617667645215988
2849374976.0,-0.10589475929737091
2850312448.0,-0.1156216636300087
2851249920.0,-0.12167206406593323
2852187392.0,-0.1272323876619339
2853125120.0,-0.13085143268108368
2854062592.0,-0.1319769322872162
2855000064.0,-0.13161414861679077
2855937536.0,-0.12983793020248413
2856875008.0,-0.12752018868923187
2857812480.0,-0.12199670076370239
2858749952.0,-0.1160222515463829
2859687424.0,-0.10831762105226517
2860624896.0,-0.09992852061986923
2861562624.0,-0.09022499620914459
2862500096.0,-0.08050969988107681
2863437568.0,-0.06944098323583603
2864375040.0,-0.05766775831580162
2865312512.0,-0.04580570012331009
2866249984.0,-0.03404540941119194
2867187456.0,-0.020851625129580498
2868124928.0,-0.007496320642530918
2869062400.0,0.005211325827986002
2870000128.0,0.017740080133080482
2870937600.0,0.030730459839105606
2871875072.0,0.043068915605545044
2872812544.0,0.05490901321172714
2873750016.0,0.06787028163671494
2874687488.0,0.07903861999511719
2875624960.0,0.09071686863899231
2876562432.0,0.10143747925758362
2877499904.0,0.11248105764389038
2878437376.0,0.123400017619133
2879375104.0,0.1325126588344574
2880312576.0,0.14166665077209473
2881250048.0,0.1497679203748703
2882187520.0,0.15737329423427582
2883124992.0,0.16506634652614594
2884062464.0,0.17089055478572845
2884999936.0,0.17585979402065277
2885937408.0,0.17976932227611542
2886874880.0,0.18244898319244385
2887812608.0,0.18372482061386108
2888750080.0,0.18421606719493866
2889687552.0,0.18446588516235352
2890625024.0,0.18291401863098145
2891562496.0,0.178111732006073
2892499968.0,0.17339840531349182
2893437440.0,0.16635367274284363
2894374912.0,0.15812420845031738
2895312384.0,0.14833763241767883
2896250112.0,0.13538621366024017
2897187584.0,0.12258116900920868
2898125056.0,0.10824962705373764
2899062528.0,0.09158486872911453
2900000000.0,0.0754239484667778
2900937472.0,0.05804341286420822
2901874944.0,0.038879942148923874
2902812416.0,0.020881643518805504
2903749888.0,0.0012965674977749586
2904687616.0,-0.018270114436745644
2905625088.0,-0.036405179649591446
2906562560.0,-0.054877664893865585
2907500032.0,-0.07224594056606293
2908437504.0,-0.08838426321744919
2909374976.0,-0.10397528856992722
2910312448.0,-0.1180458590388298
2911249920.0,-0.13112138211727142
2912187392.0,-0.141214057803154
2913125120.0,-0.15082432329654694
2914062592.0,-0.15674825012683868
2915000064.0,-0.16209858655929565
2915937536.0,-0.16626092791557312
2916875008.0,-0.16659697890281677
2917812480.0,-0.16570903360843658
2918749952.0,-0.16180722415447235
2919687424.0,-0.1566498577594757
2920624896.0,-0.1492825299501419
2921562624.0,-0.14002078771591187
2922500096.0,-0.12942716479301453
2923437568.0,-0.1167873814702034
2924375040.0,-0.1023569256067276
2925312512.0,-0.08730984479188919
2926249984.0,-0.07163382321596146
2927187456.0,-0.05381358414888382
2928124928.0,-0.03604349121451378
2929062400.0,-0.01799229346215725
2929999872.0,0.0002896616351790726
2930937600.0,0.01729542389512062
2931875072.0,0.03530213236808777
2932812544.0,0.0524321123957634
2933750016.0,0.06924953311681747
2934687488.0,0.08449495583772659
2935624960.0,0.09893494844436646
2936562432.0,0.11227003484964371
2937499904.0,0.12399101257324219
2938437376.0,0.13384385406970978
2939375104.0,0.14378759264945984
2940312576.0,0.15126590430736542
2941250048.0,0.1567150205373764
2942187520.0,0.1612633615732193
2943124992.0,0.16437563300132751
2944062464.0,0.16596592962741852
2944999936.0,0.16593484580516815
2945937408.0,0.16523464024066925
2946874880.0,0.16279739141464233
2947812608.0,0.1573692113161087
2948750080.0,0.15537932515144348
2949687552.0,0.15350289642810822
2950625024.0,0.14901971817016602
2951562496.0,0.14397405087947845
2952499968.0,0.13825923204421997
2953437440.0,0.13129551708698273
2954374912.0,0.12425721436738968
2955312384.0,0.1161314994096756
2956250112.0,0.10693863034248352
2957187584.0,0.09839450567960739
2958125056.0,0.08827053010463715
2959062528.0,0.07784657925367355
2960000000.0,0.06757606565952301
2960937472.0,0.05598263442516327
2961874944.0,0.044846005737781525
2962812416.0,0.034085266292095184
2963749888.0,0.02153599262237549
2964687616.0,0.010277618654072285
2965625088.0,-0.0016271251952275634
2966562560.0,-0.012657937593758106
2967500032.0,-0.024650204926729202
2968437504.0,-0.03577491641044617
2969374976.0,-0.04669351130723953
2970312448.0,-0.05780511349439621
2971249920.0,-0.06799256056547165
2972187392.0,-0.0762132853269577
2973125120.0,-0.08562016487121582
2974062592.0,-0.09234368801116943
2975000064.0,-0.09932257980108261
2975937536.0,-0.10457348823547363
2976875008.0,-0.10934726893901825
2977812480.0,-0.11317812651395798
2978749952.0,-0.1162867322564125
2979687424.0,-0.11847502738237381
2980624896.0,-0.11892533302307129
2981562624.0,-0.1181451603770256
2982500096.0,-0.11665470898151398
2983437568.0,-0.11374585330486298
2984375040.0,-0.10992671549320221
2985312512.0,-0.10551010072231293
2986249984.0,-0.09963196516036987
2987187456.0,-0.09361015260219574
2988124928.0,-0.08674836903810501
2989062400.0,-0.0791858658194542
2990000128.0,-0.07063887268304825
2990937600.0,-0.06188473477959633
2991875072.0,-0.05277984216809273
2992812544.0,-0.04378478601574898
2993750016.0,-0.034897446632385254
2994687488.0,-0.025233790278434753
2995624960.0,-0.017070047557353973
2996562432.0,-0.007771619595587254
2997499904.0,-0.0007024663500487804
2998437376.0,0.006649840157479048
2999375104.0,0.012090401723980904
3000312576.0,0.015678945928812027
3001250048.0,0.020266084000468254
3002187520.0,0.023960446938872337
3003124992.0,0.025834549218416214
3004062464.0,0.029188726097345352
3004999936.0,0.029547786340117455
3005937408.0,0.028641391545534134
3006874880.0,0.026790864765644073
3007812608.0,0.02334594540297985
3008750080.0,0.019439086318016052
3009687552.0,0.015014516189694405
3010625024.0,0.012286001816391945
3011562496.0,0.007173820864409208
3012499968.0,0.0027141417376697063
3013437440.0,-0.0018314002081751823
3014374912.0,-0.00645271735265851
3015312384.0,-0.011575687676668167
3016250112.0,-0.016629841178655624
3017187584.0,-0.02111506462097168
3018125056.0,-0.02638891711831093
3019062528.0,-0.030622558668255806
3020000000.0,-0.03559724614024162
3020937472.0,-0.04104635491967201
3021874944.0,-0.046301696449518204
3022812416.0,-0.05052132532000542
3023749888.0,-0.05548907071352005
3024687616.0,-0.060011256486177444
3025625088.0,-0.06451234966516495
3026562560.0,-0.06879717856645584
3027500032.0,-0.07450266927480698
3028437504.0,-0.07808762788772583
3029374976.0,-0.08300436288118362
3030312448.0,-0.08627119660377502
3031249920.0,-0.08962544798851013
3032187392.0,-0.09414825588464737
3033125120.0,-0.09715790301561356
3034062592.0,-0.10015507787466049
3035000064.0,-0.10309373587369919
3035937536.0,-0.10588541626930237
3036875008.0,-0.10777278989553452
3037812480.0,-0.10958309471607208
3038749952.0,-0.11114196479320526
3039687424.0,-0.11211268603801727
3040624896.0,-0.11229761689901352
3041562624.0,-0.11263058334589005
3042500096.0,-0.11154855042695999
3043437568.0,-0.11044920980930328
3044375040.0,-0.10820303857326508
3045312512.0,-0.10652858018875122
3046249984.0,-0.10360058397054672
3047187456.0,-0.10026799142360687
3048124928.0,-0.0966954231262207
3049062400.0,-0.09195886552333832
3049999872.0,-0.0883781835436821
3050937600.0,-0.08330739289522171
3051875072.0,-0.07974889874458313
3052812544.0,-0.07379484921693802
3053750016.0,-0.06831757724285126
3054687488.0,-0.0626649335026741
3055624960.0,-0.057236623018980026
3056562432.0,-0.052064549177885056
3057499904.0,-0.04698463901877403
3058437376.0,-0.042838916182518005
3059375104.0,-0.037376340478658676
3060312576.0,-0.032234128564596176
3061250048.0,-0.028586672618985176
3062187520.0,-0.024346953257918358
3063124992.0,-0.020519636571407318
3064062464.0,-0.018258091062307358
3064999936.0,-0.017229607328772545
3065937408.0,-0.01542410347610712
3066874880.0,-0.016039293259382248
3067812608.0,-0.002021550666540861
3068750080.0,-0.007854211144149303
3069687552.0,-0.014070730656385422
3070625024.0,-0.020464519038796425
3071562496.0,-0.028124196454882622
3072499968.0,-0.036332789808511734
3073437440.0,-0.04470733180642128
3074374912.0,-0.05342748761177063
3075312384.0,-0.06236640736460686
3076250112.0,-0.07227659970521927
3077187584.0,-0.07968252897262573
3078125056.0,-0.08811910450458527
3079062528.0,-0.09523022174835205
3080000000.0,-0.10309455543756485
3080937472.0,-0.11060525476932526
3081874944.0,-0.11511152982711792
3082812416.0,-0.11953192949295044
3083749888.0,-0.12301752716302872
3084687616.0,-0.12612123787403107
3085625088.0,-0.12728102505207062
3086562560.0,-0.12665946781635284
3087500032.0,-0.12616099417209625
3088437504.0,-0.12341892719268799
3089374976.0,-0.12083860486745834
3090312448.0,-0.11666315793991089
3091249920.0,-0.1118396669626236
3092187392.0,-0.1054660826921463
3093125120.0,-0.09797355532646179
3094062592.0,-0.09036052972078323
3095000064.0,-0.0823604092001915
3095937536.0,-0.07297822833061218
3096875008.0,-0.06418338418006897
3097812480.0,-0.05458160489797592
3098749952.0,-0.045205384492874146
3099687424.0,-0.03498760983347893
3100624896.0,-0.0249314047396183
3101562624.0,-0.014237585477530956
3102500096.0,-0.005584963131695986
3103437568.0,0.004439492244273424
3104375040.0,0.013903908431529999
3105312512.0,0.02246236801147461
3106249984.0,0.031046656891703606
3107187456.0,0.03868171200156212
3108124928.0,0.04618128761649132
3109062400.0,0.05299049988389015
3110000128.0,0.05910174548625946
3110937600.0,0.06599882990121841
3111875072.0,0.07115651667118073
3112812544.0,0.07515817880630493
3113750016.0,0.0795450508594513
3114687488.0,0.08344399929046631
3115624960.0,0.08596669137477875
3116562432.0,0.08976111561059952
3117499904.0,0.09204138815402985
3118437376.0,0.09530279785394669
3119375104.0,0.0967373177409172
3120312576.0,0.09790394455194473
3121250048.0,0.09966685622930527
3122187520.0,0.10043556243181229
3123124992.0,0.10147957503795624
3124062464.0,0.10282854735851288
3124999936.0,0.10349556803703308
3125937408.0,0.10395149141550064
3126874880.0,0.10380786657333374
3127812608.0,0.12466338276863098
3128750080.0,0.12077931314706802
3129687552.0,0.11836738884449005
3130625024.0,0.11441740393638611
3131562496.0,0.1135336384177208
3132499968.0,0.11168482154607773
3133437440.0,0.11000915616750717
3134374912.0,0.1086786612868309
3135312384.0,0.10648785531520844
3136250112.0,0.10567726939916611
3137187584.0,0.1047539934515953
3138125056.0,0.10306979715824127
3139062528.0,0.10182162374258041
3140000000.0,0.1022997722029686
3140937472.0,0.10211285203695297
3141874944.0,0.10085567831993103
3142812416.0,0.1007395088672638
3143749888.0,0.09954828023910522
3144687616.0,0.09878940135240555
3145625088.0,0.09693337231874466
3146562560.0,0.09573935717344284
3147500032.0,0.09431543946266174
3148437504.0,0.09166298806667328
3149374976.0,0.08907882869243622
3150312448.0,0.08554265648126602
3151249920.0,0.08199600130319595
3152187392.0,0.0777210146188736
3153125120.0,0.07231396436691284
3154062592.0,0.06618305295705795
3155000064.0,0.058814503252506256
3155937536.0,0.0520777553319931
3156875008.0,0.04363372176885605
3157812480.0,0.03481899946928024
3158749952.0,0.02606523409485817
3159687424.0,0.01515796035528183
3160624896.0,0.004965791944414377
3161562624.0,-0.00554979033768177
3162500096.0,-0.016674477607011795
3163437568.0,-0.028665969148278236
3164375040.0,-0.03976711258292198
3165312512.0,-0.0504777729511261
3166249984.0,-0.06211591139435768
3167187456.0,-0.0728742778301239
3168124928.0,-0.08345932513475418
3169062400.0,-0.09325402975082397
3169999872.0,-0.10263924300670624
3170937600.0,-0.1115337684750557
3171875072.0,-0.11996787041425705
3172812544.0,-0.12747468054294586
3173750016.0,-0.1324535757303238
3174687488.0,-0.13771604001522064
3175624960.0,-0.13992957770824432
3176562432.0,-0.14238376915454865
3177499904.0,-0.1425769180059433
3178437376.0,-0.14003747701644897
3179375104.0,-0.13765183091163635
3180312576.0,-0.13507694005966187
3181250048.0,-0.12894023954868317
3182187520.0,-0.12269880622625351
3183124992.0,-0.11418340355157852
3184062464.0,-0.10412920266389847
3184999936.0,-0.09291674941778183
3185937408.0,-0.08048377931118011
3186874880.0,-0.06677643954753876
3187812608.0,0.05751459673047066
3188750080.0,0.05626516416668892
3189687552.0,0.05561124160885811
3190625024.0,0.05559356138110161
3191562496.0,0.055849768221378326
3192499968.0,0.05718136578798294
3193437440.0,0.059735044836997986
3194374912.0,0.06201677396893501
3195312384.0,0.06621954590082169
3196250112.0,0.06965702027082443
3197187584.0,0.07315011322498322
3198125056.0,0.07817485183477402
3199062528.0,0.08190995454788208
3200000000.0,0.08605335652828217
3200937472.0,0.08993301540613174
3201874944.0,0.09306347370147705
3202812416.0,0.09578535705804825
3203749888.0,0.09637191891670227
3204687616.0,0.09794534742832184
3205625088.0,0.09707114845514297
3206562560.0,0.09472717344760895
3207500032.0,0.09197095036506653
3208437504.0,0.08892223238945007
3209374976.0,0.08353126049041748
3210312448.0,0.07818644493818283
3211249920.0,0.07082020491361618
3212187392.0,0.06290122121572495
3213125120.0,0.052665404975414276
3214062592.0,0.04267389327287674
3215000064.0,0.0312214232981205
3215937536.0,0.020113488659262657
3216875008.0,0.008294674567878246
3217812480.0,-0.005410865880548954
3218749952.0,-0.01753099635243416
3219687424.0,-0.03061160445213318
3220624896.0,-0.042426660656929016
3221562624.0,-0.05410577356815338
3222500096.0,-0.0661158561706543
3223437568.0,-0.07691684365272522
3224375040.0,-0.08617106080055237
3225312512.0,-0.09567029774188995
3226249984.0,-0.1023201271891594
3227187456.0,-0.10974599421024323
3228124928.0,-0.11495422571897507
3229062400.0,-0.11867711693048477
3230000128.0,-0.12199621647596359
3230937600.0,-0.12327726930379868
3231875072.0,-0.12347377836704254
3232812544.0,-0.12225524336099625
3233750016.0,-0.11933073401451111
3234687488.0,-0.11585802584886551
3235624960.0,-0.11280407011508942
3236562432.0,-0.10853437334299088
3237499904.0,-0.1024717390537262
3238437376.0,-0.09670595824718475
3239375104.0,-0.09078570455312729
3240312576.0,-0.08547579497098923
3241250048.0,-0.07989469170570374
3242187520.0,-0.07497215270996094
3243124992.0,-0.07072766870260239
3244062464.0,-0.06586442142724991
3244999936.0,-0.06419555097818375
3245937408.0,-0.06146276369690895
3246874880.0,-0.061022140085697174
3247812608.0,-0.054525669664144516
3248750080.0,-0.0571504682302475
3249687552.0,-0.061489906162023544
3250625024.0,-0.06379394978284836
3251562496.0,-0.06785717606544495
3252499968.0,-0.07058402895927429
3253437440.0,-0.07202596217393875
3254374912.0,-0.07341323047876358
3255312384.0,-0.07319651544094086
3256250112.0,-0.07171840965747833
3257187584.0,-0.06941905617713928
3258125056.0,-0.0665627270936966
3259062528.0,-0.06290582567453384
3260000000.0,-0.056909240782260895
3260937472.0,-0.049540840089321136
3261874944.0,-0.0430731475353241
3262812416.0,-0.035483334213495255
3263749888.0,-0.026819102466106415
3264687616.0,-0.01888122968375683
3265625088.0,-0.01097214873880148
3266562560.0,-0.0034777624532580376
3267500032.0,0.003423787886276841
3268437504.0,0.008570704609155655
3269374976.0,0.01278100349009037
3270312448.0,0.01783039979636669
3271249920.0,0.020442502573132515
3272187392.0,0.021237671375274658
3273125120.0,0.021115295588970184
3274062592.0,0.020842459052801132
3275000064.0,0.01978173851966858
3275937536.0,0.017312075942754745
3276875008.0,0.014218582771718502
3277812480.0,0.010959248058497906
3278749952.0,0.009127247147262096
3279687424.0,0.0056556942872703075
3280624896.0,0.004133676644414663
3281562624.0,0.002811061218380928
3282500096.0,0.002995654009282589
3283437568.0,0.0034894305281341076
3284375040.0,0.004384517669677734
3285312512.0,0.005144357215613127
3286249984.0,0.005507003981620073
3287187456.0,0.007768073584884405
3288124928.0,0.008247698657214642
3289062400.0,0.010225127451121807
3289999872.0,0.01085126306861639
3290937600.0,0.010468565858900547
3291875072.0,0.009639794938266277
3292812544.0,0.006790957413613796
3293750016.0,0.0035994509235024452
3294687488.0,-0.00044507114216685295
3295624960.0,-0.0066122072748839855
3296562432.0,-0.012573210522532463
3297499904.0,-0.019959349185228348
3298437376.0,-0.028726108372211456
3299375104.0,-0.036697786301374435
3300312576.0,-0.04686928167939186
3301250048.0,-0.05539147928357124
3302187520.0,-0.06474774330854416
3303124992.0,-0.07482437789440155
3304062464.0,-0.0825696811079979
3304999936.0,-0.0912264883518219
3305937408.0,-0.09974528849124908
3306874880.0,-0.10724477469921112
3307812608.0,-0.07264145463705063
3308750080.0,-0.07066089659929276
3309687552.0,-0.06813819706439972
3310625024.0,-0.06577149778604507
3311562496.0,-0.0641460046172142
3312499968.0,-0.06285075843334198
3313437440.0,-0.061600349843502045
3314374912.0,-0.0615958571434021
3315312384.0,-0.06145687401294708
3316250112.0,-0.062338657677173615
3317187584.0,-0.0634370669722557
3318125056.0,-0.06595755368471146
3319062528.0,-0.06846378743648529
3320000000.0,-0.07280196994543076
3320937472.0,-0.07606270909309387
3321874944.0,-0.08149693161249161
3322812416.0,-0.08578695356845856
3323749888.0,-0.09284906834363937
3324687616.0,-0.09822382032871246
3325625088.0,-0.10465715080499649
3326562560.0,-0.11079400777816772
3327500032.0,-0.1171162873506546
3328437504.0,-0.12296353280544281
3329374976.0,-0.1295335292816162
3330312448.0,-0.13431739807128906
3331249920.0,-0.13930298388004303
3332187392.0,-0.1442348062992096
3333125120.0,-0.14793001115322113
3334062592.0,-0.15086498856544495
3335000064.0,-0.15185031294822693
3335937536.0,-0.15377546846866608
3336875008.0,-0.15363989770412445
3337812480.0,-0.15142600238323212
3338749952.0,-0.1492140293121338
3339687424.0,-0.14598774909973145
3340624896.0,-0.1403348445892334
3341562624.0,-0.13435813784599304
3342500096.0,-0.12798456847667694
3343437568.0,-0.12081053107976913
3344375040.0,-0.11295295506715775
3345312512.0,-0.10531008243560791
3346249984.0,-0.0964021161198616
3347187456.0,-0.08651787787675858
3348124928.0,-0.07764799892902374
3349062400.0,-0.06784114241600037
3350000128.0,-0.05867110192775726
3350937600.0,-0.04961848631501198
3351875072.0,-0.04123563691973686
3352812544.0,-0.03261760622262955
3353750016.0,-0.025126107037067413
3354687488.0,-0.017822248861193657
3355624960.0,-0.011239185929298401
3356562432.0,-0.0059142825193703175
3357499904.0,0.00025577659835107625
3358437376.0,0.004071420524269342
3359375104.0,0.0076744589023292065
3360312576.0,0.011378776282072067
3361250048.0,0.013433453626930714
3362187520.0,0.016150131821632385
3363124992.0,0.017963282763957977
3364062464.0,0.019011639058589935
3364999936.0,0.020825665444135666
3365937408.0,0.02241983637213707
3366874880.0,0.024187052622437477
3367812608.0,0.03235308825969696
3368750080.0,0.039827052503824234
3369687552.0,0.046386655420064926
3370625024.0,0.051990024745464325
3371562496.0,0.056813038885593414
3372499968.0,0.061736248433589935
3373437440.0,0.06489512324333191
3374374912.0,0.06645550578832626
3375312384.0,0.06767147034406662
3376250112.0,0.0673777237534523
3377187584.0,0.06758474558591843
3378125056.0,0.06484132260084152
3379062528.0,0.06058688461780548
3380000000.0,0.05689958110451698
3380937472.0,0.0507538802921772
3381874944.0,0.04480580613017082
3382812416.0,0.03743535652756691
3383749888.0,0.030125027522444725
3384687616.0,0.021352091804146767
3385625088.0,0.0112596545368433
3386562560.0,0.001965691801160574
3387500032.0,-0.007658812217414379
3388437504.0,-0.017249900847673416
3389374976.0,-0.028040537610650063
3390312448.0,-0.037724994122982025
3391249920.0,-0.0460234060883522
3392187392.0,-0.05498681962490082
3393125120.0,-0.06270880997180939
3394062592.0,-0.07087810337543488
3395000064.0,-0.0776992216706276
3395937536.0,-0.08437971025705338
3396875008.0,-0.0904708206653595
3397812480.0,-0.09531627595424652
3398749952.0,-0.09865660220384598
3399687424.0,-0.10180877894163132
3400624896.0,-0.10326292365789413
3401562624.0,-0.10416122525930405
3402500096.0,-0.10458924621343613
3403437568.0,-0.10395915061235428
3404375040.0,-0.1027132198214531
3405312512.0,-0.1007944643497467
3406249984.0,-0.09899276494979858
3407187456.0,-0.09492877870798111
3408124928.0,-0.09163517504930496
3409062400.0,-0.0887511819601059
3409999872.0,-0.08485650271177292
3410937600.0,-0.08044905960559845
3411875072.0,-0.07617324590682983
3412812544.0,-0.07204015552997589
3413750016.0,-0.06876401603221893
3414687488.0,-0.06440853327512741
3415624960.0,-0.060625072568655014
3416562432.0,-0.056802183389663696
3417499904.0,-0.053448330610990524
3418437376.0,-0.0506700798869133
3419375104.0,-0.04697715491056442
3420312576.0,-0.04240981489419937
3421250048.0,-0.03760359808802605
3422187520.0,-0.0354091115295887
3423124992.0,-0.03169925510883331
3424062464.0,-0.027980873361229897
3424999936.0,-0.024029670283198357
3425937408.0,-0.02081996761262417
3426874880.0,-0.017619671300053596
3427812608.0,-0.014217345975339413
3428750080.0,-0.011606686748564243
3429687552.0,-0.009126212447881699
3430625024.0,-0.0062672775238752365
3431562496.0,-0.003948598634451628
3432499968.0,0.0014606355689466
3433437440.0,0.004820946138352156
3434374912.0,0.009210078977048397
3435312384.0,0.01630506105720997
3436250112.0,0.022801639512181282
3437187584.0,0.030635403469204903
3438125056.0,0.039129141718149185
3439062528.0,0.04891650751233101
3440000000.0,0.0596778430044651
3440937472.0,0.07147181034088135
3441874944.0,0.08403699845075607
3442812416.0,0.0974433496594429
3443749888.0,0.1107066348195076
3444687616.0,0.12491345405578613
3445625088.0,0.13838589191436768
3446562560.0,0.15154467523097992
3447500032.0,0.16520078480243683
3448437504.0,0.17613646388053894
3449374976.0,0.18625107407569885
3450312448.0,0.19478435814380646
3451249920.0,0.20096193253993988
3452187392.0,0.20543928444385529
3453125120.0,0.20702292025089264
3454062592.0,0.20561547577381134
3455000064.0,0.2029532939195633
3455937536.0,0.19710715115070343
3456875008.0,0.18945246934890747
3457812480.0,0.17905929684638977
3458749952.0,0.1669389307498932
3459687424.0,0.15258079767227173
3460624896.0,0.1358422338962555
3461562624.0,0.11848462373018265
3462500096.0,0.10085814446210861
3463437568.0,0.08129867166280746
3464375040.0,0.06101170927286148
3465312512.0,0.041350822895765305
3466249984.0,0.021990181878209114
3467187456.0,0.0034327858593314886
3468124928.0,-0.01427953690290451
3469062400.0,-0.030383121222257614
3470000128.0,-0.044230442494153976
3470937600.0,-0.056599102914333344
3471875072.0,-0.06664369255304337
3472812544.0,-0.07531734555959702
3473750016.0,-0.0817057341337204
3474687488.0,-0.08594922721385956
3475624960.0,-0.08952352404594421
3476562432.0,-0.09063178300857544
3477499904.0,-0.09023375809192657
3478437376.0,-0.08775840699672699
3479375104.0,-0.0839717760682106
3480312576.0,-0.07984361797571182
3481250048.0,-0.07514578849077225
3482187520.0,-0.0696922093629837
3483124992.0,-0.06530645489692688
3484062464.0,-0.05998164415359497
3484999936.0,-0.054003357887268066
3485937408.0,-0.049067530781030655
3486874880.0,-0.04403242841362953
3487812608.0,-0.02899087406694889
3488750080.0,-0.031689342111349106
3489687552.0,-0.0367259755730629
3490625024.0,-0.041245926171541214
3491562496.0,-0.0459643192589283
3492499968.0,-0.051934849470853806
3493437440.0,-0.05627394840121269
3494374912.0,-0.061556268483400345
3495312384.0,-0.06633713096380234
3496250112.0,-0.071418896317482
3497187584.0,-0.075629822909832
3498125056.0,-0.07941680401563644
3499062528.0,-0.08114081621170044
3500000000.0,-0.08320371061563492
3500937472.0,-0.08251010626554489
3501874944.0,-0.08105957508087158
3502812416.0,-0.07957478612661362
3503749888.0,-0.07488878071308136
3504687616.0,-0.0702429711818695
3505625088.0,-0.06539604067802429
3506562560.0,-0.05867864191532135
3507500032.0,-0.05314398184418678
3508437504.0,-0.045243218541145325
3509374976.0,-0.037545185536146164
3510312448.0,-0.028105031698942184
3511249920.0,-0.019400320947170258
3512187392.0,-0.01098397932946682
3513125120.0,-0.002055581659078598
3514062592.0,0.006570678204298019
3515000064.0,0.014611533842980862
3515937536.0,0.022306794300675392
3516875008.0,0.029422683641314507
3517812480.0,0.0346795879304409
3518749952.0,0.03951925039291382
3519687424.0,0.04396021366119385
3520624896.0,0.04570809006690979
3521562624.0,0.046863116323947906
3522500096.0,0.04700889810919762
3523437568.0,0.046745095402002335
3524375040.0,0.04435764625668526
3525312512.0,0.0414302796125412
3526249984.0,0.03814971074461937
3527187456.0,0.03395025432109833
3528124928.0,0.02900843881070614
3529062400.0,0.02283053658902645
3529999872.0,0.01703793741762638
3530937600.0,0.011213460005819798
3531875072.0,0.005995682440698147
3532812544.0,-0.000658540811855346
3533750016.0,-0.00522143580019474
3534687488.0,-0.010926413349807262
3535624960.0,-0.014879683963954449
3536562432.0,-0.018344426527619362
3537499904.0,-0.021008167415857315
3538437376.0,-0.02278006821870804
3539375104.0,-0.024076931178569794
3540312576.0,-0.02296406589448452
3541250048.0,-0.022452788427472115
3542187520.0,-0.020712656900286674
3543124992.0,-0.01890672743320465
3544062464.0,-0.0150197334587574
3544999936.0,-0.010325329378247261
3545937408.0,-0.006173363886773586
3546874880.0,-0.00021458698029164225
3547812608.0,0.003175694029778242
3548750080.0,0.0017012665048241615
3549687552.0,0.0002956573443952948
3550625024.0,-0.0020044094417244196
3551562496.0,-0.0033854476641863585
3552499968.0,-0.005853673443198204
3553437440.0,-0.008459917269647121
3554374912.0,-0.009851464070379734
3555312384.0,-0.012638882733881474
3556250112.0,-0.01580643095076084
3557187584.0,-0.01813415251672268
3558125056.0,-0.022243045270442963
3559062528.0,-0.024268845096230507
3560000000.0,-0.027441296726465225
3560937472.0,-0.030396215617656708
3561874944.0,-0.033995334059000015
3562812416.0,-0.03696193918585777
3563749888.0,-0.03821084275841713
3564687616.0,-0.04047752544283867
3565625088.0,-0.04258710891008377
3566562560.0,-0.044638946652412415
3567500032.0,-0.04609617590904236
3568437504.0,-0.04710230231285095
3569374976.0,-0.048228468745946884
3570312448.0,-0.0488145612180233
3571249920.0,-0.04883306846022606
3572187392.0,-0.0481690876185894
3573125120.0,-0.04769139364361763
3574062592.0,-0.04635118693113327
3575000064.0,-0.04584283009171486
3575937536.0,-0.044765982776880264
3576875008.0,-0.04207393899559975
3577812480.0,-0.0403604730963707
3578749952.0,-0.03938877955079079
3579687424.0,-0.03747394680976868
3580624896.0,-0.03548909351229668
3581562624.0,-0.033589646220207214
3582500096.0,-0.03208053857088089
3583437568.0,-0.031013906002044678
3584375040.0,-0.03092068061232567
3585312512.0,-0.031183389946818352
3586249984.0,-0.030819987878203392
3587187456.0,-0.03169569373130798
3588124928.0,-0.031501851975917816
3589062400.0,-0.030911779031157494
3590000128.0,-0.03130856901407242
3590937600.0,-0.03186165541410446
3591875072.0,-0.031815335154533386
3592812544.0,-0.032061170786619186
3593750016.0,-0.03224595636129379
3594687488.0,-0.03258172422647476
3595624960.0,-0.031189613044261932
3596562432.0,-0.03089335933327675
3597499904.0,-0.02820451371371746
3598437376.0,-0.02752743661403656
3599375104.0,-0.025088826194405556
3600312576.0,-0.022137578576803207
3601250048.0,-0.019607435911893845
3602187520.0,-0.016358954831957817
3603124992.0,-0.010990696959197521
3604062464.0,-0.006328015122562647
3604999936.0,-0.0009570806287229061
3605937408.0,0.005205973517149687
3606874880.0,0.010487145744264126
3607812608.0,0.03387295827269554
3608750080.0,0.043550245463848114
3609687552.0,0.05246690660715103
3610625024.0,0.060243021696805954
3611562496.0,0.06893450021743774
3612499968.0,0.07637433707714081
3613437440.0,0.08184753358364105
3614374912.0,0.08826924115419388
3615312384.0,0.09296243637800217
3616250112.0,0.09587083756923676
3617187584.0,0.09869236499071121
3618125056.0,0.10032221674919128
3619062528.0,0.10085626691579819
3620000000.0,0.1009831577539444
3620937472.0,0.09960776567459106
3621874944.0,0.09698116779327393
3622812416.0,0.09289603680372238
3623749888.0,0.08724212646484375
3624687616.0,0.08184276521205902
3625625088.0,0.07599636912345886
3626562560.0,0.06991200894117355
3627500032.0,0.06272432208061218
3628437504.0,0.05570419877767563
3629374976.0,0.047770753502845764
3630312448.0,0.03817205876111984
3631249920.0,0.029081102460622787
3632187392.0,0.01987604796886444
3633125120.0,0.009281971491873264
3634062592.0,0.0007430295227095485
3635000064.0,-0.008645543828606606
3635937536.0,-0.018801769241690636
3636875008.0,-0.02789132669568062
3637812480.0,-0.03681177273392677
3638749952.0,-0.04671614244580269
3639687424.0,-0.05515681952238083
3640624896.0,-0.062283869832754135
3641562624.0,-0.07169026881456375
3642500096.0,-0.07877711951732635
3643437568.0,-0.08660328388214111
3644375040.0,-0.0932198241353035
3645312512.0,-0.09828916937112808
3646249984.0,-0.10462146252393723
3647187456.0,-0.11007195711135864
3648124928.0,-0.11395829916000366
3649062400.0,-0.11753285676240921
3649999872.0,-0.1198190301656723
3650937600.0,-0.12182697653770447
3651875072.0,-0.12447883188724518
3652812544.0,-0.12606219947338104
3653750016.0,-0.12718747556209564
3654687488.0,-0.1269237995147705
3655624960.0,-0.12611332535743713
3656562432.0,-0.12604279816150665
3657499904.0,-0.1244022473692894
3658437376.0,-0.12387920171022415
3659375104.0,-0.12151436507701874
3660312576.0,-0.11960189789533615
3661250048.0,-0.11724914610385895
3662187520.0,-0.11397254467010498
3663124992.0,-0.10948265343904495
3664062464.0,-0.10619263350963593
3664999936.0,-0.10123810917139053
3665937408.0,-0.09757973998785019
3666874880.0,-0.0951642170548439
3667812608.0,-0.07805949449539185
3668750080.0,-0.07829692959785461
3669687552.0,-0.07777680456638336
3670625024.0,-0.07594259083271027
3671562496.0,-0.0740131139755249
3672499968.0,-0.07076483964920044
3673437440.0,-0.06730366498231888
3674374912.0,-0.06309399753808975
3675312384.0,-0.057844873517751694
3676250112.0,-0.05217898264527321
3677187584.0,-0.04688728228211403
3678125056.0,-0.04024958610534668
3679062528.0,-0.03295452520251274
3680000000.0,-0.024545827880501747
3680937472.0,-0.016926683485507965
3681874944.0,-0.008021864108741283
3682812416.0,0.0007837658049538732
3683749888.0,0.008828884921967983
3684687616.0,0.018400652334094048
3685625088.0,0.02581978216767311
3686562560.0,0.0341520830988884
3687500032.0,0.04183485731482506
3688437504.0,0.049164604395627975
3689374976.0,0.0558943971991539
3690312448.0,0.0614800900220871
3691249920.0,0.06703486293554306
3692187392.0,0.07117549329996109
3693125120.0,0.07562397420406342
3694062592.0,0.07887601852416992
3695000064.0,0.08095177263021469
3695937536.0,0.08111359179019928
3696875008.0,0.08163430541753769
3697812480.0,0.08083923161029816
3698749952.0,0.07811608165502548
3699687424.0,0.07548850029706955
3700624896.0,0.07181327044963837
3701562624.0,0.06682774424552917
3702500096.0,0.06188017874956131
3703437568.0,0.056303560733795166
3704375040.0,0.04964282363653183
3705312512.0,0.04378587752580643
3706249984.0,0.037160322070121765
3707187456.0,0.02950534224510193
3708124928.0,0.020623985677957535
3709062400.0,0.012197671458125114
3710000128.0,0.003928436432033777
3710937600.0,-0.004835504572838545
3711875072.0,-0.013426408171653748
3712812544.0,-0.020256036892533302
3713750016.0,-0.02638942375779152
3714687488.0,-0.031130488961935043
3715624960.0,-0.037179313600063324
3716562432.0,-0.04117313772439957
3717499904.0,-0.04491228610277176
3718437376.0,-0.047781575471162796
3719375104.0,-0.049623481929302216
3720312576.0,-0.05126732587814331
3721250048.0,-0.05206872522830963
3722187520.0,-0.05074070394039154
3723124992.0,-0.050596535205841064
3724062464.0,-0.04994808882474899
3724999936.0,-0.04812924936413765
3725937408.0,-0.04573466628789902
3726874880.0,-0.043870873749256134
3727812608.0,-0.04765740782022476
3728750080.0,-0.047401312738657
3729687552.0,-0.04696224257349968
3730625024.0,-0.046025581657886505
3731562496.0,-0.045745376497507095
3732499968.0,-0.04529665410518646
3733437440.0,-0.04460906609892845
3734374912.0,-0.045460306107997894
3735312384.0,-0.046299632638692856
3736250112.0,-0.04758485406637192
3737187584.0,-0.04991794005036354
3738125056.0,-0.052352700382471085
3739062528.0,-0.055431779474020004
3740000000.0,-0.05818077176809311
3740937472.0,-0.06259991973638535
3741874944.0,-0.06701335310935974
3742812416.0,-0.07163511961698532
3743749888.0,-0.07753370702266693
3744687616.0,-0.08274716138839722
3745625088.0,-0.08877204358577728
3746562560.0,-0.09306762367486954
3747500032.0,-0.09914573282003403
3748437504.0,-0.10439284145832062
3749374976.0,-0.11017772555351257
3750312448.0,-0.11544938385486603
3751249920.0,-0.12146857380867004
3752187392.0,-0.12578868865966797
3753125120.0,-0.13115276396274567
3754062592.0,-0.13482746481895447
3755000064.0,-0.13863778114318848
3755937536.0,-0.14086464047431946
3756875008.0,-0.14276579022407532
3757812480.0,-0.14368820190429688
3758749952.0,-0.1425948441028595
3759687424.0,-0.13880981504917145
3760624896.0,-0.13570934534072876
3761562624.0,-0.13008517026901245
3762500096.0,-0.124123714864254
3763437568.0,-0.1161717027425766
3764375040.0,-0.10802478343248367
3765312512.0,-0.09896786510944366
3766249984.0,-0.08811832219362259
3767187456.0,-0.07684303820133209
3768124928.0,-0.06596560776233673
3769062400.0,-0.054520804435014725
3769999872.0,-0.04270185902714729
3770937600.0,-0.03145213425159454
3771875072.0,-0.020952902734279633
3772812544.0,-0.009807230904698372
3773750016.0,-0.0006179611082188785
3774687488.0,0.007283276412636042
3775624960.0,0.014549138955771923
3776562432.0,0.020489459857344627
3777499904.0,0.02543702721595764
3778437376.0,0.028006745502352715
3779375104.0,0.029152298346161842
3780312576.0,0.028660735115408897
3781250048.0,0.02622465416789055
3782187520.0,0.022787461057305336
3783124992.0,0.017251649871468544
3784062464.0,0.012077498249709606
3784999936.0,0.00431277509778738
3785937408.0,-0.004431961569935083
3786874880.0,-0.003288848791271448
3787812608.0,-0.01181183010339737
3788750080.0,-0.02009115368127823
3789687552.0,-0.030521593987941742
3790625024.0,-0.042014289647340775
3791562496.0,-0.0531654879450798
3792499968.0,-0.06408500671386719
3793437440.0,-0.07564077526330948
3794374912.0,-0.08691036701202393
3795312384.0,-0.09750881046056747
3796250112.0,-0.10859495401382446
3797187584.0,-0.11859537661075592
3798125056.0,-0.12707094848155975
3799062528.0,-0.1365126669406891
3800000000.0,-0.1439470499753952
3800937472.0,-0.1503387838602066
3801874944.0,-0.15558210015296936
3802812416.0,-0.15983542799949646
3803749888.0,-0.1623157262802124
3804687616.0,-0.16535039246082306
3805625088.0,-0.16517062485218048
3806562560.0,-0.1649663895368576
3807500032.0,-0.1622667908668518
3808437504.0,-0.1588776558637619
3809374976.0,-0.15364393591880798
3810312448.0,-0.14756649732589722
3811249920.0,-0.14028218388557434
3812187392.0,-0.13196155428886414
3813125120.0,-0.12351442873477936
3814062592.0,-0.11450209468603134
3815000064.0,-0.1062202900648117
3815937536.0,-0.09524939209222794
3816875008.0,-0.08668793737888336
3817812480.0,-0.07566660642623901
3818749952.0,-0.06606001406908035
3819687424.0,-0.05736079812049866
3820624896.0,-0.04902912303805351
3821562624.0,-0.04025489464402199
3822500096.0,-0.03180110082030296
3823437568.0,-0.025862226262688637
3824375040.0,-0.019813990220427513
3825312512.0,-0.014461932703852654
3826249984.0,-0.01104587409645319
3827187456.0,-0.00856107659637928
3828124928.0,-0.006422464735805988
3829062400.0,-0.005339738912880421
3830000128.0,-0.006474732421338558
3830937600.0,-0.007709328550845385
3831875072.0,-0.0113139059394598
3832812544.0,-0.014798837713897228
3833750016.0,-0.018642641603946686
3834687488.0,-0.0231635682284832
3835624960.0,-0.027944859117269516
3836562432.0,-0.03266625106334686
3837499904.0,-0.0375920832157135
3838437376.0,-0.04192151129245758
3839375104.0,-0.04666702821850777
3840312576.0,-0.05025584250688553
3841250048.0,-0.054855041205883026
3842187520.0,-0.05890072137117386
3843124992.0,-0.06218989938497543
3844062464.0,-0.06425987184047699
3844999936.0,-0.06615346670150757
3845937408.0,-0.06729418784379959
3846874880.0,-0.05924602597951889
3847812608.0,-0.05478174611926079
3848750080.0,-0.05110250785946846
3849687552.0,-0.04765129089355469
3850625024.0,-0.04488381743431091
3851562496.0,-0.04213189333677292
3852499968.0,-0.04008141905069351
3853437440.0,-0.03850161284208298
3854374912.0,-0.03760466352105141
3855312384.0,-0.03728548809885979
3856250112.0,-0.03723178803920746
3857187584.0,-0.03677697852253914
3858125056.0,-0.03721194341778755
3859062528.0,-0.039094436913728714
3860000000.0,-0.03987638279795647
3860937472.0,-0.04205556586384773
3861874944.0,-0.04306432232260704
3862812416.0,-0.04554520547389984
3863749888.0,-0.04690250754356384
3864687616.0,-0.049572233110666275
3865625088.0,-0.05095401406288147
3866562560.0,-0.05257736146450043
3867500032.0,-0.05461076647043228
3868437504.0,-0.056894127279520035
3869374976.0,-0.0588228702545166
3870312448.0,-0.06004447862505913
3871249920.0,-0.06211232766509056
3872187392.0,-0.06364275515079498
3873125120.0,-0.06487733125686646
3874062592.0,-0.06627588719129562
3875000064.0,-0.06662369519472122
3875937536.0,-0.0694173127412796
3876875008.0,-0.0717201977968216
3877812480.0,-0.07356832176446915
3878749952.0,-0.07559967041015625
3879687424.0,-0.07662662863731384
3880624896.0,-0.07748813927173615
3881562624.0,-0.0785975381731987
3882500096.0,-0.0787854790687561
3883437568.0,-0.07904371619224548
3884375040.0,-0.0786566510796547
3885312512.0,-0.07912473380565643
3886249984.0,-0.07928113639354706
3887187456.0,-0.07897299528121948
3888124928.0,-0.07855261862277985
3889062400.0,-0.07925666868686676
3889999872.0,-0.07816756516695023
3890937600.0,-0.07915554195642471
3891875072.0,-0.0799073651432991
3892812544.0,-0.07972110062837601
3893750016.0,-0.08214481920003891
3894687488.0,-0.08222516626119614
3895624960.0,-0.08564351499080658
3896562432.0,-0.08764521777629852
3897499904.0,-0.08992455899715424
3898437376.0,-0.09323827922344208
3899375104.0,-0.09714559465646744
3900312576.0,-0.1020703837275505
3901250048.0,-0.10696068406105042
3902187520.0,-0.11106488853693008
3903124992.0,-0.11656120419502258
3904062464.0,-0.12125979363918304
3904999936.0,-0.1263689398765564
3905937408.0,-0.13149350881576538
3906874880.0,-0.15026196837425232
3907812608.0,-0.15814101696014404
3908750080.0,-0.16397187113761902
3909687552.0,-0.1680343747138977
3910625024.0,-0.16868332028388977
3911562496.0,-0.1685439795255661
3912499968.0,-0.16600212454795837
3913437440.0,-0.16208629310131073
3914374912.0,-0.15652115643024445
3915312384.0,-0.14761392772197723
3916250112.0,-0.1369861513376236
3917187584.0,-0.12508204579353333
3918125056.0,-0.11199501156806946
3919062528.0,-0.09779170900583267
3920000000.0,-0.08120322972536087
3920937472.0,-0.0655270367860794
3921874944.0,-0.049037884920835495
3922812416.0,-0.03268963471055031
3923749888.0,-0.0169233288615942
3924687616.0,-0.00030516565311700106
3925625088.0,0.01444876566529274
3926562560.0,0.02877105213701725
3927500032.0,0.04119248315691948
3928437504.0,0.05209510028362274
3929374976.0,0.060384299606084824
3930312448.0,0.06725829839706421
3931249920.0,0.07278009504079819
3932187392.0,0.07385566085577011
3933125120.0,0.07470107823610306
3934062592.0,0.07352820038795471
3935000064.0,0.07071392238140106
3935937536.0,0.06592736393213272
3936875008.0,0.05998872593045235
3937812480.0,0.05316657945513725
3938749952.0,0.04546049237251282
3939687424.0,0.036963313817977905
3940624896.0,0.02826232649385929
3941562624.0,0.020300887525081635
3942500096.0,0.010262523777782917
3943437568.0,0.00236387737095356
3944375040.0,-0.007389349862933159
3945312512.0,-0.013686313293874264
3946249984.0,-0.020925085991621017
3947187456.0,-0.02771741896867752
3948124928.0,-0.03285504877567291
3949062400.0,-0.0376155823469162
3950000128.0,-0.04220477119088173
3950937600.0,-0.0437450110912323
3951875072.0,-0.04741302505135536
3952812544.0,-0.049796827137470245
3953750016.0,-0.05128859728574753
3954687488.0,-0.05200052261352539
3955624960.0,-0.053516462445259094
3956562432.0,-0.05442916974425316
3957499904.0,-0.05565056577324867
3958437376.0,-0.0565568171441555
3959375104.0,-0.056412845849990845
3960312576.0,-0.057791344821453094
3961250048.0,-0.05855177715420723
3962187520.0,-0.060669515281915665
3963124992.0,-0.06229553371667862
3964062464.0,-0.06659562140703201
3964999936.0,-0.07149172574281693
3965937408.0,-0.07701230049133301
3966874880.0,-0.09137807786464691
3967812608.0,-0.10444064438343048
3968750080.0,-0.11806969344615936
3969687552.0,-0.13160698115825653
3970625024.0,-0.14474552869796753
3971562496.0,-0.15706415474414825
3972499968.0,-0.1688089519739151
3973437440.0,-0.18025542795658112
3974374912.0,-0.18910031020641327
3975312384.0,-0.19758684933185577
3976250112.0,-0.20442669093608856
3977187584.0,-0.2089545875787735
3978125056.0,-0.2131352722644806
3979062528.0,-0.21475785970687866
3980000000.0,-0.2149079591035843
3980937472.0,-0.21288840472698212
3981874944.0,-0.209825336933136
3982812416.0,-0.20555764436721802
3983749888.0,-0.19888661801815033
3984687616.0,-0.1923915594816208
3985625088.0,-0.18382658064365387
3986562560.0,-0.17451024055480957
3987500032.0,-0.1641373336315155
3988437504.0,-0.15374533832073212
3989374976.0,-0.14252829551696777
3990312448.0,-0.13197073340415955
3991249920.0,-0.11904467642307281
3992187392.0,-0.10783398896455765
3993125120.0,-0.09708985686302185
3994062592.0,-0.08620889484882355
3995000064.0,-0.07622143626213074
3995937536.0,-0.06793920695781708
3996875008.0,-0.06149715930223465
3997812480.0,-0.055197302252054214
3998749952.0,-0.051162250339984894
3999687424.0,-0.0449613593518734
4000624896.0,-0.0529748871922493
4001562624.0,-0.051299359649419785
4002500096.0,-0.05161421373486519
4003437568.0,-0.053217630833387375
4004375040.0,-0.055253829807043076
4005312512.0,-0.05792608484625816
4006249984.0,-0.062431126832962036
4007187456.0,-0.06762255728244781
4008124928.0,-0.07397282868623734
4009062400.0,-0.0806572213768959
4009999872.0,-0.08851001411676407
4010937600.0,-0.09622961282730103
4011875072.0,-0.10292172431945801
4012812544.0,-0.11120539903640747
4013750016.0,-0.11875339597463608
4014687488.0,-0.12648096680641174
4015624960.0,-0.1348094642162323
4016562432.0,-0.14208969473838806
4017499904.0,-0.1486637145280838
4018437376.0,-0.15521176159381866
4019375104.0,-0.16084718704223633
4020312576.0,-0.1658279150724411
4021250048.0,-0.16985470056533813
4022187520.0,-0.17395605146884918
4023124992.0,-0.1774650663137436
4024062464.0,-0.18082383275032043
4024999936.0,-0.18409769237041473
4025937408.0,-0.1864563673734665
4026874880.0,-0.178157240152359
4027812608.0,-0.18501286208629608
4028750080.0,-0.1909041553735733
4029687552.0,-0.1949811577796936
4030625024.0,-0.19962751865386963
4031562496.0,-0.20442743599414825
4032499968.0,-0.20708203315734863
4033437440.0,-0.20978868007659912
4034374912.0,-0.21135848760604858
4035312384.0,-0.21064889430999756
4036250112.0,-0.209457665681839
4037187584.0,-0.20783080160617828
4038125056.0,-0.2044612169265747
4039062528.0,-0.20064085721969604
4040000000.0,-0.1951914131641388
4040937472.0,-0.190037339925766
4041874944.0,-0.18352894484996796
4042812416.0,-0.17576244473457336
4043749888.0,-0.16757577657699585
4044687616.0,-0.15781177580356598
4045625088.0,-0.14655274152755737
4046562560.0,-0.1346093863248825
4047500032.0,-0.1223275363445282
4048437504.0,-0.10940783470869064
4049374976.0,-0.09528078138828278
4050312448.0,-0.08094210922718048
4051249920.0,-0.06713797897100449
4052187392.0,-0.053805287927389145
4053125120.0,-0.040869418531656265
4054062592.0,-0.0287200715392828
4055000064.0,-0.016984300687909126
4055937536.0,-0.00644378736615181
4056875008.0,0.0016446704976260662
4057812480.0,0.009531521238386631
4058749952.0,0.016553660854697227
4059687424.0,0.020803632214665413
4060624896.0,0.023941513150930405
4061562624.0,0.025845546275377274
4062500096.0,0.0271763913333416
4063437568.0,0.025398485362529755
4064375040.0,0.022175420075654984
4065312512.0,0.01809614524245262
4066249984.0,0.012029899284243584
4067187456.0,0.0030822705011814833
4068124928.0,-0.005575238727033138
4069062400.0,-0.01571318507194519
4070000128.0,-0.02650362066924572
4070937600.0,-0.03816229850053787
4071875072.0,-0.05177450552582741
4072812544.0,-0.06381590664386749
4073750016.0,-0.07757577300071716
4074687488.0,-0.09052743017673492
4075624960.0,-0.10452528297901154
4076562432.0,-0.11669126898050308
4077499904.0,-0.12928226590156555
4078437376.0,-0.14020082354545593
4079375104.0,-0.15010155737400055
4080312576.0,-0.15967564284801483
4081250048.0,-0.1679125726222992
4082187520.0,-0.17523892223834991
4083124992.0,-0.18124063313007355
4084062464.0,-0.18467721343040466
4084999936.0,-0.18752911686897278
4085937408.0,-0.18883229792118073
4086874880.0,-0.1698000431060791
4087812608.0,-0.16848580539226532
4088750080.0,-0.16688360273838043
4089687552.0,-0.1641395539045334
4090625024.0,-0.1609150767326355
4091562496.0,-0.15712271630764008
4092499968.0,-0.15299321711063385
4093437440.0,-0.1467237025499344
4094374912.0,-0.1414717733860016
4095312384.0,-0.13528142869472504
4096250112.0,-0.12900003790855408
4097187584.0,-0.12252700328826904
4098125056.0,-0.11678614467382431
4099062528.0,-0.11020573228597641
4100000000.0,-0.10363855212926865
4100937472.0,-0.09754152595996857
4101874944.0,-0.09062930196523666
4102812416.0,-0.08541610091924667
4103749888.0,-0.07893010973930359
4104687616.0,-0.07352252304553986
4105625088.0,-0.06844665855169296
4106562560.0,-0.063804492354393
4107500032.0,-0.05978245288133621
4108437504.0,-0.05531340464949608
4109374976.0,-0.052128177136182785
4110312448.0,-0.047866206616163254
4111249920.0,-0.04547286778688431
4112187392.0,-0.042496319860219955
4113125120.0,-0.04000105336308479
4114062592.0,-0.0382813923060894
4115000064.0,-0.03611235320568085
4115937536.0,-0.03438860923051834
4116875008.0,-0.03393837809562683
4117812480.0,-0.03365948423743248
4118749952.0,-0.031926825642585754
4119687424.0,-0.032661017030477524
4120624896.0,-0.03471539914608002
4121562624.0,-0.03432844579219818
4122500096.0,-0.03578830510377884
4123437568.0,-0.037221167236566544
4124375040.0,-0.03893204778432846
4125312512.0,-0.04142506793141365
4126249984.0,-0.044094268232584
4127187456.0,-0.04647187143564224
4128124928.0,-0.05025803670287132
4129062400.0,-0.05345483869314194
4129999872.0,-0.0578811950981617
4130937600.0,-0.06191755458712578
4131875072.0,-0.06683811545372009
4132812544.0,-0.07219535857439041
4133750016.0,-0.07939456403255463
4134687488.0,-0.08685055375099182
4135624960.0,-0.09488885849714279
4136562432.0,-0.10228985548019409
4137499904.0,-0.11070839315652847
4138437376.0,-0.11814799159765244
4139375104.0,-0.12762513756752014
4140312576.0,-0.13658097386360168
4141250048.0,-0.14484894275665283
4142187520.0,-0.1544037163257599
4143124992.0,-0.16381146013736725
4144062464.0,-0.17140696942806244
4144999936.0,-0.18069052696228027
4145937408.0,-0.19104966521263123
4146874880.0,-0.20966434478759766
4147812608.0,-0.2158215194940567
4148750080.0,-0.2215682417154312
4149687552.0,-0.22474625706672668
4150625024.0,-0.2249426245689392
4151562496.0,-0.223368838429451
4152499968.0,-0.22054076194763184
4153437440.0,-0.21549810469150543
4154374912.0,-0.20939412713050842
4155312384.0,-0.1998961716890335
4156250112.0,-0.191535085439682
4157187584.0,-0.18201999366283417
4158125056.0,-0.17040091753005981
4159062528.0,-0.15953706204891205
4160000000.0,-0.147939532995224
4160937472.0,-0.1356147974729538
4161874944.0,-0.12382862716913223
4162812416.0,-0.110944002866745
4163749888.0,-0.09813567250967026
4164687616.0,-0.08632025122642517
4165625088.0,-0.07505146414041519
4166562560.0,-0.06293943524360657
4167500032.0,-0.0520278625190258
4168437504.0,-0.04211791232228279
4169374976.0,-0.03333994746208191
4170312448.0,-0.02450386807322502
4171249920.0,-0.018602745607495308
4172187392.0,-0.011487416923046112
4173125120.0,-0.00595018919557333
4174062592.0,-0.0016512786969542503
4175000064.0,0.0022041001357138157
4175937536.0,0.006843987852334976
4176875008.0,0.010037562809884548
4177812480.0,0.012016224674880505
4178749952.0,0.014531156048178673
4179687424.0,0.01636769250035286
4180624896.0,0.017064174637198448
4181562624.0,0.01803608611226082
4182500096.0,0.018286386504769325
4183437568.0,0.01835433393716812
4184375040.0,0.01761486381292343
4185312512.0,0.015427913516759872
4186249984.0,0.013582711108028889
4187187456.0,0.010040302760899067
4188124928.0,0.006245331838726997
4189062400.0,0.002062395913526416
4190000128.0,-0.0032483653631061316
4190937600.0,-0.008622385561466217
4191875072.0,-0.015078301541507244
4192812544.0,-0.02268342301249504
4193750016.0,-0.03021068312227726
4194687488.0,-0.03820052370429039
4195624960.0,-0.04774204269051552
4196562432.0,-0.05718642473220825
4197499904.0,-0.06798183172941208
4198437376.0,-0.07841601222753525
4199375104.0,-0.09033150225877762
4200312576.0,-0.10169389843940735
4201250048.0,-0.11363619565963745
4202187520.0,-0.12596270442008972
4203124992.0,-0.13894543051719666
4204062464.0,-0.1513609141111374
4204999936.0,-0.16406644880771637
4205937408.0,-0.17589114606380463
4206874880.0,-0.1792743057012558
4207812608.0,-0.19205409288406372
4208750080.0,-0.20367646217346191
4209687552.0,-0.21567216515541077
4210625024.0,-0.2260204255580902
4211562496.0,-0.2362595945596695
4212499968.0,-0.24456192553043365
4213437440.0,-0.2518671452999115
4214374912.0,-0.25717422366142273
4215312384.0,-0.25977078080177307
4216250112.0,-0.2610563337802887
4217187584.0,-0.2581491470336914
4218125056.0,-0.25476568937301636
4219062528.0,-0.24844558537006378
4220000000.0,-0.2393999546766281
4220937472.0,-0.22888319194316864
4221874944.0,-0.21555739641189575
4222812416.0,-0.20030896365642548
4223749888.0,-0.18474119901657104
4224687616.0,-0.16523323953151703
4225625088.0,-0.14455893635749817
4226562560.0,-0.12306766211986542
4227500032.0,-0.10164616256952286
4228437504.0,-0.08006350696086884
4229374976.0,-0.057022470980882645
4230312448.0,-0.0350625105202198
4231249920.0,-0.012519561685621738
4232187392.0,0.007905267179012299
4233125120.0,0.027865534648299217
4234062592.0,0.047000300139188766
4235000064.0,0.0643446296453476
4235937536.0,0.0791739970445633
4236875008.0,0.09261859953403473
4237812480.0,0.10305056720972061
4238749952.0,0.11216260492801666
4239687424.0,0.11809645593166351
4240624896.0,0.12136133760213852
4241562624.0,0.12182600051164627
4242500096.0,0.12021113187074661
4243437568.0,0.1159505844116211
4244375040.0,0.10911925882101059
4245312512.0,0.09954535216093063
4246249984.0,0.08808164298534393
4247187456.0,0.07578659057617188
4248124928.0,0.06219550594687462
4249062400.0,0.046740368008613586
4249999872.0,0.029419202357530594
4250937600.0,0.012981426902115345
4251875072.0,-0.004864510614424944
4252812544.0,-0.0233750157058239
4253750016.0,-0.041993554681539536
4254687488.0,-0.06124112382531166
4255624960.0,-0.08036165684461594
4256562432.0,-0.09676998853683472
4257499904.0,-0.1146547943353653
4258437376.0,-0.13164718449115753
4259375104.0,-0.14845210313796997
4260312576.0,-0.1639603227376938
4261250048.0,-0.17828060686588287
4262187520.0,-0.19358505308628082
4263124992.0,-0.20750832557678223
4264062464.0,-0.22022216022014618
4264999936.0,-0.23267324268817902
4265937408.0,-0.24359722435474396
4266874880.0,-0.2520962059497833
4267812608.0,-0.25541603565216064
4268750080.0,-0.2591448128223419
4269687552.0,-0.2631380558013916
4270625024.0,-0.2678735554218292
4271562496.0,-0.27164918184280396
4272499968.0,-0.2750350832939148
4273437440.0,-0.277956485748291
4274374912.0,-0.2796672284603119
4275312384.0,-0.28060320019721985
4276250112.0,-0.28083932399749756
4277187584.0,-0.27799293398857117
4278125056.0,-0.2760174572467804
4279062528.0,-0.2701980173587799
4280000000.0,-0.26250025629997253
4280937472.0,-0.25268539786338806
4281874944.0,-0.24009740352630615
4282812416.0,-0.2281169891357422
4283749888.0,-0.2134127914905548
4284687616.0,-0.19742998480796814
4285625088.0,-0.17996056377887726
4286562560.0,-0.1611214578151703
4287500032.0,-0.14071553945541382
4288437504.0,-0.11942010372877121
4289374976.0,-0.09673752635717392
4290312448.0,-0.07341588288545609
4291249920.0,-0.04909922555088997
4292187392.0,-0.02554916962981224
4293125120.0,-0.0014635365223512053
4294062592.0,0.020993340760469437
4295000064.0,0.042709242552518845
4295937536.0,0.06297090649604797
4296875008.0,0.08146969974040985
4297812480.0,0.09931334853172302
4298749952.0,0.11496702581644058
4299687424.0,0.12804339826107025
4300624896.0,0.14064501225948334
4301562368.0,0.1491525024175644
4302499840.0,0.15518224239349365
4303437312.0,0.15993425250053406
4304374784.0,0.1605387181043625
4305312256.0,0.159956157207489
4306250240.0,0.15484456717967987
4307187712.0,0.1473243087530136
4308125184.0,0.13899464905261993
4309062656.0,0.12551893293857574
4310000128.0,0.1099717915058136
4310937600.0,0.09137699753046036
4311875072.0,0.07113011181354523
4312812544.0,0.04702097922563553
4313750016.0,0.020769231021404266
4314687488.0,-0.006591995246708393
4315624960.0,-0.035100970417261124
4316562432.0,-0.06566153466701508
4317499904.0,-0.09495099633932114
4318437376.0,-0.12539634108543396
4319374848.0,-0.15551118552684784
4320312320.0,-0.18453675508499146
4321249792.0,-0.21374644339084625
4322187264.0,-0.24194969236850739
4323125248.0,-0.2679320275783539
4324062720.0,-0.2920655608177185
4325000192.0,-0.31436190009117126
4325937664.0,-0.3341633677482605
4326875136.0,-0.35612308979034424
4327812608.0,-0.34968745708465576
4328750080.0,-0.34190258383750916
4329687552.0,-0.3333040475845337
4330625024.0,-0.32453298568725586
4331562496.0,-0.3146046996116638
4332499968.0,-0.3046247661113739
4333437440.0,-0.2964920103549957
4334374912.0,-0.2868542969226837
4335312384.0,-0.27871933579444885
4336249856.0,-0.269567608833313
4337187328.0,-0.2634102404117584
4338124800.0,-0.2560475468635559
4339062272.0,-0.24920772016048431
4339999744.0,-0.24353419244289398
4340937728.0,-0.23805128037929535
4341875200.0,-0.23220112919807434
4342812672.0,-0.22675982117652893
4343750144.0,-0.21990089118480682
4344687616.0,-0.2136276662349701
4345625088.0,-0.20644882321357727
4346562560.0,-0.19915775954723358
4347500032.0,-0.1920338273048401
4348437504.0,-0.18445810675621033
4349374976.0,-0.17672717571258545
4350312448.0,-0.1670275777578354
4351249920.0,-0.1549152135848999
4352187392.0,-0.14207863807678223
4353124864.0,-0.12822654843330383
4354062336.0,-0.11424073576927185
4354999808.0,-0.09764333069324493
4355937280.0,-0.08195926249027252
4356874752.0,-0.06467380374670029
4357812736.0,-0.048845935612916946
4358750208.0,-0.03475646302103996
4359687680.0,-0.023270973935723305
4360625152.0,-0.015730569139122963
4361562624.0,-0.011436187662184238
4362500096.0,-0.00900140032172203
4363437568.0,-0.00741115678101778
4364375040.0,-0.007272663526237011
4365312512.0,-0.007303185295313597
4366249984.0,-0.007694291416555643
4367187456.0,-0.008433963172137737
4368124928.0,-0.009883716702461243
4369062400.0,-0.012232044711709023
4369999872.0,-0.015239305794239044
4370937344.0,-0.019336750730872154
4371874816.0,-0.023381367325782776
4372812288.0,-0.029230456799268723
4373749760.0,-0.036151301115751266
4374687744.0,-0.0437542162835598
4375625216.0,-0.05342815816402435
4376562688.0,-0.06558683514595032
4377500160.0,-0.07897642254829407
4378437632.0,-0.09428028017282486
4379375104.0,-0.11132621765136719
4380312576.0,-0.1305226981639862
4381250048.0,-0.15078963339328766
4382187520.0,-0.17159990966320038
4383124992.0,-0.1937243640422821
4384062464.0,-0.21754178404808044
4384999936.0,-0.240829735994339
4385937408.0,-0.2656765282154083
4386874880.0,-0.3518092632293701
4387812352.0,-0.3660496473312378
4388749824.0,-0.3775126039981842
4389687296.0,-0.3886148929595947
4390624768.0,-0.39549902081489563
4391562752.0,-0.3996048867702484
4392500224.0,-0.40063950419425964
4393437696.0,-0.39893200993537903
4394375168.0,-0.39373689889907837
4395312640.0,-0.3860411047935486
4396250112.0,-0.37404146790504456
4397187584.0,-0.35903921723365784
4398125056.0,-0.3409125804901123
4399062528.0,-0.3210817277431488
4400000000.0,-0.2971572279930115
4400937472.0,-0.27133944630622864
4401874944.0,-0.24399656057357788
4402812416.0,-0.21405646204948425
4403749888.0,-0.18329237401485443
4404687360.0,-0.1512019783258438
4405624832.0,-0.11845368891954422
4406562304.0,-0.08590282499790192
4407499776.0,-0.054775141179561615
4408437248.0,-0.022962167859077454
4409375232.0,0.005687613505870104
4410312704.0,0.034023188054561615
4411250176.0,0.06047876179218292
4412187648.0,0.08517685532569885
4413125120.0,0.10559818148612976
4414062592.0,0.12438046187162399
4415000064.0,0.14057765901088715
4415937536.0,0.1527131348848343
4416875008.0,0.1628362238407135
4417812480.0,0.16843879222869873
4418749952.0,0.17057441174983978
4419687424.0,0.17060834169387817
4420624896.0,0.16612766683101654
4421562368.0,0.15973582863807678
4422499840.0,0.14943887293338776
4423437312.0,0.13543961942195892
4424374784.0,0.11936215311288834
4425312256.0,0.09939568489789963
4426250240.0,0.07781156897544861
4427187712.0,0.05452399700880051
4428125184.0,0.030698252841830254
4429062656.0,0.004921787418425083
4430000128.0,-0.02166300266981125
4430937600.0,-0.04907170310616493
4431875072.0,-0.07511505484580994
4432812544.0,-0.10130061954259872
4433750016.0,-0.12641949951648712
4434687488.0,-0.15109367668628693
4435624960.0,-0.1747872233390808
4436562432.0,-0.19641269743442535
4437499904.0,-0.21603448688983917
4438437376.0,-0.23351749777793884
4439374848.0,-0.2483963668346405
4440312320.0,-0.2599498927593231
4441249792.0,-0.27018222212791443
4442187264.0,-0.27839526534080505
4443125248.0,-0.2829403281211853
4444062720.0,-0.2842116951942444
4445000192.0,-0.28534555435180664
4445937664.0,-0.2832328677177429
4446875136.0,-0.22747188806533813
4447812608.0,-0.23125271499156952
4448750080.0,-0.23468294739723206
4449687552.0,-0.23365752398967743
4450625024.0,-0.2293720245361328
4451562496.0,-0.22351408004760742
4452499968.0,-0.2126057893037796
4453437440.0,-0.20105566084384918
4454374912.0,-0.18681679666042328
4455312384.0,-0.16982872784137726
4456249856.0,-0.15177056193351746
4457187328.0,-0.13168558478355408
4458124800.0,-0.11188918352127075
4459062272.0,-0.09020791202783585
4460000256.0,-0.06823202222585678
4460937728.0,-0.04679834097623825
4461875200.0,-0.026095185428857803
4462812672.0,-0.005618002265691757
4463750144.0,0.013590238057076931
4464687616.0,0.03228962793946266
4465625088.0,0.048121754080057144
4466562560.0,0.06295844167470932
4467500032.0,0.07487709075212479
4468437504.0,0.08360394835472107
4469374976.0,0.08984889090061188
4470312448.0,0.0939515233039856
4471249920.0,0.0943712368607521
4472187392.0,0.09233254194259644
4473124864.0,0.086659274995327
4474062336.0,0.07854817062616348
4474999808.0,0.06580794602632523
4475937280.0,0.051815856248140335
4476874752.0,0.03558938577771187
4477812736.0,0.01583942398428917
4478750208.0,-0.0049755447544157505
4479687680.0,-0.028065238147974014
4480625152.0,-0.05297312140464783
4481562624.0,-0.0781707912683487
4482500096.0,-0.10599218308925629
4483437568.0,-0.13292841613292694
4484375040.0,-0.1602366417646408
4485312512.0,-0.18884101510047913
4486249984.0,-0.21695813536643982
4487187456.0,-0.24561302363872528
4488124928.0,-0.27156418561935425
4489062400.0,-0.2970377802848816
4489999872.0,-0.3214382529258728
4490937344.0,-0.34377044439315796
4491874816.0,-0.36296436190605164
4492812288.0,-0.3796108663082123
4493749760.0,-0.39475390315055847
4494687744.0,-0.4074329733848572
4495625216.0,-0.41793113946914673
4496562688.0,-0.42712077498435974
4497500160.0,-0.4317583441734314
4498437632.0,-0.4355992078781128
4499375104.0,-0.43852877616882324
4500312576.0,-0.4380715489387512
4501250048.0,-0.4371958076953888
4502187520.0,-0.4341381788253784
4503124992.0,-0.43047598004341125
4504062464.0,-0.42629560828208923
4504999936.0,-0.42144912481307983
4505937408.0,-0.41771820187568665
4506874880.0,-0.29503703117370605
4507812352.0,-0.29203152656555176
4508749824.0,-0.2888173460960388
4509687296.0,-0.2889085114002228
4510624768.0,-0.28763923048973083
4511562752.0,-0.2867956757545471
4512500224.0,-0.2895626127719879
4513437696.0,-0.29152968525886536
4514375168.0,-0.2949920892715454
4515312640.0,-0.29766568541526794
4516250112.0,-0.30341461300849915
4517187584.0,-0.30953249335289
4518125056.0,-0.31597408652305603
4519062528.0,-0.3238317668437958
4520000000.0,-0.3323448598384857
4520937472.0,-0.3416440486907959
4521874944.0,-0.3502506911754608
4522812416.0,-0.3609500527381897
4523749888.0,-0.3717968463897705
4524687360.0,-0.3819686472415924
4525624832.0,-0.3902117908000946
4526562304.0,-0.39900848269462585
4527499776.0,-0.4084164500236511
4528437248.0,-0.417677104473114
4529375232.0,-0.4258759915828705
4530312704.0,-0.43483296036720276
4531250176.0,-0.4415847659111023
4532187648.0,-0.4493083357810974
4533125120.0,-0.45677587389945984
4534062592.0,-0.46250951290130615
4535000064.0,-0.4693007469177246
4535937536.0,-0.4747980833053589
4536875008.0,-0.47781991958618164
4537812480.0,-0.48111847043037415
4538749952.0,-0.48423105478286743
4539687424.0,-0.48668697476387024
4540624896.0,-0.4877273738384247
4541562368.0,-0.4887734353542328
4542499840.0,-0.488444983959198
4543437312.0,-0.48720937967300415
4544374784.0,-0.48647385835647583
4545312256.0,-0.48468276858329773
4546250240.0,-0.4829180836677551
4547187712.0,-0.48090827465057373
4548125184.0,-0.4783470928668976
4549062656.0,-0.47409456968307495
4550000128.0,-0.4705493748188019
4550937600.0,-0.4685262143611908
4551875072.0,-0.4648870527744293
4552812544.0,-0.4619949162006378
4553750016.0,-0.45846500992774963
4554687488.0,-0.4564365744590759
4555624960.0,-0.455160528421402
4556562432.0,-0.4532620310783386
4557499904.0,-0.45037609338760376
4558437376.0,-0.4493635892868042
4559374848.0,-0.44791725277900696
4560312320.0,-0.4464355409145355
4561249792.0,-0.44520020484924316
4562187264.0,-0.44420748949050903
4563125248.0,-0.4422805905342102
4564062720.0,-0.43980738520622253
4565000192.0,-0.439143568277359
4565937664.0,-0.4362925887107849
4566875136.0,-0.3933543562889099
4567812608.0,-0.3985089361667633
4568750080.0,-0.4014238715171814
4569687552.0,-0.4024551510810852
4570625024.0,-0.40296462178230286
4571562496.0,-0.40040042996406555
4572499968.0,-0.3967357575893402
4573437440.0,-0.39033639430999756
4574374912.0,-0.3819262385368347
4575312384.0,-0.37183526158332825
4576249856.0,-0.35907045006752014
4577187328.0,-0.3441878855228424
4578124800.0,-0.32853180170059204
4579062272.0,-0.31121107935905457
4579999744.0,-0.2929280400276184
4580937728.0,-0.2717898190021515
4581875200.0,-0.2504448890686035
4582812672.0,-0.22801154851913452
4583750144.0,-0.2049311399459839
4584687616.0,-0.1823897659778595
4585625088.0,-0.15855342149734497
4586562560.0,-0.13549493253231049
4587500032.0,-0.11416232585906982
4588437504.0,-0.0937202125787735
4589374976.0,-0.07485119253396988
4590312448.0,-0.056990690529346466
4591249920.0,-0.04004126042127609
4592187392.0,-0.02466668002307415
4593124864.0,-0.01279484573751688
4594062336.0,-0.0020254221744835377
4594999808.0,0.005140773486346006
4595937280.0,0.009955176152288914
4596874752.0,0.012016776017844677
4597812736.0,0.011106717400252819
4598750208.0,0.008986037224531174
4599687680.0,0.0024312979076057673
4600625152.0,-0.00653166975826025
4601562624.0,-0.018764901906251907
4602500096.0,-0.032150376588106155
4603437568.0,-0.04805038869380951
4604375040.0,-0.06569775193929672
4605312512.0,-0.08549626916646957
4606249984.0,-0.10750466585159302
4607187456.0,-0.12901076674461365
4608124928.0,-0.1525840014219284
4609062400.0,-0.17494171857833862
4609999872.0,-0.1987675130367279
4610937344.0,-0.22157244384288788
4611874816.0,-0.24443712830543518
4612812288.0,-0.2662704586982727
4613749760.0,-0.28867456316947937
4614687744.0,-0.3089641332626343
4615625216.0,-0.3287976086139679
4616562688.0,-0.34776002168655396
4617500160.0,-0.3645099401473999
4618437632.0,-0.38016924262046814
4619375104.0,-0.3947281241416931
4620312576.0,-0.40810903906822205
4621250048.0,-0.4207848608493805
4622187520.0,-0.43147748708724976
4623124992.0,-0.4414779543876648
4624062464.0,-0.4512312710285187
4624999936.0,-0.46022793650627136
4625937408.0,-0.4673882722854614
4626874880.0,-0.47583308815956116
4627812352.0,-0.4685027599334717
4628749824.0,-0.46149080991744995
4629687296.0,-0.4530358612537384
4630624768.0,-0.44374409317970276
4631562752.0,-0.4339730143547058
4632500224.0,-0.42403391003608704
4633437696.0,-0.41422924399375916
4634375168.0,-0.40423092246055603
4635312640.0,-0.3944593667984009
4636250112.0,-0.3851979076862335
4637187584.0,-0.3761540949344635
4638125056.0,-0.3668939769268036
4639062528.0,-0.3588235080242157
4640000000.0,-0.35121384263038635
4640937472.0,-0.3443141579627991
4641874944.0,-0.3385423719882965
4642812416.0,-0.33348917961120605
4643749888.0,-0.3288917541503906
4644687360.0,-0.32624465227127075
4645624832.0,-0.32522299885749817
4646562304.0,-0.32479554414749146
4647499776.0,-0.32595399022102356
4648437248.0,-0.32794368267059326
4649375232.0,-0.3306591808795929
4650312704.0,-0.33385467529296875
4651250176.0,-0.33905431628227234
4652187648.0,-0.34417566657066345
4653125120.0,-0.351572185754776
4654062592.0,-0.3582442104816437
4655000064.0,-0.36716023087501526
4655937536.0,-0.3762151896953583
4656875008.0,-0.3870052397251129
4657812480.0,-0.39808136224746704
4658749952.0,-0.4085257053375244
4659687424.0,-0.42072200775146484
4660624896.0,-0.43316927552223206
4661562368.0,-0.4461486339569092
4662499840.0,-0.45954394340515137
4663437312.0,-0.47326913475990295
4664374784.0,-0.48689520359039307
4665312256.0,-0.5015518069267273
4666250240.0,-0.5171271562576294
4667187712.0,-0.5322504043579102
4668125184.0,-0.545849621295929
4669062656.0,-0.5613606572151184
4670000128.0,-0.5761498212814331
4670937600.0,-0.5909898281097412
4671875072.0,-0.6054285168647766
4672812544.0,-0.6189612746238708
4673750016.0,-0.6334313750267029
4674687488.0,-0.6465246677398682
4675624960.0,-0.6579104661941528
4676562432.0,-0.669443666934967
4677499904.0,-0.678621232509613
4678437376.0,-0.6888136863708496
4679374848.0,-0.6973865628242493
4680312320.0,-0.7045685052871704
4681249792.0,-0.7121022343635559
4682187264.0,-0.7167934775352478
4683125248.0,-0.7215383052825928
4684062720.0,-0.7235055565834045
4685000192.0,-0.7231158018112183
4685937664.0,-0.7221739888191223
4686875136.0,-0.6998037695884705
4687812608.0,-0.6975322365760803
4688750080.0,-0.6928255558013916
4689687552.0,-0.685996413230896
4690625024.0,-0.6767315864562988
4691562496.0,-0.6636145710945129
4692499968.0,-0.649088978767395
4693437440.0,-0.6330749988555908
4694374912.0,-0.6153881549835205
4695312384.0,-0.5943711400032043
4696249856.0,-0.5724508166313171
4697187328.0,-0.5498936772346497
4698124800.0,-0.5268886089324951
4699062272.0,-0.503896176815033
4700000256.0,-0.48217371106147766
4700937728.0,-0.4602692425251007
4701875200.0,-0.442218542098999
4702812672.0,-0.4229939877986908
4703750144.0,-0.4065655469894409
4704687616.0,-0.3932172656059265
4705625088.0,-0.3836650252342224
4706562560.0,-0.3762465715408325
4707500032.0,-0.37308597564697266
4708437504.0,-0.3739834129810333
4709374976.0,-0.3794746696949005
4710312448.0,-0.3908565938472748
4711249920.0,-0.4056929051876068
4712187392.0,-0.4249703884124756
4713124864.0,-0.4511287808418274
4714062336.0,-0.4800531566143036
4714999808.0,-0.514731764793396
4715937280.0,-0.5525913238525391
4716874752.0,-0.5945253372192383
4717812736.0,-0.6390478014945984
4718750208.0,-0.6854467391967773
4719687680.0,-0.7336575388908386
4720625152.0,-0.7824493646621704
4721562624.0,-0.8318523168563843
4722500096.0,-0.8799071907997131
4723437568.0,-0.927740216255188
4724375040.0,-0.9724016189575195
4725312512.0,-1.014470100402832
4726249984.0,-1.053277611732483
4727187456.0,-1.086951732635498
4728124928.0,-1.1174534559249878
4729062400.0,-1.141325831413269
4729999872.0,-1.1617417335510254
4730937344.0,-1.1775161027908325
4731874816.0,-1.1891589164733887
4732812288.0,-1.1964445114135742
4733749760.0,-1.2004884481430054
4734687744.0,-1.2001820802688599
4735625216.0,-1.195896029472351
4736562688.0,-1.1895755529403687
4737500160.0,-1.1793944835662842
4738437632.0,-1.1685627698898315
4739375104.0,-1.156227469444275
4740312576.0,-1.1422817707061768
4741250048.0,-1.1279226541519165
4742187520.0,-1.1128029823303223
4743124992.0,-1.0978236198425293
4744062464.0,-1.080979347229004
4744999936.0,-1.065603494644165
4745937408.0,-1.0500072240829468
4746874880.0,-0.8216947913169861
4747812352.0,-0.8283422589302063
4748749824.0,-0.8348513841629028
4749687296.0,-0.8414500951766968
4750624768.0,-0.8467194437980652
4751562752.0,-0.8513802886009216
4752500224.0,-0.8563244938850403
4753437696.0,-0.8599823117256165
4754375168.0,-0.8641822934150696
4755312640.0,-0.8673326373100281
4756250112.0,-0.8702825903892517
4757187584.0,-0.87052321434021
4758125056.0,-0.8726077079772949
4759062528.0,-0.8720606565475464
4760000000.0,-0.8708746433258057
4760937472.0,-0.8690398931503296
4761874944.0,-0.866659939289093
4762812416.0,-0.8642030954360962
4763749888.0,-0.8610334992408752
4764687360.0,-0.8570176959037781
4765624832.0,-0.8538960218429565
4766562304.0,-0.8500504493713379
4767499776.0,-0.8451082706451416
4768437248.0,-0.8405523896217346
4769375232.0,-0.8353052139282227
4770312704.0,-0.8301851153373718
4771250176.0,-0.8261744976043701
4772187648.0,-0.8212175965309143
4773125120.0,-0.818515419960022
4774062592.0,-0.8156201243400574
4775000064.0,-0.8148564696311951
4775937536.0,-0.813840925693512
4776875008.0,-0.8148976564407349
4777812480.0,-0.8179507851600647
4778749952.0,-0.8223115801811218
4779687424.0,-0.8300493955612183
4780624896.0,-0.8387946486473083
4781562368.0,-0.8495081663131714
4782499840.0,-0.8617538809776306
4783437312.0,-0.8760977983474731
4784374784.0,-0.8922067284584045
4785312256.0,-0.9113723039627075
4786250240.0,-0.9308105707168579
4787187712.0,-0.952695906162262
4788125184.0,-0.9764086604118347
4789062656.0,-1.0002198219299316
4790000128.0,-1.025752067565918
4790937600.0,-1.0523812770843506
4791875072.0,-1.0781161785125732
4792812544.0,-1.1055766344070435
4793750016.0,-1.1332180500030518
4794687488.0,-1.1605347394943237
4795624960.0,-1.187860131263733
4796562432.0,-1.2129337787628174
4797499904.0,-1.2382920980453491
4798437376.0,-1.2620559930801392
4799374848.0,-1.2855112552642822
4800312320.0,-1.3061593770980835
4801249792.0,-1.3243945837020874
4802187264.0,-1.34104323387146
4803125248.0,-1.3564597368240356
4804062720.0,-1.3684334754943848
4805000192.0,-1.378348708152771
4805937664.0,-1.3862886428833008
4806875136.0,-1.239537000656128
4807812608.0,-1.241466760635376
4808750080.0,-1.2428017854690552
4809687552.0,-1.2438137531280518
4810625024.0,-1.2428836822509766
4811562496.0,-1.2401330471038818
4812499968.0,-1.236194372177124
4813437440.0,-1.2301385402679443
4814374912.0,-1.2248374223709106
4815312384.0,-1.2171779870986938
4816249856.0,-1.2101495265960693
4817187328.0,-1.2021851539611816
4818124800.0,-1.194770097732544
4819062272.0,-1.1883827447891235
4819999744.0,-1.1821943521499634
4820937728.0,-1.1764843463897705
4821875200.0,-1.1712331771850586
4822812672.0,-1.166759967803955
4823750144.0,-1.1643623113632202
4824687616.0,-1.1625503301620483
4825625088.0,-1.162376880645752
4826562560.0,-1.1651453971862793
4827500032.0,-1.1686307191848755
4828437504.0,-1.1749593019485474
4829374976.0,-1.183476448059082
4830312448.0,-1.1932986974716187
4831249920.0,-1.205544114112854
4832187392.0,-1.2192436456680298
4833124864.0,-1.2337923049926758
4834062336.0,-1.2505875825881958
4834999808.0,-1.268981695175171
4835937280.0,-1.2872352600097656
4836874752.0,-1.3075151443481445
4837812736.0,-1.3289719820022583
4838750208.0,-1.3501265048980713
4839687680.0,-1.3712286949157715
4840625152.0,-1.3935638666152954
4841562624.0,-1.415132761001587
4842500096.0,-1.43634033203125
4843437568.0,-1.4568018913269043
4844375040.0,-1.4754278659820557
4845312512.0,-1.4949438571929932
4846249984.0,-1.5121328830718994
4847187456.0,-1.5298826694488525
4848124928.0,-1.5449297428131104
4849062400.0,-1.561091423034668
4849999872.0,-1.5735279321670532
4850937344.0,-1.5843772888183594
4851874816.0,-1.5945968627929688
4852812288.0,-1.6026890277862549
4853749760.0,-1.6080621480941772
4854687744.0,-1.6141490936279297
4855625216.0,-1.6185407638549805
4856562688.0,-1.6216431856155396
4857500160.0,-1.6252113580703735
4858437632.0,-1.627205729484558
4859375104.0,-1.6296392679214478
4860312576.0,-1.633894443511963
4861250048.0,-1.6377712488174438
4862187520.0,-1.6415375471115112
4863124992.0,-1.6454827785491943
4864062464.0,-1.6492626667022705
4864999936.0,-1.6518516540527344
4865937408.0,-1.6547199487686157
4866874880.0,-1.6357848644256592
4867812352.0,-1.6400212049484253
4868749824.0,-1.6439919471740723
4869687296.0,-1.6499059200286865
4870624768.0,-1.6544744968414307
4871562752.0,-1.6603459119796753
4872500224.0,-1.6667060852050781
4873437696.0,-1.6733810901641846
4874375168.0,-1.6806448698043823
4875312640.0,-1.689469575881958
4876250112.0,-1.6984930038452148
4877187584.0,-1.7065855264663696
4878125056.0,-1.7168844938278198
4879062528.0,-1.7262409925460815
4880000000.0,-1.736552357673645
4880937472.0,-1.7492022514343262
4881874944.0,-1.761428952217102
4882812416.0,-1.774459719657898
4883749888.0,-1.7850775718688965
4884687360.0,-1.7968794107437134
4885624832.0,-1.8077595233917236
4886562304.0,-1.8175665140151978
4887499776.0,-1.8276772499084473
4888437248.0,-1.834690809249878
4889375232.0,-1.8402951955795288
4890312704.0,-1.8436031341552734
4891250176.0,-1.8448636531829834
4892187648.0,-1.8428399562835693
4893125120.0,-1.8390835523605347
4894062592.0,-1.83242928981781
4895000064.0,-1.8242380619049072
4895937536.0,-1.8117047548294067
4896875008.0,-1.7972723245620728
4897812480.0,-1.7814509868621826
4898749952.0,-1.7637851238250732
4899687424.0,-1.7420538663864136
4900624896.0,-1.7187306880950928
4901562368.0,-1.6945114135742188
4902499840.0,-1.670079231262207
4903437312.0,-1.6442207098007202
4904374784.0,-1.617058277130127
4905312256.0,-1.5900465250015259
4906250240.0,-1.562656044960022
4907187712.0,-1.5364950895309448
4908125184.0,-1.5107076168060303
4909062656.0,-1.4861586093902588
4910000128.0,-1.464064598083496
4910937600.0,-1.441839575767517
4911875072.0,-1.4243879318237305
4912812544.0,-1.4071120023727417
4913750016.0,-1.3932033777236938
4914687488.0,-1.3813577890396118
4915624960.0,-1.371480941772461
4916562432.0,-1.3632190227508545
4917499904.0,-1.3577178716659546
4918437376.0,-1.3546466827392578
4919374848.0,-1.3540568351745605
4920312320.0,-1.3537631034851074
4921249792.0,-1.3557552099227905
4922187264.0,-1.2982662916183472
4923125248.0,-1.2886477708816528
4924062720.0,-1.2798532247543335
4925000192.0,-1.2715851068496704
4925937664.0,-1.385987639427185
4926875136.0,-1.3941508531570435
4927812608.0,-1.4009902477264404
4928750080.0,-1.4062739610671997
4929687552.0,-1.410892367362976
4930625024.0,-1.4145032167434692
4931562496.0,-1.4162887334823608
4932499968.0,-1.4152497053146362
4933437440.0,-1.412562608718872
4934374912.0,-1.4069608449935913
4935312384.0,-1.4003970623016357
4936249856.0,-1.3894721269607544
4937187328.0,-1.3758206367492676
4938124800.0,-1.3607914447784424
4939062272.0,-1.342881441116333
4940000256.0,-1.3243314027786255
4940937728.0,-1.303989291191101
4941875200.0,-1.2812936305999756
4942812672.0,-1.2588540315628052
4943750144.0,-1.2355360984802246
4944687616.0,-1.2133240699768066
4945625088.0,-1.1890865564346313
4946562560.0,-1.1681253910064697
4947500032.0,-1.1467487812042236
4948437504.0,-1.128501057624817
4949374976.0,-1.1106257438659668
4950312448.0,-1.0929198265075684
4951249920.0,-1.079055905342102
4952187392.0,-1.0681400299072266
4953124864.0,-1.05751371383667
4954062336.0,-1.0500295162200928
4954999808.0,-1.0432407855987549
4955937280.0,-1.0393284559249878
4956874752.0,-1.034739375114441
4957812736.0,-1.0322831869125366
4958750208.0,-1.0300252437591553
4959687680.0,-1.027974247932434
4960625152.0,-1.0245496034622192
4961562624.0,-1.0231027603149414
4962500096.0,-1.0188847780227661
4963437568.0,-1.0146335363388062
4964375040.0,-1.0081844329833984
4965312512.0,-1.001444697380066
4966249984.0,-0.9933472275733948
4967187456.0,-0.9853587746620178
4968124928.0,-0.976265549659729
4969062400.0,-0.96611487865448
4969999872.0,-0.9558022618293762
4970937344.0,-0.945796549320221
4971874816.0,-0.9354717135429382
4972812288.0,-0.9259770512580872
4973749760.0,-0.9159343242645264
4974687744.0,-0.906657874584198
4975625216.0,-0.8988323211669922
4976562688.0,-0.8912570476531982
4977500160.0,-0.883071780204773
4978437632.0,-0.8756336569786072
4979375104.0,-0.8676060438156128
4980312576.0,-0.8609257340431213
4981250048.0,-0.8530574440956116
4982187520.0,-0.845262885093689
4983124992.0,-0.8358975648880005
4984062464.0,-0.8262768387794495
4984999936.0,-0.8173023462295532
4985937408.0,-0.7983233332633972
4986874880.0,-0.7898397445678711
4987812352.0,-0.7821264863014221
4988749824.0,-0.7753375172615051
4989687296.0,-0.7691333889961243
4990624768.0,-0.7664221525192261
4991562752.0,-0.7626349925994873
4992500224.0,-0.7615832090377808
4993437696.0,-0.7609795331954956
4994375168.0,-0.7629905939102173
4995312640.0,-0.7661725878715515
4996250112.0,-0.7687224745750427
4997187584.0,-0.7730364799499512
4998125056.0,-0.7799385786056519
4999062528.0,-0.7868661880493164
5000000000.0,-0.7946252226829529
5000937472.0,-0.8029665946960449
5001874944.0,-0.8118135333061218
5002812416.0,-0.821269690990448
5003749888.0,-0.8288111090660095
5004687360.0,-0.8369432687759399
5005624832.0,-0.8443030118942261
5006562304.0,-0.8489239811897278
5007499776.0,-0.852847158908844
5008437248.0,-0.8550803661346436
5009375232.0,-0.8555483222007751
5010312704.0,-0.8526909351348877
5011250176.0,-0.847554624080658
5012187648.0,-0.8405262231826782
5013125120.0,-0.8303664922714233
5014062592.0,-0.8173584938049316
5015000064.0,-0.8031482100486755
5015937536.0,-0.7862860560417175
5016875008.0,-0.7658862471580505
5017812480.0,-0.7448775172233582
5018749952.0,-0.7205290198326111
5019687424.0,-0.6953893899917603
5020624896.0,-0.6661836504936218
5021562368.0,-0.636586606502533
5022499840.0,-0.6061550378799438
5023437312.0,-0.5736270546913147
5024374784.0,-0.5427883863449097
5025312256.0,-0.511265754699707
5026250240.0,-0.4807312488555908
5027187712.0,-0.4507881999015808
5028125184.0,-0.42131027579307556
5029062656.0,-0.39328446984291077
5030000128.0,-0.36841267347335815
5030937600.0,-0.3433915078639984
5031875072.0,-0.32143574953079224
5032812544.0,-0.30193448066711426
5033750016.0,-0.2861725986003876
5034687488.0,-0.27197203040122986
5035624960.0,-0.26079055666923523
5036562432.0,-0.2530546188354492
5037499904.0,-0.24885742366313934
5038437376.0,-0.24699725210666656
5039374848.0,-0.2492029368877411
5040312320.0,-0.25405019521713257
5041249792.0,-0.2624487280845642
5042187264.0,-0.27314701676368713
5043125248.0,-0.286171555519104
5044062720.0,-0.3015226423740387
5045000192.0,-0.3195572793483734
5045937664.0,-0.5830819010734558
5046875136.0,-0.5912217497825623
5047812608.0,-0.6008585095405579
5048750080.0,-0.6090977787971497
5049687552.0,-0.6184192895889282
5050625024.0,-0.626915693283081
5051562496.0,-0.6364496350288391
5052499968.0,-0.6438959240913391
5053437440.0,-0.6525490880012512
5054374912.0,-0.660965621471405
5055312384.0,-0.6672665476799011
5056249856.0,-0.6749914288520813
5057187328.0,-0.6796605587005615
5058124800.0,-0.6831563115119934
5059062272.0,-0.687904953956604
5059999744.0,-0.6895424127578735
5060937728.0,-0.6908549070358276
5061875200.0,-0.6909358501434326
5062812672.0,-0.6882469058036804
5063750144.0,-0.6839722990989685
5064687616.0,-0.6791574358940125
5065625088.0,-0.6714568138122559
5066562560.0,-0.6612334251403809
5067500032.0,-0.6501947045326233
5068437504.0,-0.6365350484848022
5069374976.0,-0.6222264766693115
5070312448.0,-0.6061882972717285
5071249920.0,-0.586682140827179
5072187392.0,-0.5678502321243286
5073124864.0,-0.5457778573036194
5074062336.0,-0.5246344804763794
5074999808.0,-0.5016390681266785
5075937280.0,-0.47781217098236084
5076874752.0,-0.4537571370601654
5077812736.0,-0.42910781502723694
5078750208.0,-0.40504467487335205
5079687680.0,-0.3805951178073883
5080625152.0,-0.3566804826259613
5081562624.0,-0.3331349492073059
5082500096.0,-0.3128238320350647
5083437568.0,-0.29079216718673706
5084375040.0,-0.27202555537223816
5085312512.0,-0.2542130947113037
5086249984.0,-0.2398059070110321
5087187456.0,-0.2267257273197174
5088124928.0,-0.2157270610332489
5089062400.0,-0.2068224400281906
5089999872.0,-0.20127081871032715
5090937344.0,-0.19784262776374817
5091874816.0,-0.1985328197479248
5092812288.0,-0.20067235827445984
5093749760.0,-0.2052050083875656
5094687744.0,-0.2117537260055542
5095625216.0,-0.22148731350898743
5096562688.0,-0.23347125947475433
5097500160.0,-0.24832744896411896
5098437632.0,-0.264861136674881
5099375104.0,-0.28363457322120667
5100312576.0,-0.30366796255111694
5101250048.0,-0.3256247043609619
5102187520.0,-0.34781211614608765
5103124992.0,-0.3717661499977112
5104062464.0,-0.39627963304519653
5104999936.0,-0.4209437072277069
5105937408.0,-0.514872133731842
5106874880.0,-0.5316017866134644
5107812352.0,-0.5469375252723694
5108749824.0,-0.5621445775032043
5109687296.0,-0.5746684670448303
5110624768.0,-0.5848153829574585
5111562752.0,-0.5937866568565369
5112500224.0,-0.6002579927444458
5113437696.0,-0.6048223972320557
5114375168.0,-0.6063764095306396
5115312640.0,-0.6076799631118774
5116250112.0,-0.6056293845176697
5117187584.0,-0.6033776998519897
5118125056.0,-0.5978361368179321
5119062528.0,-0.591199517250061
5120000000.0,-0.5854406356811523
5120937472.0,-0.5783033967018127
5121874944.0,-0.5698489546775818
5122812416.0,-0.5619069337844849
5123749888.0,-0.553565502166748
5124687360.0,-0.546058714389801
5125624832.0,-0.5365074872970581
5126562304.0,-0.528445303440094
5127499776.0,-0.5186653733253479
5128437248.0,-0.5093713402748108
5129375232.0,-0.4987644553184509
5130312704.0,-0.4881918132305145
5131250176.0,-0.4766765534877777
5132187648.0,-0.4649154245853424
5133125120.0,-0.4506424069404602
5134062592.0,-0.43464234471321106
5135000064.0,-0.4185766279697418
5135937536.0,-0.40171733498573303
5136875008.0,-0.3833838105201721
5137812480.0,-0.36465662717819214
5138749952.0,-0.34636759757995605
5139687424.0,-0.32821646332740784
5140624896.0,-0.31149229407310486
5141562368.0,-0.29698553681373596
5142499840.0,-0.28368350863456726
5143437312.0,-0.2719326913356781
5144374784.0,-0.2662776708602905
5145312256.0,-0.26640206575393677
5146250240.0,-0.27310654520988464
5147187712.0,-0.2851393222808838
5148125184.0,-0.301242858171463
5149062656.0,-0.3203267753124237
5150000128.0,-0.3410230278968811
5150937600.0,-0.36305558681488037
5151875072.0,-0.38478294014930725
5152812544.0,-0.4061698019504547
5153750016.0,-0.4261687994003296
5154687488.0,-0.4454439580440521
5155624960.0,-0.462668240070343
5156562432.0,-0.47910624742507935
5157499904.0,-0.4939531087875366
5158437376.0,-0.5058668851852417
5159374848.0,-0.5182133316993713
5160312320.0,-0.5284242033958435
5161249792.0,-0.5382798314094543
5162187264.0,-0.5474749803543091
5163125248.0,-0.5551018118858337
5164062720.0,-0.5631604790687561
5165000192.0,-0.5715606808662415
5165937664.0,-0.5780718326568604
5166875136.0,-0.5928906202316284
5167812608.0,-0.6085819005966187
5168750080.0,-0.6243520975112915
5169687552.0,-0.6406917572021484
5170625024.0,-0.6580309271812439
5171562496.0,-0.6742774248123169
5172499968.0,-0.6912378668785095
5173437440.0,-0.7070894241333008
5174374912.0,-0.722119927406311
5175312384.0,-0.7371782660484314
5176249856.0,-0.7494347095489502
5177187328.0,-0.7598621249198914
5178124800.0,-0.7663805484771729
5179062272.0,-0.7718145847320557
5180000256.0,-0.774648904800415
5180937728.0,-0.7740220427513123
5181875200.0,-0.7708181142807007
5182812672.0,-0.7637901902198792
5183750144.0,-0.7552239894866943
5184687616.0,-0.7445241808891296
5185625088.0,-0.7302848100662231
5186562560.0,-0.7149906158447266
5187500032.0,-0.6970333456993103
5188437504.0,-0.6768134236335754
5189374976.0,-0.6555984616279602
5190312448.0,-0.6331079006195068
5191249920.0,-0.6094842553138733
5192187392.0,-0.5843972563743591
5193124864.0,-0.5600135922431946
5194062336.0,-0.5356618762016296
5194999808.0,-0.5112806558609009
5195937280.0,-0.49015703797340393
5196874752.0,-0.4678502380847931
5197812736.0,-0.44697535037994385
5198750208.0,-0.42811310291290283
5199687680.0,-0.40991082787513733
5200625152.0,-0.3952561318874359
5201562624.0,-0.38159501552581787
5202500096.0,-0.37126266956329346
5203437568.0,-0.36290842294692993
5204375040.0,-0.35718807578086853
5205312512.0,-0.3560257852077484
5206249984.0,-0.35693487524986267
5207187456.0,-0.36293333768844604
5208124928.0,-0.3695811331272125
5209062400.0,-0.3788817822933197
5209999872.0,-0.3915482461452484
5210937344.0,-0.4066102206707001
5211874816.0,-0.42375120520591736
5212812288.0,-0.4438342750072479
5213749760.0,-0.4656828045845032
5214687744.0,-0.48859649896621704
5215625216.0,-0.5123440623283386
5216562688.0,-0.5389750599861145
5217500160.0,-0.5651367902755737
5218437632.0,-0.5928242206573486
5219375104.0,-0.6212546825408936
5220312576.0,-0.6494056582450867
5221250048.0,-0.6780074834823608
5222187520.0,-0.7044527530670166
5223124992.0,-0.7324710488319397
5224062464.0,-0.758125364780426
5224999936.0,-0.7835060954093933
5225937408.0,-0.8339229226112366
5226874880.0,-0.8579912185668945
5227812352.0,-0.8804949522018433
5228749824.0,-0.9024174809455872
5229687296.0,-0.9195884466171265
5230624768.0,-0.9363349080085754
5231562752.0,-0.9486162662506104
5232500224.0,-0.9583576917648315
5233437696.0,-0.9667801856994629
5234375168.0,-0.9724263548851013
5235312640.0,-0.9738030433654785
5236250112.0,-0.9743759036064148
5237187584.0,-0.9736454486846924
5238125056.0,-0.9697585701942444
5239062528.0,-0.963101863861084
5240000000.0,-0.9561581015586853
5240937472.0,-0.9479845762252808
5241874944.0,-0.9358140230178833
5242812416.0,-0.9234505295753479
5243749888.0,-0.9097078442573547
5244687360.0,-0.8961857557296753
5245624832.0,-0.8815210461616516
5246562304.0,-0.8675210475921631
5247499776.0,-0.8521875143051147
5248437248.0,-0.8368542790412903
5249375232.0,-0.8213874101638794
5250312704.0,-0.8069167137145996
5251250176.0,-0.7922095060348511
5252187648.0,-0.7775089740753174
5253125120.0,-0.7645574808120728
5254062592.0,-0.7539238929748535
5255000064.0,-0.7432271838188171
5255937536.0,-0.7347097396850586
5256875008.0,-0.7277441620826721
5257812480.0,-0.7215937972068787
5258749952.0,-0.7168566584587097
5259687424.0,-0.7144307494163513
5260624896.0,-0.712173581123352
5261562368.0,-0.7124495506286621
5262499840.0,-0.7157058715820312
5263437312.0,-0.7216232419013977
5264374784.0,-0.7291346788406372
5265312256.0,-0.738182783126831
5266250240.0,-0.7504215836524963
5267187712.0,-0.7661617398262024
5268125184.0,-0.7834205031394958
5269062656.0,-0.8035352230072021
5270000128.0,-0.823258638381958
5270937600.0,-0.8450767397880554
5271875072.0,-0.869415283203125
5272812544.0,-0.8951380252838135
5273750016.0,-0.9235236048698425
5274687488.0,-0.954147458076477
5275624960.0,-0.9862605929374695
5276562432.0,-1.0200157165527344
5277499904.0,-1.0564062595367432
5278437376.0,-1.092862844467163
5279374848.0,-1.1303024291992188
5280312320.0,-1.169586181640625
5281249792.0,-1.2089920043945312
5282187264.0,-1.2503530979156494
5283125248.0,-1.291479468345642
5284062720.0,-1.3306218385696411
5285000192.0,-1.3704757690429688
5285937664.0,-1.3956866264343262
5286875136.0,-1.426866888999939
5287812608.0,-1.456266164779663
5288750080.0,-1.4836030006408691
5289687552.0,-1.5081692934036255
5290625024.0,-1.5308194160461426
5291562496.0,-1.550403118133545
5292499968.0,-1.5684057474136353
5293437440.0,-1.5841410160064697
5294374912.0,-1.5945768356323242
5295312384.0,-1.602549433708191
5296249856.0,-1.607033610343933
5297187328.0,-1.6075488328933716
5298124800.0,-1.6054798364639282
5299062272.0,-1.6011407375335693
5299999744.0,-1.595214605331421
5300937728.0,-1.584847092628479
5301875200.0,-1.5732812881469727
5302812672.0,-1.5603954792022705
5303750144.0,-1.5452468395233154
5304687616.0,-1.5295863151550293
5305625088.0,-1.5124549865722656
5306562560.0,-1.494929552078247
5307500032.0,-1.476982593536377
5308437504.0,-1.4612871408462524
5309374976.0,-1.4461239576339722
5310312448.0,-1.4319326877593994
5311249920.0,-1.4183170795440674
5312187392.0,-1.4057506322860718
5313124864.0,-1.3952460289001465
5314062336.0,-1.385449767112732
5314999808.0,-1.3766480684280396
5315937280.0,-1.3715859651565552
5316874752.0,-1.3685461282730103
5317812736.0,-1.367509126663208
5318750208.0,-1.3706276416778564
5319687680.0,-1.3753141164779663
5320625152.0,-1.382398009300232
5321562624.0,-1.3918601274490356
5322500096.0,-1.4020286798477173
5323437568.0,-1.4152328968048096
5324375040.0,-1.4309159517288208
5325312512.0,-1.4490420818328857
5326249984.0,-1.4714025259017944
5327187456.0,-1.4954510927200317
5328124928.0,-1.5240038633346558
5329062400.0,-1.5549460649490356
5329999872.0,-1.5900700092315674
5330937344.0,-1.6279786825180054
5331874816.0,-1.6664249897003174
5332812288.0,-1.737250566482544
5333749760.0,-1.785782814025879
5334687744.0,-1.8360008001327515
5335625216.0,-1.8879756927490234
5336562688.0,-1.942164421081543
5337500160.0,-1.9974268674850464
5338437632.0,-2.053771734237671
5339375104.0,-2.111130714416504
5340312576.0,-2.169708013534546
5341250048.0,-2.2274765968322754
5342187520.0,-2.2846052646636963
5343124992.0,-2.3393852710723877
5344062464.0,-2.392629861831665
5344999936.0,-2.4430394172668457
5345937408.0,-2.3793084621429443
5346874880.0,-2.4077324867248535
5347812352.0,-2.433417320251465
5348749824.0,-2.454214096069336
5349687296.0,-2.4737367630004883
5350624768.0,-2.488241672515869
5351562752.0,-2.500680685043335
5352500224.0,-2.5108144283294678
5353437696.0,-2.5176100730895996
5354375168.0,-2.521482467651367
5355312640.0,-2.522125005722046
5356250112.0,-2.519857883453369
5357187584.0,-2.513176441192627
5358125056.0,-2.5018694400787354
5359062528.0,-2.4875593185424805
5360000000.0,-2.472048282623291
5360937472.0,-2.4553399085998535
5361874944.0,-2.4360740184783936
5362812416.0,-2.4142136573791504
5363749888.0,-2.3921680450439453
5364687360.0,-2.368337392807007
5365624832.0,-2.3426246643066406
5366562304.0,-2.3159327507019043
5367499776.0,-2.287075996398926
5368437248.0,-2.259629964828491
5369375232.0,-2.2324609756469727
5370312704.0,-2.205484390258789
5371250176.0,-2.178856611251831
5372187648.0,-2.153857707977295
5373125120.0,-2.1307406425476074
5374062592.0,-2.1087992191314697
5375000064.0,-2.089276075363159
5375937536.0,-2.0694146156311035
5376875008.0,-2.0505709648132324
5377812480.0,-2.032952308654785
5378749952.0,-2.0153255462646484
5379687424.0,-2.000903367996216
5380624896.0,-1.986053705215454
5381562368.0,-1.9737271070480347
5382499840.0,-1.9634699821472168
5383437312.0,-1.9539642333984375
5384374784.0,-1.9457206726074219
5385312256.0,-1.9413063526153564
5386250240.0,-1.9385666847229004
5387187712.0,-1.935825228691101
5388125184.0,-1.9358091354370117
5389062656.0,-1.9348185062408447
5390000128.0,-1.935957908630371
5390937600.0,-1.9395793676376343
5391875072.0,-1.9425400495529175
5392812544.0,-1.9468638896942139
5393750016.0,-1.9517362117767334
5394687488.0,-1.956201195716858
5395624960.0,-1.9604527950286865
5396562432.0,-1.9674506187438965
5397499904.0,-1.9729636907577515
5398437376.0,-1.9792606830596924
5399374848.0,-1.9858615398406982
5400312320.0,-1.9906986951828003
5401249792.0,-1.9955928325653076
5402187264.0,-2.0008065700531006
5403125248.0,-2.0034589767456055
5404062720.0,-2.0058963298797607
5405000192.0,-2.005977153778076
5405937664.0,-2.147976875305176
5406875136.0,-2.1452627182006836
5407812608.0,-2.1390585899353027
5408750080.0,-2.1303958892822266
5409687552.0,-2.1183629035949707
5410625024.0,-2.1039366722106934
5411562496.0,-2.0872209072113037
5412499968.0,-2.068413496017456
5413437440.0,-2.046456813812256
5414374912.0,-2.024080514907837
5415312384.0,-1.9993246793746948
5416249856.0,-1.9737294912338257
5417187328.0,-1.946101188659668
5418124800.0,-1.9180712699890137
5419062272.0,-1.8869105577468872
5420000256.0,-1.8564542531967163
5420937728.0,-1.823958396911621
5421875200.0,-1.7911232709884644
5422812672.0,-1.7584128379821777
5423750144.0,-1.7263991832733154
5424687616.0,-1.694195032119751
5425625088.0,-1.6622560024261475
5426562560.0,-1.6308790445327759
5427500032.0,-1.5979855060577393
5428437504.0,-1.5697675943374634
5429374976.0,-1.5395357608795166
5430312448.0,-1.5126698017120361
5431249920.0,-1.4864081144332886
5432187392.0,-1.462743878364563
5433124864.0,-1.439780354499817
5434062336.0,-1.4168740510940552
5434999808.0,-1.3962684869766235
5435937280.0,-1.376011610031128
5436874752.0,-1.3568323850631714
5437812736.0,-1.338497281074524
5438750208.0,-1.322546362876892
5439687680.0,-1.3073601722717285
5440625152.0,-1.2944931983947754
5441562624.0,-1.283454418182373
5442500096.0,-1.273026943206787
5443437568.0,-1.2643898725509644
5444375040.0,-1.2571028470993042
5445312512.0,-1.2510265111923218
5446249984.0,-1.2468388080596924
5447187456.0,-1.2445625066757202
5448124928.0,-1.2433147430419922
5449062400.0,-1.2433308362960815
5449999872.0,-1.2470629215240479
5450937344.0,-1.250101923942566
5451874816.0,-1.2567973136901855
5452812288.0,-1.2636845111846924
5453749760.0,-1.2710771560668945
5454687744.0,-1.2799298763275146
5455625216.0,-1.2894865274429321
5456562688.0,-1.2999136447906494
5457500160.0,-1.3105535507202148
5458437632.0,-1.3217337131500244
5459375104.0,-1.3327256441116333
5460312576.0,-1.342218041419983
5461250048.0,-1.3524813652038574
5462187520.0,-1.3608510494232178
5463124992.0,-1.3685142993927002
5464062464.0,-1.3755536079406738
5464999936.0,-1.379188060760498
5465937408.0,-1.3866987228393555
5466874880.0,-1.3868296146392822
5467812352.0,-1.3842095136642456
5468749824.0,-1.379734992980957
5469687296.0,-1.3741623163223267
5470624768.0,-1.3660682439804077
5471562752.0,-1.3560820817947388
5472500224.0,-1.3428021669387817
5473437696.0,-1.3289780616760254
5474375168.0,-1.3132802248001099
5475312640.0,-1.2951881885528564
5476250112.0,-1.275650143623352
5477187584.0,-1.2548315525054932
5478125056.0,-1.2317203283309937
5479062528.0,-1.2072423696517944
5480000000.0,-1.1823426485061646
5480937472.0,-1.1551488637924194
5481874944.0,-1.1282881498336792
5482812416.0,-1.1010055541992188
5483749888.0,-1.0731394290924072
5484687360.0,-1.0469791889190674
5485624832.0,-1.0193153619766235
5486562304.0,-0.9936408400535583
5487499776.0,-0.9662878513336182
5488437248.0,-0.9399145841598511
5489375232.0,-0.9145039916038513
5490312704.0,-0.8906874060630798
5491250176.0,-0.8676126003265381
5492187648.0,-0.8451489210128784
5493125120.0,-0.8250337839126587
5494062592.0,-0.8062735795974731
5495000064.0,-0.7887433767318726
5495937536.0,-0.773243248462677
5496875008.0,-0.7596729397773743
5497812480.0,-0.7486322522163391
5498749952.0,-0.7400480508804321
5499687424.0,-0.7347356677055359
5500624896.0,-0.7313907146453857
5501562368.0,-0.7302624583244324
5502499840.0,-0.7324822545051575
5503437312.0,-0.7378784418106079
5504374784.0,-0.7444177269935608
5505312256.0,-0.7546960711479187
5506250240.0,-0.7679845690727234
5507187712.0,-0.7836608290672302
5508125184.0,-0.8021648526191711
5509062656.0,-0.8230109214782715
5510000128.0,-0.8465723991394043
5510937600.0,-0.8730218410491943
5511875072.0,-0.8991201519966125
5512812544.0,-0.9276244044303894
5513750016.0,-0.9578461050987244
5514687488.0,-0.9890918731689453
5515624960.0,-1.019683837890625
5516562432.0,-1.0511441230773926
5517499904.0,-1.0829463005065918
5518437376.0,-1.1133310794830322
5519374848.0,-1.142662763595581
5520312320.0,-1.1701306104660034
5521249792.0,-1.1957781314849854
5522187264.0,-1.2178462743759155
5523125248.0,-1.2375437021255493
5524062720.0,-1.2536704540252686
5525000192.0,-1.2664607763290405
5525937664.0,-1.1000946760177612
5526875136.0,-1.1046394109725952
5527812608.0,-1.107245922088623
5528750080.0,-1.108833909034729
5529687552.0,-1.107640027999878
5530625024.0,-1.106786847114563
5531562496.0,-1.1021541357040405
5532499968.0,-1.095192790031433
5533437440.0,-1.0875171422958374
5534374912.0,-1.0777987241744995
5535312384.0,-1.0665206909179688
5536249856.0,-1.0559684038162231
5537187328.0,-1.0417760610580444
5538124800.0,-1.027719259262085
5539062272.0,-1.0135962963104248
5539999744.0,-0.9981715679168701
5540937728.0,-0.9845154285430908
5541875200.0,-0.9676917791366577
5542812672.0,-0.953587532043457
5543750144.0,-0.9362784028053284
5544687616.0,-0.9215931296348572
5545625088.0,-0.9053242206573486
5546562560.0,-0.8908500671386719
5547500032.0,-0.8757753968238831
5548437504.0,-0.8613627552986145
5549374976.0,-0.8488344550132751
5550312448.0,-0.8367377519607544
5551249920.0,-0.8259671926498413
5552187392.0,-0.81679767370224
5553124864.0,-0.809790849685669
5554062336.0,-0.8033933043479919
5554999808.0,-0.7987962365150452
5555937280.0,-0.797104001045227
5556874752.0,-0.7977538704872131
5557812736.0,-0.7991992831230164
5558750208.0,-0.8040238618850708
5559687680.0,-0.8111181259155273
5560625152.0,-0.8199424743652344
5561562624.0,-0.8342589735984802
5562500096.0,-0.8491905331611633
5563437568.0,-0.8665767908096313
5564375040.0,-0.8876699805259705
5565312512.0,-0.9089211225509644
5566249984.0,-0.93411785364151
5567187456.0,-0.9609712958335876
5568124928.0,-0.9903607964515686
5569062400.0,-1.0183357000350952
5569999872.0,-1.0476417541503906
5570937344.0,-1.0769481658935547
5571874816.0,-1.1073429584503174
5572812288.0,-1.1356569528579712
5573749760.0,-1.1638681888580322
5574687744.0,-1.1904881000518799
5575625216.0,-1.2143528461456299
5576562688.0,-1.237299919128418
5577500160.0,-1.2561936378479004
5578437632.0,-1.2733062505722046
5579375104.0,-1.2867035865783691
5580312576.0,-1.29802405834198
5581250048.0,-1.3073948621749878
5582187520.0,-1.313737154006958
5583124992.0,-1.3170384168624878
5584062464.0,-1.318345069885254
5584999936.0,-1.3159936666488647
5585937408.0,-1.2417347431182861
5586874880.0,-1.247129201889038
5587812352.0,-1.2509313821792603
5588749824.0,-1.2539153099060059
5589687296.0,-1.2559473514556885
5590624768.0,-1.2561124563217163
5591562752.0,-1.256614327430725
5592500224.0,-1.2559494972229004
5593437696.0,-1.2535260915756226
5594375168.0,-1.250709891319275
5595312640.0,-1.24736487865448
5596250112.0,-1.2422858476638794
5597187584.0,-1.2366517782211304
5598125056.0,-1.2315360307693481
5599062528.0,-1.2258175611495972
5600000000.0,-1.2187244892120361
5600937472.0,-1.2129826545715332
5601874944.0,-1.2077041864395142
5602812416.0,-1.1995806694030762
5603749888.0,-1.1931177377700806
5604687360.0,-1.1858545541763306
5605624832.0,-1.1801621913909912
5606562304.0,-1.1728756427764893
5607499776.0,-1.1673959493637085
5608437248.0,-1.160468578338623
5609375232.0,-1.1554768085479736
5610312704.0,-1.1500015258789062
5611250176.0,-1.1454180479049683
5612187648.0,-1.1392645835876465
5613125120.0,-1.1341519355773926
5614062592.0,-1.1286475658416748
5615000064.0,-1.1263257265090942
5615937536.0,-1.1222935914993286
5616875008.0,-1.1188639402389526
5617812480.0,-1.116003394126892
5618749952.0,-1.1135305166244507
5619687424.0,-1.1115628480911255
5620624896.0,-1.1094588041305542
5621562368.0,-1.1085103750228882
5622499840.0,-1.1091456413269043
5623437312.0,-1.1084734201431274
5624374784.0,-1.110624074935913
5625312256.0,-1.1116385459899902
5626250240.0,-1.1128654479980469
5627187712.0,-1.1127041578292847
5628125184.0,-1.11403489112854
5629062656.0,-1.1149805784225464
5630000128.0,-1.1140415668487549
5630937600.0,-1.1153253316879272
5631875072.0,-1.1136890649795532
5632812544.0,-1.1123944520950317
5633750016.0,-1.1125770807266235
5634687488.0,-1.110832691192627
5635624960.0,-1.1089262962341309
5636562432.0,-1.1050000190734863
5637499904.0,-1.1006067991256714
5638437376.0,-1.0958937406539917
5639374848.0,-1.0881097316741943
5640312320.0,-1.0820503234863281
5641249792.0,-1.074601173400879
5642187264.0,-1.0658832788467407
5643125248.0,-1.0572565793991089
5644062720.0,-1.0493204593658447
5645000192.0,-1.039888620376587
5645937664.0,-1.0350830554962158
5646875136.0,-1.02324378490448
5647812608.0,-1.010090947151184
5648750080.0,-0.995707631111145
5649687552.0,-0.9794082641601562
5650625024.0,-0.9634577631950378
5651562496.0,-0.9467029571533203
5652499968.0,-0.9271336793899536
5653437440.0,-0.9091057777404785
5654374912.0,-0.8902818560600281
5655312384.0,-0.8714907169342041
5656249856.0,-0.8507654070854187
5657187328.0,-0.8316253423690796
5658124800.0,-0.8114797472953796
5659062272.0,-0.7896197438240051
5660000256.0,-0.7685598134994507
5660937728.0,-0.7483673095703125
5661875200.0,-0.7279589772224426
5662812672.0,-0.7082777619361877
5663750144.0,-0.688777506351471
5664687616.0,-0.6713830828666687
5665625088.0,-0.6540639996528625
5666562560.0,-0.6375634670257568
5667500032.0,-0.6243334412574768
5668437504.0,-0.6100576519966125
5669374976.0,-0.599094033241272
5670312448.0,-0.5881544351577759
5671249920.0,-0.5791885852813721
5672187392.0,-0.5726610422134399
5673124864.0,-0.5668057799339294
5674062336.0,-0.5633286237716675
5674999808.0,-0.5610588788986206
5675937280.0,-0.5595110654830933
5676874752.0,-0.5603740811347961
5677812736.0,-0.5617247819900513
5678750208.0,-0.5635508894920349
5679687680.0,-0.567489504814148
5680625152.0,-0.5710484981536865
5681562624.0,-0.575242280960083
5682500096.0,-0.5789135694503784
5683437568.0,-0.5831425786018372
5684375040.0,-0.5861465930938721
5685312512.0,-0.5893101096153259
5686249984.0,-0.5919823050498962
5687187456.0,-0.5926399230957031
5688124928.0,-0.5946115255355835
5689062400.0,-0.5949648022651672
5689999872.0,-0.5939414501190186
5690937344.0,-0.5909218788146973
5691874816.0,-0.5876429080963135
5692812288.0,-0.5819891691207886
5693749760.0,-0.5743906497955322
5694687744.0,-0.5646179914474487
5695625216.0,-0.5557699799537659
5696562688.0,-0.5439758896827698
5697500160.0,-0.5309805870056152
5698437632.0,-0.5182769298553467
5699375104.0,-0.5053873658180237
5700312576.0,-0.491122305393219
5701250048.0,-0.4774104058742523
5702187520.0,-0.46251776814460754
5703124992.0,-0.4479374885559082
5704062464.0,-0.4351520240306854
5704999936.0,-0.42284342646598816
5705937408.0,-0.3914549648761749
5706874880.0,-0.38934120535850525
5707812352.0,-0.3872445225715637
5708749824.0,-0.3866923749446869
5709687296.0,-0.38572442531585693
5710624768.0,-0.38478904962539673
5711562752.0,-0.38367560505867004
5712500224.0,-0.382442831993103
5713437696.0,-0.3813685178756714
5714375168.0,-0.3807021379470825
5715312640.0,-0.3778347074985504
5716250112.0,-0.37405839562416077
5717187584.0,-0.36998024582862854
5718125056.0,-0.364525705575943
5719062528.0,-0.35875403881073
5720000000.0,-0.35316598415374756
5720937472.0,-0.3458916246891022
5721874944.0,-0.3396390974521637
5722812416.0,-0.33182212710380554
5723749888.0,-0.324299156665802
5724687360.0,-0.3155271112918854
5725624832.0,-0.30843010544776917
5726562304.0,-0.30059877038002014
5727499776.0,-0.2936411499977112
5728437248.0,-0.28701624274253845
5729375232.0,-0.28137728571891785
5730312704.0,-0.2771281898021698
5731250176.0,-0.27487605810165405
5732187648.0,-0.2737036645412445
5733125120.0,-0.2740873396396637
5734062592.0,-0.2764551639556885
5735000064.0,-0.28045713901519775
5735937536.0,-0.2858024537563324
5736875008.0,-0.29430732131004333
5737812480.0,-0.3034454882144928
5738749952.0,-0.3150601387023926
5739687424.0,-0.3278946876525879
5740624896.0,-0.34120213985443115
5741562368.0,-0.3549644351005554
5742499840.0,-0.36896950006484985
5743437312.0,-0.3808973729610443
5744374784.0,-0.3929760158061981
5745312256.0,-0.4017062187194824
5746250240.0,-0.40953147411346436
5747187712.0,-0.41500741243362427
5748125184.0,-0.4195879101753235
5749062656.0,-0.4209350049495697
5750000128.0,-0.4189351499080658
5750937600.0,-0.41530197858810425
5751875072.0,-0.40984153747558594
5752812544.0,-0.40328940749168396
5753750016.0,-0.39439576864242554
5754687488.0,-0.3851344883441925
5755624960.0,-0.3753778338432312
5756562432.0,-0.36536383628845215
5757499904.0,-0.35590869188308716
5758437376.0,-0.34685808420181274
5759374848.0,-0.3394177258014679
5760312320.0,-0.3322289288043976
5761249792.0,-0.3264523148536682
5762187264.0,-0.32280197739601135
5763125248.0,-0.3199092149734497
5764062720.0,-0.3156314194202423
5765000192.0,-0.3131905794143677
5765937664.0,-0.2429705709218979
5766875136.0,-0.24498146772384644
5767812608.0,-0.24850161373615265
5768750080.0,-0.2512306869029999
5769687552.0,-0.2559764087200165
5770625024.0,-0.2613552510738373
5771562496.0,-0.26573577523231506
5772499968.0,-0.272623747587204
5773437440.0,-0.27712321281433105
5774374912.0,-0.28490889072418213
5775312384.0,-0.290500283241272
5776249856.0,-0.2977810204029083
5777187328.0,-0.3040710389614105
5778124800.0,-0.31136396527290344
5779062272.0,-0.31771552562713623
5779999744.0,-0.3254500925540924
5780937728.0,-0.33209553360939026
5781875200.0,-0.3375842571258545
5782812672.0,-0.343660444021225
5783750144.0,-0.3487757444381714
5784687616.0,-0.35375338792800903
5785625088.0,-0.35773396492004395
5786562560.0,-0.3604206442832947
5787500032.0,-0.3638897240161896
5788437504.0,-0.3657231330871582
5789374976.0,-0.365110844373703
5790312448.0,-0.3627585768699646
5791249920.0,-0.3597646951675415
5792187392.0,-0.3554992973804474
5793124864.0,-0.3511088788509369
5794062336.0,-0.34528911113739014
5794999808.0,-0.33884674310684204
5795937280.0,-0.331781268119812
5796874752.0,-0.32391107082366943
5797812736.0,-0.3146893084049225
5798750208.0,-0.3064424991607666
5799687680.0,-0.2956741750240326
5800625152.0,-0.2840127646923065
5801562624.0,-0.2709110975265503
5802500096.0,-0.2577965259552002
5803437568.0,-0.24404428899288177
5804375040.0,-0.23028835654258728
5805312512.0,-0.21525134146213531
5806249984.0,-0.2008330076932907
5807187456.0,-0.18526792526245117
5808124928.0,-0.1690201610326767
5809062400.0,-0.15235517919063568
5809999872.0,-0.13808642327785492
5810937344.0,-0.12403036653995514
5811874816.0,-0.10976981371641159
5812812288.0,-0.09478200227022171
5813749760.0,-0.08006026595830917
5814687744.0,-0.06665073335170746
5815625216.0,-0.05415113642811775
5816562688.0,-0.04244725778698921
5817500160.0,-0.03201020881533623
5818437632.0,-0.020794158801436424
5819375104.0,-0.009889330714941025
5820312576.0,-0.0013021930353716016
5821250048.0,0.00783987995237112
5822187520.0,0.016165349632501602
5823124992.0,0.0228769201785326
5824062464.0,0.029297949746251106
5824999936.0,0.035141926258802414
5825937408.0,-0.15620319545269012
5826874880.0,-0.16139155626296997
5827812352.0,-0.16397345066070557
5828749824.0,-0.1651078313589096
5829687296.0,-0.16526716947555542
5830624768.0,-0.1647001951932907
5831562752.0,-0.16274449229240417
5832500224.0,-0.16044603288173676
5833437696.0,-0.15708328783512115
5834375168.0,-0.15398508310317993
5835312640.0,-0.15021413564682007
5836250112.0,-0.14633987843990326
5837187584.0,-0.14319977164268494
5838125056.0,-0.14058028161525726
5839062528.0,-0.1383359134197235
5840000000.0,-0.13780184090137482
5840937472.0,-0.13947150111198425
5841874944.0,-0.140847310423851
5842812416.0,-0.14401362836360931
5843749888.0,-0.14717884361743927
5844687360.0,-0.15175840258598328
5845624832.0,-0.15795418620109558
5846562304.0,-0.1627342849969864
5847499776.0,-0.17017149925231934
5848437248.0,-0.17817728221416473
5849375232.0,-0.1850997656583786
5850312704.0,-0.19394998252391815
5851250176.0,-0.20228122174739838
5852187648.0,-0.2118080109357834
5853125120.0,-0.22139759361743927
5854062592.0,-0.23115143179893494
5855000064.0,-0.24126988649368286
5855937536.0,-0.24904389679431915
5856875008.0,-0.2576676905155182
5857812480.0,-0.2629263699054718
5858749952.0,-0.2688285708427429
5859687424.0,-0.2715548276901245
5860624896.0,-0.27184340357780457
5861562368.0,-0.2712579667568207
5862499840.0,-0.2683830261230469
5863437312.0,-0.2638428807258606
5864374784.0,-0.25705334544181824
5865312256.0,-0.24968846142292023
5866250240.0,-0.2409832775592804
5867187712.0,-0.2305576652288437
5868125184.0,-0.21850691735744476
5869062656.0,-0.205624058842659
5870000128.0,-0.1929955631494522
5870937600.0,-0.17905808985233307
5871875072.0,-0.1679924726486206
5872812544.0,-0.15555305778980255
5873750016.0,-0.14326873421669006
5874687488.0,-0.1336188018321991
5875624960.0,-0.12499415129423141
5876562432.0,-0.11813102662563324
5877499904.0,-0.11280008405447006
5878437376.0,-0.10932771116495132
5879374848.0,-0.1089867502450943
5880312320.0,-0.11015987396240234
5881249792.0,-0.11243710666894913
5882187264.0,-0.11686745285987854
5883125248.0,-0.12334724515676498
5884062720.0,-0.13083383440971375
5885000192.0,-0.1403038203716278
5885937664.0,-0.07878351956605911
5886875136.0,-0.08481360226869583
5887812608.0,-0.09131085127592087
5888750080.0,-0.09868369251489639
5889687552.0,-0.10623788833618164
5890625024.0,-0.1138269379734993
5891562496.0,-0.12237667292356491
5892499968.0,-0.13069787621498108
5893437440.0,-0.14005032181739807
5894374912.0,-0.14973130822181702
5895312384.0,-0.1591733694076538
5896249856.0,-0.16831395030021667
5897187328.0,-0.17744001746177673
5898124800.0,-0.18625949323177338
5899062272.0,-0.19593766331672668
5900000256.0,-0.2054608315229416
5900937728.0,-0.2150769829750061
5901875200.0,-0.22478041052818298
5902812672.0,-0.2332204133272171
5903750144.0,-0.24340878427028656
5904687616.0,-0.2518470287322998
5905625088.0,-0.2613065838813782
5906562560.0,-0.2697286903858185
5907500032.0,-0.27830904722213745
5908437504.0,-0.2858187258243561
5909374976.0,-0.292301744222641
5910312448.0,-0.3000420331954956
5911249920.0,-0.3069485127925873
5912187392.0,-0.3133249878883362
5913124864.0,-0.318770170211792
5914062336.0,-0.3244231939315796
5914999808.0,-0.33022862672805786
5915937280.0,-0.33395227789878845
5916874752.0,-0.3364836573600769
5917812736.0,-0.3395913541316986
5918750208.0,-0.34073731303215027
5919687680.0,-0.34155598282814026
5920625152.0,-0.3423334062099457
5921562624.0,-0.34276917576789856
5922500096.0,-0.340924471616745
5923437568.0,-0.33835259079933167
5924375040.0,-0.3344438076019287
5925312512.0,-0.32960766553878784
5926249984.0,-0.32241734862327576
5927187456.0,-0.314605176448822
5928124928.0,-0.305948942899704
5929062400.0,-0.29536405205726624
5929999872.0,-0.2849293351173401
5930937344.0,-0.271969199180603
5931874816.0,-0.2582898736000061
5932812288.0,-0.2432624101638794
5933749760.0,-0.22744157910346985
5934687744.0,-0.21074220538139343
5935625216.0,-0.19350075721740723
5936562688.0,-0.17582909762859344
5937500160.0,-0.15809965133666992
5938437632.0,-0.14002037048339844
5939375104.0,-0.12167432904243469
5940312576.0,-0.10395817458629608
5941250048.0,-0.08650445938110352
5942187520.0,-0.06986693292856216
5943124992.0,-0.05556420609354973
5944062464.0,-0.0408279187977314
5944999936.0,-0.028326494619250298
5945937408.0,-0.13707056641578674
5946874880.0,-0.14570719003677368
5947812352.0,-0.15683278441429138
5948749824.0,-0.16884145140647888
5949687296.0,-0.18236789107322693
5950624768.0,-0.19714675843715668
5951562752.0,-0.2135840654373169
5952500224.0,-0.23166535794734955
5953437696.0,-0.25079336762428284
5954375168.0,-0.2712145745754242
5955312640.0,-0.29078349471092224
5956250112.0,-0.31037598848342896
5957187584.0,-0.32958561182022095
5958125056.0,-0.3492799699306488
5959062528.0,-0.36766505241394043
5960000000.0,-0.38584771752357483
5960937472.0,-0.40417608618736267
5961874944.0,-0.41942641139030457
5962812416.0,-0.43328431248664856
5963749888.0,-0.44388720393180847
5964687360.0,-0.4538757801055908
5965624832.0,-0.4595012664794922
5966562304.0,-0.4623109698295593
5967499776.0,-0.4616449475288391
5968437248.0,-0.45632725954055786
5969375232.0,-0.44967326521873474
5970312704.0,-0.4383764863014221
5971250176.0,-0.42559126019477844
5972187648.0,-0.4100913405418396
5973125120.0,-0.3897216022014618
5974062592.0,-0.3699973523616791
5975000064.0,-0.3468472957611084
5975937536.0,-0.32144784927368164
5976875008.0,-0.29701679944992065
5977812480.0,-0.2720130681991577
5978749952.0,-0.2469540387392044
5979687424.0,-0.2222953885793686
5980624896.0,-0.19957298040390015
5981562368.0,-0.1784479022026062
5982499840.0,-0.1584997922182083
5983437312.0,-0.14239813387393951
5984374784.0,-0.12640000879764557
5985312256.0,-0.11418017745018005
5986250240.0,-0.10294385999441147
5987187712.0,-0.09603004157543182
5988125184.0,-0.09103717654943466
5989062656.0,-0.08744066208600998
5990000128.0,-0.08765498548746109
5990937600.0,-0.0897233858704567
5991875072.0,-0.09383732825517654
5992812544.0,-0.09958667308092117
5993750016.0,-0.1067921444773674
5994687488.0,-0.11489919573068619
5995624960.0,-0.1231403723359108
5996562432.0,-0.13152669370174408
5997499904.0,-0.13937026262283325
5998437376.0,-0.1487024873495102
5999374848.0,-0.1576751321554184
6000312320.0,-0.1654423177242279
6001249792.0,-0.17415191233158112
6002187264.0,-0.18049108982086182
6003125248.0,-0.1868813931941986
6004062720.0,-0.19275598227977753
6005000192.0,-0.15361590683460236
6005937664.0,-0.16104261577129364
6006875136.0,-0.1692633181810379
6007812608.0,-0.1776512861251831
6008750080.0,-0.18716014921665192
6009687552.0,-0.1971372663974762
6010625024.0,-0.20819617807865143
6011562496.0,-0.2195090800523758
6012499968.0,-0.23228326439857483
6013437440.0,-0.2450793832540512
6014374912.0,-0.2576925754547119
6015312384.0,-0.2709836959838867
6016249856.0,-0.2848430871963501
6017187328.0,-0.2981313169002533
6018124800.0,-0.3125108480453491
6019062272.0,-0.3244708478450775
6019999744.0,-0.3365093469619751
6020937728.0,-0.34766119718551636
6021875200.0,-0.35858577489852905
6022812672.0,-0.3686566650867462
6023750144.0,-0.37640446424484253
6024687616.0,-0.384034663438797
6025625088.0,-0.38935422897338867
6026562560.0,-0.39430487155914307
6027500032.0,-0.39565756916999817
6028437504.0,-0.397326797246933
6029374976.0,-0.39615416526794434
6030312448.0,-0.39379212260246277
6031249920.0,-0.38933178782463074
6032187392.0,-0.3842625021934509
6033124864.0,-0.37610211968421936
6034062336.0,-0.3679763972759247
6034999808.0,-0.3593090772628784
6035937280.0,-0.34913164377212524
6036874752.0,-0.3379313349723816
6037812736.0,-0.3275502622127533
6038750208.0,-0.31658127903938293
6039687680.0,-0.30550599098205566
6040625152.0,-0.2937484085559845
6041562624.0,-0.28292161226272583
6042500096.0,-0.2730092406272888
6043437568.0,-0.26369935274124146
6044375040.0,-0.2545294165611267
6045312512.0,-0.24578514695167542
6046249984.0,-0.2380322813987732
6047187456.0,-0.2312622368335724
6048124928.0,-0.2246444970369339
6049062400.0,-0.22055627405643463
6049999872.0,-0.21614927053451538
6050937344.0,-0.21366886794567108
6051874816.0,-0.21174271404743195
6052812288.0,-0.21206864714622498
6053749760.0,-0.2115171253681183
6054687744.0,-0.21301095187664032
6055625216.0,-0.21522223949432373
6056562688.0,-0.21806767582893372
6057500160.0,-0.2213412970304489
6058437632.0,-0.22544099390506744
6059375104.0,-0.2306007444858551
6060312576.0,-0.23490944504737854
6061250048.0,-0.2399594783782959
6062187520.0,-0.24454380571842194
6063124992.0,-0.25056180357933044
6064062464.0,-0.25536394119262695
6064999936.0,-0.16251468658447266
6065937408.0,-0.18391956388950348
6066874880.0,-0.20484228432178497
6067812352.0,-0.22537650167942047
6068749824.0,-0.24578233063220978
6069687296.0,-0.2647213935852051
6070624768.0,-0.28469258546829224
6071562752.0,-0.3032618463039398
6072500224.0,-0.3222169876098633
6073437696.0,-0.3399069905281067
6074375168.0,-0.3553773760795593
6075312640.0,-0.3714342415332794
6076250112.0,-0.3848971426486969
6077187584.0,-0.39743348956108093
6078125056.0,-0.4101354479789734
6079062528.0,-0.4180629253387451
6080000000.0,-0.42867326736450195
6080937472.0,-0.43525975942611694
6081874944.0,-0.44098567962646484
6082812416.0,-0.44483038783073425
6083749888.0,-0.44712260365486145
6084687360.0,-0.44788751006126404
6085624832.0,-0.446814626455307
6086562304.0,-0.44378769397735596
6087499776.0,-0.44107580184936523
6088437248.0,-0.43561482429504395
6089375232.0,-0.430492103099823
6090312704.0,-0.4227999150753021
6091250176.0,-0.41458436846733093
6092187648.0,-0.40551915764808655
6093125120.0,-0.3952658176422119
6094062592.0,-0.38315486907958984
6095000064.0,-0.3713941276073456
6095937536.0,-0.3588625192642212
6096875008.0,-0.34716394543647766
6097812480.0,-0.33271077275276184
6098749952.0,-0.3183646500110626
6099687424.0,-0.3035326898097992
6100624896.0,-0.28851255774497986
6101562368.0,-0.2734571099281311
6102499840.0,-0.2581559419631958
6103437312.0,-0.2435455173254013
6104374784.0,-0.2294069528579712
6105312256.0,-0.21470023691654205
6106250240.0,-0.19985342025756836
6107187712.0,-0.18604660034179688
6108125184.0,-0.17228306829929352
6109062656.0,-0.15985870361328125
6110000128.0,-0.1470663994550705
6110937600.0,-0.13539382815361023
6111875072.0,-0.12411849945783615
6112812544.0,-0.11405355483293533
6113750016.0,-0.10464421659708023
6114687488.0,-0.09659029543399811
6115624960.0,-0.08847401291131973
6116562432.0,-0.08141493797302246
6117499904.0,-0.07560566812753677
6118437376.0,-0.07286003977060318
6119374848.0,-0.0729183778166771
6120312320.0,-0.07457421720027924
6121249792.0,-0.07836301624774933
6122187264.0,-0.08202772587537766
6123125248.0,-0.08778765797615051
6124062720.0,-0.0966644436120987
6125000192.0,-0.1502314805984497
6125937664.0,-0.16639317572116852
6126875136.0,-0.18193933367729187
6127812608.0,-0.19826188683509827
6128750080.0,-0.21426591277122498
6129687552.0,-0.23080645501613617
6130625024.0,-0.24792742729187012
6131562496.0,-0.26576870679855347
6132499968.0,-0.2826314866542816
6133437440.0,-0.29900553822517395
6134374912.0,-0.3143710792064667
6135312384.0,-0.33061981201171875
6136249856.0,-0.3461027443408966
6137187328.0,-0.3610430359840393
6138124800.0,-0.37548503279685974
6139062272.0,-0.3891117572784424
6140000256.0,-0.4016314148902893
6140937728.0,-0.4131011366844177
6141875200.0,-0.42400094866752625
6142812672.0,-0.431580513715744
6143750144.0,-0.4399999976158142
6144687616.0,-0.4480622410774231
6145625088.0,-0.45328783988952637
6146562560.0,-0.4583505690097809
6147500032.0,-0.4627408981323242
6148437504.0,-0.46533626317977905
6149374976.0,-0.4657195508480072
6150312448.0,-0.4634666442871094
6151249920.0,-0.46072670817375183
6152187392.0,-0.45532214641571045
6153124864.0,-0.4491400122642517
6154062336.0,-0.4414522647857666
6154999808.0,-0.43202275037765503
6155937280.0,-0.4225787818431854
6156874752.0,-0.41071218252182007
6157812736.0,-0.3979775011539459
6158750208.0,-0.3853474259376526
6159687680.0,-0.3714022636413574
6160625152.0,-0.3575596809387207
6161562624.0,-0.34261026978492737
6162500096.0,-0.3281693458557129
6163437568.0,-0.313684344291687
6164375040.0,-0.2990272045135498
6165312512.0,-0.2848125398159027
6166249984.0,-0.2701905071735382
6167187456.0,-0.2568764090538025
6168124928.0,-0.24249079823493958
6169062400.0,-0.22959107160568237
6169999872.0,-0.21517689526081085
6170937344.0,-0.20002083480358124
6171874816.0,-0.18766513466835022
6172812288.0,-0.17453061044216156
6173749760.0,-0.16249293088912964
6174687744.0,-0.15187475085258484
6175625216.0,-0.1430196315050125
6176562688.0,-0.13420037925243378
6177500160.0,-0.12704847753047943
6178437632.0,-0.12216000258922577
6179375104.0,-0.11809917539358139
6180312576.0,-0.11541369557380676
6181250048.0,-0.11499767005443573
6182187520.0,-0.11614241451025009
6183124992.0,-0.11838692426681519
6184062464.0,-0.12156682461500168
6184999936.0,-0.2714627981185913
6185937408.0,-0.28800079226493835
6186874880.0,-0.3042094111442566
6187812352.0,-0.321622759103775
6188749824.0,-0.33908745646476746
6189687296.0,-0.35690033435821533
6190624768.0,-0.3727825880050659
6191562752.0,-0.389108270406723
6192500224.0,-0.4040564000606537
6193437696.0,-0.417660653591156
6194375168.0,-0.4302225410938263
6195312640.0,-0.4397532343864441
6196250112.0,-0.44863811135292053
6197187584.0,-0.4560646414756775
6198125056.0,-0.4610246419906616
6199062528.0,-0.46565568447113037
6200000000.0,-0.46930834650993347
6200937472.0,-0.47106850147247314
6201874944.0,-0.47346702218055725
6202812416.0,-0.4754260182380676
6203749888.0,-0.4777492582798004
6204687360.0,-0.48046115040779114
6205624832.0,-0.48283374309539795
6206562304.0,-0.4866017997264862
6207499776.0,-0.4918287694454193
6208437248.0,-0.49862346053123474
6209375232.0,-0.5050547122955322
6210312704.0,-0.5134902000427246
6211250176.0,-0.5216464996337891
6212187648.0,-0.5293149948120117
6213125120.0,-0.5355266332626343
6214062592.0,-0.539758026599884
6215000064.0,-0.539236843585968
6215937536.0,-0.5349291563034058
6216875008.0,-0.5270785093307495
6217812480.0,-0.5182517170906067
6218749952.0,-0.5063899159431458
6219687424.0,-0.49551859498023987
6220624896.0,-0.48270371556282043
6221562368.0,-0.46888211369514465
6222499840.0,-0.4553127884864807
6223437312.0,-0.4402042627334595
6224374784.0,-0.42699766159057617
6225312256.0,-0.41379791498184204
6226250240.0,-0.4027650058269501
6227187712.0,-0.39185312390327454
6228125184.0,-0.38333213329315186
6229062656.0,-0.3736107349395752
6230000128.0,-0.3651941418647766
6230937600.0,-0.35753297805786133
6231875072.0,-0.3507860004901886
6232812544.0,-0.34429529309272766
6233750016.0,-0.33810991048812866
6234687488.0,-0.3317073881626129
6235624960.0,-0.32526320219039917
6236562432.0,-0.3176662027835846
6237499904.0,-0.31171277165412903
6238437376.0,-0.3048509657382965
6239374848.0,-0.29805052280426025
6240312320.0,-0.29139116406440735
6241249792.0,-0.28399354219436646
6242187264.0,-0.277061402797699
6243125248.0,-0.2705584466457367
6244062720.0,-0.2640167474746704
6245000192.0,-0.42741286754608154
6245937664.0,-0.4295821189880371
6246875136.0,-0.4338546693325043
6247812608.0,-0.4383230209350586
6248750080.0,-0.4464728832244873
6249687552.0,-0.4541541039943695
6250625024.0,-0.46673333644866943
6251562496.0,-0.47961175441741943
6252499968.0,-0.496879905462265
6253437440.0,-0.515609860420227
6254374912.0,-0.535437822341919
6255312384.0,-0.5582981705665588
6256249856.0,-0.5821344256401062
6257187328.0,-0.6073882579803467
6258124800.0,-0.6345621347427368
6259062272.0,-0.6625800132751465
6259999744.0,-0.6906434893608093
6260937728.0,-0.7174349427223206
6261875200.0,-0.7443719506263733
6262812672.0,-0.7675129175186157
6263750144.0,-0.7908369302749634
6264687616.0,-0.8109452724456787
6265625088.0,-0.8289949297904968
6266562560.0,-0.8434603214263916
6267500032.0,-0.8562876582145691
6268437504.0,-0.8646665811538696
6269374976.0,-0.8692455291748047
6270312448.0,-0.8709113597869873
6271249920.0,-0.8688201904296875
6272187392.0,-0.8651112914085388
6273124864.0,-0.8559897541999817
6274062336.0,-0.8447840809822083
6274999808.0,-0.8287665247917175
6275937280.0,-0.809373676776886
6276874752.0,-0.7883694171905518
6277812736.0,-0.7647939920425415
6278750208.0,-0.7392270565032959
6279687680.0,-0.7130270600318909
6280625152.0,-0.685243546962738
6281562624.0,-0.6566241979598999
6282500096.0,-0.6273649334907532
6283437568.0,-0.5979226231575012
6284375040.0,-0.5680639147758484
6285312512.0,-0.5391708612442017
6286249984.0,-0.5111010670661926
6287187456.0,-0.4831291139125824
6288124928.0,-0.45611220598220825
6289062400.0,-0.4304494559764862
6289999872.0,-0.4061349928379059
6290937344.0,-0.3847511112689972
6291874816.0,-0.36593514680862427
6292812288.0,-0.3471721410751343
6293749760.0,-0.33397793769836426
6294687744.0,-0.3232218623161316
6295625216.0,-0.3138497769832611
6296562688.0,-0.31290075182914734
6297500160.0,-0.3142038881778717
6298437632.0,-0.31912732124328613
6299375104.0,-0.32736364006996155
6300312576.0,-0.3390885591506958
6301250048.0,-0.3529350459575653
6302187520.0,-0.37059199810028076
6303124992.0,-0.38958999514579773
6304062464.0,-0.41178837418556213
6304999936.0,-0.5510557293891907
6305937408.0,-0.5724168419837952
6306874880.0,-0.595424234867096
6307812352.0,-0.6179344058036804
6308749824.0,-0.6424663066864014
6309687296.0,-0.6664814949035645
6310624768.0,-0.6908831596374512
6311562752.0,-0.7164273858070374
6312500224.0,-0.7416471838951111
6313437696.0,-0.7665913701057434
6314375168.0,-0.7927740812301636
6315312640.0,-0.8176506757736206
6316250112.0,-0.8416575789451599
6317187584.0,-0.8651548624038696
6318125056.0,-0.886348307132721
6319062528.0,-0.9064896106719971
6320000000.0,-0.9253085255622864
6320937472.0,-0.939777135848999
6321874944.0,-0.9547652006149292
6322812416.0,-0.9672395586967468
6323749888.0,-0.9768111109733582
6324687360.0,-0.9834608435630798
6325624832.0,-0.9879270792007446
6326562304.0,-0.9884731769561768
6327499776.0,-0.9858056306838989
6328437248.0,-0.9807307720184326
6329375232.0,-0.9722002744674683
6330312704.0,-0.9632283449172974
6331250176.0,-0.9499373435974121
6332187648.0,-0.9349727034568787
6333125120.0,-0.9200002551078796
6334062592.0,-0.9019176959991455
6335000064.0,-0.8836250901222229
6335937536.0,-0.8625379800796509
6336875008.0,-0.8413172960281372
6337812480.0,-0.8202835321426392
6338749952.0,-0.7972651720046997
6339687424.0,-0.7756026983261108
6340624896.0,-0.7519428730010986
6341562368.0,-0.7293659448623657
6342499840.0,-0.7073367834091187
6343437312.0,-0.6852325201034546
6344374784.0,-0.6645797491073608
6345312256.0,-0.6442058682441711
6346250240.0,-0.6253691911697388
6347187712.0,-0.6045221090316772
6348125184.0,-0.5854399800300598
6349062656.0,-0.5682314038276672
6350000128.0,-0.5525397658348083
6350937600.0,-0.5374726057052612
6351875072.0,-0.524420440196991
6352812544.0,-0.5130497813224792
6353750016.0,-0.5038262605667114
6354687488.0,-0.4974995255470276
6355624960.0,-0.4936542212963104
6356562432.0,-0.4921056032180786
6357499904.0,-0.49410635232925415
6358437376.0,-0.4984709322452545
6359374848.0,-0.5054355263710022
6360312320.0,-0.5157153606414795
6361249792.0,-0.5273803472518921
6362187264.0,-0.5429825186729431
6363125248.0,-0.55865478515625
6364062720.0,-0.5784443020820618
6365000192.0,-0.8465427756309509
6365937664.0,-0.8519338369369507
6366875136.0,-0.8599635362625122
6367812608.0,-0.8684716820716858
6368750080.0,-0.8766182065010071
6369687552.0,-0.8865146636962891
6370625024.0,-0.8961308598518372
6371562496.0,-0.9064909815788269
6372499968.0,-0.9166526794433594
6373437440.0,-0.9263655543327332
6374374912.0,-0.9361363053321838
6375312384.0,-0.9460307359695435
6376249856.0,-0.9555689692497253
6377187328.0,-0.9660903215408325
6378124800.0,-0.9736285209655762
6379062272.0,-0.9808000922203064
6380000256.0,-0.9882734417915344
6380937728.0,-0.9942535161972046
6381875200.0,-0.9999055862426758
6382812672.0,-1.0052329301834106
6383750144.0,-1.0094412565231323
6384687616.0,-1.0123788118362427
6385625088.0,-1.0152634382247925
6386562560.0,-1.0171434879302979
6387500032.0,-1.0183990001678467
6388437504.0,-1.020826816558838
6389374976.0,-1.0200960636138916
6390312448.0,-1.0191588401794434
6391249920.0,-1.0194789171218872
6392187392.0,-1.0185991525650024
6393124864.0,-1.0170650482177734
6394062336.0,-1.0159666538238525
6394999808.0,-1.0142295360565186
6395937280.0,-1.0128800868988037
6396874752.0,-1.0099878311157227
6397812736.0,-1.0075020790100098
6398750208.0,-1.0041985511779785
6399687680.0,-0.9996864199638367
6400625152.0,-0.997806966304779
6401562624.0,-0.9943386912345886
6402500096.0,-0.9930483102798462
6403437568.0,-0.9913086891174316
6404375040.0,-0.9908980131149292
6405312512.0,-0.9911221265792847
6406249984.0,-0.9910602569580078
6407187456.0,-0.9936268925666809
6408124928.0,-0.9963999390602112
6409062400.0,-0.9984782934188843
6409999872.0,-1.0033830404281616
6410937344.0,-1.009278655052185
6411874816.0,-1.013829231262207
6412812288.0,-1.02117121219635
6413749760.0,-1.0277729034423828
6414687744.0,-1.0344040393829346
6415625216.0,-1.0408855676651
6416562688.0,-1.0488572120666504
6417500160.0,-1.0577093362808228
6418437632.0,-1.0658262968063354
6419375104.0,-1.0735938549041748
6420312576.0,-1.0837801694869995
6421250048.0,-1.0919806957244873
6422187520.0,-1.0995368957519531
6423124992.0,-1.1045684814453125
6424062464.0,-1.1081100702285767
6424999936.0,-1.122873067855835
6425937408.0,-1.1329917907714844
6426874880.0,-1.1429115533828735
6427812352.0,-1.151993751525879
6428749824.0,-1.1582772731781006
6429687296.0,-1.16409170627594
6430624768.0,-1.1686183214187622
6431562752.0,-1.1704915761947632
6432500224.0,-1.1711069345474243
6433437696.0,-1.1717957258224487
6434375168.0,-1.1692885160446167
6435312640.0,-1.1664389371871948
6436250112.0,-1.1626352071762085
6437187584.0,-1.1567916870117188
6438125056.0,-1.1495659351348877
6439062528.0,-1.1410361528396606
6440000000.0,-1.1329139471054077
6440937472.0,-1.1225613355636597
6441874944.0,-1.1094766855239868
6442812416.0,-1.0986707210540771
6443749888.0,-1.0857149362564087
6444687360.0,-1.0721460580825806
6445624832.0,-1.0588951110839844
6446562304.0,-1.0458862781524658
6447499776.0,-1.03307044506073
6448437248.0,-1.0218884944915771
6449375232.0,-1.010913372039795
6450312704.0,-1.0009524822235107
6451250176.0,-0.99139404296875
6452187648.0,-0.9830229878425598
6453125120.0,-0.974713921546936
6454062592.0,-0.9659817814826965
6455000064.0,-0.9593515396118164
6455937536.0,-0.9532163739204407
6456875008.0,-0.9474179744720459
6457812480.0,-0.9431367516517639
6458749952.0,-0.9393292665481567
6459687424.0,-0.9356897473335266
6460624896.0,-0.9318587183952332
6461562368.0,-0.9286454319953918
6462499840.0,-0.926795244216919
6463437312.0,-0.9247386455535889
6464374784.0,-0.9214417338371277
6465312256.0,-0.9186459183692932
6466250240.0,-0.9156996607780457
6467187712.0,-0.9128084778785706
6468125184.0,-0.9078587889671326
6469062656.0,-0.9033381938934326
6470000128.0,-0.8993805050849915
6470937600.0,-0.8943440318107605
6471875072.0,-0.8886939287185669
6472812544.0,-0.8824180364608765
6473750016.0,-0.8782157897949219
6474687488.0,-0.8751078248023987
6475624960.0,-0.8718812465667725
6476562432.0,-0.8693386912345886
6477499904.0,-0.8653120994567871
6478437376.0,-0.8631892204284668
6479374848.0,-0.8600625991821289
6480312320.0,-0.8572136163711548
6481249792.0,-0.8555799126625061
6482187264.0,-0.8549079895019531
6483125248.0,-0.8542532920837402
6484062720.0,-0.8547312021255493
6485000192.0,-0.9580916166305542
6485937664.0,-0.963646411895752
6486875136.0,-0.9702927470207214
6487812608.0,-0.9773442149162292
6488750080.0,-0.9828973412513733
6489687552.0,-0.9880870580673218
6490625024.0,-0.9953769445419312
6491562496.0,-1.0003325939178467
6492499968.0,-1.0053051710128784
6493437440.0,-1.0100632905960083
6494374912.0,-1.013014554977417
6495312384.0,-1.0146344900131226
6496249856.0,-1.0179136991500854
6497187328.0,-1.019458532333374
6498124800.0,-1.020404577255249
6499062272.0,-1.019835114479065
6499999744.0,-1.0187963247299194
6500937728.0,-1.0155712366104126
6501875200.0,-1.0117589235305786
6502812672.0,-1.006401538848877
6503750144.0,-0.999988317489624
6504687616.0,-0.9937060475349426
6505625088.0,-0.9852344989776611
6506562560.0,-0.9769182205200195
6507500032.0,-0.9679919481277466
6508437504.0,-0.9577563405036926
6509374976.0,-0.9469578862190247
6510312448.0,-0.9356881380081177
6511249920.0,-0.9242358803749084
6512187392.0,-0.9120593667030334
6513124864.0,-0.9006487131118774
6514062336.0,-0.8890722990036011
6514999808.0,-0.8769716024398804
6515937280.0,-0.8660204410552979
6516874752.0,-0.855448305606842
6517812736.0,-0.8450666069984436
6518750208.0,-0.8344737887382507
6519687680.0,-0.8262072205543518
6520625152.0,-0.8167856335639954
6521562624.0,-0.8103678226470947
6522500096.0,-0.80288165807724
6523437568.0,-0.7982821464538574
6524375040.0,-0.794373095035553
6525312512.0,-0.7917494773864746
6526249984.0,-0.7897922396659851
6527187456.0,-0.7869810461997986
6528124928.0,-0.7866536974906921
6529062400.0,-0.7858932018280029
6529999872.0,-0.7860793471336365
6530937344.0,-0.7873698472976685
6531874816.0,-0.7897779941558838
6532812288.0,-0.7938079833984375
6533749760.0,-0.7968975305557251
6534687744.0,-0.8015366196632385
6535625216.0,-0.807614266872406
6536562688.0,-0.8127334713935852
6537500160.0,-0.8203304409980774
6538437632.0,-0.8264017701148987
6539375104.0,-0.8337228298187256
6540312576.0,-0.8425303101539612
6541250048.0,-0.8495568633079529
6542187520.0,-0.8573247790336609
6543124992.0,-0.8650380373001099
6544062464.0,-0.8725287318229675
6544999936.0,-0.866790771484375
6545937408.0,-0.8695589303970337
6546874880.0,-0.8726515769958496
6547812352.0,-0.8748970627784729
6548749824.0,-0.8783010244369507
6549687296.0,-0.8823938369750977
6550624768.0,-0.886579692363739
6551562752.0,-0.8906446099281311
6552500224.0,-0.8958457112312317
6553437696.0,-0.9015440940856934
6554375168.0,-0.9066857695579529
6555312640.0,-0.9129221439361572
6556250112.0,-0.9200857877731323
6557187584.0,-0.9284058809280396
6558125056.0,-0.9380988478660583
6559062528.0,-0.9477804899215698
6560000000.0,-0.9577205777168274
6560937472.0,-0.9689022898674011
6561874944.0,-0.980042576789856
6562812416.0,-0.9916169047355652
6563749888.0,-1.004470944404602
6564687360.0,-1.0182443857192993
6565624832.0,-1.0326820611953735
6566562304.0,-1.0455424785614014
6567499776.0,-1.0591862201690674
6568437248.0,-1.0712003707885742
6569375232.0,-1.0832774639129639
6570312704.0,-1.0946258306503296
6571250176.0,-1.1058945655822754
6572187648.0,-1.1154718399047852
6573125120.0,-1.125960350036621
6574062592.0,-1.135422706604004
6575000064.0,-1.144599437713623
6575937536.0,-1.1531742811203003
6576875008.0,-1.1606370210647583
6577812480.0,-1.166560411453247
6578749952.0,-1.1719260215759277
6579687424.0,-1.1750553846359253
6580624896.0,-1.1774762868881226
6581562368.0,-1.1781336069107056
6582499840.0,-1.1773732900619507
6583437312.0,-1.1777151823043823
6584374784.0,-1.1763527393341064
6585312256.0,-1.1734205484390259
6586250240.0,-1.1701911687850952
6587187712.0,-1.1675509214401245
6588125184.0,-1.1625416278839111
6589062656.0,-1.157429575920105
6590000128.0,-1.1512798070907593
6590937600.0,-1.147020936012268
6591875072.0,-1.1405830383300781
6592812544.0,-1.1349835395812988
6593750016.0,-1.1301063299179077
6594687488.0,-1.1266980171203613
6595624960.0,-1.1219770908355713
6596562432.0,-1.1185139417648315
6597499904.0,-1.116579532623291
6598437376.0,-1.1140003204345703
6599374848.0,-1.1132862567901611
6600312320.0,-1.1126683950424194
6601249792.0,-1.1124309301376343
6602187264.0,-1.112961769104004
6603125248.0,-1.1142876148223877
6604062720.0,-1.1173778772354126
6605000192.0,-1.1156953573226929
6605937664.0,-1.1222070455551147
6606875136.0,-1.1289770603179932
6607812608.0,-1.1368863582611084
6608750080.0,-1.1421524286270142
6609687552.0,-1.1491141319274902
6610625024.0,-1.154977798461914
6611562496.0,-1.15989351272583
6612499968.0,-1.1636561155319214
6613437440.0,-1.1681071519851685
6614374912.0,-1.1733388900756836
6615312384.0,-1.1771211624145508
6616249856.0,-1.1819572448730469
6617187328.0,-1.187314510345459
6618124800.0,-1.1931953430175781
6619062272.0,-1.199176549911499
6620000256.0,-1.2049226760864258
6620937728.0,-1.2132046222686768
6621875200.0,-1.2210707664489746
6622812672.0,-1.2298667430877686
6623750144.0,-1.2394462823867798
6624687616.0,-1.2495393753051758
6625625088.0,-1.2635384798049927
6626562560.0,-1.281775951385498
6627500032.0,-1.3012579679489136
6628437504.0,-1.3209935426712036
6629374976.0,-1.3413866758346558
6630312448.0,-1.3612772226333618
6631249920.0,-1.381379246711731
6632187392.0,-1.4025441408157349
6633124864.0,-1.4224319458007812
6634062336.0,-1.4421298503875732
6634999808.0,-1.461869239807129
6635937280.0,-1.482228398323059
6636874752.0,-1.5019501447677612
6637812736.0,-1.5205004215240479
6638750208.0,-1.5389831066131592
6639687680.0,-1.5559499263763428
6640625152.0,-1.570397138595581
6641562624.0,-1.5837090015411377
6642500096.0,-1.5983631610870361
6643437568.0,-1.6110466718673706
6644375040.0,-1.6200711727142334
6645312512.0,-1.6290256977081299
6646249984.0,-1.6371254920959473
6647187456.0,-1.6429312229156494
6648124928.0,-1.6480236053466797
6649062400.0,-1.6506397724151611
6649999872.0,-1.6531867980957031
6650937344.0,-1.6563748121261597
6651874816.0,-1.6603065729141235
6652812288.0,-1.6635226011276245
6653749760.0,-1.6677887439727783
6654687744.0,-1.6702156066894531
6655625216.0,-1.6732991933822632
6656562688.0,-1.6757432222366333
6657500160.0,-1.6793814897537231
6658437632.0,-1.6835931539535522
6659375104.0,-1.6885099411010742
6660312576.0,-1.6945035457611084
6661250048.0,-1.70042884349823
6662187520.0,-1.7112165689468384
6663124992.0,-1.720854640007019
6664062464.0,-1.7341898679733276
6664999936.0,-1.753051996231079
6665937408.0,-1.7668588161468506
6666874880.0,-1.779821753501892
6667812352.0,-1.7917464971542358
6668749824.0,-1.8048304319381714
6669687296.0,-1.8174446821212769
6670624768.0,-1.8291863203048706
6671562752.0,-1.8432886600494385
6672500224.0,-1.856691837310791
6673437696.0,-1.870904564857483
6674375168.0,-1.8845021724700928
6675312640.0,-1.8957043886184692
6676250112.0,-1.9057656526565552
6677187584.0,-1.9133542776107788
6678125056.0,-1.9174234867095947
6679062528.0,-1.9219717979431152
6680000000.0,-1.9270603656768799
6680937472.0,-1.9304847717285156
6681874944.0,-1.9341533184051514
6682812416.0,-1.9373465776443481
6683749888.0,-1.9380732774734497
6684687360.0,-1.9384437799453735
6685624832.0,-1.9399733543395996
6686562304.0,-1.9394562244415283
6687499776.0,-1.9403847455978394
6688437248.0,-1.9418834447860718
6689375232.0,-1.943946123123169
6690312704.0,-1.9491735696792603
6691250176.0,-1.9551528692245483
6692187648.0,-1.9641207456588745
6693125120.0,-1.974994421005249
6694062592.0,-1.9885118007659912
6695000064.0,-2.003150463104248
6695937536.0,-2.0178561210632324
6696875008.0,-2.034255266189575
6697812480.0,-2.052440881729126
6698749952.0,-2.0705645084381104
6699687424.0,-2.0913374423980713
6700624896.0,-2.1128780841827393
6701562368.0,-2.136655330657959
6702499840.0,-2.160665512084961
6703437312.0,-2.186728000640869
6704374784.0,-2.2128045558929443
6705312256.0,-2.2413041591644287
6706250240.0,-2.267955780029297
6707187712.0,-2.294872522354126
6708125184.0,-2.3216538429260254
6709062656.0,-2.345792293548584
6710000128.0,-2.3705413341522217
6710937600.0,-2.3925883769989014
6711875072.0,-2.4111521244049072
6712812544.0,-2.4258854389190674
6713750016.0,-2.4378774166107178
6714687488.0,-2.4469847679138184
6715624960.0,-2.451840400695801
6716562432.0,-2.454951524734497
6717499904.0,-2.4561352729797363
6718437376.0,-2.45550537109375
6719374848.0,-2.454613208770752
6720312320.0,-2.4535000324249268
6721249792.0,-2.4538891315460205
6722187264.0,-2.453537940979004
6723125248.0,-2.4551825523376465
6724062720.0,-2.459127426147461
6725000192.0,-2.437593698501587
6725937664.0,-2.4422879219055176
6726875136.0,-2.448538064956665
6727812608.0,-2.4550108909606934
6728750080.0,-2.464019536972046
6729687552.0,-2.4747042655944824
6730625024.0,-2.4880800247192383
6731562496.0,-2.5029304027557373
6732499968.0,-2.5201427936553955
6733437440.0,-2.539012908935547
6734374912.0,-2.5628719329833984
6735312384.0,-2.586961030960083
6736249856.0,-2.6126935482025146
6737187328.0,-2.6407618522644043
6738124800.0,-2.669917106628418
6739062272.0,-2.701435089111328
6739999744.0,-2.733536958694458
6740937728.0,-2.766745090484619
6741875200.0,-2.7996163368225098
6742812672.0,-2.8307783603668213
6743750144.0,-2.8629891872406006
6744687616.0,-2.894160270690918
6745625088.0,-2.924182891845703
6746562560.0,-2.9542973041534424
6747500032.0,-2.9814202785491943
6748437504.0,-3.005863904953003
6749374976.0,-3.030884265899658
6750312448.0,-3.0542948246002197
6751249920.0,-3.0741312503814697
6752187392.0,-3.094949722290039
6753124864.0,-3.1088154315948486
6754062336.0,-3.118400812149048
6754999808.0,-3.1242053508758545
6755937280.0,-3.126763343811035
6756874752.0,-3.1254618167877197
6757812736.0,-3.119239568710327
6758750208.0,-3.107879638671875
6759687680.0,-3.0945093631744385
6760625152.0,-3.0736310482025146
6761562624.0,-3.049617290496826
6762500096.0,-3.0198581218719482
6763437568.0,-2.9885404109954834
6764375040.0,-2.9506568908691406
6765312512.0,-2.9094245433807373
6766249984.0,-2.864943265914917
6767187456.0,-2.8150839805603027
6768124928.0,-2.761275053024292
6769062400.0,-2.70430588722229
6769999872.0,-2.644840717315674
6770937344.0,-2.5810000896453857
6771874816.0,-2.5195324420928955
6772812288.0,-2.4546639919281006
6773749760.0,-2.39211368560791
6774687744.0,-2.331634759902954
6775625216.0,-2.272754192352295
6776562688.0,-2.2166695594787598
6777500160.0,-2.1623525619506836
6778437632.0,-2.1162946224212646
6779375104.0,-2.0715487003326416
6780312576.0,-2.0307159423828125
6781250048.0,-1.9930994510650635
6782187520.0,-1.961307168006897
6783124992.0,-1.9312666654586792
6784062464.0,-1.905096173286438
6784999936.0,-2.357997417449951
6785937408.0,-2.3395047187805176
6786874880.0,-2.3214662075042725
6787812352.0,-2.3034493923187256
6788749824.0,-2.2866649627685547
6789687296.0,-2.2701175212860107
6790624768.0,-2.257047653198242
6791562752.0,-2.247565746307373
6792500224.0,-2.2398955821990967
6793437696.0,-2.2358508110046387
6794375168.0,-2.234523296356201
6795312640.0,-2.234807014465332
6796250112.0,-2.2368202209472656
6797187584.0,-2.241514205932617
6798125056.0,-2.2468225955963135
6799062528.0,-2.253167152404785
6800000000.0,-2.2603919506073
6800937472.0,-2.2681384086608887
6801874944.0,-2.2780473232269287
6802812416.0,-2.2868242263793945
6803749888.0,-2.3007428646087646
6804687360.0,-2.316427230834961
6805624832.0,-2.331162214279175
6806562304.0,-2.3485286235809326
6807499776.0,-2.36690354347229
6808437248.0,-2.3851938247680664
6809375232.0,-2.404080867767334
6810312704.0,-2.4209113121032715
6811250176.0,-2.43670654296875
6812187648.0,-2.4510183334350586
6813125120.0,-2.46303129196167
6814062592.0,-2.471447467803955
6815000064.0,-2.4795923233032227
6815937536.0,-2.4837608337402344
6816875008.0,-2.4865477085113525
6817812480.0,-2.4851064682006836
6818749952.0,-2.4813497066497803
6819687424.0,-2.4763567447662354
6820624896.0,-2.465301036834717
6821562368.0,-2.453158378601074
6822499840.0,-2.437993049621582
6823437312.0,-2.4176857471466064
6824374784.0,-2.394200325012207
6825312256.0,-2.3668105602264404
6826250240.0,-2.33727765083313
6827187712.0,-2.3040544986724854
6828125184.0,-2.268470287322998
6829062656.0,-2.232102155685425
6830000128.0,-2.1917107105255127
6830937600.0,-2.151935577392578
6831875072.0,-2.109213352203369
6832812544.0,-2.06412410736084
6833750016.0,-2.019285202026367
6834687488.0,-1.9751242399215698
6835624960.0,-1.9288339614868164
6836562432.0,-1.8859210014343262
6837499904.0,-1.8432343006134033
6838437376.0,-1.8032093048095703
6839374848.0,-1.765157699584961
6840312320.0,-1.7281862497329712
6841249792.0,-1.6943379640579224
6842187264.0,-1.662733554840088
6843125248.0,-1.6335948705673218
6844062720.0,-1.6063165664672852
6845000192.0,-1.500947117805481
6845937664.0,-1.4751232862472534
6846875136.0,-1.44986093044281
6847812608.0,-1.4274545907974243
6848750080.0,-1.407333254814148
6849687552.0,-1.3904802799224854
6850625024.0,-1.3783525228500366
6851562496.0,-1.3678001165390015
6852499968.0,-1.3618372678756714
6853437440.0,-1.359279990196228
6854374912.0,-1.359730839729309
6855312384.0,-1.3615590333938599
6856249856.0,-1.3680238723754883
6857187328.0,-1.3753235340118408
6858124800.0,-1.386839509010315
6859062272.0,-1.401491403579712
6860000256.0,-1.4154648780822754
6860937728.0,-1.4312864542007446
6861875200.0,-1.4490193128585815
6862812672.0,-1.4681129455566406
6863750144.0,-1.4875190258026123
6864687616.0,-1.5070785284042358
6865625088.0,-1.5260072946548462
6866562560.0,-1.5445852279663086
6867500032.0,-1.5633915662765503
6868437504.0,-1.578993558883667
6869374976.0,-1.5941637754440308
6870312448.0,-1.6080894470214844
6871249920.0,-1.6202322244644165
6872187392.0,-1.6296472549438477
6873124864.0,-1.6369514465332031
6874062336.0,-1.6426451206207275
6874999808.0,-1.6443092823028564
6875937280.0,-1.6438778638839722
6876874752.0,-1.6396245956420898
6877812736.0,-1.63241446018219
6878750208.0,-1.6231003999710083
6879687680.0,-1.6114565134048462
6880625152.0,-1.5972957611083984
6881562624.0,-1.5813730955123901
6882500096.0,-1.561654806137085
6883437568.0,-1.5411337614059448
6884375040.0,-1.517102837562561
6885312512.0,-1.4920333623886108
6886249984.0,-1.4646137952804565
6887187456.0,-1.435681700706482
6888124928.0,-1.4051790237426758
6889062400.0,-1.3750618696212769
6889999872.0,-1.3439922332763672
6890937344.0,-1.3119752407073975
6891874816.0,-1.2822633981704712
6892812288.0,-1.2492506504058838
6893749760.0,-1.2188072204589844
6894687744.0,-1.188693642616272
6895625216.0,-1.1593116521835327
6896562688.0,-1.13027822971344
6897500160.0,-1.1026952266693115
6898437632.0,-1.076717495918274
6899375104.0,-1.051578164100647
6900312576.0,-1.0293574333190918
6901250048.0,-1.0070059299468994
6902187520.0,-0.9882902503013611
6903124992.0,-0.9710344076156616
6904062464.0,-0.9562727212905884
6904999936.0,-0.9654296040534973
6905937408.0,-0.9635708928108215
6906874880.0,-0.9635104537010193
6907812352.0,-0.9643834829330444
6908749824.0,-0.9668980240821838
6909687296.0,-0.9703624248504639
6910624768.0,-0.9734376072883606
6911562752.0,-0.9763011932373047
6912500224.0,-0.9810488820075989
6913437696.0,-0.9855047464370728
6914375168.0,-0.9898094534873962
6915312640.0,-0.9956435561180115
6916250112.0,-0.9992306232452393
6917187584.0,-1.0018303394317627
6918125056.0,-1.0037802457809448
6919062528.0,-1.005109429359436
6920000000.0,-1.0038753747940063
6920937472.0,-1.000968098640442
6921874944.0,-0.995539128780365
6922812416.0,-0.9885885715484619
6923749888.0,-0.9796454906463623
6924687360.0,-0.9682214260101318
6925624832.0,-0.9556517601013184
6926562304.0,-0.9403702020645142
6927499776.0,-0.9240157008171082
6928437248.0,-0.9066968560218811
6929375232.0,-0.8875202536582947
6930312704.0,-0.868433952331543
6931250176.0,-0.8482159972190857
6932187648.0,-0.8274139761924744
6933125120.0,-0.8060504794120789
6934062592.0,-0.7840767502784729
6935000064.0,-0.760689914226532
6935937536.0,-0.7383880615234375
6936875008.0,-0.7161278128623962
6937812480.0,-0.6938580870628357
6938749952.0,-0.6728861331939697
6939687424.0,-0.651959240436554
6940624896.0,-0.6326528191566467
6941562368.0,-0.6147927045822144
6942499840.0,-0.5976451635360718
6943437312.0,-0.5824572443962097
6944374784.0,-0.5699965357780457
6945312256.0,-0.5585687756538391
6946250240.0,-0.550176739692688
6947187712.0,-0.5425429344177246
6948125184.0,-0.5364310145378113
6949062656.0,-0.5318796634674072
6950000128.0,-0.5304650664329529
6950937600.0,-0.5304691791534424
6951875072.0,-0.5313565731048584
6952812544.0,-0.5326710939407349
6953750016.0,-0.5352442264556885
6954687488.0,-0.5389795303344727
6955624960.0,-0.5448037981987
6956562432.0,-0.5525694489479065
6957499904.0,-0.5619765520095825
6958437376.0,-0.5702983736991882
6959374848.0,-0.5806577801704407
6960312320.0,-0.5905426144599915
6961249792.0,-0.6010502576828003
6962187264.0,-0.6113349199295044
6963125248.0,-0.6227757334709167
6964062720.0,-0.6333078145980835
6965000192.0,-0.5344832539558411
6965937664.0,-0.5440788269042969
6966875136.0,-0.5540639162063599
6967812608.0,-0.5635786652565002
6968750080.0,-0.573970377445221
6969687552.0,-0.5852658748626709
6970625024.0,-0.596413791179657
6971562496.0,-0.6067780256271362
6972499968.0,-0.6172255277633667
6973437440.0,-0.6297550797462463
6974374912.0,-0.6416686773300171
6975312384.0,-0.6530891060829163
6976249856.0,-0.6645810604095459
6977187328.0,-0.6759308576583862
6978124800.0,-0.6887426972389221
6979062272.0,-0.6996438503265381
6979999744.0,-0.7109697461128235
6980937728.0,-0.7231763601303101
6981875200.0,-0.7332266569137573
6982812672.0,-0.7422915101051331
6983750144.0,-0.7503451108932495
6984687616.0,-0.7571448087692261
6985625088.0,-0.7635767459869385
6986562560.0,-0.7689957618713379
6987500032.0,-0.7733983397483826
6988437504.0,-0.7788817286491394
6989374976.0,-0.7826473116874695
6990312448.0,-0.7852683067321777
6991249920.0,-0.7873808741569519
6992187392.0,-0.7870523929595947
6993124864.0,-0.7867491841316223
6994062336.0,-0.7835878729820251
6994999808.0,-0.780199408531189
6995937280.0,-0.774578869342804
6996874752.0,-0.7684165239334106
6997812736.0,-0.7605603337287903
6998750208.0,-0.7516170144081116
6999687680.0,-0.7419383525848389
7000625152.0,-0.7319162487983704
7001562624.0,-0.7201234102249146
7002500096.0,-0.7082358598709106
7003437568.0,-0.6953116059303284
7004375040.0,-0.6836045384407043
7005312512.0,-0.670232892036438
7006249984.0,-0.6557877659797668
7007187456.0,-0.6395832300186157
7008124928.0,-0.6231775283813477
7009062400.0,-0.60447096824646
7009999872.0,-0.5866816639900208
7010937344.0,-0.5688732862472534
7011874816.0,-0.5527984499931335
7012812288.0,-0.5353755354881287
7013749760.0,-0.5199479460716248
7014687744.0,-0.5043687224388123
7015625216.0,-0.48854583501815796
7016562688.0,-0.47357994318008423
7017500160.0,-0.4599032700061798
7018437632.0,-0.44431087374687195
7019375104.0,-0.43068432807922363
7020312576.0,-0.41765767335891724
7021250048.0,-0.40513983368873596
7022187520.0,-0.3926023244857788
7023124992.0,-0.3815377652645111
7024062464.0,-0.3709142208099365
7024999936.0,-0.29013171792030334
7025937408.0,-0.2944376468658447
7026874880.0,-0.29840806126594543
7027812352.0,-0.3044898808002472
7028749824.0,-0.3127082586288452
7029687296.0,-0.32019948959350586
7030624768.0,-0.32921144366264343
7031562752.0,-0.3386450409889221
7032500224.0,-0.35024595260620117
7033437696.0,-0.36396127939224243
7034375168.0,-0.37649857997894287
7035312640.0,-0.39118537306785583
7036250112.0,-0.4049469232559204
7037187584.0,-0.4185546040534973
7038125056.0,-0.43331000208854675
7039062528.0,-0.4470047354698181
7040000000.0,-0.46161091327667236
7040937472.0,-0.4757296144962311
7041874944.0,-0.4908420145511627
7042812416.0,-0.5046181678771973
7043749888.0,-0.5188953876495361
7044687360.0,-0.532504141330719
7045624832.0,-0.5440371632575989
7046562304.0,-0.5568068623542786
7047499776.0,-0.5675737261772156
7048437248.0,-0.5774483680725098
7049375232.0,-0.5863049030303955
7050312704.0,-0.5939417481422424
7051250176.0,-0.6012607216835022
7052187648.0,-0.6060818433761597
7053125120.0,-0.6113219857215881
7054062592.0,-0.613653302192688
7055000064.0,-0.6146231889724731
7055937536.0,-0.6144389510154724
7056875008.0,-0.6138132810592651
7057812480.0,-0.6122896671295166
7058749952.0,-0.6120671629905701
7059687424.0,-0.6106380224227905
7060624896.0,-0.6067678332328796
7061562368.0,-0.6020179390907288
7062499840.0,-0.5960395932197571
7063437312.0,-0.5878175497055054
7064374784.0,-0.5786718130111694
7065312256.0,-0.5687373280525208
7066250240.0,-0.5570350289344788
7067187712.0,-0.5451570749282837
7068125184.0,-0.5329206585884094
7069062656.0,-0.5206990242004395
7070000128.0,-0.507393479347229
7070937600.0,-0.493507444858551
7071875072.0,-0.48032140731811523
7072812544.0,-0.46579691767692566
7073750016.0,-0.4502691626548767
7074687488.0,-0.434693843126297
7075624960.0,-0.41923993825912476
7076562432.0,-0.40269535779953003
7077499904.0,-0.3859380781650543
7078437376.0,-0.3698396682739258
7079374848.0,-0.35265257954597473
7080312320.0,-0.3369000256061554
7081249792.0,-0.3204585611820221
7082187264.0,-0.30405351519584656
7083125248.0,-0.28923749923706055
7084062720.0,-0.27452316880226135
7085000192.0,-0.3377213776111603
7085937664.0,-0.32710298895835876
7086875136.0,-0.3166276216506958
7087812608.0,-0.3069472908973694
7088750080.0,-0.29813507199287415
7089687552.0,-0.2901214361190796
7090625024.0,-0.2834312617778778
7091562496.0,-0.27653202414512634
7092499968.0,-0.2715674936771393
7093437440.0,-0.2680490016937256
7094374912.0,-0.2644580602645874
7095312384.0,-0.26332372426986694
7096249856.0,-0.262870728969574
7097187328.0,-0.26404446363449097
7098124800.0,-0.2667541801929474
7099062272.0,-0.271109938621521
7100000256.0,-0.27666032314300537
7100937728.0,-0.28439414501190186
7101875200.0,-0.29312828183174133
7102812672.0,-0.30424806475639343
7103750144.0,-0.316567063331604
7104687616.0,-0.33084654808044434
7105625088.0,-0.3451898992061615
7106562560.0,-0.3625161945819855
7107500032.0,-0.381020188331604
7108437504.0,-0.3991645872592926
7109374976.0,-0.41991519927978516
7110312448.0,-0.44202566146850586
7111249920.0,-0.46319058537483215
7112187392.0,-0.4858130216598511
7113124864.0,-0.508826732635498
7114062336.0,-0.5317245125770569
7114999808.0,-0.5542469620704651
7115937280.0,-0.5762781500816345
7116874752.0,-0.5982939600944519
7117812736.0,-0.6199016571044922
7118750208.0,-0.6410640478134155
7119687680.0,-0.6604572534561157
7120625152.0,-0.678092360496521
7121562624.0,-0.696201503276825
7122500096.0,-0.7115784883499146
7123437568.0,-0.7247399687767029
7124375040.0,-0.7364904284477234
7125312512.0,-0.7461286783218384
7126249984.0,-0.753787636756897
7127187456.0,-0.7601043581962585
7128124928.0,-0.763148307800293
7129062400.0,-0.7647902965545654
7129999872.0,-0.7641225457191467
7130937344.0,-0.7614401578903198
7131874816.0,-0.7570101618766785
7132812288.0,-0.7508038282394409
7133749760.0,-0.7409409284591675
7134687744.0,-0.7300620675086975
7135625216.0,-0.7174468636512756
7136562688.0,-0.7020018100738525
7137500160.0,-0.6859698295593262
7138437632.0,-0.6676188111305237
7139375104.0,-0.6493379473686218
7140312576.0,-0.627718448638916
7141250048.0,-0.606586754322052
7142187520.0,-0.5837364196777344
7143124992.0,-0.5618640780448914
7144062464.0,-0.44578036665916443
7144999936.0,-0.4409543573856354
7145937408.0,-0.43854445219039917
7146874880.0,-0.43577951192855835
7147812352.0,-0.43126264214515686
7148749824.0,-0.42899638414382935
7149687296.0,-0.42611443996429443
7150624768.0,-0.4251348376274109
7151562752.0,-0.42270562052726746
7152500224.0,-0.4229775667190552
7153437696.0,-0.42261502146720886
7154375168.0,-0.4242720901966095
7155312640.0,-0.4271109402179718
7156250112.0,-0.43184399604797363
7157187584.0,-0.4378894567489624
7158125056.0,-0.4457627534866333
7159062528.0,-0.45456060767173767
7160000000.0,-0.4636397063732147
7160937472.0,-0.4698314666748047
7161874944.0,-0.4785974621772766
7162812416.0,-0.48672762513160706
7163749888.0,-0.4961763620376587
7164687360.0,-0.5062217116355896
7165624832.0,-0.5160994529724121
7166562304.0,-0.5270416140556335
7167499776.0,-0.5382770299911499
7168437248.0,-0.5471624135971069
7169375232.0,-0.5554103851318359
7170312704.0,-0.5644770860671997
7171250176.0,-0.5716790556907654
7172187648.0,-0.5773409605026245
7173125120.0,-0.5810139775276184
7174062592.0,-0.5842346549034119
7175000064.0,-0.5848300457000732
7175937536.0,-0.5847790837287903
7176875008.0,-0.5820545554161072
7177812480.0,-0.5786764621734619
7178749952.0,-0.5746103525161743
7179687424.0,-0.5681031346321106
7180624896.0,-0.5607572197914124
7181562368.0,-0.552088737487793
7182499840.0,-0.541788637638092
7183437312.0,-0.5310106873512268
7184374784.0,-0.5177151560783386
7185312256.0,-0.5047168731689453
7186250240.0,-0.4872502386569977
7187187712.0,-0.470167875289917
7188125184.0,-0.4513450860977173
7189062656.0,-0.43236908316612244
7190000128.0,-0.4121644198894501
7190937600.0,-0.393022358417511
7191875072.0,-0.3739447295665741
7192812544.0,-0.3547859489917755
7193750016.0,-0.33485808968544006
7194687488.0,-0.316989541053772
7195624960.0,-0.2988184690475464
7196562432.0,-0.28194716572761536
7197499904.0,-0.267642617225647
7198437376.0,-0.25499385595321655
7199374848.0,-0.24313494563102722
7200312320.0,-0.233468696475029
7201249792.0,-0.22602961957454681
7202187264.0,-0.22135169804096222
7203125248.0,-0.2188711166381836
7204062720.0,-0.33227258920669556
7205000192.0,-0.3471589684486389
7205937664.0,-0.3632454574108124
7206875136.0,-0.38147008419036865
7207812608.0,-0.40337222814559937
7208750080.0,-0.4260503053665161
7209687552.0,-0.452978253364563
7210625024.0,-0.48025307059288025
7211562496.0,-0.5107868909835815
7212499968.0,-0.5441645979881287
7213437440.0,-0.5768517851829529
7214374912.0,-0.6131596565246582
7215312384.0,-0.6471086740493774
7216249856.0,-0.6807636618614197
7217187328.0,-0.7125329375267029
7218124800.0,-0.7432782649993896
7219062272.0,-0.7748309373855591
7219999744.0,-0.801001250743866
7220937728.0,-0.8238792419433594
7221875200.0,-0.8448036909103394
7222812672.0,-0.8606667518615723
7223750144.0,-0.8731791377067566
7224687616.0,-0.8823822140693665
7225625088.0,-0.8865939974784851
7226562560.0,-0.8855719566345215
7227500032.0,-0.882183849811554
7228437504.0,-0.8725281953811646
7229374976.0,-0.8601933717727661
7230312448.0,-0.8424568176269531
7231249920.0,-0.8209156394004822
7232187392.0,-0.7957321405410767
7233124864.0,-0.7670145034790039
7234062336.0,-0.7351910471916199
7234999808.0,-0.6990472674369812
7235937280.0,-0.6626537442207336
7236874752.0,-0.6253650784492493
7237812736.0,-0.5860996246337891
7238750208.0,-0.5449517369270325
7239687680.0,-0.5029051303863525
7240625152.0,-0.46093401312828064
7241562624.0,-0.4185550808906555
7242500096.0,-0.3755480647087097
7243437568.0,-0.3324323296546936
7244375040.0,-0.29155704379081726
7245312512.0,-0.25126683712005615
7246249984.0,-0.21256715059280396
7247187456.0,-0.17508317530155182
7248124928.0,-0.13979016244411469
7249062400.0,-0.10651162266731262
7249999872.0,-0.07713409513235092
7250937344.0,-0.04974830523133278
7251874816.0,-0.026453964412212372
7252812288.0,-0.0063937995582818985
7253749760.0,0.010076693259179592
7254687744.0,0.022796042263507843
7255625216.0,0.03261687979102135
7256562688.0,0.0365031361579895
7257500160.0,0.03705321624875069
7258437632.0,0.03229336440563202
7259375104.0,0.023894434794783592
7260312576.0,0.011912457644939423
7261250048.0,-0.0030641963239759207
7262187520.0,-0.023887909948825836
7263124992.0,-0.04919987916946411
7264062464.0,-0.2996155321598053
7264999936.0,-0.29773953557014465
7265937408.0,-0.29684215784072876
7266874880.0,-0.3006267845630646
7267812352.0,-0.30550089478492737
7268749824.0,-0.3132249414920807
7269687296.0,-0.3239790201187134
7270624768.0,-0.3359755575656891
7271562752.0,-0.3490464985370636
7272500224.0,-0.36379846930503845
7273437696.0,-0.38040727376937866
7274375168.0,-0.39692842960357666
7275312640.0,-0.41445842385292053
7276250112.0,-0.4316155016422272
7277187584.0,-0.4497464895248413
7278125056.0,-0.46540114283561707
7279062528.0,-0.48008105158805847
7280000000.0,-0.4951575994491577
7280937472.0,-0.50702303647995
7281874944.0,-0.5169685482978821
7282812416.0,-0.5261259078979492
7283749888.0,-0.5339826345443726
7284687360.0,-0.5384097695350647
7285624832.0,-0.539507269859314
7286562304.0,-0.5415341854095459
7287499776.0,-0.5414997935295105
7288437248.0,-0.5400189757347107
7289375232.0,-0.5361763834953308
7290312704.0,-0.5301674604415894
7291250176.0,-0.5221009850502014
7292187648.0,-0.511837899684906
7293125120.0,-0.4995454251766205
7294062592.0,-0.4859381914138794
7295000064.0,-0.4717237651348114
7295937536.0,-0.4553929269313812
7296875008.0,-0.43831485509872437
7297812480.0,-0.4211406707763672
7298749952.0,-0.4028100371360779
7299687424.0,-0.3848632872104645
7300624896.0,-0.36588355898857117
7301562368.0,-0.3476419150829315
7302499840.0,-0.33060604333877563
7303437312.0,-0.3143864870071411
7304374784.0,-0.298801988363266
7305312256.0,-0.28406471014022827
7306250240.0,-0.2706986665725708
7307187712.0,-0.25962913036346436
7308125184.0,-0.24862797558307648
7309062656.0,-0.2408614605665207
7310000128.0,-0.23355625569820404
7310937600.0,-0.22645440697669983
7311875072.0,-0.22213058173656464
7312812544.0,-0.2184661626815796
7313750016.0,-0.21671222150325775
7314687488.0,-0.2147180736064911
7315624960.0,-0.21360841393470764
7316562432.0,-0.21201346814632416
7317499904.0,-0.21015655994415283
7318437376.0,-0.2081901878118515
7319374848.0,-0.20480161905288696
7320312320.0,-0.20082716643810272
7321249792.0,-0.1945609748363495
7322187264.0,-0.18723882734775543
7323125248.0,-0.17795926332473755
7324062720.0,-0.32084938883781433
7325000192.0,-0.2988305389881134
7325937664.0,-0.27531230449676514
7326875136.0,-0.2496892362833023
7327812608.0,-0.22164036333560944
7328750080.0,-0.1948723942041397
7329687552.0,-0.1676546186208725
7330625024.0,-0.14052627980709076
7331562496.0,-0.11656499654054642
7332499968.0,-0.09181461483240128
7333437440.0,-0.07360102236270905
7334374912.0,-0.055737510323524475
7335312384.0,-0.04494162276387215
7336249856.0,-0.036906469613313675
7337187328.0,-0.03506965562701225
7338124800.0,-0.03713051602244377
7339062272.0,-0.04202531650662422
7340000256.0,-0.04987604171037674
7340937728.0,-0.0628829076886177
7341875200.0,-0.07968877255916595
7342812672.0,-0.10088144242763519
7343750144.0,-0.12411606311798096
7344687616.0,-0.1482980102300644
7345625088.0,-0.17580178380012512
7346562560.0,-0.2017492949962616
7347500032.0,-0.22789816558361053
7348437504.0,-0.2517845630645752
7349374976.0,-0.2727377712726593
7350312448.0,-0.2904408574104309
7351249920.0,-0.30606794357299805
7352187392.0,-0.3154933452606201
7353124864.0,-0.3210615813732147
7354062336.0,-0.321601003408432
7354999808.0,-0.31800639629364014
7355937280.0,-0.30875515937805176
7356874752.0,-0.2966552972793579
7357812736.0,-0.2781386375427246
7358750208.0,-0.2571284770965576
7359687680.0,-0.23268438875675201
7360625152.0,-0.2046855390071869
7361562624.0,-0.17522841691970825
7362500096.0,-0.14414194226264954
7363437568.0,-0.11225235462188721
7364375040.0,-0.07878381013870239
7365312512.0,-0.044921353459358215
7366249984.0,-0.015174347907304764
7367187456.0,0.013394493609666824
7368124928.0,0.03753683343529701
7369062400.0,0.057457368820905685
7369999872.0,0.07283933460712433
7370937344.0,0.084370918571949
7371874816.0,0.09367788583040237
7372812288.0,0.09896598756313324
7373749760.0,0.10241881757974625
7374687744.0,0.10393715649843216
7375625216.0,0.10443367809057236
7376562688.0,0.10447972267866135
7377500160.0,0.10350365191698074
7378437632.0,0.10038183629512787
7379375104.0,0.09682632237672806
7380312576.0,0.09088017046451569
7381250048.0,0.08435267955064774
7382187520.0,0.07682228088378906
7383124992.0,0.06810268759727478
7384062464.0,-0.23277173936367035
7384999936.0,-0.24857477843761444
7385937408.0,-0.2657817602157593
7386874880.0,-0.2813681364059448
7387812352.0,-0.29688549041748047
7388749824.0,-0.3112938106060028
7389687296.0,-0.3230963945388794
7390624768.0,-0.33278709650039673
7391562752.0,-0.33971813321113586
7392500224.0,-0.34392625093460083
7393437696.0,-0.34402212500572205
7394375168.0,-0.3420617878437042
7395312640.0,-0.33743977546691895
7396250112.0,-0.32572442293167114
7397187584.0,-0.31314948201179504
7398125056.0,-0.2965058386325836
7399062528.0,-0.2769450545310974
7400000000.0,-0.2530098557472229
7400937472.0,-0.22662608325481415
7401874944.0,-0.19746482372283936
7402812416.0,-0.1666717827320099
7403749888.0,-0.1338702142238617
7404687360.0,-0.09891526401042938
7405624832.0,-0.06465218216180801
7406562304.0,-0.027492810040712357
7407499776.0,0.00853035319596529
7408437248.0,0.04564796760678291
7409375232.0,0.08132804185152054
7410312704.0,0.11513768136501312
7411250176.0,0.14789466559886932
7412187648.0,0.17834241688251495
7413125120.0,0.206777423620224
7414062592.0,0.2323775291442871
7415000064.0,0.2553400695323944
7415937536.0,0.276244193315506
7416875008.0,0.2928417921066284
7417812480.0,0.30694690346717834
7418749952.0,0.3179588317871094
7419687424.0,0.3235964775085449
7420624896.0,0.32683470845222473
7421562368.0,0.32567092776298523
7422499840.0,0.32118603587150574
7423437312.0,0.31514814496040344
7424374784.0,0.303838849067688
7425312256.0,0.2887668013572693
7426250240.0,0.2710112929344177
7427187712.0,0.25060227513313293
7428125184.0,0.22807374596595764
7429062656.0,0.2022048979997635
7430000128.0,0.17440271377563477
7430937600.0,0.14557822048664093
7431875072.0,0.11451762169599533
7432812544.0,0.0837654247879982
7433750016.0,0.050430119037628174
7434687488.0,0.018712038174271584
7435624960.0,-0.014657814055681229
7436562432.0,-0.04662683978676796
7437499904.0,-0.07779991626739502
7438437376.0,-0.10783882439136505
7439374848.0,-0.13577522337436676
7440312320.0,-0.1652611643075943
7441249792.0,-0.19243361055850983
7442187264.0,-0.21882760524749756
7443125248.0,-0.24295693635940552
7444062720.0,0.017444191500544548
7445000192.0,0.0011801336659118533
7445937664.0,-0.015893105417490005
7446875136.0,-0.031794365495443344
7447812608.0,-0.04847061634063721
7448750080.0,-0.06441840529441833
7449687552.0,-0.0819222554564476
7450625024.0,-0.09506721794605255
7451562496.0,-0.10912696272134781
7452499968.0,-0.12018676847219467
7453437440.0,-0.1301121562719345
7454374912.0,-0.13745708763599396
7455312384.0,-0.14448900520801544
7456249856.0,-0.1475830227136612
7457187328.0,-0.14815787971019745
7458124800.0,-0.14568376541137695
7459062272.0,-0.14376826584339142
7459999744.0,-0.13748687505722046
7460937728.0,-0.12930303812026978
7461875200.0,-0.12251303344964981
7462812672.0,-0.11190714687108994
7463750144.0,-0.10170372575521469
7464687616.0,-0.09058082103729248
7465625088.0,-0.08085468411445618
7466562560.0,-0.07292957603931427
7467500032.0,-0.06367837637662888
7468437504.0,-0.05631402134895325
7469374976.0,-0.048527032136917114
7470312448.0,-0.042764585465192795
7471249920.0,-0.03774332255125046
7472187392.0,-0.033487718552351
7473124864.0,-0.03077981062233448
7474062336.0,-0.029823429882526398
7474999808.0,-0.030496889725327492
7475937280.0,-0.03153466805815697
7476874752.0,-0.0348539762198925
7477812736.0,-0.04046254605054855
7478750208.0,-0.0468176007270813
7479687680.0,-0.053926363587379456
7480625152.0,-0.06322195380926132
7481562624.0,-0.07410865277051926
7482500096.0,-0.08469455689191818
7483437568.0,-0.09612169116735458
7484375040.0,-0.10780295729637146
7485312512.0,-0.11989918351173401
7486249984.0,-0.13230113685131073
7487187456.0,-0.14352740347385406
7488124928.0,-0.15391920506954193
7489062400.0,-0.16447310149669647
7489999872.0,-0.1731504648923874
7490937344.0,-0.17992645502090454
7491874816.0,-0.1841357797384262
7492812288.0,-0.1880805343389511
7493749760.0,-0.18851310014724731
7494687744.0,-0.18830077350139618
7495625216.0,-0.18369993567466736
7496562688.0,-0.1802750676870346
7497500160.0,-0.17285482585430145
7498437632.0,-0.16482751071453094
7499375104.0,-0.1564362496137619
7500312576.0,-0.14531543850898743
7501250048.0,-0.13562758266925812
7502187520.0,-0.12605907022953033
7503124992.0,-0.116098552942276
7504062464.0,-0.07821324467658997
7504999936.0,-0.0538586750626564
7505937408.0,-0.03212819620966911
7506874880.0,-0.014075109735131264
7507812352.0,0.0006802927237004042
7508749824.0,0.011342659592628479
7509687296.0,0.017739662900567055
7510624768.0,0.020566727966070175
7511562752.0,0.01908399723470211
7512500224.0,0.013902543112635612
7513437696.0,0.005723048932850361
7514375168.0,-0.006575820967555046
7515312640.0,-0.020349295809864998
7516250112.0,-0.035652730613946915
7517187584.0,-0.05119457095861435
7518125056.0,-0.0658411905169487
7519062528.0,-0.08244088292121887
7520000000.0,-0.09873148798942566
7520937472.0,-0.11448610574007034
7521874944.0,-0.1262844055891037
7522812416.0,-0.137806698679924
7523749888.0,-0.1481604278087616
7524687360.0,-0.1537117063999176
7525624832.0,-0.1581377536058426
7526562304.0,-0.159694641828537
7527499776.0,-0.1582428216934204
7528437248.0,-0.1539178490638733
7529375232.0,-0.14759184420108795
7530312704.0,-0.1390198916196823
7531250176.0,-0.12778358161449432
7532187648.0,-0.11544208973646164
7533125120.0,-0.10097759962081909
7534062592.0,-0.0877031460404396
7535000064.0,-0.07305821031332016
7535937536.0,-0.058909669518470764
7536875008.0,-0.046763546764850616
7537812480.0,-0.03760162368416786
7538749952.0,-0.029849547892808914
7539687424.0,-0.02435958944261074
7540624896.0,-0.022867770865559578
7541562368.0,-0.024370990693569183
7542499840.0,-0.02881481684744358
7543437312.0,-0.038427822291851044
7544374784.0,-0.05258006975054741
7545312256.0,-0.06898361444473267
7546250240.0,-0.09043406695127487
7547187712.0,-0.11518821865320206
7548125184.0,-0.1428607702255249
7549062656.0,-0.17192861437797546
7550000128.0,-0.20247012376785278
7550937600.0,-0.2319924235343933
7551875072.0,-0.2617943286895752
7552812544.0,-0.2897396683692932
7553750016.0,-0.3138904869556427
7554687488.0,-0.3370370864868164
7555624960.0,-0.35570028424263
7556562432.0,-0.37268027663230896
7557499904.0,-0.38740596175193787
7558437376.0,-0.40202265977859497
7559374848.0,-0.41358667612075806
7560312320.0,-0.42487403750419617
7561249792.0,-0.4359295070171356
7562187264.0,-0.4471498429775238
7563125248.0,-0.45761507749557495
7564062720.0,-0.4315897822380066
7565000192.0,-0.4152340590953827
7565937664.0,-0.39771801233291626
7566875136.0,-0.3781762719154358
7567812608.0,-0.354520320892334
7568750080.0,-0.3295554220676422
7569687552.0,-0.3031429648399353
7570625024.0,-0.2765696942806244
7571562496.0,-0.24897907674312592
7572499968.0,-0.22093269228935242
7573437440.0,-0.19146305322647095
7574374912.0,-0.16308964788913727
7575312384.0,-0.1354440599679947
7576249856.0,-0.1081506535410881
7577187328.0,-0.08326137810945511
7578124800.0,-0.0586770623922348
7579062272.0,-0.035083550959825516
7580000256.0,-0.01383113395422697
7580937728.0,0.005916066467761993
7581875200.0,0.022440090775489807
7582812672.0,0.03817303851246834
7583750144.0,0.05111183226108551
7584687616.0,0.06265277415513992
7585625088.0,0.07056333869695663
7586562560.0,0.07541247457265854
7587500032.0,0.07978376001119614
7588437504.0,0.08060431480407715
7589374976.0,0.07790355384349823
7590312448.0,0.07357201725244522
7591249920.0,0.06775832176208496
7592187392.0,0.058732807636260986
7593124864.0,0.04937482625246048
7594062336.0,0.03864658623933792
7594999808.0,0.026703786104917526
7595937280.0,0.011650129221379757
7596874752.0,-0.004290620796382427
7597812736.0,-0.02175651490688324
7598750208.0,-0.03940968960523605
7599687680.0,-0.05852930620312691
7600625152.0,-0.07731753587722778
7601562624.0,-0.09631691128015518
7602500096.0,-0.11531871557235718
7603437568.0,-0.13422435522079468
7604375040.0,-0.1515301913022995
7605312512.0,-0.1696973741054535
7606249984.0,-0.18681663274765015
7607187456.0,-0.20198595523834229
7608124928.0,-0.21582567691802979
7609062400.0,-0.2296459674835205
7609999872.0,-0.2410658299922943
7610937344.0,-0.2515922784805298
7611874816.0,-0.261355459690094
7612812288.0,-0.26928725838661194
7613749760.0,-0.27613937854766846
7614687744.0,-0.28131362795829773
7615625216.0,-0.28431418538093567
7616562688.0,-0.2880896329879761
7617500160.0,-0.2911819815635681
7618437632.0,-0.29200389981269836
7619375104.0,-0.2961384057998657
7620312576.0,-0.29904529452323914
7621250048.0,-0.30223721265792847
7622187520.0,-0.30543988943099976
7623124992.0,-0.30746763944625854
7624062464.0,-0.30396685004234314
7624999936.0,-0.30820873379707336
7625937408.0,-0.3121737539768219
7626874880.0,-0.31281614303588867
7627812352.0,-0.31130218505859375
7628749824.0,-0.3079966902732849
7629687296.0,-0.30408182740211487
7630624768.0,-0.2966982126235962
7631562752.0,-0.2880723178386688
7632500224.0,-0.2787257134914398
7633437696.0,-0.2683897018432617
7634375168.0,-0.256620854139328
7635312640.0,-0.2453635036945343
7636250112.0,-0.23204724490642548
7637187584.0,-0.21880844235420227
7638125056.0,-0.20569081604480743
7639062528.0,-0.19302251935005188
7640000000.0,-0.17946748435497284
7640937472.0,-0.16693401336669922
7641874944.0,-0.1560845673084259
7642812416.0,-0.14583396911621094
7643749888.0,-0.13653317093849182
7644687360.0,-0.1308603286743164
7645624832.0,-0.1273677796125412
7646562304.0,-0.12381954491138458
7647499776.0,-0.12261978536844254
7648437248.0,-0.12270215898752213
7649375232.0,-0.12351415306329727
7650312704.0,-0.12449033558368683
7651250176.0,-0.12858609855175018
7652187648.0,-0.13307182490825653
7653125120.0,-0.13859322667121887
7654062592.0,-0.14496538043022156
7655000064.0,-0.15214619040489197
7655937536.0,-0.1592143326997757
7656875008.0,-0.1670728474855423
7657812480.0,-0.17601296305656433
7658749952.0,-0.18444593250751495
7659687424.0,-0.19288389384746552
7660624896.0,-0.20135219395160675
7661562368.0,-0.20863273739814758
7662499840.0,-0.21699340641498566
7663437312.0,-0.2244999259710312
7664374784.0,-0.230926051735878
7665312256.0,-0.23748554289340973
7666250240.0,-0.2430332750082016
7667187712.0,-0.24736225605010986
7668125184.0,-0.25088462233543396
7669062656.0,-0.25317680835723877
7670000128.0,-0.2533113658428192
7670937600.0,-0.25304165482521057
7671875072.0,-0.2502208948135376
7672812544.0,-0.24648040533065796
7673750016.0,-0.24289622902870178
7674687488.0,-0.23828227818012238
7675624960.0,-0.23220232129096985
7676562432.0,-0.22564296424388885
7677499904.0,-0.2173050493001938
7678437376.0,-0.20983630418777466
7679374848.0,-0.20190738141536713
7680312320.0,-0.1932029277086258
7681249792.0,-0.18450187146663666
7682187264.0,-0.174720898270607
7683125248.0,-0.16595754027366638
7684062720.0,0.07428257912397385
7685000192.0,0.08554723858833313
7685937664.0,0.09574750065803528
7686875136.0,0.10202647000551224
7687812608.0,0.1067613810300827
7688750080.0,0.10835477709770203
7689687552.0,0.10782124102115631
7690625024.0,0.10422895103693008
7691562496.0,0.10024067014455795
7692499968.0,0.09115868806838989
7693437440.0,0.08087542653083801
7694374912.0,0.06850447505712509
7695312384.0,0.053303033113479614
7696249856.0,0.03478646278381348
7697187328.0,0.01579623483121395
7698124800.0,-0.006517270114272833
7699062272.0,-0.028579704463481903
7699999744.0,-0.051531676203012466
7700937728.0,-0.07571969926357269
7701875200.0,-0.09948068112134933
7702812672.0,-0.12399215996265411
7703750144.0,-0.14788146317005157
7704687616.0,-0.17002128064632416
7705625088.0,-0.1926819384098053
7706562560.0,-0.2133219838142395
7707500032.0,-0.23119908571243286
7708437504.0,-0.24920691549777985
7709374976.0,-0.2652047574520111
7710312448.0,-0.2784314751625061
7711249920.0,-0.2914580702781677
7712187392.0,-0.30153197050094604
7713124864.0,-0.3092145025730133
7714062336.0,-0.31562238931655884
7714999808.0,-0.3204272985458374
7715937280.0,-0.32317686080932617
7716874752.0,-0.32344886660575867
7717812736.0,-0.32271626591682434
7718750208.0,-0.3207862675189972
7719687680.0,-0.3181504011154175
7720625152.0,-0.3118487000465393
7721562624.0,-0.306192547082901
7722500096.0,-0.29799020290374756
7723437568.0,-0.2898874580860138
7724375040.0,-0.2817521095275879
7725312512.0,-0.27446091175079346
7726249984.0,-0.2646101713180542
7727187456.0,-0.25641846656799316
7728124928.0,-0.24877797067165375
7729062400.0,-0.24224445223808289
7729999872.0,-0.23336249589920044
7730937344.0,-0.2272927165031433
7731874816.0,-0.22089800238609314
7732812288.0,-0.21517924964427948
7733749760.0,-0.21195246279239655
7734687744.0,-0.20696447789669037
7735625216.0,-0.20452560484409332
7736562688.0,-0.20240218937397003
7737500160.0,-0.20116256177425385
7738437632.0,-0.2014234960079193
7739375104.0,-0.20276468992233276
7740312576.0,-0.20485107600688934
7741250048.0,-0.20850399136543274
7742187520.0,-0.21310696005821228
7743124992.0,-0.21752242743968964
7744062464.0,-0.16973091661930084
7744999936.0,-0.13474835455417633
7745937408.0,-0.0956946611404419
7746874880.0,-0.05668510124087334
7747812352.0,-0.018190667033195496
7748749824.0,0.018137706443667412
7749687296.0,0.05358412489295006
7750624768.0,0.08516250550746918
7751562752.0,0.11487841606140137
7752500224.0,0.14102499186992645
7753437696.0,0.16354666650295258
7754375168.0,0.1836927980184555
7755312640.0,0.1986074298620224
7756250112.0,0.211223766207695
7757187584.0,0.21960072219371796
7758125056.0,0.22463226318359375
7759062528.0,0.2260141521692276
7760000000.0,0.22537796199321747
7760937472.0,0.221102774143219
7761874944.0,0.21412138640880585
7762812416.0,0.20382419228553772
7763749888.0,0.19157181680202484
7764687360.0,0.17748530209064484
7765624832.0,0.16057226061820984
7766562304.0,0.14267703890800476
7767499776.0,0.12344639748334885
7768437248.0,0.10395092517137527
7769375232.0,0.08229181915521622
7770312704.0,0.06055565923452377
7771250176.0,0.039421796798706055
7772187648.0,0.018295977264642715
7773125120.0,-0.0021321289241313934
7774062592.0,-0.02240082435309887
7775000064.0,-0.04207777976989746
7775937536.0,-0.06265069544315338
7776875008.0,-0.08180560916662216
7777812480.0,-0.09983159601688385
7778749952.0,-0.11776148527860641
7779687424.0,-0.1338903158903122
7780624896.0,-0.14992935955524445
7781562368.0,-0.1651768684387207
7782499840.0,-0.17812292277812958
7783437312.0,-0.19059358537197113
7784374784.0,-0.20121139287948608
7785312256.0,-0.21222513914108276
7786250240.0,-0.22261680662631989
7787187712.0,-0.23150238394737244
7788125184.0,-0.23913303017616272
7789062656.0,-0.24691970646381378
7790000128.0,-0.25297603011131287
7790937600.0,-0.2592284083366394
7791875072.0,-0.2649803161621094
7792812544.0,-0.2693573236465454
7793750016.0,-0.27443331480026245
7794687488.0,-0.27813971042633057
7795624960.0,-0.2808098793029785
7796562432.0,-0.28535082936286926
7797499904.0,-0.2903372049331665
7798437376.0,-0.293518990278244
7799374848.0,-0.2961225211620331
7800312320.0,-0.2973649799823761
7801249792.0,-0.29756611585617065
7802187264.0,-0.2963380217552185
7803125248.0,-0.2928107976913452
7804062720.0,-0.27273908257484436
7805000192.0,-0.26171818375587463
7805937664.0,-0.25073301792144775
7806875136.0,-0.23791007697582245
7807812608.0,-0.22621168196201324
7808750080.0,-0.2123420238494873
7809687552.0,-0.19807203114032745
7810625024.0,-0.18279041349887848
7811562496.0,-0.16621237993240356
7812499968.0,-0.151138573884964
7813437440.0,-0.13515585660934448
7814374912.0,-0.11811662465333939
7815312384.0,-0.10296262055635452
7816249856.0,-0.08671316504478455
7817187328.0,-0.07005268335342407
7818124800.0,-0.05366873741149902
7819062272.0,-0.03870386257767677
7820000256.0,-0.022768791764974594
7820937728.0,-0.00817446131259203
7821875200.0,0.005656728055328131
7822812672.0,0.015685569494962692
7823750144.0,0.024449007585644722
7824687616.0,0.03413967788219452
7825625088.0,0.041443489491939545
7826562560.0,0.04874410107731819
7827500032.0,0.0548277348279953
7828437504.0,0.05971439555287361
7829374976.0,0.06497225165367126
7830312448.0,0.06835884600877762
7831249920.0,0.07240916788578033
7832187392.0,0.07520831376314163
7833124864.0,0.07722797244787216
7834062336.0,0.07831808924674988
7834999808.0,0.07952741533517838
7835937280.0,0.08126085251569748
7836874752.0,0.08198374509811401
7837812736.0,0.08213024586439133
7838750208.0,0.08235622942447662
7839687680.0,0.08244942128658295
7840625152.0,0.08263376355171204
7841562624.0,0.08185955882072449
7842500096.0,0.0810864269733429
7843437568.0,0.08000684529542923
7844375040.0,0.07895684242248535
7845312512.0,0.07726756483316422
7846249984.0,0.07542815804481506
7847187456.0,0.0731160119175911
7848124928.0,0.06834139674901962
7849062400.0,0.062418073415756226
7849999872.0,0.05759285017848015
7850937344.0,0.050947342067956924
7851874816.0,0.04544249549508095
7852812288.0,0.038395002484321594
7853749760.0,0.03247492015361786
7854687744.0,0.02495584264397621
7855625216.0,0.016501737758517265
7856562688.0,0.007408274337649345
7857500160.0,-0.0009082402102649212
7858437632.0,-0.01093034353107214
7859375104.0,-0.020210126414895058
7860312576.0,-0.030935123562812805
7861250048.0,-0.041238874197006226
7862187520.0,-0.05093679949641228
7863124992.0,-0.06224772706627846
7864062464.0,0.042267248034477234
7864999936.0,0.03169465437531471
7865937408.0,0.023490309715270996
7866874880.0,0.016198882833123207
7867812352.0,0.008746113628149033
7868749824.0,0.0021461453288793564
7869687296.0,-0.00295442552305758
7870624768.0,-0.00719566410407424
7871562752.0,-0.011335961520671844
7872500224.0,-0.015522731468081474
7873437696.0,-0.022102922201156616
7874375168.0,-0.029556339606642723
7875312640.0,-0.036000970751047134
7876250112.0,-0.04293070733547211
7877187584.0,-0.05088375508785248
7878125056.0,-0.05892338976264
7879062528.0,-0.06837379187345505
7880000000.0,-0.0787036120891571
7880937472.0,-0.08942093700170517
7881874944.0,-0.10200301557779312
7882812416.0,-0.11508437246084213
7883749888.0,-0.13017509877681732
7884687360.0,-0.14718957245349884
7885624832.0,-0.1650768220424652
7886562304.0,-0.1841408610343933
7887499776.0,-0.2042618691921234
7888437248.0,-0.2271318882703781
7889375232.0,-0.24970249831676483
7890312704.0,-0.2743243873119354
7891250176.0,-0.29859429597854614
7892187648.0,-0.32395750284194946
7893125120.0,-0.3489586412906647
7894062592.0,-0.3734968602657318
7895000064.0,-0.39663857221603394
7895937536.0,-0.4210531711578369
7896875008.0,-0.44203877449035645
7897812480.0,-0.4608760476112366
7898749952.0,-0.4774155616760254
7899687424.0,-0.4915618598461151
7900624896.0,-0.5025377869606018
7901562368.0,-0.5113489627838135
7902499840.0,-0.5172257423400879
7903437312.0,-0.5211447477340698
7904374784.0,-0.5206621289253235
7905312256.0,-0.517932116985321
7906250240.0,-0.5107161402702332
7907187712.0,-0.5016016364097595
7908125184.0,-0.4905458688735962
7909062656.0,-0.4757770597934723
7910000128.0,-0.45860570669174194
7910937600.0,-0.4386630356311798
7911875072.0,-0.4158642888069153
7912812544.0,-0.39202186465263367
7913750016.0,-0.3668127954006195
7914687488.0,-0.33841097354888916
7915624960.0,-0.30931589007377625
7916562432.0,-0.2792358696460724
7917499904.0,-0.24912941455841064
7918437376.0,-0.21812300384044647
7919374848.0,-0.18655693531036377
7920312320.0,-0.15676534175872803
7921249792.0,-0.12664130330085754
7922187264.0,-0.09785755723714828
7923125248.0,-0.0692823976278305
7924062720.0,0.06563739478588104
7925000192.0,0.08649364858865738
7925937664.0,0.10478734225034714
7926875136.0,0.12071757763624191
7927812608.0,0.1330822855234146
7928750080.0,0.14434893429279327
7929687552.0,0.15306997299194336
7930625024.0,0.15862217545509338
7931562496.0,0.16071480512619019
7932499968.0,0.1608562022447586
7933437440.0,0.16042055189609528
7934374912.0,0.1572510302066803
7935312384.0,0.15272758901119232
7936249856.0,0.14466525614261627
7937187328.0,0.13484899699687958
7938124800.0,0.12433594465255737
7939062272.0,0.11170482635498047
7939999744.0,0.09792867302894592
7940937728.0,0.08128294348716736
7941875200.0,0.06517881900072098
7942812672.0,0.04675239697098732
7943750144.0,0.028000563383102417
7944687616.0,0.008629078045487404
7945625088.0,-0.012938374653458595
7946562560.0,-0.034096818417310715
7947500032.0,-0.05724425986409187
7948437504.0,-0.07925411313772202
7949374976.0,-0.10203169286251068
7950312448.0,-0.12381413578987122
7951249920.0,-0.14558587968349457
7952187392.0,-0.1660594791173935
7953124864.0,-0.18713581562042236
7954062336.0,-0.20897945761680603
7954999808.0,-0.23052552342414856
7955937280.0,-0.25187787413597107
7956874752.0,-0.27390679717063904
7957812736.0,-0.2960259020328522
7958750208.0,-0.3165709674358368
7959687680.0,-0.33624646067619324
7960625152.0,-0.35639578104019165
7961562624.0,-0.3757290840148926
7962500096.0,-0.3933532238006592
7963437568.0,-0.41126906871795654
7964375040.0,-0.42906370759010315
7965312512.0,-0.44306886196136475
7966249984.0,-0.45735082030296326
7967187456.0,-0.47013452649116516
7968124928.0,-0.48179277777671814
7969062400.0,-0.4911119341850281
7969999872.0,-0.5005848407745361
7970937344.0,-0.5073533654212952
7971874816.0,-0.5136981010437012
7972812288.0,-0.5168622732162476
7973749760.0,-0.5183783769607544
7974687744.0,-0.5169179439544678
7975625216.0,-0.5146517753601074
7976562688.0,-0.511381983757019
7977500160.0,-0.5054779052734375
7978437632.0,-0.496626079082489
7979375104.0,-0.4853052496910095
7980312576.0,-0.4732542335987091
7981250048.0,-0.4575529098510742
7982187520.0,-0.44154274463653564
7983124992.0,-0.4226295053958893
7984062464.0,-0.3992970585823059
7984999936.0,-0.38528740406036377
7985937408.0,-0.3682050406932831
7986874880.0,-0.35181403160095215
7987812352.0,-0.33346834778785706
7988749824.0,-0.3155028223991394
7989687296.0,-0.2972707152366638
7990624768.0,-0.2768065929412842
7991562752.0,-0.25696152448654175
7992500224.0,-0.2372492551803589
7993437696.0,-0.21826933324337006
7994375168.0,-0.19892042875289917
7995312640.0,-0.17946988344192505
7996250112.0,-0.15955226123332977
7997187584.0,-0.14010269939899445
7998125056.0,-0.12231573462486267
7999062528.0,-0.10480430722236633
8000000000.0,-0.08669552206993103
