Frequency (Hz),Measurement
2000000000.0,0.18166063725948334
2000937472.0,0.17392294108867645
2001874944.0,0.16560731828212738
2002812544.0,0.1562117636203766
2003750016.0,0.1469603329896927
2004687488.0,0.13541042804718018
2005624960.0,0.1236431896686554
2006562560.0,0.11290686577558517
2007500032.0,0.09968125820159912
2008437504.0,0.0861586183309555
2009374976.0,0.0721629187464714
2010312448.0,0.05787992104887962
2011250048.0,0.043461285531520844
2012187520.0,0.029230544343590736
2013124992.0,0.014118392020463943
2014062464.0,0.001429721713066101
2015000064.0,-0.013207821175456047
2015937536.0,-0.026837358251214027
2016875008.0,-0.04080585017800331
2017812480.0,-0.05432715639472008
2018749952.0,-0.06615236401557922
2019687552.0,-0.07833097130060196
2020625024.0,-0.08877311646938324
2021562496.0,-0.09796912223100662
2022499968.0,-0.10717174410820007
2023437440.0,-0.11415016651153564
2024375040.0,-0.11944282054901123
2025312512.0,-0.12406300753355026
2026249984.0,-0.12639927864074707
2027187456.0,-0.1268395632505417
2028125056.0,-0.12621012330055237
2029062528.0,-0.12402243912220001
2030000000.0,-0.12132517993450165
2030937472.0,-0.11647253483533859
2031874944.0,-0.11000806093215942
2032812544.0,-0.10212584584951401
2033750016.0,-0.09287705272436142
2034687488.0,-0.0825258418917656
2035624960.0,-0.07066170126199722
2036562560.0,-0.058297041803598404
2037500032.0,-0.04531426727771759
2038437504.0,-0.031862515956163406
2039374976.0,-0.018004555255174637
2040312448.0,-0.0030690846033394337
2041250048.0,0.0108256284147501
2042187520.0,0.0247483067214489
2043124992.0,0.03898778185248375
2044062464.0,0.05233453959226608
2044999936.0,0.06488172709941864
2045937536.0,0.07749579101800919
2046875008.0,0.08856663852930069
2047812480.0,0.09788130968809128
2048749952.0,0.09591008722782135
2049687552.0,0.10429386794567108
2050625024.0,0.11181924492120743
2051562496.0,0.1166076809167862
2052499968.0,0.12085659801959991
2053437440.0,0.12283211201429367
2054375040.0,0.12236268818378448
2055312512.0,0.12115665525197983
2056249984.0,0.11598887294530869
2057187456.0,0.10912712663412094
2058125056.0,0.10118484497070312
2059062528.0,0.09075870364904404
2060000000.0,0.07884553074836731
2060937472.0,0.06565914303064346
2061874944.0,0.051063135266304016
2062812544.0,0.034494172781705856
2063750016.0,0.017584051936864853
2064687488.0,0.0010911901481449604
2065624960.0,-0.01721377484500408
2066562560.0,-0.0335845910012722
2067500032.0,-0.050926074385643005
2068437504.0,-0.06730007380247116
2069374976.0,-0.08236896991729736
2070312448.0,-0.09675558656454086
2071250048.0,-0.10897374898195267
2072187520.0,-0.12020658701658249
2073124992.0,-0.12894199788570404
2074062464.0,-0.13675722479820251
2075000064.0,-0.14236652851104736
2075937536.0,-0.14440366625785828
2076875008.0,-0.14574429392814636
2077812480.0,-0.14592380821704865
2078749952.0,-0.14173215627670288
2079687552.0,-0.13709089159965515
2080625024.0,-0.13042782247066498
2081562496.0,-0.12270858138799667
2082499968.0,-0.1139480397105217
2083437440.0,-0.10327345877885818
2084375040.0,-0.09194731712341309
2085312512.0,-0.0814981758594513
2086249984.0,-0.06814450025558472
2087187456.0,-0.05659234896302223
2088125056.0,-0.04424159601330757
2089062528.0,-0.03242439776659012
2090000000.0,-0.0199101772159338
2090937472.0,-0.009787855669856071
2091874944.0,-0.0002068463945761323
2092812544.0,0.009329992346465588
2093750016.0,0.018413882702589035
2094687488.0,0.026338333263993263
2095624960.0,0.033492304384708405
2096562560.0,0.039952147752046585
2097500032.0,0.045142222195863724
2098437504.0,0.04951776564121246
2099374976.0,0.05346187949180603
2100312448.0,0.057790059596300125
2101250048.0,0.06254321336746216
2102187520.0,0.06579912453889847
2103124992.0,0.0697474330663681
2104062464.0,0.07441815733909607
2104999936.0,0.07854907959699631
2105937536.0,0.08220165967941284
2106875008.0,0.08687341213226318
2107812480.0,0.09153978526592255
2108749952.0,0.12206431478261948
2109687552.0,0.12785868346691132
2110625024.0,0.13337261974811554
2111562496.0,0.13717833161354065
2112499968.0,0.14065539836883545
2113437440.0,0.14408856630325317
2114375040.0,0.14595478773117065
2115312512.0,0.14635097980499268
2116249984.0,0.14509278535842896
2117187456.0,0.14344292879104614
2118125056.0,0.1400151550769806
2119062528.0,0.13532611727714539
2120000000.0,0.1300695240497589
2120937472.0,0.12264034152030945
2121874944.0,0.11430991441011429
2122812544.0,0.10519608110189438
2123750016.0,0.09453366696834564
2124687488.0,0.08226030319929123
2125624960.0,0.07147207111120224
2126562560.0,0.05868260934948921
2127500032.0,0.045445218682289124
2128437504.0,0.03315797448158264
2129374976.0,0.01937291771173477
2130312448.0,0.006132559850811958
2131250048.0,-0.006467672996222973
2132187520.0,-0.01872376538813114
2133124992.0,-0.030265750363469124
2134062464.0,-0.04034017026424408
2135000064.0,-0.05050439387559891
2135937536.0,-0.059093721210956573
2136875008.0,-0.06661813706159592
2137812480.0,-0.07301735877990723
2138749952.0,-0.0780041515827179
2139687552.0,-0.08147371560335159
2140625024.0,-0.08316399157047272
2141562496.0,-0.08513713628053665
2142499968.0,-0.08429321646690369
2143437440.0,-0.08199644833803177
2144375040.0,-0.07896395772695541
2145312512.0,-0.07475729286670685
2146249984.0,-0.06933989375829697
2147187456.0,-0.0625397115945816
2148124928.0,-0.05480383709073067
2149062400.0,-0.047085050493478775
2150000128.0,-0.03860704228281975
2150937600.0,-0.029080895707011223
2151875072.0,-0.019658908247947693
2152812544.0,-0.00999706331640482
2153750016.0,0.00014213606482371688
2154687488.0,0.008598453365266323
2155624960.0,0.01807512901723385
2156562432.0,0.026368489488959312
2157499904.0,0.034474171698093414
2158437376.0,0.04194691777229309
2159375104.0,0.048048797994852066
2160312576.0,0.05409959703683853
2161250048.0,0.05914301052689552
2162187520.0,0.06372839212417603
2163124992.0,0.06824541836977005
2164062464.0,0.07040733098983765
2164999936.0,0.0729716420173645
2165937408.0,0.07543545961380005
2166874880.0,0.07741933315992355
2167812608.0,0.07849431037902832
2168750080.0,0.149438738822937
2169687552.0,0.15018510818481445
2170625024.0,0.14911019802093506
2171562496.0,0.14576125144958496
2172499968.0,0.14166802167892456
2173437440.0,0.13581186532974243
2174374912.0,0.12850727140903473
2175312384.0,0.12010205537080765
2176250112.0,0.11131549626588821
2177187584.0,0.10025360435247421
2178125056.0,0.08900616317987442
2179062528.0,0.07601424306631088
2180000000.0,0.0623384453356266
2180937472.0,0.05005266144871712
2181874944.0,0.0359337255358696
2182812416.0,0.021557698026299477
2183749888.0,0.007751451805233955
2184687616.0,-0.005713128950446844
2185625088.0,-0.019144689664244652
2186562560.0,-0.03177502751350403
2187500032.0,-0.04420478641986847
2188437504.0,-0.05670686066150665
2189374976.0,-0.06838685274124146
2190312448.0,-0.0794738307595253
2191249920.0,-0.08890284597873688
2192187392.0,-0.09760212898254395
2193125120.0,-0.10504209250211716
2194062592.0,-0.11179866641759872
2195000064.0,-0.11756131052970886
2195937536.0,-0.12212944775819778
2196875008.0,-0.12651166319847107
2197812480.0,-0.1290806233882904
2198749952.0,-0.13061323761940002
2199687424.0,-0.13123027980327606
2200624896.0,-0.13241690397262573
2201562624.0,-0.13134437799453735
2202500096.0,-0.13055528700351715
2203437568.0,-0.12865595519542694
2204375040.0,-0.12683995068073273
2205312512.0,-0.1237398311495781
2206249984.0,-0.12039314955472946
2207187456.0,-0.11554981768131256
2208124928.0,-0.11090156435966492
2209062400.0,-0.10574193298816681
2209999872.0,-0.10041124373674393
2210937600.0,-0.09439467638731003
2211875072.0,-0.08817096799612045
2212812544.0,-0.08053743094205856
2213750016.0,-0.07271406799554825
2214687488.0,-0.06472799181938171
2215624960.0,-0.0569954439997673
2216562432.0,-0.04835733771324158
2217499904.0,-0.03919566050171852
2218437376.0,-0.03131804242730141
2219375104.0,-0.021671894937753677
2220312576.0,-0.012412428855895996
2221250048.0,-0.0025109213311225176
2222187520.0,0.007338823284953833
2223124992.0,0.016779502853751183
2224062464.0,0.0272979699075222
2224999936.0,0.03717372193932533
2225937408.0,0.04746868833899498
2226874880.0,0.05721884220838547
2227812608.0,0.06695856899023056
2228750080.0,0.07328557223081589
2229687552.0,0.08091084659099579
2230625024.0,0.08857296407222748
2231562496.0,0.09724850207567215
2232499968.0,0.10355500131845474
2233437440.0,0.10912040621042252
2234374912.0,0.11372427642345428
2235312384.0,0.11674091964960098
2236250112.0,0.11833707243204117
2237187584.0,0.11735827475786209
2238125056.0,0.11467064172029495
2239062528.0,0.109771229326725
2240000000.0,0.10401751101016998
2240937472.0,0.0966126024723053
2241874944.0,0.0881420448422432
2242812416.0,0.0785473957657814
2243749888.0,0.06787019222974777
2244687616.0,0.05701620876789093
2245625088.0,0.04362820088863373
2246562560.0,0.030263446271419525
2247500032.0,0.01602090150117874
2248437504.0,0.0006255441694520414
2249374976.0,-0.01522968802601099
2250312448.0,-0.033048149198293686
2251249920.0,-0.05094827711582184
2252187392.0,-0.06904835253953934
2253125120.0,-0.0885385274887085
2254062592.0,-0.10901028662919998
2255000064.0,-0.1286085546016693
2255937536.0,-0.1473182886838913
2256875008.0,-0.16750431060791016
2257812480.0,-0.1876438707113266
2258749952.0,-0.20821592211723328
2259687424.0,-0.22712652385234833
2260624896.0,-0.2464585155248642
2261562624.0,-0.2648443579673767
2262500096.0,-0.2825218737125397
2263437568.0,-0.2992228865623474
2264375040.0,-0.3137097954750061
2265312512.0,-0.3278035521507263
2266249984.0,-0.34121304750442505
2267187456.0,-0.3529166579246521
2268124928.0,-0.36295372247695923
2269062400.0,-0.3708055913448334
2270000128.0,-0.3788016140460968
2270937600.0,-0.38385966420173645
2271875072.0,-0.388304203748703
2272812544.0,-0.3907272517681122
2273750016.0,-0.3910026252269745
2274687488.0,-0.39026787877082825
2275624960.0,-0.388030081987381
2276562432.0,-0.3849031925201416
2277499904.0,-0.38033896684646606
2278437376.0,-0.3753472864627838
2279375104.0,-0.36821964383125305
2280312576.0,-0.35990622639656067
2281250048.0,-0.35022884607315063
2282187520.0,-0.3405916392803192
2283124992.0,-0.32967761158943176
2284062464.0,-0.3197406530380249
2284999936.0,-0.30882853269577026
2285937408.0,-0.2978619635105133
2286874880.0,-0.28759947419166565
2287812608.0,-0.27681681513786316
2288750080.0,-0.2912541925907135
2289687552.0,-0.294690877199173
2290625024.0,-0.29735657572746277
2291562496.0,-0.2996160089969635
2292499968.0,-0.302072137594223
2293437440.0,-0.3066081404685974
2294374912.0,-0.309944748878479
2295312384.0,-0.31473255157470703
2296250112.0,-0.3206985890865326
2297187584.0,-0.3267277181148529
2298125056.0,-0.33584803342819214
2299062528.0,-0.3448808491230011
2300000000.0,-0.35646069049835205
2300937472.0,-0.37072980403900146
2301874944.0,-0.3861405551433563
2302812416.0,-0.4032095968723297
2303749888.0,-0.4228949546813965
2304687616.0,-0.4448750615119934
2305625088.0,-0.4697078466415405
2306562560.0,-0.49635985493659973
2307500032.0,-0.5264826416969299
2308437504.0,-0.5581961274147034
2309374976.0,-0.5897125005722046
2310312448.0,-0.6152577996253967
2311249920.0,-0.6416980028152466
2312187392.0,-0.6695564389228821
2313125120.0,-0.6985079646110535
2314062592.0,-0.7288733124732971
2315000064.0,-0.7609395980834961
2315937536.0,-0.7922557592391968
2316875008.0,-0.8265308737754822
2317812480.0,-0.8600560426712036
2318749952.0,-0.8935112953186035
2319687424.0,-0.9265768527984619
2320624896.0,-0.9588361978530884
2321562624.0,-0.9899511337280273
2322500096.0,-1.0195643901824951
2323437568.0,-1.0482864379882812
2324375040.0,-1.0741088390350342
2325312512.0,-1.0978953838348389
2326249984.0,-1.1200443506240845
2327187456.0,-1.1400948762893677
2328124928.0,-1.1567786931991577
2329062400.0,-1.1716974973678589
2329999872.0,-1.185470461845398
2330937600.0,-1.1964339017868042
2331875072.0,-1.2041586637496948
2332812544.0,-1.2090213298797607
2333750016.0,-1.2113529443740845
2334687488.0,-1.2113791704177856
2335624960.0,-1.209222435951233
2336562432.0,-1.2042219638824463
2337499904.0,-1.1980472803115845
2338437376.0,-1.1893980503082275
2339375104.0,-1.1797934770584106
2340312576.0,-1.1671158075332642
2341250048.0,-1.153565526008606
2342187520.0,-1.1380393505096436
2343124992.0,-1.1227200031280518
2344062464.0,-1.1061955690383911
2344999936.0,-1.0894196033477783
2345937408.0,-1.0724178552627563
2346874880.0,-1.0556951761245728
2347812608.0,-1.0401493310928345
2348750080.0,-1.0109679698944092
2349687552.0,-0.9988110661506653
2350625024.0,-0.9881646633148193
2351562496.0,-0.9783425331115723
2352499968.0,-0.9672020673751831
2353437440.0,-0.959231436252594
2354374912.0,-0.9512717127799988
2355312384.0,-0.9451276659965515
2356250112.0,-0.939639687538147
2357187584.0,-0.9349374175071716
2358125056.0,-0.9328183531761169
2359062528.0,-0.9313777089118958
2360000000.0,-0.9303568005561829
2360937472.0,-0.9324415922164917
2361874944.0,-0.9361950159072876
2362812416.0,-0.9400486946105957
2363749888.0,-0.9476305246353149
2364687616.0,-0.9546305537223816
2365625088.0,-0.9642730951309204
2366562560.0,-0.9748275876045227
2367500032.0,-0.9859042763710022
2368437504.0,-0.9980409145355225
2369374976.0,-1.0094209909439087
2370312448.0,-1.021332859992981
2371249920.0,-1.0338562726974487
2372187392.0,-1.0439990758895874
2373125120.0,-1.0533117055892944
2374062592.0,-1.0621658563613892
2375000064.0,-1.0668723583221436
2375937536.0,-1.07014000415802
2376875008.0,-1.0706442594528198
2377812480.0,-1.066137671470642
2378749952.0,-1.061103343963623
2379687424.0,-1.0519906282424927
2380624896.0,-1.0378623008728027
2381562624.0,-1.0217262506484985
2382500096.0,-1.0011690855026245
2383437568.0,-0.9788010120391846
2384375040.0,-0.9525494575500488
2385312512.0,-0.9247184991836548
2386249984.0,-0.8948095440864563
2387187456.0,-0.8624343872070312
2388124928.0,-0.8299697637557983
2389062400.0,-0.7956638336181641
2390000128.0,-0.7612897157669067
2390937600.0,-0.7258992195129395
2391875072.0,-0.691195011138916
2392812544.0,-0.657326877117157
2393750016.0,-0.6244428753852844
2394687488.0,-0.5905473232269287
2395624960.0,-0.5575355887413025
2396562432.0,-0.5253621339797974
2397499904.0,-0.49626994132995605
2398437376.0,-0.46598654985427856
2399375104.0,-0.43830740451812744
2400312576.0,-0.4106338322162628
2401250048.0,-0.38318535685539246
2402187520.0,-0.35771098732948303
2403124992.0,-0.3326837718486786
2404062464.0,-0.30818772315979004
2404999936.0,-0.2839241921901703
2405937408.0,-0.26095834374427795
2406874880.0,-0.23756496608257294
2407812608.0,-0.2159111201763153
2408750080.0,-0.1428137719631195
2409687552.0,-0.12232226133346558
2410625024.0,-0.10211896896362305
2411562496.0,-0.08344873785972595
2412499968.0,-0.06576377898454666
2413437440.0,-0.05089518800377846
2414374912.0,-0.03926803171634674
2415312384.0,-0.029014620929956436
2416250112.0,-0.021815594285726547
2417187584.0,-0.017699996009469032
2418125056.0,-0.01729564741253853
2419062528.0,-0.020396240055561066
2420000000.0,-0.02551284432411194
2420937472.0,-0.03484664112329483
2421874944.0,-0.046958815306425095
2422812416.0,-0.06240897253155708
2423749888.0,-0.08024190366268158
2424687616.0,-0.1015821024775505
2425625088.0,-0.12518516182899475
2426562560.0,-0.1505679041147232
2427500032.0,-0.17784085869789124
2428437504.0,-0.20686447620391846
2429374976.0,-0.23683536052703857
2430312448.0,-0.2664264738559723
2431249920.0,-0.2957494258880615
2432187392.0,-0.3246709108352661
2433125120.0,-0.35179170966148376
2434062592.0,-0.378336638212204
2435000064.0,-0.40246525406837463
2435937536.0,-0.4246298670768738
2436875008.0,-0.4423540234565735
2437812480.0,-0.4584587812423706
2438749952.0,-0.47137415409088135
2439687424.0,-0.4796081781387329
2440624896.0,-0.4860909879207611
2441562624.0,-0.48646876215934753
2442500096.0,-0.4851040542125702
2443437568.0,-0.4795825183391571
2444375040.0,-0.4703519642353058
2445312512.0,-0.4564191401004791
2446249984.0,-0.44085538387298584
2447187456.0,-0.4226606488227844
2448124928.0,-0.40012386441230774
2449062400.0,-0.37582939863204956
2449999872.0,-0.34932225942611694
2450937600.0,-0.32034146785736084
2451875072.0,-0.29022902250289917
2452812544.0,-0.25873127579689026
2453750016.0,-0.2259799987077713
2454687488.0,-0.1932462751865387
2455624960.0,-0.15853676199913025
2456562432.0,-0.12553438544273376
2457499904.0,-0.09275761246681213
2458437376.0,-0.05995051562786102
2459375104.0,-0.026938315480947495
2460312576.0,0.00431797094643116
2461250048.0,0.034697286784648895
2462187520.0,0.06368616223335266
2463124992.0,0.09169464558362961
2464062464.0,0.11827386915683746
2464999936.0,0.1438518613576889
2465937408.0,0.16793997585773468
2466874880.0,0.19052846729755402
2467812608.0,0.21105138957500458
2468750080.0,0.12060198932886124
2469687552.0,0.13426415622234344
2470625024.0,0.15032613277435303
2471562496.0,0.16273410618305206
2472499968.0,0.1738002747297287
2473437440.0,0.18321223556995392
2474374912.0,0.19028759002685547
2475312384.0,0.19578269124031067
2476250112.0,0.19896525144577026
2477187584.0,0.2003748118877411
2478125056.0,0.20058821141719818
2479062528.0,0.1980474442243576
2480000000.0,0.19342079758644104
2480937472.0,0.18670709431171417
2481874944.0,0.1784280687570572
2482812416.0,0.1686074137687683
2483749888.0,0.15663591027259827
2484687616.0,0.143098846077919
2485625088.0,0.12807734310626984
2486562560.0,0.11166996508836746
2487500032.0,0.0935714915394783
2488437504.0,0.07436075806617737
2489374976.0,0.05511743202805519
2490312448.0,0.03435596451163292
2491249920.0,0.014220048673450947
2492187392.0,-0.007306431885808706
2493125120.0,-0.02863195538520813
2494062592.0,-0.04872065410017967
2495000064.0,-0.06947547942399979
2495937536.0,-0.08851630240678787
2496875008.0,-0.10791930556297302
2497812480.0,-0.12600843608379364
2498749952.0,-0.14204199612140656
2499687424.0,-0.15663689374923706
2500624896.0,-0.17072860896587372
2501562624.0,-0.18197427690029144
2502500096.0,-0.19127851724624634
2503437568.0,-0.19906285405158997
2504375040.0,-0.20514369010925293
2505312512.0,-0.20939241349697113
2506249984.0,-0.21083243191242218
2507187456.0,-0.21069705486297607
2508124928.0,-0.2080981284379959
2509062400.0,-0.20408128201961517
2510000128.0,-0.1978067308664322
2510937600.0,-0.1905885934829712
2511875072.0,-0.18137691915035248
2512812544.0,-0.16910170018672943
2513750016.0,-0.1567557156085968
2514687488.0,-0.1426064819097519
2515624960.0,-0.12671619653701782
2516562432.0,-0.10960689187049866
2517499904.0,-0.09189672768115997
2518437376.0,-0.07286889106035233
2519375104.0,-0.0548928901553154
2520312576.0,-0.0350482352077961
2521250048.0,-0.015619998797774315
2522187520.0,0.003996900282800198
2523124992.0,0.024129964411258698
2524062464.0,0.04220133274793625
2524999936.0,0.06057010591030121
2525937408.0,0.07739841938018799
2526874880.0,0.09401498734951019
2527812608.0,0.10962625592947006
2528750080.0,0.1621442586183548
2529687552.0,0.167908176779747
2530625024.0,0.17278502881526947
2531562496.0,0.17735017836093903
2532499968.0,0.17985673248767853
2533437440.0,0.18165400624275208
2534374912.0,0.18292176723480225
2535312384.0,0.18329711258411407
2536250112.0,0.18230478465557098
2537187584.0,0.1811501383781433
2538125056.0,0.17852471768856049
2539062528.0,0.17491118609905243
2540000000.0,0.17041116952896118
2540937472.0,0.16374410688877106
2541874944.0,0.15683305263519287
2542812416.0,0.14965984225273132
2543749888.0,0.14015784859657288
2544687616.0,0.12974752485752106
2545625088.0,0.11905576288700104
2546562560.0,0.10690952837467194
2547500032.0,0.09419950097799301
2548437504.0,0.07972177118062973
2549374976.0,0.06565108150243759
2550312448.0,0.04979991167783737
2551249920.0,0.03408035263419151
2552187392.0,0.01813141629099846
2553125120.0,0.0019184567499905825
2554062592.0,-0.014575057663023472
2555000064.0,-0.030942728742957115
2555937536.0,-0.04601117968559265
2556875008.0,-0.06199615076184273
2557812480.0,-0.07665981352329254
2558749952.0,-0.09076489508152008
2559687424.0,-0.10336977243423462
2560624896.0,-0.11471088230609894
2561562624.0,-0.12434101104736328
2562500096.0,-0.1332940012216568
2563437568.0,-0.1405085176229477
2564375040.0,-0.1453372836112976
2565312512.0,-0.14809881150722504
2566249984.0,-0.1501813381910324
2567187456.0,-0.14921607077121735
2568124928.0,-0.14625278115272522
2569062400.0,-0.14166507124900818
2569999872.0,-0.1351943165063858
2570937600.0,-0.12684106826782227
2571875072.0,-0.1163148283958435
2572812544.0,-0.10485563427209854
2573750016.0,-0.09096929430961609
2574687488.0,-0.07595176994800568
2575624960.0,-0.058836739510297775
2576562432.0,-0.04261697456240654
2577499904.0,-0.023429160937666893
2578437376.0,-0.005306428764015436
2579375104.0,0.01393062062561512
2580312576.0,0.035202112048864365
2581250048.0,0.054655879735946655
2582187520.0,0.07525002956390381
2583124992.0,0.09411895275115967
2584062464.0,0.11321680247783661
2584999936.0,0.13065578043460846
2585937408.0,0.1468551754951477
2586874880.0,0.1617816835641861
2587812608.0,0.1753530353307724
2588750080.0,0.19857551157474518
2589687552.0,0.2064947485923767
2590625024.0,0.21180738508701324
2591562496.0,0.2147418111562729
2592499968.0,0.21559827029705048
2593437440.0,0.21482449769973755
2594374912.0,0.21011856198310852
2595312384.0,0.20377059280872345
2596250112.0,0.19676092267036438
2597187584.0,0.18669193983078003
2598125056.0,0.1750972718000412
2599062528.0,0.16260845959186554
2600000000.0,0.14788398146629333
2600937472.0,0.13350103795528412
2601874944.0,0.11665357649326324
2602812416.0,0.10024993866682053
2603749888.0,0.0843006819486618
2604687616.0,0.06686758249998093
2605625088.0,0.050778020173311234
2606562560.0,0.03235887736082077
2607500032.0,0.017530545592308044
2608437504.0,0.00201189867220819
2609374976.0,-0.01336448360234499
2610312448.0,-0.02699488028883934
2611249920.0,-0.04039652645587921
2612187392.0,-0.05225200951099396
2613125120.0,-0.06248023360967636
2614062592.0,-0.07129593193531036
2615000064.0,-0.079551562666893
2615937536.0,-0.08710786700248718
2616875008.0,-0.092269666492939
2617812480.0,-0.09741872549057007
2618749952.0,-0.10133795440196991
2619687424.0,-0.10305623710155487
2620624896.0,-0.10514063388109207
2621562624.0,-0.10583098977804184
2622500096.0,-0.10496680438518524
2623437568.0,-0.10351286083459854
2624375040.0,-0.10174571722745895
2625312512.0,-0.09954965114593506
2626249984.0,-0.09648289531469345
2627187456.0,-0.09304368495941162
2628124928.0,-0.08737371861934662
2629062400.0,-0.08304142206907272
2630000128.0,-0.07754935324192047
2630937600.0,-0.07105141878128052
2631875072.0,-0.06383062899112701
2632812544.0,-0.056627728044986725
2633750016.0,-0.04840662702918053
2634687488.0,-0.03887275606393814
2635624960.0,-0.029151111841201782
2636562432.0,-0.019187983125448227
2637499904.0,-0.008499839343130589
2638437376.0,0.003521381877362728
2639375104.0,0.016258524730801582
2640312576.0,0.02916742116212845
2641250048.0,0.04333917424082756
2642187520.0,0.05877244099974632
2643124992.0,0.07333134859800339
2644062464.0,0.08943647146224976
2644999936.0,0.10509961098432541
2645937408.0,0.12136277556419373
2646874880.0,0.13831087946891785
2647812608.0,0.21266698837280273
2648750080.0,0.22387726604938507
2649687552.0,0.23240923881530762
2650625024.0,0.23909446597099304
2651562496.0,0.243482768535614
2652499968.0,0.2461092621088028
2653437440.0,0.2453843206167221
2654374912.0,0.2429850548505783
2655312384.0,0.23664551973342896
2656250112.0,0.22757834196090698
2657187584.0,0.18946874141693115
2658125056.0,0.1717744618654251
2659062528.0,0.1514405459165573
2660000000.0,0.1282089799642563
2660937472.0,0.1031014695763588
2661874944.0,0.077678382396698
2662812416.0,0.049874886870384216
2663749888.0,0.020898127928376198
2664687616.0,-0.008468510583043098
2665625088.0,-0.038375917822122574
2666562560.0,-0.06762958317995071
2667500032.0,-0.09509247541427612
2668437504.0,-0.12299133837223053
2669374976.0,-0.14894147217273712
2670312448.0,-0.17217659950256348
2671249920.0,-0.19356292486190796
2672187392.0,-0.21295946836471558
2673125120.0,-0.22960786521434784
2674062592.0,-0.24358521401882172
2675000064.0,-0.25364983081817627
2675937536.0,-0.2615233063697815
2676875008.0,-0.2656400203704834
2677812480.0,-0.2673757076263428
2678749952.0,-0.26559126377105713
2679687424.0,-0.26222118735313416
2680624896.0,-0.25432103872299194
2681562624.0,-0.24512599408626556
2682500096.0,-0.2345668375492096
2683437568.0,-0.21974530816078186
2684375040.0,-0.2045649290084839
2685312512.0,-0.18744739890098572
2686249984.0,-0.16912086308002472
2687187456.0,-0.1501903533935547
2688124928.0,-0.12991943955421448
2689062400.0,-0.11015854775905609
2689999872.0,-0.08901635557413101
2690937600.0,-0.06811990588903427
2691875072.0,-0.0473606139421463
2692812544.0,-0.0275280699133873
2693750016.0,-0.007482803892344236
2694687488.0,0.012345843017101288
2695624960.0,0.03053557686507702
2696562432.0,0.04918906092643738
2697499904.0,0.06703723967075348
2698437376.0,0.08529005944728851
2699375104.0,0.10328352451324463
2700312576.0,0.12093456834554672
2701250048.0,0.13675685226917267
2702187520.0,0.15227548778057098
2703124992.0,0.16800475120544434
2704062464.0,0.18237490952014923
2704999936.0,0.19740404188632965
2705937408.0,0.2118712067604065
2706874880.0,0.22417449951171875
2707812608.0,0.1946326494216919
2708750080.0,0.2009028196334839
2709687552.0,0.20665204524993896
2710625024.0,0.20910201966762543
2711562496.0,0.21194051206111908
2712499968.0,0.21254780888557434
2713437440.0,0.21181240677833557
2714374912.0,0.20996730029582977
2715312384.0,0.206996887922287
2716250112.0,0.20117634534835815
2717187584.0,0.19590719044208527
2718125056.0,0.1876830905675888
2719062528.0,0.1782953441143036
2720000000.0,0.167758509516716
2720937472.0,0.15476784110069275
2721874944.0,0.1415666788816452
2722812416.0,0.12616735696792603
2723749888.0,0.11082570254802704
2724687616.0,0.09351474046707153
2725625088.0,0.07708834856748581
2726562560.0,0.057643137872219086
2727500032.0,0.0398370660841465
2728437504.0,0.01996111497282982
2729374976.0,0.000235627347137779
2730312448.0,-0.018292715772986412
2731249920.0,-0.03732765465974808
2732187392.0,-0.05611052364110947
2733125120.0,-0.07384277135133743
2734062592.0,-0.0923694521188736
2735000064.0,-0.10954119265079498
2735937536.0,-0.12509870529174805
2736875008.0,-0.14029309153556824
2737812480.0,-0.15372660756111145
2738749952.0,-0.16566766798496246
2739687424.0,-0.17636504769325256
2740624896.0,-0.18532231450080872
2741562624.0,-0.19269295036792755
2742500096.0,-0.1988193541765213
2743437568.0,-0.20229487121105194
2744375040.0,-0.2042393833398819
2745312512.0,-0.20465637743473053
2746249984.0,-0.20228010416030884
2747187456.0,-0.19925116002559662
2748124928.0,-0.19394899904727936
2749062400.0,-0.18736393749713898
2750000128.0,-0.17738310992717743
2750937600.0,-0.16707874834537506
2751875072.0,-0.15452663600444794
2752812544.0,-0.14056208729743958
2753750016.0,-0.1254311054944992
2754687488.0,-0.10922040045261383
2755624960.0,-0.09264258295297623
2756562432.0,-0.07504875212907791
2757499904.0,-0.05552586168050766
2758437376.0,-0.036853257566690445
2759375104.0,-0.017364347353577614
2760312576.0,0.0023530200123786926
2761250048.0,0.022091181948781013
2762187520.0,0.041330039501190186
2763124992.0,0.05987309664487839
2764062464.0,0.07701661437749863
2764999936.0,0.09408089518547058
2765937408.0,0.11058975011110306
2766874880.0,0.12413513660430908
2767812608.0,0.17967641353607178
2768750080.0,0.17976641654968262
2769687552.0,0.17871975898742676
2770625024.0,0.17578749358654022
2771562496.0,0.17167586088180542
2772499968.0,0.16716411709785461
2773437440.0,0.16155725717544556
2774374912.0,0.1551683098077774
2775312384.0,0.14839817583560944
2776250112.0,0.14006493985652924
2777187584.0,0.1311264932155609
2778125056.0,0.12193383276462555
2779062528.0,0.11295127868652344
2780000000.0,0.10179879516363144
2780937472.0,0.09108838438987732
2781874944.0,0.07922928780317307
2782812416.0,0.06678043305873871
2783749888.0,0.05476617440581322
2784687616.0,0.04154310002923012
2785625088.0,0.028140295296907425
2786562560.0,0.0160425566136837
2787500032.0,0.002595284255221486
2788437504.0,-0.011023459956049919
2789374976.0,-0.024425020441412926
2790312448.0,-0.036592207849025726
2791249920.0,-0.048775721341371536
2792187392.0,-0.06101346015930176
2793125120.0,-0.07171961665153503
2794062592.0,-0.08223786950111389
2795000064.0,-0.09193607419729233
2795937536.0,-0.10041327774524689
2796875008.0,-0.10798795521259308
2797812480.0,-0.11453283578157425
2798749952.0,-0.11962755024433136
2799687424.0,-0.12391766905784607
2800624896.0,-0.1255740076303482
2801562624.0,-0.1261231005191803
2802500096.0,-0.1256638616323471
2803437568.0,-0.12463831901550293
2804375040.0,-0.12076523900032043
2805312512.0,-0.1155448704957962
2806249984.0,-0.10863364487886429
2807187456.0,-0.09992186725139618
2808124928.0,-0.09079896658658981
2809062400.0,-0.07945345342159271
2809999872.0,-0.06788115203380585
2810937600.0,-0.054170943796634674
2811875072.0,-0.03945169225335121
2812812544.0,-0.024455944076180458
2813750016.0,-0.007651596795767546
2814687488.0,0.007790523115545511
2815624960.0,0.025945397093892097
2816562432.0,0.04265967756509781
2817499904.0,0.059845566749572754
2818437376.0,0.0768967866897583
2819375104.0,0.093668133020401
2820312576.0,0.10878898948431015
2821250048.0,0.12458246946334839
2822187520.0,0.1384047269821167
2823124992.0,0.15179304778575897
2824062464.0,0.16339780390262604
2824999936.0,0.1727723330259323
2825937408.0,0.1812538504600525
2826874880.0,0.18816982209682465
2827812608.0,0.2019796520471573
2828750080.0,0.20336662232875824
2829687552.0,0.201943501830101
2830625024.0,0.19841665029525757
2831562496.0,0.192564457654953
2832499968.0,0.18474708497524261
2833437440.0,0.1742001175880432
2834374912.0,0.16147340834140778
2835312384.0,0.14733721315860748
2836250112.0,0.1313912570476532
2837187584.0,0.11431934684515
2838125056.0,0.09508565068244934
2839062528.0,0.07754117995500565
2840000000.0,0.05670388042926788
2840937472.0,0.037529636174440384
2841874944.0,0.019168421626091003
2842812416.0,-0.0008639859734103084
2843749888.0,-0.019489986822009087
2844687616.0,-0.03698659688234329
2845625088.0,-0.05351392552256584
2846562560.0,-0.06926379352807999
2847500032.0,-0.08217605948448181
2848437504.0,-0.09512750804424286
2849374976.0,-0.1055971086025238
2850312448.0,-0.11370024085044861
2851249920.0,-0.12162661552429199
2852187392.0,-0.12706390023231506
2853125120.0,-0.13038857281208038
2854062592.0,-0.13186664879322052
2855000064.0,-0.1313776969909668
2855937536.0,-0.1291053593158722
2856875008.0,-0.12531599402427673
2857812480.0,-0.12054136395454407
2858749952.0,-0.11498837172985077
2859687424.0,-0.10718616098165512
2860624896.0,-0.09937731176614761
2861562624.0,-0.08967215567827225
2862500096.0,-0.07881086319684982
2863437568.0,-0.06792699545621872
2864375040.0,-0.05685685575008392
2865312512.0,-0.04463842138648033
2866249984.0,-0.032354686409235
2867187456.0,-0.019332047551870346
2868124928.0,-0.006994043942540884
2869062400.0,0.006139051169157028
2870000128.0,0.018818650394678116
2870937600.0,0.03151734545826912
2871875072.0,0.04421469196677208
2872812544.0,0.056112080812454224
2873750016.0,0.06869029998779297
2874687488.0,0.08095099776983261
2875624960.0,0.09173115342855453
2876562432.0,0.10269764065742493
2877499904.0,0.1137920469045639
2878437376.0,0.1230730339884758
2879375104.0,0.1337791234254837
2880312576.0,0.1424616575241089
2881250048.0,0.1505817174911499
2882187520.0,0.15873119235038757
2883124992.0,0.165453240275383
2884062464.0,0.17171214520931244
2884999936.0,0.17636920511722565
2885937408.0,0.18004672229290009
2886874880.0,0.18264582753181458
2887812608.0,0.18515028059482574
2888750080.0,0.18553104996681213
2889687552.0,0.18512485921382904
2890625024.0,0.18338315188884735
2891562496.0,0.1798383742570877
2892499968.0,0.17466098070144653
2893437440.0,0.16808529198169708
2894374912.0,0.1598982810974121
2895312384.0,0.14979103207588196
2896250112.0,0.13748860359191895
2897187584.0,0.12398956716060638
2898125056.0,0.10960432887077332
2899062528.0,0.09340076893568039
2900000000.0,0.07641568779945374
2900937472.0,0.058312833309173584
2901874944.0,0.0406070314347744
2902812416.0,0.021586203947663307
2903749888.0,0.003337911097332835
2904687616.0,-0.015791775658726692
2905625088.0,-0.03531255945563316
2906562560.0,-0.05338427796959877
2907500032.0,-0.07095061242580414
2908437504.0,-0.08708933740854263
2909374976.0,-0.10222090035676956
2910312448.0,-0.11691217869520187
2911249920.0,-0.1292112022638321
2912187392.0,-0.13986480236053467
2913125120.0,-0.14903391897678375
2914062592.0,-0.15663278102874756
2915000064.0,-0.1620689183473587
2915937536.0,-0.16462452709674835
2916875008.0,-0.16663122177124023
2917812480.0,-0.16509678959846497
2918749952.0,-0.16220305860042572
2919687424.0,-0.15643779933452606
2920624896.0,-0.1490253508090973
2921562624.0,-0.1410025954246521
2922500096.0,-0.1284966617822647
2923437568.0,-0.11672712117433548
2924375040.0,-0.10266874730587006
2925312512.0,-0.08695895224809647
2926249984.0,-0.07066783308982849
2927187456.0,-0.05422797426581383
2928124928.0,-0.036822833120822906
2929062400.0,-0.018847964704036713
2929999872.0,-0.00048208076623268425
2930937600.0,0.018447183072566986
2931875072.0,0.03574979305267334
2932812544.0,0.05394235998392105
2933750016.0,0.0694507583975792
2934687488.0,0.08523165434598923
2935624960.0,0.09971636533737183
2936562432.0,0.11314048618078232
2937499904.0,0.12500980496406555
2938437376.0,0.13523170351982117
2939375104.0,0.14378511905670166
2940312576.0,0.15130963921546936
2941250048.0,0.15698625147342682
2942187520.0,0.16164429485797882
2943124992.0,0.16397050023078918
2944062464.0,0.16614726185798645
2944999936.0,0.16689646244049072
2945937408.0,0.1668930947780609
2946874880.0,0.16413255035877228
2947812608.0,0.15853725373744965
2948750080.0,0.1573730856180191
2949687552.0,0.153422012925148
2950625024.0,0.149870365858078
2951562496.0,0.14466777443885803
2952499968.0,0.1388443261384964
2953437440.0,0.13271476328372955
2954374912.0,0.12439145892858505
2955312384.0,0.11805471032857895
2956250112.0,0.10835494101047516
2957187584.0,0.09972908347845078
2958125056.0,0.08991599828004837
2959062528.0,0.07938184589147568
2960000000.0,0.0682092010974884
2960937472.0,0.057004164904356
2961874944.0,0.04569656029343605
2962812416.0,0.03394496440887451
2963749888.0,0.022592540830373764
2964687616.0,0.01119177881628275
2965625088.0,-6.690752343274653e-05
2966562560.0,-0.012407558970153332
2967500032.0,-0.023391343653202057
2968437504.0,-0.034816812723875046
2969374976.0,-0.0464060977101326
2970312448.0,-0.056299999356269836
2971249920.0,-0.06580249965190887
2972187392.0,-0.07579176127910614
2973125120.0,-0.08421774208545685
2974062592.0,-0.09228614717721939
2975000064.0,-0.09821490198373795
2975937536.0,-0.10301169753074646
2976875008.0,-0.10880355536937714
2977812480.0,-0.11279582232236862
2978749952.0,-0.11502356082201004
2979687424.0,-0.11717189848423004
2980624896.0,-0.11738427728414536
2981562624.0,-0.11688818037509918
2982500096.0,-0.11584721505641937
2983437568.0,-0.11297868937253952
2984375040.0,-0.10984915494918823
2985312512.0,-0.1051231399178505
2986249984.0,-0.09936253726482391
2987187456.0,-0.09243115037679672
2988124928.0,-0.08582030236721039
2989062400.0,-0.07726366817951202
2990000128.0,-0.06985941529273987
2990937600.0,-0.05986349284648895
2991875072.0,-0.05147794634103775
2992812544.0,-0.04327379912137985
2993750016.0,-0.033873170614242554
2994687488.0,-0.02444383315742016
2995624960.0,-0.01582852005958557
2996562432.0,-0.008252833969891071
2997499904.0,0.00025198308867402375
2998437376.0,0.00713489530608058
2999375104.0,0.013624312356114388
3000312576.0,0.01706886664032936
3001250048.0,0.02150883339345455
3002187520.0,0.024712275713682175
3003124992.0,0.02824419178068638
3004062464.0,0.030135421082377434
3004999936.0,0.02986902743577957
3005937408.0,0.030200574547052383
3006874880.0,0.028793619945645332
3007812608.0,0.024996420368552208
3008750080.0,0.020705271512269974
3009687552.0,0.016784729436039925
3010625024.0,0.012794865295290947
3011562496.0,0.009007498621940613
3012499968.0,0.004995246417820454
3013437440.0,-2.2917251044418663e-05
3014374912.0,-0.005395751446485519
3015312384.0,-0.009949952363967896
3016250112.0,-0.015782561153173447
3017187584.0,-0.020874256268143654
3018125056.0,-0.025890419259667397
3019062528.0,-0.02995982952415943
3020000000.0,-0.03539346158504486
3020937472.0,-0.04069047048687935
3021874944.0,-0.04536595568060875
3022812416.0,-0.04993216693401337
3023749888.0,-0.05625181645154953
3024687616.0,-0.060666006058454514
3025625088.0,-0.06460972875356674
3026562560.0,-0.0693143829703331
3027500032.0,-0.07321030646562576
3028437504.0,-0.07765258848667145
3029374976.0,-0.08145304024219513
3030312448.0,-0.08533714711666107
3031249920.0,-0.08835383504629135
3032187392.0,-0.0935417115688324
3033125120.0,-0.09666278213262558
3034062592.0,-0.09937097132205963
3035000064.0,-0.10268160700798035
3035937536.0,-0.10484166443347931
3036875008.0,-0.10754899680614471
3037812480.0,-0.10886973887681961
3038749952.0,-0.11062784492969513
3039687424.0,-0.11229768395423889
3040624896.0,-0.11234849691390991
3041562624.0,-0.11197373270988464
3042500096.0,-0.11057451367378235
3043437568.0,-0.10949469357728958
3044375040.0,-0.1068151444196701
3045312512.0,-0.10507523268461227
3046249984.0,-0.10179820656776428
3047187456.0,-0.0991251990199089
3048124928.0,-0.09542829543352127
3049062400.0,-0.09120093286037445
3049999872.0,-0.08646553754806519
3050937600.0,-0.08259273320436478
3051875072.0,-0.07681096345186234
3052812544.0,-0.07262694090604782
3053750016.0,-0.066378653049469
3054687488.0,-0.06116831302642822
3055624960.0,-0.05584125593304634
3056562432.0,-0.051082544028759
3057499904.0,-0.045879065990448
3058437376.0,-0.04043063521385193
3059375104.0,-0.0355440117418766
3060312576.0,-0.030251123011112213
3061250048.0,-0.02658676542341709
3062187520.0,-0.023327715694904327
3063124992.0,-0.019751079380512238
3064062464.0,-0.01684701256453991
3064999936.0,-0.015990564599633217
3065937408.0,-0.013157391920685768
3066874880.0,-0.013830055482685566
3067812608.0,0.0006824805168434978
3068750080.0,-0.005313055589795113
3069687552.0,-0.011573988944292068
3070625024.0,-0.019246704876422882
3071562496.0,-0.026017507538199425
3072499968.0,-0.03442191332578659
3073437440.0,-0.043207839131355286
3074374912.0,-0.05173136293888092
3075312384.0,-0.060211166739463806
3076250112.0,-0.06875798851251602
3077187584.0,-0.07807037234306335
3078125056.0,-0.0857410728931427
3079062528.0,-0.09407763183116913
3080000000.0,-0.10083001852035522
3080937472.0,-0.10785270482301712
3081874944.0,-0.11344654858112335
3082812416.0,-0.11786390841007233
3083749888.0,-0.12196511775255203
3084687616.0,-0.12470980733633041
3085625088.0,-0.12586843967437744
3086562560.0,-0.12634702026844025
3087500032.0,-0.1252000629901886
3088437504.0,-0.12264339625835419
3089374976.0,-0.11939139664173126
3090312448.0,-0.11582151055335999
3091249920.0,-0.11048682034015656
3092187392.0,-0.10423751175403595
3093125120.0,-0.09684988856315613
3094062592.0,-0.08892554044723511
3095000064.0,-0.08010326325893402
3095937536.0,-0.07115776091814041
3096875008.0,-0.06233711913228035
3097812480.0,-0.053204067051410675
3098749952.0,-0.04317288473248482
3099687424.0,-0.03270750865340233
3100624896.0,-0.023781463503837585
3101562624.0,-0.01377857755869627
3102500096.0,-0.004166846629232168
3103437568.0,0.006279744207859039
3104375040.0,0.014885463751852512
3105312512.0,0.023930665105581284
3106249984.0,0.03144347667694092
3107187456.0,0.04075050726532936
3108124928.0,0.04790652543306351
3109062400.0,0.05425791069865227
3110000128.0,0.061773672699928284
3110937600.0,0.06674233078956604
3111875072.0,0.07272244989871979
3112812544.0,0.07731471955776215
3113750016.0,0.08239859342575073
3114687488.0,0.08524615317583084
3115624960.0,0.0880529135465622
3116562432.0,0.09097073972225189
3117499904.0,0.09380453824996948
3118437376.0,0.09603224694728851
3119375104.0,0.09748830646276474
3120312576.0,0.09898936748504639
3121250048.0,0.10033700615167618
3122187520.0,0.1016092598438263
3123124992.0,0.1035386323928833
3124062464.0,0.10370569676160812
3124999936.0,0.10528576374053955
3125937408.0,0.10568732768297195
3126874880.0,0.10508201271295547
3127812608.0,0.1260191947221756
3128750080.0,0.12191508710384369
3129687552.0,0.11961294710636139
3130625024.0,0.1181442141532898
3131562496.0,0.11539547890424728
3132499968.0,0.11289913207292557
3133437440.0,0.11158353090286255
3134374912.0,0.10913113504648209
3135312384.0,0.1085469201207161
3136250112.0,0.10693085193634033
3137187584.0,0.10588541626930237
3138125056.0,0.10437530279159546
3139062528.0,0.10422851145267487
3140000000.0,0.10331333428621292
3140937472.0,0.10260441899299622
3141874944.0,0.10182766616344452
3142812416.0,0.10064990073442459
3143749888.0,0.10010319948196411
3144687616.0,0.09964842349290848
3145625088.0,0.09851189702749252
3146562560.0,0.09731337428092957
3147500032.0,0.09586430341005325
3148437504.0,0.09391476958990097
3149374976.0,0.09092447906732559
3150312448.0,0.08725544065237045
3151249920.0,0.08342169225215912
3152187392.0,0.07890322059392929
3153125120.0,0.07297022640705109
3154062592.0,0.06729313731193542
3155000064.0,0.06128068268299103
3155937536.0,0.053263820707798004
3156875008.0,0.045167140662670135
3157812480.0,0.03697993978857994
3158749952.0,0.027651460841298103
3159687424.0,0.01763610541820526
3160624896.0,0.0064895981922745705
3161562624.0,-0.0033178292214870453
3162500096.0,-0.013906204141676426
3163437568.0,-0.025948205962777138
3164375040.0,-0.03691447526216507
3165312512.0,-0.04823276028037071
3166249984.0,-0.059913091361522675
3167187456.0,-0.07105559855699539
3168124928.0,-0.08189088851213455
3169062400.0,-0.09129969775676727
3169999872.0,-0.10203477740287781
3170937600.0,-0.11054974794387817
3171875072.0,-0.11797057092189789
3172812544.0,-0.12537789344787598
3173750016.0,-0.130777046084404
3174687488.0,-0.13564728200435638
3175624960.0,-0.13937395811080933
3176562432.0,-0.14023663103580475
3177499904.0,-0.1408269703388214
3178437376.0,-0.1409367173910141
3179375104.0,-0.13926254212856293
3180312576.0,-0.1340208649635315
3181250048.0,-0.12890368700027466
3182187520.0,-0.12212982773780823
3183124992.0,-0.11326374113559723
3184062464.0,-0.10288739204406738
3184999936.0,-0.09168937802314758
3185937408.0,-0.07959768176078796
3186874880.0,-0.06535454839468002
3187812608.0,0.05876515433192253
3188750080.0,0.05650927126407623
3189687552.0,0.05592247471213341
3190625024.0,0.056324224919080734
3191562496.0,0.056526847183704376
3192499968.0,0.058105066418647766
3193437440.0,0.0613725371658802
3194374912.0,0.0630866214632988
3195312384.0,0.06700444966554642
3196250112.0,0.0708966851234436
3197187584.0,0.07474535703659058
3198125056.0,0.07919758558273315
3199062528.0,0.08385347574949265
3200000000.0,0.08747299760580063
3200937472.0,0.09085509926080704
3201874944.0,0.09421774744987488
3202812416.0,0.0969463661313057
3203749888.0,0.09778456389904022
3204687616.0,0.0988609716296196
3205625088.0,0.0980333611369133
3206562560.0,0.09688197821378708
3207500032.0,0.09460008144378662
3208437504.0,0.08999190479516983
3209374976.0,0.08568200469017029
3210312448.0,0.07927556335926056
3211249920.0,0.07240014523267746
3212187392.0,0.06396037340164185
3213125120.0,0.05456218123435974
3214062592.0,0.04432058334350586
3215000064.0,0.03312009945511818
3215937536.0,0.02153497003018856
3216875008.0,0.008850997313857079
3217812480.0,-0.003302881959825754
3218749952.0,-0.016383927315473557
3219687424.0,-0.027978774160146713
3220624896.0,-0.04014625400304794
3221562624.0,-0.052608612924814224
3222500096.0,-0.06444019824266434
3223437568.0,-0.07559927552938461
3224375040.0,-0.08499937504529953
3225312512.0,-0.09315552562475204
3226249984.0,-0.10179944336414337
3227187456.0,-0.1081746444106102
3228124928.0,-0.11368194967508316
3229062400.0,-0.11730840057134628
3230000128.0,-0.12008139491081238
3230937600.0,-0.12233328074216843
3231875072.0,-0.12196347862482071
3232812544.0,-0.12117040157318115
3233750016.0,-0.11868952959775925
3234687488.0,-0.11445894837379456
3235624960.0,-0.11113603413105011
3236562432.0,-0.10686904191970825
3237499904.0,-0.1019996851682663
3238437376.0,-0.09555083513259888
3239375104.0,-0.08893415331840515
3240312576.0,-0.08342231065034866
3241250048.0,-0.07833193987607956
3242187520.0,-0.07297740876674652
3243124992.0,-0.06842593848705292
3244062464.0,-0.06505196541547775
3244999936.0,-0.06275113672018051
3245937408.0,-0.060945313423871994
3246874880.0,-0.05998256057500839
3247812608.0,-0.0530325286090374
3248750080.0,-0.05662650614976883
3249687552.0,-0.06067238003015518
3250625024.0,-0.06357231736183167
3251562496.0,-0.06675313413143158
3252499968.0,-0.07009656727313995
3253437440.0,-0.07130240648984909
3254374912.0,-0.07256412506103516
3255312384.0,-0.07164090871810913
3256250112.0,-0.0705249011516571
3257187584.0,-0.06877384334802628
3258125056.0,-0.06443118304014206
3259062528.0,-0.06111128255724907
3260000000.0,-0.055127061903476715
3260937472.0,-0.04867285490036011
3261874944.0,-0.04183126986026764
3262812416.0,-0.03440782427787781
3263749888.0,-0.026333164423704147
3264687616.0,-0.017907733097672462
3265625088.0,-0.010087043978273869
3266562560.0,-0.00265893479809165
3267500032.0,0.004298127721995115
3268437504.0,0.010099424049258232
3269374976.0,0.014529596082866192
3270312448.0,0.01851588301360607
3271249920.0,0.02113300934433937
3272187392.0,0.022368188947439194
3273125120.0,0.0228924211114645
3274062592.0,0.021666310727596283
3275000064.0,0.01925140619277954
3275937536.0,0.017736297100782394
3276875008.0,0.015329993329942226
3277812480.0,0.01248466968536377
3278749952.0,0.010151518508791924
3279687424.0,0.007836948148906231
3280624896.0,0.006223684176802635
3281562624.0,0.0038478157948702574
3282500096.0,0.0034689682070165873
3283437568.0,0.00356253981590271
3284375040.0,0.004321172367781401
3285312512.0,0.006215231027454138
3286249984.0,0.006396578159183264
3287187456.0,0.007224707398563623
3288124928.0,0.008779693394899368
3289062400.0,0.01011019479483366
3289999872.0,0.010516003705561161
3290937600.0,0.010958869010210037
3291875072.0,0.010011727921664715
3292812544.0,0.008578470908105373
3293750016.0,0.0041007595136761665
3294687488.0,-0.0004718574637081474
3295624960.0,-0.005596896633505821
3296562432.0,-0.012220715172588825
3297499904.0,-0.018587689846754074
3298437376.0,-0.027153944596648216
3299375104.0,-0.035773590207099915
3300312576.0,-0.04489695653319359
3301250048.0,-0.053064946085214615
3302187520.0,-0.06225427985191345
3303124992.0,-0.07126165926456451
3304062464.0,-0.08137079328298569
3304999936.0,-0.09019925445318222
3305937408.0,-0.09761471301317215
3306874880.0,-0.10592126846313477
3307812608.0,-0.07091742008924484
3308750080.0,-0.0688956007361412
3309687552.0,-0.06605657190084457
3310625024.0,-0.0648999884724617
3311562496.0,-0.06298044323921204
3312499968.0,-0.06084433197975159
3313437440.0,-0.05942850932478905
3314374912.0,-0.05970405787229538
3315312384.0,-0.05989218130707741
3316250112.0,-0.06031642109155655
3317187584.0,-0.06253912299871445
3318125056.0,-0.06405738741159439
3319062528.0,-0.06765932589769363
3320000000.0,-0.07126227766275406
3320937472.0,-0.07484065741300583
3321874944.0,-0.08030252158641815
3322812416.0,-0.08569102734327316
3323749888.0,-0.09181468188762665
3324687616.0,-0.09832489490509033
3325625088.0,-0.10397260636091232
3326562560.0,-0.10974428802728653
3327500032.0,-0.11668375879526138
3328437504.0,-0.12142124772071838
3329374976.0,-0.12851303815841675
3330312448.0,-0.1331675499677658
3331249920.0,-0.13704745471477509
3332187392.0,-0.14257466793060303
3333125120.0,-0.14615477621555328
3334062592.0,-0.1497986763715744
3335000064.0,-0.15255972743034363
3335937536.0,-0.1521553248167038
3336875008.0,-0.15194472670555115
3337812480.0,-0.15042515099048615
3338749952.0,-0.14730213582515717
3339687424.0,-0.14418308436870575
3340624896.0,-0.13895948231220245
3341562624.0,-0.13319289684295654
3342500096.0,-0.1270611584186554
3343437568.0,-0.11938810348510742
3344375040.0,-0.11077290028333664
3345312512.0,-0.10267994552850723
3346249984.0,-0.09336524456739426
3347187456.0,-0.08427909016609192
3348124928.0,-0.07481720298528671
3349062400.0,-0.06538379192352295
3350000128.0,-0.05621643364429474
3350937600.0,-0.04703304171562195
3351875072.0,-0.03822823986411095
3352812544.0,-0.030186431482434273
3353750016.0,-0.02284180000424385
3354687488.0,-0.01628849282860756
3355624960.0,-0.009614302776753902
3356562432.0,-0.0038117042277008295
3357499904.0,0.0016700904816389084
3358437376.0,0.005726794246584177
3359375104.0,0.010137023404240608
3360312576.0,0.013707609847187996
3361250048.0,0.015816085040569305
3362187520.0,0.01795596070587635
3363124992.0,0.020020021125674248
3364062464.0,0.021195165812969208
3364999936.0,0.023617831990122795
3365937408.0,0.024065176025032997
3366874880.0,0.02628561481833458
3367812608.0,0.03406340256333351
3368750080.0,0.040730562061071396
3369687552.0,0.04730519652366638
3370625024.0,0.05280013382434845
3371562496.0,0.05875599756836891
3372499968.0,0.06287041306495667
3373437440.0,0.06590475887060165
3374374912.0,0.06868328899145126
3375312384.0,0.068343386054039
3376250112.0,0.06860923767089844
3377187584.0,0.06844064593315125
3378125056.0,0.06518470495939255
3379062528.0,0.06262853741645813
3380000000.0,0.05710763856768608
3380937472.0,0.05222562327980995
3381874944.0,0.04525047913193703
3382812416.0,0.038013651967048645
3383749888.0,0.029777253046631813
3384687616.0,0.021761098876595497
3385625088.0,0.012454559095203876
3386562560.0,0.0026204122696071863
3387500032.0,-0.007735534105449915
3388437504.0,-0.017947686836123466
3389374976.0,-0.02761007472872734
3390312448.0,-0.03768162801861763
3391249920.0,-0.04650852084159851
3392187392.0,-0.05520731583237648
3393125120.0,-0.06310757994651794
3394062592.0,-0.07092583924531937
3395000064.0,-0.07881395518779755
3395937536.0,-0.08494158834218979
3396875008.0,-0.09083665907382965
3397812480.0,-0.09453032910823822
3398749952.0,-0.09891077876091003
3399687424.0,-0.10162003338336945
3400624896.0,-0.10337366163730621
3401562624.0,-0.10360527038574219
3402500096.0,-0.10381322354078293
3403437568.0,-0.10350670665502548
3404375040.0,-0.10197515785694122
3405312512.0,-0.10007981210947037
3406249984.0,-0.09859680384397507
3407187456.0,-0.09551409631967545
3408124928.0,-0.09197123348712921
3409062400.0,-0.08872848004102707
3409999872.0,-0.08403398096561432
3410937600.0,-0.07969984412193298
3411875072.0,-0.07604649662971497
3412812544.0,-0.07193097472190857
3413750016.0,-0.06797391176223755
3414687488.0,-0.06298868358135223
3415624960.0,-0.06034857779741287
3416562432.0,-0.05648903548717499
3417499904.0,-0.05205763876438141
3418437376.0,-0.04869220778346062
3419375104.0,-0.04390446096658707
3420312576.0,-0.04101197421550751
3421250048.0,-0.037489041686058044
3422187520.0,-0.03396124020218849
3423124992.0,-0.030479034408926964
3424062464.0,-0.027636203914880753
3424999936.0,-0.023160791024565697
3425937408.0,-0.01983725093305111
3426874880.0,-0.01713479682803154
3427812608.0,-0.013648001477122307
3428750080.0,-0.01130271889269352
3429687552.0,-0.008652202785015106
3430625024.0,-0.005868484731763601
3431562496.0,-0.002933777403086424
3432499968.0,0.0008985046297311783
3433437440.0,0.004855656996369362
3434374912.0,0.010720809921622276
3435312384.0,0.016457026824355125
3436250112.0,0.023498281836509705
3437187584.0,0.031249864026904106
3438125056.0,0.03991364687681198
3439062528.0,0.050494443625211716
3440000000.0,0.06106596067547798
3440937472.0,0.07252000272274017
3441874944.0,0.08546138554811478
3442812416.0,0.09808234870433807
3443749888.0,0.11155517399311066
3444687616.0,0.1252150535583496
3445625088.0,0.13954927027225494
3446562560.0,0.15235525369644165
3447500032.0,0.164465993642807
3448437504.0,0.1773771345615387
3449374976.0,0.18693891167640686
3450312448.0,0.19426949322223663
3451249920.0,0.20115940272808075
3452187392.0,0.20579099655151367
3453125120.0,0.2077403962612152
3454062592.0,0.20615342259407043
3455000064.0,0.20379799604415894
3455937536.0,0.1978488713502884
3456875008.0,0.190556138753891
3457812480.0,0.18035809695720673
3458749952.0,0.16692666709423065
3459687424.0,0.1532440483570099
3460624896.0,0.1384221762418747
3461562624.0,0.11912047117948532
3462500096.0,0.10126272588968277
3463437568.0,0.08227579295635223
3464375040.0,0.06239018589258194
3465312512.0,0.042258504778146744
3466249984.0,0.022693824023008347
3467187456.0,0.004438319709151983
3468124928.0,-0.014182159677147865
3469062400.0,-0.029228651896119118
3470000128.0,-0.04381047561764717
3470937600.0,-0.05719723552465439
3471875072.0,-0.06708218157291412
3472812544.0,-0.07523573935031891
3473750016.0,-0.08219694346189499
3474687488.0,-0.0865410715341568
3475624960.0,-0.08871442079544067
3476562432.0,-0.0899675115942955
3477499904.0,-0.08964236080646515
3478437376.0,-0.0867394506931305
3479375104.0,-0.08420135825872421
3480312576.0,-0.08004167675971985
3481250048.0,-0.07545191794633865
3482187520.0,-0.0702776089310646
3483124992.0,-0.06517432630062103
3484062464.0,-0.05934395641088486
3484999936.0,-0.054330289363861084
3485937408.0,-0.04849805682897568
3486874880.0,-0.0431763231754303
3487812608.0,-0.02902970463037491
3488750080.0,-0.031379781663417816
3489687552.0,-0.03582589328289032
3490625024.0,-0.04102891683578491
3491562496.0,-0.045315247029066086
3492499968.0,-0.050309404730796814
3493437440.0,-0.05521310493350029
3494374912.0,-0.05990367382764816
3495312384.0,-0.06447635591030121
3496250112.0,-0.0699678286910057
3497187584.0,-0.07480118423700333
3498125056.0,-0.07809800654649734
3499062528.0,-0.08053924143314362
3500000000.0,-0.0819825604557991
3500937472.0,-0.08161256462335587
3501874944.0,-0.0801565945148468
3502812416.0,-0.07767639309167862
3503749888.0,-0.07394155859947205
3504687616.0,-0.07050392776727676
3505625088.0,-0.06427363306283951
3506562560.0,-0.05853164196014404
3507500032.0,-0.050928980112075806
3508437504.0,-0.04338721185922623
3509374976.0,-0.03514345735311508
3510312448.0,-0.02749720774590969
3511249920.0,-0.018576504662632942
3512187392.0,-0.009907659143209457
3513125120.0,-0.0011798309860751033
3514062592.0,0.007374968379735947
3515000064.0,0.01573321968317032
3515937536.0,0.023758765310049057
3516875008.0,0.031064165756106377
3517812480.0,0.03593378886580467
3518749952.0,0.0412466824054718
3519687424.0,0.043875802308321
3520624896.0,0.04641633853316307
3521562624.0,0.04735195264220238
3522500096.0,0.0478607639670372
3523437568.0,0.04759817570447922
3524375040.0,0.04552886635065079
3525312512.0,0.04232793301343918
3526249984.0,0.039053041487932205
3527187456.0,0.03457982465624809
3528124928.0,0.029368985444307327
3529062400.0,0.024851182475686073
3529999872.0,0.01858971267938614
3530937600.0,0.012784500606358051
3531875072.0,0.006566914729773998
3532812544.0,0.0008834486943669617
3533750016.0,-0.004873822908848524
3534687488.0,-0.008401520550251007
3535624960.0,-0.013501464389264584
3536562432.0,-0.01581985503435135
3537499904.0,-0.01914890669286251
3538437376.0,-0.022087886929512024
3539375104.0,-0.02226283960044384
3540312576.0,-0.02201690338551998
3541250048.0,-0.020911283791065216
3542187520.0,-0.01840841770172119
3543124992.0,-0.01635458692908287
3544062464.0,-0.012471419759094715
3544999936.0,-0.008430944755673409
3545937408.0,-0.003132306504994631
3546874880.0,0.0019177938811481
3547812608.0,0.0048952423967421055
3548750080.0,0.004475886467844248
3549687552.0,0.0024002823047339916
3550625024.0,0.0013338369317352772
3551562496.0,-0.0007116806227713823
3552499968.0,-0.002929107751697302
3553437440.0,-0.00589405233040452
3554374912.0,-0.008351091295480728
3555312384.0,-0.010537499561905861
3556250112.0,-0.01342824101448059
3557187584.0,-0.016415320336818695
3558125056.0,-0.019993379712104797
3559062528.0,-0.022493595257401466
3560000000.0,-0.02637641690671444
3560937472.0,-0.028244078159332275
3561874944.0,-0.03205736353993416
3562812416.0,-0.034482721239328384
3563749888.0,-0.036948706954717636
3564687616.0,-0.04014477878808975
3565625088.0,-0.04204362630844116
3566562560.0,-0.044288139790296555
3567500032.0,-0.045346949249506
3568437504.0,-0.04591398686170578
3569374976.0,-0.046412404626607895
3570312448.0,-0.047508712857961655
3571249920.0,-0.0463019534945488
3572187392.0,-0.04644215106964111
3573125120.0,-0.04500208795070648
3574062592.0,-0.04550788551568985
3575000064.0,-0.044203970581293106
3575937536.0,-0.04299376159906387
3576875008.0,-0.04053332656621933
3577812480.0,-0.03963692486286163
3578749952.0,-0.03818798437714577
3579687424.0,-0.0366654209792614
3580624896.0,-0.035205014050006866
3581562624.0,-0.03347909823060036
3582500096.0,-0.03195642679929733
3583437568.0,-0.029705431312322617
3584375040.0,-0.028794508427381516
3585312512.0,-0.02944573387503624
3586249984.0,-0.030104078352451324
3587187456.0,-0.02973458170890808
3588124928.0,-0.030065733939409256
3589062400.0,-0.030750736594200134
3590000128.0,-0.03109622374176979
3590937600.0,-0.030815742909908295
3591875072.0,-0.030979184433817863
3592812544.0,-0.03131169453263283
3593750016.0,-0.031070545315742493
3594687488.0,-0.03128228336572647
3595624960.0,-0.029716111719608307
3596562432.0,-0.028701286762952805
3597499904.0,-0.027032187208533287
3598437376.0,-0.025114761665463448
3599375104.0,-0.022595996037125587
3600312576.0,-0.019883036613464355
3601250048.0,-0.017288371920585632
3602187520.0,-0.013302805833518505
3603124992.0,-0.009402109310030937
3604062464.0,-0.0047002830542624
3604999936.0,0.001500293961726129
3605937408.0,0.007148199249058962
3606874880.0,0.013390477746725082
3607812608.0,0.03628375008702278
3608750080.0,0.0451912060379982
3609687552.0,0.05431801453232765
3610625024.0,0.06234512850642204
3611562496.0,0.07015115022659302
3612499968.0,0.0768667533993721
3613437440.0,0.08406232297420502
3614374912.0,0.08924629539251328
3615312384.0,0.09380706399679184
3616250112.0,0.09859981387853622
3617187584.0,0.10075239092111588
3618125056.0,0.10295481234788895
3619062528.0,0.10259735584259033
3620000000.0,0.10208888351917267
3620937472.0,0.10086708515882492
3621874944.0,0.09761438518762589
3622812416.0,0.09377451986074448
3623749888.0,0.08885438740253448
3624687616.0,0.08271394670009613
3625625088.0,0.07766937464475632
3626562560.0,0.0707562044262886
3627500032.0,0.06417294591665268
3628437504.0,0.05599766597151756
3629374976.0,0.047965675592422485
3630312448.0,0.03978079557418823
3631249920.0,0.03093177266418934
3632187392.0,0.020613625645637512
3633125120.0,0.011996524408459663
3634062592.0,0.0017725889338180423
3635000064.0,-0.008162503130733967
3635937536.0,-0.01710137538611889
3636875008.0,-0.02706368826329708
3637812480.0,-0.03611413389444351
3638749952.0,-0.044900715351104736
3639687424.0,-0.05274311453104019
3640624896.0,-0.06193117797374725
3641562624.0,-0.06960760056972504
3642500096.0,-0.07854945212602615
3643437568.0,-0.0856056734919548
3644375040.0,-0.0925922691822052
3645312512.0,-0.09827683866024017
3646249984.0,-0.1033836230635643
3647187456.0,-0.1085757240653038
3648124928.0,-0.11327514797449112
3649062400.0,-0.11695831269025803
3649999872.0,-0.11948347836732864
3650937600.0,-0.12101474404335022
3651875072.0,-0.12375941127538681
3652812544.0,-0.12486952543258667
3653750016.0,-0.126001238822937
3654687488.0,-0.12628963589668274
3655624960.0,-0.12577541172504425
3656562432.0,-0.12463939189910889
3657499904.0,-0.1238839402794838
3658437376.0,-0.12130143493413925
3659375104.0,-0.11948323994874954
3660312576.0,-0.11678986251354218
3661250048.0,-0.11441487818956375
3662187520.0,-0.11139550805091858
3663124992.0,-0.10834602266550064
3664062464.0,-0.1038500964641571
3664999936.0,-0.1005563959479332
3665937408.0,-0.09741637110710144
3666874880.0,-0.09323708713054657
3667812608.0,-0.07746628671884537
3668750080.0,-0.07763988524675369
3669687552.0,-0.07684066146612167
3670625024.0,-0.07559411227703094
3671562496.0,-0.0725996270775795
3672499968.0,-0.06994037330150604
3673437440.0,-0.06564828008413315
3674374912.0,-0.06113048270344734
3675312384.0,-0.05638820305466652
3676250112.0,-0.050728511065244675
3677187584.0,-0.04479201138019562
3678125056.0,-0.03801262006163597
3679062528.0,-0.030446957796812057
3680000000.0,-0.023304039612412453
3680937472.0,-0.014455224387347698
3681874944.0,-0.006447446998208761
3682812416.0,0.0018349935999140143
3683749888.0,0.011460760608315468
3684687616.0,0.020322494208812714
3685625088.0,0.029247839003801346
3686562560.0,0.03771287947893143
3687500032.0,0.04545309767127037
3688437504.0,0.05262376740574837
3689374976.0,0.05876452103257179
3690312448.0,0.06495846807956696
3691249920.0,0.07086307555437088
3692187392.0,0.07452183961868286
3693125120.0,0.07886484265327454
3694062592.0,0.08120346814393997
3695000064.0,0.08311086148023605
3695937536.0,0.08386325091123581
3696875008.0,0.08334143459796906
3697812480.0,0.08237636089324951
3698749952.0,0.08033011853694916
3699687424.0,0.07771041244268417
3700624896.0,0.07375608384609222
3701562624.0,0.06955812126398087
3702500096.0,0.06465171277523041
3703437568.0,0.057569798082113266
3704375040.0,0.050513796508312225
3705312512.0,0.044393666088581085
3706249984.0,0.037573523819446564
3707187456.0,0.030310289934277534
3708124928.0,0.022548340260982513
3709062400.0,0.01377507671713829
3710000128.0,0.004994421266019344
3710937600.0,-0.003661220194771886
3711875072.0,-0.011740284971892834
3712812544.0,-0.019321883097290993
3713750016.0,-0.026807865127921104
3714687488.0,-0.03218177333474159
3715624960.0,-0.038038499653339386
3716562432.0,-0.041072357445955276
3717499904.0,-0.04488453269004822
3718437376.0,-0.04699927568435669
3719375104.0,-0.048579342663288116
3720312576.0,-0.04953853785991669
3721250048.0,-0.050749294459819794
3722187520.0,-0.050632160156965256
3723124992.0,-0.050092052668333054
3724062464.0,-0.049135468900203705
3724999936.0,-0.047218434512615204
3725937408.0,-0.04472599923610687
3726874880.0,-0.04201732203364372
3727812608.0,-0.04557160288095474
3728750080.0,-0.04543564096093178
3729687552.0,-0.044757165014743805
3730625024.0,-0.04424617439508438
3731562496.0,-0.04300316050648689
3732499968.0,-0.043545208871364594
3733437440.0,-0.043967071920633316
3734374912.0,-0.04476432502269745
3735312384.0,-0.04472726956009865
3736250112.0,-0.04686059430241585
3737187584.0,-0.048300307244062424
3738125056.0,-0.051117151975631714
3739062528.0,-0.05416661128401756
3740000000.0,-0.05752461031079292
3740937472.0,-0.06112426146864891
3741874944.0,-0.06636189669370651
3742812416.0,-0.07007721066474915
3743749888.0,-0.07644008100032806
3744687616.0,-0.08140835165977478
3745625088.0,-0.08663111180067062
3746562560.0,-0.09163839370012283
3747500032.0,-0.09805309772491455
3748437504.0,-0.10352296382188797
3749374976.0,-0.10935868322849274
3750312448.0,-0.11463511735200882
3751249920.0,-0.12108232080936432
3752187392.0,-0.12561829388141632
3753125120.0,-0.1299651712179184
3754062592.0,-0.13356250524520874
3755000064.0,-0.13707351684570312
3755937536.0,-0.1395278126001358
3756875008.0,-0.1411382555961609
3757812480.0,-0.1416652351617813
3758749952.0,-0.14060188829898834
3759687424.0,-0.13853253424167633
3760624896.0,-0.13435927033424377
3761562624.0,-0.12999877333641052
3762500096.0,-0.12405111640691757
3763437568.0,-0.11520007997751236
3764375040.0,-0.10721065104007721
3765312512.0,-0.09796957671642303
3766249984.0,-0.08639518916606903
3767187456.0,-0.07582972198724747
3768124928.0,-0.06435239315032959
3769062400.0,-0.052545443177223206
3769999872.0,-0.04073275998234749
3770937600.0,-0.029625553637742996
3771875072.0,-0.01876729726791382
3772812544.0,-0.008774062618613243
3773750016.0,-0.00023057112412061542
3774687488.0,0.008348362520337105
3775624960.0,0.015335481613874435
3776562432.0,0.021360596641898155
3777499904.0,0.025997230783104897
3778437376.0,0.029024546965956688
3779375104.0,0.02959219552576542
3780312576.0,0.029185336083173752
3781250048.0,0.02749323658645153
3782187520.0,0.023832201957702637
3783124992.0,0.01905589923262596
3784062464.0,0.012708012014627457
3784999936.0,0.005145433358848095
3785937408.0,-0.0033212045673280954
3786874880.0,-0.001524033723399043
3787812608.0,-0.00994876679033041
3788750080.0,-0.01929302327334881
3789687552.0,-0.02886151522397995
3790625024.0,-0.04109618440270424
3791562496.0,-0.05280444025993347
3792499968.0,-0.06384135782718658
3793437440.0,-0.07516446709632874
3794374912.0,-0.08632942289113998
3795312384.0,-0.09700892865657806
3796250112.0,-0.10765509307384491
3797187584.0,-0.11785664409399033
3798125056.0,-0.12687504291534424
3799062528.0,-0.13598284125328064
3800000000.0,-0.14380483329296112
3800937472.0,-0.1498350352048874
3801874944.0,-0.15499715507030487
3802812416.0,-0.1599622219800949
3803749888.0,-0.16312018036842346
3804687616.0,-0.16482022404670715
3805625088.0,-0.16451111435890198
3806562560.0,-0.16386555135250092
3807500032.0,-0.16187117993831635
3808437504.0,-0.15797848999500275
3809374976.0,-0.1528579443693161
3810312448.0,-0.14602430164813995
3811249920.0,-0.13888660073280334
3812187392.0,-0.13091716170310974
3813125120.0,-0.1232692152261734
3814062592.0,-0.11354874074459076
3815000064.0,-0.10441724956035614
3815937536.0,-0.09391777217388153
3816875008.0,-0.08546722680330276
3817812480.0,-0.07528877258300781
3818749952.0,-0.06629593670368195
3819687424.0,-0.05642162263393402
3820624896.0,-0.04764370992779732
3821562624.0,-0.03963667154312134
3822500096.0,-0.03239021822810173
3823437568.0,-0.02465914562344551
3824375040.0,-0.01919175498187542
3825312512.0,-0.014244485646486282
3826249984.0,-0.010693391785025597
3827187456.0,-0.007974439300596714
3828124928.0,-0.006829114630818367
3829062400.0,-0.006234059575945139
3830000128.0,-0.007107118144631386
3830937600.0,-0.008609779179096222
3831875072.0,-0.010911691002547741
3832812544.0,-0.013767370954155922
3833750016.0,-0.018525315448641777
3834687488.0,-0.02268066257238388
3835624960.0,-0.027518438175320625
3836562432.0,-0.03250627964735031
3837499904.0,-0.03677196800708771
3838437376.0,-0.04074084013700485
3839375104.0,-0.04611014202237129
3840312576.0,-0.04995320364832878
3841250048.0,-0.053617555648088455
3842187520.0,-0.058027684688568115
3843124992.0,-0.060339972376823425
3844062464.0,-0.0628594160079956
3844999936.0,-0.0651293694972992
3845937408.0,-0.06708783656358719
3846874880.0,-0.05880380794405937
3847812608.0,-0.053914524614810944
3848750080.0,-0.0505778007209301
3849687552.0,-0.04725675284862518
3850625024.0,-0.04405079036951065
3851562496.0,-0.041250213980674744
3852499968.0,-0.038942620158195496
3853437440.0,-0.038371067494153976
3854374912.0,-0.03800472617149353
3855312384.0,-0.03702595457434654
3856250112.0,-0.03619662672281265
3857187584.0,-0.03670886904001236
3858125056.0,-0.03732841834425926
3859062528.0,-0.038501013070344925
3860000000.0,-0.03880694881081581
3860937472.0,-0.04074295610189438
3861874944.0,-0.04232560470700264
3862812416.0,-0.04487374424934387
3863749888.0,-0.04688223451375961
3864687616.0,-0.04849404841661453
3865625088.0,-0.050764698535203934
3866562560.0,-0.052790433168411255
3867500032.0,-0.05522163584828377
3868437504.0,-0.05658568814396858
3869374976.0,-0.05931829661130905
3870312448.0,-0.06024997681379318
3871249920.0,-0.06205140799283981
3872187392.0,-0.06315600872039795
3873125120.0,-0.06563175469636917
3874062592.0,-0.0656537264585495
3875000064.0,-0.06733503937721252
3875937536.0,-0.068513885140419
3876875008.0,-0.07140697538852692
3877812480.0,-0.07416536659002304
3878749952.0,-0.07618051022291183
3879687424.0,-0.07739295065402985
3880624896.0,-0.07864280045032501
3881562624.0,-0.07868234068155289
3882500096.0,-0.07908675074577332
3883437568.0,-0.07856976985931396
3884375040.0,-0.07911968231201172
3885312512.0,-0.07877372950315475
3886249984.0,-0.07874775677919388
3887187456.0,-0.07891016453504562
3888124928.0,-0.07758775353431702
3889062400.0,-0.07758266478776932
3889999872.0,-0.07805849611759186
3890937600.0,-0.07861502468585968
3891875072.0,-0.07981979846954346
3892812544.0,-0.08065535873174667
3893750016.0,-0.0823902040719986
3894687488.0,-0.08329660445451736
3895624960.0,-0.08593016117811203
3896562432.0,-0.08835433423519135
3897499904.0,-0.09168507903814316
3898437376.0,-0.09425832331180573
3899375104.0,-0.09829322248697281
3900312576.0,-0.1027953252196312
3901250048.0,-0.10624507814645767
3902187520.0,-0.1111677959561348
3903124992.0,-0.11609154939651489
3904062464.0,-0.12024044245481491
3904999936.0,-0.12493768334388733
3905937408.0,-0.1294602006673813
3906874880.0,-0.14843830466270447
3907812608.0,-0.15635135769844055
3908750080.0,-0.16200794279575348
3909687552.0,-0.16591645777225494
3910625024.0,-0.16803057491779327
3911562496.0,-0.1676914244890213
3912499968.0,-0.1657300591468811
3913437440.0,-0.16191735863685608
3914374912.0,-0.15548545122146606
3915312384.0,-0.1468319445848465
3916250112.0,-0.1360216736793518
3917187584.0,-0.12409935891628265
3918125056.0,-0.11119101196527481
3919062528.0,-0.09666850417852402
3920000000.0,-0.08124560117721558
3920937472.0,-0.06519781053066254
3921874944.0,-0.04816187545657158
3922812416.0,-0.03131280094385147
3923749888.0,-0.015945803374052048
3924687616.0,0.0008537546382285655
3925625088.0,0.015779197216033936
3926562560.0,0.029990453273057938
3927500032.0,0.042717985808849335
3928437504.0,0.053677115589380264
3929374976.0,0.06225162371993065
3930312448.0,0.06848202645778656
3931249920.0,0.07264318317174911
3932187392.0,0.07539577037096024
3933125120.0,0.07632555067539215
3934062592.0,0.0754183903336525
3935000064.0,0.07297273725271225
3935937536.0,0.06892986595630646
3936875008.0,0.06393306702375412
3937812480.0,0.05710700526833534
3938749952.0,0.048690155148506165
3939687424.0,0.040593113750219345
3940624896.0,0.03098681941628456
3941562624.0,0.022814743220806122
3942500096.0,0.012719223275780678
3943437568.0,0.005298498086631298
3944375040.0,-0.003237358760088682
3945312512.0,-0.011507818475365639
3946249984.0,-0.01789037324488163
3947187456.0,-0.024593107402324677
3948124928.0,-0.029659682884812355
3949062400.0,-0.03488331660628319
3950000128.0,-0.03883851319551468
3950937600.0,-0.04221893101930618
3951875072.0,-0.04538075253367424
3952812544.0,-0.04652310907840729
3953750016.0,-0.04828474298119545
3954687488.0,-0.050800733268260956
3955624960.0,-0.05086498707532883
3956562432.0,-0.052886757999658585
3957499904.0,-0.05464882031083107
3958437376.0,-0.05562424659729004
3959375104.0,-0.05525749549269676
3960312576.0,-0.05538370460271835
3961250048.0,-0.05664003640413284
3962187520.0,-0.05844511464238167
3963124992.0,-0.06075086444616318
3964062464.0,-0.0643601194024086
3964999936.0,-0.06952036172151566
3965937408.0,-0.07522714883089066
3966874880.0,-0.09013612568378448
3967812608.0,-0.10267217457294464
3968750080.0,-0.11661103367805481
3969687552.0,-0.12979848682880402
3970625024.0,-0.14301139116287231
3971562496.0,-0.1568039357662201
3972499968.0,-0.16746635735034943
3973437440.0,-0.1783226877450943
3974374912.0,-0.18736402690410614
3975312384.0,-0.1964016854763031
3976250112.0,-0.20357289910316467
3977187584.0,-0.20875196158885956
3978125056.0,-0.2120790332555771
3979062528.0,-0.2138807773590088
3980000000.0,-0.21478389203548431
3980937472.0,-0.2130970060825348
3981874944.0,-0.20884011685848236
3982812416.0,-0.20536769926548004
3983749888.0,-0.1988385170698166
3984687616.0,-0.19112840294837952
3985625088.0,-0.18208929896354675
3986562560.0,-0.17197579145431519
3987500032.0,-0.16294679045677185
3988437504.0,-0.15163876116275787
3989374976.0,-0.14102022349834442
3990312448.0,-0.1302313208580017
3991249920.0,-0.1179632842540741
3992187392.0,-0.10626725852489471
3993125120.0,-0.09554073959589005
3994062592.0,-0.08559510856866837
3995000064.0,-0.07611311227083206
3995937536.0,-0.0679117813706398
3996875008.0,-0.06047891080379486
3997812480.0,-0.05410952493548393
3998749952.0,-0.049817588180303574
3999687424.0,-0.044065747410058975
4000624896.0,-0.05188943073153496
4001562624.0,-0.0504007488489151
4002500096.0,-0.049684178084135056
4003437568.0,-0.05033499374985695
4004375040.0,-0.053198687732219696
4005312512.0,-0.05692056566476822
4006249984.0,-0.060810502618551254
4007187456.0,-0.06594757735729218
4008124928.0,-0.07124650478363037
4009062400.0,-0.07895135134458542
4009999872.0,-0.08524391800165176
4010937600.0,-0.09346934407949448
4011875072.0,-0.10146760940551758
4012812544.0,-0.1096755638718605
4013750016.0,-0.11849413067102432
4014687488.0,-0.12606874108314514
4015624960.0,-0.13257281482219696
4016562432.0,-0.14037775993347168
4017499904.0,-0.14711716771125793
4018437376.0,-0.15352967381477356
4019375104.0,-0.1590200960636139
4020312576.0,-0.1649826467037201
4021250048.0,-0.16770777106285095
4022187520.0,-0.17271192371845245
4023124992.0,-0.1759585589170456
4024062464.0,-0.17925241589546204
4024999936.0,-0.1815105825662613
4025937408.0,-0.18509194254875183
4026874880.0,-0.1770997941493988
4027812608.0,-0.183435320854187
4028750080.0,-0.18836697936058044
4029687552.0,-0.1932653933763504
4030625024.0,-0.19791381061077118
4031562496.0,-0.2026425153017044
4032499968.0,-0.206308975815773
4033437440.0,-0.20923390984535217
4034374912.0,-0.21020996570587158
4035312384.0,-0.21037539839744568
4036250112.0,-0.20953503251075745
4037187584.0,-0.2077743262052536
4038125056.0,-0.20371419191360474
4039062528.0,-0.1989946961402893
4040000000.0,-0.1937570869922638
4040937472.0,-0.1876068115234375
4041874944.0,-0.18150535225868225
4042812416.0,-0.17440539598464966
4043749888.0,-0.16529691219329834
4044687616.0,-0.15542851388454437
4045625088.0,-0.14520272612571716
4046562560.0,-0.13402076065540314
4047500032.0,-0.12127051502466202
4048437504.0,-0.10705996304750443
4049374976.0,-0.09506689757108688
4050312448.0,-0.08029772341251373
4051249920.0,-0.06704045832157135
4052187392.0,-0.05304529890418053
4053125120.0,-0.04054144769906998
4054062592.0,-0.0280684195458889
4055000064.0,-0.01736879162490368
4055937536.0,-0.0061340597458183765
4056875008.0,0.00426514120772481
4057812480.0,0.011302940547466278
4058749952.0,0.018849847838282585
4059687424.0,0.023840105161070824
4060624896.0,0.027114178985357285
4061562624.0,0.028533853590488434
4062500096.0,0.02860076166689396
4063437568.0,0.027264604344964027
4064375040.0,0.02425677515566349
4065312512.0,0.019162626937031746
4066249984.0,0.013594230636954308
4067187456.0,0.005720081273466349
4068124928.0,-0.003529402194544673
4069062400.0,-0.01417362317442894
4070000128.0,-0.02592688612639904
4070937600.0,-0.03748128563165665
4071875072.0,-0.04981588199734688
4072812544.0,-0.0626426413655281
4073750016.0,-0.07618317753076553
4074687488.0,-0.08920393884181976
4075624960.0,-0.10215505212545395
4076562432.0,-0.11528688669204712
4077499904.0,-0.12789669632911682
4078437376.0,-0.13788972795009613
4079375104.0,-0.14816831052303314
4080312576.0,-0.1572645902633667
4081250048.0,-0.16565202176570892
4082187520.0,-0.17317719757556915
4083124992.0,-0.17966848611831665
4084062464.0,-0.1834735870361328
4084999936.0,-0.18613579869270325
4085937408.0,-0.1882370114326477
4086874880.0,-0.16966088116168976
4087812608.0,-0.1676584929227829
4088750080.0,-0.16700638830661774
4089687552.0,-0.16439953446388245
4090625024.0,-0.1609472781419754
4091562496.0,-0.15650123357772827
4092499968.0,-0.1525994837284088
4093437440.0,-0.14756916463375092
4094374912.0,-0.14052020013332367
4095312384.0,-0.13537399470806122
4096250112.0,-0.1294085681438446
4097187584.0,-0.12338180094957352
4098125056.0,-0.11811857670545578
4099062528.0,-0.1096411943435669
4100000000.0,-0.10330014675855637
4100937472.0,-0.09604883939027786
4101874944.0,-0.09041498601436615
4102812416.0,-0.08469146490097046
4103749888.0,-0.07880724966526031
4104687616.0,-0.07386354357004166
4105625088.0,-0.0687762126326561
4106562560.0,-0.06352675706148148
4107500032.0,-0.059854906052351
4108437504.0,-0.055360086262226105
4109374976.0,-0.05219416692852974
4110312448.0,-0.04926202446222305
4111249920.0,-0.04646319895982742
4112187392.0,-0.04360419511795044
4113125120.0,-0.04059930518269539
4114062592.0,-0.038240380585193634
4115000064.0,-0.03709925711154938
4115937536.0,-0.0354255773127079
4116875008.0,-0.03472017124295235
4117812480.0,-0.03357701748609543
4118749952.0,-0.03308986872434616
4119687424.0,-0.03392429277300835
4120624896.0,-0.03423476964235306
4121562624.0,-0.03556964546442032
4122500096.0,-0.03587483987212181
4123437568.0,-0.037179820239543915
4124375040.0,-0.039856985211372375
4125312512.0,-0.04151912406086922
4126249984.0,-0.04400912672281265
4127187456.0,-0.04632837697863579
4128124928.0,-0.05018122121691704
4129062400.0,-0.05255673825740814
4129999872.0,-0.05683571845293045
4130937600.0,-0.06165224686264992
4131875072.0,-0.06641921401023865
4132812544.0,-0.07259108871221542
4133750016.0,-0.07846922427415848
4134687488.0,-0.08577872812747955
4135624960.0,-0.09401160478591919
4136562432.0,-0.10125480592250824
4137499904.0,-0.11004652082920074
4138437376.0,-0.11699680238962173
4139375104.0,-0.1258576363325119
4140312576.0,-0.13494344055652618
4141250048.0,-0.14463548362255096
4142187520.0,-0.15371626615524292
4143124992.0,-0.16263331472873688
4144062464.0,-0.1712120771408081
4144999936.0,-0.18117058277130127
4145937408.0,-0.18934257328510284
4146874880.0,-0.20899598300457
4147812608.0,-0.2159261554479599
4148750080.0,-0.22102950513362885
4149687552.0,-0.2232028841972351
4150625024.0,-0.224878191947937
4151562496.0,-0.22348514199256897
4152499968.0,-0.21987242996692657
4153437440.0,-0.21505393087863922
4154374912.0,-0.20796610414981842
4155312384.0,-0.20015470683574677
4156250112.0,-0.1917695850133896
4157187584.0,-0.18089927732944489
4158125056.0,-0.17090241611003876
4159062528.0,-0.1590351164340973
4160000000.0,-0.147147536277771
4160937472.0,-0.13505476713180542
4161874944.0,-0.12226859480142593
4162812416.0,-0.11024461686611176
4163749888.0,-0.09785968065261841
4164687616.0,-0.0860767588019371
4165625088.0,-0.07400288432836533
4166562560.0,-0.06277438253164291
4167500032.0,-0.05173416808247566
4168437504.0,-0.04150763154029846
4169374976.0,-0.032618843019008636
4170312448.0,-0.02400214783847332
4171249920.0,-0.0170969907194376
4172187392.0,-0.010732683353126049
4173125120.0,-0.006196803878992796
4174062592.0,-0.0008446766878478229
4175000064.0,0.0036853598430752754
4175937536.0,0.007184355985373259
4176875008.0,0.01003755908459425
4177812480.0,0.01368763018399477
4178749952.0,0.015319574624300003
4179687424.0,0.017078295350074768
4180624896.0,0.018414359539747238
4181562624.0,0.0190137829631567
4182500096.0,0.018704373389482498
4183437568.0,0.01873915083706379
4184375040.0,0.01659356988966465
4185312512.0,0.016786249354481697
4186249984.0,0.01388329453766346
4187187456.0,0.011445864103734493
4188124928.0,0.008334818296134472
4189062400.0,0.003669914323836565
4190000128.0,-0.0025370456278324127
4190937600.0,-0.006627317052334547
4191875072.0,-0.013478633016347885
4192812544.0,-0.019322356209158897
4193750016.0,-0.028318461030721664
4194687488.0,-0.037026386708021164
4195624960.0,-0.045830436050891876
4196562432.0,-0.05556429177522659
4197499904.0,-0.06491982936859131
4198437376.0,-0.07537754625082016
4199375104.0,-0.08746175467967987
4200312576.0,-0.09847372025251389
4201250048.0,-0.11034459620714188
4202187520.0,-0.12377700209617615
4203124992.0,-0.13523627817630768
4204062464.0,-0.14816588163375854
4204999936.0,-0.1615125834941864
4205937408.0,-0.1731177270412445
4206874880.0,-0.17685897648334503
4207812608.0,-0.1886175274848938
4208750080.0,-0.2000724822282791
4209687552.0,-0.2119034379720688
4210625024.0,-0.22332604229450226
4211562496.0,-0.23248006403446198
4212499968.0,-0.2400074303150177
4213437440.0,-0.24646537005901337
4214374912.0,-0.25276365876197815
4215312384.0,-0.2545509338378906
4216250112.0,-0.2558335065841675
4217187584.0,-0.25460684299468994
4218125056.0,-0.2515702545642853
4219062528.0,-0.2445071041584015
4220000000.0,-0.23578773438930511
4220937472.0,-0.22553952038288116
4221874944.0,-0.21238206326961517
4222812416.0,-0.19779223203659058
4223749888.0,-0.18128491938114166
4224687616.0,-0.16276663541793823
4225625088.0,-0.14334546029567719
4226562560.0,-0.1217479407787323
4227500032.0,-0.09924408048391342
4228437504.0,-0.0780816376209259
4229374976.0,-0.0551946647465229
4230312448.0,-0.03341813385486603
4231249920.0,-0.011446746066212654
4232187392.0,0.009435332380235195
4233125120.0,0.02963312715291977
4234062592.0,0.048505380749702454
4235000064.0,0.06545884907245636
4235937536.0,0.08144839853048325
4236875008.0,0.09433683007955551
4237812480.0,0.10547272861003876
4238749952.0,0.11357162892818451
4239687424.0,0.11992280930280685
4240624896.0,0.12287916988134384
4241562624.0,0.12303607165813446
4242500096.0,0.12234003841876984
4243437568.0,0.11789865791797638
4244375040.0,0.11115409433841705
4245312512.0,0.10279543697834015
4246249984.0,0.09204023331403732
4247187456.0,0.07899986207485199
4248124928.0,0.06470726430416107
4249062400.0,0.048898741602897644
4249999872.0,0.03267168253660202
4250937600.0,0.015421317890286446
4251875072.0,-0.0024525681510567665
4252812544.0,-0.0206593070179224
4253750016.0,-0.0396747924387455
4254687488.0,-0.05797465890645981
4255624960.0,-0.0764913409948349
4256562432.0,-0.09395425021648407
4257499904.0,-0.11139913648366928
4258437376.0,-0.12934935092926025
4259375104.0,-0.14494732022285461
4260312576.0,-0.16139288246631622
4261250048.0,-0.1760292798280716
4262187520.0,-0.19202817976474762
4263124992.0,-0.20513422787189484
4264062464.0,-0.2177104651927948
4264999936.0,-0.23089434206485748
4265937408.0,-0.24243079125881195
4266874880.0,-0.24875475466251373
4267812608.0,-0.25313273072242737
4268750080.0,-0.25784170627593994
4269687552.0,-0.2622132897377014
4270625024.0,-0.26676979660987854
4271562496.0,-0.27114203572273254
4272499968.0,-0.2746696174144745
4273437440.0,-0.2778608202934265
4274374912.0,-0.2793521285057068
4275312384.0,-0.280417799949646
4276250112.0,-0.27956271171569824
4277187584.0,-0.2769291400909424
4278125056.0,-0.27417683601379395
4279062528.0,-0.2675982117652893
4280000000.0,-0.26108837127685547
4280937472.0,-0.2512468099594116
4281874944.0,-0.24005234241485596
4282812416.0,-0.22669462859630585
4283749888.0,-0.2114015519618988
4284687616.0,-0.19620490074157715
4285625088.0,-0.17863234877586365
4286562560.0,-0.16020113229751587
4287500032.0,-0.13995522260665894
4288437504.0,-0.11781569570302963
4289374976.0,-0.09550932049751282
4290312448.0,-0.07242610305547714
4291249920.0,-0.04862182214856148
4292187392.0,-0.023894328624010086
4293125120.0,-0.0003409432538319379
4294062592.0,0.02222747914493084
4295000064.0,0.04272131249308586
4295937536.0,0.06387458741664886
4296875008.0,0.0824766457080841
4297812480.0,0.09982000291347504
4298749952.0,0.11479789763689041
4299687424.0,0.12856818735599518
4300624896.0,0.1403398960828781
4301562368.0,0.14902625977993011
4302499840.0,0.1555747389793396
4303437312.0,0.15970009565353394
4304374784.0,0.16028861701488495
4305312256.0,0.15993644297122955
4306250240.0,0.15524998307228088
4307187712.0,0.14821375906467438
4308125184.0,0.13895104825496674
4309062656.0,0.12605780363082886
4310000128.0,0.11014284193515778
4310937600.0,0.09190141409635544
4311875072.0,0.07160284370183945
4312812544.0,0.04769327864050865
4313750016.0,0.021659620106220245
4314687488.0,-0.006672979332506657
4315624960.0,-0.03521771356463432
4316562432.0,-0.06472571939229965
4317499904.0,-0.09494547545909882
4318437376.0,-0.12531527876853943
4319374848.0,-0.15598881244659424
4320312320.0,-0.18592120707035065
4321249792.0,-0.21414239704608917
4322187264.0,-0.2421935647726059
4323125248.0,-0.26826047897338867
4324062720.0,-0.2928810715675354
4325000192.0,-0.31502565741539
4325937664.0,-0.33464229106903076
4326875136.0,-0.3554994761943817
4327812608.0,-0.3497765362262726
4328750080.0,-0.34181880950927734
4329687552.0,-0.3327831029891968
4330625024.0,-0.32467612624168396
4331562496.0,-0.31592413783073425
4332499968.0,-0.30592089891433716
4333437440.0,-0.2966212332248688
4334374912.0,-0.2867452800273895
4335312384.0,-0.2775806486606598
4336249856.0,-0.2701346278190613
4337187328.0,-0.26165950298309326
4338124800.0,-0.25588807463645935
4339062272.0,-0.24863474071025848
4339999744.0,-0.24253764748573303
4340937728.0,-0.23727001249790192
4341875200.0,-0.2312277853488922
4342812672.0,-0.22494222223758698
4343750144.0,-0.2197934091091156
4344687616.0,-0.2136738896369934
4345625088.0,-0.20694327354431152
4346562560.0,-0.19896233081817627
4347500032.0,-0.19167008996009827
4348437504.0,-0.18435049057006836
4349374976.0,-0.17565205693244934
4350312448.0,-0.165729820728302
4351249920.0,-0.15489664673805237
4352187392.0,-0.14310696721076965
4353124864.0,-0.1284363567829132
4354062336.0,-0.11330410838127136
4354999808.0,-0.09677586704492569
4355937280.0,-0.07974306493997574
4356874752.0,-0.06319701671600342
4357812736.0,-0.046764254570007324
4358750208.0,-0.033744893968105316
4359687680.0,-0.023457974195480347
4360625152.0,-0.015133495442569256
4361562624.0,-0.011407994665205479
4362500096.0,-0.008245846256613731
4363437568.0,-0.007683970965445042
4364375040.0,-0.007079200819134712
4365312512.0,-0.00672173174098134
4366249984.0,-0.007669552695006132
4367187456.0,-0.007994884625077248
4368124928.0,-0.009987295605242252
4369062400.0,-0.013001721352338791
4369999872.0,-0.015349575318396091
4370937344.0,-0.019516341388225555
4371874816.0,-0.02390565164387226
4372812288.0,-0.03035828471183777
4373749760.0,-0.03694654256105423
4374687744.0,-0.04510591924190521
4375625216.0,-0.05500129982829094
4376562688.0,-0.06685242801904678
4377500160.0,-0.07935547083616257
4378437632.0,-0.09513042122125626
4379375104.0,-0.11160345375537872
4380312576.0,-0.1308814436197281
4381250048.0,-0.15032482147216797
4382187520.0,-0.17219668626785278
4383124992.0,-0.19479674100875854
4384062464.0,-0.21865509450435638
4384999936.0,-0.2423224300146103
4385937408.0,-0.26533517241477966
4386874880.0,-0.35069334506988525
4387812352.0,-0.3655911087989807
4388749824.0,-0.37848350405693054
4389687296.0,-0.38862255215644836
4390624768.0,-0.39560413360595703
4391562752.0,-0.39934051036834717
4392500224.0,-0.40021833777427673
4393437696.0,-0.39983147382736206
4394375168.0,-0.39416617155075073
4395312640.0,-0.38549941778182983
4396250112.0,-0.37400004267692566
4397187584.0,-0.3579229414463043
4398125056.0,-0.3398875594139099
4399062528.0,-0.31958773732185364
4400000000.0,-0.29582473635673523
4400937472.0,-0.2700141370296478
4401874944.0,-0.2420453578233719
4402812416.0,-0.21313510835170746
4403749888.0,-0.18127775192260742
4404687360.0,-0.15002520382404327
4405624832.0,-0.11841147392988205
4406562304.0,-0.08532064408063889
4407499776.0,-0.05388322100043297
4408437248.0,-0.02271156571805477
4409375232.0,0.006993531249463558
4410312704.0,0.03563834726810455
4411250176.0,0.06173787638545036
4412187648.0,0.08625755459070206
4413125120.0,0.10720599442720413
4414062592.0,0.12670859694480896
4415000064.0,0.14253108203411102
4415937536.0,0.15385617315769196
4416875008.0,0.16380448639392853
4417812480.0,0.16991274058818817
4418749952.0,0.171236053109169
4419687424.0,0.17162950336933136
4420624896.0,0.16726621985435486
4421562368.0,0.16003014147281647
4422499840.0,0.14893357455730438
4423437312.0,0.13569867610931396
4424374784.0,0.11942452192306519
4425312256.0,0.10052406042814255
4426250240.0,0.07844959944486618
4427187712.0,0.055897828191518784
4428125184.0,0.03146892040967941
4429062656.0,0.006749832071363926
4430000128.0,-0.020015597343444824
4430937600.0,-0.04671252518892288
4431875072.0,-0.07385390996932983
4432812544.0,-0.09882844984531403
4433750016.0,-0.1254042685031891
4434687488.0,-0.15029294788837433
4435624960.0,-0.1738954782485962
4436562432.0,-0.19478946924209595
4437499904.0,-0.21535950899124146
4438437376.0,-0.23234429955482483
4439374848.0,-0.24783089756965637
4440312320.0,-0.2593918740749359
4441249792.0,-0.2686750888824463
4442187264.0,-0.27596545219421387
4443125248.0,-0.2802737355232239
4444062720.0,-0.2834082543849945
4445000192.0,-0.2842482030391693
4445937664.0,-0.2826650142669678
4446875136.0,-0.2259960025548935
4447812608.0,-0.23123730719089508
4448750080.0,-0.2332019805908203
4449687552.0,-0.23154006898403168
4450625024.0,-0.22712107002735138
4451562496.0,-0.2206316441297531
4452499968.0,-0.21191900968551636
4453437440.0,-0.19939252734184265
4454374912.0,-0.18577420711517334
4455312384.0,-0.1684231460094452
4456249856.0,-0.15060430765151978
4457187328.0,-0.13034792244434357
4458124800.0,-0.11031017452478409
4459062272.0,-0.08936834335327148
4460000256.0,-0.06694352626800537
4460937728.0,-0.04588787630200386
4461875200.0,-0.024514971300959587
4462812672.0,-0.004324437119066715
4463750144.0,0.014231191016733646
4464687616.0,0.03234844654798508
4465625088.0,0.050277817994356155
4466562560.0,0.0645332783460617
4467500032.0,0.07579826563596725
4468437504.0,0.0862032026052475
4469374976.0,0.09247996658086777
4470312448.0,0.0956198200583458
4471249920.0,0.09588509052991867
4472187392.0,0.09325702488422394
4473124864.0,0.08787386864423752
4474062336.0,0.07917339354753494
4474999808.0,0.06805736571550369
4475937280.0,0.05423380061984062
4476874752.0,0.03693646937608719
4477812736.0,0.017696745693683624
4478750208.0,-0.0029686572961509228
4479687680.0,-0.0265871062874794
4480625152.0,-0.05148275941610336
4481562624.0,-0.07693544030189514
4482500096.0,-0.10361883789300919
4483437568.0,-0.13192522525787354
4484375040.0,-0.15999509394168854
4485312512.0,-0.18853653967380524
4486249984.0,-0.21705785393714905
4487187456.0,-0.24440205097198486
4488124928.0,-0.2712419927120209
4489062400.0,-0.2969464957714081
4489999872.0,-0.32084473967552185
4490937344.0,-0.34280329942703247
4491874816.0,-0.36205926537513733
4492812288.0,-0.38003259897232056
4493749760.0,-0.3952936828136444
4494687744.0,-0.40693366527557373
4495625216.0,-0.41740116477012634
4496562688.0,-0.4266156852245331
4497500160.0,-0.43233776092529297
4498437632.0,-0.4355272650718689
4499375104.0,-0.43761664628982544
4500312576.0,-0.4376702904701233
4501250048.0,-0.4366012513637543
4502187520.0,-0.43359625339508057
4503124992.0,-0.43015334010124207
4504062464.0,-0.42618754506111145
4504999936.0,-0.4214768707752228
4505937408.0,-0.4162444770336151
4506874880.0,-0.29380908608436584
4507812352.0,-0.2909749448299408
4508749824.0,-0.28846654295921326
4509687296.0,-0.28625404834747314
4510624768.0,-0.28663143515586853
4511562752.0,-0.28676730394363403
4512500224.0,-0.28869035840034485
4513437696.0,-0.29033657908439636
4514375168.0,-0.2936645746231079
4515312640.0,-0.29714980721473694
4516250112.0,-0.30157214403152466
4517187584.0,-0.30721473693847656
4518125056.0,-0.314358651638031
4519062528.0,-0.32199421525001526
4520000000.0,-0.33029237389564514
4520937472.0,-0.340178519487381
4521874944.0,-0.34992432594299316
4522812416.0,-0.3594227433204651
4523749888.0,-0.3695453107357025
4524687360.0,-0.3796699643135071
4525624832.0,-0.38787367939949036
4526562304.0,-0.3977677822113037
4527499776.0,-0.40685006976127625
4528437248.0,-0.41559237241744995
4529375232.0,-0.42463159561157227
4530312704.0,-0.4329282343387604
4531250176.0,-0.441243052482605
4532187648.0,-0.4483712911605835
4533125120.0,-0.45506399869918823
4534062592.0,-0.46137747168540955
4535000064.0,-0.4683046042919159
4535937536.0,-0.4725782871246338
4536875008.0,-0.47747209668159485
4537812480.0,-0.4805617034435272
4538749952.0,-0.48314812779426575
4539687424.0,-0.485648512840271
4540624896.0,-0.4875286817550659
4541562368.0,-0.48798778653144836
4542499840.0,-0.48697394132614136
4543437312.0,-0.4872405529022217
4544374784.0,-0.4853352904319763
4545312256.0,-0.48306766152381897
4546250240.0,-0.48151031136512756
4547187712.0,-0.4792127013206482
4548125184.0,-0.4757605791091919
4549062656.0,-0.4727698862552643
4550000128.0,-0.4694611728191376
4550937600.0,-0.46626296639442444
4551875072.0,-0.463166743516922
4552812544.0,-0.4599229693412781
4553750016.0,-0.45695868134498596
4554687488.0,-0.4541064202785492
4555624960.0,-0.4525774121284485
4556562432.0,-0.45033732056617737
4557499904.0,-0.448940247297287
4558437376.0,-0.44683077931404114
4559374848.0,-0.44520890712738037
4560312320.0,-0.44452884793281555
4561249792.0,-0.4423721730709076
4562187264.0,-0.4407064914703369
4563125248.0,-0.44009339809417725
4564062720.0,-0.43805253505706787
4565000192.0,-0.4367887079715729
4565937664.0,-0.4345390200614929
4566875136.0,-0.3917589485645294
4567812608.0,-0.3969722092151642
4568750080.0,-0.4008018970489502
4569687552.0,-0.4019932746887207
4570625024.0,-0.4015304744243622
4571562496.0,-0.39938056468963623
4572499968.0,-0.3961998224258423
4573437440.0,-0.38929882645606995
4574374912.0,-0.3809255361557007
4575312384.0,-0.37012094259262085
4576249856.0,-0.35824206471443176
4577187328.0,-0.34360894560813904
4578124800.0,-0.3276251554489136
4579062272.0,-0.31034380197525024
4579999744.0,-0.2908070385456085
4580937728.0,-0.2708408236503601
4581875200.0,-0.24787168204784393
4582812672.0,-0.225672647356987
4583750144.0,-0.20274589955806732
4584687616.0,-0.18085215985774994
4585625088.0,-0.15761372447013855
4586562560.0,-0.13457632064819336
4587500032.0,-0.11330270767211914
4588437504.0,-0.09203513711690903
4589374976.0,-0.07208535075187683
4590312448.0,-0.05468994751572609
4591249920.0,-0.0390511117875576
4592187392.0,-0.02269189991056919
4593124864.0,-0.010060599073767662
4594062336.0,-0.0007298814598470926
4594999808.0,0.006568691693246365
4595937280.0,0.010987706482410431
4596874752.0,0.013106643222272396
4597812736.0,0.012882206588983536
4598750208.0,0.00894104316830635
4599687680.0,0.0024130267556756735
4600625152.0,-0.005306711886078119
4601562624.0,-0.01653018593788147
4602500096.0,-0.030692562460899353
4603437568.0,-0.04574679583311081
4604375040.0,-0.0632820874452591
4605312512.0,-0.08208690583705902
4606249984.0,-0.10367430746555328
4607187456.0,-0.1255468875169754
4608124928.0,-0.14906297624111176
4609062400.0,-0.17251811921596527
4609999872.0,-0.19444796442985535
4610937344.0,-0.21714866161346436
4611874816.0,-0.2406093329191208
4612812288.0,-0.2630743980407715
4613749760.0,-0.2842755913734436
4614687744.0,-0.30575060844421387
4615625216.0,-0.3250099718570709
4616562688.0,-0.3438913822174072
4617500160.0,-0.3610663414001465
4618437632.0,-0.3776281774044037
4619375104.0,-0.3913763463497162
4620312576.0,-0.4048605263233185
4621250048.0,-0.41781648993492126
4622187520.0,-0.42741987109184265
4623124992.0,-0.4385521709918976
4624062464.0,-0.4487663805484772
4624999936.0,-0.45707735419273376
4625937408.0,-0.4654149115085602
4626874880.0,-0.4729071259498596
4627812352.0,-0.4668746292591095
4628749824.0,-0.4592944085597992
4629687296.0,-0.45053696632385254
4630624768.0,-0.4415809214115143
4631562752.0,-0.43211621046066284
4632500224.0,-0.4222762882709503
4633437696.0,-0.41293051838874817
4634375168.0,-0.40268442034721375
4635312640.0,-0.3928878605365753
4636250112.0,-0.38332298398017883
4637187584.0,-0.37380337715148926
4638125056.0,-0.3662661612033844
4639062528.0,-0.3577291667461395
4640000000.0,-0.3502127230167389
4640937472.0,-0.34313154220581055
4641874944.0,-0.3368682265281677
4642812416.0,-0.33176279067993164
4643749888.0,-0.32782772183418274
4644687360.0,-0.32501572370529175
4645624832.0,-0.3233408033847809
4646562304.0,-0.32331767678260803
4647499776.0,-0.32495060563087463
4648437248.0,-0.3270007371902466
4649375232.0,-0.32974499464035034
4650312704.0,-0.33385100960731506
4651250176.0,-0.3384338319301605
4652187648.0,-0.34375229477882385
4653125120.0,-0.3512657582759857
4654062592.0,-0.358410120010376
4655000064.0,-0.3667290210723877
4655937536.0,-0.37523338198661804
4656875008.0,-0.3860422968864441
4657812480.0,-0.39614006876945496
4658749952.0,-0.40834933519363403
4659687424.0,-0.4208599328994751
4660624896.0,-0.43352121114730835
4661562368.0,-0.44625407457351685
4662499840.0,-0.4606659710407257
4663437312.0,-0.47443556785583496
4664374784.0,-0.48919427394866943
4665312256.0,-0.5040156245231628
4666250240.0,-0.5192083120346069
4667187712.0,-0.533436119556427
4668125184.0,-0.5478424429893494
4669062656.0,-0.563871443271637
4670000128.0,-0.5771026611328125
4670937600.0,-0.5917401909828186
4671875072.0,-0.6056970357894897
4672812544.0,-0.6188725829124451
4673750016.0,-0.6326354146003723
4674687488.0,-0.6447888612747192
4675624960.0,-0.656718373298645
4676562432.0,-0.6679406762123108
4677499904.0,-0.6784923672676086
4678437376.0,-0.6881524920463562
4679374848.0,-0.6974330544471741
4680312320.0,-0.7038282752037048
4681249792.0,-0.7100061178207397
4682187264.0,-0.7161766886711121
4683125248.0,-0.7195984721183777
4684062720.0,-0.7221034169197083
4685000192.0,-0.7227954864501953
4685937664.0,-0.7214158177375793
4686875136.0,-0.6999373435974121
4687812608.0,-0.6990215182304382
4688750080.0,-0.6957109570503235
4689687552.0,-0.6891592741012573
4690625024.0,-0.6788992881774902
4691562496.0,-0.666948676109314
4692499968.0,-0.6520588994026184
4693437440.0,-0.6353321671485901
4694374912.0,-0.6159567832946777
4695312384.0,-0.5961554050445557
4696249856.0,-0.5738417506217957
4697187328.0,-0.5520195364952087
4698124800.0,-0.5291414856910706
4699062272.0,-0.5060732364654541
4700000256.0,-0.48382696509361267
4700937728.0,-0.4625394344329834
4701875200.0,-0.44250690937042236
4702812672.0,-0.4238280951976776
4703750144.0,-0.4080682396888733
4704687616.0,-0.39475274085998535
4705625088.0,-0.38562315702438354
4706562560.0,-0.3796025812625885
4707500032.0,-0.3762120306491852
4708437504.0,-0.3774164021015167
4709374976.0,-0.38326263427734375
4710312448.0,-0.39361581206321716
4711249920.0,-0.4089408218860626
4712187392.0,-0.43030497431755066
4713124864.0,-0.4546017646789551
4714062336.0,-0.48442012071609497
4714999808.0,-0.5173549652099609
4715937280.0,-0.5565055012702942
4716874752.0,-0.5967299342155457
4717812736.0,-0.639931857585907
4718750208.0,-0.6856884360313416
4719687680.0,-0.7337960004806519
4720625152.0,-0.782906174659729
4721562624.0,-0.8315344452857971
4722500096.0,-0.8808472156524658
4723437568.0,-0.9291537404060364
4724375040.0,-0.9734285473823547
4725312512.0,-1.016904592514038
4726249984.0,-1.0553168058395386
4727187456.0,-1.0894293785095215
4728124928.0,-1.1188122034072876
4729062400.0,-1.14453125
4729999872.0,-1.1634972095489502
4730937344.0,-1.1804249286651611
4731874816.0,-1.1907641887664795
4732812288.0,-1.1993921995162964
4733749760.0,-1.2027907371520996
4734687744.0,-1.202372431755066
4735625216.0,-1.1993871927261353
4736562688.0,-1.191649317741394
4737500160.0,-1.1827706098556519
4738437632.0,-1.171369194984436
4739375104.0,-1.1589863300323486
4740312576.0,-1.1446473598480225
4741250048.0,-1.1310621500015259
4742187520.0,-1.115714430809021
4743124992.0,-1.0996923446655273
4744062464.0,-1.0843220949172974
4744999936.0,-1.0674848556518555
4745937408.0,-1.053114414215088
4746874880.0,-0.8232138752937317
4747812352.0,-0.8316078782081604
4748749824.0,-0.8374988436698914
4749687296.0,-0.8435013890266418
4750624768.0,-0.8489280343055725
4751562752.0,-0.8533849120140076
4752500224.0,-0.8571050763130188
4753437696.0,-0.8615137338638306
4754375168.0,-0.8639633655548096
4755312640.0,-0.8660334944725037
4756250112.0,-0.8689122796058655
4757187584.0,-0.8701103329658508
4758125056.0,-0.8704648613929749
4759062528.0,-0.869568943977356
4760000000.0,-0.8688184022903442
4760937472.0,-0.8675860166549683
4761874944.0,-0.865503191947937
4762812416.0,-0.8633515238761902
4763749888.0,-0.8594276309013367
4764687360.0,-0.8556625247001648
4765624832.0,-0.8520024418830872
4766562304.0,-0.8481088280677795
4767499776.0,-0.8429133296012878
4768437248.0,-0.839005708694458
4769375232.0,-0.8333888053894043
4770312704.0,-0.8296875953674316
4771250176.0,-0.8249830007553101
4772187648.0,-0.8212034106254578
4773125120.0,-0.8178070187568665
4774062592.0,-0.8140766024589539
4775000064.0,-0.8125959634780884
4775937536.0,-0.812329888343811
4776875008.0,-0.8136513829231262
4777812480.0,-0.8164771199226379
4778749952.0,-0.8215808868408203
4779687424.0,-0.8277432322502136
4780624896.0,-0.8363021612167358
4781562368.0,-0.8472608923912048
4782499840.0,-0.85927814245224
4783437312.0,-0.8748869895935059
4784374784.0,-0.8910223841667175
4785312256.0,-0.908637523651123
4786250240.0,-0.9288860559463501
4787187712.0,-0.950391411781311
4788125184.0,-0.9743102192878723
4789062656.0,-0.9982694983482361
4790000128.0,-1.0227943658828735
4790937600.0,-1.0480918884277344
4791875072.0,-1.0756150484085083
4792812544.0,-1.1023153066635132
4793750016.0,-1.1294630765914917
4794687488.0,-1.1574325561523438
4795624960.0,-1.1839349269866943
4796562432.0,-1.210768222808838
4797499904.0,-1.236244797706604
4798437376.0,-1.2603901624679565
4799374848.0,-1.2824571132659912
4800312320.0,-1.3036837577819824
4801249792.0,-1.321468710899353
4802187264.0,-1.3385156393051147
4803125248.0,-1.352408528327942
4804062720.0,-1.3653943538665771
4805000192.0,-1.3747196197509766
4805937664.0,-1.3828054666519165
4806875136.0,-1.2357994318008423
4807812608.0,-1.2391515970230103
4808750080.0,-1.2403990030288696
4809687552.0,-1.2399847507476807
4810625024.0,-1.2385995388031006
4811562496.0,-1.2350505590438843
4812499968.0,-1.231781005859375
4813437440.0,-1.2266649007797241
4814374912.0,-1.2195584774017334
4815312384.0,-1.2133234739303589
4816249856.0,-1.206122875213623
4817187328.0,-1.1976715326309204
4818124800.0,-1.1900408267974854
4819062272.0,-1.1826632022857666
4819999744.0,-1.1757293939590454
4820937728.0,-1.1700078248977661
4821875200.0,-1.1652346849441528
4822812672.0,-1.1614567041397095
4823750144.0,-1.1585863828659058
4824687616.0,-1.1571602821350098
4825625088.0,-1.1575337648391724
4826562560.0,-1.160003423690796
4827500032.0,-1.1625577211380005
4828437504.0,-1.168881893157959
4829374976.0,-1.1763306856155396
4830312448.0,-1.1874321699142456
4831249920.0,-1.2002753019332886
4832187392.0,-1.2134255170822144
4833124864.0,-1.2286566495895386
4834062336.0,-1.2453533411026
4834999808.0,-1.263628602027893
4835937280.0,-1.2829898595809937
4836874752.0,-1.3027918338775635
4837812736.0,-1.3231977224349976
4838750208.0,-1.345058798789978
4839687680.0,-1.367020606994629
4840625152.0,-1.3887094259262085
4841562624.0,-1.4099935293197632
4842500096.0,-1.4314519166946411
4843437568.0,-1.4522424936294556
4844375040.0,-1.4720877408981323
4845312512.0,-1.4910428524017334
4846249984.0,-1.5086091756820679
4847187456.0,-1.526527762413025
4848124928.0,-1.5422037839889526
4849062400.0,-1.5569417476654053
4849999872.0,-1.5712757110595703
4850937344.0,-1.581919550895691
4851874816.0,-1.5928181409835815
4852812288.0,-1.600982427597046
4853749760.0,-1.6085617542266846
4854687744.0,-1.613958716392517
4855625216.0,-1.6189792156219482
4856562688.0,-1.6200140714645386
4857500160.0,-1.6231814622879028
4858437632.0,-1.6248325109481812
4859375104.0,-1.6280641555786133
4860312576.0,-1.6306960582733154
4861250048.0,-1.6344614028930664
4862187520.0,-1.6371766328811646
4863124992.0,-1.641390323638916
4864062464.0,-1.645938754081726
4864999936.0,-1.649774432182312
4865937408.0,-1.6539726257324219
4866874880.0,-1.6362731456756592
4867812352.0,-1.6406751871109009
4868749824.0,-1.6442887783050537
4869687296.0,-1.6496559381484985
4870624768.0,-1.65488600730896
4871562752.0,-1.6609268188476562
4872500224.0,-1.6675682067871094
4873437696.0,-1.6740573644638062
4874375168.0,-1.682003140449524
4875312640.0,-1.690445899963379
4876250112.0,-1.6986333131790161
4877187584.0,-1.7071374654769897
4878125056.0,-1.7161451578140259
4879062528.0,-1.7268218994140625
4880000000.0,-1.738456130027771
4880937472.0,-1.7496669292449951
4881874944.0,-1.762187123298645
4882812416.0,-1.7743737697601318
4883749888.0,-1.786949634552002
4884687360.0,-1.7986955642700195
4885624832.0,-1.8111289739608765
4886562304.0,-1.821198582649231
4887499776.0,-1.8310353755950928
4888437248.0,-1.838165283203125
4889375232.0,-1.8436775207519531
4890312704.0,-1.8486078977584839
4891250176.0,-1.8506174087524414
4892187648.0,-1.8486549854278564
4893125120.0,-1.843837857246399
4894062592.0,-1.8378599882125854
4895000064.0,-1.8288592100143433
4895937536.0,-1.8170660734176636
4896875008.0,-1.8033331632614136
4897812480.0,-1.7879284620285034
4898749952.0,-1.7692890167236328
4899687424.0,-1.7478801012039185
4900624896.0,-1.7260698080062866
4901562368.0,-1.7017115354537964
4902499840.0,-1.6783734560012817
4903437312.0,-1.6517411470413208
4904374784.0,-1.625557780265808
4905312256.0,-1.6000187397003174
4906250240.0,-1.5723600387573242
4907187712.0,-1.5450563430786133
4908125184.0,-1.520527958869934
4909062656.0,-1.4965003728866577
4910000128.0,-1.4724255800247192
4910937600.0,-1.4514878988265991
4911875072.0,-1.4316602945327759
4912812544.0,-1.4138931035995483
4913750016.0,-1.399992823600769
4914687488.0,-1.3871976137161255
4915624960.0,-1.3765616416931152
4916562432.0,-1.3688377141952515
4917499904.0,-1.3631057739257812
4918437376.0,-1.3587660789489746
4919374848.0,-1.3571624755859375
4920312320.0,-1.3573246002197266
4921249792.0,-1.3588571548461914
4922187264.0,-1.3013485670089722
4923125248.0,-1.290851354598999
4924062720.0,-1.2818560600280762
4925000192.0,-1.2735868692398071
4925937664.0,-1.3882060050964355
4926875136.0,-1.3943606615066528
4927812608.0,-1.402916669845581
4928750080.0,-1.4087245464324951
4929687552.0,-1.4134399890899658
4930625024.0,-1.4161616563796997
4931562496.0,-1.417615294456482
4932499968.0,-1.4171161651611328
4933437440.0,-1.4134708642959595
4934374912.0,-1.4082647562026978
4935312384.0,-1.400686502456665
4936249856.0,-1.3901231288909912
4937187328.0,-1.377723217010498
4938124800.0,-1.3609522581100464
4939062272.0,-1.3441981077194214
4940000256.0,-1.32445228099823
4940937728.0,-1.3037482500076294
4941875200.0,-1.2819254398345947
4942812672.0,-1.2586777210235596
4943750144.0,-1.2356959581375122
4944687616.0,-1.210982322692871
4945625088.0,-1.188962459564209
4946562560.0,-1.1679298877716064
4947500032.0,-1.146719217300415
4948437504.0,-1.126176357269287
4949374976.0,-1.1081993579864502
4950312448.0,-1.091780424118042
4951249920.0,-1.077038049697876
4952187392.0,-1.0649807453155518
4953124864.0,-1.0561023950576782
4954062336.0,-1.047007441520691
4954999808.0,-1.0415353775024414
4955937280.0,-1.0361307859420776
4956874752.0,-1.0324599742889404
4957812736.0,-1.0286667346954346
4958750208.0,-1.027661681175232
4959687680.0,-1.0259510278701782
4960625152.0,-1.0227910280227661
4961562624.0,-1.0198276042938232
4962500096.0,-1.016136646270752
4963437568.0,-1.0128967761993408
4964375040.0,-1.0066269636154175
4965312512.0,-0.9985054731369019
4966249984.0,-0.9907621741294861
4967187456.0,-0.9824832677841187
4968124928.0,-0.9720789194107056
4969062400.0,-0.9633128643035889
4969999872.0,-0.953374981880188
4970937344.0,-0.9436839818954468
4971874816.0,-0.9340649247169495
4972812288.0,-0.9243192672729492
4973749760.0,-0.9150637984275818
4974687744.0,-0.9059495329856873
4975625216.0,-0.897571861743927
4976562688.0,-0.8897433280944824
4977500160.0,-0.8820990920066833
4978437632.0,-0.8748118877410889
4979375104.0,-0.867881715297699
4980312576.0,-0.8607869744300842
4981250048.0,-0.8534836173057556
4982187520.0,-0.8441530466079712
4983124992.0,-0.8346788287162781
4984062464.0,-0.825246274471283
4984999936.0,-0.8161335587501526
4985937408.0,-0.7968266606330872
4986874880.0,-0.7878071069717407
4987812352.0,-0.7803930044174194
4988749824.0,-0.7731184363365173
4989687296.0,-0.7687298655509949
4990624768.0,-0.7639610171318054
4991562752.0,-0.7614534497261047
4992500224.0,-0.7598759531974792
4993437696.0,-0.7606213092803955
4994375168.0,-0.7610883116722107
4995312640.0,-0.7636069655418396
4996250112.0,-0.7681561708450317
4997187584.0,-0.7725325226783752
4998125056.0,-0.7781800627708435
4999062528.0,-0.7853559851646423
5000000000.0,-0.792776346206665
5000937472.0,-0.8008134365081787
5001874944.0,-0.8096064329147339
5002812416.0,-0.8189927935600281
5003749888.0,-0.8265231847763062
5004687360.0,-0.834719717502594
5005624832.0,-0.8402935862541199
5006562304.0,-0.846215009689331
5007499776.0,-0.8493915796279907
5008437248.0,-0.8518067598342896
5009375232.0,-0.8525534272193909
5010312704.0,-0.8506916761398315
5011250176.0,-0.8458049297332764
5012187648.0,-0.8389843702316284
5013125120.0,-0.8292512893676758
5014062592.0,-0.8171642422676086
5015000064.0,-0.8024957180023193
5015937536.0,-0.78524249792099
5016875008.0,-0.7656662464141846
5017812480.0,-0.7445354461669922
5018749952.0,-0.7199540734291077
5019687424.0,-0.6940218806266785
5020624896.0,-0.6659435629844666
5021562368.0,-0.6362336277961731
5022499840.0,-0.6064170002937317
5023437312.0,-0.5745697021484375
5024374784.0,-0.5435907244682312
5025312256.0,-0.511041522026062
5026250240.0,-0.480888307094574
5027187712.0,-0.4510332942008972
5028125184.0,-0.4215688109397888
5029062656.0,-0.39391183853149414
5030000128.0,-0.36877965927124023
5030937600.0,-0.3440413177013397
5031875072.0,-0.32313835620880127
5032812544.0,-0.3032717704772949
5033750016.0,-0.28655287623405457
5034687488.0,-0.2728027105331421
5035624960.0,-0.26162487268447876
5036562432.0,-0.2545446455478668
5037499904.0,-0.25013479590415955
5038437376.0,-0.24959589540958405
5039374848.0,-0.2517938017845154
5040312320.0,-0.25570666790008545
5041249792.0,-0.26450562477111816
5042187264.0,-0.27451714873313904
5043125248.0,-0.2879684269428253
5044062720.0,-0.3039614260196686
5045000192.0,-0.320869117975235
5045937664.0,-0.5832258462905884
5046875136.0,-0.5924119353294373
5047812608.0,-0.6008881330490112
5048750080.0,-0.610026478767395
5049687552.0,-0.6200509071350098
5050625024.0,-0.6283355951309204
5051562496.0,-0.637262761592865
5052499968.0,-0.6460384130477905
5053437440.0,-0.6540529727935791
5054374912.0,-0.6625689268112183
5055312384.0,-0.6697500944137573
5056249856.0,-0.6752938032150269
5057187328.0,-0.6806912422180176
5058124800.0,-0.6853902339935303
5059062272.0,-0.6878108382225037
5059999744.0,-0.6905794739723206
5060937728.0,-0.6909064650535583
5061875200.0,-0.6903368234634399
5062812672.0,-0.6891512870788574
5063750144.0,-0.6846778988838196
5064687616.0,-0.6784110069274902
5065625088.0,-0.6717917323112488
5066562560.0,-0.6628629565238953
5067500032.0,-0.6513726711273193
5068437504.0,-0.6377421617507935
5069374976.0,-0.6237993240356445
5070312448.0,-0.6073738932609558
5071249920.0,-0.5885356664657593
5072187392.0,-0.5691534280776978
5073124864.0,-0.5494818687438965
5074062336.0,-0.5263619422912598
5074999808.0,-0.5035661458969116
5075937280.0,-0.47983527183532715
5076874752.0,-0.4546732008457184
5077812736.0,-0.43126174807548523
5078750208.0,-0.4062509834766388
5079687680.0,-0.3815646469593048
5080625152.0,-0.35835811495780945
5081562624.0,-0.3355816602706909
5082500096.0,-0.3131057620048523
5083437568.0,-0.29110923409461975
5084375040.0,-0.2737969160079956
5085312512.0,-0.25599804520606995
5086249984.0,-0.24048005044460297
5087187456.0,-0.2273256778717041
5088124928.0,-0.21662764251232147
5089062400.0,-0.20837031304836273
5089999872.0,-0.20232760906219482
5090937344.0,-0.19920673966407776
5091874816.0,-0.19894085824489594
5092812288.0,-0.2011667937040329
5093749760.0,-0.20629405975341797
5094687744.0,-0.2137136310338974
5095625216.0,-0.22275590896606445
5096562688.0,-0.23492129147052765
5097500160.0,-0.24953418970108032
5098437632.0,-0.26588723063468933
5099375104.0,-0.2836586534976959
5100312576.0,-0.3046140670776367
5101250048.0,-0.3260723948478699
5102187520.0,-0.3485841155052185
5103124992.0,-0.3722931742668152
5104062464.0,-0.39674150943756104
5104999936.0,-0.42090579867362976
5105937408.0,-0.5141562223434448
5106874880.0,-0.5332882404327393
5107812352.0,-0.5483852028846741
5108749824.0,-0.562267541885376
5109687296.0,-0.575344443321228
5110624768.0,-0.5851109623908997
5111562752.0,-0.5941583514213562
5112500224.0,-0.6004228591918945
5113437696.0,-0.6042113900184631
5114375168.0,-0.6065859794616699
5115312640.0,-0.6069840788841248
5116250112.0,-0.6046087145805359
5117187584.0,-0.6027209162712097
5118125056.0,-0.5975704193115234
5119062528.0,-0.5923607349395752
5120000000.0,-0.5854853987693787
5120937472.0,-0.5779410004615784
5121874944.0,-0.5699591040611267
5122812416.0,-0.5613741278648376
5123749888.0,-0.5528974533081055
5124687360.0,-0.5441364645957947
5125624832.0,-0.5349006652832031
5126562304.0,-0.5261818766593933
5127499776.0,-0.5179374814033508
5128437248.0,-0.5093913674354553
5129375232.0,-0.4978664219379425
5130312704.0,-0.4881153702735901
5131250176.0,-0.47710856795310974
5132187648.0,-0.464330792427063
5133125120.0,-0.450581818819046
5134062592.0,-0.43635907769203186
5135000064.0,-0.41851991415023804
5135937536.0,-0.4009746313095093
5136875008.0,-0.3831436038017273
5137812480.0,-0.3636464774608612
5138749952.0,-0.3455451428890228
5139687424.0,-0.32764115929603577
5140624896.0,-0.31083717942237854
5141562368.0,-0.2960778772830963
5142499840.0,-0.28183016180992126
5143437312.0,-0.27231094241142273
5144374784.0,-0.2665404677391052
5145312256.0,-0.267037570476532
5146250240.0,-0.2722295820713043
5147187712.0,-0.28492918610572815
5148125184.0,-0.30152520537376404
5149062656.0,-0.3204570412635803
5150000128.0,-0.34227606654167175
5150937600.0,-0.3638024926185608
5151875072.0,-0.3855043351650238
5152812544.0,-0.40758034586906433
5153750016.0,-0.42663031816482544
5154687488.0,-0.4452078342437744
5155624960.0,-0.46283841133117676
5156562432.0,-0.4778100848197937
5157499904.0,-0.49278223514556885
5158437376.0,-0.5067987442016602
5159374848.0,-0.5186782479286194
5160312320.0,-0.5293762683868408
5161249792.0,-0.5392339825630188
5162187264.0,-0.5472460985183716
5163125248.0,-0.5546506643295288
5164062720.0,-0.5627527832984924
5165000192.0,-0.5690582990646362
5165937664.0,-0.5760110020637512
5166875136.0,-0.5916698575019836
5167812608.0,-0.6062636375427246
5168750080.0,-0.6227912306785583
5169687552.0,-0.6380122303962708
5170625024.0,-0.6555327773094177
5171562496.0,-0.6717085838317871
5172499968.0,-0.6908262968063354
5173437440.0,-0.7059965133666992
5174374912.0,-0.7214182615280151
5175312384.0,-0.7358235716819763
5176249856.0,-0.7491419315338135
5177187328.0,-0.7582677602767944
5178124800.0,-0.7659291625022888
5179062272.0,-0.7714808583259583
5180000256.0,-0.7734353542327881
5180937728.0,-0.7734226584434509
5181875200.0,-0.7694733738899231
5182812672.0,-0.7639399170875549
5183750144.0,-0.7550956010818481
5184687616.0,-0.7439723014831543
5185625088.0,-0.7300609946250916
5186562560.0,-0.7135918736457825
5187500032.0,-0.6950315237045288
5188437504.0,-0.6753138899803162
5189374976.0,-0.6542838215827942
5190312448.0,-0.6310465335845947
5191249920.0,-0.6080179810523987
5192187392.0,-0.5849496126174927
5193124864.0,-0.5596681833267212
5194062336.0,-0.5359717607498169
5194999808.0,-0.5118069648742676
5195937280.0,-0.48902055621147156
5196874752.0,-0.4668176472187042
5197812736.0,-0.44651103019714355
5198750208.0,-0.4272100627422333
5199687680.0,-0.4105451703071594
5200625152.0,-0.3942525386810303
5201562624.0,-0.3809508681297302
5202500096.0,-0.37016966938972473
5203437568.0,-0.3626096248626709
5204375040.0,-0.35715267062187195
5205312512.0,-0.35559770464897156
5206249984.0,-0.35775619745254517
5207187456.0,-0.3616013526916504
5208124928.0,-0.36868032813072205
5209062400.0,-0.3771398067474365
5209999872.0,-0.3897753953933716
5210937344.0,-0.40570083260536194
5211874816.0,-0.4220082759857178
5212812288.0,-0.44129008054733276
5213749760.0,-0.46259984374046326
5214687744.0,-0.486977756023407
5215625216.0,-0.5117515921592712
5216562688.0,-0.5386613607406616
5217500160.0,-0.5651329159736633
5218437632.0,-0.5928090214729309
5219375104.0,-0.6206100583076477
5220312576.0,-0.6500572562217712
5221250048.0,-0.6775846481323242
5222187520.0,-0.7062982320785522
5223124992.0,-0.732906699180603
5224062464.0,-0.7574430704116821
5224999936.0,-0.7825121879577637
5225937408.0,-0.8318161964416504
5226874880.0,-0.855983316898346
5227812352.0,-0.8787423968315125
5228749824.0,-0.8986096978187561
5229687296.0,-0.9177170991897583
5230624768.0,-0.9327827095985413
5231562752.0,-0.9461540579795837
5232500224.0,-0.9569509625434875
5233437696.0,-0.9642226696014404
5234375168.0,-0.9700762629508972
5235312640.0,-0.9728879928588867
5236250112.0,-0.9739482402801514
5237187584.0,-0.9728484153747559
5238125056.0,-0.9707181453704834
5239062528.0,-0.9648703336715698
5240000000.0,-0.9564381837844849
5240937472.0,-0.9466574788093567
5241874944.0,-0.9364709854125977
5242812416.0,-0.9232500791549683
5243749888.0,-0.9095301628112793
5244687360.0,-0.8959245681762695
5245624832.0,-0.8822382092475891
5246562304.0,-0.867165207862854
5247499776.0,-0.8514126539230347
5248437248.0,-0.8368536829948425
5249375232.0,-0.822589099407196
5250312704.0,-0.808361291885376
5251250176.0,-0.7937714457511902
5252187648.0,-0.7795127034187317
5253125120.0,-0.765913724899292
5254062592.0,-0.7540397047996521
5255000064.0,-0.7450273633003235
5255937536.0,-0.736203670501709
5256875008.0,-0.7282578945159912
5257812480.0,-0.7231484055519104
5258749952.0,-0.718860387802124
5259687424.0,-0.7155745625495911
5260624896.0,-0.7141968607902527
5261562368.0,-0.7150636911392212
5262499840.0,-0.7181119918823242
5263437312.0,-0.7234725952148438
5264374784.0,-0.7314082384109497
5265312256.0,-0.7421290278434753
5266250240.0,-0.7545259594917297
5267187712.0,-0.7705062031745911
5268125184.0,-0.787071943283081
5269062656.0,-0.8061584830284119
5270000128.0,-0.8258112072944641
5270937600.0,-0.8481360077857971
5271875072.0,-0.8721700310707092
5272812544.0,-0.8967798948287964
5273750016.0,-0.9246578812599182
5274687488.0,-0.9548448324203491
5275624960.0,-0.987380862236023
5276562432.0,-1.0204293727874756
5277499904.0,-1.0558547973632812
5278437376.0,-1.0928235054016113
5279374848.0,-1.1311044692993164
5280312320.0,-1.1706165075302124
5281249792.0,-1.2108349800109863
5282187264.0,-1.2505439519882202
5283125248.0,-1.291383147239685
5284062720.0,-1.3307232856750488
5285000192.0,-1.3693337440490723
5285937664.0,-1.3945698738098145
5286875136.0,-1.4258157014846802
5287812608.0,-1.4546939134597778
5288750080.0,-1.4823906421661377
5289687552.0,-1.5071437358856201
5290625024.0,-1.5299798250198364
5291562496.0,-1.5495312213897705
5292499968.0,-1.5678613185882568
5293437440.0,-1.583935260772705
5294374912.0,-1.5952789783477783
5295312384.0,-1.603505253791809
5296249856.0,-1.607671856880188
5297187328.0,-1.608688235282898
5298124800.0,-1.6085541248321533
5299062272.0,-1.6023659706115723
5299999744.0,-1.5975083112716675
5300937728.0,-1.5882078409194946
5301875200.0,-1.5766572952270508
5302812672.0,-1.5640287399291992
5303750144.0,-1.547486662864685
5304687616.0,-1.5315613746643066
5305625088.0,-1.5139427185058594
5306562560.0,-1.4955415725708008
5307500032.0,-1.478725552558899
5308437504.0,-1.4624069929122925
5309374976.0,-1.447116732597351
5310312448.0,-1.432850956916809
5311249920.0,-1.4190043210983276
5312187392.0,-1.406692624092102
5313124864.0,-1.3962197303771973
5314062336.0,-1.3867989778518677
5314999808.0,-1.379520058631897
5315937280.0,-1.3729052543640137
5316874752.0,-1.371324896812439
5317812736.0,-1.3709142208099365
5318750208.0,-1.3731575012207031
5319687680.0,-1.377978801727295
5320625152.0,-1.3849632740020752
5321562624.0,-1.3945850133895874
5322500096.0,-1.4057083129882812
5323437568.0,-1.420021653175354
5324375040.0,-1.4361209869384766
5325312512.0,-1.4543156623840332
5326249984.0,-1.4751081466674805
5327187456.0,-1.5002293586730957
5328124928.0,-1.5280240774154663
5329062400.0,-1.5596078634262085
5329999872.0,-1.5937978029251099
5330937344.0,-1.6326696872711182
5331874816.0,-1.6714214086532593
5332812288.0,-1.7415428161621094
5333749760.0,-1.7901724576950073
5334687744.0,-1.8412975072860718
5335625216.0,-1.8944835662841797
5336562688.0,-1.9478833675384521
5337500160.0,-2.002288341522217
5338437632.0,-2.0587234497070312
5339375104.0,-2.116298198699951
5340312576.0,-2.174687623977661
5341250048.0,-2.2325289249420166
5342187520.0,-2.2901968955993652
5343124992.0,-2.345799684524536
5344062464.0,-2.3997817039489746
5344999936.0,-2.451293468475342
5345937408.0,-2.385885238647461
5346874880.0,-2.413994550704956
5347812352.0,-2.438687324523926
5348749824.0,-2.4591526985168457
5349687296.0,-2.4767580032348633
5350624768.0,-2.490572690963745
5351562752.0,-2.502704381942749
5352500224.0,-2.5107040405273438
5353437696.0,-2.5163967609405518
5354375168.0,-2.519230365753174
5355312640.0,-2.5178139209747314
5356250112.0,-2.5150201320648193
5357187584.0,-2.5083444118499756
5358125056.0,-2.49660587310791
5359062528.0,-2.483137607574463
5360000000.0,-2.4685192108154297
5360937472.0,-2.450864791870117
5361874944.0,-2.4306859970092773
5362812416.0,-2.4086530208587646
5363749888.0,-2.3855488300323486
5364687360.0,-2.3618240356445312
5365624832.0,-2.3352301120758057
5366562304.0,-2.310373306274414
5367499776.0,-2.2835540771484375
5368437248.0,-2.255312442779541
5369375232.0,-2.2284014225006104
5370312704.0,-2.2006192207336426
5371250176.0,-2.174466133117676
5372187648.0,-2.149268865585327
5373125120.0,-2.12589693069458
5374062592.0,-2.1030352115631104
5375000064.0,-2.0820863246917725
5375937536.0,-2.0632476806640625
5376875008.0,-2.0452280044555664
5377812480.0,-2.0286788940429688
5378749952.0,-2.0119991302490234
5379687424.0,-1.9967385530471802
5380624896.0,-1.9833991527557373
5381562368.0,-1.970809817314148
5382499840.0,-1.958949089050293
5383437312.0,-1.9515972137451172
5384374784.0,-1.9449641704559326
5385312256.0,-1.9412425756454468
5386250240.0,-1.937288761138916
5387187712.0,-1.935342788696289
5388125184.0,-1.9341708421707153
5389062656.0,-1.9340075254440308
5390000128.0,-1.935797929763794
5390937600.0,-1.939001202583313
5391875072.0,-1.9412992000579834
5392812544.0,-1.9455385208129883
5393750016.0,-1.9501878023147583
5394687488.0,-1.9552602767944336
5395624960.0,-1.9599000215530396
5396562432.0,-1.9655859470367432
5397499904.0,-1.9711130857467651
5398437376.0,-1.9772696495056152
5399374848.0,-1.9845712184906006
5400312320.0,-1.990094542503357
5401249792.0,-1.9949990510940552
5402187264.0,-1.9984689950942993
5403125248.0,-2.0019092559814453
5404062720.0,-2.0053892135620117
5405000192.0,-2.005523920059204
5405937664.0,-2.1452832221984863
5406875136.0,-2.142428159713745
5407812608.0,-2.136033296585083
5408750080.0,-2.127042293548584
5409687552.0,-2.1150128841400146
5410625024.0,-2.100857973098755
5411562496.0,-2.08577823638916
5412499968.0,-2.067257881164551
5413437440.0,-2.0462241172790527
5414374912.0,-2.0241003036499023
5415312384.0,-1.9998196363449097
5416249856.0,-1.974035620689392
5417187328.0,-1.9468265771865845
5418124800.0,-1.9183967113494873
5419062272.0,-1.8869292736053467
5420000256.0,-1.8570047616958618
5420937728.0,-1.8253331184387207
5421875200.0,-1.7932783365249634
5422812672.0,-1.759407877922058
5423750144.0,-1.7273609638214111
5424687616.0,-1.6949776411056519
5425625088.0,-1.6624512672424316
5426562560.0,-1.6302883625030518
5427500032.0,-1.600525140762329
5428437504.0,-1.5712484121322632
5429374976.0,-1.5418795347213745
5430312448.0,-1.5149199962615967
5431249920.0,-1.488142490386963
5432187392.0,-1.463592767715454
5433124864.0,-1.4411978721618652
5434062336.0,-1.418723464012146
5434999808.0,-1.3977798223495483
5435937280.0,-1.37714684009552
5436874752.0,-1.357906699180603
5437812736.0,-1.340557336807251
5438750208.0,-1.3239116668701172
5439687680.0,-1.3109424114227295
5440625152.0,-1.2967047691345215
5441562624.0,-1.2865203619003296
5442500096.0,-1.276587724685669
5443437568.0,-1.2674269676208496
5444375040.0,-1.261576771736145
5445312512.0,-1.2552794218063354
5446249984.0,-1.2515225410461426
5447187456.0,-1.2487375736236572
5448124928.0,-1.2471809387207031
5449062400.0,-1.247345209121704
5449999872.0,-1.2509135007858276
5450937344.0,-1.2544413805007935
5451874816.0,-1.2597922086715698
5452812288.0,-1.2666990756988525
5453749760.0,-1.2746602296829224
5454687744.0,-1.2830078601837158
5455625216.0,-1.2924035787582397
5456562688.0,-1.3025184869766235
5457500160.0,-1.3146229982376099
5458437632.0,-1.3248540163040161
5459375104.0,-1.3360726833343506
5460312576.0,-1.3468215465545654
5461250048.0,-1.3560171127319336
5462187520.0,-1.3654062747955322
5463124992.0,-1.3727600574493408
5464062464.0,-1.3779890537261963
5464999936.0,-1.3820945024490356
5465937408.0,-1.388562798500061
5466874880.0,-1.3888581991195679
5467812352.0,-1.3865000009536743
5468749824.0,-1.382128119468689
5469687296.0,-1.3764766454696655
5470624768.0,-1.3681942224502563
5471562752.0,-1.3587490320205688
5472500224.0,-1.3453680276870728
5473437696.0,-1.3321362733840942
5474375168.0,-1.31650972366333
5475312640.0,-1.2970826625823975
5476250112.0,-1.2776001691818237
5477187584.0,-1.2581292390823364
5478125056.0,-1.2335758209228516
5479062528.0,-1.2103255987167358
5480000000.0,-1.1850212812423706
5480937472.0,-1.1580674648284912
5481874944.0,-1.1314027309417725
5482812416.0,-1.1037545204162598
5483749888.0,-1.075204849243164
5484687360.0,-1.0476077795028687
5485624832.0,-1.0207974910736084
5486562304.0,-0.9936331510543823
5487499776.0,-0.9669826626777649
5488437248.0,-0.94130939245224
5489375232.0,-0.9157174825668335
5490312704.0,-0.8916341662406921
5491250176.0,-0.8689935803413391
5492187648.0,-0.8472782969474792
5493125120.0,-0.8267024159431458
5494062592.0,-0.8075554370880127
5495000064.0,-0.789408266544342
5495937536.0,-0.7745606899261475
5496875008.0,-0.7609376311302185
5497812480.0,-0.7497265934944153
5498749952.0,-0.7416673898696899
5499687424.0,-0.7358899116516113
5500624896.0,-0.7331482768058777
5501562368.0,-0.7322207093238831
5502499840.0,-0.7345574498176575
5503437312.0,-0.7397989630699158
5504374784.0,-0.7472257018089294
5505312256.0,-0.7575315237045288
5506250240.0,-0.7707990407943726
5507187712.0,-0.7868871688842773
5508125184.0,-0.8054517507553101
5509062656.0,-0.8259603977203369
5510000128.0,-0.849806547164917
5510937600.0,-0.8746137619018555
5511875072.0,-0.9021710157394409
5512812544.0,-0.9307255148887634
5513750016.0,-0.9607096314430237
5514687488.0,-0.990653932094574
5515624960.0,-1.02250337600708
5516562432.0,-1.055119514465332
5517499904.0,-1.0853776931762695
5518437376.0,-1.115513801574707
5519374848.0,-1.1449038982391357
5520312320.0,-1.1717265844345093
5521249792.0,-1.1973272562026978
5522187264.0,-1.2201206684112549
5523125248.0,-1.2396657466888428
5524062720.0,-1.256020426750183
5525000192.0,-1.2685946226119995
5525937664.0,-1.102165937423706
5526875136.0,-1.1071714162826538
5527812608.0,-1.1098458766937256
5528750080.0,-1.1117531061172485
5529687552.0,-1.1112641096115112
5530625024.0,-1.1096280813217163
5531562496.0,-1.104464054107666
5532499968.0,-1.099242925643921
5533437440.0,-1.0904614925384521
5534374912.0,-1.0804696083068848
5535312384.0,-1.0703502893447876
5536249856.0,-1.057429552078247
5537187328.0,-1.0456970930099487
5538124800.0,-1.031808614730835
5539062272.0,-1.0168659687042236
5539999744.0,-1.002224087715149
5540937728.0,-0.985956609249115
5541875200.0,-0.970454752445221
5542812672.0,-0.955322265625
5543750144.0,-0.9386485815048218
5544687616.0,-0.9231288433074951
5545625088.0,-0.9078834652900696
5546562560.0,-0.8926057815551758
5547500032.0,-0.8785445094108582
5548437504.0,-0.8649908900260925
5549374976.0,-0.8511208891868591
5550312448.0,-0.8394513726234436
5551249920.0,-0.8278934955596924
5552187392.0,-0.8187694549560547
5553124864.0,-0.8103159666061401
5554062336.0,-0.803987979888916
5554999808.0,-0.7999522089958191
5555937280.0,-0.7974115014076233
5556874752.0,-0.7983719110488892
5557812736.0,-0.7993388772010803
5558750208.0,-0.8044561743736267
5559687680.0,-0.8105859160423279
5560625152.0,-0.8202551007270813
5561562624.0,-0.833560049533844
5562500096.0,-0.8485457897186279
5563437568.0,-0.8672839403152466
5564375040.0,-0.8876346349716187
5565312512.0,-0.9097453951835632
5566249984.0,-0.9348482489585876
5567187456.0,-0.9601688981056213
5568124928.0,-0.9875309467315674
5569062400.0,-1.0171597003936768
5569999872.0,-1.0468727350234985
5570937344.0,-1.0765604972839355
5571874816.0,-1.105628252029419
5572812288.0,-1.135162115097046
5573749760.0,-1.1628835201263428
5574687744.0,-1.1892250776290894
5575625216.0,-1.2138253450393677
5576562688.0,-1.23602294921875
5577500160.0,-1.2553986310958862
5578437632.0,-1.2731294631958008
5579375104.0,-1.287861704826355
5580312576.0,-1.299972653388977
5581250048.0,-1.3076708316802979
5582187520.0,-1.3147295713424683
5583124992.0,-1.317908763885498
5584062464.0,-1.317711591720581
5584999936.0,-1.317431926727295
5585937408.0,-1.2430912256240845
5586874880.0,-1.2477283477783203
5587812352.0,-1.2518200874328613
5588749824.0,-1.254091739654541
5589687296.0,-1.255591630935669
5590624768.0,-1.2559834718704224
5591562752.0,-1.2563520669937134
5592500224.0,-1.254955530166626
5593437696.0,-1.2529276609420776
5594375168.0,-1.2503420114517212
5595312640.0,-1.2471784353256226
5596250112.0,-1.2421343326568604
5597187584.0,-1.236417293548584
5598125056.0,-1.2303197383880615
5599062528.0,-1.2245287895202637
5600000000.0,-1.219091534614563
5600937472.0,-1.2126705646514893
5601874944.0,-1.2055864334106445
5602812416.0,-1.1989628076553345
5603749888.0,-1.1914185285568237
5604687360.0,-1.1849373579025269
5605624832.0,-1.1784017086029053
5606562304.0,-1.1721429824829102
5607499776.0,-1.166473150253296
5608437248.0,-1.1604219675064087
5609375232.0,-1.1544177532196045
5610312704.0,-1.1488510370254517
5611250176.0,-1.1442911624908447
5612187648.0,-1.1388766765594482
5613125120.0,-1.133758306503296
5614062592.0,-1.1282882690429688
5615000064.0,-1.1249889135360718
5615937536.0,-1.1216002702713013
5616875008.0,-1.118449091911316
5617812480.0,-1.1164470911026
5618749952.0,-1.1140363216400146
5619687424.0,-1.1123863458633423
5620624896.0,-1.1107481718063354
5621562368.0,-1.109729290008545
5622499840.0,-1.110177993774414
5623437312.0,-1.1097358465194702
5624374784.0,-1.1104906797409058
5625312256.0,-1.1115680932998657
5626250240.0,-1.112758755683899
5627187712.0,-1.1134101152420044
5628125184.0,-1.114686369895935
5629062656.0,-1.1150245666503906
5630000128.0,-1.114518642425537
5630937600.0,-1.1162967681884766
5631875072.0,-1.1154440641403198
5632812544.0,-1.115280032157898
5633750016.0,-1.1136016845703125
5634687488.0,-1.1120588779449463
5635624960.0,-1.1087734699249268
5636562432.0,-1.1056894063949585
5637499904.0,-1.1017996072769165
5638437376.0,-1.0959622859954834
5639374848.0,-1.0899205207824707
5640312320.0,-1.0840893983840942
5641249792.0,-1.0773518085479736
5642187264.0,-1.0694124698638916
5643125248.0,-1.0610864162445068
5644062720.0,-1.0521169900894165
5645000192.0,-1.0418791770935059
5645937664.0,-1.0383338928222656
5646875136.0,-1.0250269174575806
5647812608.0,-1.0119950771331787
5648750080.0,-0.9977439045906067
5649687552.0,-0.9811878800392151
5650625024.0,-0.9647234082221985
5651562496.0,-0.9475609064102173
5652499968.0,-0.9290233254432678
5653437440.0,-0.9110822677612305
5654374912.0,-0.8920840620994568
5655312384.0,-0.8725122809410095
5656249856.0,-0.8528506755828857
5657187328.0,-0.8322489261627197
5658124800.0,-0.811776876449585
5659062272.0,-0.7915307879447937
5660000256.0,-0.7707306742668152
5660937728.0,-0.7497141361236572
5661875200.0,-0.7303389310836792
5662812672.0,-0.7100486159324646
5663750144.0,-0.6903604865074158
5664687616.0,-0.6735689640045166
5665625088.0,-0.6554861068725586
5666562560.0,-0.6396170258522034
5667500032.0,-0.625689685344696
5668437504.0,-0.6124177575111389
5669374976.0,-0.6005395650863647
5670312448.0,-0.5898815989494324
5671249920.0,-0.5805458426475525
5672187392.0,-0.5734918713569641
5673124864.0,-0.5685754418373108
5674062336.0,-0.5643612146377563
5674999808.0,-0.561476469039917
5675937280.0,-0.5612375736236572
5676874752.0,-0.5607726573944092
5677812736.0,-0.5617345571517944
5678750208.0,-0.5648697018623352
5679687680.0,-0.5684475898742676
5680625152.0,-0.5718972682952881
5681562624.0,-0.5757954120635986
5682500096.0,-0.5793247222900391
5683437568.0,-0.5827749967575073
5684375040.0,-0.585847020149231
5685312512.0,-0.5896559357643127
5686249984.0,-0.5902217626571655
5687187456.0,-0.5926291942596436
5688124928.0,-0.5938801169395447
5689062400.0,-0.5926952958106995
5689999872.0,-0.5911419987678528
5690937344.0,-0.5900685787200928
5691874816.0,-0.5848022103309631
5692812288.0,-0.5798512101173401
5693749760.0,-0.5724658370018005
5694687744.0,-0.5640041828155518
5695625216.0,-0.5531202554702759
5696562688.0,-0.5423199534416199
5697500160.0,-0.5307063460350037
5698437632.0,-0.516732931137085
5699375104.0,-0.5045331120491028
5700312576.0,-0.49086567759513855
5701250048.0,-0.4764963686466217
5702187520.0,-0.4617750346660614
5703124992.0,-0.44787392020225525
5704062464.0,-0.43348920345306396
5704999936.0,-0.4206496477127075
5705937408.0,-0.3900897800922394
5706874880.0,-0.3875715136528015
5707812352.0,-0.38610541820526123
5708749824.0,-0.3856450915336609
5709687296.0,-0.3850966691970825
5710624768.0,-0.38478782773017883
5711562752.0,-0.3820210099220276
5712500224.0,-0.38196033239364624
5713437696.0,-0.3803497850894928
5714375168.0,-0.3785359561443329
5715312640.0,-0.3767465054988861
5716250112.0,-0.3742325007915497
5717187584.0,-0.3694764971733093
5718125056.0,-0.3648088276386261
5719062528.0,-0.3601372241973877
5720000000.0,-0.353504478931427
5720937472.0,-0.34730589389801025
5721874944.0,-0.34058064222335815
5722812416.0,-0.33206480741500854
5723749888.0,-0.32593515515327454
5724687360.0,-0.3164253532886505
5725624832.0,-0.30940717458724976
5726562304.0,-0.3010384440422058
5727499776.0,-0.2937668263912201
5728437248.0,-0.28668907284736633
5729375232.0,-0.2807815372943878
5730312704.0,-0.27788230776786804
5731250176.0,-0.27408233284950256
5732187648.0,-0.2725566625595093
5733125120.0,-0.2727224826812744
5734062592.0,-0.2758471667766571
5735000064.0,-0.279739648103714
5735937536.0,-0.28638461232185364
5736875008.0,-0.2937869727611542
5737812480.0,-0.3032400608062744
5738749952.0,-0.31467223167419434
5739687424.0,-0.3279785215854645
5740624896.0,-0.3407168388366699
5741562368.0,-0.35476478934288025
5742499840.0,-0.36785486340522766
5743437312.0,-0.380850225687027
5744374784.0,-0.3923766314983368
5745312256.0,-0.4014037847518921
5746250240.0,-0.40989935398101807
5747187712.0,-0.4160049259662628
5748125184.0,-0.41918623447418213
5749062656.0,-0.4200374484062195
5750000128.0,-0.41861575841903687
5750937600.0,-0.4147714376449585
5751875072.0,-0.4100276827812195
5752812544.0,-0.40337592363357544
5753750016.0,-0.3950176537036896
5754687488.0,-0.38573798537254333
5755624960.0,-0.3756374418735504
5756562432.0,-0.36792388558387756
5757499904.0,-0.3569139242172241
5758437376.0,-0.34828224778175354
5759374848.0,-0.34049054980278015
5760312320.0,-0.33432525396347046
5761249792.0,-0.32745417952537537
5762187264.0,-0.3236660361289978
5763125248.0,-0.320483535528183
5764062720.0,-0.3159067928791046
5765000192.0,-0.3124559819698334
5765937664.0,-0.24296237528324127
5766875136.0,-0.24535958468914032
5767812608.0,-0.2487417757511139
5768750080.0,-0.2532201409339905
5769687552.0,-0.2568151354789734
5770625024.0,-0.2623223662376404
5771562496.0,-0.2672693431377411
5772499968.0,-0.2725584805011749
5773437440.0,-0.2789483368396759
5774374912.0,-0.28634610772132874
5775312384.0,-0.2922917902469635
5776249856.0,-0.2994723618030548
5777187328.0,-0.30561161041259766
5778124800.0,-0.31381019949913025
5779062272.0,-0.3201634883880615
5779999744.0,-0.32582491636276245
5780937728.0,-0.33246880769729614
5781875200.0,-0.3385380506515503
5782812672.0,-0.3447796106338501
5783750144.0,-0.34927672147750854
5784687616.0,-0.35425299406051636
5785625088.0,-0.358002245426178
5786562560.0,-0.3614502549171448
5787500032.0,-0.36408787965774536
5788437504.0,-0.36500200629234314
5789374976.0,-0.3638688325881958
5790312448.0,-0.36223456263542175
5791249920.0,-0.3594525158405304
5792187392.0,-0.3548804521560669
5793124864.0,-0.3499830663204193
5794062336.0,-0.34364545345306396
5794999808.0,-0.3375304341316223
5795937280.0,-0.33053842186927795
5796874752.0,-0.3226710259914398
5797812736.0,-0.31237727403640747
5798750208.0,-0.3028850257396698
5799687680.0,-0.29292798042297363
5800625152.0,-0.2821495532989502
5801562624.0,-0.26997458934783936
5802500096.0,-0.2575248181819916
5803437568.0,-0.24371230602264404
5804375040.0,-0.22943837940692902
5805312512.0,-0.21547731757164001
5806249984.0,-0.19947776198387146
5807187456.0,-0.18441365659236908
5808124928.0,-0.16887320578098297
5809062400.0,-0.15301121771335602
5809999872.0,-0.13727055490016937
5810937344.0,-0.12236383557319641
5811874816.0,-0.10747645795345306
5812812288.0,-0.09303241223096848
5813749760.0,-0.07882065325975418
5814687744.0,-0.06606250256299973
5815625216.0,-0.05269871652126312
5816562688.0,-0.04089469090104103
5817500160.0,-0.02997174672782421
5818437632.0,-0.019252417609095573
5819375104.0,-0.00859924964606762
5820312576.0,0.0006709196604788303
5821250048.0,0.009903660044074059
5822187520.0,0.018591998144984245
5823124992.0,0.02465253509581089
5824062464.0,0.031440019607543945
5824999936.0,0.03674886375665665
5825937408.0,-0.15406756103038788
5826874880.0,-0.15847240388393402
5827812352.0,-0.16100294888019562
5828749824.0,-0.16328462958335876
5829687296.0,-0.16392198204994202
5830624768.0,-0.1626584380865097
5831562752.0,-0.16070391237735748
5832500224.0,-0.15824554860591888
5833437696.0,-0.154893696308136
5834375168.0,-0.15278828144073486
5835312640.0,-0.14899757504463196
5836250112.0,-0.1459987312555313
5837187584.0,-0.14252126216888428
5838125056.0,-0.14041908085346222
5839062528.0,-0.13759857416152954
5840000000.0,-0.13771764934062958
5840937472.0,-0.13906893134117126
5841874944.0,-0.1398259997367859
5842812416.0,-0.14266301691532135
5843749888.0,-0.14639301598072052
5844687360.0,-0.15041890740394592
5845624832.0,-0.15547692775726318
5846562304.0,-0.16235679388046265
5847499776.0,-0.16849057376384735
5848437248.0,-0.17615343630313873
5849375232.0,-0.18563570082187653
5850312704.0,-0.19338560104370117
5851250176.0,-0.20307746529579163
5852187648.0,-0.21206232905387878
5853125120.0,-0.22266311943531036
5854062592.0,-0.23094217479228973
5855000064.0,-0.2403690367937088
5855937536.0,-0.24988025426864624
5856875008.0,-0.2573707401752472
5857812480.0,-0.26390978693962097
5858749952.0,-0.26885083317756653
5859687424.0,-0.27126145362854004
5860624896.0,-0.2728368043899536
5861562368.0,-0.2719254791736603
5862499840.0,-0.2682223618030548
5863437312.0,-0.2639271318912506
5864374784.0,-0.2577041983604431
5865312256.0,-0.24923904240131378
5866250240.0,-0.24058228731155396
5867187712.0,-0.22935490310192108
5868125184.0,-0.2172418236732483
5869062656.0,-0.20562665164470673
5870000128.0,-0.19334590435028076
5870937600.0,-0.17973032593727112
5871875072.0,-0.1667303591966629
5872812544.0,-0.155326247215271
5873750016.0,-0.14397671818733215
5874687488.0,-0.13312476873397827
5875624960.0,-0.12519767880439758
5876562432.0,-0.11829220503568649
5877499904.0,-0.11288122832775116
5878437376.0,-0.10952171683311462
5879374848.0,-0.1081005185842514
5880312320.0,-0.1090015396475792
5881249792.0,-0.11239064484834671
5882187264.0,-0.11604034900665283
5883125248.0,-0.12268844246864319
5884062720.0,-0.13005928695201874
5885000192.0,-0.13882064819335938
5885937664.0,-0.07800508290529251
5886875136.0,-0.08340594917535782
5887812608.0,-0.08966122567653656
5888750080.0,-0.09613680839538574
5889687552.0,-0.10461559891700745
5890625024.0,-0.11198996752500534
5891562496.0,-0.12064190208911896
5892499968.0,-0.12915417551994324
5893437440.0,-0.13810621201992035
5894374912.0,-0.14698515832424164
5895312384.0,-0.15603075921535492
5896249856.0,-0.16652019321918488
5897187328.0,-0.17537802457809448
5898124800.0,-0.1849631518125534
5899062272.0,-0.19399262964725494
5900000256.0,-0.2043343186378479
5900937728.0,-0.21372215449810028
5901875200.0,-0.22308023273944855
5902812672.0,-0.23222440481185913
5903750144.0,-0.24154087901115417
5904687616.0,-0.25085070729255676
5905625088.0,-0.2591908276081085
5906562560.0,-0.2682192325592041
5907500032.0,-0.27574416995048523
5908437504.0,-0.2837783694267273
5909374976.0,-0.291892409324646
5910312448.0,-0.29849398136138916
5911249920.0,-0.30573007464408875
5912187392.0,-0.3116779029369354
5913124864.0,-0.31758540868759155
5914062336.0,-0.32352215051651
5914999808.0,-0.3294590711593628
5915937280.0,-0.33385053277015686
5916874752.0,-0.3355305790901184
5917812736.0,-0.3387002646923065
5918750208.0,-0.3409239649772644
5919687680.0,-0.34229928255081177
5920625152.0,-0.3425811529159546
5921562624.0,-0.3421952724456787
5922500096.0,-0.34066084027290344
5923437568.0,-0.3384251296520233
5924375040.0,-0.33392971754074097
5925312512.0,-0.32974642515182495
5926249984.0,-0.3240834176540375
5927187456.0,-0.31602242588996887
5928124928.0,-0.30593186616897583
5929062400.0,-0.29560723900794983
5929999872.0,-0.2850102484226227
5930937344.0,-0.27182528376579285
5931874816.0,-0.2580759525299072
5932812288.0,-0.24271833896636963
5933749760.0,-0.22685542702674866
5934687744.0,-0.21084251999855042
5935625216.0,-0.19321481883525848
5936562688.0,-0.1759689748287201
5937500160.0,-0.15762139856815338
5938437632.0,-0.13993620872497559
5939375104.0,-0.12216918915510178
5940312576.0,-0.1045563668012619
5941250048.0,-0.08780910819768906
5942187520.0,-0.07167432457208633
5943124992.0,-0.056188687682151794
5944062464.0,-0.04199858754873276
5944999936.0,-0.02996833249926567
5945937408.0,-0.13832002878189087
5946874880.0,-0.14783699810504913
5947812352.0,-0.15937671065330505
5948749824.0,-0.170857235789299
5949687296.0,-0.18557213246822357
5950624768.0,-0.1996096819639206
5951562752.0,-0.21694794297218323
5952500224.0,-0.23501786589622498
5953437696.0,-0.25305089354515076
5954375168.0,-0.2730436623096466
5955312640.0,-0.2933489680290222
5956250112.0,-0.3133664131164551
5957187584.0,-0.33320876955986023
5958125056.0,-0.35301846265792847
5959062528.0,-0.3709489405155182
5960000000.0,-0.389618456363678
5960937472.0,-0.4064899981021881
5961874944.0,-0.42235082387924194
5962812416.0,-0.43594443798065186
5963749888.0,-0.4479030966758728
5964687360.0,-0.4568535387516022
5965624832.0,-0.463572233915329
5966562304.0,-0.4652402698993683
5967499776.0,-0.46476757526397705
5968437248.0,-0.46085768938064575
5969375232.0,-0.4536604583263397
5970312704.0,-0.4427073001861572
5971250176.0,-0.42882293462753296
5972187648.0,-0.4113181531429291
5973125120.0,-0.39289698004722595
5974062592.0,-0.3722129166126251
5975000064.0,-0.34872937202453613
5975937536.0,-0.325208455324173
5976875008.0,-0.29990702867507935
5977812480.0,-0.2751147150993347
5978749952.0,-0.24994347989559174
5979687424.0,-0.22549939155578613
5980624896.0,-0.20298640429973602
5981562368.0,-0.182285338640213
5982499840.0,-0.16244879364967346
5983437312.0,-0.14541395008563995
5984374784.0,-0.13088354468345642
5985312256.0,-0.11722170561552048
5986250240.0,-0.10707167536020279
5987187712.0,-0.09958731383085251
5988125184.0,-0.09333567321300507
5989062656.0,-0.09044256806373596
5990000128.0,-0.09043727815151215
5990937600.0,-0.09253069758415222
5991875072.0,-0.09574629366397858
5992812544.0,-0.10106776654720306
5993750016.0,-0.10882633179426193
5994687488.0,-0.11613855510950089
5995624960.0,-0.12385886907577515
5996562432.0,-0.1327602118253708
5997499904.0,-0.14072012901306152
5998437376.0,-0.14968320727348328
5999374848.0,-0.1570848524570465
6000312320.0,-0.16648507118225098
6001249792.0,-0.17334507405757904
6002187264.0,-0.18086066842079163
6003125248.0,-0.18790122866630554
6004062720.0,-0.19230955839157104
6005000192.0,-0.15560664236545563
6005937664.0,-0.16189418733119965
6006875136.0,-0.16981637477874756
6007812608.0,-0.17854222655296326
6008750080.0,-0.18760532140731812
6009687552.0,-0.1974698156118393
6010625024.0,-0.2082788050174713
6011562496.0,-0.22005793452262878
6012499968.0,-0.23219376802444458
6013437440.0,-0.2447478324174881
6014374912.0,-0.2572575807571411
6015312384.0,-0.2707333266735077
6016249856.0,-0.2845288813114166
6017187328.0,-0.2967815399169922
6018124800.0,-0.31029969453811646
6019062272.0,-0.32358840107917786
6019999744.0,-0.3348250091075897
6020937728.0,-0.346217542886734
6021875200.0,-0.3565959334373474
6022812672.0,-0.3675619065761566
6023750144.0,-0.3755725026130676
6024687616.0,-0.38337406516075134
6025625088.0,-0.38996458053588867
6026562560.0,-0.3928508162498474
6027500032.0,-0.3954719007015228
6028437504.0,-0.3966556787490845
6029374976.0,-0.39486074447631836
6030312448.0,-0.39225977659225464
6031249920.0,-0.38779428601264954
6032187392.0,-0.3814910054206848
6033124864.0,-0.3748486638069153
6034062336.0,-0.3663438856601715
6034999808.0,-0.3559310734272003
6035937280.0,-0.3475647568702698
6036874752.0,-0.3361935317516327
6037812736.0,-0.3258640170097351
6038750208.0,-0.3143444359302521
6039687680.0,-0.30408167839050293
6040625152.0,-0.29318898916244507
6041562624.0,-0.2823933959007263
6042500096.0,-0.27141016721725464
6043437568.0,-0.26223453879356384
6044375040.0,-0.2529506981372833
6045312512.0,-0.24390320479869843
6046249984.0,-0.23598448932170868
6047187456.0,-0.2298453003168106
6048124928.0,-0.22318358719348907
6049062400.0,-0.21855075657367706
6049999872.0,-0.21403342485427856
6050937344.0,-0.2123909294605255
6051874816.0,-0.20983120799064636
6052812288.0,-0.21017850935459137
6053749760.0,-0.2111055999994278
6054687744.0,-0.21246911585330963
6055625216.0,-0.21420423686504364
6056562688.0,-0.21661078929901123
6057500160.0,-0.2203652709722519
6058437632.0,-0.22499191761016846
6059375104.0,-0.22900710999965668
6060312576.0,-0.23399677872657776
6061250048.0,-0.2387237846851349
6062187520.0,-0.24479299783706665
6063124992.0,-0.24960732460021973
6064062464.0,-0.2547050416469574
6064999936.0,-0.16229918599128723
6065937408.0,-0.1827128678560257
6066874880.0,-0.20460397005081177
6067812352.0,-0.22486433386802673
6068749824.0,-0.24418781697750092
6069687296.0,-0.26424285769462585
6070624768.0,-0.2840934991836548
6071562752.0,-0.3015833795070648
6072500224.0,-0.3205813765525818
6073437696.0,-0.3378356993198395
6074375168.0,-0.3546116054058075
6075312640.0,-0.36942535638809204
6076250112.0,-0.3835214376449585
6077187584.0,-0.3964705169200897
6078125056.0,-0.4073334336280823
6079062528.0,-0.4171384274959564
6080000000.0,-0.42606428265571594
6080937472.0,-0.43283572793006897
6081874944.0,-0.4378341734409332
6082812416.0,-0.4425085484981537
6083749888.0,-0.44359537959098816
6084687360.0,-0.4449382424354553
6085624832.0,-0.4450291693210602
6086562304.0,-0.44337427616119385
6087499776.0,-0.4394018352031708
6088437248.0,-0.4346429705619812
6089375232.0,-0.42914432287216187
6090312704.0,-0.4210025370121002
6091250176.0,-0.41411152482032776
6092187648.0,-0.4053962230682373
6093125120.0,-0.39452460408210754
6094062592.0,-0.38432008028030396
6095000064.0,-0.3711946904659271
6095937536.0,-0.35860002040863037
6096875008.0,-0.3454150855541229
6097812480.0,-0.3304472267627716
6098749952.0,-0.31642764806747437
6099687424.0,-0.30177655816078186
6100624896.0,-0.28725960850715637
6101562368.0,-0.272148072719574
6102499840.0,-0.2572455108165741
6103437312.0,-0.2419786900281906
6104374784.0,-0.2272372543811798
6105312256.0,-0.21323782205581665
6106250240.0,-0.19816277921199799
6107187712.0,-0.1850430965423584
6108125184.0,-0.1718095988035202
6109062656.0,-0.15885800123214722
6110000128.0,-0.14688947796821594
6110937600.0,-0.13516846299171448
6111875072.0,-0.12419340014457703
6112812544.0,-0.11423664540052414
6113750016.0,-0.10449416190385818
6114687488.0,-0.09667892754077911
6115624960.0,-0.08793992549180984
6116562432.0,-0.08159229904413223
6117499904.0,-0.07576880604028702
6118437376.0,-0.07221803069114685
6119374848.0,-0.07244700193405151
6120312320.0,-0.07284457236528397
6121249792.0,-0.07653193920850754
6122187264.0,-0.08115528523921967
6123125248.0,-0.08793503791093826
6124062720.0,-0.09592532366514206
6125000192.0,-0.1506918966770172
6125937664.0,-0.16614271700382233
6126875136.0,-0.1820959895849228
6127812608.0,-0.19655606150627136
6128750080.0,-0.2132689356803894
6129687552.0,-0.22988253831863403
6130625024.0,-0.24618174135684967
6131562496.0,-0.26407644152641296
6132499968.0,-0.2807427644729614
6133437440.0,-0.2976829707622528
6134374912.0,-0.3142540752887726
6135312384.0,-0.3297630548477173
6136249856.0,-0.34399279952049255
6137187328.0,-0.3601154386997223
6138124800.0,-0.3748667240142822
6139062272.0,-0.3866870403289795
6140000256.0,-0.3997381329536438
6140937728.0,-0.41154852509498596
6141875200.0,-0.42117929458618164
6142812672.0,-0.4315505921840668
6143750144.0,-0.4393768906593323
6144687616.0,-0.44775980710983276
6145625088.0,-0.4538009762763977
6146562560.0,-0.45989763736724854
6147500032.0,-0.4639562964439392
6148437504.0,-0.46554264426231384
6149374976.0,-0.46606674790382385
6150312448.0,-0.46360278129577637
6151249920.0,-0.4611400365829468
6152187392.0,-0.4557284414768219
6153124864.0,-0.44969645142555237
6154062336.0,-0.441482275724411
6154999808.0,-0.4323776960372925
6155937280.0,-0.42150864005088806
6156874752.0,-0.41080811619758606
6157812736.0,-0.3972766697406769
6158750208.0,-0.3838932514190674
6159687680.0,-0.36978986859321594
6160625152.0,-0.355153888463974
6161562624.0,-0.34096455574035645
6162500096.0,-0.3265020549297333
6163437568.0,-0.3132602870464325
6164375040.0,-0.29856228828430176
6165312512.0,-0.2842074930667877
6166249984.0,-0.27044859528541565
6167187456.0,-0.257500022649765
6168124928.0,-0.24380938708782196
6169062400.0,-0.22964611649513245
6169999872.0,-0.21446636319160461
6170937344.0,-0.19974477589130402
6171874816.0,-0.18777218461036682
6172812288.0,-0.1741277277469635
6173749760.0,-0.16294007003307343
6174687744.0,-0.15150757133960724
6175625216.0,-0.14277373254299164
6176562688.0,-0.13509149849414825
6177500160.0,-0.12858295440673828
6178437632.0,-0.1226465106010437
6179375104.0,-0.11869212239980698
6180312576.0,-0.11690913885831833
6181250048.0,-0.11566353589296341
6182187520.0,-0.11713548004627228
6183124992.0,-0.1190604716539383
6184062464.0,-0.12420185655355453
6184999936.0,-0.27225303649902344
6185937408.0,-0.2896468937397003
6186874880.0,-0.30669301748275757
6187812352.0,-0.3234313428401947
6188749824.0,-0.34058672189712524
6189687296.0,-0.35801008343696594
6190624768.0,-0.3738407492637634
6191562752.0,-0.3903064429759979
6192500224.0,-0.40535369515419006
6193437696.0,-0.41912347078323364
6194375168.0,-0.4323605000972748
6195312640.0,-0.442045658826828
6196250112.0,-0.4504934847354889
6197187584.0,-0.4580722451210022
6198125056.0,-0.463454008102417
6199062528.0,-0.467756986618042
6200000000.0,-0.4708077311515808
6200937472.0,-0.4741571545600891
6201874944.0,-0.4760071039199829
6202812416.0,-0.4792846143245697
6203749888.0,-0.48063674569129944
6204687360.0,-0.48282015323638916
6205624832.0,-0.4874268174171448
6206562304.0,-0.4906471371650696
6207499776.0,-0.49565961956977844
6208437248.0,-0.5020604133605957
6209375232.0,-0.5085253715515137
6210312704.0,-0.5167014002799988
6211250176.0,-0.5251187682151794
6212187648.0,-0.5328158140182495
6213125120.0,-0.5380831360816956
6214062592.0,-0.541776716709137
6215000064.0,-0.5419842600822449
6215937536.0,-0.5368010997772217
6216875008.0,-0.5284048318862915
6217812480.0,-0.5196852087974548
6218749952.0,-0.509276270866394
6219687424.0,-0.49777907133102417
6220624896.0,-0.48525479435920715
6221562368.0,-0.4711167514324188
6222499840.0,-0.45654380321502686
6223437312.0,-0.44234955310821533
6224374784.0,-0.429813414812088
6225312256.0,-0.4166181683540344
6226250240.0,-0.40433990955352783
6227187712.0,-0.3930138945579529
6228125184.0,-0.38303253054618835
6229062656.0,-0.3733876645565033
6230000128.0,-0.36593756079673767
6230937600.0,-0.3584705889225006
6231875072.0,-0.3512727618217468
6232812544.0,-0.34430062770843506
6233750016.0,-0.3376973569393158
6234687488.0,-0.33214271068573
6235624960.0,-0.32509806752204895
6236562432.0,-0.3190144896507263
6237499904.0,-0.3131287395954132
6238437376.0,-0.30589956045150757
6239374848.0,-0.300033837556839
6240312320.0,-0.2936745285987854
6241249792.0,-0.286063015460968
6242187264.0,-0.2802926301956177
6243125248.0,-0.27254241704940796
6244062720.0,-0.26663631200790405
6245000192.0,-0.42987024784088135
6245937664.0,-0.43118345737457275
6246875136.0,-0.43402475118637085
6247812608.0,-0.43839213252067566
6248750080.0,-0.4453293979167938
6249687552.0,-0.4535355567932129
6250625024.0,-0.4659557640552521
6251562496.0,-0.47918400168418884
6252499968.0,-0.49576741456985474
6253437440.0,-0.5139140486717224
6254374912.0,-0.5348349213600159
6255312384.0,-0.5582749843597412
6256249856.0,-0.5822271108627319
6257187328.0,-0.6078433394432068
6258124800.0,-0.635062038898468
6259062272.0,-0.6628841161727905
6259999744.0,-0.6907132267951965
6260937728.0,-0.7182103395462036
6261875200.0,-0.744269073009491
6262812672.0,-0.7685909271240234
6263750144.0,-0.79083651304245
6264687616.0,-0.8118219971656799
6265625088.0,-0.8290347456932068
6266562560.0,-0.8443204164505005
6267500032.0,-0.8563260436058044
6268437504.0,-0.8636645078659058
6269374976.0,-0.8687325716018677
6270312448.0,-0.8699622750282288
6271249920.0,-0.8696856498718262
6272187392.0,-0.8648907542228699
6273124864.0,-0.8556355834007263
6274062336.0,-0.8443328142166138
6274999808.0,-0.8297588229179382
6275937280.0,-0.8112104535102844
6276874752.0,-0.7898141741752625
6277812736.0,-0.7672302722930908
6278750208.0,-0.7424054741859436
6279687680.0,-0.7152896523475647
6280625152.0,-0.6878336071968079
6281562624.0,-0.6593862175941467
6282500096.0,-0.6298864483833313
6283437568.0,-0.5996833443641663
6284375040.0,-0.5707116723060608
6285312512.0,-0.5421098470687866
6286249984.0,-0.5121369957923889
6287187456.0,-0.4846569299697876
6288124928.0,-0.4573761522769928
6289062400.0,-0.431791216135025
6289999872.0,-0.40741562843322754
6290937344.0,-0.3861464262008667
6291874816.0,-0.36556559801101685
6292812288.0,-0.3485228717327118
6293749760.0,-0.33444300293922424
6294687744.0,-0.3229007422924042
6295625216.0,-0.3139019012451172
6296562688.0,-0.3123592436313629
6297500160.0,-0.31475573778152466
6298437632.0,-0.32019340991973877
6299375104.0,-0.3286190629005432
6300312576.0,-0.3402758240699768
6301250048.0,-0.3549374043941498
6302187520.0,-0.3710022270679474
6303124992.0,-0.39012643694877625
6304062464.0,-0.4108544886112213
6304999936.0,-0.5510902404785156
6305937408.0,-0.5714548230171204
6306874880.0,-0.5930771231651306
6307812352.0,-0.6167569160461426
6308749824.0,-0.6408255696296692
6309687296.0,-0.6654884815216064
6310624768.0,-0.6909229755401611
6311562752.0,-0.7181552052497864
6312500224.0,-0.7425847053527832
6313437696.0,-0.7677093744277954
6314375168.0,-0.7929250597953796
6315312640.0,-0.8178383111953735
6316250112.0,-0.8408734202384949
6317187584.0,-0.8642921447753906
6318125056.0,-0.8858382701873779
6319062528.0,-0.9058255553245544
6320000000.0,-0.9224773049354553
6320937472.0,-0.9381998777389526
6321874944.0,-0.9522591233253479
6322812416.0,-0.963666558265686
6323749888.0,-0.9720317125320435
6324687360.0,-0.9791566729545593
6325624832.0,-0.9828161597251892
6326562304.0,-0.9830307960510254
6327499776.0,-0.9821701049804688
6328437248.0,-0.9774178266525269
6329375232.0,-0.9692272543907166
6330312704.0,-0.9604929089546204
6331250176.0,-0.9487319588661194
6332187648.0,-0.9344834089279175
6333125120.0,-0.9202021360397339
6334062592.0,-0.9034650325775146
6335000064.0,-0.8844901919364929
6335937536.0,-0.8628708720207214
6336875008.0,-0.8421328663825989
6337812480.0,-0.8198423385620117
6338749952.0,-0.7965041399002075
6339687424.0,-0.7727541923522949
6340624896.0,-0.7483082413673401
6341562368.0,-0.7262684106826782
6342499840.0,-0.7043010592460632
6343437312.0,-0.6819480657577515
6344374784.0,-0.6608459949493408
6345312256.0,-0.6407620310783386
6346250240.0,-0.6211657524108887
6347187712.0,-0.6003127694129944
6348125184.0,-0.5817208886146545
6349062656.0,-0.5636409521102905
6350000128.0,-0.5470142364501953
6350937600.0,-0.5322545766830444
6351875072.0,-0.5203226208686829
6352812544.0,-0.5090025663375854
6353750016.0,-0.4990936517715454
6354687488.0,-0.49344754219055176
6355624960.0,-0.4884738326072693
6356562432.0,-0.48759761452674866
6357499904.0,-0.48862984776496887
6358437376.0,-0.4925538897514343
6359374848.0,-0.49923792481422424
6360312320.0,-0.5084344744682312
6361249792.0,-0.5195382833480835
6362187264.0,-0.5346927642822266
6363125248.0,-0.5526383519172668
6364062720.0,-0.5723114013671875
6365000192.0,-0.839324951171875
6365937664.0,-0.8476104736328125
6366875136.0,-0.8556603789329529
6367812608.0,-0.8639553785324097
6368750080.0,-0.8731768131256104
6369687552.0,-0.8824372887611389
6370625024.0,-0.8929336071014404
6371562496.0,-0.9029842019081116
6372499968.0,-0.9124025106430054
6373437440.0,-0.9220158457756042
6374374912.0,-0.9318746328353882
6375312384.0,-0.9415047764778137
6376249856.0,-0.950526773929596
6377187328.0,-0.9603553414344788
6378124800.0,-0.9688243269920349
6379062272.0,-0.9763872623443604
6380000256.0,-0.9837440252304077
6380937728.0,-0.9894734621047974
6381875200.0,-0.9953174591064453
6382812672.0,-0.9995592832565308
6383750144.0,-1.0048812627792358
6384687616.0,-1.008940577507019
6385625088.0,-1.0107406377792358
6386562560.0,-1.012701392173767
6387500032.0,-1.0141382217407227
6388437504.0,-1.015109658241272
6389374976.0,-1.0168299674987793
6390312448.0,-1.0179282426834106
6391249920.0,-1.017595887184143
6392187392.0,-1.016993761062622
6393124864.0,-1.0155714750289917
6394062336.0,-1.0140748023986816
6394999808.0,-1.0129457712173462
6395937280.0,-1.0111395120620728
6396874752.0,-1.0090237855911255
6397812736.0,-1.005878210067749
6398750208.0,-1.0036327838897705
6399687680.0,-1.0015455484390259
6400625152.0,-0.9992782473564148
6401562624.0,-0.9974786639213562
6402500096.0,-0.9959923624992371
6403437568.0,-0.9955108761787415
6404375040.0,-0.9945404529571533
6405312512.0,-0.9964025616645813
6406249984.0,-0.9981514811515808
6407187456.0,-0.9984710812568665
6408124928.0,-1.001784086227417
6409062400.0,-1.00368332862854
6409999872.0,-1.0077705383300781
6410937344.0,-1.0134048461914062
6411874816.0,-1.0199699401855469
6412812288.0,-1.0256654024124146
6413749760.0,-1.0325525999069214
6414687744.0,-1.0391329526901245
6415625216.0,-1.0459522008895874
6416562688.0,-1.0530445575714111
6417500160.0,-1.060678482055664
6418437632.0,-1.068854808807373
6419375104.0,-1.0784764289855957
6420312576.0,-1.086859941482544
6421250048.0,-1.0932029485702515
6422187520.0,-1.100951910018921
6423124992.0,-1.1060795783996582
6424062464.0,-1.1114782094955444
6424999936.0,-1.1263432502746582
6425937408.0,-1.137152075767517
6426874880.0,-1.1467140913009644
6427812352.0,-1.1552298069000244
6428749824.0,-1.1618658304214478
6429687296.0,-1.1681116819381714
6430624768.0,-1.1710433959960938
6431562752.0,-1.1741067171096802
6432500224.0,-1.1749557256698608
6433437696.0,-1.1767669916152954
6434375168.0,-1.1728882789611816
6435312640.0,-1.1699743270874023
6436250112.0,-1.1653990745544434
6437187584.0,-1.1610370874404907
6438125056.0,-1.154181957244873
6439062528.0,-1.1471309661865234
6440000000.0,-1.1384443044662476
6440937472.0,-1.1277179718017578
6441874944.0,-1.116370439529419
6442812416.0,-1.103655457496643
6443749888.0,-1.0901936292648315
6444687360.0,-1.0771440267562866
6445624832.0,-1.0642586946487427
6446562304.0,-1.0516762733459473
6447499776.0,-1.0389580726623535
6448437248.0,-1.026749849319458
6449375232.0,-1.0170061588287354
6450312704.0,-1.0068055391311646
6451250176.0,-0.9968587756156921
6452187648.0,-0.9877984523773193
6453125120.0,-0.9796772599220276
6454062592.0,-0.9718798995018005
6455000064.0,-0.9645633697509766
6455937536.0,-0.9585433006286621
6456875008.0,-0.9517133831977844
6457812480.0,-0.9474053382873535
6458749952.0,-0.9429166316986084
6459687424.0,-0.9398824572563171
6460624896.0,-0.9373224973678589
6461562368.0,-0.9347890615463257
6462499840.0,-0.9311119318008423
6463437312.0,-0.9288932681083679
6464374784.0,-0.9241061806678772
6465312256.0,-0.9195528030395508
6466250240.0,-0.9161972403526306
6467187712.0,-0.912631630897522
6468125184.0,-0.9082996249198914
6469062656.0,-0.9049696922302246
6470000128.0,-0.9001954197883606
6470937600.0,-0.895641565322876
6471875072.0,-0.8898095488548279
6472812544.0,-0.8843467831611633
6473750016.0,-0.8804445862770081
6474687488.0,-0.8773964047431946
6475624960.0,-0.8743062615394592
6476562432.0,-0.8708060383796692
6477499904.0,-0.8671308159828186
6478437376.0,-0.8645412921905518
6479374848.0,-0.8620147109031677
6480312320.0,-0.8593566417694092
6481249792.0,-0.8563677668571472
6482187264.0,-0.8551569581031799
6483125248.0,-0.8541268110275269
6484062720.0,-0.8552153706550598
6485000192.0,-0.9566094279289246
6485937664.0,-0.9641311764717102
6486875136.0,-0.9698838591575623
6487812608.0,-0.9769802689552307
6488750080.0,-0.9827392101287842
6489687552.0,-0.9890139102935791
6490625024.0,-0.9960219860076904
6491562496.0,-1.0008970499038696
6492499968.0,-1.0063564777374268
6493437440.0,-1.0104106664657593
6494374912.0,-1.015067219734192
6495312384.0,-1.0176273584365845
6496249856.0,-1.0216810703277588
6497187328.0,-1.0219022035598755
6498124800.0,-1.0230768918991089
6499062272.0,-1.0220377445220947
6499999744.0,-1.0194371938705444
6500937728.0,-1.0160168409347534
6501875200.0,-1.01205575466156
6502812672.0,-1.0060789585113525
6503750144.0,-0.9995065927505493
6504687616.0,-0.9923608303070068
6505625088.0,-0.9849955439567566
6506562560.0,-0.9755688309669495
6507500032.0,-0.9669609069824219
6508437504.0,-0.9569703340530396
6509374976.0,-0.9462224841117859
6510312448.0,-0.9356067776679993
6511249920.0,-0.9245115518569946
6512187392.0,-0.9123970866203308
6513124864.0,-0.9008063673973083
6514062336.0,-0.8894317150115967
6514999808.0,-0.8768138289451599
6515937280.0,-0.8661596775054932
6516874752.0,-0.8548564910888672
6517812736.0,-0.8444128632545471
6518750208.0,-0.8337743282318115
6519687680.0,-0.8243331909179688
6520625152.0,-0.8160935640335083
6521562624.0,-0.8104519248008728
6522500096.0,-0.8031060695648193
6523437568.0,-0.7983704805374146
6524375040.0,-0.7942595481872559
6525312512.0,-0.7914369702339172
6526249984.0,-0.7885450124740601
6527187456.0,-0.7863024473190308
6528124928.0,-0.7857978343963623
6529062400.0,-0.7860474586486816
6529999872.0,-0.7857741713523865
6530937344.0,-0.7870345711708069
6531874816.0,-0.7887523174285889
6532812288.0,-0.79191654920578
6533749760.0,-0.7959383726119995
6534687744.0,-0.800468921661377
6535625216.0,-0.8049672245979309
6536562688.0,-0.8099278807640076
6537500160.0,-0.8147043585777283
6538437632.0,-0.8234133720397949
6539375104.0,-0.8295683264732361
6540312576.0,-0.8378095626831055
6541250048.0,-0.8465476632118225
6542187520.0,-0.8535693287849426
6543124992.0,-0.8610954880714417
6544062464.0,-0.8692471385002136
6544999936.0,-0.8639994263648987
6545937408.0,-0.8678111433982849
6546874880.0,-0.8720049262046814
6547812352.0,-0.8732966780662537
6548749824.0,-0.8769024014472961
6549687296.0,-0.879895031452179
6550624768.0,-0.8831821084022522
6551562752.0,-0.8866072297096252
6552500224.0,-0.8911842703819275
6553437696.0,-0.8950742483139038
6554375168.0,-0.9013876914978027
6555312640.0,-0.9087443351745605
6556250112.0,-0.9154766201972961
6557187584.0,-0.92569500207901
6558125056.0,-0.9350685477256775
6559062528.0,-0.9445733428001404
6560000000.0,-0.9550871849060059
6560937472.0,-0.9668103456497192
6561874944.0,-0.9771668314933777
6562812416.0,-0.9880136847496033
6563749888.0,-1.001009464263916
6564687360.0,-1.0147167444229126
6565624832.0,-1.0274147987365723
6566562304.0,-1.041324257850647
6567499776.0,-1.0540388822555542
6568437248.0,-1.0656589269638062
6569375232.0,-1.0771949291229248
6570312704.0,-1.089321494102478
6571250176.0,-1.0993307828903198
6572187648.0,-1.1098215579986572
6573125120.0,-1.1197282075881958
6574062592.0,-1.1294841766357422
6575000064.0,-1.1382946968078613
6575937536.0,-1.1450843811035156
6576875008.0,-1.153649091720581
6577812480.0,-1.1580950021743774
6578749952.0,-1.1648927927017212
6579687424.0,-1.169360637664795
6580624896.0,-1.1729652881622314
6581562368.0,-1.1741901636123657
6582499840.0,-1.174218773841858
6583437312.0,-1.1732726097106934
6584374784.0,-1.1721163988113403
6585312256.0,-1.1696140766143799
6586250240.0,-1.1659928560256958
6587187712.0,-1.163506269454956
6588125184.0,-1.1583186388015747
6589062656.0,-1.1532669067382812
6590000128.0,-1.1477952003479004
6590937600.0,-1.142366886138916
6591875072.0,-1.1383136510849
6592812544.0,-1.1337226629257202
6593750016.0,-1.1289012432098389
6594687488.0,-1.1258565187454224
6595624960.0,-1.1209090948104858
6596562432.0,-1.117775321006775
6597499904.0,-1.1149296760559082
6598437376.0,-1.113012433052063
6599374848.0,-1.1115670204162598
6600312320.0,-1.110874056816101
6601249792.0,-1.111999273300171
6602187264.0,-1.1130471229553223
6603125248.0,-1.1139376163482666
6604062720.0,-1.1167339086532593
6605000192.0,-1.1155712604522705
6605937664.0,-1.12221097946167
6606875136.0,-1.1296249628067017
6607812608.0,-1.1362578868865967
6608750080.0,-1.1427264213562012
6609687552.0,-1.1498889923095703
6610625024.0,-1.1560485363006592
6611562496.0,-1.161198616027832
6612499968.0,-1.1671353578567505
6613437440.0,-1.1705611944198608
6614374912.0,-1.1745381355285645
6615312384.0,-1.179770827293396
6616249856.0,-1.1841822862625122
6617187328.0,-1.190833568572998
6618124800.0,-1.1968241930007935
6619062272.0,-1.2038692235946655
6620000256.0,-1.210561752319336
6620937728.0,-1.2185221910476685
6621875200.0,-1.225258469581604
6622812672.0,-1.2342805862426758
6623750144.0,-1.2427352666854858
6624687616.0,-1.2534234523773193
6625625088.0,-1.2668153047561646
6626562560.0,-1.284969449043274
6627500032.0,-1.3042895793914795
6628437504.0,-1.3237977027893066
6629374976.0,-1.3433506488800049
6630312448.0,-1.3636538982391357
6631249920.0,-1.383955717086792
6632187392.0,-1.4050105810165405
6633124864.0,-1.4239333868026733
6634062336.0,-1.4437671899795532
6634999808.0,-1.4642235040664673
6635937280.0,-1.4824345111846924
6636874752.0,-1.5023303031921387
6637812736.0,-1.5199003219604492
6638750208.0,-1.5371164083480835
6639687680.0,-1.5539807081222534
6640625152.0,-1.5685369968414307
6641562624.0,-1.5837093591690063
6642500096.0,-1.5964349508285522
6643437568.0,-1.6081618070602417
6644375040.0,-1.6199135780334473
6645312512.0,-1.6292920112609863
6646249984.0,-1.6382421255111694
6647187456.0,-1.6446642875671387
6648124928.0,-1.6488181352615356
6649062400.0,-1.6546088457107544
6649999872.0,-1.6555020809173584
6650937344.0,-1.6596466302871704
6651874816.0,-1.6639643907546997
6652812288.0,-1.6665139198303223
6653749760.0,-1.669029712677002
6654687744.0,-1.6692513227462769
6655625216.0,-1.6724634170532227
6656562688.0,-1.6740566492080688
6657500160.0,-1.6754465103149414
6658437632.0,-1.6792843341827393
6659375104.0,-1.684646725654602
6660312576.0,-1.6905124187469482
6661250048.0,-1.6997969150543213
6662187520.0,-1.7095048427581787
6663124992.0,-1.7212313413619995
6664062464.0,-1.7343002557754517
6664999936.0,-1.7528883218765259
6665937408.0,-1.7662343978881836
6666874880.0,-1.7800973653793335
6667812352.0,-1.7927299737930298
6668749824.0,-1.8059741258621216
6669687296.0,-1.8214651346206665
6670624768.0,-1.833559274673462
6671562752.0,-1.846665859222412
6672500224.0,-1.8604381084442139
6673437696.0,-1.8732481002807617
6674375168.0,-1.8858031034469604
6675312640.0,-1.8985439538955688
6676250112.0,-1.9083569049835205
6677187584.0,-1.9156546592712402
6678125056.0,-1.9212754964828491
6679062528.0,-1.9272661209106445
6680000000.0,-1.9317162036895752
6680937472.0,-1.935067057609558
6681874944.0,-1.937455415725708
6682812416.0,-1.938986897468567
6683749888.0,-1.9395544528961182
6684687360.0,-1.9399038553237915
6685624832.0,-1.9389275312423706
6686562304.0,-1.9399124383926392
6687499776.0,-1.9402886629104614
6688437248.0,-1.9408690929412842
6689375232.0,-1.9436687231063843
6690312704.0,-1.9478559494018555
6691250176.0,-1.9544562101364136
6692187648.0,-1.9629037380218506
6693125120.0,-1.9719878435134888
6694062592.0,-1.9854118824005127
6695000064.0,-1.998485803604126
6695937536.0,-2.0132596492767334
6696875008.0,-2.027545928955078
6697812480.0,-2.0434303283691406
6698749952.0,-2.060716152191162
6699687424.0,-2.080875873565674
6700624896.0,-2.1038174629211426
6701562368.0,-2.1286752223968506
6702499840.0,-2.154871940612793
6703437312.0,-2.18274188041687
6704374784.0,-2.2112507820129395
6705312256.0,-2.240180253982544
6706250240.0,-2.268296718597412
6707187712.0,-2.2972066402435303
6708125184.0,-2.3247294425964355
6709062656.0,-2.3492062091827393
6710000128.0,-2.372788190841675
6710937600.0,-2.39370059967041
6711875072.0,-2.411083221435547
6712812544.0,-2.4260916709899902
6713750016.0,-2.436997413635254
6714687488.0,-2.4455277919769287
6715624960.0,-2.4497365951538086
6716562432.0,-2.454718828201294
6717499904.0,-2.4564766883850098
6718437376.0,-2.4595677852630615
6719374848.0,-2.458850145339966
6720312320.0,-2.459115505218506
6721249792.0,-2.458904266357422
6722187264.0,-2.458379030227661
6723125248.0,-2.4584720134735107
6724062720.0,-2.4606218338012695
6725000192.0,-2.438340187072754
6725937664.0,-2.4435229301452637
6726875136.0,-2.450772285461426
6727812608.0,-2.4580583572387695
6728750080.0,-2.4676401615142822
6729687552.0,-2.4788858890533447
6730625024.0,-2.491196870803833
6731562496.0,-2.504505157470703
6732499968.0,-2.521347761154175
6733437440.0,-2.5404624938964844
6734374912.0,-2.561307907104492
6735312384.0,-2.585343360900879
6736249856.0,-2.610900402069092
6737187328.0,-2.638564348220825
6738124800.0,-2.669557809829712
6739062272.0,-2.700680732727051
6739999744.0,-2.733628273010254
6740937728.0,-2.769007444381714
6741875200.0,-2.804041862487793
6742812672.0,-2.836768388748169
6743750144.0,-2.8714115619659424
6744687616.0,-2.9051806926727295
6745625088.0,-2.9337282180786133
6746562560.0,-2.9629204273223877
6747500032.0,-2.990389585494995
6748437504.0,-3.015968084335327
6749374976.0,-3.0372071266174316
6750312448.0,-3.0598206520080566
6751249920.0,-3.0776655673980713
6752187392.0,-3.0971999168395996
6753124864.0,-3.10986065864563
6754062336.0,-3.11765718460083
6754999808.0,-3.124873161315918
6755937280.0,-3.127042293548584
6756874752.0,-3.12395977973938
6757812736.0,-3.1189215183258057
6758750208.0,-3.108093500137329
6759687680.0,-3.09356689453125
6760625152.0,-3.0748844146728516
6761562624.0,-3.0522079467773438
6762500096.0,-3.024238109588623
6763437568.0,-2.9923009872436523
6764375040.0,-2.956674814224243
6765312512.0,-2.915803909301758
6766249984.0,-2.8709394931793213
6767187456.0,-2.820988893508911
6768124928.0,-2.7665023803710938
6769062400.0,-2.710462808609009
6769999872.0,-2.651496171951294
6770937344.0,-2.59061336517334
6771874816.0,-2.528245687484741
6772812288.0,-2.4655160903930664
6773749760.0,-2.4037742614746094
6774687744.0,-2.3416452407836914
6775625216.0,-2.2811970710754395
6776562688.0,-2.2236080169677734
6777500160.0,-2.1682217121124268
6778437632.0,-2.1190924644470215
6779375104.0,-2.0741913318634033
6780312576.0,-2.0307745933532715
6781250048.0,-1.9928069114685059
6782187520.0,-1.959162712097168
6783124992.0,-1.9286136627197266
6784062464.0,-1.9020180702209473
6784999936.0,-2.3550333976745605
6785937408.0,-2.3371968269348145
6786874880.0,-2.3184099197387695
6787812352.0,-2.301325559616089
6788749824.0,-2.2844738960266113
6789687296.0,-2.2693169116973877
6790624768.0,-2.2559053897857666
6791562752.0,-2.2452824115753174
6792500224.0,-2.238736629486084
6793437696.0,-2.2342417240142822
6794375168.0,-2.2326438426971436
6795312640.0,-2.232840061187744
6796250112.0,-2.233773708343506
6797187584.0,-2.2365095615386963
6798125056.0,-2.2393100261688232
6799062528.0,-2.2433972358703613
6800000000.0,-2.2506911754608154
6800937472.0,-2.2570910453796387
6801874944.0,-2.2666542530059814
6802812416.0,-2.2768168449401855
6803749888.0,-2.290947198867798
6804687360.0,-2.3066959381103516
6805624832.0,-2.3246285915374756
6806562304.0,-2.340158462524414
6807499776.0,-2.3596794605255127
6808437248.0,-2.3765528202056885
6809375232.0,-2.3952345848083496
6810312704.0,-2.4123520851135254
6811250176.0,-2.4288573265075684
6812187648.0,-2.4408085346221924
6813125120.0,-2.4539942741394043
6814062592.0,-2.462953567504883
6815000064.0,-2.4686086177825928
6815937536.0,-2.4738011360168457
6816875008.0,-2.4752676486968994
6817812480.0,-2.4737961292266846
6818749952.0,-2.470451831817627
6819687424.0,-2.4637882709503174
6820624896.0,-2.4535791873931885
6821562368.0,-2.4406538009643555
6822499840.0,-2.424518585205078
6823437312.0,-2.4052622318267822
6824374784.0,-2.381405830383301
6825312256.0,-2.354888439178467
6826250240.0,-2.3230249881744385
6827187712.0,-2.2922182083129883
6828125184.0,-2.2573537826538086
6829062656.0,-2.221538543701172
6830000128.0,-2.1836719512939453
6830937600.0,-2.143810510635376
6831875072.0,-2.1028127670288086
6832812544.0,-2.060382604598999
6833750016.0,-2.0174779891967773
6834687488.0,-1.9738515615463257
6835624960.0,-1.9303016662597656
6836562432.0,-1.8877147436141968
6837499904.0,-1.8468637466430664
6838437376.0,-1.8076200485229492
6839374848.0,-1.7721288204193115
6840312320.0,-1.7364211082458496
6841249792.0,-1.70283842086792
6842187264.0,-1.6711751222610474
6843125248.0,-1.64039945602417
6844062720.0,-1.613115668296814
6845000192.0,-1.5064231157302856
6845937664.0,-1.4801814556121826
6846875136.0,-1.4547780752182007
6847812608.0,-1.4326820373535156
6848750080.0,-1.4129499197006226
6849687552.0,-1.398544192314148
6850625024.0,-1.3857172727584839
6851562496.0,-1.3780717849731445
6852499968.0,-1.371558427810669
6853437440.0,-1.367776870727539
6854374912.0,-1.3670200109481812
6855312384.0,-1.3686453104019165
6856249856.0,-1.3744697570800781
6857187328.0,-1.3809679746627808
6858124800.0,-1.3922524452209473
6859062272.0,-1.4049547910690308
6860000256.0,-1.4197975397109985
6860937728.0,-1.435423731803894
6861875200.0,-1.4514003992080688
6862812672.0,-1.4689894914627075
6863750144.0,-1.4878451824188232
6864687616.0,-1.5067263841629028
6865625088.0,-1.525022268295288
6866562560.0,-1.544589638710022
6867500032.0,-1.5607001781463623
6868437504.0,-1.57606840133667
6869374976.0,-1.5914956331253052
6870312448.0,-1.6061996221542358
6871249920.0,-1.6180206537246704
6872187392.0,-1.6270720958709717
6873124864.0,-1.6355794668197632
6874062336.0,-1.6405404806137085
6874999808.0,-1.6439028978347778
6875937280.0,-1.6436606645584106
6876874752.0,-1.6401673555374146
6877812736.0,-1.633285641670227
6878750208.0,-1.6260617971420288
6879687680.0,-1.614078402519226
6880625152.0,-1.6001043319702148
6881562624.0,-1.582716703414917
6882500096.0,-1.563256025314331
6883437568.0,-1.5404683351516724
6884375040.0,-1.5165601968765259
6885312512.0,-1.4912142753601074
6886249984.0,-1.4638864994049072
6887187456.0,-1.4353630542755127
6888124928.0,-1.4070284366607666
6889062400.0,-1.3756473064422607
6889999872.0,-1.3437455892562866
6890937344.0,-1.3111845254898071
6891874816.0,-1.27977454662323
6892812288.0,-1.2492802143096924
6893749760.0,-1.2181057929992676
6894687744.0,-1.1872845888137817
6895625216.0,-1.1571629047393799
6896562688.0,-1.1272245645523071
6897500160.0,-1.0994889736175537
6898437632.0,-1.0729255676269531
6899375104.0,-1.0474534034729004
6900312576.0,-1.024397373199463
6901250048.0,-1.0019901990890503
6902187520.0,-0.9841493368148804
6903124992.0,-0.9683918356895447
6904062464.0,-0.9539676904678345
6904999936.0,-0.9632439017295837
6905937408.0,-0.9621060490608215
6906874880.0,-0.9610568284988403
6907812352.0,-0.9621278643608093
6908749824.0,-0.9644381999969482
6909687296.0,-0.9671897292137146
6910624768.0,-0.9699345231056213
6911562752.0,-0.9743947982788086
6912500224.0,-0.9784576296806335
6913437696.0,-0.984215259552002
6914375168.0,-0.9882979393005371
6915312640.0,-0.9913698434829712
6916250112.0,-0.99680495262146
6917187584.0,-0.999734103679657
6918125056.0,-1.0015010833740234
6919062528.0,-1.0026359558105469
6920000000.0,-1.0026289224624634
6920937472.0,-0.9999315738677979
6921874944.0,-0.9953122138977051
6922812416.0,-0.9892241954803467
6923749888.0,-0.9811236262321472
6924687360.0,-0.9700152277946472
6925624832.0,-0.9564253091812134
6926562304.0,-0.9412100911140442
6927499776.0,-0.9240336418151855
6928437248.0,-0.9067005515098572
6929375232.0,-0.8878737092018127
6930312704.0,-0.8676279783248901
6931250176.0,-0.8477802276611328
6932187648.0,-0.826070249080658
6933125120.0,-0.803854763507843
6934062592.0,-0.7817814350128174
6935000064.0,-0.7593122720718384
6935937536.0,-0.7371842265129089
6936875008.0,-0.7149561047554016
6937812480.0,-0.6940455436706543
6938749952.0,-0.6731995940208435
6939687424.0,-0.6535133719444275
6940624896.0,-0.6338416337966919
6941562368.0,-0.6154925227165222
6942499840.0,-0.5988360643386841
6943437312.0,-0.5846415162086487
6944374784.0,-0.5705848932266235
6945312256.0,-0.5600125193595886
6946250240.0,-0.5508992075920105
6947187712.0,-0.5423476696014404
6948125184.0,-0.537204921245575
6949062656.0,-0.5332027673721313
6950000128.0,-0.5315086245536804
6950937600.0,-0.5299630165100098
6951875072.0,-0.5303890109062195
6952812544.0,-0.5324026346206665
6953750016.0,-0.5351619720458984
6954687488.0,-0.5395763516426086
6955624960.0,-0.5435623526573181
6956562432.0,-0.5519478917121887
6957499904.0,-0.5601487159729004
6958437376.0,-0.570645809173584
6959374848.0,-0.5794457793235779
6960312320.0,-0.5894300937652588
6961249792.0,-0.6004889011383057
6962187264.0,-0.6111677289009094
6963125248.0,-0.6217783093452454
6964062720.0,-0.6325729489326477
6965000192.0,-0.5340635180473328
6965937664.0,-0.542911946773529
6966875136.0,-0.5514504909515381
6967812608.0,-0.5623050332069397
6968750080.0,-0.5727543830871582
6969687552.0,-0.5837162733078003
6970625024.0,-0.5948662757873535
6971562496.0,-0.6066887974739075
6972499968.0,-0.6172370910644531
6973437440.0,-0.6299360990524292
6974374912.0,-0.6415751576423645
6975312384.0,-0.6532593965530396
6976249856.0,-0.6657301187515259
6977187328.0,-0.6760966777801514
6978124800.0,-0.6882520914077759
6979062272.0,-0.7000073790550232
6979999744.0,-0.711851954460144
6980937728.0,-0.7234828472137451
6981875200.0,-0.7332962155342102
6982812672.0,-0.7421320676803589
6983750144.0,-0.750310480594635
6984687616.0,-0.7582663297653198
6985625088.0,-0.763946533203125
6986562560.0,-0.7693584561347961
6987500032.0,-0.7739845514297485
6988437504.0,-0.7780806422233582
6989374976.0,-0.781806230545044
6990312448.0,-0.7852727770805359
6991249920.0,-0.7861222624778748
6992187392.0,-0.7863701581954956
6993124864.0,-0.7853251099586487
6994062336.0,-0.7839089632034302
6994999808.0,-0.7790992856025696
6995937280.0,-0.7741859555244446
6996874752.0,-0.7679916620254517
6997812736.0,-0.7610017657279968
6998750208.0,-0.752124011516571
6999687680.0,-0.7425638437271118
7000625152.0,-0.7316776514053345
7001562624.0,-0.7209215760231018
7002500096.0,-0.7090004086494446
7003437568.0,-0.6955167055130005
7004375040.0,-0.6825771927833557
7005312512.0,-0.6697409152984619
7006249984.0,-0.6565407514572144
7007187456.0,-0.641130805015564
7008124928.0,-0.624134361743927
7009062400.0,-0.6061363220214844
7009999872.0,-0.5877007842063904
7010937344.0,-0.5707622766494751
7011874816.0,-0.552987813949585
7012812288.0,-0.5361568927764893
7013749760.0,-0.5206915736198425
7014687744.0,-0.5048848986625671
7015625216.0,-0.4889821410179138
7016562688.0,-0.4731128215789795
7017500160.0,-0.459038108587265
7018437632.0,-0.4444032311439514
7019375104.0,-0.4311572015285492
7020312576.0,-0.4169396460056305
7021250048.0,-0.4044322669506073
7022187520.0,-0.39324426651000977
7023124992.0,-0.38164022564888
7024062464.0,-0.3722377419471741
7024999936.0,-0.2921768128871918
7025937408.0,-0.2972189486026764
7026874880.0,-0.3006953001022339
7027812352.0,-0.30703380703926086
7028749824.0,-0.31420406699180603
7029687296.0,-0.32164067029953003
7030624768.0,-0.33153036236763
7031562752.0,-0.34139391779899597
7032500224.0,-0.35195478796958923
7033437696.0,-0.3653264045715332
7034375168.0,-0.37793293595314026
7035312640.0,-0.39156562089920044
7036250112.0,-0.4054720103740692
7037187584.0,-0.4190053343772888
7038125056.0,-0.43227604031562805
7039062528.0,-0.446462482213974
7040000000.0,-0.4603758156299591
7040937472.0,-0.4747779667377472
7041874944.0,-0.488240510225296
7042812416.0,-0.5032935738563538
7043749888.0,-0.516035795211792
7044687360.0,-0.5286186337471008
7045624832.0,-0.5410856008529663
7046562304.0,-0.5529324412345886
7047499776.0,-0.563657820224762
7048437248.0,-0.5736534595489502
7049375232.0,-0.581960141658783
7050312704.0,-0.5914981365203857
7051250176.0,-0.5990273356437683
7052187648.0,-0.6042429208755493
7053125120.0,-0.6079065203666687
7054062592.0,-0.6114129424095154
7055000064.0,-0.6136423945426941
7055937536.0,-0.6133090853691101
7056875008.0,-0.6133278608322144
7057812480.0,-0.6113718152046204
7058749952.0,-0.6113817691802979
7059687424.0,-0.6094324588775635
7060624896.0,-0.6049290299415588
7061562368.0,-0.5993063449859619
7062499840.0,-0.5948513150215149
7063437312.0,-0.5858611464500427
7064374784.0,-0.5760161876678467
7065312256.0,-0.5658247470855713
7066250240.0,-0.553955614566803
7067187712.0,-0.5420835614204407
7068125184.0,-0.5296538472175598
7069062656.0,-0.5176709294319153
7070000128.0,-0.5052299499511719
7070937600.0,-0.49115341901779175
7071875072.0,-0.4774896502494812
7072812544.0,-0.4630603790283203
7073750016.0,-0.448139488697052
7074687488.0,-0.4328169524669647
7075624960.0,-0.4164600968360901
7076562432.0,-0.4011154770851135
7077499904.0,-0.3852216899394989
7078437376.0,-0.3689667284488678
7079374848.0,-0.35320499539375305
7080312320.0,-0.3368353545665741
7081249792.0,-0.3213055431842804
7082187264.0,-0.30543389916419983
7083125248.0,-0.28991585969924927
7084062720.0,-0.276215523481369
7085000192.0,-0.3390328586101532
7085937664.0,-0.3281875252723694
7086875136.0,-0.31820839643478394
7087812608.0,-0.30847904086112976
7088750080.0,-0.2994827628135681
7089687552.0,-0.290983647108078
7090625024.0,-0.28401342034339905
7091562496.0,-0.27707117795944214
7092499968.0,-0.27219343185424805
7093437440.0,-0.26770010590553284
7094374912.0,-0.26507318019866943
7095312384.0,-0.26324617862701416
7096249856.0,-0.2638806700706482
7097187328.0,-0.26555144786834717
7098124800.0,-0.26836663484573364
7099062272.0,-0.2718282639980316
7100000256.0,-0.2780818045139313
7100937728.0,-0.2843114733695984
7101875200.0,-0.29319116473197937
7102812672.0,-0.30367881059646606
7103750144.0,-0.31688445806503296
7104687616.0,-0.3301871120929718
7105625088.0,-0.3450295925140381
7106562560.0,-0.3620014786720276
7107500032.0,-0.3785027265548706
7108437504.0,-0.3980472981929779
7109374976.0,-0.4190104603767395
7110312448.0,-0.44131553173065186
7111249920.0,-0.46423518657684326
7112187392.0,-0.48717525601387024
7113124864.0,-0.5088555812835693
7114062336.0,-0.5317262411117554
7114999808.0,-0.5542662143707275
7115937280.0,-0.5768208503723145
7116874752.0,-0.5981681942939758
7117812736.0,-0.6199706792831421
7118750208.0,-0.6414836049079895
7119687680.0,-0.6602222919464111
7120625152.0,-0.6797845363616943
7121562624.0,-0.6965288519859314
7122500096.0,-0.7120859026908875
7123437568.0,-0.7251499891281128
7124375040.0,-0.7370069026947021
7125312512.0,-0.7473487854003906
7126249984.0,-0.753883421421051
7127187456.0,-0.7603193521499634
7128124928.0,-0.7637453675270081
7129062400.0,-0.7653889060020447
7129999872.0,-0.7648664712905884
7130937344.0,-0.7624766230583191
7131874816.0,-0.7577046155929565
7132812288.0,-0.7500420808792114
7133749760.0,-0.7399359345436096
7134687744.0,-0.729190468788147
7135625216.0,-0.7159109711647034
7136562688.0,-0.7019263505935669
7137500160.0,-0.6846088767051697
7138437632.0,-0.6666267514228821
7139375104.0,-0.646979033946991
7140312576.0,-0.6271193623542786
7141250048.0,-0.6047399044036865
7142187520.0,-0.5833753943443298
7143124992.0,-0.5615861415863037
7144062464.0,-0.4436800479888916
7144999936.0,-0.4411555230617523
7145937408.0,-0.4377042055130005
7146874880.0,-0.4342118799686432
7147812352.0,-0.43125009536743164
7148749824.0,-0.42718130350112915
7149687296.0,-0.42572513222694397
7150624768.0,-0.42366477847099304
7151562752.0,-0.42119693756103516
7152500224.0,-0.42176249623298645
7153437696.0,-0.42095139622688293
7154375168.0,-0.4225253462791443
7155312640.0,-0.4267364740371704
7156250112.0,-0.4314531981945038
7157187584.0,-0.4377540946006775
7158125056.0,-0.4469173848628998
7159062528.0,-0.4543473422527313
7160000000.0,-0.46277597546577454
7160937472.0,-0.4706142246723175
7161874944.0,-0.47853314876556396
7162812416.0,-0.48692792654037476
7163749888.0,-0.4962051212787628
7164687360.0,-0.5062293410301208
7165624832.0,-0.5155355334281921
7166562304.0,-0.5259678959846497
7167499776.0,-0.5374389886856079
7168437248.0,-0.5476229190826416
7169375232.0,-0.5575259327888489
7170312704.0,-0.5656915903091431
7171250176.0,-0.5721832513809204
7172187648.0,-0.5778040885925293
7173125120.0,-0.5819090008735657
7174062592.0,-0.5835740566253662
7175000064.0,-0.5834395885467529
7175937536.0,-0.5828723311424255
7176875008.0,-0.5808678269386292
7177812480.0,-0.5768876671791077
7178749952.0,-0.5731675028800964
7179687424.0,-0.5675570964813232
7180624896.0,-0.5607776045799255
7181562368.0,-0.551871657371521
7182499840.0,-0.5425318479537964
7183437312.0,-0.5307978391647339
7184374784.0,-0.5185458660125732
7185312256.0,-0.5047628283500671
7186250240.0,-0.4871353805065155
7187187712.0,-0.4690110981464386
7188125184.0,-0.4498942196369171
7189062656.0,-0.4316381514072418
7190000128.0,-0.41123852133750916
7190937600.0,-0.3917846977710724
7191875072.0,-0.37193140387535095
7192812544.0,-0.3517182767391205
7193750016.0,-0.3327130377292633
7194687488.0,-0.31425613164901733
7195624960.0,-0.29663968086242676
7196562432.0,-0.28071969747543335
7197499904.0,-0.2649785876274109
7198437376.0,-0.2514001429080963
7199374848.0,-0.23990857601165771
7200312320.0,-0.23058772087097168
7201249792.0,-0.22418475151062012
7202187264.0,-0.21979908645153046
7203125248.0,-0.21705101430416107
7204062720.0,-0.3315211832523346
7205000192.0,-0.3453998267650604
7205937664.0,-0.3605128824710846
7206875136.0,-0.3795827329158783
7207812608.0,-0.40182802081108093
7208750080.0,-0.4246540367603302
7209687552.0,-0.45156165957450867
7210625024.0,-0.48028242588043213
7211562496.0,-0.5102452635765076
7212499968.0,-0.5434843897819519
7213437440.0,-0.5779457092285156
7214374912.0,-0.6123247146606445
7215312384.0,-0.6464448571205139
7216249856.0,-0.678794801235199
7217187328.0,-0.7105873227119446
7218124800.0,-0.7419876456260681
7219062272.0,-0.7706804871559143
7219999744.0,-0.7982259392738342
7220937728.0,-0.8212392926216125
7221875200.0,-0.8421366214752197
7222812672.0,-0.8588435649871826
7223750144.0,-0.8712473511695862
7224687616.0,-0.8804904222488403
7225625088.0,-0.8844978213310242
7226562560.0,-0.885506272315979
7227500032.0,-0.8802546858787537
7228437504.0,-0.8709187507629395
7229374976.0,-0.858045220375061
7230312448.0,-0.8409507870674133
7231249920.0,-0.8193897008895874
7232187392.0,-0.7954478859901428
7233124864.0,-0.765526294708252
7234062336.0,-0.73506760597229
7234999808.0,-0.6988257765769958
7235937280.0,-0.6626430153846741
7236874752.0,-0.6248354315757751
7237812736.0,-0.5844885110855103
7238750208.0,-0.5442061424255371
7239687680.0,-0.5020731687545776
7240625152.0,-0.45917704701423645
7241562624.0,-0.41619572043418884
7242500096.0,-0.3735686242580414
7243437568.0,-0.33172765374183655
7244375040.0,-0.2903757393360138
7245312512.0,-0.2504308819770813
7246249984.0,-0.21157920360565186
7247187456.0,-0.17384828627109528
7248124928.0,-0.1386973261833191
7249062400.0,-0.10566774755716324
7249999872.0,-0.07522081583738327
7250937344.0,-0.04860329627990723
7251874816.0,-0.02568690851330757
7252812288.0,-0.004065530840307474
7253749760.0,0.012192456983029842
7254687744.0,0.024268915876746178
7255625216.0,0.03312143683433533
7256562688.0,0.03710628300905228
7257500160.0,0.0375831201672554
7258437632.0,0.034847769886255264
7259375104.0,0.026669083163142204
7260312576.0,0.014842836186289787
7261250048.0,-0.0023871376179158688
7262187520.0,-0.022024916484951973
7263124992.0,-0.04724043607711792
7264062464.0,-0.2987867593765259
7264999936.0,-0.2971276640892029
7265937408.0,-0.29698795080184937
7266874880.0,-0.29950758814811707
7267812352.0,-0.3052998483181
7268749824.0,-0.3127896189689636
7269687296.0,-0.3227947950363159
7270624768.0,-0.3346737027168274
7271562752.0,-0.3479878306388855
7272500224.0,-0.36351776123046875
7273437696.0,-0.37912672758102417
7274375168.0,-0.3957531154155731
7275312640.0,-0.4128846526145935
7276250112.0,-0.4306944012641907
7277187584.0,-0.4489952325820923
7278125056.0,-0.4644368588924408
7279062528.0,-0.47957587242126465
7280000000.0,-0.49343618750572205
7280937472.0,-0.50555020570755
7281874944.0,-0.5173014998435974
7282812416.0,-0.5252331495285034
7283749888.0,-0.5325669646263123
7284687360.0,-0.5369135737419128
7285624832.0,-0.5408722758293152
7286562304.0,-0.5415827631950378
7287499776.0,-0.5412735342979431
7288437248.0,-0.5399990677833557
7289375232.0,-0.5370948910713196
7290312704.0,-0.5308129191398621
7291250176.0,-0.5224844217300415
7292187648.0,-0.5125806331634521
7293125120.0,-0.5013102889060974
7294062592.0,-0.4869541823863983
7295000064.0,-0.4720478951931
7295937536.0,-0.4553980529308319
7296875008.0,-0.43776965141296387
7297812480.0,-0.42048537731170654
7298749952.0,-0.3999248147010803
7299687424.0,-0.3827362358570099
7300624896.0,-0.3636164665222168
7301562368.0,-0.3466078042984009
7302499840.0,-0.3292894959449768
7303437312.0,-0.31149300932884216
7304374784.0,-0.29615798592567444
7305312256.0,-0.28212451934814453
7306250240.0,-0.26877570152282715
7307187712.0,-0.25681689381599426
7308125184.0,-0.2468494176864624
7309062656.0,-0.23815031349658966
7310000128.0,-0.23149187862873077
7310937600.0,-0.22547666728496552
7311875072.0,-0.22060976922512054
7312812544.0,-0.21705052256584167
7313750016.0,-0.2147803008556366
7314687488.0,-0.2137765735387802
7315624960.0,-0.21185514330863953
7316562432.0,-0.21110616624355316
7317499904.0,-0.21023285388946533
7318437376.0,-0.20751535892486572
7319374848.0,-0.2049657255411148
7320312320.0,-0.20097483694553375
7321249792.0,-0.19508479535579681
7322187264.0,-0.18682599067687988
7323125248.0,-0.17714716494083405
7324062720.0,-0.3202953636646271
7325000192.0,-0.2976743280887604
7325937664.0,-0.27267226576805115
7326875136.0,-0.2481096386909485
7327812608.0,-0.2215718924999237
7328750080.0,-0.19292031228542328
7329687552.0,-0.16627486050128937
7330625024.0,-0.1402740627527237
7331562496.0,-0.11544381827116013
7332499968.0,-0.09191986173391342
7333437440.0,-0.07158292829990387
7334374912.0,-0.05569584295153618
7335312384.0,-0.043643973767757416
7336249856.0,-0.037072647362947464
7337187328.0,-0.03574136272072792
7338124800.0,-0.036543503403663635
7339062272.0,-0.04079357162117958
7340000256.0,-0.0496186688542366
7340937728.0,-0.06253530085086823
7341875200.0,-0.0788186714053154
7342812672.0,-0.09977101534605026
7343750144.0,-0.12340860068798065
7344687616.0,-0.14797569811344147
7345625088.0,-0.17495006322860718
7346562560.0,-0.20061832666397095
7347500032.0,-0.22614158689975739
7348437504.0,-0.2500542998313904
7349374976.0,-0.2718619704246521
7350312448.0,-0.2902854382991791
7351249920.0,-0.3049066662788391
7352187392.0,-0.31423625349998474
7353124864.0,-0.3209242522716522
7354062336.0,-0.3217519223690033
7354999808.0,-0.3174559772014618
7355937280.0,-0.30960074067115784
7356874752.0,-0.2948918342590332
7357812736.0,-0.27765217423439026
7358750208.0,-0.2556641399860382
7359687680.0,-0.2302127331495285
7360625152.0,-0.20261649787425995
7361562624.0,-0.17310309410095215
7362500096.0,-0.14194518327713013
7363437568.0,-0.1089753657579422
7364375040.0,-0.0753650963306427
7365312512.0,-0.04282144829630852
7366249984.0,-0.012631838209927082
7367187456.0,0.01480094250291586
7368124928.0,0.039111215621232986
7369062400.0,0.05898318439722061
7369999872.0,0.07514547556638718
7370937344.0,0.08675257116556168
7371874816.0,0.09483439475297928
7372812288.0,0.10069147497415543
7373749760.0,0.10396525263786316
7374687744.0,0.10615997016429901
7375625216.0,0.10712842643260956
7376562688.0,0.10581572353839874
7377500160.0,0.10412436723709106
7378437632.0,0.10251422226428986
7379375104.0,0.09816572815179825
7380312576.0,0.09203588962554932
7381250048.0,0.08654337376356125
7382187520.0,0.07726228982210159
7383124992.0,0.0683816447854042
7384062464.0,-0.23088817298412323
7384999936.0,-0.24826964735984802
7385937408.0,-0.2645333707332611
7386874880.0,-0.2813197374343872
7387812352.0,-0.29638954997062683
7388749824.0,-0.3094457685947418
7389687296.0,-0.3219120502471924
7390624768.0,-0.3319305181503296
7391562752.0,-0.3383306562900543
7392500224.0,-0.3435446321964264
7393437696.0,-0.3439033329486847
7394375168.0,-0.34094300866127014
7395312640.0,-0.3345229923725128
7396250112.0,-0.32394927740097046
7397187584.0,-0.31216946244239807
7398125056.0,-0.2954460382461548
7399062528.0,-0.2754572033882141
7400000000.0,-0.2511969804763794
7400937472.0,-0.22493843734264374
7401874944.0,-0.19546739757061005
7402812416.0,-0.16551785171031952
7403749888.0,-0.13340003788471222
7404687360.0,-0.09809327870607376
7405624832.0,-0.06259100139141083
7406562304.0,-0.026311546564102173
7407499776.0,0.01016282383352518
7408437248.0,0.04606964811682701
7409375232.0,0.08117492496967316
7410312704.0,0.1157325953245163
7411250176.0,0.14838993549346924
7412187648.0,0.17881813645362854
7413125120.0,0.20666533708572388
7414062592.0,0.23248068988323212
7415000064.0,0.25508612394332886
7415937536.0,0.2769647538661957
7416875008.0,0.29408690333366394
7417812480.0,0.30683255195617676
7418749952.0,0.31830233335494995
7419687424.0,0.3243047595024109
7420624896.0,0.32742148637771606
7421562368.0,0.3273572325706482
7422499840.0,0.3229105472564697
7423437312.0,0.31554338335990906
7424374784.0,0.30303502082824707
7425312256.0,0.2891344428062439
7426250240.0,0.27200746536254883
7427187712.0,0.25113645195961
7428125184.0,0.22802841663360596
7429062656.0,0.20226089656352997
7430000128.0,0.17392288148403168
7430937600.0,0.145601287484169
7431875072.0,0.11513861268758774
7432812544.0,0.08350708335638046
7433750016.0,0.050840817391872406
7434687488.0,0.01844133250415325
7435624960.0,-0.013218001462519169
7436562432.0,-0.04485195130109787
7437499904.0,-0.07680948078632355
7438437376.0,-0.10630141198635101
7439374848.0,-0.13636842370033264
7440312320.0,-0.16494585573673248
7441249792.0,-0.19269567728042603
7442187264.0,-0.21846608817577362
7443125248.0,-0.24199993908405304
7444062720.0,0.018326662480831146
7445000192.0,0.0019057118333876133
7445937664.0,-0.014381924644112587
7446875136.0,-0.03102107159793377
7447812608.0,-0.04840696603059769
7448750080.0,-0.06472069025039673
7449687552.0,-0.08048421889543533
7450625024.0,-0.09547213464975357
7451562496.0,-0.10941622406244278
7452499968.0,-0.11931321024894714
7453437440.0,-0.12951254844665527
7454374912.0,-0.13699227571487427
7455312384.0,-0.14315396547317505
7456249856.0,-0.14615634083747864
7457187328.0,-0.14662477374076843
7458124800.0,-0.14482209086418152
7459062272.0,-0.14205260574817657
7459999744.0,-0.13564810156822205
7460937728.0,-0.1297527253627777
7461875200.0,-0.12120656669139862
7462812672.0,-0.11133334785699844
7463750144.0,-0.10081362724304199
7464687616.0,-0.09070491045713425
7465625088.0,-0.08094727993011475
7466562560.0,-0.07274052500724792
7467500032.0,-0.0635535717010498
7468437504.0,-0.056747812777757645
7469374976.0,-0.04946406930685043
7470312448.0,-0.04362534359097481
7471249920.0,-0.03822256997227669
7472187392.0,-0.03350984677672386
7473124864.0,-0.029622994363307953
7474062336.0,-0.028414350003004074
7474999808.0,-0.02900691144168377
7475937280.0,-0.030558869242668152
7476874752.0,-0.03490648791193962
7477812736.0,-0.040339719504117966
7478750208.0,-0.04618405923247337
7479687680.0,-0.05526687949895859
7480625152.0,-0.06430937349796295
7481562624.0,-0.07450322806835175
7482500096.0,-0.08528893440961838
7483437568.0,-0.09759215265512466
7484375040.0,-0.10829168558120728
7485312512.0,-0.12004445493221283
7486249984.0,-0.13226209580898285
7487187456.0,-0.1435384899377823
7488124928.0,-0.1537841409444809
7489062400.0,-0.1629006266593933
7489999872.0,-0.17198079824447632
7490937344.0,-0.1786164939403534
7491874816.0,-0.18288554251194
7492812288.0,-0.18488426506519318
7493749760.0,-0.18569736182689667
7494687744.0,-0.18465426564216614
7495625216.0,-0.18197205662727356
7496562688.0,-0.1779678761959076
7497500160.0,-0.17234355211257935
7498437632.0,-0.1627042442560196
7499375104.0,-0.15416646003723145
7500312576.0,-0.14376680552959442
7501250048.0,-0.13373969495296478
7502187520.0,-0.12350604683160782
7503124992.0,-0.1139853373169899
7504062464.0,-0.07584476470947266
7504999936.0,-0.05186692997813225
7505937408.0,-0.030007576569914818
7506874880.0,-0.012591123580932617
7507812352.0,0.0017272770637646317
7508749824.0,0.011713485233485699
7509687296.0,0.019608573988080025
7510624768.0,0.02094193734228611
7511562752.0,0.019644752144813538
7512500224.0,0.014676268212497234
7513437696.0,0.00525231659412384
7514375168.0,-0.005049009807407856
7515312640.0,-0.01931740902364254
7516250112.0,-0.03520996496081352
7517187584.0,-0.05126360058784485
7518125056.0,-0.06618807464838028
7519062528.0,-0.08254274725914001
7520000000.0,-0.09898819029331207
7520937472.0,-0.11314727365970612
7521874944.0,-0.12723752856254578
7522812416.0,-0.1382867842912674
7523749888.0,-0.1479509174823761
7524687360.0,-0.15519286692142487
7525624832.0,-0.15919826924800873
7526562304.0,-0.15986788272857666
7527499776.0,-0.15775153040885925
7528437248.0,-0.15405546128749847
7529375232.0,-0.14730262756347656
7530312704.0,-0.1378525048494339
7531250176.0,-0.12690095603466034
7532187648.0,-0.11385833472013474
7533125120.0,-0.10049458593130112
7534062592.0,-0.08636177331209183
7535000064.0,-0.07226847857236862
7535937536.0,-0.05849437788128853
7536875008.0,-0.04688700661063194
7537812480.0,-0.0360591895878315
7538749952.0,-0.02741609700024128
7539687424.0,-0.022860249504446983
7540624896.0,-0.019790470600128174
7541562368.0,-0.021889016032218933
7542499840.0,-0.026794906705617905
7543437312.0,-0.035381659865379333
7544374784.0,-0.050178710371255875
7545312256.0,-0.06723953038454056
7546250240.0,-0.08884318172931671
7547187712.0,-0.11340787261724472
7548125184.0,-0.1406417191028595
7549062656.0,-0.16951312124729156
7550000128.0,-0.20022454857826233
7550937600.0,-0.23152779042720795
7551875072.0,-0.26025906205177307
7552812544.0,-0.2878916561603546
7553750016.0,-0.3130073845386505
7554687488.0,-0.33613258600234985
7555624960.0,-0.35473310947418213
7556562432.0,-0.3720860183238983
7557499904.0,-0.3871292471885681
7558437376.0,-0.4011981785297394
7559374848.0,-0.4124310612678528
7560312320.0,-0.42489200830459595
7561249792.0,-0.4352802336215973
7562187264.0,-0.44641491770744324
7563125248.0,-0.4580475986003876
7564062720.0,-0.4308282434940338
7565000192.0,-0.4146791696548462
7565937664.0,-0.39656415581703186
7566875136.0,-0.3767109811306
7567812608.0,-0.3537620007991791
7568750080.0,-0.32867366075515747
7569687552.0,-0.3024185001850128
7570625024.0,-0.2759687900543213
7571562496.0,-0.24797607958316803
7572499968.0,-0.21919123828411102
7573437440.0,-0.19121943414211273
7574374912.0,-0.16119082272052765
7575312384.0,-0.13491612672805786
7576249856.0,-0.10838685184717178
7577187328.0,-0.08146638423204422
7578124800.0,-0.05740588903427124
7579062272.0,-0.0340878888964653
7580000256.0,-0.01190861128270626
7580937728.0,0.007943094708025455
7581875200.0,0.024748217314481735
7582812672.0,0.04062680900096893
7583750144.0,0.05447607487440109
7584687616.0,0.06424225866794586
7585625088.0,0.07382871210575104
7586562560.0,0.07908765226602554
7587500032.0,0.08195099979639053
7588437504.0,0.08277399092912674
7589374976.0,0.08043882250785828
7590312448.0,0.07696578651666641
7591249920.0,0.06980197131633759
7592187392.0,0.06114114075899124
7593124864.0,0.05290389060974121
7594062336.0,0.04215031862258911
7594999808.0,0.02941833809018135
7595937280.0,0.01512505766004324
7596874752.0,-0.00046036133426241577
7597812736.0,-0.017452390864491463
7598750208.0,-0.03506152331829071
7599687680.0,-0.05360923707485199
7600625152.0,-0.07388916611671448
7601562624.0,-0.09265903383493423
7602500096.0,-0.11161056905984879
7603437568.0,-0.13020269572734833
7604375040.0,-0.1479726880788803
7605312512.0,-0.16637156903743744
7606249984.0,-0.18231907486915588
7607187456.0,-0.1980641782283783
7608124928.0,-0.21057526767253876
7609062400.0,-0.2247738540172577
7609999872.0,-0.23713064193725586
7610937344.0,-0.24726399779319763
7611874816.0,-0.2575044631958008
7612812288.0,-0.2663519084453583
7613749760.0,-0.2728744149208069
7614687744.0,-0.2790575325489044
7615625216.0,-0.2826308310031891
7616562688.0,-0.2852340638637543
7617500160.0,-0.28826266527175903
7618437632.0,-0.2910568416118622
7619375104.0,-0.29499343037605286
7620312576.0,-0.299317866563797
7621250048.0,-0.3029908239841461
7622187520.0,-0.3055862784385681
7623124992.0,-0.30846744775772095
7624062464.0,-0.3055937886238098
7624999936.0,-0.3099193274974823
7625937408.0,-0.3124938905239105
7626874880.0,-0.3131769895553589
7627812352.0,-0.3129211366176605
7628749824.0,-0.31004229187965393
7629687296.0,-0.3047451078891754
7630624768.0,-0.29778075218200684
7631562752.0,-0.28989940881729126
7632500224.0,-0.2793911397457123
7633437696.0,-0.26892033219337463
7634375168.0,-0.2577582895755768
7635312640.0,-0.24475421011447906
7636250112.0,-0.23163965344429016
7637187584.0,-0.2187882661819458
7638125056.0,-0.20520292222499847
7639062528.0,-0.19167518615722656
7640000000.0,-0.1784994900226593
7640937472.0,-0.16676272451877594
7641874944.0,-0.15535467863082886
7642812416.0,-0.14410775899887085
7643749888.0,-0.1361556500196457
7644687360.0,-0.13068871200084686
7645624832.0,-0.12547948956489563
7646562304.0,-0.12328753620386124
7647499776.0,-0.12267803400754929
7648437248.0,-0.12227950990200043
7649375232.0,-0.12249965220689774
7650312704.0,-0.1260184347629547
7651250176.0,-0.12879575788974762
7652187648.0,-0.13335920870304108
7653125120.0,-0.13921642303466797
7654062592.0,-0.1449347734451294
7655000064.0,-0.15249018371105194
7655937536.0,-0.15932346880435944
7656875008.0,-0.16790083050727844
7657812480.0,-0.1762038767337799
7658749952.0,-0.18444719910621643
7659687424.0,-0.1922069787979126
7660624896.0,-0.20062227547168732
7661562368.0,-0.2093266099691391
7662499840.0,-0.21685199439525604
7663437312.0,-0.22380203008651733
7664374784.0,-0.2300269603729248
7665312256.0,-0.23661138117313385
7666250240.0,-0.24213828146457672
7667187712.0,-0.2473197728395462
7668125184.0,-0.2502281367778778
7669062656.0,-0.25249266624450684
7670000128.0,-0.2517470717430115
7670937600.0,-0.25150957703590393
7671875072.0,-0.24910806119441986
7672812544.0,-0.24608774483203888
7673750016.0,-0.24273845553398132
7674687488.0,-0.2372947633266449
7675624960.0,-0.23197174072265625
7676562432.0,-0.22457821667194366
7677499904.0,-0.21823298931121826
7678437376.0,-0.20893044769763947
7679374848.0,-0.20061147212982178
7680312320.0,-0.1925676465034485
7681249792.0,-0.18360573053359985
7682187264.0,-0.17441590130329132
7683125248.0,-0.16505438089370728
7684062720.0,0.07474295794963837
7685000192.0,0.08731457591056824
7685937664.0,0.09575594961643219
7686875136.0,0.10218100994825363
7687812608.0,0.10611637681722641
7688750080.0,0.1085900142788887
7689687552.0,0.10764458775520325
7690625024.0,0.10491228103637695
7691562496.0,0.09925675392150879
7692499968.0,0.09113552421331406
7693437440.0,0.08039652556180954
7694374912.0,0.06735841184854507
7695312384.0,0.05213070660829544
7696249856.0,0.033579010516405106
7697187328.0,0.014236885122954845
7698124800.0,-0.006936614401638508
7699062272.0,-0.02922017127275467
7699999744.0,-0.05360504612326622
7700937728.0,-0.07712247222661972
7701875200.0,-0.10013547539710999
7702812672.0,-0.12473004311323166
7703750144.0,-0.14722862839698792
7704687616.0,-0.17096646130084991
7705625088.0,-0.1919529139995575
7706562560.0,-0.2128078043460846
7707500032.0,-0.23181095719337463
7708437504.0,-0.24811716377735138
7709374976.0,-0.26543042063713074
7710312448.0,-0.2783522605895996
7711249920.0,-0.289665549993515
7712187392.0,-0.3002857565879822
7713124864.0,-0.3079196810722351
7714062336.0,-0.3149164617061615
7714999808.0,-0.3197023570537567
7715937280.0,-0.3219674229621887
7716874752.0,-0.32280921936035156
7717812736.0,-0.32269084453582764
7718750208.0,-0.3200390636920929
7719687680.0,-0.3169565200805664
7720625152.0,-0.31164947152137756
7721562624.0,-0.3041204810142517
7722500096.0,-0.29712074995040894
7723437568.0,-0.28853705525398254
7724375040.0,-0.281128853559494
7725312512.0,-0.27292242646217346
7726249984.0,-0.26309043169021606
7727187456.0,-0.25442084670066833
7728124928.0,-0.24728208780288696
7729062400.0,-0.2402012199163437
7729999872.0,-0.23331281542778015
7730937344.0,-0.2266058474779129
7731874816.0,-0.22015763819217682
7732812288.0,-0.21499982476234436
7733749760.0,-0.21041259169578552
7734687744.0,-0.2069019079208374
7735625216.0,-0.2045128345489502
7736562688.0,-0.2017909586429596
7737500160.0,-0.20076993107795715
7738437632.0,-0.20034755766391754
7739375104.0,-0.2026316225528717
7740312576.0,-0.20385734736919403
7741250048.0,-0.20669887959957123
7742187520.0,-0.21083593368530273
7743124992.0,-0.21650832891464233
7744062464.0,-0.16915684938430786
7744999936.0,-0.1346360743045807
7745937408.0,-0.09549710154533386
7746874880.0,-0.055540166795253754
7747812352.0,-0.01680021919310093
7748749824.0,0.019986964762210846
7749687296.0,0.054699208587408066
7750624768.0,0.08551885932683945
7751562752.0,0.1164981871843338
7752500224.0,0.14205509424209595
7753437696.0,0.16509321331977844
7754375168.0,0.18495894968509674
7755312640.0,0.19974617660045624
7756250112.0,0.21170304715633392
7757187584.0,0.22038348019123077
7758125056.0,0.22595949470996857
7759062528.0,0.22846752405166626
7760000000.0,0.22706338763237
7760937472.0,0.22205029428005219
7761874944.0,0.21547889709472656
7762812416.0,0.20597679913043976
7763749888.0,0.19342893362045288
7764687360.0,0.17792661488056183
7765624832.0,0.1639220267534256
7766562304.0,0.14552442729473114
7767499776.0,0.12654991447925568
7768437248.0,0.10610681027173996
7769375232.0,0.08555231988430023
7770312704.0,0.0632404163479805
7771250176.0,0.04164405167102814
7772187648.0,0.020196078345179558
7773125120.0,-0.00048319189227186143
7774062592.0,-0.020985102280974388
7775000064.0,-0.04128725826740265
7775937536.0,-0.060345087200403214
7776875008.0,-0.07995356619358063
7777812480.0,-0.09902478009462357
7778749952.0,-0.11551361531019211
7779687424.0,-0.1306840479373932
7780624896.0,-0.14755743741989136
7781562368.0,-0.1621336191892624
7782499840.0,-0.1751115918159485
7783437312.0,-0.18720917403697968
7784374784.0,-0.19982312619686127
7785312256.0,-0.2094922512769699
7786250240.0,-0.2203700989484787
7787187712.0,-0.22851380705833435
7788125184.0,-0.23645131289958954
7789062656.0,-0.2437344789505005
7790000128.0,-0.250247597694397
7790937600.0,-0.2571375370025635
7791875072.0,-0.26211249828338623
7792812544.0,-0.26779964566230774
7793750016.0,-0.2717323303222656
7794687488.0,-0.2752297818660736
7795624960.0,-0.27853071689605713
7796562432.0,-0.2824810743331909
7797499904.0,-0.2878499925136566
7798437376.0,-0.2919825613498688
7799374848.0,-0.29492104053497314
7800312320.0,-0.29606568813323975
7801249792.0,-0.2959219813346863
7802187264.0,-0.2944251000881195
7803125248.0,-0.2915070950984955
7804062720.0,-0.2698352038860321
7805000192.0,-0.2607424855232239
7805937664.0,-0.2490285038948059
7806875136.0,-0.2369234710931778
7807812608.0,-0.22395235300064087
7808750080.0,-0.20960818231105804
7809687552.0,-0.1952715367078781
7810625024.0,-0.18045876920223236
7811562496.0,-0.1651756316423416
7812499968.0,-0.14964088797569275
7813437440.0,-0.13281923532485962
7814374912.0,-0.11730513721704483
7815312384.0,-0.10096188634634018
7816249856.0,-0.0844847559928894
7817187328.0,-0.06792570650577545
7818124800.0,-0.05221274122595787
7819062272.0,-0.03567715734243393
7820000256.0,-0.02051810920238495
7820937728.0,-0.006220206618309021
7821875200.0,0.0081712007522583
7822812672.0,0.0165858194231987
7823750144.0,0.02623513713479042
7824687616.0,0.03499004989862442
7825625088.0,0.04328395053744316
7826562560.0,0.04918450862169266
7827500032.0,0.0558684840798378
7828437504.0,0.061380527913570404
7829374976.0,0.06522994488477707
7830312448.0,0.06952948123216629
7831249920.0,0.07306292653083801
7832187392.0,0.0762321799993515
7833124864.0,0.07767390459775925
7834062336.0,0.08057313412427902
7834999808.0,0.08148521184921265
7835937280.0,0.08216214925050735
7836874752.0,0.08436933159828186
7837812736.0,0.08370525389909744
7838750208.0,0.08442217111587524
7839687680.0,0.08442862331867218
7840625152.0,0.0835186019539833
7841562624.0,0.08286081254482269
7842500096.0,0.08229270577430725
7843437568.0,0.08105933666229248
7844375040.0,0.0797419473528862
7845312512.0,0.07804018259048462
7846249984.0,0.07617929577827454
7847187456.0,0.0735190287232399
7848124928.0,0.06820419430732727
7849062400.0,0.06315524131059647
7849999872.0,0.057658303529024124
7850937344.0,0.0521966777741909
7851874816.0,0.04537884518504143
7852812288.0,0.03988601639866829
7853749760.0,0.032663483172655106
7854687744.0,0.025144584476947784
7855625216.0,0.016729628667235374
7856562688.0,0.007758429739624262
7857500160.0,-0.0007231825729832053
7858437632.0,-0.009449065662920475
7859375104.0,-0.02093433402478695
7860312576.0,-0.03173188120126724
7861250048.0,-0.041886162012815475
7862187520.0,-0.05195067450404167
7863124992.0,-0.06302274018526077
7864062464.0,0.03975781425833702
7864999936.0,0.03103414736688137
7865937408.0,0.022033466026186943
7866874880.0,0.01441387739032507
7867812352.0,0.007183942943811417
7868749824.0,0.0015619361074641347
7869687296.0,-0.0047027417458593845
7870624768.0,-0.008677544072270393
7871562752.0,-0.013202134519815445
7872500224.0,-0.016061294823884964
7873437696.0,-0.02344110608100891
7874375168.0,-0.028655417263507843
7875312640.0,-0.03659747168421745
7876250112.0,-0.04351550713181496
7877187584.0,-0.05121787264943123
7878125056.0,-0.059751998633146286
7879062528.0,-0.06903820484876633
7880000000.0,-0.08094145357608795
7880937472.0,-0.09140744805335999
7881874944.0,-0.1038292944431305
7882812416.0,-0.1167149618268013
7883749888.0,-0.13197053968906403
7884687360.0,-0.1487816721200943
7885624832.0,-0.16636289656162262
7886562304.0,-0.18709683418273926
7887499776.0,-0.20669321715831757
7888437248.0,-0.22988823056221008
7889375232.0,-0.25215429067611694
7890312704.0,-0.2770598828792572
7891250176.0,-0.30102863907814026
7892187648.0,-0.32564717531204224
7893125120.0,-0.3495503067970276
7894062592.0,-0.3742271065711975
7895000064.0,-0.3984077572822571
7895937536.0,-0.42104431986808777
7896875008.0,-0.4424017071723938
7897812480.0,-0.4621473252773285
7898749952.0,-0.477573961019516
7899687424.0,-0.49147528409957886
7900624896.0,-0.503286600112915
7901562368.0,-0.5119189620018005
7902499840.0,-0.5180990099906921
7903437312.0,-0.5209065675735474
7904374784.0,-0.5214817523956299
7905312256.0,-0.5177785754203796
7906250240.0,-0.5113318562507629
7907187712.0,-0.5028356909751892
7908125184.0,-0.4911479353904724
7909062656.0,-0.4759592115879059
7910000128.0,-0.45888790488243103
7910937600.0,-0.4383334219455719
7911875072.0,-0.41717296838760376
7912812544.0,-0.39317551255226135
7913750016.0,-0.36712023615837097
7914687488.0,-0.33989861607551575
7915624960.0,-0.31133952736854553
7916562432.0,-0.28165704011917114
7917499904.0,-0.24967023730278015
7918437376.0,-0.22065865993499756
7919374848.0,-0.18901020288467407
7920312320.0,-0.1583990603685379
7921249792.0,-0.1278347671031952
7922187264.0,-0.09754128754138947
7923125248.0,-0.07001332938671112
7924062720.0,0.0664680004119873
7925000192.0,0.08564872294664383
7925937664.0,0.10416999459266663
7926875136.0,0.11960484832525253
7927812608.0,0.13360436260700226
7928750080.0,0.14375442266464233
7929687552.0,0.15226922929286957
7930625024.0,0.15874247252941132
7931562496.0,0.16221120953559875
7932499968.0,0.1623115837574005
7933437440.0,0.16067148745059967
7934374912.0,0.15700097382068634
7935312384.0,0.1509818732738495
7936249856.0,0.14355629682540894
7937187328.0,0.1350562572479248
7938124800.0,0.12401740252971649
7939062272.0,0.11197125911712646
7939999744.0,0.0971745029091835
7940937728.0,0.08094065636396408
7941875200.0,0.0646623969078064
7942812672.0,0.0463569238781929
7943750144.0,0.027635637670755386
7944687616.0,0.008763832040131092
7945625088.0,-0.012448360212147236
7946562560.0,-0.0354185588657856
7947500032.0,-0.057038627564907074
7948437504.0,-0.07959424704313278
7949374976.0,-0.10206785798072815
7950312448.0,-0.12275057286024094
7951249920.0,-0.14515545964241028
7952187392.0,-0.16524849832057953
7953124864.0,-0.18703565001487732
7954062336.0,-0.209361270070076
7954999808.0,-0.23077638447284698
7955937280.0,-0.2523786723613739
7956874752.0,-0.2747035622596741
7957812736.0,-0.2953304052352905
7958750208.0,-0.3161960244178772
7959687680.0,-0.33668744564056396
7960625152.0,-0.35693275928497314
7961562624.0,-0.3751220405101776
7962500096.0,-0.39305245876312256
7963437568.0,-0.4110921621322632
7964375040.0,-0.42695873975753784
7965312512.0,-0.44214197993278503
7966249984.0,-0.45713651180267334
7967187456.0,-0.46964362263679504
7968124928.0,-0.4824824035167694
7969062400.0,-0.4910619258880615
7969999872.0,-0.49917304515838623
7970937344.0,-0.5063221454620361
7971874816.0,-0.5117103457450867
7972812288.0,-0.5149353742599487
7973749760.0,-0.5158625841140747
7974687744.0,-0.5161694288253784
7975625216.0,-0.5129671096801758
7976562688.0,-0.5091067552566528
7977500160.0,-0.5033633708953857
7978437632.0,-0.49511855840682983
7979375104.0,-0.4843716323375702
7980312576.0,-0.4720242917537689
7981250048.0,-0.45620787143707275
7982187520.0,-0.4392775893211365
7983124992.0,-0.4210929274559021
7984062464.0,-0.3966923952102661
7984999936.0,-0.38222798705101013
7985937408.0,-0.36629313230514526
7986874880.0,-0.3492298126220703
7987812352.0,-0.33205103874206543
7988749824.0,-0.31347379088401794
7989687296.0,-0.2944856584072113
7990624768.0,-0.27489298582077026
7991562752.0,-0.25554126501083374
7992500224.0,-0.23448306322097778
7993437696.0,-0.21453456580638885
7994375168.0,-0.1957063227891922
7995312640.0,-0.17555519938468933
7996250112.0,-0.15639813244342804
7997187584.0,-0.13748495280742645
7998125056.0,-0.11951373517513275
7999062528.0,-0.1013796478509903
8000000000.0,-0.08371348679065704
